2.6295433,-4.3800626,-0.60926366,0.29168329,-0.77083647,-0.5663321,0
-0.71239614,4.2801709,1.7084966,-0.29168329,0.77083647,0.5663321,0
1.3576331,-4.883986,-0.83837771,0.29168329,-0.77083647,-0.5663321,0
0.19048524,-0.62761521,2.7793491,0.12931585,-0.55486387,0.82182944,0
-0.35184169,2.8901744,-1.1933701,-0.12931585,0.55486387,-0.82182944,0
0.93434137,0.96533078,0.17777121,0.94773334,0.31294966,0.062163204,0
1.6040707,-3.0684948,-2.6960411,0.29168329,-0.77083647,-0.5663321,0
0.09752357,1.8899177,4.1499057,0.12931585,-0.55486387,0.82182944,0
-1.6871592,1.5348523,2.130127,-0.94773334,-0.31294966,-0.062163204,0
0.93178916,-3.1860058,0.90370011,0.12931585,-0.55486387,0.82182944,0
0.072301626,-0.27403736,2.9745293,0.12931585,-0.55486387,0.82182944,0
2.0057073,-4.430315,-0.77241063,0.29168329,-0.77083647,-0.5663321,0
-1.2334563,-0.2827343,2.8228369,0.12931585,-0.55486387,0.82182944,0
-0.92380738,0.061444759,-1.2945101,-0.94773334,-0.31294966,-0.062163204,0
1.0012598,1.0849674,-1.4448478,0.94773334,0.31294966,0.062163204,0
-0.180861,-0.49936247,-3.2222054,-0.12931585,0.55486387,-0.82182944,0
-0.34863591,3.4827826,0.87438917,0.94773334,0.31294966,0.062163204,0
0.027317524,2.7603912,-1.1425012,0.94773334,0.31294966,0.062163204,0
-0.10741639,-2.6609259,-0.64649343,-0.94773334,-0.31294966,-0.062163204,0
0.37215066,-2.1892178,1.5864587,0.12931585,-0.55486387,0.82182944,0
2.1626735,-2.5598307,-3.6978106,0.29168329,-0.77083647,-0.5663321,0
-2.1610026,2.7203646,-0.049309969,-0.94773334,-0.31294966,-0.062163204,0
-0.71771622,0.26149726,3.3955357,0.12931585,-0.55486387,0.82182944,0
-2.4414704,3.7253733,1.5583584,-0.29168329,0.77083647,0.5663321,0
1.0577569,-4.4959545,0.064475536,0.12931585,-0.55486387,0.82182944,0
-0.19192502,2.5363264,4.0926342,-0.29168329,0.77083647,0.5663321,0
-1.4125938,1.8823328,4.61868,0.12931585,-0.55486387,0.82182944,0
-0.28006124,0.41553301,3.2047353,0.12931585,-0.55486387,0.82182944,0
-1.8134239,3.6105785,2.0475271,-0.29168329,0.77083647,0.5663321,0
0.41108251,-3.9763668,-1.3347869,-0.94773334,-0.31294966,-0.062163204,0
-0.67737174,4.5607753,1.4759235,-0.29168329,0.77083647,0.5663321,0
-0.34832489,-0.27205825,-3.1330686,-0.12931585,0.55486387,-0.82182944,0
-0.84055394,2.7686696,3.5421569,-0.29168329,0.77083647,0.5663321,0
0.1207149,3.0584998,1.0335474,0.94773334,0.31294966,0.062163204,0
1.2094352,-4.9110837,-0.88979816,0.29168329,-0.77083647,-0.5663321,0
-0.76129407,1.5248995,4.2819715,0.12931585,-0.55486387,0.82182944,0
2.0566669,-3.0996027,-0.76170707,0.94773334,0.31294966,0.062163204,0
0.96184146,-0.28226733,2.6013904,0.12931585,-0.55486387,0.82182944,0
1.3292859,-2.1333439,1.2758718,0.12931585,-0.55486387,0.82182944,0
0.6061734,-0.50313663,2.8339548,0.12931585,-0.55486387,0.82182944,0
-0.97067809,4.1363916,2.135884,-0.29168329,0.77083647,0.5663321,0
-0.23972309,-0.78739178,-3.5371332,-0.12931585,0.55486387,-0.82182944,0
0.70629263,-4.0161028,-2.3740792,0.29168329,-0.77083647,-0.5663321,0
1.4160743,-1.731896,1.3440626,0.94773334,0.31294966,0.062163204,0
1.5837622,-4.9204197,-0.73177099,0.29168329,-0.77083647,-0.5663321,0
-1.3768418,0.70814741,2.3109813,-0.94773334,-0.31294966,-0.062163204,0
0.97822124,-2.7761745,-3.4545403,0.29168329,-0.77083647,-0.5663321,0
2.1464581,-4.5948453,-0.68295646,0.29168329,-0.77083647,-0.5663321,0
-0.62900794,-0.54242647,-1.1521742,-0.94773334,-0.31294966,-0.062163204,0
-0.0039422512,-3.5063295,0.33446169,-0.94773334,-0.31294966,-0.062163204,0
1.1233914,-0.63357949,2.0954409,0.94773334,0.31294966,0.062163204,0
-0.81748939,-0.96585882,2.6690621,0.12931585,-0.55486387,0.82182944,0
0.25828034,1.634038,3.7594635,0.94773334,0.31294966,0.062163204,0
-1.7382882,2.11129,3.8599319,-0.29168329,0.77083647,0.5663321,0
-0.65474999,3.6995373,2.8177078,-0.29168329,0.77083647,0.5663321,0
-2.0273581,3.3968782,2.1960182,-0.29168329,0.77083647,0.5663321,0
-0.73563743,0.026855707,-2.9252775,-0.94773334,-0.31294966,-0.062163204,0
-1.9503529,2.2309632,3.9073052,-0.29168329,0.77083647,0.5663321,0
0.16463685,2.3819733,-1.2918086,0.94773334,0.31294966,0.062163204,0
1.8263407,-3.4033215,0.25505137,0.12931585,-0.55486387,0.82182944,0
-0.71933448,3.1244807,3.4407167,-0.29168329,0.77083647,0.5663321,0
-0.3283093,-0.3308605,2.9461651,0.12931585,-0.55486387,0.82182944,0
-1.6082541,1.7074276,4.5836859,0.12931585,-0.55486387,0.82182944,0
1.6188915,-2.2570353,0.9629727,0.94773334,0.31294966,0.062163204,0
-1.2136598,3.742775,2.5720043,-0.29168329,0.77083647,0.5663321,0
1.2766938,-2.8000331,1.1600921,0.12931585,-0.55486387,0.82182944,0
-0.19964361,-1.8496195,1.8782172,0.12931585,-0.55486387,0.82182944,0
-1.6709104,3.0120912,2.6346884,-0.29168329,0.77083647,0.5663321,0
0.82651931,-1.4028611,-4.3172894,-0.12931585,0.55486387,-0.82182944,0
1.1190009,-2.5832787,-3.5990672,0.29168329,-0.77083647,-0.5663321,0
1.6529971,-1.6156157,-3.2291307,0.94773334,0.31294966,0.062163204,0
0.5289191,-3.7155559,-2.9330008,0.29168329,-0.77083647,-0.5663321,0
0.9128871,-1.1144743,2.0809722,0.12931585,-0.55486387,0.82182944,0
-1.7247909,1.832615,-1.5693123,-0.94773334,-0.31294966,-0.062163204,0
2.0473087,-3.7076733,-9.8705292e-05,0.12931585,-0.55486387,0.82182944,0
-0.71595335,4.2599778,-0.2431829,-0.12931585,0.55486387,-0.82182944,0
-0.48493421,-0.27513516,-3.2308178,-0.12931585,0.55486387,-0.82182944,0
-1.5034916,4.5085406,1.302036,-0.29168329,0.77083647,0.5663321,0
-1.7948321,1.1198552,3.5846992,-0.94773334,-0.31294966,-0.062163204,0
0.20545959,2.3496668,2.3241098,0.94773334,0.31294966,0.062163204,0
-1.2649267,0.67299652,2.9670732,-0.94773334,-0.31294966,-0.062163204,0
-1.4610188,2.4372163,-1.1763853,-0.12931585,0.55486387,-0.82182944,0
-1.0375242,2.8221676,3.8658025,-0.29168329,0.77083647,0.5663321,0
-0.046172261,-2.1434226,-4.2441874,-0.12931585,0.55486387,-0.82182944,0
1.0882351,-3.25651,0.61537492,0.12931585,-0.55486387,0.82182944,0
-1.3044314,1.211645,0.26882422,-0.94773334,-0.31294966,-0.062163204,0
0.56034803,-1.4004261,2.0268455,0.12931585,-0.55486387,0.82182944,0
-1.0898407,4.0200639,2.0539556,-0.29168329,0.77083647,0.5663321,0
1.5849733,-4.7269878,-0.65634108,0.29168329,-0.77083647,-0.5663321,0
-2.3496029,3.8053875,0.89226413,-0.94773334,-0.31294966,-0.062163204,0
-1.337996,3.7772892,2.1728029,-0.29168329,0.77083647,0.5663321,0
-1.9841508,1.9535296,2.9021807,-0.94773334,-0.31294966,-0.062163204,0
1.4871231,-2.7445803,-3.595592,0.29168329,-0.77083647,-0.5663321,0
1.6718855,-2.864779,-3.2627163,0.29168329,-0.77083647,-0.5663321,0
0.97188711,-3.1491184,0.54499567,0.12931585,-0.55486387,0.82182944,0
1.8039951,-2.7419069,0.94284713,0.94773334,0.31294966,0.062163204,0
-0.44644868,2.3389161,4.5451145,0.12931585,-0.55486387,0.82182944,0
-1.4404392,4.8355212,0.80370045,-0.29168329,0.77083647,0.5663321,0
-1.0066109,0.43973982,-2.0941031,-0.94773334,-0.31294966,-0.062163204,0
-2.117918,2.8942821,3.2230415,-0.29168329,0.77083647,0.5663321,0
-1.8797146,1.7804556,3.7840564,-0.94773334,-0.31294966,-0.062163204,0
0.95545232,-3.8060694,-2.0826943,0.29168329,-0.77083647,-0.5663321,0
-1.2571547,2.4308424,-0.96924782,-0.12931585,0.55486387,-0.82182944,0
-0.65783358,-0.74399179,2.7831926,0.12931585,-0.55486387,0.82182944,0
-1.0524427,3.2286947,3.1607232,-0.29168329,0.77083647,0.5663321,0
-1.7908738,1.8291343,2.3750021,-0.94773334,-0.31294966,-0.062163204,0
0.66924918,1.2323365,2.3314965,0.94773334,0.31294966,0.062163204,0
1.0213293,-3.2910476,-3.1200571,0.29168329,-0.77083647,-0.5663321,0
0.8004514,-1.2132242,-4.1919017,-0.12931585,0.55486387,-0.82182944,0
-1.6716131,1.8630019,2.2042215,-0.94773334,-0.31294966,-0.062163204,0
-0.89303219,-0.13265488,2.8882957,0.12931585,-0.55486387,0.82182944,0
-0.22886896,-2.0171947,1.4835767,0.12931585,-0.55486387,0.82182944,0
1.916155,-2.4878058,-3.380084,0.29168329,-0.77083647,-0.5663321,0
1.8520677,-3.0230815,-2.6541936,0.29168329,-0.77083647,-0.5663321,0
1.7079607,-2.0936737,-0.85947382,0.94773334,0.31294966,0.062163204,0
0.41746736,-3.4209323,0.78057313,0.12931585,-0.55486387,0.82182944,0
-1.4405193,1.2913936,-2.1141782,-0.12931585,0.55486387,-0.82182944,0
-0.10259072,-1.9580996,-3.1198912,-0.94773334,-0.31294966,-0.062163204,0
0.10048461,-2.523479,-4.5434017,0.29168329,-0.77083647,-0.5663321,0
-1.492106,2.231359,4.1373863,-0.29168329,0.77083647,0.5663321,0
-0.98388219,4.667625,1.4143832,-0.29168329,0.77083647,0.5663321,0
-0.17599928,3.4367509,2.2218671,0.94773334,0.31294966,0.062163204,0
0.39538956,2.3558881,-0.18641579,0.94773334,0.31294966,0.062163204,0
-0.26875401,2.9853435,2.0462658,0.94773334,0.31294966,0.062163204,0
0.3463645,1.3521655,2.3661244,0.94773334,0.31294966,0.062163204,0
-0.99356532,1.1055844,4.1065841,0.12931585,-0.55486387,0.82182944,0
-1.625255,3.5821714,2.5370755,-0.29168329,0.77083647,0.5663321,0
-1.2357805,2.6513417,-1.0941851,-0.12931585,0.55486387,-0.82182944,0
0.95188522,1.1122811,-1.8624303,0.94773334,0.31294966,0.062163204,0
0.35488939,2.5633492,-0.2707094,0.94773334,0.31294966,0.062163204,0
2.2597513,-3.9172494,-0.099366903,0.12931585,-0.55486387,0.82182944,0
1.4435802,-1.0668983,-0.22547656,0.94773334,0.31294966,0.062163204,0
0.33056879,-4.0624738,-2.2059987,0.29168329,-0.77083647,-0.5663321,0
-0.95819294,-0.72289705,0.13190746,-0.94773334,-0.31294966,-0.062163204,0
0.81781197,0.83559132,-1.7465792,0.94773334,0.31294966,0.062163204,0
0.83272022,-3.1568134,-2.8818889,0.29168329,-0.77083647,-0.5663321,0
1.7530267,-4.3192024,-0.93697476,0.29168329,-0.77083647,-0.5663321,0
1.5299543,-1.2117779,-2.7854714,0.94773334,0.31294966,0.062163204,0
0.5162248,1.0521963,-0.2161482,0.94773334,0.31294966,0.062163204,0
-0.38346395,-1.2225049,-2.3402228,-0.94773334,-0.31294966,-0.062163204,0
1.1247752,-1.0501434,2.0033004,0.12931585,-0.55486387,0.82182944,0
-2.2263682,4.5456171,0.54041886,-0.12931585,0.55486387,-0.82182944,0
1.424437,-1.3978361,-0.86498475,0.94773334,0.31294966,0.062163204,0
0.30779147,2.6884069,-0.15769064,0.94773334,0.31294966,0.062163204,0
-1.1428951,2.7851002,3.6930089,-0.29168329,0.77083647,0.5663321,0
-1.8494341,3.6511617,-0.47934222,-0.12931585,0.55486387,-0.82182944,0
-0.54620653,1.392323,3.9559953,0.12931585,-0.55486387,0.82182944,0
0.4148736,-2.1987722,1.4750108,0.12931585,-0.55486387,0.82182944,0
0.44567823,-4.9636555,-0.48387933,-0.94773334,-0.31294966,-0.062163204,0
-0.64571691,-1.6489402,1.1381968,-0.94773334,-0.31294966,-0.062163204,0
-2.0875854,1.7521508,4.0018435,-0.94773334,-0.31294966,-0.062163204,0
-0.42658734,4.259088,1.6741667,0.94773334,0.31294966,0.062163204,0
-0.56613874,4.1924057,2.1855752,-0.29168329,0.77083647,0.5663321,0
-1.689779,3.8899765,-0.090020657,-0.12931585,0.55486387,-0.82182944,0
0.13903183,1.9540536,4.2116461,0.94773334,0.31294966,0.062163204,0
-1.3435994,0.77685773,0.27451313,-0.94773334,-0.31294966,-0.062163204,0
-0.72682154,3.5481734,2.8720348,-0.29168329,0.77083647,0.5663321,0
-0.078287601,-2.7901952,1.2055342,0.12931585,-0.55486387,0.82182944,0
1.5816402,-1.8042448,0.1346271,0.94773334,0.31294966,0.062163204,0
0.95526958,-1.4537945,1.7484503,0.12931585,-0.55486387,0.82182944,0
0.80785334,0.39891338,-0.092806071,0.94773334,0.31294966,0.062163204,0
-1.291123,3.8450093,2.1501043,-0.29168329,0.77083647,0.5663321,0
-1.2726743,4.0562034,1.7172232,-0.29168329,0.77083647,0.5663321,0
-1.3536656,0.63583946,1.3721242,-0.94773334,-0.31294966,-0.062163204,0
-1.3712206,3.3182318,3.0203223,-0.29168329,0.77083647,0.5663321,0
-1.0900387,0.06905973,-0.84805596,-0.94773334,-0.31294966,-0.062163204,0
-1.5730238,1.5052447,2.705142,-0.94773334,-0.31294966,-0.062163204,0
-2.15363,3.0009727,1.1939758,-0.94773334,-0.31294966,-0.062163204,0
-0.95937908,0.11393619,-2.9474726,-0.12931585,0.55486387,-0.82182944,0
-0.98038149,4.5649471,1.2113645,-0.29168329,0.77083647,0.5663321,0
-0.27122462,-2.1380908,-3.1801648,-0.94773334,-0.31294966,-0.062163204,0
-0.55749464,4.5945969,1.1681538,-0.29168329,0.77083647,0.5663321,0
0.16343784,2.7595015,1.7443029,0.94773334,0.31294966,0.062163204,0
-0.322101,-1.6821696,0.26071143,-0.94773334,-0.31294966,-0.062163204,0
-0.25291371,1.7502322,4.1399326,0.12931585,-0.55486387,0.82182944,0
0.69330227,-1.2147741,-3.8954465,-0.12931585,0.55486387,-0.82182944,0
0.64103913,-2.4493129,-4.5385947,0.29168329,-0.77083647,-0.5663321,0
0.50665498,2.1604028,0.16068542,0.94773334,0.31294966,0.062163204,0
2.1907146,-2.561074,-1.8184729,0.94773334,0.31294966,0.062163204,0
0.12093174,-0.28558791,-3.0183711,-0.12931585,0.55486387,-0.82182944,0
-0.26864719,-0.84979695,2.5530825,0.12931585,-0.55486387,0.82182944,0
2.2182908,-3.2246761,0.37034822,0.94773334,0.31294966,0.062163204,0
1.7690887,-2.0088298,-2.0000596,0.94773334,0.31294966,0.062163204,0
-1.1707008,0.34713009,1.6562797,-0.94773334,-0.31294966,-0.062163204,0
-0.90795612,3.1357336,3.3708639,-0.29168329,0.77083647,0.5663321,0
0.074861765,-0.067959547,-2.8857727,-0.12931585,0.55486387,-0.82182944,0
0.3618778,0.15583163,-2.9606302,-0.12931585,0.55486387,-0.82182944,0
1.9524076,-2.5786166,-3.2592316,0.29168329,-0.77083647,-0.5663321,0
0.51249528,-3.9706354,-2.2855353,-0.94773334,-0.31294966,-0.062163204,0
1.2524848,-4.1756401,-1.3085103,0.29168329,-0.77083647,-0.5663321,0
1.1781834,-0.45412469,2.7504272,0.12931585,-0.55486387,0.82182944,0
2.1652188,-3.6492252,-1.8292515,0.29168329,-0.77083647,-0.5663321,0
0.56835556,-2.8878179,1.1311433,0.12931585,-0.55486387,0.82182944,0
-0.73775315,-0.057255745,-3.2027123,-0.12931585,0.55486387,-0.82182944,0
0.10550189,2.5229082,1.5938158,0.94773334,0.31294966,0.062163204,0
0.39936972,0.74679828,-2.5319633,-0.12931585,0.55486387,-0.82182944,0
-1.9599444,3.8579602,1.7220836,-0.29168329,0.77083647,0.5663321,0
-0.91553617,4.0309043,2.2062862,-0.29168329,0.77083647,0.5663321,0
-0.85698414,-0.2600548,3.1769366,0.12931585,-0.55486387,0.82182944,0
2.4074507,-4.4521608,-0.50780845,0.94773334,0.31294966,0.062163204,0
-1.5762773,3.4115963,-0.38996124,-0.12931585,0.55486387,-0.82182944,0
-2.2989268,4.5915427,0.39778924,-0.29168329,0.77083647,0.5663321,0
-1.7822475,4.165381,0.15937495,-0.12931585,0.55486387,-0.82182944,0
-0.18109846,1.5839055,-2.0855711,-0.12931585,0.55486387,-0.82182944,0
1.7627735,-4.2621264,-1.4599833,0.29168329,-0.77083647,-0.5663321,0
-1.0048344,0.75549525,3.6210191,0.12931585,-0.55486387,0.82182944,0
-1.9816191,4.0779657,1.6290567,-0.29168329,0.77083647,0.5663321,0
-1.2769489,2.8471301,3.1340194,-0.29168329,0.77083647,0.5663321,0
-0.7047019,1.0698491,-2.132679,-0.12931585,0.55486387,-0.82182944,0
-0.18189597,-0.39799786,-3.5107236,-0.12931585,0.55486387,-0.82182944,0
-1.8571646,2.4566517,-1.2972248,-0.94773334,-0.31294966,-0.062163204,0
-0.56542945,-1.1477979,-1.1933441,-0.94773334,-0.31294966,-0.062163204,0
-2.3574786,3.3355446,1.7572696,-0.94773334,-0.31294966,-0.062163204,0
1.1655737,-0.64640319,-0.81648785,0.94773334,0.31294966,0.062163204,0
-1.5021768,1.2169679,0.78752291,-0.94773334,-0.31294966,-0.062163204,0
-1.9458708,2.3619652,1.0199158,-0.94773334,-0.31294966,-0.062163204,0
0.84255058,-1.4319162,-4.1669388,-0.12931585,0.55486387,-0.82182944,0
2.1896763,-3.59833,-1.6949093,0.29168329,-0.77083647,-0.5663321,0
0.86380005,-2.6059108,1.3549165,0.12931585,-0.55486387,0.82182944,0
-0.92484975,2.933311,-0.97390079,-0.12931585,0.55486387,-0.82182944,0
-1.8761551,1.4804662,2.6399021,-0.94773334,-0.31294966,-0.062163204,0
0.13898289,1.2892312,3.7071056,0.12931585,-0.55486387,0.82182944,0
0.63442469,-4.346487,0.0057637691,0.12931585,-0.55486387,0.82182944,0
-0.84181333,0.60804623,3.5024016,0.12931585,-0.55486387,0.82182944,0
1.7466031,-2.785074,-3.1490138,0.29168329,-0.77083647,-0.5663321,0
-1.782202,4.5543671,0.21968961,-0.12931585,0.55486387,-0.82182944,0
-0.42232227,4.0951519,0.8077693,0.94773334,0.31294966,0.062163204,0
-0.75762093,2.3360503,4.2120891,-0.29168329,0.77083647,0.5663321,0
-2.1662781,3.986084,0.20484829,-0.12931585,0.55486387,-0.82182944,0
1.921605,-3.5284028,-2.1061521,0.29168329,-0.77083647,-0.5663321,0
-1.1927197,4.6609535,0.84348273,-0.29168329,0.77083647,0.5663321,0
-0.80151105,4.4236164,1.6967084,-0.29168329,0.77083647,0.5663321,0
-0.99162245,3.56861,-0.36530447,-0.12931585,0.55486387,-0.82182944,0
-0.47674567,-1.6323596,-1.4853501,-0.94773334,-0.31294966,-0.062163204,0
-0.77013755,3.3177361,2.9115245,-0.29168329,0.77083647,0.5663321,0
-0.116328,-3.2189474,0.19842482,-0.94773334,-0.31294966,-0.062163204,0
1.3652961,-4.3379111,-1.4906731,0.29168329,-0.77083647,-0.5663321,0
-1.8194451,3.096385,2.4800098,-0.29168329,0.77083647,0.5663321,0
-1.543317,2.8519819,3.1076207,-0.29168329,0.77083647,0.5663321,0
-1.5776867,2.0523417,-0.85054559,-0.94773334,-0.31294966,-0.062163204,0
1.5047784,-2.9294782,0.82180655,0.12931585,-0.55486387,0.82182944,0
-0.65723276,2.4716444,4.4815111,-0.29168329,0.77083647,0.5663321,0
2.0008483,-4.586659,-0.94099045,0.29168329,-0.77083647,-0.5663321,0
-1.5040436,4.4693618,0.88268232,-0.29168329,0.77083647,0.5663321,0
2.1365395,-2.7714748,-1.8932657,0.94773334,0.31294966,0.062163204,0
1.2025523,-2.993474,-3.5725808,0.29168329,-0.77083647,-0.5663321,0
1.4201097,-4.3582706,-0.012493849,0.12931585,-0.55486387,0.82182944,0
-0.5663693,0.43050247,3.445492,0.12931585,-0.55486387,0.82182944,0
-0.074424148,3.4137151,2.6362612,0.94773334,0.31294966,0.062163204,0
1.6655414,-1.9624922,-4.3848524,0.29168329,-0.77083647,-0.5663321,0
0.9710989,-0.38062283,-3.3122044,-0.12931585,0.55486387,-0.82182944,0
-1.9655032,2.0718689,3.283983,-0.94773334,-0.31294966,-0.062163204,0
-0.20904708,4.010129,1.7545574,0.94773334,0.31294966,0.062163204,0
-2.2868323,3.2403917,1.4153115,-0.94773334,-0.31294966,-0.062163204,0
0.93397069,-4.7555046,-0.42300582,0.12931585,-0.55486387,0.82182944,0
-1.8012371,2.8093891,0.23690438,-0.94773334,-0.31294966,-0.062163204,0
1.4361329,-1.303719,-0.026860654,0.94773334,0.31294966,0.062163204,0
-1.0286393,0.032852054,-0.77839571,-0.94773334,-0.31294966,-0.062163204,0
0.49680924,-0.31485444,-3.4026797,-0.12931585,0.55486387,-0.82182944,0
-0.12712169,3.4635234,-0.20647359,0.94773334,0.31294966,0.062163204,0
0.58665735,-2.5271623,-3.9940031,0.29168329,-0.77083647,-0.5663321,0
1.2055863,-1.2279718,-4.0791712,-0.12931585,0.55486387,-0.82182944,0
1.1473475,-0.4152661,-0.25056803,0.94773334,0.31294966,0.062163204,0
-1.1845272,3.1106257,3.2478456,-0.29168329,0.77083647,0.5663321,0
-0.86120248,1.9303241,-1.5173309,-0.12931585,0.55486387,-0.82182944,0
0.14756519,-1.5121081,-3.8586457,-0.12931585,0.55486387,-0.82182944,0
-1.5127187,0.63610989,3.0696759,-0.94773334,-0.31294966,-0.062163204,0
-1.1810991,0.39449334,-2.3578227,-0.12931585,0.55486387,-0.82182944,0
0.74323249,-1.9834695,1.6698099,0.12931585,-0.55486387,0.82182944,0
1.2750487,-4.479084,-0.25272632,0.12931585,-0.55486387,0.82182944,0
2.3189802,-4.297626,-1.2279091,0.29168329,-0.77083647,-0.5663321,0
0.25160599,-4.4186587,0.10350895,0.12931585,-0.55486387,0.82182944,0
0.82934201,-3.4192939,-2.803746,0.29168329,-0.77083647,-0.5663321,0
-1.5442612,4.1598282,0.11734104,-0.12931585,0.55486387,-0.82182944,0
-0.77580202,0.49139285,-2.698926,-0.12931585,0.55486387,-0.82182944,0
-0.99155456,3.2391324,3.0596924,-0.29168329,0.77083647,0.5663321,0
0.70750332,1.6840327,-1.4175031,0.94773334,0.31294966,0.062163204,0
-1.661149,4.8135896,0.2462666,-0.12931585,0.55486387,-0.82182944,0
2.3269725,-3.9188035,-1.1393087,0.29168329,-0.77083647,-0.5663321,0
0.37160322,1.0565782,2.7221856,0.94773334,0.31294966,0.062163204,0
0.794541,-0.10654306,2.9042501,0.12931585,-0.55486387,0.82182944,0
-1.4523097,1.4910886,4.296608,0.12931585,-0.55486387,0.82182944,0
-1.1729054,2.9638591,-1.0422059,-0.12931585,0.55486387,-0.82182944,0
1.5942693,-2.6324916,1.0265491,0.12931585,-0.55486387,0.82182944,0
-2.3469257,4.238286,1.1546674,-0.29168329,0.77083647,0.5663321,0
0.51386297,-3.6666055,-2.8584447,0.29168329,-0.77083647,-0.5663321,0
1.8023659,-1.3966616,-3.3862076,0.94773334,0.31294966,0.062163204,0
1.3724756,-1.3160305,-3.90957,-0.12931585,0.55486387,-0.82182944,0
0.40291631,2.3312278,1.2376651,0.94773334,0.31294966,0.062163204,0
1.7946386,-2.0970619,-0.79938626,0.94773334,0.31294966,0.062163204,0
-1.5148473,4.5961714,0.79813218,-0.29168329,0.77083647,0.5663321,0
2.0034099,-2.5047531,0.20996869,0.94773334,0.31294966,0.062163204,0
0.07453084,2.6127059,2.0430012,0.94773334,0.31294966,0.062163204,0
1.0543268,-3.261379,-2.9310999,0.29168329,-0.77083647,-0.5663321,0
-1.6279473,1.4965817,4.0398207,-0.94773334,-0.31294966,-0.062163204,0
1.1304116,0.26997057,-2.1299098,0.94773334,0.31294966,0.062163204,0
0.94761968,-1.7379763,1.8419012,0.12931585,-0.55486387,0.82182944,0
2.0600493,-2.4553688,-3.5273092,0.29168329,-0.77083647,-0.5663321,0
2.0933859,-3.149682,-2.2276101,0.29168329,-0.77083647,-0.5663321,0
-0.49817562,4.4411426,1.3635004,-0.29168329,0.77083647,0.5663321,0
0.54695761,-3.5646198,-2.8968129,0.29168329,-0.77083647,-0.5663321,0
0.55728143,1.0530578,2.1919041,0.94773334,0.31294966,0.062163204,0
0.33267179,1.2392166,1.5650607,0.94773334,0.31294966,0.062163204,0
1.0983671,-3.0362446,-2.9205384,0.29168329,-0.77083647,-0.5663321,0
-0.59132147,2.9649401,-0.95124865,-0.12931585,0.55486387,-0.82182944,0
0.11388278,2.2972093,-1.5330849,-0.12931585,0.55486387,-0.82182944,0
1.0604365,-1.2343823,-4.1001749,-0.12931585,0.55486387,-0.82182944,0
-0.44463593,2.0171444,4.5666337,0.12931585,-0.55486387,0.82182944,0
1.3126628,-3.2436442,-2.9791384,0.29168329,-0.77083647,-0.5663321,0
0.97052431,-3.4700699,-2.5016313,0.29168329,-0.77083647,-0.5663321,0
-2.0706863,3.4761178,2.1408398,-0.29168329,0.77083647,0.5663321,0
0.95527983,-4.9614,-0.83065605,0.29168329,-0.77083647,-0.5663321,0
-1.5300384,2.9656444,3.3442578,-0.29168329,0.77083647,0.5663321,0
-1.4408953,4.603148,0.88388181,-0.29168329,0.77083647,0.5663321,0
-1.9737957,3.3614385,2.659426,-0.29168329,0.77083647,0.5663321,0
-0.61735344,1.8803344,-1.8934939,-0.12931585,0.55486387,-0.82182944,0
0.048249245,2.6374509,1.5582765,0.94773334,0.31294966,0.062163204,0
-0.80336785,3.882472,-0.14485955,-0.12931585,0.55486387,-0.82182944,0
0.91359162,-2.0780425,1.5460955,0.12931585,-0.55486387,0.82182944,0
-1.5051444,2.0596585,-0.95425117,-0.94773334,-0.31294966,-0.062163204,0
1.3223857,-0.319323,-3.332401,-0.12931585,0.55486387,-0.82182944,0
0.45061445,-1.9801197,1.5036597,0.12931585,-0.55486387,0.82182944,0
0.83265889,-0.593436,-3.4071503,-0.12931585,0.55486387,-0.82182944,0
0.55705714,-2.532598,1.4707212,0.12931585,-0.55486387,0.82182944,0
-1.9021304,4.12289,1.579015,-0.29168329,0.77083647,0.5663321,0
-1.9132113,2.4063988,4.0346437,-0.29168329,0.77083647,0.5663321,0
0.86333323,-1.2285532,1.861959,0.12931585,-0.55486387,0.82182944,0
-0.93278223,-0.55769664,0.66596633,-0.94773334,-0.31294966,-0.062163204,0
1.5522685,-4.4010925,-1.1911237,0.29168329,-0.77083647,-0.5663321,0
0.053256392,-2.7307696,-1.3998905,-0.94773334,-0.31294966,-0.062163204,0
-1.4348717,3.0344858,-0.86866522,-0.12931585,0.55486387,-0.82182944,0
0.60566497,1.159668,-2.2074933,-0.12931585,0.55486387,-0.82182944,0
-2.259356,3.9890475,-0.22836161,-0.12931585,0.55486387,-0.82182944,0
0.1880157,2.6107378,-1.3449221,-0.12931585,0.55486387,-0.82182944,0
-0.047083735,-0.83788133,-3.4517043,-0.12931585,0.55486387,-0.82182944,0
1.3396082,-3.4504902,0.45528126,0.12931585,-0.55486387,0.82182944,0
-1.2504067,2.2202406,-1.1833894,-0.12931585,0.55486387,-0.82182944,0
0.4154129,-1.639128,1.8279926,0.12931585,-0.55486387,0.82182944,0
1.4544817,-3.1884127,-2.5375686,0.29168329,-0.77083647,-0.5663321,0
0.028845072,2.8779216,-1.1967309,-0.12931585,0.55486387,-0.82182944,0
-1.6751407,0.94564754,3.2200143,-0.94773334,-0.31294966,-0.062163204,0
-1.2569504,3.987716,-0.20605683,-0.12931585,0.55486387,-0.82182944,0
-1.243392,3.0878983,3.392796,-0.29168329,0.77083647,0.5663321,0
-1.0543865,0.34320354,-2.200058,-0.94773334,-0.31294966,-0.062163204,0
0.78864193,-0.043723345,2.7411792,0.94773334,0.31294966,0.062163204,0
0.20033699,-1.7687418,-4.2076745,-0.12931585,0.55486387,-0.82182944,0
-0.18609905,-3.0180569,0.25145817,-0.94773334,-0.31294966,-0.062163204,0
-0.39884704,-1.4263879,-3.8276572,-0.94773334,-0.31294966,-0.062163204,0
0.27504605,-2.9318643,-3.7773671,0.29168329,-0.77083647,-0.5663321,0
-1.0463583,1.7542142,-1.4602094,-0.12931585,0.55486387,-0.82182944,0
0.056298614,-0.87364697,-3.4054422,-0.12931585,0.55486387,-0.82182944,0
0.91313887,0.13933671,1.0623497,0.94773334,0.31294966,0.062163204,0
-0.084015965,-0.054793954,-2.8675733,-0.12931585,0.55486387,-0.82182944,0
0.82328796,-3.2784433,-3.3836355,0.29168329,-0.77083647,-0.5663321,0
-1.488784,1.2139734,4.202002,0.12931585,-0.55486387,0.82182944,0
0.26180029,2.1072884,-1.5675293,0.94773334,0.31294966,0.062163204,0
-1.4522456,1.3447826,4.0339541,0.12931585,-0.55486387,0.82182944,0
0.57149577,-3.9409056,0.33291101,0.12931585,-0.55486387,0.82182944,0
0.53204918,-4.3771591,0.15747404,-0.94773334,-0.31294966,-0.062163204,0
-0.60342097,-0.34776837,3.1375761,0.12931585,-0.55486387,0.82182944,0
-1.1623175,2.2729139,-1.3440883,-0.12931585,0.55486387,-0.82182944,0
-0.86371672,-0.36520815,-1.6970743,-0.94773334,-0.31294966,-0.062163204,0
1.3054292,-4.7490797,-0.45244026,0.12931585,-0.55486387,0.82182944,0
0.020390749,2.6486359,1.964655,0.94773334,0.31294966,0.062163204,0
-2.0814173,2.658041,0.91217077,-0.94773334,-0.31294966,-0.062163204,0
-1.6177065,3.9018638,1.6051176,-0.29168329,0.77083647,0.5663321,0
1.2916698,-1.6840521,-4.5804949,-0.12931585,0.55486387,-0.82182944,0
1.1876127,0.0005005002,-2.1297421,0.94773334,0.31294966,0.062163204,0
-2.3276894,3.1500885,1.7243899,-0.94773334,-0.31294966,-0.062163204,0
1.6154284,-0.94767362,-2.0132542,0.94773334,0.31294966,0.062163204,0
-0.54063535,2.2550843,-1.3535945,-0.12931585,0.55486387,-0.82182944,0
-0.22430646,-1.2503122,-3.8878288,-0.12931585,0.55486387,-0.82182944,0
1.1862454,0.60975063,-2.3690643,0.94773334,0.31294966,0.062163204,0
-1.1566164,2.3379052,3.9864039,-0.29168329,0.77083647,0.5663321,0
0.27104023,-2.7254667,-4.3545375,0.29168329,-0.77083647,-0.5663321,0
-1.1913702,-0.056975245,1.5101225,-0.94773334,-0.31294966,-0.062163204,0
-0.069445729,1.0856369,3.9286017,0.12931585,-0.55486387,0.82182944,0
-1.2685713,1.2999512,-1.7490069,-0.12931585,0.55486387,-0.82182944,0
0.95254552,-3.6718693,-2.3108826,0.29168329,-0.77083647,-0.5663321,0
-1.4126434,1.2592146,-1.0531965,-0.94773334,-0.31294966,-0.062163204,0
-0.67102277,-1.2893612,1.5636549,-0.94773334,-0.31294966,-0.062163204,0
1.689199,-3.8573871,-2.1011896,0.29168329,-0.77083647,-0.5663321,0
2.3043885,-3.7212176,-1.6626685,0.29168329,-0.77083647,-0.5663321,0
0.42924523,-4.3648081,-1.836463,-0.94773334,-0.31294966,-0.062163204,0
1.5827974,-1.9225492,-0.56415737,0.94773334,0.31294966,0.062163204,0
0.46670234,-3.7745984,-2.7421823,0.29168329,-0.77083647,-0.5663321,0
-1.1213242,1.9642758,4.5351028,-0.29168329,0.77083647,0.5663321,0
0.62324548,1.9995475,-0.53844011,0.94773334,0.31294966,0.062163204,0
-0.67057478,-0.55239916,-2.8295639,-0.94773334,-0.31294966,-0.062163204,0
-0.48580056,-1.4089351,-2.2999966,-0.94773334,-0.31294966,-0.062163204,0
-1.3059251,1.0113027,-0.22450486,-0.94773334,-0.31294966,-0.062163204,0
-0.8344171,2.4057415,4.277082,-0.29168329,0.77083647,0.5663321,0
-0.058540344,0.4492203,-2.9347134,-0.12931585,0.55486387,-0.82182944,0
-1.0301018,4.0045943,2.1457541,-0.29168329,0.77083647,0.5663321,0
-1.2920895,4.0223942,1.5252142,-0.29168329,0.77083647,0.5663321,0
-1.7222404,1.5490546,1.7654557,-0.94773334,-0.31294966,-0.062163204,0
1.3745099,0.26403499,-3.2210491,0.94773334,0.31294966,0.062163204,0
2.3365135,-3.2281964,-1.8974888,0.94773334,0.31294966,0.062163204,0
1.6047099,-4.1503463,-1.1526122,0.29168329,-0.77083647,-0.5663321,0
-1.6391209,1.0925443,0.92419243,-0.94773334,-0.31294966,-0.062163204,0
1.3141503,-0.77229875,-0.20284724,0.94773334,0.31294966,0.062163204,0
0.91188097,-4.845118,-0.54554391,0.29168329,-0.77083647,-0.5663321,0
0.02579999,0.33573568,-2.9219279,-0.12931585,0.55486387,-0.82182944,0
-1.7782043,2.3864739,0.43119597,-0.94773334,-0.31294966,-0.062163204,0
0.51170301,1.6641247,0.30477953,0.94773334,0.31294966,0.062163204,0
-0.40148646,1.7460675,4.1030636,0.12931585,-0.55486387,0.82182944,0
1.3711087,-0.94615304,2.010242,0.94773334,0.31294966,0.062163204,0
0.7444005,-4.7477961,-0.074786663,0.12931585,-0.55486387,0.82182944,0
0.28909469,-3.5279782,-0.033771992,-0.94773334,-0.31294966,-0.062163204,0
2.3944068,-4.6318336,-0.39583921,0.29168329,-0.77083647,-0.5663321,0
0.1339339,1.7875806,4.1018629,0.12931585,-0.55486387,0.82182944,0
0.35441664,-2.3196521,-4.7632022,-0.12931585,0.55486387,-0.82182944,0
2.2486219,-3.2188163,-1.3715864,0.94773334,0.31294966,0.062163204,0
0.31152308,0.79328787,3.3017337,0.12931585,-0.55486387,0.82182944,0
0.18922952,1.9870689,2.6979294,0.94773334,0.31294966,0.062163204,0
0.36873209,-0.61405981,2.3675957,0.12931585,-0.55486387,0.82182944,0
1.3513086,-0.37706602,0.084221549,0.94773334,0.31294966,0.062163204,0
0.46212208,0.254489,-2.7759254,-0.12931585,0.55486387,-0.82182944,0
0.22435278,2.2748652,2.2163115,0.94773334,0.31294966,0.062163204,0
-0.63257849,-0.20896995,3.1367869,0.12931585,-0.55486387,0.82182944,0
-1.5053815,2.9345484,3.4395187,-0.29168329,0.77083647,0.5663321,0
1.2106723,-0.18768233,-3.2332971,-0.12931585,0.55486387,-0.82182944,0
1.3733234,-4.5495472,-1.2322886,0.29168329,-0.77083647,-0.5663321,0
0.0060946941,2.4574175,-1.196152,-0.12931585,0.55486387,-0.82182944,0
-1.3164017,1.9088414,4.3344016,-0.29168329,0.77083647,0.5663321,0
1.1885129,0.47066778,-2.4481046,0.94773334,0.31294966,0.062163204,0
1.2553291,-4.8240395,-0.53452134,0.29168329,-0.77083647,-0.5663321,0
-0.64344621,1.5943787,4.299068,0.12931585,-0.55486387,0.82182944,0
1.0298824,-2.4083004,1.405817,0.12931585,-0.55486387,0.82182944,0
2.4791355,-4.4768381,-0.67251134,0.29168329,-0.77083647,-0.5663321,0
0.37606478,-2.936959,1.1204993,0.12931585,-0.55486387,0.82182944,0
0.086344957,1.9000201,-1.7982962,-0.12931585,0.55486387,-0.82182944,0
0.5777117,0.13138008,-2.9336097,-0.12931585,0.55486387,-0.82182944,0
-0.27287865,3.2066658,-1.0265269,-0.12931585,0.55486387,-0.82182944,0
1.7381505,-1.6855576,-1.2995815,0.94773334,0.31294966,0.062163204,0
1.4955599,-1.3909702,-0.11501253,0.94773334,0.31294966,0.062163204,0
-1.6003125,2.9996352,2.8174195,-0.29168329,0.77083647,0.5663321,0
-1.0838422,2.8193083,3.2483892,-0.29168329,0.77083647,0.5663321,0
1.5412431,-2.722698,0.73726737,0.12931585,-0.55486387,0.82182944,0
-0.33883512,-1.3606337,-3.8471203,-0.12931585,0.55486387,-0.82182944,0
-1.6726638,2.7072856,3.3468919,-0.29168329,0.77083647,0.5663321,0
-1.9080826,2.4212093,3.8538339,-0.29168329,0.77083647,0.5663321,0
1.6191235,-4.4049544,-0.36868143,0.12931585,-0.55486387,0.82182944,0
-0.86673284,2.5368748,-1.048609,-0.12931585,0.55486387,-0.82182944,0
-1.0427603,0.67226243,-0.61632109,-0.94773334,-0.31294966,-0.062163204,0
-1.1420746,0.56401974,3.651458,0.12931585,-0.55486387,0.82182944,0
-0.78483105,4.5322213,1.6934938,-0.29168329,0.77083647,0.5663321,0
-0.59468502,-1.0999953,0.15365183,-0.94773334,-0.31294966,-0.062163204,0
-0.71485841,2.8991268,3.8379831,-0.29168329,0.77083647,0.5663321,0
1.3246754,-0.6130693,0.81903929,0.94773334,0.31294966,0.062163204,0
-1.1635575,4.2057757,1.6446445,-0.29168329,0.77083647,0.5663321,0
0.051095486,-3.5155015,0.88807333,0.12931585,-0.55486387,0.82182944,0
0.29687953,2.4457681,-1.3937807,-0.12931585,0.55486387,-0.82182944,0
1.6191833,-4.6300192,-0.30879855,0.12931585,-0.55486387,0.82182944,0
0.88396972,-3.1347671,-2.959842,0.29168329,-0.77083647,-0.5663321,0
-1.7123108,4.7071757,0.85039854,-0.29168329,0.77083647,0.5663321,0
0.67787534,1.002941,2.838484,0.94773334,0.31294966,0.062163204,0
1.4036155,-1.3573422,1.1041514,0.94773334,0.31294966,0.062163204,0
1.5269685,-2.8062429,-3.2532475,0.29168329,-0.77083647,-0.5663321,0
2.0614257,-3.5561655,-1.8733187,0.29168329,-0.77083647,-0.5663321,0
0.99066663,-4.1643353,-1.5681427,0.29168329,-0.77083647,-0.5663321,0
0.32272205,-2.5795314,-4.5609169,0.29168329,-0.77083647,-0.5663321,0
-0.53070629,-0.52084184,-3.4710846,-0.94773334,-0.31294966,-0.062163204,0
1.0943396,-0.18808103,1.2904394,0.94773334,0.31294966,0.062163204,0
2.1325321,-2.3068042,-3.9661469,0.29168329,-0.77083647,-0.5663321,0
0.61731076,0.73770398,-2.6218212,-0.12931585,0.55486387,-0.82182944,0
1.8709432,-2.3685503,-0.20041621,0.94773334,0.31294966,0.062163204,0
1.2537608,-4.8252001,-0.53082252,0.29168329,-0.77083647,-0.5663321,0
-0.47608662,4.7046413,1.2272928,-0.29168329,0.77083647,0.5663321,0
-0.55107999,-0.47144914,-3.299588,-0.12931585,0.55486387,-0.82182944,0
-0.77923924,-0.19928992,-1.1021115,-0.94773334,-0.31294966,-0.062163204,0
0.41510916,-1.2416539,2.1198463,0.12931585,-0.55486387,0.82182944,0
0.22890264,-2.6526163,-3.9022727,0.29168329,-0.77083647,-0.5663321,0
0.7599268,-3.232343,-2.9616446,0.29168329,-0.77083647,-0.5663321,0
0.82617116,-2.4529557,-4.1521978,0.29168329,-0.77083647,-0.5663321,0
1.1165335,-0.19453917,-3.109483,-0.12931585,0.55486387,-0.82182944,0
-1.729197,2.2909639,1.4090976,-0.94773334,-0.31294966,-0.062163204,0
1.8019757,-4.1000404,-1.3964288,0.29168329,-0.77083647,-0.5663321,0
1.7041006,-2.3062513,-1.2860389,0.94773334,0.31294966,0.062163204,0
-1.0142987,1.3292143,-2.1112628,-0.12931585,0.55486387,-0.82182944,0
1.7876788,-1.9226165,-2.7704029,0.94773334,0.31294966,0.062163204,0
-0.50839138,4.4468713,0.17281055,0.94773334,0.31294966,0.062163204,0
0.91970062,-0.77040929,-3.7048025,-0.12931585,0.55486387,-0.82182944,0
-0.94283348,0.36487794,-0.38716504,-0.94773334,-0.31294966,-0.062163204,0
1.0821106,-1.8291206,1.7379955,0.12931585,-0.55486387,0.82182944,0
0.78528869,-0.15389916,-3.2014756,-0.12931585,0.55486387,-0.82182944,0
-1.2004216,1.2169482,4.0101223,0.12931585,-0.55486387,0.82182944,0
0.30872232,-2.9531264,-4.1006951,0.29168329,-0.77083647,-0.5663321,0
-0.59175968,2.7388055,-1.0510532,-0.12931585,0.55486387,-0.82182944,0
-0.3967346,0.96599025,3.8445714,0.12931585,-0.55486387,0.82182944,0
-0.36674428,4.4482517,0.66807556,0.94773334,0.31294966,0.062163204,0
-1.1662809,0.73767066,-2.4820547,-0.94773334,-0.31294966,-0.062163204,0
-0.53977776,3.6062837,-0.52721238,-0.12931585,0.55486387,-0.82182944,0
0.084131956,-1.7441536,1.9886755,0.12931585,-0.55486387,0.82182944,0
1.3742222,-1.4377307,1.7417567,0.12931585,-0.55486387,0.82182944,0
2.407352,-3.9835427,-1.3953764,0.29168329,-0.77083647,-0.5663321,0
1.4900172,-1.0462373,-0.27465224,0.94773334,0.31294966,0.062163204,0
0.062340856,-2.4700427,-3.771179,-0.94773334,-0.31294966,-0.062163204,0
-1.5296873,2.1166403,-1.0183997,-0.94773334,-0.31294966,-0.062163204,0
-0.39928389,3.9222574,-0.30344748,-0.12931585,0.55486387,-0.82182944,0
1.1947107,-0.74658215,0.9216435,0.94773334,0.31294966,0.062163204,0
1.9435527,-2.7695107,-3.1699338,0.29168329,-0.77083647,-0.5663321,0
-0.45408309,0.33460486,-2.6145031,-0.12931585,0.55486387,-0.82182944,0
-1.2115455,0.52007073,1.2172081,-0.94773334,-0.31294966,-0.062163204,0
-0.10823572,0.87383246,3.6800768,0.12931585,-0.55486387,0.82182944,0
-1.7048157,0.95230883,2.4566295,-0.94773334,-0.31294966,-0.062163204,0
2.0171585,-2.2686744,-3.991293,0.29168329,-0.77083647,-0.5663321,0
-1.3093159,4.4924765,-0.0098366737,-0.12931585,0.55486387,-0.82182944,0
1.6473677,-2.6002302,-3.5595233,0.29168329,-0.77083647,-0.5663321,0
-1.6329982,2.4260597,3.7749186,-0.29168329,0.77083647,0.5663321,0
-1.3490154,0.64473683,2.3440156,-0.94773334,-0.31294966,-0.062163204,0
1.0905932,-0.080483675,1.4742833,0.94773334,0.31294966,0.062163204,0
-0.9369247,4.6963987,1.2470865,-0.29168329,0.77083647,0.5663321,0
0.96197844,-0.11315048,0.64441919,0.94773334,0.31294966,0.062163204,0
0.3349421,-3.3241603,0.86333156,0.12931585,-0.55486387,0.82182944,0
2.3762002,-4.187314,-1.0882628,0.29168329,-0.77083647,-0.5663321,0
0.65204585,-0.27986109,2.6776657,0.12931585,-0.55486387,0.82182944,0
0.69052154,-2.6799476,-4.0156307,0.29168329,-0.77083647,-0.5663321,0
-0.55262637,0.67673177,3.4534383,0.12931585,-0.55486387,0.82182944,0
-0.081535816,-2.8973498,1.0480876,-0.94773334,-0.31294966,-0.062163204,0
2.2206435,-3.5774205,0.422683,0.94773334,0.31294966,0.062163204,0
0.63738626,1.483348,0.63536572,0.94773334,0.31294966,0.062163204,0
-0.8676424,3.8194261,2.0114696,-0.29168329,0.77083647,0.5663321,0
-1.3160487,3.0234833,2.9215569,-0.29168329,0.77083647,0.5663321,0
1.6834612,-1.8436725,-4.562284,0.29168329,-0.77083647,-0.5663321,0
-0.95908773,2.418273,4.5109887,-0.29168329,0.77083647,0.5663321,0
1.1154698,-3.3874569,-2.5431623,0.29168329,-0.77083647,-0.5663321,0
1.0309167,-0.5095939,-0.034183949,0.94773334,0.31294966,0.062163204,0
-0.38525724,4.0914965,0.34705257,0.94773334,0.31294966,0.062163204,0
1.9581361,-2.0962691,-4.3363528,0.29168329,-0.77083647,-0.5663321,0
1.4237974,-0.58536947,-3.7390819,0.94773334,0.31294966,0.062163204,0
-1.7490706,2.5078819,-1.0335968,-0.12931585,0.55486387,-0.82182944,0
0.6306724,0.39279318,2.0871875,0.94773334,0.31294966,0.062163204,0
1.0170263,0.73364979,-0.47554111,0.94773334,0.31294966,0.062163204,0
0.448331,-1.7268317,-4.121047,-0.12931585,0.55486387,-0.82182944,0
-1.2078168,0.53071702,-1.3704317,-0.94773334,-0.31294966,-0.062163204,0
-0.064602733,-3.1216803,-2.0748382,-0.94773334,-0.31294966,-0.062163204,0
-0.39656752,2.815589,4.2148886,-0.29168329,0.77083647,0.5663321,0
-0.67596817,-0.89136028,2.5738273,0.12931585,-0.55486387,0.82182944,0
1.2428401,-1.876066,1.4857138,0.12931585,-0.55486387,0.82182944,0
-0.38744485,-0.1566292,2.8836331,0.12931585,-0.55486387,0.82182944,0
-2.1364365,3.4604104,-0.11177063,-0.94773334,-0.31294966,-0.062163204,0
0.15688455,2.0981026,3.8535748,0.94773334,0.31294966,0.062163204,0
0.99238849,-4.0498199,-1.7670138,0.29168329,-0.77083647,-0.5663321,0
-1.8155816,2.8662765,2.9460964,-0.29168329,0.77083647,0.5663321,0
-0.22135329,1.7281032,4.4383984,0.12931585,-0.55486387,0.82182944,0
-0.11554772,-2.1297722,-4.361187,-0.12931585,0.55486387,-0.82182944,0
-1.0498135,1.2485173,-2.2608662,-0.12931585,0.55486387,-0.82182944,0
1.7811573,-1.3208804,-1.9338697,0.94773334,0.31294966,0.062163204,0
1.6528065,-3.9460325,-1.7962184,0.29168329,-0.77083647,-0.5663321,0
0.68233371,0.89082992,2.2903805,0.94773334,0.31294966,0.062163204,0
-1.3610264,1.5465243,-0.35799819,-0.94773334,-0.31294966,-0.062163204,0
1.937077,-4.5444183,-0.99713612,0.29168329,-0.77083647,-0.5663321,0
-1.9452269,4.1349201,1.6131833,-0.29168329,0.77083647,0.5663321,0
1.3589773,-0.55134374,-3.6746821,-0.12931585,0.55486387,-0.82182944,0
0.66635847,-0.18131894,-3.3577628,-0.12931585,0.55486387,-0.82182944,0
1.2930698,0.066237211,-1.7726647,0.94773334,0.31294966,0.062163204,0
-1.1822098,1.4688052,-1.6386474,-0.12931585,0.55486387,-0.82182944,0
0.84186101,-2.0552707,1.7596108,0.12931585,-0.55486387,0.82182944,0
-1.5894597,1.7809181,-0.96277618,-0.94773334,-0.31294966,-0.062163204,0
1.6036937,-4.5242572,-0.21472979,0.12931585,-0.55486387,0.82182944,0
1.5111966,-3.1667063,-2.8569932,0.29168329,-0.77083647,-0.5663321,0
1.6396728,-4.0441437,-1.4947512,0.29168329,-0.77083647,-0.5663321,0
-2.2353308,3.0648351,2.4210424,-0.94773334,-0.31294966,-0.062163204,0
-1.3901484,3.1634543,2.6323767,-0.29168329,0.77083647,0.5663321,0
-1.2511804,1.1346436,-0.35285562,-0.94773334,-0.31294966,-0.062163204,0
0.80197096,0.66837907,-2.5459547,-0.12931585,0.55486387,-0.82182944,0
1.433984,-2.6430798,1.2312763,0.12931585,-0.55486387,0.82182944,0
-0.71774161,3.6638644,2.6871977,-0.29168329,0.77083647,0.5663321,0
1.0895174,-4.1468296,-0.13314319,0.12931585,-0.55486387,0.82182944,0
0.6212039,-1.9193113,1.5957454,0.12931585,-0.55486387,0.82182944,0
0.52741182,1.2818745,0.65954679,0.94773334,0.31294966,0.062163204,0
1.8824453,-3.8832157,-1.4855776,0.29168329,-0.77083647,-0.5663321,0
-0.1609621,-3.1457434,0.045960665,-0.94773334,-0.31294966,-0.062163204,0
1.0533857,-4.2938418,-1.2174313,0.29168329,-0.77083647,-0.5663321,0
1.7010663,-4.591671,-1.1093454,0.29168329,-0.77083647,-0.5663321,0
-1.3887297,2.3356578,3.8619668,-0.29168329,0.77083647,0.5663321,0
0.52977288,1.2340819,-0.70747519,0.94773334,0.31294966,0.062163204,0
2.0785699,-2.5337121,-2.6984065,0.94773334,0.31294966,0.062163204,0
-0.734128,4.862556,0.71151638,-0.29168329,0.77083647,0.5663321,0
-1.0365112,4.3407521,1.1512311,-0.29168329,0.77083647,0.5663321,0
0.27181888,-1.5092916,-3.977252,-0.12931585,0.55486387,-0.82182944,0
