-0.93461168,1.1424024,1.7484293,-0.91264623,-0.33004218,0.24114141,0
0.95422876,-2.8465536,2.5212095,0.35389531,-0.93321997,0.062118277,0
0.59099197,-2.1995075,-3.3448765,-0.2045363,-0.14203084,-0.96849996,0
0.28799367,2.4498148,0.59929508,0.91264623,0.33004218,-0.24114141,0
-0.4842335,2.7599921,-1.7797407,-0.35389531,0.93321997,-0.062118277,0
-0.52181953,0.57163382,-3.570616,-0.2045363,-0.14203084,-0.96849996,0
-0.23114491,3.1231186,0.87027282,-0.35389531,0.93321997,-0.062118277,0
0.50460792,-3.3405848,-2.478049,0.35389531,-0.93321997,0.062118277,0
-1.2319026,0.40515861,-3.2959712,-0.2045363,-0.14203084,-0.96849996,0
-0.011940479,3.4531875,0.58653027,-0.35389531,0.93321997,-0.062118277,0
-1.0282646,1.8911383,3.1424575,-0.91264623,-0.33004218,0.24114141,0
-0.41174364,2.4075456,3.5055697,0.2045363,0.14203084,0.96849996,0
1.139586,-1.2334629,3.7347715,0.2045363,0.14203084,0.96849996,0
-1.8710928,1.1957798,-3.4070253,-0.2045363,-0.14203084,-0.96849996,0
-0.65391135,3.0323353,3.1814256,0.2045363,0.14203084,0.96849996,0
-0.92471933,2.7411976,-0.93423009,-0.35389531,0.93321997,-0.062118277,0
1.6033418,-0.25856718,3.364558,0.2045363,0.14203084,0.96849996,0
1.8464673,-2.599318,-0.94825661,0.35389531,-0.93321997,0.062118277,0
-0.35182393,2.4137073,-2.5844026,0.91264623,0.33004218,-0.24114141,0
0.59226394,-3.0061665,0.72989428,0.35389531,-0.93321997,0.062118277,0
-2.3528943,2.0782988,-2.2027442,-0.91264623,-0.33004218,0.24114141,0
0.21292043,-2.0005717,-3.1881883,-0.2045363,-0.14203084,-0.96849996,0
1.217113,1.7651368,3.1914289,0.2045363,0.14203084,0.96849996,0
-0.71932447,0.67179286,-3.5473351,-0.2045363,-0.14203084,-0.96849996,0
0.63706195,1.4435908,3.0972662,0.2045363,0.14203084,0.96849996,0
-0.73371351,-2.964,-2.0314188,-0.91264623,-0.33004218,0.24114141,0
0.20170629,2.9299383,0.077626526,0.91264623,0.33004218,-0.24114141,0
0.90247709,2.2234941,3.063714,0.91264623,0.33004218,-0.24114141,0
-0.36196148,-2.9049654,-1.8476243,-0.91264623,-0.33004218,0.24114141,0
-0.99091315,3.0150366,1.2050678,-0.35389531,0.93321997,-0.062118277,0
-0.012010336,2.4195349,3.3392162,0.2045363,0.14203084,0.96849996,0
2.2515559,-2.1036069,3.4736927,0.2045363,0.14203084,0.96849996,0
-0.62782067,1.2703032,-3.5221317,-0.2045363,-0.14203084,-0.96849996,0
0.20089543,3.3649485,1.1801622,-0.35389531,0.93321997,-0.062118277,0
-0.19070119,0.53893799,3.5744195,0.2045363,0.14203084,0.96849996,0
-1.2351193,1.8570864,-3.5437498,-0.2045363,-0.14203084,-0.96849996,0
1.7742499,-1.20489,3.3362,0.2045363,0.14203084,0.96849996,0
-1.4283994,1.3465309,0.26742297,-0.91264623,-0.33004218,0.24114141,0
-0.36322021,-3.3471692,-1.9817162,0.35389531,-0.93321997,0.062118277,0
0.98302889,-2.9614935,0.32189202,0.35389531,-0.93321997,0.062118277,0
0.29016542,-3.3562884,-0.66116077,0.35389531,-0.93321997,0.062118277,0
-0.81858873,0.64817309,1.7600384,-0.91264623,-0.33004218,0.24114141,0
-0.93800044,3.0302856,0.61947435,-0.35389531,0.93321997,-0.062118277,0
-1.3040683,2.5943582,-1.1377368,-0.35389531,0.93321997,-0.062118277,0
-1.5600007,-0.2335602,-3.4273527,-0.2045363,-0.14203084,-0.96849996,0
0.28708214,-0.32893547,3.4106178,0.2045363,0.14203084,0.96849996,0
0.25062042,1.661222,-1.0940287,0.91264623,0.33004218,-0.24114141,0
-1.3894598,0.77929384,-3.4690218,-0.2045363,-0.14203084,-0.96849996,0
2.2739954,-2.0389855,2.4302061,0.35389531,-0.93321997,0.062118277,0
1.0677757,-2.4905496,2.9955831,0.35389531,-0.93321997,0.062118277,0
2.1560893,-1.7087072,3.335011,0.2045363,0.14203084,0.96849996,0
-0.57777357,-0.17129882,-3.6020234,-0.2045363,-0.14203084,-0.96849996,0
1.1877165,-0.92220348,-0.43077612,0.91264623,0.33004218,-0.24114141,0
-1.6364024,2.6764643,2.0180883,-0.35389531,0.93321997,-0.062118277,0
0.45940316,-2.7817173,0.81250364,0.35389531,-0.93321997,0.062118277,0
1.8594592,-0.49056923,2.8345466,0.91264623,0.33004218,-0.24114141,0
0.2892437,-0.48987436,3.8106148,0.2045363,0.14203084,0.96849996,0
-0.69636673,0.31131181,1.4861153,-0.91264623,-0.33004218,0.24114141,0
1.472855,-2.3169348,2.7192461,0.35389531,-0.93321997,0.062118277,0
-1.7968228,0.54111898,-1.5540488,-0.91264623,-0.33004218,0.24114141,0
-1.0777485,-0.65160799,-3.3134277,-0.2045363,-0.14203084,-0.96849996,0
0.80361414,-3.1726501,-2.8931301,0.35389531,-0.93321997,0.062118277,0
1.9912914,-2.1294839,3.5676482,0.35389531,-0.93321997,0.062118277,0
-0.14756536,1.583307,3.3919683,0.2045363,0.14203084,0.96849996,0
0.65126503,-2.401274,-3.1950371,-0.2045363,-0.14203084,-0.96849996,0
-0.33829093,3.140861,-0.44146216,-0.35389531,0.93321997,-0.062118277,0
0.53588998,1.057471,0.13818386,0.91264623,0.33004218,-0.24114141,0
-0.063597262,-1.0015615,-3.4083402,-0.2045363,-0.14203084,-0.96849996,0
0.72492313,-2.693418,3.2114215,0.35389531,-0.93321997,0.062118277,0
0.27490067,-3.2504246,-1.5608704,0.35389531,-0.93321997,0.062118277,0
2.049521,-2.0118265,3.4902489,0.35389531,-0.93321997,0.062118277,0
-1.3804539,2.4798946,-3.0478404,-0.35389531,0.93321997,-0.062118277,0
1.8791649,-2.278434,1.793365,0.35389531,-0.93321997,0.062118277,0
1.0097059,1.5346792,1.3767226,0.91264623,0.33004218,-0.24114141,0
0.49953634,-0.67257392,-2.6755981,0.91264623,0.33004218,-0.24114141,0
1.4231594,-2.757833,-1.2207024,0.35389531,-0.93321997,0.062118277,0
1.888958,-0.72404426,3.2598243,0.2045363,0.14203084,0.96849996,0
-0.94598305,2.793345,-2.5833633,-0.35389531,0.93321997,-0.062118277,0
0.59702325,-2.9384151,1.6054842,0.35389531,-0.93321997,0.062118277,0
0.79014695,-2.4617279,3.6988306,0.2045363,0.14203084,0.96849996,0
-0.82197905,-2.9435911,-2.7813938,-0.91264623,-0.33004218,0.24114141,0
-0.57403845,-1.1553357,1.200676,-0.91264623,-0.33004218,0.24114141,0
1.3878261,0.75709492,3.4004569,0.2045363,0.14203084,0.96849996,0
-0.13545036,3.4249904,3.2142558,-0.35389531,0.93321997,-0.062118277,0
1.888159,-1.1733975,1.558835,0.91264623,0.33004218,-0.24114141,0
2.1109734,-2.0203333,3.3329365,0.35389531,-0.93321997,0.062118277,0
-2.1493957,0.018541157,-3.362433,-0.91264623,-0.33004218,0.24114141,0
-1.3223488,0.94630885,0.21928836,-0.91264623,-0.33004218,0.24114141,0
1.178328,1.8372413,2.9828181,0.2045363,0.14203084,0.96849996,0
-1.5404963,-1.1397471,-3.0582623,-0.91264623,-0.33004218,0.24114141,0
0.61190796,-3.2797582,-2.089041,0.35389531,-0.93321997,0.062118277,0
1.2477263,0.72608775,3.0574806,0.2045363,0.14203084,0.96849996,0
-1.1699878,2.5853484,-1.0626448,-0.35389531,0.93321997,-0.062118277,0
1.3876829,-2.9892769,-1.4089489,0.35389531,-0.93321997,0.062118277,0
-1.6330881,2.7578962,0.66274464,-0.35389531,0.93321997,-0.062118277,0
-0.37255692,-1.8018785,-3.472883,-0.2045363,-0.14203084,-0.96849996,0
-0.43501467,-1.9793701,0.56493056,-0.91264623,-0.33004218,0.24114141,0
-0.69400978,1.3313246,3.6714299,0.2045363,0.14203084,0.96849996,0
0.058701396,2.6599152,3.3054037,0.2045363,0.14203084,0.96849996,0
-1.0088737,2.9305527,1.9489855,-0.35389531,0.93321997,-0.062118277,0
-1.6595107,1.3681562,-0.99598932,-0.91264623,-0.33004218,0.24114141,0
-1.0656676,2.8945928,1.2896538,-0.35389531,0.93321997,-0.062118277,0
0.6792233,-2.1193087,3.5958991,0.2045363,0.14203084,0.96849996,0
-0.0039551258,-3.3773181,-2.1891425,0.35389531,-0.93321997,0.062118277,0
0.1457597,2.2300534,3.0564568,0.2045363,0.14203084,0.96849996,0
-0.29035467,0.99061871,3.3676927,0.2045363,0.14203084,0.96849996,0
-1.4847519,2.5648706,-0.81414628,-0.35389531,0.93321997,-0.062118277,0
2.4978454,-1.1255623,2.9492183,0.91264623,0.33004218,-0.24114141,0
0.28051257,-2.1557803,2.4032347,-0.91264623,-0.33004218,0.24114141,0
0.96781284,-0.77922481,-1.9367865,0.91264623,0.33004218,-0.24114141,0
-1.1383948,-0.0087738335,-3.289964,-0.2045363,-0.14203084,-0.96849996,0
1.3519337,1.9394605,3.157443,0.2045363,0.14203084,0.96849996,0
0.30924797,2.340261,3.2603095,0.2045363,0.14203084,0.96849996,0
1.5657127,-1.4167333,0.12094969,0.91264623,0.33004218,-0.24114141,0
-1.8087699,2.5201128,0.65285254,-0.35389531,0.93321997,-0.062118277,0
-0.13830119,-0.33397603,-3.6862128,-0.2045363,-0.14203084,-0.96849996,0
0.86424232,-3.0300887,-0.43352786,0.35389531,-0.93321997,0.062118277,0
0.64840817,-2.8347673,-0.032837063,0.35389531,-0.93321997,0.062118277,0
1.6135236,-1.005329,1.2767808,0.91264623,0.33004218,-0.24114141,0
0.26751375,-3.4202218,-2.3883402,0.35389531,-0.93321997,0.062118277,0
0.43087018,-1.3489828,3.3911824,-0.91264623,-0.33004218,0.24114141,0
1.0034258,-2.8739157,-0.81824625,0.35389531,-0.93321997,0.062118277,0
1.0832267,-2.8343976,-2.5602822,0.35389531,-0.93321997,0.062118277,0
0.96495402,-2.1791739,3.6374149,0.2045363,0.14203084,0.96849996,0
1.3646872,-2.784533,1.7567285,0.35389531,-0.93321997,0.062118277,0
0.87229407,0.35199589,-0.2320641,0.91264623,0.33004218,-0.24114141,0
-0.33469486,3.2556596,2.7197435,-0.35389531,0.93321997,-0.062118277,0
1.0984483,-2.8785675,-1.8108574,0.35389531,-0.93321997,0.062118277,0
-0.2700057,-2.8299196,-3.1491523,-0.2045363,-0.14203084,-0.96849996,0
1.7123019,0.46971005,2.8651185,0.91264623,0.33004218,-0.24114141,0
0.040556431,3.4278762,1.5811946,-0.35389531,0.93321997,-0.062118277,0
1.1341767,1.0128624,3.2796912,0.2045363,0.14203084,0.96849996,0
-1.6238391,0.91090345,-3.5474453,-0.2045363,-0.14203084,-0.96849996,0
-1.5022312,-0.70528591,-2.5066841,-0.91264623,-0.33004218,0.24114141,0
-0.57056701,3.0941889,-0.89706481,-0.35389531,0.93321997,-0.062118277,0
1.8537748,-2.2189405,2.7257502,0.35389531,-0.93321997,0.062118277,0
0.95929933,-2.6449487,0.913306,0.35389531,-0.93321997,0.062118277,0
0.21671963,-2.302928,2.5830264,-0.91264623,-0.33004218,0.24114141,0
-0.068243504,-0.066573501,-3.6058469,-0.2045363,-0.14203084,-0.96849996,0
-1.543812,0.21588838,-3.5000327,-0.2045363,-0.14203084,-0.96849996,0
1.8690993,-2.3968587,0.98018587,0.35389531,-0.93321997,0.062118277,0
-0.14096618,3.4989703,2.8368711,-0.35389531,0.93321997,-0.062118277,0
0.36823672,-0.54628867,-3.4080107,-0.2045363,-0.14203084,-0.96849996,0
0.10711694,-3.0541656,-3.1304209,-0.2045363,-0.14203084,-0.96849996,0
1.5060377,1.4644368,3.0612378,0.2045363,0.14203084,0.96849996,0
0.7786181,-2.9237933,-0.73295087,0.35389531,-0.93321997,0.062118277,0
-1.7707504,2.2122393,-2.4825161,-0.35389531,0.93321997,-0.062118277,0
-1.2267001,0.89023471,-3.6345341,-0.2045363,-0.14203084,-0.96849996,0
0.98691154,-2.9751668,-3.0619574,0.35389531,-0.93321997,0.062118277,0
-1.1098636,1.4972529,1.3693756,-0.91264623,-0.33004218,0.24114141,0
1.7873392,-0.066897213,3.366796,0.2045363,0.14203084,0.96849996,0
1.0981925,-2.0557344,3.7471259,0.2045363,0.14203084,0.96849996,0
2.1245446,-2.350688,2.7098997,0.35389531,-0.93321997,0.062118277,0
0.89947993,0.25230366,-0.91364503,0.91264623,0.33004218,-0.24114141,0
1.5275567,-2.9018669,-1.0150024,0.35389531,-0.93321997,0.062118277,0
0.9134689,2.6737766,2.2577429,0.91264623,0.33004218,-0.24114141,0
-1.0008962,1.6422688,2.4075716,-0.91264623,-0.33004218,0.24114141,0
0.031262636,-2.7632723,-3.0149019,-0.2045363,-0.14203084,-0.96849996,0
-0.89916193,3.005214,-0.65460318,-0.35389531,0.93321997,-0.062118277,0
1.3415315,-2.953778,-2.9069531,0.35389531,-0.93321997,0.062118277,0
-0.30021787,3.2080505,3.1249986,-0.35389531,0.93321997,-0.062118277,0
0.068913847,1.0663999,-2.9204144,0.91264623,0.33004218,-0.24114141,0
0.40435445,-2.5733323,1.38888,-0.91264623,-0.33004218,0.24114141,0
-1.3641193,2.2814357,-3.4855051,-0.35389531,0.93321997,-0.062118277,0
2.0072112,-2.338896,0.15824427,0.35389531,-0.93321997,0.062118277,0
1.3447891,-2.3347964,2.5386412,0.35389531,-0.93321997,0.062118277,0
-1.0889517,2.8115268,-2.8586042,-0.35389531,0.93321997,-0.062118277,0
-0.55116582,3.1908717,2.2587328,-0.35389531,0.93321997,-0.062118277,0
-1.314068,0.11889297,-0.34652999,-0.91264623,-0.33004218,0.24114141,0
0.26822573,0.094438672,3.6506405,0.2045363,0.14203084,0.96849996,0
1.3760707,-2.6913004,-1.8001847,0.35389531,-0.93321997,0.062118277,0
-0.7483722,2.9836287,-1.656576,-0.35389531,0.93321997,-0.062118277,0
-1.3092741,2.3454266,-3.2322841,-0.35389531,0.93321997,-0.062118277,0
-0.78521955,2.985513,-1.4867897,-0.35389531,0.93321997,-0.062118277,0
-1.0432265,2.7669144,3.5949821,0.2045363,0.14203084,0.96849996,0
-0.81324887,3.04076,1.4423497,-0.35389531,0.93321997,-0.062118277,0
-0.57248271,-1.3163832,-3.4243045,-0.2045363,-0.14203084,-0.96849996,0
0.56183243,-2.0821137,-3.3128583,-0.2045363,-0.14203084,-0.96849996,0
0.40565801,1.5539073,3.1653855,0.2045363,0.14203084,0.96849996,0
-0.86013907,-2.0950222,-3.2233028,-0.2045363,-0.14203084,-0.96849996,0
0.82228124,1.6581767,0.88589156,0.91264623,0.33004218,-0.24114141,0
1.8801825,0.46322554,3.2032518,0.91264623,0.33004218,-0.24114141,0
0.9772318,0.25484788,0.1617077,0.91264623,0.33004218,-0.24114141,0
-1.5100002,1.5869237,-3.720113,-0.2045363,-0.14203084,-0.96849996,0
2.1454206,-1.4886444,3.536279,0.2045363,0.14203084,0.96849996,0
-1.6329887,2.6040969,-2.1835406,-0.35389531,0.93321997,-0.062118277,0
-0.13752103,2.5783417,3.143362,0.2045363,0.14203084,0.96849996,0
1.0345169,-2.8424339,1.6796521,0.35389531,-0.93321997,0.062118277,0
1.1198044,-2.1274099,3.636591,0.2045363,0.14203084,0.96849996,0
0.80141824,-0.60355324,3.3530135,0.2045363,0.14203084,0.96849996,0
0.52198416,1.5770543,3.3306854,0.2045363,0.14203084,0.96849996,0
2.2239056,-1.9975133,1.6945946,0.91264623,0.33004218,-0.24114141,0
1.2388939,-0.33073747,3.3280699,0.2045363,0.14203084,0.96849996,0
0.53106403,-2.8936238,-1.3014134,0.35389531,-0.93321997,0.062118277,0
-0.39825511,3.0349832,0.72029757,-0.35389531,0.93321997,-0.062118277,0
0.050935537,-0.18264414,-3.6792974,-0.2045363,-0.14203084,-0.96849996,0
0.15174599,0.78744131,-1.9680566,0.91264623,0.33004218,-0.24114141,0
0.47793341,-3.2065523,-1.0860376,0.35389531,-0.93321997,0.062118277,0
-0.75404227,2.8594575,-2.267751,-0.35389531,0.93321997,-0.062118277,0
0.28625011,-3.432194,-2.1618683,0.35389531,-0.93321997,0.062118277,0
-0.43404484,3.2979977,2.3376379,-0.35389531,0.93321997,-0.062118277,0
-0.099331379,-3.587472,-3.1202006,-0.2045363,-0.14203084,-0.96849996,0
-0.17505538,3.0576057,0.29043683,-0.35389531,0.93321997,-0.062118277,0
-0.50381434,-1.3642098,-0.41144317,-0.91264623,-0.33004218,0.24114141,0
0.44770479,-2.9050319,0.33687168,0.35389531,-0.93321997,0.062118277,0
-1.1123285,-1.3799676,-3.3431132,-0.2045363,-0.14203084,-0.96849996,0
0.2691468,-0.0109272,-2.8406892,0.91264623,0.33004218,-0.24114141,0
1.8289328,-1.0502372,1.2618091,0.91264623,0.33004218,-0.24114141,0
-1.0825133,2.8352606,3.5035224,-0.91264623,-0.33004218,0.24114141,0
0.99234521,-1.7909348,-2.1150169,0.91264623,0.33004218,-0.24114141,0
-0.17707729,3.2805493,3.3343997,-0.35389531,0.93321997,-0.062118277,0
-1.1711977,0.25658402,-0.47505754,-0.91264623,-0.33004218,0.24114141,0
-0.95589209,2.8407624,-0.40386781,-0.35389531,0.93321997,-0.062118277,0
-2.2418804,1.3643835,-3.2003613,-0.2045363,-0.14203084,-0.96849996,0
-1.2696676,2.6300297,1.2427254,-0.35389531,0.93321997,-0.062118277,0
-0.42870569,3.1070509,3.2321103,0.2045363,0.14203084,0.96849996,0
1.4110119,0.3939901,3.3180156,0.2045363,0.14203084,0.96849996,0
-1.619107,0.98036551,-3.4568946,-0.2045363,-0.14203084,-0.96849996,0
-1.1047822,-0.24183929,0.11051772,-0.91264623,-0.33004218,0.24114141,0
1.3518263,-2.0538347,3.7013624,0.2045363,0.14203084,0.96849996,0
-0.98319411,1.3551207,-3.6231332,-0.2045363,-0.14203084,-0.96849996,0
0.74037433,-3.3042519,-3.2702312,0.35389531,-0.93321997,0.062118277,0
1.3276831,-0.39041352,3.3106623,0.2045363,0.14203084,0.96849996,0
1.1198614,-2.7378478,2.1624839,0.35389531,-0.93321997,0.062118277,0
0.52046967,3.3370323,3.1288347,0.2045363,0.14203084,0.96849996,0
1.9854083,-0.5146476,3.2570112,0.2045363,0.14203084,0.96849996,0
-1.8316447,2.2240684,-2.1777008,-0.35389531,0.93321997,-0.062118277,0
0.64719903,-1.0503592,3.6919065,0.2045363,0.14203084,0.96849996,0
0.16177604,-0.961007,3.5392091,-0.91264623,-0.33004218,0.24114141,0
0.025086045,1.7506814,-1.1563343,0.91264623,0.33004218,-0.24114141,0
1.9115751,-2.4671793,1.0916421,0.35389531,-0.93321997,0.062118277,0
-0.044910669,2.4121733,-1.7967861,0.91264623,0.33004218,-0.24114141,0
-0.29052639,1.3664801,3.5720277,0.2045363,0.14203084,0.96849996,0
-0.94476098,-0.31137514,0.15160243,-0.91264623,-0.33004218,0.24114141,0
-1.6674329,-0.48169434,-2.5619709,-0.91264623,-0.33004218,0.24114141,0
-0.18394566,-3.5616925,-3.0742269,-0.2045363,-0.14203084,-0.96849996,0
1.3583887,-0.3082529,3.3876212,0.2045363,0.14203084,0.96849996,0
0.50031877,-1.8571916,-3.6362159,-0.2045363,-0.14203084,-0.96849996,0
-0.79718947,0.24414471,-3.677156,-0.2045363,-0.14203084,-0.96849996,0
-0.096251845,-2.55199,-3.080415,-0.2045363,-0.14203084,-0.96849996,0
-0.6250577,1.5457896,-3.7327993,-0.2045363,-0.14203084,-0.96849996,0
-1.289019,2.5684228,-2.8863368,-0.35389531,0.93321997,-0.062118277,0
-0.5538826,1.5802631,-3.6842222,-0.2045363,-0.14203084,-0.96849996,0
-0.64022672,0.99607813,3.4533539,-0.91264623,-0.33004218,0.24114141,0
-1.5220606,2.6014118,1.7837772,-0.35389531,0.93321997,-0.062118277,0
1.4503459,-2.4243469,3.7884238,0.35389531,-0.93321997,0.062118277,0
-0.40104923,-0.3983748,-3.5746155,-0.2045363,-0.14203084,-0.96849996,0
1.6342217,-1.8472192,-0.77729267,0.91264623,0.33004218,-0.24114141,0
-0.27955997,-0.29846239,-3.3299279,-0.2045363,-0.14203084,-0.96849996,0
-2.4876847,2.1445,-3.2119026,-0.35389531,0.93321997,-0.062118277,0
1.1501788,-2.6725509,-1.04198,0.35389531,-0.93321997,0.062118277,0
0.43899167,1.7302709,0.12140971,0.91264623,0.33004218,-0.24114141,0
0.93333828,-0.074026465,-0.97978199,0.91264623,0.33004218,-0.24114141,0
-1.3404272,0.57552433,0.67934799,-0.91264623,-0.33004218,0.24114141,0
-0.69805026,3.0906353,0.43706283,-0.35389531,0.93321997,-0.062118277,0
-0.19073236,-3.1334963,-0.12211445,-0.91264623,-0.33004218,0.24114141,0
0.68133366,3.1815848,2.4401324,0.91264623,0.33004218,-0.24114141,0
1.6980623,0.38796622,2.2003663,0.91264623,0.33004218,-0.24114141,0
0.045716703,-0.11767423,-3.4485044,-0.2045363,-0.14203084,-0.96849996,0
-0.052143574,-2.9759767,-3.2443585,-0.2045363,-0.14203084,-0.96849996,0
0.16737834,0.28879431,3.4643536,0.2045363,0.14203084,0.96849996,0
1.4851358,-2.0505705,-0.81677377,0.91264623,0.33004218,-0.24114141,0
2.0575647,-2.2400594,3.5360973,0.2045363,0.14203084,0.96849996,0
-1.7827034,2.4954233,-3.2971737,-0.35389531,0.93321997,-0.062118277,0
1.6043646,-2.4937274,1.1675293,0.35389531,-0.93321997,0.062118277,0
0.016423464,-3.0855138,-1.3521789,0.35389531,-0.93321997,0.062118277,0
-1.2442286,2.544313,-1.4374857,-0.35389531,0.93321997,-0.062118277,0
2.0029149,-2.3113723,-0.0079645216,0.91264623,0.33004218,-0.24114141,0
-0.36025906,-2.539885,-1.4727674,-0.91264623,-0.33004218,0.24114141,0
-0.17583835,-3.1164553,-2.9811382,-0.2045363,-0.14203084,-0.96849996,0
-0.9648217,2.0037098,-3.5438981,-0.2045363,-0.14203084,-0.96849996,0
-1.04822,-0.039654195,-3.3349478,-0.2045363,-0.14203084,-0.96849996,0
-0.13574338,3.3083239,3.0608232,0.2045363,0.14203084,0.96849996,0
-0.84708846,-1.7826383,-3.3313012,-0.2045363,-0.14203084,-0.96849996,0
-1.3391489,2.6272485,-3.3244436,-0.35389531,0.93321997,-0.062118277,0
0.94801027,-0.37138224,3.5098026,0.2045363,0.14203084,0.96849996,0
-2.2908769,0.95683688,-3.2324011,-0.91264623,-0.33004218,0.24114141,0
-1.7144539,2.4316216,-1.9956306,-0.35389531,0.93321997,-0.062118277,0
1.5807788,-2.7930074,-0.0037969649,0.35389531,-0.93321997,0.062118277,0
-0.6390003,-2.2472334,-3.1793113,-0.2045363,-0.14203084,-0.96849996,0
-0.48436511,-3.2506752,-2.7730098,-0.91264623,-0.33004218,0.24114141,0
1.2167877,-0.48919946,3.6182227,0.2045363,0.14203084,0.96849996,0
1.3213089,-2.5965493,-1.241742,0.35389531,-0.93321997,0.062118277,0
-1.5114042,1.7124249,-3.5287375,-0.2045363,-0.14203084,-0.96849996,0
-2.1476977,1.7759075,-0.98267597,-0.91264623,-0.33004218,0.24114141,0
1.0968409,-2.7978086,-1.3703243,0.35389531,-0.93321997,0.062118277,0
1.4808649,-2.671263,2.8389282,0.35389531,-0.93321997,0.062118277,0
0.20759487,-1.7995701,-3.5908046,-0.2045363,-0.14203084,-0.96849996,0
0.96180177,-3.1333354,-2.4571679,0.35389531,-0.93321997,0.062118277,0
-1.0142699,-1.3816497,-1.4761404,-0.91264623,-0.33004218,0.24114141,0
-1.211096,2.6339381,-3.146039,-0.35389531,0.93321997,-0.062118277,0
0.18616942,-0.033032477,-3.4443133,0.91264623,0.33004218,-0.24114141,0
1.4102963,-2.6811485,2.1171303,0.35389531,-0.93321997,0.062118277,0
-0.57893002,-2.5791221,-1.7324432,-0.91264623,-0.33004218,0.24114141,0
2.1191981,-1.6191018,3.2889547,0.2045363,0.14203084,0.96849996,0
1.8542224,0.21915275,2.555793,0.91264623,0.33004218,-0.24114141,0
0.68937993,-3.0868897,-0.73219299,0.35389531,-0.93321997,0.062118277,0
-0.34341443,-2.649698,-2.9972856,-0.2045363,-0.14203084,-0.96849996,0
1.2587065,0.32774889,0.98802418,0.91264623,0.33004218,-0.24114141,0
0.81114185,-1.1290321,-2.0257964,0.91264623,0.33004218,-0.24114141,0
1.7889473,-2.5348454,-1.0953584,0.35389531,-0.93321997,0.062118277,0
1.0409883,-2.7760565,0.74000275,0.35389531,-0.93321997,0.062118277,0
1.2571354,-2.9085133,-2.2182491,0.35389531,-0.93321997,0.062118277,0
0.64504802,0.85848653,-0.84392232,0.91264623,0.33004218,-0.24114141,0
-1.5547457,2.6587791,1.2391984,-0.35389531,0.93321997,-0.062118277,0
0.2151103,-1.9314066,-3.3297324,-0.2045363,-0.14203084,-0.96849996,0
-1.9706328,2.2372794,-2.8740652,-0.35389531,0.93321997,-0.062118277,0
-0.72913289,2.7276115,3.385334,0.2045363,0.14203084,0.96849996,0
0.83492076,-2.5590219,3.6110907,0.35389531,-0.93321997,0.062118277,0
1.3659543,-0.16525605,3.1816809,0.2045363,0.14203084,0.96849996,0
-0.32598948,3.2720304,2.331923,-0.35389531,0.93321997,-0.062118277,0
0.62204146,-2.9402046,-1.6474488,0.35389531,-0.93321997,0.062118277,0
1.2716924,-2.1367145,-2.9203758,0.91264623,0.33004218,-0.24114141,0
0.1774739,-1.7778279,-3.5904374,-0.2045363,-0.14203084,-0.96849996,0
-1.3452868,1.1241934,1.2102282,-0.91264623,-0.33004218,0.24114141,0
-0.15001607,-2.2224267,-3.0965848,-0.2045363,-0.14203084,-0.96849996,0
-0.12238276,1.4209691,3.3386574,0.2045363,0.14203084,0.96849996,0
-0.85147989,2.6112177,-2.9603159,-0.35389531,0.93321997,-0.062118277,0
0.040782064,-0.88479018,2.5707555,-0.91264623,-0.33004218,0.24114141,0
-1.3567243,-1.4431758,-2.3699288,-0.91264623,-0.33004218,0.24114141,0
-1.3213503,2.6010041,-3.429682,-0.35389531,0.93321997,-0.062118277,0
1.243557,-0.66432822,3.2604289,0.2045363,0.14203084,0.96849996,0
2.6644673,-2.1486235,2.9143748,0.35389531,-0.93321997,0.062118277,0
-2.2269747,1.4711962,-3.1709356,-0.2045363,-0.14203084,-0.96849996,0
1.0087245,0.014680579,3.4783068,0.2045363,0.14203084,0.96849996,0
0.55356979,-3.1838045,0.28764486,0.35389531,-0.93321997,0.062118277,0
-0.41126326,-0.85910547,-3.2643635,-0.2045363,-0.14203084,-0.96849996,0
1.5869759,-0.17669424,3.2951846,0.2045363,0.14203084,0.96849996,0
-1.439625,2.7347775,0.5887543,-0.35389531,0.93321997,-0.062118277,0
1.0018071,-0.16439006,-0.11391161,0.91264623,0.33004218,-0.24114141,0
-0.30476964,-3.2918913,-1.9130406,0.35389531,-0.93321997,0.062118277,0
-1.9052863,0.14513731,-2.3723764,-0.91264623,-0.33004218,0.24114141,0
-1.2345325,2.0037453,1.4954939,-0.91264623,-0.33004218,0.24114141,0
0.57374108,-2.7726107,0.34260428,0.35389531,-0.93321997,0.062118277,0
-2.6934977,2.0333104,-2.942071,-0.35389531,0.93321997,-0.062118277,0
1.1882926,-0.51507401,-0.77635121,0.91264623,0.33004218,-0.24114141,0
0.30329573,-0.82448137,-3.7376959,-0.2045363,-0.14203084,-0.96849996,0
-2.4334376,2.3104129,-2.438693,-0.35389531,0.93321997,-0.062118277,0
-1.0493605,2.6199372,-1.2165534,-0.35389531,0.93321997,-0.062118277,0
0.46676892,-0.24633607,-3.4739532,0.91264623,0.33004218,-0.24114141,0
0.75598007,1.8370974,3.1651719,0.2045363,0.14203084,0.96849996,0
0.74340808,-2.343255,3.6119084,0.2045363,0.14203084,0.96849996,0
-1.3685076,2.4706142,-2.4370332,-0.35389531,0.93321997,-0.062118277,0
2.2927213,-1.3034532,2.4766719,0.91264623,0.33004218,-0.24114141,0
0.72074974,-2.1680689,3.9809093,0.2045363,0.14203084,0.96849996,0
1.4969336,-2.1668355,3.4708767,0.2045363,0.14203084,0.96849996,0
0.60027862,-0.28180081,-3.0522215,0.91264623,0.33004218,-0.24114141,0
1.2146642,0.79293346,2.1838436,0.91264623,0.33004218,-0.24114141,0
1.6442677,-1.8541048,-1.1605489,0.91264623,0.33004218,-0.24114141,0
0.32889986,3.5959418,2.8217463,-0.35389531,0.93321997,-0.062118277,0
-0.10754681,1.2158201,-2.2974215,0.91264623,0.33004218,-0.24114141,0
1.3377519,0.778023,3.3174398,0.2045363,0.14203084,0.96849996,0
-0.14516032,1.5821359,3.3357251,0.2045363,0.14203084,0.96849996,0
-0.77058208,2.5629339,-2.7943068,-0.35389531,0.93321997,-0.062118277,0
0.95903718,-2.760783,3.6799552,0.2045363,0.14203084,0.96849996,0
0.87830448,-0.44691777,3.5288723,0.2045363,0.14203084,0.96849996,0
-0.1465795,-3.4006717,-2.541805,0.35389531,-0.93321997,0.062118277,0
-2.0871153,1.2171551,-3.4895053,-0.2045363,-0.14203084,-0.96849996,0
0.94316363,-3.2005434,-2.9854877,0.35389531,-0.93321997,0.062118277,0
-0.10123229,-1.0251083,-3.6260605,-0.2045363,-0.14203084,-0.96849996,0
1.5502851,-0.82393736,1.1614925,0.91264623,0.33004218,-0.24114141,0
0.86101627,-2.9664667,-2.8187461,0.35389531,-0.93321997,0.062118277,0
0.48637843,-3.0910525,-1.6169221,0.35389531,-0.93321997,0.062118277,0
-0.17444211,0.83496714,3.6565285,0.2045363,0.14203084,0.96849996,0
0.11992347,-2.9834538,-0.19059527,0.35389531,-0.93321997,0.062118277,0
-0.88772732,0.76899207,1.1293309,-0.91264623,-0.33004218,0.24114141,0
-1.3225315,1.5186089,-3.4340048,-0.2045363,-0.14203084,-0.96849996,0
0.63642442,0.0065565705,-2.4268222,0.91264623,0.33004218,-0.24114141,0
0.42971307,0.050037712,-1.7402358,0.91264623,0.33004218,-0.24114141,0
1.0153601,-2.5370691,1.4197603,0.35389531,-0.93321997,0.062118277,0
0.32692564,-0.21098074,-2.9094431,0.91264623,0.33004218,-0.24114141,0
-2.2056611,1.090505,-2.0004246,-0.91264623,-0.33004218,0.24114141,0
-0.59260321,2.1800017,-3.0617826,0.91264623,0.33004218,-0.24114141,0
1.6786591,-1.8628799,3.5505261,0.2045363,0.14203084,0.96849996,0
1.496176,-2.3215032,3.0879872,0.35389531,-0.93321997,0.062118277,0
-0.4540841,0.69858927,2.5770407,-0.91264623,-0.33004218,0.24114141,0
-1.4134204,0.27485034,-3.3872657,-0.2045363,-0.14203084,-0.96849996,0
0.035799146,3.1618929,-0.42222771,0.91264623,0.33004218,-0.24114141,0
1.8542067,-0.68984318,1.4397753,0.91264623,0.33004218,-0.24114141,0
1.3510373,1.4299126,2.7983787,0.91264623,0.33004218,-0.24114141,0
1.8226087,-2.2184305,2.5694981,0.35389531,-0.93321997,0.062118277,0
1.4372146,-2.7473996,-2.2424176,0.91264623,0.33004218,-0.24114141,0
0.25834876,1.5361639,3.3151715,0.2045363,0.14203084,0.96849996,0
0.18200976,1.2230747,-2.2790127,0.91264623,0.33004218,-0.24114141,0
-0.30635929,-2.2925072,-0.60942769,-0.91264623,-0.33004218,0.24114141,0
-1.5969361,1.6072989,-3.6047957,-0.2045363,-0.14203084,-0.96849996,0
-0.78833425,-1.7557199,-3.1431303,-0.2045363,-0.14203084,-0.96849996,0
1.7035801,-2.5577703,2.8919086,0.35389531,-0.93321997,0.062118277,0
1.5137939,-2.647155,0.32349148,0.35389531,-0.93321997,0.062118277,0
0.595783,-3.2786641,-1.8897649,0.35389531,-0.93321997,0.062118277,0
-0.7774719,1.49075,3.4798651,0.2045363,0.14203084,0.96849996,0
0.66288006,3.5021608,2.7049189,-0.35389531,0.93321997,-0.062118277,0
1.0145066,1.740397,3.0010743,0.2045363,0.14203084,0.96849996,0
1.5832613,-2.3070438,2.2491093,0.35389531,-0.93321997,0.062118277,0
1.0543513,-3.0333545,-2.385474,0.35389531,-0.93321997,0.062118277,0
-0.93592119,2.8545706,0.63680363,-0.35389531,0.93321997,-0.062118277,0
0.86953235,1.4426568,1.6920487,0.91264623,0.33004218,-0.24114141,0
0.55707675,-0.56313139,-3.5821357,0.91264623,0.33004218,-0.24114141,0
1.5967897,0.56062329,2.354166,0.91264623,0.33004218,-0.24114141,0
-1.014452,2.7966809,2.2944512,-0.35389531,0.93321997,-0.062118277,0
-0.36002809,0.66000533,2.8707902,-0.91264623,-0.33004218,0.24114141,0
2.4891222,-1.4943982,2.7288043,0.91264623,0.33004218,-0.24114141,0
-1.6669865,2.4060404,1.5164664,-0.91264623,-0.33004218,0.24114141,0
0.88731241,-0.51766545,-1.9639611,0.91264623,0.33004218,-0.24114141,0
-1.556344,2.5122509,-3.0036576,-0.35389531,0.93321997,-0.062118277,0
0.8732447,-1.2063545,3.5005124,0.2045363,0.14203084,0.96849996,0
-1.7369245,0.59602398,-2.0284488,-0.91264623,-0.33004218,0.24114141,0
-0.99863082,-2.9125533,-3.0630012,-0.2045363,-0.14203084,-0.96849996,0
-0.12739733,-0.0077915192,3.0831735,-0.91264623,-0.33004218,0.24114141,0
-0.053162575,1.3766056,3.5305297,0.2045363,0.14203084,0.96849996,0
-1.4567959,0.59898764,0.25498736,-0.91264623,-0.33004218,0.24114141,0
-1.2422748,0.60676903,-3.5609295,-0.2045363,-0.14203084,-0.96849996,0
0.83806002,-1.6777146,3.5428059,0.2045363,0.14203084,0.96849996,0
-0.69562531,2.9716203,0.86137033,-0.35389531,0.93321997,-0.062118277,0
0.72437829,1.7296823,3.1598647,0.2045363,0.14203084,0.96849996,0
2.4487689,-1.9947571,1.62868,0.91264623,0.33004218,-0.24114141,0
-2.111182,0.88769329,-2.8278809,-0.91264623,-0.33004218,0.24114141,0
-0.28593779,2.9451089,-0.84678143,-0.35389531,0.93321997,-0.062118277,0
0.55514395,3.2727838,2.2214527,0.91264623,0.33004218,-0.24114141,0
2.102277,-1.8822162,1.326138,0.91264623,0.33004218,-0.24114141,0
0.18596292,-1.5175847,2.6670742,-0.91264623,-0.33004218,0.24114141,0
-0.044420958,3.2773519,3.1863661,-0.35389531,0.93321997,-0.062118277,0
1.1902298,-0.21038198,3.5883262,0.2045363,0.14203084,0.96849996,0
-0.59425569,1.6962641,3.5493805,0.2045363,0.14203084,0.96849996,0
0.087038875,-2.3127956,0.87546301,-0.91264623,-0.33004218,0.24114141,0
-1.7672222,2.508446,1.6176622,-0.35389531,0.93321997,-0.062118277,0
1.9379745,-0.71016318,3.4389317,0.2045363,0.14203084,0.96849996,0
-0.13429773,2.9647601,-0.77267659,-0.35389531,0.93321997,-0.062118277,0
-0.92064464,2.5117178,-3.1844959,-0.35389531,0.93321997,-0.062118277,0
-0.55832613,0.25964993,2.2030377,-0.91264623,-0.33004218,0.24114141,0
-0.31682539,-1.222905,-3.339479,-0.2045363,-0.14203084,-0.96849996,0
-0.082385063,2.4189115,-1.478138,0.91264623,0.33004218,-0.24114141,0
2.4187226,-1.987347,2.3152373,0.35389531,-0.93321997,0.062118277,0
-0.47470698,-0.95991439,1.1502647,-0.91264623,-0.33004218,0.24114141,0
-0.32372093,-2.9997947,-3.0038147,-0.2045363,-0.14203084,-0.96849996,0
-0.029132485,-2.9994674,-0.38459888,-0.91264623,-0.33004218,0.24114141,0
2.0326352,-0.61965001,3.3163512,0.2045363,0.14203084,0.96849996,0
0.56780005,1.3396978,-0.10862112,0.91264623,0.33004218,-0.24114141,0
1.2702296,1.2441897,2.5493863,0.91264623,0.33004218,-0.24114141,0
-1.6927388,2.4674959,-1.8715677,-0.35389531,0.93321997,-0.062118277,0
-1.8846049,1.1428357,-3.2520347,-0.2045363,-0.14203084,-0.96849996,0
-1.5337048,2.7363431,0.20147407,-0.35389531,0.93321997,-0.062118277,0
-0.71210015,2.9761589,0.011648148,-0.35389531,0.93321997,-0.062118277,0
-0.15302241,2.8368561,-1.1654634,0.91264623,0.33004218,-0.24114141,0
-2.6083856,2.0262313,-2.9019203,-0.91264623,-0.33004218,0.24114141,0
-1.3559659,2.4744921,-2.7324376,-0.35389531,0.93321997,-0.062118277,0
1.4370811,-2.8938293,-0.29113096,0.35389531,-0.93321997,0.062118277,0
0.47010523,-1.6206923,3.9576573,0.2045363,0.14203084,0.96849996,0
-0.53729379,-3.3386114,-2.9208872,-0.2045363,-0.14203084,-0.96849996,0
1.9445771,-2.5186515,1.517153,0.35389531,-0.93321997,0.062118277,0
1.3916575,-2.7113647,2.6454608,0.35389531,-0.93321997,0.062118277,0
-0.60417485,0.010728598,1.9442061,-0.91264623,-0.33004218,0.24114141,0
-0.82806849,-0.85906953,0.17842904,-0.91264623,-0.33004218,0.24114141,0
0.69535685,-2.6513345,-3.4295995,-0.2045363,-0.14203084,-0.96849996,0
0.92639303,-3.065589,-3.1712115,0.35389531,-0.93321997,0.062118277,0
0.88042581,-2.8917911,0.19340751,0.35389531,-0.93321997,0.062118277,0
0.0037308335,-0.047008485,-3.3870621,0.91264623,0.33004218,-0.24114141,0
0.8760978,-2.6338758,3.7750533,0.2045363,0.14203084,0.96849996,0
-2.2791328,2.0208905,-0.95077431,-0.91264623,-0.33004218,0.24114141,0
0.528467,-1.3350875,3.7889593,0.2045363,0.14203084,0.96849996,0
-0.41212606,-3.3377886,-1.9879209,-0.91264623,-0.33004218,0.24114141,0
-2.3134465,1.0093594,-3.4698117,-0.2045363,-0.14203084,-0.96849996,0
-1.6701616,2.5223646,-3.6697676,-0.35389531,0.93321997,-0.062118277,0
0.12863716,-0.023257375,-3.5306602,0.91264623,0.33004218,-0.24114141,0
-0.15425149,-1.1464348,2.6985662,-0.91264623,-0.33004218,0.24114141,0
-1.6675366,-0.46566218,-2.5690002,-0.91264623,-0.33004218,0.24114141,0
0.31575084,-2.1016254,-3.4376481,-0.2045363,-0.14203084,-0.96849996,0
0.97595882,2.2309179,2.9561658,0.2045363,0.14203084,0.96849996,0
-0.32443607,3.0037153,0.54214293,-0.35389531,0.93321997,-0.062118277,0
1.7735236,-2.5053763,2.0668852,0.35389531,-0.93321997,0.062118277,0
1.6496189,-2.8547885,-1.196455,0.91264623,0.33004218,-0.24114141,0
1.5399339,-2.5456007,-0.050099969,0.35389531,-0.93321997,0.062118277,0
-0.79493725,1.9529808,3.1541436,-0.91264623,-0.33004218,0.24114141,0
-1.490132,2.4281263,-3.4269121,-0.35389531,0.93321997,-0.062118277,0
-1.8285005,2.5329015,-1.0708207,-0.35389531,0.93321997,-0.062118277,0
1.7157778,-2.0270276,-1.0216446,0.91264623,0.33004218,-0.24114141,0
-1.3312196,0.057059646,-1.1237792,-0.91264623,-0.33004218,0.24114141,0
-0.12759572,0.93082672,-3.5860109,-0.2045363,-0.14203084,-0.96849996,0
-0.59770191,2.9249699,-0.28055292,-0.35389531,0.93321997,-0.062118277,0
-0.71089542,-2.5245228,-3.1925898,-0.2045363,-0.14203084,-0.96849996,0
-1.8595999,0.71062791,-2.3042386,-0.91264623,-0.33004218,0.24114141,0
-0.59393346,3.0899963,-1.0679834,-0.35389531,0.93321997,-0.062118277,0
1.4273822,-1.7734712,-0.59455681,0.91264623,0.33004218,-0.24114141,0
0.89746618,-2.8500774,-2.1381538,0.35389531,-0.93321997,0.062118277,0
0.62953401,-2.9651854,-1.468954,0.35389531,-0.93321997,0.062118277,0
0.039298296,2.9339077,3.126647,0.2045363,0.14203084,0.96849996,0
-2.0475817,1.3150386,-1.4452237,-0.91264623,-0.33004218,0.24114141,0
0.72178936,-2.9507136,0.87622601,0.35389531,-0.93321997,0.062118277,0
0.8487311,0.16959314,3.5277133,0.2045363,0.14203084,0.96849996,0
1.1040125,-0.92770785,3.5002024,0.2045363,0.14203084,0.96849996,0
0.85721391,0.32551348,0.13073176,0.91264623,0.33004218,-0.24114141,0
-0.84207308,2.6380816,-3.2338009,-0.35389531,0.93321997,-0.062118277,0
0.48506689,1.9376855,-0.25051486,0.91264623,0.33004218,-0.24114141,0
0.56267202,-1.9308114,3.8758311,0.2045363,0.14203084,0.96849996,0
1.4988668,-1.2158211,-0.50958437,0.91264623,0.33004218,-0.24114141,0
-1.25349,3.0356934,2.4272718,-0.35389531,0.93321997,-0.062118277,0
-0.5563736,1.1228284,2.8456967,-0.91264623,-0.33004218,0.24114141,0
-0.73295283,1.59611,3.7011747,0.2045363,0.14203084,0.96849996,0
0.35709614,-1.6881453,2.5549533,-0.91264623,-0.33004218,0.24114141,0
0.40134072,-1.7684904,-3.4623933,-0.2045363,-0.14203084,-0.96849996,0
0.94120961,0.10539739,3.3910773,0.2045363,0.14203084,0.96849996,0
2.0347564,-1.6288834,3.5321527,0.2045363,0.14203084,0.96849996,0
-1.2485957,-1.5212274,-2.9565392,-0.91264623,-0.33004218,0.24114141,0
0.021692038,-3.4336505,-2.7810166,0.35389531,-0.93321997,0.062118277,0
0.45017028,2.7259524,0.62160218,0.91264623,0.33004218,-0.24114141,0
-0.82886195,2.6750271,3.5958676,0.2045363,0.14203084,0.96849996,0
-0.98443174,3.0217941,2.5346146,-0.35389531,0.93321997,-0.062118277,0
-1.9521635,2.574276,0.062383384,-0.35389531,0.93321997,-0.062118277,0
-0.67622209,2.884212,-0.99370265,-0.35389531,0.93321997,-0.062118277,0
1.1510354,-1.9115769,3.547164,0.2045363,0.14203084,0.96849996,0
1.3488709,-2.0730867,-1.1112577,0.91264623,0.33004218,-0.24114141,0
1.7092479,-2.5171962,2.0388327,0.35389531,-0.93321997,0.062118277,0
-0.044937551,1.0276679,3.3581755,0.2045363,0.14203084,0.96849996,0
-2.1921141,0.98471904,-3.1116424,-0.91264623,-0.33004218,0.24114141,0
-0.24829555,2.4064763,-1.2656623,0.91264623,0.33004218,-0.24114141,0
-0.43224597,2.8064349,-1.0142431,-0.35389531,0.93321997,-0.062118277,0
-1.4323345,-0.95788908,-3.2573726,-0.2045363,-0.14203084,-0.96849996,0
1.7697455,-1.6197009,1.1576715,0.91264623,0.33004218,-0.24114141,0
-1.134944,0.24190456,-3.5272067,-0.2045363,-0.14203084,-0.96849996,0
-2.107132,1.8676045,-1.0895822,-0.91264623,-0.33004218,0.24114141,0
-0.32689822,2.9723573,-1.6026778,-0.35389531,0.93321997,-0.062118277,0
0.63493264,1.7201794,0.55029267,0.91264623,0.33004218,-0.24114141,0
1.9093491,-1.2854137,1.5097141,0.91264623,0.33004218,-0.24114141,0
-2.0788002,1.1065034,-3.4762058,-0.2045363,-0.14203084,-0.96849996,0
-2.0225286,2.3238738,-1.8016276,-0.35389531,0.93321997,-0.062118277,0
1.5030794,-1.2935951,3.4673588,0.2045363,0.14203084,0.96849996,0
1.018898,-2.5032487,1.9217513,0.35389531,-0.93321997,0.062118277,0
1.3286567,-2.9223034,-2.3736458,0.35389531,-0.93321997,0.062118277,0
0.64007771,1.4682809,3.3015347,0.2045363,0.14203084,0.96849996,0
0.99514353,0.45350125,3.3131049,0.2045363,0.14203084,0.96849996,0
-0.79168248,3.1721871,3.3727221,0.2045363,0.14203084,0.96849996,0
0.54735118,-1.5568063,3.4768219,-0.91264623,-0.33004218,0.24114141,0
-0.67533183,-2.2703128,-3.2855434,-0.2045363,-0.14203084,-0.96849996,0
1.4585066,-2.8140755,0.17546117,0.35389531,-0.93321997,0.062118277,0
-0.54909414,-1.9414951,-3.2870579,-0.2045363,-0.14203084,-0.96849996,0
-2.1172168,1.922997,-3.3475568,-0.2045363,-0.14203084,-0.96849996,0
1.2770061,-2.7010076,0.63072085,0.35389531,-0.93321997,0.062118277,0
-1.6897614,0.84799349,-1.828897,-0.91264623,-0.33004218,0.24114141,0
-1.84565,1.1486166,-3.3855968,-0.2045363,-0.14203084,-0.96849996,0
-0.93049181,-0.84535325,-3.1506917,-0.2045363,-0.14203084,-0.96849996,0
-0.38483095,0.46433029,-3.4379106,-0.2045363,-0.14203084,-0.96849996,0
-0.33688748,-2.5321887,-0.38120848,-0.91264623,-0.33004218,0.24114141,0
-1.5334935,2.5616949,-0.66474921,-0.35389531,0.93321997,-0.062118277,0
-0.0045166016,-2.1022549,-3.277081,-0.2045363,-0.14203084,-0.96849996,0
-2.3179665,2.2388716,-2.7346017,-0.35389531,0.93321997,-0.062118277,0
-0.036224484,1.1536337,3.4307299,0.2045363,0.14203084,0.96849996,0
-1.7023013,0.50582135,-1.163691,-0.91264623,-0.33004218,0.24114141,0
-0.30356431,3.1351953,2.9768753,-0.35389531,0.93321997,-0.062118277,0
-1.391362,0.31208932,-3.226331,-0.2045363,-0.14203084,-0.96849996,0
0.49876988,-1.8436589,3.6511645,0.2045363,0.14203084,0.96849996,0
0.74066472,-2.8297448,0.84487236,0.35389531,-0.93321997,0.062118277,0
-0.71053129,1.4905822,-3.8408098,-0.2045363,-0.14203084,-0.96849996,0
0.58124971,-2.8046165,1.9237183,-0.91264623,-0.33004218,0.24114141,0
-0.30888176,2.2841105,-2.8138671,0.91264623,0.33004218,-0.24114141,0
-1.0638905,3.0303915,2.2241702,-0.35389531,0.93321997,-0.062118277,0
1.3567026,-2.600312,-1.0586472,0.35389531,-0.93321997,0.062118277,0
-1.4059598,2.8225508,2.4004073,-0.35389531,0.93321997,-0.062118277,0
-0.30413604,3.0089426,-1.6183583,0.91264623,0.33004218,-0.24114141,0
1.5516744,-2.4951754,-1.5493642,0.91264623,0.33004218,-0.24114141,0
1.0302813,-2.7778292,-0.77430928,0.35389531,-0.93321997,0.062118277,0
1.658783,0.36064416,2.3590648,0.91264623,0.33004218,-0.24114141,0
-1.5722044,0.59904766,-1.5906498,-0.91264623,-0.33004218,0.24114141,0
-0.72646046,-0.5970962,-0.069940083,-0.91264623,-0.33004218,0.24114141,0
-2.1876888,2.3221881,-1.948342,-0.35389531,0.93321997,-0.062118277,0
1.224301,-2.1971898,3.6169686,0.2045363,0.14203084,0.96849996,0
-0.42025313,-0.061331093,3.0974658,-0.91264623,-0.33004218,0.24114141,0
-0.57166868,0.74707729,2.9616868,-0.91264623,-0.33004218,0.24114141,0
-2.1537285,2.243427,-1.5570575,-0.91264623,-0.33004218,0.24114141,0
1.1925693,-2.0598478,3.7925246,0.2045363,0.14203084,0.96849996,0
-0.088087797,3.2422016,1.4193496,-0.35389531,0.93321997,-0.062118277,0
1.2672489,-2.9054623,-0.36758909,0.35389531,-0.93321997,0.062118277,0
0.15929413,-0.099544734,-3.644665,-0.2045363,-0.14203084,-0.96849996,0
-0.93733478,-0.11693859,0.16301291,-0.91264623,-0.33004218,0.24114141,0
-1.9283328,1.6473922,-1.2787526,-0.91264623,-0.33004218,0.24114141,0
0.0075390339,-3.2994285,-3.3203762,-0.2045363,-0.14203084,-0.96849996,0
-0.43097529,-0.48508915,-3.5834341,-0.2045363,-0.14203084,-0.96849996,0
1.5065732,-0.87047154,1.0909253,0.91264623,0.33004218,-0.24114141,0
0.92463171,-2.5199575,3.1674521,0.35389531,-0.93321997,0.062118277,0
0.15374684,3.2572598,3.0632277,0.2045363,0.14203084,0.96849996,0
1.0458379,-2.9596689,-0.39370692,0.35389531,-0.93321997,0.062118277,0
-1.40895,1.5583568,-3.4231081,-0.2045363,-0.14203084,-0.96849996,0
-1.4600463,1.6051708,-3.4952245,-0.2045363,-0.14203084,-0.96849996,0
