-0.16530061,-0.035880707,2.8349481,-0.3996619,-0.0051752478,0.91664797,0
-2.8164511,-3.0571342,-4.0442038,-0.81075984,-0.46459541,-0.35611731,0
-4.7168288,-2.080833,-0.72759771,-0.81075984,-0.46459541,-0.35611731,0
2.405746,1.5066543,3.7596345,-0.3996619,-0.0051752478,0.91664797,0
-0.58172983,-1.3564355,0.087757468,0.42771345,-0.88550794,0.18148521,0
-3.1553693,-2.458879,-3.8832765,-0.81075984,-0.46459541,-0.35611731,0
-0.4379741,-1.8312575,-2.8853784,0.42771345,-0.88550794,0.18148521,0
4.93328,1.7971174,0.81074286,0.81075984,0.46459541,0.35611731,0
-1.0597038,-0.92296571,2.2147138,-0.3996619,-0.0051752478,0.91664797,0
-3.5678632,-2.5415423,-3.0807159,-0.81075984,-0.46459541,-0.35611731,0
-4.3675504,-0.77471352,0.21095109,-0.42771345,0.88550794,-0.18148521,0
2.9286823,3.0110409,3.3144932,0.81075984,0.46459541,0.35611731,0
4.9422817,2.1362391,0.10661411,0.81075984,0.46459541,0.35611731,0
-0.91479325,1.08228,1.2362064,-0.42771345,0.88550794,-0.18148521,0
-4.6168861,-2.0269516,0.64872551,-0.3996619,-0.0051752478,0.91664797,0
-2.3848853,-2.5797434,-3.7456503,0.3996619,0.0051752478,-0.91664797,0
-4.0717707,-2.9117281,1.0254512,0.42771345,-0.88550794,0.18148521,0
4.97368,2.1782608,0.34040594,0.81075984,0.46459541,0.35611731,0
2.7441931,0.98115438,-1.3312359,0.3996619,0.0051752478,-0.91664797,0
-2.0057828,0.57326567,1.5523214,-0.42771345,0.88550794,-0.18148521,0
0.28040123,-0.89241689,-2.7624254,0.3996619,0.0051752478,-0.91664797,0
-2.4184847,-0.9828831,-3.8188667,0.3996619,0.0051752478,-0.91664797,0
3.3169718,1.6050851,4.1335545,0.81075984,0.46459541,0.35611731,0
3.5840309,2.1152718,-1.2893405,0.3996619,0.0051752478,-0.91664797,0
5.4027705,1.3245078,-0.26009226,0.81075984,0.46459541,0.35611731,0
5.3127794,1.5793507,-0.38429213,0.3996619,0.0051752478,-0.91664797,0
-1.862852,-0.11592585,-0.77744418,-0.42771345,0.88550794,-0.18148521,0
-3.6032219,-2.2581351,1.0382745,-0.3996619,-0.0051752478,0.91664797,0
-3.5316982,-0.27463841,0.54355049,-0.42771345,0.88550794,-0.18148521,0
-0.098001361,0.61479723,-1.9510841,-0.42771345,0.88550794,-0.18148521,0
-0.24440312,-1.2685926,-2.7702456,0.3996619,0.0051752478,-0.91664797,0
3.1642261,1.0964288,4.0061359,0.42771345,-0.88550794,0.18148521,0
1.5163755,1.7054513,-0.79842925,-0.42771345,0.88550794,-0.18148521,0
-2.8520174,-3.2229285,-3.8271546,-0.81075984,-0.46459541,-0.35611731,0
-2.4155886,-2.0093744,0.83381033,0.42771345,-0.88550794,0.18148521,0
3.5834084,2.0863175,3.7199252,0.81075984,0.46459541,0.35611731,0
3.5855684,3.0971835,1.9578817,-0.42771345,0.88550794,-0.18148521,0
4.8899479,1.2666099,1.0163198,0.42771345,-0.88550794,0.18148521,0
0.58848333,-0.75431734,-0.31540418,0.42771345,-0.88550794,0.18148521,0
4.7745767,1.8531568,1.2732124,0.81075984,0.46459541,0.35611731,0
2.5006588,0.89634627,3.5139775,0.42771345,-0.88550794,0.18148521,0
2.8469334,3.0648959,3.8356972,-0.3996619,-0.0051752478,0.91664797,0
-4.1356716,-1.841254,-2.7145743,-0.81075984,-0.46459541,-0.35611731,0
-4.906848,-2.1567752,0.088081837,-0.81075984,-0.46459541,-0.35611731,0
3.2515116,3.2341678,2.0139863,-0.42771345,0.88550794,-0.18148521,0
2.5945346,1.3352826,3.7859647,-0.3996619,-0.0051752478,0.91664797,0
4.4810181,2.7824254,-0.34842443,0.81075984,0.46459541,0.35611731,0
-0.42691863,-1.555294,-2.0653982,0.42771345,-0.88550794,0.18148521,0
1.6725777,2.0894506,0.34467673,-0.42771345,0.88550794,-0.18148521,0
-3.1445208,-2.3625529,-3.4896655,-0.81075984,-0.46459541,-0.35611731,0
1.338712,-0.81025946,-1.9899664,0.42771345,-0.88550794,0.18148521,0
-3.1073661,-2.3142838,-3.7646906,-0.81075984,-0.46459541,-0.35611731,0
2.9836674,0.64525712,1.0580914,0.42771345,-0.88550794,0.18148521,0
-1.2699749,-0.047223687,-2.9222608,-0.42771345,0.88550794,-0.18148521,0
2.0555353,0.0087758303,0.2545265,0.42771345,-0.88550794,0.18148521,0
-1.2473226,-0.68232119,-3.1049156,0.3996619,0.0051752478,-0.91664797,0
0.5582211,0.040493995,3.0748081,-0.3996619,-0.0051752478,0.91664797,0
4.5918365,1.3094821,1.5236692,0.81075984,0.46459541,0.35611731,0
4.1812215,2.7461946,1.1640232,0.81075984,0.46459541,0.35611731,0
-3.3047667,-2.7812202,-0.94529963,0.42771345,-0.88550794,0.18148521,0
-4.136466,-2.3728514,-1.5459969,-0.81075984,-0.46459541,-0.35611731,0
-0.62191761,-1.2106254,1.056484,0.42771345,-0.88550794,0.18148521,0
-2.5877326,-2.7230983,-3.7451241,0.3996619,0.0051752478,-0.91664797,0
0.75906038,-1.1118819,-1.7950785,0.42771345,-0.88550794,0.18148521,0
-3.7467461,-2.1589975,-2.4406109,-0.81075984,-0.46459541,-0.35611731,0
-0.14995778,-1.6895002,-2.6151464,0.3996619,0.0051752478,-0.91664797,0
3.4037421,2.3329542,2.7148728,0.81075984,0.46459541,0.35611731,0
2.0610368,2.6712084,3.0712142,-0.42771345,0.88550794,-0.18148521,0
-3.7440653,-2.0842524,1.2868774,-0.3996619,-0.0051752478,0.91664797,0
3.6619925,1.2107919,3.5660601,0.81075984,0.46459541,0.35611731,0
3.9995553,2.3324113,-0.98130369,0.3996619,0.0051752478,-0.91664797,0
1.7351968,0.17806131,-1.847018,0.3996619,0.0051752478,-0.91664797,0
-0.37027597,-0.8156426,2.2316711,0.42771345,-0.88550794,0.18148521,0
2.5589609,0.69220209,3.7999446,0.42771345,-0.88550794,0.18148521,0
-4.6398849,-2.4951546,-0.18663263,-0.81075984,-0.46459541,-0.35611731,0
2.2109671,2.140449,0.67187333,-0.42771345,0.88550794,-0.18148521,0
2.0192635,1.1396884,-1.7020662,0.3996619,0.0051752478,-0.91664797,0
-4.4078903,-2.5304012,0.99553394,-0.3996619,-0.0051752478,0.91664797,0
0.47604346,-1.02201,-1.4523015,0.42771345,-0.88550794,0.18148521,0
-1.3082013,-1.3231487,-3.3262038,0.3996619,0.0051752478,-0.91664797,0
4.5125585,1.4462973,2.3136497,0.81075984,0.46459541,0.35611731,0
-2.905602,-1.5998256,-3.9970326,0.3996619,0.0051752478,-0.91664797,0
2.9198236,0.50695121,0.80374181,0.42771345,-0.88550794,0.18148521,0
0.60141504,-0.7643503,0.53808594,0.42771345,-0.88550794,0.18148521,0
4.0733538,2.6421854,1.0881531,0.81075984,0.46459541,0.35611731,0
1.6721678,2.4125366,2.6104832,-0.42771345,0.88550794,-0.18148521,0
4.5741549,1.5695324,1.9289093,0.81075984,0.46459541,0.35611731,0
-4.5852537,-1.7457025,-1.24246,-0.81075984,-0.46459541,-0.35611731,0
-4.4542017,-1.4955956,-1.7331853,-0.81075984,-0.46459541,-0.35611731,0
-3.6561749,-1.4797864,-3.3039742,-0.81075984,-0.46459541,-0.35611731,0
3.2189174,0.16744411,-0.46559811,0.42771345,-0.88550794,0.18148521,0
3.4951,1.0229784,1.3153515,0.42771345,-0.88550794,0.18148521,0
3.5817389,2.4946547,3.030257,0.81075984,0.46459541,0.35611731,0
3.048018,2.5794446,3.8622041,0.81075984,0.46459541,0.35611731,0
3.2916811,2.158349,-1.3468482,0.3996619,0.0051752478,-0.91664797,0
3.4148626,2.5343289,2.7442,0.81075984,0.46459541,0.35611731,0
-2.7445738,-2.8257158,-3.7581611,-0.81075984,-0.46459541,-0.35611731,0
-4.1510119,-2.3531747,-1.2455525,-0.81075984,-0.46459541,-0.35611731,0
-4.6804743,-2.6117895,0.51717806,-0.81075984,-0.46459541,-0.35611731,0
-4.2588253,-0.8468008,-0.44418478,-0.42771345,0.88550794,-0.18148521,0
-1.9504474,-2.3720384,-1.6270714,0.42771345,-0.88550794,0.18148521,0
-0.5887208,-1.5523425,-3.1620653,0.3996619,0.0051752478,-0.91664797,0
4.7646074,1.6268964,0.81551933,0.81075984,0.46459541,0.35611731,0
-4.1140161,-1.697736,-2.2089632,-0.81075984,-0.46459541,-0.35611731,0
-4.7688231,-2.178381,-0.21279287,-0.81075984,-0.46459541,-0.35611731,0
-2.7240324,-2.8662944,-3.9060631,0.3996619,0.0051752478,-0.91664797,0
-1.5674305,-0.055583775,-2.4961934,-0.42771345,0.88550794,-0.18148521,0
-3.2308125,-2.7005956,-3.0600579,-0.81075984,-0.46459541,-0.35611731,0
3.6203032,1.3008482,3.8509643,0.81075984,0.46459541,0.35611731,0
-4.3164134,-2.3398199,0.94502068,-0.3996619,-0.0051752478,0.91664797,0
-5.3280811,-1.399709,0.34369898,-0.42771345,0.88550794,-0.18148521,0
-4.9082546,-1.8952663,0.40382671,-0.3996619,-0.0051752478,0.91664797,0
-0.072516084,1.1537399,0.79376411,-0.42771345,0.88550794,-0.18148521,0
-2.1714954,-0.62882465,-3.2464736,-0.42771345,0.88550794,-0.18148521,0
3.5185704,1.8949294,3.3563898,0.81075984,0.46459541,0.35611731,0
-1.8903322,-1.6167367,1.8009491,0.42771345,-0.88550794,0.18148521,0
-1.4675761,-0.64032137,-3.4804745,0.3996619,0.0051752478,-0.91664797,0
-1.9649931,-1.7138469,0.73669267,0.42771345,-0.88550794,0.18148521,0
-5.0013866,-1.6101898,-0.34187889,-0.81075984,-0.46459541,-0.35611731,0
-0.49858356,-0.251638,2.4569414,-0.3996619,-0.0051752478,0.91664797,0
-1.9201422,-1.0354089,-3.7783663,0.3996619,0.0051752478,-0.91664797,0
-4.6034184,-2.659086,-0.62145042,-0.81075984,-0.46459541,-0.35611731,0
4.1708679,1.3473933,-1.0924735,0.3996619,0.0051752478,-0.91664797,0
2.495852,1.1279298,-1.7693278,0.3996619,0.0051752478,-0.91664797,0
-3.9041715,-2.9399159,-0.99940705,-0.81075984,-0.46459541,-0.35611731,0
-4.0776482,-3.2448936,-0.47271872,-0.81075984,-0.46459541,-0.35611731,0
-2.001745,-0.017413378,-0.28132236,-0.42771345,0.88550794,-0.18148521,0
-2.9690819,-2.3251252,-3.864409,0.3996619,0.0051752478,-0.91664797,0
-3.2593446,-2.9633491,-0.44948697,0.42771345,-0.88550794,0.18148521,0
1.4356612,0.13863051,2.0757184,0.42771345,-0.88550794,0.18148521,0
-0.75945139,-1.2792687,1.0882142,0.42771345,-0.88550794,0.18148521,0
3.9850597,0.88918012,-1.0393047,0.3996619,0.0051752478,-0.91664797,0
-3.3005087,-2.7097955,0.62254786,0.42771345,-0.88550794,0.18148521,0
-0.4994438,-1.6010938,-0.063581467,0.42771345,-0.88550794,0.18148521,0
-4.8478012,-2.7959373,0.55385923,-0.3996619,-0.0051752478,0.91664797,0
4.1494184,2.8979154,-0.8852191,0.3996619,0.0051752478,-0.91664797,0
-4.4545784,-2.1259646,-1.6047585,-0.81075984,-0.46459541,-0.35611731,0
2.7616944,1.7500806,3.833354,-0.3996619,-0.0051752478,0.91664797,0
2.7806704,2.7265646,3.7988162,0.81075984,0.46459541,0.35611731,0
4.4222965,2.2014556,-0.73169613,0.3996619,0.0051752478,-0.91664797,0
-0.97503614,-0.74611604,2.4058385,-0.3996619,-0.0051752478,0.91664797,0
-3.2305312,-2.4293022,-3.5517557,-0.81075984,-0.46459541,-0.35611731,0
3.1348865,3.1177044,2.9147308,0.81075984,0.46459541,0.35611731,0
-5.1018057,-2.433229,0.40849781,-0.81075984,-0.46459541,-0.35611731,0
3.120595,2.1518731,3.908035,0.81075984,0.46459541,0.35611731,0
-3.8264627,-1.2557352,0.99233627,-0.3996619,-0.0051752478,0.91664797,0
2.2307723,0.95732611,-1.5891869,0.3996619,0.0051752478,-0.91664797,0
-4.121419,-1.8009379,-2.7052958,-0.81075984,-0.46459541,-0.35611731,0
-3.5590515,-2.4095426,1.2082932,-0.3996619,-0.0051752478,0.91664797,0
-4.9373975,-2.2816138,-0.32592154,-0.81075984,-0.46459541,-0.35611731,0
-3.5734963,-2.2473037,-2.86448,-0.81075984,-0.46459541,-0.35611731,0
3.3629599,1.1076535,3.655153,0.42771345,-0.88550794,0.18148521,0
-4.5123024,-1.2610054,0.75144768,-0.3996619,-0.0051752478,0.91664797,0
2.6611438,0.71335137,2.2321699,0.42771345,-0.88550794,0.18148521,0
-5.5151348,-1.6049044,0.417449,-0.3996619,-0.0051752478,0.91664797,0
1.1720154,0.822249,-2.3248076,0.3996619,0.0051752478,-0.91664797,0
-2.3563409,-1.3653986,-3.639581,0.3996619,0.0051752478,-0.91664797,0
3.1584544,3.2527833,2.7852979,0.81075984,0.46459541,0.35611731,0
-4.876914,-2.0758553,-0.10358953,-0.81075984,-0.46459541,-0.35611731,0
0.86632609,-0.044202387,3.1050596,-0.3996619,-0.0051752478,0.91664797,0
3.7982569,2.6717076,1.4987166,0.81075984,0.46459541,0.35611731,0
-1.4385846,-0.30138078,2.1662614,-0.3996619,-0.0051752478,0.91664797,0
-0.29729605,-0.42815429,2.6376989,-0.3996619,-0.0051752478,0.91664797,0
-4.9921141,-2.6044459,0.53931999,-0.81075984,-0.46459541,-0.35611731,0
-2.7869968,0.023762107,0.83014655,-0.42771345,0.88550794,-0.18148521,0
0.25583625,0.27917409,-2.7252336,0.3996619,0.0051752478,-0.91664797,0
2.3327405,1.5449904,-1.5634181,0.3996619,0.0051752478,-0.91664797,0
4.3319321,0.93771076,0.82062054,0.42771345,-0.88550794,0.18148521,0
-1.9071472,0.062426925,1.9377553,-0.3996619,-0.0051752478,0.91664797,0
3.4330721,2.0956714,3.9816661,0.81075984,0.46459541,0.35611731,0
-4.4165545,-0.78338182,0.28287196,-0.42771345,0.88550794,-0.18148521,0
3.3525286,1.3883362,-1.2441621,0.3996619,0.0051752478,-0.91664797,0
3.5287914,1.8155428,4.00071,0.81075984,0.46459541,0.35611731,0
-3.2534833,-1.4215567,-4.2240767,0.3996619,0.0051752478,-0.91664797,0
1.207227,1.0246674,3.3392222,-0.3996619,-0.0051752478,0.91664797,0
-1.1186342,0.98054004,2.1356492,-0.42771345,0.88550794,-0.18148521,0
-1.4894273,-1.4382207,-3.5202498,0.3996619,0.0051752478,-0.91664797,0
0.061034232,-0.84294635,0.26215231,0.42771345,-0.88550794,0.18148521,0
-5.0551987,-2.4931064,0.40266037,-0.81075984,-0.46459541,-0.35611731,0
4.4833364,2.0002553,1.2694421,0.81075984,0.46459541,0.35611731,0
-4.5647936,-2.3851042,-0.98043203,-0.81075984,-0.46459541,-0.35611731,0
-0.15418422,-0.66634327,1.5917014,0.42771345,-0.88550794,0.18148521,0
-4.2904263,-3.2570388,-0.54087114,-0.81075984,-0.46459541,-0.35611731,0
-5.2901654,-1.4725652,-0.25198078,-0.81075984,-0.46459541,-0.35611731,0
1.5302286,2.0647652,1.3230727,-0.42771345,0.88550794,-0.18148521,0
1.1642065,-0.69046807,-0.61927325,0.42771345,-0.88550794,0.18148521,0
-3.3786364,-2.8106682,-2.2570572,-0.81075984,-0.46459541,-0.35611731,0
0.056398153,1.4056411,2.1662548,-0.42771345,0.88550794,-0.18148521,0
3.5963461,3.1081915,1.6421239,-0.42771345,0.88550794,-0.18148521,0
-2.609159,-2.9677434,-3.293664,0.42771345,-0.88550794,0.18148521,0
-4.6637421,-3.0816815,0.82662678,-0.3996619,-0.0051752478,0.91664797,0
2.9035816,0.64843786,1.5454885,0.42771345,-0.88550794,0.18148521,0
-2.1382797,-2.3763828,-3.789521,0.3996619,0.0051752478,-0.91664797,0
1.2071288,0.60508138,-2.2725503,0.3996619,0.0051752478,-0.91664797,0
-2.1231644,-0.25973338,1.9028019,-0.3996619,-0.0051752478,0.91664797,0
-2.7422945,-2.6518004,-3.914412,-0.81075984,-0.46459541,-0.35611731,0
-1.5124071,-0.68696332,2.1810246,-0.3996619,-0.0051752478,0.91664797,0
-0.96239662,-1.0664732,1.902856,0.42771345,-0.88550794,0.18148521,0
2.2016604,0.50082421,-1.7011491,0.3996619,0.0051752478,-0.91664797,0
0.58442366,-0.65367323,0.49657395,0.42771345,-0.88550794,0.18148521,0
-2.0052125,-1.8647716,0.38433075,0.42771345,-0.88550794,0.18148521,0
1.2609375,2.0733693,3.4631202,-0.3996619,-0.0051752478,0.91664797,0
3.2313216,2.7127142,3.0125945,0.81075984,0.46459541,0.35611731,0
4.8571014,1.0750743,-0.74962091,0.3996619,0.0051752478,-0.91664797,0
-0.41010547,-0.95390105,-2.7087803,0.3996619,0.0051752478,-0.91664797,0
-2.2535727,0.19119108,0.4542042,-0.42771345,0.88550794,-0.18148521,0
3.4472227,2.0463192,3.4730585,0.81075984,0.46459541,0.35611731,0
3.8171854,2.6306038,1.5333459,0.81075984,0.46459541,0.35611731,0
4.6579609,3.1264849,-0.36721659,0.81075984,0.46459541,0.35611731,0
-4.6594868,-2.0472751,-1.2276835,-0.81075984,-0.46459541,-0.35611731,0
3.5496063,1.6897929,3.4400826,0.81075984,0.46459541,0.35611731,0
-2.663429,-1.0352722,-3.9744134,0.3996619,0.0051752478,-0.91664797,0
-0.89102805,-0.27451819,-3.3138251,0.3996619,0.0051752478,-0.91664797,0
2.3454976,2.1462317,3.6906831,-0.3996619,-0.0051752478,0.91664797,0
4.42518,1.6088074,1.848614,0.81075984,0.46459541,0.35611731,0
-4.2810087,-2.1459908,-1.233479,-0.81075984,-0.46459541,-0.35611731,0
-4.0133605,-2.9680567,-1.2950399,-0.81075984,-0.46459541,-0.35611731,0
-4.3842955,-2.3468227,-0.91128063,-0.81075984,-0.46459541,-0.35611731,0
-4.5568652,-3.0481644,0.31877041,-0.81075984,-0.46459541,-0.35611731,0
-4.0390959,-1.4451596,-2.6047425,-0.42771345,0.88550794,-0.18148521,0
-0.2445631,0.14308769,-2.8927326,0.3996619,0.0051752478,-0.91664797,0
-4.6084127,-2.8832357,0.46759987,-0.81075984,-0.46459541,-0.35611731,0
-1.5804982,-1.4080034,2.071579,-0.3996619,-0.0051752478,0.91664797,0
-4.9351473,-1.7530789,0.40095758,-0.3996619,-0.0051752478,0.91664797,0
-3.704505,-2.7581725,-2.1808312,-0.81075984,-0.46459541,-0.35611731,0
-0.51328087,-0.82518578,2.236439,0.42771345,-0.88550794,0.18148521,0
2.3614888,2.5077033,0.59342504,-0.42771345,0.88550794,-0.18148521,0
-0.83035636,-1.9233998,-0.91007936,0.42771345,-0.88550794,0.18148521,0
-1.9303131,-0.74422514,-3.72912,0.3996619,0.0051752478,-0.91664797,0
-3.1655331,-0.29966497,0.51485538,-0.42771345,0.88550794,-0.18148521,0
2.8450704,2.9233532,3.636241,0.81075984,0.46459541,0.35611731,0
2.1540606,0.32695061,2.2194319,0.42771345,-0.88550794,0.18148521,0
4.5298738,2.611598,0.15191698,0.81075984,0.46459541,0.35611731,0
4.5713787,2.4416974,0.7046113,0.81075984,0.46459541,0.35611731,0
2.1365733,-0.34002078,-1.7767348,0.3996619,0.0051752478,-0.91664797,0
-3.2290092,-2.9902358,-1.8839526,0.42771345,-0.88550794,0.18148521,0
-1.8896456,0.10587847,1.694381,-0.3996619,-0.0051752478,0.91664797,0
-3.2863557,-1.8860795,1.2589879,-0.3996619,-0.0051752478,0.91664797,0
1.8939683,0.6357488,-1.9976022,0.3996619,0.0051752478,-0.91664797,0
-2.7677145,-2.9987617,-3.437283,-0.81075984,-0.46459541,-0.35611731,0
-4.0758238,-1.7342877,-2.4441912,-0.81075984,-0.46459541,-0.35611731,0
1.1901373,1.7882149,0.28456914,-0.42771345,0.88550794,-0.18148521,0
-0.925789,-1.9009666,-0.62194562,0.42771345,-0.88550794,0.18148521,0
1.791599,2.6041927,1.8745346,-0.42771345,0.88550794,-0.18148521,0
5.2721319,1.894052,-0.6079421,0.81075984,0.46459541,0.35611731,0
1.6575886,2.0530183,-0.28438544,-0.42771345,0.88550794,-0.18148521,0
-4.2362332,-1.9408472,-1.5696695,-0.81075984,-0.46459541,-0.35611731,0
-1.3602157,-2.0725851,-1.4281063,0.42771345,-0.88550794,0.18148521,0
2.990829,1.2902069,3.7920003,0.42771345,-0.88550794,0.18148521,0
2.1068938,2.5697985,3.7851877,-0.3996619,-0.0051752478,0.91664797,0
4.2847366,1.0559571,0.038036823,0.42771345,-0.88550794,0.18148521,0
1.578989,-0.58492112,-2.2391443,0.3996619,0.0051752478,-0.91664797,0
4.794724,2.6786377,0.036818027,0.81075984,0.46459541,0.35611731,0
4.1492429,0.81378317,-1.054543,0.3996619,0.0051752478,-0.91664797,0
-4.3602653,-1.8154411,0.60759926,-0.3996619,-0.0051752478,0.91664797,0
-1.2549624,0.20581722,2.1536589,-0.3996619,-0.0051752478,0.91664797,0
0.89344287,0.15589386,3.0713761,0.42771345,-0.88550794,0.18148521,0
-3.712677,-2.4650986,1.021796,-0.3996619,-0.0051752478,0.91664797,0
-0.3278209,0.57671225,-2.3350785,-0.42771345,0.88550794,-0.18148521,0
3.9635913,2.7458026,1.4786258,0.81075984,0.46459541,0.35611731,0
2.7597232,1.0613368,4.0284271,0.42771345,-0.88550794,0.18148521,0
-4.2971497,-1.1085751,-0.13547707,-0.42771345,0.88550794,-0.18148521,0
4.7535224,1.75836,-0.73184395,0.3996619,0.0051752478,-0.91664797,0
3.5523782,2.9831588,0.23112249,-0.42771345,0.88550794,-0.18148521,0
1.9803922,1.3713791,-1.9682951,0.3996619,0.0051752478,-0.91664797,0
3.6149671,3.1029751,1.7915564,0.81075984,0.46459541,0.35611731,0
-2.0059905,-1.1768538,2.0550714,-0.3996619,-0.0051752478,0.91664797,0
-3.2725031,-3.1716127,-3.0043879,-0.81075984,-0.46459541,-0.35611731,0
4.2400694,2.7263436,0.93174267,0.81075984,0.46459541,0.35611731,0
3.0720725,0.49131262,1.0481367,0.42771345,-0.88550794,0.18148521,0
-1.0580015,0.24106026,2.4439359,-0.3996619,-0.0051752478,0.91664797,0
0.070152521,1.8948362,2.8995285,-0.3996619,-0.0051752478,0.91664797,0
-3.7917137,-1.3084233,-3.626564,-0.81075984,-0.46459541,-0.35611731,0
-4.6177015,-3.1087346,0.34785223,-0.81075984,-0.46459541,-0.35611731,0
2.0382786,0.35722888,2.3869982,0.42771345,-0.88550794,0.18148521,0
-3.3954911,-2.9885488,-2.8995373,-0.81075984,-0.46459541,-0.35611731,0
-3.1824026,-2.7823131,-0.75379801,0.42771345,-0.88550794,0.18148521,0
-1.392285,-1.0004172,-3.4136491,0.3996619,0.0051752478,-0.91664797,0
-3.7570858,-2.0214014,-3.3520222,-0.81075984,-0.46459541,-0.35611731,0
3.677002,0.50790942,-0.23752451,0.42771345,-0.88550794,0.18148521,0
-0.53543639,0.89037997,2.3759899,-0.3996619,-0.0051752478,0.91664797,0
-0.18737912,-0.023235127,-2.8595028,0.3996619,0.0051752478,-0.91664797,0
-2.2936103,-0.61927682,-3.4071655,-0.42771345,0.88550794,-0.18148521,0
-0.28016281,1.1178534,2.5669236,-0.3996619,-0.0051752478,0.91664797,0
-3.6588755,-1.36356,-3.6084838,-0.81075984,-0.46459541,-0.35611731,0
-4.1384287,-1.5512183,-2.7848854,-0.81075984,-0.46459541,-0.35611731,0
-0.82132649,-0.61056143,2.2628362,-0.3996619,-0.0051752478,0.91664797,0
-0.64946747,-1.4794916,-3.1429639,0.3996619,0.0051752478,-0.91664797,0
-3.5395734,-3.1131957,-1.4211781,-0.81075984,-0.46459541,-0.35611731,0
3.8587363,2.9149623,1.0308313,0.81075984,0.46459541,0.35611731,0
0.46127605,0.33849573,-2.6897473,0.3996619,0.0051752478,-0.91664797,0
3.9383662,0.88831586,0.6205759,0.42771345,-0.88550794,0.18148521,0
3.3065562,0.71065718,1.8260988,0.42771345,-0.88550794,0.18148521,0
2.8475864,2.6510756,1.1478586,-0.42771345,0.88550794,-0.18148521,0
-3.3685093,-0.25489223,0.53533244,-0.42771345,0.88550794,-0.18148521,0
-2.3096271,-2.6386395,-2.1157665,0.42771345,-0.88550794,0.18148521,0
1.669434,0.096116722,2.7317479,0.42771345,-0.88550794,0.18148521,0
2.3087215,0.77559423,3.6549838,0.42771345,-0.88550794,0.18148521,0
-4.3789444,-1.8389013,0.92767477,-0.3996619,-0.0051752478,0.91664797,0
0.42971015,1.2299545,3.0607069,-0.3996619,-0.0051752478,0.91664797,0
-1.6795329,-1.2931225,-3.3278723,0.3996619,0.0051752478,-0.91664797,0
-0.46246111,-1.0649242,0.96293086,0.42771345,-0.88550794,0.18148521,0
2.9834919,2.7717876,3.809886,0.81075984,0.46459541,0.35611731,0
-4.3228521,-1.5535895,-2.0893879,-0.81075984,-0.46459541,-0.35611731,0
2.6974416,1.338856,3.8468158,-0.3996619,-0.0051752478,0.91664797,0
3.1817682,1.8009797,-1.362586,0.3996619,0.0051752478,-0.91664797,0
2.1337974,0.77172148,-1.8035661,0.3996619,0.0051752478,-0.91664797,0
-4.3546767,-3.2429917,0.049583435,-0.81075984,-0.46459541,-0.35611731,0
2.2230158,1.0995849,3.8260934,-0.3996619,-0.0051752478,0.91664797,0
2.1956997,2.0316627,3.6011729,-0.3996619,-0.0051752478,0.91664797,0
2.2531447,0.70811248,3.383554,0.42771345,-0.88550794,0.18148521,0
-3.7277884,-2.2882805,-2.0568533,-0.81075984,-0.46459541,-0.35611731,0
-3.9698138,-2.8033619,-1.0455823,-0.81075984,-0.46459541,-0.35611731,0
-0.76558828,0.83995461,2.1907752,-0.3996619,-0.0051752478,0.91664797,0
-3.7022319,-2.6066253,-2.4178414,-0.81075984,-0.46459541,-0.35611731,0
-3.6648097,-1.9102663,-3.0424936,-0.81075984,-0.46459541,-0.35611731,0
-4.688201,-1.2459527,-0.17229271,-0.42771345,0.88550794,-0.18148521,0
0.94155359,0.27558419,-2.2764552,0.3996619,0.0051752478,-0.91664797,0
-2.2606473,-0.10127723,1.9245639,-0.3996619,-0.0051752478,0.91664797,0
1.4319969,1.6241721,3.4832668,-0.3996619,-0.0051752478,0.91664797,0
3.2535071,1.9035451,3.9586647,0.81075984,0.46459541,0.35611731,0
-3.6528945,-0.75544173,-0.29580259,-0.42771345,0.88550794,-0.18148521,0
-1.5312797,-1.8607764,-0.98801577,0.42771345,-0.88550794,0.18148521,0
-3.6459758,-2.4669464,-1.9931207,-0.81075984,-0.46459541,-0.35611731,0
-1.2036347,0.5042727,-0.73523736,-0.42771345,0.88550794,-0.18148521,0
3.0293112,0.34335828,0.53804684,0.42771345,-0.88550794,0.18148521,0
4.7770252,1.5674245,-0.44570017,0.3996619,0.0051752478,-0.91664797,0
-4.9204574,-1.3405087,-1.0793931,-0.42771345,0.88550794,-0.18148521,0
-4.5489035,-2.2919228,-0.41218042,-0.81075984,-0.46459541,-0.35611731,0
-3.3878489,-0.76118678,1.214144,-0.3996619,-0.0051752478,0.91664797,0
5.1160493,1.6663945,0.30745506,0.81075984,0.46459541,0.35611731,0
-1.9293151,-0.022605658,-1.366032,-0.42771345,0.88550794,-0.18148521,0
3.5846684,0.68556011,-0.42623401,0.42771345,-0.88550794,0.18148521,0
4.4409895,1.6745489,1.9513674,0.81075984,0.46459541,0.35611731,0
4.4010143,1.8357847,-0.92130613,0.3996619,0.0051752478,-0.91664797,0
4.3542848,2.2249365,0.88668489,0.81075984,0.46459541,0.35611731,0
4.2599678,2.109854,2.1492221,0.81075984,0.46459541,0.35611731,0
-4.3159227,-1.6046952,0.78153205,-0.3996619,-0.0051752478,0.91664797,0
1.5397823,0.38442037,3.0768809,0.42771345,-0.88550794,0.18148521,0
2.4164352,2.7597175,3.9627495,-0.3996619,-0.0051752478,0.91664797,0
-2.5057819,-0.041006088,1.7710433,-0.3996619,-0.0051752478,0.91664797,0
-3.0018616,-0.11461353,0.53170753,-0.42771345,0.88550794,-0.18148521,0
-1.2835867,-1.3376873,1.3636853,0.42771345,-0.88550794,0.18148521,0
0.3070389,-0.97779667,0.91186255,0.42771345,-0.88550794,0.18148521,0
-4.448473,-3.123291,-0.10208559,-0.81075984,-0.46459541,-0.35611731,0
4.836441,2.3637357,-0.56020737,0.81075984,0.46459541,0.35611731,0
2.70293,0.79641497,2.9779527,0.42771345,-0.88550794,0.18148521,0
5.1208639,1.2322187,0.28249693,0.42771345,-0.88550794,0.18148521,0
1.522634,2.389502,2.8197057,-0.42771345,0.88550794,-0.18148521,0
2.067601,-0.016062498,-1.8782245,0.3996619,0.0051752478,-0.91664797,0
-5.0629044,-2.1274133,-0.083372116,-0.81075984,-0.46459541,-0.35611731,0
-4.9097862,-2.1810296,0.76756287,-0.3996619,-0.0051752478,0.91664797,0
1.9360685,0.91159523,-2.0534201,0.3996619,0.0051752478,-0.91664797,0
-3.9152288,-1.9215416,-2.0722713,-0.81075984,-0.46459541,-0.35611731,0
1.4742142,0.1826449,2.193372,0.42771345,-0.88550794,0.18148521,0
-1.3321164,0.54018021,0.9914068,-0.42771345,0.88550794,-0.18148521,0
-4.8540154,-2.3400288,-0.0036406517,-0.81075984,-0.46459541,-0.35611731,0
-4.5816054,-2.6712039,0.42465115,-0.81075984,-0.46459541,-0.35611731,0
-1.4249091,0.10947967,2.0708728,-0.3996619,-0.0051752478,0.91664797,0
1.1055114,-0.85834432,-0.6478337,0.42771345,-0.88550794,0.18148521,0
3.8963165,2.1834025,2.128211,0.81075984,0.46459541,0.35611731,0
-1.2839941,-2.2741365,-2.3271697,0.42771345,-0.88550794,0.18148521,0
3.3444748,3.2623672,1.6629815,0.81075984,0.46459541,0.35611731,0
-3.1940558,-2.0643823,-3.6743622,-0.81075984,-0.46459541,-0.35611731,0
-3.7850406,-0.35857046,0.678303,-0.42771345,0.88550794,-0.18148521,0
0.75033468,-0.61212385,1.2659283,0.42771345,-0.88550794,0.18148521,0
-0.19118404,-0.11234681,2.4427073,-0.3996619,-0.0051752478,0.91664797,0
0.91314709,1.9601305,1.5779371,-0.42771345,0.88550794,-0.18148521,0
-4.7226372,-2.8800542,0.40049982,-0.81075984,-0.46459541,-0.35611731,0
-1.8173351,-0.92802745,1.9686824,-0.3996619,-0.0051752478,0.91664797,0
-1.7036173,-2.6430368,-3.2345431,0.42771345,-0.88550794,0.18148521,0
-1.2473269,0.12444746,2.0129628,-0.3996619,-0.0051752478,0.91664797,0
-2.8314064,-0.57238531,-1.3349066,-0.42771345,0.88550794,-0.18148521,0
1.1725967,-0.46670485,-2.1379104,0.3996619,0.0051752478,-0.91664797,0
-1.917679,-1.8748387,0.53283048,0.42771345,-0.88550794,0.18148521,0
-1.2919433,-0.92085171,1.9638307,-0.3996619,-0.0051752478,0.91664797,0
-0.52832168,-1.4458119,0.094999194,0.42771345,-0.88550794,0.18148521,0
-1.7420928,-1.7608129,1.7470632,-0.3996619,-0.0051752478,0.91664797,0
1.1701339,0.63636506,3.0498924,-0.3996619,-0.0051752478,0.91664797,0
3.9891014,1.8001398,2.2598412,0.81075984,0.46459541,0.35611731,0
-2.150763,-2.6966243,-3.52911,0.42771345,-0.88550794,0.18148521,0
0.30072391,1.8541777,2.469655,-0.42771345,0.88550794,-0.18148521,0
4.5508037,2.6748853,-0.0053429604,0.81075984,0.46459541,0.35611731,0
-3.4337056,-2.9328408,-0.039172649,0.42771345,-0.88550794,0.18148521,0
3.7699571,3.0920548,1.045948,0.81075984,0.46459541,0.35611731,0
-2.9424264,-0.49306965,-1.9399372,-0.42771345,0.88550794,-0.18148521,0
-4.7470365,-1.90167,-0.69642067,-0.81075984,-0.46459541,-0.35611731,0
0.92255843,0.77745134,3.1992631,-0.3996619,-0.0051752478,0.91664797,0
-4.5813379,-2.6495013,-0.2310195,-0.81075984,-0.46459541,-0.35611731,0
2.5867865,0.57578117,2.1786489,0.42771345,-0.88550794,0.18148521,0
0.34119534,-0.36148611,-2.7907968,0.3996619,0.0051752478,-0.91664797,0
3.4556112,2.8736253,2.9357238,0.81075984,0.46459541,0.35611731,0
3.0702205,2.1433313,4.028523,0.81075984,0.46459541,0.35611731,0
-2.3249178,-2.4467344,-0.60486007,0.42771345,-0.88550794,0.18148521,0
-3.5548227,-2.6577952,-2.9945502,-0.81075984,-0.46459541,-0.35611731,0
3.399339,2.1171994,3.0458884,0.81075984,0.46459541,0.35611731,0
3.204082,2.3182974,-1.2895942,0.3996619,0.0051752478,-0.91664797,0
-0.87105906,0.74156213,-0.31806895,-0.42771345,0.88550794,-0.18148521,0
0.75770211,0.23174985,3.0711012,-0.3996619,-0.0051752478,0.91664797,0
3.3368576,2.2293148,3.533114,0.81075984,0.46459541,0.35611731,0
-4.9796996,-2.0436459,-0.57219458,-0.81075984,-0.46459541,-0.35611731,0
-3.463119,-1.5593755,-4.0329185,-0.81075984,-0.46459541,-0.35611731,0
-2.7957864,-0.76102686,-3.3036618,-0.42771345,0.88550794,-0.18148521,0
-2.09251,0.15617692,-0.71830082,-0.42771345,0.88550794,-0.18148521,0
3.9931817,2.6891923,1.5865624,0.81075984,0.46459541,0.35611731,0
0.10211682,-0.23280674,-2.5396409,0.3996619,0.0051752478,-0.91664797,0
-3.8105521,-1.6053479,1.2386241,-0.3996619,-0.0051752478,0.91664797,0
4.3202324,1.0669587,-0.78550267,0.3996619,0.0051752478,-0.91664797,0
1.2780604,-0.30735743,1.9137852,0.42771345,-0.88550794,0.18148521,0
-1.043942,-0.99135685,-3.3526776,0.3996619,0.0051752478,-0.91664797,0
-1.0546243,-2.4246378,-2.9440975,0.42771345,-0.88550794,0.18148521,0
4.0570822,1.0945137,-0.98301601,0.3996619,0.0051752478,-0.91664797,0
-3.1925213,-2.9698586,-3.3885562,-0.81075984,-0.46459541,-0.35611731,0
3.8716288,1.1265182,-0.89738917,0.3996619,0.0051752478,-0.91664797,0
-1.4865153,-2.255024,-3.2613626,0.3996619,0.0051752478,-0.91664797,0
-4.6265802,-2.5270743,-0.071479797,-0.81075984,-0.46459541,-0.35611731,0
-2.2750976,-0.3626225,1.8521255,-0.3996619,-0.0051752478,0.91664797,0
-2.6574349,-2.4217117,1.044616,0.42771345,-0.88550794,0.18148521,0
1.7017487,2.0807486,3.3815377,-0.3996619,-0.0051752478,0.91664797,0
2.6022549,2.0716023,3.7272983,-0.3996619,-0.0051752478,0.91664797,0
-4.2166119,-2.9562287,-0.12645388,-0.81075984,-0.46459541,-0.35611731,0
-3.3339505,-1.1670287,1.2830532,-0.3996619,-0.0051752478,0.91664797,0
3.6423526,1.8533585,3.7112613,0.81075984,0.46459541,0.35611731,0
3.4055731,3.1038835,2.6338468,-0.42771345,0.88550794,-0.18148521,0
-5.0147328,-2.1177258,0.45986223,-0.81075984,-0.46459541,-0.35611731,0
0.06466341,-0.41465265,2.7809024,-0.3996619,-0.0051752478,0.91664797,0
0.14701593,1.5319898,0.9004482,-0.42771345,0.88550794,-0.18148521,0
1.735881,0.11897105,2.2003553,0.42771345,-0.88550794,0.18148521,0
0.12866354,0.94320059,2.6953168,-0.3996619,-0.0051752478,0.91664797,0
1.9744651,0.0074076653,-1.7674419,0.3996619,0.0051752478,-0.91664797,0
1.87941,1.6365148,-1.6424963,-0.42771345,0.88550794,-0.18148521,0
2.9665308,2.2975202,-0.65910983,-0.42771345,0.88550794,-0.18148521,0
2.9349842,1.2027413,-1.4867826,0.3996619,0.0051752478,-0.91664797,0
0.91495347,1.9951243,3.3526924,-0.3996619,-0.0051752478,0.91664797,0
2.3145268,0.40967679,-1.85009,0.3996619,0.0051752478,-0.91664797,0
-1.5769399,-2.1535573,-3.380842,0.3996619,0.0051752478,-0.91664797,0
3.9677217,2.4437497,-0.94983625,0.3996619,0.0051752478,-0.91664797,0
-4.1018658,-2.3251715,0.84006977,-0.3996619,-0.0051752478,0.91664797,0
3.6081426,3.1071043,1.7348919,0.81075984,0.46459541,0.35611731,0
-2.3800049,-0.96775651,-3.573267,0.3996619,0.0051752478,-0.91664797,0
-0.36007082,0.44973838,-1.6922851,-0.42771345,0.88550794,-0.18148521,0
1.0324665,2.0259018,1.2838622,-0.42771345,0.88550794,-0.18148521,0
0.080981016,0.22880033,2.8008432,-0.3996619,-0.0051752478,0.91664797,0
-2.2052743,-0.98666167,1.7811656,-0.3996619,-0.0051752478,0.91664797,0
4.7986088,2.4238725,-0.77484846,0.3996619,0.0051752478,-0.91664797,0
4.3798332,2.2080381,1.0783904,0.81075984,0.46459541,0.35611731,0
3.6264317,3.1836092,1.3253345,0.81075984,0.46459541,0.35611731,0
5.0098028,1.6726588,-0.45032358,0.3996619,0.0051752478,-0.91664797,0
1.7329384,0.35802299,3.0477653,0.42771345,-0.88550794,0.18148521,0
-1.2478051,-1.9282866,-0.7232846,0.42771345,-0.88550794,0.18148521,0
-3.1078539,-1.7995738,-4.0944471,0.3996619,0.0051752478,-0.91664797,0
-4.7104731,-2.9990377,0.84173107,-0.3996619,-0.0051752478,0.91664797,0
4.0943632,3.1721811,0.60438919,0.81075984,0.46459541,0.35611731,0
0.31942558,-0.20181984,-2.3986578,0.3996619,0.0051752478,-0.91664797,0
-2.5788164,0.076547623,1.1334295,-0.42771345,0.88550794,-0.18148521,0
-1.4399073,-1.2228082,-3.2577753,0.3996619,0.0051752478,-0.91664797,0
-4.6812658,-2.4955282,0.18066072,-0.81075984,-0.46459541,-0.35611731,0
-3.04914,-0.98938131,-3.9440367,-0.42771345,0.88550794,-0.18148521,0
0.49391985,1.3426104,-0.64618605,-0.42771345,0.88550794,-0.18148521,0
2.9205308,2.2840438,-1.2839451,0.3996619,0.0051752478,-0.91664797,0
-4.3495197,-3.0351639,0.32620716,-0.81075984,-0.46459541,-0.35611731,0
2.4579375,1.1730425,3.6481366,-0.3996619,-0.0051752478,0.91664797,0
1.6798742,0.20461464,2.6876669,0.42771345,-0.88550794,0.18148521,0
3.0998096,2.845572,3.2212358,0.81075984,0.46459541,0.35611731,0
0.81022978,0.88974142,-2.1684599,-0.42771345,0.88550794,-0.18148521,0
-4.5084314,-2.5360644,-0.85656929,-0.81075984,-0.46459541,-0.35611731,0
-3.7074075,-1.2115252,-2.8692596,-0.42771345,0.88550794,-0.18148521,0
3.9790971,3.1751151,0.98781586,0.81075984,0.46459541,0.35611731,0
-0.54919463,0.95263648,-0.56325227,-0.42771345,0.88550794,-0.18148521,0
-4.4214506,-1.5240557,-1.4950643,-0.81075984,-0.46459541,-0.35611731,0
-4.0724401,-2.4685829,-1.7481062,-0.81075984,-0.46459541,-0.35611731,0
-0.21528411,0.11858809,2.566354,-0.3996619,-0.0051752478,0.91664797,0
-3.8119431,-1.8983073,-2.6958234,-0.81075984,-0.46459541,-0.35611731,0
-4.8653631,-1.3180754,0.36952686,-0.42771345,0.88550794,-0.18148521,0
2.0903738,1.2787296,-1.6976025,0.3996619,0.0051752478,-0.91664797,0
-3.815074,-3.191426,-0.086406708,0.42771345,-0.88550794,0.18148521,0
-3.2813246,-3.1466646,-2.975877,-0.81075984,-0.46459541,-0.35611731,0
-0.48644447,-0.264081,-2.8950949,0.3996619,0.0051752478,-0.91664797,0
0.050911546,0.56586009,-1.9787089,-0.42771345,0.88550794,-0.18148521,0
0.3532418,0.47549468,2.7247467,-0.3996619,-0.0051752478,0.91664797,0
-3.1043129,-2.5270331,-3.5676625,-0.81075984,-0.46459541,-0.35611731,0
-2.9822822,-2.8522453,-3.6175613,-0.81075984,-0.46459541,-0.35611731,0
1.8586695,0.4895972,-2.0481567,0.3996619,0.0051752478,-0.91664797,0
1.4079342,-0.5482626,0.14815181,0.42771345,-0.88550794,0.18148521,0
-2.0190372,-2.5424681,-2.3824377,0.42771345,-0.88550794,0.18148521,0
2.0328827,-0.57593477,-1.562,0.42771345,-0.88550794,0.18148521,0
-4.6973815,-1.5558438,-1.470772,-0.81075984,-0.46459541,-0.35611731,0
4.1838942,2.2795012,-1.0552757,0.3996619,0.0051752478,-0.91664797,0
0.38192964,1.0393512,-1.5705512,-0.42771345,0.88550794,-0.18148521,0
-0.68389857,1.4281076,2.1936185,-0.42771345,0.88550794,-0.18148521,0
-2.8041902,-3.2510209,-3.147656,-0.81075984,-0.46459541,-0.35611731,0
4.8279715,2.7380536,-0.1627264,0.81075984,0.46459541,0.35611731,0
-3.87814,-2.1699557,0.92636967,-0.3996619,-0.0051752478,0.91664797,0
2.1965604,2.2515676,0.33685827,-0.42771345,0.88550794,-0.18148521,0
-2.2976468,-1.3427444,-3.612479,0.3996619,0.0051752478,-0.91664797,0
-0.55934489,-1.5311419,-1.2773452,0.42771345,-0.88550794,0.18148521,0
-1.6565163,-2.2836711,-2.5463173,0.42771345,-0.88550794,0.18148521,0
3.5454693,3.0509098,1.5859556,-0.42771345,0.88550794,-0.18148521,0
-3.6282349,-1.4259989,-3.7784386,-0.81075984,-0.46459541,-0.35611731,0
1.2572129,2.1024547,3.3016219,-0.3996619,-0.0051752478,0.91664797,0
-4.4104557,-1.1388326,-0.66340971,-0.42771345,0.88550794,-0.18148521,0
-1.0534575,-1.3531785,2.1409755,0.42771345,-0.88550794,0.18148521,0
-4.4617391,-1.3800013,-1.753824,-0.81075984,-0.46459541,-0.35611731,0
2.7304702,2.7483013,2.3455968,-0.42771345,0.88550794,-0.18148521,0
-3.9035497,-1.9061584,-3.0174577,-0.81075984,-0.46459541,-0.35611731,0
-3.9066629,-3.2101402,-1.0098462,-0.81075984,-0.46459541,-0.35611731,0
2.9461727,2.4123418,3.9365096,0.81075984,0.46459541,0.35611731,0
4.9847717,1.5997589,0.16367483,0.81075984,0.46459541,0.35611731,0
3.3015223,0.43524957,0.83653975,0.42771345,-0.88550794,0.18148521,0
-2.9021974,-2.9854591,-2.9224844,0.42771345,-0.88550794,0.18148521,0
3.0524077,2.22715,3.8059554,0.81075984,0.46459541,0.35611731,0
-3.2917535,-1.6991537,-4.2767315,-0.81075984,-0.46459541,-0.35611731,0
1.0210397,0.349278,2.9971709,-0.3996619,-0.0051752478,0.91664797,0
2.5890627,2.8880844,3.1067777,-0.42771345,0.88550794,-0.18148521,0
-3.57513,-3.0840442,-0.90273309,0.42771345,-0.88550794,0.18148521,0
-1.1393267,-2.0524778,-3.4500365,0.3996619,0.0051752478,-0.91664797,0
-4.2789621,-1.5483334,-2.0644681,-0.81075984,-0.46459541,-0.35611731,0
-1.2125757,-0.97519338,2.2189,-0.3996619,-0.0051752478,0.91664797,0
-1.6392509,-0.12412387,-3.1314883,-0.42771345,0.88550794,-0.18148521,0
3.5538168,1.9736584,3.0964792,0.81075984,0.46459541,0.35611731,0
-5.0993257,-1.3314044,0.47168922,-0.3996619,-0.0051752478,0.91664797,0
-1.8155441,-0.060036182,1.9748719,-0.3996619,-0.0051752478,0.91664797,0
2.493283,1.1900001,-1.5367829,0.3996619,0.0051752478,-0.91664797,0
2.6276798,0.10093987,-0.76037741,0.42771345,-0.88550794,0.18148521,0
1.742902,-0.37126112,-1.0324414,0.42771345,-0.88550794,0.18148521,0
-4.1028471,-2.0685539,-2.1221907,-0.81075984,-0.46459541,-0.35611731,0
1.2813303,1.5491244,0.11791122,-0.42771345,0.88550794,-0.18148521,0
-3.1737509,-2.895864,-2.7240024,-0.81075984,-0.46459541,-0.35611731,0
3.8461854,2.9013815,-0.53712416,-0.42771345,0.88550794,-0.18148521,0
0.43377423,-1.2711363,-2.3597245,0.3996619,0.0051752478,-0.91664797,0
4.3740439,3.16468,0.46450853,0.81075984,0.46459541,0.35611731,0
-4.9210243,-2.1205249,-0.23545122,-0.81075984,-0.46459541,-0.35611731,0
2.2760863,-0.21483159,-1.1595981,0.42771345,-0.88550794,0.18148521,0
-3.3785546,-2.8591752,-3.0016119,-0.81075984,-0.46459541,-0.35611731,0
-3.5658002,-1.1123492,-3.5465198,-0.42771345,0.88550794,-0.18148521,0
4.6456437,2.9573812,-0.086057186,0.81075984,0.46459541,0.35611731,0
1.9967703,-0.36166179,-0.70996565,0.42771345,-0.88550794,0.18148521,0
-1.0086442,-2.0163023,-1.2823534,0.42771345,-0.88550794,0.18148521,0
3.9783494,2.8012588,-1.169867,0.3996619,0.0051752478,-0.91664797,0
4.2138319,1.8795632,2.38765,0.81075984,0.46459541,0.35611731,0
2.9305358,1.8130546,3.9527204,-0.3996619,-0.0051752478,0.91664797,0
0.23243791,1.4408147,0.51209146,-0.42771345,0.88550794,-0.18148521,0
0.21589553,1.2761829,-0.66782445,-0.42771345,0.88550794,-0.18148521,0
-1.7060304,-0.2789824,2.0958252,-0.3996619,-0.0051752478,0.91664797,0
3.5941143,2.5699282,2.6912849,0.81075984,0.46459541,0.35611731,0
0.074219704,0.29847652,-2.8765633,0.3996619,0.0051752478,-0.91664797,0
-3.5606506,-0.76140809,-1.1016395,-0.42771345,0.88550794,-0.18148521,0
4.7782578,1.8457539,1.2213733,0.81075984,0.46459541,0.35611731,0
-0.38297865,-1.3140422,-0.81802893,0.42771345,-0.88550794,0.18148521,0
0.20369858,1.1952357,0.6088438,-0.42771345,0.88550794,-0.18148521,0
0.67670417,0.00060886145,2.9096756,0.42771345,-0.88550794,0.18148521,0
1.144935,1.032544,3.2052746,-0.3996619,-0.0051752478,0.91664797,0
5.1858368,2.3537793,-0.31499672,0.81075984,0.46459541,0.35611731,0
-1.1812888,-0.025568247,-2.041954,-0.42771345,0.88550794,-0.18148521,0
-3.3577404,-1.2763547,-3.0608411,-0.42771345,0.88550794,-0.18148521,0
-2.8728147,-2.9937758,-3.1486058,-0.81075984,-0.46459541,-0.35611731,0
-0.32604957,0.52102578,-1.996372,-0.42771345,0.88550794,-0.18148521,0
-2.2981734,-1.6561931,-3.8830841,0.3996619,0.0051752478,-0.91664797,0
-3.188041,-1.9088967,1.311558,-0.3996619,-0.0051752478,0.91664797,0
-2.2504003,-0.28452212,-0.58059418,-0.42771345,0.88550794,-0.18148521,0
-2.4840009,-1.8502702,1.7280207,-0.3996619,-0.0051752478,0.91664797,0
4.413198,2.6022325,1.0366673,0.81075984,0.46459541,0.35611731,0
-4.3939161,-2.1774769,-1.2023437,-0.81075984,-0.46459541,-0.35611731,0
-5.0615988,-1.756847,0.26956558,-0.81075984,-0.46459541,-0.35611731,0
-3.8822935,-2.2239616,-2.3716946,-0.81075984,-0.46459541,-0.35611731,0
0.22812665,-1.5536777,-1.7440572,0.42771345,-0.88550794,0.18148521,0
-2.0985901,-0.068291426,-0.76633632,-0.42771345,0.88550794,-0.18148521,0
3.4373503,0.81803674,2.5008357,0.42771345,-0.88550794,0.18148521,0
2.0725503,-0.28489447,-0.018338561,0.42771345,-0.88550794,0.18148521,0
0.10993429,-1.08938,-0.3765125,0.42771345,-0.88550794,0.18148521,0
3.2732494,2.8354044,1.1682022,-0.42771345,0.88550794,-0.18148521,0
-0.4015801,-1.4619156,-1.7278666,0.42771345,-0.88550794,0.18148521,0
0.96039248,-0.47202468,1.4363226,0.42771345,-0.88550794,0.18148521,0
-3.233618,-2.8245416,-2.7110403,-0.81075984,-0.46459541,-0.35611731,0
-1.1391814,-1.8442037,-3.330359,0.3996619,0.0051752478,-0.91664797,0
4.4913306,1.5464637,2.0491357,0.81075984,0.46459541,0.35611731,0
3.8243527,3.0972798,0.79629421,-0.42771345,0.88550794,-0.18148521,0
0.061407328,1.6165382,2.7989399,-0.3996619,-0.0051752478,0.91664797,0
1.6911409,-0.075204015,0.65761715,0.42771345,-0.88550794,0.18148521,0
-0.93355405,0.17409521,-2.6840239,-0.42771345,0.88550794,-0.18148521,0
