1.1868057,-1.3132564,-3.9098623,-0.017887712,-0.92594886,-0.3772248,0
-1.1465044,0.7884711,3.9220984,-0.43510377,-0.33247843,0.83674532,0
-0.54726839,-2.2179623,-1.5773458,-0.017887712,-0.92594886,-0.3772248,0
1.5786577,2.7475345,-0.24272895,0.017887712,0.92594886,0.3772248,0
2.1007581,3.4090374,-1.6703737,0.43510377,0.33247843,-0.83674532,0
-1.8754696,-3.1473384,1.6894742,-0.017887712,-0.92594886,-0.3772248,0
2.019748,2.2076864,-2.0913196,0.43510377,0.33247843,-0.83674532,0
-1.8958054,-3.3763266,1.3111398,-0.017887712,-0.92594886,-0.3772248,0
-0.20242906,2.1693368,1.1634182,0.017887712,0.92594886,0.3772248,0
0.61898339,2.252291,1.5326555,0.017887712,0.92594886,0.3772248,0
-0.77160531,0.88526493,3.9913812,-0.43510377,-0.33247843,0.83674532,0
-0.09876585,-1.976495,-1.5094843,-0.017887712,-0.92594886,-0.3772248,0
-0.73065495,-3.1607809,1.6762631,-0.017887712,-0.92594886,-0.3772248,0
-1.4675989,0.9372918,3.7277381,-0.43510377,-0.33247843,0.83674532,0
1.4038639,2.5992167,0.36260635,0.017887712,0.92594886,0.3772248,0
0.5533123,2.3691692,0.34512836,0.017887712,0.92594886,0.3772248,0
-0.43372989,-3.1333272,1.0528959,-0.017887712,-0.92594886,-0.3772248,0
-2.1385498,1.5693957,2.6070039,-0.90020251,0.17909944,-0.39693657,0
-1.3511418,-1.5104674,-0.53518021,-0.90020251,0.17909944,-0.39693657,0
0.89972895,-0.4645164,-4.0730281,0.43510377,0.33247843,-0.83674532,0
-1.7996823,1.1780159,1.6973579,-0.90020251,0.17909944,-0.39693657,0
-1.6939061,0.78035921,1.931121,-0.90020251,0.17909944,-0.39693657,0
-0.40442753,-3.1190886,1.1887605,-0.017887712,-0.92594886,-0.3772248,0
-1.3475622,1.0569023,1.3601952,-0.90020251,0.17909944,-0.39693657,0
-0.081264734,1.9044349,2.4789867,0.017887712,0.92594886,0.3772248,0
1.8357396,2.9932356,-1.2599407,0.017887712,0.92594886,0.3772248,0
0.58179975,2.3221505,0.58734417,0.017887712,0.92594886,0.3772248,0
1.2111371,-1.3416892,-3.2118731,-0.017887712,-0.92594886,-0.3772248,0
0.77667499,-2.1358285,-1.8208042,-0.017887712,-0.92594886,-0.3772248,0
-2.4155471,1.1942869,3.2739503,-0.43510377,-0.33247843,0.83674532,0
-2.2194343,0.45296901,3.0439391,-0.43510377,-0.33247843,0.83674532,0
0.34822232,1.0568227,2.6452346,0.90020251,-0.17909944,0.39693657,0
0.16973066,1.0746366,-2.1146672,-0.90020251,0.17909944,-0.39693657,0
-1.5588068,-2.8593483,0.1042136,-0.90020251,0.17909944,-0.39693657,0
1.8221495,3.6248548,-1.9253435,0.017887712,0.92594886,0.3772248,0
0.13215542,2.9913528,-0.68442845,0.017887712,0.92594886,0.3772248,0
-0.90495372,2.4274042,0.867401,0.017887712,0.92594886,0.3772248,0
-1.512085,1.3624536,3.665468,0.017887712,0.92594886,0.3772248,0
-1.2163461,-0.15317346,3.5515537,-0.43510377,-0.33247843,0.83674532,0
0.12614465,2.588727,-1.9121594,-0.90020251,0.17909944,-0.39693657,0
1.5940789,0.37379777,-1.4120477,0.90020251,-0.17909944,0.39693657,0
-0.068931222,-1.6047214,2.4477296,0.90020251,-0.17909944,0.39693657,0
1.3042258,2.2697034,0.33209628,0.90020251,-0.17909944,0.39693657,0
-1.8470391,-0.67551523,2.9164376,-0.43510377,-0.33247843,0.83674532,0
-1.2396021,1.1610998,0.41649869,-0.90020251,0.17909944,-0.39693657,0
-0.32052207,3.015892,-0.40312505,0.017887712,0.92594886,0.3772248,0
-0.90939736,-3.3037136,2.6300907,-0.43510377,-0.33247843,0.83674532,0
2.2957435,0.079831719,-2.8251557,0.90020251,-0.17909944,0.39693657,0
-0.19218588,-2.875088,0.39082611,-0.017887712,-0.92594886,-0.3772248,0
1.1604733,1.0231732,-3.2188165,0.43510377,0.33247843,-0.83674532,0
-1.6071117,-0.86621159,3.1116235,-0.43510377,-0.33247843,0.83674532,0
-0.52582073,1.8459759,1.5991122,0.017887712,0.92594886,0.3772248,0
0.88691163,2.5353932,0.88371104,0.017887712,0.92594886,0.3772248,0
1.5783377,2.5377531,-2.4808106,0.43510377,0.33247843,-0.83674532,0
-0.012231588,-1.9604924,1.4468026,0.90020251,-0.17909944,0.39693657,0
-0.32803702,2.059737,1.8640985,0.017887712,0.92594886,0.3772248,0
-1.2748375,1.8362201,2.0840905,0.017887712,0.92594886,0.3772248,0
-1.8682991,-3.1651578,1.0169487,-0.017887712,-0.92594886,-0.3772248,0
0.90417814,-1.7182213,-2.8517306,-0.017887712,-0.92594886,-0.3772248,0
0.4752444,-1.165288,1.3776723,0.90020251,-0.17909944,0.39693657,0
0.30159688,1.818228,1.8399138,0.017887712,0.92594886,0.3772248,0
0.44948483,-0.93161166,-3.9212008,-0.90020251,0.17909944,-0.39693657,0
0.6449368,2.1897497,1.1762516,0.017887712,0.92594886,0.3772248,0
1.014253,-0.98785186,-3.9572463,0.43510377,0.33247843,-0.83674532,0
1.7387743,-1.660831,-1.822179,0.90020251,-0.17909944,0.39693657,0
-2.3541727,-3.3600807,1.5789658,-0.90020251,0.17909944,-0.39693657,0
-0.80555773,-2.8321157,2.6069589,-0.43510377,-0.33247843,0.83674532,0
1.7176554,1.521256,-0.40524685,0.90020251,-0.17909944,0.39693657,0
-0.94223636,-0.024903059,3.7286534,-0.43510377,-0.33247843,0.83674532,0
-1.3355298,-0.7007888,3.1622386,-0.43510377,-0.33247843,0.83674532,0
1.4087167,-2.1129203,-1.2672352,0.90020251,-0.17909944,0.39693657,0
-1.2970022,1.2460846,3.7073529,0.017887712,0.92594886,0.3772248,0
-0.7855829,1.8404676,2.5526171,0.017887712,0.92594886,0.3772248,0
2.0692563,2.4781413,-2.0648446,0.43510377,0.33247843,-0.83674532,0
0.34569249,0.14946258,-3.6319556,-0.90020251,0.17909944,-0.39693657,0
-0.21431208,1.7777584,2.1927145,0.017887712,0.92594886,0.3772248,0
0.14968991,-0.51942718,-3.3359663,-0.90020251,0.17909944,-0.39693657,0
-0.98629373,0.26560855,3.9208908,-0.43510377,-0.33247843,0.83674532,0
-2.0795217,-3.2656884,1.6916971,-0.017887712,-0.92594886,-0.3772248,0
-0.1448133,2.6369252,-0.67639923,-0.90020251,0.17909944,-0.39693657,0
0.30371833,3.3204799,-1.6151518,-0.90020251,0.17909944,-0.39693657,0
0.26553512,3.1297262,-0.55799699,0.017887712,0.92594886,0.3772248,0
-1.4868553,1.0834434,1.0588889,-0.90020251,0.17909944,-0.39693657,0
1.6583675,-1.1547427,-3.48035,-0.017887712,-0.92594886,-0.3772248,0
0.044950128,1.5008206,3.4447408,0.017887712,0.92594886,0.3772248,0
0.58122391,-1.0638984,1.1783162,0.90020251,-0.17909944,0.39693657,0
0.53382385,2.0263629,1.866147,0.017887712,0.92594886,0.3772248,0
-0.74259806,-0.55789602,3.3661129,-0.43510377,-0.33247843,0.83674532,0
-0.88340259,-2.9277949,2.7352576,-0.43510377,-0.33247843,0.83674532,0
-0.71954846,-3.4295907,1.3168634,-0.017887712,-0.92594886,-0.3772248,0
-0.089445114,2.7842028,0.010087252,0.017887712,0.92594886,0.3772248,0
0.85235238,0.35017431,-3.8080919,0.43510377,0.33247843,-0.83674532,0
0.84784234,2.4098189,0.56638682,0.017887712,0.92594886,0.3772248,0
-0.47278464,-1.8335134,3.2166681,0.90020251,-0.17909944,0.39693657,0
-1.2829769,2.2549095,1.4834656,0.017887712,0.92594886,0.3772248,0
-1.1982312,-0.78021753,-0.64901483,-0.90020251,0.17909944,-0.39693657,0
2.472466,0.48178542,-2.6481884,0.90020251,-0.17909944,0.39693657,0
2.1169493,1.2592814,-2.7489619,0.43510377,0.33247843,-0.83674532,0
1.8148249,-0.026976347,-3.1543932,0.43510377,0.33247843,-0.83674532,0
-0.74890816,1.6862415,2.9630578,0.017887712,0.92594886,0.3772248,0
1.4919655,0.34628528,-3.2237406,0.43510377,0.33247843,-0.83674532,0
1.8794074,-0.61650163,-1.8722833,0.90020251,-0.17909944,0.39693657,0
-1.594512,-1.5119637,2.7243905,-0.43510377,-0.33247843,0.83674532,0
1.0578576,-1.4501414,-2.7637916,-0.017887712,-0.92594886,-0.3772248,0
-0.48659992,-0.69107366,3.2664871,0.90020251,-0.17909944,0.39693657,0
1.4640348,-0.64722151,-3.6955535,0.43510377,0.33247843,-0.83674532,0
1.0108523,2.288753,-2.5686283,0.43510377,0.33247843,-0.83674532,0
0.75810575,-2.2558243,-0.74739867,-0.017887712,-0.92594886,-0.3772248,0
-2.133399,-1.5638566,1.9135872,-0.90020251,0.17909944,-0.39693657,0
0.99251091,-1.5993607,-2.3204808,-0.017887712,-0.92594886,-0.3772248,0
0.36136413,-1.9922245,0.29766792,0.90020251,-0.17909944,0.39693657,0
2.0683198,-0.10485345,-3.2242656,0.43510377,0.33247843,-0.83674532,0
0.41017175,-1.697978,-2.178236,-0.017887712,-0.92594886,-0.3772248,0
-2.0710711,0.5970788,3.5538282,-0.43510377,-0.33247843,0.83674532,0
-1.3849604,1.9850413,1.1485893,-0.90020251,0.17909944,-0.39693657,0
-0.2667191,-2.9801135,1.3662153,0.90020251,-0.17909944,0.39693657,0
1.6555792,0.21099871,-3.4063716,0.43510377,0.33247843,-0.83674532,0
-0.93145108,0.71208775,-0.027440831,-0.90020251,0.17909944,-0.39693657,0
0.61305928,3.1100948,-1.0967551,0.017887712,0.92594886,0.3772248,0
-1.9815872,0.36046201,3.1823955,-0.43510377,-0.33247843,0.83674532,0
0.88913703,2.431793,-2.8657584,0.43510377,0.33247843,-0.83674532,0
2.5472469,0.25642991,-2.7105763,0.43510377,0.33247843,-0.83674532,0
-1.2134982,1.1472808,3.479331,0.017887712,0.92594886,0.3772248,0
-1.1950065,-2.8196869,2.4472585,-0.43510377,-0.33247843,0.83674532,0
-0.13007367,1.6535468,2.7045174,0.017887712,0.92594886,0.3772248,0
-0.59236193,0.64071137,3.917619,-0.43510377,-0.33247843,0.83674532,0
-0.61261415,-2.752281,0.60118568,-0.017887712,-0.92594886,-0.3772248,0
1.1803493,3.2825716,-2.1801209,0.43510377,0.33247843,-0.83674532,0
-1.729602,-3.0029876,2.3163385,-0.43510377,-0.33247843,0.83674532,0
-1.6923206,-3.0693994,1.429979,-0.017887712,-0.92594886,-0.3772248,0
-0.83759266,-0.40512216,3.7723963,-0.43510377,-0.33247843,0.83674532,0
-0.34227896,2.6842005,0.18112409,0.017887712,0.92594886,0.3772248,0
-2.0133224,-2.9936345,1.7596403,-0.43510377,-0.33247843,0.83674532,0
-1.1684057,1.0934753,4.0000343,0.017887712,0.92594886,0.3772248,0
1.4616411,2.7240763,0.010040879,0.017887712,0.92594886,0.3772248,0
0.89120674,0.77667463,-3.5099308,0.43510377,0.33247843,-0.83674532,0
0.79527342,-1.9408762,-0.40246424,0.90020251,-0.17909944,0.39693657,0
-0.82147515,1.7804028,1.8081894,0.017887712,0.92594886,0.3772248,0
2.1418316,1.0386019,-2.6925974,0.43510377,0.33247843,-0.83674532,0
1.2800932,1.2978473,-3.1580784,0.43510377,0.33247843,-0.83674532,0
-0.87413359,0.3461659,3.6441791,-0.43510377,-0.33247843,0.83674532,0
-2.2122216,-1.1764394,1.6960201,-0.90020251,0.17909944,-0.39693657,0
1.1341887,-2.4399185,-0.69777989,0.90020251,-0.17909944,0.39693657,0
0.4101553,1.6746302,1.9033582,0.90020251,-0.17909944,0.39693657,0
2.0008018,2.5749097,-0.97703564,0.90020251,-0.17909944,0.39693657,0
1.0834479,-1.7155436,-2.4133897,-0.017887712,-0.92594886,-0.3772248,0
1.6057485,-0.27508557,-0.9644919,0.90020251,-0.17909944,0.39693657,0
0.75281173,-0.89219803,0.19103462,0.90020251,-0.17909944,0.39693657,0
-0.7084955,1.7235128,0.29642388,-0.90020251,0.17909944,-0.39693657,0
-1.0268131,-2.499969,-0.50893736,-0.017887712,-0.92594886,-0.3772248,0
-1.1252189,0.96825236,0.66835523,-0.90020251,0.17909944,-0.39693657,0
0.052551985,2.2219958,-1.5530787,-0.90020251,0.17909944,-0.39693657,0
-1.2762806,-2.6838799,-0.33511102,-0.017887712,-0.92594886,-0.3772248,0
0.52346528,1.8620095,-2.9342601,0.43510377,0.33247843,-0.83674532,0
1.8186746,0.86071169,-1.6586686,0.90020251,-0.17909944,0.39693657,0
-1.1859332,1.039112,3.9869266,0.017887712,0.92594886,0.3772248,0
2.2520227,-1.1559653,-3.4939942,0.43510377,0.33247843,-0.83674532,0
-1.0315108,-2.6661601,-0.53436947,-0.017887712,-0.92594886,-0.3772248,0
-0.019011736,2.0826068,-2.0084915,-0.90020251,0.17909944,-0.39693657,0
-1.0719079,1.8343374,2.6068525,0.017887712,0.92594886,0.3772248,0
1.2885292,1.3063755,-2.7602556,0.43510377,0.33247843,-0.83674532,0
-2.2977574,0.18172216,2.90955,-0.90020251,0.17909944,-0.39693657,0
-1.8045981,-2.7601693,0.76742125,-0.90020251,0.17909944,-0.39693657,0
-0.36749864,-2.7526596,2.4111748,0.90020251,-0.17909944,0.39693657,0
1.2793553,-1.1809288,-0.56159955,0.90020251,-0.17909944,0.39693657,0
1.1561537,-1.8403692,-2.5068905,-0.017887712,-0.92594886,-0.3772248,0
1.6991358,3.2903783,-2.1353662,0.43510377,0.33247843,-0.83674532,0
0.7383287,3.2893746,-1.3097047,0.017887712,0.92594886,0.3772248,0
-0.53800201,1.286294,3.973279,0.017887712,0.92594886,0.3772248,0
1.6031489,2.9996819,-2.2337012,0.43510377,0.33247843,-0.83674532,0
2.2425461,-1.3711706,-3.3286445,-0.017887712,-0.92594886,-0.3772248,0
0.57441944,-0.56541866,0.79607368,0.90020251,-0.17909944,0.39693657,0
-2.2634804,-2.7908912,2.0838118,-0.43510377,-0.33247843,0.83674532,0
-1.4375764,1.56269,2.6188622,0.017887712,0.92594886,0.3772248,0
-1.7496533,-0.75568652,3.1881151,-0.43510377,-0.33247843,0.83674532,0
-2.0104957,1.4489405,2.7065222,-0.90020251,0.17909944,-0.39693657,0
0.66971254,3.1770349,-1.1084383,0.017887712,0.92594886,0.3772248,0
-0.089136124,2.7048123,-0.096176147,0.017887712,0.92594886,0.3772248,0
2.0997982,0.62302119,-3.0154991,0.43510377,0.33247843,-0.83674532,0
-1.4130853,-2.7272348,2.2801213,-0.43510377,-0.33247843,0.83674532,0
-0.51039076,2.6475265,-0.090320468,0.017887712,0.92594886,0.3772248,0
0.46037424,-1.4753164,-3.0509279,-0.017887712,-0.92594886,-0.3772248,0
2.1883903,-1.2786916,-3.4450846,0.43510377,0.33247843,-0.83674532,0
-0.4547683,-1.9105285,-2.2010894,-0.017887712,-0.92594886,-0.3772248,0
0.98958254,2.2078803,1.2471769,0.017887712,0.92594886,0.3772248,0
0.87040639,-1.7782162,-1.8959668,-0.017887712,-0.92594886,-0.3772248,0
-0.65029514,1.5163031,3.2940588,0.017887712,0.92594886,0.3772248,0
1.6563838,1.9189985,-2.7685585,0.43510377,0.33247843,-0.83674532,0
2.0272269,-0.18377054,-2.2298386,0.90020251,-0.17909944,0.39693657,0
1.304696,0.91775405,0.23572165,0.90020251,-0.17909944,0.39693657,0
-1.2358649,1.2443732,3.4896922,0.017887712,0.92594886,0.3772248,0
1.5009608,3.2535565,-1.0591875,0.017887712,0.92594886,0.3772248,0
-1.0843605,-2.0730138,2.774569,-0.43510377,-0.33247843,0.83674532,0
0.54807591,-1.2491268,-3.3681979,-0.017887712,-0.92594886,-0.3772248,0
-1.0556991,-3.1779072,1.5409538,-0.017887712,-0.92594886,-0.3772248,0
2.0062737,2.9014654,-0.57915163,0.90020251,-0.17909944,0.39693657,0
1.1856034,-0.84884018,-4.062284,0.43510377,0.33247843,-0.83674532,0
-0.1323911,-1.886061,2.2985108,0.90020251,-0.17909944,0.39693657,0
-1.0321018,-2.1847801,-1.347522,-0.017887712,-0.92594886,-0.3772248,0
0.36165643,-1.0431507,-3.6259265,-0.017887712,-0.92594886,-0.3772248,0
-0.43319213,1.5382361,2.477375,0.017887712,0.92594886,0.3772248,0
-0.28462636,-1.0359054,-2.0648017,-0.90020251,0.17909944,-0.39693657,0
1.8977131,2.7745039,-0.90565193,0.90020251,-0.17909944,0.39693657,0
-1.2136669,-3.5393379,1.5906045,-0.017887712,-0.92594886,-0.3772248,0
-0.3831588,0.84257746,-1.2671282,-0.90020251,0.17909944,-0.39693657,0
1.1227044,2.6952105,-2.543088,0.43510377,0.33247843,-0.83674532,0
-1.6468357,-2.2888746,2.2398226,-0.43510377,-0.33247843,0.83674532,0
1.6240189,2.941175,-0.48088789,0.017887712,0.92594886,0.3772248,0
-2.2925701,-0.92670846,2.2893209,-0.90020251,0.17909944,-0.39693657,0
-1.240366,2.0222545,1.4182158,0.017887712,0.92594886,0.3772248,0
1.3632745,-2.0018201,-0.97239441,0.90020251,-0.17909944,0.39693657,0
0.57942426,-1.7393662,-2.4466398,-0.017887712,-0.92594886,-0.3772248,0
-2.2686234,-1.0402727,2.4640939,-0.90020251,0.17909944,-0.39693657,0
-0.9383719,2.2806656,0.42288679,-0.90020251,0.17909944,-0.39693657,0
0.35398248,0.13756603,-3.2258084,-0.90020251,0.17909944,-0.39693657,0
-1.3514614,-3.270072,2.2253432,-0.43510377,-0.33247843,0.83674532,0
1.9248774,-1.3789515,-3.2280273,-0.017887712,-0.92594886,-0.3772248,0
-1.0951848,0.59896779,3.9156592,-0.43510377,-0.33247843,0.83674532,0
-1.6088301,0.67161089,1.3928583,-0.90020251,0.17909944,-0.39693657,0
-1.7960472,-2.0265832,0.16309226,-0.90020251,0.17909944,-0.39693657,0
0.76174176,2.189024,-2.7430439,0.43510377,0.33247843,-0.83674532,0
0.31838584,0.66821706,2.176115,0.90020251,-0.17909944,0.39693657,0
1.5070391,-1.736014,-2.0186839,-0.017887712,-0.92594886,-0.3772248,0
-1.5801632,-1.9742485,2.8041854,-0.43510377,-0.33247843,0.83674532,0
-0.90936023,-1.0511394,3.4894814,-0.43510377,-0.33247843,0.83674532,0
-0.033937454,2.4818342,-1.4200925,-0.90020251,0.17909944,-0.39693657,0
1.1866883,2.3380146,-2.4047532,0.43510377,0.33247843,-0.83674532,0
-1.4178774,-3.3971486,1.6094011,-0.017887712,-0.92594886,-0.3772248,0
-0.61966091,-0.45708448,3.666115,-0.43510377,-0.33247843,0.83674532,0
-0.73970747,0.16679615,3.8140106,-0.43510377,-0.33247843,0.83674532,0
0.47388256,2.0901856,1.5313174,0.017887712,0.92594886,0.3772248,0
-4.7206879e-05,3.3504457,-1.2543043,-0.90020251,0.17909944,-0.39693657,0
-0.26857018,-1.5371274,2.246923,0.90020251,-0.17909944,0.39693657,0
-1.1221811,1.9028776,2.2874823,0.017887712,0.92594886,0.3772248,0
-1.0681025,0.60370803,3.6720359,-0.43510377,-0.33247843,0.83674532,0
2.1349812,0.4558779,-2.9337101,0.43510377,0.33247843,-0.83674532,0
0.73777747,-2.3358679,-1.1387342,-0.017887712,-0.92594886,-0.3772248,0
-1.7403977,-3.2052712,2.0719304,-0.43510377,-0.33247843,0.83674532,0
-1.6181846,1.6441083,3.0492382,0.017887712,0.92594886,0.3772248,0
-0.99391907,0.31998992,3.5917377,-0.43510377,-0.33247843,0.83674532,0
1.784578,-0.59558702,-3.3613443,0.43510377,0.33247843,-0.83674532,0
0.84293151,2.2267613,1.4265931,0.017887712,0.92594886,0.3772248,0
1.194181,0.34473178,-3.5695157,0.43510377,0.33247843,-0.83674532,0
-0.83421397,2.2318134,0.082500935,-0.90020251,0.17909944,-0.39693657,0
-2.4690685,-2.8907037,1.9501361,-0.43510377,-0.33247843,0.83674532,0
-0.094044089,-1.7143563,1.5195844,0.90020251,-0.17909944,0.39693657,0
0.66986418,-0.20859921,-3.7784183,0.43510377,0.33247843,-0.83674532,0
1.442688,-0.95004255,-3.9581766,0.43510377,0.33247843,-0.83674532,0
1.2274959,3.5064332,-2.1704717,0.43510377,0.33247843,-0.83674532,0
-0.43218422,-1.6374576,-2.3710482,-0.017887712,-0.92594886,-0.3772248,0
0.24440587,-1.7191815,-2.9477828,-0.017887712,-0.92594886,-0.3772248,0
0.21525478,1.5691048,-2.3519468,-0.90020251,0.17909944,-0.39693657,0
1.6289395,-1.7274945,-2.6560497,-0.017887712,-0.92594886,-0.3772248,0
1.432019,1.8731942,-2.8692369,0.43510377,0.33247843,-0.83674532,0
1.5970366,2.7623696,-0.65811741,0.017887712,0.92594886,0.3772248,0
-1.7522552,-0.7234726,2.8528552,-0.43510377,-0.33247843,0.83674532,0
-1.4169829,-1.5658376,2.6179109,-0.43510377,-0.33247843,0.83674532,0
-1.7081017,1.4259672,3.2076271,0.017887712,0.92594886,0.3772248,0
-1.8510487,-1.5761527,1.3183793,-0.90020251,0.17909944,-0.39693657,0
-1.704504,-0.86326313,3.0199556,-0.43510377,-0.33247843,0.83674532,0
0.6826275,0.12770718,-3.7963905,0.43510377,0.33247843,-0.83674532,0
0.44805861,1.7121918,-2.7249532,-0.90020251,0.17909944,-0.39693657,0
1.0847454,-0.20002407,-3.8832755,0.43510377,0.33247843,-0.83674532,0
-0.15385056,0.4428395,2.9876986,0.90020251,-0.17909944,0.39693657,0
1.5389249,-1.4199352,-2.9841371,-0.017887712,-0.92594886,-0.3772248,0
0.019865274,2.8621483,-0.89894974,0.017887712,0.92594886,0.3772248,0
1.4221845,-1.5608847,-2.8841162,-0.017887712,-0.92594886,-0.3772248,0
0.4324497,1.9294863,1.4740566,0.017887712,0.92594886,0.3772248,0
-2.1998205,0.14380586,3.1106563,-0.43510377,-0.33247843,0.83674532,0
-0.23193884,1.2250409,-1.2952259,-0.90020251,0.17909944,-0.39693657,0
-0.42895722,1.8909568,2.1934807,0.017887712,0.92594886,0.3772248,0
-1.2182856,-3.2500057,2.1919436,-0.43510377,-0.33247843,0.83674532,0
-2.0617509,0.79073012,3.6108036,-0.43510377,-0.33247843,0.83674532,0
0.32786882,-1.0354002,-3.4451036,-0.90020251,0.17909944,-0.39693657,0
-1.7991793,-3.3219452,1.9299194,-0.017887712,-0.92594886,-0.3772248,0
1.7272851,2.7998052,-0.36593974,0.017887712,0.92594886,0.3772248,0
1.9660994,1.9581535,-2.5283232,0.43510377,0.33247843,-0.83674532,0
1.6510761,1.0175967,-0.56917357,0.90020251,-0.17909944,0.39693657,0
-2.0291984,-3.1962571,1.623908,-0.43510377,-0.33247843,0.83674532,0
0.1278156,-1.6498843,-2.4057112,-0.017887712,-0.92594886,-0.3772248,0
-1.9341544,0.2010223,3.2649486,-0.43510377,-0.33247843,0.83674532,0
2.2293353,1.7830734,-2.3808479,0.43510377,0.33247843,-0.83674532,0
2.0546784,2.8694811,-2.0270643,0.43510377,0.33247843,-0.83674532,0
1.2092192,0.33585751,-0.40887433,0.90020251,-0.17909944,0.39693657,0
-1.1847138,-3.4624162,1.4897876,-0.017887712,-0.92594886,-0.3772248,0
0.71705401,-1.8184395,0.5538522,0.90020251,-0.17909944,0.39693657,0
1.9431155,-0.76299196,-3.5760233,0.43510377,0.33247843,-0.83674532,0
-1.6152251,-0.36108533,3.1001258,-0.43510377,-0.33247843,0.83674532,0
-1.7903471,-1.8313333,0.61586124,-0.90020251,0.17909944,-0.39693657,0
1.6191611,3.5829115,-2.0339766,0.43510377,0.33247843,-0.83674532,0
0.512851,3.492847,-2.2284336,-0.90020251,0.17909944,-0.39693657,0
-0.21100765,0.19770467,3.5144544,0.90020251,-0.17909944,0.39693657,0
-1.5664624,-2.8084633,0.016313553,-0.90020251,0.17909944,-0.39693657,0
-2.4028091,-2.9202442,1.5069324,-0.90020251,0.17909944,-0.39693657,0
1.3185368,-0.21043098,-0.38034853,0.90020251,-0.17909944,0.39693657,0
-0.33313513,2.6674516,-0.044765711,0.017887712,0.92594886,0.3772248,0
-1.001565,-3.6211014,2.2029643,-0.017887712,-0.92594886,-0.3772248,0
-1.3912969,-3.3137012,1.2713236,-0.017887712,-0.92594886,-0.3772248,0
-1.5138309,-1.9631151,2.8206792,-0.43510377,-0.33247843,0.83674532,0
-0.75523359,0.10872018,-0.44128007,-0.90020251,0.17909944,-0.39693657,0
0.11839581,2.7764049,-0.088197947,0.017887712,0.92594886,0.3772248,0
0.85255563,-1.7465525,-1.9869397,-0.017887712,-0.92594886,-0.3772248,0
0.26114556,0.13571537,1.5900273,0.90020251,-0.17909944,0.39693657,0
0.1868664,1.585269,2.3070469,0.90020251,-0.17909944,0.39693657,0
1.891295,1.934178,-2.3749695,0.43510377,0.33247843,-0.83674532,0
0.7324338,3.6839771,-2.5690553,0.43510377,0.33247843,-0.83674532,0
-0.40895915,1.5535309,2.3577843,0.017887712,0.92594886,0.3772248,0
1.2379618,-0.097249418,-3.6166613,0.43510377,0.33247843,-0.83674532,0
-0.89240539,1.4531378,-0.032321692,-0.90020251,0.17909944,-0.39693657,0
-0.90633625,-0.61925209,3.6155739,-0.43510377,-0.33247843,0.83674532,0
2.2388673,0.83210528,-2.7819824,0.43510377,0.33247843,-0.83674532,0
-2.2311957,0.52091175,2.4776909,-0.90020251,0.17909944,-0.39693657,0
-0.54413617,1.0171626,-1.0431472,-0.90020251,0.17909944,-0.39693657,0
-0.074933648,1.8732736,-1.0864139,-0.90020251,0.17909944,-0.39693657,0
-0.38179231,-2.9968376,2.1890602,0.90020251,-0.17909944,0.39693657,0
-0.39753962,-1.6871364,-2.2265792,-0.017887712,-0.92594886,-0.3772248,0
0.21438563,-0.66822475,-2.8517983,-0.90020251,0.17909944,-0.39693657,0
-0.90095669,0.84576291,3.8456795,-0.43510377,-0.33247843,0.83674532,0
1.3098335,1.9936379,-2.8358943,0.43510377,0.33247843,-0.83674532,0
-2.4155617,-0.68894565,2.7839427,-0.43510377,-0.33247843,0.83674532,0
-0.96626782,-2.9868095,0.847121,-0.017887712,-0.92594886,-0.3772248,0
0.54655898,2.0694737,-2.5389521,-0.90020251,0.17909944,-0.39693657,0
0.23205745,-0.78458691,-3.5108423,-0.90020251,0.17909944,-0.39693657,0
2.2805004,-0.89594871,-3.3422799,0.43510377,0.33247843,-0.83674532,0
2.4813828,2.4701579,-2.1491382,0.43510377,0.33247843,-0.83674532,0
0.21464014,-2.0145221,-1.198993,-0.017887712,-0.92594886,-0.3772248,0
1.6988176,1.7880614,-2.6971619,0.43510377,0.33247843,-0.83674532,0
0.88718522,-0.14557022,-3.7521057,0.43510377,0.33247843,-0.83674532,0
-0.38835669,2.2605982,0.58872849,0.017887712,0.92594886,0.3772248,0
-1.630821,-1.8885237,2.3521247,-0.43510377,-0.33247843,0.83674532,0
-0.85234261,-2.7679157,-0.24057305,-0.017887712,-0.92594886,-0.3772248,0
1.4244189,3.2153993,-1.436065,0.017887712,0.92594886,0.3772248,0
2.2147877,1.4507546,-2.5673773,0.43510377,0.33247843,-0.83674532,0
-1.1634158,-2.1029367,-0.98138452,-0.017887712,-0.92594886,-0.3772248,0
0.46760041,-0.6597296,0.66325629,0.90020251,-0.17909944,0.39693657,0
-2.3786759,-0.84819341,2.5667911,-0.43510377,-0.33247843,0.83674532,0
1.273355,3.4807394,-1.7161738,0.017887712,0.92594886,0.3772248,0
-1.320851,-2.2873154,-1.0513836,-0.90020251,0.17909944,-0.39693657,0
-0.01264143,1.9224257,1.6205153,0.017887712,0.92594886,0.3772248,0
0.32480884,3.0205874,-1.4687527,-0.90020251,0.17909944,-0.39693657,0
-0.0073719025,-2.8763022,-0.057328343,-0.017887712,-0.92594886,-0.3772248,0
-1.3694832,-1.1339999,3.091486,-0.43510377,-0.33247843,0.83674532,0
0.5410099,-2.6598001,0.27934551,-0.017887712,-0.92594886,-0.3772248,0
0.25892401,-1.564725,-2.5321631,-0.017887712,-0.92594886,-0.3772248,0
1.7009436,-1.110388,-3.5196729,-0.017887712,-0.92594886,-0.3772248,0
0.042436957,1.6402748,2.1703818,0.017887712,0.92594886,0.3772248,0
-0.6668973,-2.1061144,-1.4308296,-0.017887712,-0.92594886,-0.3772248,0
1.8829701,2.3972969,-0.95270658,0.90020251,-0.17909944,0.39693657,0
1.235175,-1.8979452,-2.1656709,-0.017887712,-0.92594886,-0.3772248,0
-1.9796063,1.7369905,2.3195853,-0.90020251,0.17909944,-0.39693657,0
1.3277266,2.2289619,-2.7875791,0.43510377,0.33247843,-0.83674532,0
1.0617102,2.6533549,-2.4518552,0.43510377,0.33247843,-0.83674532,0
-0.11180758,-2.3598604,1.8152776,0.90020251,-0.17909944,0.39693657,0
-0.30490065,1.1204413,3.8540545,0.90020251,-0.17909944,0.39693657,0
0.8556813,-1.1854929,-3.7357254,-0.017887712,-0.92594886,-0.3772248,0
-0.44109178,-2.1664951,-1.3109902,-0.017887712,-0.92594886,-0.3772248,0
-0.2845875,-1.7665582,2.1809993,0.90020251,-0.17909944,0.39693657,0
1.1667975,2.4580982,-2.3699055,0.43510377,0.33247843,-0.83674532,0
-1.3063596,1.1327507,3.8967745,0.017887712,0.92594886,0.3772248,0
-0.2459718,-1.5328772,1.9837508,0.90020251,-0.17909944,0.39693657,0
-1.4162308,-2.8809574,0.75703526,-0.017887712,-0.92594886,-0.3772248,0
-1.5245311,-3.2752035,1.1523905,-0.017887712,-0.92594886,-0.3772248,0
0.79325402,2.2171197,0.9070003,0.017887712,0.92594886,0.3772248,0
1.606035,2.7529001,-0.41095507,0.017887712,0.92594886,0.3772248,0
-1.9013097,-2.7988446,0.71834171,-0.017887712,-0.92594886,-0.3772248,0
0.22810018,1.0804968,-2.3092,-0.90020251,0.17909944,-0.39693657,0
1.0080914,-1.92347,-2.1870356,-0.017887712,-0.92594886,-0.3772248,0
1.269388,-0.44004476,-3.586688,0.43510377,0.33247843,-0.83674532,0
0.73586029,0.53132629,1.5780571,0.90020251,-0.17909944,0.39693657,0
2.1686182,1.7729199,-1.6627369,0.90020251,-0.17909944,0.39693657,0
-2.0309227,0.49947101,3.5359545,-0.43510377,-0.33247843,0.83674532,0
1.7268956,1.0812875,-3.0292554,0.43510377,0.33247843,-0.83674532,0
-0.59927344,0.16052103,3.9719954,-0.43510377,-0.33247843,0.83674532,0
1.9405121,0.069248676,-2.9778144,0.43510377,0.33247843,-0.83674532,0
-2.0107653,-1.6820537,2.5115795,-0.43510377,-0.33247843,0.83674532,0
-1.1079618,1.6882437,2.1085281,0.017887712,0.92594886,0.3772248,0
-0.48942614,-3.2979321,2.1566515,0.90020251,-0.17909944,0.39693657,0
-1.9929552,-1.6110475,2.7119136,-0.43510377,-0.33247843,0.83674532,0
1.5656781,2.49125,-2.3082755,0.43510377,0.33247843,-0.83674532,0
1.909493,2.9242764,-0.16984761,0.017887712,0.92594886,0.3772248,0
1.481042,0.61825562,-3.3634603,0.43510377,0.33247843,-0.83674532,0
1.2743337,-1.3500593,-3.687345,-0.017887712,-0.92594886,-0.3772248,0
-2.2507961,-0.81219232,2.5465817,-0.43510377,-0.33247843,0.83674532,0
-1.6765971,-0.18994087,3.2455072,-0.43510377,-0.33247843,0.83674532,0
1.467865,2.3903537,-2.4990871,0.43510377,0.33247843,-0.83674532,0
0.64063817,-0.59360343,-4.024672,0.43510377,0.33247843,-0.83674532,0
0.86633611,-1.16467,-3.8693922,-0.017887712,-0.92594886,-0.3772248,0
1.1704736,-0.66435647,-3.8666139,0.43510377,0.33247843,-0.83674532,0
0.35260606,-1.200633,1.1850129,0.90020251,-0.17909944,0.39693657,0
0.18705416,2.9041426,-0.95814621,0.017887712,0.92594886,0.3772248,0
-1.809556,-2.7465184,2.2609458,-0.43510377,-0.33247843,0.83674532,0
-0.75360203,-3.1573112,1.5959564,-0.017887712,-0.92594886,-0.3772248,0
-0.58040142,1.8925154,2.1910846,0.017887712,0.92594886,0.3772248,0
-1.3635917,1.4222687,0.80052149,-0.90020251,0.17909944,-0.39693657,0
1.0392197,1.1785638,-3.3843536,0.43510377,0.33247843,-0.83674532,0
2.1940122,-0.3658005,-3.3380134,0.43510377,0.33247843,-0.83674532,0
2.3923681,1.9827976,-2.2356539,0.43510377,0.33247843,-0.83674532,0
-1.6814566,0.00090456009,1.4937209,-0.90020251,0.17909944,-0.39693657,0
-0.47425437,1.8340296,2.1809392,0.017887712,0.92594886,0.3772248,0
0.9885577,1.4288454,-2.9916458,0.43510377,0.33247843,-0.83674532,0
-1.6722876,-0.79774547,3.1251507,-0.43510377,-0.33247843,0.83674532,0
1.2995036,3.1313751,-1.59008,0.017887712,0.92594886,0.3772248,0
-0.50321007,1.5572696,3.3075578,0.017887712,0.92594886,0.3772248,0
1.3344561,-1.1453887,-3.6031649,-0.017887712,-0.92594886,-0.3772248,0
1.164499,0.20624626,-0.22748071,0.90020251,-0.17909944,0.39693657,0
-2.143749,0.52761096,3.041635,-0.90020251,0.17909944,-0.39693657,0
1.5811014,-0.73183101,-3.8164506,0.43510377,0.33247843,-0.83674532,0
-2.2951517,0.80847216,2.7294488,-0.90020251,0.17909944,-0.39693657,0
2.3752787,-0.071227074,-2.8329279,0.43510377,0.33247843,-0.83674532,0
-2.0358434,-3.4077835,1.814263,-0.43510377,-0.33247843,0.83674532,0
0.20618863,0.047559738,2.4725504,0.90020251,-0.17909944,0.39693657,0
1.8652056,2.3162143,-2.2844501,0.43510377,0.33247843,-0.83674532,0
-1.3922923,-1.4970498,3.0224271,-0.43510377,-0.33247843,0.83674532,0
0.12536836,2.250813,1.5225821,0.017887712,0.92594886,0.3772248,0
-0.70334625,-2.2040615,-0.85207939,-0.017887712,-0.92594886,-0.3772248,0
-2.1464987,1.3330631,3.3828776,-0.43510377,-0.33247843,0.83674532,0
-0.16313636,1.4348927,-1.1251132,-0.90020251,0.17909944,-0.39693657,0
0.1459837,-2.1487441,-0.92421937,-0.017887712,-0.92594886,-0.3772248,0
0.56934142,2.75072,-0.13634861,0.017887712,0.92594886,0.3772248,0
0.48130107,2.6372378,0.075725555,0.017887712,0.92594886,0.3772248,0
0.29339743,1.2250407,-2.1496861,-0.90020251,0.17909944,-0.39693657,0
-1.3215065,0.97256666,0.58675128,-0.90020251,0.17909944,-0.39693657,0
0.40837562,0.68465757,-2.9339869,-0.90020251,0.17909944,-0.39693657,0
-1.0404959,-3.0965722,1.1783979,-0.017887712,-0.92594886,-0.3772248,0
-1.7500845,1.3561531,2.9073639,0.017887712,0.92594886,0.3772248,0
-0.54539663,0.76383114,4.195312,0.90020251,-0.17909944,0.39693657,0
-0.10388064,2.4988053,-1.6087831,-0.90020251,0.17909944,-0.39693657,0
2.1949925,-0.73585147,-3.2439342,0.43510377,0.33247843,-0.83674532,0
-0.27427793,2.4941745,-0.78437161,-0.90020251,0.17909944,-0.39693657,0
-1.1354637,2.2154884,0.56104088,-0.90020251,0.17909944,-0.39693657,0
-0.32611656,2.1841755,-0.86426497,-0.90020251,0.17909944,-0.39693657,0
-2.2743545,1.3119068,3.3382714,-0.43510377,-0.33247843,0.83674532,0
-0.38149643,-3.4402578,2.1269269,0.90020251,-0.17909944,0.39693657,0
1.5267565,-1.7188096,-2.1854622,0.90020251,-0.17909944,0.39693657,0
-1.6158738,-0.50137424,1.2985909,-0.90020251,0.17909944,-0.39693657,0
-0.73492146,-2.7495229,2.6294382,-0.43510377,-0.33247843,0.83674532,0
1.2971221,1.0852977,-2.998857,0.43510377,0.33247843,-0.83674532,0
0.23344707,-2.9545181,0.17497027,-0.017887712,-0.92594886,-0.3772248,0
-0.55478871,0.81138271,-0.5794543,-0.90020251,0.17909944,-0.39693657,0
-1.1646991,-3.6162949,2.1210246,-0.017887712,-0.92594886,-0.3772248,0
-0.31226063,-2.5746064,-0.13495266,-0.017887712,-0.92594886,-0.3772248,0
-0.096663296,0.64998066,2.5797095,0.90020251,-0.17909944,0.39693657,0
-0.078542233,-1.5751679,-2.6349127,-0.90020251,0.17909944,-0.39693657,0
0.35512531,-0.49803555,-3.9372818,-0.90020251,0.17909944,-0.39693657,0
1.5559278,3.3049123,-2.0930178,0.43510377,0.33247843,-0.83674532,0
0.91947937,3.7155461,-2.2090402,0.017887712,0.92594886,0.3772248,0
-1.1979797,2.0822306,1.8016405,0.017887712,0.92594886,0.3772248,0
1.8192039,-1.3294559,-3.6968415,0.43510377,0.33247843,-0.83674532,0
-0.68464279,2.2952034,1.0561581,0.017887712,0.92594886,0.3772248,0
-1.0365298,-2.7467511,-0.097263813,-0.017887712,-0.92594886,-0.3772248,0
0.94301063,0.20920467,0.60476756,0.90020251,-0.17909944,0.39693657,0
-2.0429261,0.78220844,3.4123995,-0.43510377,-0.33247843,0.83674532,0
-0.69664967,-2.1952617,-1.5002546,-0.017887712,-0.92594886,-0.3772248,0
-2.2477925,-0.42554438,2.8399601,-0.43510377,-0.33247843,0.83674532,0
-1.1683718,-2.543602,-0.14393139,-0.017887712,-0.92594886,-0.3772248,0
-2.4323494,1.4330153,3.4965665,0.017887712,0.92594886,0.3772248,0
-0.11285257,1.7036629,2.4755847,0.017887712,0.92594886,0.3772248,0
1.1908485,2.6448898,-2.7364321,0.43510377,0.33247843,-0.83674532,0
-1.7359501,-0.59736079,2.8866463,-0.43510377,-0.33247843,0.83674532,0
-1.8698196,1.201512,3.5094318,-0.43510377,-0.33247843,0.83674532,0
0.14125085,2.8525906,-1.7434684,-0.90020251,0.17909944,-0.39693657,0
-2.1735003,-1.3218725,2.4762583,-0.43510377,-0.33247843,0.83674532,0
1.6210476,-1.2152297,-3.7684906,0.43510377,0.33247843,-0.83674532,0
-2.2347467,-1.2590545,2.4843147,-0.43510377,-0.33247843,0.83674532,0
1.5445645,0.82937634,-2.9045019,0.43510377,0.33247843,-0.83674532,0
-0.22058988,-3.408633,1.4838423,-0.017887712,-0.92594886,-0.3772248,0
-0.88042951,-2.910244,0.72980928,-0.017887712,-0.92594886,-0.3772248,0
-1.6458304,0.73793477,1.9074973,-0.90020251,0.17909944,-0.39693657,0
-1.7835734,-0.73811889,1.2238749,-0.90020251,0.17909944,-0.39693657,0
0.0018152595,-0.18168306,-2.914058,-0.90020251,0.17909944,-0.39693657,0
1.7211955,-1.4982018,-3.078011,-0.017887712,-0.92594886,-0.3772248,0
-1.4756901,-1.8517135,2.5251045,-0.43510377,-0.33247843,0.83674532,0
0.60429096,2.6348774,0.53473985,0.017887712,0.92594886,0.3772248,0
-1.1057825,1.1091841,3.9602218,-0.43510377,-0.33247843,0.83674532,0
2.2839684,1.0689453,-2.3705535,0.90020251,-0.17909944,0.39693657,0
0.6213662,-0.76300281,-4.1325665,0.43510377,0.33247843,-0.83674532,0
0.57836723,3.0835593,-0.9321779,0.017887712,0.92594886,0.3772248,0
-2.2567127,-2.9386895,1.1639922,-0.017887712,-0.92594886,-0.3772248,0
2.3725829,1.1644773,-2.26,0.90020251,-0.17909944,0.39693657,0
1.4026927,2.1143334,-2.4576447,0.43510377,0.33247843,-0.83674532,0
-1.8418671,0.66315454,1.7989736,-0.90020251,0.17909944,-0.39693657,0
-0.98578435,0.41617823,0.27705985,-0.90020251,0.17909944,-0.39693657,0
1.3034662,1.0823634,-3.0587916,0.43510377,0.33247843,-0.83674532,0
-2.6318715,-2.8901725,1.7073536,-0.43510377,-0.33247843,0.83674532,0
-1.8243262,-0.3191067,1.880939,-0.90020251,0.17909944,-0.39693657,0
0.67156959,-2.0582886,-2.105109,-0.017887712,-0.92594886,-0.3772248,0
-2.5647011,-1.6911522,2.375423,-0.43510377,-0.33247843,0.83674532,0
-1.7655925,-2.843291,2.3711367,-0.43510377,-0.33247843,0.83674532,0
-1.5604137,1.5616355,3.2647564,0.017887712,0.92594886,0.3772248,0
1.28073,-1.0575475,-1.2504305,0.90020251,-0.17909944,0.39693657,0
-1.4387711,1.489687,2.5581975,0.017887712,0.92594886,0.3772248,0
1.9321022,0.72963941,-2.6961312,0.43510377,0.33247843,-0.83674532,0
1.8980714,0.25311834,-3.204999,0.43510377,0.33247843,-0.83674532,0
-0.2794807,-2.3482642,-1.2342314,-0.017887712,-0.92594886,-0.3772248,0
1.1797237,2.878356,-2.5039687,0.43510377,0.33247843,-0.83674532,0
-0.61579204,-2.4762554,-0.18135613,-0.017887712,-0.92594886,-0.3772248,0
1.1589478,2.4321017,0.99293584,0.017887712,0.92594886,0.3772248,0
-0.72244048,2.3256145,0.65284443,0.017887712,0.92594886,0.3772248,0
0.59203339,2.8842909,-2.0770764,-0.90020251,0.17909944,-0.39693657,0
-0.18826294,-2.8522017,0.69797027,-0.017887712,-0.92594886,-0.3772248,0
-2.21874,0.82361048,2.7402959,-0.90020251,0.17909944,-0.39693657,0
-1.8520739,-2.1038253,2.5820541,-0.43510377,-0.33247843,0.83674532,0
-2.2075734,-2.8164909,1.7852895,-0.43510377,-0.33247843,0.83674532,0
1.1631603,0.26076084,-3.5585117,0.43510377,0.33247843,-0.83674532,0
0.34997749,2.2627907,-2.3605092,-0.90020251,0.17909944,-0.39693657,0
2.0455618,3.2317314,-1.1869876,0.017887712,0.92594886,0.3772248,0
0.40486121,3.0458286,-1.3112491,0.017887712,0.92594886,0.3772248,0
-0.49700308,-3.4309418,1.3788465,-0.017887712,-0.92594886,-0.3772248,0
-1.9120047,0.72689694,3.4639473,-0.43510377,-0.33247843,0.83674532,0
0.38231492,-2.2108595,0.82705772,0.90020251,-0.17909944,0.39693657,0
0.8349967,3.3901589,-2.531776,0.43510377,0.33247843,-0.83674532,0
1.2291017,-2.222044,-1.1724082,-0.017887712,-0.92594886,-0.3772248,0
-0.42300534,-2.9059958,0.75144875,-0.017887712,-0.92594886,-0.3772248,0
-0.90335763,-0.70787239,-1.0547479,-0.90020251,0.17909944,-0.39693657,0
-2.2229533,-3.2292752,1.7253549,-0.017887712,-0.92594886,-0.3772248,0
-0.068757296,1.8817797,2.0805788,0.017887712,0.92594886,0.3772248,0
2.2051115,-0.52636176,-3.0874498,0.43510377,0.33247843,-0.83674532,0
-1.605782,-2.2547069,2.2789373,-0.43510377,-0.33247843,0.83674532,0
2.385587,-0.47004515,-3.3073604,0.43510377,0.33247843,-0.83674532,0
-2.0122077,-0.35911763,2.8005183,-0.43510377,-0.33247843,0.83674532,0
-0.31958461,-2.9507356,1.0761021,-0.017887712,-0.92594886,-0.3772248,0
1.925642,2.9234796,-0.17907953,0.017887712,0.92594886,0.3772248,0
1.1448112,-0.78928232,-4.0068059,0.43510377,0.33247843,-0.83674532,0
0.14719842,-0.082925797,-3.0736792,-0.90020251,0.17909944,-0.39693657,0
-0.18750143,2.5440717,-0.65581667,-0.90020251,0.17909944,-0.39693657,0
0.29303491,0.86140442,1.9986584,0.90020251,-0.17909944,0.39693657,0
-1.8004006,1.2826319,3.859843,0.017887712,0.92594886,0.3772248,0
2.3909814,2.0081189,-2.0948019,0.43510377,0.33247843,-0.83674532,0
1.4413654,1.0972567,-0.00070220232,0.90020251,-0.17909944,0.39693657,0
-1.1927965,-2.7978418,0.16358614,-0.017887712,-0.92594886,-0.3772248,0
0.23085737,-2.5527871,0.91793811,0.90020251,-0.17909944,0.39693657,0
1.5584823,-0.0050281286,-0.7177403,0.90020251,-0.17909944,0.39693657,0
2.2554755,0.80100155,-2.1894655,0.90020251,-0.17909944,0.39693657,0
-2.4590108,-2.3745861,2.1217005,-0.43510377,-0.33247843,0.83674532,0
1.0598779,3.1619036,-1.101432,0.017887712,0.92594886,0.3772248,0
0.9930557,0.58380592,-3.3145094,0.43510377,0.33247843,-0.83674532,0
1.1044086,-1.0601656,-4.2093506,0.43510377,0.33247843,-0.83674532,0
0.41666517,0.36213374,1.6168184,0.90020251,-0.17909944,0.39693657,0
0.62554312,3.4200654,-2.6196852,0.43510377,0.33247843,-0.83674532,0
-1.2136163,-2.6385219,2.7214289,-0.43510377,-0.33247843,0.83674532,0
-1.2241931,0.28651708,3.6031804,-0.43510377,-0.33247843,0.83674532,0
1.1884055,2.1231384,-2.7174897,0.43510377,0.33247843,-0.83674532,0
-0.3331008,-3.2187648,0.95246649,-0.017887712,-0.92594886,-0.3772248,0
1.5733112,2.9447379,-0.21573126,0.017887712,0.92594886,0.3772248,0
0.1915108,-0.097164989,-3.1868539,-0.90020251,0.17909944,-0.39693657,0
-1.6594756,0.79224902,3.5120673,-0.43510377,-0.33247843,0.83674532,0
-1.3447561,-2.280587,2.7274914,-0.43510377,-0.33247843,0.83674532,0
0.56687355,-2.4462376,0.3576383,0.90020251,-0.17909944,0.39693657,0
0.7963326,0.26590627,-3.6752,0.43510377,0.33247843,-0.83674532,0
-0.25863576,2.3967776,-1.117052,-0.90020251,0.17909944,-0.39693657,0
1.9528143,2.0445576,-2.2639341,0.43510377,0.33247843,-0.83674532,0
1.1133419,2.4913833,0.75624228,0.017887712,0.92594886,0.3772248,0
-2.1435635,0.075102985,3.2475462,-0.43510377,-0.33247843,0.83674532,0
0.84218574,-1.9331661,0.18226784,0.90020251,-0.17909944,0.39693657,0
1.7045172,1.4908178,-2.5799997,0.43510377,0.33247843,-0.83674532,0
2.0605788,-1.1887218,-2.8983908,0.90020251,-0.17909944,0.39693657,0
-0.74589443,-3.6208701,1.837496,-0.017887712,-0.92594886,-0.3772248,0
1.738589,2.7371969,-2.2109976,0.43510377,0.33247843,-0.83674532,0
-1.8956521,-1.8212414,2.3367307,-0.43510377,-0.33247843,0.83674532,0
0.45595145,-1.9803848,0.50380754,0.90020251,-0.17909944,0.39693657,0
0.037385702,2.2889495,1.2150731,0.017887712,0.92594886,0.3772248,0
1.9660535,-0.77844423,-3.2889409,0.43510377,0.33247843,-0.83674532,0
-2.5578973,-2.9511061,1.8775927,-0.43510377,-0.33247843,0.83674532,0
-0.94140589,1.5249752,0.54003024,-0.90020251,0.17909944,-0.39693657,0
-1.0116727,-3.3424373,1.4889663,-0.017887712,-0.92594886,-0.3772248,0
-0.68076879,-1.1183923,3.2847037,-0.43510377,-0.33247843,0.83674532,0
-2.0228753,1.2295966,3.3973179,-0.43510377,-0.33247843,0.83674532,0
-0.73812962,-3.4358902,2.123064,-0.017887712,-0.92594886,-0.3772248,0
1.1219858,1.6746104,-3.1628003,0.43510377,0.33247843,-0.83674532,0
0.29627699,0.48553622,2.407717,0.90020251,-0.17909944,0.39693657,0
-0.23538542,2.3397532,-0.59389859,-0.90020251,0.17909944,-0.39693657,0
0.29173541,1.5116949,-2.2988181,-0.90020251,0.17909944,-0.39693657,0
1.4312584,2.8780031,-0.44150329,0.017887712,0.92594886,0.3772248,0
-0.36293817,2.124831,1.0497181,0.017887712,0.92594886,0.3772248,0
-2.3333499,-2.2499552,1.755329,-0.90020251,0.17909944,-0.39693657,0
-1.0442311,1.2993659,3.0938909,0.017887712,0.92594886,0.3772248,0
1.4379303,3.3244019,-1.1887826,0.017887712,0.92594886,0.3772248,0
-0.6641202,-2.8374119,0.075237751,-0.017887712,-0.92594886,-0.3772248,0
2.3593228,0.61986673,-2.6155064,0.90020251,-0.17909944,0.39693657,0
0.17903274,0.10506105,2.5812976,0.90020251,-0.17909944,0.39693657,0
-1.9560063,-0.35137987,1.5608919,-0.90020251,0.17909944,-0.39693657,0
-0.58545089,-0.2621215,3.5861871,-0.43510377,-0.33247843,0.83674532,0
-1.202733,-3.0349991,2.4392061,-0.43510377,-0.33247843,0.83674532,0
