0.99779487,1.9405026,1.159881,-0.62886691,0.53723657,0.56205267,0
1.2378072,2.5789714,0.87383676,-0.62886691,0.53723657,0.56205267,0
-0.2127986,-3.1192987,1.7567239,-0.55373287,-0.8169232,0.16129595,0
-1.5561869,0.054053903,0.10826433,-0.62886691,0.53723657,0.56205267,0
-2.1941178,-2.2409334,0.32480502,-0.55373287,-0.8169232,0.16129595,0
-0.08293891,2.8774991,-2.2069371,-0.54580796,0.20979337,-0.8112216,0
-0.3231467,-1.8884403,-0.66931486,0.62886691,-0.53723657,-0.56205267,0
1.3768297,2.9451914,0.50668406,0.55373287,0.8169232,-0.16129595,0
-2.7451167,-1.4931788,-0.14500189,-0.62886691,0.53723657,0.56205267,0
-1.3278196,-2.2111263,-1.2130752,0.62886691,-0.53723657,-0.56205267,0
0.52879393,2.9777374,-1.2202107,0.55373287,0.8169232,-0.16129595,0
-0.59986877,1.772729,-2.14782,-0.54580796,0.20979337,-0.8112216,0
-1.912339,-0.070947289,-1.7770011,-0.54580796,0.20979337,-0.8112216,0
1.8922091,-0.77237988,0.9079684,0.62886691,-0.53723657,-0.56205267,0
1.0395335,1.6489787,-1.9493881,0.62886691,-0.53723657,-0.56205267,0
-1.4755373,0.694269,-1.6914983,-0.54580796,0.20979337,-0.8112216,0
2.5850406,2.0824111,2.114809,0.54580796,-0.20979337,0.8112216,0
-0.12652111,1.5950079,-2.7775345,-0.54580796,0.20979337,-0.8112216,0
2.3868294,-0.72807395,1.4988922,0.54580796,-0.20979337,0.8112216,0
-1.0758947,-2.3164847,-0.74775076,0.62886691,-0.53723657,-0.56205267,0
1.4624127,-0.3866123,0.36593199,0.62886691,-0.53723657,-0.56205267,0
1.8282449,2.1058562,2.1089506,-0.62886691,0.53723657,0.56205267,0
-1.5071697,0.83708227,-1.7723202,-0.54580796,0.20979337,-0.8112216,0
1.2117162,2.4754574,-2.145277,0.55373287,0.8169232,-0.16129595,0
0.13349974,2.8282821,-2.3027172,-0.54580796,0.20979337,-0.8112216,0
-2.5274599,-0.26289356,-1.5482702,-0.54580796,0.20979337,-0.8112216,0
-1.3480679,-2.2332196,1.917276,-0.55373287,-0.8169232,0.16129595,0
-2.4073858,-2.2616024,-0.39097095,-0.55373287,-0.8169232,0.16129595,0
1.2963593,-1.5897776,1.9084153,0.54580796,-0.20979337,0.8112216,0
-0.60758328,-2.2397537,2.8034568,0.54580796,-0.20979337,0.8112216,0
-1.7779642,-2.7848799,-0.82683969,-0.55373287,-0.8169232,0.16129595,0
2.3391504,2.1578248,2.1602478,-0.62886691,0.53723657,0.56205267,0
1.0581105,0.84868783,1.8809559,-0.62886691,0.53723657,0.56205267,0
1.3721056,2.5689797,0.28861284,0.55373287,0.8169232,-0.16129595,0
-0.42325163,2.640383,-2.2789292,-0.54580796,0.20979337,-0.8112216,0
1.6340256,2.6690228,0.61482263,0.55373287,0.8169232,-0.16129595,0
1.0977893,-0.5424813,2.2299602,0.54580796,-0.20979337,0.8112216,0
-1.1172076,1.581097,-1.1986614,-0.62886691,0.53723657,0.56205267,0
0.82222939,-1.4017863,1.9495797,0.54580796,-0.20979337,0.8112216,0
-2.1970592,-0.58913696,-0.20105982,-0.62886691,0.53723657,0.56205267,0
2.3961153,0.73390132,-0.051370382,0.62886691,-0.53723657,-0.56205267,0
-1.1131597,-1.4126031,1.7384666,-0.62886691,0.53723657,0.56205267,0
2.5538864,0.52706081,1.5378439,0.54580796,-0.20979337,0.8112216,0
-2.0590527,0.53447032,-1.4848144,-0.54580796,0.20979337,-0.8112216,0
-0.75207341,2.0383844,-1.301465,-0.62886691,0.53723657,0.56205267,0
1.9001827,1.1983575,-0.51733422,0.62886691,-0.53723657,-0.56205267,0
0.48713791,1.6526777,1.0442233,-0.62886691,0.53723657,0.56205267,0
-0.42988682,-1.0845386,2.2975986,-0.62886691,0.53723657,0.56205267,0
2.9920197,1.4748248,0.22482896,0.55373287,0.8169232,-0.16129595,0
0.020067692,-1.9782331,2.4001241,0.54580796,-0.20979337,0.8112216,0
-1.0361238,-2.400044,2.2824597,-0.55373287,-0.8169232,0.16129595,0
-2.0691433,-2.3996034,-0.27587414,-0.55373287,-0.8169232,0.16129595,0
0.6143682,-2.0070319,2.0805647,0.54580796,-0.20979337,0.8112216,0
1.22164,2.6833079,-1.7009783,0.55373287,0.8169232,-0.16129595,0
1.722815,2.591253,-0.21705675,0.55373287,0.8169232,-0.16129595,0
-3.0736632,-2.0505784,-1.1372991,-0.55373287,-0.8169232,0.16129595,0
0.43081445,-1.0070744,-0.32704651,0.62886691,-0.53723657,-0.56205267,0
-1.0170659,-2.6212344,0.59918404,-0.55373287,-0.8169232,0.16129595,0
-1.7535219,-2.5849187,-0.15685701,-0.55373287,-0.8169232,0.16129595,0
0.31233275,2.536886,-0.60070562,-0.62886691,0.53723657,0.56205267,0
2.3540061,-0.13763773,1.4530025,0.54580796,-0.20979337,0.8112216,0
-1.4448617,-2.4461176,0.27467585,-0.55373287,-0.8169232,0.16129595,0
1.5298656,-1.0210776,0.81277752,0.62886691,-0.53723657,-0.56205267,0
-1.7724661,-2.1872511,1.0528107,-0.55373287,-0.8169232,0.16129595,0
2.8266342,1.5911061,0.17635775,0.55373287,0.8169232,-0.16129595,0
-0.017228842,-2.3097832,2.5885568,0.54580796,-0.20979337,0.8112216,0
-1.0276982,-2.5115378,1.2410117,-0.55373287,-0.8169232,0.16129595,0
0.7911135,2.7520306,-0.99420571,0.55373287,0.8169232,-0.16129595,0
-0.26614475,1.4443198,-2.4867809,-0.54580796,0.20979337,-0.8112216,0
-1.0635595,2.1974387,-1.4906428,-0.62886691,0.53723657,0.56205267,0
-1.0940462,-2.8696644,0.5034132,-0.55373287,-0.8169232,0.16129595,0
-0.62037647,-2.069762,2.725666,0.54580796,-0.20979337,0.8112216,0
1.3876649,2.7683072,0.82552147,0.55373287,0.8169232,-0.16129595,0
1.0324063,-0.36611128,2.3122878,0.54580796,-0.20979337,0.8112216,0
-0.26317608,-2.3690853,2.5170159,0.54580796,-0.20979337,0.8112216,0
-2.1610985,-1.2567866,-2.1603739,-0.54580796,0.20979337,-0.8112216,0
1.0659642,-1.9698561,1.8947865,0.54580796,-0.20979337,0.8112216,0
2.4716582,0.62566739,1.4037855,0.54580796,-0.20979337,0.8112216,0
-1.4475367,0.84768599,-1.6917477,-0.54580796,0.20979337,-0.8112216,0
2.717798,1.85785,0.69185805,0.55373287,0.8169232,-0.16129595,0
0.11607265,0.0024888515,2.2109134,-0.62886691,0.53723657,0.56205267,0
0.22205421,-1.0812874,-0.84692478,0.62886691,-0.53723657,-0.56205267,0
0.16320443,1.8687613,-2.7493837,-0.54580796,0.20979337,-0.8112216,0
1.1178985,-0.1965403,2.3610499,0.54580796,-0.20979337,0.8112216,0
-0.15209973,0.8688302,0.79810071,-0.62886691,0.53723657,0.56205267,0
-2.7212307,-2.0709653,-0.93865752,-0.55373287,-0.8169232,0.16129595,0
2.8000278,0.78798467,1.2803453,0.54580796,-0.20979337,0.8112216,0
-2.6384692,-1.6328596,0.58381438,-0.62886691,0.53723657,0.56205267,0
-0.36113501,-1.9058906,3.0512252,0.54580796,-0.20979337,0.8112216,0
-2.2896242,-2.2619545,-1.4840517,-0.55373287,-0.8169232,0.16129595,0
0.24812961,2.6411655,-2.632447,-0.54580796,0.20979337,-0.8112216,0
3.3792386,1.4496486,0.34055638,0.62886691,-0.53723657,-0.56205267,0
0.46811104,-3.1154094,1.8635857,0.62886691,-0.53723657,-0.56205267,0
-2.7897134,-1.9660859,-0.60265923,-0.55373287,-0.8169232,0.16129595,0
-1.623023,0.70356399,-1.6056166,-0.54580796,0.20979337,-0.8112216,0
0.64959192,1.7234225,-2.7695775,0.62886691,-0.53723657,-0.56205267,0
0.33756733,0.94845718,-2.1623464,0.62886691,-0.53723657,-0.56205267,0
0.11064959,1.5767319,-2.8912404,-0.54580796,0.20979337,-0.8112216,0
1.0240904,2.8432517,-1.288897,0.55373287,0.8169232,-0.16129595,0
-0.96577454,-2.5767195,1.7524208,-0.55373287,-0.8169232,0.16129595,0
-0.54519963,1.3778764,-2.5828571,-0.54580796,0.20979337,-0.8112216,0
0.26319706,-1.6049796,-0.29507077,0.62886691,-0.53723657,-0.56205267,0
1.3028082,2.3385539,-2.4008474,0.55373287,0.8169232,-0.16129595,0
1.5777178,1.1519279,-1.316627,0.62886691,-0.53723657,-0.56205267,0
1.1708021,2.6838191,-0.77727675,0.55373287,0.8169232,-0.16129595,0
0.10100746,1.9008317,-2.8641517,-0.54580796,0.20979337,-0.8112216,0
-1.9347965,0.52370203,-0.72109836,-0.62886691,0.53723657,0.56205267,0
-0.08012104,0.19764292,-2.1863585,0.62886691,-0.53723657,-0.56205267,0
-0.79415035,-0.42123085,-2.3639596,0.62886691,-0.53723657,-0.56205267,0
-0.16413212,-3.1877682,2.4113364,0.54580796,-0.20979337,0.8112216,0
-2.0466969,-0.70795506,-1.7281313,-0.54580796,0.20979337,-0.8112216,0
2.098959,2.3190143,0.58100438,0.55373287,0.8169232,-0.16129595,0
2.3227525,2.3344951,0.32748914,0.55373287,0.8169232,-0.16129595,0
-2.4351892,-2.0745213,0.4083457,-0.55373287,-0.8169232,0.16129595,0
0.41064543,3.1826408,-1.7822603,0.55373287,0.8169232,-0.16129595,0
-2.4444895,-0.36237383,-1.5114169,-0.54580796,0.20979337,-0.8112216,0
1.9695587,-0.51475263,1.7419566,0.54580796,-0.20979337,0.8112216,0
-0.34057832,-2.8563728,2.1726542,-0.55373287,-0.8169232,0.16129595,0
-2.1444459,-1.15325,-1.9879211,-0.54580796,0.20979337,-0.8112216,0
-3.0726683,-1.9164876,-1.3036978,-0.55373287,-0.8169232,0.16129595,0
0.019946098,-2.4655428,2.3502574,0.54580796,-0.20979337,0.8112216,0
0.98235852,1.8123596,-2.1175444,0.62886691,-0.53723657,-0.56205267,0
-3.0298522,-0.43882251,-1.0193574,-0.62886691,0.53723657,0.56205267,0
-0.093887806,-0.1551677,-1.6151952,0.62886691,-0.53723657,-0.56205267,0
-1.5931158,0.3658092,-0.2836431,-0.62886691,0.53723657,0.56205267,0
0.4333756,-1.6604552,2.4016271,0.54580796,-0.20979337,0.8112216,0
-0.35775733,0.11832908,-2.0653393,0.62886691,-0.53723657,-0.56205267,0
-1.1216881,0.71372044,-0.30744851,-0.62886691,0.53723657,0.56205267,0
0.5723381,2.7220585,-2.1085494,0.55373287,0.8169232,-0.16129595,0
-0.49468955,0.32536197,1.106391,-0.62886691,0.53723657,0.56205267,0
-0.2276485,1.8486097,-2.6345098,-0.54580796,0.20979337,-0.8112216,0
-0.24254501,3.2804258,-1.8271794,-0.62886691,0.53723657,0.56205267,0
2.5247352,1.7720399,-0.58988404,0.55373287,0.8169232,-0.16129595,0
-1.5589237,0.72201192,-0.57218796,-0.62886691,0.53723657,0.56205267,0
-1.7308286,-2.7771337,-0.17452669,-0.55373287,-0.8169232,0.16129595,0
-2.2249942,-0.80035424,-1.853851,-0.54580796,0.20979337,-0.8112216,0
-1.6086454,-1.7377712,-2.1985831,0.62886691,-0.53723657,-0.56205267,0
2.5348976,1.7836771,-0.41048312,0.55373287,0.8169232,-0.16129595,0
-1.9054728,0.81858432,-1.4467705,-0.54580796,0.20979337,-0.8112216,0
1.1941068,-0.8599267,0.15203027,0.62886691,-0.53723657,-0.56205267,0
2.4409294,1.9791294,0.74699187,0.55373287,0.8169232,-0.16129595,0
-2.2882299,-1.2283494,-2.0251517,-0.54580796,0.20979337,-0.8112216,0
0.88072288,2.9646275,-0.56163096,0.55373287,0.8169232,-0.16129595,0
-1.1560856,-2.9062421,1.0133374,-0.55373287,-0.8169232,0.16129595,0
2.3402958,0.43825614,0.38495922,0.62886691,-0.53723657,-0.56205267,0
0.098352313,1.0521988,-2.3558512,0.62886691,-0.53723657,-0.56205267,0
3.2811379,1.6391275,0.64008474,0.55373287,0.8169232,-0.16129595,0
2.6864581,1.673085,-0.52180457,0.55373287,0.8169232,-0.16129595,0
-3.1981874,-1.4882705,-0.28476739,-0.62886691,0.53723657,0.56205267,0
-2.0963404,-2.3307543,-1.0208464,-0.55373287,-0.8169232,0.16129595,0
2.714813,0.91691089,1.4829208,0.54580796,-0.20979337,0.8112216,0
-1.2670422,2.129169,-1.6830122,-0.54580796,0.20979337,-0.8112216,0
1.5541806,-0.92916405,1.6115191,0.54580796,-0.20979337,0.8112216,0
1.1321685,1.9299629,-2.5681701,0.62886691,-0.53723657,-0.56205267,0
1.0399319,2.9870062,-1.0652306,0.55373287,0.8169232,-0.16129595,0
0.31782031,-0.7108404,2.7955742,-0.62886691,0.53723657,0.56205267,0
-0.72548825,-3.002404,1.4270371,-0.55373287,-0.8169232,0.16129595,0
0.53778577,-0.20681059,-0.95409423,0.62886691,-0.53723657,-0.56205267,0
-3.50388,-1.0921072,-1.101912,-0.62886691,0.53723657,0.56205267,0
0.86429489,0.21408689,-0.88033515,0.62886691,-0.53723657,-0.56205267,0
0.93763602,1.7560096,1.1540749,-0.62886691,0.53723657,0.56205267,0
-3.1184268,-1.179744,-0.67574739,-0.62886691,0.53723657,0.56205267,0
-0.55355406,1.8617164,-2.2535293,-0.54580796,0.20979337,-0.8112216,0
-0.58712804,-1.0571157,-1.4662393,0.62886691,-0.53723657,-0.56205267,0
-0.97357929,-1.2151432,-1.567243,0.62886691,-0.53723657,-0.56205267,0
0.46333641,2.904017,-1.4192779,0.55373287,0.8169232,-0.16129595,0
0.66267562,-1.9578435,2.0507748,0.54580796,-0.20979337,0.8112216,0
-0.021237493,-3.3115058,1.2071323,0.62886691,-0.53723657,-0.56205267,0
-0.85869461,-0.74440634,1.2744447,-0.62886691,0.53723657,0.56205267,0
-1.1175089,-2.3987305,2.3350968,-0.55373287,-0.8169232,0.16129595,0
2.5342798,0.74672306,1.7036695,0.54580796,-0.20979337,0.8112216,0
-0.76321316,-2.849303,0.50190139,-0.55373287,-0.8169232,0.16129595,0
-0.71103168,1.738655,-2.0074921,-0.54580796,0.20979337,-0.8112216,0
-0.56130981,-2.6515357,2.3652115,-0.55373287,-0.8169232,0.16129595,0
0.27310085,1.2246063,-2.8387833,-0.54580796,0.20979337,-0.8112216,0
-1.4730062,-0.22828391,-2.3429174,-0.54580796,0.20979337,-0.8112216,0
-0.86122537,-0.61347866,-2.3977432,0.62886691,-0.53723657,-0.56205267,0
-0.61939836,-2.1499908,2.9728751,0.54580796,-0.20979337,0.8112216,0
0.30027843,-1.8579915,2.3067298,0.54580796,-0.20979337,0.8112216,0
-1.4391928,-2.6863611,0.043513775,-0.55373287,-0.8169232,0.16129595,0
2.4836354,1.2517071,1.6133032,0.54580796,-0.20979337,0.8112216,0
0.94439662,2.7996325,-0.17769384,0.55373287,0.8169232,-0.16129595,0
1.4138424,2.3690648,-2.2815406,0.55373287,0.8169232,-0.16129595,0
0.78079271,-1.8149879,2.0334754,0.54580796,-0.20979337,0.8112216,0
-0.66499215,-0.68451297,1.8282981,-0.62886691,0.53723657,0.56205267,0
2.636549,1.8154253,1.6989045,0.54580796,-0.20979337,0.8112216,0
-1.3882749,-2.3352931,2.2929318,-0.62886691,0.53723657,0.56205267,0
0.3052237,2.9137001,-2.0877087,0.55373287,0.8169232,-0.16129595,0
-0.98293972,0.21528542,-2.4799066,-0.54580796,0.20979337,-0.8112216,0
1.5007372,1.9128908,-2.1014302,0.62886691,-0.53723657,-0.56205267,0
2.8273449,1.595897,0.33678365,0.55373287,0.8169232,-0.16129595,0
0.16873464,2.4418628,-0.31182599,-0.62886691,0.53723657,0.56205267,0
2.9732122,1.6410829,0.58921671,0.55373287,0.8169232,-0.16129595,0
-1.6076536,0.40933645,-0.43505269,-0.62886691,0.53723657,0.56205267,0
-0.11921942,-2.2509403,-0.091043711,0.62886691,-0.53723657,-0.56205267,0
-0.15683389,-3.2386336,2.0887189,-0.55373287,-0.8169232,0.16129595,0
2.5338967,-0.040330648,1.5322504,0.54580796,-0.20979337,0.8112216,0
-2.0794187,-2.5729525,-1.1501613,-0.55373287,-0.8169232,0.16129595,0
-1.6399169,1.2821271,-1.4794571,-0.54580796,0.20979337,-0.8112216,0
1.3592143,0.35035348,2.4890249,0.54580796,-0.20979337,0.8112216,0
1.2117715,-0.030671664,2.3225794,0.54580796,-0.20979337,0.8112216,0
0.85492587,-0.84949493,-0.050253868,0.62886691,-0.53723657,-0.56205267,0
-0.84243077,-2.0903492,-0.61821508,0.62886691,-0.53723657,-0.56205267,0
-1.0362501,-0.094844058,-2.1879811,-0.54580796,0.20979337,-0.8112216,0
0.22842479,-1.470613,2.5682945,0.54580796,-0.20979337,0.8112216,0
-2.1213596,-2.454349,-1.5530167,-0.55373287,-0.8169232,0.16129595,0
-0.7467947,-0.66837847,1.4722675,-0.62886691,0.53723657,0.56205267,0
-2.2477179,-0.84322631,-0.022570014,-0.62886691,0.53723657,0.56205267,0
2.3856111,1.9191585,2.0279679,0.54580796,-0.20979337,0.8112216,0
-1.2983239,-2.6928437,1.1344266,-0.55373287,-0.8169232,0.16129595,0
-0.1616028,-1.4001044,-0.88456726,0.62886691,-0.53723657,-0.56205267,0
-0.77116334,2.0808682,-0.96132869,-0.62886691,0.53723657,0.56205267,0
-1.1935377,-0.34916329,-2.4435494,-0.54580796,0.20979337,-0.8112216,0
0.17372143,0.42493856,1.4886776,-0.62886691,0.53723657,0.56205267,0
-2.8517852,-1.8481092,0.22302485,-0.55373287,-0.8169232,0.16129595,0
-1.7009022,1.5391867,-1.7601659,-0.54580796,0.20979337,-0.8112216,0
2.5015662,1.1360176,-0.35205579,0.62886691,-0.53723657,-0.56205267,0
-2.4980001,-2.1479416,-0.2271533,-0.55373287,-0.8169232,0.16129595,0
-3.3759115,-1.4595842,-1.0884941,-0.54580796,0.20979337,-0.8112216,0
2.1815658,2.2261205,0.89079809,0.55373287,0.8169232,-0.16129595,0
-0.14219379,-3.1214738,1.9809033,-0.55373287,-0.8169232,0.16129595,0
-1.4297483,-1.188067,-1.8921396,0.62886691,-0.53723657,-0.56205267,0
-1.4966638,1.7180359,-1.6313932,-0.54580796,0.20979337,-0.8112216,0
-2.5775292,-1.4010471,-1.5769405,-0.54580796,0.20979337,-0.8112216,0
-0.47699982,1.7816855,-0.68419904,-0.62886691,0.53723657,0.56205267,0
0.06176734,1.9275417,-2.7336187,-0.54580796,0.20979337,-0.8112216,0
-0.10766959,2.6601229,-2.4816589,-0.54580796,0.20979337,-0.8112216,0
-0.38869858,2.5014932,-2.324749,-0.54580796,0.20979337,-0.8112216,0
2.7459099,0.42949235,1.0346855,0.62886691,-0.53723657,-0.56205267,0
-2.7203248,-0.011656761,-1.4043417,-0.54580796,0.20979337,-0.8112216,0
2.0533607,1.3452613,2.2559338,0.54580796,-0.20979337,0.8112216,0
-2.3098855,-0.086802959,-0.88270998,-0.62886691,0.53723657,0.56205267,0
-0.6223135,2.3005085,-2.1289089,-0.54580796,0.20979337,-0.8112216,0
1.1719925,2.9570832,-0.096030712,0.55373287,0.8169232,-0.16129595,0
-0.14410156,0.94465834,0.90186739,-0.62886691,0.53723657,0.56205267,0
-2.6164365,0.080742717,-1.5152107,-0.54580796,0.20979337,-0.8112216,0
-0.90519238,1.0771391,-2.3309252,-0.54580796,0.20979337,-0.8112216,0
1.7281704,0.70176488,1.9568542,0.54580796,-0.20979337,0.8112216,0
2.3851707,1.8351433,-0.49156594,0.55373287,0.8169232,-0.16129595,0
-0.40483689,2.182096,-2.2271554,-0.54580796,0.20979337,-0.8112216,0
-1.9820499,0.4099462,-1.7678312,-0.54580796,0.20979337,-0.8112216,0
1.7411735,2.7283826,0.38932657,0.55373287,0.8169232,-0.16129595,0
1.5262446,-1.2491328,1.9348663,0.54580796,-0.20979337,0.8112216,0
-1.7911351,-2.05042,2.0459399,-0.62886691,0.53723657,0.56205267,0
-1.0944762,1.8256079,-1.696703,-0.54580796,0.20979337,-0.8112216,0
0.91907459,2.9608994,-0.61308289,0.55373287,0.8169232,-0.16129595,0
-1.8157004,-2.7047777,-0.31932592,-0.55373287,-0.8169232,0.16129595,0
-2.5551341,0.32506847,-1.4919245,-0.54580796,0.20979337,-0.8112216,0
-1.3022833,0.24290165,-2.1450143,-0.54580796,0.20979337,-0.8112216,0
-1.9317473,-2.4336133,-0.85471106,-0.55373287,-0.8169232,0.16129595,0
2.3911769,1.9518023,-0.84939551,0.55373287,0.8169232,-0.16129595,0
2.8891885,1.9032736,1.4107075,0.54580796,-0.20979337,0.8112216,0
1.0178783,0.23755994,2.3747251,-0.62886691,0.53723657,0.56205267,0
1.8167444,0.71541792,-0.77188116,0.62886691,-0.53723657,-0.56205267,0
-1.06855,-0.46779692,1.3538402,-0.62886691,0.53723657,0.56205267,0
1.8773016,2.0011225,-1.4632945,0.62886691,-0.53723657,-0.56205267,0
2.1865659,1.5939717,-0.80450201,0.62886691,-0.53723657,-0.56205267,0
2.4641192,1.9168868,-0.044662237,0.55373287,0.8169232,-0.16129595,0
0.56653929,2.477993,-0.18342543,-0.62886691,0.53723657,0.56205267,0
-2.2183437,-2.2085416,-0.12951684,-0.55373287,-0.8169232,0.16129595,0
2.4723737,2.337142,1.5763004,0.55373287,0.8169232,-0.16129595,0
0.23836052,-2.9124789,1.399822,0.62886691,-0.53723657,-0.56205267,0
1.5871096,-1.6419082,1.8186814,0.54580796,-0.20979337,0.8112216,0
-0.97755224,-3.0069983,0.22532845,0.62886691,-0.53723657,-0.56205267,0
-0.86055756,0.12193874,-2.4300818,-0.54580796,0.20979337,-0.8112216,0
2.5553141,1.8148028,0.040196657,0.55373287,0.8169232,-0.16129595,0
-2.9292228,-0.85337156,-0.70175338,-0.62886691,0.53723657,0.56205267,0
-3.1317523,-1.842397,-0.48262715,-0.55373287,-0.8169232,0.16129595,0
-2.191179,-2.1324782,0.2936573,-0.55373287,-0.8169232,0.16129595,0
1.5093808,-0.11773062,2.2252917,0.54580796,-0.20979337,0.8112216,0
3.0519133,1.3196651,1.2798548,0.54580796,-0.20979337,0.8112216,0
2.0712433,2.2445197,0.71323967,0.55373287,0.8169232,-0.16129595,0
0.76072454,-1.5017112,2.1237402,0.54580796,-0.20979337,0.8112216,0
2.7398698,0.97024548,1.320347,0.54580796,-0.20979337,0.8112216,0
0.10959035,-2.6926546,1.0617083,0.62886691,-0.53723657,-0.56205267,0
-1.0614221,1.8804415,-1.9317857,-0.54580796,0.20979337,-0.8112216,0
-1.076394,-2.4050903,1.5707901,-0.55373287,-0.8169232,0.16129595,0
0.94945002,-0.18816797,2.2264848,0.54580796,-0.20979337,0.8112216,0
-0.42871881,2.7081585,-2.1222844,-0.54580796,0.20979337,-0.8112216,0
2.0068631,2.3012924,-0.97220516,0.55373287,0.8169232,-0.16129595,0
-0.68066061,2.1624436,-0.97186041,-0.62886691,0.53723657,0.56205267,0
1.6584024,0.014216006,2.0463264,0.54580796,-0.20979337,0.8112216,0
0.64520431,1.3999017,-2.5453851,0.62886691,-0.53723657,-0.56205267,0
-0.85909516,-2.5814521,2.2983677,-0.55373287,-0.8169232,0.16129595,0
1.4285784,2.4248333,-2.2802365,0.55373287,0.8169232,-0.16129595,0
-0.72741443,-2.9758754,0.60975718,-0.55373287,-0.8169232,0.16129595,0
0.40901184,-1.8674147,0.35957849,0.62886691,-0.53723657,-0.56205267,0
1.5074341,0.9783361,2.1461959,0.54580796,-0.20979337,0.8112216,0
-1.1862853,-2.5699539,2.3355544,-0.55373287,-0.8169232,0.16129595,0
-1.6145158,-0.11171734,-1.9276613,-0.54580796,0.20979337,-0.8112216,0
0.5541513,-1.6373011,2.3378255,0.54580796,-0.20979337,0.8112216,0
2.5515332,-0.26692772,1.1589887,0.62886691,-0.53723657,-0.56205267,0
0.97938687,2.6235814,0.5122571,-0.62886691,0.53723657,0.56205267,0
2.8810434,0.86686677,0.88839924,0.62886691,-0.53723657,-0.56205267,0
-2.0965185,-2.2598383,0.43362212,-0.55373287,-0.8169232,0.16129595,0
-0.24877918,2.4605117,-2.0316789,-0.54580796,0.20979337,-0.8112216,0
-1.3510274,-1.2164754,1.1694357,-0.62886691,0.53723657,0.56205267,0
3.5275109,1.5897585,1.1318071,0.54580796,-0.20979337,0.8112216,0
-1.0487853,-2.6329973,1.6661718,-0.55373287,-0.8169232,0.16129595,0
0.084444404,3.1515651,-1.413439,0.55373287,0.8169232,-0.16129595,0
0.12810206,3.03497,-1.8981322,0.55373287,0.8169232,-0.16129595,0
-1.2578568,2.3481712,-1.8281182,-0.54580796,0.20979337,-0.8112216,0
-2.2756524,-2.5960329,-1.3949208,-0.55373287,-0.8169232,0.16129595,0
-2.8902388,-1.8323783,0.0026278496,-0.55373287,-0.8169232,0.16129595,0
1.5394397,2.5774643,-0.75951123,0.55373287,0.8169232,-0.16129595,0
-1.2031351,-2.3386669,1.8164923,-0.55373287,-0.8169232,0.16129595,0
-0.25861716,1.9968597,-2.5712695,-0.54580796,0.20979337,-0.8112216,0
1.8715367,-0.96243715,1.3725164,0.54580796,-0.20979337,0.8112216,0
0.49767303,-0.68269801,2.3648028,0.54580796,-0.20979337,0.8112216,0
-0.26702952,-2.973767,2.5889614,-0.55373287,-0.8169232,0.16129595,0
-0.61062354,-2.9201257,1.0244334,-0.55373287,-0.8169232,0.16129595,0
1.9464502,2.2234335,-1.0677289,0.55373287,0.8169232,-0.16129595,0
-0.8169229,1.4490238,-2.0210929,-0.54580796,0.20979337,-0.8112216,0
-3.3900654,-1.1540408,-1.1609755,-0.54580796,0.20979337,-0.8112216,0
0.69196653,2.6722014,-1.4508173,0.55373287,0.8169232,-0.16129595,0
1.3987197,0.81093431,-0.87846875,0.62886691,-0.53723657,-0.56205267,0
0.14816618,-1.8588868,2.6412804,0.54580796,-0.20979337,0.8112216,0
-2.4790928,-0.071663737,-1.6085844,-0.54580796,0.20979337,-0.8112216,0
-1.9836059,-2.0453842,0.9586581,-0.55373287,-0.8169232,0.16129595,0
2.0115685,1.9292929,-1.4413141,0.62886691,-0.53723657,-0.56205267,0
1.3969636,-1.5155892,1.4266777,0.62886691,-0.53723657,-0.56205267,0
1.0580074,2.7122521,-0.73434687,0.55373287,0.8169232,-0.16129595,0
-1.6880589,-1.4651648,1.4746201,-0.62886691,0.53723657,0.56205267,0
0.60307527,-2.4815164,1.8825852,0.54580796,-0.20979337,0.8112216,0
-0.84782165,-2.6129601,1.5120484,-0.55373287,-0.8169232,0.16129595,0
0.80896866,3.0629382,-0.54343414,0.55373287,0.8169232,-0.16129595,0
0.2663193,3.1577973,-0.80436325,0.55373287,0.8169232,-0.16129595,0
0.040595531,1.3208784,-2.7998962,-0.54580796,0.20979337,-0.8112216,0
1.3017433,0.69798136,2.284302,0.54580796,-0.20979337,0.8112216,0
0.25745845,-3.363739,2.2199914,0.54580796,-0.20979337,0.8112216,0
2.7129798,1.7351141,-0.10646176,0.62886691,-0.53723657,-0.56205267,0
0.74409366,-2.327348,1.8019899,0.54580796,-0.20979337,0.8112216,0
-0.051081181,-2.4776878,2.2488229,0.54580796,-0.20979337,0.8112216,0
0.028298616,0.59758854,-2.3858228,0.62886691,-0.53723657,-0.56205267,0
-1.2941641,-2.2485802,2.1157544,-0.55373287,-0.8169232,0.16129595,0
1.2158428,2.6075685,-0.91877222,0.55373287,0.8169232,-0.16129595,0
-1.2782998,1.377266,-1.1192905,-0.62886691,0.53723657,0.56205267,0
-1.8790674,0.1076197,-1.8797526,-0.54580796,0.20979337,-0.8112216,0
-0.058353543,0.042731404,-1.962028,0.62886691,-0.53723657,-0.56205267,0
2.3782887,2.2503328,1.231313,0.55373287,0.8169232,-0.16129595,0
-0.20576596,2.0357811,-2.4246693,-0.54580796,0.20979337,-0.8112216,0
2.8147314,1.4345844,1.5301898,0.54580796,-0.20979337,0.8112216,0
2.0160949,1.1188502,2.0921984,0.54580796,-0.20979337,0.8112216,0
-0.57523704,0.60188955,-2.4930296,-0.54580796,0.20979337,-0.8112216,0
-0.70260108,2.5444989,-1.5512166,-0.62886691,0.53723657,0.56205267,0
0.59788698,0.33713299,-1.1853848,0.62886691,-0.53723657,-0.56205267,0
1.2298548,-0.78664494,0.1011517,0.62886691,-0.53723657,-0.56205267,0
0.19302511,2.4432647,-2.7404935,-0.54580796,0.20979337,-0.8112216,0
-1.9631758,-1.1374805,-2.233392,-0.54580796,0.20979337,-0.8112216,0
-2.8733659,-1.7790823,0.17823219,-0.55373287,-0.8169232,0.16129595,0
0.52529281,3.0162227,-1.5872265,0.55373287,0.8169232,-0.16129595,0
-0.59360605,-3.0032496,1.6242324,-0.55373287,-0.8169232,0.16129595,0
0.11869289,2.2709515,-0.22117281,-0.62886691,0.53723657,0.56205267,0
-1.8793428,-2.5868502,-1.5480344,-0.55373287,-0.8169232,0.16129595,0
0.75103199,3.0688374,-0.47785521,0.55373287,0.8169232,-0.16129595,0
-0.2155336,1.1587409,0.26852155,-0.62886691,0.53723657,0.56205267,0
-2.0697384,-2.7075157,-1.1368315,-0.55373287,-0.8169232,0.16129595,0
-1.1836097,0.1938827,-2.1617432,-0.54580796,0.20979337,-0.8112216,0
1.9883816,2.0252061,-1.230212,0.55373287,0.8169232,-0.16129595,0
2.4738443,2.115895,1.7439747,0.55373287,0.8169232,-0.16129595,0
-0.039627314,0.40063095,1.2702489,-0.62886691,0.53723657,0.56205267,0
0.28065705,2.9150722,-2.4073851,-0.54580796,0.20979337,-0.8112216,0
1.8072298,2.1900711,1.7508409,-0.62886691,0.53723657,0.56205267,0
-3.0850074,-0.82731646,-0.80524254,-0.62886691,0.53723657,0.56205267,0
0.47063112,-0.94775605,2.5066276,0.54580796,-0.20979337,0.8112216,0
1.1413813,1.2158222,1.7564608,-0.62886691,0.53723657,0.56205267,0
-1.067896,2.3031819,-1.6379323,-0.54580796,0.20979337,-0.8112216,0
-0.15273787,1.6041193,0.21232605,-0.62886691,0.53723657,0.56205267,0
0.10560417,-0.48643777,2.1907549,-0.62886691,0.53723657,0.56205267,0
3.2800996,0.70955944,1.1840384,0.62886691,-0.53723657,-0.56205267,0
1.8476951,1.7784321,2.407536,0.54580796,-0.20979337,0.8112216,0
0.24452847,-2.5152075,0.92558289,0.62886691,-0.53723657,-0.56205267,0
-0.081941485,-3.021554,1.8429813,-0.55373287,-0.8169232,0.16129595,0
2.9247677,0.988343,1.4865381,0.54580796,-0.20979337,0.8112216,0
3.3255069,1.6787258,1.0866635,0.55373287,0.8169232,-0.16129595,0
-0.8097313,-2.7036998,1.9798951,-0.55373287,-0.8169232,0.16129595,0
-1.5880229,-0.35966218,-2.0142431,-0.54580796,0.20979337,-0.8112216,0
1.0037444,2.7241933,-0.32104993,0.55373287,0.8169232,-0.16129595,0
3.0209985,1.9819429,1.0987997,0.55373287,0.8169232,-0.16129595,0
1.0840621,0.95139831,-1.2021338,0.62886691,-0.53723657,-0.56205267,0
1.1207559,2.5081649,-0.98080087,0.55373287,0.8169232,-0.16129595,0
-1.9196413,-2.3983378,-0.20250368,-0.55373287,-0.8169232,0.16129595,0
0.19558311,2.6556544,-2.442924,-0.54580796,0.20979337,-0.8112216,0
0.31462085,2.7363806,-2.5232248,0.55373287,0.8169232,-0.16129595,0
-1.6776667,-0.15060595,-1.9165523,-0.54580796,0.20979337,-0.8112216,0
2.2186131,-0.087487102,1.1377575,0.62886691,-0.53723657,-0.56205267,0
1.8443072,0.68697113,-0.2902894,0.62886691,-0.53723657,-0.56205267,0
-1.3179525,-0.64744651,0.66338575,-0.62886691,0.53723657,0.56205267,0
-0.60953701,-2.9469051,2.1272812,-0.55373287,-0.8169232,0.16129595,0
-1.2121284,2.1056819,-1.9066168,-0.54580796,0.20979337,-0.8112216,0
-0.15928757,-3.1884494,1.1780045,0.62886691,-0.53723657,-0.56205267,0
-2.1399531,-2.2058265,0.58774281,-0.55373287,-0.8169232,0.16129595,0
0.82533538,1.7543337,1.0456661,-0.62886691,0.53723657,0.56205267,0
1.9309094,1.3141241,2.0926104,0.54580796,-0.20979337,0.8112216,0
0.53322351,0.50468183,-1.7500545,0.62886691,-0.53723657,-0.56205267,0
-0.39864194,-2.164386,2.869776,0.54580796,-0.20979337,0.8112216,0
1.4959686,2.1289604,-1.442807,0.55373287,0.8169232,-0.16129595,0
1.4620049,0.34087467,-0.18058515,0.62886691,-0.53723657,-0.56205267,0
-3.1179962,-1.3668364,-1.5256338,-0.54580796,0.20979337,-0.8112216,0
2.8502951,0.57277036,0.77370751,0.62886691,-0.53723657,-0.56205267,0
0.42309427,-3.384943,2.0349536,0.62886691,-0.53723657,-0.56205267,0
-2.1178119,-0.99146533,-1.7785294,-0.54580796,0.20979337,-0.8112216,0
-1.651742,0.07842499,-1.9609983,-0.54580796,0.20979337,-0.8112216,0
-2.3385978,-2.0265715,-1.898469,-0.54580796,0.20979337,-0.8112216,0
-2.646122,-0.68717766,-0.31349075,-0.62886691,0.53723657,0.56205267,0
1.8459558,2.2660034,0.014053583,0.55373287,0.8169232,-0.16129595,0
-0.49133348,0.027929544,-2.0824442,0.62886691,-0.53723657,-0.56205267,0
1.9210057,0.47116897,2.0014534,0.54580796,-0.20979337,0.8112216,0
-1.2274485,1.9770095,-1.9486043,-0.54580796,0.20979337,-0.8112216,0
-0.020809889,-1.3854874,2.745316,0.54580796,-0.20979337,0.8112216,0
0.0044475794,1.3191273,0.87454462,-0.62886691,0.53723657,0.56205267,0
-2.128406,-0.2251147,-0.23446381,-0.62886691,0.53723657,0.56205267,0
1.8150775,1.9262851,2.0815012,-0.62886691,0.53723657,0.56205267,0
1.645824,2.6540549,0.63860464,0.55373287,0.8169232,-0.16129595,0
0.75204015,2.7965758,-2.0529547,0.55373287,0.8169232,-0.16129595,0
2.5770125,1.727947,-0.14242363,0.55373287,0.8169232,-0.16129595,0
-2.9523306,-2.1832252,-1.6602151,-0.55373287,-0.8169232,0.16129595,0
3.3002017,1.6472661,0.43555999,0.55373287,0.8169232,-0.16129595,0
1.5950859,-1.4966449,1.4099144,0.62886691,-0.53723657,-0.56205267,0
1.2766767,-1.8652457,1.8673123,0.54580796,-0.20979337,0.8112216,0
0.57450843,0.73394346,1.6366761,-0.62886691,0.53723657,0.56205267,0
-0.37084436,2.6813293,-1.3899589,-0.62886691,0.53723657,0.56205267,0
-0.039704561,-2.4844549,2.3592606,0.54580796,-0.20979337,0.8112216,0
-1.2003305,-1.1097698,1.5478562,-0.62886691,0.53723657,0.56205267,0
2.4768417,0.0063670874,1.1087015,0.62886691,-0.53723657,-0.56205267,0
0.51382971,2.9316714,-2.6420844,0.55373287,0.8169232,-0.16129595,0
1.0195738,1.73552,-2.4957175,0.62886691,-0.53723657,-0.56205267,0
-0.5215373,1.2849978,0.10230798,-0.62886691,0.53723657,0.56205267,0
1.5003819,2.1552312,1.1827669,-0.62886691,0.53723657,0.56205267,0
0.33991504,-0.761334,2.547914,0.54580796,-0.20979337,0.8112216,0
-0.70009041,-3.0935893,0.33122587,-0.55373287,-0.8169232,0.16129595,0
-2.2112379,-1.9075277,0.20497036,-0.55373287,-0.8169232,0.16129595,0
-0.44488382,-3.1931794,2.0003505,-0.55373287,-0.8169232,0.16129595,0
-2.7137785,-1.7276568,-0.66788864,-0.55373287,-0.8169232,0.16129595,0
0.8791852,2.1085458,1.0624282,-0.62886691,0.53723657,0.56205267,0
0.27150607,-1.641898,2.6487279,0.54580796,-0.20979337,0.8112216,0
-1.6385894,1.6830404,-1.3103801,-0.62886691,0.53723657,0.56205267,0
-2.4729419,-2.1675503,-1.9790332,-0.54580796,0.20979337,-0.8112216,0
1.2114244,0.14987491,2.2272124,0.54580796,-0.20979337,0.8112216,0
-0.34866035,-3.1578183,2.0447149,-0.55373287,-0.8169232,0.16129595,0
-2.9486883,-1.8524607,-1.8149166,-0.54580796,0.20979337,-0.8112216,0
2.6623211,1.7807791,0.39297819,0.55373287,0.8169232,-0.16129595,0
0.88507462,-2.3804078,1.6890575,0.54580796,-0.20979337,0.8112216,0
2.8010821,0.54843199,1.1509681,0.54580796,-0.20979337,0.8112216,0
-1.0815995,-2.8761554,1.4194763,-0.55373287,-0.8169232,0.16129595,0
-0.054386377,0.56026477,1.3369044,-0.62886691,0.53723657,0.56205267,0
-3.1187592,-1.7998393,-1.1811481,-0.55373287,-0.8169232,0.16129595,0
-0.52882171,-0.11028475,-2.4678686,0.62886691,-0.53723657,-0.56205267,0
-2.7601933,-0.66782677,-1.2073146,-0.54580796,0.20979337,-0.8112216,0
0.76225495,-0.93904072,2.4219272,0.54580796,-0.20979337,0.8112216,0
-2.35812,-2.3910785,-2.1792943,-0.55373287,-0.8169232,0.16129595,0
-1.0205956,-2.4436786,2.095206,-0.55373287,-0.8169232,0.16129595,0
-2.8112001,-2.0229528,-0.18393874,-0.55373287,-0.8169232,0.16129595,0
0.10856986,1.9136343,-2.4496791,-0.54580796,0.20979337,-0.8112216,0
-0.91002607,-0.43126148,0.98696214,-0.62886691,0.53723657,0.56205267,0
-3.3983359,-1.093112,-1.1926899,-0.54580796,0.20979337,-0.8112216,0
-1.8057138,-2.4002678,-0.24776673,-0.55373287,-0.8169232,0.16129595,0
-0.35423875,3.0176058,-1.2814083,-0.62886691,0.53723657,0.56205267,0
-0.31928056,0.80738896,0.63839698,-0.62886691,0.53723657,0.56205267,0
-2.6574624,0.28131366,-1.1294193,-0.62886691,0.53723657,0.56205267,0
0.080189824,0.085875869,-1.7793362,0.62886691,-0.53723657,-0.56205267,0
0.09461689,-2.4280519,2.2044764,0.54580796,-0.20979337,0.8112216,0
-0.57370198,-1.0536422,1.870033,-0.62886691,0.53723657,0.56205267,0
-0.24099509,1.1720371,0.55894727,-0.62886691,0.53723657,0.56205267,0
-2.8866684,-0.97536206,-1.3455082,-0.54580796,0.20979337,-0.8112216,0
-1.8876683,-2.2793458,-0.2714529,-0.55373287,-0.8169232,0.16129595,0
-1.0958385,-2.7063758,0.93438745,-0.55373287,-0.8169232,0.16129595,0
0.26259151,-1.3996761,-0.26622152,0.62886691,-0.53723657,-0.56205267,0
1.6609786,2.111892,-1.7361712,0.62886691,-0.53723657,-0.56205267,0
1.378171,-1.5385052,1.5560087,0.54580796,-0.20979337,0.8112216,0
0.82052898,1.0966752,1.6519691,-0.62886691,0.53723657,0.56205267,0
-2.0210903,-1.9400382,-2.0829935,0.62886691,-0.53723657,-0.56205267,0
0.26014757,-0.79114634,-0.7369957,0.62886691,-0.53723657,-0.56205267,0
-0.68293262,-2.9712849,0.40012598,-0.55373287,-0.8169232,0.16129595,0
2.7436335,1.2650858,1.4135303,0.54580796,-0.20979337,0.8112216,0
-0.53361917,-0.34550771,1.3502328,-0.62886691,0.53723657,0.56205267,0
2.3864398,0.9499808,-0.063725471,0.62886691,-0.53723657,-0.56205267,0
2.6444879,1.2718991,-0.088019133,0.62886691,-0.53723657,-0.56205267,0
-1.8951035,-1.6402754,1.3353384,-0.62886691,0.53723657,0.56205267,0
1.0046289,2.8992603,-0.13402009,0.55373287,0.8169232,-0.16129595,0
-1.652868,-2.437979,-1.3353598,0.62886691,-0.53723657,-0.56205267,0
-2.6786723,-2.1019106,-2.0151601,-0.54580796,0.20979337,-0.8112216,0
0.44911861,-1.8551848,2.3156097,0.54580796,-0.20979337,0.8112216,0
-1.7348835,-2.5013297,-0.89288521,-0.55373287,-0.8169232,0.16129595,0
-0.37063968,-0.53971744,1.736598,-0.62886691,0.53723657,0.56205267,0
-2.1956534,-1.0799668,-1.7113813,-0.54580796,0.20979337,-0.8112216,0
0.11575544,3.2284324,-2.2600694,0.55373287,0.8169232,-0.16129595,0
2.9446054,1.8196456,0.22699666,0.55373287,0.8169232,-0.16129595,0
1.5809005,2.0134656,-2.0765457,0.55373287,0.8169232,-0.16129595,0
-1.3246707,-2.4956417,2.1406238,-0.55373287,-0.8169232,0.16129595,0
2.6789997,2.0771112,1.5010164,0.55373287,0.8169232,-0.16129595,0
-1.0220294,-0.67086804,-2.4761329,0.62886691,-0.53723657,-0.56205267,0
-0.40867341,-0.88140994,2.3602862,-0.62886691,0.53723657,0.56205267,0
-0.074283034,1.8795905,-0.43771946,-0.62886691,0.53723657,0.56205267,0
2.0845749,1.0091743,1.7158736,0.54580796,-0.20979337,0.8112216,0
0.78971291,3.197407,-0.46367478,-0.62886691,0.53723657,0.56205267,0
-0.68172169,2.560751,-1.4035925,-0.62886691,0.53723657,0.56205267,0
-1.9177903,-1.9205406,1.6793934,-0.55373287,-0.8169232,0.16129595,0
-1.1136338,-2.1955853,2.9382429,-0.62886691,0.53723657,0.56205267,0
0.29539335,2.8937125,-2.0917597,0.55373287,0.8169232,-0.16129595,0
1.4569759,2.6707575,-1.0991364,0.55373287,0.8169232,-0.16129595,0
-1.5831407,-2.7117541,-0.6697154,-0.55373287,-0.8169232,0.16129595,0
3.2458572,1.4918188,0.99298048,0.55373287,0.8169232,-0.16129595,0
-3.1273665,-1.307127,-0.17697883,-0.62886691,0.53723657,0.56205267,0
-2.9011188,-1.6256883,-1.3840206,-0.54580796,0.20979337,-0.8112216,0
2.4170866,2.2614012,0.57975721,0.55373287,0.8169232,-0.16129595,0
-0.18015102,-2.5471394,0.78693974,0.62886691,-0.53723657,-0.56205267,0
1.4174373,1.8629897,-1.9105082,0.62886691,-0.53723657,-0.56205267,0
0.82461333,-0.73248637,1.1622906e-05,0.62886691,-0.53723657,-0.56205267,0
0.030496716,-3.2127893,1.4824203,0.62886691,-0.53723657,-0.56205267,0
-0.47865963,-3.3021135,0.65988326,-0.55373287,-0.8169232,0.16129595,0
-0.23497701,-2.8565893,2.7421453,0.54580796,-0.20979337,0.8112216,0
1.5379131,-1.9000823,1.7639921,0.54580796,-0.20979337,0.8112216,0
0.68092936,-0.43321109,-0.31577706,0.62886691,-0.53723657,-0.56205267,0
-1.2540879,-1.9169183,-1.1864989,0.62886691,-0.53723657,-0.56205267,0
-0.92483187,0.84034646,-2.3145728,-0.54580796,0.20979337,-0.8112216,0
-0.83836645,0.39985311,0.40804479,-0.62886691,0.53723657,0.56205267,0
-0.522892,1.280363,-0.15630156,-0.62886691,0.53723657,0.56205267,0
1.8908658,2.1432219,-0.6634593,0.55373287,0.8169232,-0.16129595,0
-0.83715105,0.33867884,-2.2525518,-0.54580796,0.20979337,-0.8112216,0
-1.1959369,1.220644,-2.0676866,-0.54580796,0.20979337,-0.8112216,0
1.3291368,0.10155688,2.2386262,0.54580796,-0.20979337,0.8112216,0
-1.0630131,-0.079866007,-2.2838507,-0.54580796,0.20979337,-0.8112216,0
1.220921,2.4860373,-1.6918145,0.55373287,0.8169232,-0.16129595,0
1.107489,0.30166006,-0.97388572,0.62886691,-0.53723657,-0.56205267,0
0.33139253,1.3487139,-2.8444943,0.62886691,-0.53723657,-0.56205267,0
0.32407376,-0.08597213,-1.0271893,0.62886691,-0.53723657,-0.56205267,0
-1.5318375,-1.0939991,-2.156951,-0.54580796,0.20979337,-0.8112216,0
0.89983135,2.8429,-1.0176814,0.55373287,0.8169232,-0.16129595,0
1.458421,1.4095775,-1.8163068,0.62886691,-0.53723657,-0.56205267,0
0.79113615,2.6224091,-2.5867543,0.55373287,0.8169232,-0.16129595,0
-2.406744,-1.7792422,0.56415462,-0.55373287,-0.8169232,0.16129595,0
-2.6761632,-1.873596,-0.28264165,-0.55373287,-0.8169232,0.16129595,0
-0.4545517,2.3842959,-1.9742435,-0.54580796,0.20979337,-0.8112216,0
-0.54356301,-2.9159355,2.1170106,-0.55373287,-0.8169232,0.16129595,0
1.6541033,-1.2207762,1.7149513,0.54580796,-0.20979337,0.8112216,0
-1.4159384,0.7664535,-1.6869476,-0.54580796,0.20979337,-0.8112216,0
-0.72333789,0.65084493,-2.3568399,-0.54580796,0.20979337,-0.8112216,0
1.2198145,-1.2988428,1.0121484,0.62886691,-0.53723657,-0.56205267,0
-3.1330471,-1.521188,-0.75234818,-0.55373287,-0.8169232,0.16129595,0
2.7794654,1.2950152,0.0081851482,0.62886691,-0.53723657,-0.56205267,0
-1.7506378,0.1273616,-2.0824001,-0.54580796,0.20979337,-0.8112216,0
-1.3020205,0.63512027,0.027534001,-0.62886691,0.53723657,0.56205267,0
-1.4575882,-1.8601248,-1.8071911,0.62886691,-0.53723657,-0.56205267,0
-2.6320484,-1.8100908,0.83530712,-0.55373287,-0.8169232,0.16129595,0
0.0015383959,-3.3767195,1.6028088,-0.55373287,-0.8169232,0.16129595,0
2.0470293,2.607213,1.7443979,0.55373287,0.8169232,-0.16129595,0
-2.2709174,-2.0089118,0.15576434,-0.55373287,-0.8169232,0.16129595,0
1.8114026,1.5676252,1.9611864,-0.62886691,0.53723657,0.56205267,0
-1.9740946,1.0714279,-1.1592081,-0.62886691,0.53723657,0.56205267,0
0.50704396,-1.6329929,0.23742056,0.62886691,-0.53723657,-0.56205267,0
-0.75496817,-2.8008556,1.9956998,-0.55373287,-0.8169232,0.16129595,0
-0.75170374,-2.7797587,2.914402,-0.55373287,-0.8169232,0.16129595,0
-0.26046133,-2.5038247,2.6289201,0.54580796,-0.20979337,0.8112216,0
-0.32593775,-2.312603,2.5291667,0.54580796,-0.20979337,0.8112216,0
1.5496376,0.70951319,2.408921,0.54580796,-0.20979337,0.8112216,0
-0.04370892,3.4378905,-1.6795959,0.55373287,0.8169232,-0.16129595,0
0.54437441,2.8056321,-1.949913,0.55373287,0.8169232,-0.16129595,0
2.2419446,1.6928409,1.9657617,0.54580796,-0.20979337,0.8112216,0
-1.4374156,-1.2535973,-2.3745594,-0.54580796,0.20979337,-0.8112216,0
-0.83900881,2.0952852,-2.0407786,-0.54580796,0.20979337,-0.8112216,0
0.96171099,2.3345261,-2.49435,0.55373287,0.8169232,-0.16129595,0
-2.3356674,-0.60255551,-1.6446705,-0.54580796,0.20979337,-0.8112216,0
1.0396864,-2.3047161,1.8814714,0.54580796,-0.20979337,0.8112216,0
0.19804645,3.2052011,-2.3593097,0.55373287,0.8169232,-0.16129595,0
-1.3747878,0.70115983,-0.31209087,-0.62886691,0.53723657,0.56205267,0
0.98091483,-2.3661361,1.7797059,0.54580796,-0.20979337,0.8112216,0
-2.6617243,-1.708306,0.370399,-0.55373287,-0.8169232,0.16129595,0
0.67607594,1.533145,0.97583818,-0.62886691,0.53723657,0.56205267,0
-2.126895,-0.48223919,-1.7155695,-0.54580796,0.20979337,-0.8112216,0
-1.1500105,-2.6659231,0.26991749,-0.55373287,-0.8169232,0.16129595,0
2.1400743,2.427758,1.5036113,0.55373287,0.8169232,-0.16129595,0
2.484524,2.2301936,1.2432082,0.55373287,0.8169232,-0.16129595,0
-0.5672189,-1.5540158,2.4804561,-0.62886691,0.53723657,0.56205267,0
-2.441159,-0.86664927,0.17808795,-0.62886691,0.53723657,0.56205267,0
0.86067313,2.878617,-0.94489598,0.55373287,0.8169232,-0.16129595,0
1.2234762,-1.5027061,1.7826861,0.54580796,-0.20979337,0.8112216,0
-3.0889473,-1.9661069,-1.3166687,-0.55373287,-0.8169232,0.16129595,0
2.8068857,1.7586223,0.19192243,0.55373287,0.8169232,-0.16129595,0
2.4976065,2.2791474,1.2039251,0.55373287,0.8169232,-0.16129595,0
1.3240874,2.3515682,0.79280376,-0.62886691,0.53723657,0.56205267,0
-1.8921735,0.20505089,-1.7460248,-0.54580796,0.20979337,-0.8112216,0
1.9885173,1.3415219,-0.61679995,0.62886691,-0.53723657,-0.56205267,0
-2.5680192,-0.88649404,-1.7728611,-0.54580796,0.20979337,-0.8112216,0
-0.83728516,-2.840338,2.5507641,-0.55373287,-0.8169232,0.16129595,0
0.19057089,1.3798579,0.48758745,-0.62886691,0.53723657,0.56205267,0
1.3118228,2.5333481,-0.86833262,0.55373287,0.8169232,-0.16129595,0
