-1.1863453,-0.064460874,-0.32489949,-0.96468008,0.26182097,0.029017435,0
1.398304,2.2896104,-4.4981313,0.25905275,0.96288311,-0.075813249,0
1.192359,0.31379592,-2.3887949,0.96468008,-0.26182097,-0.029017435,0
0.061053276,-2.998626,0.31508735,-0.25905275,-0.96288311,0.075813249,0
0.54816079,3.2111957,3.9804134,0.25905275,0.96288311,-0.075813249,0
0.97082537,-0.99491262,3.5736704,0.96468008,-0.26182097,-0.029017435,0
0.20573449,2.9087045,-4.3511019,0.25905275,0.96288311,-0.075813249,0
0.22656679,-3.0989306,-2.1463759,0.96468008,-0.26182097,-0.029017435,0
0.70653254,-0.16617739,-4.4440017,-0.047789894,-0.065618493,-0.99669957,0
-0.088377237,-3.4870143,-3.8243923,0.96468008,-0.26182097,-0.029017435,0
0.91496432,1.3608407,4.3509259,0.047789894,0.065618493,0.99669957,0
0.1117741,-0.49237838,-4.5922899,-0.047789894,-0.065618493,-0.99669957,0
-0.43014705,2.3447781,-2.0407395,-0.96468008,0.26182097,0.029017435,0
0.78107929,2.0056672,4.4843936,0.047789894,0.065618493,0.99669957,0
1.1021874,0.6086325,4.3052697,0.047789894,0.065618493,0.99669957,0
0.56941557,-2.2052197,3.8821299,0.96468008,-0.26182097,-0.029017435,0
0.5063591,-2.5798295,4.122714,0.96468008,-0.26182097,-0.029017435,0
1.204649,1.214426,-2.0561702,0.96468008,-0.26182097,-0.029017435,0
1.4529781,1.6714104,1.0074779,0.96468008,-0.26182097,-0.029017435,0
1.2091646,2.8715105,2.3349464,0.25905275,0.96288311,-0.075813249,0
1.292177,0.19536889,0.24997118,0.96468008,-0.26182097,-0.029017435,0
-0.52885294,1.6087317,-4.4927826,-0.047789894,-0.065618493,-0.99669957,0
-1.0414617,-3.1124797,-4.1311574,-0.047789894,-0.065618493,-0.99669957,0
-0.18807364,-2.3730872,4.8701801,0.047789894,0.065618493,0.99669957,0
1.6123157,2.8803334,0.31798065,0.25905275,0.96288311,-0.075813249,0
-0.50764692,1.6908826,4.2403474,0.047789894,0.065618493,0.99669957,0
1.6977985,2.6887503,2.3287249,0.25905275,0.96288311,-0.075813249,0
-0.52849269,2.0119748,-4.7803626,-0.047789894,-0.065618493,-0.99669957,0
-0.27126169,1.2810962,4.5196476,0.047789894,0.065618493,0.99669957,0
0.81195492,1.2389266,4.5354681,0.047789894,0.065618493,0.99669957,0
0.68919253,2.3845441,-4.6765003,-0.047789894,-0.065618493,-0.99669957,0
1.6501915,1.6399714,-0.62789989,0.96468008,-0.26182097,-0.029017435,0
-0.36779928,-3.1472392,-4.1992512,-0.25905275,-0.96288311,0.075813249,0
-0.73391432,0.73582339,3.9582515,-0.96468008,0.26182097,0.029017435,0
0.44860244,2.7737277,-3.0536768,0.25905275,0.96288311,-0.075813249,0
0.61605,0.90172917,-4.5854955,-0.047789894,-0.065618493,-0.99669957,0
0.29921091,1.6315781,4.3204193,0.047789894,0.065618493,0.99669957,0
-1.205909,-3.1706188,-2.8527701,-0.25905275,-0.96288311,0.075813249,0
0.98708534,3.1411562,4.2351546,0.25905275,0.96288311,-0.075813249,0
0.87787104,2.89588,2.516269,0.25905275,0.96288311,-0.075813249,0
0.72828364,2.7839684,-1.9482594,0.25905275,0.96288311,-0.075813249,0
0.26781511,-3.0906522,1.4695964,-0.25905275,-0.96288311,0.075813249,0
-0.53472352,-2.4072745,4.8761334,0.047789894,0.065618493,0.99669957,0
1.0682909,2.6797957,-1.2165191,0.25905275,0.96288311,-0.075813249,0
0.88333297,1.7874079,-4.5548096,-0.047789894,-0.065618493,-0.99669957,0
1.2408488,1.2187319,-1.6075058,0.96468008,-0.26182097,-0.029017435,0
0.77190471,2.8855209,1.6588774,0.25905275,0.96288311,-0.075813249,0
-0.42424178,-2.7633886,1.152714,-0.25905275,-0.96288311,0.075813249,0
-0.13169193,-3.3278973,-1.5882481,-0.25905275,-0.96288311,0.075813249,0
-0.84288788,-1.4669949,4.4920163,0.047789894,0.065618493,0.99669957,0
1.8437119,2.68152,2.9534867,0.25905275,0.96288311,-0.075813249,0
0.034323692,-3.0266929,0.90868425,-0.25905275,-0.96288311,0.075813249,0
-1.2702233,-0.50074697,-4.3711877,-0.047789894,-0.065618493,-0.99669957,0
-0.42317963,-2.1678574,4.8243933,0.047789894,0.065618493,0.99669957,0
-1.1111238,0.17787319,-4.3117681,-0.96468008,0.26182097,0.029017435,0
-0.11016309,-1.8093162,-4.4797473,-0.047789894,-0.065618493,-0.99669957,0
-0.94772875,-1.5814513,-4.4196625,-0.047789894,-0.065618493,-0.99669957,0
-0.077369452,2.9925351,2.0335853,-0.96468008,0.26182097,0.029017435,0
0.18305397,2.8141968,-4.0580173,0.25905275,0.96288311,-0.075813249,0
-1.5596955,-2.3898721,3.7169774,-0.25905275,-0.96288311,0.075813249,0
1.2050385,2.7203984,1.2757134,0.25905275,0.96288311,-0.075813249,0
0.38190597,-1.7747104,-2.0015981,0.96468008,-0.26182097,-0.029017435,0
-1.0584161,0.95482266,-4.1421723,-0.96468008,0.26182097,0.029017435,0
-1.0120665,-0.95790184,4.0962563,-0.96468008,0.26182097,0.029017435,0
1.1496427,-0.69898582,3.8813555,0.96468008,-0.26182097,-0.029017435,0
-1.1665924,-2.6465399,3.6642103,-0.25905275,-0.96288311,0.075813249,0
0.95690775,0.70667124,-4.7281446,-0.047789894,-0.065618493,-0.99669957,0
-1.2435234,-0.47917342,3.3653386,-0.96468008,0.26182097,0.029017435,0
1.424171,1.4587513,-3.1149623,0.96468008,-0.26182097,-0.029017435,0
-0.19405293,2.3833041,-0.19686016,-0.96468008,0.26182097,0.029017435,0
1.0448885,-0.39431053,1.6616471,0.96468008,-0.26182097,-0.029017435,0
1.656323,3.0049815,1.9792092,0.25905275,0.96288311,-0.075813249,0
0.28693128,-2.9313402,-0.55858809,0.96468008,-0.26182097,-0.029017435,0
-0.95419884,-2.5058997,4.5424666,0.047789894,0.065618493,0.99669957,0
-0.67014229,0.66600823,4.1760135,-0.96468008,0.26182097,0.029017435,0
-1.8285842,-2.4546919,-0.74450731,-0.96468008,0.26182097,0.029017435,0
0.1020391,-2.1026542,-4.4310369,-0.047789894,-0.065618493,-0.99669957,0
0.15341735,2.8447034,-1.3363774,0.25905275,0.96288311,-0.075813249,0
-1.7024,-3.1411121,-3.6475749,-0.25905275,-0.96288311,0.075813249,0
0.86378026,0.040759891,4.489223,0.047789894,0.065618493,0.99669957,0
0.45652199,2.9672027,0.43535709,0.25905275,0.96288311,-0.075813249,0
0.32327187,-2.6561708,-4.3090219,0.96468008,-0.26182097,-0.029017435,0
1.0541923,2.6292162,-0.74439526,0.25905275,0.96288311,-0.075813249,0
0.46401179,-0.56988883,-4.6323223,-0.047789894,-0.065618493,-0.99669957,0
0.79562038,0.8021217,4.590394,0.047789894,0.065618493,0.99669957,0
0.98990154,2.7522266,-2.087244,0.25905275,0.96288311,-0.075813249,0
0.635432,3.0508096,1.393746,0.25905275,0.96288311,-0.075813249,0
-0.95198965,-3.2645657,-2.9702499,-0.25905275,-0.96288311,0.075813249,0
1.2647295,2.7796049,-0.61161232,0.25905275,0.96288311,-0.075813249,0
-0.61229897,1.7991419,0.41560978,-0.96468008,0.26182097,0.029017435,0
0.0032364279,-0.77275479,-4.3960557,-0.047789894,-0.065618493,-0.99669957,0
-1.2242495,0.48172429,-4.2875743,-0.96468008,0.26182097,0.029017435,0
1.1566854,2.6131911,-2.6088536,0.25905275,0.96288311,-0.075813249,0
-0.67252755,-2.6033573,2.0543275,-0.25905275,-0.96288311,0.075813249,0
0.60412717,2.4022369,-4.5546727,-0.047789894,-0.065618493,-0.99669957,0
-0.49973512,2.1382413,-2.1023006,-0.96468008,0.26182097,0.029017435,0
1.4704944,1.4575062,4.5338073,0.047789894,0.065618493,0.99669957,0
0.37585545,-2.7852397,1.5750579,0.96468008,-0.26182097,-0.029017435,0
0.723979,-2.3995795,4.4565063,0.96468008,-0.26182097,-0.029017435,0
-0.35124612,2.2119293,-4.6030111,-0.047789894,-0.065618493,-0.99669957,0
0.28418946,2.1671009,-4.8698821,-0.047789894,-0.065618493,-0.99669957,0
0.53467387,-0.55010319,4.5030079,0.047789894,0.065618493,0.99669957,0
-1.2838936,-2.5480442,0.31271803,-0.25905275,-0.96288311,0.075813249,0
-1.5444061,-1.9531581,-2.3878675,-0.96468008,0.26182097,0.029017435,0
-0.014394999,-2.725584,-3.5670447,0.96468008,-0.26182097,-0.029017435,0
0.56390774,2.1331763,4.4238291,0.047789894,0.065618493,0.99669957,0
0.27118349,2.7561264,-3.9930973,0.25905275,0.96288311,-0.075813249,0
0.054639339,3.0979288,2.1925631,-0.96468008,0.26182097,0.029017435,0
0.55010056,2.9307334,-2.5915751,0.25905275,0.96288311,-0.075813249,0
-1.0899315,-0.33840656,4.4065895,0.047789894,0.065618493,0.99669957,0
0.68405682,-0.11022979,4.5684471,0.047789894,0.065618493,0.99669957,0
0.45275354,-2.741802,4.7326865,0.047789894,0.065618493,0.99669957,0
0.94959152,0.15000302,1.0200446,0.96468008,-0.26182097,-0.029017435,0
1.6685112,1.6133785,3.7342033,0.96468008,-0.26182097,-0.029017435,0
-0.33748806,2.3323298,4.2396197,0.047789894,0.065618493,0.99669957,0
-0.68482023,1.0273571,0.79434115,-0.96468008,0.26182097,0.029017435,0
-0.13503468,-1.514167,-4.4633389,-0.047789894,-0.065618493,-0.99669957,0
-1.1933308,-0.78999901,3.9582813,-0.96468008,0.26182097,0.029017435,0
1.0090013,3.1383312,3.0024273,0.25905275,0.96288311,-0.075813249,0
-0.71703029,-2.0468497,4.6449032,0.047789894,0.065618493,0.99669957,0
-0.52704597,1.3014061,-4.5085855,-0.047789894,-0.065618493,-0.99669957,0
1.3354499,1.6180842,-4.496532,-0.047789894,-0.065618493,-0.99669957,0
0.19019079,2.6931896,-2.2557266,0.25905275,0.96288311,-0.075813249,0
0.093146086,2.9839501,-3.7584472,0.25905275,0.96288311,-0.075813249,0
0.32587528,3.5087786,4.0774217,0.25905275,0.96288311,-0.075813249,0
-1.859334,-2.30107,-3.0166259,-0.96468008,0.26182097,0.029017435,0
0.55392981,3.4814589,4.1691308,0.25905275,0.96288311,-0.075813249,0
-0.19229603,3.274929,4.2883463,0.047789894,0.065618493,0.99669957,0
-1.64663,-1.7090163,1.0559558,-0.96468008,0.26182097,0.029017435,0
-0.039275646,0.26237199,-4.7072964,-0.047789894,-0.065618493,-0.99669957,0
-0.89725411,1.494471,-3.179383,-0.96468008,0.26182097,0.029017435,0
-0.90260577,-2.6869969,-4.3079538,-0.047789894,-0.065618493,-0.99669957,0
-0.086172342,-3.2531743,-0.23604119,-0.25905275,-0.96288311,0.075813249,0
0.74628854,2.1022365,-4.6269054,-0.047789894,-0.065618493,-0.99669957,0
0.97265553,0.18217528,-2.3541107,0.96468008,-0.26182097,-0.029017435,0
0.34907532,0.54944998,4.4801373,0.047789894,0.065618493,0.99669957,0
0.25264072,-0.96201015,4.6359353,0.047789894,0.065618493,0.99669957,0
0.84643745,2.3300734,4.4321599,0.047789894,0.065618493,0.99669957,0
-0.30186987,-2.9478831,2.263195,-0.25905275,-0.96288311,0.075813249,0
0.7389065,-0.89328837,-2.7403064,0.96468008,-0.26182097,-0.029017435,0
-0.92457128,1.4327259,-3.4507024,-0.96468008,0.26182097,0.029017435,0
-0.69153261,2.0411301,-1.8208536,-0.96468008,0.26182097,0.029017435,0
0.085390568,-2.6730471,4.2354188,-0.25905275,-0.96288311,0.075813249,0
-0.58888054,2.1702681,0.75102717,-0.96468008,0.26182097,0.029017435,0
-0.33621716,-3.2973022,-4.2996182,-0.047789894,-0.065618493,-0.99669957,0
-1.0143938,-1.8277665,4.5967708,0.047789894,0.065618493,0.99669957,0
0.27995157,2.5911515,-3.8772953,0.25905275,0.96288311,-0.075813249,0
-0.084971666,2.5376396,-4.772222,-0.047789894,-0.065618493,-0.99669957,0
-0.62922436,-0.016782224,4.4238105,0.047789894,0.065618493,0.99669957,0
1.0321558,-0.014849424,-2.4711983,0.96468008,-0.26182097,-0.029017435,0
0.61833978,-1.0518636,0.47734591,0.96468008,-0.26182097,-0.029017435,0
1.3709223,2.3501658,-2.7928936,0.25905275,0.96288311,-0.075813249,0
-1.3119898,-3.0926824,-3.8783011,-0.25905275,-0.96288311,0.075813249,0
0.75620294,2.8421168,-2.4514704,0.25905275,0.96288311,-0.075813249,0
0.14325643,-0.33077115,4.4241524,0.047789894,0.065618493,0.99669957,0
1.6980333,2.1841292,0.54999572,0.96468008,-0.26182097,-0.029017435,0
1.1063685,2.893585,1.6037283,0.25905275,0.96288311,-0.075813249,0
-0.40934181,2.8020163,-3.3008699,-0.96468008,0.26182097,0.029017435,0
-1.4721677,-2.9137659,-2.5072391,-0.25905275,-0.96288311,0.075813249,0
0.968086,1.726431,-4.7427487,-0.047789894,-0.065618493,-0.99669957,0
-0.43685102,-2.9950397,-1.7176683,-0.25905275,-0.96288311,0.075813249,0
-1.5420356,-1.8972316,-0.018061578,-0.96468008,0.26182097,0.029017435,0
1.4203386,1.9716344,-3.4228184,0.96468008,-0.26182097,-0.029017435,0
0.63534409,0.96528584,4.4618053,0.047789894,0.065618493,0.99669957,0
-0.47965956,-3.008997,0.39573422,-0.25905275,-0.96288311,0.075813249,0
1.677315,2.8050349,-0.69508308,0.25905275,0.96288311,-0.075813249,0
0.083956122,-1.0333503,4.4298053,0.047789894,0.065618493,0.99669957,0
0.90589499,2.6127257,-4.1257782,0.25905275,0.96288311,-0.075813249,0
-0.84020972,0.89868683,-3.6292758,-0.96468008,0.26182097,0.029017435,0
-1.3499742,-2.6476192,3.8987813,-0.25905275,-0.96288311,0.075813249,0
-1.6027991,-1.559671,-0.35036641,-0.96468008,0.26182097,0.029017435,0
-1.7600672,-2.5028224,-0.089183867,-0.96468008,0.26182097,0.029017435,0
1.6472137,2.6798558,0.74674428,0.25905275,0.96288311,-0.075813249,0
-0.52085185,1.7865081,-4.5308247,-0.047789894,-0.065618493,-0.99669957,0
0.16675663,3.1233428,2.6861186,0.25905275,0.96288311,-0.075813249,0
1.0285218,2.2015045,4.412159,0.047789894,0.065618493,0.99669957,0
0.94758707,0.56852722,4.3007503,0.047789894,0.065618493,0.99669957,0
-1.8845906,-2.6288848,-3.3667686,-0.96468008,0.26182097,0.029017435,0
0.46892548,-1.5653754,-0.43441957,0.96468008,-0.26182097,-0.029017435,0
0.51754689,2.8114586,-1.6266651,0.25905275,0.96288311,-0.075813249,0
-1.5854307,-1.6605219,-0.64060026,-0.96468008,0.26182097,0.029017435,0
-0.33515096,-2.558821,4.3646355,-0.25905275,-0.96288311,0.075813249,0
0.39970207,2.9641757,1.7659564,0.25905275,0.96288311,-0.075813249,0
-0.42286301,-0.1998478,-4.4453402,-0.047789894,-0.065618493,-0.99669957,0
0.38578105,-2.7750897,4.6059055,0.96468008,-0.26182097,-0.029017435,0
-0.37484765,-2.3157239,-4.5423698,-0.047789894,-0.065618493,-0.99669957,0
-0.98566455,0.41685379,1.0337926,-0.96468008,0.26182097,0.029017435,0
-0.64479148,-1.0803162,4.8086009,0.047789894,0.065618493,0.99669957,0
-0.99176574,-2.7950256,-4.1135602,-0.047789894,-0.065618493,-0.99669957,0
1.0031689,0.39245379,4.3756199,0.047789894,0.065618493,0.99669957,0
-1.0145333,-2.705241,0.38914576,-0.25905275,-0.96288311,0.075813249,0
-0.68744755,-1.9238595,4.7578201,0.047789894,0.065618493,0.99669957,0
-0.16468883,-2.6389296,4.1606989,-0.25905275,-0.96288311,0.075813249,0
1.2133827,2.5079496,-2.1702847,0.25905275,0.96288311,-0.075813249,0
-1.3685853,-1.5741842,-4.4385152,-0.047789894,-0.065618493,-0.99669957,0
0.15357542,-2.8097911,2.209971,-0.25905275,-0.96288311,0.075813249,0
0.866009,3.0802844,3.5495369,0.25905275,0.96288311,-0.075813249,0
-0.23211062,-1.6262355,-4.21943,-0.047789894,-0.065618493,-0.99669957,0
0.6885401,0.9056502,-4.6471448,-0.047789894,-0.065618493,-0.99669957,0
-1.6324759,-1.9444796,1.7716868,-0.96468008,0.26182097,0.029017435,0
-0.62797666,-3.2265739,-1.057003,-0.25905275,-0.96288311,0.075813249,0
-0.40371931,-0.70030367,-4.562212,-0.047789894,-0.065618493,-0.99669957,0
-0.55529267,1.5232952,-0.35034555,-0.96468008,0.26182097,0.029017435,0
-0.20232701,-3.4279037,-2.5314796,-0.25905275,-0.96288311,0.075813249,0
-1.092191,-3.0789609,-1.5353184,-0.25905275,-0.96288311,0.075813249,0
-0.43312299,1.243237,-4.5046182,-0.047789894,-0.065618493,-0.99669957,0
0.75269747,2.6083117,-3.7744706,0.25905275,0.96288311,-0.075813249,0
-1.7153828,-2.5521193,0.4544054,-0.96468008,0.26182097,0.029017435,0
-0.44339967,2.4571691,-4.6400638,-0.047789894,-0.065618493,-0.99669957,0
-0.71479762,0.47197068,3.9906344,-0.96468008,0.26182097,0.029017435,0
-0.65096211,-0.21884888,4.7460995,0.047789894,0.065618493,0.99669957,0
-0.63787556,-2.761343,1.0372207,-0.25905275,-0.96288311,0.075813249,0
-0.25866961,-2.8970037,4.0779705,-0.25905275,-0.96288311,0.075813249,0
0.7359401,-0.64554405,-1.4714183,0.96468008,-0.26182097,-0.029017435,0
-0.83720422,-2.444072,3.4290764,-0.25905275,-0.96288311,0.075813249,0
0.93763912,0.11044323,4.3700285,0.047789894,0.065618493,0.99669957,0
-1.3477652,-1.9654028,2.2535212,-0.96468008,0.26182097,0.029017435,0
-0.27749813,0.091074288,4.3594465,0.047789894,0.065618493,0.99669957,0
-0.21369362,-2.9427776,0.75225008,-0.25905275,-0.96288311,0.075813249,0
-1.3223814,-1.4669964,-4.2155991,-0.047789894,-0.065618493,-0.99669957,0
-0.35848495,-0.43049484,-4.3376479,-0.047789894,-0.065618493,-0.99669957,0
1.0219395,-0.46485651,4.2462788,0.96468008,-0.26182097,-0.029017435,0
0.33125377,2.7149444,-2.3124366,0.25905275,0.96288311,-0.075813249,0
-0.95150399,0.71191239,0.88158333,-0.96468008,0.26182097,0.029017435,0
0.096997023,-2.2858479,-3.7490902,0.96468008,-0.26182097,-0.029017435,0
0.47516996,-0.71286386,4.6224399,0.047789894,0.065618493,0.99669957,0
-1.6003122,-2.7741237,-2.9442356,-0.25905275,-0.96288311,0.075813249,0
-1.0344436,-0.45804393,4.3980293,-0.96468008,0.26182097,0.029017435,0
-0.40505999,1.8927596,2.5867376,-0.96468008,0.26182097,0.029017435,0
-1.0614439,-0.89852571,4.4708872,0.047789894,0.065618493,0.99669957,0
1.604288,1.525106,-0.38856268,0.96468008,-0.26182097,-0.029017435,0
0.23417926,1.8629856,4.4521742,0.047789894,0.065618493,0.99669957,0
-1.1606207,-0.52873659,4.3643665,-0.96468008,0.26182097,0.029017435,0
1.3749752,2.5963833,-2.5465004,0.25905275,0.96288311,-0.075813249,0
-1.2981431,-2.9597898,-3.4611807,-0.25905275,-0.96288311,0.075813249,0
-0.61847305,2.5534289,-3.7858331,-0.96468008,0.26182097,0.029017435,0
1.6601119,2.8318708,2.0285251,0.96468008,-0.26182097,-0.029017435,0
0.22800994,0.28455842,-4.375587,-0.047789894,-0.065618493,-0.99669957,0
0.1204288,3.1069145,2.6953549,0.25905275,0.96288311,-0.075813249,0
-0.1982528,-0.79570138,4.718647,0.047789894,0.065618493,0.99669957,0
1.3309369,1.4435334,2.6938112,0.96468008,-0.26182097,-0.029017435,0
-0.77816868,-2.7961113,3.9611011,-0.25905275,-0.96288311,0.075813249,0
0.50268078,0.53539497,4.5549183,0.047789894,0.065618493,0.99669957,0
1.5465474,3.0544372,2.6266496,0.25905275,0.96288311,-0.075813249,0
0.63569081,0.41307479,-4.4712362,-0.047789894,-0.065618493,-0.99669957,0
-0.20075536,-2.8644381,0.4352226,-0.25905275,-0.96288311,0.075813249,0
-0.78956079,-0.082176924,4.4708552,0.047789894,0.065618493,0.99669957,0
0.073536634,-3.0142,3.5596714,-0.25905275,-0.96288311,0.075813249,0
0.61457372,2.0735388,-4.7465835,-0.047789894,-0.065618493,-0.99669957,0
1.2023252,0.50294197,-4.5138097,0.96468008,-0.26182097,-0.029017435,0
-0.077238083,2.9733124,-0.23480256,-0.96468008,0.26182097,0.029017435,0
-0.45945376,1.8127464,4.3767362,0.047789894,0.065618493,0.99669957,0
-0.55157447,2.7375619,-3.0444713,-0.96468008,0.26182097,0.029017435,0
1.94999,2.6724205,4.3502703,0.047789894,0.065618493,0.99669957,0
-0.29877996,2.3005035,-0.95104963,-0.96468008,0.26182097,0.029017435,0
1.0330977,2.8363042,-2.0904431,0.25905275,0.96288311,-0.075813249,0
-0.15075469,-2.7933121,3.5191703,-0.25905275,-0.96288311,0.075813249,0
0.4505769,2.4231384,4.2710276,0.047789894,0.065618493,0.99669957,0
-0.16667628,1.712728,-4.4366517,-0.047789894,-0.065618493,-0.99669957,0
-1.4774935,-2.5281482,3.0700226,-0.25905275,-0.96288311,0.075813249,0
0.23340523,-2.0387123,-2.4218876,0.96468008,-0.26182097,-0.029017435,0
0.86607766,2.898571,2.4622395,0.25905275,0.96288311,-0.075813249,0
-0.39511776,3.1172338,-1.7516026,0.25905275,0.96288311,-0.075813249,0
0.49042141,-1.673449,-3.1504087,0.96468008,-0.26182097,-0.029017435,0
0.19465616,0.27298254,4.3688946,0.047789894,0.065618493,0.99669957,0
0.8376255,2.946171,-1.2948635,0.25905275,0.96288311,-0.075813249,0
1.1454394,2.5641274,-4.5140586,0.25905275,0.96288311,-0.075813249,0
-1.6119728,-2.0934842,-3.1323712,-0.96468008,0.26182097,0.029017435,0
-0.41132212,-3.1608014,0.62012327,-0.25905275,-0.96288311,0.075813249,0
-0.99103045,-2.7299423,-4.338665,-0.047789894,-0.065618493,-0.99669957,0
-0.48002532,1.5537795,3.5413728,-0.96468008,0.26182097,0.029017435,0
-0.40737638,0.89015663,4.6575866,0.047789894,0.065618493,0.99669957,0
0.47786236,2.5626402,-3.8404274,0.25905275,0.96288311,-0.075813249,0
1.7635164,2.0806103,-0.97048265,0.96468008,-0.26182097,-0.029017435,0
-0.80802214,-0.84595728,-4.465951,-0.047789894,-0.065618493,-0.99669957,0
0.54126829,-1.7196511,-3.6918888,0.96468008,-0.26182097,-0.029017435,0
-0.68788648,0.37339711,-4.5110087,-0.047789894,-0.065618493,-0.99669957,0
-0.90199059,0.40866157,-4.6536875,-0.047789894,-0.065618493,-0.99669957,0
-1.5130969,-1.4169282,-4.5379705,-0.047789894,-0.065618493,-0.99669957,0
-0.0070210695,-0.56212658,4.6032844,0.047789894,0.065618493,0.99669957,0
1.4748569,2.3616185,-4.7036352,-0.047789894,-0.065618493,-0.99669957,0
0.19027209,2.8974597,-3.0002487,0.25905275,0.96288311,-0.075813249,0
-0.71604156,-1.7501577,4.4926662,0.047789894,0.065618493,0.99669957,0
-1.7296352,-2.8134806,-1.3210266,-0.25905275,-0.96288311,0.075813249,0
-0.41105199,2.3569353,4.086957,-0.96468008,0.26182097,0.029017435,0
0.33494949,-2.9672098,4.0035191,-0.25905275,-0.96288311,0.075813249,0
-1.4103442,-1.5990691,-4.2568784,-0.047789894,-0.065618493,-0.99669957,0
-1.5869391,-2.0552135,3.5271657,-0.96468008,0.26182097,0.029017435,0
1.2173669,0.0057489872,0.31075618,0.96468008,-0.26182097,-0.029017435,0
-1.6719009,-1.3119743,-3.6332912,-0.96468008,0.26182097,0.029017435,0
-0.71615362,-2.9641783,-2.3289945,-0.25905275,-0.96288311,0.075813249,0
0.20751989,1.8022906,4.2529392,0.047789894,0.065618493,0.99669957,0
-0.85224241,0.64385593,-2.2218347,-0.96468008,0.26182097,0.029017435,0
-0.73383272,1.8578528,-3.799984,-0.96468008,0.26182097,0.029017435,0
0.57859069,-1.2195047,-2.0453348,0.96468008,-0.26182097,-0.029017435,0
-1.2326477,-2.6354284,3.6998508,-0.25905275,-0.96288311,0.075813249,0
0.4167186,1.7175825,4.2863169,0.047789894,0.065618493,0.99669957,0
1.0791842,0.9307301,-4.603837,-0.047789894,-0.065618493,-0.99669957,0
-0.30013514,0.98573488,-4.4944081,-0.047789894,-0.065618493,-0.99669957,0
0.91085422,0.28415382,-4.4653554,0.96468008,-0.26182097,-0.029017435,0
0.17976439,-0.80563563,4.6596575,0.047789894,0.065618493,0.99669957,0
1.0640132,2.615139,-0.084413841,0.25905275,0.96288311,-0.075813249,0
0.86924028,-0.39142418,1.0834224,0.96468008,-0.26182097,-0.029017435,0
-0.39349863,0.060879469,-4.5802355,-0.047789894,-0.065618493,-0.99669957,0
-0.90230668,-0.58290613,3.9013877,-0.96468008,0.26182097,0.029017435,0
1.7179687,2.7766941,0.113217,0.25905275,0.96288311,-0.075813249,0
0.38769245,2.8678825,0.69177914,0.25905275,0.96288311,-0.075813249,0
-0.44647419,1.0813708,4.3874173,0.047789894,0.065618493,0.99669957,0
-0.90352583,0.0588907,3.6478546,-0.96468008,0.26182097,0.029017435,0
-1.5266581,-2.9137232,-3.2129524,-0.25905275,-0.96288311,0.075813249,0
-1.0467198,-1.2569396,4.4381475,-0.96468008,0.26182097,0.029017435,0
-1.1848636,-0.15965486,-3.8354678,-0.96468008,0.26182097,0.029017435,0
0.62880111,2.639328,-4.5882282,0.25905275,0.96288311,-0.075813249,0
0.13678503,-2.9021866,-2.7046111,0.96468008,-0.26182097,-0.029017435,0
-1.2493966,-2.323267,4.2596006,-0.25905275,-0.96288311,0.075813249,0
-1.1168208,0.72457522,-2.5465841,-0.96468008,0.26182097,0.029017435,0
0.15624684,-0.53875685,-4.5938282,-0.047789894,-0.065618493,-0.99669957,0
-0.0071525574,-2.198138,4.7101026,0.047789894,0.065618493,0.99669957,0
0.45737791,0.84281772,-4.7514124,-0.047789894,-0.065618493,-0.99669957,0
-0.68916869,-1.4918433,4.8096166,0.047789894,0.065618493,0.99669957,0
1.5107634,1.6025963,-0.29760209,0.96468008,-0.26182097,-0.029017435,0
0.48053718,3.4188032,4.0272284,0.25905275,0.96288311,-0.075813249,0
-0.26410687,2.2115743,0.83064163,-0.96468008,0.26182097,0.029017435,0
0.90810823,2.7329159,-4.2921953,0.25905275,0.96288311,-0.075813249,0
-1.2273043,-1.4167836,2.1803651,-0.96468008,0.26182097,0.029017435,0
0.0073809624,0.050152153,4.3464036,0.047789894,0.065618493,0.99669957,0
0.24915504,2.7041721,-2.5670135,0.25905275,0.96288311,-0.075813249,0
0.39520097,3.1631167,3.195138,0.25905275,0.96288311,-0.075813249,0
-1.6505334,-2.671138,-0.90850782,-0.25905275,-0.96288311,0.075813249,0
-0.90133131,-1.0239978,4.8022733,0.047789894,0.065618493,0.99669957,0
-0.81694055,1.1276921,-1.0274774,-0.96468008,0.26182097,0.029017435,0
-0.92069483,0.16916803,-4.5982957,-0.047789894,-0.065618493,-0.99669957,0
-0.65393937,-1.1204474,-4.5253873,-0.047789894,-0.065618493,-0.99669957,0
-1.2607018,-1.3417158,-1.1774282,-0.96468008,0.26182097,0.029017435,0
-1.5938573,-1.6226972,1.7073559,-0.96468008,0.26182097,0.029017435,0
-0.075581312,-2.7051358,3.3411341,-0.25905275,-0.96288311,0.075813249,0
1.7937844,2.6786671,2.2422373,0.96468008,-0.26182097,-0.029017435,0
1.5448704,2.7711253,2.8399336,0.25905275,0.96288311,-0.075813249,0
0.89648414,-1.1219466,2.0556164,0.96468008,-0.26182097,-0.029017435,0
-1.3842902,-1.7377182,2.9672723,-0.96468008,0.26182097,0.029017435,0
-1.5255764,-2.4574151,1.0537853,-0.25905275,-0.96288311,0.075813249,0
0.79068327,-1.3374023,-1.0207698,0.96468008,-0.26182097,-0.029017435,0
-0.63222933,0.92125624,1.6849748,-0.96468008,0.26182097,0.029017435,0
-0.0044248104,2.8946235,-2.3923995,0.25905275,0.96288311,-0.075813249,0
1.6811616,2.3096557,-3.9410503,0.96468008,-0.26182097,-0.029017435,0
-0.24257255,2.3712814,1.416537,-0.96468008,0.26182097,0.029017435,0
-0.16836512,2.4767084,2.5485101,-0.96468008,0.26182097,0.029017435,0
0.32100594,-2.256465,-2.1721911,0.96468008,-0.26182097,-0.029017435,0
0.22885537,-2.665729,-3.1849356,0.96468008,-0.26182097,-0.029017435,0
1.1142268,3.1756709,3.201405,0.25905275,0.96288311,-0.075813249,0
-1.4162743,-2.8395767,0.78568113,-0.25905275,-0.96288311,0.075813249,0
-1.4841239,-2.9353089,-2.1393013,-0.25905275,-0.96288311,0.075813249,0
0.13924718,2.7498088,-3.0821424,0.25905275,0.96288311,-0.075813249,0
0.4400928,3.0757494,1.4140146,0.25905275,0.96288311,-0.075813249,0
-0.58514404,-2.8538406,2.9057727,-0.25905275,-0.96288311,0.075813249,0
-0.15249372,-3.1111684,-0.30676454,-0.25905275,-0.96288311,0.075813249,0
0.81752509,-0.97545135,-3.0017204,0.96468008,-0.26182097,-0.029017435,0
-0.17648578,-3.0456057,1.955874,-0.25905275,-0.96288311,0.075813249,0
0.58841205,-0.074222431,4.513957,0.047789894,0.065618493,0.99669957,0
0.016280651,2.8344755,-3.4753699,0.25905275,0.96288311,-0.075813249,0
-0.5106945,-0.83639157,4.4365587,0.047789894,0.065618493,0.99669957,0
-0.59866548,-3.0003116,0.68561041,-0.25905275,-0.96288311,0.075813249,0
1.0969023,0.071456075,-2.4563606,0.96468008,-0.26182097,-0.029017435,0
0.77361345,0.44751963,4.5395923,0.047789894,0.065618493,0.99669957,0
-0.37718391,-2.8040934,4.0509319,-0.25905275,-0.96288311,0.075813249,0
1.0472097,2.8756304,4.2473097,0.047789894,0.065618493,0.99669957,0
-1.6812173,-1.8177222,-4.2136002,-0.96468008,0.26182097,0.029017435,0
-1.4640589,-3.0159206,-2.3841634,-0.25905275,-0.96288311,0.075813249,0
0.86261952,-0.0065233707,0.030691564,0.96468008,-0.26182097,-0.029017435,0
-1.3483298,-2.1023796,-4.3575277,-0.047789894,-0.065618493,-0.99669957,0
-1.8086917,-2.0537114,-1.5481907,-0.96468008,0.26182097,0.029017435,0
0.57292914,-2.2028928,0.60602689,0.96468008,-0.26182097,-0.029017435,0
-0.52261162,1.4968181,-4.4459696,-0.047789894,-0.065618493,-0.99669957,0
0.1485638,1.4347537,4.4030704,0.047789894,0.065618493,0.99669957,0
0.53892231,3.0651941,1.0293744,0.25905275,0.96288311,-0.075813249,0
0.20416975,3.0714283,4.2268,0.047789894,0.065618493,0.99669957,0
-0.87831753,1.0512354,-0.40340292,-0.96468008,0.26182097,0.029017435,0
0.65244776,-1.2819223,-4.3370681,0.96468008,-0.26182097,-0.029017435,0
0.078214884,-2.469955,4.8185692,0.047789894,0.065618493,0.99669957,0
0.14659595,2.9845321,-2.7691803,0.25905275,0.96288311,-0.075813249,0
0.39602327,0.18216872,-4.4429173,-0.047789894,-0.065618493,-0.99669957,0
0.80775046,2.97947,-0.96966183,0.25905275,0.96288311,-0.075813249,0
-0.3339231,-3.4821706,-4.0106268,-0.25905275,-0.96288311,0.075813249,0
1.0384784,3.2031257,2.31652,0.25905275,0.96288311,-0.075813249,0
0.51262027,-0.52736646,4.5321445,0.047789894,0.065618493,0.99669957,0
-0.28498721,2.8563204,-3.5621917,0.25905275,0.96288311,-0.075813249,0
1.11935,0.36463451,-0.37933826,0.96468008,-0.26182097,-0.029017435,0
-0.40362424,1.0534121,4.4097948,0.047789894,0.065618493,0.99669957,0
0.1997993,3.4484062,3.7824264,0.25905275,0.96288311,-0.075813249,0
-0.4456563,1.633934,1.2891335,-0.96468008,0.26182097,0.029017435,0
1.0660896,3.2503104,3.6945767,0.25905275,0.96288311,-0.075813249,0
0.1902349,-3.0559881,2.4653914,-0.25905275,-0.96288311,0.075813249,0
-0.4120501,1.3954806,3.3080957,-0.96468008,0.26182097,0.029017435,0
0.98009777,2.0023606,4.3730936,0.047789894,0.065618493,0.99669957,0
0.64542401,2.3682554,4.1692982,0.047789894,0.065618493,0.99669957,0
1.1049762,2.845283,0.37863398,0.25905275,0.96288311,-0.075813249,0
-0.33618486,-0.8694948,4.7317924,0.047789894,0.065618493,0.99669957,0
-0.85274887,-2.9099152,-4.3327942,-0.047789894,-0.065618493,-0.99669957,0
-1.2928673,-0.2345528,-2.9166844,-0.96468008,0.26182097,0.029017435,0
-1.0673686,-0.86545998,0.1463922,-0.96468008,0.26182097,0.029017435,0
-1.2717714,0.20830756,-2.9961123,-0.96468008,0.26182097,0.029017435,0
1.0858514,0.93226051,4.4076853,0.047789894,0.065618493,0.99669957,0
-0.39632607,-2.9234312,0.64143729,-0.25905275,-0.96288311,0.075813249,0
-0.36843821,-0.81427079,-4.328135,-0.047789894,-0.065618493,-0.99669957,0
-0.38462871,1.4031677,4.2666154,0.047789894,0.065618493,0.99669957,0
0.18058193,-0.83906305,4.6017194,0.047789894,0.065618493,0.99669957,0
1.052461,-0.093861222,-2.2729321,0.96468008,-0.26182097,-0.029017435,0
-0.674348,1.9273374,-4.1306057,-0.96468008,0.26182097,0.029017435,0
0.03252095,-1.2887161,-4.6288977,-0.047789894,-0.065618493,-0.99669957,0
-1.1652217,-2.8329406,1.6842272,-0.25905275,-0.96288311,0.075813249,0
-1.3235766,-0.60618079,-1.0651795,-0.96468008,0.26182097,0.029017435,0
-0.39035118,2.46385,1.3310232,-0.96468008,0.26182097,0.029017435,0
-1.0296447,-3.1877692,-1.8555279,-0.25905275,-0.96288311,0.075813249,0
0.92974567,2.3517134,-4.3334394,0.25905275,0.96288311,-0.075813249,0
-0.01403594,2.7330027,2.5141628,-0.96468008,0.26182097,0.029017435,0
0.6841799,-2.1879916,2.1565976,0.96468008,-0.26182097,-0.029017435,0
-1.0511231,-1.0111213,3.0681283,-0.96468008,0.26182097,0.029017435,0
1.0270437,2.36409,4.3045292,0.047789894,0.065618493,0.99669957,0
0.24666274,-2.2293987,-3.1325274,0.96468008,-0.26182097,-0.029017435,0
-0.96250224,-2.4532986,3.6981616,-0.25905275,-0.96288311,0.075813249,0
-1.957912,-2.6374612,-3.7718782,-0.96468008,0.26182097,0.029017435,0
1.0276442,2.6959879,-2.6918974,0.25905275,0.96288311,-0.075813249,0
-1.5373693,-3.0623732,-4.0794601,-0.25905275,-0.96288311,0.075813249,0
0.15092778,2.5423472,-4.1740637,0.25905275,0.96288311,-0.075813249,0
-0.35365176,-2.6874652,2.3236201,-0.25905275,-0.96288311,0.075813249,0
1.0486627,3.1811228,3.0496283,0.25905275,0.96288311,-0.075813249,0
0.58016992,-1.3029404,4.5670123,0.047789894,0.065618493,0.99669957,0
1.1388767,2.7205644,0.94264531,0.25905275,0.96288311,-0.075813249,0
0.15139699,-2.8604681,2.5104749,0.96468008,-0.26182097,-0.029017435,0
-1.7176294,-2.7797899,-3.1766021,-0.96468008,0.26182097,0.029017435,0
-0.92780608,0.9536947,-3.5098362,-0.96468008,0.26182097,0.029017435,0
-0.0026080608,3.4065981,2.0241425,0.25905275,0.96288311,-0.075813249,0
0.063431263,3.1800978,-1.2377212,0.25905275,0.96288311,-0.075813249,0
-1.3141432,-2.8063352,1.0773847,-0.25905275,-0.96288311,0.075813249,0
0.99766409,1.3197995,4.4182096,0.047789894,0.065618493,0.99669957,0
-0.65261489,1.5302193,-2.4696136,-0.96468008,0.26182097,0.029017435,0
-0.69259644,1.1370798,2.1662724,-0.96468008,0.26182097,0.029017435,0
1.602656,1.3950456,4.0313239,0.96468008,-0.26182097,-0.029017435,0
-1.6418874,-1.9458543,0.49285305,-0.96468008,0.26182097,0.029017435,0
1.6227324,2.5069735,-0.36053789,0.25905275,0.96288311,-0.075813249,0
1.5522847,2.5132322,-4.3736849,0.96468008,-0.26182097,-0.029017435,0
-1.49301,-0.74325371,-2.0388763,-0.96468008,0.26182097,0.029017435,0
-1.3271265,-2.9793723,-0.72779644,-0.25905275,-0.96288311,0.075813249,0
-1.4351506,-2.7953596,-2.8590188,-0.25905275,-0.96288311,0.075813249,0
0.12648058,0.70238495,4.2794147,0.047789894,0.065618493,0.99669957,0
-1.1963506,-0.076894641,-4.1341586,-0.96468008,0.26182097,0.029017435,0
-1.5541115,-2.091136,3.1168094,-0.96468008,0.26182097,0.029017435,0
-0.72749066,-0.009172529,-4.5830255,-0.047789894,-0.065618493,-0.99669957,0
1.2260239,3.202229,4.3059273,0.047789894,0.065618493,0.99669957,0
-0.6208334,-3.0950868,-1.9644241,-0.25905275,-0.96288311,0.075813249,0
0.40238667,3.0180454,-0.3955406,0.25905275,0.96288311,-0.075813249,0
1.348244,2.0167236,-4.758389,-0.047789894,-0.065618493,-0.99669957,0
-0.57490969,-2.490263,3.914804,-0.25905275,-0.96288311,0.075813249,0
0.83851069,-0.3009662,0.30603161,0.96468008,-0.26182097,-0.029017435,0
0.68429196,-1.392194,-4.3459511,-0.047789894,-0.065618493,-0.99669957,0
-1.3818166,-0.11778027,-4.0885787,-0.96468008,0.26182097,0.029017435,0
0.29451895,3.3203785,1.4675063,0.25905275,0.96288311,-0.075813249,0
-0.51609993,-3.1278799,-0.34189957,-0.25905275,-0.96288311,0.075813249,0
1.1727858,2.9051304,2.4787774,0.25905275,0.96288311,-0.075813249,0
0.94833684,2.8321323,-1.433898,0.25905275,0.96288311,-0.075813249,0
1.4270236,2.8596394,1.6040785,0.25905275,0.96288311,-0.075813249,0
1.178838,2.8183308,2.8685997,0.25905275,0.96288311,-0.075813249,0
-0.30718398,-3.0492022,-0.100629,-0.25905275,-0.96288311,0.075813249,0
1.3266553,1.5937686,1.1768997,0.96468008,-0.26182097,-0.029017435,0
1.4218096,1.270879,1.6427879,0.96468008,-0.26182097,-0.029017435,0
1.6481919,2.5432394,0.98826623,0.25905275,0.96288311,-0.075813249,0
-0.63209808,1.4283646,-4.5484266,-0.047789894,-0.065618493,-0.99669957,0
1.2564397,2.8243794,-0.99410772,0.25905275,0.96288311,-0.075813249,0
0.3381933,-2.7313781,-2.1527703,0.96468008,-0.26182097,-0.029017435,0
-0.70585084,-0.0052336454,4.5790691,0.047789894,0.065618493,0.99669957,0
-0.35438573,2.0250204,0.35564137,-0.96468008,0.26182097,0.029017435,0
-1.0026724,0.48358405,2.2287469,-0.96468008,0.26182097,0.029017435,0
-1.0704696,-3.1174705,-1.5265045,-0.25905275,-0.96288311,0.075813249,0
-0.092865467,-2.2624266,4.6444192,0.047789894,0.065618493,0.99669957,0
1.5406482,2.8828597,4.1947069,0.047789894,0.065618493,0.99669957,0
-1.3320396,-3.0408959,-2.7089391,-0.25905275,-0.96288311,0.075813249,0
1.5101969,2.4222572,-0.39773312,0.96468008,-0.26182097,-0.029017435,0
-0.30568457,-3.1935854,-3.978982,-0.25905275,-0.96288311,0.075813249,0
0.39048839,2.7506039,-1.3196326,0.25905275,0.96288311,-0.075813249,0
0.25940448,-1.4542843,-4.6227255,-0.047789894,-0.065618493,-0.99669957,0
-1.1707172,-0.5249756,-2.4331877,-0.96468008,0.26182097,0.029017435,0
-1.4151237,-2.3145535,4.6236396,0.047789894,0.065618493,0.99669957,0
1.3443139,3.2902567,4.1908102,0.25905275,0.96288311,-0.075813249,0
1.4302227,2.3701205,-2.6327827,0.96468008,-0.26182097,-0.029017435,0
0.40870345,0.4445141,-4.6226206,-0.047789894,-0.065618493,-0.99669957,0
1.7711124,2.8398829,1.675216,0.25905275,0.96288311,-0.075813249,0
-0.73610926,1.785292,-0.67452729,-0.96468008,0.26182097,0.029017435,0
-1.3121991,-2.1631765,4.796803,0.047789894,0.065618493,0.99669957,0
0.083445191,-0.66040826,4.6524191,0.047789894,0.065618493,0.99669957,0
1.0133817,2.7334077,-1.1537707,0.25905275,0.96288311,-0.075813249,0
-0.35816717,-0.22283167,4.4343724,0.047789894,0.065618493,0.99669957,0
1.3392873,1.5188074,-4.856389,-0.047789894,-0.065618493,-0.99669957,0
-0.37045836,2.6289086,-4.801754,-0.047789894,-0.065618493,-0.99669957,0
0.34393036,-2.376771,0.42796832,0.96468008,-0.26182097,-0.029017435,0
0.038604975,-3.2490194,-3.5366802,0.96468008,-0.26182097,-0.029017435,0
0.45537758,2.9138947,-0.6024161,0.25905275,0.96288311,-0.075813249,0
-0.17845559,1.3106061,-4.710465,-0.047789894,-0.065618493,-0.99669957,0
-0.030796289,-3.0255466,-2.5495653,0.96468008,-0.26182097,-0.029017435,0
-0.52404678,2.2748673,-0.11842961,-0.96468008,0.26182097,0.029017435,0
0.90872854,-0.60995018,4.4462719,0.047789894,0.065618493,0.99669957,0
0.23438215,-2.9863033,1.2607236,0.96468008,-0.26182097,-0.029017435,0
0.2322855,-2.9228153,-2.69099,0.96468008,-0.26182097,-0.029017435,0
0.26168156,3.1082149,-1.5953146,0.25905275,0.96288311,-0.075813249,0
-1.7218609,-2.6614323,-1.6507623,-0.25905275,-0.96288311,0.075813249,0
1.2129376,0.25403005,4.6065254,0.047789894,0.065618493,0.99669957,0
1.5689062,2.0987287,4.2406754,0.047789894,0.065618493,0.99669957,0
-0.65865207,-3.16552,-0.6439817,-0.25905275,-0.96288311,0.075813249,0
-0.098683357,2.9291523,-0.97651148,-0.96468008,0.26182097,0.029017435,0
-0.32726812,-1.3102565,4.4401898,0.047789894,0.065618493,0.99669957,0
-0.79798865,1.357841,0.71165937,-0.96468008,0.26182097,0.029017435,0
-0.40806556,2.8462329,-3.6296716,-0.96468008,0.26182097,0.029017435,0
-0.56056964,-0.69234258,4.5825377,0.047789894,0.065618493,0.99669957,0
0.078400612,1.1530524,-4.6486893,-0.047789894,-0.065618493,-0.99669957,0
1.0685358,2.7208896,0.58791804,0.25905275,0.96288311,-0.075813249,0
0.0045707226,3.0295782,-2.5832143,0.25905275,0.96288311,-0.075813249,0
-0.65646291,-2.3036218,4.8013358,0.047789894,0.065618493,0.99669957,0
-1.8940158,-3.086596,-3.7117996,-0.25905275,-0.96288311,0.075813249,0
0.46456039,-1.5926843,-2.4246349,0.96468008,-0.26182097,-0.029017435,0
1.4740191,2.3657265,-0.63724566,0.96468008,-0.26182097,-0.029017435,0
0.31766319,-1.2282538,4.3891506,0.047789894,0.065618493,0.99669957,0
0.022331238,-2.9461713,-3.3484194,0.96468008,-0.26182097,-0.029017435,0
-0.18537593,3.3758631,4.1736274,-0.96468008,0.26182097,0.029017435,0
1.1349022,3.2145441,2.7150025,0.25905275,0.96288311,-0.075813249,0
0.17901564,2.6830835,4.1923866,0.047789894,0.065618493,0.99669957,0
-1.1745887,-2.8018565,-0.68464589,-0.25905275,-0.96288311,0.075813249,0
0.059772491,-0.75293761,4.6518669,0.047789894,0.065618493,0.99669957,0
-0.5200069,-2.91011,-4.1944065,-0.047789894,-0.065618493,-0.99669957,0
-0.24998164,2.8975587,-1.5165441,0.25905275,0.96288311,-0.075813249,0
1.3529493,1.5641843,4.4064927,0.047789894,0.065618493,0.99669957,0
-0.87609822,1.1952262,-4.6791039,-0.047789894,-0.065618493,-0.99669957,0
1.0108178,3.050122,4.1815228,0.047789894,0.065618493,0.99669957,0
0.29809976,2.8389587,-1.543125,0.25905275,0.96288311,-0.075813249,0
-1.1534439,-0.64126837,3.0767233,-0.96468008,0.26182097,0.029017435,0
-0.79442787,1.3854243,1.241418,-0.96468008,0.26182097,0.029017435,0
1.1176541,0.45390689,-2.5232382,0.96468008,-0.26182097,-0.029017435,0
0.22023225,-3.193295,-0.0083135664,-0.25905275,-0.96288311,0.075813249,0
-0.13479543,-0.88835078,-4.4009118,-0.047789894,-0.065618493,-0.99669957,0
-0.037619829,-2.7409766,4.0632591,-0.25905275,-0.96288311,0.075813249,0
0.86971337,-0.39446521,-4.2290659,0.96468008,-0.26182097,-0.029017435,0
0.53941834,-0.12306684,4.4377675,0.047789894,0.065618493,0.99669957,0
-1.0008198,-1.9375796,-4.4824762,-0.047789894,-0.065618493,-0.99669957,0
0.57987118,3.0642872,0.40665972,0.25905275,0.96288311,-0.075813249,0
-1.363186,-1.4477334,-2.9040179,-0.96468008,0.26182097,0.029017435,0
0.8986001,-0.7092604,4.5686812,0.047789894,0.065618493,0.99669957,0
-1.7951844,-2.924304,-3.9234686,-0.25905275,-0.96288311,0.075813249,0
-0.42234766,-0.36716679,-4.6483254,-0.047789894,-0.065618493,-0.99669957,0
-0.98644507,0.66486347,-0.41460058,-0.96468008,0.26182097,0.029017435,0
-0.81699991,-3.159797,-2.9369664,-0.25905275,-0.96288311,0.075813249,0
0.87497741,-1.2244337,-0.73842561,0.96468008,-0.26182097,-0.029017435,0
0.94026423,2.4958684,-4.4719319,0.25905275,0.96288311,-0.075813249,0
-0.17763901,-1.7975693,4.4573617,0.047789894,0.065618493,0.99669957,0
1.4201363,1.1105353,0.71458602,0.96468008,-0.26182097,-0.029017435,0
1.4179533,2.6522677,-2.1329999,0.25905275,0.96288311,-0.075813249,0
-0.83360684,-2.4155259,-4.3749199,-0.047789894,-0.065618493,-0.99669957,0
-0.70090401,-0.45355737,4.5249095,0.047789894,0.065618493,0.99669957,0
1.0006342,2.9881508,0.26589477,0.25905275,0.96288311,-0.075813249,0
1.6257408,2.0309961,0.91480577,0.96468008,-0.26182097,-0.029017435,0
-1.3957665,-2.6669745,-4.2693214,-0.047789894,-0.065618493,-0.99669957,0
1.1735197,0.099069118,1.4553347,0.96468008,-0.26182097,-0.029017435,0
1.0986003,0.47571445,-4.4729943,-0.047789894,-0.065618493,-0.99669957,0
0.26427627,2.2062256,-4.851624,-0.047789894,-0.065618493,-0.99669957,0
-0.24789476,-2.570019,4.1858568,-0.25905275,-0.96288311,0.075813249,0
-0.58249772,-2.2309899,-4.4180861,-0.047789894,-0.065618493,-0.99669957,0
-1.1566553,-2.5601118,3.132107,-0.25905275,-0.96288311,0.075813249,0
0.90874863,2.4619889,-3.0222099,0.25905275,0.96288311,-0.075813249,0
-0.33703709,-2.842797,3.5556219,-0.25905275,-0.96288311,0.075813249,0
0.31179315,-1.7780993,-3.1308951,0.96468008,-0.26182097,-0.029017435,0
-1.3724148,-1.2121968,-1.7002938,-0.96468008,0.26182097,0.029017435,0
0.9419589,-0.81740552,-1.7391298,0.96468008,-0.26182097,-0.029017435,0
-1.4373448,-2.307647,4.5709491,0.047789894,0.065618493,0.99669957,0
0.094861746,-2.4352839,4.8288321,0.047789894,0.065618493,0.99669957,0
