3.1806023,1.8489769,2.9425404,0.70490146,0.68018281,0.20116019,0
0.25409889,1.9625634,-0.16007376,-0.70719761,0.69579828,0.12544516,0
-2.3759546,-3.1151705,-0.086206436,-0.70490146,-0.68018281,-0.20116019,0
-1.7298536,-0.97504908,2.0899954,-0.054641128,-0.23068643,0.97149277,0
0.13293925,1.6166682,-0.43425763,-0.70719761,0.69579828,0.12544516,0
2.2869127,3.4409943,0.54848576,0.70490146,0.68018281,0.20116019,0
-2.10883,-3.2074189,-0.68902159,-0.70490146,-0.68018281,-0.20116019,0
-2.9898696,-2.2178457,-1.4583266,-0.70490146,-0.68018281,-0.20116019,0
-2.8796778,-2.3997607,-2.0420091,-0.70490146,-0.68018281,-0.20116019,0
1.2918243,-0.4576329,2.5828159,-0.054641128,-0.23068643,0.97149277,0
0.96310735,-0.38162446,-0.42692256,0.70719761,-0.69579828,-0.12544516,0
1.4870257,1.5041789,-2.2737939,0.054641128,0.23068643,-0.97149277,0
1.6750032,-0.25009453,1.4775987,0.70719761,-0.69579828,-0.12544516,0
0.90760291,1.1830473,-2.4078894,0.054641128,0.23068643,-0.97149277,0
-2.2948837,-3.7901137,1.0950093,-0.70490146,-0.68018281,-0.20116019,0
3.5766144,2.4334147,-1.2434094,0.70719761,-0.69579828,-0.12544516,0
-3.3150644,-2.3603499,-0.14408064,-0.70490146,-0.68018281,-0.20116019,0
-1.483707,0.22824204,-2.5671279,0.054641128,0.23068643,-0.97149277,0
-2.9756682,-2.052418,-2.1222191,-0.70490146,-0.68018281,-0.20116019,0
2.3866115,2.6588337,1.940531,0.70490146,0.68018281,0.20116019,0
-1.9238968,-0.91072452,2.1450813,-0.054641128,-0.23068643,0.97149277,0
-0.74048913,-1.0525119,2.2931788,-0.054641128,-0.23068643,0.97149277,0
-1.4952347,-2.3681152,-2.5710828,0.70719761,-0.69579828,-0.12544516,0
2.057857,3.0416014,1.9566936,0.70490146,0.68018281,0.20116019,0
-3.6390412,-2.5115044,1.918257,-0.70490146,-0.68018281,-0.20116019,0
0.93149984,2.413583,-1.9852588,0.054641128,0.23068643,-0.97149277,0
3.3027177,1.4719622,2.82266,0.70490146,0.68018281,0.20116019,0
-1.6939106,-0.069619298,0.36889756,-0.70719761,0.69579828,0.12544516,0
1.0649328,1.3738784,3.0308197,-0.054641128,-0.23068643,0.97149277,0
-2.6589265,-1.3187068,0.51537704,-0.70719761,0.69579828,0.12544516,0
1.7399896,2.4166696,-1.9127818,0.054641128,0.23068643,-0.97149277,0
1.5083748,3.2173517,0.078948975,-0.70719761,0.69579828,0.12544516,0
1.9974391,2.345386,3.2638798,-0.054641128,-0.23068643,0.97149277,0
1.4133375,0.33744192,2.7116284,-0.054641128,-0.23068643,0.97149277,0
2.2370701,1.4538321,-1.9643737,0.70719761,-0.69579828,-0.12544516,0
-3.0391643,-3.0311055,1.6326444,-0.054641128,-0.23068643,0.97149277,0
-2.5068457,-2.44368,-3.0366039,-0.70490146,-0.68018281,-0.20116019,0
3.3997712,2.7957945,-0.75793934,0.70490146,0.68018281,0.20116019,0
-0.85944748,-1.9005948,-1.2434988,0.70719761,-0.69579828,-0.12544516,0
-0.86091971,-0.74284762,-2.9397874,0.054641128,0.23068643,-0.97149277,0
2.2636566,3.1767888,-1.6761365,0.054641128,0.23068643,-0.97149277,0
3.1111889,2.2905858,0.6020987,0.70490146,0.68018281,0.20116019,0
3.0523057,2.3411887,0.46030998,0.70490146,0.68018281,0.20116019,0
2.7122629,2.6330872,1.0600851,0.70490146,0.68018281,0.20116019,0
0.77054501,2.3307405,-1.1972374,-0.70719761,0.69579828,0.12544516,0
1.6724049,-0.13412762,1.7478393,0.70719761,-0.69579828,-0.12544516,0
-0.21915483,-1.3010811,-2.7387071,0.054641128,0.23068643,-0.97149277,0
0.19344091,0.96430802,-2.3666558,0.054641128,0.23068643,-0.97149277,0
-2.9799175,-2.1662416,2.0880995,-0.054641128,-0.23068643,0.97149277,0
3.4490654,1.5695213,2.1883678,0.70490146,0.68018281,0.20116019,0
-2.1362956,-0.82846427,-2.8725767,0.054641128,0.23068643,-0.97149277,0
-2.86814,-2.0186296,-2.6319382,-0.70490146,-0.68018281,-0.20116019,0
3.2393882,3.0860131,-1.5436325,0.70490146,0.68018281,0.20116019,0
2.3851099,2.3002467,3.2753875,0.70490146,0.68018281,0.20116019,0
-1.8252931,-3.0768301,-2.1600258,0.70719761,-0.69579828,-0.12544516,0
-2.0037222,-2.8601663,-3.0235953,0.70719761,-0.69579828,-0.12544516,0
-3.0043082,-3.217881,1.4913278,-0.70490146,-0.68018281,-0.20116019,0
0.14103985,-0.35853922,2.4895499,-0.054641128,-0.23068643,0.97149277,0
1.8472351,3.0806053,1.5612803,-0.70719761,0.69579828,0.12544516,0
3.4223158,2.1939347,0.077127695,0.70490146,0.68018281,0.20116019,0
3.0409942,2.8254685,0.66047049,0.70490146,0.68018281,0.20116019,0
3.4085641,1.5443708,1.7850888,0.70719761,-0.69579828,-0.12544516,0
3.4825056,2.4664812,-0.057173967,0.70490146,0.68018281,0.20116019,0
-2.7798223,-2.2893014,-3.3832657,-0.70490146,-0.68018281,-0.20116019,0
2.8482659,2.4953151,1.8555713,0.70490146,0.68018281,0.20116019,0
-1.3340257,-3.1887112,1.8467758,-0.054641128,-0.23068643,0.97149277,0
-3.3933196,-3.0470676,1.3712687,-0.70490146,-0.68018281,-0.20116019,0
-1.5622745,-0.10936046,1.0370146,-0.70719761,0.69579828,0.12544516,0
3.2589059,2.6547818,-1.5050347,0.70490146,0.68018281,0.20116019,0
1.9350762,0.1842972,2.5416112,-0.054641128,-0.23068643,0.97149277,0
0.50730026,0.9751991,-2.1367855,0.054641128,0.23068643,-0.97149277,0
-3.0560484,-1.7215896,-2.6736791,-0.70490146,-0.68018281,-0.20116019,0
0.7815547,-0.64687479,2.3403358,-0.054641128,-0.23068643,0.97149277,0
2.8133864,2.4437411,2.0355246,0.70490146,0.68018281,0.20116019,0
0.75950837,1.425735,2.8971949,-0.70719761,0.69579828,0.12544516,0
2.7833791,2.5013371,2.2758029,0.70490146,0.68018281,0.20116019,0
-3.3383832,-2.3504086,0.094221592,-0.70490146,-0.68018281,-0.20116019,0
1.0358679,2.5596485,-0.44212055,-0.70719761,0.69579828,0.12544516,0
-1.8345962,-3.46246,1.255954,0.70719761,-0.69579828,-0.12544516,0
0.30215156,-0.80614072,-1.0076046,0.70719761,-0.69579828,-0.12544516,0
-1.2406938,-0.26247895,-2.7887583,0.054641128,0.23068643,-0.97149277,0
0.16191542,1.5259118,1.1541942,-0.70719761,0.69579828,0.12544516,0
0.55095088,-1.1643525,0.70213795,0.70719761,-0.69579828,-0.12544516,0
2.146683,0.97227055,3.0765569,-0.054641128,-0.23068643,0.97149277,0
2.0563509,0.39679623,2.3177876,0.70719761,-0.69579828,-0.12544516,0
-2.5923326,-3.081569,-0.39090014,-0.70490146,-0.68018281,-0.20116019,0
3.2079513,1.8597158,3.0295284,0.70490146,0.68018281,0.20116019,0
2.9395232,2.5497742,1.4559824,0.70490146,0.68018281,0.20116019,0
3.2744293,1.5862134,2.3768651,0.70719761,-0.69579828,-0.12544516,0
2.6911602,3.4251599,-1.3596992,0.70490146,0.68018281,0.20116019,0
2.1181831,2.9131811,3.3488288,0.70490146,0.68018281,0.20116019,0
-3.2654681,-2.7364528,1.470624,-0.70490146,-0.68018281,-0.20116019,0
2.9606974,2.5779829,0.7915802,0.70490146,0.68018281,0.20116019,0
-0.17325902,-1.0172768,-2.9235272,0.054641128,0.23068643,-0.97149277,0
-2.2380953,-1.4528757,-3.014262,0.054641128,0.23068643,-0.97149277,0
1.6941733,2.6276274,-1.6755015,0.054641128,0.23068643,-0.97149277,0
3.1090307,2.562248,0.22870874,0.70490146,0.68018281,0.20116019,0
1.8444571,2.851125,1.2868857,-0.70719761,0.69579828,0.12544516,0
-2.0519793,-0.44161069,-0.67091298,-0.70719761,0.69579828,0.12544516,0
-0.19793916,0.38608396,-2.3133833,0.054641128,0.23068643,-0.97149277,0
0.22161138,1.6652808,-1.345383,-0.70719761,0.69579828,0.12544516,0
-1.8501261,-0.70289958,1.6184956,-0.70719761,0.69579828,0.12544516,0
-0.12947631,-1.5293444,2.2632985,-0.054641128,-0.23068643,0.97149277,0
2.3407466,1.5215198,2.9160841,-0.054641128,-0.23068643,0.97149277,0
-2.1425731,-2.8455968,-3.0146918,-0.70490146,-0.68018281,-0.20116019,0
-0.64362001,0.42381489,1.7606512,-0.70719761,0.69579828,0.12544516,0
0.095357895,0.29336178,-2.6679063,0.054641128,0.23068643,-0.97149277,0
-2.4470866,-3.032728,-1.8524971,-0.70490146,-0.68018281,-0.20116019,0
2.6005685,2.5501723,2.6760595,0.70490146,0.68018281,0.20116019,0
1.5735281,3.1153417,-1.741469,0.054641128,0.23068643,-0.97149277,0
0.47414088,0.30747369,2.6304984,-0.054641128,-0.23068643,0.97149277,0
-0.95044613,0.59071803,-1.1366634,-0.70719761,0.69579828,0.12544516,0
0.11369598,-1.0119088,-1.2533685,0.70719761,-0.69579828,-0.12544516,0
3.1961815,2.1890235,0.69189954,0.70490146,0.68018281,0.20116019,0
-2.6143425,-1.4851205,0.30962825,-0.70719761,0.69579828,0.12544516,0
-1.3264613,-2.2156911,-3.2206249,0.054641128,0.23068643,-0.97149277,0
-3.4934216,-2.1419585,-0.99751663,-0.70490146,-0.68018281,-0.20116019,0
2.8755374,2.5784919,0.36721849,0.70490146,0.68018281,0.20116019,0
-2.8780828,-2.8902106,0.86386752,-0.70490146,-0.68018281,-0.20116019,0
0.78083634,-0.5223527,2.4283319,-0.054641128,-0.23068643,0.97149277,0
2.4463792,2.5396113,2.0002556,0.70490146,0.68018281,0.20116019,0
0.92826074,-0.53590703,0.21128744,0.70719761,-0.69579828,-0.12544516,0
2.8020031,1.5801344,0.36794901,0.70719761,-0.69579828,-0.12544516,0
0.53084433,1.7961456,1.5470095,-0.70719761,0.69579828,0.12544516,0
1.5646579,2.4106989,2.4791141,-0.70719761,0.69579828,0.12544516,0
1.1363559,0.37336266,-2.0439754,0.70719761,-0.69579828,-0.12544516,0
-1.4797244,-0.650051,-2.8088992,0.054641128,0.23068643,-0.97149277,0
-2.3800871,-0.90123075,-0.18182039,-0.70719761,0.69579828,0.12544516,0
0.96808386,2.1406808,2.0742753,-0.70719761,0.69579828,0.12544516,0
2.9540324,2.6934319,0.54070854,0.70490146,0.68018281,0.20116019,0
2.4890575,2.431047,3.149924,0.70490146,0.68018281,0.20116019,0
3.2048481,1.7458599,1.8816128,0.70490146,0.68018281,0.20116019,0
2.8424768,2.9388142,-0.70262337,0.70490146,0.68018281,0.20116019,0
2.1368034,2.1983876,3.1700099,-0.054641128,-0.23068643,0.97149277,0
-2.3402514,-2.645313,1.7038463,-0.054641128,-0.23068643,0.97149277,0
2.185864,1.899457,3.1045883,-0.054641128,-0.23068643,0.97149277,0
-0.95436144,0.75887775,-0.19870922,-0.70719761,0.69579828,0.12544516,0
3.2846251,2.1284626,-0.99862885,0.70719761,-0.69579828,-0.12544516,0
0.62955964,2.2915018,-1.0590049,-0.70719761,0.69579828,0.12544516,0
-1.3045031,0.26931667,-0.38320759,-0.70719761,0.69579828,0.12544516,0
1.8202144,0.61818349,-0.048388362,0.70719761,-0.69579828,-0.12544516,0
-1.242414,0.44762254,-2.4829135,0.054641128,0.23068643,-0.97149277,0
2.6950202,3.0665107,-0.81837559,0.70490146,0.68018281,0.20116019,0
-2.4995193,-1.2632586,1.7343409,-0.70719761,0.69579828,0.12544516,0
3.3611042,2.7398958,-0.52046895,0.70490146,0.68018281,0.20116019,0
-1.45193,-2.0108812,1.814451,-0.054641128,-0.23068643,0.97149277,0
3.2112777,1.3672639,2.918824,0.70719761,-0.69579828,-0.12544516,0
-1.5837899,-3.4352419,1.3373876,0.70719761,-0.69579828,-0.12544516,0
2.0821629,3.3665984,0.64521503,-0.70719761,0.69579828,0.12544516,0
3.128895,1.8411515,3.086216,-0.054641128,-0.23068643,0.97149277,0
2.9402282,1.8899312,2.2110555,0.70490146,0.68018281,0.20116019,0
2.2085819,3.0196342,2.1504512,0.70490146,0.68018281,0.20116019,0
1.1048614,-0.32111359,0.90440118,0.70719761,-0.69579828,-0.12544516,0
3.1292126,1.9119873,2.7677302,0.70490146,0.68018281,0.20116019,0
1.450352,2.9873438,-0.081435919,-0.70719761,0.69579828,0.12544516,0
-2.4452939,-3.5732434,-0.13798285,-0.70490146,-0.68018281,-0.20116019,0
1.0341046,2.6219797,0.47102594,-0.70719761,0.69579828,0.12544516,0
0.72457922,0.46633479,-2.4424891,0.054641128,0.23068643,-0.97149277,0
-2.1873264,-0.35601318,-1.6185079,-0.70719761,0.69579828,0.12544516,0
1.179775,1.9584358,2.937629,-0.054641128,-0.23068643,0.97149277,0
-2.8325636,-1.163204,-1.2503664,-0.70719761,0.69579828,0.12544516,0
1.5158051,-0.44722009,1.8747821,0.70719761,-0.69579828,-0.12544516,0
2.596489,3.5486135,-1.378844,0.70490146,0.68018281,0.20116019,0
0.6289475,1.5433114,-2.1639707,0.054641128,0.23068643,-0.97149277,0
-0.8006531,-1.2462554,2.3811524,-0.054641128,-0.23068643,0.97149277,0
-3.3948615,-1.4927326,-2.8489892,-0.70490146,-0.68018281,-0.20116019,0
-2.5326805,-2.9158297,-1.0676537,-0.70490146,-0.68018281,-0.20116019,0
-0.25898045,1.131111,-0.14251155,-0.70719761,0.69579828,0.12544516,0
2.690083,2.8815804,1.7022743,0.70490146,0.68018281,0.20116019,0
2.9353297,2.8163075,-0.8038187,0.70490146,0.68018281,0.20116019,0
-1.4350657,-2.499634,-1.1671267,0.70719761,-0.69579828,-0.12544516,0
-1.752007,-0.17607272,-0.30749488,-0.70719761,0.69579828,0.12544516,0
1.1494462,0.829593,3.0217805,-0.054641128,-0.23068643,0.97149277,0
1.4105159,2.9664977,-1.7181522,0.054641128,0.23068643,-0.97149277,0
-1.9843782,-2.3195529,1.7669847,-0.054641128,-0.23068643,0.97149277,0
-0.18497896,1.0832973,1.3761855,-0.70719761,0.69579828,0.12544516,0
-3.352396,-1.5884988,-2.6276407,-0.70490146,-0.68018281,-0.20116019,0
-3.3350658,-1.8314555,-1.2191339,-0.70719761,0.69579828,0.12544516,0
-3.5519214,-1.7182254,-1.7102389,-0.70490146,-0.68018281,-0.20116019,0
1.5332139,2.8809469,1.509413,-0.70719761,0.69579828,0.12544516,0
-1.0627072,0.63225341,-2.4401286,0.054641128,0.23068643,-0.97149277,0
3.0494237,2.2686751,0.78831863,0.70490146,0.68018281,0.20116019,0
2.8252418,2.4048021,2.5111549,0.70490146,0.68018281,0.20116019,0
-2.1532578,-3.1114578,1.7228208,-0.054641128,-0.23068643,0.97149277,0
0.48098058,1.7220479,-0.10556877,-0.70719761,0.69579828,0.12544516,0
0.50066578,-0.46293405,-1.9223578,0.70719761,-0.69579828,-0.12544516,0
-2.1299946,-1.7086512,1.9340222,-0.054641128,-0.23068643,0.97149277,0
-3.1177547,-1.2451501,-2.1360321,-0.70719761,0.69579828,0.12544516,0
1.8701882,1.6532567,-1.9536786,0.054641128,0.23068643,-0.97149277,0
-3.6481011,-2.5158384,0.4701333,-0.70490146,-0.68018281,-0.20116019,0
-2.5242786,-0.95768571,-1.8764617,-0.70719761,0.69579828,0.12544516,0
-2.9459763,-2.3991981,-1.9478645,-0.70490146,-0.68018281,-0.20116019,0
-1.1122456,0.41752636,-2.4474826,0.054641128,0.23068643,-0.97149277,0
-1.7731394,-0.44153887,-0.59298849,-0.70719761,0.69579828,0.12544516,0
2.586349,1.5773427,-1.8538511,0.70719761,-0.69579828,-0.12544516,0
0.40823942,1.4282427,0.93168688,-0.70719761,0.69579828,0.12544516,0
-1.8252404,-2.7396455,1.6368322,-0.054641128,-0.23068643,0.97149277,0
-0.75080055,0.53695464,-0.64735758,-0.70719761,0.69579828,0.12544516,0
-0.15991366,1.3186802,-0.88525271,-0.70719761,0.69579828,0.12544516,0
0.98556066,1.3361192,3.1435254,-0.054641128,-0.23068643,0.97149277,0
1.7809794,2.8146276,2.228013,-0.70719761,0.69579828,0.12544516,0
-0.59293455,-2.0323842,1.4552649,0.70719761,-0.69579828,-0.12544516,0
-2.6635149,-2.5874953,-2.0471785,-0.70490146,-0.68018281,-0.20116019,0
-3.1110182,-2.5784104,0.68500829,-0.70490146,-0.68018281,-0.20116019,0
0.76845741,1.9404035,3.0650866,-0.70719761,0.69579828,0.12544516,0
3.302289,1.8662182,0.30138326,0.70719761,-0.69579828,-0.12544516,0
3.0083919,2.5068264,0.45242476,0.70490146,0.68018281,0.20116019,0
0.77568984,0.68994844,-2.3842831,0.054641128,0.23068643,-0.97149277,0
-0.81588364,-2.3321002,1.5964367,0.70719761,-0.69579828,-0.12544516,0
-2.3024399,-3.5576851,-0.57911158,-0.70490146,-0.68018281,-0.20116019,0
-3.1749408,-3.267885,1.3221731,-0.70490146,-0.68018281,-0.20116019,0
2.5935788,2.5040126,1.4365575,0.70490146,0.68018281,0.20116019,0
-1.4244701,-0.56268007,2.1581321,-0.054641128,-0.23068643,0.97149277,0
2.4181814,3.5472801,-0.18092871,0.70490146,0.68018281,0.20116019,0
-2.502655,-2.6936119,-2.2530744,-0.70490146,-0.68018281,-0.20116019,0
-0.24928451,-1.2385108,-2.674052,0.70719761,-0.69579828,-0.12544516,0
2.0718982,1.8197668,-2.15134,0.054641128,0.23068643,-0.97149277,0
2.651505,2.5983682,2.7560081,0.70490146,0.68018281,0.20116019,0
-1.3996568,-2.0726998,1.9246297,-0.054641128,-0.23068643,0.97149277,0
-1.1594989,-2.3552859,1.8695642,-0.054641128,-0.23068643,0.97149277,0
2.3899746,3.0430081,0.75255156,0.70490146,0.68018281,0.20116019,0
1.067421,-0.9681983,2.2184939,0.70719761,-0.69579828,-0.12544516,0
2.2986002,3.6047394,0.12546062,0.70490146,0.68018281,0.20116019,0
3.1926646,2.4045982,0.48738742,0.70490146,0.68018281,0.20116019,0
-3.2035971,-3.0130136,0.59845448,-0.70490146,-0.68018281,-0.20116019,0
0.9198662,-0.55250669,1.2077463,0.70719761,-0.69579828,-0.12544516,0
-3.2247214,-2.7781789,1.4579232,-0.70490146,-0.68018281,-0.20116019,0
-2.4037104,-3.0824294,-1.701901,-0.70490146,-0.68018281,-0.20116019,0
2.5679529,3.0087874,0.5389595,0.70490146,0.68018281,0.20116019,0
-2.1919613,-0.52126396,-2.6899421,0.054641128,0.23068643,-0.97149277,0
-2.2586269,-3.326601,0.030665874,-0.70490146,-0.68018281,-0.20116019,0
2.6163511,1.1870264,-1.2984521,0.70719761,-0.69579828,-0.12544516,0
2.9189193,1.1234046,2.6798961,0.70719761,-0.69579828,-0.12544516,0
0.6503585,2.4862053,-1.3223342,-0.70719761,0.69579828,0.12544516,0
-1.085885,0.54967201,-2.5821004,0.054641128,0.23068643,-0.97149277,0
-1.0043343,0.60139501,0.37812188,-0.70719761,0.69579828,0.12544516,0
-0.30426276,-1.5387449,2.1385384,-0.054641128,-0.23068643,0.97149277,0
3.1046331,2.3970504,1.8370533,0.70490146,0.68018281,0.20116019,0
-2.5707221,-2.6988714,1.9791844,-0.054641128,-0.23068643,0.97149277,0
-3.2000134,-2.3269572,-0.99435496,-0.70490146,-0.68018281,-0.20116019,0
-3.1628909,-1.909055,-1.5811083,-0.70490146,-0.68018281,-0.20116019,0
2.7356753,2.2738483,3.3523223,-0.054641128,-0.23068643,0.97149277,0
0.13504589,2.1446166,-2.0666337,0.054641128,0.23068643,-0.97149277,0
2.4416027,3.4450347,-0.95754099,0.70490146,0.68018281,0.20116019,0
1.3505176,-0.1685499,-0.21135631,0.70719761,-0.69579828,-0.12544516,0
1.7056423,0.1912396,1.7106656,0.70719761,-0.69579828,-0.12544516,0
-0.17363024,-0.44058502,-2.7699032,0.054641128,0.23068643,-0.97149277,0
-0.19544721,-2.0362711,2.2570643,-0.054641128,-0.23068643,0.97149277,0
-2.77865,-3.316982,1.0594919,-0.70490146,-0.68018281,-0.20116019,0
-3.7766099,-2.403059,0.94720602,-0.70490146,-0.68018281,-0.20116019,0
-1.7898459,-2.8507931,-1.3511236,0.70719761,-0.69579828,-0.12544516,0
-1.517184,-2.5709441,-2.622313,0.70719761,-0.69579828,-0.12544516,0
2.0211737,1.9959314,3.2619667,-0.054641128,-0.23068643,0.97149277,0
-0.23963702,-1.6822054,0.88366753,0.70719761,-0.69579828,-0.12544516,0
1.0907133,-0.62243366,2.5041673,0.70719761,-0.69579828,-0.12544516,0
2.1749756,2.8631096,2.8481956,0.70490146,0.68018281,0.20116019,0
1.2454858,0.31966639,2.5737755,-0.054641128,-0.23068643,0.97149277,0
2.1807642,0.54943073,1.1334069,0.70719761,-0.69579828,-0.12544516,0
-1.3860481,-2.4915137,-0.66677976,0.70719761,-0.69579828,-0.12544516,0
2.1812897,2.9968061,2.4038606,0.70490146,0.68018281,0.20116019,0
-2.9462862,-3.2232952,1.0193546,-0.70490146,-0.68018281,-0.20116019,0
2.5489001,3.1924622,-0.74505854,0.70490146,0.68018281,0.20116019,0
2.1335607,0.71091259,-0.2680279,0.70719761,-0.69579828,-0.12544516,0
-3.1599274,-2.7365317,0.63681507,-0.70490146,-0.68018281,-0.20116019,0
2.9912033,2.9432118,-1.2107627,0.70490146,0.68018281,0.20116019,0
-2.0811555,-3.7941561,1.258734,0.70719761,-0.69579828,-0.12544516,0
-2.4891086,-3.1610086,-0.3591013,-0.70490146,-0.68018281,-0.20116019,0
3.1769648,1.5909497,0.19683361,0.70719761,-0.69579828,-0.12544516,0
-1.7830045,-1.723999,-2.8788717,0.054641128,0.23068643,-0.97149277,0
2.1303587,2.9082859,1.8364136,0.70490146,0.68018281,0.20116019,0
-2.1512406,-1.6630024,-3.197834,0.054641128,0.23068643,-0.97149277,0
3.3569007,2.5843985,-0.28564119,0.70490146,0.68018281,0.20116019,0
-1.3892002,-3.327965,1.0669982,0.70719761,-0.69579828,-0.12544516,0
0.32055128,1.7493063,-0.55378842,-0.70719761,0.69579828,0.12544516,0
3.3618846,1.7784619,2.4574592,0.70719761,-0.69579828,-0.12544516,0
-2.1357105,-2.5928266,-2.844075,-0.70490146,-0.68018281,-0.20116019,0
-2.2997789,-3.4254334,0.25075722,-0.70490146,-0.68018281,-0.20116019,0
1.6244075,0.23369932,0.078080058,0.70719761,-0.69579828,-0.12544516,0
1.7244256,2.5995836,3.2167313,-0.70719761,0.69579828,0.12544516,0
3.0756068,2.026613,1.4295909,0.70490146,0.68018281,0.20116019,0
-0.96465868,-2.8186042,0.93767786,0.70719761,-0.69579828,-0.12544516,0
-1.9746628,-0.15099144,-2.8917253,0.054641128,0.23068643,-0.97149277,0
3.6001732,1.9788728,0.70333886,0.70490146,0.68018281,0.20116019,0
0.12901473,-0.77468652,2.2374671,-0.054641128,-0.23068643,0.97149277,0
1.9255142,0.59348357,-1.1560373,0.70719761,-0.69579828,-0.12544516,0
3.3359413,2.7144303,-1.2472026,0.70490146,0.68018281,0.20116019,0
-0.77376747,-2.8023243,1.8363068,0.70719761,-0.69579828,-0.12544516,0
0.1886394,0.8077811,2.6332774,-0.054641128,-0.23068643,0.97149277,0
-1.8991876,-0.38663924,-0.10654223,-0.70719761,0.69579828,0.12544516,0
2.7647786,3.6429644,-1.1983001,0.70490146,0.68018281,0.20116019,0
-2.3348815,-3.7611427,1.6010952,-0.054641128,-0.23068643,0.97149277,0
3.4588737,2.0656378,0.11986589,0.70490146,0.68018281,0.20116019,0
-1.5807312,-2.6721148,-2.6213427,0.70719761,-0.69579828,-0.12544516,0
3.4327896,1.5054575,3.0064569,-0.054641128,-0.23068643,0.97149277,0
1.0592589,1.5668454,-2.1874108,0.054641128,0.23068643,-0.97149277,0
2.7805254,2.2941475,2.4041231,0.70490146,0.68018281,0.20116019,0
3.1488667,1.8057141,0.44417644,0.70719761,-0.69579828,-0.12544516,0
-2.6977317,-1.1058087,-2.3860078,-0.70719761,0.69579828,0.12544516,0
0.85206294,-0.20710534,-2.6585412,0.054641128,0.23068643,-0.97149277,0
3.1206555,1.9691068,2.853595,0.70490146,0.68018281,0.20116019,0
-0.04447639,0.95254195,0.99924177,-0.70719761,0.69579828,0.12544516,0
2.7613769,2.5436382,1.1363752,0.70490146,0.68018281,0.20116019,0
-0.32938862,-1.9515848,1.8082733,0.70719761,-0.69579828,-0.12544516,0
-0.69126713,1.0074325,-1.9964796,-0.70719761,0.69579828,0.12544516,0
0.78111339,-0.045075536,2.7392321,-0.054641128,-0.23068643,0.97149277,0
0.012797594,0.2859028,2.5298615,-0.054641128,-0.23068643,0.97149277,0
-2.5398912,-0.51047611,-2.3936453,-0.70719761,0.69579828,0.12544516,0
-2.6081905,-3.3250608,-0.4917326,-0.70490146,-0.68018281,-0.20116019,0
-3.2978964,-2.0026188,0.42130089,-0.70719761,0.69579828,0.12544516,0
2.6138332,3.6750045,-1.4566448,0.70490146,0.68018281,0.20116019,0
2.919858,2.822474,0.3520751,0.70490146,0.68018281,0.20116019,0
0.39745271,2.3581505,-2.1882277,0.054641128,0.23068643,-0.97149277,0
-1.5468192,-3.3223951,1.5907466,0.70719761,-0.69579828,-0.12544516,0
3.1589661,2.6663187,0.29907608,0.70490146,0.68018281,0.20116019,0
0.61264467,1.6602067,2.485122,-0.70719761,0.69579828,0.12544516,0
-1.9818671,-3.0784936,-2.2020082,-0.70490146,-0.68018281,-0.20116019,0
1.056627,-0.18439496,2.4329801,-0.054641128,-0.23068643,0.97149277,0
-0.13394237,0.51025915,-2.3483863,0.054641128,0.23068643,-0.97149277,0
-1.880976,-1.3582025,2.1846058,-0.054641128,-0.23068643,0.97149277,0
1.9525255,3.1407847,0.93361449,-0.70719761,0.69579828,0.12544516,0
1.2153696,2.113874,-1.9259528,0.054641128,0.23068643,-0.97149277,0
-2.6743293,-3.4375465,1.5322559,-0.70490146,-0.68018281,-0.20116019,0
-1.0395658,0.0097362995,-2.4544935,0.054641128,0.23068643,-0.97149277,0
0.23862243,-1.4501756,1.1291039,0.70719761,-0.69579828,-0.12544516,0
-0.85478199,-0.34038362,2.3077435,-0.054641128,-0.23068643,0.97149277,0
0.50123018,-1.0772662,-0.048833907,0.70719761,-0.69579828,-0.12544516,0
2.3770738,3.3407915,1.1478796,0.70490146,0.68018281,0.20116019,0
1.5009551,0.91460836,-2.4244413,0.054641128,0.23068643,-0.97149277,0
3.1267171,1.635144,1.9409008,0.70719761,-0.69579828,-0.12544516,0
-2.4626124,-0.77724814,-2.2361166,-0.70719761,0.69579828,0.12544516,0
0.80429101,-1.0306872,2.4237313,-0.054641128,-0.23068643,0.97149277,0
-1.3435585,0.25502765,-1.9932859,-0.70719761,0.69579828,0.12544516,0
1.926656,2.55162,3.1015911,-0.054641128,-0.23068643,0.97149277,0
0.31707072,1.6623878,1.8840214,-0.70719761,0.69579828,0.12544516,0
-3.404243,-3.0106616,1.3656068,-0.70490146,-0.68018281,-0.20116019,0
-2.1318989,-3.4217267,-0.72230959,-0.70490146,-0.68018281,-0.20116019,0
0.75391197,0.77794617,2.7193189,-0.054641128,-0.23068643,0.97149277,0
2.1694806,2.7764757,-1.9365039,0.054641128,0.23068643,-0.97149277,0
0.8959589,1.5167005,3.0951793,-0.054641128,-0.23068643,0.97149277,0
0.74074173,0.23500872,2.5360682,-0.054641128,-0.23068643,0.97149277,0
-0.18964887,0.29147509,2.5586069,-0.054641128,-0.23068643,0.97149277,0
0.80765736,-0.29733586,-2.1149111,0.70719761,-0.69579828,-0.12544516,0
3.2205949,2.3879144,1.1617146,0.70490146,0.68018281,0.20116019,0
2.573473,2.641165,2.1565573,0.70490146,0.68018281,0.20116019,0
-2.7549319,-1.956399,1.8955852,-0.054641128,-0.23068643,0.97149277,0
-2.5709217,-2.9227607,-1.2076364,-0.70490146,-0.68018281,-0.20116019,0
3.0266831,2.6192791,1.162466,0.70490146,0.68018281,0.20116019,0
-0.37437296,0.63627243,-2.6410658,0.054641128,0.23068643,-0.97149277,0
-1.790617,-2.9702029,-2.5444617,0.70719761,-0.69579828,-0.12544516,0
-0.25187349,0.65366971,2.2689698,-0.70719761,0.69579828,0.12544516,0
-1.3592068,-2.813,0.17243648,0.70719761,-0.69579828,-0.12544516,0
3.0352535,2.935061,-0.45431185,0.70490146,0.68018281,0.20116019,0
3.2966537,2.5569541,-1.0634797,0.70490146,0.68018281,0.20116019,0
3.2482896,2.9782081,-1.5908532,0.70490146,0.68018281,0.20116019,0
-0.43183017,0.42195189,-2.5008907,0.054641128,0.23068643,-0.97149277,0
-0.55363464,-1.3761942,2.154844,-0.054641128,-0.23068643,0.97149277,0
-2.2667723,-3.3007214,-0.73357201,-0.70490146,-0.68018281,-0.20116019,0
-3.2174251,-2.6426578,1.0997226,-0.70490146,-0.68018281,-0.20116019,0
2.243644,3.5606716,-0.16871166,0.70490146,0.68018281,0.20116019,0
-2.1278,-3.1733918,-0.87356567,0.70719761,-0.69579828,-0.12544516,0
-1.088701,-1.4551139,-2.8231685,0.054641128,0.23068643,-0.97149277,0
-3.6372647,-2.4472589,0.65957594,-0.70490146,-0.68018281,-0.20116019,0
3.2982984,1.8559318,1.2286677,0.70490146,0.68018281,0.20116019,0
-1.6272318,-0.3633461,1.1186343,-0.70719761,0.69579828,0.12544516,0
-1.6294417,-0.57626808,2.3151314,-0.054641128,-0.23068643,0.97149277,0
0.93821144,-0.45989591,-1.2160443,0.70719761,-0.69579828,-0.12544516,0
2.184011,0.5210067,2.8498344,0.70719761,-0.69579828,-0.12544516,0
-3.195338,-1.9727268,-1.0871382,-0.70490146,-0.68018281,-0.20116019,0
-3.2494283,-2.7230618,0.26291084,-0.70490146,-0.68018281,-0.20116019,0
-2.1885123,-0.33233345,-2.3877935,-0.70719761,0.69579828,0.12544516,0
-2.5421374,-3.4673433,0.64109039,-0.70490146,-0.68018281,-0.20116019,0
-2.5383561,-2.6205225,-2.4132915,-0.70490146,-0.68018281,-0.20116019,0
2.4200788,3.3542225,-0.13057184,0.70490146,0.68018281,0.20116019,0
-3.1011844,-1.9233967,1.8770299,-0.70719761,0.69579828,0.12544516,0
2.6346412,2.567955,-2.0149488,0.054641128,0.23068643,-0.97149277,0
-1.7560294,-0.5688144,-2.885529,0.054641128,0.23068643,-0.97149277,0
2.7413955,2.8433177,1.0530033,0.70490146,0.68018281,0.20116019,0
-3.3308411,-1.9638598,-1.4839482,-0.70490146,-0.68018281,-0.20116019,0
0.94014013,-0.057027996,-2.3065009,0.70719761,-0.69579828,-0.12544516,0
2.9029002,3.2096941,-0.16696978,0.70490146,0.68018281,0.20116019,0
-3.1529758,-2.209352,-1.7312932,-0.70490146,-0.68018281,-0.20116019,0
-3.4213982,-2.0880146,-1.3483791,-0.70490146,-0.68018281,-0.20116019,0
2.8936644,3.3369977,-0.94732046,0.70490146,0.68018281,0.20116019,0
2.2481067,1.8271223,-1.8136799,0.054641128,0.23068643,-0.97149277,0
-2.7694056,-2.6620016,-0.34155297,-0.70490146,-0.68018281,-0.20116019,0
-2.137315,-2.5024135,-3.1733508,-0.70490146,-0.68018281,-0.20116019,0
-1.8643088,-0.96487951,1.4854473,-0.70719761,0.69579828,0.12544516,0
2.8303232,1.2252905,3.0648158,-0.054641128,-0.23068643,0.97149277,0
-0.011942625,-0.80881596,2.2628624,-0.054641128,-0.23068643,0.97149277,0
-3.2247448,-3.2244644,1.4880657,-0.054641128,-0.23068643,0.97149277,0
-2.3522604,-3.0389886,-1.8051848,-0.70490146,-0.68018281,-0.20116019,0
-3.0646024,-1.7993248,0.77368927,-0.70719761,0.69579828,0.12544516,0
-2.2527754,-1.0115237,-0.27726126,-0.70719761,0.69579828,0.12544516,0
-0.35821232,1.1666832,0.27211434,-0.70719761,0.69579828,0.12544516,0
2.6901107,2.872391,-0.20649529,0.70490146,0.68018281,0.20116019,0
2.8362167,2.4767599,1.0541446,0.70490146,0.68018281,0.20116019,0
-1.960227,-2.8326902,-3.058006,0.70719761,-0.69579828,-0.12544516,0
-1.7931824,-3.6518617,1.1389642,0.70719761,-0.69579828,-0.12544516,0
1.8977677,0.43295574,1.6205782,0.70719761,-0.69579828,-0.12544516,0
1.5991232,0.70438153,2.9137695,-0.054641128,-0.23068643,0.97149277,0
1.6720235,2.3688343,-2.0926161,0.054641128,0.23068643,-0.97149277,0
-3.1487145,-2.2126033,-1.7012675,-0.70490146,-0.68018281,-0.20116019,0
-0.76081437,-2.4797442,0.59829044,0.70719761,-0.69579828,-0.12544516,0
-2.3330557,-1.8332677,2.1673102,-0.054641128,-0.23068643,0.97149277,0
0.77131605,0.89573449,-2.4532228,0.054641128,0.23068643,-0.97149277,0
-2.0395968,-1.6485302,1.9446675,-0.054641128,-0.23068643,0.97149277,0
-3.2892437,-1.8120793,-2.632215,-0.70490146,-0.68018281,-0.20116019,0
3.5933986,2.1569016,-0.55331564,0.70490146,0.68018281,0.20116019,0
-1.4066926,-2.7707396,-1.3425393,0.70719761,-0.69579828,-0.12544516,0
-0.62262368,0.82588983,0.83449435,-0.70719761,0.69579828,0.12544516,0
3.1626303,2.5467138,-0.75847363,0.70490146,0.68018281,0.20116019,0
-1.8009501,-1.6922311,-2.9595556,0.054641128,0.23068643,-0.97149277,0
-3.3627839,-2.9024625,0.77877855,-0.70490146,-0.68018281,-0.20116019,0
-1.3471119,-0.068324685,0.70438397,-0.70719761,0.69579828,0.12544516,0
-1.341728,-0.79056329,-2.9561872,0.054641128,0.23068643,-0.97149277,0
-1.780874,-0.037515163,-2.2040901,-0.70719761,0.69579828,0.12544516,0
2.4413333,3.6382387,-0.22641611,0.70490146,0.68018281,0.20116019,0
2.2506878,0.95796525,-1.41373,0.70719761,-0.69579828,-0.12544516,0
0.33393183,-0.86585027,0.23505771,0.70719761,-0.69579828,-0.12544516,0
-2.8144028,-3.087007,0.0053668022,-0.70490146,-0.68018281,-0.20116019,0
-1.0645273,-1.1478931,2.0846162,-0.054641128,-0.23068643,0.97149277,0
-3.5197346,-1.9952438,-0.25270653,-0.70719761,0.69579828,0.12544516,0
-0.63045883,-1.659699,-1.3642958,0.70719761,-0.69579828,-0.12544516,0
-3.1619225,-1.6748743,-1.5475202,-0.70719761,0.69579828,0.12544516,0
-3.1420259,-2.7218943,0.43382859,-0.70490146,-0.68018281,-0.20116019,0
-1.8334888,-2.6683247,1.8474574,-0.054641128,-0.23068643,0.97149277,0
-1.6799181,-0.27129996,-1.3992473,-0.70719761,0.69579828,0.12544516,0
-2.5703599,-3.5330026,0.21616268,-0.70490146,-0.68018281,-0.20116019,0
-0.030346632,-0.97851706,-1.4778844,0.70719761,-0.69579828,-0.12544516,0
3.2759891,2.4787378,0.57330418,0.70490146,0.68018281,0.20116019,0
-2.1189125,-3.361891,-0.92665768,-0.70490146,-0.68018281,-0.20116019,0
2.5635254,2.3345175,-1.8046056,0.054641128,0.23068643,-0.97149277,0
2.5068295,2.4246364,3.3884039,0.70490146,0.68018281,0.20116019,0
-2.8324845,-1.502835,-3.1588433,0.054641128,0.23068643,-0.97149277,0
-0.86946559,-1.5769711,2.0164237,-0.054641128,-0.23068643,0.97149277,0
-3.004509,-2.0586352,1.7391542,-0.054641128,-0.23068643,0.97149277,0
0.40973592,-0.45055985,-2.564707,0.70719761,-0.69579828,-0.12544516,0
2.162112,3.4996822,-0.24239683,-0.70719761,0.69579828,0.12544516,0
-0.58006179,1.0970341,-1.4513825,-0.70719761,0.69579828,0.12544516,0
-2.4294832,-2.1842675,-3.4025273,0.054641128,0.23068643,-0.97149277,0
-0.073842242,-1.4351714,-0.18922651,0.70719761,-0.69579828,-0.12544516,0
3.1984015,2.9277732,-1.7476096,0.054641128,0.23068643,-0.97149277,0
2.0048079,3.471458,-0.81222486,-0.70719761,0.69579828,0.12544516,0
3.190202,3.1526725,-1.3913317,0.70490146,0.68018281,0.20116019,0
-2.3632555,-3.1945202,-0.38445807,-0.70490146,-0.68018281,-0.20116019,0
-2.25278,-3.0541973,-1.0912404,-0.70490146,-0.68018281,-0.20116019,0
3.6091483,2.4293239,-0.46040773,0.70490146,0.68018281,0.20116019,0
1.8535086,3.4657321,-1.6687114,0.054641128,0.23068643,-0.97149277,0
-1.6296034,-2.4201167,2.0747502,-0.054641128,-0.23068643,0.97149277,0
-3.1418791,-3.0235231,1.2360375,-0.70490146,-0.68018281,-0.20116019,0
1.8133523,1.3071934,3.0978067,-0.054641128,-0.23068643,0.97149277,0
-2.2914515,-2.60342,-2.1000514,-0.70490146,-0.68018281,-0.20116019,0
3.1080911,1.8765565,0.61981893,0.70719761,-0.69579828,-0.12544516,0
0.51474559,1.0982826,-2.2163124,0.054641128,0.23068643,-0.97149277,0
3.3150649,2.5815625,-0.92575336,0.70490146,0.68018281,0.20116019,0
1.3710194,0.97037536,3.0116906,-0.054641128,-0.23068643,0.97149277,0
-1.1375386,-0.42357361,2.3315837,-0.054641128,-0.23068643,0.97149277,0
2.1838856,2.9924834,2.3706846,-0.70719761,0.69579828,0.12544516,0
3.0247707,2.7888021,0.8252058,0.70490146,0.68018281,0.20116019,0
-2.572648,-0.79761314,-2.7975047,0.054641128,0.23068643,-0.97149277,0
0.60717177,1.8672907,0.20117974,-0.70719761,0.69579828,0.12544516,0
3.3249938,2.7900307,-1.7465172,0.054641128,0.23068643,-0.97149277,0
-0.47964448,-2.3799613,1.0600777,0.70719761,-0.69579828,-0.12544516,0
2.1481957,2.8413846,-1.8369732,0.054641128,0.23068643,-0.97149277,0
-1.8160236,-2.6054885,-2.2718067,0.70719761,-0.69579828,-0.12544516,0
1.7876538,3.733593,-1.6276286,0.054641128,0.23068643,-0.97149277,0
3.0679679,2.1891394,2.4702771,0.70490146,0.68018281,0.20116019,0
1.8714994,0.48940581,-1.4169984,0.70719761,-0.69579828,-0.12544516,0
-2.4320602,-3.4698346,1.3102345,-0.70490146,-0.68018281,-0.20116019,0
3.2424474,1.8863587,1.4237654,0.70490146,0.68018281,0.20116019,0
3.4756851,1.946556,2.045996,0.70490146,0.68018281,0.20116019,0
0.98484778,1.960874,1.533102,-0.70719761,0.69579828,0.12544516,0
-0.33675361,-1.0900327,-2.9590068,0.054641128,0.23068643,-0.97149277,0
-2.6522882,-3.3756793,1.1089098,-0.70490146,-0.68018281,-0.20116019,0
-2.4653723,-2.4398186,-3.1525908,-0.70490146,-0.68018281,-0.20116019,0
-0.882788,-2.8461294,1.3873426,0.70719761,-0.69579828,-0.12544516,0
-1.9139006,-1.962262,-3.1840529,0.054641128,0.23068643,-0.97149277,0
-0.32518372,-1.6381135,0.55245459,0.70719761,-0.69579828,-0.12544516,0
0.095911264,1.2174811,-2.2479625,0.054641128,0.23068643,-0.97149277,0
-3.1299405,-1.3563039,-1.8313949,-0.70719761,0.69579828,0.12544516,0
0.27062821,2.1506565,-1.6943152,-0.70719761,0.69579828,0.12544516,0
-2.3413334,-3.1530778,-1.6941304,-0.70490146,-0.68018281,-0.20116019,0
-3.0188518,-2.0243933,-2.0241151,-0.70490146,-0.68018281,-0.20116019,0
-2.923574,-2.277267,-1.719552,-0.70490146,-0.68018281,-0.20116019,0
2.3707187,0.78766263,2.9109237,-0.054641128,-0.23068643,0.97149277,0
0.85552323,-0.514202,0.24029991,0.70719761,-0.69579828,-0.12544516,0
-3.0567822,-2.2103226,-2.0007038,-0.70490146,-0.68018281,-0.20116019,0
2.7733307,2.4270821,2.3140457,0.70490146,0.68018281,0.20116019,0
2.0884063,2.683111,3.5276339,-0.054641128,-0.23068643,0.97149277,0
3.2266705,1.3493782,2.5641968,0.70719761,-0.69579828,-0.12544516,0
3.356544,1.9931909,1.8899024,0.70490146,0.68018281,0.20116019,0
2.4086521,3.5706871,0.10494947,0.70490146,0.68018281,0.20116019,0
2.4822276,2.5359266,2.996901,0.70490146,0.68018281,0.20116019,0
-2.9067402,-2.35534,-2.6483274,-0.70490146,-0.68018281,-0.20116019,0
2.2145493,2.9830689,1.8234282,0.70490146,0.68018281,0.20116019,0
3.5722728,2.8568058,-1.6408582,0.70490146,0.68018281,0.20116019,0
-1.3607121,-1.6775444,-3.1893878,0.054641128,0.23068643,-0.97149277,0
-2.2574992,-0.55808997,-1.6565465,-0.70719761,0.69579828,0.12544516,0
1.7222428,3.0579333,0.44731736,-0.70719761,0.69579828,0.12544516,0
1.5484353,1.4198625,-1.9459443,0.054641128,0.23068643,-0.97149277,0
1.0575626,2.6861918,-0.1765306,-0.70719761,0.69579828,0.12544516,0
-2.9303093,-3.4811671,1.1844692,-0.70490146,-0.68018281,-0.20116019,0
3.2870684,2.8959556,-0.97507834,0.70490146,0.68018281,0.20116019,0
3.4591331,2.5891538,-0.77716112,0.70490146,0.68018281,0.20116019,0
2.59604,3.5137873,-0.43914795,0.70490146,0.68018281,0.20116019,0
-2.4381638,-1.2466652,-0.05067277,-0.70719761,0.69579828,0.12544516,0
1.1065044,2.7131438,0.73444247,-0.70719761,0.69579828,0.12544516,0
-3.5051332,-2.088702,0.44477081,-0.70719761,0.69579828,0.12544516,0
2.1256707,3.2465818,0.76396036,0.70490146,0.68018281,0.20116019,0
-1.2509534,0.58551526,-2.2781949,-0.70719761,0.69579828,0.12544516,0
-2.1198421,-0.557073,-2.8374853,0.054641128,0.23068643,-0.97149277,0
2.0303018,0.829063,2.7612648,-0.054641128,-0.23068643,0.97149277,0
2.8847075,3.1528552,-1.3776503,0.70490146,0.68018281,0.20116019,0
2.2257473,1.1224836,-2.0216393,0.054641128,0.23068643,-0.97149277,0
-2.7677817,-2.5728261,1.7725078,-0.054641128,-0.23068643,0.97149277,0
-1.2543633,-0.11910802,0.0055468082,-0.70719761,0.69579828,0.12544516,0
2.7684278,3.1088624,0.24948692,0.70490146,0.68018281,0.20116019,0
2.5700855,1.085935,1.478714,0.70719761,-0.69579828,-0.12544516,0
-2.8987207,-1.5716907,0.71046257,-0.70719761,0.69579828,0.12544516,0
2.4409814,2.0728042,3.3354795,-0.054641128,-0.23068643,0.97149277,0
2.4324684,1.20779,-1.5905726,0.70719761,-0.69579828,-0.12544516,0
3.3535831,1.8148489,2.4934731,0.70490146,0.68018281,0.20116019,0
3.0039928,2.6365297,-0.049687147,0.70490146,0.68018281,0.20116019,0
1.8248668,2.7782795,3.3746998,-0.054641128,-0.23068643,0.97149277,0
-0.71593273,-2.1731663,-0.68141675,0.70719761,-0.69579828,-0.12544516,0
-0.64775562,0.3087945,-2.4096186,0.054641128,0.23068643,-0.97149277,0
0.40135503,0.95304823,-2.2232535,0.054641128,0.23068643,-0.97149277,0
-2.335207,-3.850606,0.59511566,-0.70490146,-0.68018281,-0.20116019,0
-2.194685,-2.4165151,1.7395999,-0.054641128,-0.23068643,0.97149277,0
-1.879703,0.21180177,-2.655092,-0.70719761,0.69579828,0.12544516,0
-2.5634732,-3.4435015,1.2061028,-0.70490146,-0.68018281,-0.20116019,0
-0.40694094,-0.79719186,-2.5940709,0.054641128,0.23068643,-0.97149277,0
-0.73058629,-1.0822499,2.4007742,-0.054641128,-0.23068643,0.97149277,0
3.1322095,2.1455195,1.3696208,0.70490146,0.68018281,0.20116019,0
-2.7836986,-2.9929867,-0.50594091,-0.70490146,-0.68018281,-0.20116019,0
3.2491658,1.850942,2.9689722,0.70490146,0.68018281,0.20116019,0
-1.3446337,-3.2138743,1.5454112,-0.054641128,-0.23068643,0.97149277,0
0.81814837,1.0217969,2.6806507,-0.054641128,-0.23068643,0.97149277,0
-3.3117077,-2.1089869,-0.71144128,-0.70490146,-0.68018281,-0.20116019,0
-1.0215328,-1.5103569,2.1648984,-0.054641128,-0.23068643,0.97149277,0
-3.2309129,-2.199111,-1.1944542,-0.70490146,-0.68018281,-0.20116019,0
0.68181109,-1.226073,2.5066185,-0.054641128,-0.23068643,0.97149277,0
-0.7309289,-2.1691206,0.97920811,0.70719761,-0.69579828,-0.12544516,0
-1.2029777,-1.9703153,2.2423007,-0.054641128,-0.23068643,0.97149277,0
-2.4103694,-2.6245282,-1.7955551,-0.70490146,-0.68018281,-0.20116019,0
3.1407254,2.2576261,1.4636664,0.70490146,0.68018281,0.20116019,0
1.8886037,0.454184,-0.5168553,0.70719761,-0.69579828,-0.12544516,0
2.7700801,2.7760489,0.55060506,0.70490146,0.68018281,0.20116019,0
0.97631031,2.3261676,0.41057634,-0.70719761,0.69579828,0.12544516,0
-0.16239524,-0.81370533,-2.7003536,0.054641128,0.23068643,-0.97149277,0
-3.3624899,-1.7783589,-2.3112266,-0.70490146,-0.68018281,-0.20116019,0
1.8185147,0.93684214,-1.5520058,0.70719761,-0.69579828,-0.12544516,0
-0.86071527,0.95138025,-1.269161,-0.70719761,0.69579828,0.12544516,0
-1.0339185,-2.3424952,2.0207686,-0.054641128,-0.23068643,0.97149277,0
2.6414363,1.6907346,-1.3241757,0.70719761,-0.69579828,-0.12544516,0
-2.3708894,-0.95112401,-0.90994358,-0.70719761,0.69579828,0.12544516,0
-2.0780725,-0.60723245,0.58964151,-0.70719761,0.69579828,0.12544516,0
2.8578222,2.2212534,1.8089521,0.70490146,0.68018281,0.20116019,0
-1.8238287,-0.7978344,2.3768928,-0.054641128,-0.23068643,0.97149277,0
-1.2363501,-2.2115872,1.894984,-0.054641128,-0.23068643,0.97149277,0
0.01295042,-0.012567163,2.5978992,-0.054641128,-0.23068643,0.97149277,0
2.8734736,2.9314048,-0.50763559,0.70490146,0.68018281,0.20116019,0
3.4209285,1.6926426,1.3367648,0.70719761,-0.69579828,-0.12544516,0
-2.3167303,-3.4528761,0.46579981,-0.70490146,-0.68018281,-0.20116019,0
-2.7421849,-1.0716456,-2.9434683,0.054641128,0.23068643,-0.97149277,0
-3.0320005,-1.8102739,-0.095477581,-0.70719761,0.69579828,0.12544516,0
-3.7233086,-2.4397879,1.1642866,-0.70490146,-0.68018281,-0.20116019,0
-3.4886403,-1.5075374,-2.6222711,-0.70719761,0.69579828,0.12544516,0
-1.5075026,-2.7157724,-0.36438441,0.70719761,-0.69579828,-0.12544516,0
2.8047838,3.4874086,-1.0063386,0.70490146,0.68018281,0.20116019,0
-0.19906187,-0.61083895,2.4315395,-0.054641128,-0.23068643,0.97149277,0
-0.05562973,1.1719682,-2.3903153,0.054641128,0.23068643,-0.97149277,0
2.967917,2.7851949,-0.54108787,0.70490146,0.68018281,0.20116019,0
2.5119321,1.5772643,-2.2216661,0.054641128,0.23068643,-0.97149277,0
2.4368374,1.1141683,-1.4691741,0.70719761,-0.69579828,-0.12544516,0
-3.3905046,-2.2664256,0.084019184,-0.70490146,-0.68018281,-0.20116019,0
-2.8146105,-2.5391302,-0.67315936,-0.70490146,-0.68018281,-0.20116019,0
-1.9423103,-1.9292279,-3.022779,0.054641128,0.23068643,-0.97149277,0
-0.47084999,-1.6446861,-2.6069446,0.70719761,-0.69579828,-0.12544516,0
1.4542272,-0.44110072,1.9192162,0.70719761,-0.69579828,-0.12544516,0
-0.10627127,0.13714445,-2.4795113,0.054641128,0.23068643,-0.97149277,0
-1.5047858,-2.9306629,-0.23537064,0.70719761,-0.69579828,-0.12544516,0
