-2.6022649,2.3970807,3.3538117,-0.30077147,0.66563308,0.68298519,0
-5.6765471,2.4435544,1.7986875,-0.95285785,-0.2397574,-0.18595147,0
-2.5240908,-0.46252429,-1.8164153,-0.039975256,0.70671701,-0.70636606,0
-4.5892744,-0.63258684,-0.43810987,-0.95285785,-0.2397574,-0.18595147,0
2.3108015,-3.0700316,-1.6895535,0.039975256,-0.70671701,0.70636606,0
-0.43815708,2.8694115,3.8249586,-0.30077147,0.66563308,0.68298519,0
4.9218669,-0.9995569,-0.33000898,0.95285785,0.2397574,0.18595147,0
3.2279465,-0.17771199,-1.503494,-0.039975256,0.70671701,-0.70636606,0
2.3360598,-2.8891444,-2.6578059,0.30077147,-0.66563308,-0.68298519,0
1.7761707,3.4841886,1.6939068,-0.039975256,0.70671701,-0.70636606,0
-2.0776291,2.2716293,3.4342108,-0.30077147,0.66563308,0.68298519,0
5.222549,-0.84582287,-2.2174845,0.95285785,0.2397574,0.18595147,0
4.6500649,-2.5663891,-1.7859211,0.30077147,-0.66563308,-0.68298519,0
-1.0110803,2.808599,3.2059708,-0.30077147,0.66563308,0.68298519,0
-5.6554689,1.8706555,2.2418113,-0.30077147,0.66563308,0.68298519,0
4.1768837,-2.366565,-2.4192433,0.30077147,-0.66563308,-0.68298519,0
4.2253013,1.284602,1.4548297,0.95285785,0.2397574,0.18595147,0
4.7830982,-0.39253676,-0.24470425,0.95285785,0.2397574,0.18595147,0
1.5808015,4.2983704,3.1110566,-0.30077147,0.66563308,0.68298519,0
-0.99951124,-3.6114578,-3.4060931,0.30077147,-0.66563308,-0.68298519,0
-5.0050802,0.62010193,1.0778766,-0.95285785,-0.2397574,-0.18595147,0
-4.2530513,2.128828,2.6145854,-0.30077147,0.66563308,0.68298519,0
-0.25957084,-3.4786592,-1.7849379,0.039975256,-0.70671701,0.70636606,0
-1.8117614,-2.3887606,-3.7617791,-0.039975256,0.70671701,-0.70636606,0
3.1172433,-2.8438473,-2.7176311,0.30077147,-0.66563308,-0.68298519,0
-4.9078264,2.2884896,2.2629418,-0.30077147,0.66563308,0.68298519,0
4.2929921,1.5971417,1.1125612,0.95285785,0.2397574,0.18595147,0
1.425725,4.1400194,3.3376069,-0.30077147,0.66563308,0.68298519,0
-4.707675,-0.75867403,0.050965309,-0.95285785,-0.2397574,-0.18595147,0
1.8114192,3.4940166,1.7749147,-0.039975256,0.70671701,-0.70636606,0
-3.7729506,3.2026279,1.9520216,-0.30077147,0.66563308,0.68298519,0
-3.8605595,2.3841794,2.6696272,-0.30077147,0.66563308,0.68298519,0
4.5922723,0.5047456,0.50060129,0.95285785,0.2397574,0.18595147,0
-5.0635414,1.0748824,0.43739271,-0.95285785,-0.2397574,-0.18595147,0
1.6891148,1.6155436,0.23853707,-0.039975256,0.70671701,-0.70636606,0
4.1165485,-2.3283701,-1.3392739,0.039975256,-0.70671701,0.70636606,0
-5.1876588,0.58562326,1.5179076,-0.95285785,-0.2397574,-0.18595147,0
-3.112571,-1.8384966,-2.8805773,-0.039975256,0.70671701,-0.70636606,0
4.9603643,0.4966976,-1.0528216,0.95285785,0.2397574,0.18595147,0
-0.65738487,-2.728193,-4.1121111,-0.039975256,0.70671701,-0.70636606,0
4.3863826,-0.15444601,-1.8961558,-0.039975256,0.70671701,-0.70636606,0
-0.6041069,-3.5229678,-3.15994,0.30077147,-0.66563308,-0.68298519,0
5.4943256,-1.672157,-2.0901952,0.95285785,0.2397574,0.18595147,0
-4.2020493,-0.042761981,1.5345635,0.039975256,-0.70671701,0.70636606,0
-5.4242563,1.9573162,1.9111228,-0.95285785,-0.2397574,-0.18595147,0
1.9175763,0.38798678,-1.0318193,-0.039975256,0.70671701,-0.70636606,0
-5.4854326,1.8021371,2.5704207,-0.95285785,-0.2397574,-0.18595147,0
4.8156466,-2.0440712,-2.3483138,0.30077147,-0.66563308,-0.68298519,0
4.5089374,1.070823,0.3067174,0.95285785,0.2397574,0.18595147,0
1.0594816,3.7887514,3.3430209,-0.30077147,0.66563308,0.68298519,0
5.1547942,-1.2182602,-0.69833231,0.95285785,0.2397574,0.18595147,0
1.2685137,-2.6929159,-3.6735115,0.30077147,-0.66563308,-0.68298519,0
2.8734088,4.4816456,3.1138992,0.95285785,0.2397574,0.18595147,0
3.5543728,-1.3624865,-2.8788695,-0.039975256,0.70671701,-0.70636606,0
-0.70130968,-4.0636382,-3.219996,0.30077147,-0.66563308,-0.68298519,0
-3.6966498,1.7623467,2.9755542,-0.30077147,0.66563308,0.68298519,0
3.1993723,2.7590356,3.5290031,0.95285785,0.2397574,0.18595147,0
-2.9835382,-3.6733592,-4.2303104,-0.95285785,-0.2397574,-0.18595147,0
0.51292896,-3.6246409,-2.8736277,0.30077147,-0.66563308,-0.68298519,0
2.0801477,3.9472728,3.5711656,-0.30077147,0.66563308,0.68298519,0
-5.2308416,1.9809916,2.5105829,-0.30077147,0.66563308,0.68298519,0
-5.2206478,1.1455227,2.9716377,-0.30077147,0.66563308,0.68298519,0
3.9767051,2.5525661,1.490387,0.95285785,0.2397574,0.18595147,0
2.6980917,0.033207342,-1.6454391,-0.039975256,0.70671701,-0.70636606,0
0.93449831,-3.2150497,-2.8004951,0.30077147,-0.66563308,-0.68298519,0
0.85789108,-2.9253454,-3.2863672,0.30077147,-0.66563308,-0.68298519,0
4.491169,0.42335141,1.2901034,0.95285785,0.2397574,0.18595147,0
-4.5389743,2.3096642,2.2697668,-0.30077147,0.66563308,0.68298519,0
1.733952,1.602795,2.8150501,0.039975256,-0.70671701,0.70636606,0
3.8608458,-2.4532449,-2.668406,0.30077147,-0.66563308,-0.68298519,0
5.2123585,-1.2932472,-1.6570129,0.95285785,0.2397574,0.18595147,0
-4.1199884,-2.2020311,-1.2841301,-0.95285785,-0.2397574,-0.18595147,0
-0.68036479,-0.69254804,0.52850342,0.039975256,-0.70671701,0.70636606,0
-1.1421366,-4.0619726,-3.2886932,0.30077147,-0.66563308,-0.68298519,0
-4.6917901,0.6382103,-0.71869707,-0.039975256,0.70671701,-0.70636606,0
1.3722,-3.4362986,-2.5438557,0.30077147,-0.66563308,-0.68298519,0
-0.094554663,-3.1376653,-1.5439537,0.039975256,-0.70671701,0.70636606,0
3.1250997,-0.2858634,0.92315602,0.039975256,-0.70671701,0.70636606,0
4.0947771,1.5578736,1.3303192,0.95285785,0.2397574,0.18595147,0
4.5335045,-1.5333599,-2.9335485,0.30077147,-0.66563308,-0.68298519,0
4.042356,-2.4445484,-2.2985392,0.30077147,-0.66563308,-0.68298519,0
-1.3328466,3.2234583,2.8945456,-0.30077147,0.66563308,0.68298519,0
4.5442944,-0.028865337,0.56809282,0.95285785,0.2397574,0.18595147,0
4.7822142,0.12212634,0.42195034,0.95285785,0.2397574,0.18595147,0
-4.0150762,-2.1437783,-0.45307636,-0.95285785,-0.2397574,-0.18595147,0
-4.2651448,-1.2365568,-1.5236282,-0.95285785,-0.2397574,-0.18595147,0
-2.9871631,-3.476161,-3.3861494,-0.95285785,-0.2397574,-0.18595147,0
-0.17285872,2.8742363,1.6203358,-0.039975256,0.70671701,-0.70636606,0
-4.7390876,0.30744123,0.10592413,-0.95285785,-0.2397574,-0.18595147,0
-3.4792211,1.3433534,3.0134888,0.039975256,-0.70671701,0.70636606,0
2.1447201,-2.4044838,-3.3674278,0.30077147,-0.66563308,-0.68298519,0
4.6648149,0.69661331,-0.14603806,0.95285785,0.2397574,0.18595147,0
2.0228982,2.5426283,4.0217233,0.039975256,-0.70671701,0.70636606,0
-3.2309713,-4.1601739,-2.6739886,-0.95285785,-0.2397574,-0.18595147,0
-1.1537042,-0.39422622,0.85516882,0.039975256,-0.70671701,0.70636606,0
-1.5604215,-3.5388899,-3.8009892,0.30077147,-0.66563308,-0.68298519,0
-0.28915501,-2.7983427,-1.6023455,0.039975256,-0.70671701,0.70636606,0
2.2277694,-2.5080285,-3.3584371,0.30077147,-0.66563308,-0.68298519,0
-1.0462037,-2.0658231,-0.5613572,0.039975256,-0.70671701,0.70636606,0
-1.8932354,2.6597633,1.6186845,-0.039975256,0.70671701,-0.70636606,0
2.3735046,3.616925,4.2972398,-0.30077147,0.66563308,0.68298519,0
3.6161897,2.5504665,3.3443539,0.95285785,0.2397574,0.18595147,0
-3.4201081,2.6781826,2.5203047,-0.30077147,0.66563308,0.68298519,0
-3.1194587,-2.715652,-1.3532324,0.039975256,-0.70671701,0.70636606,0
5.1999159,-1.1315488,-0.503088,0.95285785,0.2397574,0.18595147,0
-3.0652962,-3.4240448,-3.3454025,-0.95285785,-0.2397574,-0.18595147,0
-2.683279,-4.5911107,-3.1700094,0.039975256,-0.70671701,0.70636606,0
2.0497999,4.2933912,2.7516665,-0.039975256,0.70671701,-0.70636606,0
2.0416684,4.1179748,3.442158,-0.30077147,0.66563308,0.68298519,0
4.6011734,0.26887441,0.54044867,0.95285785,0.2397574,0.18595147,0
-5.2981982,1.3079517,1.4088507,-0.95285785,-0.2397574,-0.18595147,0
-5.2267251,1.3377422,1.4753103,-0.95285785,-0.2397574,-0.18595147,0
3.8696923,-2.1158848,-0.67593193,0.039975256,-0.70671701,0.70636606,0
2.3774266,-2.7623589,-2.8474741,0.30077147,-0.66563308,-0.68298519,0
0.43199396,3.3531632,1.6763796,-0.039975256,0.70671701,-0.70636606,0
4.7528877,-1.0066386,0.09319973,0.95285785,0.2397574,0.18595147,0
-4.4973421,1.6364123,3.0284152,-0.30077147,0.66563308,0.68298519,0
4.7678165,-0.091849804,0.80698061,0.95285785,0.2397574,0.18595147,0
-3.8730559,-1.8990264,-2.2754414,-0.95285785,-0.2397574,-0.18595147,0
0.29876423,-0.538221,-1.7424448,-0.039975256,0.70671701,-0.70636606,0
-3.7060425,-2.2683809,-2.8649776,-0.95285785,-0.2397574,-0.18595147,0
-3.8690023,2.9441292,1.9394121,-0.30077147,0.66563308,0.68298519,0
4.5528245,-1.7446471,-0.358675,0.039975256,-0.70671701,0.70636606,0
-4.6165638,-0.19890738,0.55312109,-0.95285785,-0.2397574,-0.18595147,0
-4.0780396,-1.6212194,-1.2935393,-0.95285785,-0.2397574,-0.18595147,0
-3.7069123,1.7051401,3.1678956,-0.30077147,0.66563308,0.68298519,0
0.54431701,-3.2548387,-1.8466532,0.039975256,-0.70671701,0.70636606,0
0.75230932,3.9200828,3.1843066,-0.30077147,0.66563308,0.68298519,0
5.4516521,-2.406074,-1.5708952,0.30077147,-0.66563308,-0.68298519,0
5.214653,-1.5990417,-2.7248969,0.30077147,-0.66563308,-0.68298519,0
-0.34760332,-3.3682666,-3.2670374,0.30077147,-0.66563308,-0.68298519,0
-0.25180387,3.5529137,2.7589974,-0.30077147,0.66563308,0.68298519,0
5.2904315,-0.9625001,-1.3894839,0.95285785,0.2397574,0.18595147,0
4.3248348,0.88476074,0.56366444,0.95285785,0.2397574,0.18595147,0
1.2368054,-0.6370557,0.98750305,0.039975256,-0.70671701,0.70636606,0
-0.20741892,-2.0866823,-3.7113218,-0.039975256,0.70671701,-0.70636606,0
3.439846,-0.81875217,0.4438324,0.039975256,-0.70671701,0.70636606,0
-3.6064813,0.25601995,-1.1891222,-0.039975256,0.70671701,-0.70636606,0
4.3861942,-2.0416226,-2.608593,0.30077147,-0.66563308,-0.68298519,0
-4.6891022,-0.42894346,1.3329077,-0.95285785,-0.2397574,-0.18595147,0
-3.1260731,-3.5602665,-2.5267389,-0.95285785,-0.2397574,-0.18595147,0
3.1088614,3.2005439,3.508986,0.95285785,0.2397574,0.18595147,0
0.13763905,3.3379841,3.4926915,-0.30077147,0.66563308,0.68298519,0
-4.5504951,1.9282564,2.7022066,-0.30077147,0.66563308,0.68298519,0
-2.8157749,-4.114996,-2.6764524,0.039975256,-0.70671701,0.70636606,0
1.0945859,3.5856576,3.4467409,-0.30077147,0.66563308,0.68298519,0
-2.9192824,-4.6359153,-2.9495466,-0.95285785,-0.2397574,-0.18595147,0
-5.0788851,1.5372295,0.81059694,-0.95285785,-0.2397574,-0.18595147,0
3.1391654,-1.9649736,-3.0472817,0.30077147,-0.66563308,-0.68298519,0
3.3473263,-2.7405961,-2.6432159,0.30077147,-0.66563308,-0.68298519,0
-2.2374163,3.1272924,2.5430257,-0.30077147,0.66563308,0.68298519,0
-1.5200577,-1.3343432,-2.8796225,-0.039975256,0.70671701,-0.70636606,0
4.8469701,0.25727391,-0.1747694,0.95285785,0.2397574,0.18595147,0
-2.6366019,-4.7220607,-3.3109696,0.30077147,-0.66563308,-0.68298519,0
-3.4997201,-2.3144903,-2.6913843,-0.95285785,-0.2397574,-0.18595147,0
-4.7824388,0.091126442,-0.52229786,-0.95285785,-0.2397574,-0.18595147,0
3.0369124,1.582754,2.8913617,0.039975256,-0.70671701,0.70636606,0
2.3542156,0.45868814,-0.96117377,-0.039975256,0.70671701,-0.70636606,0
-1.4603133,2.4209564,3.4153588,-0.30077147,0.66563308,0.68298519,0
-3.2542048,0.26619852,1.9200244,0.039975256,-0.70671701,0.70636606,0
-1.7369161,-4.589891,-2.9556749,0.30077147,-0.66563308,-0.68298519,0
-0.51896095,-1.8494487,-3.4033964,-0.039975256,0.70671701,-0.70636606,0
4.8577337,-0.48029149,-0.61705542,0.95285785,0.2397574,0.18595147,0
-5.1371408,2.19754,2.0971885,-0.30077147,0.66563308,0.68298519,0
3.3956592,0.48364252,-1.1696365,-0.039975256,0.70671701,-0.70636606,0
0.66222095,-3.7280619,-2.4945931,0.30077147,-0.66563308,-0.68298519,0
-4.7715507,0.40604281,-0.72405148,-0.95285785,-0.2397574,-0.18595147,0
-5.1974649,1.3121711,2.7328935,-0.30077147,0.66563308,0.68298519,0
-3.1921513,-2.1497667,-0.68850899,0.039975256,-0.70671701,0.70636606,0
5.5154939,-1.827636,-2.5409904,0.30077147,-0.66563308,-0.68298519,0
4.8882494,0.23601305,-0.27544451,0.95285785,0.2397574,0.18595147,0
-3.3374188,2.8612177,2.0628088,-0.30077147,0.66563308,0.68298519,0
3.3571024,3.7147369,2.7049592,0.95285785,0.2397574,0.18595147,0
-1.7218453,1.2144077,-0.010333538,-0.039975256,0.70671701,-0.70636606,0
4.1138535,-0.20604813,0.90193844,0.039975256,-0.70671701,0.70636606,0
4.2988133,1.0830438,-0.1286397,0.95285785,0.2397574,0.18595147,0
-1.1715412,-2.8972352,-4.1545687,0.30077147,-0.66563308,-0.68298519,0
-2.9605441,-3.9866812,-4.2660179,0.30077147,-0.66563308,-0.68298519,0
-4.2947087,-1.4139822,-1.0598578,-0.95285785,-0.2397574,-0.18595147,0
5.5070777,-2.2554474,-1.8908591,0.95285785,0.2397574,0.18595147,0
1.0989623,2.2978909,3.4908619,0.039975256,-0.70671701,0.70636606,0
-4.3079591,-0.018024743,1.6480546,0.039975256,-0.70671701,0.70636606,0
-1.6326628,3.513654,2.4562831,-0.30077147,0.66563308,0.68298519,0
-0.12263203,2.9147601,3.9057512,-0.30077147,0.66563308,0.68298519,0
-2.1464543,-0.53293258,0.72328401,0.039975256,-0.70671701,0.70636606,0
3.4731936,-2.0483789,-3.3286228,0.30077147,-0.66563308,-0.68298519,0
-1.8127949,-3.4731021,-1.9711406,0.039975256,-0.70671701,0.70636606,0
4.5807576,-2.8568149,-1.8909955,0.30077147,-0.66563308,-0.68298519,0
0.96277952,2.6245813,3.811882,0.039975256,-0.70671701,0.70636606,0
-3.9828072,-1.9173485,-0.26876068,-0.95285785,-0.2397574,-0.18595147,0
-3.441601,-2.4759426,-3.2186105,-0.95285785,-0.2397574,-0.18595147,0
4.9821129,-0.048877597,-0.37888575,0.95285785,0.2397574,0.18595147,0
-3.1736865,-4.2099538,-2.963232,-0.95285785,-0.2397574,-0.18595147,0
-2.6933494,2.73612,2.6451383,-0.30077147,0.66563308,0.68298519,0
-2.5808668,-3.8580434,-3.7847352,0.30077147,-0.66563308,-0.68298519,0
0.81081963,-2.3694773,-3.8019645,0.30077147,-0.66563308,-0.68298519,0
5.1050453,-2.0004611,-2.2762318,0.30077147,-0.66563308,-0.68298519,0
-1.0041504,3.8887782,2.6043079,-0.30077147,0.66563308,0.68298519,0
-1.2720466,2.2524667,3.7121971,-0.30077147,0.66563308,0.68298519,0
3.1709368,-1.9084874,-0.94475007,0.039975256,-0.70671701,0.70636606,0
-2.6927481,0.64462221,2.2100914,0.039975256,-0.70671701,0.70636606,0
-2.7889647,-0.54490757,1.1215866,0.039975256,-0.70671701,0.70636606,0
5.3150434,-1.2101068,-1.6568351,0.95285785,0.2397574,0.18595147,0
-1.6612159,0.1958821,1.4400958,0.039975256,-0.70671701,0.70636606,0
4.3043394,-1.9333662,-2.8041453,0.30077147,-0.66563308,-0.68298519,0
-3.9090552,-0.24805784,-1.2554576,-0.039975256,0.70671701,-0.70636606,0
3.3378658,1.7826467,0.44191909,-0.039975256,0.70671701,-0.70636606,0
3.3135622,3.1086192,3.0216267,0.95285785,0.2397574,0.18595147,0
0.75863552,3.2186656,3.9375186,-0.30077147,0.66563308,0.68298519,0
-2.8058233,-2.8906765,-4.1785326,-0.039975256,0.70671701,-0.70636606,0
-4.5623941,0.28097081,1.7666564,0.039975256,-0.70671701,0.70636606,0
-3.0904932,2.1305516,3.1925309,-0.30077147,0.66563308,0.68298519,0
-0.094097137,-2.0857096,-0.85687208,0.039975256,-0.70671701,0.70636606,0
-1.6799679,-3.0360446,-4.428772,0.30077147,-0.66563308,-0.68298519,0
4.397963,1.2800688,0.65822363,0.95285785,0.2397574,0.18595147,0
5.2016926,-1.8904924,-2.1809134,0.30077147,-0.66563308,-0.68298519,0
2.2415667,4.7144585,3.1500423,-0.30077147,0.66563308,0.68298519,0
-2.037225,-1.0299088,0.72106338,0.039975256,-0.70671701,0.70636606,0
1.0955067,-3.3528762,-2.7768185,0.30077147,-0.66563308,-0.68298519,0
-3.5858619,2.3265777,2.9515564,-0.30077147,0.66563308,0.68298519,0
3.3842402,3.6740696,2.7602937,0.95285785,0.2397574,0.18595147,0
3.0483189,3.2597911,3.8086617,0.95285785,0.2397574,0.18595147,0
-3.5510187,-2.9015045,-2.1319778,-0.95285785,-0.2397574,-0.18595147,0
-2.8180797,2.068537,3.2115397,-0.30077147,0.66563308,0.68298519,0
-5.4240966,1.6559409,1.5051684,-0.95285785,-0.2397574,-0.18595147,0
-0.090895653,3.8393726,2.6411378,-0.30077147,0.66563308,0.68298519,0
1.2697563,4.3408604,2.9864788,-0.30077147,0.66563308,0.68298519,0
3.1831284,0.67728668,-0.94855237,-0.039975256,0.70671701,-0.70636606,0
0.32554817,-3.4009709,-2.9348483,0.30077147,-0.66563308,-0.68298519,0
0.83413935,3.1636379,4.0301924,-0.30077147,0.66563308,0.68298519,0
-3.2280302,-3.2983651,-4.0812435,-0.95285785,-0.2397574,-0.18595147,0
-2.1284647,1.2194593,0.035704851,-0.039975256,0.70671701,-0.70636606,0
3.8002663,2.6847997,1.2628963,0.95285785,0.2397574,0.18595147,0
-2.7438955,0.22157025,-0.97171783,-0.039975256,0.70671701,-0.70636606,0
-0.69986582,-0.55234653,1.0081695,0.039975256,-0.70671701,0.70636606,0
-4.4192801,-1.2223188,0.19807911,-0.95285785,-0.2397574,-0.18595147,0
-2.8493681,-4.7868872,-3.229651,-0.95285785,-0.2397574,-0.18595147,0
2.2568202,4.3250937,2.5024559,-0.039975256,0.70671701,-0.70636606,0
2.6703777,4.0967908,3.5346448,-0.30077147,0.66563308,0.68298519,0
4.7911739,0.66591436,-0.73443174,0.95285785,0.2397574,0.18595147,0
-1.3270884,-4.3057971,-3.0670779,0.30077147,-0.66563308,-0.68298519,0
5.6055379,-2.0067596,-1.9490309,0.30077147,-0.66563308,-0.68298519,0
-5.3864627,1.7741916,2.411664,-0.30077147,0.66563308,0.68298519,0
-4.3035884,-0.81890762,-0.73705959,-0.95285785,-0.2397574,-0.18595147,0
-3.0292366,1.8659937,3.3109555,-0.30077147,0.66563308,0.68298519,0
-3.0523543,-2.1386554,-0.68807411,0.039975256,-0.70671701,0.70636606,0
2.7570815,3.9831138,3.8861322,-0.30077147,0.66563308,0.68298519,0
3.5554605,1.011457,2.4986007,0.039975256,-0.70671701,0.70636606,0
-1.1577215,-2.8775673,-4.0531569,0.30077147,-0.66563308,-0.68298519,0
5.2339849,-1.2311852,-1.4716225,0.95285785,0.2397574,0.18595147,0
2.0123973,4.2682862,2.8200467,-0.039975256,0.70671701,-0.70636606,0
3.4808741,2.3996766,2.79668,0.95285785,0.2397574,0.18595147,0
2.5708265,-2.6618934,-3.1359634,0.30077147,-0.66563308,-0.68298519,0
2.1791227,1.069316,-0.41481495,-0.039975256,0.70671701,-0.70636606,0
2.5177512,1.0923101,2.3184109,0.039975256,-0.70671701,0.70636606,0
0.23244756,-1.549335,0.10837683,0.039975256,-0.70671701,0.70636606,0
-4.2074208,-1.3598431,-1.6573126,-0.95285785,-0.2397574,-0.18595147,0
3.6395476,2.4838436,1.9867558,0.95285785,0.2397574,0.18595147,0
4.0551147,-2.5529873,-1.1836724,0.039975256,-0.70671701,0.70636606,0
1.8681259,1.0303144,2.2511764,0.039975256,-0.70671701,0.70636606,0
-3.8150735,-2.3538921,-1.0128455,-0.95285785,-0.2397574,-0.18595147,0
-1.6613853,0.87332654,2.2277124,0.039975256,-0.70671701,0.70636606,0
-4.3854055,-1.6876984,-0.33256817,-0.95285785,-0.2397574,-0.18595147,0
-4.9566751,1.5231941,3.0453091,-0.30077147,0.66563308,0.68298519,0
4.2247419,1.6125262,0.60902977,0.95285785,0.2397574,0.18595147,0
-5.6748686,2.0380101,1.2971635,-0.95285785,-0.2397574,-0.18595147,0
3.6024683,2.8099957,2.0972927,0.95285785,0.2397574,0.18595147,0
-4.5461721,0.045498371,-1.0508676,-0.95285785,-0.2397574,-0.18595147,0
0.91708231,-2.3117816,-3.8965812,0.30077147,-0.66563308,-0.68298519,0
-5.5408263,2.2906179,1.7068334,-0.95285785,-0.2397574,-0.18595147,0
-4.8691974,0.13452637,1.3477473,-0.95285785,-0.2397574,-0.18595147,0
3.3092179,4.0123491,2.868475,0.95285785,0.2397574,0.18595147,0
-2.5060573,1.2268472,2.7150149,0.039975256,-0.70671701,0.70636606,0
4.2768331,-2.4041452,-2.0989013,0.30077147,-0.66563308,-0.68298519,0
-1.4081812,-3.7258949,-3.8301783,0.30077147,-0.66563308,-0.68298519,0
2.8486054,2.1368384,3.3944521,0.039975256,-0.70671701,0.70636606,0
3.4185019,-0.93566364,-2.5319121,-0.039975256,0.70671701,-0.70636606,0
2.1424117,-1.3343034,0.13092351,0.039975256,-0.70671701,0.70636606,0
2.5318184,0.61568034,1.8643312,0.039975256,-0.70671701,0.70636606,0
-0.17515182,1.2425891,2.466023,0.039975256,-0.70671701,0.70636606,0
4.9897027,-0.96337342,-0.52074337,0.95285785,0.2397574,0.18595147,0
-3.8370335,2.2070985,2.6423979,-0.30077147,0.66563308,0.68298519,0
3.2494011,3.1765943,2.7675772,0.95285785,0.2397574,0.18595147,0
3.1732123,3.0301979,3.0555401,0.95285785,0.2397574,0.18595147,0
-1.1305501,-3.348418,-1.8964312,0.039975256,-0.70671701,0.70636606,0
-1.9507442,-3.0781994,-1.2994283,0.039975256,-0.70671701,0.70636606,0
4.9554834,-2.5829382,-1.8638015,0.30077147,-0.66563308,-0.68298519,0
-3.4165843,-3.4733837,-1.9124846,-0.95285785,-0.2397574,-0.18595147,0
3.0079641,-0.62508911,-2.0896819,-0.039975256,0.70671701,-0.70636606,0
-2.5359135,-4.1345,-3.7508869,0.30077147,-0.66563308,-0.68298519,0
-3.7630155,2.8615682,2.3096189,-0.30077147,0.66563308,0.68298519,0
-2.590754,-4.1022129,-3.7458882,0.30077147,-0.66563308,-0.68298519,0
-0.14483547,-2.8042088,-3.771265,0.30077147,-0.66563308,-0.68298519,0
5.0010219,-2.0704663,-2.4618931,0.30077147,-0.66563308,-0.68298519,0
-3.1819456,2.9075465,2.1232896,-0.30077147,0.66563308,0.68298519,0
5.2192101,-0.95489669,-0.34094906,0.95285785,0.2397574,0.18595147,0
-4.0306911,-1.5903739,-1.7506397,-0.95285785,-0.2397574,-0.18595147,0
1.2777333,-3.0592456,-3.2022595,0.30077147,-0.66563308,-0.68298519,0
0.99907267,-0.95764923,0.2491504,0.039975256,-0.70671701,0.70636606,0
-1.6640229,1.4587098,3.23826,0.039975256,-0.70671701,0.70636606,0
4.1787682,1.0455965,2.3590615,0.95285785,0.2397574,0.18595147,0
-1.0568752,2.6353781,3.6908937,-0.30077147,0.66563308,0.68298519,0
-4.8279519,2.7060339,2.0297947,-0.30077147,0.66563308,0.68298519,0
-0.62275553,-1.1413646,-2.5073774,-0.039975256,0.70671701,-0.70636606,0
0.14581776,2.6219952,3.9811792,-0.30077147,0.66563308,0.68298519,0
-5.7386899,1.2906495,2.6109362,-0.30077147,0.66563308,0.68298519,0
1.3430886,3.6262136,3.7721801,-0.30077147,0.66563308,0.68298519,0
-0.7381897,3.3556027,3.2700434,-0.30077147,0.66563308,0.68298519,0
-1.5526199,-3.8859112,-2.1918783,0.039975256,-0.70671701,0.70636606,0
0.10971832,3.3954895,2.1414628,-0.039975256,0.70671701,-0.70636606,0
-3.7786577,-1.4476932,-2.2832184,-0.95285785,-0.2397574,-0.18595147,0
-0.13933897,-3.1450446,-3.7901001,0.30077147,-0.66563308,-0.68298519,0
1.8236656,-2.9794888,-3.1284318,0.30077147,-0.66563308,-0.68298519,0
-3.9961305,-0.47849083,1.14326,0.039975256,-0.70671701,0.70636606,0
-4.8704414,-0.063188076,1.6790504,0.039975256,-0.70671701,0.70636606,0
1.2920232,-3.1799316,-2.8296154,0.30077147,-0.66563308,-0.68298519,0
-3.6982284,-1.8020608,-2.3175743,-0.95285785,-0.2397574,-0.18595147,0
-0.88486648,-3.4389358,-1.8069831,0.039975256,-0.70671701,0.70636606,0
-4.3974519,0.41055495,2.1894841,0.039975256,-0.70671701,0.70636606,0
0.74933863,2.8336434,4.2558084,-0.30077147,0.66563308,0.68298519,0
2.8514061,2.9109387,4.1145539,0.039975256,-0.70671701,0.70636606,0
4.6247139,1.0017809,-0.073885441,0.95285785,0.2397574,0.18595147,0
-3.6577001,-2.8263576,-1.8026023,-0.95285785,-0.2397574,-0.18595147,0
0.68139863,2.428432,1.071481,-0.039975256,0.70671701,-0.70636606,0
-3.0991762,2.0324898,3.5188093,-0.30077147,0.66563308,0.68298519,0
-2.4953141,0.5506866,-0.97335052,-0.039975256,0.70671701,-0.70636606,0
4.5180073,0.74069172,-0.37883091,0.95285785,0.2397574,0.18595147,0
3.2962894,2.9357946,4.3655057,0.95285785,0.2397574,0.18595147,0
-4.239912,2.1284325,2.3847251,-0.30077147,0.66563308,0.68298519,0
-4.2337461,-1.9426187,-0.77869034,-0.95285785,-0.2397574,-0.18595147,0
2.0048563,-1.5995096,-3.2527895,-0.039975256,0.70671701,-0.70636606,0
-4.9217753,0.82026172,0.48479652,-0.95285785,-0.2397574,-0.18595147,0
2.5748181,1.3312742,-0.3378222,-0.039975256,0.70671701,-0.70636606,0
-1.8465836,-1.703631,-0.16156888,0.039975256,-0.70671701,0.70636606,0
5.3133259,-0.51416391,-1.9960852,0.95285785,0.2397574,0.18595147,0
2.5578918,-2.30884,-3.218174,0.30077147,-0.66563308,-0.68298519,0
-3.1102018,-3.2134697,-3.9271212,-0.95285785,-0.2397574,-0.18595147,0
-3.1675653,-3.0403054,-4.2031727,-0.95285785,-0.2397574,-0.18595147,0
-5.4337168,2.572144,1.4259996,-0.30077147,0.66563308,0.68298519,0
0.76388025,-2.8126092,-3.5498655,0.30077147,-0.66563308,-0.68298519,0
-1.4130311,-4.2743444,-3.2571225,0.30077147,-0.66563308,-0.68298519,0
-0.86435878,-1.4141674,0.32666242,0.039975256,-0.70671701,0.70636606,0
-5.0040894,2.5855026,1.8026547,-0.30077147,0.66563308,0.68298519,0
-1.8393312,-3.6259508,-1.9257607,0.039975256,-0.70671701,0.70636606,0
3.6974025,2.2292266,2.3458278,0.95285785,0.2397574,0.18595147,0
-5.3308897,1.5069518,1.6277151,-0.95285785,-0.2397574,-0.18595147,0
-1.5624111,-2.8505175,-1.272324,0.039975256,-0.70671701,0.70636606,0
-1.7394629,2.8277578,1.6407539,-0.039975256,0.70671701,-0.70636606,0
4.9247622,-0.56799543,-0.74874401,0.95285785,0.2397574,0.18595147,0
4.0900187,1.3736017,1.3892105,0.95285785,0.2397574,0.18595147,0
-0.80479765,3.3631201,3.0946777,-0.30077147,0.66563308,0.68298519,0
-3.2476022,3.1086359,2.2931724,-0.30077147,0.66563308,0.68298519,0
-2.6337028,-3.5229223,-4.5338206,0.30077147,-0.66563308,-0.68298519,0
1.4596405,-3.2875912,-3.0014434,0.30077147,-0.66563308,-0.68298519,0
0.80049515,3.9907739,2.8581603,-0.30077147,0.66563308,0.68298519,0
-4.475441,-1.2341918,-0.52478981,-0.95285785,-0.2397574,-0.18595147,0
-1.7191815,-4.2321868,-3.3157632,0.30077147,-0.66563308,-0.68298519,0
3.9870272,2.1950154,1.1825399,0.95285785,0.2397574,0.18595147,0
-1.0872028,-1.1939346,-2.4546998,-0.039975256,0.70671701,-0.70636606,0
-0.37484312,2.4675813,3.7606635,-0.30077147,0.66563308,0.68298519,0
2.3999491,-2.2460742,-3.5072911,0.30077147,-0.66563308,-0.68298519,0
-4.7847347,0.91026723,0.1936183,-0.95285785,-0.2397574,-0.18595147,0
-1.0753772,-0.88091373,0.36269635,0.039975256,-0.70671701,0.70636606,0
3.8652411,1.804333,1.0012562,0.95285785,0.2397574,0.18595147,0
4.8896456,-2.0076332,-2.4815326,0.30077147,-0.66563308,-0.68298519,0
4.4511614,0.60062671,0.72637796,0.95285785,0.2397574,0.18595147,0
-4.880702,0.13748884,1.2129984,-0.95285785,-0.2397574,-0.18595147,0
-2.1358058,-0.91366911,0.85421824,0.039975256,-0.70671701,0.70636606,0
3.6355672,-2.9279308,-1.8550084,0.30077147,-0.66563308,-0.68298519,0
-0.41035748,2.1439402,0.89150459,-0.039975256,0.70671701,-0.70636606,0
4.1365447,1.6912858,1.4770954,0.95285785,0.2397574,0.18595147,0
3.8032243,2.6431303,0.85730815,0.95285785,0.2397574,0.18595147,0
2.8909788,-0.58319348,-1.9642599,-0.039975256,0.70671701,-0.70636606,0
2.7271199,-2.8104677,-2.8326705,0.30077147,-0.66563308,-0.68298519,0
-3.906878,-1.1466286,-1.6807442,-0.95285785,-0.2397574,-0.18595147,0
0.22885561,-2.7290018,-3.9817057,0.30077147,-0.66563308,-0.68298519,0
-1.317857,1.34793,2.9783664,0.039975256,-0.70671701,0.70636606,0
-0.36452627,-3.0313396,-3.8718877,0.30077147,-0.66563308,-0.68298519,0
2.6110787,-2.3979108,-1.0518887,0.039975256,-0.70671701,0.70636606,0
-4.3044176,-1.695436,-0.2404604,-0.95285785,-0.2397574,-0.18595147,0
3.60166,2.808295,2.7665808,0.95285785,0.2397574,0.18595147,0
3.7745016,0.26643097,1.2572374,0.039975256,-0.70671701,0.70636606,0
1.3387675,4.2081957,2.8438444,-0.30077147,0.66563308,0.68298519,0
-3.2537179,-3.7719557,-3.5811043,-0.95285785,-0.2397574,-0.18595147,0
5.0310221,-0.77682137,-0.58829927,0.95285785,0.2397574,0.18595147,0
3.0977089,-1.8901067,-3.4844904,-0.039975256,0.70671701,-0.70636606,0
3.0654225,4.0839481,2.841116,0.95285785,0.2397574,0.18595147,0
5.1029377,-0.098033786,-0.78522062,0.95285785,0.2397574,0.18595147,0
2.3494306,3.5487237,3.9016094,-0.30077147,0.66563308,0.68298519,0
0.05852139,-0.51200867,0.81291753,0.039975256,-0.70671701,0.70636606,0
-0.3871364,-1.4265201,-0.10740787,0.039975256,-0.70671701,0.70636606,0
4.9988127,-1.3815827,-0.44824648,0.95285785,0.2397574,0.18595147,0
-4.7749386,-0.39578831,0.68793154,-0.95285785,-0.2397574,-0.18595147,0
-4.4230919,1.8925787,2.9632907,-0.30077147,0.66563308,0.68298519,0
-3.1739385,-2.9448845,-1.4448757,0.039975256,-0.70671701,0.70636606,0
4.0598092,0.8342613,1.8582296,0.95285785,0.2397574,0.18595147,0
-3.0789599,-2.8149438,-1.2933929,0.039975256,-0.70671701,0.70636606,0
-4.5406189,-0.38523746,0.34951162,-0.95285785,-0.2397574,-0.18595147,0
2.3293059,-3.4363234,-2.3507171,0.30077147,-0.66563308,-0.68298519,0
-2.7155571,-3.5728247,-4.2323294,0.30077147,-0.66563308,-0.68298519,0
2.6699705,0.80641717,-0.56056929,-0.039975256,0.70671701,-0.70636606,0
0.93018675,4.1974277,2.5700383,-0.039975256,0.70671701,-0.70636606,0
-4.4133177,-1.1395944,-0.73186111,-0.95285785,-0.2397574,-0.18595147,0
-3.9396319,2.5613368,2.3211467,-0.30077147,0.66563308,0.68298519,0
3.6989732,2.0014253,2.1401799,0.95285785,0.2397574,0.18595147,0
1.3624554,3.9297585,3.5968208,-0.30077147,0.66563308,0.68298519,0
1.5171072,0.86052668,2.161685,0.039975256,-0.70671701,0.70636606,0
0.43246794,-3.4459548,-1.7837473,0.039975256,-0.70671701,0.70636606,0
-0.52344084,-2.1364317,-3.5286422,-0.039975256,0.70671701,-0.70636606,0
-0.71282673,3.5497026,3.0896041,-0.30077147,0.66563308,0.68298519,0
4.6020432,0.50289047,0.97863436,0.95285785,0.2397574,0.18595147,0
-3.3871481,-2.6428154,-2.9593568,-0.95285785,-0.2397574,-0.18595147,0
2.4959033,-3.2731562,-2.4993997,0.30077147,-0.66563308,-0.68298519,0
1.3897443,-2.5529919,-3.3407423,0.30077147,-0.66563308,-0.68298519,0
-2.2562666,2.4088001,3.4588485,-0.30077147,0.66563308,0.68298519,0
-3.4011414,2.8258917,1.4277413,-0.039975256,0.70671701,-0.70636606,0
2.863389,-3.012284,-1.7937043,0.039975256,-0.70671701,0.70636606,0
-3.2504578,1.9024746,3.1737483,-0.30077147,0.66563308,0.68298519,0
4.5298991,0.90512836,-0.56088018,0.95285785,0.2397574,0.18595147,0
-2.0632415,-3.6617906,-3.7917368,0.30077147,-0.66563308,-0.68298519,0
2.5458164,3.5480051,4.449995,-0.30077147,0.66563308,0.68298519,0
-3.9986701,0.23208034,1.9150486,0.039975256,-0.70671701,0.70636606,0
-2.3059306,2.5619037,3.120893,-0.30077147,0.66563308,0.68298519,0
-3.7029383,-2.5846293,-1.7547953,-0.95285785,-0.2397574,-0.18595147,0
4.1999393,0.65262365,1.8642511,0.95285785,0.2397574,0.18595147,0
0.067549586,-0.32127175,-1.5649822,-0.039975256,0.70671701,-0.70636606,0
0.73343801,2.9326978,3.9435122,-0.30077147,0.66563308,0.68298519,0
4.8791571,-1.0929565,-0.13984251,0.039975256,-0.70671701,0.70636606,0
-4.7727561,0.66192758,-0.22920227,-0.95285785,-0.2397574,-0.18595147,0
-2.0004048,-2.6825049,-4.0060244,-0.039975256,0.70671701,-0.70636606,0
-1.4956379,2.2992754,3.4176121,-0.30077147,0.66563308,0.68298519,0
-1.9767356,-2.2576988,-3.5247822,-0.039975256,0.70671701,-0.70636606,0
5.2053423,-0.77723908,-1.1427279,0.95285785,0.2397574,0.18595147,0
3.0925341,3.4535713,1.9626269,-0.039975256,0.70671701,-0.70636606,0
-2.650799,2.24228,3.03654,-0.30077147,0.66563308,0.68298519,0
0.53943706,3.2028728,1.5555599,-0.039975256,0.70671701,-0.70636606,0
4.7461729,-0.56057537,0.50163412,0.95285785,0.2397574,0.18595147,0
-3.2183485,2.5623384,2.4911277,-0.30077147,0.66563308,0.68298519,0
2.6076808,4.7443771,2.9383421,-0.039975256,0.70671701,-0.70636606,0
-0.93306398,-2.8174934,-1.2771558,0.039975256,-0.70671701,0.70636606,0
-4.172595,2.5299971,2.1899219,-0.30077147,0.66563308,0.68298519,0
5.416894,-2.120194,-1.006609,0.039975256,-0.70671701,0.70636606,0
-3.4123597,-2.961767,-2.9826777,-0.95285785,-0.2397574,-0.18595147,0
-5.2465501,1.1010736,1.3574467,-0.95285785,-0.2397574,-0.18595147,0
4.2107134,1.874795,1.1975141,0.95285785,0.2397574,0.18595147,0
-4.1872067,-0.72320557,-1.3253474,-0.95285785,-0.2397574,-0.18595147,0
-0.29172373,2.7890024,3.7973027,-0.30077147,0.66563308,0.68298519,0
4.0474567,2.0666311,0.54244518,-0.039975256,0.70671701,-0.70636606,0
0.85276079,3.1261294,3.840049,-0.30077147,0.66563308,0.68298519,0
2.9765053,-2.2369044,-3.1019337,0.30077147,-0.66563308,-0.68298519,0
4.0975685,-1.8226088,-3.1442428,0.30077147,-0.66563308,-0.68298519,0
4.3051515,-2.2984245,-2.2162681,0.30077147,-0.66563308,-0.68298519,0
3.9773881,1.5299188,1.6835649,0.95285785,0.2397574,0.18595147,0
-1.4878931,-3.5145855,-3.8979907,0.30077147,-0.66563308,-0.68298519,0
-1.5955186,-3.1782067,-4.2799106,0.30077147,-0.66563308,-0.68298519,0
-0.62646151,3.4869547,2.2628996,-0.039975256,0.70671701,-0.70636606,0
-0.52549076,2.4075451,0.92508787,-0.039975256,0.70671701,-0.70636606,0
-3.9537065,-2.2883754,-0.47864008,0.039975256,-0.70671701,0.70636606,0
4.6247673,0.31023324,-0.3815999,0.95285785,0.2397574,0.18595147,0
3.7400875,2.7760212,2.3431952,0.95285785,0.2397574,0.18595147,0
4.8216534,-1.5163001,-0.35733795,0.039975256,-0.70671701,0.70636606,0
3.0774348,3.1860368,1.7669342,-0.039975256,0.70671701,-0.70636606,0
4.7122192,-0.077145934,0.49239731,0.95285785,0.2397574,0.18595147,0
-5.090734,1.085373,0.80282354,-0.95285785,-0.2397574,-0.18595147,0
2.9916217,2.8409665,1.2348433,-0.039975256,0.70671701,-0.70636606,0
2.2116406,-1.8488145,-3.5800674,0.30077147,-0.66563308,-0.68298519,0
-2.2688029,3.0431132,1.7628908,-0.039975256,0.70671701,-0.70636606,0
2.9370553,0.67206734,-0.7976563,-0.039975256,0.70671701,-0.70636606,0
-1.2263207,-2.6198049,-3.9367721,-0.039975256,0.70671701,-0.70636606,0
4.2180414,-2.2479501,-2.521431,0.30077147,-0.66563308,-0.68298519,0
-0.62069225,-3.3692176,-1.6710286,0.039975256,-0.70671701,0.70636606,0
0.7252326,-0.88636911,-2.3139429,-0.039975256,0.70671701,-0.70636606,0
0.9971267,-1.2792096,0.10503781,0.039975256,-0.70671701,0.70636606,0
-5.1982388,1.6541787,0.88084126,-0.95285785,-0.2397574,-0.18595147,0
-3.6577473,2.5015805,2.772543,-0.30077147,0.66563308,0.68298519,0
3.5232115,-2.2300897,-2.9922392,0.30077147,-0.66563308,-0.68298519,0
-4.9706435,-0.038469315,0.25207376,-0.95285785,-0.2397574,-0.18595147,0
3.8733299,1.4399307,1.785063,0.95285785,0.2397574,0.18595147,0
-0.44035912,-3.2205889,-3.7640109,0.30077147,-0.66563308,-0.68298519,0
3.3486636,0.99547279,2.2025576,0.039975256,-0.70671701,0.70636606,0
-2.3767507,2.225837,3.4655061,-0.30077147,0.66563308,0.68298519,0
5.0472541,-0.92546606,-0.040629387,0.95285785,0.2397574,0.18595147,0
3.0349979,4.8614693,3.3966007,0.95285785,0.2397574,0.18595147,0
4.8158827,0.073930621,-0.66970587,0.95285785,0.2397574,0.18595147,0
-3.2682521,-3.9500933,-2.82603,-0.95285785,-0.2397574,-0.18595147,0
-3.7455525,0.60327995,2.2385297,0.039975256,-0.70671701,0.70636606,0
1.4156804,-2.9898405,-3.2392669,0.30077147,-0.66563308,-0.68298519,0
4.3271084,-2.3014338,-2.5107675,0.30077147,-0.66563308,-0.68298519,0
1.0016189,2.9405475,3.9032364,-0.30077147,0.66563308,0.68298519,0
3.870954,2.739397,1.1372285,0.95285785,0.2397574,0.18595147,0
3.162847,3.055408,3.6786866,0.95285785,0.2397574,0.18595147,0
-4.8030806,0.07724297,1.1254239,-0.95285785,-0.2397574,-0.18595147,0
-2.263622,2.7166793,2.8768406,-0.30077147,0.66563308,0.68298519,0
4.2081614,-2.7444201,-2.043119,0.30077147,-0.66563308,-0.68298519,0
0.35435915,1.8069154,3.1182764,0.039975256,-0.70671701,0.70636606,0
2.3316078,3.5125926,4.3793149,-0.30077147,0.66563308,0.68298519,0
1.576344,-3.5720687,-2.3371687,0.30077147,-0.66563308,-0.68298519,0
-4.2364287,-0.82291436,-1.7806981,-0.95285785,-0.2397574,-0.18595147,0
-4.4329214,1.7832726,2.9407721,-0.30077147,0.66563308,0.68298519,0
5.5523562,-2.5261514,-1.3483548,0.95285785,0.2397574,0.18595147,0
-1.3455367,-2.885078,-4.1535387,0.30077147,-0.66563308,-0.68298519,0
1.6289239,-2.0757737,-0.96195471,0.039975256,-0.70671701,0.70636606,0
3.8769372,0.94643784,2.2805221,0.95285785,0.2397574,0.18595147,0
4.154428,0.001229167,0.90710878,0.039975256,-0.70671701,0.70636606,0
-1.1372433,-1.0797496,-2.6757464,-0.039975256,0.70671701,-0.70636606,0
3.5261865,3.1629798,1.646122,0.95285785,0.2397574,0.18595147,0
-5.0715284,1.4593663,2.7722979,-0.30077147,0.66563308,0.68298519,0
3.6513274,2.3573234,2.6271365,0.95285785,0.2397574,0.18595147,0
-3.3504305,-2.9259944,-3.9384632,-0.95285785,-0.2397574,-0.18595147,0
5.0400743,-1.5724152,-2.994976,0.30077147,-0.66563308,-0.68298519,0
-2.7797012,0.045401454,1.7525053,0.039975256,-0.70671701,0.70636606,0
5.2400813,-1.2888439,-1.6511893,0.95285785,0.2397574,0.18595147,0
-3.3026662,-3.438621,-3.1012216,-0.95285785,-0.2397574,-0.18595147,0
-5.1097631,0.85222065,0.51976728,-0.95285785,-0.2397574,-0.18595147,0
5.3667402,-1.3402457,-2.0031638,0.95285785,0.2397574,0.18595147,0
-4.5896344,-0.61230469,-0.33593655,-0.95285785,-0.2397574,-0.18595147,0
-4.5785909,0.2816112,-0.26857805,-0.95285785,-0.2397574,-0.18595147,0
3.4832826,-3.0399578,-1.5805094,0.039975256,-0.70671701,0.70636606,0
2.3754578,4.0509396,3.7265029,-0.30077147,0.66563308,0.68298519,0
3.4100993,3.6196451,3.0593235,0.95285785,0.2397574,0.18595147,0
-3.491605,-2.6537423,-2.5667477,-0.95285785,-0.2397574,-0.18595147,0
-2.8080678,-3.9850862,-3.9133692,0.30077147,-0.66563308,-0.68298519,0
-1.2438192,2.5937066,3.7567034,-0.30077147,0.66563308,0.68298519,0
4.342247,-1.3030847,-0.31152487,0.039975256,-0.70671701,0.70636606,0
-0.58118629,-3.963908,-2.9193902,0.30077147,-0.66563308,-0.68298519,0
4.1748681,2.0818956,0.37471724,-0.039975256,0.70671701,-0.70636606,0
-1.7538342,-0.58526337,-2.1276491,-0.039975256,0.70671701,-0.70636606,0
-4.5161929,-0.98800379,-0.24788094,-0.95285785,-0.2397574,-0.18595147,0
-4.4320068,-0.7269147,0.70563745,0.039975256,-0.70671701,0.70636606,0
-3.6960664,0.36091152,2.0407345,0.039975256,-0.70671701,0.70636606,0
-3.1957045,-4.1620746,-3.3912182,-0.95285785,-0.2397574,-0.18595147,0
3.304826,-2.0117717,-3.2200685,0.30077147,-0.66563308,-0.68298519,0
4.4340887,1.4308207,0.24138737,0.95285785,0.2397574,0.18595147,0
-4.7958851,2.7601111,1.8603239,-0.30077147,0.66563308,0.68298519,0
0.26577711,-3.5675232,-2.3044438,0.039975256,-0.70671701,0.70636606,0
4.8662033,-0.22751433,-1.9872589,-0.039975256,0.70671701,-0.70636606,0
3.9438343,-2.5813866,-2.3003561,0.30077147,-0.66563308,-0.68298519,0
2.3066821,3.5792029,4.1081572,-0.30077147,0.66563308,0.68298519,0
2.7140665,4.6719241,3.2812757,-0.30077147,0.66563308,0.68298519,0
0.91205263,4.2659416,3.1104236,-0.30077147,0.66563308,0.68298519,0
5.1204872,-1.4510322,-0.69118023,0.95285785,0.2397574,0.18595147,0
3.1088731,3.5414748,2.0242577,-0.039975256,0.70671701,-0.70636606,0
-3.108336,-4.0480552,-2.6299033,-0.95285785,-0.2397574,-0.18595147,0
2.7017853,0.16306008,-1.627311,-0.039975256,0.70671701,-0.70636606,0
-1.6421621,-1.2261209,-2.40641,-0.039975256,0.70671701,-0.70636606,0
4.0603724,-1.5856792,-0.24580002,0.039975256,-0.70671701,0.70636606,0
0.064950198,1.0064569,-0.17558143,-0.039975256,0.70671701,-0.70636606,0
-3.6254559,-2.038033,-3.0900548,-0.95285785,-0.2397574,-0.18595147,0
-1.7966809,-3.3531785,-3.9237964,0.30077147,-0.66563308,-0.68298519,0
4.0958419,1.0811387,2.329174,0.95285785,0.2397574,0.18595147,0
3.0200133,3.714695,3.4917142,0.95285785,0.2397574,0.18595147,0
3.4595151,-2.847677,-2.305356,0.30077147,-0.66563308,-0.68298519,0
0.72272778,-2.6360569,-3.8516529,0.30077147,-0.66563308,-0.68298519,0
-4.1950231,0.59677863,2.1577482,0.039975256,-0.70671701,0.70636606,0
-1.1059833,-1.1094542,-2.5255373,-0.039975256,0.70671701,-0.70636606,0
-2.4036613,-3.5872815,-4.3642664,0.30077147,-0.66563308,-0.68298519,0
-3.6494703,-2.0698056,-2.9275124,-0.95285785,-0.2397574,-0.18595147,0
5.4954109,-1.8807701,-2.0955105,0.95285785,0.2397574,0.18595147,0
0.46600628,-3.5461526,-2.2760649,0.039975256,-0.70671701,0.70636606,0
5.5071082,-1.2478869,-1.6450248,0.95285785,0.2397574,0.18595147,0
2.8916011,3.5370533,4.5288668,-0.30077147,0.66563308,0.68298519,0
1.2895684,-3.743984,-2.5739803,0.30077147,-0.66563308,-0.68298519,0
0.31933117,3.6421254,3.0096087,-0.30077147,0.66563308,0.68298519,0
-2.2965078,2.6558371,1.1449869,-0.039975256,0.70671701,-0.70636606,0
-5.7714729,1.8024902,2.1249065,-0.95285785,-0.2397574,-0.18595147,0
3.7412162,0.31129444,1.6749983,0.039975256,-0.70671701,0.70636606,0
1.6618071,-2.8480704,-3.1852849,0.30077147,-0.66563308,-0.68298519,0
1.6756066,-0.81138378,0.44676876,0.039975256,-0.70671701,0.70636606,0
-2.4009662,-4.034399,-3.930793,0.30077147,-0.66563308,-0.68298519,0
-4.1283579,1.6136962,3.3411634,0.039975256,-0.70671701,0.70636606,0
2.3854671,2.5214152,3.8529761,0.039975256,-0.70671701,0.70636606,0
-3.5834262,-2.2384915,-3.1067617,-0.95285785,-0.2397574,-0.18595147,0
-3.0344365,-4.0959978,-2.2314992,0.039975256,-0.70671701,0.70636606,0
4.3981237,0.61903751,1.2610054,0.95285785,0.2397574,0.18595147,0
5.324544,-1.7262925,-1.2251692,0.95285785,0.2397574,0.18595147,0
-1.656873,1.6447263,2.9523077,0.039975256,-0.70671701,0.70636606,0
-3.3459139,-3.6656981,-2.7590733,-0.95285785,-0.2397574,-0.18595147,0
-2.2946389,-2.656652,-0.86977482,0.039975256,-0.70671701,0.70636606,0
0.39502668,2.2453265,3.5325677,0.039975256,-0.70671701,0.70636606,0
4.8016438,0.50799811,-1.2998538,-0.039975256,0.70671701,-0.70636606,0
-4.9573603,1.0204645,-0.30442476,-0.039975256,0.70671701,-0.70636606,0
-2.9477649,-4.345202,-3.6046646,0.30077147,-0.66563308,-0.68298519,0
3.1373487,-0.23599505,1.093945,0.039975256,-0.70671701,0.70636606,0
1.5208521,4.0062246,3.1956522,-0.30077147,0.66563308,0.68298519,0
-3.8237126,-2.8774409,-1.6364007,-0.95285785,-0.2397574,-0.18595147,0
-0.26224005,-1.2122903,0.0027649105,0.039975256,-0.70671701,0.70636606,0
