2.2385218,3.2894158,-3.0589154,0.20423377,0.97569335,-0.079443216,0
-0.43650764,-4.3086419,-2.8545477,-0.20423377,-0.97569335,0.079443216,0
-2.744736,-3.2722194,2.9643846,-0.20423377,-0.97569335,0.079443216,0
1.2928376,-3.7784352,-2.4123347,0.92347777,-0.16510665,0.34630725,0
-0.72437346,-3.9121013,-1.0943911,-0.20423377,-0.97569335,0.079443216,0
0.25191891,3.8207572,-0.34026217,0.20423377,0.97569335,-0.079443216,0
-0.54495215,4.4951434,1.7990708,0.20423377,0.97569335,-0.079443216,0
-1.4848895,-3.7259324,-0.1097784,-0.20423377,-0.97569335,0.079443216,0
-0.98354721,0.96778047,3.9624457,-0.32477289,0.14409158,0.93475151,0
1.1546826,1.5807669,-4.1107545,0.32477289,-0.14409158,-0.93475151,0
1.9281881,1.7683197,-4.0894928,0.32477289,-0.14409158,-0.93475151,0
0.051870584,2.6148129,3.7273078,-0.32477289,0.14409158,0.93475151,0
-0.081137896,-0.92559123,-2.9105988,-0.92347777,0.16510665,-0.34630725,0
0.18048561,-1.8215423,1.6251018,0.92347777,-0.16510665,0.34630725,0
-2.3437724,-2.463716,1.9812093,-0.92347777,0.16510665,-0.34630725,0
1.0022779,-4.4618716,-3.0458186,-0.20423377,-0.97569335,0.079443216,0
1.1881251,3.3866076,-3.7864313,0.20423377,0.97569335,-0.079443216,0
-1.4420156,-3.9114084,-0.34587479,-0.20423377,-0.97569335,0.079443216,0
0.57784593,3.7691493,-0.2951932,0.20423377,0.97569335,-0.079443216,0
-0.62266374,-3.6468463,1.7914538,-0.20423377,-0.97569335,0.079443216,0
0.12748873,3.5960984,3.6458211,-0.32477289,0.14409158,0.93475151,0
1.65555,1.6538219,-3.8909385,0.32477289,-0.14409158,-0.93475151,0
0.29327464,-3.1680212,-3.6576786,0.32477289,-0.14409158,-0.93475151,0
0.46647549,3.7989352,-0.95860577,0.20423377,0.97569335,-0.079443216,0
-1.8697519,-3.3447654,3.5975313,-0.20423377,-0.97569335,0.079443216,0
2.1848693,2.573504,-1.7551882,0.92347777,-0.16510665,0.34630725,0
1.9629711,-1.3326799,-3.2078352,0.32477289,-0.14409158,-0.93475151,0
-1.1677514,3.8801956,3.1269569,-0.32477289,0.14409158,0.93475151,0
0.064063311,2.6077275,4.1019983,-0.32477289,0.14409158,0.93475151,0
0.50492311,3.3727732,-2.4843526,-0.92347777,0.16510665,-0.34630725,0
2.5584869,1.5185206,-3.1067066,0.92347777,-0.16510665,0.34630725,0
-1.9130466,-0.12172854,3.5563111,-0.32477289,0.14409158,0.93475151,0
-0.6587168,1.5095649,-0.18214101,-0.92347777,0.16510665,-0.34630725,0
-0.0087786913,3.9609675,-0.65931773,0.20423377,0.97569335,-0.079443216,0
2.3259301,3.4224207,-1.8441491,0.20423377,0.97569335,-0.079443216,0
1.9724085,-1.7684216,-2.9506316,0.92347777,-0.16510665,0.34630725,0
-1.3402619,0.19458151,3.942275,-0.32477289,0.14409158,0.93475151,0
-2.4760609,-3.0763106,3.7207742,-0.20423377,-0.97569335,0.079443216,0
-1.7143354,0.36078882,3.6541476,-0.32477289,0.14409158,0.93475151,0
-2.5648839,-3.3594325,3.649708,-0.20423377,-0.97569335,0.079443216,0
1.315358,-2.7479031,-3.4005222,0.32477289,-0.14409158,-0.93475151,0
-0.16746426,-3.9297621,1.4459567,0.92347777,-0.16510665,0.34630725,0
0.17108202,-1.9962634,0.91162789,0.92347777,-0.16510665,0.34630725,0
0.17796397,3.8778181,-0.2939508,0.20423377,0.97569335,-0.079443216,0
0.5049901,-3.3888633,-3.7539744,0.32477289,-0.14409158,-0.93475151,0
2.0839703,2.9967515,-3.9771066,0.32477289,-0.14409158,-0.93475151,0
2.6113222,3.0431685,-4.0233707,0.32477289,-0.14409158,-0.93475151,0
-2.8787053,-3.0355399,3.5978167,-0.20423377,-0.97569335,0.079443216,0
-1.5847032,-0.45509419,1.157613,-0.92347777,0.16510665,-0.34630725,0
-0.76550043,4.3745251,3.4264016,-0.32477289,0.14409158,0.93475151,0
2.340538,2.9067049,-1.507755,0.92347777,-0.16510665,0.34630725,0
-1.9707103,-3.3990173,4.002563,-0.20423377,-0.97569335,0.079443216,0
-1.7484846,-3.6151197,3.4042258,-0.20423377,-0.97569335,0.079443216,0
-0.073024638,-4.0644121,-1.829675,-0.20423377,-0.97569335,0.079443216,0
2.2596366,-0.696545,-3.42381,0.32477289,-0.14409158,-0.93475151,0
-1.5200011,-3.5454245,1.1550176,-0.20423377,-0.97569335,0.079443216,0
-1.4198968,3.6190555,3.3136523,-0.32477289,0.14409158,0.93475151,0
-1.586573,-3.8188303,0.35308933,-0.20423377,-0.97569335,0.079443216,0
1.0274712,-3.5865312,-3.4533944,0.32477289,-0.14409158,-0.93475151,0
-0.085438251,4.2211485,3.7538865,-0.32477289,0.14409158,0.93475151,0
1.8505052,0.9176743,-1.8198403,0.92347777,-0.16510665,0.34630725,0
1.711843,2.4960425,-0.98730373,0.92347777,-0.16510665,0.34630725,0
0.49516058,3.761245,-1.5253801,0.20423377,0.97569335,-0.079443216,0
-0.56096983,4.3109937,3.0475547,0.20423377,0.97569335,-0.079443216,0
0.74503398,3.8511958,0.98817849,0.20423377,0.97569335,-0.079443216,0
-1.0855906,3.1922486,3.3637638,-0.32477289,0.14409158,0.93475151,0
1.2894928,3.7348018,0.96976328,0.20423377,0.97569335,-0.079443216,0
-0.91968465,2.2585793,3.590451,-0.32477289,0.14409158,0.93475151,0
1.7604065,-0.50516355,-3.5130317,0.32477289,-0.14409158,-0.93475151,0
1.6794543,0.1675247,-1.3449769,0.92347777,-0.16510665,0.34630725,0
1.8881578,1.163998,-3.8702905,0.32477289,-0.14409158,-0.93475151,0
0.26553953,4.0946536,-0.47229457,0.20423377,0.97569335,-0.079443216,0
2.0666294,3.7089128,-1.4943268,0.20423377,0.97569335,-0.079443216,0
-1.550395,-3.5271349,4.0973849,-0.20423377,-0.97569335,0.079443216,0
0.93269795,-4.4941154,-1.8093359,0.92347777,-0.16510665,0.34630725,0
0.43089199,4.0731711,0.34773159,0.20423377,0.97569335,-0.079443216,0
-0.80045152,-3.9071352,2.6214745,-0.20423377,-0.97569335,0.079443216,0
-0.043911815,-4.5294161,-2.9367754,-0.20423377,-0.97569335,0.079443216,0
-1.4054282,-3.4960821,-1.090677,-0.92347777,0.16510665,-0.34630725,0
-0.36396098,-1.8286474,3.4202237,0.92347777,-0.16510665,0.34630725,0
-1.5097976,-2.1913619,4.2325778,-0.32477289,0.14409158,0.93475151,0
-0.13175315,4.5078487,2.3917363,0.20423377,0.97569335,-0.079443216,0
-0.56946933,3.5563438,3.4736936,-0.32477289,0.14409158,0.93475151,0
1.7277541,-0.67915225,-2.2660942,0.92347777,-0.16510665,0.34630725,0
-2.3253448,-0.2155447,3.5737622,-0.32477289,0.14409158,0.93475151,0
1.5482209,0.9905864,-3.8009751,0.32477289,-0.14409158,-0.93475151,0
2.0761163,1.7280236,-4.0055647,0.32477289,-0.14409158,-0.93475151,0
-2.2909331,-1.3444915,2.2380066,-0.92347777,0.16510665,-0.34630725,0
-1.317908,-1.3927541,0.36434197,-0.92347777,0.16510665,-0.34630725,0
2.3127649,2.2024863,-3.9186273,0.32477289,-0.14409158,-0.93475151,0
-0.33937049,-1.292259,-2.0300014,-0.92347777,0.16510665,-0.34630725,0
-1.4112024,0.0067366362,3.8306644,-0.32477289,0.14409158,0.93475151,0
-0.70156217,3.11765,0.99283147,-0.92347777,0.16510665,-0.34630725,0
1.8506638,3.5063226,-1.231256,0.20423377,0.97569335,-0.079443216,0
-0.18785763,0.23769927,3.0443196,0.92347777,-0.16510665,0.34630725,0
-1.1395047,3.4112949,2.268157,-0.92347777,0.16510665,-0.34630725,0
0.92191648,-1.550043,-3.7787704,0.32477289,-0.14409158,-0.93475151,0
-0.57090712,-3.1749384,2.7435703,0.92347777,-0.16510665,0.34630725,0
0.2697916,4.016221,-0.82604408,0.20423377,0.97569335,-0.079443216,0
-1.8185722,2.7703111,3.1529608,-0.32477289,0.14409158,0.93475151,0
1.4658895,3.6670282,-3.3822987,0.20423377,0.97569335,-0.079443216,0
-1.4062927,0.80689102,0.70881641,-0.92347777,0.16510665,-0.34630725,0
-0.28000116,3.3210673,3.5792599,-0.32477289,0.14409158,0.93475151,0
-1.5252261,-3.2663403,4.1863999,-0.32477289,0.14409158,0.93475151,0
0.47492611,1.328074,1.7014602,0.92347777,-0.16510665,0.34630725,0
-1.6994615,0.84794664,3.581661,-0.32477289,0.14409158,0.93475151,0
2.6193109,3.1270947,-2.8393631,0.92347777,-0.16510665,0.34630725,0
0.16507459,-2.158946,1.9532574,0.92347777,-0.16510665,0.34630725,0
-0.64516902,-4.3622003,-2.9988897,-0.20423377,-0.97569335,0.079443216,0
0.51924729,-0.88692582,-3.8482769,0.32477289,-0.14409158,-0.93475151,0
1.1269417,3.9096422,0.2255497,0.20423377,0.97569335,-0.079443216,0
-1.6012818,-0.23730613,1.7686436,-0.92347777,0.16510665,-0.34630725,0
-0.7895478,-3.9370029,-0.0026526451,-0.20423377,-0.97569335,0.079443216,0
0.10564454,-4.0859437,-1.6696303,-0.20423377,-0.97569335,0.079443216,0
-1.9807839,-3.479125,2.4683285,-0.20423377,-0.97569335,0.079443216,0
2.4276223,3.1342912,-4.0943208,0.32477289,-0.14409158,-0.93475151,0
0.73267061,-3.8751931,-1.121918,0.92347777,-0.16510665,0.34630725,0
0.57489634,3.9431105,-1.0213976,0.20423377,0.97569335,-0.079443216,0
-0.56421399,-3.7115932,0.81660891,-0.20423377,-0.97569335,0.079443216,0
0.17387652,4.4095325,3.5583057,0.20423377,0.97569335,-0.079443216,0
-2.9387407,-3.1655457,3.2065606,-0.20423377,-0.97569335,0.079443216,0
0.96774167,3.7226,0.21520901,0.20423377,0.97569335,-0.079443216,0
-1.2101452,1.0413862,0.37610778,-0.92347777,0.16510665,-0.34630725,0
0.56457686,1.7056382,-3.3048639,-0.92347777,0.16510665,-0.34630725,0
-1.5633216,-3.8880363,-0.37074041,-0.20423377,-0.97569335,0.079443216,0
-0.12713182,4.3145528,3.171082,0.20423377,0.97569335,-0.079443216,0
2.3926423,1.4392231,-2.5996699,0.92347777,-0.16510665,0.34630725,0
-1.8034854,0.95363122,3.434917,-0.32477289,0.14409158,0.93475151,0
-1.601068,-3.4120603,3.8771319,-0.20423377,-0.97569335,0.079443216,0
0.46695459,-3.2497008,-3.6376109,0.32477289,-0.14409158,-0.93475151,0
0.38140118,2.3075857,3.3987153,0.92347777,-0.16510665,0.34630725,0
-0.73357463,-2.3581676,-2.4464507,-0.92347777,0.16510665,-0.34630725,0
0.47984624,-1.0385325,-4.1604991,0.32477289,-0.14409158,-0.93475151,0
1.3102891,0.80896163,0.13861513,0.92347777,-0.16510665,0.34630725,0
0.073165499,-4.2783899,-1.7486057,-0.20423377,-0.97569335,0.079443216,0
-1.5767567,0.88580644,1.8834541,-0.92347777,0.16510665,-0.34630725,0
0.17584705,-0.55845237,-3.2876778,-0.92347777,0.16510665,-0.34630725,0
1.7104445,3.751204,-1.3010664,0.20423377,0.97569335,-0.079443216,0
1.6560055,-2.3396835,-3.397521,0.32477289,-0.14409158,-0.93475151,0
-1.2510269,-3.5662892,2.8243511,-0.20423377,-0.97569335,0.079443216,0
-1.5056663,2.7159605,3.1373296,-0.32477289,0.14409158,0.93475151,0
0.34855223,4.2266278,3.6317601,0.20423377,0.97569335,-0.079443216,0
-0.30242515,3.4826429,-0.96417284,-0.92347777,0.16510665,-0.34630725,0
2.3890624,0.28989744,-3.4764392,0.92347777,-0.16510665,0.34630725,0
0.29429901,0.99412334,3.0135641,0.92347777,-0.16510665,0.34630725,0
0.58376205,-3.7530191,-3.6470664,0.32477289,-0.14409158,-0.93475151,0
2.5743175,2.2264178,-3.5394359,0.32477289,-0.14409158,-0.93475151,0
0.61879611,3.9662642,-2.0190582,0.20423377,0.97569335,-0.079443216,0
0.41783667,2.7946339,-2.6739507,-0.92347777,0.16510665,-0.34630725,0
1.8248174,0.73494899,-1.2528435,0.92347777,-0.16510665,0.34630725,0
0.73225433,4.2125182,1.6428816,0.20423377,0.97569335,-0.079443216,0
-0.99785709,4.4002934,2.4020741,0.20423377,0.97569335,-0.079443216,0
-0.29065979,3.6059604,-0.65965414,-0.92347777,0.16510665,-0.34630725,0
-1.6442742,-3.0967758,-0.55096412,-0.92347777,0.16510665,-0.34630725,0
0.66153795,-4.4618998,-2.5830352,-0.20423377,-0.97569335,0.079443216,0
2.4995303,1.0376806,-3.7155769,0.32477289,-0.14409158,-0.93475151,0
-0.94308889,3.5827742,3.3400643,-0.32477289,0.14409158,0.93475151,0
0.432392,0.32749605,2.3576109,0.92347777,-0.16510665,0.34630725,0
1.1633532,3.7261224,-3.1608016,0.20423377,0.97569335,-0.079443216,0
-1.2931192,2.1002212,3.6803455,-0.32477289,0.14409158,0.93475151,0
0.60787559,-4.5443497,-2.8849649,-0.20423377,-0.97569335,0.079443216,0
1.8142233,3.632082,0.25119448,0.92347777,-0.16510665,0.34630725,0
-2.3104076,0.64394969,3.3446331,-0.32477289,0.14409158,0.93475151,0
0.32402539,-0.65844917,-3.6749821,-0.92347777,0.16510665,-0.34630725,0
2.3732443,-0.11113858,-2.9808178,0.92347777,-0.16510665,0.34630725,0
-0.84264624,4.4766893,3.2638576,-0.32477289,0.14409158,0.93475151,0
-2.7360873,-1.4640325,3.3945475,-0.32477289,0.14409158,0.93475151,0
-0.037802458,-2.1186485,-3.8642988,-0.92347777,0.16510665,-0.34630725,0
0.90814245,-4.210681,-3.3739538,0.32477289,-0.14409158,-0.93475151,0
1.3617152,3.6836638,-0.28645039,0.20423377,0.97569335,-0.079443216,0
-2.8014939,-3.1003025,3.8559935,-0.20423377,-0.97569335,0.079443216,0
-0.66071975,1.8966726,-0.025863767,-0.92347777,0.16510665,-0.34630725,0
-0.62153465,1.0878334,-0.23274469,-0.92347777,0.16510665,-0.34630725,0
-0.81857228,1.3250968,3.5858197,-0.32477289,0.14409158,0.93475151,0
0.73206747,-2.7273922,-3.5527315,0.32477289,-0.14409158,-0.93475151,0
2.8392687,2.6374693,-2.9756255,0.92347777,-0.16510665,0.34630725,0
-2.6544611,-3.3792317,3.0590711,-0.20423377,-0.97569335,0.079443216,0
-0.61886656,-3.9792643,-1.8580818,-0.20423377,-0.97569335,0.079443216,0
-0.073926806,-4.2417378,0.33106399,-0.20423377,-0.97569335,0.079443216,0
1.6945016,-0.041501448,-1.1483419,0.92347777,-0.16510665,0.34630725,0
0.38176599,-4.3336477,-0.83858109,-0.20423377,-0.97569335,0.079443216,0
1.3804629,-1.61569,-3.4084802,0.32477289,-0.14409158,-0.93475151,0
0.43251166,-4.1570969,-2.1065569,-0.20423377,-0.97569335,0.079443216,0
1.4153686,-0.31214797,-3.6106799,0.32477289,-0.14409158,-0.93475151,0
-0.65038478,4.5243363,2.2940948,0.20423377,0.97569335,-0.079443216,0
1.5710638,3.6431866,-1.9775066,0.20423377,0.97569335,-0.079443216,0
-0.92264247,3.9839659,3.1684113,-0.32477289,0.14409158,0.93475151,0
-2.1682503,-3.0327296,1.4506426,-0.92347777,0.16510665,-0.34630725,0
-1.416568,1.1581004,3.6247928,-0.32477289,0.14409158,0.93475151,0
-1.6262488,-3.5680933,4.2708869,-0.20423377,-0.97569335,0.079443216,0
0.79587841,2.4165001,-3.4624996,-0.92347777,0.16510665,-0.34630725,0
0.35302305,3.4744003,-2.3057966,-0.92347777,0.16510665,-0.34630725,0
-2.4788697,-3.1106915,2.6869347,-0.92347777,0.16510665,-0.34630725,0
-2.6435754,-2.366848,3.0015852,-0.92347777,0.16510665,-0.34630725,0
2.9092944,2.3271761,-3.3330657,0.92347777,-0.16510665,0.34630725,0
2.3883708,0.25072324,-3.2959459,0.32477289,-0.14409158,-0.93475151,0
0.29157373,4.0136657,1.7690094,0.20423377,0.97569335,-0.079443216,0
0.41089097,4.1650538,2.5676754,0.20423377,0.97569335,-0.079443216,0
-0.71154428,-0.37400472,-1.1470488,-0.92347777,0.16510665,-0.34630725,0
1.3575706,3.2100077,0.82399273,0.92347777,-0.16510665,0.34630725,0
0.32774889,-4.2609663,-0.78885651,-0.20423377,-0.97569335,0.079443216,0
0.09847331,1.8086783,3.6452758,0.92347777,-0.16510665,0.34630725,0
-0.47598398,3.782686,3.5993259,-0.32477289,0.14409158,0.93475151,0
-1.0449572,4.4574881,2.594979,0.20423377,0.97569335,-0.079443216,0
-1.8066368,-3.730432,1.3749788,-0.20423377,-0.97569335,0.079443216,0
2.6027446,2.2997537,-3.2105095,0.92347777,-0.16510665,0.34630725,0
-1.2752098,1.5461705,1.5296592,-0.92347777,0.16510665,-0.34630725,0
0.46179914,-0.31835651,1.2841041,0.92347777,-0.16510665,0.34630725,0
-0.18473506,-3.6352205,1.6310923,0.92347777,-0.16510665,0.34630725,0
-0.025943041,-3.901324,-0.012398481,-0.20423377,-0.97569335,0.079443216,0
1.4805875,2.93297,-4.0812378,0.32477289,-0.14409158,-0.93475151,0
-1.7592493,-3.8508902,0.2487216,-0.20423377,-0.97569335,0.079443216,0
1.4920735,3.4450085,-2.6979132,0.20423377,0.97569335,-0.079443216,0
0.64056706,0.12208223,-3.9879241,-0.92347777,0.16510665,-0.34630725,0
-0.83784115,1.7050811,0.15496004,-0.92347777,0.16510665,-0.34630725,0
-1.0379156,-3.9410918,-2.5334363,-0.20423377,-0.97569335,0.079443216,0
0.56431723,-1.9690425,-3.6900773,0.32477289,-0.14409158,-0.93475151,0
0.20538783,2.9206989,-2.1490817,-0.92347777,0.16510665,-0.34630725,0
-1.0854511,-3.759002,0.71662402,-0.20423377,-0.97569335,0.079443216,0
1.2383423,-4.287138,-2.7946401,0.92347777,-0.16510665,0.34630725,0
-0.80774707,-1.204331,-1.1282172,-0.92347777,0.16510665,-0.34630725,0
-2.2502842,-2.3814955,4.0623298,-0.32477289,0.14409158,0.93475151,0
-1.9417036,-3.1809325,3.8826485,-0.32477289,0.14409158,0.93475151,0
0.42521501,-3.9490294,0.047586679,0.92347777,-0.16510665,0.34630725,0
1.3991693,-2.6321929,-3.5642729,0.32477289,-0.14409158,-0.93475151,0
-0.83064067,-4.1820359,-0.68435669,-0.20423377,-0.97569335,0.079443216,0
-0.16292167,2.4736156,3.9395025,-0.32477289,0.14409158,0.93475151,0
-1.71907,-1.5669072,1.1666386,-0.92347777,0.16510665,-0.34630725,0
2.486908,3.3542655,-3.3749084,0.20423377,0.97569335,-0.079443216,0
-0.098369956,3.0122416,3.6249318,-0.32477289,0.14409158,0.93475151,0
-1.5739455,-1.870705,3.980818,-0.32477289,0.14409158,0.93475151,0
-1.6894921,-3.4663057,0.96066332,-0.20423377,-0.97569335,0.079443216,0
-1.330677,-0.92459154,4.0179286,-0.32477289,0.14409158,0.93475151,0
-0.45728016,1.0680249,4.0338984,-0.32477289,0.14409158,0.93475151,0
-1.7327216,3.4125361,3.0381451,-0.32477289,0.14409158,0.93475151,0
2.0573893,3.4829412,-2.2021453,0.20423377,0.97569335,-0.079443216,0
1.1603923,2.463527,-4.453239,0.32477289,-0.14409158,-0.93475151,0
1.76318,1.8295848,-3.8460431,0.32477289,-0.14409158,-0.93475151,0
2.420954,1.697937,-2.3715105,0.92347777,-0.16510665,0.34630725,0
-1.5026751,-3.6789818,3.6365793,-0.20423377,-0.97569335,0.079443216,0
0.51593709,2.5297863,2.441678,0.92347777,-0.16510665,0.34630725,0
-0.15346456,-3.09759,-3.8288846,0.32477289,-0.14409158,-0.93475151,0
1.0750599,3.7197976,-3.045943,0.20423377,0.97569335,-0.079443216,0
0.41527295,0.32112122,-3.7314327,-0.92347777,0.16510665,-0.34630725,0
-0.09911561,2.8072078,-1.4402295,-0.92347777,0.16510665,-0.34630725,0
-1.6766934,-3.6644497,0.22044945,-0.20423377,-0.97569335,0.079443216,0
-0.47405815,0.92889369,3.8260992,-0.32477289,0.14409158,0.93475151,0
0.86300886,-2.5663748,-3.4733386,0.32477289,-0.14409158,-0.93475151,0
-0.40733778,-1.7216475,-2.0609136,-0.92347777,0.16510665,-0.34630725,0
-1.1850641,-1.1942353,0.13629448,-0.92347777,0.16510665,-0.34630725,0
-0.12537897,-0.76074553,-2.6957366,-0.92347777,0.16510665,-0.34630725,0
-2.9337986,-2.461715,3.429831,-0.32477289,0.14409158,0.93475151,0
-0.4557538,-2.3280575,3.117254,0.92347777,-0.16510665,0.34630725,0
-1.686708,-1.6601487,4.0363364,-0.32477289,0.14409158,0.93475151,0
-0.3017652,2.3049378,3.9081526,-0.32477289,0.14409158,0.93475151,0
-0.51200175,1.8572114,3.7573111,-0.32477289,0.14409158,0.93475151,0
1.359268,3.6500597,1.1996751,0.92347777,-0.16510665,0.34630725,0
-0.95182657,-4.1221704,-1.8544443,-0.20423377,-0.97569335,0.079443216,0
0.17677534,4.1123924,0.13317442,0.20423377,0.97569335,-0.079443216,0
1.462286,1.5479587,-3.8641963,0.32477289,-0.14409158,-0.93475151,0
-1.191942,-3.7930379,2.3423278,-0.20423377,-0.97569335,0.079443216,0
-0.75325263,-3.7571745,0.53679776,-0.20423377,-0.97569335,0.079443216,0
-1.0687807,0.8026709,-0.20459317,-0.92347777,0.16510665,-0.34630725,0
0.47462034,-0.9087323,-3.8917606,0.32477289,-0.14409158,-0.93475151,0
-0.057602644,3.3775923,-1.4155846,-0.92347777,0.16510665,-0.34630725,0
0.9552536,-3.3280468,-1.1428194,0.92347777,-0.16510665,0.34630725,0
2.1729145,-0.69898123,-3.5163269,0.32477289,-0.14409158,-0.93475151,0
2.7092652,3.1012387,-3.293097,0.20423377,0.97569335,-0.079443216,0
0.010603905,-4.1030469,-3.7084584,0.32477289,-0.14409158,-0.93475151,0
-1.6100469,2.9813972,2.5266001,-0.92347777,0.16510665,-0.34630725,0
-0.30427217,-3.9519486,-0.041080475,-0.20423377,-0.97569335,0.079443216,0
2.0765729,1.3070707,-2.0789773,0.92347777,-0.16510665,0.34630725,0
1.689817,-2.2709713,-3.1749661,0.32477289,-0.14409158,-0.93475151,0
-0.98740041,-0.54208535,-0.10486054,-0.92347777,0.16510665,-0.34630725,0
-2.0673609,1.9089904,3.3692119,-0.32477289,0.14409158,0.93475151,0
-0.26004469,4.1457477,3.7163279,-0.32477289,0.14409158,0.93475151,0
-2.2815447,-0.20034981,3.2619374,-0.92347777,0.16510665,-0.34630725,0
1.2399352,3.875464,1.2951403,0.20423377,0.97569335,-0.079443216,0
-1.1491555,-3.7550001,-1.0850174,-0.20423377,-0.97569335,0.079443216,0
-0.35455298,4.2616429,0.18157768,0.20423377,0.97569335,-0.079443216,0
1.5182489,3.6932867,0.17575359,0.20423377,0.97569335,-0.079443216,0
-0.80847716,-3.7838478,1.1139202,-0.20423377,-0.97569335,0.079443216,0
2.8306854,3.1012685,-2.6835825,0.92347777,-0.16510665,0.34630725,0
0.90224952,-3.8181472,-1.8693149,0.92347777,-0.16510665,0.34630725,0
-0.04069066,-4.34694,-1.0065384,-0.20423377,-0.97569335,0.079443216,0
1.5778289,3.3711188,-2.9334471,0.20423377,0.97569335,-0.079443216,0
0.23383516,-4.3918238,-2.8363402,-0.20423377,-0.97569335,0.079443216,0
0.083373666,4.2437563,2.4595461,0.20423377,0.97569335,-0.079443216,0
-2.1487648,-1.6847408,3.966428,-0.32477289,0.14409158,0.93475151,0
-0.17843437,3.4695158,3.6639853,-0.32477289,0.14409158,0.93475151,0
-0.4091692,2.5898504,3.8845701,-0.32477289,0.14409158,0.93475151,0
0.16310668,-1.6312703,1.9830866,0.92347777,-0.16510665,0.34630725,0
-1.0357189,4.4009905,3.2051275,-0.32477289,0.14409158,0.93475151,0
0.6741479,4.1635838,0.87073994,0.20423377,0.97569335,-0.079443216,0
-1.3855404,-3.7100375,-0.48176861,-0.20423377,-0.97569335,0.079443216,0
0.031108856,-3.9893215,-3.8413455,0.32477289,-0.14409158,-0.93475151,0
-1.0727044,4.3420029,1.7740004,0.20423377,0.97569335,-0.079443216,0
-0.82108617,-3.7078009,2.9935489,0.92347777,-0.16510665,0.34630725,0
-1.5919862,2.454107,3.3565741,-0.32477289,0.14409158,0.93475151,0
-1.7484148,-3.4637127,1.2944713,-0.20423377,-0.97569335,0.079443216,0
1.1138263,3.6995511,-2.2611697,0.20423377,0.97569335,-0.079443216,0
0.0064687729,2.0798419,3.7613769,0.92347777,-0.16510665,0.34630725,0
-0.16537142,-4.2977772,-3.4397218,-0.20423377,-0.97569335,0.079443216,0
0.40801281,-1.0842767,0.76877493,0.92347777,-0.16510665,0.34630725,0
-1.9146986,-3.6066682,2.1903186,-0.20423377,-0.97569335,0.079443216,0
-2.4828832,-2.7725434,3.7844787,-0.32477289,0.14409158,0.93475151,0
0.94440532,3.6516016,-2.2762859,0.20423377,0.97569335,-0.079443216,0
0.98418117,-1.733412,-3.6203692,0.32477289,-0.14409158,-0.93475151,0
1.5771956,-3.2955017,-2.333961,0.92347777,-0.16510665,0.34630725,0
-1.1449287,-0.27364898,3.9573016,-0.32477289,0.14409158,0.93475151,0
-0.73511267,1.1044214,0.10252804,-0.92347777,0.16510665,-0.34630725,0
-1.9458021,-1.7667592,1.880728,-0.92347777,0.16510665,-0.34630725,0
-1.7832267,-1.2232313,3.6596313,-0.32477289,0.14409158,0.93475151,0
-0.58114874,4.5258875,2.724005,0.20423377,0.97569335,-0.079443216,0
-0.76676345,-3.3879433,3.2213435,0.92347777,-0.16510665,0.34630725,0
-0.027067184,3.6919186,3.537817,-0.32477289,0.14409158,0.93475151,0
-1.3794353,-2.2848749,-0.66814542,-0.92347777,0.16510665,-0.34630725,0
-1.9002664,-3.7303858,0.56008577,-0.92347777,0.16510665,-0.34630725,0
-1.5781784,-3.3900757,4.305191,-0.20423377,-0.97569335,0.079443216,0
-0.28026575,-4.2992983,-2.2382779,-0.20423377,-0.97569335,0.079443216,0
-0.92310387,1.1786675,0.36930916,-0.92347777,0.16510665,-0.34630725,0
-0.92054874,-2.3794143,-1.2611916,-0.92347777,0.16510665,-0.34630725,0
-0.46179187,-3.8636451,0.0699265,-0.20423377,-0.97569335,0.079443216,0
2.0671568,2.1403604,-4.0309272,0.32477289,-0.14409158,-0.93475151,0
-0.2520647,4.3990927,2.2007065,0.20423377,0.97569335,-0.079443216,0
-0.92292118,-3.6802192,3.3834391,-0.20423377,-0.97569335,0.079443216,0
-2.0755546,-3.3191323,0.9271462,-0.92347777,0.16510665,-0.34630725,0
-2.2090685,-3.2994857,2.0902865,-0.20423377,-0.97569335,0.079443216,0
0.79671311,-1.3474586,0.26866591,0.92347777,-0.16510665,0.34630725,0
2.2372143,3.3120415,-1.9585502,0.92347777,-0.16510665,0.34630725,0
-0.26030302,-3.5653672,2.0060954,0.92347777,-0.16510665,0.34630725,0
-0.15026093,1.6260165,3.9801252,-0.32477289,0.14409158,0.93475151,0
-2.1373014,0.76271129,3.2223415,-0.92347777,0.16510665,-0.34630725,0
-1.082342,-4.1114855,-1.8201036,-0.20423377,-0.97569335,0.079443216,0
0.43887931,-3.6526668,-0.56222963,0.92347777,-0.16510665,0.34630725,0
0.097141981,-1.9759859,-3.5324798,-0.92347777,0.16510665,-0.34630725,0
-0.68619847,2.5961659,-0.34757447,-0.92347777,0.16510665,-0.34630725,0
-0.83876199,-4.1270838,-1.5154033,-0.20423377,-0.97569335,0.079443216,0
-0.045591712,-3.9798856,-3.7150896,0.32477289,-0.14409158,-0.93475151,0
0.10023472,4.1713581,1.2409616,0.20423377,0.97569335,-0.079443216,0
0.17001295,-0.47672868,1.8087802,0.92347777,-0.16510665,0.34630725,0
0.69506931,3.9421008,-2.0186033,0.20423377,0.97569335,-0.079443216,0
0.63577199,0.5140574,-4.0442271,0.32477289,-0.14409158,-0.93475151,0
0.63462639,1.2779124,-4.0228534,-0.92347777,0.16510665,-0.34630725,0
0.34068662,4.0595574,0.53127289,0.20423377,0.97569335,-0.079443216,0
-2.0919981,-3.4027052,2.4894896,-0.20423377,-0.97569335,0.079443216,0
-1.5748129,-3.4948854,3.2708154,-0.20423377,-0.97569335,0.079443216,0
-1.6845685,0.73513073,2.0090828,-0.92347777,0.16510665,-0.34630725,0
2.5059302,1.363708,-3.5660706,0.32477289,-0.14409158,-0.93475151,0
2.3857615,0.85479069,-3.5224175,0.32477289,-0.14409158,-0.93475151,0
0.56276822,-2.8830528,-3.6923075,0.32477289,-0.14409158,-0.93475151,0
1.7443581,3.4012597,-3.4352612,0.20423377,0.97569335,-0.079443216,0
-1.0843,0.83544892,0.89029789,-0.92347777,0.16510665,-0.34630725,0
0.77407175,-4.2598257,-0.96013832,-0.20423377,-0.97569335,0.079443216,0
1.3308859,2.4121325,-4.0796137,0.32477289,-0.14409158,-0.93475151,0
-0.15184236,1.2412686,3.6938391,0.92347777,-0.16510665,0.34630725,0
-0.51295435,-3.7129483,-3.3047585,-0.92347777,0.16510665,-0.34630725,0
-0.5608381,-3.9637842,-0.6298008,-0.20423377,-0.97569335,0.079443216,0
0.70780325,-1.2317389,-3.8675668,0.32477289,-0.14409158,-0.93475151,0
0.32573235,-1.0190295,1.3757535,0.92347777,-0.16510665,0.34630725,0
0.77207923,0.37111378,-4.1612549,0.32477289,-0.14409158,-0.93475151,0
0.94241476,-2.8004222,-3.7205772,0.32477289,-0.14409158,-0.93475151,0
2.4094324,3.3074465,-3.9491155,0.20423377,0.97569335,-0.079443216,0
0.053870559,4.1925058,3.1985326,0.20423377,0.97569335,-0.079443216,0
-2.0665443,0.6399157,3.3416109,-0.32477289,0.14409158,0.93475151,0
-1.1733437,-3.0280404,4.1345859,-0.32477289,0.14409158,0.93475151,0
-1.0150203,3.3729241,3.4209146,-0.32477289,0.14409158,0.93475151,0
1.0328355,3.5635388,-3.0537529,0.20423377,0.97569335,-0.079443216,0
-1.8789167,-0.37681067,2.4652348,-0.92347777,0.16510665,-0.34630725,0
-0.58371663,2.8691032,3.4244118,-0.32477289,0.14409158,0.93475151,0
-1.0799828,-3.9189177,-0.54598045,-0.20423377,-0.97569335,0.079443216,0
0.15944648,-3.2563689,-3.7172494,0.32477289,-0.14409158,-0.93475151,0
1.125469,0.2532801,0.5567466,0.92347777,-0.16510665,0.34630725,0
1.8002813,-1.7337232,-3.5236959,0.32477289,-0.14409158,-0.93475151,0
0.85072851,2.4745512,-4.3903303,0.32477289,-0.14409158,-0.93475151,0
-0.65214056,4.3805761,2.6820469,0.20423377,0.97569335,-0.079443216,0
-0.25414073,-3.0456321,-3.5995207,-0.92347777,0.16510665,-0.34630725,0
0.61155367,3.9360201,-2.8768132,0.20423377,0.97569335,-0.079443216,0
1.2979307,3.9563651,0.98065472,0.20423377,0.97569335,-0.079443216,0
0.46167541,0.39986634,-3.9424083,-0.92347777,0.16510665,-0.34630725,0
-1.6268728,2.1851583,3.2719026,-0.32477289,0.14409158,0.93475151,0
2.3561316,2.6585011,-3.7527192,0.32477289,-0.14409158,-0.93475151,0
0.20652914,-3.1015835,0.9545722,0.92347777,-0.16510665,0.34630725,0
1.4405261,3.7417731,-1.1440632,0.20423377,0.97569335,-0.079443216,0
2.1694942,-0.5784536,-3.6379786,0.32477289,-0.14409158,-0.93475151,0
-1.6366594,3.5470836,2.8205104,-0.92347777,0.16510665,-0.34630725,0
1.0093948,-4.6278796,-1.9010069,-0.20423377,-0.97569335,0.079443216,0
-1.6613176,1.2274841,3.4621048,-0.32477289,0.14409158,0.93475151,0
-2.0704124,1.4184335,2.9333897,-0.92347777,0.16510665,-0.34630725,0
-2.2676063,-3.2340455,2.4008899,-0.20423377,-0.97569335,0.079443216,0
0.52250171,-3.8812003,-0.83310199,0.92347777,-0.16510665,0.34630725,0
-2.0675008,-3.2914586,3.1511755,-0.20423377,-0.97569335,0.079443216,0
1.1398709,-0.16449618,-3.8641996,0.32477289,-0.14409158,-0.93475151,0
-0.29367793,-3.5214663,-3.2252724,-0.92347777,0.16510665,-0.34630725,0
0.24470484,-4.3118477,-0.836941,-0.20423377,-0.97569335,0.079443216,0
0.33932662,4.3342977,3.619303,-0.32477289,0.14409158,0.93475151,0
0.15273821,4.1098938,3.789748,-0.32477289,0.14409158,0.93475151,0
-0.4890295,-4.3607917,-2.6410372,-0.20423377,-0.97569335,0.079443216,0
0.71227378,-4.5888457,-2.1884766,-0.20423377,-0.97569335,0.079443216,0
1.3729019,1.7149358,-4.1659832,0.32477289,-0.14409158,-0.93475151,0
-2.2422719,-3.6590228,2.0975575,-0.20423377,-0.97569335,0.079443216,0
0.42465067,-3.9222388,-3.6835635,0.32477289,-0.14409158,-0.93475151,0
1.0255327,1.7677412,-4.362628,0.32477289,-0.14409158,-0.93475151,0
0.87328804,-4.0974646,-3.1802399,0.32477289,-0.14409158,-0.93475151,0
-0.44526708,1.3580475,-0.83619672,-0.92347777,0.16510665,-0.34630725,0
-1.1347923,-0.6078074,4.0093622,-0.32477289,0.14409158,0.93475151,0
-2.1445422,-3.3629866,2.4488389,-0.20423377,-0.97569335,0.079443216,0
-2.3465984,-3.4657946,3.2887731,-0.20423377,-0.97569335,0.079443216,0
-0.16592753,4.3585544,3.4407046,0.20423377,0.97569335,-0.079443216,0
2.2696438,2.7586427,-3.7298958,0.32477289,-0.14409158,-0.93475151,0
2.4024053,-0.019427776,-3.480623,0.32477289,-0.14409158,-0.93475151,0
-0.59671175,-3.8098497,-2.9549296,-0.92347777,0.16510665,-0.34630725,0
2.204324,3.3459153,-2.1072972,0.20423377,0.97569335,-0.079443216,0
-0.59533191,-3.9633234,0.87917566,-0.20423377,-0.97569335,0.079443216,0
0.60523331,1.5867872,2.235548,0.92347777,-0.16510665,0.34630725,0
-1.9086678,-2.8220429,3.8844638,-0.32477289,0.14409158,0.93475151,0
-0.17083293,4.4690156,2.889318,0.20423377,0.97569335,-0.079443216,0
-1.2646768,-3.6966591,1.4070568,-0.20423377,-0.97569335,0.079443216,0
2.6322381,3.3984923,-2.6254754,0.92347777,-0.16510665,0.34630725,0
-2.4028094,-2.3530698,3.7352831,-0.32477289,0.14409158,0.93475151,0
0.091892123,4.115365,3.548573,-0.32477289,0.14409158,0.93475151,0
1.9936464,3.3301952,-2.0072825,0.20423377,0.97569335,-0.079443216,0
0.89751613,-0.79450315,-0.14252153,0.92347777,-0.16510665,0.34630725,0
-1.6032789,2.6340711,2.3980258,-0.92347777,0.16510665,-0.34630725,0
-1.0849212,-3.2147336,-1.3419547,-0.92347777,0.16510665,-0.34630725,0
-1.1545573,4.7040014,2.3743348,0.20423377,0.97569335,-0.079443216,0
0.14434171,1.3995982,2.7663102,0.92347777,-0.16510665,0.34630725,0
2.3277631,1.5814414,-3.7838082,0.32477289,-0.14409158,-0.93475151,0
1.1428909,0.36050296,-3.8701906,0.32477289,-0.14409158,-0.93475151,0
0.50456047,-4.2702575,-0.012773037,-0.20423377,-0.97569335,0.079443216,0
2.0668883,3.2607903,-3.9068418,0.20423377,0.97569335,-0.079443216,0
0.15517426,-0.72943676,-3.2221377,-0.92347777,0.16510665,-0.34630725,0
1.7769861,0.062226415,-3.5310483,0.32477289,-0.14409158,-0.93475151,0
-0.69875741,-3.9061475,-0.65012813,-0.20423377,-0.97569335,0.079443216,0
-1.8742259,-0.75288475,3.6835413,-0.32477289,0.14409158,0.93475151,0
-0.11026448,4.2576504,2.9054954,0.20423377,0.97569335,-0.079443216,0
-0.56420302,-2.4178407,3.5085804,0.92347777,-0.16510665,0.34630725,0
-0.39820981,1.557071,-1.454972,-0.92347777,0.16510665,-0.34630725,0
0.55927622,-1.3077979,0.41362303,0.92347777,-0.16510665,0.34630725,0
0.11333609,-4.0175405,1.1441388,0.92347777,-0.16510665,0.34630725,0
-0.50321984,0.66904807,4.1442261,-0.32477289,0.14409158,0.93475151,0
-2.0061288,-0.82058531,2.2988672,-0.92347777,0.16510665,-0.34630725,0
1.8236568,3.3698549,-2.0585721,0.20423377,0.97569335,-0.079443216,0
0.77287126,3.7966421,-1.1154802,0.20423377,0.97569335,-0.079443216,0
1.0516534,2.2511106,-4.4689736,0.32477289,-0.14409158,-0.93475151,0
1.0455226,3.9546967,2.1442819,0.92347777,-0.16510665,0.34630725,0
1.3987079,3.7791567,-2.4941819,0.20423377,0.97569335,-0.079443216,0
-1.9507232,-3.5380976,2.1294072,-0.20423377,-0.97569335,0.079443216,0
-0.8670783,-3.155962,3.4003944,0.92347777,-0.16510665,0.34630725,0
0.46736503,3.7517741,-2.3058689,0.20423377,0.97569335,-0.079443216,0
2.084821,-0.17833209,-3.3394871,0.32477289,-0.14409158,-0.93475151,0
-0.9034996,1.8456135,3.8302007,-0.32477289,0.14409158,0.93475151,0
2.4059789,3.1518738,-3.4506373,0.20423377,0.97569335,-0.079443216,0
0.79151797,-2.4501631,-0.51086426,0.92347777,-0.16510665,0.34630725,0
2.4744952,0.83079672,-2.8440964,0.92347777,-0.16510665,0.34630725,0
-0.16145492,4.4252334,2.3356934,0.20423377,0.97569335,-0.079443216,0
-1.0452693,-3.1691258,-2.0747147,-0.92347777,0.16510665,-0.34630725,0
2.6983602,1.9137678,-3.6693625,0.92347777,-0.16510665,0.34630725,0
-1.6094687,2.7458956,3.3896542,-0.32477289,0.14409158,0.93475151,0
-1.3742137,-1.0402058,3.7745609,-0.32477289,0.14409158,0.93475151,0
-0.27764207,4.5225496,3.0363829,0.20423377,0.97569335,-0.079443216,0
-2.1452832,0.98385119,3.1320844,-0.92347777,0.16510665,-0.34630725,0
1.5318949,-1.4200855,-3.5572281,0.32477289,-0.14409158,-0.93475151,0
0.76983905,-3.7998071,-3.4057558,0.32477289,-0.14409158,-0.93475151,0
-1.9681571,2.0345175,3.4407144,-0.32477289,0.14409158,0.93475151,0
0.59190691,4.0816956,2.245872,0.20423377,0.97569335,-0.079443216,0
0.40281817,-4.1707349,-2.2274077,-0.20423377,-0.97569335,0.079443216,0
-1.5169613,-0.91394198,3.9916856,-0.32477289,0.14409158,0.93475151,0
0.3479681,3.9819617,-1.3971314,0.20423377,0.97569335,-0.079443216,0
0.90152907,0.1070857,-3.979753,0.32477289,-0.14409158,-0.93475151,0
-0.57108676,1.2929833,-0.89119446,-0.92347777,0.16510665,-0.34630725,0
-1.2067819,1.7012398,3.5593588,-0.32477289,0.14409158,0.93475151,0
0.21594334,0.94005644,-2.4747441,-0.92347777,0.16510665,-0.34630725,0
-1.9717288,-2.1328003,3.9318051,-0.32477289,0.14409158,0.93475151,0
1.1213827,-3.798559,-1.6731613,0.92347777,-0.16510665,0.34630725,0
0.46218848,0.6462903,-4.3296261,-0.92347777,0.16510665,-0.34630725,0
-0.45618296,2.6769965,3.8194957,-0.32477289,0.14409158,0.93475151,0
0.52965295,-0.46976471,1.5598233,0.92347777,-0.16510665,0.34630725,0
-0.85947067,-3.8883011,-1.6967108,-0.20423377,-0.97569335,0.079443216,0
0.93722838,1.4661233,1.5879868,0.92347777,-0.16510665,0.34630725,0
-0.34225631,-3.6301529,2.6201272,-0.20423377,-0.97569335,0.079443216,0
1.5563482,3.9037867,-0.72175217,0.20423377,0.97569335,-0.079443216,0
0.75013846,4.0383134,0.88742828,0.20423377,0.97569335,-0.079443216,0
0.094398737,-1.7374185,2.1822817,0.92347777,-0.16510665,0.34630725,0
0.86646736,2.6056418,1.8022661,0.92347777,-0.16510665,0.34630725,0
-0.19905996,-3.7636724,-3.6269629,0.32477289,-0.14409158,-0.93475151,0
-0.56396466,4.4760628,2.9307032,0.20423377,0.97569335,-0.079443216,0
0.31975222,3.1463447,-2.7057998,-0.92347777,0.16510665,-0.34630725,0
-0.73441458,2.6239815,3.6654541,-0.32477289,0.14409158,0.93475151,0
0.80416107,-2.7175055,-3.6492438,0.32477289,-0.14409158,-0.93475151,0
0.99028254,0.029369116,-3.9916248,0.32477289,-0.14409158,-0.93475151,0
-0.64395142,0.14788079,4.061018,-0.32477289,0.14409158,0.93475151,0
0.056551158,-4.2912278,-0.74293447,-0.20423377,-0.97569335,0.079443216,0
-1.1087415,2.2184229,0.86558151,-0.92347777,0.16510665,-0.34630725,0
-0.98253,-1.5321931,-0.69994521,-0.92347777,0.16510665,-0.34630725,0
-0.55136019,-4.0251884,-1.9166653,-0.20423377,-0.97569335,0.079443216,0
-1.295709,3.7081647,2.2735279,-0.92347777,0.16510665,-0.34630725,0
-0.65393162,4.0439911,3.5379531,-0.32477289,0.14409158,0.93475151,0
-2.0795133,0.63686669,3.5981164,-0.32477289,0.14409158,0.93475151,0
2.6386862,1.563321,-3.0512362,0.92347777,-0.16510665,0.34630725,0
-0.68874872,4.2703724,1.7492015,0.20423377,0.97569335,-0.079443216,0
1.2808623,-1.5023873,-0.73707342,0.92347777,-0.16510665,0.34630725,0
-2.1665897,0.27030629,3.3182383,-0.32477289,0.14409158,0.93475151,0
-1.507254,2.0287499,3.4167991,-0.32477289,0.14409158,0.93475151,0
0.1633172,0.15542448,-2.7088552,-0.92347777,0.16510665,-0.34630725,0
-0.58668464,4.4164982,1.7817991,0.20423377,0.97569335,-0.079443216,0
-0.46974742,-1.988631,-2.531791,-0.92347777,0.16510665,-0.34630725,0
1.3146589,-1.8450756,-3.4733255,0.32477289,-0.14409158,-0.93475151,0
0.66779387,3.8891785,0.88577318,0.20423377,0.97569335,-0.079443216,0
-1.1435463,-3.7522454,-1.1873844,-0.20423377,-0.97569335,0.079443216,0
-0.2612102,-2.854131,-3.4520473,-0.92347777,0.16510665,-0.34630725,0
-1.0034118,-2.2918887,4.2646742,-0.32477289,0.14409158,0.93475151,0
0.28903198,4.173646,3.8546824,-0.32477289,0.14409158,0.93475151,0
1.1776426,0.2694881,-3.7345946,0.32477289,-0.14409158,-0.93475151,0
1.4248908,-3.1830659,-2.9967856,0.92347777,-0.16510665,0.34630725,0
1.4282451,-1.0895107,-1.3043265,0.92347777,-0.16510665,0.34630725,0
0.27521634,3.0783961,-1.7995607,-0.92347777,0.16510665,-0.34630725,0
1.5323759,-3.6548355,-3.1598122,0.32477289,-0.14409158,-0.93475151,0
1.5668011,-3.3278823,-3.1409645,0.32477289,-0.14409158,-0.93475151,0
1.6859341,0.56415963,-3.9884176,0.32477289,-0.14409158,-0.93475151,0
1.7628148,-1.5036826,-2.2230711,0.92347777,-0.16510665,0.34630725,0
2.0507073,3.4155252,-3.6077051,0.20423377,0.97569335,-0.079443216,0
-1.7919853,-3.3713021,1.9545836,-0.20423377,-0.97569335,0.079443216,0
0.69355941,-3.9556444,-3.4125314,0.32477289,-0.14409158,-0.93475151,0
-0.97810125,2.1078496,3.4980645,-0.32477289,0.14409158,0.93475151,0
2.5019622,3.2450285,-3.6451447,0.20423377,0.97569335,-0.079443216,0
1.3065853,-1.9042828,-3.7171867,0.32477289,-0.14409158,-0.93475151,0
1.4902821,3.4808297,-1.671617,0.20423377,0.97569335,-0.079443216,0
-0.010144733,-4.3577867,-1.6739302,-0.20423377,-0.97569335,0.079443216,0
-0.64350843,2.1091409,3.8443985,-0.32477289,0.14409158,0.93475151,0
-1.1730124,-2.2602649,-0.64588785,-0.92347777,0.16510665,-0.34630725,0
1.7477591,3.4885042,-3.0780296,0.20423377,0.97569335,-0.079443216,0
-1.4871669,-1.5524662,4.1858473,-0.32477289,0.14409158,0.93475151,0
-0.39777741,-4.0266685,-1.314245,-0.20423377,-0.97569335,0.079443216,0
0.59623826,-3.6922514,-3.5254183,0.32477289,-0.14409158,-0.93475151,0
-0.21154332,2.7798214,3.5842674,-0.32477289,0.14409158,0.93475151,0
-0.65606165,-3.4826374,2.6768081,0.92347777,-0.16510665,0.34630725,0
1.2734432,3.9474247,0.53538227,0.20423377,0.97569335,-0.079443216,0
0.83572006,-1.5620538,-3.6668406,0.32477289,-0.14409158,-0.93475151,0
-2.4663074,-3.3287497,2.927407,-0.20423377,-0.97569335,0.079443216,0
0.12732553,4.2192588,-0.16447878,0.20423377,0.97569335,-0.079443216,0
-0.58037472,-3.6826634,1.7259223,-0.20423377,-0.97569335,0.079443216,0
-0.96356738,-1.2831694,-1.225347,-0.92347777,0.16510665,-0.34630725,0
0.9215647,3.9468551,-0.92232466,0.20423377,0.97569335,-0.079443216,0
1.3415952,2.8236098,-4.2740893,0.32477289,-0.14409158,-0.93475151,0
0.53244066,-3.9847646,-3.6662822,0.32477289,-0.14409158,-0.93475151,0
-0.030816317,2.9800341,3.6194801,-0.32477289,0.14409158,0.93475151,0
1.1871852,-2.6818843,-1.0971285,0.92347777,-0.16510665,0.34630725,0
-1.8620706,0.76541358,2.3954635,-0.92347777,0.16510665,-0.34630725,0
0.34789303,4.1265545,1.5096929,0.20423377,0.97569335,-0.079443216,0
-1.4553549,4.3549843,2.9714034,-0.32477289,0.14409158,0.93475151,0
1.8658774,2.1312454,-1.2394161,0.92347777,-0.16510665,0.34630725,0
-1.6848118,-3.0682619,0.024048567,-0.92347777,0.16510665,-0.34630725,0
-0.84573561,-1.0830394,-0.5720942,-0.92347777,0.16510665,-0.34630725,0
1.2900444,-3.1466243,-3.1730018,0.32477289,-0.14409158,-0.93475151,0
-2.7921753,-3.1461148,2.9412374,-0.20423377,-0.97569335,0.079443216,0
1.8877428,-0.65650874,-3.3167553,0.32477289,-0.14409158,-0.93475151,0
-2.0830469,1.6546584,3.3122597,-0.32477289,0.14409158,0.93475151,0
0.38700414,4.0312872,-1.3193378,0.20423377,0.97569335,-0.079443216,0
-0.038126111,-4.2995591,-3.4307988,0.32477289,-0.14409158,-0.93475151,0
-1.1020586,0.26813066,3.653069,-0.32477289,0.14409158,0.93475151,0
-1.8834835,1.3820472,3.3253493,-0.92347777,0.16510665,-0.34630725,0
1.807689,2.0528111,-3.7955325,0.32477289,-0.14409158,-0.93475151,0
-1.2473756,-1.8060782,-0.49625945,-0.92347777,0.16510665,-0.34630725,0
-0.43200207,3.870189,3.3487539,-0.32477289,0.14409158,0.93475151,0
0.60582197,-4.0037541,-3.5705438,0.32477289,-0.14409158,-0.93475151,0
1.0035462,3.3088086,1.7001078,0.92347777,-0.16510665,0.34630725,0
-0.41024542,-0.9729495,3.9292617,0.92347777,-0.16510665,0.34630725,0
-0.84299195,2.7978878,3.6271081,-0.32477289,0.14409158,0.93475151,0
-0.82853055,2.8186405,3.5705612,-0.32477289,0.14409158,0.93475151,0
1.2599814,1.6821502,-3.9822218,0.32477289,-0.14409158,-0.93475151,0
-0.32298005,0.10926139,-1.8655701,-0.92347777,0.16510665,-0.34630725,0
2.7143037,3.1512022,-3.7092428,0.20423377,0.97569335,-0.079443216,0
-0.6599285,2.3730187,-0.3602016,-0.92347777,0.16510665,-0.34630725,0
2.0326071,2.3523006,-3.9086111,0.32477289,-0.14409158,-0.93475151,0
-2.791173,-2.6317072,3.6060739,-0.92347777,0.16510665,-0.34630725,0
0.15865159,-1.723171,1.8574126,0.92347777,-0.16510665,0.34630725,0
2.0617933,0.5068301,-3.6843152,0.32477289,-0.14409158,-0.93475151,0
2.0382147,3.3002024,-4.01719,0.20423377,0.97569335,-0.079443216,0
-1.5077572,2.6919754,3.1452279,-0.32477289,0.14409158,0.93475151,0
