0.76993167,1.7185614,-0.61149925,0.14726466,0.13546371,-0.97977674,0
5.742682,0.043210268,0.85941648,0.58962393,-0.80735016,-0.023001075,0
-2.6912777,2.3764036,-0.63490045,-0.58962393,0.80735016,0.023001075,0
-1.9189851,-5.5549583,-1.9564548,-0.79413879,-0.57431269,-0.19876695,0
-1.6256068,1.7396343,-0.86024052,0.14726466,0.13546371,-0.97977674,0
4.0445466,3.1375346,0.40817451,0.79413879,0.57431269,0.19876695,0
4.358644,2.3641396,0.57367516,0.79413879,0.57431269,0.19876695,0
2.8874943,-1.888245,1.2091922,-0.14726466,-0.13546371,0.97977674,0
0.27359152,4.7165437,-0.2475673,-0.58962393,0.80735016,0.023001075,0
-2.1733334,-5.3272281,-1.9527338,-0.79413879,-0.57431269,-0.19876695,0
1.7634138,-0.94127035,-1.020665,0.14726466,0.13546371,-0.97977674,0
3.2465551,2.7294743,0.019627333,0.14726466,0.13546371,-0.97977674,0
-1.9362526,0.22096819,-1.1235253,0.14726466,0.13546371,-0.97977674,0
-5.0518904,-1.9272606,-0.07353735,-0.79413879,-0.57431269,-0.19876695,0
-2.6012721,-0.79339105,-1.6488709,0.14726466,0.13546371,-0.97977674,0
-2.0840461,3.0050693,-0.57671344,-0.58962393,0.80735016,0.023001075,0
-0.80062556,-3.4677377,-1.6772484,0.14726466,0.13546371,-0.97977674,0
4.7554827,-0.71233511,1.2029374,0.58962393,-0.80735016,-0.023001075,0
-2.1640203,2.405515,-0.95195693,0.14726466,0.13546371,-0.97977674,0
0.030854106,1.5892726,1.421396,-0.14726466,-0.13546371,0.97977674,0
-2.7744081,-4.2348566,-2.1945083,-0.79413879,-0.57431269,-0.19876695,0
-2.0266583,2.9403596,0.070213556,-0.58962393,0.80735016,0.023001075,0
4.8883939,1.6832377,1.3063469,0.79413879,0.57431269,0.19876695,0
0.17325306,3.6049891,-0.46759325,0.14726466,0.13546371,-0.97977674,0
-3.3457711,-3.1234992,0.089429379,-0.14726466,-0.13546371,0.97977674,0
-3.6153655,-0.030063152,0.52131009,-0.14726466,-0.13546371,0.97977674,0
0.079988003,4.1688566,-0.1734435,-0.58962393,0.80735016,0.023001075,0
4.1179452,-1.278043,0.49333501,0.58962393,-0.80735016,-0.023001075,0
1.4260451,2.1963453,1.5385346,-0.14726466,-0.13546371,0.97977674,0
2.9923522,0.59051037,-0.3941071,0.14726466,0.13546371,-0.97977674,0
-1.2288494,-5.0822949,-0.097711325,0.58962393,-0.80735016,-0.023001075,0
4.256249,-1.0847352,1.0288658,0.58962393,-0.80735016,-0.023001075,0
-5.0324454,0.45807672,-0.49487305,-0.58962393,0.80735016,0.023001075,0
3.3390794,4.0342226,0.2203002,0.79413879,0.57431269,0.19876695,0
3.7291968,0.92411184,-0.19698215,0.14726466,0.13546371,-0.97977674,0
4.5188179,2.2762785,0.92693806,0.79413879,0.57431269,0.19876695,0
-2.8296521,2.4099078,-0.64462459,-0.58962393,0.80735016,0.023001075,0
2.3337085,1.2942796,1.5613066,-0.14726466,-0.13546371,0.97977674,0
4.0082541,-1.2579482,0.28886509,0.58962393,-0.80735016,-0.023001075,0
-3.1219053,-4.1028714,-0.54303336,-0.79413879,-0.57431269,-0.19876695,0
-3.0314794,-4.0260501,-1.9354742,-0.79413879,-0.57431269,-0.19876695,0
-3.8286262,-2.9336095,-1.0093918,-0.79413879,-0.57431269,-0.19876695,0
-4.811986,0.77320898,-0.37521887,-0.58962393,0.80735016,0.023001075,0
-4.8075857,-1.5812117,-1.6103797,-0.79413879,-0.57431269,-0.19876695,0
3.5775805,-1.7202897,0.95765519,0.58962393,-0.80735016,-0.023001075,0
-4.8358197,0.67647004,-0.031001091,-0.58962393,0.80735016,0.023001075,0
-2.3680985,-4.915823,-1.6928604,-0.79413879,-0.57431269,-0.19876695,0
-2.5724304,-4.8290963,-0.17158818,-0.79413879,-0.57431269,-0.19876695,0
-1.484036,3.314115,1.0948951,-0.58962393,0.80735016,0.023001075,0
-5.611979,-0.12622166,0.16085052,-0.14726466,-0.13546371,0.97977674,0
-4.8590631,-1.6051641,-1.7445655,-0.79413879,-0.57431269,-0.19876695,0
-0.74726653,-1.0942621,-1.3060178,0.14726466,0.13546371,-0.97977674,0
-1.5483818,-5.1977501,-1.8630133,0.58962393,-0.80735016,-0.023001075,0
3.9301734,3.0928316,0.99244547,0.79413879,0.57431269,0.19876695,0
2.3039951,0.023389578,-0.84970653,0.14726466,0.13546371,-0.97977674,0
0.98502207,5.1803341,1.2032547,-0.58962393,0.80735016,0.023001075,0
2.5681906,5.0926614,0.59167266,0.79413879,0.57431269,0.19876695,0
0.94401407,4.8932171,0.77930427,-0.58962393,0.80735016,0.023001075,0
-2.7527044,2.2828784,-0.5710994,-0.58962393,0.80735016,0.023001075,0
5.5188236,-0.16805482,0.40788555,0.58962393,-0.80735016,-0.023001075,0
3.0538878,-1.9376318,0.53929186,0.58962393,-0.80735016,-0.023001075,0
3.8288972,3.0138888,0.11023951,0.14726466,0.13546371,-0.97977674,0
1.7183595,5.5966368,0.1180017,-0.58962393,0.80735016,0.023001075,0
3.0557723,-1.9541579,-0.39020967,0.58962393,-0.80735016,-0.023001075,0
-0.55306005,1.2770798,-0.92698979,0.14726466,0.13546371,-0.97977674,0
-5.6460919,0.46188331,-0.88094282,-0.58962393,0.80735016,0.023001075,0
6.2175913,0.42348289,-0.12062788,0.79413879,0.57431269,0.19876695,0
5.7369361,-0.19184804,1.0625668,0.58962393,-0.80735016,-0.023001075,0
-1.9436877,2.9060481,0.20339942,-0.58962393,0.80735016,0.023001075,0
1.6263636,3.2906041,-0.49721408,0.14726466,0.13546371,-0.97977674,0
-3.6590567,-3.7080429,-0.52646017,-0.79413879,-0.57431269,-0.19876695,0
-3.4047568,-3.6244862,-1.6610718,-0.79413879,-0.57431269,-0.19876695,0
0.80372715,4.7333059,1.5579984,-0.58962393,0.80735016,0.023001075,0
2.365437,-0.74825585,-0.67508507,0.14726466,0.13546371,-0.97977674,0
2.3743813,1.5509019,-0.32726049,0.14726466,0.13546371,-0.97977674,0
-4.3912678,0.95819604,-0.68666315,-0.58962393,0.80735016,0.023001075,0
2.7870095,2.0383129,1.8651085,-0.14726466,-0.13546371,0.97977674,0
5.7799382,0.67421818,0.26196957,0.79413879,0.57431269,0.19876695,0
0.33675432,4.4341474,1.5195702,-0.58962393,0.80735016,0.023001075,0
-1.8574088,-5.0679979,-0.12269545,-0.14726466,-0.13546371,0.97977674,0
0.79259443,-3.9512353,-0.57919443,0.58962393,-0.80735016,-0.023001075,0
2.9997678,4.802434,0.099214554,0.79413879,0.57431269,0.19876695,0
5.6313615,-0.046928763,1.7686973,0.58962393,-0.80735016,-0.023001075,0
-5.0702639,0.59279537,-1.4069238,-0.58962393,0.80735016,0.023001075,0
-5.0623708,-1.3469017,-1.5833549,-0.79413879,-0.57431269,-0.19876695,0
0.56679332,1.7614706,-0.5897848,0.14726466,0.13546371,-0.97977674,0
4.5531411,1.9822128,0.061858654,0.14726466,0.13546371,-0.97977674,0
-0.19983482,-4.4334083,-0.50862801,0.58962393,-0.80735016,-0.023001075,0
5.5653906,0.33109868,1.6129322,0.79413879,0.57431269,0.19876695,0
-2.0977464,-3.6893811,-1.9729118,0.14726466,0.13546371,-0.97977674,0
-1.3434074,2.769516,-1.0241864,0.14726466,0.13546371,-0.97977674,0
-1.0572045,3.3872714,0.61569417,-0.58962393,0.80735016,0.023001075,0
1.6808357,5.5821605,1.9156326,-0.58962393,0.80735016,0.023001075,0
2.7725556,-2.4232965,-0.28430605,0.58962393,-0.80735016,-0.023001075,0
-0.25483894,-4.418788,-0.99780655,0.58962393,-0.80735016,-0.023001075,0
-2.3185186,1.0178339,-1.0871828,0.14726466,0.13546371,-0.97977674,0
-1.2247422,-4.9422617,-1.9200774,0.58962393,-0.80735016,-0.023001075,0
-1.6312547,0.11940789,0.71405113,-0.14726466,-0.13546371,0.97977674,0
-4.6489024,-1.7810481,-1.3078485,-0.79413879,-0.57431269,-0.19876695,0
-4.226119,-2.8332155,-0.34802437,-0.79413879,-0.57431269,-0.19876695,0
-3.0935352,-0.68551153,-1.4834177,0.14726466,0.13546371,-0.97977674,0
-1.5028462,-4.4909697,-2.0507193,0.14726466,0.13546371,-0.97977674,0
1.5526474,5.5255771,1.0350335,-0.58962393,0.80735016,0.023001075,0
5.750865,-0.028039217,1.2322125,0.58962393,-0.80735016,-0.023001075,0
1.54321,-3.3288431,-0.13262737,0.58962393,-0.80735016,-0.023001075,0
-1.0115902,-2.9400942,0.50235236,-0.14726466,-0.13546371,0.97977674,0
4.4120865,2.3414791,0.057991028,0.79413879,0.57431269,0.19876695,0
-1.2135084,3.3143983,0.20706946,-0.58962393,0.80735016,0.023001075,0
-4.686059,0.90578353,-0.04696846,-0.58962393,0.80735016,0.023001075,0
5.674428,-0.079291701,1.491076,0.58962393,-0.80735016,-0.023001075,0
-1.6353133,1.1535234,-1.0752485,0.14726466,0.13546371,-0.97977674,0
-2.8295157,2.4260061,-0.23319626,-0.58962393,0.80735016,0.023001075,0
-0.7700181,-4.863236,-0.2526288,0.58962393,-0.80735016,-0.023001075,0
-5.022234,0.52681684,-0.63537598,-0.58962393,0.80735016,0.023001075,0
4.8188496,1.8535159,0.91238451,0.79413879,0.57431269,0.19876695,0
-4.1252084,-2.9015317,-1.2640839,-0.79413879,-0.57431269,-0.19876695,0
-2.3970819,2.6201613,0.94757104,-0.58962393,0.80735016,0.023001075,0
3.2501545,3.8399882,1.0136054,0.79413879,0.57431269,0.19876695,0
4.5299554,1.1505735,-0.21832466,0.14726466,0.13546371,-0.97977674,0
-4.6574197,0.53106648,-1.6378064,0.14726466,0.13546371,-0.97977674,0
4.6080332,-1.1164668,0.073867321,0.58962393,-0.80735016,-0.023001075,0
2.3810401,3.429383,1.7777345,-0.14726466,-0.13546371,0.97977674,0
-3.4733403,1.6042671,0.059107542,-0.58962393,0.80735016,0.023001075,0
4.0596209,-1.4055691,1.051342,0.58962393,-0.80735016,-0.023001075,0
-2.6177883,-4.3466291,-1.7791498,-0.79413879,-0.57431269,-0.19876695,0
5.8057861,-0.093555927,-0.098536968,0.58962393,-0.80735016,-0.023001075,0
4.0743122,2.9848461,0.11473942,0.79413879,0.57431269,0.19876695,0
-6.1914577,-0.24530935,-0.2935977,-0.58962393,0.80735016,0.023001075,0
2.5208974,1.4880282,-0.25755239,0.14726466,0.13546371,-0.97977674,0
3.7229571,-1.8485727,-0.10628438,0.58962393,-0.80735016,-0.023001075,0
-3.5647135,-3.1602373,0.2213459,-0.14726466,-0.13546371,0.97977674,0
0.52742863,4.5521965,0.67872429,-0.58962393,0.80735016,0.023001075,0
0.58948898,3.7402141,1.5215806,-0.14726466,-0.13546371,0.97977674,0
-5.2871571,0.47447979,-1.2931972,-0.58962393,0.80735016,0.023001075,0
-2.8449047,-0.23073697,0.65803504,-0.14726466,-0.13546371,0.97977674,0
4.2000933,2.5620875,0.68812895,0.79413879,0.57431269,0.19876695,0
-2.7626991,-4.6257548,-0.53361034,-0.79413879,-0.57431269,-0.19876695,0
-1.912096,-5.5492625,-1.0179679,-0.79413879,-0.57431269,-0.19876695,0
5.291573,-0.58065867,0.3963542,0.58962393,-0.80735016,-0.023001075,0
-4.5004616,-2.2734342,-1.2540565,-0.79413879,-0.57431269,-0.19876695,0
0.25574178,1.4502646,1.1539339,-0.14726466,-0.13546371,0.97977674,0
1.2112679,5.0681038,0.29361749,-0.58962393,0.80735016,0.023001075,0
3.6947985,3.7292886,0.53282404,0.79413879,0.57431269,0.19876695,0
0.1825881,-3.9728813,-0.69219244,0.58962393,-0.80735016,-0.023001075,0
6.0941362,0.044787407,1.1557293,0.79413879,0.57431269,0.19876695,0
-3.1092756,-3.8713362,-1.2394741,-0.79413879,-0.57431269,-0.19876695,0
-5.1927395,-1.2211108,-0.55897284,-0.79413879,-0.57431269,-0.19876695,0
-2.7391772,0.65081143,-1.4932442,0.14726466,0.13546371,-0.97977674,0
-2.6182921,-4.8833418,-0.51888871,-0.79413879,-0.57431269,-0.19876695,0
-1.9243314,3.0877361,0.76149559,-0.58962393,0.80735016,0.023001075,0
5.8297496,0.5015552,1.1259842,0.79413879,0.57431269,0.19876695,0
-4.2945356,-2.3712897,-0.83695602,-0.79413879,-0.57431269,-0.19876695,0
-2.3265235,2.5612416,0.9824959,-0.58962393,0.80735016,0.023001075,0
4.3810153,-0.8242662,-0.54947805,0.14726466,0.13546371,-0.97977674,0
2.768461,-2.1672385,0.301893,0.58962393,-0.80735016,-0.023001075,0
-1.6467447,3.160506,-0.88027686,-0.58962393,0.80735016,0.023001075,0
-1.1034331,-5.3692651,-0.5494113,0.58962393,-0.80735016,-0.023001075,0
4.8262482,1.6590819,0.18913126,0.79413879,0.57431269,0.19876695,0
-3.8816013,-2.0615733,0.077187061,-0.14726466,-0.13546371,0.97977674,0
5.8723469,0.16736317,1.017499,0.58962393,-0.80735016,-0.023001075,0
4.2608471,2.4674063,1.1902294,0.79413879,0.57431269,0.19876695,0
0.78932929,-3.6923478,-0.95465946,0.58962393,-0.80735016,-0.023001075,0
4.4986258,-0.90751964,1.2712574,0.58962393,-0.80735016,-0.023001075,0
-5.3195553,-0.78988063,-1.7304268,-0.79413879,-0.57431269,-0.19876695,0
-4.9133067,-1.64522,0.14480734,-0.14726466,-0.13546371,0.97977674,0
-2.4738064,-4.9307556,-0.57441354,-0.79413879,-0.57431269,-0.19876695,0
3.7418561,3.293334,-0.14381742,0.14726466,0.13546371,-0.97977674,0
-4.6382771,1.0088434,0.44426584,-0.58962393,0.80735016,0.023001075,0
-1.1096377,-5.2251449,-0.3749516,0.58962393,-0.80735016,-0.023001075,0
-4.4154358,1.2883353,-1.2960262,-0.58962393,0.80735016,0.023001075,0
4.7127342,1.8973866,0.13786221,0.79413879,0.57431269,0.19876695,0
-4.7837539,-1.7232852,-0.29906607,-0.79413879,-0.57431269,-0.19876695,0
0.4297471,4.4647889,1.2924495,-0.58962393,0.80735016,0.023001075,0
-3.7766459,1.6185999,0.14324403,-0.58962393,0.80735016,0.023001075,0
-3.6550875,-0.7955032,-1.6755931,0.14726466,0.13546371,-0.97977674,0
3.1073635,3.8363883,2.0522335,0.79413879,0.57431269,0.19876695,0
-3.6414695,-3.2856622,-1.3638895,-0.79413879,-0.57431269,-0.19876695,0
-4.4891539,1.2106016,-1.2317872,-0.58962393,0.80735016,0.023001075,0
-3.9872644,1.4930714,0.31968403,-0.58962393,0.80735016,0.023001075,0
5.7521672,-0.0086462498,0.94055462,0.58962393,-0.80735016,-0.023001075,0
-0.29991198,-4.5966825,-0.17175174,0.58962393,-0.80735016,-0.023001075,0
-3.1311588,2.0587246,-0.55169082,-0.58962393,0.80735016,0.023001075,0
3.7270119,-1.830658,-0.24328971,0.58962393,-0.80735016,-0.023001075,0
1.2960262,5.4992065,0.5784905,-0.58962393,0.80735016,0.023001075,0
-4.9908543,-1.6723375,-0.18464041,-0.79413879,-0.57431269,-0.19876695,0
1.9016562,5.7333293,0.91797113,0.79413879,0.57431269,0.19876695,0
-4.0535226,-3.2303867,-0.23606443,-0.79413879,-0.57431269,-0.19876695,0
-1.1104813,2.1133578,-0.73649776,0.14726466,0.13546371,-0.97977674,0
1.5806704,5.4008212,1.159003,-0.58962393,0.80735016,0.023001075,0
-0.0051727295,4.3690567,1.3444706,-0.58962393,0.80735016,0.023001075,0
-3.5339296,1.8501085,0.041786194,-0.58962393,0.80735016,0.023001075,0
-2.0061133,-2.8900914,0.29968429,-0.14726466,-0.13546371,0.97977674,0
-1.6047404,-5.3692341,-1.7478398,0.58962393,-0.80735016,-0.023001075,0
-5.9181237,-0.48380828,-1.0648952,-0.79413879,-0.57431269,-0.19876695,0
4.7040253,-1.117923,-0.12242317,0.58962393,-0.80735016,-0.023001075,0
1.5150445,-2.9143918,-1.1074127,0.14726466,0.13546371,-0.97977674,0
2.5117636,5.1256251,0.71397567,0.79413879,0.57431269,0.19876695,0
4.3567715,-1.0246745,1.6078613,-0.14726466,-0.13546371,0.97977674,0
0.34676313,-4.2508731,0.21126753,0.58962393,-0.80735016,-0.023001075,0
1.9328887,1.0194434,1.4455097,-0.14726466,-0.13546371,0.97977674,0
2.4190357,4.7970028,1.1203759,0.79413879,0.57431269,0.19876695,0
-5.0291667,0.58228564,0.36387634,-0.58962393,0.80735016,0.023001075,0
4.0685277,2.0055118,1.7716949,-0.14726466,-0.13546371,0.97977674,0
-0.85386634,2.426157,1.0344174,-0.14726466,-0.13546371,0.97977674,0
-1.3048555,-3.1141114,-1.7622616,0.14726466,0.13546371,-0.97977674,0
-2.147855,2.9395306,0.91063511,-0.58962393,0.80735016,0.023001075,0
5.2020693,1.5694311,0.2305665,0.79413879,0.57431269,0.19876695,0
-4.0290976,-1.5085294,-1.8092015,0.14726466,0.13546371,-0.97977674,0
-5.0857983,-1.2926418,-1.8803391,-0.79413879,-0.57431269,-0.19876695,0
0.86510134,-3.7553473,-0.70188081,0.58962393,-0.80735016,-0.023001075,0
-0.09281671,1.0962441,-0.87067908,0.14726466,0.13546371,-0.97977674,0
5.3899045,-0.30880105,1.3154755,0.58962393,-0.80735016,-0.023001075,0
-4.0449591,1.4230098,-1.1009765,-0.58962393,0.80735016,0.023001075,0
1.77292,-0.78027511,-0.79160607,0.14726466,0.13546371,-0.97977674,0
2.6643658,4.8735194,0.41467047,0.79413879,0.57431269,0.19876695,0
-2.6436775,-4.3685751,-1.664325,-0.79413879,-0.57431269,-0.19876695,0
-3.5524707,1.9972007,-0.54284024,-0.58962393,0.80735016,0.023001075,0
-0.91203809,0.60803521,0.82716465,-0.14726466,-0.13546371,0.97977674,0
-4.9225497,-0.25432158,0.34620953,-0.14726466,-0.13546371,0.97977674,0
0.38687849,1.8577441,-0.5075832,0.14726466,0.13546371,-0.97977674,0
-5.7639689,0.28778338,-0.27801609,-0.58962393,0.80735016,0.023001075,0
-1.0479647,-2.7009172,-1.6573365,0.14726466,0.13546371,-0.97977674,0
-4.6939564,-0.94609416,-1.8398042,0.14726466,0.13546371,-0.97977674,0
-4.8889861,0.80025291,-1.5650606,-0.58962393,0.80735016,0.023001075,0
2.5396004,-2.2838376,-0.64500606,0.58962393,-0.80735016,-0.023001075,0
0.86248946,-3.0166969,-1.1552849,0.14726466,0.13546371,-0.97977674,0
0.39898682,4.7493472,0.23474669,-0.58962393,0.80735016,0.023001075,0
0.78086042,4.760427,0.27460945,-0.58962393,0.80735016,0.023001075,0
1.5649805,-1.9674195,-1.0094335,0.14726466,0.13546371,-0.97977674,0
1.4402146,4.4253535,-0.10146546,0.14726466,0.13546371,-0.97977674,0
-3.6771526,-3.3045356,-1.544956,-0.79413879,-0.57431269,-0.19876695,0
-1.8003998,2.8913484,0.40629506,-0.58962393,0.80735016,0.023001075,0
-4.353436,-2.5627818,-0.14200401,-0.79413879,-0.57431269,-0.19876695,0
-2.920717,-4.603374,-0.46667957,-0.79413879,-0.57431269,-0.19876695,0
5.5194945,1.2834744,0.29071999,0.79413879,0.57431269,0.19876695,0
-1.8109056,-0.400051,0.68963516,-0.14726466,-0.13546371,0.97977674,0
-1.105794,-4.9428492,-0.10185003,0.58962393,-0.80735016,-0.023001075,0
-2.7469645,-1.8143773,-1.603755,0.14726466,0.13546371,-0.97977674,0
-2.7943642,-3.9354911,-1.6962731,-0.79413879,-0.57431269,-0.19876695,0
-2.0679862,-5.4098468,-1.7303407,-0.79413879,-0.57431269,-0.19876695,0
5.0929055,-0.57062042,0.88043261,0.58962393,-0.80735016,-0.023001075,0
0.78900337,-3.8482223,-1.4193683,0.58962393,-0.80735016,-0.023001075,0
-4.2032661,-2.37238,0.254498,-0.14726466,-0.13546371,0.97977674,0
1.8059731,5.3351355,2.1048551,0.79413879,0.57431269,0.19876695,0
0.66920614,-4.0410051,0.226311,0.58962393,-0.80735016,-0.023001075,0
3.8353195,2.9235494,0.98681188,0.79413879,0.57431269,0.19876695,0
-3.1985726,-3.9283743,-1.2006059,-0.79413879,-0.57431269,-0.19876695,0
1.8913867,5.7059684,0.54545999,-0.58962393,0.80735016,0.023001075,0
-2.0929048,-5.5477109,-0.35109091,-0.79413879,-0.57431269,-0.19876695,0
2.7367496,-1.6007869,-0.96054792,0.14726466,0.13546371,-0.97977674,0
0.92835283,-3.6827817,-0.085394643,0.58962393,-0.80735016,-0.023001075,0
4.5972023,-1.1649045,0.56263566,0.58962393,-0.80735016,-0.023001075,0
-0.62829304,3.7429657,-0.60141575,0.14726466,0.13546371,-0.97977674,0
2.2166481,3.4693732,2.0140347,-0.14726466,-0.13546371,0.97977674,0
-1.747452,-5.4661775,-1.1961751,0.58962393,-0.80735016,-0.023001075,0
-2.7982402,-4.5958676,-0.42200446,-0.79413879,-0.57431269,-0.19876695,0
4.7128286,2.1853397,0.31195927,0.79413879,0.57431269,0.19876695,0
2.7957792,-1.6050042,-0.76917696,0.14726466,0.13546371,-0.97977674,0
4.8898449,-0.52346301,-0.10953999,0.58962393,-0.80735016,-0.023001075,0
-0.15744781,-4.2001333,-0.29818672,0.58962393,-0.80735016,-0.023001075,0
-0.59251738,4.1012206,1.5420229,-0.58962393,0.80735016,0.023001075,0
2.2434707,0.051773988,1.3916265,-0.14726466,-0.13546371,0.97977674,0
0.48517728,-2.7409291,-1.3668306,0.14726466,0.13546371,-0.97977674,0
-3.2717202,-2.7639606,0.13193202,-0.14726466,-0.13546371,0.97977674,0
0.59226656,-4.1067762,-0.68876946,0.58962393,-0.80735016,-0.023001075,0
0.50871468,1.180295,1.3002307,-0.14726466,-0.13546371,0.97977674,0
5.0353503,1.1889416,1.3340411,0.79413879,0.57431269,0.19876695,0
0.70361197,0.17199516,-0.89558291,0.14726466,0.13546371,-0.97977674,0
3.5297608,3.7586827,0.95805931,0.79413879,0.57431269,0.19876695,0
-3.7146397,1.8380475,-0.28438306,-0.58962393,0.80735016,0.023001075,0
0.84326148,-3.816067,-1.1498581,0.58962393,-0.80735016,-0.023001075,0
-1.6666656,-4.4422903,0.16116118,-0.14726466,-0.13546371,0.97977674,0
-2.6175332,-5.0117373,-1.1153545,-0.79413879,-0.57431269,-0.19876695,0
-2.1984794,-5.445251,-0.81737161,-0.79413879,-0.57431269,-0.19876695,0
2.9908199,3.8961647,1.8663905,0.79413879,0.57431269,0.19876695,0
1.9333876,-0.92419493,-0.88255858,0.14726466,0.13546371,-0.97977674,0
5.5755587,0.98954201,0.42030096,0.79413879,0.57431269,0.19876695,0
2.2179434,2.6620038,1.5373012,-0.14726466,-0.13546371,0.97977674,0
4.2512522,2.3502281,-0.18057728,0.14726466,0.13546371,-0.97977674,0
-0.62794685,3.9874816,1.3228645,-0.58962393,0.80735016,0.023001075,0
-1.9159968,3.1117029,0.084917903,-0.58962393,0.80735016,0.023001075,0
5.001173,1.9586422,0.18684912,0.79413879,0.57431269,0.19876695,0
-2.4887712,2.5957808,-0.19853508,-0.58962393,0.80735016,0.023001075,0
-6.0310717,-0.5766952,-0.18682909,-0.79413879,-0.57431269,-0.19876695,0
5.9721069,-0.066050529,0.32486391,0.58962393,-0.80735016,-0.023001075,0
0.42688799,-4.1700792,-0.90665275,0.58962393,-0.80735016,-0.023001075,0
-2.2251565,-4.8650584,-0.089528799,-0.14726466,-0.13546371,0.97977674,0
4.8599219,-0.77644038,-0.20947504,0.58962393,-0.80735016,-0.023001075,0
5.7054815,0.018289566,0.59488392,0.58962393,-0.80735016,-0.023001075,0
3.887763,3.0075462,1.5183558,0.79413879,0.57431269,0.19876695,0
-0.61515427,-4.9920325,-0.79282296,0.58962393,-0.80735016,-0.023001075,0
2.1239226,-2.6516342,0.59288967,0.58962393,-0.80735016,-0.023001075,0
4.8105202,-0.96602774,-0.42489576,0.14726466,0.13546371,-0.97977674,0
4.6982794,-1.1458744,0.55417204,0.58962393,-0.80735016,-0.023001075,0
-2.4763482,-2.4863191,0.27463627,-0.14726466,-0.13546371,0.97977674,0
1.2847314,-1.896439,-1.200145,0.14726466,0.13546371,-0.97977674,0
1.8403623,5.7130527,1.8590186,0.79413879,0.57431269,0.19876695,0
-6.0293169,-0.31111193,-0.56162834,-0.79413879,-0.57431269,-0.19876695,0
4.5968513,-0.78528285,-0.43009329,0.58962393,-0.80735016,-0.023001075,0
1.2932677,1.5226073,-0.54729843,0.14726466,0.13546371,-0.97977674,0
3.7825308,3.265152,0.69815731,0.79413879,0.57431269,0.19876695,0
5.7669973,0.33259678,0.7786932,0.79413879,0.57431269,0.19876695,0
-5.04283,-1.368187,-1.4798036,-0.79413879,-0.57431269,-0.19876695,0
0.98935127,-3.407146,-0.77269936,0.58962393,-0.80735016,-0.023001075,0
-4.8989234,-1.1516365,-1.832674,-0.79413879,-0.57431269,-0.19876695,0
5.2730818,1.5155103,0.55686331,0.79413879,0.57431269,0.19876695,0
-5.5562563,-1.2843828,-0.2037487,-0.79413879,-0.57431269,-0.19876695,0
-6.2084675,-0.31296206,-0.3374877,-0.79413879,-0.57431269,-0.19876695,0
-2.0239384,0.75089717,0.87165606,-0.14726466,-0.13546371,0.97977674,0
3.1976137,4.2517352,0.79640055,0.79413879,0.57431269,0.19876695,0
-2.9445891,-2.3343329,-1.6854067,0.14726466,0.13546371,-0.97977674,0
-2.7338731,2.0977826,0.11256242,-0.58962393,0.80735016,0.023001075,0
-1.0491803,-0.55005211,-1.2861102,0.14726466,0.13546371,-0.97977674,0
2.0635831,2.4786849,1.5536437,-0.14726466,-0.13546371,0.97977674,0
5.1505251,1.6472812,0.3627305,0.79413879,0.57431269,0.19876695,0
0.23607588,-4.2926908,-1.2484192,0.58962393,-0.80735016,-0.023001075,0
1.3474684,-0.63479614,-0.96698517,0.14726466,0.13546371,-0.97977674,0
4.1449995,2.2839742,1.682332,0.79413879,0.57431269,0.19876695,0
5.3739262,0.43821132,1.7770391,0.79413879,0.57431269,0.19876695,0
1.8864095,-2.9163332,-0.71869087,0.58962393,-0.80735016,-0.023001075,0
-3.9436085,-2.7495432,0.11995268,-0.14726466,-0.13546371,0.97977674,0
1.7598438,0.45798016,-0.66124916,0.14726466,0.13546371,-0.97977674,0
5.5212274,0.94393253,0.62370777,0.79413879,0.57431269,0.19876695,0
3.1378961,-0.83540332,-0.46567464,0.14726466,0.13546371,-0.97977674,0
-3.0941403,-3.8255491,-1.2976389,-0.79413879,-0.57431269,-0.19876695,0
0.17703438,-4.2635069,-1.1278639,0.58962393,-0.80735016,-0.023001075,0
-0.39485204,-1.6767776,-1.3149219,0.14726466,0.13546371,-0.97977674,0
5.741528,0.50561261,0.041612148,0.79413879,0.57431269,0.19876695,0
0.27004004,-4.3057261,-0.92176783,0.58962393,-0.80735016,-0.023001075,0
-2.6902223,-4.7354279,-0.86296964,-0.79413879,-0.57431269,-0.19876695,0
-5.6835408,-0.65477157,-0.84502888,-0.79413879,-0.57431269,-0.19876695,0
-5.7362366,-0.75550532,-0.67047215,-0.79413879,-0.57431269,-0.19876695,0
-3.9655526,1.4954548,-0.29988146,-0.58962393,0.80735016,0.023001075,0
3.1063287,4.1371403,0.53708243,0.79413879,0.57431269,0.19876695,0
5.7455621,0.19542527,0.9903388,0.79413879,0.57431269,0.19876695,0
-3.8350499,-1.3562988,-1.9733679,0.14726466,0.13546371,-0.97977674,0
-2.0615931,-2.6688623,0.53735733,-0.14726466,-0.13546371,0.97977674,0
3.9541249,3.0189624,-0.16463137,0.14726466,0.13546371,-0.97977674,0
-5.3338366,0.3643117,0.135571,-0.58962393,0.80735016,0.023001075,0
-2.574264,-5.2016473,0.019504547,-0.79413879,-0.57431269,-0.19876695,0
-1.3851728,-5.2746263,-1.6684004,0.58962393,-0.80735016,-0.023001075,0
4.8530302,1.6853671,0.75438738,0.79413879,0.57431269,0.19876695,0
4.2935991,1.8087827,1.9095674,0.79413879,0.57431269,0.19876695,0
1.2604866,5.3991632,1.6479735,-0.58962393,0.80735016,0.023001075,0
1.271616,5.350584,1.822214,-0.58962393,0.80735016,0.023001075,0
-1.1010804,-5.2339206,-0.50668883,0.58962393,-0.80735016,-0.023001075,0
-2.4773748,-4.7180815,-1.1115632,-0.79413879,-0.57431269,-0.19876695,0
-4.376039,-1.7814034,-1.8474188,-0.79413879,-0.57431269,-0.19876695,0
0.39759469,3.968703,-0.28006089,0.14726466,0.13546371,-0.97977674,0
2.8151057,3.4745173,1.893136,-0.14726466,-0.13546371,0.97977674,0
3.0676866,3.5697072,2.0825868,0.79413879,0.57431269,0.19876695,0
0.1202426,-1.5097265,-1.3586712,0.14726466,0.13546371,-0.97977674,0
-3.9533737,1.4825497,-0.5292275,-0.58962393,0.80735016,0.023001075,0
2.3138857,5.0737028,0.57659888,0.79413879,0.57431269,0.19876695,0
3.7764726,-0.49181283,1.3581219,-0.14726466,-0.13546371,0.97977674,0
0.84495974,4.7893648,1.8507751,-0.58962393,0.80735016,0.023001075,0
5.75002,0.50136614,0.17431259,0.79413879,0.57431269,0.19876695,0
-1.0948577,3.68067,-0.28499997,-0.58962393,0.80735016,0.023001075,0
-0.75319004,-4.2299638,-1.8499374,0.14726466,0.13546371,-0.97977674,0
1.8186362,-2.9908578,-0.65889078,0.58962393,-0.80735016,-0.023001075,0
-0.85331738,0.72576189,1.1689291,-0.14726466,-0.13546371,0.97977674,0
-0.21289784,-0.48965478,-1.1692104,0.14726466,0.13546371,-0.97977674,0
-5.6566558,-0.78840709,-1.253252,-0.79413879,-0.57431269,-0.19876695,0
-5.0141597,-0.53838229,0.13848495,-0.14726466,-0.13546371,0.97977674,0
-1.5067763,3.2508845,-0.6702491,-0.58962393,0.80735016,0.023001075,0
1.0390627,-1.1927396,1.1634744,-0.14726466,-0.13546371,0.97977674,0
-3.1086006,-4.4962687,-0.12596703,-0.79413879,-0.57431269,-0.19876695,0
-3.4255757,-3.1982546,-1.4813662,-0.79413879,-0.57431269,-0.19876695,0
3.6481762,-1.4216242,-0.32020497,0.58962393,-0.80735016,-0.023001075,0
5.9621181,0.50746846,0.2431016,0.79413879,0.57431269,0.19876695,0
3.349175,3.0210946,1.7965412,-0.14726466,-0.13546371,0.97977674,0
-5.19628,0.63669765,-1.5244079,-0.58962393,0.80735016,0.023001075,0
6.0902605,0.38107252,0.50366402,0.79413879,0.57431269,0.19876695,0
-4.1517262,0.08231312,-1.499809,0.14726466,0.13546371,-0.97977674,0
-0.49288678,-3.8039169,-1.4745827,0.14726466,0.13546371,-0.97977674,0
-1.3757622,-0.69728094,-1.2282534,0.14726466,0.13546371,-0.97977674,0
0.63474435,-0.33145693,0.87362218,-0.14726466,-0.13546371,0.97977674,0
-4.8507657,0.27448356,-1.8934391,0.14726466,0.13546371,-0.97977674,0
5.3781385,-0.39563227,-0.070592403,0.58962393,-0.80735016,-0.023001075,0
4.3445549,-0.98836219,0.60789418,0.58962393,-0.80735016,-0.023001075,0
5.7251501,0.93564558,0.40879297,0.79413879,0.57431269,0.19876695,0
-0.050261021,-3.3047988,0.5943107,-0.14726466,-0.13546371,0.97977674,0
-5.4432487,-0.79682815,-1.4404325,-0.79413879,-0.57431269,-0.19876695,0
-4.828742,-1.8231944,-1.3336444,-0.79413879,-0.57431269,-0.19876695,0
-0.28581715,3.4772124,-0.45923379,0.14726466,0.13546371,-0.97977674,0
4.50175,2.6166563,0.50777674,0.79413879,0.57431269,0.19876695,0
-1.6657183,-5.4515548,-0.26706243,0.58962393,-0.80735016,-0.023001075,0
2.6997948,4.7797518,1.3075283,0.79413879,0.57431269,0.19876695,0
5.386385,1.1138704,1.0635858,0.79413879,0.57431269,0.19876695,0
5.3332596,0.83851016,1.5071855,0.79413879,0.57431269,0.19876695,0
1.806025,5.5345831,0.05076313,-0.58962393,0.80735016,0.023001075,0
-4.7447195,0.74493456,0.081309319,-0.58962393,0.80735016,0.023001075,0
1.9690011,1.7834889,1.7095627,-0.14726466,-0.13546371,0.97977674,0
5.7524486,0.023258448,0.87563467,0.58962393,-0.80735016,-0.023001075,0
-2.7867191,2.2571785,0.24897814,-0.58962393,0.80735016,0.023001075,0
-2.3120971,-1.3915528,-1.4519259,0.14726466,0.13546371,-0.97977674,0
1.8634276,-3.0270257,0.71855944,0.58962393,-0.80735016,-0.023001075,0
-1.2623844,3.2588751,-0.51258314,-0.58962393,0.80735016,0.023001075,0
-5.4817619,-1.1491046,-0.018912315,-0.79413879,-0.57431269,-0.19876695,0
-0.83743572,-4.850091,-0.95878696,0.58962393,-0.80735016,-0.023001075,0
3.2364841,4.3629227,0.43938804,0.79413879,0.57431269,0.19876695,0
0.78435206,4.7098131,1.7191205,-0.58962393,0.80735016,0.023001075,0
-5.1238232,-1.0025414,-1.2839899,-0.79413879,-0.57431269,-0.19876695,0
-5.6278777,-0.86235642,-0.72562456,-0.79413879,-0.57431269,-0.19876695,0
2.713273,-1.9778417,-0.81882858,0.14726466,0.13546371,-0.97977674,0
-0.69293594,-4.7939525,-0.80018854,0.58962393,-0.80735016,-0.023001075,0
4.6506486,-1.0147867,-0.11051226,0.58962393,-0.80735016,-0.023001075,0
-1.583329,-5.3829741,-0.76763368,0.58962393,-0.80735016,-0.023001075,0
2.3383553,3.4273651,-0.051319599,0.14726466,0.13546371,-0.97977674,0
3.8451622,2.8510022,1.3051095,0.79413879,0.57431269,0.19876695,0
3.1805716,3.6569793,1.6022043,0.79413879,0.57431269,0.19876695,0
-4.6565771,-1.6068473,-1.0072298,-0.79413879,-0.57431269,-0.19876695,0
4.3303857,2.7102683,1.0163908,0.79413879,0.57431269,0.19876695,0
-4.1932054,-2.6725163,-0.64540005,-0.79413879,-0.57431269,-0.19876695,0
-5.1649189,-1.5770295,0.047431946,-0.14726466,-0.13546371,0.97977674,0
-5.1893816,-1.6655807,-0.29401541,-0.79413879,-0.57431269,-0.19876695,0
5.1781797,1.2687397,1.5103559,0.79413879,0.57431269,0.19876695,0
-3.4155889,1.6862715,-0.43845105,-0.58962393,0.80735016,0.023001075,0
2.5264895,5.153554,0.31237507,0.79413879,0.57431269,0.19876695,0
-2.4100091,0.32317495,0.60010362,-0.14726466,-0.13546371,0.97977674,0
-2.4208701,-5.0089612,-0.69482994,-0.79413879,-0.57431269,-0.19876695,0
0.52743793,4.7003417,1.6774607,-0.58962393,0.80735016,0.023001075,0
5.0895853,1.1191134,0.7391057,0.79413879,0.57431269,0.19876695,0
1.6583428,5.3764524,0.94354558,-0.58962393,0.80735016,0.023001075,0
-4.4667969,-1.9640328,-0.81599379,-0.79413879,-0.57431269,-0.19876695,0
-4.0559397,-1.6770705,-1.9859436,0.14726466,0.13546371,-0.97977674,0
2.2236199,4.994523,1.6773331,0.79413879,0.57431269,0.19876695,0
-0.73768187,2.7768409,1.3379998,-0.14726466,-0.13546371,0.97977674,0
-5.0824261,-1.0624398,-1.1700883,-0.79413879,-0.57431269,-0.19876695,0
-1.215394,1.4809775,-0.83746004,0.14726466,0.13546371,-0.97977674,0
-0.97862816,-5.2363238,-0.11666656,0.58962393,-0.80735016,-0.023001075,0
3.1518269,4.2664461,0.66246009,0.79413879,0.57431269,0.19876695,0
2.4870605,-2.3751795,1.0403663,0.58962393,-0.80735016,-0.023001075,0
-3.1855288,-4.6603727,0.039042473,-0.79413879,-0.57431269,-0.19876695,0
-3.5419662,-3.5407395,-0.39720535,-0.79413879,-0.57431269,-0.19876695,0
3.2066867,3.5243587,1.2113376,0.79413879,0.57431269,0.19876695,0
0.58311319,2.8605006,1.5420905,-0.14726466,-0.13546371,0.97977674,0
-1.3079618,1.6870321,1.1325444,-0.14726466,-0.13546371,0.97977674,0
-1.4196177,-1.2205465,0.75255311,-0.14726466,-0.13546371,0.97977674,0
-0.93815851,2.2217832,1.1557208,-0.14726466,-0.13546371,0.97977674,0
4.6650982,-1.0486556,0.55863237,0.58962393,-0.80735016,-0.023001075,0
0.48599672,-2.9771895,0.83757985,-0.14726466,-0.13546371,0.97977674,0
4.5348883,-1.2020961,0.11764288,0.58962393,-0.80735016,-0.023001075,0
5.8355598,-0.064437389,1.2587366,0.58962393,-0.80735016,-0.023001075,0
5.4563003,0.50091958,0.98875332,0.79413879,0.57431269,0.19876695,0
2.375412,4.8664041,0.9223609,0.79413879,0.57431269,0.19876695,0
-3.8839865,-3.0722768,-1.3918741,-0.79413879,-0.57431269,-0.19876695,0
1.6690044,-2.0597332,0.90300345,-0.14726466,-0.13546371,0.97977674,0
-0.27085054,0.15000319,0.85030955,-0.14726466,-0.13546371,0.97977674,0
2.1733413,5.455801,0.96060109,0.79413879,0.57431269,0.19876695,0
-5.3543153,-0.8314712,-1.0409031,-0.79413879,-0.57431269,-0.19876695,0
5.3984804,1.2769878,0.24315405,0.79413879,0.57431269,0.19876695,0
1.4161384,3.4360714,-0.19260335,0.14726466,0.13546371,-0.97977674,0
-0.60307908,3.6500812,0.37445819,-0.58962393,0.80735016,0.023001075,0
3.6479859,-1.472039,-0.4194541,0.58962393,-0.80735016,-0.023001075,0
5.0208354,-0.48150945,-0.32931995,0.14726466,0.13546371,-0.97977674,0
0.33983588,-3.8992915,-1.428844,0.58962393,-0.80735016,-0.023001075,0
5.3332024,0.86183536,1.0872388,0.79413879,0.57431269,0.19876695,0
0.24234676,4.2909603,0.18220115,-0.58962393,0.80735016,0.023001075,0
5.2226882,-0.5222702,1.2481518,0.58962393,-0.80735016,-0.023001075,0
-1.4013135,-5.3167381,-1.8779821,0.58962393,-0.80735016,-0.023001075,0
0.4163065,2.9072452,-0.52510267,0.14726466,0.13546371,-0.97977674,0
-2.046958,-5.6240606,-0.33632112,-0.79413879,-0.57431269,-0.19876695,0
-4.771523,-1.4690137,-1.8162656,0.14726466,0.13546371,-0.97977674,0
-5.3910551,0.56913352,-0.51886559,-0.58962393,0.80735016,0.023001075,0
2.6091948,4.8394256,1.6365864,0.79413879,0.57431269,0.19876695,0
3.7304082,-1.8482976,1.1492872,0.58962393,-0.80735016,-0.023001075,0
4.8587022,1.891747,0.63266087,0.79413879,0.57431269,0.19876695,0
-2.1606193,1.8000233,-1.2473109,0.14726466,0.13546371,-0.97977674,0
5.4590836,0.26644456,1.789237,0.79413879,0.57431269,0.19876695,0
2.4814129,3.2835841,1.8628151,-0.14726466,-0.13546371,0.97977674,0
-5.0946865,0.38745522,0.0018978119,-0.58962393,0.80735016,0.023001075,0
-4.7191048,-0.31972313,0.29653502,-0.14726466,-0.13546371,0.97977674,0
-6.0000067,0.0071310997,-1.1157532,-0.79413879,-0.57431269,-0.19876695,0
1.9107742,-1.2435185,0.94474638,-0.14726466,-0.13546371,0.97977674,0
-3.0262582,-1.1861488,-1.4483156,0.14726466,0.13546371,-0.97977674,0
1.9220999,-0.57420832,1.1612612,-0.14726466,-0.13546371,0.97977674,0
-4.7267432,-2.1008983,-1.0254292,-0.79413879,-0.57431269,-0.19876695,0
-3.9917679,-1.2409009,-1.7985954,0.14726466,0.13546371,-0.97977674,0
1.6254237,0.94773519,-0.70062828,0.14726466,0.13546371,-0.97977674,0
-3.4694295,-3.5472312,-1.5454142,-0.79413879,-0.57431269,-0.19876695,0
0.60222638,-0.27331573,1.1550487,-0.14726466,-0.13546371,0.97977674,0
-0.83667314,1.7012706,1.3196653,-0.14726466,-0.13546371,0.97977674,0
2.6518979,-2.3771615,0.55037832,0.58962393,-0.80735016,-0.023001075,0
0.90284872,0.50772953,-0.71855688,0.14726466,0.13546371,-0.97977674,0
4.1145692,2.8798275,0.53372431,0.79413879,0.57431269,0.19876695,0
-1.9063408,-5.7252665,-0.26964355,0.58962393,-0.80735016,-0.023001075,0
1.9398601,-2.6919465,-0.9580195,0.58962393,-0.80735016,-0.023001075,0
2.2560644,5.747077,0.38497663,0.79413879,0.57431269,0.19876695,0
-4.4125061,-2.419096,-1.2906127,-0.79413879,-0.57431269,-0.19876695,0
-4.8270264,-1.4460018,-0.74045563,-0.79413879,-0.57431269,-0.19876695,0
3.7777638,2.0348611,-0.014193535,0.14726466,0.13546371,-0.97977674,0
-1.3823349,-3.4496326,0.19207931,-0.14726466,-0.13546371,0.97977674,0
-1.1038606,3.5491414,1.1626945,-0.58962393,0.80735016,0.023001075,0
-5.6227274,-1.1046565,-0.19290543,-0.79413879,-0.57431269,-0.19876695,0
1.8262761,4.5231094,-0.27053595,0.14726466,0.13546371,-0.97977674,0
1.9422266,5.5264597,1.6987178,0.79413879,0.57431269,0.19876695,0
4.117229,2.111505,1.6549244,0.79413879,0.57431269,0.19876695,0
1.5709097,5.2706947,1.7979435,-0.58962393,0.80735016,0.023001075,0
-4.9683018,0.59889197,-1.4095409,-0.58962393,0.80735016,0.023001075,0
4.9875798,-0.81437588,1.7190058,-0.14726466,-0.13546371,0.97977674,0
4.9735069,1.5488567,0.070538521,0.14726466,0.13546371,-0.97977674,0
-3.8501618,-2.7320685,-1.6737711,-0.79413879,-0.57431269,-0.19876695,0
-2.3269827,2.8067017,0.58580565,-0.58962393,0.80735016,0.023001075,0
-3.3991687,-3.2810822,0.10500288,-0.14726466,-0.13546371,0.97977674,0
-5.4100637,0.078231812,-1.9300275,0.14726466,0.13546371,-0.97977674,0
-5.376658,-1.0340481,-0.15382433,-0.79413879,-0.57431269,-0.19876695,0
-2.5905545,-4.4812136,-1.6915503,-0.79413879,-0.57431269,-0.19876695,0
1.4774318,-3.3707583,0.93301713,-0.14726466,-0.13546371,0.97977674,0
5.6727066,0.2991035,1.6632996,0.79413879,0.57431269,0.19876695,0
2.0321946,-2.9224095,0.51124072,0.58962393,-0.80735016,-0.023001075,0
5.8547373,0.46881104,1.0163722,0.79413879,0.57431269,0.19876695,0
5.3095365,1.1271515,-0.090907097,0.79413879,0.57431269,0.19876695,0
-0.88674235,-5.1569824,-1.7457222,0.58962393,-0.80735016,-0.023001075,0
-4.3160048,-2.1935258,-1.642724,-0.79413879,-0.57431269,-0.19876695,0
-0.5209775,-4.7153587,-1.0696211,0.58962393,-0.80735016,-0.023001075,0
-0.63522816,-4.668489,-0.13024557,0.58962393,-0.80735016,-0.023001075,0
3.91681,3.1685596,1.3414538,0.79413879,0.57431269,0.19876695,0
-2.5379176,-4.5643587,-1.9806144,-0.79413879,-0.57431269,-0.19876695,0
-4.4677792,-0.94357699,-1.9591863,0.14726466,0.13546371,-0.97977674,0
-3.6291771,1.731755,-1.0817113,-0.58962393,0.80735016,0.023001075,0
3.515722,-1.6382582,0.74257016,0.58962393,-0.80735016,-0.023001075,0
5.6362658,0.2135725,1.9425588,-0.14726466,-0.13546371,0.97977674,0
3.9029505,-1.2552117,-0.15117145,0.58962393,-0.80735016,-0.023001075,0
3.3821788,-1.9438703,1.2251124,0.58962393,-0.80735016,-0.023001075,0
5.0410538,0.77625895,-0.078699589,0.14726466,0.13546371,-0.97977674,0
-2.977236,-3.8603044,-1.7236986,-0.79413879,-0.57431269,-0.19876695,0
2.1531062,0.37514955,1.2857561,-0.14726466,-0.13546371,0.97977674,0
-0.64607859,3.6532695,-0.58846891,-0.58962393,0.80735016,0.023001075,0
-3.808166,-3.2712951,-0.53828621,-0.79413879,-0.57431269,-0.19876695,0
-2.9595017,-4.5168715,-0.64381313,-0.79413879,-0.57431269,-0.19876695,0
1.0318924,0.5263508,1.3762268,-0.14726466,-0.13546371,0.97977674,0
-1.2362018,-5.197186,-0.78643823,0.58962393,-0.80735016,-0.023001075,0
-1.2154459,0.71460277,-1.0134375,0.14726466,0.13546371,-0.97977674,0
2.6277652,3.8185759,-0.16582322,0.14726466,0.13546371,-0.97977674,0
6.1161795,-0.14032102,1.410264,0.58962393,-0.80735016,-0.023001075,0
1.0130134,-3.323828,-1.1617378,0.58962393,-0.80735016,-0.023001075,0
4.2026215,-1.0969808,-0.36465001,0.58962393,-0.80735016,-0.023001075,0
-3.994782,-3.0910144,-0.18585539,-0.79413879,-0.57431269,-0.19876695,0
-0.051636696,-4.1075387,-1.2376244,0.58962393,-0.80735016,-0.023001075,0
-1.4821355,-0.3927362,0.78526378,-0.14726466,-0.13546371,0.97977674,0
-0.40229654,4.2289181,1.6276156,-0.58962393,0.80735016,0.023001075,0
-5.7965856,0.33516574,-0.5063448,-0.58962393,0.80735016,0.023001075,0
-5.3079243,0.66927624,-0.57622337,-0.58962393,0.80735016,0.023001075,0
-0.31269932,-2.3817058,0.52531135,-0.14726466,-0.13546371,0.97977674,0
2.3355341,5.4949012,0.32648063,0.79413879,0.57431269,0.19876695,0
-0.91565323,3.8808448,-0.24899645,-0.58962393,0.80735016,0.023001075,0
-3.4054823,-3.2993531,-1.5792239,-0.79413879,-0.57431269,-0.19876695,0
0.81110811,-3.6214008,-0.68160421,0.58962393,-0.80735016,-0.023001075,0
1.7139207,2.974618,-0.40071464,0.14726466,0.13546371,-0.97977674,0
3.0097113,3.2827506,-0.23273396,0.14726466,0.13546371,-0.97977674,0
-3.7128701,-3.7272077,-0.51875925,-0.79413879,-0.57431269,-0.19876695,0
0.17608833,-2.1270022,0.61314631,-0.14726466,-0.13546371,0.97977674,0
-4.9944754,-1.2686592,-1.7479615,-0.79413879,-0.57431269,-0.19876695,0
5.1302328,1.5509973,0.15865374,0.79413879,0.57431269,0.19876695,0
5.745327,0.53660464,0.26875401,0.79413879,0.57431269,0.19876695,0
2.475626,0.22269154,-0.65646124,0.14726466,0.13546371,-0.97977674,0
-4.0438185,1.6487385,-1.0480065,-0.58962393,0.80735016,0.023001075,0
3.5822294,3.6943412,0.3765583,0.79413879,0.57431269,0.19876695,0
4.4704866,-0.54909128,1.5584953,-0.14726466,-0.13546371,0.97977674,0
-3.2516391,2.1510441,0.19598556,-0.58962393,0.80735016,0.023001075,0
0.024613202,0.8240118,0.98949236,-0.14726466,-0.13546371,0.97977674,0
-1.8167987,-5.7875824,-0.54700565,0.58962393,-0.80735016,-0.023001075,0
1.4475437,0.25723886,-0.89482081,0.14726466,0.13546371,-0.97977674,0
-1.0610303,-1.8840129,-1.3644689,0.14726466,0.13546371,-0.97977674,0
-0.068471909,-4.1612382,-0.67181313,0.58962393,-0.80735016,-0.023001075,0
3.2493317,-1.8728667,0.40457344,0.58962393,-0.80735016,-0.023001075,0
-3.9774976,-3.088057,-0.94879532,-0.79413879,-0.57431269,-0.19876695,0
4.8864684,1.79677,0.99338531,0.79413879,0.57431269,0.19876695,0
-2.47509,-1.783584,-1.5449595,0.14726466,0.13546371,-0.97977674,0
5.0306101,1.7166841,0.50523615,0.79413879,0.57431269,0.19876695,0
0.56965876,-3.9311414,-0.99357486,0.58962393,-0.80735016,-0.023001075,0
-2.4690771,0.015436217,-1.4367341,0.14726466,0.13546371,-0.97977674,0
5.6889224,0.59344959,0.38922548,0.79413879,0.57431269,0.19876695,0
-5.9072804,-0.43622899,-0.19003677,-0.79413879,-0.57431269,-0.19876695,0
4.0371356,0.33485866,-0.20862246,0.14726466,0.13546371,-0.97977674,0
3.3205864,3.8428278,0.50089312,0.79413879,0.57431269,0.19876695,0
-1.5061712,-5.3357639,-1.2142837,0.58962393,-0.80735016,-0.023001075,0
