2.6980805,-3.8504891,1.104423,0.76278186,-0.57970494,-0.2865414,0
0.18357968,2.6180427,-2.5814719,0.28180993,0.69682229,-0.65956187,0
-2.7121258,-0.13279772,3.7748094,-0.28180993,-0.69682229,0.65956187,0
-3.6385255,0.67462707,2.9231164,-0.76278186,0.57970494,0.2865414,0
2.4585915,-3.4305105,-0.49807453,0.76278186,-0.57970494,-0.2865414,0
1.0140717,3.0698771,-1.4374567,0.58201969,0.4223516,0.69488996,0
-1.4531252,4.9835234,-0.47941875,0.58201969,0.4223516,0.69488996,0
1.8254287,-5.1773424,0.71756411,0.76278186,-0.57970494,-0.2865414,0
3.5316215,-1.483896,-1.0630314,0.76278186,-0.57970494,-0.2865414,0
2.9327955,0.69229913,-3.3066549,0.28180993,0.69682229,-0.65956187,0
0.12084198,-3.2221227,0.46656919,-0.58201969,-0.4223516,-0.69488996,0
2.6972234,-2.6833138,0.71930933,0.58201969,0.4223516,0.69488996,0
-3.0452213,-1.5044465,2.1341023,-0.58201969,-0.4223516,-0.69488996,0
2.6066089,-3.7182581,0.87198496,0.76278186,-0.57970494,-0.2865414,0
-0.25425553,-3.3530002,0.7741971,-0.58201969,-0.4223516,-0.69488996,0
1.4151051,2.3887041,-2.455157,0.28180993,0.69682229,-0.65956187,0
-2.0718894,4.2416735,0.23606253,-0.76278186,0.57970494,0.2865414,0
-2.1357279,-0.58833206,3.7181652,-0.28180993,-0.69682229,0.65956187,0
2.9639368,-2.7197709,-0.34778357,0.76278186,-0.57970494,-0.2865414,0
0.038164854,3.7014661,-0.72751451,0.58201969,0.4223516,0.69488996,0
-2.7732065,4.2601538,-1.4761884,-0.76278186,0.57970494,0.2865414,0
3.7839174,-0.36383232,-3.3891602,0.76278186,-0.57970494,-0.2865414,0
2.3060873,1.6663599,-1.4878203,0.58201969,0.4223516,0.69488996,0
-3.1411788,2.9488344,-0.16461682,-0.76278186,0.57970494,0.2865414,0
-3.5196881,1.8951172,1.287677,-0.76278186,0.57970494,0.2865414,0
-1.4672434,3.9579909,-1.9294324,0.28180993,0.69682229,-0.65956187,0
-3.8522515,1.0309572,1.9763222,-0.76278186,0.57970494,0.2865414,0
-0.086882353,1.0056219,0.98540705,0.58201969,0.4223516,0.69488996,0
-2.9676194,0.15393305,0.9281134,-0.58201969,-0.4223516,-0.69488996,0
0.10104752,-1.0831772,-0.62467521,-0.58201969,-0.4223516,-0.69488996,0
1.2869351,-3.4776068,2.173722,-0.28180993,-0.69682229,0.65956187,0
0.39376903,2.8557262,-2.4202909,0.28180993,0.69682229,-0.65956187,0
-0.3924768,2.8990147,-2.3418241,0.28180993,0.69682229,-0.65956187,0
2.1886153,1.5807979,-2.5767004,0.28180993,0.69682229,-0.65956187,0
-3.0639772,1.5233643,2.5261118,-0.76278186,0.57970494,0.2865414,0
3.7537894,-1.1542544,-2.0089254,0.76278186,-0.57970494,-0.2865414,0
-1.0434192,1.7443478,1.2381103,0.58201969,0.4223516,0.69488996,0
-3.4017956,1.3005981,2.0423245,-0.76278186,0.57970494,0.2865414,0
-2.8299046,-0.5115149,3.7176638,-0.28180993,-0.69682229,0.65956187,0
2.6552014,0.77902102,-3.2599993,0.28180993,0.69682229,-0.65956187,0
-2.6291075,2.2000067,2.1764092,-0.76278186,0.57970494,0.2865414,0
-2.7954304,-0.29565501,1.0983,-0.58201969,-0.4223516,-0.69488996,0
-0.60135543,1.2246282,-1.8099035,-0.58201969,-0.4223516,-0.69488996,0
1.1782985,1.864361,-2.8240995,0.28180993,0.69682229,-0.65956187,0
-0.14527678,2.3683996,-2.6577744,-0.58201969,-0.4223516,-0.69488996,0
-0.52810693,-3.1324434,1.1067796,-0.58201969,-0.4223516,-0.69488996,0
1.8548464,1.9112028,-2.7555785,0.28180993,0.69682229,-0.65956187,0
-0.1234193,0.53320783,1.0854855,0.58201969,0.4223516,0.69488996,0
-2.047421,4.8457346,-1.061841,0.28180993,0.69682229,-0.65956187,0
-0.88969755,4.3128643,-1.3830509,0.28180993,0.69682229,-0.65956187,0
2.6446762,0.16866946,-0.93656963,0.58201969,0.4223516,0.69488996,0
-3.038065,3.168714,-0.57227302,-0.76278186,0.57970494,0.2865414,0
-2.3618908,3.3440943,-1.6421673,-0.58201969,-0.4223516,-0.69488996,0
4.2418242,-0.090363503,-1.9845834,0.76278186,-0.57970494,-0.2865414,0
2.8835528,0.47699189,-3.3608272,0.28180993,0.69682229,-0.65956187,0
-3.2858841,2.0447481,0.79553843,-0.76278186,0.57970494,0.2865414,0
2.2586012,-4.1263604,1.7039433,-0.28180993,-0.69682229,0.65956187,0
-3.6638753,0.85574692,2.3048263,-0.76278186,0.57970494,0.2865414,0
2.4380658,1.1766751,-3.2384205,0.28180993,0.69682229,-0.65956187,0
2.2357512,1.6976763,-2.7586646,0.28180993,0.69682229,-0.65956187,0
0.96584105,1.1508111,-2.9526467,-0.58201969,-0.4223516,-0.69488996,0
-2.8468888,2.6492593,1.6760964,-0.76278186,0.57970494,0.2865414,0
-2.5740108,3.0747964,0.93022203,-0.76278186,0.57970494,0.2865414,0
2.4404829,0.4206208,-0.89900106,0.58201969,0.4223516,0.69488996,0
2.3504958,-3.5796337,-0.55880499,0.76278186,-0.57970494,-0.2865414,0
-0.667485,-3.2079859,1.3508463,-0.28180993,-0.69682229,0.65956187,0
0.3368268,-2.8732433,2.5130835,-0.28180993,-0.69682229,0.65956187,0
2.1098437,-0.16215646,-0.38260818,0.58201969,0.4223516,0.69488996,0
2.3553007,-3.5645368,-0.58688068,0.76278186,-0.57970494,-0.2865414,0
-0.1826818,3.6029344,-1.6195447,0.28180993,0.69682229,-0.65956187,0
-2.9717426,2.703685,0.10074449,-0.76278186,0.57970494,0.2865414,0
1.8834605,1.0532979,-0.52795571,0.58201969,0.4223516,0.69488996,0
1.7481695,-3.1378233,-1.2173469,-0.58201969,-0.4223516,-0.69488996,0
0.99776459,-4.5901203,0.87091231,-0.28180993,-0.69682229,0.65956187,0
-2.4096649,-2.1226976,1.9449648,-0.28180993,-0.69682229,0.65956187,0
-3.1065257,2.5516481,1.2001481,-0.76278186,0.57970494,0.2865414,0
-4.1421852,0.39101434,2.5224586,-0.76278186,0.57970494,0.2865414,0
2.5436442,-0.20124125,-3.4115846,-0.58201969,-0.4223516,-0.69488996,0
-4.3404746,-0.18801522,2.3643796,-0.76278186,0.57970494,0.2865414,0
3.6334786,-1.478938,-1.0158033,0.76278186,-0.57970494,-0.2865414,0
3.6952968,-1.4838068,-1.6445069,0.76278186,-0.57970494,-0.2865414,0
1.4106694,-1.9215696,1.1479526,0.58201969,0.4223516,0.69488996,0
2.0844054,-4.2301826,-0.13974857,0.76278186,-0.57970494,-0.2865414,0
0.062385023,-1.2828305,-0.76809156,-0.58201969,-0.4223516,-0.69488996,0
-0.32954907,2.3273759,-2.7091045,0.28180993,0.69682229,-0.65956187,0
3.4305282,-1.4518553,-2.0803542,0.76278186,-0.57970494,-0.2865414,0
-2.0579553,-2.2519047,2.1435847,-0.28180993,-0.69682229,0.65956187,0
-2.8567779,-1.2798426,1.5453193,-0.58201969,-0.4223516,-0.69488996,0
-2.8656905,2.5218163,0.78606844,-0.76278186,0.57970494,0.2865414,0
3.8698869,1.0555472,-2.4997756,0.28180993,0.69682229,-0.65956187,0
3.4396594,-0.7141977,-3.3634045,0.76278186,-0.57970494,-0.2865414,0
2.5709252,1.8677025,-1.7249298,0.58201969,0.4223516,0.69488996,0
1.6151855,-4.7657299,1.2465997,-0.28180993,-0.69682229,0.65956187,0
-0.020888567,-2.595078,2.3969479,-0.28180993,-0.69682229,0.65956187,0
-2.6905925,-1.7376082,2.5738254,-0.28180993,-0.69682229,0.65956187,0
-3.2288666,2.2388699,0.90996432,-0.76278186,0.57970494,0.2865414,0
-3.6332712,1.3386788,1.9684112,-0.76278186,0.57970494,0.2865414,0
1.2716252,-1.5277727,1.4254103,0.58201969,0.4223516,0.69488996,0
3.2558553,1.0137863,-3.0828226,0.28180993,0.69682229,-0.65956187,0
-3.1398952,-0.25369722,3.8716044,-0.28180993,-0.69682229,0.65956187,0
-1.939326,-1.4367135,2.8023367,-0.28180993,-0.69682229,0.65956187,0
2.9335754,0.62392998,-3.5812888,0.28180993,0.69682229,-0.65956187,0
2.3375018,-4.0275807,0.65855193,0.76278186,-0.57970494,-0.2865414,0
2.3655233,-2.5140841,1.1892974,0.58201969,0.4223516,0.69488996,0
-0.72725129,0.42836237,-1.3002071,-0.58201969,-0.4223516,-0.69488996,0
4.0857186,-0.19815958,-2.5930614,0.76278186,-0.57970494,-0.2865414,0
-0.70346904,-3.7583833,1.2951086,-0.28180993,-0.69682229,0.65956187,0
2.3387549,-3.133558,-1.15274,0.76278186,-0.57970494,-0.2865414,0
-1.2285788,4.486372,-1.0402009,0.28180993,0.69682229,-0.65956187,0
-0.76350188,3.2193692,-2.1236839,0.28180993,0.69682229,-0.65956187,0
0.25735611,-0.66212595,1.7173283,0.58201969,0.4223516,0.69488996,0
-3.2778978,1.4751065,2.9007018,-0.76278186,0.57970494,0.2865414,0
-0.036557674,-2.9273438,1.9222813,-0.28180993,-0.69682229,0.65956187,0
-3.5643053,1.1462271,0.66544032,-0.58201969,-0.4223516,-0.69488996,0
1.1940401,-4.474762,1.17851,-0.28180993,-0.69682229,0.65956187,0
-3.7108381,0.3021329,3.6359582,-0.76278186,0.57970494,0.2865414,0
-0.9233532,4.3885918,-1.2443995,0.28180993,0.69682229,-0.65956187,0
-2.6449184,-1.3759807,2.9562593,-0.28180993,-0.69682229,0.65956187,0
0.14254618,-3.3827252,0.39830923,-0.58201969,-0.4223516,-0.69488996,0
-2.0731316,-1.43009,3.0948224,-0.28180993,-0.69682229,0.65956187,0
-1.861618,-1.7952919,2.6397548,-0.28180993,-0.69682229,0.65956187,0
1.877722,1.6427358,-3.0436733,0.28180993,0.69682229,-0.65956187,0
2.1979542,2.1830232,-2.3026392,0.28180993,0.69682229,-0.65956187,0
-3.5181675,-0.16061708,3.9095876,-0.28180993,-0.69682229,0.65956187,0
3.58166,-0.18697473,-3.9329586,0.76278186,-0.57970494,-0.2865414,0
1.1296978,-4.0347829,1.752001,-0.28180993,-0.69682229,0.65956187,0
3.3240151,-0.85191852,-3.5862002,0.76278186,-0.57970494,-0.2865414,0
3.7261839,0.11845347,-3.6751835,0.76278186,-0.57970494,-0.2865414,0
1.3174868,-4.5727015,1.0723486,-0.28180993,-0.69682229,0.65956187,0
-2.7885966,3.4331937,-1.0091007,-0.76278186,0.57970494,0.2865414,0
0.04610014,-2.4580491,2.570807,-0.28180993,-0.69682229,0.65956187,0
1.1779807,-4.0179486,1.339695,-0.28180993,-0.69682229,0.65956187,0
-1.6895187,4.9133406,-1.0297532,0.28180993,0.69682229,-0.65956187,0
1.0124156,2.6494026,-2.2632673,0.28180993,0.69682229,-0.65956187,0
2.5052047,-0.38508928,-3.5281565,-0.58201969,-0.4223516,-0.69488996,0
-3.5097599,1.7021888,0.78827906,-0.76278186,0.57970494,0.2865414,0
-2.1626906,-0.88616771,1.1474206,-0.58201969,-0.4223516,-0.69488996,0
2.2885902,-3.4122148,-0.63945031,0.76278186,-0.57970494,-0.2865414,0
2.467289,-0.2435292,-3.4704123,-0.58201969,-0.4223516,-0.69488996,0
-0.77897501,3.9195528,-1.2703972,0.28180993,0.69682229,-0.65956187,0
3.9298158,-0.75523245,-2.1018844,0.76278186,-0.57970494,-0.2865414,0
0.44233036,3.3104713,-1.7726884,0.28180993,0.69682229,-0.65956187,0
2.3198202,-4.4993777,1.7165532,-0.28180993,-0.69682229,0.65956187,0
2.6571157,-0.96501708,-3.1501398,-0.58201969,-0.4223516,-0.69488996,0
2.826992,0.77008265,-3.4482422,0.28180993,0.69682229,-0.65956187,0
2.7363796,-1.6942472,-2.7141743,0.76278186,-0.57970494,-0.2865414,0
1.1088471,-4.1225491,1.3271294,-0.28180993,-0.69682229,0.65956187,0
2.7038717,-1.6331205,-2.9685769,-0.58201969,-0.4223516,-0.69488996,0
0.76157665,0.96886647,-2.9224114,-0.58201969,-0.4223516,-0.69488996,0
3.602802,-0.50048459,-3.386467,0.76278186,-0.57970494,-0.2865414,0
2.6381097,-3.6983843,0.83508205,0.76278186,-0.57970494,-0.2865414,0
1.107336,0.4022193,-2.5960989,-0.58201969,-0.4223516,-0.69488996,0
-0.7760458,-3.0612385,1.6511217,-0.28180993,-0.69682229,0.65956187,0
4.0872135,-0.55484736,-2.3665595,0.76278186,-0.57970494,-0.2865414,0
3.464494,0.2556839,-1.5389464,0.58201969,0.4223516,0.69488996,0
-4.2008162,-0.25880206,1.9936838,-0.58201969,-0.4223516,-0.69488996,0
-1.1361387,-2.582345,2.3596103,-0.28180993,-0.69682229,0.65956187,0
-2.5118358,-0.59397429,3.8090432,-0.28180993,-0.69682229,0.65956187,0
-2.7351742,3.8621778,-1.3082979,-0.76278186,0.57970494,0.2865414,0
2.7624993,-3.5632496,0.67986751,0.76278186,-0.57970494,-0.2865414,0
-0.70144939,1.291949,1.244723,0.58201969,0.4223516,0.69488996,0
3.0870004,1.2314073,-2.4468346,0.28180993,0.69682229,-0.65956187,0
-0.5774436,-1.3588374,2.9184494,0.58201969,0.4223516,0.69488996,0
3.4558797,-0.09055388,-1.4153333,0.58201969,0.4223516,0.69488996,0
-1.505688,2.1325333,1.3242929,0.58201969,0.4223516,0.69488996,0
-3.3382359,2.3119805,0.26223016,-0.76278186,0.57970494,0.2865414,0
-2.4073539,-2.0001214,2.077431,-0.28180993,-0.69682229,0.65956187,0
2.1170926,-4.1291428,-0.42261505,0.76278186,-0.57970494,-0.2865414,0
-3.5877688,0.076764345,1.6784642,-0.58201969,-0.4223516,-0.69488996,0
-1.9743761,3.134481,1.3824391,0.58201969,0.4223516,0.69488996,0
1.5217438,-3.6611381,1.8081372,-0.28180993,-0.69682229,0.65956187,0
0.37128079,0.77618808,0.83720839,0.58201969,0.4223516,0.69488996,0
-3.6603041,1.8405225,1.1747489,-0.76278186,0.57970494,0.2865414,0
1.2006645,-3.3611019,1.9695837,-0.28180993,-0.69682229,0.65956187,0
4.3347368,0.49668473,-2.8628857,0.28180993,0.69682229,-0.65956187,0
0.71492815,2.0142248,-2.6545508,0.28180993,0.69682229,-0.65956187,0
2.1844697,-3.4422133,1.9425197,0.58201969,0.4223516,0.69488996,0
-4.4457455,-0.13532746,2.960129,-0.76278186,0.57970494,0.2865414,0
0.75843763,-4.6191368,0.44641113,-0.58201969,-0.4223516,-0.69488996,0
-0.93453455,-0.76519895,-0.37419325,-0.58201969,-0.4223516,-0.69488996,0
-2.4798257,4.229557,-1.6314602,0.28180993,0.69682229,-0.65956187,0
-2.0573921,1.5917304,-0.90826249,-0.58201969,-0.4223516,-0.69488996,0
-1.5717208,4.0304403,-1.889184,0.28180993,0.69682229,-0.65956187,0
-3.9943535,0.68515986,2.3402643,-0.76278186,0.57970494,0.2865414,0
0.93492103,-3.791707,1.5356426,-0.28180993,-0.69682229,0.65956187,0
2.4350891,-2.8893809,-1.2349341,0.76278186,-0.57970494,-0.2865414,0
2.3073952,-4.3273292,0.68792868,0.76278186,-0.57970494,-0.2865414,0
2.8777285,0.040374219,-3.8068275,0.28180993,0.69682229,-0.65956187,0
-1.0533065,1.1709682,1.789592,0.58201969,0.4223516,0.69488996,0
2.8460417,1.3329773,-2.8019092,0.28180993,0.69682229,-0.65956187,0
1.5186582,2.7002277,-1.8461785,0.28180993,0.69682229,-0.65956187,0
4.0949063,0.044072986,-1.8742559,0.58201969,0.4223516,0.69488996,0
-3.4761989,2.0218918,0.66775656,-0.76278186,0.57970494,0.2865414,0
-2.9466941,1.7707083,0.09945035,-0.58201969,-0.4223516,-0.69488996,0
0.71466625,1.8201493,-0.22278488,0.58201969,0.4223516,0.69488996,0
-3.2171462,-0.37710008,3.7887006,-0.28180993,-0.69682229,0.65956187,0
-4.4352951,-0.38438678,2.4916553,-0.76278186,0.57970494,0.2865414,0
3.8839312,-0.14502211,-3.5469341,0.76278186,-0.57970494,-0.2865414,0
-2.5927875,3.8494964,-1.2379115,-0.76278186,0.57970494,0.2865414,0
-2.9038858,3.1187243,-0.37365675,-0.76278186,0.57970494,0.2865414,0
1.6607417,1.8548594,-1.3407394,0.58201969,0.4223516,0.69488996,0
0.068198681,-4.1675434,0.87759829,-0.28180993,-0.69682229,0.65956187,0
4.1001396,0.28760064,-2.2575071,0.58201969,0.4223516,0.69488996,0
-1.6678331,4.8758597,-0.29974127,-0.76278186,0.57970494,0.2865414,0
3.375478,-2.1058445,-0.7157135,0.76278186,-0.57970494,-0.2865414,0
-1.9261043,4.6838574,-0.88441181,-0.76278186,0.57970494,0.2865414,0
2.7110403,1.7124174,-2.556138,0.28180993,0.69682229,-0.65956187,0
1.4207859,-1.6347461,-1.3641447,-0.58201969,-0.4223516,-0.69488996,0
3.2737112,-0.79036224,-3.0658574,0.76278186,-0.57970494,-0.2865414,0
-0.1616478,-1.3154705,-0.28718364,-0.58201969,-0.4223516,-0.69488996,0
-2.7247596,-1.3821223,1.6409423,-0.58201969,-0.4223516,-0.69488996,0
-0.62255025,-2.1755128,0.66576433,-0.58201969,-0.4223516,-0.69488996,0
1.7414985,-4.9242105,1.0468698,0.76278186,-0.57970494,-0.2865414,0
2.5063894,-3.6135736,-0.39093161,0.76278186,-0.57970494,-0.2865414,0
0.18723845,3.091521,-2.2593246,0.28180993,0.69682229,-0.65956187,0
-3.7656279,1.1596249,1.4995782,-0.76278186,0.57970494,0.2865414,0
-1.9957535,-2.0328767,2.5026307,-0.28180993,-0.69682229,0.65956187,0
2.2156215,-3.9140217,0.14034176,0.76278186,-0.57970494,-0.2865414,0
-3.621269,-0.016857877,3.6882353,-0.28180993,-0.69682229,0.65956187,0
-2.7959528,2.5540993,1.8145225,-0.76278186,0.57970494,0.2865414,0
3.3087394,0.91343719,-2.6266749,0.28180993,0.69682229,-0.65956187,0
-2.872925,2.1209841,1.9931343,-0.76278186,0.57970494,0.2865414,0
-2.7766743,-1.8521662,2.2182987,-0.28180993,-0.69682229,0.65956187,0
0.6666348,-4.1541853,0.42081213,-0.58201969,-0.4223516,-0.69488996,0
0.63290477,2.7410703,-2.3477159,0.28180993,0.69682229,-0.65956187,0
-3.6410301,0.496373,3.8386261,-0.76278186,0.57970494,0.2865414,0
1.8276187,1.8508664,-2.570703,0.28180993,0.69682229,-0.65956187,0
-3.7088685,0.4371351,1.3030773,-0.58201969,-0.4223516,-0.69488996,0
2.3137071,0.92665803,-3.5288424,0.28180993,0.69682229,-0.65956187,0
3.4168804,-1.9869351,-1.2018223,0.76278186,-0.57970494,-0.2865414,0
2.4690707,-4.2738094,0.96840763,0.76278186,-0.57970494,-0.2865414,0
-1.4515173,0.33313268,2.3163602,0.58201969,0.4223516,0.69488996,0
-1.3777373,-2.3776541,2.040468,-0.28180993,-0.69682229,0.65956187,0
2.449177,-4.2984056,1.8058176,0.58201969,0.4223516,0.69488996,0
3.5118515,-1.167011,-1.7917361,0.76278186,-0.57970494,-0.2865414,0
2.6013918,-2.4603393,-1.619673,0.76278186,-0.57970494,-0.2865414,0
-2.3209925,3.4847834,1.128855,-0.76278186,0.57970494,0.2865414,0
0.20282829,-0.25779057,1.6640067,0.58201969,0.4223516,0.69488996,0
3.5644064,-0.15434736,-3.8107967,0.76278186,-0.57970494,-0.2865414,0
-1.2847772,-3.0998039,1.6198653,-0.58201969,-0.4223516,-0.69488996,0
4.2419629,0.26442611,-2.4086514,0.58201969,0.4223516,0.69488996,0
-3.0269301,-1.4760385,2.2581022,-0.28180993,-0.69682229,0.65956187,0
-0.38677168,1.8573952,-2.3150432,-0.58201969,-0.4223516,-0.69488996,0
-3.0961745,2.6307335,0.63047171,-0.76278186,0.57970494,0.2865414,0
-1.9832815,-1.4608033,3.151906,-0.28180993,-0.69682229,0.65956187,0
-1.7254446,2.6944647,1.2283676,0.58201969,0.4223516,0.69488996,0
2.862757,-3.2210255,-0.19633126,0.76278186,-0.57970494,-0.2865414,0
1.9053733,-0.93480772,-2.6659751,-0.58201969,-0.4223516,-0.69488996,0
1.0735514,0.5187279,-2.7980015,-0.58201969,-0.4223516,-0.69488996,0
2.7970164,-1.991853,0.29597616,0.58201969,0.4223516,0.69488996,0
1.1228724,-3.8065734,2.06091,-0.28180993,-0.69682229,0.65956187,0
4.1143227,-0.75886846,-1.4784096,0.58201969,0.4223516,0.69488996,0
2.0475984,-3.6927221,-0.72007108,0.76278186,-0.57970494,-0.2865414,0
-2.3063962,4.2021928,-0.93075824,-0.76278186,0.57970494,0.2865414,0
0.15317583,3.8036382,-1.2170987,0.28180993,0.69682229,-0.65956187,0
-0.34238935,-2.7131732,2.4269111,-0.28180993,-0.69682229,0.65956187,0
2.2242444,-4.0844007,2.2389531,-0.28180993,-0.69682229,0.65956187,0
-1.9751306,0.66393578,0.094040871,-0.58201969,-0.4223516,-0.69488996,0
1.813282,2.0028794,-2.3161569,0.28180993,0.69682229,-0.65956187,0
1.7732801,-2.0985787,1.0808029,0.58201969,0.4223516,0.69488996,0
-2.5816543,3.6660311,-0.77018142,-0.76278186,0.57970494,0.2865414,0
3.4154139,1.3422818,-2.4086895,0.28180993,0.69682229,-0.65956187,0
-1.9328126,1.1553296,2.4510963,0.58201969,0.4223516,0.69488996,0
0.76980305,-3.9538174,0.35651779,-0.58201969,-0.4223516,-0.69488996,0
3.0865183,1.6953169,-2.4313278,0.28180993,0.69682229,-0.65956187,0
-0.71342707,4.3814592,-0.77917695,0.28180993,0.69682229,-0.65956187,0
1.8689139,-1.6242399,-1.7539437,-0.58201969,-0.4223516,-0.69488996,0
3.7311091,0.016147815,-3.467875,0.76278186,-0.57970494,-0.2865414,0
2.9703071,-1.1286238,-3.165648,-0.58201969,-0.4223516,-0.69488996,0
-0.55100083,-1.6524856,2.6611929,0.58201969,0.4223516,0.69488996,0
-2.9850969,1.5737083,2.5947628,-0.76278186,0.57970494,0.2865414,0
-2.660435,2.8675799,-0.85502243,-0.58201969,-0.4223516,-0.69488996,0
-1.2825725,4.6772709,-1.1644857,0.28180993,0.69682229,-0.65956187,0
0.40853444,-1.0270919,-0.97074121,-0.58201969,-0.4223516,-0.69488996,0
-0.28828216,3.4434142,-0.59721518,0.58201969,0.4223516,0.69488996,0
-4.0825267,-0.82215244,2.9654336,-0.28180993,-0.69682229,0.65956187,0
2.672967,-1.0141404,-0.2245723,0.58201969,0.4223516,0.69488996,0
-2.6473095,3.965529,-0.94303012,-0.76278186,0.57970494,0.2865414,0
1.2638762,-4.5768123,1.2851954,-0.28180993,-0.69682229,0.65956187,0
3.929081,-0.31894016,-2.2009649,0.76278186,-0.57970494,-0.2865414,0
-2.8091426,-1.4401162,2.8162804,-0.28180993,-0.69682229,0.65956187,0
-4.2836447,-0.38878012,2.4782257,-0.58201969,-0.4223516,-0.69488996,0
1.1984674,0.51591921,-0.017169502,0.58201969,0.4223516,0.69488996,0
2.5253596,-2.9057374,-1.4866502,0.76278186,-0.57970494,-0.2865414,0
2.6155162,-3.3735051,0.4533062,0.76278186,-0.57970494,-0.2865414,0
-1.6369445,-2.4588435,1.8629448,-0.28180993,-0.69682229,0.65956187,0
0.93552929,-1.2758687,-1.2819098,-0.58201969,-0.4223516,-0.69488996,0
2.9465981,1.1360801,-2.6107078,0.28180993,0.69682229,-0.65956187,0
0.46196839,-0.018097878,-1.6800642,-0.58201969,-0.4223516,-0.69488996,0
0.96266341,-3.7245021,0.23244643,-0.58201969,-0.4223516,-0.69488996,0
-2.3956571,-0.0074965358,3.2527027,0.58201969,0.4223516,0.69488996,0
2.0445139,2.7450547,-1.7733237,0.28180993,0.69682229,-0.65956187,0
4.1981258,-0.34996283,-2.1133566,0.58201969,0.4223516,0.69488996,0
-3.4150887,0.54733515,1.0652633,-0.58201969,-0.4223516,-0.69488996,0
1.331424,-1.7387176,1.6094699,0.58201969,0.4223516,0.69488996,0
0.17299843,2.0110893,-2.7260897,-0.58201969,-0.4223516,-0.69488996,0
-1.0572064,-3.5413518,1.4052341,-0.28180993,-0.69682229,0.65956187,0
0.21529174,-1.5296458,-0.44597232,-0.58201969,-0.4223516,-0.69488996,0
0.55895841,1.7234718,-0.18284512,0.58201969,0.4223516,0.69488996,0
0.015928745,-3.3645294,1.8686094,-0.28180993,-0.69682229,0.65956187,0
-0.018787026,-1.3100065,-0.41078877,-0.58201969,-0.4223516,-0.69488996,0
3.0585647,-1.6226209,-2.3712616,0.76278186,-0.57970494,-0.2865414,0
-2.4051042,2.3237936,2.2724743,-0.76278186,0.57970494,0.2865414,0
-1.3355823,3.2178903,-2.451143,-0.58201969,-0.4223516,-0.69488996,0
4.2926917,-0.35118997,-1.754918,0.76278186,-0.57970494,-0.2865414,0
3.4279795,-0.96931803,-3.4434071,0.76278186,-0.57970494,-0.2865414,0
3.3003995,-0.88932341,-3.332643,0.76278186,-0.57970494,-0.2865414,0
2.4246683,-2.5211244,-1.7144947,0.76278186,-0.57970494,-0.2865414,0
-1.947423,3.7928696,0.70382357,0.58201969,0.4223516,0.69488996,0
-3.1551199,2.6198516,0.57328415,-0.76278186,0.57970494,0.2865414,0
-1.9816471,-2.0970464,2.5239246,-0.28180993,-0.69682229,0.65956187,0
3.0980577,-1.9870291,-1.5988486,0.76278186,-0.57970494,-0.2865414,0
-2.9688189,1.7884653,2.5590675,-0.76278186,0.57970494,0.2865414,0
0.72904271,0.3486824,-2.4698431,-0.58201969,-0.4223516,-0.69488996,0
-1.0620329,-2.22878,2.3657656,-0.28180993,-0.69682229,0.65956187,0
3.3612297,-0.3967092,-3.7322693,-0.58201969,-0.4223516,-0.69488996,0
2.7485743,-3.8186324,0.93730545,0.76278186,-0.57970494,-0.2865414,0
-1.9102645,0.54686248,-0.41430515,-0.58201969,-0.4223516,-0.69488996,0
3.7645531,0.46668273,-2.9546499,0.28180993,0.69682229,-0.65956187,0
-2.146589,3.8168612,0.08922863,-0.76278186,0.57970494,0.2865414,0
2.3904977,0.13892066,-3.8117886,-0.58201969,-0.4223516,-0.69488996,0
-2.033498,4.2891893,-0.28395367,-0.76278186,0.57970494,0.2865414,0
2.1990795,-3.1889913,-1.1672225,0.76278186,-0.57970494,-0.2865414,0
2.988246,-2.9297626,0.34688497,0.76278186,-0.57970494,-0.2865414,0
-0.060838416,0.30833369,1.0171162,0.58201969,0.4223516,0.69488996,0
1.4447293,-5.1001616,0.28429461,-0.28180993,-0.69682229,0.65956187,0
-2.5065782,1.8591549,-0.52552247,-0.58201969,-0.4223516,-0.69488996,0
-0.017189264,2.6670382,-2.6306455,0.28180993,0.69682229,-0.65956187,0
0.24371853,-0.32352972,1.3126001,0.58201969,0.4223516,0.69488996,0
-0.32803345,-3.9312115,1.2495518,-0.28180993,-0.69682229,0.65956187,0
0.57276142,-2.589335,-0.17948079,-0.58201969,-0.4223516,-0.69488996,0
-1.00529,4.0860405,-1.1854537,0.28180993,0.69682229,-0.65956187,0
3.305021,-2.0820448,-1.0547256,0.76278186,-0.57970494,-0.2865414,0
3.3345592,-1.0994328,-2.896996,0.76278186,-0.57970494,-0.2865414,0
-3.6455126,0.12133539,3.3124766,-0.76278186,0.57970494,0.2865414,0
-3.1640263,1.66732,2.179213,-0.76278186,0.57970494,0.2865414,0
-1.3902607,3.5286789,-2.1144056,0.28180993,0.69682229,-0.65956187,0
4.3516364,0.3305524,-2.9483881,0.28180993,0.69682229,-0.65956187,0
1.982991,-4.5366931,1.3950567,-0.28180993,-0.69682229,0.65956187,0
-1.3539667,-1.9019353,2.7969394,-0.28180993,-0.69682229,0.65956187,0
2.9990766,-3.1572256,0.59866571,0.76278186,-0.57970494,-0.2865414,0
-3.6240871,0.67054433,2.770221,-0.76278186,0.57970494,0.2865414,0
2.5715308,-2.903789,-0.80751085,0.76278186,-0.57970494,-0.2865414,0
1.6391268,-4.10707,1.489315,-0.28180993,-0.69682229,0.65956187,0
3.6113362,-1.1673465,-1.8512406,0.76278186,-0.57970494,-0.2865414,0
-3.450413,1.7649124,1.0855942,-0.76278186,0.57970494,0.2865414,0
1.17785,2.871701,-1.946578,0.28180993,0.69682229,-0.65956187,0
1.4944634,1.6609174,-0.70855165,0.58201969,0.4223516,0.69488996,0
-3.7972615,0.18915147,3.0468152,-0.76278186,0.57970494,0.2865414,0
1.938463,-4.0358448,-0.036317825,0.76278186,-0.57970494,-0.2865414,0
0.87747544,0.17390132,-2.2651687,-0.58201969,-0.4223516,-0.69488996,0
-0.88036966,3.2829273,-2.2558184,0.28180993,0.69682229,-0.65956187,0
3.3700714,-1.4114575,-2.7431519,0.76278186,-0.57970494,-0.2865414,0
1.9149739,-2.9602971,1.4354126,0.58201969,0.4223516,0.69488996,0
0.82741046,-3.9791083,1.3064265,-0.28180993,-0.69682229,0.65956187,0
-2.4524868,2.8078029,1.8054721,-0.76278186,0.57970494,0.2865414,0
1.9763079,2.0696919,-2.0850573,0.28180993,0.69682229,-0.65956187,0
-1.0879244,1.1122804,1.6696579,0.58201969,0.4223516,0.69488996,0
-0.88117027,-3.0512428,1.9355297,-0.28180993,-0.69682229,0.65956187,0
2.2264099,-3.6282411,-0.48602033,0.76278186,-0.57970494,-0.2865414,0
0.7069943,-4.1033759,1.1691537,-0.28180993,-0.69682229,0.65956187,0
-3.5145345,0.85043818,2.5049257,-0.76278186,0.57970494,0.2865414,0
0.31880879,2.7788527,-2.1173334,0.28180993,0.69682229,-0.65956187,0
-2.8679595,0.99368584,0.29986179,-0.58201969,-0.4223516,-0.69488996,0
0.36443973,2.6035779,-2.2329431,0.28180993,0.69682229,-0.65956187,0
0.96808869,-0.88739526,-1.5943402,-0.58201969,-0.4223516,-0.69488996,0
2.2504225,-0.50207782,0.098981738,0.58201969,0.4223516,0.69488996,0
0.59412026,-3.9475305,1.2531152,-0.28180993,-0.69682229,0.65956187,0
1.5087417,-1.6162183,-1.7841858,-0.58201969,-0.4223516,-0.69488996,0
1.6769133,2.6231079,-1.3747625,0.58201969,0.4223516,0.69488996,0
0.92624283,-4.3064227,0.62789917,-0.58201969,-0.4223516,-0.69488996,0
-1.865397,2.3953936,1.6155581,0.58201969,0.4223516,0.69488996,0
-1.8658962,-1.6202593,2.7406178,-0.28180993,-0.69682229,0.65956187,0
0.52121115,-4.1673927,0.49763298,-0.58201969,-0.4223516,-0.69488996,0
-0.2694447,2.9458947,-0.034787416,0.58201969,0.4223516,0.69488996,0
-3.727829,-0.61108977,3.1843548,-0.28180993,-0.69682229,0.65956187,0
-0.94382614,0.038638592,-0.54161078,-0.58201969,-0.4223516,-0.69488996,0
1.4070127,0.92653841,-0.16897017,0.58201969,0.4223516,0.69488996,0
-0.6944257,1.3503896,0.92363632,0.58201969,0.4223516,0.69488996,0
0.7982645,-3.3457534,2.0711169,-0.28180993,-0.69682229,0.65956187,0
2.768379,-4.28827,1.5135715,0.76278186,-0.57970494,-0.2865414,0
-1.0534128,-1.2260079,2.9205635,0.58201969,0.4223516,0.69488996,0
2.6997688,-2.6756351,-0.92247581,0.76278186,-0.57970494,-0.2865414,0
1.8734453,0.73692995,-0.74750435,0.58201969,0.4223516,0.69488996,0
-1.1702194,-2.47633,2.2317011,-0.28180993,-0.69682229,0.65956187,0
-2.6485047,3.2857125,0.65921092,-0.76278186,0.57970494,0.2865414,0
-2.7554317,1.7076472,-0.21640515,-0.58201969,-0.4223516,-0.69488996,0
-2.703428,2.7851071,1.5975387,-0.76278186,0.57970494,0.2865414,0
0.25317359,2.2089491,-2.8047528,0.28180993,0.69682229,-0.65956187,0
-2.9000382,3.2666349,-0.79149985,-0.76278186,0.57970494,0.2865414,0
-3.5336952,0.13235784,1.5085506,-0.58201969,-0.4223516,-0.69488996,0
-2.7283468,2.7639098,0.56497931,-0.76278186,0.57970494,0.2865414,0
-3.9939692,0.2675876,2.8570695,-0.76278186,0.57970494,0.2865414,0
-0.51599669,-2.5765913,2.1865432,-0.28180993,-0.69682229,0.65956187,0
-3.4397225,1.8408439,0.5256803,-0.76278186,0.57970494,0.2865414,0
-0.11432934,-3.0525866,2.2215986,-0.28180993,-0.69682229,0.65956187,0
0.11907589,-1.8196876,-0.17586255,-0.58201969,-0.4223516,-0.69488996,0
-3.6376028,1.4103022,0.98731971,-0.76278186,0.57970494,0.2865414,0
2.0760245,-4.6005363,0.65977526,0.76278186,-0.57970494,-0.2865414,0
3.6331873,-0.16714446,-3.7594264,0.76278186,-0.57970494,-0.2865414,0
3.8625629,0.50302368,-3.3526208,0.28180993,0.69682229,-0.65956187,0
-2.2891128,2.7191768,-1.1455538,-0.58201969,-0.4223516,-0.69488996,0
0.15335226,-2.6103182,-0.096522331,-0.58201969,-0.4223516,-0.69488996,0
-2.1051586,3.4554539,0.73927879,-0.76278186,0.57970494,0.2865414,0
-1.9187346,3.6765172,0.91591763,-0.76278186,0.57970494,0.2865414,0
3.3171468,-1.8758576,-1.8089216,0.76278186,-0.57970494,-0.2865414,0
-0.99440742,4.7720742,-0.74152184,0.28180993,0.69682229,-0.65956187,0
-0.64838278,1.5868241,-1.7686121,-0.58201969,-0.4223516,-0.69488996,0
-3.2326961,0.54938424,3.8026578,-0.76278186,0.57970494,0.2865414,0
-4.265027,-0.35491776,2.6281862,-0.76278186,0.57970494,0.2865414,0
-0.87516832,1.3607929,-1.7934575,-0.58201969,-0.4223516,-0.69488996,0
3.8392131,-1.0856286,-1.7588123,0.76278186,-0.57970494,-0.2865414,0
2.2631323,-0.75832617,-2.9117303,-0.58201969,-0.4223516,-0.69488996,0
2.7979898,-2.3332694,-1.1542578,0.76278186,-0.57970494,-0.2865414,0
4.2792921,-0.3571173,-1.7023377,0.76278186,-0.57970494,-0.2865414,0
3.0528772,-2.9017859,-0.24125218,0.76278186,-0.57970494,-0.2865414,0
-3.7500107,1.2818786,1.0383215,-0.76278186,0.57970494,0.2865414,0
3.6247311,0.074104249,-3.9422014,0.28180993,0.69682229,-0.65956187,0
2.2930598,-3.4940648,1.7016134,0.58201969,0.4223516,0.69488996,0
1.4561298,2.6520061,-1.2942231,0.58201969,0.4223516,0.69488996,0
-1.726341,4.1236949,-1.9170849,0.28180993,0.69682229,-0.65956187,0
-2.3828437,4.6003466,-1.0305734,-0.76278186,0.57970494,0.2865414,0
-3.7354398,0.91746449,2.1126409,-0.76278186,0.57970494,0.2865414,0
2.9960229,-1.9758755,-1.3986335,0.76278186,-0.57970494,-0.2865414,0
-1.5025688,1.6248602,1.7831208,0.58201969,0.4223516,0.69488996,0
-4.0643187,-0.81026632,2.5722134,-0.28180993,-0.69682229,0.65956187,0
0.62511206,3.4721651,-0.97791576,0.58201969,0.4223516,0.69488996,0
3.1360946,-2.1601553,-1.1843493,0.76278186,-0.57970494,-0.2865414,0
2.773596,0.30399364,-3.633024,0.28180993,0.69682229,-0.65956187,0
3.8834035,0.49867082,-1.9192114,0.58201969,0.4223516,0.69488996,0
1.1350543,1.1118233,-3.1894436,-0.58201969,-0.4223516,-0.69488996,0
1.2993295,-4.368989,1.2807765,-0.28180993,-0.69682229,0.65956187,0
-2.0099854,1.9826292,-1.2139436,-0.58201969,-0.4223516,-0.69488996,0
-1.8417028,1.3292848,-0.91391134,-0.58201969,-0.4223516,-0.69488996,0
0.41247439,3.4909842,-1.3403931,0.28180993,0.69682229,-0.65956187,0
-0.34557533,4.0295343,-1.0023668,0.28180993,0.69682229,-0.65956187,0
3.647819,1.2139668,-2.3142695,0.58201969,0.4223516,0.69488996,0
-1.5316246,4.8788705,-0.67465925,-0.76278186,0.57970494,0.2865414,0
-0.63711548,0.52016252,1.3982162,0.58201969,0.4223516,0.69488996,0
-0.76652956,-2.1024721,2.8251617,-0.28180993,-0.69682229,0.65956187,0
-0.88122493,0.55500019,1.8412294,0.58201969,0.4223516,0.69488996,0
-0.95959377,3.8532925,0.022297144,0.58201969,0.4223516,0.69488996,0
-0.2844131,-3.9498935,1.2650723,-0.28180993,-0.69682229,0.65956187,0
0.45547342,1.7314304,-0.070206523,0.58201969,0.4223516,0.69488996,0
-3.497458,1.4743936,1.2814655,-0.76278186,0.57970494,0.2865414,0
1.3074715,2.7865987,-1.6028993,0.58201969,0.4223516,0.69488996,0
-2.7811821,1.0254831,0.50749612,-0.58201969,-0.4223516,-0.69488996,0
3.6237676,1.1859603,-2.4115016,0.28180993,0.69682229,-0.65956187,0
2.7827187,-3.1843328,0.48249316,0.76278186,-0.57970494,-0.2865414,0
3.0485327,-3.3762231,0.36146712,0.76278186,-0.57970494,-0.2865414,0
3.1084194,-2.6983213,0.60227442,0.58201969,0.4223516,0.69488996,0
2.3462417,-4.2062454,0.73792458,0.76278186,-0.57970494,-0.2865414,0
1.0213194,2.7339377,-0.93684435,0.58201969,0.4223516,0.69488996,0
4.2279358,-0.61335993,-1.9839628,0.58201969,0.4223516,0.69488996,0
0.93962246,-1.0957532,-1.8315406,-0.58201969,-0.4223516,-0.69488996,0
2.86516,-2.0358543,-1.645107,0.76278186,-0.57970494,-0.2865414,0
1.2034028,-4.7724581,0.55603361,-0.28180993,-0.69682229,0.65956187,0
-1.8575457,0.14589441,2.90169,0.58201969,0.4223516,0.69488996,0
-1.4355245,4.2719111,-1.4804573,0.28180993,0.69682229,-0.65956187,0
1.0511425,1.8118236,-3.1929715,0.28180993,0.69682229,-0.65956187,0
-2.6934335,4.2949138,-1.6755564,-0.76278186,0.57970494,0.2865414,0
3.9352376,0.061549418,-3.6520708,0.76278186,-0.57970494,-0.2865414,0
-0.51353574,-0.60247493,2.4854238,0.58201969,0.4223516,0.69488996,0
3.377912,-1.533145,-2.0773153,0.76278186,-0.57970494,-0.2865414,0
-2.0555513,4.6898851,-0.7130661,-0.76278186,0.57970494,0.2865414,0
-4.1337471,-0.18833929,2.8675976,-0.76278186,0.57970494,0.2865414,0
-2.187676,3.2608161,0.86207604,-0.76278186,0.57970494,0.2865414,0
1.7537756,-2.7662513,1.5548015,0.58201969,0.4223516,0.69488996,0
2.0077424,-4.1543512,-0.55862427,0.76278186,-0.57970494,-0.2865414,0
2.3646502,0.37606835,-3.7470493,-0.58201969,-0.4223516,-0.69488996,0
3.0660908,0.1358133,-3.5837905,0.28180993,0.69682229,-0.65956187,0
-0.56319964,1.2861005,0.9742403,0.58201969,0.4223516,0.69488996,0
1.4453492,-0.39826715,0.28833783,0.58201969,0.4223516,0.69488996,0
2.8485076,-3.008939,0.31511307,0.76278186,-0.57970494,-0.2865414,0
-3.1177611,3.0259767,-0.35058284,-0.76278186,0.57970494,0.2865414,0
1.6100041,1.279417,-3.2059443,0.28180993,0.69682229,-0.65956187,0
-2.4841161,-1.7784959,1.747937,-0.58201969,-0.4223516,-0.69488996,0
-2.082068,4.2307868,-1.7914793,0.28180993,0.69682229,-0.65956187,0
2.4029069,-4.4018183,1.4842463,-0.28180993,-0.69682229,0.65956187,0
1.4810402,-4.1095304,-0.12244749,-0.58201969,-0.4223516,-0.69488996,0
3.8986273,-1.2204961,-1.6269169,0.76278186,-0.57970494,-0.2865414,0
2.6452444,1.0797107,-2.9847336,0.28180993,0.69682229,-0.65956187,0
0.29153562,2.3217146,-2.9033329,0.28180993,0.69682229,-0.65956187,0
2.9076853,1.4795796,-2.5288246,0.28180993,0.69682229,-0.65956187,0
-2.6661072,3.6095524,0.11113167,-0.76278186,0.57970494,0.2865414,0
0.38774848,2.825289,-2.2647064,0.28180993,0.69682229,-0.65956187,0
4.228086,0.18584454,-2.6450539,0.76278186,-0.57970494,-0.2865414,0
-1.2408669,0.20451403,2.6262074,0.58201969,0.4223516,0.69488996,0
0.26097068,-0.5815298,-1.0771792,-0.58201969,-0.4223516,-0.69488996,0
4.3910217,0.26040721,-2.8548501,0.76278186,-0.57970494,-0.2865414,0
1.7741363,-3.0324364,-0.80093145,-0.58201969,-0.4223516,-0.69488996,0
-2.2819574,4.0712261,-0.12677622,-0.76278186,0.57970494,0.2865414,0
-2.0328026,2.3852901,1.5576541,0.58201969,0.4223516,0.69488996,0
3.880825,-0.28520817,-2.920933,0.76278186,-0.57970494,-0.2865414,0
1.0566895,3.159862,-1.3402816,0.28180993,0.69682229,-0.65956187,0
-2.7946205,0.96462524,0.52397287,-0.58201969,-0.4223516,-0.69488996,0
-1.517435,0.49434364,-0.22116536,-0.58201969,-0.4223516,-0.69488996,0
-2.6997883,2.5580783,1.9885399,-0.76278186,0.57970494,0.2865414,0
-0.98949003,2.3998146,-2.1790907,-0.58201969,-0.4223516,-0.69488996,0
3.302886,-1.1139826,-3.2341466,0.76278186,-0.57970494,-0.2865414,0
-0.22545242,2.4737787,0.14553928,0.58201969,0.4223516,0.69488996,0
0.36090988,-1.0843475,-1.3072925,-0.58201969,-0.4223516,-0.69488996,0
-2.6496575,4.0419559,-1.4282229,-0.76278186,0.57970494,0.2865414,0
1.839853,0.30512023,-0.57376486,0.58201969,0.4223516,0.69488996,0
-2.6992097,4.1597662,-1.1459281,-0.76278186,0.57970494,0.2865414,0
-0.8864935,-0.57848161,-0.22324011,-0.58201969,-0.4223516,-0.69488996,0
0.10440111,2.3019986,-2.8042154,0.28180993,0.69682229,-0.65956187,0
-0.0094428062,-2.3115938,0.16157353,-0.58201969,-0.4223516,-0.69488996,0
-0.80248189,3.9858322,-0.17667651,0.58201969,0.4223516,0.69488996,0
-3.1936581,2.3711033,0.23099089,-0.76278186,0.57970494,0.2865414,0
-3.3422909,2.4081242,0.77738762,-0.76278186,0.57970494,0.2865414,0
3.4805121,-0.71118057,-3.5858822,0.76278186,-0.57970494,-0.2865414,0
1.0240746,2.4984651,-1.9397081,0.28180993,0.69682229,-0.65956187,0
-0.78623569,-1.3538738,2.9232826,0.58201969,0.4223516,0.69488996,0
0.76312995,1.2816687,-2.6395891,-0.58201969,-0.4223516,-0.69488996,0
-3.6606429,-0.12449563,1.5089517,-0.58201969,-0.4223516,-0.69488996,0
2.6789289,-2.4212105,-1.2334278,0.76278186,-0.57970494,-0.2865414,0
0.72389698,-3.6543357,2.0199254,-0.28180993,-0.69682229,0.65956187,0
-2.7821519,2.9607894,0.99159241,-0.76278186,0.57970494,0.2865414,0
-0.64302784,1.6348394,1.1766052,0.58201969,0.4223516,0.69488996,0
-3.5536599,0.4610022,4.0748677,-0.76278186,0.57970494,0.2865414,0
-2.0136135,4.0312233,-0.15579271,-0.76278186,0.57970494,0.2865414,0
0.86630702,2.0294273,-2.7187262,0.28180993,0.69682229,-0.65956187,0
1.3635433,2.1674619,-2.6872146,0.28180993,0.69682229,-0.65956187,0
-0.47371078,2.392477,-2.5141094,-0.58201969,-0.4223516,-0.69488996,0
-0.57805371,3.6928833,-1.5213442,0.28180993,0.69682229,-0.65956187,0
2.370935,-0.97979331,-3.0678051,-0.58201969,-0.4223516,-0.69488996,0
-4.4375348,-0.56587183,2.6680713,-0.58201969,-0.4223516,-0.69488996,0
1.15869,-3.2594123,2.1948786,0.58201969,0.4223516,0.69488996,0
1.6783412,-4.7819061,1.2529547,-0.28180993,-0.69682229,0.65956187,0
-2.7510929,1.9625049,2.3923388,-0.76278186,0.57970494,0.2865414,0
1.4276118,-4.5331078,0.85378599,-0.28180993,-0.69682229,0.65956187,0
1.2361732,-5.0261698,0.72284555,-0.28180993,-0.69682229,0.65956187,0
1.2619513,1.6791458,-0.41104448,0.58201969,0.4223516,0.69488996,0
3.4530795,0.41468614,-3.2565234,0.28180993,0.69682229,-0.65956187,0
0.066288382,0.0096049309,1.1041048,0.58201969,0.4223516,0.69488996,0
-2.3004355,4.2008495,-1.7074504,0.28180993,0.69682229,-0.65956187,0
2.8348486,0.25673491,-3.7108521,0.28180993,0.69682229,-0.65956187,0
-2.2739902,-0.17631698,3.6068242,0.58201969,0.4223516,0.69488996,0
-0.17249745,-0.90684468,-0.88375121,-0.58201969,-0.4223516,-0.69488996,0
1.5097002,0.28863347,0.026599556,0.58201969,0.4223516,0.69488996,0
2.5666533,-0.35079038,-0.72038531,0.58201969,0.4223516,0.69488996,0
-4.1457272,0.071739793,2.2003055,-0.76278186,0.57970494,0.2865414,0
-3.0584793,1.4761182,2.6629176,-0.76278186,0.57970494,0.2865414,0
-3.2031441,-0.14196336,1.6089472,-0.58201969,-0.4223516,-0.69488996,0
-3.6663001,0.28966057,3.7934086,-0.76278186,0.57970494,0.2865414,0
-3.2109861,1.2692317,2.3420258,-0.76278186,0.57970494,0.2865414,0
-1.9045217,4.8297758,-0.51339293,-0.76278186,0.57970494,0.2865414,0
3.100703,-3.1106791,0.90577626,0.58201969,0.4223516,0.69488996,0
1.8979347,-4.4692225,0.49145651,0.76278186,-0.57970494,-0.2865414,0
-0.8634665,3.4149852,-1.9917283,0.28180993,0.69682229,-0.65956187,0
-1.8387684,-2.0151923,2.539402,-0.28180993,-0.69682229,0.65956187,0
1.081182,3.3588507,-1.2962681,0.58201969,0.4223516,0.69488996,0
-1.285382,4.3098564,-1.2819886,0.28180993,0.69682229,-0.65956187,0
2.5807834,-0.88259768,0.04095006,0.58201969,0.4223516,0.69488996,0
1.1284413,-1.393072,1.2375193,0.58201969,0.4223516,0.69488996,0
3.6472473,-1.5111903,-1.7915978,0.76278186,-0.57970494,-0.2865414,0
1.9695237,-3.2804868,-0.82373691,-0.58201969,-0.4223516,-0.69488996,0
-0.92875838,-0.23757493,-0.77668619,-0.58201969,-0.4223516,-0.69488996,0
-1.5069194,3.4228935,-2.1922469,0.28180993,0.69682229,-0.65956187,0
-3.5076499,0.92854571,3.2770832,-0.76278186,0.57970494,0.2865414,0
-2.1107726,4.6529741,-1.0666809,-0.76278186,0.57970494,0.2865414,0
-1.7676497,3.6742673,-2.1022117,0.28180993,0.69682229,-0.65956187,0
3.1478589,-2.5982974,-0.59296989,0.76278186,-0.57970494,-0.2865414,0
1.8801627,-0.78732789,0.19199169,0.58201969,0.4223516,0.69488996,0
-2.4250379,3.1406283,1.1490557,-0.76278186,0.57970494,0.2865414,0
0.96802783,1.6070403,-0.62679893,0.58201969,0.4223516,0.69488996,0
-3.6035972,0.93064237,1.8624561,-0.76278186,0.57970494,0.2865414,0
-0.78881788,-2.1353002,2.8194592,-0.28180993,-0.69682229,0.65956187,0
-2.4013491,3.6200142,-0.20929861,-0.76278186,0.57970494,0.2865414,0
-2.2336855,-0.56695211,3.5172868,-0.28180993,-0.69682229,0.65956187,0
0.7161634,-0.76810086,-1.4706904,-0.58201969,-0.4223516,-0.69488996,0
0.20717406,2.7264998,-2.1749904,0.28180993,0.69682229,-0.65956187,0
-1.4065032,-2.445452,1.9476783,-0.28180993,-0.69682229,0.65956187,0
-1.9126339,-2.0630956,2.5409853,-0.28180993,-0.69682229,0.65956187,0
2.634305,-3.6101427,-0.28817797,0.76278186,-0.57970494,-0.2865414,0
-1.2656243,0.4090023,-0.60193288,-0.58201969,-0.4223516,-0.69488996,0
-0.30825424,-1.8703384,2.9340909,-0.28180993,-0.69682229,0.65956187,0
-1.22649,4.2036662,-1.524724,0.28180993,0.69682229,-0.65956187,0
2.1045425,-4.4986424,1.3479373,0.76278186,-0.57970494,-0.2865414,0
2.1241121,-1.1617867,0.35017288,0.58201969,0.4223516,0.69488996,0
-3.6010382,0.0091614723,4.025557,-0.28180993,-0.69682229,0.65956187,0
-0.85453343,-2.5858457,2.1874609,-0.28180993,-0.69682229,0.65956187,0
-2.3685002,3.5167737,0.632231,-0.76278186,0.57970494,0.2865414,0
-2.146435,4.8570395,-1.2471156,-0.76278186,0.57970494,0.2865414,0
2.2837522,0.46725565,-3.5435722,0.28180993,0.69682229,-0.65956187,0
-2.0560908,3.4704399,-1.5404189,-0.58201969,-0.4223516,-0.69488996,0
-1.2818154,-1.2688241,3.2481704,0.58201969,0.4223516,0.69488996,0
-1.8756906,0.77716839,2.3192084,0.58201969,0.4223516,0.69488996,0
-3.0593286,1.5581756,2.5707259,-0.76278186,0.57970494,0.2865414,0
