-0.53681374,5.0667191,-0.67211854,-0.39417481,0.88116944,-0.26108727,0
5.4974346,-2.391238,2.0350866,0.39417481,-0.88116944,0.26108727,0
-1.0441437,-5.677937,2.030565,0.39417481,-0.88116944,0.26108727,0
0.32650471,5.7710996,-0.36946154,-0.39417481,0.88116944,-0.26108727,0
-1.5406051,4.228601,-0.18469858,-0.16394821,0.21211123,0.96339494,0
5.1928048,0.26148176,0.89575481,0.90429366,0.42255086,0.060857296,0
-2.4519258,-6.5118546,0.9486351,0.39417481,-0.88116944,0.26108727,0
2.344511,6.3929248,-1.84724,-0.39417481,0.88116944,-0.26108727,0
0.89743382,-1.335302,-0.38861555,0.16394821,-0.21211123,-0.96339494,0
1.5472655,5.2595859,0.28821027,-0.16394821,0.21211123,0.96339494,0
1.6627758,-1.5170542,1.5705632,-0.16394821,0.21211123,0.96339494,0
-1.5527143,4.6118679,-0.6737839,-0.39417481,0.88116944,-0.26108727,0
-1.2383533,-6.3450999,0.17755616,0.39417481,-0.88116944,0.26108727,0
1.3712587,4.5195756,0.23135126,-0.16394821,0.21211123,0.96339494,0
2.0915504,0.033006907,-0.87313759,0.16394821,-0.21211123,-0.96339494,0
2.5771451,0.69361091,-0.78882909,0.16394821,-0.21211123,-0.96339494,0
4.2082191,2.3781228,1.0946224,0.90429366,0.42255086,0.060857296,0
-5.7443843,0.53026438,-1.3500199,-0.90429366,-0.42255086,-0.060857296,0
-3.3250406,0.46380424,0.51924372,-0.16394821,0.21211123,0.96339494,0
-2.2739024,-5.8904676,1.769498,-0.16394821,0.21211123,0.96339494,0
0.79543132,-0.2044076,1.1636477,-0.16394821,0.21211123,0.96339494,0
0.59841329,-1.1687329,-0.50371742,0.16394821,-0.21211123,-0.96339494,0
4.391942,1.6827973,1.2544479,-0.16394821,0.21211123,0.96339494,0
-3.4824042,-4.5295367,0.31604767,-0.90429366,-0.42255086,-0.060857296,0
3.2514784,4.9835153,-0.82626677,0.90429366,0.42255086,0.060857296,0
-3.3011415,-5.2106099,1.561064,-0.90429366,-0.42255086,-0.060857296,0
3.3055196,-3.6779559,1.5036008,0.39417481,-0.88116944,0.26108727,0
-3.1300044,-5.4159937,-0.40286636,-0.90429366,-0.42255086,-0.060857296,0
-2.3359804,1.9792235,-1.8426185,0.16394821,-0.21211123,-0.96339494,0
0.38963795,-5.1296434,2.0047722,0.39417481,-0.88116944,0.26108727,0
3.6804113,-3.4754169,2.0199018,0.39417481,-0.88116944,0.26108727,0
-5.1049185,2.7188587,-1.989511,-0.39417481,0.88116944,-0.26108727,0
-5.0890198,-0.49793744,-0.63861036,-0.90429366,-0.42255086,-0.060857296,0
-3.0712724,-5.6306553,1.0456164,-0.90429366,-0.42255086,-0.060857296,0
-5.9159317,1.1081737,-1.7337513,-0.90429366,-0.42255086,-0.060857296,0
-4.0962996,-3.0931931,-0.045863628,-0.90429366,-0.42255086,-0.060857296,0
-4.3753052,-2.5162427,0.2260437,-0.90429366,-0.42255086,-0.060857296,0
-3.6601264,-0.35512298,-1.5475466,0.16394821,-0.21211123,-0.96339494,0
1.0285902,2.3518457,0.51437193,-0.16394821,0.21211123,0.96339494,0
1.378509,5.8622003,-0.13427746,-0.16394821,0.21211123,0.96339494,0
-4.806076,2.6538236,-2.4074936,-0.39417481,0.88116944,-0.26108727,0
-1.3651117,-0.064612746,0.90553844,-0.16394821,0.21211123,0.96339494,0
3.8895473,-0.40825653,-0.29887104,0.16394821,-0.21211123,-0.96339494,0
4.5717568,1.7875862,-0.62606287,0.90429366,0.42255086,0.060857296,0
5.5024409,-0.12452006,0.12355614,0.90429366,0.42255086,0.060857296,0
-3.0871012,-4.9199123,0.1549685,-0.90429366,-0.42255086,-0.060857296,0
0.66736841,-4.9193654,1.989835,0.39417481,-0.88116944,0.26108727,0
0.98254585,-4.6889153,2.2841673,0.39417481,-0.88116944,0.26108727,0
-0.5988133,-1.937196,1.3429072,-0.16394821,0.21211123,0.96339494,0
2.6958566,2.4842474,0.97011232,-0.16394821,0.21211123,0.96339494,0
-2.0166841,4.2624798,-1.8729142,-0.39417481,0.88116944,-0.26108727,0
2.6959529,6.5728817,-0.6257062,0.90429366,0.42255086,0.060857296,0
3.6215322,1.9737307,-0.74418855,0.16394821,-0.21211123,-0.96339494,0
-3.965035,-3.1899192,-1.0720792,-0.90429366,-0.42255086,-0.060857296,0
3.0926828,5.536098,-1.4312449,0.90429366,0.42255086,0.060857296,0
5.5439005,-2.8125849,0.847054,0.39417481,-0.88116944,0.26108727,0
-3.0551782,-4.786572,1.7742982,-0.16394821,0.21211123,0.96339494,0
0.55979061,5.6436319,-0.43238419,-0.39417481,0.88116944,-0.26108727,0
1.9352436,6.3986473,-1.1732161,-0.39417481,0.88116944,-0.26108727,0
2.634625,6.2616229,-2.0427909,-0.39417481,0.88116944,-0.26108727,0
5.022203,1.0304126,1.4098783,0.90429366,0.42255086,0.060857296,0
-5.407867,0.094527483,-0.46302938,-0.90429366,-0.42255086,-0.060857296,0
5.2991619,0.71591699,1.1724105,0.90429366,0.42255086,0.060857296,0
-1.8289926,-1.5321136,1.0050038,-0.16394821,0.21211123,0.96339494,0
-5.7763104,0.59128964,-1.7027125,-0.90429366,-0.42255086,-0.060857296,0
-0.2172823,5.2300739,-1.165352,-0.39417481,0.88116944,-0.26108727,0
3.7316382,3.9848654,0.08865881,0.90429366,0.42255086,0.060857296,0
2.6015491,6.3781056,-1.5206831,-0.39417481,0.88116944,-0.26108727,0
1.6056676,5.9968224,-1.6147621,-0.39417481,0.88116944,-0.26108727,0
4.3519926,2.5555787,-0.79026842,0.90429366,0.42255086,0.060857296,0
-6.0212512,1.0957813,-0.45787239,-0.90429366,-0.42255086,-0.060857296,0
-3.4779825,-1.2064126,0.70346761,-0.16394821,0.21211123,0.96339494,0
-1.3034275,-3.0527592,1.5848409,-0.16394821,0.21211123,0.96339494,0
-3.1282325,-5.1710854,1.4346533,-0.90429366,-0.42255086,-0.060857296,0
-3.0062075,1.0765941,0.4178071,-0.16394821,0.21211123,0.96339494,0
0.83928275,-2.7897353,-0.34284848,0.16394821,-0.21211123,-0.96339494,0
-1.0689692,-2.089942,1.4602237,-0.16394821,0.21211123,0.96339494,0
-5.7620926,2.1969934,-2.5068421,-0.39417481,0.88116944,-0.26108727,0
2.7074475,6.2496743,-0.063191414,0.90429366,0.42255086,0.060857296,0
-4.1177073,-3.256814,-0.27799034,-0.90429366,-0.42255086,-0.060857296,0
4.0688314,3.4089434,-0.0044035912,0.90429366,0.42255086,0.060857296,0
-4.7421389,-1.0574143,-1.3942885,-0.90429366,-0.42255086,-0.060857296,0
2.4564815,6.4730496,-1.1748648,-0.39417481,0.88116944,-0.26108727,0
-3.8667164,-3.2432296,-0.78065491,-0.90429366,-0.42255086,-0.060857296,0
-3.2235193,-2.7178137,-1.1749058,0.16394821,-0.21211123,-0.96339494,0
-6.0274906,2.2311482,-1.8412237,-0.39417481,0.88116944,-0.26108727,0
0.39986241,-0.74474376,1.1201669,-0.16394821,0.21211123,0.96339494,0
-5.5198336,-0.33450651,-1.0602589,-0.90429366,-0.42255086,-0.060857296,0
3.7922611,3.7134213,-0.17773843,0.90429366,0.42255086,0.060857296,0
5.5765934,-2.6119454,2.4667878,0.39417481,-0.88116944,0.26108727,0
-4.9386454,3.2688828,-0.73844099,-0.39417481,0.88116944,-0.26108727,0
1.6813016,-4.0603194,2.1575401,0.39417481,-0.88116944,0.26108727,0
-2.7400465,1.8628688,0.23412991,-0.16394821,0.21211123,0.96339494,0
0.13604069,-4.9502153,1.6527302,0.39417481,-0.88116944,0.26108727,0
-3.210295,-4.8140354,-0.010852575,-0.90429366,-0.42255086,-0.060857296,0
0.036423683,3.7388778,-1.8834056,0.16394821,-0.21211123,-0.96339494,0
-6.217484,1.5733309,-1.0687852,-0.90429366,-0.42255086,-0.060857296,0
-4.6477284,3.5694804,-0.77171612,-0.39417481,0.88116944,-0.26108727,0
-5.9733667,1.4195051,-0.78520012,-0.90429366,-0.42255086,-0.060857296,0
6.2323403,-1.6314716,0.50015068,0.90429366,0.42255086,0.060857296,0
-1.8315823,-0.13580179,0.9270581,-0.16394821,0.21211123,0.96339494,0
1.592263,-0.073260702,1.2868097,-0.16394821,0.21211123,0.96339494,0
1.5441632,-4.4586711,0.40360188,0.16394821,-0.21211123,-0.96339494,0
1.6847409,0.98384559,-0.98665822,0.16394821,-0.21211123,-0.96339494,0
-0.24472606,1.6677426,0.47527653,-0.16394821,0.21211123,0.96339494,0
1.2033939,-5.1582832,0.6491338,0.39417481,-0.88116944,0.26108727,0
3.9227962,-3.5233033,1.4439614,0.39417481,-0.88116944,0.26108727,0
-1.1259604,-5.8887458,0.15976083,0.16394821,-0.21211123,-0.96339494,0
5.0184817,0.59194613,1.1688409,0.90429366,0.42255086,0.060857296,0
4.7399616,-2.8402555,1.8106647,0.39417481,-0.88116944,0.26108727,0
-0.9573698,-5.7460785,1.7089875,0.39417481,-0.88116944,0.26108727,0
-4.8603382,-1.6910076,0.19750309,-0.90429366,-0.42255086,-0.060857296,0
-4.2657275,3.574815,-0.66759586,-0.39417481,0.88116944,-0.26108727,0
-1.9508408,0.014546514,0.69560266,-0.16394821,0.21211123,0.96339494,0
-5.8129826,0.92282605,-0.70301819,-0.90429366,-0.42255086,-0.060857296,0
4.4580035,1.992698,0.31625319,0.90429366,0.42255086,0.060857296,0
4.746294,-3.3852508,0.76449299,0.39417481,-0.88116944,0.26108727,0
3.4876237,-3.4355929,1.6724033,0.39417481,-0.88116944,0.26108727,0
2.9070683,5.3030043,-0.56859803,0.90429366,0.42255086,0.060857296,0
2.8307362,4.0687575,0.42525196,-0.16394821,0.21211123,0.96339494,0
-1.8793876,-3.9948006,-0.40585661,0.16394821,-0.21211123,-0.96339494,0
-3.975379,-3.6632793,1.1609688,-0.90429366,-0.42255086,-0.060857296,0
-3.7376122,-3.5100799,1.0560825,-0.16394821,0.21211123,0.96339494,0
-1.2018414,-6.2822018,0.32831925,0.39417481,-0.88116944,0.26108727,0
4.6769037,1.5195558,-0.48712397,0.90429366,0.42255086,0.060857296,0
-2.7900913,2.3990352,-1.8874898,0.16394821,-0.21211123,-0.96339494,0
0.59335947,-5.2212391,0.31072646,0.39417481,-0.88116944,0.26108727,0
-3.1083634,3.272903,-0.24396229,-0.16394821,0.21211123,0.96339494,0
2.5600433,6.0065742,-0.66878748,0.90429366,0.42255086,0.060857296,0
5.3727698,0.51336718,0.79212093,0.90429366,0.42255086,0.060857296,0
-3.4716194,-4.4584422,0.59282303,-0.90429366,-0.42255086,-0.060857296,0
2.850759,6.082756,-0.48576832,0.90429366,0.42255086,0.060857296,0
-5.3391728,-0.70908451,-0.17754698,-0.90429366,-0.42255086,-0.060857296,0
-2.6827326,-6.4122405,0.12362027,-0.90429366,-0.42255086,-0.060857296,0
1.9355321,-4.3933191,0.74868667,0.39417481,-0.88116944,0.26108727,0
-5.0661135,2.7376392,-2.1052914,-0.39417481,0.88116944,-0.26108727,0
-5.9706326,1.5757414,-1.8102193,-0.90429366,-0.42255086,-0.060857296,0
4.7523179,1.365432,0.65548849,0.90429366,0.42255086,0.060857296,0
-3.3217111,3.5944872,-1.79321,-0.39417481,0.88116944,-0.26108727,0
-1.3840637,-6.372282,0.46989012,0.39417481,-0.88116944,0.26108727,0
-0.90463448,1.483503,-1.6747338,0.16394821,-0.21211123,-0.96339494,0
2.1895204,6.179244,-1.8605002,-0.39417481,0.88116944,-0.26108727,0
-2.3104172,-6.796834,-0.033366919,-0.90429366,-0.42255086,-0.060857296,0
3.4529366,0.71197653,1.5679069,-0.16394821,0.21211123,0.96339494,0
-3.6717896,-3.9646735,0.30017853,-0.90429366,-0.42255086,-0.060857296,0
5.6122823,-0.33893204,0.50704479,0.90429366,0.42255086,0.060857296,0
-2.540834,4.2390122,-0.9026742,-0.39417481,0.88116944,-0.26108727,0
-5.6337881,2.4326673,-0.62687492,-0.16394821,0.21211123,0.96339494,0
0.65596616,0.50051904,0.92589921,-0.16394821,0.21211123,0.96339494,0
3.0378966,-3.7254357,1.8892996,0.39417481,-0.88116944,0.26108727,0
-1.1862516,-5.9259748,1.0855405,0.39417481,-0.88116944,0.26108727,0
5.2076898,0.77181816,0.25099659,0.90429366,0.42255086,0.060857296,0
-5.7889104,0.84917426,-0.81096125,-0.90429366,-0.42255086,-0.060857296,0
-4.8393173,2.935982,-1.5921912,-0.39417481,0.88116944,-0.26108727,0
-0.64943075,-6.0050602,0.29375672,0.39417481,-0.88116944,0.26108727,0
3.989912,3.8771493,-1.2734952,0.90429366,0.42255086,0.060857296,0
-6.4135375,1.7931583,-2.0446162,-0.90429366,-0.42255086,-0.060857296,0
4.2392836,2.9316514,0.73925352,0.90429366,0.42255086,0.060857296,0
3.7088232,3.8792396,-0.78528905,0.90429366,0.42255086,0.060857296,0
3.8682439,3.0979309,-0.091184139,0.90429366,0.42255086,0.060857296,0
0.13090372,5.5566473,-0.33224368,-0.39417481,0.88116944,-0.26108727,0
4.3469105,-2.8463964,2.6048036,-0.16394821,0.21211123,0.96339494,0
4.1905456,2.9580674,0.40709019,0.90429366,0.42255086,0.060857296,0
3.8260787,3.5912547,-0.2634573,0.90429366,0.42255086,0.060857296,0
-3.077759,-4.865942,-0.29935718,-0.90429366,-0.42255086,-0.060857296,0
4.9262376,-3.3826075,0.83425093,0.39417481,-0.88116944,0.26108727,0
3.5825789,3.9306951,-1.2190418,0.90429366,0.42255086,0.060857296,0
2.9445677,5.5298338,-0.44057131,0.90429366,0.42255086,0.060857296,0
-1.6197581,-5.9528499,1.4902854,0.39417481,-0.88116944,0.26108727,0
-2.1674991,-6.1708269,0.93288791,0.39417481,-0.88116944,0.26108727,0
-3.3347249,-3.975646,1.3009565,-0.16394821,0.21211123,0.96339494,0
-1.8741847,-2.1062584,-1.0081841,0.16394821,-0.21211123,-0.96339494,0
-2.6734252,-5.9174762,0.61353207,-0.90429366,-0.42255086,-0.060857296,0
2.5340972,-4.3081946,1.5235274,0.39417481,-0.88116944,0.26108727,0
0.4515028,-5.1492243,0.50762665,0.39417481,-0.88116944,0.26108727,0
1.0906625,-4.53158,1.7325867,0.39417481,-0.88116944,0.26108727,0
-0.97202158,-5.066287,0.061757624,0.16394821,-0.21211123,-0.96339494,0
3.593282,3.7365346,-0.35558105,0.90429366,0.42255086,0.060857296,0
-0.34053135,5.0154772,-2.1322749,-0.39417481,0.88116944,-0.26108727,0
5.3180237,-2.7208841,2.6317091,0.39417481,-0.88116944,0.26108727,0
-5.2475605,-0.97473979,-0.39735985,-0.90429366,-0.42255086,-0.060857296,0
3.7846212,4.3679676,-1.151464,0.90429366,0.42255086,0.060857296,0
-3.9828854,-3.0225477,0.52177215,-0.90429366,-0.42255086,-0.060857296,0
6.4332857,-2.6674073,0.88638783,0.39417481,-0.88116944,0.26108727,0
4.6119928,2.4634662,-0.57875681,0.90429366,0.42255086,0.060857296,0
2.3289733,-4.1264238,1.8780113,0.39417481,-0.88116944,0.26108727,0
2.9956656,5.0404878,-0.070495605,0.90429366,0.42255086,0.060857296,0
-0.11688442,-0.70076895,-1.1051438,0.16394821,-0.21211123,-0.96339494,0
0.30628824,-5.2723794,1.4587295,0.39417481,-0.88116944,0.26108727,0
3.5320044,-3.5662923,2.0357063,0.39417481,-0.88116944,0.26108727,0
4.9746275,1.1938167,-0.19473505,0.90429366,0.42255086,0.060857296,0
0.32963371,-5.2484894,0.76285952,0.39417481,-0.88116944,0.26108727,0
-1.8166122,-2.7617567,-0.68964529,0.16394821,-0.21211123,-0.96339494,0
1.5184665,3.9341321,0.59298682,-0.16394821,0.21211123,0.96339494,0
0.088183165,-4.05266,-0.14190774,0.16394821,-0.21211123,-0.96339494,0
-1.7670283,1.7337502,-1.682687,0.16394821,-0.21211123,-0.96339494,0
1.2443261,-4.7323141,0.94257724,0.39417481,-0.88116944,0.26108727,0
-1.463973,4.925406,-0.62786639,-0.39417481,0.88116944,-0.26108727,0
4.695323,1.0482873,1.451386,-0.16394821,0.21211123,0.96339494,0
6.0299606,-1.5994129,2.4835968,-0.16394821,0.21211123,0.96339494,0
4.5990553,2.3265905,-0.32008934,0.90429366,0.42255086,0.060857296,0
-0.59252262,-5.233263,2.0156379,0.39417481,-0.88116944,0.26108727,0
-2.3002682,-5.1107016,-0.16081834,0.16394821,-0.21211123,-0.96339494,0
0.33612299,-4.9082074,1.7501037,0.39417481,-0.88116944,0.26108727,0
-1.2630177,2.9427249,-1.8874743,0.16394821,-0.21211123,-0.96339494,0
0.074766159,5.0739522,-1.7502285,-0.39417481,0.88116944,-0.26108727,0
-4.9918814,2.9747953,-1.2649798,-0.39417481,0.88116944,-0.26108727,0
5.0171156,0.49531317,-0.13098955,0.16394821,-0.21211123,-0.96339494,0
-0.060536623,1.9476101,0.53884089,-0.16394821,0.21211123,0.96339494,0
-6.4176922,1.9942727,-0.5280962,-0.90429366,-0.42255086,-0.060857296,0
4.1400661,2.4540663,0.77437544,0.90429366,0.42255086,0.060857296,0
3.1202469,4.8020182,-0.25096822,0.90429366,0.42255086,0.060857296,0
-5.4776502,-0.11953187,-1.1020761,-0.90429366,-0.42255086,-0.060857296,0
5.923418,-2.2632749,2.7335691,0.39417481,-0.88116944,0.26108727,0
-0.212358,-5.5055141,0.87805355,0.39417481,-0.88116944,0.26108727,0
-2.0495467,-1.7759202,-1.0886528,0.16394821,-0.21211123,-0.96339494,0
4.0172138,-0.16718841,-0.29954195,0.16394821,-0.21211123,-0.96339494,0
-4.9665771,-1.6270285,-0.11346388,-0.90429366,-0.42255086,-0.060857296,0
-3.6361969,-3.4770498,-0.71438932,-0.90429366,-0.42255086,-0.060857296,0
0.028977156,-2.443995,-0.37679291,0.16394821,-0.21211123,-0.96339494,0
-5.7239833,0.61333954,-1.7834878,-0.90429366,-0.42255086,-0.060857296,0
4.6392331,1.5547538,1.1960497,0.90429366,0.42255086,0.060857296,0
5.414598,-2.7784197,1.7904501,0.39417481,-0.88116944,0.26108727,0
1.0227537,5.5077858,-2.0219839,-0.39417481,0.88116944,-0.26108727,0
5.1596799,-2.9666021,0.84109879,0.39417481,-0.88116944,0.26108727,0
-5.2426815,-0.9593854,-0.79881954,-0.90429366,-0.42255086,-0.060857296,0
1.2227855,-4.638916,1.0137341,0.39417481,-0.88116944,0.26108727,0
6.2608271,-2.3498905,2.3623204,0.39417481,-0.88116944,0.26108727,0
-0.51314545,5.1084843,-0.93711644,-0.39417481,0.88116944,-0.26108727,0
4.1076703,2.7947254,-0.67571068,0.90429366,0.42255086,0.060857296,0
4.1265082,-2.9612327,2.4072702,0.39417481,-0.88116944,0.26108727,0
4.4055586,-3.1477809,2.2172892,0.39417481,-0.88116944,0.26108727,0
-6.595089,2.1152191,-0.9610033,-0.90429366,-0.42255086,-0.060857296,0
-5.4011889,-0.69373178,-0.17845631,-0.90429366,-0.42255086,-0.060857296,0
2.7829618,-3.8801446,2.3435388,0.39417481,-0.88116944,0.26108727,0
-2.7771873,-5.7010403,-0.034577131,-0.90429366,-0.42255086,-0.060857296,0
3.2672241,4.6996961,-0.6085937,0.90429366,0.42255086,0.060857296,0
-0.59134722,-5.6794572,1.628485,0.39417481,-0.88116944,0.26108727,0
3.9709828,3.6402786,0.83481693,0.90429366,0.42255086,0.060857296,0
2.8354509,3.2488365,0.93872261,-0.16394821,0.21211123,0.96339494,0
-3.1230707,-5.0962648,0.97642136,-0.90429366,-0.42255086,-0.060857296,0
-0.49909854,1.5348431,0.72679985,-0.16394821,0.21211123,0.96339494,0
-5.947247,1.3397911,-1.4225187,-0.90429366,-0.42255086,-0.060857296,0
0.50209999,-3.8354113,1.8243835,-0.16394821,0.21211123,0.96339494,0
3.5049255,-3.7537668,1.1031268,0.39417481,-0.88116944,0.26108727,0
-5.4091144,0.17376232,-0.69822741,-0.90429366,-0.42255086,-0.060857296,0
-2.5093331,4.3257523,-0.20910215,-0.39417481,0.88116944,-0.26108727,0
-3.3545635,-5.0813932,-0.15848923,-0.90429366,-0.42255086,-0.060857296,0
-1.5629263,-6.2210722,0.84793651,0.39417481,-0.88116944,0.26108727,0
1.946105,-4.0460095,1.8341637,0.39417481,-0.88116944,0.26108727,0
-2.7734346,-0.65890622,0.6961832,-0.16394821,0.21211123,0.96339494,0
3.9414485,-3.8015833,0.52645206,0.39417481,-0.88116944,0.26108727,0
1.5177064,5.510344,-2.1644511,0.16394821,-0.21211123,-0.96339494,0
2.482408,5.8613758,-2.0149381,0.16394821,-0.21211123,-0.96339494,0
3.9841928,2.1191297,-0.81983423,0.16394821,-0.21211123,-0.96339494,0
5.2233772,-2.7152605,2.290206,0.39417481,-0.88116944,0.26108727,0
2.6232986,6.5293493,-1.192914,0.90429366,0.42255086,0.060857296,0
2.8833303,-3.519968,2.419106,-0.16394821,0.21211123,0.96339494,0
3.5071702,-3.5309749,1.4766858,0.39417481,-0.88116944,0.26108727,0
-0.65444815,0.68410069,-1.391342,0.16394821,-0.21211123,-0.96339494,0
2.1984224,6.1814923,-0.98124313,-0.39417481,0.88116944,-0.26108727,0
2.6187229,6.0808511,0.19758749,0.90429366,0.42255086,0.060857296,0
5.8993249,-1.2510612,1.0378356,0.90429366,0.42255086,0.060857296,0
2.7592473,-0.92823225,1.5339642,-0.16394821,0.21211123,0.96339494,0
4.5223618,-3.313071,0.63371372,0.39417481,-0.88116944,0.26108727,0
1.4043279,-3.2128549,1.8579134,-0.16394821,0.21211123,0.96339494,0
-2.908026,0.387568,0.45247293,-0.16394821,0.21211123,0.96339494,0
2.7575722,6.2363253,-1.920873,0.90429366,0.42255086,0.060857296,0
1.2797055,4.9829535,-1.9446721,0.16394821,-0.21211123,-0.96339494,0
2.0748439,4.6495247,0.43136489,-0.16394821,0.21211123,0.96339494,0
-4.627418,-2.3941617,0.37166882,-0.90429366,-0.42255086,-0.060857296,0
-0.45535278,5.3454294,-0.41277477,-0.39417481,0.88116944,-0.26108727,0
3.9142067,3.3876047,-0.90602469,0.90429366,0.42255086,0.060857296,0
-0.49963188,-5.2855458,1.5272074,0.39417481,-0.88116944,0.26108727,0
1.6991367,-4.4122648,1.5425051,0.39417481,-0.88116944,0.26108727,0
-1.0195217,4.7243242,-1.2624595,-0.39417481,0.88116944,-0.26108727,0
-5.4199576,-0.38681579,-0.67056131,-0.90429366,-0.42255086,-0.060857296,0
5.4643378,-2.8173919,1.6169991,0.39417481,-0.88116944,0.26108727,0
1.2282205,5.8233075,-1.9290028,-0.39417481,0.88116944,-0.26108727,0
0.014389038,5.2667384,-0.68634021,-0.39417481,0.88116944,-0.26108727,0
-5.3169847,-0.10232663,-1.1655116,-0.90429366,-0.42255086,-0.060857296,0
-0.29084682,-2.5889482,1.4568981,-0.16394821,0.21211123,0.96339494,0
-4.2175937,-2.9187634,-0.68482256,-0.90429366,-0.42255086,-0.060857296,0
-4.1749668,-2.8708177,-0.24387503,-0.90429366,-0.42255086,-0.060857296,0
-4.4174232,3.6724954,-0.66609335,-0.39417481,0.88116944,-0.26108727,0
0.083926678,-4.6090593,0.13230313,0.16394821,-0.21211123,-0.96339494,0
1.0387387,-0.98042083,-0.62698597,0.16394821,-0.21211123,-0.96339494,0
-4.2944288,2.6121047,-2.439317,0.16394821,-0.21211123,-0.96339494,0
4.1222711,3.2500386,0.00013494492,0.90429366,0.42255086,0.060857296,0
2.6257854,6.290545,-0.57058597,0.90429366,0.42255086,0.060857296,0
-1.3591461,4.5189447,-1.2161914,-0.39417481,0.88116944,-0.26108727,0
-3.0221548,-5.7001433,1.1295888,-0.90429366,-0.42255086,-0.060857296,0
-2.667146,0.33266091,0.42533994,-0.16394821,0.21211123,0.96339494,0
-4.6878548,2.9680552,-1.8750215,-0.39417481,0.88116944,-0.26108727,0
2.2121429,6.5501566,-0.75151002,-0.39417481,0.88116944,-0.26108727,0
-3.4493399,3.871886,-1.3337321,-0.39417481,0.88116944,-0.26108727,0
5.0269113,-2.4510314,2.5574675,0.39417481,-0.88116944,0.26108727,0
0.15918481,0.69414848,-1.1616158,0.16394821,-0.21211123,-0.96339494,0
-4.0473528,-2.807518,-0.81392884,-0.90429366,-0.42255086,-0.060857296,0
-6.3885508,1.7221972,-1.6760869,-0.90429366,-0.42255086,-0.060857296,0
3.0981412,-3.6561384,2.3278358,0.39417481,-0.88116944,0.26108727,0
2.8045802,5.6454744,-1.1177452,0.90429366,0.42255086,0.060857296,0
-3.5562057,-4.6267614,0.97868609,-0.90429366,-0.42255086,-0.060857296,0
-0.18574476,4.269455,-0.068187624,-0.16394821,0.21211123,0.96339494,0
-0.22291923,-1.0263186,-0.7816506,0.16394821,-0.21211123,-0.96339494,0
4.0324841,3.665206,-1.1726131,0.90429366,0.42255086,0.060857296,0
3.4848838,-1.4553924,-0.235461,0.16394821,-0.21211123,-0.96339494,0
5.8039598,-0.7301234,1.9533286,0.90429366,0.42255086,0.060857296,0
-1.117754,3.5234942,-0.054483175,-0.16394821,0.21211123,0.96339494,0
-4.9081202,2.9058089,-1.7974577,-0.39417481,0.88116944,-0.26108727,0
5.1881289,0.7126441,0.80364752,0.90429366,0.42255086,0.060857296,0
5.0190144,-3.3370326,0.78763914,0.39417481,-0.88116944,0.26108727,0
4.030086,3.6206727,-0.79057717,0.90429366,0.42255086,0.060857296,0
6.1926241,-1.3203048,1.725553,0.90429366,0.42255086,0.060857296,0
-4.9569454,3.188976,-1.3220224,-0.39417481,0.88116944,-0.26108727,0
-1.8872092,-1.5054331,-1.1850365,0.16394821,-0.21211123,-0.96339494,0
5.2538815,-2.7814784,1.7442455,0.39417481,-0.88116944,0.26108727,0
-3.5453472,3.8540788,-1.3182287,-0.39417481,0.88116944,-0.26108727,0
-0.54036188,5.1172733,-0.80698025,-0.39417481,0.88116944,-0.26108727,0
0.44977093,5.3605728,-1.525964,-0.39417481,0.88116944,-0.26108727,0
4.2746663,2.5513458,-0.44071054,0.90429366,0.42255086,0.060857296,0
3.4816678,0.84099555,1.6376584,-0.16394821,0.21211123,0.96339494,0
-0.61930227,-5.709806,1.3055483,0.39417481,-0.88116944,0.26108727,0
-0.74315405,-5.0143356,-0.091964364,0.16394821,-0.21211123,-0.96339494,0
6.5514498,-2.1685123,2.0513659,0.39417481,-0.88116944,0.26108727,0
1.0149605,-1.8360968,1.7328494,-0.16394821,0.21211123,0.96339494,0
3.3031371,-4.0591507,0.57158995,0.39417481,-0.88116944,0.26108727,0
-1.6212554,-4.283885,1.6362062,-0.16394821,0.21211123,0.96339494,0
2.990417,-2.2733147,2.0708344,-0.16394821,0.21211123,0.96339494,0
5.5208292,0.021952152,1.5208149,0.90429366,0.42255086,0.060857296,0
3.4501147,4.6566687,0.40944982,0.90429366,0.42255086,0.060857296,0
3.2046859,2.3647137,-1.1966977,0.16394821,-0.21211123,-0.96339494,0
0.78592443,-5.0431566,0.34274548,0.39417481,-0.88116944,0.26108727,0
4.7783451,-3.4850121,0.62812757,0.39417481,-0.88116944,0.26108727,0
2.9553647,5.3302784,-0.43124413,0.90429366,0.42255086,0.060857296,0
-4.3060455,-2.710207,0.97220325,-0.16394821,0.21211123,0.96339494,0
-3.1622152,-4.9464464,0.882828,-0.90429366,-0.42255086,-0.060857296,0
5.283968,-3.2509527,0.74156284,0.16394821,-0.21211123,-0.96339494,0
0.36045313,-5.1960683,1.0372326,0.39417481,-0.88116944,0.26108727,0
-3.644249,3.7991486,-0.76087236,-0.39417481,0.88116944,-0.26108727,0
-3.6195893,3.9363105,-0.74198699,-0.39417481,0.88116944,-0.26108727,0
-1.9573226,-3.4128649,1.5497211,-0.16394821,0.21211123,0.96339494,0
1.869997,-4.6728969,1.1463963,0.39417481,-0.88116944,0.26108727,0
3.8652418,-1.8125399,0.10227346,0.16394821,-0.21211123,-0.96339494,0
-2.1512971,-0.044883847,0.48672986,-0.16394821,0.21211123,0.96339494,0
3.79372,4.1385498,-1.0007529,0.90429366,0.42255086,0.060857296,0
-3.4043672,-3.7402768,1.386107,-0.16394821,0.21211123,0.96339494,0
-4.7823968,2.9191747,-2.6334846,-0.39417481,0.88116944,-0.26108727,0
0.89063025,5.4554939,-1.3484739,-0.39417481,0.88116944,-0.26108727,0
-2.4409845,-5.1169825,-0.31899214,0.16394821,-0.21211123,-0.96339494,0
2.989939,5.2303672,0.081758976,0.90429366,0.42255086,0.060857296,0
-1.4157176,4.2788281,-1.8431773,-0.39417481,0.88116944,-0.26108727,0
0.13912296,-5.0642595,1.1574241,0.39417481,-0.88116944,0.26108727,0
3.166738,2.5955555,-1.005939,0.16394821,-0.21211123,-0.96339494,0
-1.5837669,-6.0962744,0.26602352,0.39417481,-0.88116944,0.26108727,0
-1.5680342,2.4290185,-2.0436471,0.16394821,-0.21211123,-0.96339494,0
-2.5144567,-6.5819893,0.32704568,-0.90429366,-0.42255086,-0.060857296,0
1.8771954,6.3507805,-0.33688498,-0.39417481,0.88116944,-0.26108727,0
4.7617674,0.81217861,1.7560711,-0.16394821,0.21211123,0.96339494,0
4.0577526,3.0460958,0.4195528,0.90429366,0.42255086,0.060857296,0
-2.4983644,-0.14638495,-1.4241672,0.16394821,-0.21211123,-0.96339494,0
-5.3116007,-0.46950245,-1.2750039,-0.90429366,-0.42255086,-0.060857296,0
-3.3517718,-1.6036422,-1.0962965,0.16394821,-0.21211123,-0.96339494,0
-3.4765663,0.60604715,0.24604964,-0.16394821,0.21211123,0.96339494,0
1.6644673,-4.4663014,2.2776287,0.39417481,-0.88116944,0.26108727,0
2.3551755,6.5662708,-0.61171341,0.90429366,0.42255086,0.060857296,0
-5.030817,-1.2424455,0.28336811,-0.90429366,-0.42255086,-0.060857296,0
1.6438446,5.9805369,-1.7873675,-0.39417481,0.88116944,-0.26108727,0
1.5616207,-4.645484,0.68097401,0.39417481,-0.88116944,0.26108727,0
4.1171017,-3.6192515,1.2071505,0.39417481,-0.88116944,0.26108727,0
-6.2540646,1.4658879,-1.5546002,-0.90429366,-0.42255086,-0.060857296,0
-5.4345207,-0.20504379,-0.54101562,-0.90429366,-0.42255086,-0.060857296,0
2.2462397,-4.3698568,1.523401,0.39417481,-0.88116944,0.26108727,0
0.84930992,-4.7165203,2.1545444,0.39417481,-0.88116944,0.26108727,0
2.7702484,0.65584725,1.3978803,-0.16394821,0.21211123,0.96339494,0
-4.8039141,1.3451524,-0.0027399063,-0.16394821,0.21211123,0.96339494,0
-5.4028397,-0.17121315,-0.89680052,-0.90429366,-0.42255086,-0.060857296,0
-1.9175315,-5.9976215,1.723128,0.39417481,-0.88116944,0.26108727,0
0.71358633,-5.4762764,0.29842246,0.39417481,-0.88116944,0.26108727,0
-0.4741956,-0.23968032,-1.1030868,0.16394821,-0.21211123,-0.96339494,0
1.0436287,5.9339986,-0.82001764,-0.39417481,0.88116944,-0.26108727,0
-4.2089872,3.3334298,-2.0252876,-0.39417481,0.88116944,-0.26108727,0
0.92664242,5.8403921,-0.63587582,-0.39417481,0.88116944,-0.26108727,0
5.763957,-2.5700021,2.3162203,0.39417481,-0.88116944,0.26108727,0
3.1228917,1.4842973,1.3353322,-0.16394821,0.21211123,0.96339494,0
5.4926033,-0.41753089,2.080667,0.90429366,0.42255086,0.060857296,0
0.90957403,-3.3845873,2.1172788,-0.16394821,0.21211123,0.96339494,0
5.3336773,-0.061030269,1.9927077,-0.16394821,0.21211123,0.96339494,0
0.014282227,-5.2521172,0.9084605,0.39417481,-0.88116944,0.26108727,0
3.6076798,4.0694909,0.22826815,0.90429366,0.42255086,0.060857296,0
-0.19675922,4.9102759,-1.8802859,-0.39417481,0.88116944,-0.26108727,0
3.5767646,4.1732078,0.039497375,0.90429366,0.42255086,0.060857296,0
-3.2958891,-5.0977206,0.860219,-0.90429366,-0.42255086,-0.060857296,0
3.3222837,-3.4488525,0.43752337,0.16394821,-0.21211123,-0.96339494,0
-2.8356538,-6.1596422,1.550705,-0.90429366,-0.42255086,-0.060857296,0
-3.8320465,-4.0559101,0.094604731,-0.90429366,-0.42255086,-0.060857296,0
-2.7544889,-5.8556628,1.2083197,-0.90429366,-0.42255086,-0.060857296,0
4.8473973,-0.31947541,-0.13783312,0.16394821,-0.21211123,-0.96339494,0
-2.4577246,-6.1528645,0.33421421,-0.90429366,-0.42255086,-0.060857296,0
-2.5096674,-6.7722473,0.26284313,0.39417481,-0.88116944,0.26108727,0
-3.1588483,3.5754814,-1.7344105,-0.39417481,0.88116944,-0.26108727,0
5.813879,-2.228518,2.146369,0.39417481,-0.88116944,0.26108727,0
-2.0647268,0.53408015,0.73843551,-0.16394821,0.21211123,0.96339494,0
5.5518928,-2.5273507,1.6341105,0.39417481,-0.88116944,0.26108727,0
3.711163,-0.56590933,1.8450594,-0.16394821,0.21211123,0.96339494,0
-3.3538859,-3.2610817,1.1624956,-0.16394821,0.21211123,0.96339494,0
0.88116121,-4.9906387,1.564345,0.39417481,-0.88116944,0.26108727,0
6.6229553,-2.2849092,1.4737625,0.39417481,-0.88116944,0.26108727,0
-5.5948191,0.0012631416,-1.0717225,-0.90429366,-0.42255086,-0.060857296,0
4.1618562,2.5042982,-0.013393402,0.90429366,0.42255086,0.060857296,0
-2.9602957,3.9352617,-1.584193,-0.39417481,0.88116944,-0.26108727,0
3.2071323,4.5983253,-0.39194679,0.90429366,0.42255086,0.060857296,0
-3.0735087,3.7908483,-2.2598019,-0.39417481,0.88116944,-0.26108727,0
-5.6074629,0.73541033,-2.0636463,-0.90429366,-0.42255086,-0.060857296,0
-3.330081,3.6817863,-2.1398377,-0.39417481,0.88116944,-0.26108727,0
-5.0110149,2.7661216,-1.81669,-0.39417481,0.88116944,-0.26108727,0
-1.2387447,4.5392151,-1.9503801,-0.39417481,0.88116944,-0.26108727,0
0.12771356,-0.016531169,0.98279953,-0.16394821,0.21211123,0.96339494,0
2.2058277,6.0394912,-1.9705009,-0.39417481,0.88116944,-0.26108727,0
4.4575534,2.8076575,-0.85180378,0.90429366,0.42255086,0.060857296,0
0.53251505,-5.2674456,0.65025139,0.39417481,-0.88116944,0.26108727,0
-0.29913849,0.1049279,1.1600729,-0.16394821,0.21211123,0.96339494,0
-4.5077605,-1.8107004,-0.30706739,-0.90429366,-0.42255086,-0.060857296,0
1.5472007,6.2586012,-0.8200146,-0.39417481,0.88116944,-0.26108727,0
-4.1644506,-3.3780999,0.68518925,-0.90429366,-0.42255086,-0.060857296,0
0.82698488,-5.2940664,0.68066353,0.39417481,-0.88116944,0.26108727,0
3.0548983,5.1969433,-1.057452,0.90429366,0.42255086,0.060857296,0
0.3233633,4.8892846,0.10621986,-0.16394821,0.21211123,0.96339494,0
3.8944092,2.9368982,0.78796196,0.90429366,0.42255086,0.060857296,0
-3.210094,-5.2341366,0.11317348,-0.90429366,-0.42255086,-0.060857296,0
0.80750322,-4.6820378,1.8154876,0.39417481,-0.88116944,0.26108727,0
1.4620075,5.9591379,-1.6323791,-0.39417481,0.88116944,-0.26108727,0
5.2177505,0.20646524,0.84441805,0.90429366,0.42255086,0.060857296,0
0.001581192,5.3704586,-1.5024126,-0.39417481,0.88116944,-0.26108727,0
-0.7337985,-3.7374969,1.6976302,-0.16394821,0.21211123,0.96339494,0
-5.2663069,0.83099222,-0.052018166,-0.16394821,0.21211123,0.96339494,0
-5.399756,3.1957772,-0.57176495,-0.39417481,0.88116944,-0.26108727,0
0.8245275,2.327513,-1.4350331,0.16394821,-0.21211123,-0.96339494,0
3.5625143,0.39933854,1.4174514,-0.16394821,0.21211123,0.96339494,0
6.2227511,-2.13008,1.779098,0.90429366,0.42255086,0.060857296,0
-5.1771927,-0.92004323,0.04821682,-0.90429366,-0.42255086,-0.060857296,0
-1.1264162,-2.8085501,-0.79441029,0.16394821,-0.21211123,-0.96339494,0
3.819869,-3.6523314,1.2572219,0.39417481,-0.88116944,0.26108727,0
-0.91967559,2.5937002,-1.8262463,0.16394821,-0.21211123,-0.96339494,0
3.3245883,-2.9537127,2.4590409,-0.16394821,0.21211123,0.96339494,0
5.5785875,0.2025764,0.94322681,0.90429366,0.42255086,0.060857296,0
-2.6825237,0.99627715,-1.8936131,0.16394821,-0.21211123,-0.96339494,0
0.66053557,2.7823114,-1.6864221,0.16394821,-0.21211123,-0.96339494,0
1.5038118,-4.2076015,0.26807547,0.16394821,-0.21211123,-0.96339494,0
5.2707329,-3.2797656,0.50740147,0.39417481,-0.88116944,0.26108727,0
6.465519,-1.9882703,0.84543133,0.90429366,0.42255086,0.060857296,0
-3.221267,-5.0398226,0.39967585,-0.90429366,-0.42255086,-0.060857296,0
-0.49730206,-5.5653772,0.49261108,0.39417481,-0.88116944,0.26108727,0
-1.921833,2.1525819,-1.7430651,0.16394821,-0.21211123,-0.96339494,0
-3.7816415,-3.9096525,-0.21916628,-0.90429366,-0.42255086,-0.060857296,0
-5.2555609,-0.63829136,-1.1850877,-0.90429366,-0.42255086,-0.060857296,0
2.7457795,5.6911125,-0.82322145,0.90429366,0.42255086,0.060857296,0
-0.1716795,-4.6013012,2.213685,-0.16394821,0.21211123,0.96339494,0
4.4360733,2.082545,0.43681145,0.90429366,0.42255086,0.060857296,0
1.2908425,-0.95582819,1.6556911,-0.16394821,0.21211123,0.96339494,0
0.99369097,5.6371126,-1.0873818,-0.39417481,0.88116944,-0.26108727,0
-5.7611408,2.5758212,-2.2701077,-0.39417481,0.88116944,-0.26108727,0
5.8504524,-2.5439427,2.1585665,0.39417481,-0.88116944,0.26108727,0
1.1598029,-4.7259426,1.4202586,0.39417481,-0.88116944,0.26108727,0
-4.5770473,3.3444426,-0.82215166,-0.39417481,0.88116944,-0.26108727,0
2.9320464,-4.1833591,0.75056148,0.39417481,-0.88116944,0.26108727,0
-5.711833,0.32739019,-0.70039606,-0.90429366,-0.42255086,-0.060857296,0
4.7354565,2.2298112,-0.5629611,0.90429366,0.42255086,0.060857296,0
-0.39788628,1.7559456,-1.6067035,0.16394821,-0.21211123,-0.96339494,0
-2.6040792,-6.2851133,-0.11668921,0.16394821,-0.21211123,-0.96339494,0
-2.5212173,-6.1678414,1.1001635,-0.90429366,-0.42255086,-0.060857296,0
3.6863642,-3.1973186,2.3672612,0.39417481,-0.88116944,0.26108727,0
6.1979895,-1.643298,2.1286526,0.90429366,0.42255086,0.060857296,0
-2.901166,1.6052954,0.15823984,-0.16394821,0.21211123,0.96339494,0
2.466496,-4.1707044,0.4399786,0.16394821,-0.21211123,-0.96339494,0
-6.2511444,2.7239668,-0.95832539,-0.39417481,0.88116944,-0.26108727,0
-0.74313831,0.24971688,-1.2754984,0.16394821,-0.21211123,-0.96339494,0
-4.2744331,-2.4713805,-0.93774605,-0.90429366,-0.42255086,-0.060857296,0
-3.4921887,3.8143694,-1.0567665,-0.39417481,0.88116944,-0.26108727,0
-3.2680118,-4.9268255,1.2621083,-0.90429366,-0.42255086,-0.060857296,0
-3.0197518,-5.0881605,0.67843246,-0.90429366,-0.42255086,-0.060857296,0
3.9888897,3.6748528,-0.3105154,0.90429366,0.42255086,0.060857296,0
-3.265655,3.2247198,-0.21295929,-0.16394821,0.21211123,0.96339494,0
-5.4465218,0.40958881,-0.82146263,-0.90429366,-0.42255086,-0.060857296,0
-1.2692785,-6.0648632,1.0372324,0.39417481,-0.88116944,0.26108727,0
-4.3334723,3.2680259,-1.2126918,-0.39417481,0.88116944,-0.26108727,0
3.1178575,1.9818792,0.98536444,-0.16394821,0.21211123,0.96339494,0
5.2812428,-2.5239856,2.1604462,0.39417481,-0.88116944,0.26108727,0
-1.0161018,-5.5533628,2.1186423,0.39417481,-0.88116944,0.26108727,0
5.3557892,-3.0424438,0.7500658,0.39417481,-0.88116944,0.26108727,0
1.481178,-3.096962,-0.13815451,0.16394821,-0.21211123,-0.96339494,0
-3.3449879,3.9596176,-1.3860648,-0.39417481,0.88116944,-0.26108727,0
-2.2668378,1.2669694,-1.6784102,0.16394821,-0.21211123,-0.96339494,0
-3.866631,-3.6293344,1.0669584,-0.90429366,-0.42255086,-0.060857296,0
5.9318242,-1.5420177,1.8438401,0.90429366,0.42255086,0.060857296,0
-3.2619257,-4.685111,-0.26191521,-0.90429366,-0.42255086,-0.060857296,0
-4.3877106,2.9550705,-2.1769595,-0.39417481,0.88116944,-0.26108727,0
-0.63053751,-6.0371828,0.37320575,0.39417481,-0.88116944,0.26108727,0
-5.8801556,2.4779258,-2.5443764,-0.39417481,0.88116944,-0.26108727,0
-3.8681548,-3.7233047,0.62767982,-0.90429366,-0.42255086,-0.060857296,0
4.0683708,3.3450804,0.36048508,0.90429366,0.42255086,0.060857296,0
-5.1571736,-1.2446525,0.54593325,-0.90429366,-0.42255086,-0.060857296,0
-3.7538168,-0.20790839,0.51770163,-0.16394821,0.21211123,0.96339494,0
3.4536591,3.9652014,0.7925024,-0.16394821,0.21211123,0.96339494,0
4.4233513,-3.5894029,0.62928104,0.39417481,-0.88116944,0.26108727,0
4.0699248,2.7858617,-0.26053238,0.90429366,0.42255086,0.060857296,0
3.8304131,-3.823427,0.96948934,0.39417481,-0.88116944,0.26108727,0
-2.9535539,-2.3834853,1.0037661,-0.16394821,0.21211123,0.96339494,0
1.4998901,-4.0392294,0.25255871,0.16394821,-0.21211123,-0.96339494,0
-4.8741531,2.9987044,-1.7029214,-0.39417481,0.88116944,-0.26108727,0
4.7830772,1.3249514,-0.20071793,0.90429366,0.42255086,0.060857296,0
1.1938429,-4.4392996,2.084137,-0.16394821,0.21211123,0.96339494,0
-0.62843013,-1.1520264,-0.73721755,0.16394821,-0.21211123,-0.96339494,0
-3.5488706,-4.2186079,1.0487313,-0.90429366,-0.42255086,-0.060857296,0
-3.8827028,-3.2043805,-0.7420516,-0.90429366,-0.42255086,-0.060857296,0
-0.940763,-5.9656668,0.7460863,0.39417481,-0.88116944,0.26108727,0
6.0203919,-2.2070856,2.0092931,0.39417481,-0.88116944,0.26108727,0
1.7378064,-1.0931451,-0.48633802,0.16394821,-0.21211123,-0.96339494,0
1.6244593,1.4399004,1.1976626,-0.16394821,0.21211123,0.96339494,0
1.6283991,1.3234956,0.91802418,-0.16394821,0.21211123,0.96339494,0
4.9794397,-3.0226703,1.5278869,0.39417481,-0.88116944,0.26108727,0
2.6407537,-4.3376236,0.70023537,0.39417481,-0.88116944,0.26108727,0
-0.76571655,-5.3658862,2.0018363,-0.16394821,0.21211123,0.96339494,0
-1.2741833,-3.0671425,-0.72549605,0.16394821,-0.21211123,-0.96339494,0
-5.426909,-0.63000083,-0.33544588,-0.90429366,-0.42255086,-0.060857296,0
-2.419189,4.3939466,-1.1357961,-0.39417481,0.88116944,-0.26108727,0
5.1234112,0.85086083,0.70846176,0.90429366,0.42255086,0.060857296,0
2.1575716,-1.6243918,-0.33759665,0.16394821,-0.21211123,-0.96339494,0
6.3219838,-1.9605486,0.857409,0.90429366,0.42255086,0.060857296,0
-2.7879992,-6.0734329,-0.13920498,-0.90429366,-0.42255086,-0.060857296,0
4.640523,-3.1398137,1.2794838,0.39417481,-0.88116944,0.26108727,0
-5.417799,2.9764857,-0.71277428,-0.39417481,0.88116944,-0.26108727,0
3.0686469,5.5937581,-1.5768957,0.90429366,0.42255086,0.060857296,0
3.2400093,-3.493356,2.2232354,0.39417481,-0.88116944,0.26108727,0
-4.750639,2.9981694,-1.148581,-0.39417481,0.88116944,-0.26108727,0
-1.7694912,-6.0298347,2.1136534,0.39417481,-0.88116944,0.26108727,0
-3.4806647,-0.39261031,0.70957041,-0.16394821,0.21211123,0.96339494,0
2.9751954,5.3492751,-1.6466579,0.90429366,0.42255086,0.060857296,0
3.0537672,5.3128433,-1.403944,0.90429366,0.42255086,0.060857296,0
5.6147385,-2.6357565,1.7163105,0.39417481,-0.88116944,0.26108727,0
-0.56346655,5.2619257,-0.22855562,-0.39417481,0.88116944,-0.26108727,0
3.2290883,5.1884918,0.35907555,0.90429366,0.42255086,0.060857296,0
-4.9093685,-1.6564407,-0.0073246956,-0.90429366,-0.42255086,-0.060857296,0
6.1828876,-1.3580263,0.36316872,0.90429366,0.42255086,0.060857296,0
-4.969811,3.1172893,-1.0857048,-0.39417481,0.88116944,-0.26108727,0
-4.5499635,-1.9761912,0.12295151,-0.90429366,-0.42255086,-0.060857296,0
4.7423916,1.3564374,0.31859684,0.90429366,0.42255086,0.060857296,0
0.47341633,5.4419155,-1.7057574,-0.39417481,0.88116944,-0.26108727,0
-4.147841,-2.6002183,-0.14675665,-0.90429366,-0.42255086,-0.060857296,0
2.1757112,-1.6520419,-0.20291066,0.16394821,-0.21211123,-0.96339494,0
2.9125829,5.413434,-0.81702399,0.90429366,0.42255086,0.060857296,0
3.156167,-3.83077,2.0351582,0.39417481,-0.88116944,0.26108727,0
-5.0965114,3.0231001,-0.63257647,-0.39417481,0.88116944,-0.26108727,0
3.7896116,0.50000679,1.4366086,-0.16394821,0.21211123,0.96339494,0
1.1154261,5.7979121,-1.0067451,-0.39417481,0.88116944,-0.26108727,0
-0.33103848,0.18889058,-1.1029822,0.16394821,-0.21211123,-0.96339494,0
-5.2970185,2.6623807,-2.0589943,-0.39417481,0.88116944,-0.26108727,0
3.9089704,3.7134209,-0.94718695,0.90429366,0.42255086,0.060857296,0
6.0566368,-2.5824988,0.8107338,0.39417481,-0.88116944,0.26108727,0
4.1785603,-3.3691542,1.9060979,0.39417481,-0.88116944,0.26108727,0
0.34511113,-1.6589069,-0.41058099,0.16394821,-0.21211123,-0.96339494,0
-5.5754981,0.49490428,-1.5736356,-0.90429366,-0.42255086,-0.060857296,0
0.69211483,-4.8784437,1.1362524,0.39417481,-0.88116944,0.26108727,0
-2.9631658,3.6507854,-2.2079427,-0.39417481,0.88116944,-0.26108727,0
-0.27535868,-5.74158,0.55013824,0.39417481,-0.88116944,0.26108727,0
4.1526527,-3.486491,0.86386919,0.39417481,-0.88116944,0.26108727,0
2.7546778,6.2870712,-0.83635736,0.90429366,0.42255086,0.060857296,0
-3.6809108,3.333231,-1.7009268,-0.39417481,0.88116944,-0.26108727,0
-1.8089749,0.64264607,-1.665862,0.16394821,-0.21211123,-0.96339494,0
-1.5581428,0.62999511,0.78685617,-0.16394821,0.21211123,0.96339494,0
2.6899948,6.3108764,-1.7649336,-0.39417481,0.88116944,-0.26108727,0
1.5832839,-4.5708752,1.1308602,0.39417481,-0.88116944,0.26108727,0
-3.1389551,-4.9811044,0.42762041,-0.90429366,-0.42255086,-0.060857296,0
0.84465742,-5.0176406,1.084384,0.39417481,-0.88116944,0.26108727,0
-2.9766898,-4.1643128,1.451364,-0.16394821,0.21211123,0.96339494,0
5.6717453,-0.86192203,0.15420818,0.16394821,-0.21211123,-0.96339494,0
-4.3587909,0.54365611,0.11027908,-0.16394821,0.21211123,0.96339494,0
0.12565756,5.4110847,-0.76920992,-0.39417481,0.88116944,-0.26108727,0
4.8294439,1.5212756,0.62513447,0.90429366,0.42255086,0.060857296,0
2.8450456,0.99231195,1.2603106,-0.16394821,0.21211123,0.96339494,0
-3.3754265,-5.0963559,0.73494005,-0.90429366,-0.42255086,-0.060857296,0
