-2.1490774,4.8604193,-2.0966117,-0.70514363,0.69760662,-0.12695456,0
3.6940105,0.053671241,-2.8313553,0.50084007,0.36328077,-0.78561217,0
-4.0628624,3.170433,-0.58977795,-0.70514363,0.69760662,-0.12695456,0
2.6680353,1.8110659,-2.6620007,0.50084007,0.36328077,-0.78561217,0
0.4056859,2.7758965,-1.6054405,0.50192809,0.61755329,0.6055544,0
-2.6629658,4.3639565,-1.3015337,-0.70514363,0.69760662,-0.12695456,0
1.7201284,-2.5902998,-0.27545691,-0.50192809,-0.61755329,-0.6055544,0
-3.5815699,0.024622917,2.7733915,-0.50084007,-0.36328077,0.78561217,0
-0.11355448,3.7433825,-3.3051767,0.50084007,0.36328077,-0.78561217,0
-3.4969389,3.291244,-1.893826,-0.70514363,0.69760662,-0.12695456,0
-0.24439335,4.1997099,-3.3358541,0.50084007,0.36328077,-0.78561217,0
3.7725282,-2.879952,1.2199702,0.50192809,0.61755329,0.6055544,0
2.5497148,-1.3243557,-2.3538594,-0.50192809,-0.61755329,-0.6055544,0
1.6792731,-4.310359,4.3421831,-0.50084007,-0.36328077,0.78561217,0
4.7668638,-2.7957399,-2.0624943,0.70514363,-0.69760662,0.12695456,0
1.4350271,-5.2577581,2.9888699,0.70514363,-0.69760662,0.12695456,0
-3.1779857,1.7527778,-0.52443361,-0.50192809,-0.61755329,-0.6055544,0
2.7396305,-1.3589946,0.90216851,0.50192809,0.61755329,0.6055544,0
-4.2634478,2.9418292,1.1231775,-0.70514363,0.69760662,-0.12695456,0
-1.4213324,-2.3094635,3.0791755,-0.50084007,-0.36328077,0.78561217,0
1.4958854,2.2507732,-2.8612275,0.50084007,0.36328077,-0.78561217,0
2.0258994,-4.5357642,3.2846322,0.70514363,-0.69760662,0.12695456,0
-3.0355141,2.8671176,-2.2634432,-0.50192809,-0.61755329,-0.6055544,0
1.128775,0.075681031,0.84001344,0.50192809,0.61755329,0.6055544,0
1.427413,-4.9722176,3.4358046,0.70514363,-0.69760662,0.12695456,0
1.492754,1.041682,-3.5196981,0.50084007,0.36328077,-0.78561217,0
-3.2867842,3.5720272,-0.76859093,-0.70514363,0.69760662,-0.12695456,0
-2.9122357,-0.90249324,1.5142572,-0.50192809,-0.61755329,-0.6055544,0
-3.3666627,3.2782321,-1.4077444,-0.70514363,0.69760662,-0.12695456,0
3.8487639,-3.4483612,-0.84862995,0.70514363,-0.69760662,0.12695456,0
0.20983887,2.1292386,-3.801831,-0.50192809,-0.61755329,-0.6055544,0
-0.62803841,-2.4834981,3.5346968,-0.50084007,-0.36328077,0.78561217,0
-4.0236893,0.98525441,2.912241,-0.50084007,-0.36328077,0.78561217,0
2.363786,1.8291556,-2.7596345,0.50084007,0.36328077,-0.78561217,0
3.5715523,-3.4643683,-0.84700441,0.70514363,-0.69760662,0.12695456,0
4.4686275,-2.4298043,0.42846203,0.70514363,-0.69760662,0.12695456,0
-0.56101847,-2.6949463,3.695194,-0.50084007,-0.36328077,0.78561217,0
-4.3991432,1.7463741,3.2025976,-0.50084007,-0.36328077,0.78561217,0
0.63471699,-3.8577797,3.5984201,-0.50084007,-0.36328077,0.78561217,0
3.1224146,-4.0208797,-0.20299196,0.70514363,-0.69760662,0.12695456,0
-2.0293841,4.8982134,-1.6461186,-0.70514363,0.69760662,-0.12695456,0
-3.95397,3.1213815,-0.402493,-0.70514363,0.69760662,-0.12695456,0
0.0025552511,-0.32916823,-1.5889256,-0.50192809,-0.61755329,-0.6055544,0
4.0522184,0.087818146,-2.4250541,0.50084007,0.36328077,-0.78561217,0
-3.7501907,-0.56969798,2.3625281,-0.50084007,-0.36328077,0.78561217,0
5.109313,-2.4807377,-2.8249307,0.50084007,0.36328077,-0.78561217,0
2.2253075,-4.5318484,3.3818755,0.70514363,-0.69760662,0.12695456,0
-2.3484471,-2.1537077,2.7650599,-0.50084007,-0.36328077,0.78561217,0
-4.5642567,2.7351637,0.67824078,-0.70514363,0.69760662,-0.12695456,0
3.3268123,-3.2271018,1.6661592,0.70514363,-0.69760662,0.12695456,0
1.2673173,-2.4555438,3.2042654,0.50192809,0.61755329,0.6055544,0
5.1281443,-2.5628061,-2.1430764,0.70514363,-0.69760662,0.12695456,0
-1.0228658,-3.2849865,3.0605097,-0.50084007,-0.36328077,0.78561217,0
3.7664151,0.060354114,-2.5158038,0.50084007,0.36328077,-0.78561217,0
4.7888908,-0.8946408,-2.6336799,0.50084007,0.36328077,-0.78561217,0
-4.9394436,2.7287149,2.7789941,-0.70514363,0.69760662,-0.12695456,0
-2.0686431,4.6633019,-2.5359745,-0.70514363,0.69760662,-0.12695456,0
-0.27523756,3.9991982,-3.4444628,0.50084007,0.36328077,-0.78561217,0
1.825809,2.2994509,-2.9789648,0.50084007,0.36328077,-0.78561217,0
0.21921635,3.8318276,-2.9328842,0.50084007,0.36328077,-0.78561217,0
4.4389386,-2.8801923,-1.8023505,0.70514363,-0.69760662,0.12695456,0
-0.96594024,3.8409944,-1.6568387,0.50192809,0.61755329,0.6055544,0
-2.3085556,2.2321148,-1.8140812,-0.50192809,-0.61755329,-0.6055544,0
1.6339293,-4.4333453,3.9149318,-0.50084007,-0.36328077,0.78561217,0
2.537771,2.1696129,-2.6617603,0.50084007,0.36328077,-0.78561217,0
-5.0216465,2.5024996,2.865828,-0.70514363,0.69760662,-0.12695456,0
-3.7561195,3.500977,-0.075778484,-0.70514363,0.69760662,-0.12695456,0
2.275928,-2.659291,2.4271097,0.50192809,0.61755329,0.6055544,0
-4.1809726,-0.51331568,2.1623662,-0.50084007,-0.36328077,0.78561217,0
0.41552019,3.0829487,-3.39113,0.50084007,0.36328077,-0.78561217,0
1.6839228,-4.7212987,3.7608311,0.70514363,-0.69760662,0.12695456,0
4.4993658,-0.53692317,-2.3537509,0.50084007,0.36328077,-0.78561217,0
-0.96283102,2.4593563,-3.5215824,-0.50192809,-0.61755329,-0.6055544,0
0.085199356,-3.1803956,3.5318646,-0.50084007,-0.36328077,0.78561217,0
5.3277426,-1.9326948,-0.96383905,0.70514363,-0.69760662,0.12695456,0
2.2576282,-4.1658449,2.4838617,0.70514363,-0.69760662,0.12695456,0
-2.8133812,0.038734198,3.459389,-0.50084007,-0.36328077,0.78561217,0
1.1340704,1.3324052,-3.6817465,0.50084007,0.36328077,-0.78561217,0
2.0477641,1.6318946,-1.8029214,0.50192809,0.61755329,0.6055544,0
-0.93634725,2.7150881,-0.58727586,0.50192809,0.61755329,0.6055544,0
3.1214051,-3.7656355,0.25358343,0.70514363,-0.69760662,0.12695456,0
1.088563,3.2461686,-2.3245161,0.50192809,0.61755329,0.6055544,0
2.4505646,-4.1596155,1.4851482,0.70514363,-0.69760662,0.12695456,0
3.5491631,-2.6146743,-2.0657234,-0.50192809,-0.61755329,-0.6055544,0
-4.2831259,0.90717363,0.77981949,-0.50192809,-0.61755329,-0.6055544,0
-2.3011928,4.5923243,-2.8007274,-0.70514363,0.69760662,-0.12695456,0
-2.4836917,4.1587968,-3.9657712,-0.70514363,0.69760662,-0.12695456,0
-0.93719959,0.92470175,1.6592672,0.50192809,0.61755329,0.6055544,0
-4.5887918,2.4457328,-0.21356535,-0.70514363,0.69760662,-0.12695456,0
3.4381356,-1.2387772,-3.0496225,-0.50192809,-0.61755329,-0.6055544,0
-2.9197006,-1.4893938,2.2022066,-0.50192809,-0.61755329,-0.6055544,0
-4.1297793,2.8943396,-0.26341295,-0.70514363,0.69760662,-0.12695456,0
4.9209342,-1.1106271,-2.3437638,0.50084007,0.36328077,-0.78561217,0
2.0235431,1.6463985,-2.8822792,0.50084007,0.36328077,-0.78561217,0
0.029531717,0.38958907,-2.3391156,-0.50192809,-0.61755329,-0.6055544,0
0.009115696,-1.8085606,3.2777572,0.50192809,0.61755329,0.6055544,0
-3.5156045,3.5857387,-1.2635036,-0.70514363,0.69760662,-0.12695456,0
-2.4823833,-0.83789611,1.3062249,-0.50192809,-0.61755329,-0.6055544,0
1.1637713,1.4075381,-1.0418004,0.50192809,0.61755329,0.6055544,0
5.2625775,-2.272445,-2.5863829,0.50084007,0.36328077,-0.78561217,0
1.4496136,-4.867887,3.7975776,-0.50084007,-0.36328077,0.78561217,0
-1.09381,0.76048285,1.8801262,0.50192809,0.61755329,0.6055544,0
5.2595239,-0.53440571,-2.2372341,0.50084007,0.36328077,-0.78561217,0
-4.9062271,1.9613596,2.7939401,-0.50084007,-0.36328077,0.78561217,0
-0.037486076,-3.236635,1.8411858,-0.50192809,-0.61755329,-0.6055544,0
-3.1939323,-1.1793493,2.230783,-0.50192809,-0.61755329,-0.6055544,0
0.34448791,-1.2547768,2.562501,0.50192809,0.61755329,0.6055544,0
1.9420197,-4.8804874,1.9621994,0.70514363,-0.69760662,0.12695456,0
-4.2594762,2.9158511,-0.25169182,-0.70514363,0.69760662,-0.12695456,0
1.009712,0.61011988,-3.2915981,-0.50192809,-0.61755329,-0.6055544,0
1.2335258,-2.213675,-0.25420594,-0.50192809,-0.61755329,-0.6055544,0
0.89829254,2.0045125,-3.8428288,0.50084007,0.36328077,-0.78561217,0
-2.1626298,1.9961348,1.1931448,0.50192809,0.61755329,0.6055544,0
2.2635207,-2.3695796,-1.1470351,-0.50192809,-0.61755329,-0.6055544,0
0.98278338,-2.2325292,0.065787435,-0.50192809,-0.61755329,-0.6055544,0
-2.9399052,3.4315147,-2.8964226,-0.50192809,-0.61755329,-0.6055544,0
-4.4215698,2.9755986,2.3215671,-0.70514363,0.69760662,-0.12695456,0
-0.45158005,4.9487209,-3.0824442,0.50084007,0.36328077,-0.78561217,0
0.98231077,0.53780764,0.0053741932,0.50192809,0.61755329,0.6055544,0
-3.2133155,3.560148,-1.3844285,-0.70514363,0.69760662,-0.12695456,0
-2.814832,4.1955738,-1.6021633,-0.70514363,0.69760662,-0.12695456,0
2.1840792,-4.371861,3.2042933,0.70514363,-0.69760662,0.12695456,0
0.94585311,-0.79173636,-1.3766122,-0.50192809,-0.61755329,-0.6055544,0
-5.3102317,2.4667273,2.6051898,-0.70514363,0.69760662,-0.12695456,0
2.2257986,-4.5894494,1.9245553,0.70514363,-0.69760662,0.12695456,0
-3.5417857,0.89607131,0.66962957,-0.50192809,-0.61755329,-0.6055544,0
-5.2781849,2.4077652,1.6448822,-0.70514363,0.69760662,-0.12695456,0
-0.26777983,-1.9442472,3.8502131,-0.50084007,-0.36328077,0.78561217,0
4.2250986,-0.35028815,-1.3270969,0.50192809,0.61755329,0.6055544,0
-0.15559387,-3.866704,3.1190264,-0.50084007,-0.36328077,0.78561217,0
1.2456737,-0.036272347,0.51736641,0.50192809,0.61755329,0.6055544,0
0.69029713,-2.451601,3.3493452,0.50192809,0.61755329,0.6055544,0
-0.92753172,4.983726,-3.2305336,0.50084007,0.36328077,-0.78561217,0
1.3920398,-4.3823175,3.8060393,-0.50084007,-0.36328077,0.78561217,0
-5.8349471,1.4552634,1.7470608,-0.70514363,0.69760662,-0.12695456,0
-0.029486179,2.4487014,-3.7479844,0.50084007,0.36328077,-0.78561217,0
-4.6938763,1.6875913,2.9150562,-0.50084007,-0.36328077,0.78561217,0
-4.6135473,2.1502197,-0.036087513,-0.50192809,-0.61755329,-0.6055544,0
0.99882174,2.5267591,-3.2963123,0.50084007,0.36328077,-0.78561217,0
1.2863134,0.64386296,-0.24283946,0.50192809,0.61755329,0.6055544,0
0.17486477,4.0561514,-3.1886578,0.50084007,0.36328077,-0.78561217,0
5.1610293,-2.4060144,-2.5211892,0.70514363,-0.69760662,0.12695456,0
-0.075562,-3.8184152,3.2094777,-0.50084007,-0.36328077,0.78561217,0
4.0995846,-0.69653821,-0.91299725,0.50192809,0.61755329,0.6055544,0
1.495769,-5.1251802,2.979229,0.70514363,-0.69760662,0.12695456,0
-5.4842391,2.1590757,1.3700557,-0.70514363,0.69760662,-0.12695456,0
1.3252707,-4.3540449,3.8332067,-0.50084007,-0.36328077,0.78561217,0
-4.9211235,1.0684003,2.2043986,-0.50084007,-0.36328077,0.78561217,0
5.5618057,-1.8484046,-1.7982349,0.70514363,-0.69760662,0.12695456,0
2.0997405,1.7566378,-2.7115443,0.50084007,0.36328077,-0.78561217,0
0.66751242,2.4847949,-3.419178,0.50084007,0.36328077,-0.78561217,0
-1.9790072,-2.4395328,2.8231254,-0.50084007,-0.36328077,0.78561217,0
1.5158238,1.4004514,-3.5835252,0.50084007,0.36328077,-0.78561217,0
-0.24063206,-4.1230021,2.9685326,-0.50192809,-0.61755329,-0.6055544,0
2.5480452,-4.0167217,0.32493067,-0.50192809,-0.61755329,-0.6055544,0
-5.3315029,1.9623975,1.639204,-0.70514363,0.69760662,-0.12695456,0
-3.016144,3.942205,-2.097321,-0.70514363,0.69760662,-0.12695456,0
3.4647846,-3.7367141,-0.13587284,0.70514363,-0.69760662,0.12695456,0
0.53480148,-0.73718631,1.9422568,0.50192809,0.61755329,0.6055544,0
-3.4294198,0.31859362,0.9655807,-0.50192809,-0.61755329,-0.6055544,0
4.1206474,-1.0211153,-3.1205342,0.50084007,0.36328077,-0.78561217,0
5.1567349,-1.509922,-2.3201909,0.50084007,0.36328077,-0.78561217,0
-2.7577994,-1.5909389,2.772541,-0.50084007,-0.36328077,0.78561217,0
-1.5419641,4.3833413,-3.9667873,0.50084007,0.36328077,-0.78561217,0
3.7174268,0.1368978,-1.7518771,0.50192809,0.61755329,0.6055544,0
-2.3555198,4.2459211,-3.6251709,-0.70514363,0.69760662,-0.12695456,0
0.41882229,-0.78835762,2.146071,0.50192809,0.61755329,0.6055544,0
-2.3911705,4.3417611,-1.7863741,-0.70514363,0.69760662,-0.12695456,0
-2.4737771,-1.5839906,2.9562118,-0.50084007,-0.36328077,0.78561217,0
-2.7824116,-1.2266018,1.9480124,-0.50192809,-0.61755329,-0.6055544,0
-4.923985,1.3136414,2.6160817,-0.50084007,-0.36328077,0.78561217,0
-4.8808479,0.90109682,2.4990335,-0.50084007,-0.36328077,0.78561217,0
-0.08671093,2.9026599,-0.98606825,0.50192809,0.61755329,0.6055544,0
-4.8507948,2.2594137,0.7967658,-0.70514363,0.69760662,-0.12695456,0
-5.3803229,2.0684023,1.1655903,-0.70514363,0.69760662,-0.12695456,0
0.48939943,-3.2375407,4.0475659,-0.50084007,-0.36328077,0.78561217,0
2.4770467,-3.4095862,3.0656238,0.50192809,0.61755329,0.6055544,0
-4.7038321,2.7391675,1.7921391,-0.70514363,0.69760662,-0.12695456,0
2.5950179,-0.66487551,0.11111212,0.50192809,0.61755329,0.6055544,0
-4.6260095,2.6814187,2.1575556,-0.70514363,0.69760662,-0.12695456,0
5.8839302,-1.6046309,-2.1829853,0.50084007,0.36328077,-0.78561217,0
-3.9250162,3.1743205,-0.88867283,-0.70514363,0.69760662,-0.12695456,0
-0.34789652,0.73144877,1.2695439,0.50192809,0.61755329,0.6055544,0
-4.9110117,1.1103556,2.6059136,-0.50084007,-0.36328077,0.78561217,0
2.1524384,-2.2609315,1.8829913,0.50192809,0.61755329,0.6055544,0
-1.3575711,4.069356,-4.0801039,0.50084007,0.36328077,-0.78561217,0
1.2586889,-4.5875363,3.6253319,-0.50084007,-0.36328077,0.78561217,0
1.402915,-5.1264668,2.8840289,0.70514363,-0.69760662,0.12695456,0
3.5368798,-2.2093062,0.7701683,0.50192809,0.61755329,0.6055544,0
-5.048244,2.0463431,0.76016235,-0.70514363,0.69760662,-0.12695456,0
-1.4104633,-1.8872591,3.2880831,-0.50084007,-0.36328077,0.78561217,0
4.8174477,-2.4230483,-2.0412745,0.70514363,-0.69760662,0.12695456,0
4.8934016,-2.1501555,-0.51824379,0.70514363,-0.69760662,0.12695456,0
0.55132866,-3.2321486,1.2896738,-0.50192809,-0.61755329,-0.6055544,0
0.23206139,-3.1355419,3.9939375,-0.50084007,-0.36328077,0.78561217,0
-5.2477741,2.1343141,2.7525811,-0.50084007,-0.36328077,0.78561217,0
-2.4679351,4.0688171,-3.3197019,-0.70514363,0.69760662,-0.12695456,0
-3.5702574,3.5252361,-0.15621567,-0.70514363,0.69760662,-0.12695456,0
3.3092232,-0.68747842,-3.2405326,0.50084007,0.36328077,-0.78561217,0
-0.32410955,2.7934303,-4.1328373,0.50084007,0.36328077,-0.78561217,0
0.21269894,3.3247001,-1.7881359,0.50192809,0.61755329,0.6055544,0
4.4079676,-2.869766,-2.0837541,-0.50192809,-0.61755329,-0.6055544,0
0.76203632,3.1317806,-3.3161488,0.50084007,0.36328077,-0.78561217,0
-2.9602122,2.4826777,1.447598,0.50192809,0.61755329,0.6055544,0
0.95587826,-0.95844281,-1.4041939,-0.50192809,-0.61755329,-0.6055544,0
1.4152679,1.6117903,-3.5559158,0.50084007,0.36328077,-0.78561217,0
0.13215649,-1.5956211,-0.12545991,-0.50192809,-0.61755329,-0.6055544,0
1.8511767,-4.2514434,4.0840769,-0.50084007,-0.36328077,0.78561217,0
1.8006268,-5.0381603,2.2304711,0.70514363,-0.69760662,0.12695456,0
3.4395947,-3.6110268,1.1705351,0.70514363,-0.69760662,0.12695456,0
0.038405657,-0.028428674,1.9677441,0.50192809,0.61755329,0.6055544,0
-1.8882456,4.7951298,-2.1809833,-0.70514363,0.69760662,-0.12695456,0
2.5047026,-4.2821345,1.973546,0.70514363,-0.69760662,0.12695456,0
0.48479986,-2.3424618,0.16152263,-0.50192809,-0.61755329,-0.6055544,0
-3.4804251,-0.84257054,2.5565739,-0.50084007,-0.36328077,0.78561217,0
1.7409387,0.98043132,-3.5845082,0.50084007,0.36328077,-0.78561217,0
1.918611,-4.7745266,4.0173874,0.70514363,-0.69760662,0.12695456,0
-1.0191822,2.1517894,-3.0204473,-0.50192809,-0.61755329,-0.6055544,0
4.2234106,-1.4194397,-3.2591941,0.50084007,0.36328077,-0.78561217,0
2.5303533,-3.9722779,1.9685571,0.70514363,-0.69760662,0.12695456,0
0.28883696,-4.0610695,3.1904442,-0.50084007,-0.36328077,0.78561217,0
4.3932967,-2.7723351,-0.26158237,0.70514363,-0.69760662,0.12695456,0
-3.2860601,-0.62599838,1.4778194,-0.50192809,-0.61755329,-0.6055544,0
-0.67635918,-3.6733537,2.344574,-0.50192809,-0.61755329,-0.6055544,0
-3.4990597,-0.90383458,2.5022285,-0.50084007,-0.36328077,0.78561217,0
2.7249291,-3.9633446,1.1604075,0.70514363,-0.69760662,0.12695456,0
3.1441648,-0.58624184,-0.37025237,0.50192809,0.61755329,0.6055544,0
5.8249512,-1.6620145,-2.3369918,0.50084007,0.36328077,-0.78561217,0
0.78209019,-4.6234446,3.4637389,-0.50084007,-0.36328077,0.78561217,0
5.4572725,-2.2465677,-2.7402472,0.70514363,-0.69760662,0.12695456,0
-1.3197656,4.3660932,-3.9386435,0.50084007,0.36328077,-0.78561217,0
4.5585942,-2.6004598,0.10159492,0.70514363,-0.69760662,0.12695456,0
4.9705086,-0.94334364,-2.2058606,0.50084007,0.36328077,-0.78561217,0
4.3911552,-2.6653011,-2.4753561,-0.50192809,-0.61755329,-0.6055544,0
-1.6974688,5.0620146,-2.3854234,-0.70514363,0.69760662,-0.12695456,0
3.8306558,-2.927789,1.1104136,0.70514363,-0.69760662,0.12695456,0
4.0641589,-1.3358965,-0.070521832,0.50192809,0.61755329,0.6055544,0
2.1218314,-2.5692155,2.5231569,0.50192809,0.61755329,0.6055544,0
3.3781595,-2.1229527,1.0416532,0.50192809,0.61755329,0.6055544,0
3.0541186,-3.8160422,2.4337378,0.70514363,-0.69760662,0.12695456,0
-1.6159797,5.0528064,-3.0114996,-0.70514363,0.69760662,-0.12695456,0
-2.6438901,3.1379018,-2.6019065,-0.50192809,-0.61755329,-0.6055544,0
-0.20082474,0.20758796,-1.9244285,-0.50192809,-0.61755329,-0.6055544,0
1.9279771,2.131737,-2.9216425,0.50084007,0.36328077,-0.78561217,0
-3.5564475,1.3636792,3.2161763,-0.50084007,-0.36328077,0.78561217,0
2.350173,-4.3288779,1.188452,0.70514363,-0.69760662,0.12695456,0
-0.12273884,-3.9702458,3.1454382,-0.50084007,-0.36328077,0.78561217,0
4.0625081,-1.8556932,0.30667019,0.50192809,0.61755329,0.6055544,0
5.8177695,-1.3646042,-1.8256993,0.50192809,0.61755329,0.6055544,0
-0.41798925,-1.1801208,-0.027953202,-0.50192809,-0.61755329,-0.6055544,0
-1.4614832,0.35979131,2.6458201,0.50192809,0.61755329,0.6055544,0
2.0916569,0.79836577,-3.2892833,0.50084007,0.36328077,-0.78561217,0
-4.1496687,2.1243911,3.142962,0.50192809,0.61755329,0.6055544,0
-2.4911439,-0.55521137,3.4100986,-0.50084007,-0.36328077,0.78561217,0
1.5629401,2.6650052,-2.7695622,0.50084007,0.36328077,-0.78561217,0
5.3653078,-1.0853951,-2.2992373,0.50084007,0.36328077,-0.78561217,0
1.9760041,-3.8747725,4.0488892,0.50192809,0.61755329,0.6055544,0
5.4021692,-2.018465,-1.7374268,0.70514363,-0.69760662,0.12695456,0
2.1503935,-0.76420695,0.49510741,0.50192809,0.61755329,0.6055544,0
-0.56441206,-0.73458886,-0.62904131,-0.50192809,-0.61755329,-0.6055544,0
-2.003885,0.51892686,2.5201678,0.50192809,0.61755329,0.6055544,0
1.4585476,-4.7962856,3.7080407,-0.50084007,-0.36328077,0.78561217,0
2.3608885,-4.3125043,2.9679296,0.70514363,-0.69760662,0.12695456,0
-4.5623584,0.18287134,2.2630532,-0.50084007,-0.36328077,0.78561217,0
-0.1389184,1.1451775,-2.7863379,-0.50192809,-0.61755329,-0.6055544,0
-4.59833,2.904397,1.2669744,-0.70514363,0.69760662,-0.12695456,0
3.6074507,0.33574486,-2.823734,0.50084007,0.36328077,-0.78561217,0
-5.1669545,2.410845,1.9856639,-0.70514363,0.69760662,-0.12695456,0
-2.6095026,1.3974055,2.2592225,0.50192809,0.61755329,0.6055544,0
-0.32019818,0.31527135,-1.4293032,-0.50192809,-0.61755329,-0.6055544,0
-2.4798739,4.1122665,-1.4983597,-0.70514363,0.69760662,-0.12695456,0
-3.366993,3.6540151,-0.55433702,-0.70514363,0.69760662,-0.12695456,0
-1.3837419,-2.0815952,3.0811009,-0.50084007,-0.36328077,0.78561217,0
-4.1009512,3.0361032,1.2897472,-0.70514363,0.69760662,-0.12695456,0
-2.3719459,4.2843294,-2.3736718,-0.70514363,0.69760662,-0.12695456,0
-2.066972,1.0871248,2.3975749,0.50192809,0.61755329,0.6055544,0
0.88967115,0.97147369,-0.19883689,0.50192809,0.61755329,0.6055544,0
-1.5519571,-1.0885895,3.6826115,-0.50084007,-0.36328077,0.78561217,0
1.3359795,-3.5991638,4.2669291,-0.50084007,-0.36328077,0.78561217,0
-2.6056488,0.81671202,-0.57732129,-0.50192809,-0.61755329,-0.6055544,0
2.9562187,-3.826762,0.62507772,0.70514363,-0.69760662,0.12695456,0
-0.076521397,-2.3969822,4.0718489,-0.50084007,-0.36328077,0.78561217,0
1.6261759,-4.7249689,3.7696755,0.70514363,-0.69760662,0.12695456,0
-3.4821038,-0.38325703,2.8695548,-0.50084007,-0.36328077,0.78561217,0
-0.65935755,3.9425359,-3.876766,0.50084007,0.36328077,-0.78561217,0
-1.8621426,-0.34030449,3.3034315,0.50192809,0.61755329,0.6055544,0
3.4427824,-3.4922431,-0.37313366,0.70514363,-0.69760662,0.12695456,0
5.8277707,-1.5493429,-1.8159485,0.70514363,-0.69760662,0.12695456,0
-2.3126733,3.1838017,-3.2963686,-0.50192809,-0.61755329,-0.6055544,0
0.69178534,-4.3734264,3.5797482,-0.50084007,-0.36328077,0.78561217,0
-1.583004,4.9952955,-3.6031704,-0.70514363,0.69760662,-0.12695456,0
1.1325111,-5.0810871,3.6015768,-0.50084007,-0.36328077,0.78561217,0
0.080557346,-2.8652101,3.9078388,-0.50084007,-0.36328077,0.78561217,0
-0.5466013,4.0228243,-3.7347498,0.50084007,0.36328077,-0.78561217,0
2.238627,-4.3971362,1.820703,0.70514363,-0.69760662,0.12695456,0
-1.3404956,5.2573204,-3.2864611,-0.70514363,0.69760662,-0.12695456,0
-4.6913733,1.7920446,3.0582638,-0.50084007,-0.36328077,0.78561217,0
-2.6850381,3.3082402,-2.4920635,-0.50192809,-0.61755329,-0.6055544,0
2.7408786,0.072317719,-0.73485446,0.50192809,0.61755329,0.6055544,0
0.5101614,-4.4679112,3.5309455,-0.50084007,-0.36328077,0.78561217,0
2.0815172,2.5342593,-2.5923915,0.50084007,0.36328077,-0.78561217,0
-1.8951454,-0.56759858,0.47792077,-0.50192809,-0.61755329,-0.6055544,0
1.3210238,0.58586693,0.018800497,0.50192809,0.61755329,0.6055544,0
0.92265224,2.3345585,-3.568254,0.50084007,0.36328077,-0.78561217,0
-1.4881949,-1.4842595,3.5419321,-0.50084007,-0.36328077,0.78561217,0
-0.055762053,2.9873562,-1.1902351,0.50192809,0.61755329,0.6055544,0
2.8354006,1.6012468,-2.7277617,0.50084007,0.36328077,-0.78561217,0
-1.3914924,-3.3902378,2.7643747,-0.50084007,-0.36328077,0.78561217,0
-1.4832468,-3.2306442,2.8181777,-0.50084007,-0.36328077,0.78561217,0
0.20182753,-3.4111018,1.6456821,-0.50192809,-0.61755329,-0.6055544,0
1.2598596,-4.5275869,3.9972725,-0.50084007,-0.36328077,0.78561217,0
-2.7664633,-1.2630564,1.63427,-0.50192809,-0.61755329,-0.6055544,0
1.5900719,0.46700335,-0.4050231,0.50192809,0.61755329,0.6055544,0
-3.1228058,-1.0325364,2.6156101,-0.50084007,-0.36328077,0.78561217,0
0.52614927,1.9023626,-4.0340962,0.50084007,0.36328077,-0.78561217,0
3.7761455,-3.3236504,1.1858735,0.70514363,-0.69760662,0.12695456,0
4.9920101,-2.8538537,-2.882597,0.70514363,-0.69760662,0.12695456,0
-1.4502158,-0.9008466,3.6000416,0.50192809,0.61755329,0.6055544,0
-1.6138972,3.7338219,-0.57723355,0.50192809,0.61755329,0.6055544,0
-5.1813726,2.1054559,2.9634523,-0.50084007,-0.36328077,0.78561217,0
-1.2801428,5.2185316,-3.1698513,-0.70514363,0.69760662,-0.12695456,0
-0.96713161,-1.7409501,3.4575491,-0.50084007,-0.36328077,0.78561217,0
-1.4731216,-1.0646721,3.7671952,-0.50084007,-0.36328077,0.78561217,0
5.2833986,-0.62212396,-2.1807442,0.50084007,0.36328077,-0.78561217,0
-4.0131884,0.93298507,2.7639689,-0.50084007,-0.36328077,0.78561217,0
-4.5116305,1.1108482,2.6772363,-0.50084007,-0.36328077,0.78561217,0
-3.6362314,-0.028017163,2.5905018,-0.50084007,-0.36328077,0.78561217,0
-2.9395375,2.8998995,1.054956,0.50192809,0.61755329,0.6055544,0
4.836915,-0.91458845,-2.2173448,0.50084007,0.36328077,-0.78561217,0
0.093832016,-4.7620955,2.8551133,-0.50192809,-0.61755329,-0.6055544,0
1.6284823,-2.9002137,0.26095033,-0.50192809,-0.61755329,-0.6055544,0
3.0809684,-3.6149497,2.7897239,0.70514363,-0.69760662,0.12695456,0
-4.0983315,2.8318548,-0.86970711,-0.70514363,0.69760662,-0.12695456,0
2.1809361,-2.9390326,-0.53575039,-0.50192809,-0.61755329,-0.6055544,0
-2.6649234,3.2782629,-2.4920862,-0.50192809,-0.61755329,-0.6055544,0
1.1856294,2.315352,-3.2932549,0.50084007,0.36328077,-0.78561217,0
-1.7995496,4.5383749,-3.4745855,-0.70514363,0.69760662,-0.12695456,0
-3.1244636,0.5025599,3.2571199,-0.50084007,-0.36328077,0.78561217,0
-2.7991824,1.5813586,-0.94246697,-0.50192809,-0.61755329,-0.6055544,0
1.5057635,0.64442009,-3.4543548,-0.50192809,-0.61755329,-0.6055544,0
-0.366745,4.6643882,-3.1470966,0.50084007,0.36328077,-0.78561217,0
-3.901535,0.049909711,2.5867691,-0.50084007,-0.36328077,0.78561217,0
3.4746909,-3.615917,1.2886705,0.70514363,-0.69760662,0.12695456,0
-4.1617374,2.9487498,1.0329227,-0.70514363,0.69760662,-0.12695456,0
-4.1223526,3.0375066,-0.82029819,-0.70514363,0.69760662,-0.12695456,0
-3.7159255,0.067390203,2.7746282,-0.50084007,-0.36328077,0.78561217,0
-2.5090463,-2.2333438,2.6987734,-0.50084007,-0.36328077,0.78561217,0
2.7514875,-0.27852762,-3.5931125,0.50084007,0.36328077,-0.78561217,0
1.130147,-5.3337054,3.121345,-0.50084007,-0.36328077,0.78561217,0
3.2734599,-0.88626957,-0.1204648,0.50192809,0.61755329,0.6055544,0
5.0063119,-1.9666932,-0.39567614,0.70514363,-0.69760662,0.12695456,0
-4.067976,1.8685923,3.3840714,-0.50084007,-0.36328077,0.78561217,0
2.7624774,-3.9638886,1.5415514,0.70514363,-0.69760662,0.12695456,0
-0.3208971,3.13238,-3.6329865,0.50084007,0.36328077,-0.78561217,0
-3.2896185,0.11520791,3.1881576,-0.50084007,-0.36328077,0.78561217,0
-2.1984196,4.2745543,-2.8519683,-0.70514363,0.69760662,-0.12695456,0
-2.3453903,4.0749154,-2.9689853,-0.70514363,0.69760662,-0.12695456,0
-1.0870824,3.1397195,-3.8352683,-0.50192809,-0.61755329,-0.6055544,0
1.332263,-4.4701295,3.7839422,-0.50084007,-0.36328077,0.78561217,0
4.6294184,-2.6760144,-2.505547,0.70514363,-0.69760662,0.12695456,0
-2.8027303,3.7269483,-2.5772302,-0.70514363,0.69760662,-0.12695456,0
1.8226957,-4.9522057,3.0611465,0.70514363,-0.69760662,0.12695456,0
1.3970832,-2.5524249,-0.34418917,-0.50192809,-0.61755329,-0.6055544,0
-1.6084201,-1.871155,1.3562937,-0.50192809,-0.61755329,-0.6055544,0
0.96658039,-3.8395293,4.1092439,-0.50084007,-0.36328077,0.78561217,0
0.063554287,-2.8559246,4.041203,-0.50084007,-0.36328077,0.78561217,0
-4.246788,0.51447439,2.7020421,-0.50084007,-0.36328077,0.78561217,0
0.232584,-1.7500451,3.2732415,0.50192809,0.61755329,0.6055544,0
-5.3113914,2.1778395,1.8447356,-0.70514363,0.69760662,-0.12695456,0
2.1425247,0.94282353,-1.3947483,0.50192809,0.61755329,0.6055544,0
1.4319458,2.8536456,-2.7528751,0.50084007,0.36328077,-0.78561217,0
4.6241341,0.032063007,-2.104856,0.50192809,0.61755329,0.6055544,0
2.3538988,-1.2077496,0.96425009,0.50192809,0.61755329,0.6055544,0
-1.5876157,0.71437395,-0.79401469,-0.50192809,-0.61755329,-0.6055544,0
-3.0180483,3.6276438,-1.8985193,-0.70514363,0.69760662,-0.12695456,0
0.39381504,-4.5276108,3.4375296,-0.50084007,-0.36328077,0.78561217,0
-3.0563345,2.9033639,0.9014473,0.50192809,0.61755329,0.6055544,0
4.7039938,-1.4474549,-0.61203241,0.50192809,0.61755329,0.6055544,0
1.8607216,-3.4124727,3.5431983,0.50192809,0.61755329,0.6055544,0
0.39947724,-1.9752603,-0.21514153,-0.50192809,-0.61755329,-0.6055544,0
-0.29880452,-0.021238506,-1.5522242,-0.50192809,-0.61755329,-0.6055544,0
0.53337193,-3.0584085,3.8659306,-0.50084007,-0.36328077,0.78561217,0
2.3944364,-4.5319643,2.1797252,0.70514363,-0.69760662,0.12695456,0
4.7554798,-2.1390533,-3.0150938,0.50084007,0.36328077,-0.78561217,0
2.306818,-3.6223958,3.7107992,0.50192809,0.61755329,0.6055544,0
-2.7102218,-1.3639003,2.8187437,-0.50084007,-0.36328077,0.78561217,0
-2.0867219,0.085909069,3.0496337,0.50192809,0.61755329,0.6055544,0
-5.3956342,1.7197058,1.2656584,-0.70514363,0.69760662,-0.12695456,0
4.6513195,-2.8063455,-1.3921189,0.70514363,-0.69760662,0.12695456,0
2.1041398,-2.4229519,-1.0679376,-0.50192809,-0.61755329,-0.6055544,0
0.60255671,-1.35272,-1.0466309,-0.50192809,-0.61755329,-0.6055544,0
-0.81454134,4.1485038,-3.9291966,0.50084007,0.36328077,-0.78561217,0
-2.5285428,3.9478087,-0.21969032,0.50192809,0.61755329,0.6055544,0
2.1987543,-4.1884656,3.6095145,0.70514363,-0.69760662,0.12695456,0
-2.2027864,4.1662211,-3.6576085,-0.70514363,0.69760662,-0.12695456,0
-4.1313953,-0.32871222,2.4508052,-0.50084007,-0.36328077,0.78561217,0
-2.5079985,4.2105761,-3.6546001,-0.70514363,0.69760662,-0.12695456,0
0.43186748,-0.99338961,-0.84392363,-0.50192809,-0.61755329,-0.6055544,0
-1.4971123,5.0107379,-2.3734641,-0.70514363,0.69760662,-0.12695456,0
-5.7398186,1.5893476,2.0938096,-0.70514363,0.69760662,-0.12695456,0
-0.38445568,-2.4634876,3.4582901,-0.50084007,-0.36328077,0.78561217,0
3.5633314,-2.8874166,-1.3717494,-0.50192809,-0.61755329,-0.6055544,0
-2.0797672,-0.20667827,0.18415022,-0.50192809,-0.61755329,-0.6055544,0
2.8401306,-3.9812014,2.0700436,0.70514363,-0.69760662,0.12695456,0
-0.52903461,-1.7203598,3.9550509,-0.50084007,-0.36328077,0.78561217,0
1.8683937,-0.92962795,-2.4360261,-0.50192809,-0.61755329,-0.6055544,0
4.5487761,-2.0862861,-2.9657555,-0.50192809,-0.61755329,-0.6055544,0
2.1551275,-4.6757441,3.2723637,0.70514363,-0.69760662,0.12695456,0
-3.0282903,4.0825949,-0.86243439,-0.70514363,0.69760662,-0.12695456,0
-3.0487764,-0.24793375,0.98976326,-0.50192809,-0.61755329,-0.6055544,0
-0.68223619,2.8031993,-4.2345204,0.50084007,0.36328077,-0.78561217,0
4.5529618,-2.3007808,-3.3319502,0.50084007,0.36328077,-0.78561217,0
4.549818,-2.7313228,0.35172081,0.70514363,-0.69760662,0.12695456,0
-3.6117597,3.1922379,-0.34855938,-0.70514363,0.69760662,-0.12695456,0
-1.8319137,2.8382301,-0.027103901,0.50192809,0.61755329,0.6055544,0
4.371769,-1.4648402,-2.9484432,0.50084007,0.36328077,-0.78561217,0
4.8456721,-0.38643169,-2.0890565,0.50084007,0.36328077,-0.78561217,0
-1.9538441,-0.37625408,0.46102512,-0.50192809,-0.61755329,-0.6055544,0
-0.40176404,-1.8292997,0.47790793,-0.50192809,-0.61755329,-0.6055544,0
4.4443593,-0.28472161,-2.5378032,0.50084007,0.36328077,-0.78561217,0
2.5377231,-4.4037628,2.1438212,0.70514363,-0.69760662,0.12695456,0
0.1532402,-4.2200894,2.5925953,-0.50192809,-0.61755329,-0.6055544,0
3.1391997,-1.2549577,0.042595863,0.50192809,0.61755329,0.6055544,0
-1.3101122,-0.45766842,3.0067108,0.50192809,0.61755329,0.6055544,0
0.16163969,3.449244,-3.2416081,0.50084007,0.36328077,-0.78561217,0
1.842833,1.9452653,-1.7926003,0.50192809,0.61755329,0.6055544,0
-1.3869052,1.7026652,-2.5328977,-0.50192809,-0.61755329,-0.6055544,0
-0.46477842,2.1547775,-3.2980752,-0.50192809,-0.61755329,-0.6055544,0
-2.597513,4.3782187,-2.0335097,-0.70514363,0.69760662,-0.12695456,0
2.8038738,1.1408257,-2.7619445,0.50084007,0.36328077,-0.78561217,0
3.0255098,0.29162419,-2.8718665,0.50084007,0.36328077,-0.78561217,0
2.2951589,-4.669939,1.8387682,0.70514363,-0.69760662,0.12695456,0
0.053662777,-1.9411123,3.5566251,0.50192809,0.61755329,0.6055544,0
-4.9952497,2.3325148,1.3169732,-0.70514363,0.69760662,-0.12695456,0
2.1042109,-2.5469213,-0.48054862,-0.50192809,-0.61755329,-0.6055544,0
2.0780985,-1.869084,-1.7461455,-0.50192809,-0.61755329,-0.6055544,0
4.9713678,-1.2809747,-2.3490057,0.50084007,0.36328077,-0.78561217,0
1.6862946,2.5394986,-2.9015622,0.50084007,0.36328077,-0.78561217,0
-2.5712719,3.0511336,0.65459561,0.50192809,0.61755329,0.6055544,0
-3.1001785,3.7871819,-2.9282095,-0.70514363,0.69760662,-0.12695456,0
-0.12830544,-3.1761978,1.7297263,-0.50192809,-0.61755329,-0.6055544,0
4.2069874,-3.4143767,-1.7394657,0.70514363,-0.69760662,0.12695456,0
0.90870476,-5.127048,3.0778551,-0.50084007,-0.36328077,0.78561217,0
-0.52595186,5.1896305,-3.2745483,0.50084007,0.36328077,-0.78561217,0
-5.2113008,2.135972,2.5968828,-0.70514363,0.69760662,-0.12695456,0
-3.4861398,2.2802465,-0.83816862,-0.50192809,-0.61755329,-0.6055544,0
-1.0757678,1.7081456,0.69768977,0.50192809,0.61755329,0.6055544,0
-4.2751675,3.0137339,1.6763434,-0.70514363,0.69760662,-0.12695456,0
4.3687572,-0.13184333,-2.1994166,0.50084007,0.36328077,-0.78561217,0
-3.5479038,3.5486608,0.43830776,-0.70514363,0.69760662,-0.12695456,0
-0.064116001,4.0527492,-3.0492313,0.50084007,0.36328077,-0.78561217,0
-0.33969593,-3.334769,1.8070066,-0.50192809,-0.61755329,-0.6055544,0
2.888175,-4.1518245,1.2826452,0.70514363,-0.69760662,0.12695456,0
3.3827364,-0.90864265,-3.2905338,-0.50192809,-0.61755329,-0.6055544,0
-0.79210901,3.015306,-4.028759,0.50084007,0.36328077,-0.78561217,0
5.7973671,-1.6676345,-1.832005,0.70514363,-0.69760662,0.12695456,0
-1.0790596,-3.0158844,3.2241166,-0.50084007,-0.36328077,0.78561217,0
4.7051988,-1.0638211,-1.0361152,0.50192809,0.61755329,0.6055544,0
2.0207837,-0.96372539,0.98140073,0.50192809,0.61755329,0.6055544,0
-3.6371799,3.1595302,-1.1184654,-0.70514363,0.69760662,-0.12695456,0
-0.4455514,-3.0712962,3.3123541,-0.50084007,-0.36328077,0.78561217,0
1.9896061,1.9371266,-2.3020647,0.50192809,0.61755329,0.6055544,0
-4.2646494,2.7891352,-0.98197508,-0.70514363,0.69760662,-0.12695456,0
0.089918613,-3.2786446,3.5243881,-0.50084007,-0.36328077,0.78561217,0
1.23193,-2.2799265,2.8413908,0.50192809,0.61755329,0.6055544,0
-4.5351596,2.9330099,2.2049198,-0.70514363,0.69760662,-0.12695456,0
5.2071962,-2.3106737,-2.2109904,0.70514363,-0.69760662,0.12695456,0
-5.2139306,2.0192046,0.70567036,-0.70514363,0.69760662,-0.12695456,0
-3.8634613,2.9717224,-0.79634666,-0.70514363,0.69760662,-0.12695456,0
5.0590672,-2.0216937,-2.6905041,0.50084007,0.36328077,-0.78561217,0
0.19033575,-2.7358975,3.8135805,-0.50084007,-0.36328077,0.78561217,0
2.9619508,-3.78369,1.5533032,0.70514363,-0.69760662,0.12695456,0
-2.0256796,-1.5771103,3.1491072,-0.50084007,-0.36328077,0.78561217,0
-4.9471521,2.385833,1.7945342,-0.70514363,0.69760662,-0.12695456,0
-1.9918323,4.6639638,-2.6850848,-0.70514363,0.69760662,-0.12695456,0
1.63709,-0.020918161,-3.0881031,-0.50192809,-0.61755329,-0.6055544,0
0.088600159,-2.4233515,3.8051443,0.50192809,0.61755329,0.6055544,0
2.9980583,1.0595343,-2.766011,0.50084007,0.36328077,-0.78561217,0
-0.4921931,1.2501909,1.0120115,0.50192809,0.61755329,0.6055544,0
0.73541749,-0.8881315,-1.0536897,-0.50192809,-0.61755329,-0.6055544,0
-1.4550676,-2.6656189,2.006417,-0.50192809,-0.61755329,-0.6055544,0
2.6597965,-3.7858295,2.6961238,0.70514363,-0.69760662,0.12695456,0
2.2907586,-4.5876617,2.9469254,0.70514363,-0.69760662,0.12695456,0
1.5391812,2.0688534,-3.3383539,0.50084007,0.36328077,-0.78561217,0
-0.27297115,3.6290193,-3.4300203,0.50084007,0.36328077,-0.78561217,0
-3.4942455,3.6832128,-0.55783272,-0.70514363,0.69760662,-0.12695456,0
1.6590147,1.545388,-3.1083958,0.50084007,0.36328077,-0.78561217,0
1.5020895,-1.2261941,-1.9324785,-0.50192809,-0.61755329,-0.6055544,0
3.2289183,-2.7314522,1.9073067,0.50192809,0.61755329,0.6055544,0
-2.3044586,4.0652404,-3.5758183,-0.70514363,0.69760662,-0.12695456,0
-0.65369987,2.9355893,-4.077776,0.50084007,0.36328077,-0.78561217,0
1.2732024,-1.4066858,2.084362,0.50192809,0.61755329,0.6055544,0
4.0750799,-3.0795329,-0.2369709,0.70514363,-0.69760662,0.12695456,0
3.6130819,-2.2821417,-2.5704858,-0.50192809,-0.61755329,-0.6055544,0
3.7362616,-2.8970196,1.508697,0.70514363,-0.69760662,0.12695456,0
-4.6234627,1.459914,3.0090227,-0.50084007,-0.36328077,0.78561217,0
2.0500033,-4.7142797,1.719002,0.70514363,-0.69760662,0.12695456,0
-1.6202083,5.2415824,-2.1980958,-0.70514363,0.69760662,-0.12695456,0
-1.9971366,4.98139,-2.327929,-0.70514363,0.69760662,-0.12695456,0
0.48170531,-0.34250781,-1.9578657,-0.50192809,-0.61755329,-0.6055544,0
5.0698557,-2.2665443,-0.6761713,0.70514363,-0.69760662,0.12695456,0
-5.3540201,2.1545644,1.2203979,-0.70514363,0.69760662,-0.12695456,0
-1.4905434,4.3725743,-3.8165679,0.50084007,0.36328077,-0.78561217,0
4.117578,-3.0713034,-1.8994269,-0.50192809,-0.61755329,-0.6055544,0
-4.3659639,1.43108,3.1470385,-0.50084007,-0.36328077,0.78561217,0
-5.1126323,2.0623631,1.1910543,-0.70514363,0.69760662,-0.12695456,0
5.0383153,-2.8223982,-2.7163539,0.70514363,-0.69760662,0.12695456,0
4.2095704,-3.2556834,-1.0730257,0.70514363,-0.69760662,0.12695456,0
2.205404,-4.2680063,2.1374395,0.70514363,-0.69760662,0.12695456,0
3.3986034,-3.4410114,1.3648105,0.70514363,-0.69760662,0.12695456,0
3.5325785,-3.6481354,0.61796761,0.70514363,-0.69760662,0.12695456,0
3.9110756,0.20084262,-2.3016098,0.50084007,0.36328077,-0.78561217,0
-0.63271952,4.4812698,-3.5521605,0.50084007,0.36328077,-0.78561217,0
-3.5617428,2.3382981,2.48452,0.50192809,0.61755329,0.6055544,0
-3.1737225,3.699286,-0.22059202,-0.70514363,0.69760662,-0.12695456,0
-2.6993003,4.0205212,-1.186924,-0.70514363,0.69760662,-0.12695456,0
3.0352695,-3.3124216,2.6025062,0.50192809,0.61755329,0.6055544,0
-3.4814525,3.9000773,0.6151886,-0.70514363,0.69760662,-0.12695456,0
-0.47290504,0.37774244,-1.8069699,-0.50192809,-0.61755329,-0.6055544,0
-1.7826037,5.2432709,-2.0553403,-0.70514363,0.69760662,-0.12695456,0
-1.6363149,4.6466904,-3.9241576,-0.70514363,0.69760662,-0.12695456,0
-5.2399096,1.9505482,2.5952997,-0.50084007,-0.36328077,0.78561217,0
-3.5057669,3.0817602,-1.510797,-0.70514363,0.69760662,-0.12695456,0
1.9600372,-4.6335688,2.6755002,0.70514363,-0.69760662,0.12695456,0
-4.1482191,0.46523476,2.6591613,-0.50084007,-0.36328077,0.78561217,0
-2.8777628,-0.80149794,3.005826,-0.50084007,-0.36328077,0.78561217,0
-3.8824756,1.4079559,3.3496199,0.50192809,0.61755329,0.6055544,0
-1.7756877,3.3241827,-3.3631666,-0.50192809,-0.61755329,-0.6055544,0
4.9568853,-2.305882,-0.63206816,0.70514363,-0.69760662,0.12695456,0
0.19648838,3.7499275,-3.2156749,0.50084007,0.36328077,-0.78561217,0
5.4898496,-1.6472112,-2.227839,0.50084007,0.36328077,-0.78561217,0
1.0055046,2.0451577,-3.3183091,0.50084007,0.36328077,-0.78561217,0
1.5423903,-4.8929996,2.5531893,0.70514363,-0.69760662,0.12695456,0
4.1770201,-0.81391096,-2.9671798,0.50084007,0.36328077,-0.78561217,0
-2.7888186,3.9268613,-2.3549454,-0.70514363,0.69760662,-0.12695456,0
0.84101105,-2.4433908,3.5638533,0.50192809,0.61755329,0.6055544,0
2.7535913,-2.9871719,2.4691222,0.50192809,0.61755329,0.6055544,0
-1.0656266,-3.2228835,2.3397193,-0.50192809,-0.61755329,-0.6055544,0
3.2237978,0.36815298,-2.8306041,0.50084007,0.36328077,-0.78561217,0
4.5246029,-1.2395736,-2.8978412,0.50084007,0.36328077,-0.78561217,0
-4.0013051,1.0995301,0.7285409,-0.50192809,-0.61755329,-0.6055544,0
3.700599,-0.2734493,-2.7422013,0.50084007,0.36328077,-0.78561217,0
5.3039699,-1.8172454,-1.6303329,0.70514363,-0.69760662,0.12695456,0
2.300873,2.0208752,-2.5903141,0.50084007,0.36328077,-0.78561217,0
0.11033794,0.94931114,0.78209293,0.50192809,0.61755329,0.6055544,0
1.2568326,-4.4658766,3.7875853,-0.50084007,-0.36328077,0.78561217,0
4.6696892,-2.9415755,-1.3014612,0.70514363,-0.69760662,0.12695456,0
4.6600623,-2.7527897,-2.1970406,0.70514363,-0.69760662,0.12695456,0
1.9033136,2.6293719,-2.7629213,0.50084007,0.36328077,-0.78561217,0
1.2511857,2.4587998,-1.6809696,0.50192809,0.61755329,0.6055544,0
-1.3212132,4.6742511,-3.8138456,0.50084007,0.36328077,-0.78561217,0
2.7622197,-3.7542176,2.7118104,0.70514363,-0.69760662,0.12695456,0
2.0277324,-4.4431028,4.0905557,0.70514363,-0.69760662,0.12695456,0
0.59789032,-1.918915,0.028144956,-0.50192809,-0.61755329,-0.6055544,0
2.7346115,-2.9538648,-0.93939424,-0.50192809,-0.61755329,-0.6055544,0
2.1643295,-4.7771921,2.288605,0.70514363,-0.69760662,0.12695456,0
-2.1509843,3.6228521,0.069553375,0.50192809,0.61755329,0.6055544,0
3.4315085,-3.3951714,1.4895973,0.70514363,-0.69760662,0.12695456,0
2.338357,-4.3431478,1.2238047,0.70514363,-0.69760662,0.12695456,0
2.2376888,-4.4340782,1.8817785,0.70514363,-0.69760662,0.12695456,0
-2.5007939,-1.0062621,3.2066069,-0.50084007,-0.36328077,0.78561217,0
3.1719913,-0.57554728,-3.1524587,0.50084007,0.36328077,-0.78561217,0
-3.2299249,1.4512241,-0.45898223,-0.50192809,-0.61755329,-0.6055544,0
0.27444935,3.8286724,-3.3231595,0.50084007,0.36328077,-0.78561217,0
0.54992056,-3.0891368,3.9338791,-0.50084007,-0.36328077,0.78561217,0
0.044928551,-4.423049,3.1368265,-0.50084007,-0.36328077,0.78561217,0
-4.4428477,0.99549329,1.1444497,-0.50192809,-0.61755329,-0.6055544,0
-2.4330626,4.2947536,-0.4423604,0.50192809,0.61755329,0.6055544,0
0.24838591,-2.65376,3.9061201,0.50192809,0.61755329,0.6055544,0
1.7308841,1.0952435,-3.5327473,0.50084007,0.36328077,-0.78561217,0
-4.4967508,2.5969017,-0.75199413,-0.50192809,-0.61755329,-0.6055544,0
0.74224663,2.8878167,-3.1578102,0.50084007,0.36328077,-0.78561217,0
-2.6717029,4.3137751,-1.448483,-0.70514363,0.69760662,-0.12695456,0
-0.37702775,1.6956414,-2.7945862,-0.50192809,-0.61755329,-0.6055544,0
-1.5402079,5.0986934,-2.2568786,0.50192809,0.61755329,0.6055544,0
2.8908463,-2.0840199,1.5161233,0.50192809,0.61755329,0.6055544,0
1.5066714,-4.8038182,3.7930832,-0.50084007,-0.36328077,0.78561217,0
-3.2549577,4.0024853,-0.60705996,-0.70514363,0.69760662,-0.12695456,0
4.8237176,-1.202004,-0.80679703,0.50192809,0.61755329,0.6055544,0
3.3880646,-3.7464941,-0.41897345,0.70514363,-0.69760662,0.12695456,0
2.8748863,-2.0179744,-2.2620933,-0.50192809,-0.61755329,-0.6055544,0
2.4366667,1.4683208,-2.708087,0.50084007,0.36328077,-0.78561217,0
3.2698989,-0.89688003,-3.2225406,0.50084007,0.36328077,-0.78561217,0
-4.8916907,2.4136775,3.2771749,-0.50084007,-0.36328077,0.78561217,0
-0.84107304,-2.4719925,3.6435614,-0.50084007,-0.36328077,0.78561217,0
-4.1396389,3.3727233,0.85202932,-0.70514363,0.69760662,-0.12695456,0
-3.4800043,-0.02248764,1.3690424,-0.50192809,-0.61755329,-0.6055544,0
-5.1209278,1.8540095,0.85564327,-0.50192809,-0.61755329,-0.6055544,0
