1.5399143,-4.2945876,1.105149,0.47404736,-0.84298325,0.25427991,0
-4.8248463,2.4558041,-0.32575941,-0.47404736,0.84298325,-0.25427991,0
-0.27742416,1.9262528,0.27155745,0.15269881,0.36312246,0.91914368,0
0.0088000298,-4.2114577,0.52524734,-0.15269881,-0.36312246,-0.91914368,0
-4.0665536,2.9966376,-0.3241148,-0.47404736,0.84298325,-0.25427991,0
-5.0357885,1.7022232,-0.70833492,-0.15269881,-0.36312246,-0.91914368,0
-4.6970968,2.5072308,-0.95089698,-0.47404736,0.84298325,-0.25427991,0
-0.65468645,-5.1815886,1.6932383,0.47404736,-0.84298325,0.25427991,0
-0.96446455,2.4514995,0.37994623,0.15269881,0.36312246,0.91914368,0
2.7202632,-0.41152668,-1.3765166,-0.15269881,-0.36312246,-0.91914368,0
1.4901862,3.6787164,-1.8873577,0.86715746,0.39688939,-0.30085981,0
-4.0183372,1.4233869,-1.1866002,-0.15269881,-0.36312246,-0.91914368,0
-1.5372809,-1.3322504,-0.4437727,-0.15269881,-0.36312246,-0.91914368,0
0.95913112,1.0483904,-1.6992686,-0.15269881,-0.36312246,-0.91914368,0
-2.0055289,-3.7019958,1.5276995,-0.86715746,-0.39688939,0.30085981,0
4.956521,-1.2706047,0.74079704,0.86715746,0.39688939,-0.30085981,0
-0.38634896,-4.5338435,2.6917439,0.47404736,-0.84298325,0.25427991,0
0.49138701,-2.2885728,1.9578583,0.15269881,0.36312246,0.91914368,0
0.86090207,-2.6632962,2.1944714,0.15269881,0.36312246,0.91914368,0
-0.57464695,3.0677335,-2.0872731,-0.15269881,-0.36312246,-0.91914368,0
2.9422741,-3.3872087,0.94029403,0.47404736,-0.84298325,0.25427991,0
1.1862693,2.0921707,-0.085643232,0.15269881,0.36312246,0.91914368,0
0.47103953,5.0583782,-2.5165348,-0.47404736,0.84298325,-0.25427991,0
1.7814693,-1.0593462,-0.87777138,-0.15269881,-0.36312246,-0.91914368,0
-4.8121834,2.824358,0.81724358,0.15269881,0.36312246,0.91914368,0
3.5064545,0.86162424,-0.24443412,0.86715746,0.39688939,-0.30085981,0
-1.2276697,-0.72820401,-0.65815759,-0.15269881,-0.36312246,-0.91914368,0
-1.7464249,0.36876079,-0.94333595,-0.15269881,-0.36312246,-0.91914368,0
-3.2399313,-0.91582477,-0.066366434,-0.15269881,-0.36312246,-0.91914368,0
3.418344,-0.0090349913,-1.6997313,0.86715746,0.39688939,-0.30085981,0
1.9254098,4.009831,-0.89588654,0.86715746,0.39688939,-0.30085981,0
-0.76825249,-1.7330952,-0.13331962,-0.15269881,-0.36312246,-0.91914368,0
0.62955725,-4.2696419,0.36487794,-0.15269881,-0.36312246,-0.91914368,0
-0.74706221,-5.1191087,2.2710757,0.47404736,-0.84298325,0.25427991,0
-1.6073385,4.0007291,-1.6291947,-0.47404736,0.84298325,-0.25427991,0
-2.2231174,0.56374645,1.3660663,0.15269881,0.36312246,0.91914368,0
-1.6439025,-3.234688,0.63097167,-0.15269881,-0.36312246,-0.91914368,0
1.0425117,-4.2607427,1.3824193,0.47404736,-0.84298325,0.25427991,0
-1.362272,0.79656351,-1.3760921,-0.15269881,-0.36312246,-0.91914368,0
4.6627393,-2.7069712,0.044141769,0.47404736,-0.84298325,0.25427991,0
-1.5479763,1.6478249,0.64659917,0.15269881,0.36312246,0.91914368,0
-0.84788895,0.39967719,-0.94403118,-0.15269881,-0.36312246,-0.91914368,0
-4.222249,1.475415,1.0908372,0.15269881,0.36312246,0.91914368,0
1.9191689,2.7835379,-2.5561581,-0.15269881,-0.36312246,-0.91914368,0
-2.587358,1.1532129,1.0250938,0.15269881,0.36312246,0.91914368,0
-0.31393898,-2.1010962,2.0761476,0.15269881,0.36312246,0.91914368,0
-4.2237887,2.8426454,-1.1221013,-0.47404736,0.84298325,-0.25427991,0
-0.093099833,4.7076373,-0.93292046,0.15269881,0.36312246,0.91914368,0
4.1282063,-1.0079392,-1.1765044,0.86715746,0.39688939,-0.30085981,0
-3.2818408,1.2795616,0.93928909,0.15269881,0.36312246,0.91914368,0
1.9131072,-4.0231419,1.245805,0.47404736,-0.84298325,0.25427991,0
3.4991436,0.55108774,-1.369863,0.86715746,0.39688939,-0.30085981,0
-0.034935713,-3.7831807,0.55291033,-0.15269881,-0.36312246,-0.91914368,0
1.9964373,-0.59802783,0.8929764,0.15269881,0.36312246,0.91914368,0
-1.4095004,3.7971139,-2.0032127,-0.47404736,0.84298325,-0.25427991,0
-0.05884397,1.8188833,0.49298298,0.15269881,0.36312246,0.91914368,0
3.0991209,1.7413065,-1.0198283,0.86715746,0.39688939,-0.30085981,0
1.3174927,-4.5422688,0.87906647,0.47404736,-0.84298325,0.25427991,0
1.2845668,-4.2329345,2.0319703,0.47404736,-0.84298325,0.25427991,0
-0.57613277,1.1613261,0.58043516,0.15269881,0.36312246,0.91914368,0
-4.6957326,2.8855746,0.40596104,-0.47404736,0.84298325,-0.25427991,0
4.707736,-2.6384602,-0.17290306,0.47404736,-0.84298325,0.25427991,0
-1.1700323,-4.6719027,1.4758397,-0.86715746,-0.39688939,0.30085981,0
-2.7786088,3.4331434,-0.69283891,-0.47404736,0.84298325,-0.25427991,0
1.0137682,-4.0306196,1.848217,0.47404736,-0.84298325,0.25427991,0
3.623548,-2.9335046,1.5406921,0.47404736,-0.84298325,0.25427991,0
0.29426312,4.5932207,-2.408669,-0.47404736,0.84298325,-0.25427991,0
-0.034937263,-1.2546176,1.520213,0.15269881,0.36312246,0.91914368,0
-0.19480395,-1.1658424,1.422071,0.15269881,0.36312246,0.91914368,0
5.0425768,-1.9800338,0.78501105,0.86715746,0.39688939,-0.30085981,0
-1.0691304,-3.2887747,2.6213346,0.15269881,0.36312246,0.91914368,0
0.074424744,4.8668141,-1.5069458,-0.47404736,0.84298325,-0.25427991,0
-0.89486426,2.115859,0.49803376,0.15269881,0.36312246,0.91914368,0
-1.3069721,-1.2694615,-0.37126726,-0.15269881,-0.36312246,-0.91914368,0
-2.8939402,-0.89031023,1.5256318,-0.86715746,-0.39688939,0.30085981,0
1.274229,4.1005168,-2.621376,0.86715746,0.39688939,-0.30085981,0
3.3230014,0.21503639,-1.2703893,0.86715746,0.39688939,-0.30085981,0
-1.7808917,-4.3428745,1.1054856,-0.86715746,-0.39688939,0.30085981,0
4.0931816,-1.0372529,0.64936399,0.15269881,0.36312246,0.91914368,0
-2.8493841,-0.25742149,1.8696321,0.15269881,0.36312246,0.91914368,0
-2.8388231,3.6571844,-0.4641695,-0.47404736,0.84298325,-0.25427991,0
-4.3592758,0.72306877,-0.012687445,-0.86715746,-0.39688939,0.30085981,0
2.2310979,2.2790642,-0.32349744,0.15269881,0.36312246,0.91914368,0
-0.34600389,0.049383402,-1.1319356,-0.15269881,-0.36312246,-0.91914368,0
0.5521189,2.4408345,0.073629856,0.15269881,0.36312246,0.91914368,0
-1.0282795,-4.7736192,1.9118909,-0.86715746,-0.39688939,0.30085981,0
-1.5114613,-3.173429,0.48303473,-0.15269881,-0.36312246,-0.91914368,0
1.3282382,1.5343243,-2.0492105,-0.15269881,-0.36312246,-0.91914368,0
1.4155874,-4.1492472,1.1076543,0.47404736,-0.84298325,0.25427991,0
2.3328578,-0.75841713,-1.232281,-0.15269881,-0.36312246,-0.91914368,0
2.5208571,-3.8833966,0.54901314,0.47404736,-0.84298325,0.25427991,0
3.2107601,0.12768584,0.34760869,0.15269881,0.36312246,0.91914368,0
-4.5598063,1.2927262,0.79478192,-0.86715746,-0.39688939,0.30085981,0
-4.9612756,2.3426003,-0.21266603,-0.47404736,0.84298325,-0.25427991,0
-5.1503458,2.2741129,0.31533957,-0.86715746,-0.39688939,0.30085981,0
5.191781,-2.2165794,0.9332242,0.47404736,-0.84298325,0.25427991,0
4.5990858,-0.41653535,0.5899477,0.86715746,0.39688939,-0.30085981,0
-0.36695933,-3.0682707,2.2396517,0.15269881,0.36312246,0.91914368,0
-2.2862818,-2.7386708,0.2537415,-0.15269881,-0.36312246,-0.91914368,0
-3.2884064,-1.7378075,-0.012844533,-0.86715746,-0.39688939,0.30085981,0
5.0322895,-2.5149693,-0.68351698,0.86715746,0.39688939,-0.30085981,0
2.9837515,1.8659053,-0.19892043,0.86715746,0.39688939,-0.30085981,0
1.055759,-0.28276467,-1.2032151,-0.15269881,-0.36312246,-0.91914368,0
-4.2577829,3.1366818,-0.078027248,-0.47404736,0.84298325,-0.25427991,0
1.3200588,4.9730024,-1.6386046,0.86715746,0.39688939,-0.30085981,0
-1.5213799,-3.1915479,2.6088328,-0.86715746,-0.39688939,0.30085981,0
1.1949883,1.1074431,0.61791289,0.15269881,0.36312246,0.91914368,0
-2.2461944,3.9148116,-0.29143238,-0.47404736,0.84298325,-0.25427991,0
2.6813958,1.3300986,-1.4935025,0.86715746,0.39688939,-0.30085981,0
1.2820516,2.385848,-2.1816413,-0.15269881,-0.36312246,-0.91914368,0
1.2439039,4.2151356,-2.085032,0.86715746,0.39688939,-0.30085981,0
2.2382393,-1.7224371,1.4049155,0.15269881,0.36312246,0.91914368,0
-1.0250946,4.3909473,-1.5872309,-0.47404736,0.84298325,-0.25427991,0
-1.444725,4.1017532,-0.26106358,0.15269881,0.36312246,0.91914368,0
0.52286333,-0.17584288,1.0522867,0.15269881,0.36312246,0.91914368,0
-0.50878024,-0.047674656,-0.91931844,-0.15269881,-0.36312246,-0.91914368,0
-2.4262695,3.8478551,-1.1298478,-0.47404736,0.84298325,-0.25427991,0
-2.5558915,3.8118641,-0.96849966,-0.47404736,0.84298325,-0.25427991,0
-2.6473937,-1.7414596,0.050682276,-0.15269881,-0.36312246,-0.91914368,0
-3.0815675,-0.35264862,1.7082659,-0.86715746,-0.39688939,0.30085981,0
2.5876858,0.89251196,-1.7354289,-0.15269881,-0.36312246,-0.91914368,0
-2.2596855,-0.16264904,-0.50859123,-0.15269881,-0.36312246,-0.91914368,0
2.1807873,-3.3272097,1.8784232,0.47404736,-0.84298325,0.25427991,0
-1.1474155,3.9784734,-2.419091,-0.47404736,0.84298325,-0.25427991,0
3.2028267,0.39741218,-1.8426852,0.86715746,0.39688939,-0.30085981,0
-5.1515803,2.1687605,-0.33655214,-0.47404736,0.84298325,-0.25427991,0
0.70302916,4.8977528,-2.2620502,-0.47404736,0.84298325,-0.25427991,0
-0.79805177,1.6881479,0.71536553,0.15269881,0.36312246,0.91914368,0
-4.3184643,2.6706164,-1.0407319,-0.47404736,0.84298325,-0.25427991,0
-4.0993986,0.57927644,1.1733932,-0.86715746,-0.39688939,0.30085981,0
1.4565153,3.3807044,-0.30962014,0.15269881,0.36312246,0.91914368,0
-1.4950264,-3.2195399,0.62612689,-0.15269881,-0.36312246,-0.91914368,0
-2.1479199,-1.2824082,-0.30013502,-0.15269881,-0.36312246,-0.91914368,0
-2.5907741,3.6451623,-0.86710644,-0.47404736,0.84298325,-0.25427991,0
-2.6857271,-2.1521339,0.38924712,-0.86715746,-0.39688939,0.30085981,0
-1.2592384,4.272851,-1.2449906,-0.47404736,0.84298325,-0.25427991,0
-3.9113507,-0.33904269,0.43862927,-0.86715746,-0.39688939,0.30085981,0
-4.1589832,0.44707274,-0.72113705,-0.15269881,-0.36312246,-0.91914368,0
3.4418001,-3.3815646,0.7709074,0.47404736,-0.84298325,0.25427991,0
-1.6802285,-3.6353397,1.9371451,-0.86715746,-0.39688939,0.30085981,0
1.0409017,-4.551259,0.74837971,0.47404736,-0.84298325,0.25427991,0
-4.2515097,0.6941905,0.80097771,-0.86715746,-0.39688939,0.30085981,0
-0.032117605,4.7165837,-2.0911036,-0.47404736,0.84298325,-0.25427991,0
-2.1396418,-3.3457735,1.4714386,-0.86715746,-0.39688939,0.30085981,0
-4.170682,2.7846594,-1.0623703,-0.47404736,0.84298325,-0.25427991,0
-0.75296926,-5.1750546,1.3913753,0.47404736,-0.84298325,0.25427991,0
3.0313635,0.98499566,-1.0546033,0.86715746,0.39688939,-0.30085981,0
0.67071331,-4.6738915,0.8905735,0.47404736,-0.84298325,0.25427991,0
-2.5962579,3.148258,-1.784487,-0.47404736,0.84298325,-0.25427991,0
3.2171631,-0.49890509,0.65748954,0.15269881,0.36312246,0.91914368,0
-0.54335451,-4.9598789,1.1752467,-0.15269881,-0.36312246,-0.91914368,0
-2.8749318,-1.9412242,0.78938079,-0.86715746,-0.39688939,0.30085981,0
0.14801431,4.4897933,-2.3081222,-0.47404736,0.84298325,-0.25427991,0
-1.8202891,-1.3885123,2.0609231,0.15269881,0.36312246,0.91914368,0
-4.6413503,1.114109,-0.80348802,-0.15269881,-0.36312246,-0.91914368,0
-1.9702978,3.6751854,-1.4977551,-0.47404736,0.84298325,-0.25427991,0
-1.0707735,4.5092149,-1.531143,-0.47404736,0.84298325,-0.25427991,0
1.6194255,4.3877563,-1.053658,0.86715746,0.39688939,-0.30085981,0
-3.543855,0.30442917,1.3699495,-0.86715746,-0.39688939,0.30085981,0
3.2468817,1.4602708,-0.6975019,0.86715746,0.39688939,-0.30085981,0
-0.016289234,-4.9871082,1.8895938,0.47404736,-0.84298325,0.25427991,0
-0.88698459,4.7673087,-0.97103882,-0.47404736,0.84298325,-0.25427991,0
-3.5381675,2.2127304,0.81607032,0.15269881,0.36312246,0.91914368,0
2.7589087,1.5865022,0.12601747,0.15269881,0.36312246,0.91914368,0
-1.3850374,4.285356,-1.5377724,-0.47404736,0.84298325,-0.25427991,0
0.75929087,-4.0256333,0.41235495,-0.15269881,-0.36312246,-0.91914368,0
-0.44051099,-4.8213754,2.2966342,0.47404736,-0.84298325,0.25427991,0
-4.4331603,0.38592958,0.015697718,-0.86715746,-0.39688939,0.30085981,0
2.6763895,-0.96382397,1.2160124,0.15269881,0.36312246,0.91914368,0
-1.52361,4.0508456,-0.8281312,-0.47404736,0.84298325,-0.25427991,0
3.2194226,-3.5517113,0.61532736,0.47404736,-0.84298325,0.25427991,0
-1.3724895,-4.0424738,1.7825592,-0.86715746,-0.39688939,0.30085981,0
-3.6316006,-0.026972771,1.3277406,-0.86715746,-0.39688939,0.30085981,0
2.5634007,2.2890735,-1.7802368,0.86715746,0.39688939,-0.30085981,0
-0.5127418,-3.0710077,2.3578951,0.15269881,0.36312246,0.91914368,0
-3.2929378,-0.88952899,1.3047888,-0.86715746,-0.39688939,0.30085981,0
-1.2457762,-5.0347047,1.4596808,-0.86715746,-0.39688939,0.30085981,0
-2.7362018,-1.7892699,1.473877,-0.86715746,-0.39688939,0.30085981,0
-3.1593599,-0.73625416,0.97623098,-0.86715746,-0.39688939,0.30085981,0
4.9484692,-2.0563819,-0.29639101,0.86715746,0.39688939,-0.30085981,0
4.0167584,-3.013072,-0.49764299,0.47404736,-0.84298325,0.25427991,0
5.2477851,-2.3821881,0.072982311,0.86715746,0.39688939,-0.30085981,0
-3.1766956,-0.7489832,1.0500026,-0.86715746,-0.39688939,0.30085981,0
1.5609229,-4.3111863,0.41770124,0.47404736,-0.84298325,0.25427991,0
0.33226585,5.0457101,-0.95636725,-0.47404736,0.84298325,-0.25427991,0
-4.9649744,1.703377,-1.1012979,-0.15269881,-0.36312246,-0.91914368,0
3.7537689,-3.087225,0.62640905,0.47404736,-0.84298325,0.25427991,0
5.0971212,-1.5798006,0.68245912,0.86715746,0.39688939,-0.30085981,0
3.5928001,-2.8680201,0.73846626,0.47404736,-0.84298325,0.25427991,0
1.8195648,4.2709069,-1.1568787,0.86715746,0.39688939,-0.30085981,0
2.3674824,-3.6987228,0.96542525,0.47404736,-0.84298325,0.25427991,0
3.8628912,0.40939653,0.071806431,0.86715746,0.39688939,-0.30085981,0
-4.273005,2.9146156,0.10337305,-0.47404736,0.84298325,-0.25427991,0
-1.4933438,-4.2766514,0.75463629,-0.15269881,-0.36312246,-0.91914368,0
-2.040513,-1.1780632,2.0618818,0.15269881,0.36312246,0.91914368,0
2.3643854,0.30013812,0.64641953,0.15269881,0.36312246,0.91914368,0
-1.3239527,3.047888,-2.2471368,-0.15269881,-0.36312246,-0.91914368,0
0.77810121,4.6545672,-2.8721313,-0.15269881,-0.36312246,-0.91914368,0
-3.7959139,1.4114782,1.304395,0.15269881,0.36312246,0.91914368,0
4.3752561,-1.2128162,-0.24532866,0.86715746,0.39688939,-0.30085981,0
-4.7019043,1.0677296,-0.51329207,-0.86715746,-0.39688939,0.30085981,0
4.5730801,-1.4861841,-0.40851951,0.86715746,0.39688939,-0.30085981,0
4.2974386,-0.87846088,-0.16326642,0.86715746,0.39688939,-0.30085981,0
1.0598344,-2.8225646,-0.056352139,-0.15269881,-0.36312246,-0.91914368,0
-0.68560803,0.501876,-1.0751463,-0.15269881,-0.36312246,-0.91914368,0
-0.17527175,4.8091869,-1.1622765,-0.47404736,0.84298325,-0.25427991,0
1.6477478,2.3169022,-2.3141236,-0.15269881,-0.36312246,-0.91914368,0
-0.43968987,4.6689749,-1.0300133,-0.47404736,0.84298325,-0.25427991,0
-3.9161577,3.0275376,-0.24619102,-0.47404736,0.84298325,-0.25427991,0
-5.1449909,1.6226679,-0.67937064,-0.86715746,-0.39688939,0.30085981,0
0.53846169,-0.076873302,-1.052615,-0.15269881,-0.36312246,-0.91914368,0
-2.6950316,3.4738879,-0.58677936,-0.47404736,0.84298325,-0.25427991,0
-5.1038113,1.5701389,-0.46347284,-0.86715746,-0.39688939,0.30085981,0
3.8741107,-3.2778487,-0.073284149,0.47404736,-0.84298325,0.25427991,0
-5.1544032,2.4379368,-0.38931751,-0.47404736,0.84298325,-0.25427991,0
-0.80566764,-1.9185956,1.7815663,0.15269881,0.36312246,0.91914368,0
-4.0955052,2.829788,-0.80161023,-0.47404736,0.84298325,-0.25427991,0
-4.3457766,0.31012034,-0.015787125,-0.86715746,-0.39688939,0.30085981,0
3.012362,-3.360502,-0.14268541,-0.15269881,-0.36312246,-0.91914368,0
-3.1083074,-1.8455684,0.84051645,-0.86715746,-0.39688939,0.30085981,0
-0.27226424,3.6348433,-2.5319602,-0.15269881,-0.36312246,-0.91914368,0
-0.56936431,4.2431507,-2.162159,-0.47404736,0.84298325,-0.25427991,0
-2.4513195,-1.3939133,-0.23845148,-0.15269881,-0.36312246,-0.91914368,0
-2.8325799,3.4328432,-0.72375107,-0.47404736,0.84298325,-0.25427991,0
2.5624106,1.6822946,-1.4706051,0.86715746,0.39688939,-0.30085981,0
4.7700443,-2.0006657,-0.76655531,0.86715746,0.39688939,-0.30085981,0
2.1110089,-4.1949973,0.51294708,0.47404736,-0.84298325,0.25427991,0
-3.7898669,2.7846956,-1.2972169,-0.47404736,0.84298325,-0.25427991,0
-2.4468243,1.7347403,-1.3602105,-0.15269881,-0.36312246,-0.91914368,0
0.16521811,-4.5849924,2.5202956,0.47404736,-0.84298325,0.25427991,0
0.68370557,5.2107582,-2.1481559,-0.47404736,0.84298325,-0.25427991,0
4.0647488,-0.54211819,-1.0488098,0.86715746,0.39688939,-0.30085981,0
-4.4834323,2.9044333,-0.13584232,-0.47404736,0.84298325,-0.25427991,0
-5.1998844,2.2546329,-0.71322536,-0.47404736,0.84298325,-0.25427991,0
1.8585515,3.2879713,-2.3165181,0.86715746,0.39688939,-0.30085981,0
1.1360009,5.2086558,-1.553201,0.86715746,0.39688939,-0.30085981,0
1.2708485,4.7654562,-1.8267441,0.86715746,0.39688939,-0.30085981,0
1.0142181,-4.3426261,0.84486032,0.47404736,-0.84298325,0.25427991,0
4.7704897,-2.2641258,0.83496976,0.47404736,-0.84298325,0.25427991,0
-4.747395,1.5622823,-0.3728497,-0.86715746,-0.39688939,0.30085981,0
-3.7636795,-0.29016262,-0.31882823,-0.15269881,-0.36312246,-0.91914368,0
-2.3676257,-2.2021787,2.1449928,-0.86715746,-0.39688939,0.30085981,0
-1.4916444,-4.2514315,1.6369771,-0.86715746,-0.39688939,0.30085981,0
-3.3126068,3.3788502,-0.71931887,-0.47404736,0.84298325,-0.25427991,0
4.0314755,-2.5215557,1.2562394,0.47404736,-0.84298325,0.25427991,0
1.3281693,4.0306363,-2.3929815,0.86715746,0.39688939,-0.30085981,0
3.6001074,0.32834509,-0.8035475,0.86715746,0.39688939,-0.30085981,0
3.6807768,-0.28102529,-1.2726897,0.86715746,0.39688939,-0.30085981,0
-0.24051452,-4.8441434,2.2517815,0.47404736,-0.84298325,0.25427991,0
-1.7968857,-3.8753972,1.8615084,-0.86715746,-0.39688939,0.30085981,0
5.069809,-2.2050924,-0.39018679,0.86715746,0.39688939,-0.30085981,0
3.1237986,1.7209572,-0.54435086,0.86715746,0.39688939,-0.30085981,0
2.8519027,-3.79181,0.52442741,0.47404736,-0.84298325,0.25427991,0
-1.3012679,-3.6692593,2.6335135,-0.86715746,-0.39688939,0.30085981,0
2.2301219,-3.3074808,-0.06131649,-0.15269881,-0.36312246,-0.91914368,0
-0.39121485,3.4675124,-0.20694804,0.15269881,0.36312246,0.91914368,0
-2.3795702,-1.946768,1.8275521,-0.86715746,-0.39688939,0.30085981,0
3.7604067,0.066636503,0.55504096,0.15269881,0.36312246,0.91914368,0
4.6549206,-2.67273,-0.11641788,0.47404736,-0.84298325,0.25427991,0
0.23538613,4.9258151,-2.5630908,-0.47404736,0.84298325,-0.25427991,0
-2.5261462,3.5785105,-0.62223291,-0.47404736,0.84298325,-0.25427991,0
0.052973747,5.075532,-0.88801908,-0.47404736,0.84298325,-0.25427991,0
1.6063362,-0.12624103,0.68407029,0.15269881,0.36312246,0.91914368,0
1.8693877,-2.6258323,1.6569415,0.15269881,0.36312246,0.91914368,0
-2.1958294,1.58269,0.84460211,0.15269881,0.36312246,0.91914368,0
-0.74850821,-1.1627313,-0.71158135,-0.15269881,-0.36312246,-0.91914368,0
-3.1256437,1.7676011,-1.1229734,-0.15269881,-0.36312246,-0.91914368,0
-1.4081185,-4.4718533,1.2941412,-0.86715746,-0.39688939,0.30085981,0
-1.4483296,4.4365344,-0.87070155,-0.47404736,0.84298325,-0.25427991,0
2.5618997,-1.5336373,1.3932734,0.15269881,0.36312246,0.91914368,0
0.095092535,4.4060154,-2.6263955,-0.47404736,0.84298325,-0.25427991,0
1.1154029,-1.5577668,-0.63972557,-0.15269881,-0.36312246,-0.91914368,0
4.2326374,-0.0020329654,0.32673216,0.86715746,0.39688939,-0.30085981,0
0.30725098,1.3216829,-1.5631542,-0.15269881,-0.36312246,-0.91914368,0
-1.4558566,-4.0129561,1.9366419,-0.86715746,-0.39688939,0.30085981,0
1.815325,3.9683521,-1.0812396,0.86715746,0.39688939,-0.30085981,0
0.69633102,-4.0706062,0.35692096,-0.15269881,-0.36312246,-0.91914368,0
2.3210142,1.0452217,-1.8364646,-0.15269881,-0.36312246,-0.91914368,0
-1.5905669,3.6739345,-0.26954126,0.15269881,0.36312246,0.91914368,0
-1.957947,-3.1984649,1.6778469,-0.86715746,-0.39688939,0.30085981,0
1.014743,0.10748976,0.68131894,0.15269881,0.36312246,0.91914368,0
1.6492295,4.1899958,-1.7849406,0.86715746,0.39688939,-0.30085981,0
4.446085,-0.74774653,-0.43317366,0.86715746,0.39688939,-0.30085981,0
3.6105158,-0.5426259,-1.4855211,0.86715746,0.39688939,-0.30085981,0
1.8637376,-4.3624988,0.15028524,0.47404736,-0.84298325,0.25427991,0
-4.4658127,1.7009532,0.34463596,-0.86715746,-0.39688939,0.30085981,0
-3.1017251,-1.2202216,1.2019928,-0.86715746,-0.39688939,0.30085981,0
0.27283788,4.7159576,-2.010884,-0.47404736,0.84298325,-0.25427991,0
-1.8099163,-3.818059,0.7460866,-0.86715746,-0.39688939,0.30085981,0
-0.74229813,-4.8354082,2.4853432,0.47404736,-0.84298325,0.25427991,0
3.1451492,-3.4607241,0.73028684,0.47404736,-0.84298325,0.25427991,0
1.5464756,4.0179272,-2.4421532,0.86715746,0.39688939,-0.30085981,0
0.69128978,-4.8943563,0.95086288,0.47404736,-0.84298325,0.25427991,0
5.0248084,-1.5851669,0.6079638,0.86715746,0.39688939,-0.30085981,0
0.24397755,-4.7738667,1.5197892,0.47404736,-0.84298325,0.25427991,0
-1.2652118,-4.4653568,1.4820396,-0.86715746,-0.39688939,0.30085981,0
-3.9760532,2.8067546,0.46371269,0.15269881,0.36312246,0.91914368,0
4.9103618,-2.1412985,0.66343331,0.47404736,-0.84298325,0.25427991,0
-1.5067714,4.2730637,-0.8889339,-0.47404736,0.84298325,-0.25427991,0
-3.5590563,1.4049807,1.2473838,0.15269881,0.36312246,0.91914368,0
-3.007314,3.3536425,-0.71099043,-0.47404736,0.84298325,-0.25427991,0
3.0298276,1.4834735,-0.99961257,0.86715746,0.39688939,-0.30085981,0
-3.2873197,-1.1628782,0.0083395839,-0.86715746,-0.39688939,0.30085981,0
0.29541659,-4.6765671,1.5925226,0.47404736,-0.84298325,0.25427991,0
-0.25402594,4.6473126,-1.6773586,-0.47404736,0.84298325,-0.25427991,0
4.3854194,-2.7972138,0.98512959,0.47404736,-0.84298325,0.25427991,0
-3.1970558,3.2320704,-0.49741268,-0.47404736,0.84298325,-0.25427991,0
4.3350735,-0.5633474,0.62425113,0.86715746,0.39688939,-0.30085981,0
-0.1585567,4.3185329,-2.7107551,-0.15269881,-0.36312246,-0.91914368,0
-0.91829062,-5.0204015,2.3271353,0.47404736,-0.84298325,0.25427991,0
0.90238559,2.0331216,0.28486204,0.15269881,0.36312246,0.91914368,0
0.86907721,-4.3517876,1.7383685,0.47404736,-0.84298325,0.25427991,0
3.7076123,0.70951498,0.052810311,0.86715746,0.39688939,-0.30085981,0
3.8636332,-3.1548023,-0.38642788,0.47404736,-0.84298325,0.25427991,0
0.58396673,3.3580799,-0.4936856,0.15269881,0.36312246,0.91914368,0
4.5492544,-2.5912528,0.60421371,0.47404736,-0.84298325,0.25427991,0
1.569047,3.8707471,-0.88760841,0.15269881,0.36312246,0.91914368,0
1.1724272,4.8757091,-2.3505311,0.86715746,0.39688939,-0.30085981,0
-0.79107189,-4.9049568,2.4771185,0.47404736,-0.84298325,0.25427991,0
-1.5421159,-0.40038925,-0.46404186,-0.15269881,-0.36312246,-0.91914368,0
-2.2822399,3.590693,-0.79425263,-0.47404736,0.84298325,-0.25427991,0
-0.73802328,-5.5967541,1.0721369,-0.15269881,-0.36312246,-0.91914368,0
-1.2540598,4.0204868,-1.5616729,-0.47404736,0.84298325,-0.25427991,0
-1.8470175,-3.37712,1.8449298,-0.86715746,-0.39688939,0.30085981,0
1.9051266,3.2451813,-2.3023181,0.86715746,0.39688939,-0.30085981,0
-1.8564878,-3.5181532,2.1525602,-0.86715746,-0.39688939,0.30085981,0
-2.9146063,1.8893284,0.63345408,0.15269881,0.36312246,0.91914368,0
5.1885557,-2.5449977,0.32383204,0.47404736,-0.84298325,0.25427991,0
-0.67590916,1.5879674,-1.7708049,-0.15269881,-0.36312246,-0.91914368,0
1.4720562,-3.8299246,1.8411775,0.47404736,-0.84298325,0.25427991,0
1.4276327,1.3290131,0.48337018,0.15269881,0.36312246,0.91914368,0
-0.86124825,-5.6798015,1.1592133,0.47404736,-0.84298325,0.25427991,0
1.0128124,-4.472528,0.38473201,0.47404736,-0.84298325,0.25427991,0
2.4675226,1.3858917,0.30971351,0.15269881,0.36312246,0.91914368,0
-5.1074266,2.3053062,-0.059746265,-0.86715746,-0.39688939,0.30085981,0
-0.12656474,4.8512063,-1.0169802,0.15269881,0.36312246,0.91914368,0
-4.9955482,2.9290943,0.55310011,-0.47404736,0.84298325,-0.25427991,0
2.2316856,-3.8578455,0.94994402,0.47404736,-0.84298325,0.25427991,0
4.3232689,-0.57867962,0.67536592,0.86715746,0.39688939,-0.30085981,0
2.7901182,1.972929,-1.1749773,0.86715746,0.39688939,-0.30085981,0
1.0045768,-3.7104945,0.075494528,-0.15269881,-0.36312246,-0.91914368,0
-1.5651026,-3.7109704,2.198247,-0.86715746,-0.39688939,0.30085981,0
0.82341337,5.0143852,-2.1176333,-0.47404736,0.84298325,-0.25427991,0
0.15759754,-5.1294832,1.0974929,0.47404736,-0.84298325,0.25427991,0
2.2832084,2.9346058,-0.74189538,0.86715746,0.39688939,-0.30085981,0
-2.9548979,3.1325698,-1.5838988,-0.47404736,0.84298325,-0.25427991,0
4.9511738,-1.2296095,0.48944998,0.86715746,0.39688939,-0.30085981,0
-2.3860366,-2.0449288,2.2756596,-0.86715746,-0.39688939,0.30085981,0
-1.8389297,-3.9472971,0.9065479,-0.86715746,-0.39688939,0.30085981,0
3.6856589,-0.40912402,-1.3949761,0.86715746,0.39688939,-0.30085981,0
3.1894665,-1.435047,1.0762079,0.15269881,0.36312246,0.91914368,0
-1.4316282,-2.9735551,0.1186403,-0.15269881,-0.36312246,-0.91914368,0
4.5784655,-2.6534777,0.45791292,0.47404736,-0.84298325,0.25427991,0
3.8651648,-3.2180278,0.58477974,0.47404736,-0.84298325,0.25427991,0
-0.14354587,-5.0927529,1.2299688,0.47404736,-0.84298325,0.25427991,0
3.1257417,-3.5520964,-0.016333103,0.47404736,-0.84298325,0.25427991,0
-3.9640739,0.3331843,1.0087252,-0.86715746,-0.39688939,0.30085981,0
2.5685987,2.5884593,-0.89966959,0.86715746,0.39688939,-0.30085981,0
-3.0754786,-0.96423799,-0.010360658,-0.15269881,-0.36312246,-0.91914368,0
-3.9204869,2.8722458,-1.1245108,-0.47404736,0.84298325,-0.25427991,0
-4.1470127,2.7541578,-0.62629366,-0.47404736,0.84298325,-0.25427991,0
-1.1963015,-4.3200154,2.4843321,-0.86715746,-0.39688939,0.30085981,0
-0.03208971,4.7959776,-2.1905091,-0.47404736,0.84298325,-0.25427991,0
-4.6697292,1.3402286,0.22920632,-0.86715746,-0.39688939,0.30085981,0
1.7386689,-3.6066236,2.0296147,0.47404736,-0.84298325,0.25427991,0
-0.11181951,-4.4608369,2.7658567,0.47404736,-0.84298325,0.25427991,0
3.506907,0.45091075,-1.4631087,0.86715746,0.39688939,-0.30085981,0
3.7277203,-1.7657897,-0.91154313,-0.15269881,-0.36312246,-0.91914368,0
-2.7497516,3.1841948,-1.8022802,-0.15269881,-0.36312246,-0.91914368,0
3.8848808,0.24647343,0.3151406,0.15269881,0.36312246,0.91914368,0
-2.1093836,4.0096545,-1.0202649,-0.47404736,0.84298325,-0.25427991,0
-0.25183702,4.995173,-0.75611162,0.15269881,0.36312246,0.91914368,0
-3.1317575,-1.5313761,0.32263619,-0.86715746,-0.39688939,0.30085981,0
1.0706105,2.2737596,-0.070831299,0.15269881,0.36312246,0.91914368,0
-1.4949477,4.1737456,-1.5260835,-0.47404736,0.84298325,-0.25427991,0
-0.80412912,-5.3699408,1.7011423,0.47404736,-0.84298325,0.25427991,0
4.6592369,-1.290459,0.52615166,0.86715746,0.39688939,-0.30085981,0
-1.1215239,3.7983494,-2.4136922,-0.47404736,0.84298325,-0.25427991,0
-4.6899567,1.6596272,0.6283679,-0.86715746,-0.39688939,0.30085981,0
1.6059294,3.6899281,-2.7721615,0.86715746,0.39688939,-0.30085981,0
-4.5373268,0.73729062,0.07749939,-0.86715746,-0.39688939,0.30085981,0
4.0293961,-2.4596417,1.2549388,0.47404736,-0.84298325,0.25427991,0
1.1931684,2.3558486,-0.19623506,0.15269881,0.36312246,0.91914368,0
0.58024836,2.7953615,0.10138929,0.15269881,0.36312246,0.91914368,0
-1.3685292,4.0734577,-1.0312347,-0.47404736,0.84298325,-0.25427991,0
-0.41016245,-1.545922,-0.43376535,-0.15269881,-0.36312246,-0.91914368,0
4.2557697,-2.5033629,0.95505452,0.47404736,-0.84298325,0.25427991,0
0.36372805,1.8056332,0.51208878,0.15269881,0.36312246,0.91914368,0
-0.61592072,0.057142735,1.267665,0.15269881,0.36312246,0.91914368,0
4.5760546,-1.6821308,-0.52442813,0.86715746,0.39688939,-0.30085981,0
-0.89526701,-4.475883,2.5933375,-0.86715746,-0.39688939,0.30085981,0
0.68551701,-1.5427358,-0.73276222,-0.15269881,-0.36312246,-0.91914368,0
2.9905555,-0.40006596,0.60883093,0.15269881,0.36312246,0.91914368,0
-0.1978626,0.99072164,-1.3492769,-0.15269881,-0.36312246,-0.91914368,0
-0.70480484,1.361369,0.8291198,0.15269881,0.36312246,0.91914368,0
-2.927264,3.2628605,-1.827961,-0.47404736,0.84298325,-0.25427991,0
3.9946015,-0.59169424,-1.1656315,0.86715746,0.39688939,-0.30085981,0
3.1925559,-3.4037867,0.52315426,0.47404736,-0.84298325,0.25427991,0
5.0544624,-1.6259031,0.70653296,0.86715746,0.39688939,-0.30085981,0
4.1973734,-0.65611273,-0.5200696,0.86715746,0.39688939,-0.30085981,0
-0.4999209,0.16958392,0.99419606,0.15269881,0.36312246,0.91914368,0
2.692203,-3.5435166,-0.21631527,-0.15269881,-0.36312246,-0.91914368,0
-0.94385093,4.55654,-1.1243176,-0.47404736,0.84298325,-0.25427991,0
2.4851711,1.9228978,-1.5641844,0.86715746,0.39688939,-0.30085981,0
3.0821638,1.3960773,-0.56744474,0.86715746,0.39688939,-0.30085981,0
0.57229054,-4.4923105,1.4302502,0.47404736,-0.84298325,0.25427991,0
3.1722567,-0.56084704,-1.2263824,-0.15269881,-0.36312246,-0.91914368,0
-3.3566356,3.1209238,-1.3150311,-0.47404736,0.84298325,-0.25427991,0
-4.7357435,1.5284064,-0.51012731,-0.86715746,-0.39688939,0.30085981,0
3.0443554,1.2587847,-1.1203907,0.86715746,0.39688939,-0.30085981,0
-0.62015605,-4.2816887,3.0517442,0.15269881,0.36312246,0.91914368,0
-1.2791965,-4.1450462,1.8633801,-0.86715746,-0.39688939,0.30085981,0
-0.2900424,-5.0302525,1.7678103,0.47404736,-0.84298325,0.25427991,0
2.1092038,1.549639,-1.9116757,-0.15269881,-0.36312246,-0.91914368,0
3.7692566,-3.325413,0.33988953,0.47404736,-0.84298325,0.25427991,0
2.8185239,-2.7732339,-0.38812518,-0.15269881,-0.36312246,-0.91914368,0
-3.1551099,3.4368987,-0.87768006,-0.47404736,0.84298325,-0.25427991,0
0.72969055,4.2117209,-0.58629799,0.15269881,0.36312246,0.91914368,0
-3.5117054,3.0817313,-0.6048944,-0.47404736,0.84298325,-0.25427991,0
-0.069031954,4.3618608,-2.7095127,-0.47404736,0.84298325,-0.25427991,0
1.2655964,5.2034006,-1.4230361,0.86715746,0.39688939,-0.30085981,0
-4.2630029,1.7957761,-1.2917526,-0.15269881,-0.36312246,-0.91914368,0
0.55411315,4.8975692,-3.038178,-0.47404736,0.84298325,-0.25427991,0
4.7699065,-1.0589705,0.19915462,0.86715746,0.39688939,-0.30085981,0
-3.6713414,3.0911367,-0.061710835,-0.47404736,0.84298325,-0.25427991,0
-2.4844394,3.3248682,-1.9870241,-0.47404736,0.84298325,-0.25427991,0
0.41640043,5.0407753,-1.989198,-0.47404736,0.84298325,-0.25427991,0
-4.5250559,2.8345625,-0.36562538,-0.47404736,0.84298325,-0.25427991,0
-3.9184821,-0.12367609,0.46224523,-0.86715746,-0.39688939,0.30085981,0
-2.0708096,3.3253317,-1.9586186,-0.15269881,-0.36312246,-0.91914368,0
0.11111093,-4.8640108,1.4354112,0.47404736,-0.84298325,0.25427991,0
3.1075196,-3.4288869,0.59099483,0.47404736,-0.84298325,0.25427991,0
2.6738501,2.3459437,-0.62380505,0.86715746,0.39688939,-0.30085981,0
1.5105424,-3.5629108,2.3105221,0.15269881,0.36312246,0.91914368,0
0.037919998,3.0481496,-2.2623086,-0.15269881,-0.36312246,-0.91914368,0
-0.68867987,2.573951,0.21730065,0.15269881,0.36312246,0.91914368,0
-0.90079951,-3.8752341,2.6220107,0.15269881,0.36312246,0.91914368,0
4.547472,-2.4443495,0.49778223,0.47404736,-0.84298325,0.25427991,0
-2.9793298,3.4098532,-1.485132,-0.47404736,0.84298325,-0.25427991,0
2.2875321,2.8687849,-0.92227829,0.86715746,0.39688939,-0.30085981,0
1.7691708,3.8147943,-1.6297989,0.86715746,0.39688939,-0.30085981,0
-1.4414097,-0.76883167,1.6752145,0.15269881,0.36312246,0.91914368,0
-2.5013332,3.7968547,-0.87586427,-0.47404736,0.84298325,-0.25427991,0
-1.4569509,-3.4003549,2.6565347,-0.86715746,-0.39688939,0.30085981,0
0.37223721,-1.9777944,1.857106,0.15269881,0.36312246,0.91914368,0
0.97019053,-2.1688848,1.5797577,0.15269881,0.36312246,0.91914368,0
-3.3098242,-0.047591567,1.500815,0.15269881,0.36312246,0.91914368,0
-3.531795,0.42034459,1.5494868,0.15269881,0.36312246,0.91914368,0
-2.6683693,-2.0070097,0.26710504,-0.15269881,-0.36312246,-0.91914368,0
-4.3675308,0.53107357,0.40145183,-0.86715746,-0.39688939,0.30085981,0
-3.1964533,3.6695495,-0.12979364,-0.47404736,0.84298325,-0.25427991,0
-1.8827202,3.9664745,-0.30421448,-0.47404736,0.84298325,-0.25427991,0
2.5727885,-2.6014717,1.8843114,0.15269881,0.36312246,0.91914368,0
-0.16072273,-4.737184,2.3213201,0.47404736,-0.84298325,0.25427991,0
-3.2124231,2.5059304,0.5031209,0.15269881,0.36312246,0.91914368,0
-0.45869911,4.8491917,-0.93166757,-0.47404736,0.84298325,-0.25427991,0
3.1738467,-2.5969658,-0.5559082,-0.15269881,-0.36312246,-0.91914368,0
3.7344501,0.67502642,-0.61609578,0.86715746,0.39688939,-0.30085981,0
3.2247686,1.156278,-0.60310018,0.86715746,0.39688939,-0.30085981,0
-1.0474172,-4.6389146,2.2178068,-0.86715746,-0.39688939,0.30085981,0
3.9535599,-3.1209593,-0.19249773,0.47404736,-0.84298325,0.25427991,0
0.7496748,5.2547932,-2.3570161,-0.47404736,0.84298325,-0.25427991,0
1.2526437,1.8587577,0.25449598,0.15269881,0.36312246,0.91914368,0
2.521683,2.5230334,-1.569809,0.86715746,0.39688939,-0.30085981,0
-1.6187563,3.9955044,-0.98863578,-0.47404736,0.84298325,-0.25427991,0
2.4667995,-2.9934468,1.9859388,0.15269881,0.36312246,0.91914368,0
-5.3218856,2.5381484,0.13368893,-0.86715746,-0.39688939,0.30085981,0
-2.0985169,-0.14941084,-0.7345646,-0.15269881,-0.36312246,-0.91914368,0
0.73911476,2.5204177,-2.1028867,-0.15269881,-0.36312246,-0.91914368,0
1.7836733,-4.0455165,0.14785528,-0.15269881,-0.36312246,-0.91914368,0
-2.3370726,3.9878149,-0.35122728,-0.47404736,0.84298325,-0.25427991,0
3.9435501,-0.44099736,-0.69440031,0.86715746,0.39688939,-0.30085981,0
-1.592452,3.7025878,-2.317626,-0.47404736,0.84298325,-0.25427991,0
4.2616138,-0.053697206,-0.071284533,0.86715746,0.39688939,-0.30085981,0
-3.075316,-1.2524486,1.1112194,-0.86715746,-0.39688939,0.30085981,0
4.5231428,-2.6588166,-0.22524405,0.47404736,-0.84298325,0.25427991,0
1.4307411,-1.2045175,-1.0522768,-0.15269881,-0.36312246,-0.91914368,0
-1.1043745,-0.7064755,1.3889658,0.15269881,0.36312246,0.91914368,0
2.6381032,1.526808,-1.4105464,0.86715746,0.39688939,-0.30085981,0
-0.32979345,4.5557103,-2.4694824,-0.47404736,0.84298325,-0.25427991,0
-3.415406,0.50152534,-0.59928608,-0.15269881,-0.36312246,-0.91914368,0
-2.8882091,0.38135016,1.4755632,0.15269881,0.36312246,0.91914368,0
1.2697217,4.8927875,-1.1690075,0.86715746,0.39688939,-0.30085981,0
-4.3577538,2.819792,-0.66874313,-0.47404736,0.84298325,-0.25427991,0
0.40356302,-4.3109622,1.9762776,0.47404736,-0.84298325,0.25427991,0
-0.10564089,-4.9057059,1.1190865,0.47404736,-0.84298325,0.25427991,0
1.8540777,-3.6860893,1.9657176,0.47404736,-0.84298325,0.25427991,0
2.6729596,1.2824006,-1.7155221,0.86715746,0.39688939,-0.30085981,0
5.1379471,-2.4192662,-0.16509056,0.86715746,0.39688939,-0.30085981,0
-2.4722843,-1.5564113,1.7917857,-0.86715746,-0.39688939,0.30085981,0
0.27324474,-1.1947331,1.4027838,0.15269881,0.36312246,0.91914368,0
-3.0884545,-0.45185339,-0.35881197,-0.15269881,-0.36312246,-0.91914368,0
3.6447108,-3.2395618,0.073517323,0.47404736,-0.84298325,0.25427991,0
-4.5478096,1.3200399,-0.78883052,-0.15269881,-0.36312246,-0.91914368,0
-0.76866937,-5.0152688,2.0391135,0.47404736,-0.84298325,0.25427991,0
-1.3304679,-3.4283986,2.7962534,-0.86715746,-0.39688939,0.30085981,0
3.8078964,-3.1946213,0.63883352,0.47404736,-0.84298325,0.25427991,0
3.5097523,-2.8768792,1.2915187,0.47404736,-0.84298325,0.25427991,0
1.797328,2.8784935,-2.2756324,0.86715746,0.39688939,-0.30085981,0
0.83505559,0.11518884,1.0654495,0.15269881,0.36312246,0.91914368,0
1.3796716,-4.2389164,1.2274446,0.47404736,-0.84298325,0.25427991,0
-0.094329,-3.5163176,0.49937654,-0.15269881,-0.36312246,-0.91914368,0
3.6906054,0.061392218,-0.61361229,0.86715746,0.39688939,-0.30085981,0
1.7237706,4.1932354,-1.4309391,0.86715746,0.39688939,-0.30085981,0
4.6356692,-1.189428,0.085663319,0.86715746,0.39688939,-0.30085981,0
3.524251,0.44795933,-0.86583018,0.86715746,0.39688939,-0.30085981,0
-4.8904257,1.7984765,0.51722145,-0.86715746,-0.39688939,0.30085981,0
-0.0035810471,-0.92407721,1.5094795,0.15269881,0.36312246,0.91914368,0
-2.2812629,-2.568635,1.5561533,-0.86715746,-0.39688939,0.30085981,0
1.9233655,-3.8285506,1.9905243,0.47404736,-0.84298325,0.25427991,0
-3.2293241,-1.5250831,0.1481061,-0.86715746,-0.39688939,0.30085981,0
-2.7277842,3.9180107,-0.18504429,-0.47404736,0.84298325,-0.25427991,0
-0.43541169,-5.0409327,1.2610955,0.47404736,-0.84298325,0.25427991,0
4.063859,-2.829483,0.29851007,0.47404736,-0.84298325,0.25427991,0
1.4516227,-2.2740397,-0.29224277,-0.15269881,-0.36312246,-0.91914368,0
-1.9625483,-3.1916511,0.58248258,-0.15269881,-0.36312246,-0.91914368,0
-1.7473412,-3.2622573,2.3449466,-0.86715746,-0.39688939,0.30085981,0
-4.4627862,0.54978991,-0.54580522,-0.86715746,-0.39688939,0.30085981,0
-1.3883855,1.5981452,0.78438759,0.15269881,0.36312246,0.91914368,0
-2.0782793,0.72431046,-0.87781012,-0.15269881,-0.36312246,-0.91914368,0
-1.931643,3.870997,-0.91469002,-0.47404736,0.84298325,-0.25427991,0
0.68634033,-4.6827297,1.2188206,0.47404736,-0.84298325,0.25427991,0
-2.0481308,-2.7642927,0.38207775,-0.15269881,-0.36312246,-0.91914368,0
5.008081,-1.540696,0.89629555,0.86715746,0.39688939,-0.30085981,0
1.0997794,-4.3653927,0.50320125,0.47404736,-0.84298325,0.25427991,0
-0.96661568,-0.68908072,1.5748823,0.15269881,0.36312246,0.91914368,0
3.3893011,1.2697845,-0.64891696,0.86715746,0.39688939,-0.30085981,0
3.8847136,-0.48010576,-1.0281637,0.86715746,0.39688939,-0.30085981,0
1.6146598,3.7563629,-1.639276,0.86715746,0.39688939,-0.30085981,0
-1.5056121,4.2623453,-0.26362371,-0.47404736,0.84298325,-0.25427991,0
1.0029771,0.31333327,0.99516857,0.15269881,0.36312246,0.91914368,0
-4.7625446,1.4764657,0.36198282,-0.86715746,-0.39688939,0.30085981,0
2.5212264,-4.0676489,0.17177057,0.47404736,-0.84298325,0.25427991,0
1.8463745,2.8964734,-2.1582742,0.86715746,0.39688939,-0.30085981,0
0.25625226,-1.0489573,1.4425685,0.15269881,0.36312246,0.91914368,0
-2.3516414,4.0245552,-0.37038517,-0.47404736,0.84298325,-0.25427991,0
0.77498829,-1.3428626,-0.61246884,-0.15269881,-0.36312246,-0.91914368,0
3.8862741,0.48666751,0.28759217,0.15269881,0.36312246,0.91914368,0
-0.8829813,-4.9576864,2.1608224,0.47404736,-0.84298325,0.25427991,0
-2.640384,-2.5109477,0.77993906,-0.86715746,-0.39688939,0.30085981,0
3.3502226,-0.97907007,-1.3102608,-0.15269881,-0.36312246,-0.91914368,0
-3.9032297,0.69037378,1.2428894,-0.86715746,-0.39688939,0.30085981,0
-2.6162927,-1.7970581,1.5280292,-0.86715746,-0.39688939,0.30085981,0
4.07372,-3.3156955,-0.5670681,0.47404736,-0.84298325,0.25427991,0
-2.5412169,-2.2132246,0.8123908,-0.86715746,-0.39688939,0.30085981,0
-2.2068498,-3.3558006,1.451591,-0.86715746,-0.39688939,0.30085981,0
0.88059616,5.3843598,-2.1247873,-0.47404736,0.84298325,-0.25427991,0
-0.096271515,4.9583797,-1.6678553,-0.47404736,0.84298325,-0.25427991,0
-3.9246874,0.30460802,0.33370638,-0.86715746,-0.39688939,0.30085981,0
-1.3439944,-4.1845264,2.2410474,-0.86715746,-0.39688939,0.30085981,0
0.29182708,-3.5890813,0.23374271,-0.15269881,-0.36312246,-0.91914368,0
-1.322034,4.3567863,-0.62996984,-0.47404736,0.84298325,-0.25427991,0
0.7487998,5.0629272,-2.6137128,-0.47404736,0.84298325,-0.25427991,0
1.6935123,-2.0426652,1.5378872,0.15269881,0.36312246,0.91914368,0
-2.4908175,2.6333945,-1.5349457,-0.15269881,-0.36312246,-0.91914368,0
-0.52753007,4.6646032,-0.84351778,-0.47404736,0.84298325,-0.25427991,0
-1.1486382,3.2655652,0.14101505,0.15269881,0.36312246,0.91914368,0
-2.7325199,-2.2606447,0.51405299,-0.86715746,-0.39688939,0.30085981,0
-3.8218389,0.27788877,0.88233662,-0.86715746,-0.39688939,0.30085981,0
-1.0810313,-0.59906125,1.558372,0.15269881,0.36312246,0.91914368,0
4.4912529,-1.2308506,0.18641472,0.86715746,0.39688939,-0.30085981,0
0.66767073,-4.525054,1.6541822,0.47404736,-0.84298325,0.25427991,0
3.9423606,-3.1060557,0.39132071,0.47404736,-0.84298325,0.25427991,0
0.57365894,3.4625988,-2.5595598,-0.15269881,-0.36312246,-0.91914368,0
0.91184145,-4.5600319,0.55910349,0.47404736,-0.84298325,0.25427991,0
-1.0896454,-0.82626504,-0.58289468,-0.15269881,-0.36312246,-0.91914368,0
-4.3421898,1.3071213,0.81423998,-0.86715746,-0.39688939,0.30085981,0
3.6300545,-3.3138406,-0.20675755,-0.15269881,-0.36312246,-0.91914368,0
-1.675101,-1.6709578,-0.26061639,-0.15269881,-0.36312246,-0.91914368,0
-3.2701993,3.084146,-1.1021454,-0.47404736,0.84298325,-0.25427991,0
1.1580203,2.5940773,0.013494253,0.15269881,0.36312246,0.91914368,0
5.2675552,-1.8447293,0.50266027,0.86715746,0.39688939,-0.30085981,0
-3.4141064,2.9373372,0.51539087,0.15269881,0.36312246,0.91914368,0
-4.5752592,2.3242943,-1.1241987,-0.47404736,0.84298325,-0.25427991,0
2.5569963,2.3889704,-0.74128085,0.86715746,0.39688939,-0.30085981,0
-3.6995652,2.8034859,-0.86908793,-0.47404736,0.84298325,-0.25427991,0
-4.6532278,2.1041896,1.0188024,-0.86715746,-0.39688939,0.30085981,0
-2.6951854,-1.0267594,1.8013637,0.15269881,0.36312246,0.91914368,0
-1.6964667,-3.2796414,2.5205336,-0.86715746,-0.39688939,0.30085981,0
2.0636256,2.5269525,-0.40636361,0.15269881,0.36312246,0.91914368,0
2.9931312,-3.437237,0.12966824,0.47404736,-0.84298325,0.25427991,0
-2.0521598,2.2888412,0.67870212,0.15269881,0.36312246,0.91914368,0
