3.1745038,0.099772573,1.3212074,0.89457858,-0.17412984,0.41159201,0
-1.4771355,-2.0838814,0.25259537,-0.43079033,-0.090858579,0.89786649,0
-2.3385866,-2.9590688,-2.5416131,-0.11894876,-0.98052204,-0.15629366,0
1.9511857,3.0815597,2.059988,0.11894876,0.98052204,0.15629366,0
2.8416493,-1.9322159,1.4442375,0.89457858,-0.17412984,0.41159201,0
-2.9583097,-1.2459522,-2.8399596,0.43079033,0.090858579,-0.89786649,0
-2.8992765,0.12070799,-1.6992716,-0.89457858,0.17412984,-0.41159201,0
-2.8413658,3.8097296,-0.15286684,0.11894876,0.98052204,0.15629366,0
2.6020107,-4.0020199,0.088021517,-0.11894876,-0.98052204,-0.15629366,0
3.0768495,1.1124457,2.2179403,0.89457858,-0.17412984,0.41159201,0
0.24659038,-3.5345993,0.3812933,-0.11894876,-0.98052204,-0.15629366,0
-2.8875728,-0.39563313,-2.1221704,-0.89457858,0.17412984,-0.41159201,0
0.83429241,-3.8314576,0.46962428,-0.11894876,-0.98052204,-0.15629366,0
-3.3962259,-1.1363139,-0.61817658,-0.43079033,-0.090858579,0.89786649,0
1.0327249,3.3923011,0.47839642,0.11894876,0.98052204,0.15629366,0
2.262095,-0.74475664,2.0259595,-0.43079033,-0.090858579,0.89786649,0
2.6101522,-2.6069484,1.6067061,0.89457858,-0.17412984,0.41159201,0
-3.4019399,-2.6923873,-1.6473951,-0.11894876,-0.98052204,-0.15629366,0
-1.8092256,4.0843172,-0.64914703,0.11894876,0.98052204,0.15629366,0
2.5600049,-4.0108981,0.55575681,-0.11894876,-0.98052204,-0.15629366,0
-1.7636044,4.0046482,-1.4433942,0.11894876,0.98052204,0.15629366,0
0.40483069,3.1986864,1.6274807,-0.43079033,-0.090858579,0.89786649,0
-3.1092472,2.2852476,-0.49399495,-0.89457858,0.17412984,-0.41159201,0
3.6625769,0.65544295,1.1647857,0.89457858,-0.17412984,0.41159201,0
-1.5820866,-3.170145,-0.96236789,-0.11894876,-0.98052204,-0.15629366,0
-1.3259723,-3.313714,-0.96905035,-0.11894876,-0.98052204,-0.15629366,0
-3.2946279,2.4861712,-0.22599268,-0.43079033,-0.090858579,0.89786649,0
-2.0416465,-3.2588177,-1.1956432,-0.11894876,-0.98052204,-0.15629366,0
1.1469629,-0.45703784,1.6371361,-0.43079033,-0.090858579,0.89786649,0
2.5784335,-2.681917,2.0439909,0.89457858,-0.17412984,0.41159201,0
-1.2304437,3.7198031,-1.0908461,0.11894876,0.98052204,0.15629366,0
1.7904402,-2.7998722,1.6996298,-0.43079033,-0.090858579,0.89786649,0
2.5911403,2.4571688,2.4311934,-0.43079033,-0.090858579,0.89786649,0
-2.9550486,-2.7024369,-2.7232947,-0.11894876,-0.98052204,-0.15629366,0
2.4869137,2.9252834,0.94762272,0.11894876,0.98052204,0.15629366,0
-3.642926,-1.1996114,-1.3574991,-0.89457858,0.17412984,-0.41159201,0
-2.9849615,0.013620019,-1.5729417,-0.89457858,0.17412984,-0.41159201,0
-3.5003438,-1.9828196,-1.2686036,-0.89457858,0.17412984,-0.41159201,0
-2.8375163,3.6264026,0.17501926,-0.43079033,-0.090858579,0.89786649,0
0.31895924,3.2397273,1.143374,0.11894876,0.98052204,0.15629366,0
-2.8902173,1.2905653,-1.4496913,-0.89457858,0.17412984,-0.41159201,0
3.639811,1.0717145,1.2606523,0.89457858,-0.17412984,0.41159201,0
3.060482,2.8615344,1.1361121,0.11894876,0.98052204,0.15629366,0
2.7675903,-1.5333343,1.7910409,0.89457858,-0.17412984,0.41159201,0
3.6343923,0.61166954,1.3160981,0.89457858,-0.17412984,0.41159201,0
-0.44049406,-3.5218315,0.12477887,-0.11894876,-0.98052204,-0.15629366,0
3.0135562,-1.625533,0.22534251,0.43079033,0.090858579,-0.89786649,0
2.6627059,2.6387548,2.6052327,0.11894876,0.98052204,0.15629366,0
2.3005443,-3.0173328,-0.4222095,0.43079033,0.090858579,-0.89786649,0
2.7561066,1.2111191,0.44506609,0.43079033,0.090858579,-0.89786649,0
1.1895645,2.9244576,-0.27583903,0.43079033,0.090858579,-0.89786649,0
3.2643354,0.65568101,1.21112,0.89457858,-0.17412984,0.41159201,0
2.8095813,-1.9569523,1.9422374,0.89457858,-0.17412984,0.41159201,0
3.0563889,-2.0329785,0.36210632,0.43079033,0.090858579,-0.89786649,0
2.5437975,-2.8104589,2.0058558,0.89457858,-0.17412984,0.41159201,0
3.131283,1.9996369,2.1188164,0.89457858,-0.17412984,0.41159201,0
1.021594,-3.770041,1.0980618,-0.11894876,-0.98052204,-0.15629366,0
-2.0418909,0.94922042,0.11534572,-0.43079033,-0.090858579,0.89786649,0
1.7234249,-3.7904923,0.080604076,-0.11894876,-0.98052204,-0.15629366,0
-3.5212412,0.42821741,-0.66771388,-0.89457858,0.17412984,-0.41159201,0
-3.4597266,-1.9565639,-2.1167219,-0.89457858,0.17412984,-0.41159201,0
-2.3245242,2.9670696,-1.7797408,-0.89457858,0.17412984,-0.41159201,0
-0.12410975,-3.6447628,-0.65635478,-0.11894876,-0.98052204,-0.15629366,0
-1.973417,3.8250434,-0.40619969,0.11894876,0.98052204,0.15629366,0
-3.3935568,1.8702887,-0.45117497,-0.89457858,0.17412984,-0.41159201,0
3.4861472,1.6432939,2.089453,0.89457858,-0.17412984,0.41159201,0
-3.8978181,-2.5971982,-1.275959,-0.89457858,0.17412984,-0.41159201,0
0.77069551,1.5031657,1.7573754,-0.43079033,-0.090858579,0.89786649,0
-2.273664,4.0315003,-0.91125536,0.11894876,0.98052204,0.15629366,0
1.7349057,2.8861094,1.7983243,0.11894876,0.98052204,0.15629366,0
-2.8776479,1.5557026,-0.039181232,-0.43079033,-0.090858579,0.89786649,0
4.074791,2.0099027,0.97814834,0.89457858,-0.17412984,0.41159201,0
2.2266629,3.2777572,0.74319041,0.11894876,0.98052204,0.15629366,0
2.0223913,-3.9005086,0.34625626,-0.11894876,-0.98052204,-0.15629366,0
0.20170999,-2.2873487,-1.3778245,0.43079033,0.090858579,-0.89786649,0
-2.545435,-3.0635252,-1.1918844,-0.11894876,-0.98052204,-0.15629366,0
0.86513507,-0.15867424,1.4010284,-0.43079033,-0.090858579,0.89786649,0
-2.290525,-0.63823032,-2.4708915,0.43079033,0.090858579,-0.89786649,0
0.077614307,-0.77159142,1.2222955,-0.43079033,-0.090858579,0.89786649,0
2.5323668,3.1939476,1.1644083,0.11894876,0.98052204,0.15629366,0
1.8779731,3.2973332,0.20188665,0.11894876,0.98052204,0.15629366,0
1.7186767,-3.1112781,-0.55502129,0.43079033,0.090858579,-0.89786649,0
-0.11624241,3.8048215,-0.44696617,0.11894876,0.98052204,0.15629366,0
1.5181426,-2.0818601,1.8346832,-0.43079033,-0.090858579,0.89786649,0
2.5494647,-2.6125076,1.8633754,-0.43079033,-0.090858579,0.89786649,0
2.7463834,-1.6035646,1.5076456,0.89457858,-0.17412984,0.41159201,0
-2.4694829,-2.3353198,-0.49945867,-0.43079033,-0.090858579,0.89786649,0
2.9701998,2.7143831,2.5398178,0.11894876,0.98052204,0.15629366,0
0.73680568,-3.6797583,0.27511978,-0.11894876,-0.98052204,-0.15629366,0
2.1464281,-0.7608757,2.0985866,-0.43079033,-0.090858579,0.89786649,0
-2.2471528,-3.1871433,-0.95157647,-0.11894876,-0.98052204,-0.15629366,0
3.4167261,0.18840992,0.90089083,0.89457858,-0.17412984,0.41159201,0
-2.2773042,-0.27461818,-2.1657612,0.43079033,0.090858579,-0.89786649,0
-0.55421257,-3.339155,-0.7127862,-0.11894876,-0.98052204,-0.15629366,0
-1.6236652,-2.0390182,-2.1482692,0.43079033,0.090858579,-0.89786649,0
-0.70928478,-2.2791677,0.58188117,-0.43079033,-0.090858579,0.89786649,0
0.14567113,-3.4025583,-0.94543469,-0.11894876,-0.98052204,-0.15629366,0
-1.2777278,-0.49160063,0.63230669,-0.43079033,-0.090858579,0.89786649,0
-1.1992283,-3.5432105,-0.20680678,-0.11894876,-0.98052204,-0.15629366,0
-0.11174721,1.2316521,1.3588364,-0.43079033,-0.090858579,0.89786649,0
-3.2970026,-3.1123941,-0.91305816,-0.11894876,-0.98052204,-0.15629366,0
2.2350621,3.1431415,1.8453164,0.11894876,0.98052204,0.15629366,0
3.4452734,-3.0851409,0.17243361,0.89457858,-0.17412984,0.41159201,0
1.5577601,1.0406656,2.1136091,-0.43079033,-0.090858579,0.89786649,0
3.4803162,2.8231397,2.4175699,0.11894876,0.98052204,0.15629366,0
1.6933258,-0.36278301,2.022366,-0.43079033,-0.090858579,0.89786649,0
2.4475348,-4.0140119,-0.021247864,-0.11894876,-0.98052204,-0.15629366,0
3.5248382,1.5130904,1.4101343,0.89457858,-0.17412984,0.41159201,0
-2.6527867,0.19129384,-2.2109115,-0.89457858,0.17412984,-0.41159201,0
0.96158069,-0.96594226,-0.52939719,0.43079033,0.090858579,-0.89786649,0
2.9854574,-0.28380984,2.0335824,0.89457858,-0.17412984,0.41159201,0
2.9927142,-0.45366967,1.9164952,0.89457858,-0.17412984,0.41159201,0
-1.120095,-0.38691592,0.45154411,-0.43079033,-0.090858579,0.89786649,0
-3.9324155,-1.6674317,-1.0537071,-0.89457858,0.17412984,-0.41159201,0
-0.64939541,1.5185754,1.0163174,-0.43079033,-0.090858579,0.89786649,0
2.5176954,-0.99924189,2.0412781,-0.43079033,-0.090858579,0.89786649,0
3.2208815,2.2516923,2.2952454,0.89457858,-0.17412984,0.41159201,0
2.2556658,1.2923836,-0.054276288,0.43079033,0.090858579,-0.89786649,0
-1.9348367,3.6169188,0.75707889,-0.43079033,-0.090858579,0.89786649,0
1.4961364,2.4563,2.0533655,-0.43079033,-0.090858579,0.89786649,0
1.7011592,-1.7677507,1.5495763,-0.43079033,-0.090858579,0.89786649,0
1.8470545,-1.211185,1.8744535,-0.43079033,-0.090858579,0.89786649,0
-0.3284955,3.6558495,-0.59865522,0.11894876,0.98052204,0.15629366,0
0.062217951,3.4867749,0.97920144,0.11894876,0.98052204,0.15629366,0
3.569396,1.3939877,1.5991887,0.89457858,-0.17412984,0.41159201,0
-3.1742718,-1.3548617,-2.5268271,-0.89457858,0.17412984,-0.41159201,0
-3.6065176,-1.6446757,-1.7972202,-0.89457858,0.17412984,-0.41159201,0
2.9879394,-3.7455201,0.42497826,0.89457858,-0.17412984,0.41159201,0
3.6157289,2.0125494,1.5669986,0.89457858,-0.17412984,0.41159201,0
-0.76741046,-1.119591,-1.4585565,0.43079033,0.090858579,-0.89786649,0
-0.37279975,1.4070179,-1.1939089,0.43079033,0.090858579,-0.89786649,0
-2.6338472,-2.7464352,-2.5466385,-0.11894876,-0.98052204,-0.15629366,0
0.86507988,3.131356,0.8715179,0.11894876,0.98052204,0.15629366,0
2.2552066,3.04354,2.4553428,0.11894876,0.98052204,0.15629366,0
1.0252197,-2.0477357,1.3636554,-0.43079033,-0.090858579,0.89786649,0
-2.0105052,-0.79434109,0.029290736,-0.43079033,-0.090858579,0.89786649,0
0.80380666,0.22854146,1.4480019,-0.43079033,-0.090858579,0.89786649,0
2.579874,-3.9366112,-0.15791655,-0.11894876,-0.98052204,-0.15629366,0
-3.4587214,1.56288,-0.45294499,-0.89457858,0.17412984,-0.41159201,0
-3.0839686,3.4658279,-0.78592157,-0.89457858,0.17412984,-0.41159201,0
-0.88817066,0.65779018,0.91193986,-0.43079033,-0.090858579,0.89786649,0
2.9291837,-3.9917719,0.6845789,0.89457858,-0.17412984,0.41159201,0
2.9960964,3.0796676,0.54240304,0.43079033,0.090858579,-0.89786649,0
1.358068,3.245054,1.2386423,0.11894876,0.98052204,0.15629366,0
-2.890811,-1.0008005,-0.31111944,-0.43079033,-0.090858579,0.89786649,0
-0.049126983,0.32838285,-1.0087914,0.43079033,0.090858579,-0.89786649,0
-1.6399908,-3.2778988,-1.2397633,-0.11894876,-0.98052204,-0.15629366,0
0.086436391,2.1670878,1.3607925,-0.43079033,-0.090858579,0.89786649,0
-0.13438535,3.6873202,-0.51472855,0.11894876,0.98052204,0.15629366,0
3.2414546,0.59777415,1.2649064,0.89457858,-0.17412984,0.41159201,0
3.1802254,1.4932921,2.0336597,0.89457858,-0.17412984,0.41159201,0
1.6371565,-3.8389287,0.98081851,-0.11894876,-0.98052204,-0.15629366,0
1.0635251,2.5621996,1.9984447,-0.43079033,-0.090858579,0.89786649,0
-0.8848114,3.848726,0.092165947,0.11894876,0.98052204,0.15629366,0
-0.062603712,-3.682205,0.63820028,-0.11894876,-0.98052204,-0.15629366,0
0.4612475,-0.74800372,1.2931814,-0.43079033,-0.090858579,0.89786649,0
3.6250668,2.7173438,1.3834451,0.89457858,-0.17412984,0.41159201,0
-2.2300076,3.8308275,-1.7049103,0.43079033,0.090858579,-0.89786649,0
-1.2747742,-1.5555241,0.22682808,-0.43079033,-0.090858579,0.89786649,0
0.28424382,3.6491747,0.15097499,0.11894876,0.98052204,0.15629366,0
-3.5769997,-1.2523365,-1.4785681,-0.89457858,0.17412984,-0.41159201,0
-1.6253486,1.844414,0.72095919,-0.43079033,-0.090858579,0.89786649,0
3.251931,2.8376312,1.0787408,0.11894876,0.98052204,0.15629366,0
1.5410795,-4.0396914,1.1196091,-0.11894876,-0.98052204,-0.15629366,0
-1.0024595,-3.3703995,-1.0777487,-0.11894876,-0.98052204,-0.15629366,0
-0.47561312,3.355464,0.96137047,0.11894876,0.98052204,0.15629366,0
-0.32938766,-3.1660986,-1.6508453,-0.11894876,-0.98052204,-0.15629366,0
-0.298069,-3.26878,-1.3811845,-0.11894876,-0.98052204,-0.15629366,0
-3.2828119,-2.2711875,-2.3436947,-0.89457858,0.17412984,-0.41159201,0
1.7869122,-2.9951243,1.6272314,-0.43079033,-0.090858579,0.89786649,0
-1.6074357,3.3390048,-1.7122326,0.43079033,0.090858579,-0.89786649,0
3.2981634,0.13008535,1.3743858,0.89457858,-0.17412984,0.41159201,0
0.10085344,-3.3699515,0.89874065,-0.43079033,-0.090858579,0.89786649,0
-3.3423362,3.3516803,-0.011505604,-0.89457858,0.17412984,-0.41159201,0
-0.10495269,-1.9361269,-1.2064071,0.43079033,0.090858579,-0.89786649,0
2.3393881,0.69059455,0.2238462,0.43079033,0.090858579,-0.89786649,0
-0.34106445,-3.5464163,-0.15609527,-0.11894876,-0.98052204,-0.15629366,0
3.1676402,1.8199918,2.4980619,0.89457858,-0.17412984,0.41159201,0
-0.27920592,1.1697806,1.136533,-0.43079033,-0.090858579,0.89786649,0
-2.8816175,3.5986793,-0.66955543,-0.89457858,0.17412984,-0.41159201,0
-2.3371112,2.0518095,0.12768316,-0.43079033,-0.090858579,0.89786649,0
1.9416187,-1.7521987,-0.27168417,0.43079033,0.090858579,-0.89786649,0
1.1360922,-3.5554669,0.16614199,-0.11894876,-0.98052204,-0.15629366,0
0.24317466,-0.38267261,-0.90456414,0.43079033,0.090858579,-0.89786649,0
-3.1962752,-2.9707401,-1.963037,-0.11894876,-0.98052204,-0.15629366,0
3.5232749,-0.57654285,0.49931288,0.89457858,-0.17412984,0.41159201,0
-3.1601908,2.622344,-0.62830162,-0.89457858,0.17412984,-0.41159201,0
2.840055,2.0771742,2.7732589,0.89457858,-0.17412984,0.41159201,0
2.9850883,-1.2353339,1.3000867,0.89457858,-0.17412984,0.41159201,0
1.4514773,3.1650882,2.0167847,-0.43079033,-0.090858579,0.89786649,0
1.6715938,-3.4354062,-0.86836576,0.43079033,0.090858579,-0.89786649,0
2.555809,-3.9778075,1.3579357,0.89457858,-0.17412984,0.41159201,0
0.45326138,3.5066328,0.44343495,0.11894876,0.98052204,0.15629366,0
1.5139233,2.9620855,1.9211521,0.11894876,0.98052204,0.15629366,0
-1.3182642,3.7578671,-0.81232834,0.11894876,0.98052204,0.15629366,0
2.9617624,-2.1843715,1.156323,0.89457858,-0.17412984,0.41159201,0
-3.54532,-2.1618059,-1.8831489,-0.89457858,0.17412984,-0.41159201,0
2.5363498,-3.5689659,1.4364591,0.89457858,-0.17412984,0.41159201,0
-0.37912059,3.4189241,0.0175879,0.11894876,0.98052204,0.15629366,0
3.0343316,-3.0821233,0.47309422,0.89457858,-0.17412984,0.41159201,0
3.2598403,2.1009617,1.9508258,0.89457858,-0.17412984,0.41159201,0
3.2898445,-2.0884764,0.54385161,0.89457858,-0.17412984,0.41159201,0
-3.2765026,0.71923959,-1.2407577,-0.89457858,0.17412984,-0.41159201,0
-3.2611613,1.9605398,-0.71822357,-0.89457858,0.17412984,-0.41159201,0
0.1045208,3.0401285,1.4203541,-0.43079033,-0.090858579,0.89786649,0
2.5822392,3.0457733,1.0084269,0.11894876,0.98052204,0.15629366,0
-2.3943286,-0.086368084,0.10544932,-0.43079033,-0.090858579,0.89786649,0
-3.5182397,1.105953,-0.6026752,-0.89457858,0.17412984,-0.41159201,0
2.5339026,-3.9184647,1.5391557,-0.11894876,-0.98052204,-0.15629366,0
0.9241178,-3.4798889,-0.33715725,-0.11894876,-0.98052204,-0.15629366,0
-1.4636809,-0.79680908,0.44188741,-0.43079033,-0.090858579,0.89786649,0
-1.7305634,-1.4810069,0.34804726,-0.43079033,-0.090858579,0.89786649,0
2.3042328,3.2973101,0.81421506,0.11894876,0.98052204,0.15629366,0
1.3733711,-0.52102447,-0.52525681,0.43079033,0.090858579,-0.89786649,0
-2.8893013,2.6754479,0.081382751,-0.43079033,-0.090858579,0.89786649,0
-3.1104932,0.14500904,-0.15273607,-0.43079033,-0.090858579,0.89786649,0
-3.0933747,-2.9604673,-2.0752988,-0.11894876,-0.98052204,-0.15629366,0
-0.9519515,-2.425863,-1.6104074,0.43079033,0.090858579,-0.89786649,0
-3.0118577,-2.1533568,-2.9016507,-0.89457858,0.17412984,-0.41159201,0
-1.1158407,-2.8314204,-1.8866261,0.43079033,0.090858579,-0.89786649,0
0.055008411,3.4773631,-0.24992895,0.11894876,0.98052204,0.15629366,0
2.9289746,2.9017971,0.92308086,0.11894876,0.98052204,0.15629366,0
-3.4508166,-2.9445314,-1.297222,-0.11894876,-0.98052204,-0.15629366,0
-3.3101196,-3.0915165,-0.74057829,-0.43079033,-0.090858579,0.89786649,0
-0.66466522,3.6088765,1.0395116,0.11894876,0.98052204,0.15629366,0
-2.1270771,0.17349064,0.20115745,-0.43079033,-0.090858579,0.89786649,0
2.9682932,0.82983959,2.002847,0.89457858,-0.17412984,0.41159201,0
1.9465952,-4.0738001,1.5520535,-0.11894876,-0.98052204,-0.15629366,0
-2.2685859,3.9916501,-0.63072562,0.11894876,0.98052204,0.15629366,0
0.69027686,-3.0464935,-0.92082679,0.43079033,0.090858579,-0.89786649,0
-3.1816361,1.7233979,-1.1129704,-0.89457858,0.17412984,-0.41159201,0
-3.533566,0.11816883,-0.51415086,-0.89457858,0.17412984,-0.41159201,0
1.5450748,-2.0643263,-0.50851643,0.43079033,0.090858579,-0.89786649,0
0.5218823,-2.5872555,1.2225271,-0.43079033,-0.090858579,0.89786649,0
-0.86499357,3.4242804,0.58344865,0.11894876,0.98052204,0.15629366,0
2.3638558,-3.826514,0.26526642,-0.11894876,-0.98052204,-0.15629366,0
-2.8096757,2.3234677,-1.8620791,-0.89457858,0.17412984,-0.41159201,0
-3.1644211,-2.2250872,-2.1623883,-0.89457858,0.17412984,-0.41159201,0
-2.9356093,0.59877348,-0.30187178,-0.43079033,-0.090858579,0.89786649,0
-2.9413552,2.986969,-0.82665753,-0.89457858,0.17412984,-0.41159201,0
2.4895873,-3.7141702,1.5098114,0.89457858,-0.17412984,0.41159201,0
3.5224681,0.43340135,1.092566,0.89457858,-0.17412984,0.41159201,0
2.6945305,-2.8965163,1.3741291,0.89457858,-0.17412984,0.41159201,0
2.277823,-3.2717881,1.8430879,-0.43079033,-0.090858579,0.89786649,0
-1.4665627,3.99265,-1.2255781,0.43079033,0.090858579,-0.89786649,0
-0.95145464,4.0488348,-1.141293,0.11894876,0.98052204,0.15629366,0
-3.0488272,3.7465484,-0.6218493,-0.89457858,0.17412984,-0.41159201,0
-0.80110312,3.6525311,1.0044906,0.11894876,0.98052204,0.15629366,0
-3.4228816,0.44280815,-0.35328197,-0.43079033,-0.090858579,0.89786649,0
0.47190475,3.1519709,-0.52965581,0.43079033,0.090858579,-0.89786649,0
-2.8904564,2.3231797,-1.1424847,-0.89457858,0.17412984,-0.41159201,0
-0.44678879,-2.4750259,0.77905273,-0.43079033,-0.090858579,0.89786649,0
0.047314405,3.1676197,1.5975776,0.11894876,0.98052204,0.15629366,0
-2.0829511,-2.3251836,-0.13947198,-0.43079033,-0.090858579,0.89786649,0
3.1541927,-3.5161917,0.26403666,0.89457858,-0.17412984,0.41159201,0
-2.9714584,2.8460994,-1.2288837,-0.89457858,0.17412984,-0.41159201,0
-2.7180874,3.7903287,-1.4319413,-0.89457858,0.17412984,-0.41159201,0
-3.0832157,-3.0753016,-2.0316892,-0.11894876,-0.98052204,-0.15629366,0
-3.2144072,0.91062999,-0.25836229,-0.43079033,-0.090858579,0.89786649,0
2.8430512,-2.6439843,1.2064166,0.89457858,-0.17412984,0.41159201,0
-1.0305505,3.5643415,0.080079556,0.11894876,0.98052204,0.15629366,0
-1.630049,3.232857,-1.3988817,0.43079033,0.090858579,-0.89786649,0
3.4633484,-1.312813,0.53131557,0.89457858,-0.17412984,0.41159201,0
-2.9660702,-1.5242699,-2.3339176,-0.89457858,0.17412984,-0.41159201,0
-2.1748273,4.0104222,-0.56560373,0.11894876,0.98052204,0.15629366,0
-3.5501814,0.84998465,-0.54635048,-0.89457858,0.17412984,-0.41159201,0
-0.8009057,3.9402032,-0.87914181,0.11894876,0.98052204,0.15629366,0
-3.2788999,-1.0755993,-1.4378452,-0.89457858,0.17412984,-0.41159201,0
3.4818637,-0.80691457,0.46647811,0.89457858,-0.17412984,0.41159201,0
2.3503461,-2.6771507,-0.086671591,0.43079033,0.090858579,-0.89786649,0
-1.5078402,3.9970708,-1.1690836,0.11894876,0.98052204,0.15629366,0
-3.5835345,-0.77920425,-0.96098423,-0.89457858,0.17412984,-0.41159201,0
2.8658514,0.99130201,0.25568414,0.43079033,0.090858579,-0.89786649,0
3.2272983,-0.57228458,1.0307894,0.89457858,-0.17412984,0.41159201,0
-3.4427176,-1.7200665,-1.9148266,-0.89457858,0.17412984,-0.41159201,0
2.7915604,-1.9419136,1.1643977,0.89457858,-0.17412984,0.41159201,0
-0.03655982,3.396831,-0.90658557,0.43079033,0.090858579,-0.89786649,0
-2.7709217,1.6922473,-1.82951,-0.89457858,0.17412984,-0.41159201,0
2.2084415,-4.1060781,0.64111137,-0.11894876,-0.98052204,-0.15629366,0
2.9125123,1.3591945,2.7802703,0.89457858,-0.17412984,0.41159201,0
2.2626276,3.0186615,1.9136689,0.11894876,0.98052204,0.15629366,0
3.088568,-1.6165287,1.5081456,0.89457858,-0.17412984,0.41159201,0
2.8146579,-1.8966649,1.3111193,0.89457858,-0.17412984,0.41159201,0
0.74705398,-1.5332233,1.2683898,-0.43079033,-0.090858579,0.89786649,0
2.8892293,1.180881,2.6535392,-0.43079033,-0.090858579,0.89786649,0
3.1070323,0.74574649,1.8134342,0.89457858,-0.17412984,0.41159201,0
0.5040977,3.24933,1.6206901,0.11894876,0.98052204,0.15629366,0
-3.7375829,-0.42813563,-0.7307868,-0.89457858,0.17412984,-0.41159201,0
2.5754375,-3.5206156,0.94533062,0.89457858,-0.17412984,0.41159201,0
0.97581196,-3.9695389,0.74016786,-0.11894876,-0.98052204,-0.15629366,0
3.6437192,1.6014632,1.1307999,0.89457858,-0.17412984,0.41159201,0
-1.8217945,1.6117331,0.26869202,-0.43079033,-0.090858579,0.89786649,0
-0.83413315,-3.5968239,-0.47156262,-0.11894876,-0.98052204,-0.15629366,0
3.3944826,1.7579079,1.8735576,0.89457858,-0.17412984,0.41159201,0
3.6730666,2.1475947,1.7517283,0.89457858,-0.17412984,0.41159201,0
0.81931806,-3.4933884,-0.9811939,0.43079033,0.090858579,-0.89786649,0
-1.4292278,3.888027,-0.15226912,0.11894876,0.98052204,0.15629366,0
-3.5338254,-1.3791462,-0.83913648,-0.43079033,-0.090858579,0.89786649,0
-3.1526384,0.9806143,-1.5165269,-0.89457858,0.17412984,-0.41159201,0
-2.1850076,3.8032472,-0.83685732,0.11894876,0.98052204,0.15629366,0
-2.9109464,-0.89841449,-0.38304973,-0.43079033,-0.090858579,0.89786649,0
-1.1565559,-3.4873178,0.34295988,-0.43079033,-0.090858579,0.89786649,0
-3.298033,2.2723594,-0.80149913,-0.89457858,0.17412984,-0.41159201,0
-2.9476876,3.6798792,-0.89529443,-0.89457858,0.17412984,-0.41159201,0
1.7084363,3.2283587,-0.10716462,0.11894876,0.98052204,0.15629366,0
3.0724254,-3.7852588,0.34501696,0.89457858,-0.17412984,0.41159201,0
1.0142353,3.2602701,1.4233154,0.11894876,0.98052204,0.15629366,0
-2.4067452,1.3752176,0.060698748,-0.43079033,-0.090858579,0.89786649,0
-1.1533132,2.4531291,-1.3745149,0.43079033,0.090858579,-0.89786649,0
-3.0052896,1.4678915,-1.2925844,-0.89457858,0.17412984,-0.41159201,0
0.51079798,3.0557013,1.5806909,-0.43079033,-0.090858579,0.89786649,0
2.9695997,-0.65350389,0.044108152,0.43079033,0.090858579,-0.89786649,0
0.59949178,-1.8410447,-1.1224415,0.43079033,0.090858579,-0.89786649,0
-3.4370112,-0.46991527,-1.398918,-0.89457858,0.17412984,-0.41159201,0
2.2625303,-3.9903097,1.3820884,-0.11894876,-0.98052204,-0.15629366,0
-3.1265979,1.164835,-0.73268056,-0.89457858,0.17412984,-0.41159201,0
-3.4874079,-2.382386,-1.9362019,-0.89457858,0.17412984,-0.41159201,0
3.4420097,1.6066788,2.1757672,0.89457858,-0.17412984,0.41159201,0
-0.58117914,2.0610824,-1.1730549,0.43079033,0.090858579,-0.89786649,0
-1.7298613,3.6681335,0.087312698,0.11894876,0.98052204,0.15629366,0
-2.6098516,4.0248756,-0.43500137,0.11894876,0.98052204,0.15629366,0
-1.9190879,0.82413214,-1.9598849,0.43079033,0.090858579,-0.89786649,0
0.92229414,-3.6715775,-0.46497869,-0.11894876,-0.98052204,-0.15629366,0
-0.67842412,-3.4453969,0.10713196,-0.11894876,-0.98052204,-0.15629366,0
1.0984087,-3.485219,1.2157006,-0.43079033,-0.090858579,0.89786649,0
2.0273478,-1.8088119,2.1195664,-0.43079033,-0.090858579,0.89786649,0
3.647824,0.66711462,0.85098839,0.89457858,-0.17412984,0.41159201,0
1.9298048,3.1186514,1.0541753,0.11894876,0.98052204,0.15629366,0
-2.4926643,-2.7949765,-2.4080348,-0.11894876,-0.98052204,-0.15629366,0
3.1734469,0.77723765,0.64278388,0.43079033,0.090858579,-0.89786649,0
0.22581269,0.021837652,1.1130254,-0.43079033,-0.090858579,0.89786649,0
-1.6494761,-3.1708591,-1.9301929,-0.11894876,-0.98052204,-0.15629366,0
-0.36287749,1.3624806,-1.3563761,0.43079033,0.090858579,-0.89786649,0
-2.9615326,-1.4379535,-0.25709981,-0.43079033,-0.090858579,0.89786649,0
-0.36026651,1.4505944,0.99657762,-0.43079033,-0.090858579,0.89786649,0
-3.9510741,-1.9648856,-1.134944,-0.89457858,0.17412984,-0.41159201,0
-1.6035662,3.8934975,-1.2909894,0.11894876,0.98052204,0.15629366,0
-3.5918617,-2.2915807,-1.3952286,-0.89457858,0.17412984,-0.41159201,0
-2.6174006,-0.49625814,-2.5724189,0.43079033,0.090858579,-0.89786649,0
0.35554481,-3.843869,0.60889411,-0.11894876,-0.98052204,-0.15629366,0
3.5293026,-1.0634519,0.84706521,0.89457858,-0.17412984,0.41159201,0
-1.6994305,4.0579362,-1.5052807,0.11894876,0.98052204,0.15629366,0
-0.51860213,-3.4802129,-0.33984661,-0.11894876,-0.98052204,-0.15629366,0
-0.05107069,3.5273418,-0.43287134,0.11894876,0.98052204,0.15629366,0
-0.18023467,3.6055346,0.68940067,0.11894876,0.98052204,0.15629366,0
3.0081453,-1.8056496,1.0146661,0.89457858,-0.17412984,0.41159201,0
-0.81650364,-2.2151284,-1.6316161,0.43079033,0.090858579,-0.89786649,0
-1.4526581,-0.39862418,0.52868235,-0.43079033,-0.090858579,0.89786649,0
2.6506724,-3.795486,1.3071024,0.89457858,-0.17412984,0.41159201,0
-0.86888099,3.635643,-0.35663176,0.11894876,0.98052204,0.15629366,0
-0.83150125,3.505398,1.1426071,0.11894876,0.98052204,0.15629366,0
3.6267729,0.047708511,1.0240698,0.89457858,-0.17412984,0.41159201,0
3.4214988,1.8280544,1.4960554,0.89457858,-0.17412984,0.41159201,0
-1.2272626,1.803811,-1.7382441,0.43079033,0.090858579,-0.89786649,0
-3.2244694,3.1691279,-0.54115462,-0.89457858,0.17412984,-0.41159201,0
-2.8613985,-0.74807292,-2.2351017,-0.89457858,0.17412984,-0.41159201,0
-0.24799472,1.2615095,1.3025414,-0.43079033,-0.090858579,0.89786649,0
1.7070801,-3.8989794,0.85907269,-0.11894876,-0.98052204,-0.15629366,0
-2.1972361,-3.0840366,-0.4022308,-0.11894876,-0.98052204,-0.15629366,0
-2.304801,2.7326872,0.27365327,-0.43079033,-0.090858579,0.89786649,0
-3.4731941,-1.6185917,-1.658492,-0.89457858,0.17412984,-0.41159201,0
-1.7239281,0.26421827,-1.7846336,0.43079033,0.090858579,-0.89786649,0
2.5426612,-3.9407129,1.7073176,0.89457858,-0.17412984,0.41159201,0
2.3081956,-2.0769041,-0.38614535,0.43079033,0.090858579,-0.89786649,0
-1.0328116,3.8993096,-0.10393691,0.11894876,0.98052204,0.15629366,0
-3.9664888,-2.6534953,-1.2969966,-0.89457858,0.17412984,-0.41159201,0
-3.1159425,1.889626,-0.98682523,-0.89457858,0.17412984,-0.41159201,0
0.23034859,3.5610924,-0.03668046,0.11894876,0.98052204,0.15629366,0
-2.3510091,-3.021548,-0.30018032,-0.43079033,-0.090858579,0.89786649,0
2.7760942,3.2072566,1.2117722,0.11894876,0.98052204,0.15629366,0
0.78504372,3.3623834,0.82801795,0.11894876,0.98052204,0.15629366,0
0.54870582,1.81098,1.4951154,-0.43079033,-0.090858579,0.89786649,0
-0.60793567,3.7271578,-1.0105095,0.11894876,0.98052204,0.15629366,0
-2.3204193,3.9775853,-1.5779157,-0.89457858,0.17412984,-0.41159201,0
-2.1695967,3.5769074,-1.6503391,0.43079033,0.090858579,-0.89786649,0
2.1385634,-0.69096768,1.8504889,-0.43079033,-0.090858579,0.89786649,0
3.7047558,1.2188175,0.97212148,0.89457858,-0.17412984,0.41159201,0
0.76873755,3.6940482,-0.44774151,0.11894876,0.98052204,0.15629366,0
-2.6487303,1.6000679,-2.2959008,-0.89457858,0.17412984,-0.41159201,0
-1.106729,4.0100107,-0.92751861,0.11894876,0.98052204,0.15629366,0
-0.62522769,-3.4898505,-0.93904662,-0.11894876,-0.98052204,-0.15629366,0
-3.2391016,-1.6755546,-2.2930832,-0.89457858,0.17412984,-0.41159201,0
0.06758523,3.6977067,-0.4592545,0.11894876,0.98052204,0.15629366,0
-3.2829103,-2.4631686,-2.3247101,-0.89457858,0.17412984,-0.41159201,0
-3.7605247,-2.9505544,-1.217041,-0.89457858,0.17412984,-0.41159201,0
-1.3925228,-3.0574079,-1.8815145,-0.11894876,-0.98052204,-0.15629366,0
1.6365852,3.0187895,1.6601186,0.11894876,0.98052204,0.15629366,0
0.14228353,0.085255504,1.065598,-0.43079033,-0.090858579,0.89786649,0
1.0254798,2.3608487,1.9018475,-0.43079033,-0.090858579,0.89786649,0
1.9130039,0.19108188,2.1692302,-0.43079033,-0.090858579,0.89786649,0
2.4106088,2.9491777,2.3961263,0.11894876,0.98052204,0.15629366,0
2.2131505,-3.8173771,1.0467331,-0.11894876,-0.98052204,-0.15629366,0
2.1074345,-3.7800519,0.74719,-0.11894876,-0.98052204,-0.15629366,0
-2.9226129,-2.9907799,-2.1813896,-0.11894876,-0.98052204,-0.15629366,0
-3.4790041,-2.3049021,-2.3403487,-0.89457858,0.17412984,-0.41159201,0
2.9023449,1.8867289,2.6990504,-0.43079033,-0.090858579,0.89786649,0
-2.152601,3.9044807,-0.055045366,0.11894876,0.98052204,0.15629366,0
-0.9578414,-3.2403858,0.51256204,-0.43079033,-0.090858579,0.89786649,0
3.2359293,-1.0896717,1.282903,0.89457858,-0.17412984,0.41159201,0
2.5346296,0.816324,0.21597421,0.43079033,0.090858579,-0.89786649,0
-1.0772209,3.6827037,-0.67181087,0.11894876,0.98052204,0.15629366,0
0.017704964,0.056389034,-1.2678175,0.43079033,0.090858579,-0.89786649,0
-2.415441,-2.9769354,-2.4320168,-0.11894876,-0.98052204,-0.15629366,0
-3.4831798,-1.3757378,-1.8419577,-0.89457858,0.17412984,-0.41159201,0
2.3368547,-2.4362526,-0.30760479,0.43079033,0.090858579,-0.89786649,0
1.2192003,0.50862044,-0.36458611,0.43079033,0.090858579,-0.89786649,0
2.7247972,-0.8179853,0.00031805038,0.43079033,0.090858579,-0.89786649,0
-3.2684312,-2.5993929,-2.7873218,-0.89457858,0.17412984,-0.41159201,0
3.4907796,0.82711053,1.5046591,0.89457858,-0.17412984,0.41159201,0
3.5861306,3.1889994,0.89592779,0.11894876,0.98052204,0.15629366,0
2.5981274,-3.5125101,1.4690995,0.89457858,-0.17412984,0.41159201,0
-3.1702952,1.8822945,-0.066870451,-0.43079033,-0.090858579,0.89786649,0
-0.23430181,3.6349292,-0.68589664,0.11894876,0.98052204,0.15629366,0
-1.8604598,-3.1613915,-0.065345466,-0.11894876,-0.98052204,-0.15629366,0
-3.7852712,-2.4792688,-1.6467526,-0.89457858,0.17412984,-0.41159201,0
3.2209611,-0.95126951,0.94219208,0.89457858,-0.17412984,0.41159201,0
4.0169969,1.9138544,0.96772301,0.89457858,-0.17412984,0.41159201,0
2.3587565,-2.0493653,2.1043441,-0.43079033,-0.090858579,0.89786649,0
-0.035515308,3.4624815,-0.56977618,0.11894876,0.98052204,0.15629366,0
-1.6646912,-3.2470756,-0.59595424,-0.11894876,-0.98052204,-0.15629366,0
2.0786834,-1.9763761,-0.52886415,0.43079033,0.090858579,-0.89786649,0
-2.0190547,3.8945932,-0.73351502,0.11894876,0.98052204,0.15629366,0
0.65398049,3.3003135,0.64101398,0.11894876,0.98052204,0.15629366,0
-0.069395542,3.4948981,-0.43466544,0.11894876,0.98052204,0.15629366,0
-1.5670379,-2.9262347,-2.1334786,0.43079033,0.090858579,-0.89786649,0
2.3984709,-3.7223606,0.23240042,-0.11894876,-0.98052204,-0.15629366,0
-1.7342844,1.2246977,0.21314561,-0.43079033,-0.090858579,0.89786649,0
-3.4767294,-0.40235102,-1.5182233,-0.89457858,0.17412984,-0.41159201,0
-1.5418105,-3.1101069,-1.2698009,-0.11894876,-0.98052204,-0.15629366,0
0.0079779625,3.2960384,1.4253262,0.11894876,0.98052204,0.15629366,0
-2.7070956,3.0979679,-1.1215842,-0.89457858,0.17412984,-0.41159201,0
-0.99093902,3.0555706,0.83795619,-0.43079033,-0.090858579,0.89786649,0
1.9380834,3.0934985,2.0429931,0.11894876,0.98052204,0.15629366,0
1.3668706,-2.9911296,1.6160166,-0.43079033,-0.090858579,0.89786649,0
-1.2718644,3.460464,0.75907612,0.11894876,0.98052204,0.15629366,0
2.9500093,3.0487077,1.3436744,0.11894876,0.98052204,0.15629366,0
0.86280501,-2.8974595,-1.1426281,0.43079033,0.090858579,-0.89786649,0
2.9659917,-1.7153754,1.3370075,0.89457858,-0.17412984,0.41159201,0
-3.0953937,2.6430984,-0.65399837,-0.89457858,0.17412984,-0.41159201,0
-0.36248335,0.35321724,1.0629179,-0.43079033,-0.090858579,0.89786649,0
-0.86401248,3.5232449,-1.1439919,0.43079033,0.090858579,-0.89786649,0
-0.21051645,-3.7986994,0.38576984,-0.11894876,-0.98052204,-0.15629366,0
-2.3680151,1.6207983,-2.0758519,0.43079033,0.090858579,-0.89786649,0
-2.9784682,3.0594707,-0.41905618,-0.89457858,0.17412984,-0.41159201,0
-0.43442094,1.0855522,-1.2154024,0.43079033,0.090858579,-0.89786649,0
-2.6643534,0.19190887,-2.506526,0.43079033,0.090858579,-0.89786649,0
3.453198,0.39344108,1.6482694,0.89457858,-0.17412984,0.41159201,0
1.2136402,3.3563638,0.79096872,0.11894876,0.98052204,0.15629366,0
-3.275533,-2.260895,-2.7656765,-0.89457858,0.17412984,-0.41159201,0
0.98910832,3.2964292,1.8153045,0.11894876,0.98052204,0.15629366,0
1.2348781,3.5319922,0.33060586,0.11894876,0.98052204,0.15629366,0
-0.49236727,-1.7747829,-1.7396762,0.43079033,0.090858579,-0.89786649,0
3.2395549,0.19688308,1.6782482,0.89457858,-0.17412984,0.41159201,0
2.0262797,3.3519402,0.25733402,0.43079033,0.090858579,-0.89786649,0
0.029266119,3.6032431,-0.326437,0.11894876,0.98052204,0.15629366,0
-3.3441248,-3.1144788,-1.0747881,-0.11894876,-0.98052204,-0.15629366,0
-2.0583739,-3.0322614,-2.1152849,-0.11894876,-0.98052204,-0.15629366,0
-3.9918933,-2.7792408,-1.3788743,-0.89457858,0.17412984,-0.41159201,0
-2.7973948,-0.72114384,-2.4916041,-0.89457858,0.17412984,-0.41159201,0
-3.0345178,2.6547415,-0.5203917,-0.89457858,0.17412984,-0.41159201,0
3.3867192,2.1748919,1.9079978,0.89457858,-0.17412984,0.41159201,0
1.1283042,3.4301529,-0.027863264,0.11894876,0.98052204,0.15629366,0
1.083032,2.5033319,2.0850539,-0.43079033,-0.090858579,0.89786649,0
-3.1448736,1.4634087,-0.91409326,-0.89457858,0.17412984,-0.41159201,0
3.4013987,1.22912,1.8815455,0.89457858,-0.17412984,0.41159201,0
1.3408431,-2.853744,-0.82734179,0.43079033,0.090858579,-0.89786649,0
2.7781391,3.0099659,1.7459103,0.11894876,0.98052204,0.15629366,0
-2.2076778,-3.3821435,-0.72868973,-0.11894876,-0.98052204,-0.15629366,0
-3.7101736,-2.3056374,-1.110247,-0.89457858,0.17412984,-0.41159201,0
0.21543694,-3.7203195,-0.42128909,-0.11894876,-0.98052204,-0.15629366,0
3.4940038,2.050323,2.2417035,0.89457858,-0.17412984,0.41159201,0
0.50556058,1.2567757,1.426944,-0.43079033,-0.090858579,0.89786649,0
0.097303927,1.1810933,1.3686948,-0.43079033,-0.090858579,0.89786649,0
3.1746769,-3.7181768,0.23039913,0.43079033,0.090858579,-0.89786649,0
-1.1227493,0.33250654,-1.6028938,0.43079033,0.090858579,-0.89786649,0
2.9018216,2.9591136,1.4270589,0.11894876,0.98052204,0.15629366,0
3.0366325,-3.8516359,0.40646887,0.89457858,-0.17412984,0.41159201,0
3.2828677,0.8461529,1.2564756,0.89457858,-0.17412984,0.41159201,0
-2.5371656,0.65351623,-2.2484059,-0.89457858,0.17412984,-0.41159201,0
-0.25145745,-3.3807664,-1.6302391,-0.11894876,-0.98052204,-0.15629366,0
-1.1759424,-3.2877524,-1.8669909,-0.11894876,-0.98052204,-0.15629366,0
3.6413989,2.2976797,1.4459085,0.89457858,-0.17412984,0.41159201,0
-2.0005941,1.5416386,-1.7465754,0.43079033,0.090858579,-0.89786649,0
-1.5398257,4.142499,-1.3823292,0.11894876,0.98052204,0.15629366,0
3.0306647,-2.2108836,1.2499135,0.89457858,-0.17412984,0.41159201,0
1.3940494,-3.808799,1.0284381,-0.11894876,-0.98052204,-0.15629366,0
-2.2772851,-3.2510939,-1.4389162,-0.11894876,-0.98052204,-0.15629366,0
2.3649664,2.8563397,0.44546068,0.43079033,0.090858579,-0.89786649,0
1.692919,3.0131688,1.5448365,0.11894876,0.98052204,0.15629366,0
-2.015594,-3.2411785,-1.2212838,-0.11894876,-0.98052204,-0.15629366,0
2.7794147,-2.4006302,1.3460493,0.89457858,-0.17412984,0.41159201,0
1.7273178,-4.0197763,1.2739341,-0.11894876,-0.98052204,-0.15629366,0
2.9304407,-2.1731167,0.79777026,0.89457858,-0.17412984,0.41159201,0
2.3242285,2.7376678,0.12784155,0.43079033,0.090858579,-0.89786649,0
-2.9350135,3.3433242,-0.58488464,-0.89457858,0.17412984,-0.41159201,0
1.4523718,-3.315464,1.6835601,-0.43079033,-0.090858579,0.89786649,0
0.81846988,-2.489697,-0.9476639,0.43079033,0.090858579,-0.89786649,0
2.6411114,-3.2602077,1.4196119,0.89457858,-0.17412984,0.41159201,0
2.9829125,-1.9138877,1.3247292,0.89457858,-0.17412984,0.41159201,0
0.53782868,3.594419,0.54570401,0.11894876,0.98052204,0.15629366,0
1.7267511,3.0345116,1.8191181,0.11894876,0.98052204,0.15629366,0
2.7481995,-0.44251195,2.2598815,0.89457858,-0.17412984,0.41159201,0
0.68501264,0.92851442,-0.62489152,0.43079033,0.090858579,-0.89786649,0
-2.4506986,1.6110063,0.11200476,-0.43079033,-0.090858579,0.89786649,0
0.42755085,0.74848098,1.4385297,-0.43079033,-0.090858579,0.89786649,0
1.4109375,-2.8299053,1.5374181,-0.43079033,-0.090858579,0.89786649,0
3.3796463,1.2379625,1.4656723,0.89457858,-0.17412984,0.41159201,0
1.9152756,-3.8603868,1.6301272,-0.11894876,-0.98052204,-0.15629366,0
-1.6233673,0.031878829,0.35415906,-0.43079033,-0.090858579,0.89786649,0
-0.90926361,-2.1420534,0.38355035,-0.43079033,-0.090858579,0.89786649,0
-2.2793443,-2.5946195,-0.19686997,-0.43079033,-0.090858579,0.89786649,0
1.1981117,2.2183881,-0.13988805,0.43079033,0.090858579,-0.89786649,0
-2.122251,-0.098690137,-2.1985991,0.43079033,0.090858579,-0.89786649,0
0.61317188,-1.5960569,-1.0699397,0.43079033,0.090858579,-0.89786649,0
-2.9211173,0.11637539,-1.9895632,-0.89457858,0.17412984,-0.41159201,0
1.4063611,3.0797546,1.6995548,0.11894876,0.98052204,0.15629366,0
-2.7179585,1.5723553,-0.11008668,-0.43079033,-0.090858579,0.89786649,0
3.1642087,-2.3188343,0.91566277,0.89457858,-0.17412984,0.41159201,0
-3.3292863,1.3524742,-0.40900373,-0.43079033,-0.090858579,0.89786649,0
-2.9389763,3.3634882,-0.23971415,-0.89457858,0.17412984,-0.41159201,0
1.7802575,-3.7158568,-0.34831381,-0.11894876,-0.98052204,-0.15629366,0
2.0650575,3.2316892,1.7880089,0.11894876,0.98052204,0.15629366,0
-0.25087261,3.5010104,0.4053328,0.11894876,0.98052204,0.15629366,0
3.7253718,2.1462665,1.3308108,0.89457858,-0.17412984,0.41159201,0
-3.0767457,1.3318506,-1.3126495,-0.89457858,0.17412984,-0.41159201,0
3.0748248,0.21332562,1.497437,0.89457858,-0.17412984,0.41159201,0
2.5913572,3.0382617,0.26882488,0.11894876,0.98052204,0.15629366,0
2.466676,-3.9353933,1.5028214,0.89457858,-0.17412984,0.41159201,0
3.0956538,0.21952808,1.5197086,0.89457858,-0.17412984,0.41159201,0
1.0676432,-1.2122728,1.6010931,-0.43079033,-0.090858579,0.89786649,0
-1.7857128,-3.0534105,-2.4312797,-0.11894876,-0.98052204,-0.15629366,0
-0.29108766,-0.74926728,-1.3498291,0.43079033,0.090858579,-0.89786649,0
-0.81562757,-3.484477,-0.4918766,-0.11894876,-0.98052204,-0.15629366,0
-0.63835227,-0.7020573,0.84264362,-0.43079033,-0.090858579,0.89786649,0
0.93365908,-3.890075,0.36274433,-0.11894876,-0.98052204,-0.15629366,0
-0.68655753,-3.2591662,-0.35348213,-0.11894876,-0.98052204,-0.15629366,0
-3.7666526,-1.3724544,-0.97658741,-0.89457858,0.17412984,-0.41159201,0
-2.4515615,3.9418364,-0.32524014,0.11894876,0.98052204,0.15629366,0
1.0561392,-3.6499991,0.76930952,-0.11894876,-0.98052204,-0.15629366,0
3.5851326,-0.92358398,0.73494458,0.89457858,-0.17412984,0.41159201,0
-0.61487007,-1.1491903,0.58471894,-0.43079033,-0.090858579,0.89786649,0
3.3036785,-0.38537657,1.5548999,0.89457858,-0.17412984,0.41159201,0
2.8968096,-1.3743557,1.8790326,0.89457858,-0.17412984,0.41159201,0
1.1846367,-1.2501955,-0.77499419,0.43079033,0.090858579,-0.89786649,0
-1.3086283,0.70216095,-1.6575296,0.43079033,0.090858579,-0.89786649,0
-2.4965224,3.5534244,0.46078968,-0.43079033,-0.090858579,0.89786649,0
2.5531423,-0.97632986,2.2003222,0.89457858,-0.17412984,0.41159201,0
-0.11284077,1.9690307,1.3803279,-0.43079033,-0.090858579,0.89786649,0
2.5698073,3.3709421,0.52321917,0.11894876,0.98052204,0.15629366,0
-3.088454,2.7022188,-1.0103843,-0.89457858,0.17412984,-0.41159201,0
-3.2587333,-2.1666048,-2.7928565,-0.89457858,0.17412984,-0.41159201,0
-3.0994866,1.1235245,-1.4248993,-0.89457858,0.17412984,-0.41159201,0
-1.4534726,0.53437692,-1.9404473,0.43079033,0.090858579,-0.89786649,0
-3.4489813,-3.0077329,-2.1115811,-0.11894876,-0.98052204,-0.15629366,0
2.4737697,-3.1192677,1.7539344,0.89457858,-0.17412984,0.41159201,0
0.7303865,1.9888244,-0.51848549,0.43079033,0.090858579,-0.89786649,0
3.6445374,1.4551072,1.5328209,0.89457858,-0.17412984,0.41159201,0
-0.95719278,-1.8146175,-1.5576386,0.43079033,0.090858579,-0.89786649,0
-3.7229214,-1.5149554,-1.2494344,-0.89457858,0.17412984,-0.41159201,0
-0.28572679,-1.4047073,-1.1760104,0.43079033,0.090858579,-0.89786649,0
-2.5857778,2.5577402,-1.4882901,-0.89457858,0.17412984,-0.41159201,0
3.2944274,0.98776245,1.7986138,0.89457858,-0.17412984,0.41159201,0
1.1943382,2.3833046,2.093179,-0.43079033,-0.090858579,0.89786649,0
2.045778,2.9917054,1.9279759,0.11894876,0.98052204,0.15629366,0
3.3713045,1.2599142,1.5231346,0.89457858,-0.17412984,0.41159201,0
-2.6988015,0.43889377,-2.1059601,-0.89457858,0.17412984,-0.41159201,0
-3.30322,-1.3868906,-1.7198963,-0.89457858,0.17412984,-0.41159201,0
-3.5837564,-2.7450225,-1.8872292,-0.89457858,0.17412984,-0.41159201,0
-1.2110343,3.5057168,0.1566143,0.11894876,0.98052204,0.15629366,0
1.2532043,2.5452754,1.7934995,-0.43079033,-0.090858579,0.89786649,0
-2.5206842,2.4699533,-1.937232,-0.89457858,0.17412984,-0.41159201,0
-3.3947806,-0.94874036,-1.0807945,-0.89457858,0.17412984,-0.41159201,0
2.4842544,-3.9340687,0.52552676,-0.11894876,-0.98052204,-0.15629366,0
1.9349489,-3.8762536,-0.1051569,-0.11894876,-0.98052204,-0.15629366,0
2.4365211,-1.4205503,2.1855927,0.89457858,-0.17412984,0.41159201,0
2.3876231,3.0844517,1.2790313,0.11894876,0.98052204,0.15629366,0
-2.9316406,3.832479,-0.67002773,-0.89457858,0.17412984,-0.41159201,0
2.1520476,-2.8022189,-0.28750682,0.43079033,0.090858579,-0.89786649,0
-2.0323598,2.1255658,-1.6534491,0.43079033,0.090858579,-0.89786649,0
1.9083083,-2.2570262,-0.61464524,0.43079033,0.090858579,-0.89786649,0
2.6721954,-0.19332042,2.1892505,-0.43079033,-0.090858579,0.89786649,0
