3.9515843,1.6723237,0.80741775,0.9863838,-0.10343152,0.12786292,0
-3.3611095,3.4564669,-1.4154453,-0.9863838,0.10343152,-0.12786292,0
0.27184182,-0.68456388,-1.0349187,0.12222365,-0.059161544,-0.99073786,0
0.95724916,-4.6733251,0.42844534,-0.11003809,-0.99287564,0.045714259,0
-1.2086133,4.8910899,0.60206914,0.11003809,0.99287564,-0.045714259,0
-0.74509501,-1.5756481,1.0240046,-0.12222365,0.059161544,0.99073786,0
4.3427401,0.75541431,-0.26720655,0.9863838,-0.10343152,0.12786292,0
1.3265455,-0.83992398,1.4132197,-0.12222365,0.059161544,0.99073786,0
-1.7934999,-0.068554342,0.79672635,-0.12222365,0.059161544,0.99073786,0
-0.30600899,3.7411232,0.68772244,-0.12222365,0.059161544,0.99073786,0
-1.7990187,0.97356141,-1.311408,0.12222365,-0.059161544,-0.99073786,0
-2.6570785,-4.0170741,0.78025198,-0.12222365,0.059161544,0.99073786,0
3.7804961,-1.2436161,0.78582871,0.9863838,-0.10343152,0.12786292,0
2.8689218,-3.3534207,-0.37617421,0.12222365,-0.059161544,-0.99073786,0
-3.1212914,-2.0157313,0.76329589,-0.12222365,0.059161544,0.99073786,0
4.2887187,3.9153454,-0.093177319,0.11003809,0.99287564,-0.045714259,0
-3.3587127,4.4112597,-0.82610559,-0.9863838,0.10343152,-0.12786292,0
3.6528327,-3.1983039,-0.18245697,0.9863838,-0.10343152,0.12786292,0
1.2733097,-4.4740338,0.021789551,-0.11003809,-0.99287564,0.045714259,0
4.4750423,3.9393809,-0.34175348,0.11003809,0.99287564,-0.045714259,0
-3.2342682,-1.1275393,0.50063515,-0.12222365,0.059161544,0.99073786,0
3.7042644,4.1235366,-0.32315588,0.11003809,0.99287564,-0.045714259,0
3.8340626,-0.69829959,0.40413168,0.9863838,-0.10343152,0.12786292,0
-0.099117249,-2.1599598,-1.0125008,0.12222365,-0.059161544,-0.99073786,0
-1.7795067,2.9966908,-1.5921781,0.12222365,-0.059161544,-0.99073786,0
3.23613,-5.0092926,1.4238925,-0.11003809,-0.99287564,0.045714259,0
-0.52697814,-3.2547133,1.2359056,-0.12222365,0.059161544,0.99073786,0
-2.8060036,-4.3469462,-1.1123202,-0.11003809,-0.99287564,0.045714259,0
-3.2173061,-4.180263,-0.87017059,-0.11003809,-0.99287564,0.045714259,0
-2.9991348,-4.2702069,0.11808205,-0.11003809,-0.99287564,0.045714259,0
3.7120183,-2.1725004,0.14273095,0.9863838,-0.10343152,0.12786292,0
-4.5363936,-3.9394739,-0.3566134,-0.11003809,-0.99287564,0.045714259,0
4.0908809,0.032255858,0.30475092,0.9863838,-0.10343152,0.12786292,0
-2.0381174,-4.231977,-0.9040637,-0.11003809,-0.99287564,0.045714259,0
3.6262784,0.52494216,1.4496498,-0.12222365,0.059161544,0.99073786,0
-4.3238544,-3.9121785,0.43435907,-0.9863838,0.10343152,-0.12786292,0
-0.86186248,-2.0112913,-0.99955195,0.12222365,-0.059161544,-0.99073786,0
-3.2785633,-4.0960064,0.03985548,-0.11003809,-0.99287564,0.045714259,0
3.7466192,-1.2532517,0.055009544,0.9863838,-0.10343152,0.12786292,0
2.3974152,3.4233036,1.0546017,-0.12222365,0.059161544,0.99073786,0
1.3294469,-0.90142059,1.3034308,-0.12222365,0.059161544,0.99073786,0
1.9677868,2.6578865,-1.0667009,0.12222365,-0.059161544,-0.99073786,0
2.3500724,-4.8140168,1.039659,-0.11003809,-0.99287564,0.045714259,0
3.709723,-3.9131966,-0.38577056,0.9863838,-0.10343152,0.12786292,0
4.1625271,0.21579726,0.1686033,0.9863838,-0.10343152,0.12786292,0
-3.7679677,0.53583986,-0.24167737,-0.9863838,0.10343152,-0.12786292,0
-3.5171337,-2.6359224,0.92702794,-0.12222365,0.059161544,0.99073786,0
3.6267018,-3.9478557,-0.15118027,0.9863838,-0.10343152,0.12786292,0
1.2968478,4.5986447,0.58730435,0.11003809,0.99287564,-0.045714259,0
2.0481975,0.16163611,1.2753714,-0.12222365,0.059161544,0.99073786,0
3.2533927,-4.7077174,0.061199188,-0.11003809,-0.99287564,0.045714259,0
2.2950296,4.4005179,-0.64327145,0.11003809,0.99287564,-0.045714259,0
-1.6076117,4.5263343,-1.0582275,0.11003809,0.99287564,-0.045714259,0
1.2460477,-4.6722794,0.35996723,-0.11003809,-0.99287564,0.045714259,0
4.1649475,0.83060646,0.054171085,0.9863838,-0.10343152,0.12786292,0
-4.3541794,-3.0367851,-0.9785881,-0.9863838,0.10343152,-0.12786292,0
-3.8451803,0.07538414,0.49638012,-0.12222365,0.059161544,0.99073786,0
3.0388997,4.3499537,-0.17584753,0.11003809,0.99287564,-0.045714259,0
-1.6730683,4.7046547,0.1049428,0.11003809,0.99287564,-0.045714259,0
3.7408807,-3.6274221,0.64164233,0.9863838,-0.10343152,0.12786292,0
4.1696439,0.11684498,-0.37065274,0.9863838,-0.10343152,0.12786292,0
0.16769142,-4.1798143,1.0939603,-0.12222365,0.059161544,0.99073786,0
0.95175743,2.845525,0.87994766,-0.12222365,0.059161544,0.99073786,0
-3.9909539,0.65859306,0.35469961,-0.9863838,0.10343152,-0.12786292,0
-0.53259903,4.6992974,-1.1881714,0.11003809,0.99287564,-0.045714259,0
-3.2293217,4.8215981,-1.2443891,0.11003809,0.99287564,-0.045714259,0
4.4487729,2.8335752,-0.55407143,0.9863838,-0.10343152,0.12786292,0
-1.7986856,-4.1463304,0.37947655,-0.11003809,-0.99287564,0.045714259,0
1.8299742,-4.3274245,1.4484251,-0.12222365,0.059161544,0.99073786,0
-3.5413659,3.3091753,-0.54509354,-0.9863838,0.10343152,-0.12786292,0
2.6567512,4.4023237,-0.081708431,0.11003809,0.99287564,-0.045714259,0
-2.9638836,4.8744206,-1.2339125,0.11003809,0.99287564,-0.045714259,0
0.87619573,4.3660765,0.28751802,0.11003809,0.99287564,-0.045714259,0
-3.8010621,-4.2664881,-0.056060314,-0.11003809,-0.99287564,0.045714259,0
0.57300377,0.48277524,-1.0577002,0.12222365,-0.059161544,-0.99073786,0
-3.4136515,-1.8059808,0.54984856,-0.12222365,0.059161544,0.99073786,0
2.1943984,4.1231842,-0.5241642,0.11003809,0.99287564,-0.045714259,0
-1.4086182,1.1773537,-1.0783782,0.12222365,-0.059161544,-0.99073786,0
1.7395804,4.465373,-0.79604864,0.11003809,0.99287564,-0.045714259,0
3.0266161,4.0493822,0.40618563,0.11003809,0.99287564,-0.045714259,0
4.240087,4.0100484,0.30807686,0.9863838,-0.10343152,0.12786292,0
3.5401359,-3.4495819,1.1032355,0.9863838,-0.10343152,0.12786292,0
1.3871152,-0.41591311,-0.82957435,0.12222365,-0.059161544,-0.99073786,0
4.136838,2.9831376,1.533767,-0.12222365,0.059161544,0.99073786,0
2.9743898,1.2307079,1.1639466,-0.12222365,0.059161544,0.99073786,0
4.1129241,0.37073129,0.29070151,0.9863838,-0.10343152,0.12786292,0
0.89010787,-4.7527776,-0.26439953,-0.11003809,-0.99287564,0.045714259,0
-0.82100099,-4.600873,-0.10635042,-0.11003809,-0.99287564,0.045714259,0
3.2264848,-3.6380887,1.8143687,-0.12222365,0.059161544,0.99073786,0
-3.6109874,-1.5351042,-1.2650852,0.12222365,-0.059161544,-0.99073786,0
-3.8894656,2.4532382,-0.70773399,-0.9863838,0.10343152,-0.12786292,0
2.7498536,0.95139205,-0.74606967,0.12222365,-0.059161544,-0.99073786,0
-1.9082345,-3.6882885,1.1082649,-0.12222365,0.059161544,0.99073786,0
1.6949835,3.3137279,1.0965085,-0.12222365,0.059161544,0.99073786,0
-1.9647962,4.5279379,-1.4284658,0.11003809,0.99287564,-0.045714259,0
1.6612573,4.4274921,-0.49034309,0.11003809,0.99287564,-0.045714259,0
-1.2434485,4.6010723,-1.5122619,0.11003809,0.99287564,-0.045714259,0
1.9447821,4.2978144,0.77336812,0.11003809,0.99287564,-0.045714259,0
0.13688144,-4.7535911,-0.15147448,-0.11003809,-0.99287564,0.045714259,0
4.0182047,4.1891594,-0.51114464,0.11003809,0.99287564,-0.045714259,0
-1.6652747,-2.7958436,1.0667098,-0.12222365,0.059161544,0.99073786,0
2.3124251,-2.9904599,1.383358,-0.12222365,0.059161544,0.99073786,0
-4.0182023,0.0015722513,-1.2215761,-0.9863838,0.10343152,-0.12786292,0
-3.5177686,-3.9976497,0.4131856,-0.11003809,-0.99287564,0.045714259,0
4.2553678,3.0061836,0.31868148,0.9863838,-0.10343152,0.12786292,0
-4.1637444,-1.2363478,-0.66638255,-0.9863838,0.10343152,-0.12786292,0
0.98950791,-4.6583862,-0.08929348,-0.11003809,-0.99287564,0.045714259,0
-4.4395533,-1.9023728,0.13824248,-0.9863838,0.10343152,-0.12786292,0
3.7201121,4.1503992,-0.97621012,0.11003809,0.99287564,-0.045714259,0
-2.7879269,-3.5193956,-1.1422224,0.12222365,-0.059161544,-0.99073786,0
-3.4468379,3.0264573,-1.6769466,0.12222365,-0.059161544,-0.99073786,0
-4.2627134,-1.8434273,-0.84643757,-0.9863838,0.10343152,-0.12786292,0
-0.17274061,4.6171994,-1.0017872,0.11003809,0.99287564,-0.045714259,0
3.0508945,3.1178334,-1.0201621,0.12222365,-0.059161544,-0.99073786,0
-3.7879603,1.5124854,-0.68948627,-0.9863838,0.10343152,-0.12786292,0
1.0332211,-3.3020015,1.2119095,-0.12222365,0.059161544,0.99073786,0
-3.7640042,1.0681727,-1.3242776,-0.9863838,0.10343152,-0.12786292,0
-3.8494096,-1.3645195,-1.2719154,-0.9863838,0.10343152,-0.12786292,0
-3.6065071,4.8904881,-0.11859655,-0.9863838,0.10343152,-0.12786292,0
3.1489203,0.70572525,-0.70402133,0.12222365,-0.059161544,-0.99073786,0
3.1994426,4.3760605,0.99747133,0.11003809,0.99287564,-0.045714259,0
-2.3185794,-4.3311806,-0.39101577,-0.11003809,-0.99287564,0.045714259,0
0.40216318,-1.2450322,1.1541642,-0.12222365,0.059161544,0.99073786,0
2.3771074,3.8587699,-1.1355867,0.12222365,-0.059161544,-0.99073786,0
4.4871182,3.1131232,0.33061409,0.9863838,-0.10343152,0.12786292,0
3.994638,0.73039621,-0.4033401,0.9863838,-0.10343152,0.12786292,0
-3.6377294,3.3607495,-0.76784229,-0.9863838,0.10343152,-0.12786292,0
4.0733271,-0.69976687,-0.2011459,0.9863838,-0.10343152,0.12786292,0
-4.186872,-2.6064155,0.14709616,-0.9863838,0.10343152,-0.12786292,0
1.6594446,0.99027038,1.1908604,-0.12222365,0.059161544,0.99073786,0
1.0083139,-2.4591877,1.3736944,-0.12222365,0.059161544,0.99073786,0
3.4099677,-3.1039634,1.3026485,0.9863838,-0.10343152,0.12786292,0
-2.0230999,-4.4821796,0.408041,-0.11003809,-0.99287564,0.045714259,0
2.3653154,-2.6383007,-0.47417545,0.12222365,-0.059161544,-0.99073786,0
2.6071727,-2.4563115,1.3215559,-0.12222365,0.059161544,0.99073786,0
4.1776829,3.6579494,1.2289968,0.9863838,-0.10343152,0.12786292,0
3.2636564,-1.8903319,1.3547381,-0.12222365,0.059161544,0.99073786,0
-2.6300921,2.562722,0.64150512,-0.12222365,0.059161544,0.99073786,0
4.3092003,3.4896851,0.10342932,0.9863838,-0.10343152,0.12786292,0
3.6652133,-1.6239067,0.25432527,0.9863838,-0.10343152,0.12786292,0
3.7481313,-1.3561537,1.0245314,0.9863838,-0.10343152,0.12786292,0
4.0604367,-0.73748219,0.44684231,0.9863838,-0.10343152,0.12786292,0
2.8774202,-2.7204278,-0.53200436,0.12222365,-0.059161544,-0.99073786,0
3.5544629,4.1094065,-0.96395874,0.12222365,-0.059161544,-0.99073786,0
-3.7969882,0.68329763,-0.68526256,-0.9863838,0.10343152,-0.12786292,0
2.1102889,-4.6451502,0.032415867,-0.11003809,-0.99287564,0.045714259,0
3.5826464,-2.7816153,0.43357372,0.9863838,-0.10343152,0.12786292,0
3.9425063,-1.7411019,-0.34761769,0.9863838,-0.10343152,0.12786292,0
-0.99573678,-4.1974182,1.1446004,-0.11003809,-0.99287564,0.045714259,0
3.3529596,-0.43271261,1.5209106,-0.12222365,0.059161544,0.99073786,0
-3.0612228,-2.1359086,0.6554327,-0.12222365,0.059161544,0.99073786,0
3.0815437,-0.51812178,1.25844,-0.12222365,0.059161544,0.99073786,0
3.7337053,4.3339953,1.020967,0.11003809,0.99287564,-0.045714259,0
-3.8409352,0.0015350878,-0.29835278,-0.9863838,0.10343152,-0.12786292,0
2.8268299,1.1782393,-0.75608099,0.12222365,-0.059161544,-0.99073786,0
1.6815783,3.1063595,0.92970872,-0.12222365,0.059161544,0.99073786,0
-3.44627,2.206604,-1.5595959,0.12222365,-0.059161544,-0.99073786,0
1.8084478,-4.8265057,0.18164062,-0.11003809,-0.99287564,0.045714259,0
2.0463345,4.0999269,-0.32363129,0.11003809,0.99287564,-0.045714259,0
0.93321562,-2.6125619,1.1389184,-0.12222365,0.059161544,0.99073786,0
1.4067335,4.5490122,0.90686035,0.11003809,0.99287564,-0.045714259,0
-3.024621,-4.3025322,-0.56456542,-0.11003809,-0.99287564,0.045714259,0
-3.980109,0.69495535,-0.42627266,-0.9863838,0.10343152,-0.12786292,0
2.6720235,4.265224,1.0948098,0.11003809,0.99287564,-0.045714259,0
0.67654067,4.4789977,-0.8303833,0.11003809,0.99287564,-0.045714259,0
-2.6819105,-3.9201984,0.80640602,-0.12222365,0.059161544,0.99073786,0
0.4344238,-4.7103157,1.2157092,-0.11003809,-0.99287564,0.045714259,0
-3.8642483,-0.42963409,-0.59047002,-0.9863838,0.10343152,-0.12786292,0
2.2505713,-4.7626114,0.56815195,-0.11003809,-0.99287564,0.045714259,0
2.2881925,3.8620551,-0.7943635,0.12222365,-0.059161544,-0.99073786,0
-1.7979081,-1.5031066,0.95473158,-0.12222365,0.059161544,0.99073786,0
-3.8100448,-0.06747961,-0.84692532,-0.9863838,0.10343152,-0.12786292,0
-3.6814439,2.7044113,-1.0295851,-0.9863838,0.10343152,-0.12786292,0
-0.8070454,4.7752333,0.24319696,0.11003809,0.99287564,-0.045714259,0
2.4041374,-4.8399987,1.3602529,-0.11003809,-0.99287564,0.045714259,0
1.5819155,-4.8317099,-0.20675802,-0.11003809,-0.99287564,0.045714259,0
1.3204535,-4.8817463,-0.51628852,-0.11003809,-0.99287564,0.045714259,0
-0.59649533,1.8876269,-1.0907201,0.12222365,-0.059161544,-0.99073786,0
3.6423333,4.2927904,0.96490932,0.11003809,0.99287564,-0.045714259,0
2.5948117,3.3155627,0.94112515,-0.12222365,0.059161544,0.99073786,0
3.9236052,-0.42169178,0.75222164,0.9863838,-0.10343152,0.12786292,0
-0.81456161,4.518259,-1.4514537,0.11003809,0.99287564,-0.045714259,0
3.431046,-4.5760489,1.2852809,0.9863838,-0.10343152,0.12786292,0
-0.126028,-1.004074,-1.1138045,0.12222365,-0.059161544,-0.99073786,0
3.8631299,4.3571167,1.249342,0.11003809,0.99287564,-0.045714259,0
-4.0416732,-4.188231,0.23533726,-0.11003809,-0.99287564,0.045714259,0
2.8816075,-4.7583876,-0.26069236,-0.11003809,-0.99287564,0.045714259,0
0.39957076,4.3241286,-1.408473,0.12222365,-0.059161544,-0.99073786,0
-3.3012931,4.1357398,-1.6032097,-0.9863838,0.10343152,-0.12786292,0
-2.4146492,-4.4175572,-0.70548248,-0.11003809,-0.99287564,0.045714259,0
-0.70564336,-4.3803582,1.0935583,-0.11003809,-0.99287564,0.045714259,0
3.1883733,4.1556473,-0.099176407,0.11003809,0.99287564,-0.045714259,0
-3.2470636,4.8311834,-1.2484174,-0.9863838,0.10343152,-0.12786292,0
2.7865119,2.7940581,-0.8047297,0.12222365,-0.059161544,-0.99073786,0
1.0503757,4.2310457,-0.1991334,0.11003809,0.99287564,-0.045714259,0
0.24635077,0.74973202,-1.1444401,0.12222365,-0.059161544,-0.99073786,0
2.0070708,4.0998111,-0.62199736,0.11003809,0.99287564,-0.045714259,0
4.5309277,2.5832331,-0.14997029,0.9863838,-0.10343152,0.12786292,0
-0.00031380914,4.662055,-0.32934427,0.11003809,0.99287564,-0.045714259,0
2.4420733,-1.8889229,-0.49210048,0.12222365,-0.059161544,-0.99073786,0
-0.1053829,-2.0230975,-1.0535253,0.12222365,-0.059161544,-0.99073786,0
-3.8418307,-0.61362195,-1.0585587,-0.9863838,0.10343152,-0.12786292,0
0.55878162,4.1904774,0.8130033,-0.12222365,0.059161544,0.99073786,0
-3.9632299,0.98544788,-0.55294776,-0.9863838,0.10343152,-0.12786292,0
-3.3513854,2.7373571,-1.4194834,0.12222365,-0.059161544,-0.99073786,0
0.98182088,-4.6706071,0.61323738,-0.11003809,-0.99287564,0.045714259,0
3.6362908,-3.2444592,0.6855917,0.9863838,-0.10343152,0.12786292,0
-2.0806048,4.8245864,0.10551929,0.11003809,0.99287564,-0.045714259,0
3.6902471,-3.3143287,1.2247505,0.9863838,-0.10343152,0.12786292,0
0.18095651,-4.5051937,0.40942192,-0.11003809,-0.99287564,0.045714259,0
-3.2925136,3.6760659,-1.8091185,0.12222365,-0.059161544,-0.99073786,0
-4.4161491,-3.8474147,-0.067693233,-0.11003809,-0.99287564,0.045714259,0
3.158381,-4.8112674,0.00083112717,-0.11003809,-0.99287564,0.045714259,0
2.4853654,4.3014288,-0.55591059,0.11003809,0.99287564,-0.045714259,0
2.8092892,-4.0963407,-0.42894053,0.12222365,-0.059161544,-0.99073786,0
-3.6313848,-1.1870164,-1.5382396,0.12222365,-0.059161544,-0.99073786,0
3.5604138,-2.3047104,1.2495558,0.9863838,-0.10343152,0.12786292,0
-0.79701334,2.8203273,-1.404819,0.12222365,-0.059161544,-0.99073786,0
-1.2438228,-4.5797496,-0.30059242,-0.11003809,-0.99287564,0.045714259,0
2.5281396,-3.2343149,1.6777811,-0.12222365,0.059161544,0.99073786,0
-1.7106603,-4.3374763,-0.072184563,-0.11003809,-0.99287564,0.045714259,0
1.1212529,1.2726238,-0.80085742,0.12222365,-0.059161544,-0.99073786,0
-2.5505669,4.2235346,0.49116087,-0.12222365,0.059161544,0.99073786,0
-0.71620923,-1.0239893,-1.077949,0.12222365,-0.059161544,-0.99073786,0
0.8026064,-4.0783286,1.5187294,-0.12222365,0.059161544,0.99073786,0
1.6205328,-4.5678368,-0.27616501,-0.11003809,-0.99287564,0.045714259,0
3.7619915,-2.2119029,0.45396936,0.9863838,-0.10343152,0.12786292,0
-4.2623615,-1.309691,-0.065740585,-0.9863838,0.10343152,-0.12786292,0
3.0656736,-2.4458802,-0.62258852,0.12222365,-0.059161544,-0.99073786,0
-1.9353849,-2.955811,0.88377309,-0.12222365,0.059161544,0.99073786,0
1.7298436,4.2410641,-0.095290184,0.11003809,0.99287564,-0.045714259,0
0.54251403,4.3922596,-1.0244522,0.11003809,0.99287564,-0.045714259,0
-1.678365,3.2137895,-1.3889976,0.12222365,-0.059161544,-0.99073786,0
-2.4875374,4.8462625,-1.5386615,0.11003809,0.99287564,-0.045714259,0
-4.1181154,-0.2545751,-0.28021118,-0.9863838,0.10343152,-0.12786292,0
1.7243831,-0.97316504,1.4571602,-0.12222365,0.059161544,0.99073786,0
-2.0855353,0.73493457,0.60533249,-0.12222365,0.059161544,0.99073786,0
2.2819986,-2.0266185,-0.77907258,0.12222365,-0.059161544,-0.99073786,0
1.2660911,1.0708905,1.3033615,-0.12222365,0.059161544,0.99073786,0
-3.8099766,2.5530434,-0.54600859,-0.9863838,0.10343152,-0.12786292,0
3.5047226,4.1087646,0.60996366,0.11003809,0.99287564,-0.045714259,0
2.4044988,4.4431391,0.74597001,0.11003809,0.99287564,-0.045714259,0
-0.83644277,4.8421202,0.56550217,0.11003809,0.99287564,-0.045714259,0
-3.6793263,-1.4511865,-1.3747423,0.12222365,-0.059161544,-0.99073786,0
-2.5483077,-4.4712272,-0.72448921,-0.11003809,-0.99287564,0.045714259,0
1.6799958,4.4548855,0.59534788,0.11003809,0.99287564,-0.045714259,0
4.331213,3.4750297,-0.63392878,0.9863838,-0.10343152,0.12786292,0
1.7059501,-4.6094303,0.70807219,-0.11003809,-0.99287564,0.045714259,0
1.7064359,4.1927042,-0.3762269,0.11003809,0.99287564,-0.045714259,0
-2.545331,4.4130211,0.61622214,-0.12222365,0.059161544,0.99073786,0
4.2188692,2.3467605,0.81974614,0.9863838,-0.10343152,0.12786292,0
0.31037411,4.349576,0.15226746,0.11003809,0.99287564,-0.045714259,0
2.7041965,4.1523581,0.63421941,0.11003809,0.99287564,-0.045714259,0
-3.7256894,1.0567749,-1.4228581,-0.9863838,0.10343152,-0.12786292,0
1.2675825,4.0252357,0.87255025,-0.12222365,0.059161544,0.99073786,0
-3.9534757,-3.9025462,0.37614489,-0.11003809,-0.99287564,0.045714259,0
0.099516168,-0.16399479,-1.0175998,0.12222365,-0.059161544,-0.99073786,0
-4.5369277,-2.695524,0.038724661,-0.9863838,0.10343152,-0.12786292,0
2.7288113,-4.4146829,-0.41447139,0.12222365,-0.059161544,-0.99073786,0
2.8273258,-1.2450807,1.3770492,-0.12222365,0.059161544,0.99073786,0
-1.016712,4.2050214,0.64789176,-0.12222365,0.059161544,0.99073786,0
-3.5669863,3.139889,-0.89589787,-0.9863838,0.10343152,-0.12786292,0
-2.7889025,1.863547,-1.6153798,0.12222365,-0.059161544,-0.99073786,0
2.6549659,-4.7061644,1.1521616,-0.11003809,-0.99287564,0.045714259,0
-1.7171843,2.5860038,0.62336028,-0.12222365,0.059161544,0.99073786,0
-4.3284345,-3.6126676,0.10863709,-0.9863838,0.10343152,-0.12786292,0
3.6526561,-3.133714,1.1023865,0.9863838,-0.10343152,0.12786292,0
-3.6478677,-1.3705461,-1.3526853,0.12222365,-0.059161544,-0.99073786,0
-4.3000097,-1.6663468,0.14463496,-0.9863838,0.10343152,-0.12786292,0
-0.76469815,4.5387936,-1.3610206,0.11003809,0.99287564,-0.045714259,0
2.2920489,-4.9432664,0.057628632,-0.11003809,-0.99287564,0.045714259,0
-2.8672903,-0.93556166,-1.1879528,0.12222365,-0.059161544,-0.99073786,0
-3.6044447,4.2792506,-1.4871635,-0.9863838,0.10343152,-0.12786292,0
4.0503163,-0.35866562,-0.083165899,0.9863838,-0.10343152,0.12786292,0
-1.4448655,4.5071745,0.21972632,0.11003809,0.99287564,-0.045714259,0
1.6510599,-3.2234006,-0.71904039,0.12222365,-0.059161544,-0.99073786,0
-2.3062682,-0.59494436,0.55936164,-0.12222365,0.059161544,0.99073786,0
-3.7227306,0.75098318,-0.84012288,-0.9863838,0.10343152,-0.12786292,0
-3.5496452,1.7872018,-1.0041732,-0.9863838,0.10343152,-0.12786292,0
-3.091604,-4.1700625,-0.77351475,-0.11003809,-0.99287564,0.045714259,0
1.7451295,4.3690786,-0.6745472,0.11003809,0.99287564,-0.045714259,0
-3.4010003,4.8607354,-0.45508575,0.11003809,0.99287564,-0.045714259,0
1.0598278,4.5233235,0.69989181,0.11003809,0.99287564,-0.045714259,0
2.9694297,-4.7411423,0.86743116,-0.11003809,-0.99287564,0.045714259,0
0.15439418,4.6655083,-0.17713261,0.11003809,0.99287564,-0.045714259,0
-2.0548344,-2.2118721,0.91274595,-0.12222365,0.059161544,0.99073786,0
-2.3402977,-4.2465596,0.37299013,-0.11003809,-0.99287564,0.045714259,0
-0.5194549,4.5237141,-1.1677866,0.11003809,0.99287564,-0.045714259,0
2.6267896,-4.7414908,0.5590148,-0.11003809,-0.99287564,0.045714259,0
-3.3996329,-2.5288467,-1.1509911,0.12222365,-0.059161544,-0.99073786,0
2.2321188,-4.6997814,1.3862624,-0.12222365,0.059161544,0.99073786,0
0.11946518,-3.1164224,1.2792587,-0.12222365,0.059161544,0.99073786,0
-1.7567101,-4.2525806,0.87015438,-0.11003809,-0.99287564,0.045714259,0
2.6878912,1.5506779,1.1394064,-0.12222365,0.059161544,0.99073786,0
2.8239107,-4.8896246,1.4213157,-0.11003809,-0.99287564,0.045714259,0
-0.67569822,-1.3467723,1.0049275,-0.12222365,0.059161544,0.99073786,0
-3.8107853,2.0911846,-1.1243702,-0.9863838,0.10343152,-0.12786292,0
0.23093733,1.9396834,-1.1234016,0.12222365,-0.059161544,-0.99073786,0
4.1971869,4.1260786,1.2498262,0.9863838,-0.10343152,0.12786292,0
4.5418692,2.3098714,-0.35535884,0.9863838,-0.10343152,0.12786292,0
-4.1510954,-1.9605522,-1.1140801,-0.9863838,0.10343152,-0.12786292,0
-2.722836,-4.0746627,-0.15773582,-0.11003809,-0.99287564,0.045714259,0
-3.0378315,-0.25499547,-1.3256052,0.12222365,-0.059161544,-0.99073786,0
-0.38949338,-3.8862629,1.2685404,-0.12222365,0.059161544,0.99073786,0
2.0270162,4.4667087,0.96397376,0.11003809,0.99287564,-0.045714259,0
0.25944972,4.6197014,-0.5217576,0.11003809,0.99287564,-0.045714259,0
4.0575986,0.57764256,-0.56490457,0.9863838,-0.10343152,0.12786292,0
3.6269619,-3.8927283,1.25337,0.9863838,-0.10343152,0.12786292,0
4.6025839,3.9197607,-0.13691854,0.9863838,-0.10343152,0.12786292,0
-3.7909262,1.3974366,-0.84258747,-0.9863838,0.10343152,-0.12786292,0
-2.3203537,-4.2494612,0.21573257,-0.11003809,-0.99287564,0.045714259,0
-0.53359497,0.1595124,-1.0487449,0.12222365,-0.059161544,-0.99073786,0
2.686337,-1.7848434,-0.48607373,0.12222365,-0.059161544,-0.99073786,0
0.60918289,0.26784664,1.0155532,-0.12222365,0.059161544,0.99073786,0
3.270807,-4.9040265,-0.32658935,0.12222365,-0.059161544,-0.99073786,0
-4.2895808,-3.5575469,-1.0279071,-0.9863838,0.10343152,-0.12786292,0
-0.2452646,4.451097,-0.99142456,0.11003809,0.99287564,-0.045714259,0
-4.0921111,0.37601006,-0.96351403,-0.9863838,0.10343152,-0.12786292,0
-2.6043651,-4.0783,0.72372723,-0.11003809,-0.99287564,0.045714259,0
-1.3838558,-4.4492941,-0.79427171,-0.11003809,-0.99287564,0.045714259,0
3.892168,-2.8329451,-0.0052428246,0.9863838,-0.10343152,0.12786292,0
0.61436903,-4.542366,-0.0052161217,-0.11003809,-0.99287564,0.045714259,0
-0.23012477,4.6964011,-0.071249962,0.11003809,0.99287564,-0.045714259,0
4.1712847,0.64884269,0.41441333,0.9863838,-0.10343152,0.12786292,0
3.52122,-2.7274566,0.4764452,0.9863838,-0.10343152,0.12786292,0
0.72878307,3.5355496,0.84406996,-0.12222365,0.059161544,0.99073786,0
-3.7841444,1.4986551,0.16555494,-0.9863838,0.10343152,-0.12786292,0
0.56536204,-4.4517298,0.990973,-0.11003809,-0.99287564,0.045714259,0
-1.8462839,-2.7420456,-1.2568293,0.12222365,-0.059161544,-0.99073786,0
3.2690372,-4.6903329,0.17653131,-0.11003809,-0.99287564,0.045714259,0
0.54659402,-4.7658968,0.32040691,-0.11003809,-0.99287564,0.045714259,0
-0.63468921,-2.8619134,1.0221002,-0.12222365,0.059161544,0.99073786,0
0.52954209,4.6032448,0.50056815,0.11003809,0.99287564,-0.045714259,0
-1.9989882,-0.043910682,0.8269105,-0.12222365,0.059161544,0.99073786,0
-0.6683991,4.5783057,-0.13622665,0.11003809,0.99287564,-0.045714259,0
-2.4331281,-4.182497,-0.58907199,-0.11003809,-0.99287564,0.045714259,0
3.5128546,-1.9481745,1.6030002,-0.12222365,0.059161544,0.99073786,0
2.1803706,4.16747,0.070392132,0.11003809,0.99287564,-0.045714259,0
4.2609053,3.0501704,1.1894054,0.9863838,-0.10343152,0.12786292,0
2.657593,2.9692469,0.99193573,-0.12222365,0.059161544,0.99073786,0
-0.71092105,2.9207568,0.65241241,-0.12222365,0.059161544,0.99073786,0
-3.3813024,-3.0347719,-1.1269546,0.12222365,-0.059161544,-0.99073786,0
1.6005999,-4.8465643,-0.13123035,-0.11003809,-0.99287564,0.045714259,0
1.6929035,4.343565,0.19418287,0.11003809,0.99287564,-0.045714259,0
-0.52831602,1.7689037,0.68995303,-0.12222365,0.059161544,0.99073786,0
-4.0818896,-2.0172448,-0.4268657,-0.9863838,0.10343152,-0.12786292,0
-3.6366255,3.2431681,-0.33283091,-0.9863838,0.10343152,-0.12786292,0
-1.7219092,-4.2320185,0.33768415,-0.11003809,-0.99287564,0.045714259,0
3.5206835,-3.9447334,-0.22377849,0.12222365,-0.059161544,-0.99073786,0
3.969738,-1.0402828,0.09721905,0.9863838,-0.10343152,0.12786292,0
1.3523352,-4.8841219,-0.34657383,-0.11003809,-0.99287564,0.045714259,0
3.7728827,-0.61574876,0.12290029,0.9863838,-0.10343152,0.12786292,0
3.0368237,-3.30685,-0.57972956,0.12222365,-0.059161544,-0.99073786,0
-3.3590548,4.0813208,-1.0384631,-0.9863838,0.10343152,-0.12786292,0
-2.5172329,-4.1881933,-0.49828076,-0.11003809,-0.99287564,0.045714259,0
3.3040695,-4.7682381,1.3696208,0.9863838,-0.10343152,0.12786292,0
-0.52931231,-2.443851,-0.95366454,0.12222365,-0.059161544,-0.99073786,0
-1.0569165,0.092532933,0.69331604,-0.12222365,0.059161544,0.99073786,0
3.4113071,-3.8354433,-0.23595977,0.12222365,-0.059161544,-0.99073786,0
2.7106223,3.4540396,-0.95646214,0.12222365,-0.059161544,-0.99073786,0
0.016012505,-1.7043555,1.2565396,-0.12222365,0.059161544,0.99073786,0
-2.2755923,4.9189987,0.081634998,0.11003809,0.99287564,-0.045714259,0
-2.3093331,-0.52370989,-1.3226633,0.12222365,-0.059161544,-0.99073786,0
0.41352326,-0.89411265,1.2666092,-0.12222365,0.059161544,0.99073786,0
-3.1347733,4.816463,-1.3370557,0.11003809,0.99287564,-0.045714259,0
-3.1102707,4.2737341,-1.5652561,0.12222365,-0.059161544,-0.99073786,0
2.3534875,-4.9934149,-0.23307896,-0.11003809,-0.99287564,0.045714259,0
-1.5545872,-4.4063439,-0.59608316,-0.11003809,-0.99287564,0.045714259,0
4.2624531,3.0798485,-0.52063203,0.9863838,-0.10343152,0.12786292,0
4.1369772,3.801146,1.2573688,-0.12222365,0.059161544,0.99073786,0
-4.1291971,0.5372628,0.047849972,-0.9863838,0.10343152,-0.12786292,0
-2.7258406,4.6044912,-1.5889573,0.11003809,0.99287564,-0.045714259,0
-0.40556395,2.3999982,-1.3135946,0.12222365,-0.059161544,-0.99073786,0
1.9773777,4.4299297,0.38037062,0.11003809,0.99287564,-0.045714259,0
-3.8128662,2.7859433,-1.1598191,-0.9863838,0.10343152,-0.12786292,0
3.9790957,0.86794257,1.3158143,-0.12222365,0.059161544,0.99073786,0
-1.5931432,2.4745324,-1.4006073,0.12222365,-0.059161544,-0.99073786,0
-0.42615706,-2.6837292,-0.7953409,0.12222365,-0.059161544,-0.99073786,0
1.2610774,4.4364634,0.34327316,0.11003809,0.99287564,-0.045714259,0
3.6790643,-1.3142009,0.59934294,0.9863838,-0.10343152,0.12786292,0
3.7434657,0.45566726,1.5893801,0.9863838,-0.10343152,0.12786292,0
-2.6829193,4.9404082,0.004679203,0.11003809,0.99287564,-0.045714259,0
-0.32535133,-1.7223289,1.21566,-0.12222365,0.059161544,0.99073786,0
2.8593488,3.6513863,1.1225533,-0.12222365,0.059161544,0.99073786,0
-0.80555886,4.4975796,-1.1077094,0.11003809,0.99287564,-0.045714259,0
-2.9313858,-1.186506,0.63463926,-0.12222365,0.059161544,0.99073786,0
0.074750476,-4.3404713,0.51798582,-0.11003809,-0.99287564,0.045714259,0
3.852922,-0.78973949,1.6006376,0.9863838,-0.10343152,0.12786292,0
0.47233903,4.3830371,-0.54429865,0.11003809,0.99287564,-0.045714259,0
3.7471242,4.1083498,-0.80960703,0.11003809,0.99287564,-0.045714259,0
3.7836511,-1.4580702,0.47968882,0.9863838,-0.10343152,0.12786292,0
-3.883992,0.864182,-0.073579013,-0.9863838,0.10343152,-0.12786292,0
0.6614539,4.5530543,-0.27405405,0.11003809,0.99287564,-0.045714259,0
-4.0158815,-1.8552116,-0.4605478,-0.9863838,0.10343152,-0.12786292,0
0.32750008,-1.358669,-0.86647898,0.12222365,-0.059161544,-0.99073786,0
4.0498176,-0.50474232,0.065497749,0.9863838,-0.10343152,0.12786292,0
4.6078711,3.8878646,0.38556314,0.9863838,-0.10343152,0.12786292,0
4.2763743,4.1052475,-0.70020819,0.11003809,0.99287564,-0.045714259,0
3.7764821,-2.3982525,1.7322201,0.9863838,-0.10343152,0.12786292,0
3.4770584,-4.3694153,0.56302762,0.9863838,-0.10343152,0.12786292,0
3.584712,-2.5452201,0.030152082,0.9863838,-0.10343152,0.12786292,0
3.5148427,-4.1185741,0.25709248,0.9863838,-0.10343152,0.12786292,0
3.0519774,2.6980937,-0.664253,0.12222365,-0.059161544,-0.99073786,0
-3.6904314,-4.0773287,-0.55943823,-0.11003809,-0.99287564,0.045714259,0
1.6556457,-3.342658,1.2770329,-0.12222365,0.059161544,0.99073786,0
1.7901349,4.1323133,-0.73212862,0.11003809,0.99287564,-0.045714259,0
4.2123704,1.8753392,1.2482314,0.9863838,-0.10343152,0.12786292,0
-3.5696201,-4.0411496,-0.66347075,-0.11003809,-0.99287564,0.045714259,0
-2.7724857,-4.1808462,-0.72550941,-0.11003809,-0.99287564,0.045714259,0
0.47571909,4.5378294,-0.93283796,0.11003809,0.99287564,-0.045714259,0
-0.18184097,-4.4973369,0.89277458,-0.11003809,-0.99287564,0.045714259,0
3.0597932,-4.9548779,0.83244705,-0.11003809,-0.99287564,0.045714259,0
1.2422999,-4.0668859,1.5599017,-0.12222365,0.059161544,0.99073786,0
-0.56484604,-4.4236283,-0.48861027,-0.11003809,-0.99287564,0.045714259,0
2.5515633,4.2443986,0.91318107,0.11003809,0.99287564,-0.045714259,0
-3.5804222,3.3146653,-1.5992661,-0.9863838,0.10343152,-0.12786292,0
-0.34485412,2.3737421,0.9633528,-0.12222365,0.059161544,0.99073786,0
2.070621,-2.3665257,-0.77061045,0.12222365,-0.059161544,-0.99073786,0
0.38641471,-4.6200619,-0.58463407,-0.11003809,-0.99287564,0.045714259,0
-0.28253806,1.548177,-1.1029588,0.12222365,-0.059161544,-0.99073786,0
3.2309177,-4.9364419,0.3069334,-0.11003809,-0.99287564,0.045714259,0
-3.412436,3.7937117,-1.3289108,-0.9863838,0.10343152,-0.12786292,0
1.7426778,-2.4575386,-0.50131798,0.12222365,-0.059161544,-0.99073786,0
-4.1648521,0.77161479,0.15374729,-0.9863838,0.10343152,-0.12786292,0
-3.5668635,2.4754112,-0.32411969,-0.9863838,0.10343152,-0.12786292,0
-2.6053278,4.9775538,-0.05470562,0.11003809,0.99287564,-0.045714259,0
2.265758,1.7775153,-0.8643893,0.12222365,-0.059161544,-0.99073786,0
-4.0821629,-0.021659732,-1.3221318,-0.9863838,0.10343152,-0.12786292,0
-3.858268,1.9022115,-0.57634866,-0.9863838,0.10343152,-0.12786292,0
-2.0005434,2.9744539,-1.5726166,0.12222365,-0.059161544,-0.99073786,0
-1.4021536,-4.4724679,-0.29499817,-0.11003809,-0.99287564,0.045714259,0
-1.8656641,0.41426384,-1.2260085,0.12222365,-0.059161544,-0.99073786,0
3.4627242,-4.6423774,1.6294584,0.9863838,-0.10343152,0.12786292,0
1.4103978,-4.6462288,1.2055912,-0.11003809,-0.99287564,0.045714259,0
-2.9140022,-1.8632971,0.79231143,-0.12222365,0.059161544,0.99073786,0
2.8406734,1.668991,-0.62103868,0.12222365,-0.059161544,-0.99073786,0
3.5322278,-0.52997684,1.4334631,-0.12222365,0.059161544,0.99073786,0
1.5841162,4.1420112,-1.0906959,0.11003809,0.99287564,-0.045714259,0
-0.30009499,-4.5717835,0.37682676,-0.11003809,-0.99287564,0.045714259,0
-4.1343236,-3.2881992,0.58583117,-0.12222365,0.059161544,0.99073786,0
2.3824351,4.4002447,-0.34130955,0.11003809,0.99287564,-0.045714259,0
-1.7078648,3.5494173,-1.5258338,0.12222365,-0.059161544,-0.99073786,0
-3.3750784,3.7873702,-1.3912563,-0.9863838,0.10343152,-0.12786292,0
4.3545156,4.0960002,0.44964004,0.9863838,-0.10343152,0.12786292,0
2.6300635,4.2742901,-0.81009674,0.11003809,0.99287564,-0.045714259,0
3.0367966,3.8097939,1.2012501,-0.12222365,0.059161544,0.99073786,0
0.99891824,-3.3487711,-0.77261329,0.12222365,-0.059161544,-0.99073786,0
-3.6320031,1.7868735,-1.3982221,-0.9863838,0.10343152,-0.12786292,0
-0.25854903,4.4652662,0.75738168,0.11003809,0.99287564,-0.045714259,0
1.8214307,-4.860137,0.74004221,-0.11003809,-0.99287564,0.045714259,0
-1.6522148,4.7874894,0.16622305,0.11003809,0.99287564,-0.045714259,0
4.1977992,4.0267048,1.1544194,0.9863838,-0.10343152,0.12786292,0
-3.6463881,2.0456474,-1.0041419,-0.9863838,0.10343152,-0.12786292,0
-4.048069,-0.004442215,-1.3354461,-0.9863838,0.10343152,-0.12786292,0
0.2070803,4.3082285,-0.89015532,0.11003809,0.99287564,-0.045714259,0
-0.65244108,4.7031436,-1.3116913,0.11003809,0.99287564,-0.045714259,0
-1.7748711,-4.2143192,-0.97603512,0.12222365,-0.059161544,-0.99073786,0
2.5222731,2.469985,1.1633867,-0.12222365,0.059161544,0.99073786,0
1.1134667,1.0146782,-0.85604346,0.12222365,-0.059161544,-0.99073786,0
1.3148943,4.2026114,-1.0940032,0.11003809,0.99287564,-0.045714259,0
-0.92420954,-4.3309436,-0.46303606,-0.11003809,-0.99287564,0.045714259,0
3.8872499,-0.47819686,-0.52307123,0.12222365,-0.059161544,-0.99073786,0
-4.2601266,-2.6130917,-1.0358744,-0.9863838,0.10343152,-0.12786292,0
-4.1819949,-3.3769138,-0.3920238,-0.9863838,0.10343152,-0.12786292,0
-0.81810296,2.7276564,-1.260128,0.12222365,-0.059161544,-0.99073786,0
1.4899398,4.4777555,0.53874516,0.11003809,0.99287564,-0.045714259,0
-2.0864093,4.6285191,-1.0031495,0.11003809,0.99287564,-0.045714259,0
-4.4946647,-3.289197,-0.0042514801,-0.9863838,0.10343152,-0.12786292,0
0.45919177,4.6911449,0.23824596,0.11003809,0.99287564,-0.045714259,0
4.1253524,0.79445291,-0.48707271,0.12222365,-0.059161544,-0.99073786,0
-2.4676363,4.8458047,-0.46886444,0.11003809,0.99287564,-0.045714259,0
-3.8463414,0.045268416,-0.28806466,-0.9863838,0.10343152,-0.12786292,0
-0.51698196,-4.454824,0.45672321,-0.11003809,-0.99287564,0.045714259,0
-0.8255046,4.6682382,0.77008414,-0.12222365,0.059161544,0.99073786,0
4.0777597,0.35222113,1.3177555,0.9863838,-0.10343152,0.12786292,0
3.1655958,2.4313474,1.1492541,-0.12222365,0.059161544,0.99073786,0
2.4668548,-2.1600218,1.5584918,-0.12222365,0.059161544,0.99073786,0
-0.4740687,2.3012991,1.0072579,-0.12222365,0.059161544,0.99073786,0
2.0528057,0.93238997,1.1306299,-0.12222365,0.059161544,0.99073786,0
2.1887631,-4.7634039,0.041060448,-0.11003809,-0.99287564,0.045714259,0
-0.52712131,-4.5140915,0.038679123,-0.11003809,-0.99287564,0.045714259,0
-1.0249381,0.33686054,-1.1564395,0.12222365,-0.059161544,-0.99073786,0
3.6013374,-2.1136785,0.71046245,0.9863838,-0.10343152,0.12786292,0
-0.60604781,-4.5596027,0.14577436,-0.11003809,-0.99287564,0.045714259,0
-4.1749454,-0.47221655,-0.95388031,-0.9863838,0.10343152,-0.12786292,0
3.7217891,-3.5488954,0.83882999,0.9863838,-0.10343152,0.12786292,0
-4.1793628,-3.9026475,-0.79865646,-0.9863838,0.10343152,-0.12786292,0
-1.246225,4.6575422,-1.304965,0.11003809,0.99287564,-0.045714259,0
-4.5114436,-2.8391438,-0.3242712,-0.9863838,0.10343152,-0.12786292,0
-4.1720972,-2.5055761,-1.5574746,-0.9863838,0.10343152,-0.12786292,0
-4.1266465,-1.40435,-0.42157924,-0.9863838,0.10343152,-0.12786292,0
2.195653,-3.2025404,1.5939445,-0.12222365,0.059161544,0.99073786,0
-3.256017,4.7205753,-0.59410858,0.11003809,0.99287564,-0.045714259,0
-3.7247429,0.73604906,-0.5423665,-0.9863838,0.10343152,-0.12786292,0
-2.1106596,-1.1512487,-1.1578238,0.12222365,-0.059161544,-0.99073786,0
-2.0244815,-4.3607578,-0.46769261,-0.11003809,-0.99287564,0.045714259,0
-4.1389985,-3.9924874,-0.54223466,-0.11003809,-0.99287564,0.045714259,0
1.7162925,-4.5912337,-0.01618576,-0.11003809,-0.99287564,0.045714259,0
-4.0509448,-0.82956648,-0.30143583,-0.9863838,0.10343152,-0.12786292,0
-3.2115607,4.6439528,-0.96673441,0.11003809,0.99287564,-0.045714259,0
4.1889534,1.4367608,0.94141984,0.9863838,-0.10343152,0.12786292,0
4.2709551,2.3389301,1.073248,0.9863838,-0.10343152,0.12786292,0
4.2307863,2.6955929,0.080423832,0.9863838,-0.10343152,0.12786292,0
2.9080601,4.0978808,-0.51609945,0.11003809,0.99287564,-0.045714259,0
2.1641874,4.4942298,0.50437355,0.11003809,0.99287564,-0.045714259,0
-2.6412075,-3.5473833,-0.94451809,0.12222365,-0.059161544,-0.99073786,0
-1.3602211,4.771173,-0.034597874,0.11003809,0.99287564,-0.045714259,0
-3.5810485,-0.47132218,0.52255261,-0.12222365,0.059161544,0.99073786,0
2.3347454,3.6697264,1.2163327,-0.12222365,0.059161544,0.99073786,0
-3.9682755,-4.2632504,-0.70200276,-0.11003809,-0.99287564,0.045714259,0
-1.0363243,4.3909931,-1.448163,0.11003809,0.99287564,-0.045714259,0
-1.5378573,-4.2987628,-0.37717271,-0.11003809,-0.99287564,0.045714259,0
4.2130303,0.75240529,-0.039532065,0.9863838,-0.10343152,0.12786292,0
-0.036835313,-4.4357753,0.0039162636,-0.11003809,-0.99287564,0.045714259,0
-3.7005322,1.972952,-0.34007263,-0.9863838,0.10343152,-0.12786292,0
4.0360031,0.85241437,1.2342654,0.9863838,-0.10343152,0.12786292,0
3.5408683,-4.4048853,1.4908779,0.9863838,-0.10343152,0.12786292,0
3.5063159,-3.9050345,1.0910661,0.9863838,-0.10343152,0.12786292,0
3.8950801,-1.6898122,0.21312308,0.9863838,-0.10343152,0.12786292,0
3.42484,4.318119,0.071251392,0.11003809,0.99287564,-0.045714259,0
-1.6656431,4.6282291,0.50270772,0.11003809,0.99287564,-0.045714259,0
0.037729867,4.6078486,-0.069330215,0.11003809,0.99287564,-0.045714259,0
0.30924445,4.4785299,-1.0070891,0.11003809,0.99287564,-0.045714259,0
-4.1878862,-1.9728425,-1.021988,-0.9863838,0.10343152,-0.12786292,0
-3.4725037,4.6989498,-0.29635572,-0.9863838,0.10343152,-0.12786292,0
3.6818731,-4.0345168,0.054040432,0.9863838,-0.10343152,0.12786292,0
-3.9402709,3.0440083,0.18529129,-0.9863838,0.10343152,-0.12786292,0
3.29333,-4.7684975,1.6210818,0.9863838,-0.10343152,0.12786292,0
-0.55313629,4.4110794,-1.1038795,0.11003809,0.99287564,-0.045714259,0
3.9848449,0.061228752,1.3305309,0.9863838,-0.10343152,0.12786292,0
-1.4658941,4.7931786,-0.40655804,0.11003809,0.99287564,-0.045714259,0
4.198585,2.318341,-0.036135912,0.9863838,-0.10343152,0.12786292,0
-3.7083724,2.0341606,-0.28866017,-0.9863838,0.10343152,-0.12786292,0
4.1470962,1.4446563,1.2332858,0.9863838,-0.10343152,0.12786292,0
-2.7717643,-3.2794271,-0.97607136,0.12222365,-0.059161544,-0.99073786,0
-1.5210943,-1.5730976,0.96039832,-0.12222365,0.059161544,0.99073786,0
1.3826221,4.5053363,0.89155483,0.11003809,0.99287564,-0.045714259,0
1.6817012,4.4280996,0.90509415,-0.12222365,0.059161544,0.99073786,0
-3.537456,4.7433786,-1.4972482,-0.9863838,0.10343152,-0.12786292,0
3.9439356,-2.3768106,0.34117699,0.9863838,-0.10343152,0.12786292,0
1.2762142,-4.6464548,1.4423695,-0.11003809,-0.99287564,0.045714259,0
0.7671082,2.4907031,1.0705588,-0.12222365,0.059161544,0.99073786,0
3.8942478,-2.7029035,0.25223112,0.9863838,-0.10343152,0.12786292,0
4.1980343,2.3767321,-0.72868633,0.9863838,-0.10343152,0.12786292,0
-3.8520658,1.3124731,-1.3998049,-0.9863838,0.10343152,-0.12786292,0
-0.11219534,-0.2692064,1.0364145,-0.12222365,0.059161544,0.99073786,0
-2.1464696,-1.5495704,-1.0563262,0.12222365,-0.059161544,-0.99073786,0
0.88936299,-4.4092321,1.0813775,-0.11003809,-0.99287564,0.045714259,0
1.2062373,4.474751,-0.89063644,0.11003809,0.99287564,-0.045714259,0
-3.9550643,-4.1120839,-0.59736538,-0.11003809,-0.99287564,0.045714259,0
-3.3104634,-4.1496234,0.57671881,-0.11003809,-0.99287564,0.045714259,0
-0.75867432,-2.2197423,0.90280843,-0.12222365,0.059161544,0.99073786,0
3.2191947,-5.0045166,0.19488907,-0.11003809,-0.99287564,0.045714259,0
-1.213949,4.4586134,-0.81650734,0.11003809,0.99287564,-0.045714259,0
-3.5174267,-4.0132556,0.77127743,-0.11003809,-0.99287564,0.045714259,0
1.2201387,4.4135313,-0.39653301,0.11003809,0.99287564,-0.045714259,0
-4.2540994,-2.6957703,-1.352595,-0.9863838,0.10343152,-0.12786292,0
-1.1998829,-4.3496647,0.92254734,-0.11003809,-0.99287564,0.045714259,0
-4.1775923,-1.9315701,-1.371536,-0.9863838,0.10343152,-0.12786292,0
-1.4981015,4.1365938,-1.3172562,0.12222365,-0.059161544,-0.99073786,0
2.3737211,-4.720829,-0.16805029,-0.11003809,-0.99287564,0.045714259,0
-1.8471415,-4.4611239,-0.30107737,-0.11003809,-0.99287564,0.045714259,0
-0.35830522,2.4368842,0.83772719,-0.12222365,0.059161544,0.99073786,0
-4.1031828,-0.36956355,-0.52417302,-0.9863838,0.10343152,-0.12786292,0
2.3503699,-4.8250751,1.2341099,-0.11003809,-0.99287564,0.045714259,0
4.0496559,-0.87363791,0.47312182,0.9863838,-0.10343152,0.12786292,0
0.30697566,-4.4630532,0.85271978,-0.11003809,-0.99287564,0.045714259,0
3.5431347,-2.9717512,1.5630198,0.9863838,-0.10343152,0.12786292,0
3.6637547,-2.9393673,0.84327221,0.9863838,-0.10343152,0.12786292,0
-3.1627257,1.5237584,-1.5406681,0.12222365,-0.059161544,-0.99073786,0
3.6161931,-4.0442381,-0.16164494,0.9863838,-0.10343152,0.12786292,0
3.6493566,-3.7722073,0.12489557,0.9863838,-0.10343152,0.12786292,0
3.3260493,-0.15402246,1.4014239,-0.12222365,0.059161544,0.99073786,0
-1.2033905,-4.3740096,1.315598,-0.12222365,0.059161544,0.99073786,0
-2.8900111,-4.0989041,0.67020512,-0.11003809,-0.99287564,0.045714259,0
-3.6603985,0.64462018,-1.0672174,-0.9863838,0.10343152,-0.12786292,0
-1.0721691,-1.6645868,-0.87654901,0.12222365,-0.059161544,-0.99073786,0
2.515619,4.1467352,-0.39823675,0.11003809,0.99287564,-0.045714259,0
