-0.27069116,1.7841945,-2.9548433,-0.9305948,0.16714311,-0.32566369,0
2.5011339,2.0732186,-2.1485274,0.34691304,0.68660712,-0.63892257,0
-0.2281599,2.7715015,-2.6877155,0.34691304,0.68660712,-0.63892257,0
-0.067433238,-1.639599,-0.5949204,0.11681145,-0.70755506,-0.69693702,0
2.4802966,1.1642754,-1.3916066,0.9305948,-0.16714311,0.32566369,0
1.0276284,1.0998033,-2.8806357,0.11681145,-0.70755506,-0.69693702,0
2.5695438,1.0832598,-1.9664413,0.9305948,-0.16714311,0.32566369,0
1.5873239,2.6060505,-1.5389481,0.34691304,0.68660712,-0.63892257,0
-0.47291589,1.2271526,0.86270726,-0.11681145,0.70755506,0.69693702,0
1.5313034,-1.039099,-0.71281505,0.11681145,-0.70755506,-0.69693702,0
0.84035861,-2.397361,1.4207311,0.9305948,-0.16714311,0.32566369,0
-2.017581,-0.87467939,2.7812386,-0.11681145,0.70755506,0.69693702,0
0.50483155,-3.2083101,1.425658,0.9305948,-0.16714311,0.32566369,0
0.61104977,-1.3483016,2.4175205,0.9305948,-0.16714311,0.32566369,0
-0.60344076,-3.3019619,1.549804,-0.34691304,-0.68660712,0.63892257,0
2.3539186,1.1010993,-1.6018138,0.9305948,-0.16714311,0.32566369,0
0.86264253,2.2459846,0.18939912,-0.11681145,0.70755506,0.69693702,0
-1.8519573,-1.3391472,0.40306711,-0.9305948,0.16714311,-0.32566369,0
1.3509347,1.6180212,-3.2115669,0.34691304,0.68660712,-0.63892257,0
-0.44315767,3.7026963,-1.976573,0.34691304,0.68660712,-0.63892257,0
-0.24883372,-2.0357053,3.0510583,-0.34691304,-0.68660712,0.63892257,0
-2.1751676,-2.5668182,1.3091049,-0.34691304,-0.68660712,0.63892257,0
2.0027354,1.6220448,-2.5958018,0.34691304,0.68660712,-0.63892257,0
1.4402571,-0.89849627,0.29002219,0.9305948,-0.16714311,0.32566369,0
0.80940652,0.29544133,-2.477021,0.11681145,-0.70755506,-0.69693702,0
1.0842645,3.5271997,-1.4057057,0.34691304,0.68660712,-0.63892257,0
-1.5440645,0.062861919,2.0256205,-0.11681145,0.70755506,0.69693702,0
0.67455876,1.3347688,1.171141,-0.11681145,0.70755506,0.69693702,0
-0.91778457,-2.9308991,1.6973213,-0.34691304,-0.68660712,0.63892257,0
0.64287794,-1.2167418,2.7029629,0.9305948,-0.16714311,0.32566369,0
0.60085559,-2.8661902,1.5754157,0.9305948,-0.16714311,0.32566369,0
0.53895605,2.0702369,-2.7831025,0.34691304,0.68660712,-0.63892257,0
-0.83240235,-0.82241535,-1.2772605,0.11681145,-0.70755506,-0.69693702,0
-0.52360541,-1.4816947,3.4818718,-0.11681145,0.70755506,0.69693702,0
1.3615888,-0.49133515,1.0313377,0.9305948,-0.16714311,0.32566369,0
1.0842984,-0.46538073,-1.4914994,0.11681145,-0.70755506,-0.69693702,0
1.8717476,2.3432436,-1.856566,0.34691304,0.68660712,-0.63892257,0
2.1160247,2.6905179,-1.7168324,0.34691304,0.68660712,-0.63892257,0
-1.2361447,-0.95256752,3.1124067,-0.11681145,0.70755506,0.69693702,0
1.7693274,1.3337308,0.71510583,0.9305948,-0.16714311,0.32566369,0
-0.12919426,2.8494794,-2.6969035,0.34691304,0.68660712,-0.63892257,0
-1.0416682,-2.3157794,2.1806819,-0.34691304,-0.68660712,0.63892257,0
0.18407249,1.4960388,0.80497575,-0.11681145,0.70755506,0.69693702,0
1.755613,-0.20045424,-0.10920754,0.9305948,-0.16714311,0.32566369,0
-1.1483439,-0.14821953,2.0873306,-0.11681145,0.70755506,0.69693702,0
-0.36311269,2.8795211,-1.0815309,-0.11681145,0.70755506,0.69693702,0
-1.9740782,0.17326689,0.53884512,-0.9305948,0.16714311,-0.32566369,0
0.22312212,2.0672629,0.26321197,-0.11681145,0.70755506,0.69693702,0
1.1731296,0.87877703,1.385524,0.9305948,-0.16714311,0.32566369,0
-0.64564109,0.089448482,1.7505112,-0.11681145,0.70755506,0.69693702,0
-0.82684016,0.2029314,-1.8227277,-0.9305948,0.16714311,-0.32566369,0
0.13579753,-0.47620869,2.6999235,-0.11681145,0.70755506,0.69693702,0
-0.028228045,2.2317705,-0.091886044,-0.11681145,0.70755506,0.69693702,0
0.06023407,-2.8623447,2.257061,-0.34691304,-0.68660712,0.63892257,0
-1.5110126,0.46296561,1.2669928,-0.11681145,0.70755506,0.69693702,0
-1.2673243,0.65004897,-1.0092305,-0.9305948,0.16714311,-0.32566369,0
-0.069440156,1.3390169,-3.6057663,0.11681145,-0.70755506,-0.69693702,0
-0.11236084,-2.8722553,2.3212276,-0.34691304,-0.68660712,0.63892257,0
-0.59830511,2.5869553,-2.0695319,-0.9305948,0.16714311,-0.32566369,0
-1.1148804,1.3668596,-0.1578154,-0.9305948,0.16714311,-0.32566369,0
2.675086,1.2216477,-2.6865137,0.9305948,-0.16714311,0.32566369,0
-0.80843771,2.0804021,-0.86768413,-0.9305948,0.16714311,-0.32566369,0
-0.84886467,1.8556831,-0.7178812,-0.9305948,0.16714311,-0.32566369,0
-1.9992455,-0.97022164,0.21125698,-0.9305948,0.16714311,-0.32566369,0
-2.732312,-1.0205363,2.7606812,-0.11681145,0.70755506,0.69693702,0
-0.97030962,-0.69228721,2.4459012,-0.11681145,0.70755506,0.69693702,0
2.0451396,0.40083086,-1.0703758,0.9305948,-0.16714311,0.32566369,0
1.2637565,-0.14730409,-1.7317905,0.11681145,-0.70755506,-0.69693702,0
-0.20694396,-0.53954953,2.6886253,-0.11681145,0.70755506,0.69693702,0
-2.6641164,-2.1324906,1.3777795,-0.9305948,0.16714311,-0.32566369,0
0.26242542,1.5838718,-3.8971095,0.34691304,0.68660712,-0.63892257,0
0.46251881,-0.80274558,2.827661,0.9305948,-0.16714311,0.32566369,0
1.6205142,0.96760738,-3.0365717,0.11681145,-0.70755506,-0.69693702,0
-0.48007208,-0.71199226,2.6170163,-0.11681145,0.70755506,0.69693702,0
2.6199884,2.1804192,-1.5920982,0.9305948,-0.16714311,0.32566369,0
2.5398498,1.1509954,-1.7385981,0.9305948,-0.16714311,0.32566369,0
2.2836726,1.060266,-2.6235988,0.11681145,-0.70755506,-0.69693702,0
1.813722,3.1339619,-0.71300948,-0.11681145,0.70755506,0.69693702,0
-0.48561314,-0.23082912,2.3593469,-0.11681145,0.70755506,0.69693702,0
-0.50111222,1.7089713,0.1289674,-0.11681145,0.70755506,0.69693702,0
-1.5349729,-1.9385197,-0.17157483,0.11681145,-0.70755506,-0.69693702,0
1.0289967,2.2303038,-2.3927121,0.34691304,0.68660712,-0.63892257,0
1.3700376,0.53604758,1.1229718,0.9305948,-0.16714311,0.32566369,0
0.80664062,-0.59937859,2.118391,0.9305948,-0.16714311,0.32566369,0
-0.12619507,1.7409669,0.28250891,-0.11681145,0.70755506,0.69693702,0
-1.4972084,1.035846,-0.085619628,-0.9305948,0.16714311,-0.32566369,0
-0.6360482,1.7234269,0.41877311,-0.11681145,0.70755506,0.69693702,0
-1.6601536,-3.2553678,1.3530846,-0.34691304,-0.68660712,0.63892257,0
-0.65292645,2.7046676,-1.2974977,-0.9305948,0.16714311,-0.32566369,0
-2.0203171,-3.0519605,1.0641068,-0.34691304,-0.68660712,0.63892257,0
-2.0222032,0.086763024,1.1892208,-0.9305948,0.16714311,-0.32566369,0
0.19364643,2.3847704,-0.43476105,-0.11681145,0.70755506,0.69693702,0
-1.5598547,-2.7133124,1.9947997,-0.34691304,-0.68660712,0.63892257,0
1.2655796,2.8474185,-0.4650799,-0.11681145,0.70755506,0.69693702,0
-1.4548315,0.043864608,-0.49040806,-0.9305948,0.16714311,-0.32566369,0
-0.44643211,1.9709169,-2.601651,-0.9305948,0.16714311,-0.32566369,0
0.43931425,-2.7495937,1.9897581,0.9305948,-0.16714311,0.32566369,0
2.2720058,1.0373921,-0.90227556,0.9305948,-0.16714311,0.32566369,0
0.18371704,1.1623583,-3.3526237,0.11681145,-0.70755506,-0.69693702,0
-1.7051209,-1.2228209,0.1790486,-0.9305948,0.16714311,-0.32566369,0
0.59008837,-2.1030326,1.3219459,0.9305948,-0.16714311,0.32566369,0
-0.88780487,-0.20218971,2.326411,-0.11681145,0.70755506,0.69693702,0
-2.2466476,-0.49345839,2.5184307,-0.11681145,0.70755506,0.69693702,0
-2.3420875,-0.6731143,1.9796288,-0.9305948,0.16714311,-0.32566369,0
-2.3607979,-3.2133307,1.041532,-0.34691304,-0.68660712,0.63892257,0
-0.64847445,-1.738084,-0.45555276,0.11681145,-0.70755506,-0.69693702,0
1.0210197,2.8450913,-0.45347524,-0.11681145,0.70755506,0.69693702,0
-1.8481007,-2.8549201,1.6223109,-0.34691304,-0.68660712,0.63892257,0
0.002540648,-2.0062661,3.4135127,-0.34691304,-0.68660712,0.63892257,0
-0.85030216,-2.266053,2.4238698,-0.34691304,-0.68660712,0.63892257,0
-0.53005648,0.40339965,1.8426516,-0.11681145,0.70755506,0.69693702,0
0.28518993,-0.3012675,-1.5386037,0.11681145,-0.70755506,-0.69693702,0
-1.2989141,-3.3114917,1.0478619,0.11681145,-0.70755506,-0.69693702,0
0.13933197,1.5618412,-3.5407243,0.11681145,-0.70755506,-0.69693702,0
-2.0330546,-2.585597,1.3058721,-0.34691304,-0.68660712,0.63892257,0
0.87024307,0.96866858,1.4268523,-0.11681145,0.70755506,0.69693702,0
0.96023226,-2.5176539,1.0886168,0.9305948,-0.16714311,0.32566369,0
-2.4283502,-0.76938415,1.9454762,-0.9305948,0.16714311,-0.32566369,0
0.32241416,-2.6618972,0.59776366,0.11681145,-0.70755506,-0.69693702,0
-2.0543387,-1.6211218,0.077437937,-0.9305948,0.16714311,-0.32566369,0
0.15866399,-3.3088784,0.95648789,0.11681145,-0.70755506,-0.69693702,0
1.8999323,2.7005079,-1.4446657,0.34691304,0.68660712,-0.63892257,0
0.77224958,-1.6776311,1.3471179,0.9305948,-0.16714311,0.32566369,0
-0.24543822,1.7970636,-3.1486688,-0.9305948,0.16714311,-0.32566369,0
-2.1944115,-1.5095884,0.36744231,-0.9305948,0.16714311,-0.32566369,0
-2.1364379,-1.5619172,0.7487731,-0.9305948,0.16714311,-0.32566369,0
1.5680337,-0.4553667,-1.4213649,0.11681145,-0.70755506,-0.69693702,0
-0.16904292,-0.52264416,2.4183373,-0.11681145,0.70755506,0.69693702,0
-0.78077102,-3.3793092,1.3189924,0.11681145,-0.70755506,-0.69693702,0
-0.3804017,-1.4633342,3.3235848,-0.11681145,0.70755506,0.69693702,0
-1.5102347,-0.83557713,-0.56491661,-0.9305948,0.16714311,-0.32566369,0
-0.24877691,2.6951156,-2.0591044,-0.9305948,0.16714311,-0.32566369,0
2.4163203,3.3557577,-0.72588718,0.34691304,0.68660712,-0.63892257,0
-0.57839805,-1.6434424,3.3713706,-0.34691304,-0.68660712,0.63892257,0
0.29349971,2.0936692,-0.0094227791,-0.11681145,0.70755506,0.69693702,0
-2.1057048,-0.29403996,0.76414722,-0.9305948,0.16714311,-0.32566369,0
-1.9552456,-1.6541773,-0.41294968,-0.9305948,0.16714311,-0.32566369,0
-0.65872836,0.55182648,1.3828552,-0.11681145,0.70755506,0.69693702,0
0.29146001,0.04336369,2.0364821,-0.11681145,0.70755506,0.69693702,0
-1.201246,-0.16956127,-1.3125998,-0.9305948,0.16714311,-0.32566369,0
-2.1852386,-1.3801727,2.6730762,-0.34691304,-0.68660712,0.63892257,0
-2.2130091,-1.052642,2.9817498,-0.34691304,-0.68660712,0.63892257,0
-1.1132445,0.59255677,1.448693,-0.11681145,0.70755506,0.69693702,0
2.5120428,0.9015494,-2.6615193,0.11681145,-0.70755506,-0.69693702,0
1.7469891,3.1241,-0.96429789,-0.11681145,0.70755506,0.69693702,0
-1.5630934,-0.76837635,-0.25352648,-0.9305948,0.16714311,-0.32566369,0
-2.3410454,-1.5941926,2.6633196,-0.34691304,-0.68660712,0.63892257,0
2.2098041,2.6310601,-0.42837548,0.9305948,-0.16714311,0.32566369,0
2.5318611,2.1699762,-1.0806143,0.9305948,-0.16714311,0.32566369,0
-1.5282887,0.55042028,-0.26822832,-0.9305948,0.16714311,-0.32566369,0
-1.6157424,-1.320786,2.9008877,-0.34691304,-0.68660712,0.63892257,0
-2.0391676,-1.6303558,2.6617527,-0.34691304,-0.68660712,0.63892257,0
-0.66498506,-1.5291007,-0.51159179,0.11681145,-0.70755506,-0.69693702,0
-0.92670441,1.6758177,0.39058226,-0.11681145,0.70755506,0.69693702,0
-1.799423,-0.38548839,0.098624766,-0.9305948,0.16714311,-0.32566369,0
-0.16477704,-2.8935814,2.5002337,-0.34691304,-0.68660712,0.63892257,0
-0.18482137,1.8849192,-2.6370149,-0.9305948,0.16714311,-0.32566369,0
2.5052524,1.2670367,-2.4246483,0.9305948,-0.16714311,0.32566369,0
-0.42247754,-2.266243,2.8029909,-0.34691304,-0.68660712,0.63892257,0
-2.5671194,-2.4234581,1.1371611,-0.9305948,0.16714311,-0.32566369,0
2.4119711,2.4467564,-1.6004425,0.34691304,0.68660712,-0.63892257,0
1.3508074,1.2181928,-2.9543903,0.11681145,-0.70755506,-0.69693702,0
-0.2147138,-0.88063103,2.7956674,-0.11681145,0.70755506,0.69693702,0
-1.7984982,-3.2706296,1.270043,-0.34691304,-0.68660712,0.63892257,0
1.7094259,2.4064882,-1.725991,0.34691304,0.68660712,-0.63892257,0
-1.0319294,1.8265504,-0.85996974,-0.9305948,0.16714311,-0.32566369,0
2.152411,2.4741931,-1.8503306,0.34691304,0.68660712,-0.63892257,0
-0.15926957,-2.4185479,2.9288912,-0.34691304,-0.68660712,0.63892257,0
1.0333185,-1.4894421,0.41888559,0.9305948,-0.16714311,0.32566369,0
1.5539463,-1.2821933,-0.31763822,0.9305948,-0.16714311,0.32566369,0
1.3446853,2.0046332,-2.3270748,0.34691304,0.68660712,-0.63892257,0
-1.5854977,-3.2268922,1.4413375,-0.34691304,-0.68660712,0.63892257,0
1.6033025,0.21271193,0.21948861,0.9305948,-0.16714311,0.32566369,0
1.3768986,-0.69059694,0.66785568,0.9305948,-0.16714311,0.32566369,0
-0.73084593,-3.3252687,1.3199461,-0.34691304,-0.68660712,0.63892257,0
-0.53975081,-2.8440046,0.8163811,0.11681145,-0.70755506,-0.69693702,0
-1.1796373,-0.12655091,-1.8619388,-0.9305948,0.16714311,-0.32566369,0
0.64653432,0.56618559,-2.8352475,0.11681145,-0.70755506,-0.69693702,0
0.78298044,0.32730633,-2.1523755,0.11681145,-0.70755506,-0.69693702,0
-0.14356601,1.7289259,-3.4775403,0.34691304,0.68660712,-0.63892257,0
-1.4132922,-2.9672325,1.2239094,-0.34691304,-0.68660712,0.63892257,0
-2.5733218,-1.3097517,2.3172865,-0.9305948,0.16714311,-0.32566369,0
-2.0442057,-1.5882108,2.9227033,-0.34691304,-0.68660712,0.63892257,0
1.2176079,2.1906424,-2.400012,0.34691304,0.68660712,-0.63892257,0
-1.249025,-0.033267975,-0.45525256,-0.9305948,0.16714311,-0.32566369,0
-1.7775882,-0.26776683,-0.25263277,-0.9305948,0.16714311,-0.32566369,0
0.6321528,-2.8310094,1.0822229,0.9305948,-0.16714311,0.32566369,0
-0.79307663,-2.1105695,2.9370029,-0.34691304,-0.68660712,0.63892257,0
1.4870268,1.1102298,0.6617263,0.9305948,-0.16714311,0.32566369,0
-1.1771787,-0.33432055,2.4759846,-0.11681145,0.70755506,0.69693702,0
0.91917819,-0.37287617,-1.6098692,0.11681145,-0.70755506,-0.69693702,0
-1.594296,-2.3552568,2.1521626,-0.34691304,-0.68660712,0.63892257,0
2.3022819,3.0192313,-1.1434046,0.34691304,0.68660712,-0.63892257,0
-0.065059423,1.3039926,0.89199829,-0.11681145,0.70755506,0.69693702,0
0.05923152,3.1237535,-1.9600971,0.34691304,0.68660712,-0.63892257,0
2.0349817,1.2656394,-0.18322909,0.9305948,-0.16714311,0.32566369,0
1.2321888,-2.0308521,0.55144954,0.9305948,-0.16714311,0.32566369,0
-0.40728462,-1.981655,-0.31455898,0.11681145,-0.70755506,-0.69693702,0
2.6800742,1.5817281,-1.6299527,0.9305948,-0.16714311,0.32566369,0
-0.0082774162,-2.6012125,2.5442901,-0.34691304,-0.68660712,0.63892257,0
1.3898783,3.3707542,-1.1536337,0.34691304,0.68660712,-0.63892257,0
1.7927122,0.73325336,0.02568993,0.9305948,-0.16714311,0.32566369,0
-0.57419503,-1.8825942,-0.25196767,0.11681145,-0.70755506,-0.69693702,0
0.013183892,-1.8758852,3.5246165,0.9305948,-0.16714311,0.32566369,0
0.30377734,-1.2219038,-0.83517027,0.11681145,-0.70755506,-0.69693702,0
-0.88305986,-2.7586823,1.7686116,-0.34691304,-0.68660712,0.63892257,0
-1.1434841,-2.0496554,2.4333234,-0.34691304,-0.68660712,0.63892257,0
-0.73522109,-1.3520741,-0.66718936,0.11681145,-0.70755506,-0.69693702,0
-0.36546254,-2.4998162,2.4201832,-0.34691304,-0.68660712,0.63892257,0
-1.5807968,-2.2279792,-0.39918,0.11681145,-0.70755506,-0.69693702,0
-0.095059633,2.2834506,-0.40299153,-0.11681145,0.70755506,0.69693702,0
1.0899988,-0.5815345,1.2194489,0.9305948,-0.16714311,0.32566369,0
1.163936,1.7629048,-3.2065966,0.34691304,0.68660712,-0.63892257,0
-1.4999192,-0.16971135,0.035883971,-0.9305948,0.16714311,-0.32566369,0
-0.88221776,2.1377869,-1.3822471,-0.9305948,0.16714311,-0.32566369,0
1.449782,1.1961286,-3.1298025,0.11681145,-0.70755506,-0.69693702,0
0.75645161,3.2767081,-0.95989192,-0.11681145,0.70755506,0.69693702,0
-1.3016584,0.46622705,-0.39432073,-0.9305948,0.16714311,-0.32566369,0
-0.039886236,-3.0776691,2.3295233,-0.34691304,-0.68660712,0.63892257,0
0.68313378,1.4500662,-3.258862,0.11681145,-0.70755506,-0.69693702,0
-1.2206767,-0.18135959,1.9516203,-0.11681145,0.70755506,0.69693702,0
1.6705353,2.2631948,-2.1515667,0.34691304,0.68660712,-0.63892257,0
2.4855902,2.2165422,-1.6359007,0.34691304,0.68660712,-0.63892257,0
0.58592129,1.6472684,0.30204737,-0.11681145,0.70755506,0.69693702,0
0.27948594,3.4093399,-1.441129,-0.11681145,0.70755506,0.69693702,0
1.7323585,1.0095279,0.71097618,0.9305948,-0.16714311,0.32566369,0
-0.43948305,-2.406517,2.7252584,-0.34691304,-0.68660712,0.63892257,0
0.15731019,1.6682885,-3.5655317,0.34691304,0.68660712,-0.63892257,0
2.192045,1.0704949,-0.98625243,0.9305948,-0.16714311,0.32566369,0
-2.3511739,-1.1366292,1.1370783,-0.9305948,0.16714311,-0.32566369,0
1.631237,1.475341,0.1121766,0.9305948,-0.16714311,0.32566369,0
-0.95056248,-1.4454906,3.4407051,-0.34691304,-0.68660712,0.63892257,0
-1.222441,-0.58787274,-0.99823701,-0.9305948,0.16714311,-0.32566369,0
-0.43833637,-2.729048,2.2023416,-0.34691304,-0.68660712,0.63892257,0
1.6040817,2.4270198,-1.7596495,0.34691304,0.68660712,-0.63892257,0
2.3335602,2.4135113,-0.80705643,0.9305948,-0.16714311,0.32566369,0
-0.73071003,2.9005239,-0.90010262,-0.11681145,0.70755506,0.69693702,0
-1.3636429,0.87985539,0.98750615,-0.11681145,0.70755506,0.69693702,0
-2.6526904,-2.4223719,1.5420449,-0.34691304,-0.68660712,0.63892257,0
-2.1570039,-2.3540881,1.71179,-0.34691304,-0.68660712,0.63892257,0
-1.3470824,-1.132185,-1.190767,0.11681145,-0.70755506,-0.69693702,0
-0.38597929,2.0166802,-1.9615279,-0.9305948,0.16714311,-0.32566369,0
1.694916,1.4491518,-2.8372197,0.34691304,0.68660712,-0.63892257,0
-0.34592408,-0.40167093,-1.8083931,0.11681145,-0.70755506,-0.69693702,0
0.57066798,2.6811638,-1.9930264,0.34691304,0.68660712,-0.63892257,0
2.4366336,2.8919582,-1.0011759,0.34691304,0.68660712,-0.63892257,0
2.5383923,2.6722574,-0.83536482,0.9305948,-0.16714311,0.32566369,0
0.4813295,-1.7183592,2.3021982,0.9305948,-0.16714311,0.32566369,0
-1.373606,-1.1033962,-1.2747471,-0.9305948,0.16714311,-0.32566369,0
0.26907945,0.52348876,1.5388403,-0.11681145,0.70755506,0.69693702,0
1.4540262,-1.014437,0.48547214,0.9305948,-0.16714311,0.32566369,0
-0.073015928,1.9654919,0.2895025,-0.11681145,0.70755506,0.69693702,0
-0.80143774,-2.9943414,1.5414177,-0.34691304,-0.68660712,0.63892257,0
0.078790605,1.6684529,-3.6473644,0.34691304,0.68660712,-0.63892257,0
-2.1312253,-1.4024293,2.5720887,-0.34691304,-0.68660712,0.63892257,0
0.60167098,-1.7503885,1.6065609,0.9305948,-0.16714311,0.32566369,0
0.9900468,0.93071306,-2.8292842,0.11681145,-0.70755506,-0.69693702,0
-1.9625912,-2.0006623,0.43915868,-0.9305948,0.16714311,-0.32566369,0
0.25726247,2.983891,-1.8815193,0.34691304,0.68660712,-0.63892257,0
-0.29240549,2.5663204,-2.6596234,0.34691304,0.68660712,-0.63892257,0
0.72059035,2.6017916,-2.2493291,0.34691304,0.68660712,-0.63892257,0
0.0019370317,-1.9529142,3.4829695,-0.34691304,-0.68660712,0.63892257,0
-1.3532674,-0.74563742,-1.5197058,0.11681145,-0.70755506,-0.69693702,0
-1.2215583,0.10509929,1.6060621,-0.11681145,0.70755506,0.69693702,0
0.98612738,3.0452788,-1.5910636,0.34691304,0.68660712,-0.63892257,0
-2.306046,-2.8409605,0.99458694,-0.34691304,-0.68660712,0.63892257,0
-1.7566918,-1.5383046,3.0816147,-0.34691304,-0.68660712,0.63892257,0
-1.9833362,-2.6889715,0.084859729,0.11681145,-0.70755506,-0.69693702,0
-0.34858277,0.11555982,-2.5212016,0.11681145,-0.70755506,-0.69693702,0
-2.2622499,-2.1723242,0.85543048,-0.9305948,0.16714311,-0.32566369,0
0.63682246,-1.067685,2.0101702,0.9305948,-0.16714311,0.32566369,0
1.5734751,-0.88946056,-0.93987536,0.11681145,-0.70755506,-0.69693702,0
-0.27408075,1.6783073,-2.8522151,-0.9305948,0.16714311,-0.32566369,0
-1.0354669,-2.9064789,1.780766,-0.34691304,-0.68660712,0.63892257,0
1.9505143,1.004048,-0.39102831,0.9305948,-0.16714311,0.32566369,0
-2.4659944,-1.8762319,2.0722237,-0.34691304,-0.68660712,0.63892257,0
-0.49534225,1.8162451,0.28028828,-0.11681145,0.70755506,0.69693702,0
-0.65696239,-3.3312588,1.4075605,-0.34691304,-0.68660712,0.63892257,0
-0.22269154,3.4359746,-1.3840466,-0.11681145,0.70755506,0.69693702,0
-0.22205186,2.7160933,-2.6408894,-0.9305948,0.16714311,-0.32566369,0
-0.0052329302,-1.9091492,3.1751494,-0.34691304,-0.68660712,0.63892257,0
-1.5527241,-2.8948474,1.2289979,-0.34691304,-0.68660712,0.63892257,0
0.12255168,-2.820565,2.3648908,0.9305948,-0.16714311,0.32566369,0
-0.11569428,3.1092062,-1.2396568,-0.11681145,0.70755506,0.69693702,0
-0.0061725378,2.2386172,-2.9429255,-0.9305948,0.16714311,-0.32566369,0
0.94696665,-2.4582903,0.25789738,0.9305948,-0.16714311,0.32566369,0
-1.5357448,-2.9500725,1.4678926,-0.34691304,-0.68660712,0.63892257,0
0.062021017,2.4594979,-2.9618077,0.34691304,0.68660712,-0.63892257,0
-1.067899,1.9814253,-0.065331697,-0.9305948,0.16714311,-0.32566369,0
-1.7773042,-0.33791125,0.789581,-0.9305948,0.16714311,-0.32566369,0
-1.3423059,-1.1566004,-0.8450796,-0.9305948,0.16714311,-0.32566369,0
-1.4565425,-1.0110953,-1.0675094,-0.9305948,0.16714311,-0.32566369,0
-2.4455826,-2.7364249,0.70653403,-0.9305948,0.16714311,-0.32566369,0
1.0903912,2.8492668,-0.42037547,-0.11681145,0.70755506,0.69693702,0
-1.5964285,-1.7310777,2.6441507,-0.34691304,-0.68660712,0.63892257,0
0.95885909,2.1544073,0.31993455,-0.11681145,0.70755506,0.69693702,0
1.1936868,0.28801641,-2.2568529,0.11681145,-0.70755506,-0.69693702,0
-1.2856845,-1.8805108,2.922719,-0.34691304,-0.68660712,0.63892257,0
0.63055146,1.2961826,1.1437438,-0.11681145,0.70755506,0.69693702,0
-2.3072391,-0.65279758,1.3147641,-0.9305948,0.16714311,-0.32566369,0
-0.60892653,-3.0511937,1.856245,-0.34691304,-0.68660712,0.63892257,0
2.5251529,0.86433446,-2.2618067,0.9305948,-0.16714311,0.32566369,0
0.26834494,-1.7102284,2.5232382,0.9305948,-0.16714311,0.32566369,0
1.5549179,1.0913841,0.45988697,0.9305948,-0.16714311,0.32566369,0
-1.7509365,0.019717336,-0.09481743,-0.9305948,0.16714311,-0.32566369,0
1.2182775,3.230166,-1.3156613,0.34691304,0.68660712,-0.63892257,0
0.44835043,1.1248043,1.1144211,-0.11681145,0.70755506,0.69693702,0
1.26908,0.6813128,-2.3617065,0.11681145,-0.70755506,-0.69693702,0
-1.176636,-3.1079206,1.6445245,-0.34691304,-0.68660712,0.63892257,0
0.58644283,0.34509981,-2.6660826,0.11681145,-0.70755506,-0.69693702,0
1.9269428,-0.49388349,-1.2285054,0.11681145,-0.70755506,-0.69693702,0
0.65287399,3.072525,-1.7070831,0.34691304,0.68660712,-0.63892257,0
0.87742162,1.7821128,-2.9862163,0.34691304,0.68660712,-0.63892257,0
1.4287959,-0.34946394,0.52446002,0.9305948,-0.16714311,0.32566369,0
-1.3398182,-1.5395368,-0.55580872,0.11681145,-0.70755506,-0.69693702,0
-0.90725076,0.81944561,-2.1241422,-0.9305948,0.16714311,-0.32566369,0
1.3903414,1.6464024,0.64955783,-0.11681145,0.70755506,0.69693702,0
-0.1516813,-2.5924208,2.7411854,-0.34691304,-0.68660712,0.63892257,0
0.57587147,2.3544545,-2.3690996,0.34691304,0.68660712,-0.63892257,0
-2.6103821,-2.0751472,1.774573,-0.9305948,0.16714311,-0.32566369,0
0.57115424,-2.2828364,0.30987442,0.11681145,-0.70755506,-0.69693702,0
-1.8945079,-1.6840252,-0.15754038,-0.9305948,0.16714311,-0.32566369,0
0.89975452,-0.86374819,-1.2884229,0.11681145,-0.70755506,-0.69693702,0
-1.9555168,-1.0165101,0.26701698,-0.9305948,0.16714311,-0.32566369,0
-1.0278571,-0.13526948,2.0218182,-0.11681145,0.70755506,0.69693702,0
-2.3441887,-1.8718688,2.2591496,-0.34691304,-0.68660712,0.63892257,0
0.76329386,2.6824827,-1.9751865,0.34691304,0.68660712,-0.63892257,0
-1.1525369,0.98317939,1.1029633,-0.11681145,0.70755506,0.69693702,0
-1.37333,0.8291297,-0.61994857,-0.9305948,0.16714311,-0.32566369,0
0.55376083,1.7648351,-3.3269429,0.34691304,0.68660712,-0.63892257,0
-0.53802186,-1.9657902,3.0946686,-0.34691304,-0.68660712,0.63892257,0
-0.14328074,-2.7317643,0.49597657,0.11681145,-0.70755506,-0.69693702,0
0.053598166,2.7613878,-0.3816421,-0.11681145,0.70755506,0.69693702,0
-1.3389035,-1.2267399,-1.02318,0.11681145,-0.70755506,-0.69693702,0
1.7573292,1.6988758,-2.8537452,0.34691304,0.68660712,-0.63892257,0
0.54972512,1.0320857,1.2127836,-0.11681145,0.70755506,0.69693702,0
-0.69209361,-2.8658152,1.8077496,-0.34691304,-0.68660712,0.63892257,0
-0.99565613,-0.1675843,-1.3444475,-0.9305948,0.16714311,-0.32566369,0
1.5278287,2.7682183,-0.60260463,-0.11681145,0.70755506,0.69693702,0
0.43603706,3.2544813,-1.7757659,0.34691304,0.68660712,-0.63892257,0
0.27986097,3.369338,-1.6291966,0.34691304,0.68660712,-0.63892257,0
-0.88984823,0.81105316,-1.6619623,-0.9305948,0.16714311,-0.32566369,0
-0.50129366,1.0626736,1.1021612,-0.11681145,0.70755506,0.69693702,0
2.2060235,0.41327047,-1.3033561,0.9305948,-0.16714311,0.32566369,0
-1.0856949,-1.7158132,2.733438,-0.34691304,-0.68660712,0.63892257,0
-0.10911915,0.60132158,-2.9345429,0.11681145,-0.70755506,-0.69693702,0
1.5490282,0.54841506,0.91502792,0.9305948,-0.16714311,0.32566369,0
1.694828,0.021593451,-0.83150059,0.9305948,-0.16714311,0.32566369,0
-0.46830797,-1.6534137,-0.58246756,0.11681145,-0.70755506,-0.69693702,0
1.5971889,2.1721573,-2.4869461,0.34691304,0.68660712,-0.63892257,0
-0.07152921,-0.11058736,-2.1192966,0.11681145,-0.70755506,-0.69693702,0
0.80386204,-1.1814799,1.283707,0.9305948,-0.16714311,0.32566369,0
1.9484611,1.0511714,-0.55396402,0.9305948,-0.16714311,0.32566369,0
1.1150522,-1.2174957,0.49885076,0.9305948,-0.16714311,0.32566369,0
2.4082158,2.6174567,-0.78394818,0.9305948,-0.16714311,0.32566369,0
-0.2358036,3.1860003,-1.3583741,-0.11681145,0.70755506,0.69693702,0
-1.765842,0.43119621,1.2043751,-0.9305948,0.16714311,-0.32566369,0
1.2808433,-0.44364193,-1.7290977,0.11681145,-0.70755506,-0.69693702,0
-1.4997696,-2.8808231,1.6734246,-0.34691304,-0.68660712,0.63892257,0
-2.3425548,-0.46067321,1.8979378,-0.9305948,0.16714311,-0.32566369,0
-1.7584571,1.0886981,0.4139924,-0.9305948,0.16714311,-0.32566369,0
0.16861331,1.8384947,0.06581378,-0.11681145,0.70755506,0.69693702,0
-0.19592929,-1.9312241,3.4481845,-0.34691304,-0.68660712,0.63892257,0
-1.4796526,1.0185701,-0.31242019,-0.9305948,0.16714311,-0.32566369,0
2.0529301,2.5944452,-1.6771879,0.34691304,0.68660712,-0.63892257,0
1.2506838,2.1262045,-2.5095363,0.34691304,0.68660712,-0.63892257,0
0.27555764,-1.3961461,3.6666017,0.9305948,-0.16714311,0.32566369,0
1.9166033,1.7972733,-2.2900751,0.34691304,0.68660712,-0.63892257,0
-2.0750885,-2.166455,1.8937558,-0.34691304,-0.68660712,0.63892257,0
-0.40794432,-1.4451874,-0.53288633,0.11681145,-0.70755506,-0.69693702,0
0.66978461,-1.3683097,2.4493985,0.9305948,-0.16714311,0.32566369,0
-0.7385639,-2.9871464,1.8926713,-0.34691304,-0.68660712,0.63892257,0
0.39668238,2.2044013,-0.079968333,-0.11681145,0.70755506,0.69693702,0
-1.401129,-1.412147,2.9240849,-0.34691304,-0.68660712,0.63892257,0
-1.7285206,1.1944876,0.50830257,-0.9305948,0.16714311,-0.32566369,0
-0.25311244,-2.857748,2.403357,-0.34691304,-0.68660712,0.63892257,0
-1.2013485,-3.3485374,1.1800975,-0.34691304,-0.68660712,0.63892257,0
-2.2968674,-0.98118234,1.8482432,-0.9305948,0.16714311,-0.32566369,0
-0.19507003,-2.2333128,3.0030019,-0.34691304,-0.68660712,0.63892257,0
0.37497264,0.50872076,1.7322816,-0.11681145,0.70755506,0.69693702,0
-0.84769487,1.9355323,-0.18248594,-0.11681145,0.70755506,0.69693702,0
-0.31811881,-2.9179709,1.9174006,-0.34691304,-0.68660712,0.63892257,0
-1.7097392,-2.6708674,1.4501418,-0.34691304,-0.68660712,0.63892257,0
-1.3564299,-2.7799966,1.6247296,-0.34691304,-0.68660712,0.63892257,0
-2.2216563,-2.0264177,2.0492482,-0.34691304,-0.68660712,0.63892257,0
-0.84032774,-3.2359965,1.3418511,-0.34691304,-0.68660712,0.63892257,0
0.10788739,-2.6415603,2.672081,-0.34691304,-0.68660712,0.63892257,0
-0.74086118,2.8399727,-0.64567709,-0.11681145,0.70755506,0.69693702,0
1.256583,0.79566509,-2.8494601,0.11681145,-0.70755506,-0.69693702,0
-0.7057941,3.5166845,-1.2831745,-0.11681145,0.70755506,0.69693702,0
0.10718679,-3.3177552,1.995187,0.9305948,-0.16714311,0.32566369,0
0.88795948,1.4937,-3.1546087,0.34691304,0.68660712,-0.63892257,0
-1.1015081,-1.0645509,2.8724124,-0.11681145,0.70755506,0.69693702,0
0.43879652,-3.0400629,1.1071664,0.11681145,-0.70755506,-0.69693702,0
0.29950964,1.7376766,0.69243568,-0.11681145,0.70755506,0.69693702,0
-0.72953874,0.028640628,-2.0468307,0.11681145,-0.70755506,-0.69693702,0
-1.7429188,-1.6488671,2.4558015,-0.34691304,-0.68660712,0.63892257,0
-1.1571949,-1.2280948,3.3231814,-0.34691304,-0.68660712,0.63892257,0
-0.60469627,3.1774049,-1.3668997,-0.9305948,0.16714311,-0.32566369,0
-2.1243832,-1.9211974,2.4745126,-0.34691304,-0.68660712,0.63892257,0
0.40299547,-2.3382213,2.3024702,0.9305948,-0.16714311,0.32566369,0
0.4255985,-0.35039467,-1.7445893,0.11681145,-0.70755506,-0.69693702,0
0.25541091,-2.6016939,0.77692902,0.11681145,-0.70755506,-0.69693702,0
-0.68073273,-1.6821748,3.06602,-0.34691304,-0.68660712,0.63892257,0
-1.1471622,-0.78666914,-1.3887818,0.11681145,-0.70755506,-0.69693702,0
0.83162439,2.270833,-2.3190966,0.34691304,0.68660712,-0.63892257,0
0.83672458,2.3291345,-2.8135123,0.34691304,0.68660712,-0.63892257,0
-1.9230886,-1.8702966,0.30371553,-0.9305948,0.16714311,-0.32566369,0
-1.7907166,-2.0675673,-0.26657116,0.11681145,-0.70755506,-0.69693702,0
0.33096379,-0.23634118,-2.1199608,0.11681145,-0.70755506,-0.69693702,0
1.4948202,3.3042381,-0.80624354,-0.11681145,0.70755506,0.69693702,0
2.299412,1.1047857,-1.8251045,0.9305948,-0.16714311,0.32566369,0
-0.26393986,2.9586136,-2.2276978,0.34691304,0.68660712,-0.63892257,0
0.048313983,-1.0212843,3.0497789,-0.11681145,0.70755506,0.69693702,0
-1.5304708,-0.83122766,-0.39707607,-0.9305948,0.16714311,-0.32566369,0
0.56219208,-2.4597902,2.1288779,0.9305948,-0.16714311,0.32566369,0
1.9625602,-0.46053314,-1.27349,0.11681145,-0.70755506,-0.69693702,0
0.55519623,-0.85317457,2.551985,0.9305948,-0.16714311,0.32566369,0
-0.40725195,2.609467,-2.4629455,-0.9305948,0.16714311,-0.32566369,0
-0.5475471,2.8642015,-1.5777675,-0.9305948,0.16714311,-0.32566369,0
-0.051092625,-0.24375713,-1.8957064,0.11681145,-0.70755506,-0.69693702,0
-0.72633564,2.3344615,-1.2344936,-0.9305948,0.16714311,-0.32566369,0
0.73704642,-1.2507707,2.400034,0.9305948,-0.16714311,0.32566369,0
-0.70465565,-0.34773237,2.1873043,-0.11681145,0.70755506,0.69693702,0
2.437336,1.237527,-1.1825144,0.9305948,-0.16714311,0.32566369,0
-0.071376562,-2.7098079,2.7476954,-0.34691304,-0.68660712,0.63892257,0
-0.17430878,3.4897871,-1.7253857,0.34691304,0.68660712,-0.63892257,0
-2.3131986,-1.2843882,1.922472,-0.9305948,0.16714311,-0.32566369,0
-1.5445406,-2.7843263,1.4815654,-0.34691304,-0.68660712,0.63892257,0
-0.39081541,-0.78250575,2.9018378,-0.11681145,0.70755506,0.69693702,0
-0.65243459,2.1784282,-0.43528438,-0.11681145,0.70755506,0.69693702,0
-1.7209034,-1.8214871,2.721034,-0.34691304,-0.68660712,0.63892257,0
-0.11306047,2.5093126,-2.5461473,0.34691304,0.68660712,-0.63892257,0
-1.846972,-0.86416852,0.64607751,-0.9305948,0.16714311,-0.32566369,0
-0.19074774,2.8968017,-0.92572773,-0.11681145,0.70755506,0.69693702,0
0.88018942,1.5301465,0.59681141,-0.11681145,0.70755506,0.69693702,0
-2.3914013,-2.0280037,1.7215769,-0.34691304,-0.68660712,0.63892257,0
-1.4269644,-0.8123188,-1.079244,-0.9305948,0.16714311,-0.32566369,0
2.1936717,1.737515,-2.2913687,0.34691304,0.68660712,-0.63892257,0
-0.22310388,-1.7245471,3.4993603,-0.34691304,-0.68660712,0.63892257,0
0.13344848,2.8640289,-2.0699162,0.34691304,0.68660712,-0.63892257,0
-1.667346,-1.5839901,3.0710168,-0.34691304,-0.68660712,0.63892257,0
-0.46045303,-2.2587881,2.5868187,-0.34691304,-0.68660712,0.63892257,0
-0.68025529,-2.5751638,0.24758232,0.11681145,-0.70755506,-0.69693702,0
0.63064671,0.5307653,-2.4403431,0.11681145,-0.70755506,-0.69693702,0
0.7253406,3.1234946,-1.8459537,0.34691304,0.68660712,-0.63892257,0
0.74269772,1.5816381,0.79002094,-0.11681145,0.70755506,0.69693702,0
2.2535229,1.401443,-0.7521863,0.9305948,-0.16714311,0.32566369,0
-2.238728,-2.5052996,1.5031284,-0.34691304,-0.68660712,0.63892257,0
-0.24998736,-2.8041353,2.2872791,-0.34691304,-0.68660712,0.63892257,0
0.392169,-1.6127715,-0.45063275,0.11681145,-0.70755506,-0.69693702,0
-1.7041256,-2.2900147,2.3032923,-0.34691304,-0.68660712,0.63892257,0
2.0866518,0.32308137,-1.9019206,0.11681145,-0.70755506,-0.69693702,0
-1.5486724,-1.2029883,-0.5801515,-0.9305948,0.16714311,-0.32566369,0
1.4208201,-0.75385904,0.59403902,0.9305948,-0.16714311,0.32566369,0
-0.032884836,3.5575657,-1.5324295,0.34691304,0.68660712,-0.63892257,0
0.5580644,0.13876027,-2.4734013,0.11681145,-0.70755506,-0.69693702,0
2.2319336,2.3183162,-1.690565,0.34691304,0.68660712,-0.63892257,0
-0.50867414,1.4969112,0.45155007,-0.11681145,0.70755506,0.69693702,0
-0.48476827,-2.3137686,0.33032143,0.11681145,-0.70755506,-0.69693702,0
-1.6920745,-1.7645042,-0.76399249,0.11681145,-0.70755506,-0.69693702,0
0.35992768,0.15595675,1.9751152,-0.11681145,0.70755506,0.69693702,0
1.9324353,2.178113,-2.1998286,0.34691304,0.68660712,-0.63892257,0
-0.81514692,-2.9318135,2.1316242,-0.34691304,-0.68660712,0.63892257,0
0.9058069,1.2613649,1.0506058,-0.11681145,0.70755506,0.69693702,0
-0.73909307,-3.4797149,1.0953863,0.11681145,-0.70755506,-0.69693702,0
0.45574927,-2.8021641,1.7260619,0.9305948,-0.16714311,0.32566369,0
1.8214797,1.9327832,0.37876588,0.9305948,-0.16714311,0.32566369,0
1.0911932,2.0635834,-2.4653301,0.34691304,0.68660712,-0.63892257,0
1.8450418,1.3829619,-2.8472188,0.34691304,0.68660712,-0.63892257,0
1.6238189,0.65572095,-0.1141502,0.9305948,-0.16714311,0.32566369,0
-0.23391759,-0.67290413,-1.7560841,0.11681145,-0.70755506,-0.69693702,0
2.2281325,1.4095689,-2.8912435,0.34691304,0.68660712,-0.63892257,0
-0.68932092,-2.7114329,0.67368245,0.11681145,-0.70755506,-0.69693702,0
-0.28313091,-0.98853594,2.9892309,-0.11681145,0.70755506,0.69693702,0
-0.94861734,-2.8676879,2.0321188,-0.34691304,-0.68660712,0.63892257,0
-2.5169992,-2.3076458,1.4105498,-0.9305948,0.16714311,-0.32566369,0
0.7671808,-0.67211545,2.5922375,0.9305948,-0.16714311,0.32566369,0
0.036949039,-2.7235844,2.3128095,-0.34691304,-0.68660712,0.63892257,0
0.040085793,-2.8994672,0.78304362,0.11681145,-0.70755506,-0.69693702,0
2.0644295,0.15855348,-1.8562449,0.11681145,-0.70755506,-0.69693702,0
0.65821433,3.3607531,-1.3054349,0.34691304,0.68660712,-0.63892257,0
-0.97012562,-1.1716021,3.0808058,-0.11681145,0.70755506,0.69693702,0
0.25205314,1.2412463,0.71676731,-0.11681145,0.70755506,0.69693702,0
0.31276727,-3.3020189,1.832402,0.9305948,-0.16714311,0.32566369,0
-1.7417549,-1.3174784,2.8244112,-0.34691304,-0.68660712,0.63892257,0
2.2991307,1.7319863,-1.1545873,0.9305948,-0.16714311,0.32566369,0
-0.73873734,-1.4199955,-0.7734127,0.11681145,-0.70755506,-0.69693702,0
2.1850529,2.3278203,0.027585745,0.9305948,-0.16714311,0.32566369,0
1.6174784,2.223599,-0.055408716,-0.11681145,0.70755506,0.69693702,0
1.5170105,3.372097,-1.3426106,0.34691304,0.68660712,-0.63892257,0
-1.2399359,-3.5531528,1.2159524,-0.34691304,-0.68660712,0.63892257,0
-0.60577846,2.7995715,-0.80586851,-0.11681145,0.70755506,0.69693702,0
-1.9511799,-2.511636,1.4626364,-0.34691304,-0.68660712,0.63892257,0
-1.5385851,-3.1740341,0.63444674,0.11681145,-0.70755506,-0.69693702,0
-0.82171214,-2.6008694,2.1048651,-0.34691304,-0.68660712,0.63892257,0
0.72684717,1.4982799,-3.252743,0.34691304,0.68660712,-0.63892257,0
-0.65916657,-1.0406845,3.1149821,-0.11681145,0.70755506,0.69693702,0
-0.45197642,2.4268274,-1.9881716,-0.9305948,0.16714311,-0.32566369,0
-0.17953944,-1.8976916,3.0335257,-0.34691304,-0.68660712,0.63892257,0
-1.6621869,0.43298841,0.14094287,-0.9305948,0.16714311,-0.32566369,0
-0.81444061,-1.9944756,-0.38350189,0.11681145,-0.70755506,-0.69693702,0
2.1219001,0.023476481,-1.8122908,0.11681145,-0.70755506,-0.69693702,0
2.139493,2.943213,-1.2377026,0.34691304,0.68660712,-0.63892257,0
1.4756907,-1.4957998,-0.2709285,0.11681145,-0.70755506,-0.69693702,0
2.3200188,2.4346445,-1.7904489,0.34691304,0.68660712,-0.63892257,0
-1.0315022,-0.64199233,-1.5608703,0.11681145,-0.70755506,-0.69693702,0
0.13177371,2.9196639,-0.52329421,-0.11681145,0.70755506,0.69693702,0
0.95982164,-1.5663829,1.2178289,0.9305948,-0.16714311,0.32566369,0
1.4776642,3.2164426,-1.199196,0.34691304,0.68660712,-0.63892257,0
2.4929965,1.686965,-2.327482,0.34691304,0.68660712,-0.63892257,0
-1.0548865,1.3980138,0.65132058,-0.11681145,0.70755506,0.69693702,0
-0.8188951,1.1929791,0.70405054,-0.11681145,0.70755506,0.69693702,0
2.3868713,1.3675246,-2.6813087,0.34691304,0.68660712,-0.63892257,0
-0.76086378,-2.9771554,1.6004947,-0.34691304,-0.68660712,0.63892257,0
0.80039871,-2.3818707,1.0451164,0.9305948,-0.16714311,0.32566369,0
1.3794279,0.068816543,0.86792099,0.9305948,-0.16714311,0.32566369,0
-0.88896835,1.9676912,-0.64936435,-0.9305948,0.16714311,-0.32566369,0
-1.2957976,1.5516766,0.27017468,-0.11681145,0.70755506,0.69693702,0
-1.5438459,-2.9297156,1.4590234,-0.34691304,-0.68660712,0.63892257,0
1.6930754,1.8465722,0.42165697,-0.11681145,0.70755506,0.69693702,0
2.3841586,3.0210552,-0.59494364,-0.11681145,0.70755506,0.69693702,0
-0.20196605,-2.8136048,0.42333651,0.11681145,-0.70755506,-0.69693702,0
2.0274794,1.2399849,-2.846499,0.34691304,0.68660712,-0.63892257,0
-0.91686845,-3.1277297,1.7027416,-0.34691304,-0.68660712,0.63892257,0
-0.2104404,0.70863694,1.3116,-0.11681145,0.70755506,0.69693702,0
1.6843224,0.96489668,-0.2617411,0.9305948,-0.16714311,0.32566369,0
-0.04569608,-0.10748863,2.0433638,-0.11681145,0.70755506,0.69693702,0
0.63320583,-0.40892351,2.1252427,0.9305948,-0.16714311,0.32566369,0
-2.5065074,-2.5855041,1.4157404,-0.34691304,-0.68660712,0.63892257,0
2.4007847,0.10078406,-2.0250945,0.9305948,-0.16714311,0.32566369,0
-2.6578472,-0.76407695,2.4796584,-0.9305948,0.16714311,-0.32566369,0
-1.8458302,-0.21104789,0.34104064,-0.9305948,0.16714311,-0.32566369,0
-1.2927618,-0.21007514,-1.5181264,-0.9305948,0.16714311,-0.32566369,0
-0.012016416,0.1692059,-2.5495296,0.11681145,-0.70755506,-0.69693702,0
-1.6606615,-2.5231152,0.01655972,0.11681145,-0.70755506,-0.69693702,0
0.93704438,3.3785024,-1.0910363,0.34691304,0.68660712,-0.63892257,0
-1.3661256,-3.2011416,1.4037738,-0.34691304,-0.68660712,0.63892257,0
0.70450604,0.85221529,1.4399822,-0.11681145,0.70755506,0.69693702,0
-0.63665009,-2.1298964,2.8903027,-0.34691304,-0.68660712,0.63892257,0
0.48582673,-2.0181041,-0.25637996,0.11681145,-0.70755506,-0.69693702,0
0.10968113,0.4817512,1.4656616,-0.11681145,0.70755506,0.69693702,0
-0.39755002,-1.0086213,3.3266602,-0.11681145,0.70755506,0.69693702,0
-0.55391216,-2.3617465,2.4006972,-0.34691304,-0.68660712,0.63892257,0
1.0420747,0.94743621,1.2657137,-0.11681145,0.70755506,0.69693702,0
-0.83058882,1.3068662,0.45957512,-0.11681145,0.70755506,0.69693702,0
1.3797758,-0.22510469,0.46574852,0.9305948,-0.16714311,0.32566369,0
-0.27141643,3.3957906,-1.9475822,0.34691304,0.68660712,-0.63892257,0
-2.7011609,-1.5049903,2.7029662,-0.34691304,-0.68660712,0.63892257,0
0.1777401,-2.0662882,3.1226268,-0.34691304,-0.68660712,0.63892257,0
-0.43624067,-0.3350625,-1.7209147,0.11681145,-0.70755506,-0.69693702,0
0.24805212,2.3377719,-2.7961972,0.34691304,0.68660712,-0.63892257,0
0.14120337,-0.34269094,2.30357,-0.11681145,0.70755506,0.69693702,0
0.79089189,2.3880479,-0.1276871,-0.11681145,0.70755506,0.69693702,0
0.22180891,-3.3591557,2.2696526,-0.34691304,-0.68660712,0.63892257,0
2.3751836,0.78972387,-1.3230664,0.9305948,-0.16714311,0.32566369,0
0.15649819,-3.6529722,1.6896734,-0.34691304,-0.68660712,0.63892257,0
1.6988735,0.62376559,-0.18927601,0.9305948,-0.16714311,0.32566369,0
1.9301866,1.7640311,-2.2514951,0.34691304,0.68660712,-0.63892257,0
-2.0661113,-1.3381177,0.10121614,-0.9305948,0.16714311,-0.32566369,0
2.1083295,0.55999315,-1.0442004,0.9305948,-0.16714311,0.32566369,0
-0.5140748,3.1304646,-1.2803161,-0.9305948,0.16714311,-0.32566369,0
0.23678666,1.9215159,-3.3829143,0.34691304,0.68660712,-0.63892257,0
-2.4498584,-2.7456536,1.0445278,-0.34691304,-0.68660712,0.63892257,0
2.7532666,1.2296165,-2.968482,0.34691304,0.68660712,-0.63892257,0
-0.30946314,0.38433373,1.6079866,-0.11681145,0.70755506,0.69693702,0
1.7986927,-0.11250651,-1.1620976,0.9305948,-0.16714311,0.32566369,0
-0.34543401,-0.9831208,3.0280738,-0.11681145,0.70755506,0.69693702,0
1.0941141,-0.1123637,1.3416311,0.9305948,-0.16714311,0.32566369,0
-0.58595324,0.52991092,1.6905298,-0.11681145,0.70755506,0.69693702,0
-0.41607642,-3.5490928,1.1820877,0.11681145,-0.70755506,-0.69693702,0
1.6307526,1.4235747,0.19589579,0.9305948,-0.16714311,0.32566369,0
-0.62384003,1.5974817,-2.2762771,-0.9305948,0.16714311,-0.32566369,0
0.99883127,2.8598654,-1.5824542,0.34691304,0.68660712,-0.63892257,0
0.41796625,-0.97740424,-1.2612896,0.11681145,-0.70755506,-0.69693702,0
-1.1485534,-3.302166,1.5230892,-0.34691304,-0.68660712,0.63892257,0
0.020574033,1.9115672,-3.6263819,0.34691304,0.68660712,-0.63892257,0
-0.44386768,-2.53684,0.33488894,0.11681145,-0.70755506,-0.69693702,0
0.48653138,1.8584477,0.50381583,-0.11681145,0.70755506,0.69693702,0
2.1112225,1.9839855,-0.89428639,0.9305948,-0.16714311,0.32566369,0
-0.59259152,-2.2447436,2.7462702,-0.34691304,-0.68660712,0.63892257,0
-1.8865286,-1.7556273,2.5682638,-0.34691304,-0.68660712,0.63892257,0
0.97667909,3.2861655,-1.1366047,-0.11681145,0.70755506,0.69693702,0
