0.68574345,-0.13462365,1.9577112,0.85080266,0.021175385,0.52505851,0
0.76266754,-1.5604558,1.4988106,0.14962459,-0.96758914,-0.20342901,0
-1.4913542,0.98670816,-0.67737007,-0.85080266,-0.021175385,-0.52505851,0
0.70914853,0.66375053,-1.2369666,0.50373316,0.2516396,-0.82639587,0
0.079595566,-0.7581358,1.6430488,-0.50373316,-0.2516396,0.82639587,0
-1.1735084,-0.70069325,-0.88038993,-0.85080266,-0.021175385,-0.52505851,0
0.66056287,1.2480034,-0.89007348,0.50373316,0.2516396,-0.82639587,0
0.81149232,-1.3106692,0.41527498,0.14962459,-0.96758914,-0.20342901,0
-0.66016448,0.48956078,-1.8868225,-0.85080266,-0.021175385,-0.52505851,0
-1.8218802,0.69171107,-0.082093954,-0.85080266,-0.021175385,-0.52505851,0
-0.52391553,0.2101357,1.3999355,-0.50373316,-0.2516396,0.82639587,0
-0.2608006,1.5110998,0.1182971,-0.14962459,0.96758914,0.20342901,0
-1.7815243,-1.2397408,-0.16850066,-0.85080266,-0.021175385,-0.52505851,0
1.0596653,-0.24560446,1.1460857,0.85080266,0.021175385,0.52505851,0
-0.76581049,-0.52824813,-1.730657,-0.85080266,-0.021175385,-0.52505851,0
-0.44388303,-0.85592717,-2.3105652,0.50373316,0.2516396,-0.82639587,0
-1.5475887,0.55535889,-0.53693557,-0.85080266,-0.021175385,-0.52505851,0
-0.53062415,1.1387992,0.82293016,-0.14962459,0.96758914,0.20342901,0
-0.63448119,1.5898392,-1.6615884,0.50373316,0.2516396,-0.82639587,0
0.4053539,1.2091649,-1.1076994,0.50373316,0.2516396,-0.82639587,0
-0.91460609,0.66157603,1.5719147,-0.50373316,-0.2516396,0.82639587,0
0.049685836,-1.0924695,1.3340195,-0.50373316,-0.2516396,0.82639587,0
1.721534,0.022111654,-0.77091718,0.50373316,0.2516396,-0.82639587,0
0.47050679,-1.7219653,0.87724835,0.14962459,-0.96758914,-0.20342901,0
-0.41699812,-0.59513479,-1.8859277,-0.85080266,-0.021175385,-0.52505851,0
-1.409471,-1.5859848,-0.50013781,-0.85080266,-0.021175385,-0.52505851,0
-0.011036277,-0.79792881,1.4462562,-0.50373316,-0.2516396,0.82639587,0
-0.61775583,0.079699755,-1.7370915,-0.85080266,-0.021175385,-0.52505851,0
-0.96823293,-0.99671876,0.98798919,-0.50373316,-0.2516396,0.82639587,0
-1.0381676,-0.91155243,-1.1543956,-0.85080266,-0.021175385,-0.52505851,0
-0.074013829,-1.5822952,0.66130388,0.14962459,-0.96758914,-0.20342901,0
2.0245461,-0.53459978,-0.50692487,0.85080266,0.021175385,0.52505851,0
1.4368997,-1.3944076,-0.64007461,0.14962459,-0.96758914,-0.20342901,0
-2.0377607,0.6533699,0.77199101,-0.50373316,-0.2516396,0.82639587,0
0.65557992,1.5761652,0.89780444,-0.14962459,0.96758914,0.20342901,0
-1.8790615,0.20580387,0.4080857,-0.85080266,-0.021175385,-0.52505851,0
0.77145934,-1.5773146,0.94033712,0.14962459,-0.96758914,-0.20342901,0
0.30691367,0.62315905,-1.4030759,0.50373316,0.2516396,-0.82639587,0
1.717665,-0.58914483,0.39392924,0.85080266,0.021175385,0.52505851,0
-1.2717543,-0.073318839,0.98498785,-0.50373316,-0.2516396,0.82639587,0
-0.54423815,0.040186167,1.4923353,-0.50373316,-0.2516396,0.82639587,0
0.97288716,-1.4989871,1.3827457,0.85080266,0.021175385,0.52505851,0
-1.6937227,-0.0980618,0.68402243,-0.50373316,-0.2516396,0.82639587,0
0.16014619,0.56788683,2.029428,-0.50373316,-0.2516396,0.82639587,0
1.7655926,0.64098287,-0.44602758,0.50373316,0.2516396,-0.82639587,0
-1.9646823,0.81671762,0.68569791,-0.50373316,-0.2516396,0.82639587,0
1.1826762,-1.398576,0.76538742,0.85080266,0.021175385,0.52505851,0
-0.25944865,1.2033719,1.9275991,-0.14962459,0.96758914,0.20342901,0
-0.92018509,1.6344612,-1.3563868,-0.14962459,0.96758914,0.20342901,0
-1.4738374,1.4351659,-0.36587584,-0.14962459,0.96758914,0.20342901,0
1.1791575,-0.48112509,1.1822884,0.85080266,0.021175385,0.52505851,0
-1.9292337,0.44145489,0.54158914,-0.85080266,-0.021175385,-0.52505851,0
0.68216527,1.3509179,0.77021098,-0.14962459,0.96758914,0.20342901,0
-0.95998633,0.12935042,1.0457988,-0.50373316,-0.2516396,0.82639587,0
1.5386211,0.89526176,0.066198349,0.85080266,0.021175385,0.52505851,0
1.0549145,-0.52050805,-1.4487135,0.50373316,0.2516396,-0.82639587,0
0.35731259,0.69428265,2.4753861,-0.50373316,-0.2516396,0.82639587,0
-0.98428297,-0.46603638,-1.1263134,-0.85080266,-0.021175385,-0.52505851,0
-1.1105486,0.85636252,-1.189685,-0.85080266,-0.021175385,-0.52505851,0
-2.064487,0.93944883,0.61668801,-0.14962459,0.96758914,0.20342901,0
1.4873263,-0.8793999,0.71725643,0.85080266,0.021175385,0.52505851,0
-0.26760149,-1.5456482,1.4080145,-0.50373316,-0.2516396,0.82639587,0
1.8509473,0.76262045,-0.60483938,0.50373316,0.2516396,-0.82639587,0
-1.6662202,0.87699807,0.87290215,-0.50373316,-0.2516396,0.82639587,0
-0.88293052,-1.7178682,0.53423303,0.14962459,-0.96758914,-0.20342901,0
-1.7304095,-0.73679161,0.39960384,-0.50373316,-0.2516396,0.82639587,0
-1.1305451,-0.98527527,-0.98147517,-0.85080266,-0.021175385,-0.52505851,0
-0.61838758,-0.80280697,-1.9475229,-0.85080266,-0.021175385,-0.52505851,0
0.24508898,-0.19451749,-1.6643531,0.50373316,0.2516396,-0.82639587,0
-1.1151772,-0.53826922,-1.0394219,-0.85080266,-0.021175385,-0.52505851,0
0.34944654,1.2992387,1.9104362,0.85080266,0.021175385,0.52505851,0
-1.4641405,1.1680171,1.2504392,-0.14962459,0.96758914,0.20342901,0
0.011012554,1.3834848,0.62420905,-0.14962459,0.96758914,0.20342901,0
0.051149011,1.5329952,-0.79061913,-0.14962459,0.96758914,0.20342901,0
-0.93377697,-1.6720431,0.50687021,0.14962459,-0.96758914,-0.20342901,0
-1.1343168,-0.51932442,0.89721501,-0.50373316,-0.2516396,0.82639587,0
0.45246065,1.4346497,0.93059665,-0.14962459,0.96758914,0.20342901,0
-1.1728449,0.058805466,0.88293785,-0.50373316,-0.2516396,0.82639587,0
-0.4097681,1.1480525,1.1869433,-0.14962459,0.96758914,0.20342901,0
1.4137119,1.8079247,0.19141153,-0.14962459,0.96758914,0.20342901,0
-0.39921474,-1.4320838,-1.2847145,0.14962459,-0.96758914,-0.20342901,0
-0.74104595,1.0460936,-1.7507408,-0.85080266,-0.021175385,-0.52505851,0
1.9798486,0.012850285,-0.6950987,0.85080266,0.021175385,0.52505851,0
-0.014193773,0.64815569,1.8449616,-0.50373316,-0.2516396,0.82639587,0
-1.5790451,-0.3509196,-0.0026326776,-0.85080266,-0.021175385,-0.52505851,0
-0.050795019,-1.1137294,-1.4161625,0.14962459,-0.96758914,-0.20342901,0
1.4288284,0.43142861,0.61564934,0.85080266,0.021175385,0.52505851,0
1.0312274,-1.159911,1.5889378,0.85080266,0.021175385,0.52505851,0
-2.0157573,-0.18944263,0.057020664,-0.85080266,-0.021175385,-0.52505851,0
0.83715242,0.92122602,-0.88726926,0.50373316,0.2516396,-0.82639587,0
2.0291867,0.30613279,-0.5614993,0.50373316,0.2516396,-0.82639587,0
-1.7780004,0.18059659,0.62215567,-0.50373316,-0.2516396,0.82639587,0
0.0073947906,-1.5636077,1.5699617,-0.50373316,-0.2516396,0.82639587,0
-1.3844794,0.95532131,1.3677505,-0.50373316,-0.2516396,0.82639587,0
-0.19657683,-1.5708611,1.1307929,-0.50373316,-0.2516396,0.82639587,0
1.7483661,-0.050048351,-0.66754591,0.50373316,0.2516396,-0.82639587,0
0.62677538,1.4386492,1.2625151,-0.14962459,0.96758914,0.20342901,0
1.7375494,-0.89957857,-0.20051503,0.85080266,0.021175385,0.52505851,0
-1.88735,0.40876222,0.82647604,-0.50373316,-0.2516396,0.82639587,0
0.61539602,-0.70696223,1.6733407,0.85080266,0.021175385,0.52505851,0
0.82768142,0.77824032,1.3528848,0.85080266,0.021175385,0.52505851,0
1.8556075,-0.20217037,-0.47460264,0.85080266,0.021175385,0.52505851,0
-0.44559181,-1.2690904,-1.7772669,0.14962459,-0.96758914,-0.20342901,0
0.67404532,-1.6614935,1.3223288,0.14962459,-0.96758914,-0.20342901,0
-0.14017886,0.96070933,2.0633278,-0.50373316,-0.2516396,0.82639587,0
1.4842237,0.44093859,0.083405137,0.85080266,0.021175385,0.52505851,0
-1.3544024,0.75140297,-0.77667546,-0.85080266,-0.021175385,-0.52505851,0
-0.23352039,-1.2166764,1.3646139,-0.50373316,-0.2516396,0.82639587,0
0.090697885,-1.1763777,1.6854155,-0.50373316,-0.2516396,0.82639587,0
1.41257,-0.0067658424,-0.88846469,0.50373316,0.2516396,-0.82639587,0
1.4428217,1.8043978,0.27055576,-0.14962459,0.96758914,0.20342901,0
-0.051622987,1.3722193,-1.4710115,0.50373316,0.2516396,-0.82639587,0
0.026715755,1.6545836,-1.2027791,0.50373316,0.2516396,-0.82639587,0
1.6453981,0.25374818,-0.14854735,0.85080266,0.021175385,0.52505851,0
1.4485539,-0.50621951,0.15583503,0.85080266,0.021175385,0.52505851,0
-0.92990267,-1.635342,-0.043217089,0.14962459,-0.96758914,-0.20342901,0
-0.97179461,-0.76513445,-0.95310199,-0.85080266,-0.021175385,-0.52505851,0
0.18978119,1.3793902,1.910943,-0.14962459,0.96758914,0.20342901,0
-1.9116621,-1.8050174,0.25628847,-0.50373316,-0.2516396,0.82639587,0
0.78901368,0.012473822,-1.2503256,0.50373316,0.2516396,-0.82639587,0
-1.5350701,-0.50503063,-0.69596356,-0.85080266,-0.021175385,-0.52505851,0
-0.73769271,-0.91959882,-1.4816642,-0.85080266,-0.021175385,-0.52505851,0
-1.1481528,-1.107605,-0.78949648,-0.85080266,-0.021175385,-0.52505851,0
1.1920586,1.7194741,-0.30206364,-0.14962459,0.96758914,0.20342901,0
1.9930354,0.81494236,-0.49283838,0.50373316,0.2516396,-0.82639587,0
0.53807896,0.61786002,2.2580142,0.85080266,0.021175385,0.52505851,0
2.20031,-0.52579999,-0.84285629,0.50373316,0.2516396,-0.82639587,0
-0.50216335,1.3247265,1.5078268,-0.14962459,0.96758914,0.20342901,0
0.59188819,0.8127389,1.5678983,0.85080266,0.021175385,0.52505851,0
1.2401614,0.97309518,-0.72089934,0.50373316,0.2516396,-0.82639587,0
-1.5916613,-0.77649111,-0.27927256,-0.85080266,-0.021175385,-0.52505851,0
-1.5379059,0.95510274,-0.26972592,-0.85080266,-0.021175385,-0.52505851,0
0.61143005,1.1374406,-1.0113109,0.50373316,0.2516396,-0.82639587,0
-2.0469754,-1.1877127,0.2357744,-0.85080266,-0.021175385,-0.52505851,0
1.2770171,1.1201973,-0.60288972,0.50373316,0.2516396,-0.82639587,0
1.1189089,-0.24048638,-1.029963,0.50373316,0.2516396,-0.82639587,0
-0.95735419,1.5497653,-0.65387726,-0.14962459,0.96758914,0.20342901,0
-1.2380745,0.66136146,-1.2344244,-0.85080266,-0.021175385,-0.52505851,0
0.19697684,0.20869935,-1.6654305,0.50373316,0.2516396,-0.82639587,0
0.85514045,0.18349393,1.4148928,0.85080266,0.021175385,0.52505851,0
1.0910181,-1.1519983,1.2132597,0.85080266,0.021175385,0.52505851,0
2.0052521,0.30315852,-0.73514545,0.50373316,0.2516396,-0.82639587,0
-0.95565379,-0.91857076,-1.2747611,-0.85080266,-0.021175385,-0.52505851,0
0.58797991,-1.7214509,1.2163348,0.14962459,-0.96758914,-0.20342901,0
0.093895882,0.20103955,1.9398912,-0.50373316,-0.2516396,0.82639587,0
-0.55594051,1.2945431,0.67643684,-0.14962459,0.96758914,0.20342901,0
0.56838995,0.71628213,-1.1326499,0.50373316,0.2516396,-0.82639587,0
-1.5810688,0.012819529,-0.16685045,-0.85080266,-0.021175385,-0.52505851,0
1.0788245,0.82260603,0.87520105,0.85080266,0.021175385,0.52505851,0
0.58709407,1.3231291,1.6081669,-0.14962459,0.96758914,0.20342901,0
-1.6447371,0.25664604,0.73666447,-0.50373316,-0.2516396,0.82639587,0
-0.5024181,-0.51980531,-1.6763947,-0.85080266,-0.021175385,-0.52505851,0
-1.182621,0.59721959,1.3926735,-0.50373316,-0.2516396,0.82639587,0
1.6266575,-1.3560791,-0.56836605,0.14962459,-0.96758914,-0.20342901,0
0.52637041,-1.3979013,1.6940827,0.85080266,0.021175385,0.52505851,0
-0.0316239,-0.064024806,1.9253949,-0.50373316,-0.2516396,0.82639587,0
1.8722504,-0.99580252,-0.25883305,0.85080266,0.021175385,0.52505851,0
-1.2478731,-1.945985,0.30015871,0.14962459,-0.96758914,-0.20342901,0
2.0724468,-0.19251704,-0.43842781,0.85080266,0.021175385,0.52505851,0
1.3646009,1.037199,-0.9088161,0.50373316,0.2516396,-0.82639587,0
-1.2684817,-1.8375124,-0.37750983,0.14962459,-0.96758914,-0.20342901,0
1.6156385,-1.332708,-0.42877877,0.14962459,-0.96758914,-0.20342901,0
-0.043237686,-1.4916034,0.040121496,0.14962459,-0.96758914,-0.20342901,0
1.1579129,-1.3688698,0.71623468,0.85080266,0.021175385,0.52505851,0
0.54279256,1.5832629,1.0780791,-0.14962459,0.96758914,0.20342901,0
1.2991025,-1.0438991,0.55980814,0.85080266,0.021175385,0.52505851,0
0.1603868,-1.4490579,-1.1734862,0.14962459,-0.96758914,-0.20342901,0
1.9425235,-1.2043774,-0.82212079,0.14962459,-0.96758914,-0.20342901,0
-1.3668416,-1.0489544,-0.31192249,-0.85080266,-0.021175385,-0.52505851,0
0.058611155,1.5611026,-0.89109594,-0.14962459,0.96758914,0.20342901,0
0.1417284,-1.4067744,-0.72909868,0.14962459,-0.96758914,-0.20342901,0
0.47168279,1.3699694,1.9426751,0.85080266,0.021175385,0.52505851,0
-1.0787102,1.057971,0.81336707,-0.14962459,0.96758914,0.20342901,0
0.28554001,0.18962491,-1.531377,0.50373316,0.2516396,-0.82639587,0
-1.0722287,-1.6761594,0.28618369,0.14962459,-0.96758914,-0.20342901,0
-1.5242065,0.63003916,-0.51732409,-0.85080266,-0.021175385,-0.52505851,0
-1.2882258,1.0780771,-0.87125754,-0.85080266,-0.021175385,-0.52505851,0
1.9070352,-1.0106416,-0.4755621,0.85080266,0.021175385,0.52505851,0
-1.6449995,1.0056248,-0.47212017,-0.85080266,-0.021175385,-0.52505851,0
-0.39180493,1.0284212,-1.7595294,0.50373316,0.2516396,-0.82639587,0
-1.4674013,-0.40057909,-0.17627037,-0.85080266,-0.021175385,-0.52505851,0
-1.7065172,0.53129256,-0.1469537,-0.85080266,-0.021175385,-0.52505851,0
-0.48056042,-1.6950772,0.83889127,0.14962459,-0.96758914,-0.20342901,0
1.1307998,-0.041335464,-1.1548755,0.50373316,0.2516396,-0.82639587,0
-0.36872005,1.3173337,1.1855906,-0.14962459,0.96758914,0.20342901,0
1.2359333,-0.9046638,0.79010534,0.85080266,0.021175385,0.52505851,0
-0.68213236,0.27097428,-1.5036497,-0.85080266,-0.021175385,-0.52505851,0
0.79210269,1.758661,0.15597573,-0.14962459,0.96758914,0.20342901,0
-1.8785651,0.98465204,-0.078514814,-0.85080266,-0.021175385,-0.52505851,0
0.23873031,0.98030341,2.321018,-0.50373316,-0.2516396,0.82639587,0
0.84415084,-1.3367579,-0.84324414,0.14962459,-0.96758914,-0.20342901,0
0.042785287,1.4232147,1.2270632,-0.14962459,0.96758914,0.20342901,0
0.78512585,1.3859425,-0.84265184,0.50373316,0.2516396,-0.82639587,0
-0.71794283,-1.5762022,0.67843688,-0.50373316,-0.2516396,0.82639587,0
-0.24984217,-1.7127346,1.057133,0.14962459,-0.96758914,-0.20342901,0
0.66911834,-0.22898936,-1.4603558,0.50373316,0.2516396,-0.82639587,0
-0.20511878,-1.254503,1.5379827,-0.50373316,-0.2516396,0.82639587,0
-0.67061496,-1.4242156,-0.64792496,0.14962459,-0.96758914,-0.20342901,0
1.6890248,1.4509777,-0.40390229,0.50373316,0.2516396,-0.82639587,0
1.2040154,1.9062643,0.097718373,-0.14962459,0.96758914,0.20342901,0
0.61623907,1.330752,1.6002734,0.85080266,0.021175385,0.52505851,0
1.2786655,0.75049204,0.66393638,0.85080266,0.021175385,0.52505851,0
1.122447,-1.3586195,0.71616232,0.14962459,-0.96758914,-0.20342901,0
0.61376196,0.17764109,1.6612701,0.85080266,0.021175385,0.52505851,0
-1.213782,0.29959574,-1.1165702,-0.85080266,-0.021175385,-0.52505851,0
-0.83880007,-1.6843472,0.0036703125,0.14962459,-0.96758914,-0.20342901,0
1.0379947,-0.97812557,0.93195403,0.85080266,0.021175385,0.52505851,0
-1.7775748,-0.27851784,-0.24203491,-0.85080266,-0.021175385,-0.52505851,0
0.87238014,-1.4071701,1.1500084,0.85080266,0.021175385,0.52505851,0
0.61019707,1.5445991,-0.47332841,-0.14962459,0.96758914,0.20342901,0
-1.9723585,-1.0600371,0.37096721,-0.85080266,-0.021175385,-0.52505851,0
0.7347548,-1.2701815,0.14381766,0.14962459,-0.96758914,-0.20342901,0
1.7552096,-1.0265479,-0.46250379,0.14962459,-0.96758914,-0.20342901,0
-1.1899747,-0.77538693,-1.2208743,-0.85080266,-0.021175385,-0.52505851,0
-0.46195424,1.6295289,-0.79513365,-0.14962459,0.96758914,0.20342901,0
-1.0590956,-1.4723924,-0.86104614,0.14962459,-0.96758914,-0.20342901,0
0.18813413,-1.1289513,-1.1512609,0.14962459,-0.96758914,-0.20342901,0
-0.97911334,1.4608263,-0.79011393,-0.14962459,0.96758914,0.20342901,0
1.9715003,-0.097177505,-0.8728776,0.50373316,0.2516396,-0.82639587,0
0.62641823,0.7665689,1.4496093,0.85080266,0.021175385,0.52505851,0
-1.5954473,1.4747112,-0.35423553,-0.85080266,-0.021175385,-0.52505851,0
-0.39649954,0.163185,1.6755865,-0.50373316,-0.2516396,0.82639587,0
1.4207562,1.2216389,0.57924896,0.85080266,0.021175385,0.52505851,0
0.35516769,1.3341622,1.6126534,-0.14962459,0.96758914,0.20342901,0
-1.8296959,0.85336125,-0.29427373,-0.85080266,-0.021175385,-0.52505851,0
2.3193114,-0.85808611,-0.8873508,0.50373316,0.2516396,-0.82639587,0
-0.57101238,-1.6467006,0.43016267,0.14962459,-0.96758914,-0.20342901,0
0.46000242,-1.8943255,1.1178572,0.14962459,-0.96758914,-0.20342901,0
0.33850205,1.3841324,1.0476813,-0.14962459,0.96758914,0.20342901,0
-1.2389741,-0.61639404,0.82279748,-0.50373316,-0.2516396,0.82639587,0
-0.25392365,1.3676276,-0.1323694,-0.14962459,0.96758914,0.20342901,0
1.4164948,0.83894771,0.23914301,0.85080266,0.021175385,0.52505851,0
0.87177503,-1.079891,1.7482831,0.85080266,0.021175385,0.52505851,0
-1.3273938,1.2391682,-0.53526855,-0.85080266,-0.021175385,-0.52505851,0
0.0063675642,1.1475923,-1.2836879,0.50373316,0.2516396,-0.82639587,0
-1.5219951,-1.8708163,-0.004773438,0.14962459,-0.96758914,-0.20342901,0
0.78790992,0.85752797,-0.94649404,0.50373316,0.2516396,-0.82639587,0
-1.0304868,0.65767729,-1.1973531,-0.85080266,-0.021175385,-0.52505851,0
0.76807606,0.31132507,-1.4181896,0.50373316,0.2516396,-0.82639587,0
-0.45735955,-0.84738493,1.4490252,-0.50373316,-0.2516396,0.82639587,0
0.67166245,0.93363619,-1.3560205,0.50373316,0.2516396,-0.82639587,0
1.3067172,0.98648417,0.3306537,0.85080266,0.021175385,0.52505851,0
-0.47191298,0.93042493,2.0475826,-0.50373316,-0.2516396,0.82639587,0
-1.7717941,1.1322161,0.32794499,-0.85080266,-0.021175385,-0.52505851,0
-1.0306509,0.21226785,-1.4417202,-0.85080266,-0.021175385,-0.52505851,0
0.6272105,-1.4515166,1.6466787,-0.50373316,-0.2516396,0.82639587,0
0.99242008,-1.4490569,-0.5683288,0.14962459,-0.96758914,-0.20342901,0
1.4098105,0.3888393,0.43385231,0.85080266,0.021175385,0.52505851,0
-1.1575868,-2.0713558,0.65456653,0.14962459,-0.96758914,-0.20342901,0
-0.81137156,0.68258953,-1.8436916,-0.85080266,-0.021175385,-0.52505851,0
-0.85768783,-1.7808074,0.22583589,0.14962459,-0.96758914,-0.20342901,0
-1.4328659,-1.3655585,-0.36502156,-0.85080266,-0.021175385,-0.52505851,0
-1.2950385,-1.0381281,0.50674617,-0.50373316,-0.2516396,0.82639587,0
1.133351,-1.2943523,-0.64133424,0.14962459,-0.96758914,-0.20342901,0
-0.85851705,-0.72774583,-1.5939243,-0.85080266,-0.021175385,-0.52505851,0
-0.3333528,1.7977717,-1.3966868,-0.14962459,0.96758914,0.20342901,0
1.2382792,0.793414,0.87163615,0.85080266,0.021175385,0.52505851,0
-1.5037239,-1.3777872,-0.075998485,-0.85080266,-0.021175385,-0.52505851,0
-0.93192399,1.4768254,-1.4619371,-0.85080266,-0.021175385,-0.52505851,0
-0.30660069,-0.73742527,1.3583814,-0.50373316,-0.2516396,0.82639587,0
-0.44881356,-1.5668478,-0.3988336,0.14962459,-0.96758914,-0.20342901,0
0.52687883,-0.49259079,-1.8421175,0.50373316,0.2516396,-0.82639587,0
-1.8162117,-0.011592865,0.61710149,-0.50373316,-0.2516396,0.82639587,0
-0.74810708,1.0162405,-1.7993354,-0.85080266,-0.021175385,-0.52505851,0
0.88321197,0.0061066458,1.0958591,0.85080266,0.021175385,0.52505851,0
-1.4558733,0.28307176,-0.23022199,-0.85080266,-0.021175385,-0.52505851,0
-2.0385461,0.80013371,0.66746366,-0.50373316,-0.2516396,0.82639587,0
-1.6700115,-1.6182398,-0.38400421,-0.85080266,-0.021175385,-0.52505851,0
-1.6534944,-1.2260811,-0.021489918,-0.85080266,-0.021175385,-0.52505851,0
-1.3705889,-1.78214,0.27157652,0.14962459,-0.96758914,-0.20342901,0
-1.1350148,0.64758217,-1.1516917,-0.85080266,-0.021175385,-0.52505851,0
0.063604116,1.5727702,-1.4098955,0.50373316,0.2516396,-0.82639587,0
-1.4006134,0.37574431,-0.85441518,-0.85080266,-0.021175385,-0.52505851,0
-1.3456868,0.34832132,1.0353336,-0.50373316,-0.2516396,0.82639587,0
2.0155556,-0.50286829,-0.15346837,0.85080266,0.021175385,0.52505851,0
0.66906202,0.58362722,-1.0321025,0.50373316,0.2516396,-0.82639587,0
1.623875,-0.95661283,0.41157615,0.85080266,0.021175385,0.52505851,0
-0.76673162,-1.7978013,0.53741539,0.14962459,-0.96758914,-0.20342901,0
-1.2247694,0.18000579,1.302054,-0.50373316,-0.2516396,0.82639587,0
-0.49758208,0.91578543,-1.7257497,0.50373316,0.2516396,-0.82639587,0
0.35264945,-1.2447438,-1.0151795,0.14962459,-0.96758914,-0.20342901,0
0.87639058,-0.12140107,-1.1663387,0.50373316,0.2516396,-0.82639587,0
0.47429073,0.54803115,1.804173,0.85080266,0.021175385,0.52505851,0
0.65282989,0.80773824,1.895436,0.85080266,0.021175385,0.52505851,0
1.1444627,1.439087,0.66900462,0.85080266,0.021175385,0.52505851,0
0.29330564,-1.3591967,-0.62404025,0.14962459,-0.96758914,-0.20342901,0
2.1698666,-1.0677011,-0.80718017,0.50373316,0.2516396,-0.82639587,0
0.83413637,0.94640112,-1.1228163,0.50373316,0.2516396,-0.82639587,0
0.97764564,-0.044066548,-1.0446572,0.50373316,0.2516396,-0.82639587,0
0.88087064,-0.91081285,-1.6569415,0.50373316,0.2516396,-0.82639587,0
-0.45991346,0.10187912,-1.77262,-0.85080266,-0.021175385,-0.52505851,0
-2.0401208,0.48255539,0.41652322,-0.85080266,-0.021175385,-0.52505851,0
-0.024762809,0.3109802,-1.6441591,0.50373316,0.2516396,-0.82639587,0
2.1057045,-0.66098952,-0.86248624,0.50373316,0.2516396,-0.82639587,0
0.80361128,-1.343824,1.3540152,0.85080266,0.021175385,0.52505851,0
-1.4680316,0.52505565,-0.51256049,-0.85080266,-0.021175385,-0.52505851,0
-1.0092845,-1.8171349,0.44911778,0.14962459,-0.96758914,-0.20342901,0
-1.7474474,-0.6013577,0.08517158,-0.85080266,-0.021175385,-0.52505851,0
-1.3594975,-0.3021208,-0.33269304,-0.85080266,-0.021175385,-0.52505851,0
1.7491353,1.215655,-0.30130965,0.50373316,0.2516396,-0.82639587,0
1.4622049,1.8661196,0.42885131,-0.14962459,0.96758914,0.20342901,0
0.24889076,1.715868,-0.20405751,-0.14962459,0.96758914,0.20342901,0
-1.0719948,1.1418014,0.32719362,-0.14962459,0.96758914,0.20342901,0
1.3493464,0.09653306,-0.73120058,0.50373316,0.2516396,-0.82639587,0
-0.6243763,-1.44153,-1.4667121,0.14962459,-0.96758914,-0.20342901,0
0.489613,0.92145747,2.1093841,0.85080266,0.021175385,0.52505851,0
0.91844928,1.637558,0.42259592,-0.14962459,0.96758914,0.20342901,0
2.1487951,-0.70723569,-0.24777889,0.85080266,0.021175385,0.52505851,0
0.2814424,1.669168,-1.2518065,0.50373316,0.2516396,-0.82639587,0
0.85199469,-0.21102984,1.2697725,0.85080266,0.021175385,0.52505851,0
-0.56037033,-0.22193187,-1.5799568,-0.85080266,-0.021175385,-0.52505851,0
-0.21040535,1.521798,-1.4616184,0.50373316,0.2516396,-0.82639587,0
0.057276726,1.7928213,-1.1592443,0.50373316,0.2516396,-0.82639587,0
-0.67908734,1.152015,0.7133981,-0.14962459,0.96758914,0.20342901,0
0.10489988,0.54227835,-1.4931607,0.50373316,0.2516396,-0.82639587,0
-0.67118573,1.5216036,-0.24936497,-0.14962459,0.96758914,0.20342901,0
-0.036301196,0.10688186,-1.8145144,0.50373316,0.2516396,-0.82639587,0
-0.36163092,-1.6117018,1.3077321,-0.50373316,-0.2516396,0.82639587,0
-1.8023318,1.1413386,0.08308363,-0.14962459,0.96758914,0.20342901,0
-1.4206812,-0.9570384,0.69193631,-0.50373316,-0.2516396,0.82639587,0
-1.0054898,-1.8767221,0.6499393,0.14962459,-0.96758914,-0.20342901,0
0.82862306,-1.3635961,1.4162604,0.85080266,0.021175385,0.52505851,0
1.3181679,0.86621249,0.56082082,0.85080266,0.021175385,0.52505851,0
-1.9578459,0.76125753,0.67507458,-0.50373316,-0.2516396,0.82639587,0
0.44269931,-1.1042949,-2.0531325,0.50373316,0.2516396,-0.82639587,0
0.8810457,-1.0275487,1.3500837,0.85080266,0.021175385,0.52505851,0
0.38408804,-1.2197686,-1.1958188,0.14962459,-0.96758914,-0.20342901,0
-1.3863034,1.3438375,-0.50665712,-0.14962459,0.96758914,0.20342901,0
-0.61415625,1.6912796,-1.757794,0.50373316,0.2516396,-0.82639587,0
-0.80250317,-0.4091419,-1.6301292,-0.85080266,-0.021175385,-0.52505851,0
-1.4809239,-0.68677771,-0.59106511,-0.85080266,-0.021175385,-0.52505851,0
-1.3250915,-0.71050334,-0.61393738,-0.85080266,-0.021175385,-0.52505851,0
-0.5790503,1.0314919,-1.8693517,-0.85080266,-0.021175385,-0.52505851,0
-1.2367251,0.31678885,-0.56984919,-0.85080266,-0.021175385,-0.52505851,0
1.7588358,0.71858013,0.0071408749,0.85080266,0.021175385,0.52505851,0
0.62470579,0.73158228,1.8222913,0.85080266,0.021175385,0.52505851,0
-1.9515169,0.63001585,0.48609626,-0.85080266,-0.021175385,-0.52505851,0
0.40871584,1.7581019,-0.58246881,-0.14962459,0.96758914,0.20342901,0
1.9295733,-0.95332623,-0.32829678,0.85080266,0.021175385,0.52505851,0
-0.83656973,-1.3485825,-1.0218202,0.14962459,-0.96758914,-0.20342901,0
-1.1240219,1.0356996,1.0312722,-0.14962459,0.96758914,0.20342901,0
1.5488756,-0.19256532,0.069983721,0.85080266,0.021175385,0.52505851,0
-0.69548392,-1.494311,-0.05340213,0.14962459,-0.96758914,-0.20342901,0
-1.6720749,-0.26473796,-0.17612422,-0.85080266,-0.021175385,-0.52505851,0
0.2621758,1.4059908,1.8578126,-0.14962459,0.96758914,0.20342901,0
-1.1474073,1.2837938,1.0942216,-0.14962459,0.96758914,0.20342901,0
-0.42392737,0.71231306,1.7353902,-0.50373316,-0.2516396,0.82639587,0
-0.093639135,1.0756538,1.3076031,-0.14962459,0.96758914,0.20342901,0
-0.34497023,-1.6827794,1.1342673,-0.50373316,-0.2516396,0.82639587,0
0.88426453,0.57940793,-1.0973648,0.50373316,0.2516396,-0.82639587,0
1.4329647,1.7669657,0.30090833,0.85080266,0.021175385,0.52505851,0
-0.3310715,-1.1082127,-1.4842557,0.14962459,-0.96758914,-0.20342901,0
0.31788647,0.92426515,-1.2326714,0.50373316,0.2516396,-0.82639587,0
2.121881,0.45600891,-0.56780756,0.50373316,0.2516396,-0.82639587,0
-0.21872866,-1.1002965,-1.8833892,0.14962459,-0.96758914,-0.20342901,0
0.96327519,0.29409587,-1.232276,0.50373316,0.2516396,-0.82639587,0
1.1487079,-0.053794593,0.96191341,0.85080266,0.021175385,0.52505851,0
-0.80220854,1.5102956,-0.65497541,-0.14962459,0.96758914,0.20342901,0
-0.64704883,-1.7984396,0.35288584,0.14962459,-0.96758914,-0.20342901,0
0.97561783,-1.0918106,-0.49837655,0.14962459,-0.96758914,-0.20342901,0
0.13007188,1.6972946,-1.4273312,0.50373316,0.2516396,-0.82639587,0
-0.80252314,-1.6127799,-1.0038527,0.14962459,-0.96758914,-0.20342901,0
1.7280741,1.9079466,-0.25148952,0.50373316,0.2516396,-0.82639587,0
1.603971,1.1369779,-0.73253161,0.50373316,0.2516396,-0.82639587,0
-0.94978446,0.93401265,1.3620011,-0.14962459,0.96758914,0.20342901,0
1.2796164,-0.21295035,0.86207265,0.85080266,0.021175385,0.52505851,0
-0.134334,-0.42787647,-2.1117353,0.50373316,0.2516396,-0.82639587,0
0.20388424,1.0315857,2.0157819,-0.14962459,0.96758914,0.20342901,0
0.95839989,-1.3538151,1.7243524,0.85080266,0.021175385,0.52505851,0
1.2326214,-1.3887098,0.46514499,0.14962459,-0.96758914,-0.20342901,0
-0.14398301,-1.3108172,-0.80948526,0.14962459,-0.96758914,-0.20342901,0
-1.6336559,-1.2184913,0.21195853,-0.50373316,-0.2516396,0.82639587,0
-0.23114455,1.4869832,-0.36631238,-0.14962459,0.96758914,0.20342901,0
-1.5717858,1.2626418,0.26051319,-0.14962459,0.96758914,0.20342901,0
-1.9756351,1.0382859,0.20109379,-0.85080266,-0.021175385,-0.52505851,0
-0.27471533,0.55279958,1.8393416,-0.50373316,-0.2516396,0.82639587,0
0.7189405,1.4171107,-1.0891716,0.50373316,0.2516396,-0.82639587,0
1.0134523,-1.6085944,0.26929152,0.14962459,-0.96758914,-0.20342901,0
2.1139846,-0.35193038,-0.31765747,0.85080266,0.021175385,0.52505851,0
1.4663094,-0.22425866,-0.88450646,0.50373316,0.2516396,-0.82639587,0
0.026921272,1.4560459,-1.4481771,0.50373316,0.2516396,-0.82639587,0
-1.3080132,0.15811855,-0.48431307,-0.85080266,-0.021175385,-0.52505851,0
-0.0055662394,1.2556891,-1.228953,0.50373316,0.2516396,-0.82639587,0
1.1452318,1.7616266,0.71626335,0.85080266,0.021175385,0.52505851,0
0.63068956,0.8584215,-0.965258,0.50373316,0.2516396,-0.82639587,0
-0.84474361,0.17632315,-1.5276573,-0.85080266,-0.021175385,-0.52505851,0
-0.90109879,0.62085354,-1.730121,-0.85080266,-0.021175385,-0.52505851,0
1.9381012,0.71666813,-0.59175962,0.50373316,0.2516396,-0.82639587,0
0.23340082,-1.6613857,1.2280927,-0.50373316,-0.2516396,0.82639587,0
1.2420472,1.1649989,-0.76160061,0.50373316,0.2516396,-0.82639587,0
-0.84146333,-0.27557006,-1.7891927,-0.85080266,-0.021175385,-0.52505851,0
0.40606117,1.7120173,0.5069688,-0.14962459,0.96758914,0.20342901,0
-0.94424552,-1.2836084,-0.98160124,0.14962459,-0.96758914,-0.20342901,0
0.092654884,-1.1653125,-1.4389865,0.14962459,-0.96758914,-0.20342901,0
-1.7453419,0.97521067,0.8133899,-0.50373316,-0.2516396,0.82639587,0
1.6921812,-0.24622989,-0.72025615,0.50373316,0.2516396,-0.82639587,0
1.0122092,-1.783087,0.90848553,0.14962459,-0.96758914,-0.20342901,0
-0.69712752,1.2560788,1.1619165,-0.14962459,0.96758914,0.20342901,0
1.2864214,-1.6295108,0.64149082,0.14962459,-0.96758914,-0.20342901,0
1.1759021,1.5867645,0.83116674,0.85080266,0.021175385,0.52505851,0
0.50902808,1.3095237,0.59107709,-0.14962459,0.96758914,0.20342901,0
-1.5612323,0.83306098,1.3525752,-0.50373316,-0.2516396,0.82639587,0
0.82466972,-1.3470641,0.07628417,0.14962459,-0.96758914,-0.20342901,0
0.1139223,-0.95057082,-2.1822996,0.50373316,0.2516396,-0.82639587,0
0.66984075,0.84398961,-1.2426807,0.50373316,0.2516396,-0.82639587,0
0.36722702,0.28231108,-1.5067267,0.50373316,0.2516396,-0.82639587,0
0.84548759,-1.7865427,1.331781,0.14962459,-0.96758914,-0.20342901,0
0.20527625,-1.2032659,-0.58490843,0.14962459,-0.96758914,-0.20342901,0
1.144913,0.5200994,1.2469764,0.85080266,0.021175385,0.52505851,0
-0.99447942,-1.2643566,-0.93946338,-0.85080266,-0.021175385,-0.52505851,0
1.7806792,-0.74916852,0.23080862,0.85080266,0.021175385,0.52505851,0
-0.067070581,0.3392117,1.642898,-0.50373316,-0.2516396,0.82639587,0
1.6418917,-0.4548744,0.24465024,0.85080266,0.021175385,0.52505851,0
1.6274862,0.68532979,0.093101919,0.85080266,0.021175385,0.52505851,0
0.68264061,0.10864079,-1.1497467,0.50373316,0.2516396,-0.82639587,0
-1.9160244,-0.99109495,0.5581671,-0.50373316,-0.2516396,0.82639587,0
-0.34515631,1.3298918,0.025744557,-0.14962459,0.96758914,0.20342901,0
1.4803507,0.05811429,-1.0391493,0.50373316,0.2516396,-0.82639587,0
-1.3526647,0.11164939,-0.33126658,-0.85080266,-0.021175385,-0.52505851,0
1.4009657,0.73953378,0.4194501,0.85080266,0.021175385,0.52505851,0
0.62045741,-1.2669313,-0.21735531,0.14962459,-0.96758914,-0.20342901,0
1.8073926,0.14094138,-0.39261186,0.85080266,0.021175385,0.52505851,0
-0.29146874,1.2490243,0.41194576,-0.14962459,0.96758914,0.20342901,0
-1.6761125,0.568048,1.202899,-0.50373316,-0.2516396,0.82639587,0
0.64028883,-1.290025,0.024653494,0.14962459,-0.96758914,-0.20342901,0
-0.54679143,-1.1596341,-1.5856138,0.14962459,-0.96758914,-0.20342901,0
-0.50329304,1.2920309,0.82508034,-0.14962459,0.96758914,0.20342901,0
0.77327126,-1.2599992,-1.7076886,0.14962459,-0.96758914,-0.20342901,0
-1.5584911,-1.681904,0.45707211,-0.50373316,-0.2516396,0.82639587,0
0.98619807,-1.1447546,-0.84558392,0.14962459,-0.96758914,-0.20342901,0
0.77014506,0.036242843,-1.4739521,0.50373316,0.2516396,-0.82639587,0
-0.73722732,0.35220009,-1.3538594,-0.85080266,-0.021175385,-0.52505851,0
0.56833416,1.3044307,1.4588809,-0.14962459,0.96758914,0.20342901,0
0.28371376,0.34935975,-1.555113,0.50373316,0.2516396,-0.82639587,0
-1.4986829,-0.26984954,0.66379142,-0.50373316,-0.2516396,0.82639587,0
0.4364779,1.3838491,0.85362512,-0.14962459,0.96758914,0.20342901,0
-0.45714068,1.1362655,1.1104158,-0.14962459,0.96758914,0.20342901,0
0.066450596,1.1683869,-1.5385245,0.50373316,0.2516396,-0.82639587,0
0.93905067,-1.0542921,-1.339817,0.50373316,0.2516396,-0.82639587,0
0.64733469,-1.0916978,-1.3609053,0.14962459,-0.96758914,-0.20342901,0
1.6194744,1.1334882,0.053544343,0.85080266,0.021175385,0.52505851,0
-1.4817392,-1.6943439,0.30722249,-0.50373316,-0.2516396,0.82639587,0
-0.070525229,-0.55575609,1.6554489,-0.50373316,-0.2516396,0.82639587,0
0.47034183,0.80554289,2.2816067,-0.50373316,-0.2516396,0.82639587,0
-0.51494002,1.1423613,-1.7781949,0.50373316,0.2516396,-0.82639587,0
1.0741514,0.6551578,-1.0616311,0.50373316,0.2516396,-0.82639587,0
-0.25283152,1.0376904,1.7870452,-0.14962459,0.96758914,0.20342901,0
0.93146545,-1.0112187,-1.1802697,0.14962459,-0.96758914,-0.20342901,0
1.8951046,0.75572002,-0.30082172,0.85080266,0.021175385,0.52505851,0
0.10584545,1.8131956,-1.4314957,0.50373316,0.2516396,-0.82639587,0
-1.3123019,0.027800798,1.0516273,-0.50373316,-0.2516396,0.82639587,0
1.2389905,0.82967699,1.047328,0.85080266,0.021175385,0.52505851,0
1.8483131,-1.1647125,-0.67511511,0.14962459,-0.96758914,-0.20342901,0
0.43536621,0.77382571,1.8653673,0.85080266,0.021175385,0.52505851,0
-0.57767206,-1.3939531,-1.4797981,0.14962459,-0.96758914,-0.20342901,0
0.60062081,0.23412895,1.7839161,0.85080266,0.021175385,0.52505851,0
-0.40265429,1.0967321,-1.7574997,0.50373316,0.2516396,-0.82639587,0
-0.38711262,1.541901,-0.62943542,-0.14962459,0.96758914,0.20342901,0
1.9206548,-0.53980446,-0.010943413,0.85080266,0.021175385,0.52505851,0
-1.0279348,1.7261109,-1.4501381,-0.85080266,-0.021175385,-0.52505851,0
0.39564455,-0.52479577,2.0572429,-0.50373316,-0.2516396,0.82639587,0
-0.44909692,1.0982153,1.2049726,-0.14962459,0.96758914,0.20342901,0
-0.76547265,1.0927526,-1.3938007,-0.85080266,-0.021175385,-0.52505851,0
-1.2393239,1.2182357,-0.022941947,-0.14962459,0.96758914,0.20342901,0
1.8345497,0.79737973,-0.50228286,0.50373316,0.2516396,-0.82639587,0
0.65096092,1.5251654,0.15606605,-0.14962459,0.96758914,0.20342901,0
-1.1271199,1.0691471,1.2910599,-0.50373316,-0.2516396,0.82639587,0
1.2965188,0.12760526,0.85324615,0.85080266,0.021175385,0.52505851,0
1.7518594,-0.78521669,-0.044281721,0.85080266,0.021175385,0.52505851,0
-0.90140116,1.7130244,-1.1371512,-0.14962459,0.96758914,0.20342901,0
-1.7181219,0.28260648,0.018294334,-0.85080266,-0.021175385,-0.52505851,0
0.9599213,1.401253,1.4546899,0.85080266,0.021175385,0.52505851,0
-1.2975916,-1.3338543,0.81019527,-0.50373316,-0.2516396,0.82639587,0
1.3436728,0.18408602,0.92365438,0.85080266,0.021175385,0.52505851,0
-2.1274843,0.65587926,0.74242353,-0.50373316,-0.2516396,0.82639587,0
-1.2121769,1.44722,-0.49747682,-0.14962459,0.96758914,0.20342901,0
0.34806061,-0.73638386,2.0152557,-0.50373316,-0.2516396,0.82639587,0
1.3101541,-0.071969986,-1.177596,0.50373316,0.2516396,-0.82639587,0
-0.58160365,1.1806114,-1.7626448,0.50373316,0.2516396,-0.82639587,0
-1.3749038,1.2776477,0.48425412,-0.14962459,0.96758914,0.20342901,0
-1.656799,0.76244259,0.93015456,-0.50373316,-0.2516396,0.82639587,0
-0.0098416209,-0.56607592,1.4243752,-0.50373316,-0.2516396,0.82639587,0
0.85288155,1.3032607,0.93306822,-0.14962459,0.96758914,0.20342901,0
1.4661976,-1.2845752,0.16386688,0.14962459,-0.96758914,-0.20342901,0
-1.2265079,0.13395965,1.0233805,-0.50373316,-0.2516396,0.82639587,0
-0.72972292,-0.60782707,-1.6227312,-0.85080266,-0.021175385,-0.52505851,0
0.65967023,-1.2978997,1.6193411,-0.50373316,-0.2516396,0.82639587,0
-1.1906888,0.023049176,-0.71830261,-0.85080266,-0.021175385,-0.52505851,0
-0.52191758,1.8074236,-0.86929601,-0.14962459,0.96758914,0.20342901,0
-1.7353537,1.2666457,0.55702519,-0.14962459,0.96758914,0.20342901,0
-0.50806487,0.33825183,1.7688363,-0.50373316,-0.2516396,0.82639587,0
0.039703369,-0.17336416,-1.8822393,0.50373316,0.2516396,-0.82639587,0
0.10203016,-1.1490176,1.289345,-0.50373316,-0.2516396,0.82639587,0
0.33512139,1.5851543,-0.96981287,0.50373316,0.2516396,-0.82639587,0
-0.39881575,-1.1858546,-1.3457245,0.14962459,-0.96758914,-0.20342901,0
1.5939295,-0.80063903,-1.0447474,0.50373316,0.2516396,-0.82639587,0
0.06194818,-0.28540206,1.7300441,-0.50373316,-0.2516396,0.82639587,0
-0.63427603,-1.1712856,1.1108036,-0.50373316,-0.2516396,0.82639587,0
-0.53476715,1.196185,0.45728442,-0.14962459,0.96758914,0.20342901,0
0.69956756,1.0258944,-1.0381749,0.50373316,0.2516396,-0.82639587,0
-0.6708225,0.54726183,1.765178,-0.50373316,-0.2516396,0.82639587,0
-1.9570155,1.0614145,0.063761353,-0.85080266,-0.021175385,-0.52505851,0
0.38170004,0.85246247,-1.0822413,0.50373316,0.2516396,-0.82639587,0
1.3870152,0.64487076,-0.68352038,0.50373316,0.2516396,-0.82639587,0
0.27801919,1.6614635,-0.93600988,-0.14962459,0.96758914,0.20342901,0
0.35295689,0.91040552,2.128437,-0.50373316,-0.2516396,0.82639587,0
-1.7036656,0.90258825,0.19288146,-0.85080266,-0.021175385,-0.52505851,0
1.1097143,-0.038224101,-0.99845439,0.50373316,0.2516396,-0.82639587,0
-0.7702024,1.0224471,-1.3334954,-0.85080266,-0.021175385,-0.52505851,0
-2.1841259,0.19119811,0.65536451,-0.85080266,-0.021175385,-0.52505851,0
-0.71672893,1.1538624,0.66616309,-0.14962459,0.96758914,0.20342901,0
-0.87154043,-0.094486475,1.4851968,-0.50373316,-0.2516396,0.82639587,0
-0.32531428,-1.6345816,-0.24890371,0.14962459,-0.96758914,-0.20342901,0
0.56482267,-1.8729595,1.2461978,0.14962459,-0.96758914,-0.20342901,0
0.95764738,-0.53395259,1.5074277,0.85080266,0.021175385,0.52505851,0
-1.1599319,1.3261917,1.0356669,-0.14962459,0.96758914,0.20342901,0
1.7937617,1.8180118,-0.082712412,0.50373316,0.2516396,-0.82639587,0
1.2043927,-0.53926492,0.71569049,0.85080266,0.021175385,0.52505851,0
-0.79731536,-1.5621305,-0.7001856,0.14962459,-0.96758914,-0.20342901,0
-0.9640348,1.1232909,0.78066909,-0.14962459,0.96758914,0.20342901,0
-1.3772539,-0.87150657,-0.45656079,-0.85080266,-0.021175385,-0.52505851,0
-0.27942038,1.3901263,0.87134802,-0.14962459,0.96758914,0.20342901,0
1.0051618,0.094676375,-1.057276,0.50373316,0.2516396,-0.82639587,0
-1.6493556,-1.1103569,-0.13758653,-0.85080266,-0.021175385,-0.52505851,0
-0.83513153,-1.0118895,-1.8260933,-0.85080266,-0.021175385,-0.52505851,0
-1.1644416,-1.18677,0.79494393,-0.50373316,-0.2516396,0.82639587,0
-0.053575672,-0.21604204,-1.6832799,0.50373316,0.2516396,-0.82639587,0
-0.98701251,1.3506387,0.11624837,-0.14962459,0.96758914,0.20342901,0
-0.22853327,1.8268453,-1.4325817,-0.14962459,0.96758914,0.20342901,0
-1.9990159,0.2402153,0.12517631,-0.85080266,-0.021175385,-0.52505851,0
0.36789632,1.4520111,-1.3498962,0.50373316,0.2516396,-0.82639587,0
-0.93359399,-1.9352152,0.66469288,0.14962459,-0.96758914,-0.20342901,0
1.8272324,-0.21817684,-0.63030565,0.50373316,0.2516396,-0.82639587,0
0.68118846,-1.4809899,-0.28053707,0.14962459,-0.96758914,-0.20342901,0
1.2782193,-0.91548049,-1.2140985,0.14962459,-0.96758914,-0.20342901,0
1.1985974,-1.4717615,0.61459398,0.14962459,-0.96758914,-0.20342901,0
0.61066568,-0.64860779,1.8810955,0.85080266,0.021175385,0.52505851,0
0.49624413,1.2751245,1.066511,-0.14962459,0.96758914,0.20342901,0
-1.8295034,1.1196285,0.36205518,-0.14962459,0.96758914,0.20342901,0
-1.3463666,-1.4208426,0.38680664,-0.50373316,-0.2516396,0.82639587,0
-0.92998719,1.7483532,-0.78044271,-0.14962459,0.96758914,0.20342901,0
-0.31053036,-0.49141467,1.4105504,-0.50373316,-0.2516396,0.82639587,0
-1.8793077,0.0038368702,0.25604916,-0.85080266,-0.021175385,-0.52505851,0
-1.0101758,0.031236649,1.4194233,-0.50373316,-0.2516396,0.82639587,0
-1.3827569,-1.0667056,-0.25298175,-0.85080266,-0.021175385,-0.52505851,0
-0.51307935,-0.13369167,-1.6532992,-0.85080266,-0.021175385,-0.52505851,0
0.79080647,-0.45708287,-1.7140681,0.50373316,0.2516396,-0.82639587,0
0.14021742,-1.1575178,-0.87693775,0.14962459,-0.96758914,-0.20342901,0
0.44689047,-0.84730935,1.6427798,-0.50373316,-0.2516396,0.82639587,0
-0.42792112,-0.88231426,-2.2560854,-0.85080266,-0.021175385,-0.52505851,0
0.08269453,-1.8076888,1.1885343,0.14962459,-0.96758914,-0.20342901,0
-1.6616091,-1.6757381,0.0032756925,0.14962459,-0.96758914,-0.20342901,0
-1.2458835,1.1996808,-0.5840174,-0.85080266,-0.021175385,-0.52505851,0
-0.09532088,-0.25307286,-2.0330427,0.50373316,0.2516396,-0.82639587,0
-1.1874242,1.4490683,-0.89113247,-0.85080266,-0.021175385,-0.52505851,0
0.71116018,0.61790323,-0.9571898,0.50373316,0.2516396,-0.82639587,0
1.9527283,0.24405789,0.0026785135,0.85080266,0.021175385,0.52505851,0
-1.8511959,0.62063003,0.16501689,-0.85080266,-0.021175385,-0.52505851,0
1.478457,1.8562036,-0.39589599,-0.14962459,0.96758914,0.20342901,0
-0.43825704,-1.1464838,-2.1822741,-0.85080266,-0.021175385,-0.52505851,0
-1.6491926,-0.91969287,0.17112625,-0.85080266,-0.021175385,-0.52505851,0
-0.93536115,-1.1969358,0.70040053,-0.50373316,-0.2516396,0.82639587,0
-1.0851454,-0.95282018,-1.3015497,-0.85080266,-0.021175385,-0.52505851,0
1.445995,1.7033613,0.33932212,0.85080266,0.021175385,0.52505851,0
0.53964508,-1.2674413,-1.3419777,0.14962459,-0.96758914,-0.20342901,0
1.5112406,-0.91388142,-1.2511159,0.50373316,0.2516396,-0.82639587,0
-1.8000572,1.0115943,1.1400328,-0.50373316,-0.2516396,0.82639587,0
-0.37034547,1.5786386,0.27486438,-0.14962459,0.96758914,0.20342901,0
1.6711609,1.5860538,0.068603039,0.85080266,0.021175385,0.52505851,0
1.4634368,-1.2866335,-1.1098533,0.14962459,-0.96758914,-0.20342901,0
-1.8762722,-1.7714676,0.10625488,-0.85080266,-0.021175385,-0.52505851,0
-0.52879596,-0.58903909,-1.6078887,-0.85080266,-0.021175385,-0.52505851,0
-1.22324,0.1533919,-0.9885453,-0.85080266,-0.021175385,-0.52505851,0
-0.26248217,-1.4367589,-0.72044051,0.14962459,-0.96758914,-0.20342901,0
-1.0760344,-0.90602469,0.79761875,-0.50373316,-0.2516396,0.82639587,0
