2.8078671,1.073302,-0.97775722,0.93074477,0.33427641,0.14823484,0
-0.01810652,-0.76769781,-1.1659286,0.27615952,-0.37685108,-0.88414884,0
0.19818772,1.4680321,1.1693923,-0.27615952,0.37685108,0.88414884,0
0.67403215,0.13795495,-1.4428376,0.27615952,-0.37685108,-0.88414884,0
3.0232937,0.21717259,-0.70703173,0.27615952,-0.37685108,-0.88414884,0
-2.944546,-0.92998022,-0.13455582,-0.93074477,-0.33427641,-0.14823484,0
2.0256395,1.6528764,-1.6799858,-0.23968768,0.86385334,-0.44306576,0
0.11331695,2.0163665,0.075129509,-0.23968768,0.86385334,-0.44306576,0
-2.7606936,-1.4644054,-0.90930367,-0.93074477,-0.33427641,-0.14823484,0
-0.75634754,1.5181333,1.0185177,-0.27615952,0.37685108,0.88414884,0
-3.3832688,-0.23292482,0.33773828,-0.93074477,-0.33427641,-0.14823484,0
-2.3554816,-1.0748094,-1.9443787,-0.93074477,-0.33427641,-0.14823484,0
-1.7471185,-0.36992288,-2.2504885,0.27615952,-0.37685108,-0.88414884,0
2.2931116,0.14701366,2.0151813,0.23968768,-0.86385334,0.44306576,0
2.1181502,1.0045779,1.7555807,-0.27615952,0.37685108,0.88414884,0
1.8279167,-1.5388267,-0.42506474,0.23968768,-0.86385334,0.44306576,0
-0.63634109,-0.48246098,1.5645709,-0.27615952,0.37685108,0.88414884,0
3.4671991,-0.064223498,-0.46709466,0.93074477,0.33427641,0.14823484,0
2.5873308,0.76157212,-1.2636232,0.27615952,-0.37685108,-0.88414884,0
-2.7997675,0.21527353,0.93566895,-0.27615952,0.37685108,0.88414884,0
2.279886,0.66758847,2.1323309,-0.27615952,0.37685108,0.88414884,0
-0.25382787,1.791957,0.99921495,-0.27615952,0.37685108,0.88414884,0
2.8633983,0.60429502,-0.13508463,0.93074477,0.33427641,0.14823484,0
1.2787988,1.5922964,-1.0849267,-0.23968768,0.86385334,-0.44306576,0
2.1472812,2.0542789,-0.45033097,-0.23968768,0.86385334,-0.44306576,0
2.6049173,1.2665254,1.5018649,0.93074477,0.33427641,0.14823484,0
0.52432108,-1.263182,0.83182371,0.23968768,-0.86385334,0.44306576,0
-2.8067217,-1.1603155,1.1088614,-0.93074477,-0.33427641,-0.14823484,0
-3.0149145,-0.35837543,-1.2395804,-0.93074477,-0.33427641,-0.14823484,0
1.435339,1.6015422,-1.1365318,-0.23968768,0.86385334,-0.44306576,0
-2.4721355,-1.0550336,-1.401401,-0.93074477,-0.33427641,-0.14823484,0
-0.42729813,-0.952438,-1.5800425,0.27615952,-0.37685108,-0.88414884,0
2.5076337,0.31632537,-1.2303338,0.27615952,-0.37685108,-0.88414884,0
2.6364849,-0.15219,-0.87685251,0.27615952,-0.37685108,-0.88414884,0
-2.0963564,-0.75454468,1.1832523,-0.27615952,0.37685108,0.88414884,0
-2.3525779,-1.3869398,-1.5386,-0.93074477,-0.33427641,-0.14823484,0
-0.26407105,-2.0026536,-0.50469887,0.23968768,-0.86385334,0.44306576,0
0.89575261,1.0937803,1.5699463,-0.27615952,0.37685108,0.88414884,0
-1.8474908,-2.6589808,-1.1224108,0.27615952,-0.37685108,-0.88414884,0
3.6160607,-0.57307386,-0.18612337,0.93074477,0.33427641,0.14823484,0
3.0106575,0.36008573,1.1271288,0.93074477,0.33427641,0.14823484,0
0.4263128,0.45538783,-1.7808561,0.27615952,-0.37685108,-0.88414884,0
3.0726364,-0.91791707,0.33086538,0.23968768,-0.86385334,0.44306576,0
0.1541301,-1.0816948,-1.1672857,0.27615952,-0.37685108,-0.88414884,0
2.7874765,1.6249868,-1.309622,0.93074477,0.33427641,0.14823484,0
0.30969965,-1.547202,0.096023142,0.23968768,-0.86385334,0.44306576,0
3.0726097,-0.079831123,1.2109597,0.23968768,-0.86385334,0.44306576,0
-0.48312151,0.5112294,-1.890424,-0.23968768,0.86385334,-0.44306576,0
1.9946111,-0.70798922,0.50946188,0.23968768,-0.86385334,0.44306576,0
-1.7000809,0.6188153,-1.4880965,-0.23968768,0.86385334,-0.44306576,0
-2.7547503,-1.4888754,-0.48340344,-0.93074477,-0.33427641,-0.14823484,0
2.8297064,0.45849293,0.50160575,0.93074477,0.33427641,0.14823484,0
-2.9728189,-0.42082852,0.7006073,-0.93074477,-0.33427641,-0.14823484,0
0.59191763,0.51637495,1.7775216,-0.27615952,0.37685108,0.88414884,0
2.2774868,-1.2090044,-0.61860049,0.27615952,-0.37685108,-0.88414884,0
-1.7285068,0.26022887,-2.1671281,-0.23968768,0.86385334,-0.44306576,0
0.18071926,-1.0637155,1.2049679,0.23968768,-0.86385334,0.44306576,0
-0.96695614,-1.9794922,-1.3007536,0.27615952,-0.37685108,-0.88414884,0
-1.5951557,-0.13581061,-2.3093681,0.27615952,-0.37685108,-0.88414884,0
3.0916433,-0.3032968,1.0769557,0.93074477,0.33427641,0.14823484,0
-0.80271614,-0.57439029,-1.6761642,0.27615952,-0.37685108,-0.88414884,0
-2.557946,-0.564641,0.97240925,-0.27615952,0.37685108,0.88414884,0
-2.0725727,0.75615019,-0.95059812,-0.23968768,0.86385334,-0.44306576,0
2.6250525,1.6087961,-1.4529667,0.27615952,-0.37685108,-0.88414884,0
2.9923027,0.80275309,-0.77937484,0.93074477,0.33427641,0.14823484,0
-2.8461981,0.20004213,-1.3173128,-0.23968768,0.86385334,-0.44306576,0
2.0017121,-0.21795344,2.1172204,0.23968768,-0.86385334,0.44306576,0
-1.3082871,-1.6297052,1.0133128,0.23968768,-0.86385334,0.44306576,0
-0.99660081,0.63495362,1.1618164,-0.27615952,0.37685108,0.88414884,0
-1.811281,0.23222592,1.1048617,-0.27615952,0.37685108,0.88414884,0
-2.8546824,-1.3056426,-0.27369165,-0.93074477,-0.33427641,-0.14823484,0
2.0198898,2.5023408,0.71716094,0.93074477,0.33427641,0.14823484,0
-0.86832744,0.083948255,1.2641547,-0.27615952,0.37685108,0.88414884,0
-2.479516,-1.8085196,1.1739111,0.23968768,-0.86385334,0.44306576,0
-2.0482402,-2.3804653,-0.076507807,0.23968768,-0.86385334,0.44306576,0
1.590112,-0.0053634644,2.2331398,-0.27615952,0.37685108,0.88414884,0
0.43665561,-1.1691098,-0.84939164,0.27615952,-0.37685108,-0.88414884,0
-3.1042976,-0.4372223,1.0302119,-0.93074477,-0.33427641,-0.14823484,0
2.7096825,-0.31970954,1.6944486,0.23968768,-0.86385334,0.44306576,0
-2.4496045,-0.21396804,-2.3209021,0.27615952,-0.37685108,-0.88414884,0
2.6334887,1.3208907,-0.34488297,0.93074477,0.33427641,0.14823484,0
-0.86409497,0.069883525,1.4146888,-0.27615952,0.37685108,0.88414884,0
2.3417621,0.53251547,-1.0623748,0.27615952,-0.37685108,-0.88414884,0
-2.0116596,1.0074869,-0.026384115,-0.23968768,0.86385334,-0.44306576,0
2.1320012,2.3362608,1.3541398,0.93074477,0.33427641,0.14823484,0
-2.5675142,-0.5244351,1.3254449,-0.27615952,0.37685108,0.88414884,0
1.7222662,0.95130348,2.0049257,-0.27615952,0.37685108,0.88414884,0
2.9219966,-0.34725749,0.82123721,0.23968768,-0.86385334,0.44306576,0
-0.55512631,-0.60731745,1.871376,-0.27615952,0.37685108,0.88414884,0
0.015798688,0.76627731,-1.6409702,-0.23968768,0.86385334,-0.44306576,0
-2.3436131,0.16651058,-2.0015404,-0.23968768,0.86385334,-0.44306576,0
0.7541303,-1.8318113,-0.2757524,0.23968768,-0.86385334,0.44306576,0
-1.7606874,-1.7630974,-1.348659,0.27615952,-0.37685108,-0.88414884,0
-1.7623451,-1.3422153,1.8676903,-0.27615952,0.37685108,0.88414884,0
-2.6022534,-1.2897073,0.085607529,-0.93074477,-0.33427641,-0.14823484,0
1.3755965,-0.70112693,1.5547965,0.23968768,-0.86385334,0.44306576,0
2.9965947,0.50728416,1.1009073,0.93074477,0.33427641,0.14823484,0
-3.4273109,0.30249169,0.1085732,-0.93074477,-0.33427641,-0.14823484,0
2.2719138,2.5236523,0.34740829,0.93074477,0.33427641,0.14823484,0
2.818495,1.4290844,-0.80801153,0.93074477,0.33427641,0.14823484,0
1.5805403,-1.3329316,-0.53501391,0.27615952,-0.37685108,-0.88414884,0
1.1901945,1.5807493,-0.73271382,-0.23968768,0.86385334,-0.44306576,0
-2.7915616,-0.51108384,-2.2207184,-0.93074477,-0.33427641,-0.14823484,0
-2.99967,-1.3460077,0.86505508,-0.93074477,-0.33427641,-0.14823484,0
2.0558953,2.3662605,0.30769277,-0.23968768,0.86385334,-0.44306576,0
-2.4936559,0.26725411,-1.418644,-0.23968768,0.86385334,-0.44306576,0
-2.8212423,-0.012127161,-2.1129093,-0.23968768,0.86385334,-0.44306576,0
3.0597045,0.5847497,0.95800185,0.93074477,0.33427641,0.14823484,0
-2.0253789,-0.24041438,-2.3867569,0.27615952,-0.37685108,-0.88414884,0
3.0120976,0.37556791,0.73244715,0.93074477,0.33427641,0.14823484,0
-1.6476601,1.1453838,-0.36259064,-0.23968768,0.86385334,-0.44306576,0
-0.77250087,-2.0956244,0.1660192,0.23968768,-0.86385334,0.44306576,0
1.3471007,-0.59778166,-0.85181421,0.27615952,-0.37685108,-0.88414884,0
2.8774486,0.61964583,1.9932086,0.93074477,0.33427641,0.14823484,0
2.9778571,0.18371034,1.8221003,0.93074477,0.33427641,0.14823484,0
-2.475693,-1.6419863,1.4435334,0.23968768,-0.86385334,0.44306576,0
-0.042498827,-1.7712804,0.20528543,0.23968768,-0.86385334,0.44306576,0
2.5626976,0.50742126,2.2086902,0.93074477,0.33427641,0.14823484,0
2.6110449,2.2717931,-0.10778904,0.93074477,0.33427641,0.14823484,0
-2.1612446,-2.3814039,-1.3596828,-0.93074477,-0.33427641,-0.14823484,0
-0.0016659498,-0.914428,1.572767,0.23968768,-0.86385334,0.44306576,0
2.9262247,1.0724113,-0.72079468,0.93074477,0.33427641,0.14823484,0
0.18853033,1.3491056,-0.86585677,-0.23968768,0.86385334,-0.44306576,0
1.1154827,-0.91864914,-1.152409,0.27615952,-0.37685108,-0.88414884,0
0.91029912,0.78725243,1.7883033,-0.27615952,0.37685108,0.88414884,0
1.3325388,0.12882137,-1.2026745,0.27615952,-0.37685108,-0.88414884,0
2.5354931,1.6883619,1.7266541,0.93074477,0.33427641,0.14823484,0
-0.56960714,0.88103735,1.3485882,-0.27615952,0.37685108,0.88414884,0
1.8263425,0.49768576,-1.5188611,0.27615952,-0.37685108,-0.88414884,0
-3.4321005,0.52016991,-0.31944966,-0.93074477,-0.33427641,-0.14823484,0
-3.3215346,-0.37511989,0.8105123,-0.27615952,0.37685108,0.88414884,0
2.9506986,1.2148385,-0.26619959,0.93074477,0.33427641,0.14823484,0
2.8383808,0.18660188,1.6296605,0.93074477,0.33427641,0.14823484,0
-1.769547,-2.2295716,-0.30274963,0.23968768,-0.86385334,0.44306576,0
3.3705063,-0.27246022,0.87704206,0.23968768,-0.86385334,0.44306576,0
2.9271681,-0.085267663,0.74952531,0.93074477,0.33427641,0.14823484,0
-2.4455638,-2.1059055,-0.496351,-0.93074477,-0.33427641,-0.14823484,0
-0.84571719,1.3601501,-0.71987689,-0.23968768,0.86385334,-0.44306576,0
2.8030639,0.89755678,1.9410554,0.93074477,0.33427641,0.14823484,0
2.893136,1.2010527,0.06303668,0.93074477,0.33427641,0.14823484,0
2.3734972,1.159425,2.0431693,-0.27615952,0.37685108,0.88414884,0
-2.4217315,-2.180059,0.24431396,0.23968768,-0.86385334,0.44306576,0
1.7676536,-0.066397905,2.284605,0.23968768,-0.86385334,0.44306576,0
2.7156899,0.78876245,1.0552576,0.93074477,0.33427641,0.14823484,0
3.1900625,0.17772284,-0.86768794,0.93074477,0.33427641,0.14823484,0
2.9970403,0.73764729,0.58301997,0.93074477,0.33427641,0.14823484,0
2.7349906,1.0201302,1.2651582,0.93074477,0.33427641,0.14823484,0
1.6074984,-0.45176733,1.5562283,0.23968768,-0.86385334,0.44306576,0
-3.3576295,-0.05495286,-0.15269256,-0.93074477,-0.33427641,-0.14823484,0
-0.11829853,0.61948526,-1.8945277,-0.23968768,0.86385334,-0.44306576,0
0.7927146,1.9715501,0.45115626,-0.23968768,0.86385334,-0.44306576,0
1.1958895,-1.7991083,-0.44398326,0.23968768,-0.86385334,0.44306576,0
2.3417904,-0.010504961,2.0365825,0.23968768,-0.86385334,0.44306576,0
2.6615443,0.68300462,1.156817,0.93074477,0.33427641,0.14823484,0
-2.2533236,-0.28289258,0.99603522,-0.27615952,0.37685108,0.88414884,0
3.415694,-0.19811462,-0.43611026,0.93074477,0.33427641,0.14823484,0
3.2438421,0.20872247,0.66530323,0.93074477,0.33427641,0.14823484,0
-1.6467956,-2.440438,-1.2484133,0.27615952,-0.37685108,-0.88414884,0
-1.862689,-2.70821,-1.165267,0.27615952,-0.37685108,-0.88414884,0
-2.4230466,-1.8317337,-0.82015109,-0.93074477,-0.33427641,-0.14823484,0
-3.0155454,-0.35029256,-1.6127706,-0.93074477,-0.33427641,-0.14823484,0
2.5110888,1.5351148,1.0363603,0.93074477,0.33427641,0.14823484,0
3.0198524,0.13825071,0.38533282,0.93074477,0.33427641,0.14823484,0
2.440057,2.5431659,0.28540826,0.93074477,0.33427641,0.14823484,0
-1.8756504,-1.6176486,0.9857769,0.23968768,-0.86385334,0.44306576,0
-0.12138975,-2.1964338,-0.47841549,0.23968768,-0.86385334,0.44306576,0
3.5096774,-0.87410825,-0.15736604,0.23968768,-0.86385334,0.44306576,0
0.40253535,1.6048504,1.0315046,-0.27615952,0.37685108,0.88414884,0
-2.6820681,-1.0469985,0.099980831,-0.93074477,-0.33427641,-0.14823484,0
-1.9341466,-0.79872358,1.6559417,-0.27615952,0.37685108,0.88414884,0
-2.6769938,-1.2991097,0.51337218,-0.93074477,-0.33427641,-0.14823484,0
1.2137926,1.6187317,1.5814843,-0.27615952,0.37685108,0.88414884,0
2.9645736,-0.18470526,1.1712511,0.93074477,0.33427641,0.14823484,0
-2.5027087,-1.3332505,-0.65611172,-0.93074477,-0.33427641,-0.14823484,0
2.1649506,1.8200248,1.3115492,0.93074477,0.33427641,0.14823484,0
-2.802156,-0.74279881,-0.16206789,-0.93074477,-0.33427641,-0.14823484,0
-0.34319401,-0.87874931,1.4146153,0.23968768,-0.86385334,0.44306576,0
-0.61063713,0.85478526,1.2014356,-0.27615952,0.37685108,0.88414884,0
-0.73943412,0.6892122,1.3863422,-0.27615952,0.37685108,0.88414884,0
-2.6638658,-1.1368386,-0.83489299,-0.93074477,-0.33427641,-0.14823484,0
2.8161645,0.49604535,2.0338469,0.93074477,0.33427641,0.14823484,0
3.0124438,0.9426741,-0.75651741,0.93074477,0.33427641,0.14823484,0
-1.5267668,-1.7164602,0.94164395,0.23968768,-0.86385334,0.44306576,0
-3.2400887,0.2735745,0.52255273,-0.27615952,0.37685108,0.88414884,0
0.5104928,-0.82254946,1.2975718,0.23968768,-0.86385334,0.44306576,0
2.6882036,1.6237242,-0.81120992,0.93074477,0.33427641,0.14823484,0
3.3471036,-0.65627337,-0.343081,0.27615952,-0.37685108,-0.88414884,0
2.536272,-0.27538383,1.3306711,0.23968768,-0.86385334,0.44306576,0
-2.8055966,-1.0430754,1.3868496,-0.27615952,0.37685108,0.88414884,0
2.5567961,-0.11601746,1.4126648,0.23968768,-0.86385334,0.44306576,0
2.354003,0.84805226,2.0051084,-0.27615952,0.37685108,0.88414884,0
-3.2543576,0.26622891,0.47760057,-0.27615952,0.37685108,0.88414884,0
1.8663074,-0.44846189,1.7395878,0.23968768,-0.86385334,0.44306576,0
2.2673087,-1.1113811,-0.43259132,0.27615952,-0.37685108,-0.88414884,0
-1.6463814,0.47052518,0.94991601,-0.27615952,0.37685108,0.88414884,0
1.0200047,-1.4803017,-0.78151584,0.27615952,-0.37685108,-0.88414884,0
-2.2414742,-2.0283117,-1.1712213,-0.93074477,-0.33427641,-0.14823484,0
2.4332852,-0.36735621,-0.80855441,0.27615952,-0.37685108,-0.88414884,0
-2.5374522,-2.1748054,-0.67929554,-0.93074477,-0.33427641,-0.14823484,0
1.0653589,0.95831752,-1.6220765,0.27615952,-0.37685108,-0.88414884,0
-0.56844091,0.038483024,1.4748313,-0.27615952,0.37685108,0.88414884,0
2.4792058,1.5962698,0.57942867,0.93074477,0.33427641,0.14823484,0
1.1141899,-1.0799781,0.49743399,0.23968768,-0.86385334,0.44306576,0
-0.20830551,-2.3942204,-0.778023,0.23968768,-0.86385334,0.44306576,0
-3.0769999,0.051006228,0.57987761,-0.27615952,0.37685108,0.88414884,0
1.1565065,-0.95628363,-0.83692068,0.27615952,-0.37685108,-0.88414884,0
-2.3880627,-1.2164091,-1.7136977,-0.93074477,-0.33427641,-0.14823484,0
-1.6393044,0.66292143,0.97125459,-0.27615952,0.37685108,0.88414884,0
-0.90395629,-2.1773393,-0.17211914,0.23968768,-0.86385334,0.44306576,0
2.7021389,1.6819463,-0.57086706,0.93074477,0.33427641,0.14823484,0
0.97058702,1.4622507,-0.85454535,-0.23968768,0.86385334,-0.44306576,0
-2.8506637,-0.81949091,-0.83124542,-0.93074477,-0.33427641,-0.14823484,0
-2.3235216,-1.5454479,-1.6346092,0.27615952,-0.37685108,-0.88414884,0
-2.1442106,-1.8639109,1.3359201,0.23968768,-0.86385334,0.44306576,0
1.6542315,-1.0965744,0.11383092,0.23968768,-0.86385334,0.44306576,0
-2.7085423,0.19068146,-1.9886143,-0.23968768,0.86385334,-0.44306576,0
2.3212991,0.35152704,-1.3279884,0.27615952,-0.37685108,-0.88414884,0
1.4821267,-0.061461926,2.1474893,-0.27615952,0.37685108,0.88414884,0
-2.6223314,0.7072109,-0.55663192,-0.23968768,0.86385334,-0.44306576,0
2.7284753,0.9559536,1.1052082,0.93074477,0.33427641,0.14823484,0
2.7685878,1.0050666,0.73168468,0.93074477,0.33427641,0.14823484,0
-2.5607903,-0.16496179,1.1426032,-0.27615952,0.37685108,0.88414884,0
-1.4836084,-1.3210099,1.5774202,0.23968768,-0.86385334,0.44306576,0
-1.5207566,-2.0595279,0.086058855,0.23968768,-0.86385334,0.44306576,0
-2.3748543,-2.0744338,-1.4303892,-0.93074477,-0.33427641,-0.14823484,0
2.6251857,1.3082592,-0.17846417,0.93074477,0.33427641,0.14823484,0
0.65346944,1.1534107,-1.2063562,-0.23968768,0.86385334,-0.44306576,0
2.1611362,-0.12094951,1.9753377,0.23968768,-0.86385334,0.44306576,0
-2.5005741,-1.967886,-0.095072985,-0.93074477,-0.33427641,-0.14823484,0
1.5109036,1.5327299,-1.640283,-0.23968768,0.86385334,-0.44306576,0
1.622862,2.0350366,-0.62182283,-0.23968768,0.86385334,-0.44306576,0
0.41489267,2.3393881,0.84538615,-0.23968768,0.86385334,-0.44306576,0
-2.0521688,0.65158284,-0.72925228,-0.23968768,0.86385334,-0.44306576,0
2.5133777,1.1219027,1.8789378,-0.27615952,0.37685108,0.88414884,0
1.4807994,-1.1207867,-0.043839693,0.23968768,-0.86385334,0.44306576,0
0.15084875,2.0579982,0.74244261,-0.27615952,0.37685108,0.88414884,0
2.8639169,1.6215894,-0.33955979,0.93074477,0.33427641,0.14823484,0
-1.1507401,1.0376338,0.6992681,-0.27615952,0.37685108,0.88414884,0
1.3770678,-0.35655844,1.7791076,0.23968768,-0.86385334,0.44306576,0
-2.1341245,1.0827143,0.35579789,-0.27615952,0.37685108,0.88414884,0
1.5927534,2.8367736,0.91300511,-0.23968768,0.86385334,-0.44306576,0
2.6278462,2.0442419,0.068863153,0.93074477,0.33427641,0.14823484,0
-0.14160812,1.8447,0.26685852,-0.23968768,0.86385334,-0.44306576,0
-2.9548624,-0.30310261,-1.2186294,-0.93074477,-0.33427641,-0.14823484,0
0.054244936,-1.9451525,-0.40031374,0.23968768,-0.86385334,0.44306576,0
-0.56723642,-0.0025327206,1.6430713,-0.27615952,0.37685108,0.88414884,0
2.5864315,2.0083766,0.58414531,0.93074477,0.33427641,0.14823484,0
-2.9446287,-1.453867,0.84289646,-0.93074477,-0.33427641,-0.14823484,0
2.3800895,1.6574154,1.6648273,0.93074477,0.33427641,0.14823484,0
0.27219814,-0.65050125,-1.5240264,0.27615952,-0.37685108,-0.88414884,0
2.2407227,-0.20150107,-1.0279436,0.27615952,-0.37685108,-0.88414884,0
1.9755958,1.736266,-1.160594,-0.23968768,0.86385334,-0.44306576,0
2.2220521,2.1844373,1.3739843,-0.27615952,0.37685108,0.88414884,0
-1.4421592,-1.2550493,1.3090879,0.23968768,-0.86385334,0.44306576,0
3.0881124,1.4325027,-1.3365343,0.93074477,0.33427641,0.14823484,0
-2.7678041,-2.149035,0.71322918,-0.93074477,-0.33427641,-0.14823484,0
1.1326095,2.4049239,0.98330736,-0.27615952,0.37685108,0.88414884,0
1.8497598,2.4446654,0.74861193,-0.23968768,0.86385334,-0.44306576,0
1.728753,0.54101968,-1.4419414,0.27615952,-0.37685108,-0.88414884,0
1.915924,0.36701274,2.3304963,-0.27615952,0.37685108,0.88414884,0
2.8358324,0.98608983,-0.10104465,0.93074477,0.33427641,0.14823484,0
-2.5525184,-1.4006486,0.21347213,-0.93074477,-0.33427641,-0.14823484,0
-2.7230077,0.067727886,0.7244823,-0.27615952,0.37685108,0.88414884,0
-0.46478426,1.1841643,-0.41253451,-0.23968768,0.86385334,-0.44306576,0
-2.2581871,1.2505577,0.52597153,-0.27615952,0.37685108,0.88414884,0
2.7301109,-0.79277027,0.6421299,0.23968768,-0.86385334,0.44306576,0
-2.672173,0.034599066,-2.2809172,-0.23968768,0.86385334,-0.44306576,0
-1.1359611,-2.0709972,-1.2798111,0.27615952,-0.37685108,-0.88414884,0
2.3121495,2.5634785,0.51956129,0.93074477,0.33427641,0.14823484,0
1.4124658,-1.0499545,-0.63982362,0.27615952,-0.37685108,-0.88414884,0
2.9434347,1.5018392,-0.41743731,0.93074477,0.33427641,0.14823484,0
1.6452206,2.1521878,-0.26514411,-0.23968768,0.86385334,-0.44306576,0
-0.8784377,-0.055149317,1.5171872,-0.27615952,0.37685108,0.88414884,0
2.6296823,0.53255904,1.7243223,0.93074477,0.33427641,0.14823484,0
-1.6098611,1.6551726,0.36553636,-0.23968768,0.86385334,-0.44306576,0
-1.6780609,-0.5861702,-2.0560172,0.27615952,-0.37685108,-0.88414884,0
0.65832114,-0.97878563,1.2724855,0.23968768,-0.86385334,0.44306576,0
-1.428113,0.96312881,-0.33427364,-0.23968768,0.86385334,-0.44306576,0
1.0897771,2.4031858,0.99988914,-0.27615952,0.37685108,0.88414884,0
-0.28350019,-1.820424,-0.4086132,0.23968768,-0.86385334,0.44306576,0
1.5733352,1.4979509,1.7609919,-0.27615952,0.37685108,0.88414884,0
-2.18714,-1.5970412,-1.5744703,-0.93074477,-0.33427641,-0.14823484,0
-0.9195118,-1.6803303,0.59247255,0.23968768,-0.86385334,0.44306576,0
2.628916,1.9283659,-0.60362911,-0.23968768,0.86385334,-0.44306576,0
-3.2733412,-0.28302401,-0.37404132,-0.93074477,-0.33427641,-0.14823484,0
0.97299004,-1.5540942,-0.80844331,0.27615952,-0.37685108,-0.88414884,0
-2.064698,-2.0992517,0.69181395,0.23968768,-0.86385334,0.44306576,0
-0.29378301,-1.9156058,-0.18142772,0.23968768,-0.86385334,0.44306576,0
0.0050176382,1.4635837,-0.5477708,-0.23968768,0.86385334,-0.44306576,0
-1.5302129,1.1221435,0.69259185,-0.27615952,0.37685108,0.88414884,0
-3.0814457,-0.43705761,0.7889955,-0.93074477,-0.33427641,-0.14823484,0
-2.9727333,-0.73672801,0.6418252,-0.93074477,-0.33427641,-0.14823484,0
0.656057,-1.476635,-0.059139729,0.23968768,-0.86385334,0.44306576,0
-1.1910952,0.46194661,-1.4965073,-0.23968768,0.86385334,-0.44306576,0
0.94792902,-1.0453776,1.1368561,0.23968768,-0.86385334,0.44306576,0
1.8539622,-1.1961458,-0.38587552,0.27615952,-0.37685108,-0.88414884,0
-1.5564272,0.095363736,1.378814,-0.27615952,0.37685108,0.88414884,0
-2.4584765,-1.2780613,-0.68031526,-0.93074477,-0.33427641,-0.14823484,0
2.7161331,1.2113389,-0.70670652,0.93074477,0.33427641,0.14823484,0
-0.062932551,-1.5996693,-0.0074770451,0.23968768,-0.86385334,0.44306576,0
-0.8205657,-2.2791035,-0.87752628,0.27615952,-0.37685108,-0.88414884,0
1.6291534,-0.38636267,1.3998373,0.23968768,-0.86385334,0.44306576,0
-1.3184998,-1.6232941,0.97858858,0.23968768,-0.86385334,0.44306576,0
-1.8372583,-0.68003953,-1.8455456,0.27615952,-0.37685108,-0.88414884,0
1.2562768,-0.73392487,1.1283689,0.23968768,-0.86385334,0.44306576,0
0.34641409,-1.1545399,1.3548899,0.23968768,-0.86385334,0.44306576,0
-2.0882127,-1.0391994,-1.9536004,0.27615952,-0.37685108,-0.88414884,0
2.1160867,-0.52693474,-0.960024,0.27615952,-0.37685108,-0.88414884,0
2.6338377,0.7475152,1.6674396,0.93074477,0.33427641,0.14823484,0
1.859136,-0.98136127,0.59741706,0.23968768,-0.86385334,0.44306576,0
-0.12485294,-1.8472023,-0.79545903,0.27615952,-0.37685108,-0.88414884,0
2.6874223,1.2017679,1.4181523,0.93074477,0.33427641,0.14823484,0
-1.48941,-1.7118897,0.86175823,0.23968768,-0.86385334,0.44306576,0
-1.2707677,-0.24554098,-2.0028491,0.27615952,-0.37685108,-0.88414884,0
2.8902569,0.38726699,1.4537456,0.93074477,0.33427641,0.14823484,0
1.7575258,-0.33715338,-1.1289289,0.27615952,-0.37685108,-0.88414884,0
-0.88802624,0.49196851,-1.7130847,-0.23968768,0.86385334,-0.44306576,0
-3.2653396,0.14776263,0.12271261,-0.93074477,-0.33427641,-0.14823484,0
-0.28712499,-0.20524061,1.7971703,-0.27615952,0.37685108,0.88414884,0
-2.1314082,0.39059705,0.67459142,-0.27615952,0.37685108,0.88414884,0
-1.6054492,-1.5256653,1.1739712,0.23968768,-0.86385334,0.44306576,0
-2.637357,-0.31313968,-1.6987398,-0.93074477,-0.33427641,-0.14823484,0
3.1332784,-0.28990227,0.18476415,0.93074477,0.33427641,0.14823484,0
-0.477305,-0.93191445,-1.6174279,0.27615952,-0.37685108,-0.88414884,0
-1.8814025,1.0977672,0.75526643,-0.27615952,0.37685108,0.88414884,0
-0.68420362,-1.0793738,1.265146,0.23968768,-0.86385334,0.44306576,0
3.0597045,-0.13122109,-0.48864579,0.27615952,-0.37685108,-0.88414884,0
-1.6768692,-0.73877907,-1.9104106,0.27615952,-0.37685108,-0.88414884,0
-2.6502209,-0.29733205,-2.1758099,-0.93074477,-0.33427641,-0.14823484,0
3.0642796,1.0621775,-0.19412279,0.93074477,0.33427641,0.14823484,0
-1.8583935,-1.7990719,0.92012835,0.23968768,-0.86385334,0.44306576,0
-2.7242856,0.96942472,-0.11003959,-0.23968768,0.86385334,-0.44306576,0
1.7872548,1.660858,1.760088,-0.27615952,0.37685108,0.88414884,0
-0.67009819,-2.0115302,0.13611114,0.23968768,-0.86385334,0.44306576,0
3.0409732,-0.15342307,0.51899481,0.93074477,0.33427641,0.14823484,0
0.56972039,-1.7626854,-0.76450086,0.27615952,-0.37685108,-0.88414884,0
3.3974833,-0.30776107,0.021340609,0.93074477,0.33427641,0.14823484,0
-2.380012,0.96703362,-0.53310931,-0.23968768,0.86385334,-0.44306576,0
3.1214294,0.41203201,-0.4557271,0.93074477,0.33427641,0.14823484,0
-0.034148693,1.3550653,-0.47879696,-0.23968768,0.86385334,-0.44306576,0
0.3524617,0.20079505,-1.6337659,0.27615952,-0.37685108,-0.88414884,0
-1.6845577,-0.019581795,-2.3112001,0.27615952,-0.37685108,-0.88414884,0
2.4433799,1.5875496,1.027854,0.93074477,0.33427641,0.14823484,0
1.6167531,1.524201,-1.0812254,-0.23968768,0.86385334,-0.44306576,0
3.2979903,-0.76930702,0.073685646,0.93074477,0.33427641,0.14823484,0
1.2440178,1.6349986,-0.72843552,-0.23968768,0.86385334,-0.44306576,0
-1.5241455,0.16580009,-2.1658368,0.27615952,-0.37685108,-0.88414884,0
-2.7955637,-1.5224431,-0.42953324,-0.93074477,-0.33427641,-0.14823484,0
-2.9709828,-0.14891934,-1.932196,-0.93074477,-0.33427641,-0.14823484,0
-1.0874634,0.0020778179,-1.8924618,0.27615952,-0.37685108,-0.88414884,0
-2.5902679,1.3377097,0.40345502,-0.27615952,0.37685108,0.88414884,0
0.21350113,1.3682616,1.2933195,-0.27615952,0.37685108,0.88414884,0
-0.7305429,-1.7426201,0.06929636,0.23968768,-0.86385334,0.44306576,0
0.86587179,2.1668324,0.13136148,-0.23968768,0.86385334,-0.44306576,0
-2.5765374,-1.8196095,-1.2285209,-0.93074477,-0.33427641,-0.14823484,0
2.1824143,1.9556667,1.4398911,-0.27615952,0.37685108,0.88414884,0
-3.5931716,0.56242692,0.39786601,-0.93074477,-0.33427641,-0.14823484,0
1.9311489,1.9766215,-0.54473472,-0.23968768,0.86385334,-0.44306576,0
-2.6944783,-1.1498023,-0.25173497,-0.93074477,-0.33427641,-0.14823484,0
-3.076967,0.9613086,-0.092274427,-0.23968768,0.86385334,-0.44306576,0
2.6227779,0.64612436,1.1707864,0.93074477,0.33427641,0.14823484,0
3.4254334,-0.87458658,0.17966914,0.23968768,-0.86385334,0.44306576,0
1.7861319,2.1179314,-0.025642395,-0.23968768,0.86385334,-0.44306576,0
1.980999,-1.2849869,-0.33838022,0.27615952,-0.37685108,-0.88414884,0
2.77739,1.8091394,-1.5871587,0.93074477,0.33427641,0.14823484,0
-2.595139,-0.83797312,-0.90444231,-0.93074477,-0.33427641,-0.14823484,0
2.8962789,0.56231344,-0.53380656,0.93074477,0.33427641,0.14823484,0
-3.4072821,0.47133243,-0.71430206,-0.93074477,-0.33427641,-0.14823484,0
2.4777217,1.5991187,0.70850325,0.93074477,0.33427641,0.14823484,0
-1.3157793,0.18479443,1.3578181,-0.27615952,0.37685108,0.88414884,0
2.7259068,0.93836129,-0.13153744,0.93074477,0.33427641,0.14823484,0
3.0727015,-0.38724887,0.82633638,0.93074477,0.33427641,0.14823484,0
-1.6649256,-2.7957265,-0.7328341,0.23968768,-0.86385334,0.44306576,0
-3.1745801,0.77298445,-0.17055249,-0.23968768,0.86385334,-0.44306576,0
-1.7867099,-1.6964431,1.2802911,0.23968768,-0.86385334,0.44306576,0
1.6712538,0.28155708,2.3111463,-0.27615952,0.37685108,0.88414884,0
2.3290772,2.4387999,1.1073489,0.93074477,0.33427641,0.14823484,0
0.57720482,2.4222405,0.64142835,-0.23968768,0.86385334,-0.44306576,0
3.0212612,0.099602014,-0.23419881,0.93074477,0.33427641,0.14823484,0
-3.3364456,-0.2099092,0.057509661,-0.93074477,-0.33427641,-0.14823484,0
-2.9783216,-1.1557101,0.45946288,-0.93074477,-0.33427641,-0.14823484,0
-1.9011499,-1.0618345,-1.7511979,0.27615952,-0.37685108,-0.88414884,0
-2.3056555,-2.1059065,-0.20422173,-0.93074477,-0.33427641,-0.14823484,0
2.4636853,0.8485949,1.5508434,0.93074477,0.33427641,0.14823484,0
3.0310509,1.0309809,-0.4908123,0.93074477,0.33427641,0.14823484,0
2.6514142,0.8212589,1.791778,0.93074477,0.33427641,0.14823484,0
-2.7530088,0.80156952,-0.24696672,-0.23968768,0.86385334,-0.44306576,0
0.55346143,-0.68053442,1.6393329,0.23968768,-0.86385334,0.44306576,0
-2.0859218,-2.5767422,-1.2036586,-0.93074477,-0.33427641,-0.14823484,0
2.9395041,0.56459653,1.6942935,0.93074477,0.33427641,0.14823484,0
-0.8179788,-0.63694453,-1.7799137,0.27615952,-0.37685108,-0.88414884,0
-2.6188107,-1.6766115,1.0823622,-0.93074477,-0.33427641,-0.14823484,0
-2.8983855,0.7451306,-0.64758754,-0.23968768,0.86385334,-0.44306576,0
-0.50611967,0.47798157,1.5411351,-0.27615952,0.37685108,0.88414884,0
-0.71567923,-0.6019094,-1.4382738,0.27615952,-0.37685108,-0.88414884,0
2.3080816,0.35982156,2.3703411,-0.27615952,0.37685108,0.88414884,0
0.86409712,1.0164971,-1.8417075,-0.23968768,0.86385334,-0.44306576,0
3.1918783,-0.33700264,1.0143011,0.93074477,0.33427641,0.14823484,0
2.7220078,-0.22907674,1.5707601,0.23968768,-0.86385334,0.44306576,0
2.8484564,1.4512415,-0.45733547,0.93074477,0.33427641,0.14823484,0
1.4254664,0.84298736,-1.4957514,0.27615952,-0.37685108,-0.88414884,0
2.3213465,1.7333218,1.8994722,-0.27615952,0.37685108,0.88414884,0
3.1077528,0.54747528,-0.30181003,0.93074477,0.33427641,0.14823484,0
1.4491682,1.9267757,1.5050145,-0.27615952,0.37685108,0.88414884,0
-1.7410777,0.33234823,1.0128506,-0.27615952,0.37685108,0.88414884,0
2.282665,1.7398019,1.4364064,0.93074477,0.33427641,0.14823484,0
2.6671333,-0.3235907,-0.79133534,0.27615952,-0.37685108,-0.88414884,0
-1.5759256,-1.0758185,1.8731626,-0.27615952,0.37685108,0.88414884,0
3.2888823,0.62084174,-0.59709311,0.93074477,0.33427641,0.14823484,0
0.60993063,-1.1143415,0.94977194,0.23968768,-0.86385334,0.44306576,0
0.64150077,0.49340725,1.4942508,-0.27615952,0.37685108,0.88414884,0
-2.8882277,-0.93949962,-0.66828632,-0.93074477,-0.33427641,-0.14823484,0
-0.52522951,-0.90386856,-1.4973998,0.27615952,-0.37685108,-0.88414884,0
2.8092947,-0.39904562,-0.76936364,0.27615952,-0.37685108,-0.88414884,0
-2.1368518,1.0664595,0.65581858,-0.27615952,0.37685108,0.88414884,0
-2.2554584,-0.066248894,-1.9839052,-0.23968768,0.86385334,-0.44306576,0
-2.5929537,-1.3868487,-0.33230901,-0.93074477,-0.33427641,-0.14823484,0
-3.2468531,0.27917114,0.0099050999,-0.93074477,-0.33427641,-0.14823484,0
-2.5927665,-0.68147278,-1.9529932,-0.93074477,-0.33427641,-0.14823484,0
0.098814964,1.669642,-0.57690334,-0.23968768,0.86385334,-0.44306576,0
1.1353937,0.69747138,1.7721752,-0.27615952,0.37685108,0.88414884,0
0.5466854,1.9958926,0.80085731,-0.27615952,0.37685108,0.88414884,0
-2.4411724,-1.9329319,-0.7804749,-0.93074477,-0.33427641,-0.14823484,0
-1.691723,0.032534599,-2.3936396,0.27615952,-0.37685108,-0.88414884,0
2.3644736,1.2817135,1.217844,0.93074477,0.33427641,0.14823484,0
-0.29924735,-1.4946611,-0.94087738,0.27615952,-0.37685108,-0.88414884,0
-2.8921351,-0.022782683,-1.5365868,-0.93074477,-0.33427641,-0.14823484,0
-2.2301962,-1.5086819,-1.7721704,-0.93074477,-0.33427641,-0.14823484,0
2.171361,0.97134638,-1.499295,0.27615952,-0.37685108,-0.88414884,0
-0.81307429,-1.7093046,-1.1342591,0.27615952,-0.37685108,-0.88414884,0
2.6898265,-0.21661103,1.7726294,0.23968768,-0.86385334,0.44306576,0
-2.2928977,-2.3891261,-1.1214907,-0.93074477,-0.33427641,-0.14823484,0
3.1182895,0.5710572,-0.36666822,0.93074477,0.33427641,0.14823484,0
-1.200758,0.83281195,-0.73383605,-0.23968768,0.86385334,-0.44306576,0
-1.5032237,-1.5927582,1.5441976,0.23968768,-0.86385334,0.44306576,0
2.6278288,-0.92941415,0.022959113,0.23968768,-0.86385334,0.44306576,0
2.2477574,2.7940581,0.96481824,0.93074477,0.33427641,0.14823484,0
-1.3228564,1.5820585,0.41560122,-0.23968768,0.86385334,-0.44306576,0
0.89700294,1.4712561,-0.97518742,-0.23968768,0.86385334,-0.44306576,0
-1.595768,-1.2098305,-1.6793631,0.27615952,-0.37685108,-0.88414884,0
1.6657591,2.17923,0.36249018,-0.23968768,0.86385334,-0.44306576,0
1.6491618,0.92672443,1.6257712,-0.27615952,0.37685108,0.88414884,0
-3.0134645,-0.82348979,-0.76766562,-0.93074477,-0.33427641,-0.14823484,0
1.5598015,-1.0391595,-0.85785747,0.27615952,-0.37685108,-0.88414884,0
-2.2362647,-2.3005772,-1.2687855,-0.93074477,-0.33427641,-0.14823484,0
-2.4577637,-2.0578823,-0.18114901,-0.93074477,-0.33427641,-0.14823484,0
-2.0372572,-2.409169,-0.99987578,-0.93074477,-0.33427641,-0.14823484,0
-0.54882967,1.7388265,0.43486348,-0.23968768,0.86385334,-0.44306576,0
2.1100278,-0.039096594,2.4631248,-0.27615952,0.37685108,0.88414884,0
1.8708941,0.5111286,-1.226716,0.27615952,-0.37685108,-0.88414884,0
1.1772556,2.3054059,1.1096165,-0.27615952,0.37685108,0.88414884,0
2.1221399,2.3701634,1.0692444,0.93074477,0.33427641,0.14823484,0
-2.9293129,-0.17701823,-0.41374254,-0.93074477,-0.33427641,-0.14823484,0
1.6912248,1.413438,1.6043162,-0.27615952,0.37685108,0.88414884,0
2.1958518,1.3267596,-1.497376,0.27615952,-0.37685108,-0.88414884,0
2.759835,0.39986038,2.093225,0.93074477,0.33427641,0.14823484,0
-2.9002137,-1.1773105,0.28772259,-0.93074477,-0.33427641,-0.14823484,0
2.1374876,2.3092897,1.0477753,0.93074477,0.33427641,0.14823484,0
-2.8683619,-0.38679767,-1.8028181,-0.93074477,-0.33427641,-0.14823484,0
-1.7713689,1.475803,0.70213842,-0.27615952,0.37685108,0.88414884,0
-3.0147405,-0.30712712,-1.5176485,-0.93074477,-0.33427641,-0.14823484,0
-0.75170231,1.7860568,0.52143323,-0.23968768,0.86385334,-0.44306576,0
-0.70878828,1.1077144,1.1240884,-0.27615952,0.37685108,0.88414884,0
-2.9537899,-0.99980962,-0.48025417,-0.93074477,-0.33427641,-0.14823484,0
-2.6171243,-0.84923327,1.1980684,-0.27615952,0.37685108,0.88414884,0
-1.787348,-2.6679451,-1.2133782,0.27615952,-0.37685108,-0.88414884,0
-0.73542196,1.5726955,0.8741793,-0.27615952,0.37685108,0.88414884,0
-2.9878938,-1.0656074,1.3558836,-0.27615952,0.37685108,0.88414884,0
-2.4847236,-1.2574904,-1.4087186,-0.93074477,-0.33427641,-0.14823484,0
3.5340903,-0.86787522,-0.007860899,0.93074477,0.33427641,0.14823484,0
0.32088876,-0.166278,1.9731493,-0.27615952,0.37685108,0.88414884,0
-2.2260675,0.53408724,-0.95490789,-0.23968768,0.86385334,-0.44306576,0
0.89114356,1.5019827,-1.0056882,-0.23968768,0.86385334,-0.44306576,0
-0.55733955,0.5853672,-2.091258,-0.23968768,0.86385334,-0.44306576,0
3.091095,1.0007019,-1.3109572,0.27615952,-0.37685108,-0.88414884,0
1.5469639,2.5203764,0.86590481,-0.23968768,0.86385334,-0.44306576,0
1.1327505,-0.42100036,1.6974719,0.23968768,-0.86385334,0.44306576,0
1.7797632,-1.3327403,-0.60801977,0.27615952,-0.37685108,-0.88414884,0
-1.3755308,-1.5041467,-1.2930981,0.27615952,-0.37685108,-0.88414884,0
1.337628,0.70573652,1.7701955,-0.27615952,0.37685108,0.88414884,0
2.937135,0.28467095,0.040819645,0.93074477,0.33427641,0.14823484,0
-1.9790924,1.2777511,-0.01942718,-0.23968768,0.86385334,-0.44306576,0
0.5413785,1.9604505,0.19781482,-0.23968768,0.86385334,-0.44306576,0
3.3253579,-0.20712817,0.57363987,0.93074477,0.33427641,0.14823484,0
-2.1118019,-0.40627328,1.2260561,-0.27615952,0.37685108,0.88414884,0
-2.69104,-0.81359947,1.3633683,-0.27615952,0.37685108,0.88414884,0
-1.9980223,-2.4434977,-1.0863092,-0.93074477,-0.33427641,-0.14823484,0
-1.5023217,-0.80405796,-1.6104751,0.27615952,-0.37685108,-0.88414884,0
-0.79879308,1.141763,0.90609157,-0.27615952,0.37685108,0.88414884,0
-2.4091444,-1.3728527,-1.7345135,0.27615952,-0.37685108,-0.88414884,0
-2.3723013,-1.2357125,-1.3090827,-0.93074477,-0.33427641,-0.14823484,0
-2.3308611,0.3166815,-1.1358118,-0.23968768,0.86385334,-0.44306576,0
3.2329714,-0.32285416,0.85699344,0.93074477,0.33427641,0.14823484,0
-3.0374846,0.15096068,-0.39022827,-0.93074477,-0.33427641,-0.14823484,0
-0.4636789,-0.26380455,1.473955,-0.27615952,0.37685108,0.88414884,0
-1.1315073,-1.7107941,-1.5063684,0.27615952,-0.37685108,-0.88414884,0
-0.92040014,-0.85273153,1.9120924,-0.27615952,0.37685108,0.88414884,0
-1.1041229,1.5244707,0.12804341,-0.23968768,0.86385334,-0.44306576,0
-1.7050458,0.21006727,-1.9869611,-0.23968768,0.86385334,-0.44306576,0
-2.0626175,-0.69181681,-2.0220718,0.27615952,-0.37685108,-0.88414884,0
-3.0824845,-0.49983627,-0.36189771,-0.93074477,-0.33427641,-0.14823484,0
-0.186674,-1.6336538,0.1250695,0.23968768,-0.86385334,0.44306576,0
1.5268443,0.49489284,-1.3309783,0.27615952,-0.37685108,-0.88414884,0
-1.9466509,-1.559744,-1.7929641,0.27615952,-0.37685108,-0.88414884,0
-2.3469596,-2.1932211,-1.1429937,-0.93074477,-0.33427641,-0.14823484,0
2.6375976,-0.34468138,1.5650053,0.23968768,-0.86385334,0.44306576,0
-2.1093166,1.1298947,-0.35356247,-0.23968768,0.86385334,-0.44306576,0
0.84564602,-0.6753875,1.9071935,0.23968768,-0.86385334,0.44306576,0
-2.9895577,-1.2254949,0.33907771,-0.93074477,-0.33427641,-0.14823484,0
-1.7110747,1.2690649,0.16370404,-0.23968768,0.86385334,-0.44306576,0
1.3119248,0.40267771,-1.6584866,0.27615952,-0.37685108,-0.88414884,0
-2.6558077,-2.2725048,0.55679321,0.23968768,-0.86385334,0.44306576,0
-1.7354841,-0.79092765,-2.0567198,0.27615952,-0.37685108,-0.88414884,0
-3.1389494,0.62452197,-0.044319153,-0.23968768,0.86385334,-0.44306576,0
-2.5863926,-2.1334119,0.41062284,-0.93074477,-0.33427641,-0.14823484,0
-3.6326554,0.62051034,-0.058996439,-0.93074477,-0.33427641,-0.14823484,0
2.8157041,1.2533618,0.2957716,0.93074477,0.33427641,0.14823484,0
-2.6834507,-1.9034933,0.15535617,-0.93074477,-0.33427641,-0.14823484,0
0.0025467873,-1.9578369,-0.029384613,0.23968768,-0.86385334,0.44306576,0
2.988342,-0.81799978,-0.12202859,0.23968768,-0.86385334,0.44306576,0
-1.281898,-0.70875609,1.5281161,-0.27615952,0.37685108,0.88414884,0
-0.11438739,0.078235984,-1.9546263,0.27615952,-0.37685108,-0.88414884,0
-0.31111991,2.0689778,0.48554677,-0.23968768,0.86385334,-0.44306576,0
-0.81138158,-1.377491,-1.3281491,0.27615952,-0.37685108,-0.88414884,0
2.5278323,1.75632,-1.1292307,-0.23968768,0.86385334,-0.44306576,0
-3.1238136,-0.10219777,-1.0730791,-0.93074477,-0.33427641,-0.14823484,0
-2.8541594,0.3927176,-0.71661973,-0.23968768,0.86385334,-0.44306576,0
-3.3095427,-0.11965957,0.56594896,-0.93074477,-0.33427641,-0.14823484,0
1.8550797,-0.74206108,0.53131151,0.23968768,-0.86385334,0.44306576,0
-2.9786782,-0.33104053,0.79761243,-0.27615952,0.37685108,0.88414884,0
2.9000032,0.73575962,0.70344138,0.93074477,0.33427641,0.14823484,0
2.1828747,2.1593885,1.0580885,0.93074477,0.33427641,0.14823484,0
2.305445,2.2332528,-0.016336679,-0.23968768,0.86385334,-0.44306576,0
2.6894202,0.46771812,1.8103338,0.93074477,0.33427641,0.14823484,0
1.3988096,0.22390556,2.2336748,-0.27615952,0.37685108,0.88414884,0
1.9775,-0.45495069,1.141027,0.23968768,-0.86385334,0.44306576,0
2.4010251,0.26993397,-1.1917703,0.27615952,-0.37685108,-0.88414884,0
-1.6054475,0.34725356,-2.0720081,-0.23968768,0.86385334,-0.44306576,0
2.8964107,-0.73666286,0.37177396,0.23968768,-0.86385334,0.44306576,0
-2.9797137,0.52817279,0.57813144,-0.27615952,0.37685108,0.88414884,0
-2.7486463,-0.3026036,-1.0599978,-0.93074477,-0.33427641,-0.14823484,0
-0.75588083,1.9554962,0.63231087,-0.27615952,0.37685108,0.88414884,0
-0.8022126,-1.4589005,-1.1098483,0.27615952,-0.37685108,-0.88414884,0
-1.7575567,-0.50402278,1.2084323,-0.27615952,0.37685108,0.88414884,0
-1.7978287,0.57938433,-1.2943144,-0.23968768,0.86385334,-0.44306576,0
-0.35299861,-1.5135096,0.82888341,0.23968768,-0.86385334,0.44306576,0
2.3202188,-0.30449378,1.3078035,0.23968768,-0.86385334,0.44306576,0
1.037569,0.53524256,-1.6678531,0.27615952,-0.37685108,-0.88414884,0
-1.9719279,-2.5373006,-1.2403352,-0.93074477,-0.33427641,-0.14823484,0
-0.65773594,1.9436411,0.65917492,-0.27615952,0.37685108,0.88414884,0
-1.4590455,-1.4514865,1.2272997,0.23968768,-0.86385334,0.44306576,0
-3.4158969,-0.0042271614,0.57135916,-0.93074477,-0.33427641,-0.14823484,0
-2.5206282,-0.24723619,0.85827923,-0.27615952,0.37685108,0.88414884,0
1.925992,1.5639338,1.5727429,-0.27615952,0.37685108,0.88414884,0
-0.11760294,-0.91546595,1.744138,0.23968768,-0.86385334,0.44306576,0
2.2844524,2.56495,0.57049322,0.93074477,0.33427641,0.14823484,0
-0.49804616,-1.2686728,1.5766584,0.23968768,-0.86385334,0.44306576,0
-1.493205,1.0403841,-0.47875223,-0.23968768,0.86385334,-0.44306576,0
1.0830243,1.8560119,1.0522474,-0.27615952,0.37685108,0.88414884,0
-0.78635263,1.2775974,1.0226688,-0.27615952,0.37685108,0.88414884,0
-1.9977438,0.65484512,-0.87476331,-0.23968768,0.86385334,-0.44306576,0
2.4877784,1.6138035,-1.4677982,-0.23968768,0.86385334,-0.44306576,0
3.2786913,0.053399622,-0.21741104,0.93074477,0.33427641,0.14823484,0
-0.38671827,0.66689348,-1.8863144,-0.23968768,0.86385334,-0.44306576,0
-3.0952492,-0.52420986,0.20967221,-0.93074477,-0.33427641,-0.14823484,0
2.0449054,1.9076401,-1.0655308,-0.23968768,0.86385334,-0.44306576,0
1.475163,-1.1840351,-0.73649824,0.27615952,-0.37685108,-0.88414884,0
2.3517716,0.9114219,-1.2293811,0.27615952,-0.37685108,-0.88414884,0
-0.21431291,0.63719511,-2.0138984,0.27615952,-0.37685108,-0.88414884,0
3.3867912,0.13563697,-0.84762478,0.27615952,-0.37685108,-0.88414884,0
2.8071952,1.0912247,0.51875424,0.93074477,0.33427641,0.14823484,0
1.6130111,0.946051,-1.5888789,0.27615952,-0.37685108,-0.88414884,0
3.0271873,-0.32473183,0.97578454,0.23968768,-0.86385334,0.44306576,0
-1.0895624,-2.3942981,-0.86904764,0.23968768,-0.86385334,0.44306576,0
-1.8269117,-2.6203873,-1.194417,0.27615952,-0.37685108,-0.88414884,0
-0.56000173,-1.6860704,0.5812279,0.23968768,-0.86385334,0.44306576,0
0.16587913,0.51434505,-1.649647,0.27615952,-0.37685108,-0.88414884,0
2.3959095,1.8139837,-0.24355459,0.93074477,0.33427641,0.14823484,0
3.0858898,1.0457785,-0.83082914,0.93074477,0.33427641,0.14823484,0
2.4922376,-0.001419574,-0.9751215,0.27615952,-0.37685108,-0.88414884,0
