-0.97534001,1.1265346,-0.87610221,0.0100604,0.56736529,-0.82340467,0
-1.8748517,-1.6894083,0.82760024,-0.98907506,-0.11546291,-0.091644064,0
-0.064091206,-1.2397137,-2.3921502,0.14706838,-0.8153311,-0.56000543,0
0.39329731,3.057601,0.064046144,0.0100604,0.56736529,-0.82340467,0
-1.3520925,-1.0303462,-2.5716903,0.0100604,0.56736529,-0.82340467,0
0.38230252,-2.4881759,0.27731907,-0.0100604,-0.56736529,0.82340467,0
-1.4249246,-1.1238401,-2.6943436,0.0100604,0.56736529,-0.82340467,0
1.8598044,0.62333232,0.3932417,0.98907506,0.11546291,0.091644064,0
-1.7508836,-1.703173,-0.84554058,-0.98907506,-0.11546291,-0.091644064,0
-1.3093301,2.5821471,0.42690325,-0.14706838,0.8153311,0.56000543,0
-1.7731254,-2.0820735,-1.2581974,-0.98907506,-0.11546291,-0.091644064,0
-2.3024893,0.0042264462,1.625597,-0.98907506,-0.11546291,-0.091644064,0
0.33595592,1.7299242,-0.85162359,0.0100604,0.56736529,-0.82340467,0
-0.10754809,-1.4854429,0.5919953,-0.0100604,-0.56736529,0.82340467,0
1.4424506,-1.4530489,-1.8050115,0.14706838,-0.8153311,-0.56000543,0
2.0420861,0.27318025,-1.462281,0.0100604,0.56736529,-0.82340467,0
-0.22587639,0.87410295,-1.2612222,0.0100604,0.56736529,-0.82340467,0
0.85781467,2.2724833,-0.23526001,0.0100604,0.56736529,-0.82340467,0
-2.0554535,-1.0427572,-0.016060144,-0.98907506,-0.11546291,-0.091644064,0
-2.1617265,-0.28623956,1.0258598,-0.98907506,-0.11546291,-0.091644064,0
2.0724463,-2.1310987,0.35448551,-0.0100604,-0.56736529,0.82340467,0
-1.5869046,1.9537406,1.5028054,-0.14706838,0.8153311,0.56000543,0
2.2431293,-1.2142813,-2.0136554,0.14706838,-0.8153311,-0.56000543,0
2.1603141,-0.23922198,-0.16963223,0.98907506,0.11546291,0.091644064,0
-0.80002284,-1.7851264,-1.7222011,0.14706838,-0.8153311,-0.56000543,0
-1.325861,-3.0829861,-0.24569654,-0.0100604,-0.56736529,0.82340467,0
1.9993231,-1.9699488,0.66298568,0.98907506,0.11546291,0.091644064,0
-1.4953308,-1.0001538,-2.2557836,-0.98907506,-0.11546291,-0.091644064,0
2.4004068,-2.109863,-1.1171519,0.14706838,-0.8153311,-0.56000543,0
-2.3399627,1.7002416,-0.54615784,-0.98907506,-0.11546291,-0.091644064,0
-2.2050388,2.4409232,0.58755589,-0.14706838,0.8153311,0.56000543,0
1.6402823,0.86801505,2.5216618,0.98907506,0.11546291,0.091644064,0
-1.6886113,0.13824511,2.05811,-0.0100604,-0.56736529,0.82340467,0
-1.6694744,-2.0492527,-1.5640548,-0.98907506,-0.11546291,-0.091644064,0
2.2632947,-1.6376436,-1.2368735,0.14706838,-0.8153311,-0.56000543,0
1.6323627,0.53893226,1.8536177,0.98907506,0.11546291,0.091644064,0
-1.7849457,-0.99720389,-1.7397672,-0.98907506,-0.11546291,-0.091644064,0
0.47653642,-2.7182848,-0.15108204,0.14706838,-0.8153311,-0.56000543,0
0.90586132,-1.6232308,0.91222745,-0.0100604,-0.56736529,0.82340467,0
-0.39263812,0.32288539,2.2193723,-0.0100604,-0.56736529,0.82340467,0
-0.58545542,1.8163147,1.5900568,-0.14706838,0.8153311,0.56000543,0
-1.8486565,0.53382128,-0.7205174,-0.98907506,-0.11546291,-0.091644064,0
1.4780918,2.495018,-0.20170462,0.0100604,0.56736529,-0.82340467,0
2.0043113,0.5245294,0.21539345,0.98907506,0.11546291,0.091644064,0
0.50295341,1.2487562,2.5559518,-0.0100604,-0.56736529,0.82340467,0
-1.7846081,0.036952376,-1.5106575,-0.98907506,-0.11546291,-0.091644064,0
-0.37798664,1.3003156,2.6414816,-0.14706838,0.8153311,0.56000543,0
-1.704818,1.2779531,1.8631995,-0.14706838,0.8153311,0.56000543,0
-1.8536537,0.39999795,-1.0974782,-0.98907506,-0.11546291,-0.091644064,0
-0.76050383,2.1801484,1.1959049,-0.14706838,0.8153311,0.56000543,0
1.7175572,1.6879892,-0.21920228,0.98907506,0.11546291,0.091644064,0
-2.2864435,2.2673123,-0.33993292,-0.98907506,-0.11546291,-0.091644064,0
-0.99945974,-1.5467792,0.62430304,-0.0100604,-0.56736529,0.82340467,0
-1.3695331,-2.4215481,-1.6269548,0.14706838,-0.8153311,-0.56000543,0
-1.5590822,1.5695623,1.4922032,-0.14706838,0.8153311,0.56000543,0
-1.5046865,-2.1050332,0.45810771,-0.0100604,-0.56736529,0.82340467,0
0.34478194,-0.18099582,1.8977599,-0.0100604,-0.56736529,0.82340467,0
1.6842067,1.6424153,0.063970923,0.98907506,0.11546291,0.091644064,0
-0.79125112,0.44010627,2.0476031,-0.0100604,-0.56736529,0.82340467,0
0.55235422,0.45165837,2.2161312,-0.0100604,-0.56736529,0.82340467,0
-1.1705589,2.654501,0.57166862,-0.14706838,0.8153311,0.56000543,0
-1.6001619,-1.4234504,-1.1253649,-0.98907506,-0.11546291,-0.091644064,0
-2.2508621,2.0865083,0.98407948,-0.14706838,0.8153311,0.56000543,0
-1.8378097,-0.32952547,-1.5765183,-0.98907506,-0.11546291,-0.091644064,0
-1.4718956,2.7176838,-0.058964491,0.0100604,0.56736529,-0.82340467,0
1.9983883,-1.3757865,0.78124249,0.98907506,0.11546291,0.091644064,0
2.0896277,-0.80435956,-1.4056455,0.98907506,0.11546291,0.091644064,0
0.43382591,1.1808604,-1.2003715,0.0100604,0.56736529,-0.82340467,0
2.0771043,-0.3934961,0.46019787,0.98907506,0.11546291,0.091644064,0
-0.49933469,-2.2178268,0.074814558,-0.0100604,-0.56736529,0.82340467,0
-0.71606201,0.27551436,-1.669241,0.0100604,0.56736529,-0.82340467,0
1.4357115,-0.81172395,1.5211309,-0.0100604,-0.56736529,0.82340467,0
-1.9410484,-0.38091111,-2.1484418,-0.98907506,-0.11546291,-0.091644064,0
2.2144465,-1.450913,-1.1092367,0.98907506,0.11546291,0.091644064,0
-0.86241114,-1.3177221,-2.569849,0.0100604,0.56736529,-0.82340467,0
-0.16217116,1.511681,2.021565,-0.14706838,0.8153311,0.56000543,0
1.4360708,2.4193349,1.1953803,-0.14706838,0.8153311,0.56000543,0
-2.0079241,-0.085586309,-1.7422827,-0.98907506,-0.11546291,-0.091644064,0
1.2082994,-2.2641063,0.50409293,-0.0100604,-0.56736529,0.82340467,0
1.6197495,2.1792412,-0.42388237,0.0100604,0.56736529,-0.82340467,0
-1.467158,-0.90664518,-2.6887126,0.0100604,0.56736529,-0.82340467,0
1.1891278,-1.9761512,-1.4173905,0.14706838,-0.8153311,-0.56000543,0
-1.3226999,2.0306051,1.1046212,-0.14706838,0.8153311,0.56000543,0
-1.0748643,-2.409502,-1.1227428,0.14706838,-0.8153311,-0.56000543,0
-1.4402326,-0.10381818,1.7557213,-0.0100604,-0.56736529,0.82340467,0
0.64211863,-2.6110432,-0.20029426,0.14706838,-0.8153311,-0.56000543,0
-1.6077069,-1.9376411,-0.033395052,-0.98907506,-0.11546291,-0.091644064,0
2.2101743,-1.4499513,-1.3070368,0.98907506,0.11546291,0.091644064,0
-0.85628593,-2.082655,-1.5332029,0.14706838,-0.8153311,-0.56000543,0
-1.2605362,-2.3378754,-1.7057525,0.14706838,-0.8153311,-0.56000543,0
2.2342863,0.63471818,-1.0108216,0.98907506,0.11546291,0.091644064,0
-0.77829623,2.330554,0.62910879,-0.14706838,0.8153311,0.56000543,0
2.1900933,-1.9506055,-0.78820276,0.14706838,-0.8153311,-0.56000543,0
-2.2192569,1.3644954,1.5640084,-0.14706838,0.8153311,0.56000543,0
0.079963893,1.0651114,2.5912383,-0.0100604,-0.56736529,0.82340467,0
-0.74120462,-1.5279583,0.87906814,-0.0100604,-0.56736529,0.82340467,0
-0.67994511,-2.3541102,0.36460626,-0.0100604,-0.56736529,0.82340467,0
0.15364566,0.63831925,2.4621038,-0.0100604,-0.56736529,0.82340467,0
1.3278153,1.978173,1.8789761,-0.14706838,0.8153311,0.56000543,0
1.9474292,-2.4869168,-0.43934083,0.14706838,-0.8153311,-0.56000543,0
-1.3969027,-1.3572277,-2.6285963,0.14706838,-0.8153311,-0.56000543,0
1.8635941,-0.80299675,1.5326922,-0.0100604,-0.56736529,0.82340467,0
1.1638182,1.8038357,2.233444,-0.14706838,0.8153311,0.56000543,0
-2.129673,0.6262778,0.51233667,-0.98907506,-0.11546291,-0.091644064,0
1.6845937,-0.074642539,1.692772,-0.0100604,-0.56736529,0.82340467,0
-1.8524623,-0.60276496,0.70878071,-0.98907506,-0.11546291,-0.091644064,0
1.7900636,2.3428805,-0.040768147,0.98907506,0.11546291,0.091644064,0
-1.2917509,-2.782171,-0.52499139,0.14706838,-0.8153311,-0.56000543,0
-1.930635,-0.28923643,-2.0458546,-0.98907506,-0.11546291,-0.091644064,0
2.1174126,-1.159137,-1.4953496,0.98907506,0.11546291,0.091644064,0
2.1340218,-1.731418,0.48344135,-0.0100604,-0.56736529,0.82340467,0
-2.2893996,2.0252481,-0.26581967,-0.98907506,-0.11546291,-0.091644064,0
1.2423207,-1.4112368,0.96275097,-0.0100604,-0.56736529,0.82340467,0
-1.6066079,2.0445032,1.3898953,-0.14706838,0.8153311,0.56000543,0
-1.9122236,-1.8920707,0.51926631,-0.98907506,-0.11546291,-0.091644064,0
-0.031237334,2.2524316,1.2158214,-0.14706838,0.8153311,0.56000543,0
1.7500124,0.69239074,0.1427013,0.98907506,0.11546291,0.091644064,0
0.66798431,-1.8921101,-1.8900523,0.14706838,-0.8153311,-0.56000543,0
-2.2835135,0.19821894,1.8137274,-0.98907506,-0.11546291,-0.091644064,0
-2.0505378,-0.018757343,-1.6129031,-0.98907506,-0.11546291,-0.091644064,0
-1.1749144,1.4807234,-0.58924675,0.0100604,0.56736529,-0.82340467,0
1.6273181,-0.44740129,1.7631843,-0.0100604,-0.56736529,0.82340467,0
0.35857278,1.2908162,2.4989522,-0.0100604,-0.56736529,0.82340467,0
1.562006,-2.4597604,-0.69449711,0.14706838,-0.8153311,-0.56000543,0
-0.7218945,2.5981929,0.79760766,-0.14706838,0.8153311,0.56000543,0
-1.4230356,1.432153,-0.85498589,0.0100604,0.56736529,-0.82340467,0
-1.2384403,-0.27543533,1.6778182,-0.0100604,-0.56736529,0.82340467,0
-0.48920065,2.5794883,0.10377622,0.0100604,0.56736529,-0.82340467,0
2.0989208,0.069513917,-1.6999685,0.98907506,0.11546291,0.091644064,0
0.089046866,-2.5792849,-0.87114835,0.14706838,-0.8153311,-0.56000543,0
-1.7172074,-2.4687934,-1.0397167,-0.98907506,-0.11546291,-0.091644064,0
-0.34301138,-1.5965143,-1.9413943,0.14706838,-0.8153311,-0.56000543,0
-0.80862504,0.48808777,-1.2880869,0.0100604,0.56736529,-0.82340467,0
-1.3559052,-2.0209653,-1.8954852,0.14706838,-0.8153311,-0.56000543,0
-1.8354063,-1.8097188,-1.4648125,-0.98907506,-0.11546291,-0.091644064,0
0.027940657,0.037559152,-1.9091116,0.0100604,0.56736529,-0.82340467,0
-0.58393776,0.89969504,-1.1611085,0.0100604,0.56736529,-0.82340467,0
0.93595135,1.8195298,-0.37916946,0.0100604,0.56736529,-0.82340467,0
-0.32494244,-0.86980188,1.205799,-0.0100604,-0.56736529,0.82340467,0
-0.50220001,0.84518802,-1.2365314,0.0100604,0.56736529,-0.82340467,0
-0.73530602,-0.21265042,1.8222001,-0.0100604,-0.56736529,0.82340467,0
-2.1033964,-0.29738322,-0.19941872,-0.98907506,-0.11546291,-0.091644064,0
0.66499597,-1.4922549,0.89875889,-0.0100604,-0.56736529,0.82340467,0
0.17744529,1.6179974,1.9601341,-0.14706838,0.8153311,0.56000543,0
-1.4232132,2.1204677,-0.43977439,0.0100604,0.56736529,-0.82340467,0
-1.5051191,-2.1840012,-1.2346997,-0.98907506,-0.11546291,-0.091644064,0
1.5358553,-1.436548,-1.7304816,0.14706838,-0.8153311,-0.56000543,0
-1.6742172,2.5625868,0.56965661,-0.14706838,0.8153311,0.56000543,0
-0.70880818,2.5129802,0.66646624,-0.14706838,0.8153311,0.56000543,0
2.214618,0.2972827,-0.76372761,0.98907506,0.11546291,0.091644064,0
2.1758351,-0.016530156,-1.650925,0.98907506,0.11546291,0.091644064,0
1.9826889,0.089859873,-0.56587601,0.98907506,0.11546291,0.091644064,0
0.061724514,-1.677186,-1.8437347,0.14706838,-0.8153311,-0.56000543,0
-1.6308587,-1.6388566,0.88329762,-0.0100604,-0.56736529,0.82340467,0
1.4364915,-2.610002,-0.25323319,0.14706838,-0.8153311,-0.56000543,0
1.7364062,0.4007467,1.2598202,0.98907506,0.11546291,0.091644064,0
-0.16793329,-1.2583407,-2.3398404,0.14706838,-0.8153311,-0.56000543,0
-1.8390036,-0.89866948,0.78215116,-0.98907506,-0.11546291,-0.091644064,0
-1.5396051,-1.3669109,-2.2456353,-0.98907506,-0.11546291,-0.091644064,0
0.32297835,-0.45167136,-2.2623851,0.0100604,0.56736529,-0.82340467,0
-0.46891212,-1.7341931,-2.0179172,0.14706838,-0.8153311,-0.56000543,0
0.30043489,-1.6339407,-1.9741755,0.14706838,-0.8153311,-0.56000543,0
-1.1418397,-1.5611125,0.94144511,-0.0100604,-0.56736529,0.82340467,0
-1.8498011,-1.7861375,-0.45369834,-0.98907506,-0.11546291,-0.091644064,0
-2.308907,1.5087678,1.9794791,-0.14706838,0.8153311,0.56000543,0
0.69197875,0.022742629,1.7718446,-0.0100604,-0.56736529,0.82340467,0
0.78111005,2.4361742,-0.23729253,0.0100604,0.56736529,-0.82340467,0
0.86519766,1.3046173,-0.76221108,0.0100604,0.56736529,-0.82340467,0
-1.8526046,-0.91159177,-0.92866868,-0.98907506,-0.11546291,-0.091644064,0
-1.6370113,2.1207435,0.66740632,-0.14706838,0.8153311,0.56000543,0
-2.0471597,2.1036699,1.0333182,-0.14706838,0.8153311,0.56000543,0
-0.9012413,0.95012039,2.6885543,-0.14706838,0.8153311,0.56000543,0
-2.1002116,-0.56703138,0.78808248,-0.98907506,-0.11546291,-0.091644064,0
0.36241582,-2.6895564,-0.80522013,0.14706838,-0.8153311,-0.56000543,0
-1.6535097,0.33887124,2.0075846,-0.0100604,-0.56736529,0.82340467,0
-1.7454782,0.59440827,-1.6090138,0.0100604,0.56736529,-0.82340467,0
-0.4180204,-0.49098384,1.6610572,-0.0100604,-0.56736529,0.82340467,0
-1.8609546,-1.0660131,0.95617014,-0.98907506,-0.11546291,-0.091644064,0
-0.89951932,-1.6665045,-2.4751658,0.14706838,-0.8153311,-0.56000543,0
-1.5860069,-1.2357552,-2.0539293,-0.98907506,-0.11546291,-0.091644064,0
0.036523841,0.95908713,-1.3374112,0.0100604,0.56736529,-0.82340467,0
0.38530004,-1.7800194,-2.0535259,0.14706838,-0.8153311,-0.56000543,0
0.4298476,-0.90771449,-2.3766727,0.0100604,0.56736529,-0.82340467,0
1.1138306,1.1795455,-0.94087708,0.0100604,0.56736529,-0.82340467,0
2.1304564,-0.67366076,-2.2549732,0.98907506,0.11546291,0.091644064,0
2.1325002,-2.6201873,-0.40600491,0.14706838,-0.8153311,-0.56000543,0
-2.1291406,0.33901089,-0.81969798,-0.98907506,-0.11546291,-0.091644064,0
0.46993065,1.6826868,2.0928812,-0.14706838,0.8153311,0.56000543,0
0.11293727,-2.3194242,-1.2362543,0.14706838,-0.8153311,-0.56000543,0
1.5713453,2.5477676,1.2106482,-0.14706838,0.8153311,0.56000543,0
-2.045814,0.16440956,0.0071296692,-0.98907506,-0.11546291,-0.091644064,0
2.1349895,-1.1540322,-2.3702669,0.0100604,0.56736529,-0.82340467,0
-1.9095203,1.9908103,1.0666789,-0.14706838,0.8153311,0.56000543,0
-0.18831867,-2.6928134,0.1417129,-0.0100604,-0.56736529,0.82340467,0
-1.8978083,0.0073822737,-1.9986612,0.0100604,0.56736529,-0.82340467,0
1.9523253,1.061934,1.5969325,0.98907506,0.11546291,0.091644064,0
-1.0580868,-2.1624727,-1.7089558,0.14706838,-0.8153311,-0.56000543,0
2.3181109,-0.73966348,-0.75102144,0.98907506,0.11546291,0.091644064,0
0.019343883,1.5525907,2.3424177,-0.14706838,0.8153311,0.56000543,0
1.1646073,-2.0385587,-0.94914722,0.14706838,-0.8153311,-0.56000543,0
-0.51177943,1.3021101,-0.88010484,0.0100604,0.56736529,-0.82340467,0
0.56137329,0.22000194,1.7862248,-0.0100604,-0.56736529,0.82340467,0
-1.2930984,-1.2942371,-2.7617846,0.14706838,-0.8153311,-0.56000543,0
-0.64855099,-2.5116072,0.061139822,-0.0100604,-0.56736529,0.82340467,0
-1.545709,-2.018553,-1.1475881,-0.98907506,-0.11546291,-0.091644064,0
-1.0566866,1.3692443,2.1836991,-0.14706838,0.8153311,0.56000543,0
1.8515513,2.5503998,0.01380229,0.98907506,0.11546291,0.091644064,0
-2.3956177,0.58483863,1.6231337,-0.98907506,-0.11546291,-0.091644064,0
-0.93511152,1.7186574,1.3707974,-0.14706838,0.8153311,0.56000543,0
-1.8236729,0.83991754,-1.4512528,0.0100604,0.56736529,-0.82340467,0
-1.780345,-1.2735558,-2.1644301,-0.98907506,-0.11546291,-0.091644064,0
1.4152893,-1.1370907,0.99923402,-0.0100604,-0.56736529,0.82340467,0
-2.0487733,0.056234121,-1.2195889,-0.98907506,-0.11546291,-0.091644064,0
-1.0554547,1.481282,1.8001889,-0.14706838,0.8153311,0.56000543,0
-2.0308728,2.3918836,0.26577663,-0.14706838,0.8153311,0.56000543,0
0.9018085,-1.8058194,-1.8884102,0.14706838,-0.8153311,-0.56000543,0
2.2901893,-0.35597801,-0.57637966,0.98907506,0.11546291,0.091644064,0
1.7875166,2.0650382,1.3412471,0.98907506,0.11546291,0.091644064,0
2.5002148,-2.2031596,-0.89120317,0.14706838,-0.8153311,-0.56000543,0
1.6923594,2.2083209,1.5919743,0.98907506,0.11546291,0.091644064,0
-0.87874103,1.0771456,2.3278596,-0.14706838,0.8153311,0.56000543,0
-0.54762298,-1.1135702,1.1601747,-0.0100604,-0.56736529,0.82340467,0
-2.0787749,-0.46670184,-0.49503875,-0.98907506,-0.11546291,-0.091644064,0
-2.1772208,-0.14100635,1.5203016,-0.98907506,-0.11546291,-0.091644064,0
1.5076913,1.3954995,-0.88804257,0.0100604,0.56736529,-0.82340467,0
-1.6074204,0.46572924,-1.33288,0.0100604,0.56736529,-0.82340467,0
-1.3310791,-2.4963775,-0.051945686,-0.0100604,-0.56736529,0.82340467,0
-1.9483435,-0.45211238,-1.5837759,-0.98907506,-0.11546291,-0.091644064,0
-2.208004,1.3807716,2.0149975,-0.14706838,0.8153311,0.56000543,0
1.3203541,-2.6063099,-0.5418396,0.14706838,-0.8153311,-0.56000543,0
1.6323953,2.8047965,0.48186886,-0.14706838,0.8153311,0.56000543,0
-2.3823814,2.1052113,0.045917034,-0.98907506,-0.11546291,-0.091644064,0
1.9066833,-1.2213531,1.1319542,0.98907506,0.11546291,0.091644064,0
0.63938105,0.53219926,-1.3755248,0.0100604,0.56736529,-0.82340467,0
-1.442965,-2.3263717,0.35964322,-0.0100604,-0.56736529,0.82340467,0
-1.6655328,-1.9686322,-0.9315986,-0.98907506,-0.11546291,-0.091644064,0
2.1371229,-0.3114489,-0.35609969,0.98907506,0.11546291,0.091644064,0
1.490256,1.2485747,2.3175542,0.98907506,0.11546291,0.091644064,0
2.1525962,-1.4416665,-1.118204,0.98907506,0.11546291,0.091644064,0
1.1496711,-2.2098899,-0.94896293,0.14706838,-0.8153311,-0.56000543,0
2.3224511,-1.4991684,-0.7276144,0.98907506,0.11546291,0.091644064,0
-2.0423906,-0.76610303,-0.45033786,-0.98907506,-0.11546291,-0.091644064,0
1.9266317,0.29784065,-0.15391716,0.98907506,0.11546291,0.091644064,0
-1.1068206,1.8582845,-0.51295316,0.0100604,0.56736529,-0.82340467,0
0.46022326,-1.4590118,-2.1718388,0.14706838,-0.8153311,-0.56000543,0
-0.72060406,-2.1623759,0.13084424,-0.0100604,-0.56736529,0.82340467,0
1.7423428,0.8621797,1.2369957,0.98907506,0.11546291,0.091644064,0
2.2457936,-1.4434071,-1.8530395,0.98907506,0.11546291,0.091644064,0
2.1692967,-1.3525391,-1.0925416,0.98907506,0.11546291,0.091644064,0
2.0669303,-2.253895,0.46092415,-0.0100604,-0.56736529,0.82340467,0
2.0428386,0.36488664,-0.9074809,0.98907506,0.11546291,0.091644064,0
-1.1402494,-0.60073829,-2.2453005,0.0100604,0.56736529,-0.82340467,0
-1.4582177,-2.8131053,-0.81561553,-0.98907506,-0.11546291,-0.091644064,0
-0.081309915,-2.0311222,-1.675796,0.14706838,-0.8153311,-0.56000543,0
-1.7526624,-2.0281563,0.53888917,-0.0100604,-0.56736529,0.82340467,0
1.6263469,-1.3245068,1.0157914,-0.0100604,-0.56736529,0.82340467,0
-0.060658783,1.4829776,2.1044927,-0.14706838,0.8153311,0.56000543,0
2.2177284,-0.82913268,-2.2004488,0.98907506,0.11546291,0.091644064,0
2.2582409,-0.90892839,-0.25261641,0.98907506,0.11546291,0.091644064,0
0.78103709,-2.287101,-0.98902011,0.14706838,-0.8153311,-0.56000543,0
-0.028884292,-2.3591161,-1.2351973,0.14706838,-0.8153311,-0.56000543,0
1.6443439,0.41994101,1.6845686,0.98907506,0.11546291,0.091644064,0
-0.42064428,2.0976062,-0.45795584,0.0100604,0.56736529,-0.82340467,0
1.515872,1.5462759,-0.79783469,0.0100604,0.56736529,-0.82340467,0
-1.1919547,-1.5432334,-2.3209095,0.14706838,-0.8153311,-0.56000543,0
-0.48848188,-1.9290807,-1.861721,0.14706838,-0.8153311,-0.56000543,0
1.5257112,-1.4967468,-2.1884055,0.14706838,-0.8153311,-0.56000543,0
0.40977985,0.0086460114,1.8560779,-0.0100604,-0.56736529,0.82340467,0
0.78348732,-2.247211,0.27291608,-0.0100604,-0.56736529,0.82340467,0
0.96517599,2.1998792,1.277339,-0.14706838,0.8153311,0.56000543,0
-2.234951,1.7966282,0.73101008,-0.98907506,-0.11546291,-0.091644064,0
2.0406051,-0.58110118,-1.4437824,0.98907506,0.11546291,0.091644064,0
1.7779747,1.27791,0.21983546,0.98907506,0.11546291,0.091644064,0
-1.0204381,-0.6131742,1.6011806,-0.0100604,-0.56736529,0.82340467,0
1.9682894,-1.0313342,0.73482358,0.98907506,0.11546291,0.091644064,0
-1.9262092,-0.29738593,-2.1191628,-0.98907506,-0.11546291,-0.091644064,0
-1.8781962,-0.94717789,-2.4590821,-0.98907506,-0.11546291,-0.091644064,0
1.6635141,2.6706522,0.15439177,0.0100604,0.56736529,-0.82340467,0
-0.0045878738,1.7955358,-0.70787251,0.0100604,0.56736529,-0.82340467,0
-0.38350695,-0.42907524,1.4478154,-0.0100604,-0.56736529,0.82340467,0
0.53033936,1.780061,1.6633494,-0.14706838,0.8153311,0.56000543,0
-1.6781263,-2.8139768,-0.31980896,-0.98907506,-0.11546291,-0.091644064,0
1.6214229,-1.1375321,-2.0940461,0.14706838,-0.8153311,-0.56000543,0
0.013734907,-1.7591684,-1.8481519,0.14706838,-0.8153311,-0.56000543,0
-0.022033811,-1.5980666,-2.1386604,0.14706838,-0.8153311,-0.56000543,0
1.0042894,0.53942955,2.3075094,-0.0100604,-0.56736529,0.82340467,0
-2.165966,1.6436151,-0.18220627,-0.98907506,-0.11546291,-0.091644064,0
-1.498292,1.0419406,2.3197074,-0.14706838,0.8153311,0.56000543,0
-1.7780771,1.5102433,-0.74240935,0.0100604,0.56736529,-0.82340467,0
-2.248517,1.92603,-0.67942369,-0.98907506,-0.11546291,-0.091644064,0
-2.4781349,1.0986462,1.5683889,-0.98907506,-0.11546291,-0.091644064,0
-2.212105,0.99742097,0.15635228,-0.98907506,-0.11546291,-0.091644064,0
2.2975097,-0.64768124,-0.95973074,0.98907506,0.11546291,0.091644064,0
-2.1063535,1.1215755,1.0905254,-0.98907506,-0.11546291,-0.091644064,0
2.0260251,1.1111052,-0.94269687,0.0100604,0.56736529,-0.82340467,0
-1.8350705,2.2198706,0.52212012,-0.14706838,0.8153311,0.56000543,0
-0.81125367,1.9382832,1.2577206,-0.14706838,0.8153311,0.56000543,0
1.8334197,0.13899353,0.71710479,0.98907506,0.11546291,0.091644064,0
1.2212398,-2.1912692,0.26707387,-0.0100604,-0.56736529,0.82340467,0
-2.155627,-0.10768449,0.9950515,-0.98907506,-0.11546291,-0.091644064,0
-1.6764565,-2.0951447,-0.4230454,-0.98907506,-0.11546291,-0.091644064,0
-1.94355,-0.20622468,1.4362791,-0.98907506,-0.11546291,-0.091644064,0
-1.4430643,1.7757378,1.4331907,-0.14706838,0.8153311,0.56000543,0
-2.0546188,0.5422079,-0.33684397,-0.98907506,-0.11546291,-0.091644064,0
1.5994385,0.50139558,2.2547555,-0.0100604,-0.56736529,0.82340467,0
2.0852017,-0.53530747,0.56756246,0.98907506,0.11546291,0.091644064,0
-0.82347137,2.6637917,0.12850595,-0.14706838,0.8153311,0.56000543,0
-2.26285,2.1344843,-0.19355726,-0.98907506,-0.11546291,-0.091644064,0
-2.1237638,0.86058748,-0.33243591,-0.98907506,-0.11546291,-0.091644064,0
-1.0392165,-2.4413424,-1.3999438,0.14706838,-0.8153311,-0.56000543,0
-2.3325341,1.117609,1.9061427,-0.98907506,-0.11546291,-0.091644064,0
-0.76171213,1.4470063,2.1704102,-0.14706838,0.8153311,0.56000543,0
-0.34619945,-0.74721313,1.106099,-0.0100604,-0.56736529,0.82340467,0
1.4526329,2.0083683,1.7911509,-0.14706838,0.8153311,0.56000543,0
1.2323369,-1.8947985,0.57420695,-0.0100604,-0.56736529,0.82340467,0
-1.1490692,1.7820174,1.8952484,-0.14706838,0.8153311,0.56000543,0
-0.90828884,-0.7893995,1.1290898,-0.0100604,-0.56736529,0.82340467,0
-2.2110839,1.5321136,1.8883495,-0.14706838,0.8153311,0.56000543,0
1.5590754,1.6971859,1.081514,0.98907506,0.11546291,0.091644064,0
0.35762149,-0.1012938,1.5880306,-0.0100604,-0.56736529,0.82340467,0
1.3539488,1.5042037,2.311492,-0.14706838,0.8153311,0.56000543,0
0.90672016,2.0350273,2.0625613,-0.14706838,0.8153311,0.56000543,0
-0.18842247,2.3299079,-0.24939489,0.0100604,0.56736529,-0.82340467,0
-2.0988047,0.79248625,1.5110979,-0.98907506,-0.11546291,-0.091644064,0
-1.0490637,-2.0477414,-1.6792514,0.14706838,-0.8153311,-0.56000543,0
1.8275793,1.0872868,1.1396866,0.98907506,0.11546291,0.091644064,0
-2.1746502,1.4601727,1.1342291,-0.98907506,-0.11546291,-0.091644064,0
-1.4756197,2.0718067,1.3924582,-0.14706838,0.8153311,0.56000543,0
-2.0474348,0.57032084,0.46920681,-0.98907506,-0.11546291,-0.091644064,0
2.0376611,-0.23752385,-1.2566721,0.98907506,0.11546291,0.091644064,0
2.3523903,-1.8763359,0.30088151,0.98907506,0.11546291,0.091644064,0
1.9223863,-0.87229532,0.33360231,0.98907506,0.11546291,0.091644064,0
0.99074423,2.6428485,0.90538156,-0.14706838,0.8153311,0.56000543,0
0.1856368,-1.0196061,-2.3465896,0.0100604,0.56736529,-0.82340467,0
1.6033615,2.2760172,0.35130811,0.98907506,0.11546291,0.091644064,0
-1.8128557,-1.0947531,-0.83009708,-0.98907506,-0.11546291,-0.091644064,0
1.9900099,-0.16226298,0.2062754,0.98907506,0.11546291,0.091644064,0
-2.0128617,0.29392478,0.2513276,-0.98907506,-0.11546291,-0.091644064,0
-0.11605896,2.2010434,1.0281234,-0.14706838,0.8153311,0.56000543,0
2.0408599,0.55757874,-0.82152683,0.98907506,0.11546291,0.091644064,0
1.8179829,2.464546,0.95112026,0.98907506,0.11546291,0.091644064,0
2.3494766,-1.9477798,0.47520399,0.98907506,0.11546291,0.091644064,0
-0.020105511,-2.6923032,0.18123055,-0.0100604,-0.56736529,0.82340467,0
2.080456,-0.66230679,0.84385169,0.98907506,0.11546291,0.091644064,0
1.0748158,-2.4584341,0.30016232,-0.0100604,-0.56736529,0.82340467,0
-0.83334792,2.125546,0.82560956,-0.14706838,0.8153311,0.56000543,0
0.86742306,-1.15973,-2.4842842,0.14706838,-0.8153311,-0.56000543,0
2.0584288,-0.51510781,-1.6748077,0.98907506,0.11546291,0.091644064,0
0.2225762,1.0963943,2.6811621,-0.0100604,-0.56736529,0.82340467,0
1.1109126,-2.4321399,0.058849335,-0.0100604,-0.56736529,0.82340467,0
-1.6707546,1.8409665,1.1407181,-0.14706838,0.8153311,0.56000543,0
0.84065986,1.8825694,1.7123685,-0.14706838,0.8153311,0.56000543,0
1.97118,0.079844177,-1.0278045,0.98907506,0.11546291,0.091644064,0
1.4299601,-1.0844672,-2.3330455,0.14706838,-0.8153311,-0.56000543,0
1.6595846,-1.0478643,-2.3811483,0.0100604,0.56736529,-0.82340467,0
0.6680873,-1.3798631,-2.3980033,0.14706838,-0.8153311,-0.56000543,0
-0.14328066,1.3129737,-0.90385455,0.0100604,0.56736529,-0.82340467,0
0.98367202,2.7368038,0.67414367,-0.14706838,0.8153311,0.56000543,0
2.0525327,-0.3565228,1.7623657,0.98907506,0.11546291,0.091644064,0
1.9016361,-0.27855825,-0.091694713,0.98907506,0.11546291,0.091644064,0
-1.2217269,-0.45415223,1.6676741,-0.0100604,-0.56736529,0.82340467,0
2.0346711,1.2992913,-0.63489556,0.98907506,0.11546291,0.091644064,0
1.6886215,-1.4937748,0.81874073,-0.0100604,-0.56736529,0.82340467,0
-0.23106438,-1.8011469,0.68489659,-0.0100604,-0.56736529,0.82340467,0
1.9345241,1.1183157,1.1241895,0.98907506,0.11546291,0.091644064,0
-2.0391154,0.90402353,1.1432297,-0.98907506,-0.11546291,-0.091644064,0
-1.2924137,1.4137532,2.316035,-0.14706838,0.8153311,0.56000543,0
1.1008096,2.8550806,0.22141075,0.0100604,0.56736529,-0.82340467,0
0.15184739,-2.6370983,0.23331237,-0.0100604,-0.56736529,0.82340467,0
-2.0657682,-1.0125359,0.13241726,-0.98907506,-0.11546291,-0.091644064,0
1.8350608,1.2341121,-0.4873119,0.98907506,0.11546291,0.091644064,0
1.1431268,-1.632571,-1.9586772,0.14706838,-0.8153311,-0.56000543,0
-1.7239676,-1.4281187,0.67453539,-0.98907506,-0.11546291,-0.091644064,0
-0.64536953,-2.2655234,-1.319113,0.14706838,-0.8153311,-0.56000543,0
-1.1254644,2.2725093,0.53221989,-0.14706838,0.8153311,0.56000543,0
0.55151993,-1.9523367,0.31899548,-0.0100604,-0.56736529,0.82340467,0
-2.0262327,0.69263947,0.79791743,-0.98907506,-0.11546291,-0.091644064,0
-1.7833418,1.0765436,2.1040807,-0.14706838,0.8153311,0.56000543,0
1.7988982,1.5763558,0.73267764,0.98907506,0.11546291,0.091644064,0
1.3985648,-2.5510113,0.31650066,-0.0100604,-0.56736529,0.82340467,0
-1.6090698,-2.3195057,-1.1676943,-0.98907506,-0.11546291,-0.091644064,0
-0.52847934,1.9289008,-0.39858127,0.0100604,0.56736529,-0.82340467,0
2.1038742,-1.8160765,-1.4592069,0.14706838,-0.8153311,-0.56000543,0
-0.98363692,1.1041569,-1.2125357,0.0100604,0.56736529,-0.82340467,0
1.1236542,0.3626231,2.0025046,-0.0100604,-0.56736529,0.82340467,0
0.13049173,-1.8891574,0.74104774,-0.0100604,-0.56736529,0.82340467,0
-1.9728458,-0.029421628,0.82837558,-0.98907506,-0.11546291,-0.091644064,0
-1.8002541,-0.85210264,0.29754853,-0.98907506,-0.11546291,-0.091644064,0
1.3835739,-2.1205697,0.24407649,-0.0100604,-0.56736529,0.82340467,0
-0.19665444,-1.962854,-1.4023647,0.14706838,-0.8153311,-0.56000543,0
1.2170281,-1.8137703,-1.6140417,0.14706838,-0.8153311,-0.56000543,0
-1.4759829,-1.5328878,-2.6751895,0.14706838,-0.8153311,-0.56000543,0
2.1886206,-2.0206017,-0.24002814,0.98907506,0.11546291,0.091644064,0
1.015378,-1.427855,-2.1746128,0.14706838,-0.8153311,-0.56000543,0
-1.0563068,2.4922905,0.4033649,-0.14706838,0.8153311,0.56000543,0
-0.47906756,-2.5321853,-1.1755046,0.14706838,-0.8153311,-0.56000543,0
1.6585817,-1.1281593,-2.6175926,0.14706838,-0.8153311,-0.56000543,0
1.1254166,-0.93402624,-2.6712942,0.0100604,0.56736529,-0.82340467,0
1.4026029,-0.91696274,1.1528769,-0.0100604,-0.56736529,0.82340467,0
-1.7530173,0.40233111,-1.7416493,0.0100604,0.56736529,-0.82340467,0
-1.4555154,-1.364197,-2.2736893,-0.98907506,-0.11546291,-0.091644064,0
0.73063266,2.8476052,0.2467885,-0.14706838,0.8153311,0.56000543,0
0.55739707,0.65551662,-1.2330891,0.0100604,0.56736529,-0.82340467,0
1.0450685,1.3413141,-0.74319798,0.0100604,0.56736529,-0.82340467,0
2.5119946,-2.4237449,-0.24486208,0.98907506,0.11546291,0.091644064,0
0.72047442,-1.4441459,0.77315575,-0.0100604,-0.56736529,0.82340467,0
-1.6178219,-2.0306058,-1.3118095,-0.98907506,-0.11546291,-0.091644064,0
1.5796391,1.3465914,-0.89750463,0.0100604,0.56736529,-0.82340467,0
-1.5261837,-1.0135907,1.2509749,-0.0100604,-0.56736529,0.82340467,0
0.16138911,2.5747471,0.46996987,-0.14706838,0.8153311,0.56000543,0
-1.2069186,0.70285833,-1.5097336,0.0100604,0.56736529,-0.82340467,0
0.20213649,-0.074117064,-1.6900424,0.0100604,0.56736529,-0.82340467,0
2.3601742,-1.3248518,-1.3551164,0.98907506,0.11546291,0.091644064,0
-0.82315719,-2.2498329,-1.5960662,0.14706838,-0.8153311,-0.56000543,0
1.483488,1.5227519,-0.87023461,0.0100604,0.56736529,-0.82340467,0
1.8067694,1.5708185,1.3594403,0.98907506,0.11546291,0.091644064,0
-0.87463021,0.97417057,-1.2615893,0.0100604,0.56736529,-0.82340467,0
1.52303,2.2253928,-0.30726612,0.0100604,0.56736529,-0.82340467,0
2.350385,-1.0014889,-2.0634875,0.98907506,0.11546291,0.091644064,0
-1.5656657,-2.9865928,-0.38705742,-0.98907506,-0.11546291,-0.091644064,0
0.56702554,-2.8614173,-0.40209508,0.14706838,-0.8153311,-0.56000543,0
-1.7500639,0.43168288,1.9804499,-0.0100604,-0.56736529,0.82340467,0
-1.6546651,-1.5442165,-0.49241966,-0.98907506,-0.11546291,-0.091644064,0
0.98283696,1.99301,-0.35117435,0.0100604,0.56736529,-0.82340467,0
-1.616891,-1.5600096,-1.5253587,-0.98907506,-0.11546291,-0.091644064,0
1.2240157,2.8601954,0.95715094,-0.14706838,0.8153311,0.56000543,0
-0.67748809,-2.8633406,-0.78656101,0.14706838,-0.8153311,-0.56000543,0
2.0473742,-2.0596144,-0.59262383,0.14706838,-0.8153311,-0.56000543,0
0.29324633,-0.33572865,-1.8949021,0.0100604,0.56736529,-0.82340467,0
1.7703559,-1.6119617,0.67512274,-0.0100604,-0.56736529,0.82340467,0
2.3018937,-2.6323395,-0.080588818,0.98907506,0.11546291,0.091644064,0
-1.6872835,-0.79910016,-1.9930761,-0.98907506,-0.11546291,-0.091644064,0
-2.099494,1.6613494,0.12164688,-0.98907506,-0.11546291,-0.091644064,0
-0.43346751,-2.167522,-1.5124249,0.14706838,-0.8153311,-0.56000543,0
0.18211631,-1.7941962,-1.561837,0.14706838,-0.8153311,-0.56000543,0
1.8202393,1.5348034,0.87129402,0.98907506,0.11546291,0.091644064,0
-2.0805767,-0.75231671,-0.27256978,-0.98907506,-0.11546291,-0.091644064,0
0.62785733,-1.6233082,-1.9995447,0.14706838,-0.8153311,-0.56000543,0
-0.5353753,-1.5320538,-2.599375,0.14706838,-0.8153311,-0.56000543,0
1.1848309,-2.274673,-0.57292092,0.14706838,-0.8153311,-0.56000543,0
1.7513808,-1.6724734,-1.5989213,0.14706838,-0.8153311,-0.56000543,0
1.4758354,-1.2857032,-2.4904499,0.14706838,-0.8153311,-0.56000543,0
-1.8044324,-1.1184061,1.0788929,-0.0100604,-0.56736529,0.82340467,0
1.80633,2.2600088,0.97670913,0.98907506,0.11546291,0.091644064,0
0.83922613,2.3861632,0.91699564,-0.14706838,0.8153311,0.56000543,0
2.2533407,-0.41123489,-1.2122055,0.98907506,0.11546291,0.091644064,0
-2.4145668,2.106777,-0.088846922,-0.98907506,-0.11546291,-0.091644064,0
-1.0640495,-1.3745723,-2.6390488,0.14706838,-0.8153311,-0.56000543,0
0.32063898,-2.8520257,-0.18273139,0.14706838,-0.8153311,-0.56000543,0
-2.2969286,1.8361176,-0.76963413,-0.98907506,-0.11546291,-0.091644064,0
1.6359146,2.3829668,1.4322925,-0.14706838,0.8153311,0.56000543,0
0.98069608,2.0004594,1.5140607,-0.14706838,0.8153311,0.56000543,0
1.4599315,1.1667113,2.647433,-0.0100604,-0.56736529,0.82340467,0
1.7695436,-2.6146188,-0.12361026,0.14706838,-0.8153311,-0.56000543,0
1.1039282,1.3528252,-0.6381678,0.0100604,0.56736529,-0.82340467,0
-1.7167332,1.4977565,-1.0367098,0.0100604,0.56736529,-0.82340467,0
2.1533802,-1.7014546,0.23536301,0.98907506,0.11546291,0.091644064,0
0.17593528,-0.13935018,-1.9656951,0.0100604,0.56736529,-0.82340467,0
-1.8740324,0.53282094,2.1489105,-0.0100604,-0.56736529,0.82340467,0
-0.44828439,1.7689073,1.905844,-0.14706838,0.8153311,0.56000543,0
1.8589573,0.57056165,0.58168387,0.98907506,0.11546291,0.091644064,0
-1.7369602,-2.4204106,-1.6701801,0.14706838,-0.8153311,-0.56000543,0
0.74175346,-0.58481538,1.6513758,-0.0100604,-0.56736529,0.82340467,0
1.4831862,2.9146061,0.12165976,0.98907506,0.11546291,0.091644064,0
-0.84943211,0.85664332,2.5796399,-0.0100604,-0.56736529,0.82340467,0
-1.4154181,1.42796,2.2712712,-0.14706838,0.8153311,0.56000543,0
1.4096,1.5294926,2.5879023,-0.14706838,0.8153311,0.56000543,0
1.8403397,2.3055208,-0.1650939,0.98907506,0.11546291,0.091644064,0
0.022262156,0.45303226,2.0947788,-0.0100604,-0.56736529,0.82340467,0
-2.0707955,1.9008377,1.0478482,-0.14706838,0.8153311,0.56000543,0
2.0764978,-2.2267756,0.30321336,-0.0100604,-0.56736529,0.82340467,0
-0.42660943,-0.79093313,1.118613,-0.0100604,-0.56736529,0.82340467,0
-1.7480593,-1.0313679,0.95430028,-0.0100604,-0.56736529,0.82340467,0
-0.53494656,2.3699672,1.0232772,-0.14706838,0.8153311,0.56000543,0
-0.26868564,1.502803,-0.94651979,0.0100604,0.56736529,-0.82340467,0
0.82950926,1.7501547,1.9368274,-0.14706838,0.8153311,0.56000543,0
-2.0538173,1.4558525,2.1602466,-0.14706838,0.8153311,0.56000543,0
-0.95636696,2.233289,-0.23470759,0.0100604,0.56736529,-0.82340467,0
0.90025449,1.5925956,-0.61417603,0.0100604,0.56736529,-0.82340467,0
-1.465651,-1.5731006,-2.7822843,0.14706838,-0.8153311,-0.56000543,0
2.206413,-0.49250335,0.59797615,0.98907506,0.11546291,0.091644064,0
-0.29166251,-2.3700833,-1.3654206,0.14706838,-0.8153311,-0.56000543,0
1.5450343,1.4263504,1.262208,0.98907506,0.11546291,0.091644064,0
-0.81280708,1.5057838,2.0101044,-0.14706838,0.8153311,0.56000543,0
-0.79855216,-1.4558176,0.7165854,-0.0100604,-0.56736529,0.82340467,0
-0.92684293,2.6156335,0.049599648,0.0100604,0.56736529,-0.82340467,0
-2.2942562,-0.20496249,1.1979408,-0.98907506,-0.11546291,-0.091644064,0
1.7630275,-1.0579963,-2.2611778,0.14706838,-0.8153311,-0.56000543,0
1.5256581,-1.4420403,1.0619407,-0.0100604,-0.56736529,0.82340467,0
0.6758337,1.3627837,2.4667487,-0.14706838,0.8153311,0.56000543,0
-2.0648484,0.30421495,2.1388803,-0.0100604,-0.56736529,0.82340467,0
1.1371866,-0.84564555,1.0924323,-0.0100604,-0.56736529,0.82340467,0
2.0082619,1.1527228,-0.29310694,0.98907506,0.11546291,0.091644064,0
0.35018975,-2.5566468,-0.4416343,0.14706838,-0.8153311,-0.56000543,0
1.6323032,2.9606738,0.42628193,0.98907506,0.11546291,0.091644064,0
2.0870759,0.36354971,-1.5657642,0.98907506,0.11546291,0.091644064,0
-1.5165975,0.0055044889,-1.8493807,0.0100604,0.56736529,-0.82340467,0
-2.2370548,0.63033819,1.0042335,-0.98907506,-0.11546291,-0.091644064,0
-1.5276402,-1.23578,0.87517524,-0.0100604,-0.56736529,0.82340467,0
-2.2063351,2.3800817,0.16345024,-0.14706838,0.8153311,0.56000543,0
1.3729303,-2.0925627,0.53295243,-0.0100604,-0.56736529,0.82340467,0
-1.5898025,-2.3680902,-0.26308358,-0.98907506,-0.11546291,-0.091644064,0
-0.24631493,2.4989777,0.46938288,-0.14706838,0.8153311,0.56000543,0
-0.0056288838,2.8424768,0.22721982,-0.14706838,0.8153311,0.56000543,0
1.9837722,-0.43048802,-0.50487316,0.98907506,0.11546291,0.091644064,0
-2.1829329,1.2187662,1.6092212,-0.98907506,-0.11546291,-0.091644064,0
-2.0193589,0.40141308,-0.59112638,-0.98907506,-0.11546291,-0.091644064,0
1.511639,1.1720222,-0.96441275,0.0100604,0.56736529,-0.82340467,0
2.3400736,-2.3861077,-0.12905931,0.98907506,0.11546291,0.091644064,0
1.1285684,-2.7521625,-0.21593118,-0.0100604,-0.56736529,0.82340467,0
1.5640552,-0.58866799,-2.2887831,0.0100604,0.56736529,-0.82340467,0
-0.33709311,-2.670136,-0.83504701,0.14706838,-0.8153311,-0.56000543,0
0.90076214,-1.6819532,-1.4509394,0.14706838,-0.8153311,-0.56000543,0
1.8186457,2.3819895,0.12311649,0.98907506,0.11546291,0.091644064,0
1.5859413,2.031883,0.6561141,0.98907506,0.11546291,0.091644064,0
2.3122346,-0.81167364,-1.2894518,0.98907506,0.11546291,0.091644064,0
0.36419946,-0.31868827,-2.0321794,0.0100604,0.56736529,-0.82340467,0
-0.74778843,1.5362322,2.0035725,-0.14706838,0.8153311,0.56000543,0
0.099212512,-0.90003836,1.346079,-0.0100604,-0.56736529,0.82340467,0
-0.38132089,0.26793838,-1.6542673,0.0100604,0.56736529,-0.82340467,0
-1.1300576,2.9536257,-0.043177843,0.0100604,0.56736529,-0.82340467,0
-1.2351054,0.45765698,-1.5164185,0.0100604,0.56736529,-0.82340467,0
0.22841516,1.0358053,-0.98277956,0.0100604,0.56736529,-0.82340467,0
2.0549102,0.11873078,-1.8811226,0.0100604,0.56736529,-0.82340467,0
-0.8047359,-2.563405,-1.1692019,0.14706838,-0.8153311,-0.56000543,0
-0.7062254,2.5130801,-0.25998878,0.0100604,0.56736529,-0.82340467,0
-1.9202898,1.0595169,-0.26591218,-0.98907506,-0.11546291,-0.091644064,0
0.92727995,-0.14047801,1.86285,-0.0100604,-0.56736529,0.82340467,0
-1.9541886,-0.78117234,0.21987036,-0.98907506,-0.11546291,-0.091644064,0
-1.808597,-1.4009217,0.35986996,-0.98907506,-0.11546291,-0.091644064,0
2.3235755,-1.0832063,-1.2328757,0.98907506,0.11546291,0.091644064,0
-0.75536835,0.70966887,-1.266911,0.0100604,0.56736529,-0.82340467,0
-0.76335496,2.3214839,0.55505335,-0.14706838,0.8153311,0.56000543,0
0.73497474,1.9152199,-0.36752617,0.0100604,0.56736529,-0.82340467,0
0.16732359,1.456425,2.4898741,-0.14706838,0.8153311,0.56000543,0
-1.5575625,-1.4745147,-2.4561713,-0.98907506,-0.11546291,-0.091644064,0
-0.9775117,1.4577531,2.0293722,-0.14706838,0.8153311,0.56000543,0
1.63323,1.5561368,2.2607434,0.98907506,0.11546291,0.091644064,0
-1.2897693,-0.41898835,-2.0780711,0.0100604,0.56736529,-0.82340467,0
-1.7760463,-1.5937779,0.39258939,-0.98907506,-0.11546291,-0.091644064,0
-1.0081328,-0.70550251,-2.5046544,0.0100604,0.56736529,-0.82340467,0
1.9704012,-1.1046984,0.42383766,0.98907506,0.11546291,0.091644064,0
1.3197471,0.083788395,1.9653922,-0.0100604,-0.56736529,0.82340467,0
-1.8269136,-0.61401981,-1.6206357,-0.98907506,-0.11546291,-0.091644064,0
-2.0134861,1.4477501,1.7008662,-0.14706838,0.8153311,0.56000543,0
-1.5007373,-1.0192759,-2.6525958,-0.98907506,-0.11546291,-0.091644064,0
1.0584382,1.3297081,2.9614782,-0.0100604,-0.56736529,0.82340467,0
1.4207392,-2.4080877,0.16697168,-0.0100604,-0.56736529,0.82340467,0
-0.56205821,-2.8071728,-0.60617137,0.14706838,-0.8153311,-0.56000543,0
-2.1659248,2.1142225,0.73670661,-0.14706838,0.8153311,0.56000543,0
-1.8100038,-1.104476,0.395311,-0.98907506,-0.11546291,-0.091644064,0
-1.9533038,-0.60208571,0.40489501,-0.98907506,-0.11546291,-0.091644064,0
0.13673149,-2.3669415,-1.2526158,0.14706838,-0.8153311,-0.56000543,0
1.1026598,2.5407376,-0.15772867,0.0100604,0.56736529,-0.82340467,0
0.94706023,-0.56503713,-2.3930786,0.0100604,0.56736529,-0.82340467,0
0.86289525,2.9563398,0.18028855,0.0100604,0.56736529,-0.82340467,0
-1.3868608,-0.38066435,1.4181252,-0.0100604,-0.56736529,0.82340467,0
-0.6355046,1.0613067,2.4510169,-0.14706838,0.8153311,0.56000543,0
1.9005748,-1.8426616,0.3677572,-0.0100604,-0.56736529,0.82340467,0
-0.22077176,0.61434597,2.0447757,-0.0100604,-0.56736529,0.82340467,0
1.7521869,-1.2201477,-2.2182236,0.14706838,-0.8153311,-0.56000543,0
-0.1123323,2.2858088,1.1712686,-0.14706838,0.8153311,0.56000543,0
-0.26783711,-1.5778756,-2.4997621,0.14706838,-0.8153311,-0.56000543,0
-0.65577042,-1.6687551,-2.3625383,0.14706838,-0.8153311,-0.56000543,0
1.8766928,0.57857567,2.005182,0.98907506,0.11546291,0.091644064,0
1.7432225,1.8292947,1.8182864,0.98907506,0.11546291,0.091644064,0
0.71044755,2.8862398,0.27750254,0.0100604,0.56736529,-0.82340467,0
-0.041557595,-1.0368886,0.94524789,-0.0100604,-0.56736529,0.82340467,0
-1.2115402,-1.9374934,-1.9768252,0.14706838,-0.8153311,-0.56000543,0
-1.75141,-0.51480919,-1.0463643,-0.98907506,-0.11546291,-0.091644064,0
-1.0917575,1.7047442,-0.45336652,0.0100604,0.56736529,-0.82340467,0
-0.33879596,-2.3397298,-1.3245057,0.14706838,-0.8153311,-0.56000543,0
-2.2478309,0.90896285,0.46098661,-0.98907506,-0.11546291,-0.091644064,0
0.41350222,2.3443024,-0.18599522,0.0100604,0.56736529,-0.82340467,0
2.3508377,-0.91385108,-2.468967,0.14706838,-0.8153311,-0.56000543,0
0.60534096,2.521625,0.71886551,-0.14706838,0.8153311,0.56000543,0
-1.2714744,2.2918589,-0.36944079,0.0100604,0.56736529,-0.82340467,0
-1.5398129,-1.712321,-1.2357535,-0.98907506,-0.11546291,-0.091644064,0
1.6380173,1.3452473,1.0597513,0.98907506,0.11546291,0.091644064,0
-2.3443704,2.120225,0.81896973,-0.14706838,0.8153311,0.56000543,0
1.7744088,1.003901,1.9834598,0.98907506,0.11546291,0.091644064,0
-0.54076469,-3.0649538,-0.35063481,0.14706838,-0.8153311,-0.56000543,0
0.94905329,1.9902093,2.1413517,-0.14706838,0.8153311,0.56000543,0
