2.1974983,0.96749878,-0.61792308,0.22028588,0.95200992,-0.21248814,0
-1.2817428,1.0085913,-1.1434507,-0.62072158,-0.031227544,-0.78340888,0
-1.9984169,-0.1265386,-0.20130086,-0.62072158,-0.031227544,-0.78340888,0
1.1861342,-0.19295405,-1.751235,0.75244856,-0.30446991,-0.58405411,0
-1.757781,-1.2317237,-0.34795809,-0.22028588,-0.95200992,0.21248814,0
0.20914978,0.66489017,-2.2547808,-0.62072158,-0.031227544,-0.78340888,0
-0.56754524,-1.4591358,-0.042942293,-0.22028588,-0.95200992,0.21248814,0
-0.30598468,1.9146595,1.1875153,0.22028588,0.95200992,-0.21248814,0
-0.12552059,-0.50547057,-1.7764655,-0.62072158,-0.031227544,-0.78340888,0
-1.3509425,0.64076352,1.0114796,-0.75244856,0.30446991,0.58405411,0
-2.2443697,-1.1051676,0.14929491,-0.22028588,-0.95200992,0.21248814,0
0.24509877,0.62883914,-2.128165,-0.62072158,-0.031227544,-0.78340888,0
1.3223634,0.97233909,0.98045933,0.62072158,0.031227544,0.78340888,0
-1.8419631,0.23786941,0.63949972,-0.75244856,0.30446991,0.58405411,0
1.1886821,1.199927,1.1081228,0.62072158,0.031227544,0.78340888,0
-1.1162853,0.7546941,-0.96045327,-0.62072158,-0.031227544,-0.78340888,0
-2.1412914,-1.006551,0.17460579,-0.22028588,-0.95200992,0.21248814,0
-1.1171207,-1.1082389,1.2296619,-0.22028588,-0.95200992,0.21248814,0
0.74044013,-1.5065378,1.1520362,0.62072158,0.031227544,0.78340888,0
2.0820363,-0.82836926,0.37341949,0.62072158,0.031227544,0.78340888,0
0.87652838,-0.41571087,-2.0185938,0.75244856,-0.30446991,-0.58405411,0
-1.4413043,-0.28970164,-0.79925144,-0.62072158,-0.031227544,-0.78340888,0
1.2822574,-0.042343751,-2.0034771,0.75244856,-0.30446991,-0.58405411,0
2.2049766,0.29903907,0.35954952,0.62072158,0.031227544,0.78340888,0
-1.1669251,1.1221033,-1.1968424,-0.62072158,-0.031227544,-0.78340888,0
-2.3537705,0.92218029,-0.10459703,-0.62072158,-0.031227544,-0.78340888,0
2.3358018,-1.839453,0.22756577,0.75244856,-0.30446991,-0.58405411,0
-0.085368693,0.48325217,-1.7451934,-0.62072158,-0.031227544,-0.78340888,0
2.1465147,-0.44836894,0.0062343478,0.62072158,0.031227544,0.78340888,0
0.22258672,1.6279266,0.061003745,0.22028588,0.95200992,-0.21248814,0
0.31567711,0.60833907,1.727919,0.62072158,0.031227544,0.78340888,0
0.79677838,1.1124598,-1.9499452,0.22028588,0.95200992,-0.21248814,0
0.7080155,-1.5051477,0.93596512,-0.22028588,-0.95200992,0.21248814,0
-1.350687,1.973704,0.59444106,-0.75244856,0.30446991,0.58405411,0
-0.54861057,2.0480442,1.3680136,0.22028588,0.95200992,-0.21248814,0
1.4729077,-0.6008175,0.8063283,0.62072158,0.031227544,0.78340888,0
-1.4486233,0.99366009,1.0047102,-0.75244856,0.30446991,0.58405411,0
1.3991908,-1.2401224,-0.74788427,0.75244856,-0.30446991,-0.58405411,0
-0.20098919,0.2930221,-1.8867526,-0.62072158,-0.031227544,-0.78340888,0
2.5075769,-0.60106665,-0.1646418,0.75244856,-0.30446991,-0.58405411,0
-0.037899371,-1.4139543,-0.2154377,-0.22028588,-0.95200992,0.21248814,0
-1.686758,0.89654493,-0.57764488,-0.62072158,-0.031227544,-0.78340888,0
-0.8489418,0.15820652,2.3910956,-0.75244856,0.30446991,0.58405411,0
-0.78351754,-1.5169187,-1.2931218,-0.62072158,-0.031227544,-0.78340888,0
-2.6439137,-0.091787823,0.30808991,-0.75244856,0.30446991,0.58405411,0
-0.91514379,-0.064993739,2.1026595,-0.75244856,0.30446991,0.58405411,0
-1.7684863,-1.068886,1.262207,-0.22028588,-0.95200992,0.21248814,0
-1.1200212,-1.3618344,-1.108179,-0.62072158,-0.031227544,-0.78340888,0
-0.51445049,-0.093994007,-1.6009972,-0.62072158,-0.031227544,-0.78340888,0
0.16405892,-1.0905639,1.9959528,0.62072158,0.031227544,0.78340888,0
0.81244868,1.1049744,-1.1099494,0.22028588,0.95200992,-0.21248814,0
1.9210024,-1.5370626,-0.29027802,0.75244856,-0.30446991,-0.58405411,0
-0.36686736,1.1644236,-1.7764575,0.22028588,0.95200992,-0.21248814,0
0.95026958,-1.4134346,-1.7237294,0.75244856,-0.30446991,-0.58405411,0
0.38026035,-1.5183463,-1.9690273,0.75244856,-0.30446991,-0.58405411,0
1.4889642,-1.7591387,-0.58825827,0.75244856,-0.30446991,-0.58405411,0
0.65131301,-1.442565,0.56169081,-0.22028588,-0.95200992,0.21248814,0
-1.6640732,0.53630453,1.1510961,-0.75244856,0.30446991,0.58405411,0
-0.4654066,1.8981302,1.7954922,-0.75244856,0.30446991,0.58405411,0
2.3861766,-0.60253918,-0.045909166,0.75244856,-0.30446991,-0.58405411,0
1.9440894,-0.80701047,0.32719442,0.62072158,0.031227544,0.78340888,0
1.2726434,-1.0472112,-1.3777258,0.75244856,-0.30446991,-0.58405411,0
-1.6010892,1.4216912,-0.91342849,-0.62072158,-0.031227544,-0.78340888,0
0.79500449,-1.1870047,-1.5068841,0.75244856,-0.30446991,-0.58405411,0
-0.19573361,1.9234648,1.5951954,0.22028588,0.95200992,-0.21248814,0
0.45607114,-1.4554811,0.11156921,-0.22028588,-0.95200992,0.21248814,0
-0.86601102,-1.1454928,1.9211204,-0.22028588,-0.95200992,0.21248814,0
-1.5495706,0.79570949,-0.72432721,-0.62072158,-0.031227544,-0.78340888,0
1.5963587,-0.19111231,0.47611207,0.62072158,0.031227544,0.78340888,0
-1.2777021,-0.11705309,-0.68280411,-0.62072158,-0.031227544,-0.78340888,0
0.49800175,-0.060373127,1.3489883,0.62072158,0.031227544,0.78340888,0
1.3338974,0.29266769,0.77901745,0.62072158,0.031227544,0.78340888,0
0.30089229,0.22030416,-2.4054232,-0.62072158,-0.031227544,-0.78340888,0
-0.75437218,-1.6842138,-0.85437673,-0.22028588,-0.95200992,0.21248814,0
0.55042022,-2.0304458,-0.98958224,-0.22028588,-0.95200992,0.21248814,0
-0.02696532,-1.0447634,1.7820758,0.62072158,0.031227544,0.78340888,0
-1.2855194,-0.70139694,1.9185743,-0.75244856,0.30446991,0.58405411,0
-1.3306024,1.8953683,0.55621165,-0.75244856,0.30446991,0.58405411,0
1.2392998,-0.18361434,1.0782112,0.62072158,0.031227544,0.78340888,0
-2.2523093,0.9223634,-0.14363277,-0.62072158,-0.031227544,-0.78340888,0
0.72922945,-1.4698863,0.51297063,-0.22028588,-0.95200992,0.21248814,0
1.4248472,-1.0114855,-1.0668952,0.75244856,-0.30446991,-0.58405411,0
-1.9057584,1.6898937,-0.066514611,-0.75244856,0.30446991,0.58405411,0
-1.504316,-1.0741102,-0.045240194,-0.22028588,-0.95200992,0.21248814,0
-2.033742,-0.5240953,0.94579512,-0.75244856,0.30446991,0.58405411,0
1.7504567,0.88160455,-0.82801747,0.22028588,0.95200992,-0.21248814,0
0.87039185,-0.92708808,1.5097371,0.62072158,0.031227544,0.78340888,0
-1.5826113,0.071640596,1.028324,-0.75244856,0.30446991,0.58405411,0
-2.2968452,-0.29697013,0.30568504,-0.75244856,0.30446991,0.58405411,0
-1.4761708,-0.0049757659,1.3343426,-0.75244856,0.30446991,0.58405411,0
-0.61704391,1.9733804,1.38379,-0.75244856,0.30446991,0.58405411,0
1.3124497,0.019441396,0.94793916,0.62072158,0.031227544,0.78340888,0
0.4785302,0.82203203,-2.5192728,-0.62072158,-0.031227544,-0.78340888,0
-0.56221384,1.6681228,2.0678637,-0.75244856,0.30446991,0.58405411,0
-2.3844135,0.24371472,0.14254433,-0.75244856,0.30446991,0.58405411,0
0.49852407,0.53382766,-2.147409,-0.62072158,-0.031227544,-0.78340888,0
-1.2865543,-0.66497433,-0.90759498,-0.62072158,-0.031227544,-0.78340888,0
1.5040662,-1.6050187,-0.68100101,0.75244856,-0.30446991,-0.58405411,0
1.3688469,1.3091079,0.6898455,0.22028588,0.95200992,-0.21248814,0
-0.10964496,1.661381,0.63103968,0.22028588,0.95200992,-0.21248814,0
-0.75229371,-1.649588,-0.35149333,-0.22028588,-0.95200992,0.21248814,0
-0.19742119,-0.63639575,1.9182613,0.62072158,0.031227544,0.78340888,0
-1.3343449,0.024902262,1.3979268,-0.75244856,0.30446991,0.58405411,0
1.2980587,-2.1043646,-0.70587915,-0.22028588,-0.95200992,0.21248814,0
-0.49619886,-0.84231895,2.1167126,-0.22028588,-0.95200992,0.21248814,0
-0.84059632,-1.0598416,-1.0991805,-0.62072158,-0.031227544,-0.78340888,0
0.23131728,-0.71439624,1.5115582,0.62072158,0.031227544,0.78340888,0
0.17690825,0.97999632,1.9435877,0.62072158,0.031227544,0.78340888,0
2.3139625,0.39602992,0.31745192,0.62072158,0.031227544,0.78340888,0
-0.16285187,1.3111696,-1.8316343,0.22028588,0.95200992,-0.21248814,0
-0.73149145,-1.5711584,-1.1412431,-0.22028588,-0.95200992,0.21248814,0
-0.68657601,0.13672605,2.5386028,-0.75244856,0.30446991,0.58405411,0
1.5643957,1.0784413,-0.64048243,0.22028588,0.95200992,-0.21248814,0
-1.6706846,-0.72888064,1.3986659,-0.75244856,0.30446991,0.58405411,0
1.658976,1.2621061,-0.40884525,0.22028588,0.95200992,-0.21248814,0
-0.69413072,-0.11130524,2.2730079,0.62072158,0.031227544,0.78340888,0
0.24478078,-0.92395031,1.7118834,0.62072158,0.031227544,0.78340888,0
-0.2883805,-1.9364741,-1.1344289,-0.22028588,-0.95200992,0.21248814,0
1.6811146,-0.20626684,0.59242243,0.62072158,0.031227544,0.78340888,0
-1.8078545,0.59609812,0.68775058,-0.75244856,0.30446991,0.58405411,0
1.5483526,-0.42171025,-1.22442,0.75244856,-0.30446991,-0.58405411,0
2.0882151,-0.28143188,-0.45354193,0.75244856,-0.30446991,-0.58405411,0
-1.4163549,1.8510312,-0.059992909,0.22028588,0.95200992,-0.21248814,0
1.1730429,1.0521477,1.0739404,0.62072158,0.031227544,0.78340888,0
-0.20285593,2.0764632,2.2158778,-0.75244856,0.30446991,0.58405411,0
1.3906087,-1.6091349,-0.61860734,0.75244856,-0.30446991,-0.58405411,0
1.7481837,-0.54083741,-0.77757841,0.75244856,-0.30446991,-0.58405411,0
-1.2664682,1.9273226,-0.50609004,0.22028588,0.95200992,-0.21248814,0
0.82766479,-2.030813,-0.59353882,-0.22028588,-0.95200992,0.21248814,0
0.17154476,-1.4310966,0.60393178,-0.22028588,-0.95200992,0.21248814,0
-0.42089444,-0.91041839,1.9904397,-0.22028588,-0.95200992,0.21248814,0
1.0525125,-0.30809778,-2.0932031,0.75244856,-0.30446991,-0.58405411,0
1.5733217,0.64293706,0.50139719,0.62072158,0.031227544,0.78340888,0
-0.38523996,-1.0085617,1.5945445,-0.22028588,-0.95200992,0.21248814,0
0.15043791,1.2579587,-0.39217308,0.22028588,0.95200992,-0.21248814,0
1.187771,1.0712397,-1.5734507,0.22028588,0.95200992,-0.21248814,0
0.95335698,0.8432548,-2.7254684,0.22028588,0.95200992,-0.21248814,0
-2.3751521,-0.67111397,0.2405234,-0.62072158,-0.031227544,-0.78340888,0
2.0580974,0.98969388,-0.26910502,0.22028588,0.95200992,-0.21248814,0
1.3021612,-0.92423648,-1.3508744,0.75244856,-0.30446991,-0.58405411,0
-0.91778207,1.1598312,1.6318209,-0.75244856,0.30446991,0.58405411,0
0.83557761,-0.68250799,-2.1776595,0.75244856,-0.30446991,-0.58405411,0
1.0888338,-1.3164216,1.1609051,0.62072158,0.031227544,0.78340888,0
-0.83543122,-1.4889374,-0.079323672,-0.22028588,-0.95200992,0.21248814,0
-2.3701861,-0.043624934,0.21730703,-0.75244856,0.30446991,0.58405411,0
-2.0452821,1.8855597,-0.45728734,-0.62072158,-0.031227544,-0.78340888,0
0.48989218,-0.73274738,-2.1091828,0.75244856,-0.30446991,-0.58405411,0
0.40600646,-1.2140753,-1.9869881,-0.62072158,-0.031227544,-0.78340888,0
1.8211657,-0.32760274,-0.6805867,0.75244856,-0.30446991,-0.58405411,0
-0.88165987,1.9992788,1.1668535,-0.75244856,0.30446991,0.58405411,0
1.3007512,0.21473438,0.86200094,0.62072158,0.031227544,0.78340888,0
-0.5616219,1.04616,2.1967356,0.62072158,0.031227544,0.78340888,0
1.7281588,0.30382332,-1.2426548,0.75244856,-0.30446991,-0.58405411,0
0.53280044,-1.0768898,-2.3937745,0.75244856,-0.30446991,-0.58405411,0
-2.1122103,1.5621251,0.084240913,-0.75244856,0.30446991,0.58405411,0
1.6976179,0.63798422,0.54678118,0.62072158,0.031227544,0.78340888,0
-2.4679778,-0.95371968,0.46733713,-0.22028588,-0.95200992,0.21248814,0
-0.21674246,-1.2256105,0.68051273,-0.22028588,-0.95200992,0.21248814,0
-1.9772321,-0.94527984,1.1061527,-0.75244856,0.30446991,0.58405411,0
0.14114712,-1.6821849,-1.1276917,-0.22028588,-0.95200992,0.21248814,0
-0.79136103,-1.4494811,-1.4455876,-0.62072158,-0.031227544,-0.78340888,0
-1.8390409,-1.2820975,-0.49637505,-0.22028588,-0.95200992,0.21248814,0
-1.4429171,-0.029314689,-0.69545007,-0.62072158,-0.031227544,-0.78340888,0
-0.65079558,-0.96091527,1.7040796,-0.22028588,-0.95200992,0.21248814,0
1.6566861,1.2915441,-0.026549876,0.22028588,0.95200992,-0.21248814,0
-0.40998513,-0.23372318,-1.4679561,-0.62072158,-0.031227544,-0.78340888,0
-2.0018437,1.2907562,-0.61279207,-0.62072158,-0.031227544,-0.78340888,0
1.4150593,0.34984261,-2.0557809,0.75244856,-0.30446991,-0.58405411,0
-2.2687602,0.1970007,-0.30343705,-0.62072158,-0.031227544,-0.78340888,0
0.74174684,-1.5058285,0.6922493,-0.22028588,-0.95200992,0.21248814,0
-1.5279456,-0.92311668,-0.84494025,-0.62072158,-0.031227544,-0.78340888,0
1.2258382,0.70172644,-2.0842843,0.22028588,0.95200992,-0.21248814,0
-1.9555709,-0.015824776,0.71817094,-0.75244856,0.30446991,0.58405411,0
-1.6406373,1.2103071,0.86426646,-0.75244856,0.30446991,0.58405411,0
0.16762835,-1.3256409,1.2558624,-0.22028588,-0.95200992,0.21248814,0
-0.085587762,-1.5972904,-0.21918699,-0.22028588,-0.95200992,0.21248814,0
0.0015975684,-1.567449,0.051877588,-0.22028588,-0.95200992,0.21248814,0
0.036512822,1.4476967,1.8522404,0.62072158,0.031227544,0.78340888,0
0.80643713,-0.79931796,-2.2348294,0.75244856,-0.30446991,-0.58405411,0
2.7092147,0.62767708,-0.10704505,0.62072158,0.031227544,0.78340888,0
-2.3545868,-0.51779318,-0.046988308,-0.62072158,-0.031227544,-0.78340888,0
2.5026362,0.6003319,-0.53367674,0.75244856,-0.30446991,-0.58405411,0
1.6413422,-1.0325094,0.68877977,0.62072158,0.031227544,0.78340888,0
-1.6749654,-0.05349125,1.2144022,-0.75244856,0.30446991,0.58405411,0
-2.166594,-0.0412095,0.4126308,-0.75244856,0.30446991,0.58405411,0
1.5211816,-1.539922,0.87313741,0.62072158,0.031227544,0.78340888,0
-2.3072464,-0.61737686,0.52668029,-0.75244856,0.30446991,0.58405411,0
2.3820832,-1.0505295,-0.077486873,0.75244856,-0.30446991,-0.58405411,0
-0.9229666,1.4495161,-1.0158283,0.22028588,0.95200992,-0.21248814,0
-1.363777,1.5524271,1.0451345,-0.75244856,0.30446991,0.58405411,0
-1.3025738,1.4303868,0.90009683,-0.75244856,0.30446991,0.58405411,0
-1.8582163,0.7868312,0.84783536,-0.75244856,0.30446991,0.58405411,0
-1.099946,1.790437,-0.80928659,0.22028588,0.95200992,-0.21248814,0
1.4142109,1.4410605,0.023378432,0.22028588,0.95200992,-0.21248814,0
-2.026655,-0.7633695,1.3948677,-0.75244856,0.30446991,0.58405411,0
1.3926654,-1.1262039,0.96006197,0.62072158,0.031227544,0.78340888,0
-0.90466797,-1.0902519,1.7387606,-0.22028588,-0.95200992,0.21248814,0
1.6083332,1.332095,-0.078441799,0.22028588,0.95200992,-0.21248814,0
-0.22409087,2.1153624,1.9037933,0.22028588,0.95200992,-0.21248814,0
-0.37294018,0.97026753,-1.7144896,-0.62072158,-0.031227544,-0.78340888,0
-1.5880244,1.6181805,-0.74740946,-0.62072158,-0.031227544,-0.78340888,0
-0.68894625,1.820982,1.3742292,-0.75244856,0.30446991,0.58405411,0
2.0607164,1.1335889,-0.71053767,0.22028588,0.95200992,-0.21248814,0
-0.89173245,1.7056201,0.27111262,0.22028588,0.95200992,-0.21248814,0
1.6255679,-0.5910942,-1.0161021,0.75244856,-0.30446991,-0.58405411,0
-0.21175724,1.267333,-1.6327293,0.22028588,0.95200992,-0.21248814,0
-1.0701833,-1.230575,0.80763984,-0.22028588,-0.95200992,0.21248814,0
-1.4096725,1.7483666,0.90004331,-0.75244856,0.30446991,0.58405411,0
1.835746,-0.54163361,0.46212363,0.62072158,0.031227544,0.78340888,0
1.5931667,0.46438503,-1.4067552,0.75244856,-0.30446991,-0.58405411,0
-0.054121435,1.0735363,1.8369174,0.62072158,0.031227544,0.78340888,0
-1.9929349,0.45794138,-0.51168239,-0.62072158,-0.031227544,-0.78340888,0
0.36253703,1.5523417,0.35298401,0.22028588,0.95200992,-0.21248814,0
1.0861017,0.66714966,-2.70226,0.75244856,-0.30446991,-0.58405411,0
-1.027454,0.11047816,-1.1791365,-0.62072158,-0.031227544,-0.78340888,0
1.9104929,-0.52917564,-0.59640729,0.75244856,-0.30446991,-0.58405411,0
-0.027928174,-0.11817345,-1.9977129,-0.62072158,-0.031227544,-0.78340888,0
0.029043972,-2.1169174,-2.0787473,-0.62072158,-0.031227544,-0.78340888,0
-1.3137167,-1.5779738,-0.67335105,-0.22028588,-0.95200992,0.21248814,0
-0.53178787,-1.1336416,0.58657622,-0.22028588,-0.95200992,0.21248814,0
-0.46168321,-1.8736054,-1.1236007,-0.22028588,-0.95200992,0.21248814,0
-1.1853242,2.1962609,0.92091143,0.22028588,0.95200992,-0.21248814,0
-1.824075,1.394918,0.63176286,-0.75244856,0.30446991,0.58405411,0
-0.13137805,1.9293895,1.6072513,0.22028588,0.95200992,-0.21248814,0
0.69340521,1.7600778,1.2184386,0.62072158,0.031227544,0.78340888,0
-0.95463687,1.2128692,1.8055501,-0.75244856,0.30446991,0.58405411,0
1.1582158,-0.74318129,1.0558571,0.62072158,0.031227544,0.78340888,0
-0.74191815,1.5323912,-1.2771711,0.22028588,0.95200992,-0.21248814,0
0.45930415,0.98763597,1.7476665,0.62072158,0.031227544,0.78340888,0
0.85735106,0.91530633,-2.0295727,0.22028588,0.95200992,-0.21248814,0
1.453213,0.68829185,-2.103683,0.75244856,-0.30446991,-0.58405411,0
-1.1182585,-1.5254784,-1.0498631,-0.22028588,-0.95200992,0.21248814,0
-1.2116616,-0.28866646,2.1970608,-0.75244856,0.30446991,0.58405411,0
-0.64673197,1.5787458,-1.3437154,-0.62072158,-0.031227544,-0.78340888,0
2.0133319,-1.8761563,0.14361978,0.75244856,-0.30446991,-0.58405411,0
-2.2239578,-1.2101632,-0.25618005,-0.62072158,-0.031227544,-0.78340888,0
1.2640241,-1.7077444,1.1143188,-0.22028588,-0.95200992,0.21248814,0
0.42337853,1.4374382,1.2814838,0.62072158,0.031227544,0.78340888,0
0.624915,1.4034661,1.2633284,0.62072158,0.031227544,0.78340888,0
0.1090709,1.5817503,-0.10074376,0.22028588,0.95200992,-0.21248814,0
0.81538272,-1.7806755,0.76972997,-0.22028588,-0.95200992,0.21248814,0
-0.79320532,-0.28704613,-1.512665,-0.62072158,-0.031227544,-0.78340888,0
-1.8243992,0.57726729,0.73244989,-0.75244856,0.30446991,0.58405411,0
1.1723058,-1.1620991,1.2331384,0.62072158,0.031227544,0.78340888,0
0.61589921,1.5204532,-0.24330671,0.22028588,0.95200992,-0.21248814,0
2.0540671,0.53734565,-1.379281,0.75244856,-0.30446991,-0.58405411,0
0.18127114,-1.2091643,1.1601201,-0.22028588,-0.95200992,0.21248814,0
0.99727964,-1.8521845,0.22598915,-0.22028588,-0.95200992,0.21248814,0
1.7350096,-0.18262291,-1.35374,0.75244856,-0.30446991,-0.58405411,0
0.48369002,1.3364224,1.7138762,0.62072158,0.031227544,0.78340888,0
1.0936652,-1.848567,-1.2733052,0.75244856,-0.30446991,-0.58405411,0
-1.5200963,2.2079732,0.55719262,-0.75244856,0.30446991,0.58405411,0
-1.2773404,-1.2032173,-0.32597128,-0.22028588,-0.95200992,0.21248814,0
0.58051872,-1.0544422,-1.9650834,0.75244856,-0.30446991,-0.58405411,0
0.75416189,-0.055203348,-2.3186665,0.75244856,-0.30446991,-0.58405411,0
0.14436698,-2.1409912,-1.6955588,-0.22028588,-0.95200992,0.21248814,0
-1.8498933,1.0213761,0.50441891,-0.75244856,0.30446991,0.58405411,0
0.3736493,-0.48228776,1.4328525,0.62072158,0.031227544,0.78340888,0
-1.0436517,-0.89251119,-1.1660758,-0.62072158,-0.031227544,-0.78340888,0
0.57961011,-2.2269015,-1.3817587,-0.22028588,-0.95200992,0.21248814,0
0.72498518,-1.8096777,-1.0178664,-0.22028588,-0.95200992,0.21248814,0
-1.4316728,0.41603598,1.2367847,-0.75244856,0.30446991,0.58405411,0
-1.2627617,1.0723619,-1.0256667,-0.62072158,-0.031227544,-0.78340888,0
2.4033394,0.48838523,-0.83836764,0.75244856,-0.30446991,-0.58405411,0
1.1948667,-1.2236242,0.99125928,0.62072158,0.031227544,0.78340888,0
-1.1925259,1.6541138,-0.78175771,0.22028588,0.95200992,-0.21248814,0
-2.4932828,-0.43230599,0.37612659,-0.75244856,0.30446991,0.58405411,0
0.68096721,-1.6138247,-2.0134592,0.75244856,-0.30446991,-0.58405411,0
-1.7564763,-0.89393228,0.94771737,-0.22028588,-0.95200992,0.21248814,0
0.74335515,0.84703511,-2.4672647,0.22028588,0.95200992,-0.21248814,0
0.2832095,1.8142585,1.5867033,0.62072158,0.031227544,0.78340888,0
-0.31057525,-1.4696391,-0.22911987,-0.22028588,-0.95200992,0.21248814,0
-2.0872123,-0.056861885,-0.1009199,-0.62072158,-0.031227544,-0.78340888,0
-0.093647592,1.642017,0.30102357,0.22028588,0.95200992,-0.21248814,0
1.2122127,0.0099779814,1.0519823,0.62072158,0.031227544,0.78340888,0
1.8584101,0.57079995,-1.3840767,0.75244856,-0.30446991,-0.58405411,0
-0.23080659,-0.9682821,2.384063,0.62072158,0.031227544,0.78340888,0
-0.49517614,1.6893692,1.8624637,-0.75244856,0.30446991,0.58405411,0
-2.3013349,0.60090017,-0.0085762739,-0.62072158,-0.031227544,-0.78340888,0
-1.9382997,1.7339945,-0.47323963,-0.62072158,-0.031227544,-0.78340888,0
1.2479978,-1.4230615,0.81690359,0.62072158,0.031227544,0.78340888,0
-0.73908985,-1.4855742,-1.2897625,-0.22028588,-0.95200992,0.21248814,0
-0.93131334,0.45598662,1.7564268,-0.75244856,0.30446991,0.58405411,0
1.1463892,-0.107194,-1.558603,0.75244856,-0.30446991,-0.58405411,0
-2.4026425,-0.53180492,0.023001254,-0.62072158,-0.031227544,-0.78340888,0
2.4847128,-0.4264583,-0.3207348,0.75244856,-0.30446991,-0.58405411,0
-1.436337,-0.90273511,1.7242205,-0.75244856,0.30446991,0.58405411,0
-1.9776576,-1.0216932,-0.43948248,-0.62072158,-0.031227544,-0.78340888,0
2.289566,-0.67512387,-0.068487644,0.75244856,-0.30446991,-0.58405411,0
2.1549604,-0.041798934,-0.7551924,0.75244856,-0.30446991,-0.58405411,0
0.62660986,-1.8990345,-0.18169752,-0.22028588,-0.95200992,0.21248814,0
0.27095166,-2.1582201,-2.1731482,-0.62072158,-0.031227544,-0.78340888,0
-1.1178336,-0.47815081,2.519275,-0.75244856,0.30446991,0.58405411,0
-1.9177252,0.87200582,-0.34061125,-0.62072158,-0.031227544,-0.78340888,0
-0.34307685,1.9589335,1.7947197,-0.75244856,0.30446991,0.58405411,0
-1.2574741,1.6183416,0.6421358,-0.75244856,0.30446991,0.58405411,0
2.3218973,0.72732204,-0.54044312,0.22028588,0.95200992,-0.21248814,0
-0.034824014,-1.7983688,-0.79003578,-0.22028588,-0.95200992,0.21248814,0
1.569527,0.89433885,-0.89892048,0.22028588,0.95200992,-0.21248814,0
-1.3364027,1.1990129,1.1340892,-0.75244856,0.30446991,0.58405411,0
1.4518555,-2.0896239,-0.39603925,0.75244856,-0.30446991,-0.58405411,0
-0.17541635,1.4219269,-1.6804609,0.22028588,0.95200992,-0.21248814,0
0.54920852,1.5822058,1.5077977,0.62072158,0.031227544,0.78340888,0
0.41952875,1.8743907,1.1357548,0.22028588,0.95200992,-0.21248814,0
1.3386173,1.4710631,0.38947132,0.22028588,0.95200992,-0.21248814,0
0.18068165,-1.4463164,1.6688993,-0.22028588,-0.95200992,0.21248814,0
-1.7625569,1.8301754,-0.22556341,0.22028588,0.95200992,-0.21248814,0
0.00013198704,1.6675869,0.68268883,0.22028588,0.95200992,-0.21248814,0
0.7020154,0.29675677,1.3305049,0.62072158,0.031227544,0.78340888,0
-0.694556,0.055629432,2.2008297,-0.75244856,0.30446991,0.58405411,0
2.1524262,-1.6108249,0.1007998,0.62072158,0.031227544,0.78340888,0
1.5589926,-1.3996865,-0.74484104,0.75244856,-0.30446991,-0.58405411,0
-1.142916,-0.54048347,2.198149,-0.75244856,0.30446991,0.58405411,0
-1.52161,2.0861187,0.28476202,0.22028588,0.95200992,-0.21248814,0
0.90373874,-0.13197584,-2.2860255,0.75244856,-0.30446991,-0.58405411,0
1.0632751,-0.087851509,1.0679489,0.62072158,0.031227544,0.78340888,0
1.7830514,-0.29309797,-0.91766769,0.75244856,-0.30446991,-0.58405411,0
-1.0819316,-0.89148462,-1.1736026,-0.62072158,-0.031227544,-0.78340888,0
-1.4170151,-0.33397487,2.0365276,-0.75244856,0.30446991,0.58405411,0
-2.343807,0.77267218,0.16299474,-0.62072158,-0.031227544,-0.78340888,0
0.60844564,1.3692424,-0.92690712,0.22028588,0.95200992,-0.21248814,0
-1.6121794,0.4647297,0.77342623,-0.75244856,0.30446991,0.58405411,0
-0.41039908,-1.3001587,-1.5358087,-0.62072158,-0.031227544,-0.78340888,0
-2.4349668,0.88495076,0.14827216,-0.75244856,0.30446991,0.58405411,0
-2.3778934,0.67557752,-0.075073063,-0.75244856,0.30446991,0.58405411,0
1.356414,-0.073445223,-1.5936363,0.75244856,-0.30446991,-0.58405411,0
1.0805898,0.57546997,-2.6680191,0.75244856,-0.30446991,-0.58405411,0
1.469992,0.94886887,-0.66457212,0.22028588,0.95200992,-0.21248814,0
-0.42619586,-1.4487395,0.80205941,-0.22028588,-0.95200992,0.21248814,0
0.49925372,-1.9199523,-0.13819996,-0.22028588,-0.95200992,0.21248814,0
-0.44745478,1.7405109,-0.51852083,0.22028588,0.95200992,-0.21248814,0
-1.5418575,-0.93538094,1.2319927,-0.22028588,-0.95200992,0.21248814,0
-1.336567,-0.23016934,1.7030056,-0.75244856,0.30446991,0.58405411,0
-2.2944145,-0.93516493,-0.027288616,-0.22028588,-0.95200992,0.21248814,0
-1.4623656,1.0653565,1.0966072,-0.75244856,0.30446991,0.58405411,0
-0.83291471,-0.20719561,2.6163342,0.62072158,0.031227544,0.78340888,0
1.0286074,-0.75808334,1.0148221,0.62072158,0.031227544,0.78340888,0
0.63666344,-1.2795746,1.2711589,-0.22028588,-0.95200992,0.21248814,0
1.3596354,-0.80210489,-1.4541674,0.75244856,-0.30446991,-0.58405411,0
-1.5576072,-1.181569,-0.30031833,-0.22028588,-0.95200992,0.21248814,0
-1.3090172,0.62369359,1.7425318,-0.75244856,0.30446991,0.58405411,0
0.65350407,-1.5150993,0.17754011,-0.22028588,-0.95200992,0.21248814,0
1.6711092,0.27443564,0.37050873,0.62072158,0.031227544,0.78340888,0
-0.83005881,1.1905401,-1.0978085,-0.62072158,-0.031227544,-0.78340888,0
0.98945016,-1.1678129,-1.87657,0.75244856,-0.30446991,-0.58405411,0
-1.6381767,0.34502181,-0.56937373,-0.62072158,-0.031227544,-0.78340888,0
1.2736976,-0.50893134,-1.5113466,0.75244856,-0.30446991,-0.58405411,0
1.5325882,1.180366,-0.63641751,0.22028588,0.95200992,-0.21248814,0
0.34892309,-0.78753811,1.6073061,0.62072158,0.031227544,0.78340888,0
-0.91345167,1.5464202,-0.17717345,0.22028588,0.95200992,-0.21248814,0
-0.1122745,-1.4164929,-1.7239479,-0.62072158,-0.031227544,-0.78340888,0
-1.9201521,0.34297904,0.76362395,-0.75244856,0.30446991,0.58405411,0
1.9884496,-0.3414543,0.52933061,0.62072158,0.031227544,0.78340888,0
0.55654061,0.48739904,-2.5194273,-0.62072158,-0.031227544,-0.78340888,0
-0.78335071,0.57411385,2.0908926,-0.75244856,0.30446991,0.58405411,0
-0.33455056,-1.4207917,0.85083151,-0.22028588,-0.95200992,0.21248814,0
1.9589528,0.19683565,-0.6965977,0.75244856,-0.30446991,-0.58405411,0
-0.85222977,0.2468787,-1.1618721,-0.62072158,-0.031227544,-0.78340888,0
0.64354187,-0.58204657,-2.0731339,0.75244856,-0.30446991,-0.58405411,0
-1.0996264,1.6739595,-0.913535,0.22028588,0.95200992,-0.21248814,0
1.9441478,-1.778605,-0.1022861,0.75244856,-0.30446991,-0.58405411,0
1.7500131,-1.7152715,0.28982544,-0.22028588,-0.95200992,0.21248814,0
-0.65720111,-1.3821409,0.78661442,-0.22028588,-0.95200992,0.21248814,0
1.9015414,0.27464625,0.14961571,0.62072158,0.031227544,0.78340888,0
1.1563501,-0.51972163,-1.8940461,0.75244856,-0.30446991,-0.58405411,0
0.6251325,-1.970402,-1.4039937,-0.22028588,-0.95200992,0.21248814,0
0.73225605,1.2528439,-1.158237,0.22028588,0.95200992,-0.21248814,0
-2.126152,-0.88181716,0.078981936,-0.22028588,-0.95200992,0.21248814,0
-0.30989191,1.6005282,-0.07925573,0.22028588,0.95200992,-0.21248814,0
1.2692437,-0.67981333,1.0098557,0.62072158,0.031227544,0.78340888,0
1.9957216,1.2279676,-0.27522874,0.22028588,0.95200992,-0.21248814,0
1.0633563,1.2082235,-1.3792107,0.22028588,0.95200992,-0.21248814,0
-1.0823038,2.2438316,1.1585958,-0.75244856,0.30446991,0.58405411,0
-0.68483543,-0.49360311,-1.4520909,-0.62072158,-0.031227544,-0.78340888,0
0.33668995,-1.8238543,-1.7990026,0.75244856,-0.30446991,-0.58405411,0
-0.78294992,-1.277972,0.79953611,-0.22028588,-0.95200992,0.21248814,0
-0.9763335,1.8779981,1.0759977,0.22028588,0.95200992,-0.21248814,0
1.2666892,1.4422338,0.62311304,0.22028588,0.95200992,-0.21248814,0
-1.9972155,1.1798075,0.35098743,-0.75244856,0.30446991,0.58405411,0
0.56889772,1.3022146,1.5030949,0.62072158,0.031227544,0.78340888,0
-1.6195402,2.0033715,-0.39983463,0.22028588,0.95200992,-0.21248814,0
-1.6762626,1.4709973,0.81354642,-0.75244856,0.30446991,0.58405411,0
1.7996637,0.37189007,-1.3397961,0.75244856,-0.30446991,-0.58405411,0
-1.0382676,0.40576178,-1.2823501,-0.62072158,-0.031227544,-0.78340888,0
-0.388304,-0.45973244,2.2644038,0.62072158,0.031227544,0.78340888,0
-1.0726136,-0.45850158,-0.85026252,-0.62072158,-0.031227544,-0.78340888,0
-1.6195723,-0.93389922,0.25739849,-0.22028588,-0.95200992,0.21248814,0
1.6931546,-0.97160614,-0.74238378,0.75244856,-0.30446991,-0.58405411,0
0.10037622,-1.9700627,-1.2506038,-0.22028588,-0.95200992,0.21248814,0
-1.9976845,1.3669292,0.17724073,-0.75244856,0.30446991,0.58405411,0
-0.069265008,0.84908462,2.0802398,0.62072158,0.031227544,0.78340888,0
0.084795959,1.7802026,0.68757796,0.22028588,0.95200992,-0.21248814,0
-1.6407849,0.092760153,1.5835959,-0.75244856,0.30446991,0.58405411,0
0.59339428,0.38020235,-2.3208404,-0.62072158,-0.031227544,-0.78340888,0
1.0572573,0.26683861,0.83066785,0.62072158,0.031227544,0.78340888,0
-1.0081285,1.2778312,1.2890897,-0.75244856,0.30446991,0.58405411,0
-0.71539825,1.9569805,0.92685807,0.22028588,0.95200992,-0.21248814,0
0.56410903,0.9813776,-1.5726961,0.22028588,0.95200992,-0.21248814,0
0.19383937,-1.4488564,0.9451102,-0.22028588,-0.95200992,0.21248814,0
-0.85936606,-0.95638639,1.4521883,-0.22028588,-0.95200992,0.21248814,0
-1.0946063,1.9727112,0.060191214,0.22028588,0.95200992,-0.21248814,0
2.1803212,0.50420481,-0.92430502,0.75244856,-0.30446991,-0.58405411,0
-1.3986133,0.93576777,1.3869102,-0.75244856,0.30446991,0.58405411,0
-0.96366405,0.74958062,-1.1378194,-0.62072158,-0.031227544,-0.78340888,0
0.32514948,0.30257612,1.708007,0.62072158,0.031227544,0.78340888,0
-1.0910909,1.5818814,1.2492766,-0.75244856,0.30446991,0.58405411,0
1.2340624,1.0708405,-0.34917504,0.22028588,0.95200992,-0.21248814,0
0.78588259,1.0760869,-1.6898741,0.22028588,0.95200992,-0.21248814,0
2.0782125,0.14260019,0.27589789,0.62072158,0.031227544,0.78340888,0
0.87285197,0.92064202,-2.4262853,0.22028588,0.95200992,-0.21248814,0
0.85182154,0.236637,1.2228158,0.62072158,0.031227544,0.78340888,0
1.2642863,0.86982518,-1.5685441,0.22028588,0.95200992,-0.21248814,0
-0.076099902,-1.2365454,0.89377552,-0.22028588,-0.95200992,0.21248814,0
-1.1376119,-1.027385,1.7971456,-0.22028588,-0.95200992,0.21248814,0
1.9382721,-1.3759596,-0.54179406,0.75244856,-0.30446991,-0.58405411,0
-1.0441467,0.84718597,1.9201047,-0.75244856,0.30446991,0.58405411,0
1.3723663,-0.6651932,0.79515153,0.62072158,0.031227544,0.78340888,0
-1.3032296,0.37731916,1.3327827,-0.75244856,0.30446991,0.58405411,0
-2.1603622,-0.37607291,-0.24156442,-0.62072158,-0.031227544,-0.78340888,0
-2.2579136,-0.18771327,0.094761431,-0.62072158,-0.031227544,-0.78340888,0
0.41223809,1.0531089,1.5576741,0.62072158,0.031227544,0.78340888,0
1.7471426,-1.393798,-0.1664899,0.75244856,-0.30446991,-0.58405411,0
0.95685095,1.3056686,0.58053416,0.22028588,0.95200992,-0.21248814,0
-0.43931615,-1.1254222,0.73372984,-0.22028588,-0.95200992,0.21248814,0
-0.006719768,0.61249387,2.0587339,0.62072158,0.031227544,0.78340888,0
1.9100446,-0.486839,0.38655782,0.62072158,0.031227544,0.78340888,0
1.1604497,-0.97657424,-1.3621351,0.75244856,-0.30446991,-0.58405411,0
1.2368687,-0.97437578,-1.3306839,0.75244856,-0.30446991,-0.58405411,0
2.0410981,-1.5739859,0.57807976,0.62072158,0.031227544,0.78340888,0
2.1958833,-0.33556098,-0.08174479,0.75244856,-0.30446991,-0.58405411,0
-1.3560507,0.46625566,1.3114812,-0.75244856,0.30446991,0.58405411,0
1.3488572,0.086779281,-1.5478675,0.75244856,-0.30446991,-0.58405411,0
-1.6685808,-0.18206276,1.3370808,-0.75244856,0.30446991,0.58405411,0
0.73732567,1.1987116,1.2918671,0.62072158,0.031227544,0.78340888,0
-1.3922698,-0.60408956,-1.0344809,-0.62072158,-0.031227544,-0.78340888,0
1.4549803,0.3722783,-1.5383501,0.75244856,-0.30446991,-0.58405411,0
2.1573117,-1.5910275,-0.13929272,0.75244856,-0.30446991,-0.58405411,0
0.87504387,0.013091654,1.1721729,0.62072158,0.031227544,0.78340888,0
-0.46803832,1.3709998,2.1009939,-0.75244856,0.30446991,0.58405411,0
0.61248052,1.8937684,1.4562026,0.62072158,0.031227544,0.78340888,0
-2.0246046,1.3751324,-0.14491701,-0.75244856,0.30446991,0.58405411,0
0.47943649,-1.8529148,-1.5301397,0.75244856,-0.30446991,-0.58405411,0
0.71509063,1.2850859,0.13876179,0.22028588,0.95200992,-0.21248814,0
2.8266802,0.53844672,-0.14642453,0.75244856,-0.30446991,-0.58405411,0
-0.47408921,-0.064979881,-1.6682444,-0.62072158,-0.031227544,-0.78340888,0
0.98696792,-1.1122949,-1.3920715,0.75244856,-0.30446991,-0.58405411,0
-0.65332079,-0.80496174,2.3036373,-0.22028588,-0.95200992,0.21248814,0
0.79462308,-1.6975166,-0.45851779,-0.22028588,-0.95200992,0.21248814,0
-0.55880892,-1.4494317,-1.2350001,-0.62072158,-0.031227544,-0.78340888,0
1.4755423,0.37314725,0.7743054,0.62072158,0.031227544,0.78340888,0
-2.2935052,0.67096102,-0.23275143,-0.62072158,-0.031227544,-0.78340888,0
0.096230775,-0.43046042,-1.7416987,-0.62072158,-0.031227544,-0.78340888,0
-0.6553582,0.81485868,-1.3877139,-0.62072158,-0.031227544,-0.78340888,0
0.92267203,0.87217182,0.98039734,0.62072158,0.031227544,0.78340888,0
1.6818316,1.1142025,-0.18473828,0.22028588,0.95200992,-0.21248814,0
-0.27767181,1.6624388,-0.17754158,0.22028588,0.95200992,-0.21248814,0
2.1966858,0.19605714,0.046906173,0.62072158,0.031227544,0.78340888,0
0.34135771,-1.7708032,-1.8048344,0.75244856,-0.30446991,-0.58405411,0
-1.2694432,1.0380851,1.073843,-0.75244856,0.30446991,0.58405411,0
-1.5258446,-0.40684465,1.6796055,-0.75244856,0.30446991,0.58405411,0
-0.24368283,1.9943062,1.2202814,0.22028588,0.95200992,-0.21248814,0
-0.14834279,0.42818692,-2.0657043,-0.62072158,-0.031227544,-0.78340888,0
-1.4316503,2.1050713,0.082591712,0.22028588,0.95200992,-0.21248814,0
2.1428468,-1.6741104,0.40101114,0.75244856,-0.30446991,-0.58405411,0
0.45854688,-1.6392752,0.61165684,-0.22028588,-0.95200992,0.21248814,0
1.520591,-1.9290953,0.540739,-0.22028588,-0.95200992,0.21248814,0
0.69437975,-0.33608466,-2.1868539,0.75244856,-0.30446991,-0.58405411,0
-2.1909831,-0.64625812,1.236726,-0.75244856,0.30446991,0.58405411,0
-2.3404903,-0.65817457,0.13430536,-0.62072158,-0.031227544,-0.78340888,0
0.20682216,0.99169731,-2.0461791,0.22028588,0.95200992,-0.21248814,0
-2.4336591,0.45517874,0.14904666,-0.75244856,0.30446991,0.58405411,0
-0.49478421,-1.205549,1.7918397,-0.22028588,-0.95200992,0.21248814,0
-0.017149955,-0.7249018,-1.7951169,-0.62072158,-0.031227544,-0.78340888,0
1.3347378,0.68980122,-1.8757066,0.22028588,0.95200992,-0.21248814,0
0.38630259,0.21511313,-2.3830233,-0.62072158,-0.031227544,-0.78340888,0
-2.3517585,0.40762466,-0.070693672,-0.75244856,0.30446991,0.58405411,0
-0.43704006,1.9637277,1.081264,0.22028588,0.95200992,-0.21248814,0
-0.52329582,-1.3834199,-0.44027391,-0.22028588,-0.95200992,0.21248814,0
0.94262803,1.3952929,-0.75202215,0.22028588,0.95200992,-0.21248814,0
2.0499601,1.0038375,0.22043011,0.22028588,0.95200992,-0.21248814,0
-1.0446676,-1.0160793,2.3507524,-0.22028588,-0.95200992,0.21248814,0
1.7865076,-1.6367233,-0.096692562,0.75244856,-0.30446991,-0.58405411,0
1.2567375,-2.0716457,-0.41569316,-0.22028588,-0.95200992,0.21248814,0
-0.87468922,0.33903378,2.0430086,-0.75244856,0.30446991,0.58405411,0
-0.72884798,-1.2644707,-1.3932258,-0.62072158,-0.031227544,-0.78340888,0
-0.66637033,-0.86908346,-1.5138516,-0.62072158,-0.031227544,-0.78340888,0
1.201458,-1.8397472,0.11752665,-0.22028588,-0.95200992,0.21248814,0
0.94622588,-1.6821755,-1.4281273,0.75244856,-0.30446991,-0.58405411,0
2.1356812,1.1626461,0.1500451,0.22028588,0.95200992,-0.21248814,0
-2.17275,0.96036559,-0.20746297,-0.62072158,-0.031227544,-0.78340888,0
-2.1426291,-0.5099504,0.6277526,-0.75244856,0.30446991,0.58405411,0
-1.8619792,-1.0398282,-0.076912254,-0.22028588,-0.95200992,0.21248814,0
1.3029368,-0.37994841,-1.7741982,0.75244856,-0.30446991,-0.58405411,0
-0.17775762,-1.3787866,-1.95666,-0.62072158,-0.031227544,-0.78340888,0
-1.877672,0.58817607,0.68054909,-0.75244856,0.30446991,0.58405411,0
-0.55496508,1.084419,1.8817365,-0.75244856,0.30446991,0.58405411,0
2.1137247,-1.3641925,0.30975071,0.75244856,-0.30446991,-0.58405411,0
0.80122012,1.1352909,-1.6321141,0.22028588,0.95200992,-0.21248814,0
1.66418,-1.1082518,-0.78806192,0.75244856,-0.30446991,-0.58405411,0
-1.4173485,-0.40113297,-0.59800935,-0.62072158,-0.031227544,-0.78340888,0
1.3257174,0.010318376,0.62146962,0.62072158,0.031227544,0.78340888,0
-0.74652386,1.52503,-1.2327799,0.22028588,0.95200992,-0.21248814,0
1.5620706,0.20636955,-1.5144403,0.75244856,-0.30446991,-0.58405411,0
2.0410335,-0.65369081,0.49605057,0.62072158,0.031227544,0.78340888,0
2.1480579,-0.86118746,0.43308061,0.62072158,0.031227544,0.78340888,0
1.9592156,0.03532853,-1.2418715,0.75244856,-0.30446991,-0.58405411,0
1.2812891,-2.0531023,0.10174558,-0.22028588,-0.95200992,0.21248814,0
1.5764012,-0.98189628,0.47949693,0.62072158,0.031227544,0.78340888,0
-0.42208394,-1.2186373,-1.440089,-0.62072158,-0.031227544,-0.78340888,0
-1.7645311,-0.49788886,-0.46513847,-0.62072158,-0.031227544,-0.78340888,0
-1.4412768,0.36860943,1.0760463,-0.75244856,0.30446991,0.58405411,0
-1.9487698,0.02620744,-0.33815849,-0.62072158,-0.031227544,-0.78340888,0
1.0787307,-1.8962451,-0.55468208,-0.22028588,-0.95200992,0.21248814,0
-2.4227469,-0.23016283,0.11143184,-0.62072158,-0.031227544,-0.78340888,0
0.43529376,1.3914387,-1.0632349,0.22028588,0.95200992,-0.21248814,0
-1.7363889,-0.99204111,1.4877725,-0.75244856,0.30446991,0.58405411,0
-0.71282315,-1.4214847,0.79150319,-0.22028588,-0.95200992,0.21248814,0
-0.59347725,-0.54221308,-1.2840358,-0.62072158,-0.031227544,-0.78340888,0
0.63756418,1.1772958,-1.8026345,0.22028588,0.95200992,-0.21248814,0
0.73663354,-1.5066339,1.0419052,-0.22028588,-0.95200992,0.21248814,0
-2.138454,1.5314519,0.13179719,-0.75244856,0.30446991,0.58405411,0
-0.34086582,-1.7193449,-0.49292034,-0.22028588,-0.95200992,0.21248814,0
-0.2346499,-0.97383189,2.0204315,-0.22028588,-0.95200992,0.21248814,0
-1.6167295,-0.3639105,-0.42459464,-0.62072158,-0.031227544,-0.78340888,0
1.0692034,-0.86825341,-1.2989271,0.75244856,-0.30446991,-0.58405411,0
-1.0873219,-0.77008045,2.2301097,-0.75244856,0.30446991,0.58405411,0
-1.329037,-1.370144,-0.64554238,-0.62072158,-0.031227544,-0.78340888,0
-1.5334129,1.0464739,0.86582452,-0.75244856,0.30446991,0.58405411,0
0.04980367,1.7233055,0.54975307,0.22028588,0.95200992,-0.21248814,0
-0.15707514,0.51138246,1.88024,0.62072158,0.031227544,0.78340888,0
2.3159268,-0.0015841424,-0.074327946,0.62072158,0.031227544,0.78340888,0
1.905605,-0.69357425,-0.41901511,0.75244856,-0.30446991,-0.58405411,0
1.8823975,0.62393016,0.35374287,0.62072158,0.031227544,0.78340888,0
-2.1762977,-0.69261956,1.0665455,-0.75244856,0.30446991,0.58405411,0
1.1715997,1.0687075,-1.2463739,0.22028588,0.95200992,-0.21248814,0
-1.9457889,1.3357282,-0.57766664,-0.62072158,-0.031227544,-0.78340888,0
-1.8970388,-1.0304556,0.82994688,-0.22028588,-0.95200992,0.21248814,0
0.017416835,1.0602005,-2.1435227,0.22028588,0.95200992,-0.21248814,0
-0.5722543,-0.74291992,-1.4505647,-0.62072158,-0.031227544,-0.78340888,0
-1.08095,0.04031986,2.2398548,-0.75244856,0.30446991,0.58405411,0
-0.98829705,1.2245114,-1.2217278,-0.62072158,-0.031227544,-0.78340888,0
-0.35141551,2.0633645,1.2152898,0.22028588,0.95200992,-0.21248814,0
1.5140954,-1.2041481,-0.73012823,0.75244856,-0.30446991,-0.58405411,0
1.1113911,0.72932327,-2.1744254,0.75244856,-0.30446991,-0.58405411,0
-0.47319156,-1.3732669,1.3196983,-0.22028588,-0.95200992,0.21248814,0
1.2750113,0.22355241,1.1437147,0.62072158,0.031227544,0.78340888,0
1.5500958,-1.2335175,-1.0074784,0.75244856,-0.30446991,-0.58405411,0
-0.31900078,-1.0525714,2.4408016,0.62072158,0.031227544,0.78340888,0
-1.7214098,-0.10208598,-0.51046491,-0.62072158,-0.031227544,-0.78340888,0
-2.4541759,-0.50790203,0.27757889,-0.75244856,0.30446991,0.58405411,0
0.20871609,-1.1449177,2.0303173,0.62072158,0.031227544,0.78340888,0
0.32420695,-0.39897758,-1.9509339,-0.62072158,-0.031227544,-0.78340888,0
1.8019221,1.1954241,-0.24879676,0.22028588,0.95200992,-0.21248814,0
-1.3969189,-0.98846978,0.40504292,-0.22028588,-0.95200992,0.21248814,0
0.38544953,-0.4910208,1.7511224,0.62072158,0.031227544,0.78340888,0
1.4823793,1.0079359,0.71757525,0.62072158,0.031227544,0.78340888,0
-2.0416813,-0.82363778,0.95979035,-0.75244856,0.30446991,0.58405411,0
-1.8051437,-1.06839,0.91435939,-0.22028588,-0.95200992,0.21248814,0
-1.2510946,-0.65220797,2.0077472,-0.22028588,-0.95200992,0.21248814,0
1.4641949,0.89685571,-1.1572769,0.22028588,0.95200992,-0.21248814,0
0.62308955,1.16492,-1.5984707,0.22028588,0.95200992,-0.21248814,0
1.0833614,1.2550696,0.35941976,0.22028588,0.95200992,-0.21248814,0
-0.44399312,0.98782444,2.1432178,0.62072158,0.031227544,0.78340888,0
-2.2645586,0.51014549,0.05336225,-0.62072158,-0.031227544,-0.78340888,0
0.44838428,-1.2897284,1.0323583,-0.22028588,-0.95200992,0.21248814,0
-1.6546873,1.6905112,0.51005578,-0.75244856,0.30446991,0.58405411,0
0.75726074,-0.12161544,1.1122986,0.62072158,0.031227544,0.78340888,0
0.43667996,1.1742225,-1.4100876,0.22028588,0.95200992,-0.21248814,0
1.3578091,0.9745124,-1.0056732,0.22028588,0.95200992,-0.21248814,0
-2.312113,0.27939516,0.11449558,-0.75244856,0.30446991,0.58405411,0
-1.8381443,0.81709635,0.73083258,-0.75244856,0.30446991,0.58405411,0
2.1032357,-0.37460852,0.043302178,0.62072158,0.031227544,0.78340888,0
1.6938003,0.67154914,-1.5718663,0.75244856,-0.30446991,-0.58405411,0
2.2845056,-1.7532461,0.33825502,0.62072158,0.031227544,0.78340888,0
1.2740072,1.2398924,0.51175076,0.22028588,0.95200992,-0.21248814,0
