-2.2893186,-3.2082601,-1.0281973,-0.77913702,-0.62669742,-0.013987541,0
1.435771,-0.64063019,-1.1718612,0.61308724,-0.75718606,-0.22537379,0
3.4227252,1.8537967,0.22559023,0.77913702,0.62669742,0.013987541,0
-1.5067538,-1.282885,1.637288,0.1306501,-0.1841727,0.97417188,0
-2.7029345,-3.2490537,-1.3270805,-0.77913702,-0.62669742,-0.013987541,0
1.1202972,2.3160996,1.2922781,-0.61308724,0.75718606,0.22537379,0
3.2127509,0.77750319,-1.3150215,0.61308724,-0.75718606,-0.22537379,0
-1.692688,-3.3165836,1.1410677,0.1306501,-0.1841727,0.97417188,0
2.5769286,3.2620215,0.70372415,0.77913702,0.62669742,0.013987541,0
-1.153805,1.3935131,-0.60687846,-0.61308724,0.75718606,0.22537379,0
2.6948395,2.8101902,0.22740412,0.77913702,0.62669742,0.013987541,0
-2.2655764,-3.2798386,-1.4259324,-0.77913702,-0.62669742,-0.013987541,0
2.0142221,1.2138188,1.5047326,0.1306501,-0.1841727,0.97417188,0
1.5060458,-0.59563446,-0.29710233,0.61308724,-0.75718606,-0.22537379,0
3.0994444,0.63455594,-0.076218605,0.61308724,-0.75718606,-0.22537379,0
-0.2935642,0.044920266,1.3950121,0.1306501,-0.1841727,0.97417188,0
2.0652657,3.4850683,-0.98712254,-0.1306501,0.1841727,-0.97417188,0
-3.0496464,-1.9633677,1.4600701,0.1306501,-0.1841727,0.97417188,0
-1.2466962,1.3686452,-1.0984418,-0.61308724,0.75718606,0.22537379,0
-3.4265492,-2.0750551,0.23058176,-0.77913702,-0.62669742,-0.013987541,0
2.8115647,2.0089121,-1.4290917,-0.1306501,0.1841727,-0.97417188,0
-0.96401095,-2.6168895,-1.0899583,0.61308724,-0.75718606,-0.22537379,0
-2.3433523,0.27021202,-0.82043099,-0.61308724,0.75718606,0.22537379,0
1.7568947,3.4945111,-0.15209413,-0.61308724,0.75718606,0.22537379,0
3.8487082,1.734117,0.6839819,0.77913702,0.62669742,0.013987541,0
-1.7087216,0.49259034,-0.32906973,-0.61308724,0.75718606,0.22537379,0
2.8206074,0.11630863,0.44266772,0.61308724,-0.75718606,-0.22537379,0
-0.62924147,-0.21314698,-1.5596185,-0.1306501,0.1841727,-0.97417188,0
1.6194388,0.96113116,1.4648283,0.1306501,-0.1841727,0.97417188,0
-3.215807,-2.5450649,1.2868481,-0.77913702,-0.62669742,-0.013987541,0
4.0031447,1.6233853,-0.47015905,0.77913702,0.62669742,0.013987541,0
-2.174046,-2.5116408,1.317687,0.1306501,-0.1841727,0.97417188,0
-2.111691,-0.64592886,-1.4423897,-0.1306501,0.1841727,-0.97417188,0
-1.6919143,-2.437026,1.3230841,0.1306501,-0.1841727,0.97417188,0
-3.5108762,-1.4415952,1.2900767,-0.61308724,0.75718606,0.22537379,0
-3.2722359,-1.1408063,-1.2125807,-0.1306501,0.1841727,-0.97417188,0
-2.5978401,0.087797493,-0.65739095,-0.61308724,0.75718606,0.22537379,0
1.2837479,0.79943371,-1.3854594,-0.1306501,0.1841727,-0.97417188,0
-3.0301995,-2.5003893,1.1309307,-0.77913702,-0.62669742,-0.013987541,0
3.7770875,0.96538889,1.0115004,0.61308724,-0.75718606,-0.22537379,0
2.2703199,3.3157537,0.41787004,0.77913702,0.62669742,0.013987541,0
-2.2748868,-3.4683523,1.1770732,0.1306501,-0.1841727,0.97417188,0
-1.1668311,-2.7556276,-1.1716613,0.61308724,-0.75718606,-0.22537379,0
0.70574391,-0.47149593,1.3014945,0.1306501,-0.1841727,0.97417188,0
-2.8987563,-0.45375502,0.046986341,-0.61308724,0.75718606,0.22537379,0
2.8815403,-0.032310277,0.63540936,0.61308724,-0.75718606,-0.22537379,0
-2.1433008,-0.89543021,1.7421613,0.1306501,-0.1841727,0.97417188,0
1.9267063,3.2262001,0.26547384,-0.61308724,0.75718606,0.22537379,0
3.047339,2.2739542,1.2911084,0.77913702,0.62669742,0.013987541,0
0.42997611,1.2816073,1.8221726,0.1306501,-0.1841727,0.97417188,0
0.25836396,-0.3358089,1.4930463,0.1306501,-0.1841727,0.97417188,0
0.55305552,-0.6987924,-1.5781074,-0.1306501,0.1841727,-0.97417188,0
-2.5002339,-3.2455187,1.3469865,-0.77913702,-0.62669742,-0.013987541,0
3.599364,1.9228749,0.20371342,0.77913702,0.62669742,0.013987541,0
0.092893064,1.7664614,0.51754141,-0.61308724,0.75718606,0.22537379,0
3.3066812,2.1072571,0.26416159,0.77913702,0.62669742,0.013987541,0
2.5316939,3.1936142,-0.073361158,0.77913702,0.62669742,0.013987541,0
-3.509275,-2.0514801,-1.2428086,-0.77913702,-0.62669742,-0.013987541,0
1.1324183,2.4876797,1.5407116,-0.61308724,0.75718606,0.22537379,0
2.3736997,0.072323017,1.3944149,0.1306501,-0.1841727,0.97417188,0
1.3756557,2.8039124,-1.3154869,-0.1306501,0.1841727,-0.97417188,0
2.5486777,3.3953354,0.93192935,0.77913702,0.62669742,0.013987541,0
0.92067027,2.0540524,1.9601694,0.1306501,-0.1841727,0.97417188,0
3.7131429,1.6557431,-0.90302277,0.77913702,0.62669742,0.013987541,0
-1.2828979,-3.1265688,0.85427499,0.61308724,-0.75718606,-0.22537379,0
-2.3083649,-0.97015417,-1.4861164,-0.1306501,0.1841727,-0.97417188,0
-2.722188,-2.87922,0.58559537,-0.77913702,-0.62669742,-0.013987541,0
0.83466816,1.5865574,1.5414977,0.1306501,-0.1841727,0.97417188,0
-2.3657615,-2.5253587,-1.7733737,-0.1306501,0.1841727,-0.97417188,0
2.5511389,0.7480846,1.5108154,0.1306501,-0.1841727,0.97417188,0
-3.2325952,-2.2131734,-1.2241988,-0.77913702,-0.62669742,-0.013987541,0
1.740992,3.672519,-0.52128005,-0.61308724,0.75718606,0.22537379,0
0.1129216,1.9942745,0.38605571,-0.61308724,0.75718606,0.22537379,0
2.9732873,0.12975517,0.28399181,0.61308724,-0.75718606,-0.22537379,0
-2.6305628,-2.8698058,-1.3597045,-0.77913702,-0.62669742,-0.013987541,0
3.7256751,1.6384599,1.4725707,0.77913702,0.62669742,0.013987541,0
-0.98954678,-2.1126101,-1.4359822,0.61308724,-0.75718606,-0.22537379,0
3.7805185,1.6582489,-1.6761637,0.77913702,0.62669742,0.013987541,0
-2.8804066,-2.782341,-0.075592756,-0.77913702,-0.62669742,-0.013987541,0
-1.4283853,0.4766888,-1.1474978,-0.1306501,0.1841727,-0.97417188,0
-1.3849858,0.31929705,-1.4285738,-0.1306501,0.1841727,-0.97417188,0
-2.826067,-2.8571105,1.1557984,-0.77913702,-0.62669742,-0.013987541,0
2.8391171,2.6001635,-1.4985449,0.77913702,0.62669742,0.013987541,0
0.48559391,-0.017108291,1.2915256,0.1306501,-0.1841727,0.97417188,0
-3.1466985,-0.6883505,-0.19378424,-0.61308724,0.75718606,0.22537379,0
-4.0407758,-1.4006636,-1.0059884,-0.77913702,-0.62669742,-0.013987541,0
0.50681436,-0.99396342,-1.7153983,0.61308724,-0.75718606,-0.22537379,0
-2.7007751,-0.2803179,0.74798083,-0.61308724,0.75718606,0.22537379,0
1.5177352,-0.62060177,-0.38839746,0.61308724,-0.75718606,-0.22537379,0
2.5455317,3.0146866,-1.1226697,0.77913702,0.62669742,0.013987541,0
-3.4506245,-1.387121,1.6763074,-0.61308724,0.75718606,0.22537379,0
2.2068579,-0.35513657,1.2661244,0.1306501,-0.1841727,0.97417188,0
-3.0149512,-2.5861506,1.1420617,-0.77913702,-0.62669742,-0.013987541,0
-3.26424,-0.35773206,-0.56129956,-0.61308724,0.75718606,0.22537379,0
-0.76868671,1.5363481,-0.0024190489,-0.61308724,0.75718606,0.22537379,0
-0.93887699,-0.49041519,-1.546199,-0.1306501,0.1841727,-0.97417188,0
-2.1757002,-3.5565574,-0.8244648,-0.77913702,-0.62669742,-0.013987541,0
1.6527356,0.85344976,1.4538014,0.1306501,-0.1841727,0.97417188,0
0.83042097,-1.561506,0.73403746,0.61308724,-0.75718606,-0.22537379,0
-2.1427703,0.50970799,-0.14328301,-0.61308724,0.75718606,0.22537379,0
4.0359764,1.6252079,-0.54005814,0.77913702,0.62669742,0.013987541,0
-2.9118803,-2.7101123,-0.32340908,-0.77913702,-0.62669742,-0.013987541,0
-4.0244946,-1.4010201,-0.84987378,-0.77913702,-0.62669742,-0.013987541,0
0.51029313,0.31838161,-1.6291752,-0.1306501,0.1841727,-0.97417188,0
3.6552634,2.1270463,-1.2815938,0.77913702,0.62669742,0.013987541,0
-0.0018736124,0.66272748,1.7857487,0.1306501,-0.1841727,0.97417188,0
-0.61077964,-1.1007668,-1.7416272,-0.1306501,0.1841727,-0.97417188,0
3.296443,0.95878863,1.3357418,0.1306501,-0.1841727,0.97417188,0
3.4877167,1.1402808,-0.81135535,0.61308724,-0.75718606,-0.22537379,0
-0.010152515,2.0961437,-0.41791302,-0.61308724,0.75718606,0.22537379,0
-3.5255353,-1.8620198,-0.67876935,-0.77913702,-0.62669742,-0.013987541,0
-1.2735485,0.38562405,1.5334921,-0.61308724,0.75718606,0.22537379,0
-3.8591704,-1.4568392,-1.3461595,-0.77913702,-0.62669742,-0.013987541,0
-1.6094444,0.20748258,1.5707673,-0.61308724,0.75718606,0.22537379,0
1.0882512,-1.3308322,0.92944324,0.61308724,-0.75718606,-0.22537379,0
-2.7065623,-2.8876944,-0.94822264,-0.77913702,-0.62669742,-0.013987541,0
0.51143479,1.6825118,1.9700392,0.1306501,-0.1841727,0.97417188,0
-1.495944,0.066439629,1.4833705,-0.61308724,0.75718606,0.22537379,0
1.0571697,2.3208289,-1.2974761,-0.1306501,0.1841727,-0.97417188,0
-0.054392606,-1.7504777,-0.12774867,0.61308724,-0.75718606,-0.22537379,0
0.13111818,-0.52434522,-1.7302971,-0.1306501,0.1841727,-0.97417188,0
-2.0031002,-3.6221528,0.21186161,0.61308724,-0.75718606,-0.22537379,0
-1.3930577,-2.7930179,1.0801167,0.1306501,-0.1841727,0.97417188,0
0.13017881,-1.261158,1.3844138,0.1306501,-0.1841727,0.97417188,0
-1.3574162,-2.5647378,1.0736809,0.1306501,-0.1841727,0.97417188,0
3.9965944,1.4915941,-0.41166449,0.61308724,-0.75718606,-0.22537379,0
-2.2069845,-2.8479283,1.4641118,0.1306501,-0.1841727,0.97417188,0
-1.8040454,0.22842965,-1.1940459,-0.1306501,0.1841727,-0.97417188,0
3.4141364,2.4147286,0.25606203,0.77913702,0.62669742,0.013987541,0
-2.7670927,-3.0337698,0.65283155,-0.77913702,-0.62669742,-0.013987541,0
3.9466224,1.3461,-0.80659485,0.77913702,0.62669742,0.013987541,0
3.8282886,1.7065947,-1.5136352,0.77913702,0.62669742,0.013987541,0
0.40489256,1.9230877,1.2769372,-0.61308724,0.75718606,0.22537379,0
4.0486403,0.69749063,1.2390177,0.61308724,-0.75718606,-0.22537379,0
2.0242305,0.63154948,1.3021411,0.1306501,-0.1841727,0.97417188,0
0.32322741,-0.16365445,-1.4384419,-0.1306501,0.1841727,-0.97417188,0
-2.7617986,-0.27592272,0.014925957,-0.61308724,0.75718606,0.22537379,0
-3.4057884,-1.8899,-1.1710656,-0.77913702,-0.62669742,-0.013987541,0
4.0235529,1.5626194,1.111352,0.77913702,0.62669742,0.013987541,0
-0.9940809,0.63396096,-1.2215384,-0.1306501,0.1841727,-0.97417188,0
3.1698253,2.4723284,-1.4848328,0.77913702,0.62669742,0.013987541,0
-1.2554414,-3.0787857,0.042913198,0.61308724,-0.75718606,-0.22537379,0
3.2667201,2.1222792,-0.0025005341,0.77913702,0.62669742,0.013987541,0
-2.3115814,0.44959697,-1.160763,-0.1306501,0.1841727,-0.97417188,0
3.223572,2.4230833,-0.74745989,0.77913702,0.62669742,0.013987541,0
1.2901673,-1.2786077,0.51717287,0.61308724,-0.75718606,-0.22537379,0
1.7216649,3.7400258,-0.53425145,-0.61308724,0.75718606,0.22537379,0
2.362762,3.7545292,0.2938149,0.77913702,0.62669742,0.013987541,0
-4.0404282,-0.9191401,-1.287421,-0.61308724,0.75718606,0.22537379,0
3.3162575,0.62328196,1.395082,0.1306501,-0.1841727,0.97417188,0
-3.4257698,-0.66990316,0.23214817,-0.61308724,0.75718606,0.22537379,0
-2.3137739,-3.2454143,0.59853458,-0.77913702,-0.62669742,-0.013987541,0
-0.37800753,0.28930157,1.7381768,0.1306501,-0.1841727,0.97417188,0
0.92900574,2.4374394,-1.1289202,-0.1306501,0.1841727,-0.97417188,0
-0.81549412,-2.5769358,-0.33218765,0.61308724,-0.75718606,-0.22537379,0
-2.9778295,-2.6135836,0.9956677,-0.77913702,-0.62669742,-0.013987541,0
2.7142761,0.63226652,-1.6124866,-0.1306501,0.1841727,-0.97417188,0
-3.6945386,-2.0783734,-1.0829875,-0.77913702,-0.62669742,-0.013987541,0
-3.5718653,-2.0569789,0.48200512,-0.77913702,-0.62669742,-0.013987541,0
1.4084473,2.6343918,-1.2664692,-0.1306501,0.1841727,-0.97417188,0
0.82403684,0.293468,-1.394128,-0.1306501,0.1841727,-0.97417188,0
-2.3688846,-3.4250879,0.19399762,-0.77913702,-0.62669742,-0.013987541,0
-1.2841804,0.52257192,0.67855501,-0.61308724,0.75718606,0.22537379,0
-2.0278378,-3.6799495,0.58352828,0.61308724,-0.75718606,-0.22537379,0
3.6825337,1.3526328,-0.75055385,0.61308724,-0.75718606,-0.22537379,0
-0.70411623,-2.3535111,-1.1540561,0.61308724,-0.75718606,-0.22537379,0
3.4142187,1.8595253,0.22974586,0.77913702,0.62669742,0.013987541,0
-0.053565502,0.0051377416,-1.3953633,-0.1306501,0.1841727,-0.97417188,0
1.4947854,-0.21337301,-1.0028148,0.61308724,-0.75718606,-0.22537379,0
0.42213017,0.42665929,-1.4985154,-0.1306501,0.1841727,-0.97417188,0
-0.27736664,1.2026649,1.8982605,-0.61308724,0.75718606,0.22537379,0
0.66836977,2.8845186,-0.43371236,-0.61308724,0.75718606,0.22537379,0
-0.47373939,-2.1953585,-1.4231476,0.61308724,-0.75718606,-0.22537379,0
3.2548695,2.4325213,-0.77800798,0.77913702,0.62669742,0.013987541,0
-0.45277274,-2.5276687,1.2381763,0.1306501,-0.1841727,0.97417188,0
-0.5628944,-0.45430681,1.484471,0.1306501,-0.1841727,0.97417188,0
-2.5733061,-3.0357387,0.84182763,-0.77913702,-0.62669742,-0.013987541,0
3.190716,2.4572814,-0.2671442,0.77913702,0.62669742,0.013987541,0
-1.5328643,-0.72607112,-1.3491962,-0.1306501,0.1841727,-0.97417188,0
0.041820109,2.4140687,-0.7331655,-0.61308724,0.75718606,0.22537379,0
-3.0526204,-2.8616505,0.67394114,-0.77913702,-0.62669742,-0.013987541,0
2.499614,3.3017201,-0.49434829,0.77913702,0.62669742,0.013987541,0
-4.0322218,-1.3870893,-1.1786294,-0.77913702,-0.62669742,-0.013987541,0
3.9071646,1.326916,0.5622046,0.77913702,0.62669742,0.013987541,0
-3.0915236,-0.80152237,1.2336855,-0.61308724,0.75718606,0.22537379,0
-3.2797942,-2.4136803,-1.0612636,-0.77913702,-0.62669742,-0.013987541,0
-2.9768746,-1.9197659,-1.3064265,-0.1306501,0.1841727,-0.97417188,0
-0.81561697,0.68999624,1.4850233,-0.61308724,0.75718606,0.22537379,0
0.18832944,-2.2015774,0.70645571,0.61308724,-0.75718606,-0.22537379,0
2.1548445,3.5152614,-1.1082292,-0.1306501,0.1841727,-0.97417188,0
2.5023329,3.4611619,0.61823511,0.77913702,0.62669742,0.013987541,0
-0.93937492,-2.3119516,-1.8552768,-0.1306501,0.1841727,-0.97417188,0
-3.0854931,-0.40844351,0.21399856,-0.61308724,0.75718606,0.22537379,0
-0.77452213,-2.6498141,0.57664406,0.61308724,-0.75718606,-0.22537379,0
2.6683965,3.0369129,0.20065355,0.77913702,0.62669742,0.013987541,0
2.6792285,1.5967731,1.5941157,0.1306501,-0.1841727,0.97417188,0
-3.8861613,-1.3670437,-1.1906912,-0.1306501,0.1841727,-0.97417188,0
-3.0889297,-2.381978,-0.70396948,-0.77913702,-0.62669742,-0.013987541,0
4.0108342,0.86929864,1.0092812,0.1306501,-0.1841727,0.97417188,0
0.2458888,2.2444136,-0.25444031,-0.61308724,0.75718606,0.22537379,0
2.3595006,3.5768006,0.0032892227,0.77913702,0.62669742,0.013987541,0
3.458271,2.0842862,-1.3137403,0.77913702,0.62669742,0.013987541,0
-1.3160682,-2.7357428,-0.46603227,0.61308724,-0.75718606,-0.22537379,0
0.10928142,-1.5656143,-1.4495506,0.61308724,-0.75718606,-0.22537379,0
-1.7677066,-2.4397416,1.1793525,0.1306501,-0.1841727,0.97417188,0
-2.3548436,-0.33201826,0.62880802,-0.61308724,0.75718606,0.22537379,0
1.9333652,3.6673968,0.23672533,-0.61308724,0.75718606,0.22537379,0
0.77008766,2.5028117,-0.53641236,-0.61308724,0.75718606,0.22537379,0
0.47052783,2.4414973,-0.85758579,-0.61308724,0.75718606,0.22537379,0
-3.9374208,-1.2388951,-1.2932391,-0.77913702,-0.62669742,-0.013987541,0
-2.5731554,-0.36287922,-1.3793823,-0.1306501,0.1841727,-0.97417188,0
-2.7939568,-2.7024965,-0.77050352,-0.77913702,-0.62669742,-0.013987541,0
1.2876233,-0.40744364,-1.7567873,0.61308724,-0.75718606,-0.22537379,0
-3.0545855,-2.6882887,0.066665649,-0.77913702,-0.62669742,-0.013987541,0
-3.6574407,-2.0820131,-0.22727585,-0.77913702,-0.62669742,-0.013987541,0
-0.29417965,-2.423063,1.3086814,0.1306501,-0.1841727,0.97417188,0
-3.3517554,-2.488986,-0.46411896,-0.77913702,-0.62669742,-0.013987541,0
2.1632271,3.6771157,0.4266994,0.77913702,0.62669742,0.013987541,0
3.9362543,0.87425876,1.0965452,0.61308724,-0.75718606,-0.22537379,0
2.7822194,3.0467162,0.29188871,0.77913702,0.62669742,0.013987541,0
-0.1048063,1.6335118,1.3769299,-0.61308724,0.75718606,0.22537379,0
3.5609605,1.0489149,-0.082227945,0.61308724,-0.75718606,-0.22537379,0
-2.6410565,-3.2117493,-1.6303146,-0.77913702,-0.62669742,-0.013987541,0
-2.1804104,0.59170878,-0.90505207,-0.61308724,0.75718606,0.22537379,0
-0.84162712,-2.2376614,-1.7231988,-0.1306501,0.1841727,-0.97417188,0
0.84807467,2.2090693,1.7830133,-0.61308724,0.75718606,0.22537379,0
-1.4623638,0.91955906,0.1380254,-0.61308724,0.75718606,0.22537379,0
1.5634274,-0.36948627,-1.3630273,0.61308724,-0.75718606,-0.22537379,0
2.2028956,-0.058601543,1.140559,0.1306501,-0.1841727,0.97417188,0
3.5733232,2.2188911,-1.7172241,-0.1306501,0.1841727,-0.97417188,0
3.7770953,0.91459143,1.3393204,0.1306501,-0.1841727,0.97417188,0
1.431108,2.4378817,-1.312228,-0.1306501,0.1841727,-0.97417188,0
2.6035562,2.3890049,1.4789131,0.1306501,-0.1841727,0.97417188,0
-0.32570505,-1.2981926,-1.6987661,-0.1306501,0.1841727,-0.97417188,0
-2.3187284,-1.2267771,1.6491249,0.1306501,-0.1841727,0.97417188,0
-1.9909539,-1.4306726,1.6136119,0.1306501,-0.1841727,0.97417188,0
3.3777153,1.6805016,1.4137559,0.1306501,-0.1841727,0.97417188,0
3.0647569,2.8237252,-0.10351038,0.77913702,0.62669742,0.013987541,0
0.84894109,2.2137275,1.4686126,-0.61308724,0.75718606,0.22537379,0
-1.0404441,1.5434053,-1.1621228,-0.61308724,0.75718606,0.22537379,0
2.4764459,0.5345245,-0.93524504,0.61308724,-0.75718606,-0.22537379,0
-2.4714589,-3.4285853,-1.0929358,-0.77913702,-0.62669742,-0.013987541,0
2.2128007,1.7070577,-1.5190411,-0.1306501,0.1841727,-0.97417188,0
3.0668647,2.2252116,1.2058058,0.77913702,0.62669742,0.013987541,0
2.1576002,3.1772647,-1.0453668,-0.1306501,0.1841727,-0.97417188,0
-3.3850629,-1.1049383,0.84114885,-0.61308724,0.75718606,0.22537379,0
1.0764427,2.8258717,-0.21009326,-0.61308724,0.75718606,0.22537379,0
2.0902615,0.16979164,-1.1316251,0.61308724,-0.75718606,-0.22537379,0
-2.1781936,-3.6301587,-0.93582964,-0.77913702,-0.62669742,-0.013987541,0
-2.3893352,-3.1132462,0.11929464,-0.77913702,-0.62669742,-0.013987541,0
-0.138946,-2.030839,0.99174821,0.1306501,-0.1841727,0.97417188,0
-0.10640705,2.1768913,-0.84747785,-0.61308724,0.75718606,0.22537379,0
2.2761893,3.4462457,0.85855556,0.77913702,0.62669742,0.013987541,0
-1.6673276,-3.6291943,0.80607772,0.61308724,-0.75718606,-0.22537379,0
-3.3593993,-2.1129632,1.033143,-0.77913702,-0.62669742,-0.013987541,0
1.8281903,-0.43319789,-0.073112845,0.61308724,-0.75718606,-0.22537379,0
-2.8313429,-3.0650861,-0.37594891,-0.77913702,-0.62669742,-0.013987541,0
-3.2060688,-2.3935561,0.24915934,-0.77913702,-0.62669742,-0.013987541,0
1.312669,-0.51259583,-0.72365493,0.61308724,-0.75718606,-0.22537379,0
-1.7327013,0.47102487,1.2021556,-0.61308724,0.75718606,0.22537379,0
3.1209116,2.7452135,-0.75350142,0.77913702,0.62669742,0.013987541,0
-2.9900088,-2.4667716,1.2299788,-0.77913702,-0.62669742,-0.013987541,0
-0.56092441,-1.7901733,-1.5219772,0.61308724,-0.75718606,-0.22537379,0
-2.6993132,-2.3923612,-1.5885911,-0.1306501,0.1841727,-0.97417188,0
-0.070065022,-1.4552077,1.086493,0.1306501,-0.1841727,0.97417188,0
-3.7114773,-1.930589,-1.070574,-0.77913702,-0.62669742,-0.013987541,0
2.4228361,3.1351719,-0.85384035,0.77913702,0.62669742,0.013987541,0
-3.807394,-1.3768229,0.79291058,-0.61308724,0.75718606,0.22537379,0
1.4394441,2.7575817,0.82559288,-0.61308724,0.75718606,0.22537379,0
2.6584816,2.2698486,1.4744308,0.1306501,-0.1841727,0.97417188,0
0.040104359,-2.1139827,0.31414545,0.61308724,-0.75718606,-0.22537379,0
-3.2791812,-0.3740094,-0.93221736,-0.61308724,0.75718606,0.22537379,0
3.6135385,0.80919421,1.3659334,0.1306501,-0.1841727,0.97417188,0
2.6865268,1.4263029,-1.4929755,-0.1306501,0.1841727,-0.97417188,0
-2.1769691,-3.5506008,-0.45169425,0.61308724,-0.75718606,-0.22537379,0
-3.0899556,-2.6884856,-0.33467293,-0.77913702,-0.62669742,-0.013987541,0
2.3784502,3.4884067,-0.70188141,0.77913702,0.62669742,0.013987541,0
2.7258127,2.7898126,-0.85457659,0.77913702,0.62669742,0.013987541,0
-4.0747633,-1.5876749,0.91044426,-0.77913702,-0.62669742,-0.013987541,0
1.5229146,-0.16614793,1.4855163,0.1306501,-0.1841727,0.97417188,0
2.1704168,-0.10925663,-1.0307642,0.61308724,-0.75718606,-0.22537379,0
-2.6710558,-3.0963974,0.65786552,-0.77913702,-0.62669742,-0.013987541,0
0.042239964,-1.9664073,1.176923,0.1306501,-0.1841727,0.97417188,0
1.9077535,-0.5470885,-0.27014124,0.61308724,-0.75718606,-0.22537379,0
3.4475203,1.4483753,-1.6820862,-0.1306501,0.1841727,-0.97417188,0
1.0045112,2.5766959,0.89410269,-0.61308724,0.75718606,0.22537379,0
2.4883637,1.8949395,-1.5544348,-0.1306501,0.1841727,-0.97417188,0
3.2092724,2.290489,1.3010719,0.77913702,0.62669742,0.013987541,0
3.3074989,0.34707466,0.6651175,0.61308724,-0.75718606,-0.22537379,0
-0.14462888,1.5700843,0.27343398,-0.61308724,0.75718606,0.22537379,0
3.9485898,1.3713267,0.31381845,0.77913702,0.62669742,0.013987541,0
-3.6868808,-1.3867497,0.40460777,-0.61308724,0.75718606,0.22537379,0
-2.5205483,0.11033721,-1.3489478,-0.1306501,0.1841727,-0.97417188,0
2.4475558,3.1064334,-1.1308503,-0.1306501,0.1841727,-0.97417188,0
-2.0423393,-0.58351654,-1.3528587,-0.1306501,0.1841727,-0.97417188,0
-2.8714855,-2.520746,0.40380311,-0.77913702,-0.62669742,-0.013987541,0
-3.428714,-2.2057948,0.083534241,-0.77913702,-0.62669742,-0.013987541,0
0.53045434,-1.2752674,-1.2422345,0.61308724,-0.75718606,-0.22537379,0
-0.87496334,-2.70714,1.1356487,0.1306501,-0.1841727,0.97417188,0
-1.0126332,-2.2428432,-1.6744593,0.61308724,-0.75718606,-0.22537379,0
-2.2689836,0.0049277544,0.72982383,-0.61308724,0.75718606,0.22537379,0
-1.0152404,-0.71486515,-1.5690118,-0.1306501,0.1841727,-0.97417188,0
-1.5148592,0.77151537,0.3333472,-0.61308724,0.75718606,0.22537379,0
-3.789412,-0.81422371,-0.66866708,-0.61308724,0.75718606,0.22537379,0
-1.5035623,-2.7995226,-0.78277743,0.61308724,-0.75718606,-0.22537379,0
-2.6866086,-3.1540394,-1.6159098,-0.77913702,-0.62669742,-0.013987541,0
2.3627675,2.7986593,-1.5262253,-0.1306501,0.1841727,-0.97417188,0
2.928808,2.9099817,-0.75577974,0.77913702,0.62669742,0.013987541,0
-0.19730356,1.4590163,0.37339896,-0.61308724,0.75718606,0.22537379,0
0.54658377,0.37325275,1.4984944,0.1306501,-0.1841727,0.97417188,0
-2.7391999,-2.7889907,0.09992218,-0.77913702,-0.62669742,-0.013987541,0
-3.3933425,-0.71245372,-0.95156717,-0.61308724,0.75718606,0.22537379,0
3.730603,1.5138949,-0.51757717,0.77913702,0.62669742,0.013987541,0
3.1301682,2.5836921,-1.2076912,0.77913702,0.62669742,0.013987541,0
1.9017618,3.6349156,0.17260671,-0.61308724,0.75718606,0.22537379,0
-1.116382,-0.45379847,1.4575157,0.1306501,-0.1841727,0.97417188,0
1.141686,-0.13887566,1.2416755,0.1306501,-0.1841727,0.97417188,0
-1.1656115,-3.2746093,0.94863582,0.61308724,-0.75718606,-0.22537379,0
-2.8618069,-2.6163161,-1.5869472,-0.77913702,-0.62669742,-0.013987541,0
-1.9054739,0.67199242,-0.26676381,-0.61308724,0.75718606,0.22537379,0
2.9967813,0.54223102,0.10711265,0.61308724,-0.75718606,-0.22537379,0
2.7781255,0.61655444,-1.5245149,0.61308724,-0.75718606,-0.22537379,0
1.2208002,0.49862689,1.6097608,0.1306501,-0.1841727,0.97417188,0
2.7862191,2.6930404,1.2812278,0.77913702,0.62669742,0.013987541,0
2.9634898,2.0693846,-1.6355412,-0.1306501,0.1841727,-0.97417188,0
3.4177721,2.3483489,-0.22040367,0.77913702,0.62669742,0.013987541,0
-2.8360784,-2.8758717,-0.87073326,-0.77913702,-0.62669742,-0.013987541,0
-2.2599401,-3.7427192,0.13412237,-0.77913702,-0.62669742,-0.013987541,0
2.9240973,3.0228262,0.57231092,0.77913702,0.62669742,0.013987541,0
0.24754614,1.2729416,-1.1981406,-0.1306501,0.1841727,-0.97417188,0
2.0724163,3.4798031,0.637007,-0.61308724,0.75718606,0.22537379,0
1.6515653,-0.35092461,1.257651,0.1306501,-0.1841727,0.97417188,0
2.5275683,3.3963308,-0.33937764,0.77913702,0.62669742,0.013987541,0
-3.1216931,-0.52332163,-0.69729257,-0.61308724,0.75718606,0.22537379,0
3.4096584,2.2088823,1.4966021,0.77913702,0.62669742,0.013987541,0
-4.0340185,-1.3722801,0.098082542,-0.77913702,-0.62669742,-0.013987541,0
2.7394876,2.7436941,0.81829691,0.77913702,0.62669742,0.013987541,0
2.963768,0.66888416,-0.93120408,0.61308724,-0.75718606,-0.22537379,0
1.6036301,1.2159307,-1.676989,-0.1306501,0.1841727,-0.97417188,0
0.13054764,2.004185,-0.08324945,-0.61308724,0.75718606,0.22537379,0
0.95576918,-1.4583348,0.85351264,0.61308724,-0.75718606,-0.22537379,0
-1.1917526,-2.2179692,1.4595356,0.1306501,-0.1841727,0.97417188,0
-3.0539694,-2.8456812,0.80917263,-0.77913702,-0.62669742,-0.013987541,0
2.9026046,0.70391315,-1.6493037,0.61308724,-0.75718606,-0.22537379,0
1.1285002,0.073431253,-1.8601259,-0.1306501,0.1841727,-0.97417188,0
0.34797049,-0.90211755,1.4109536,0.1306501,-0.1841727,0.97417188,0
-2.989428,-2.8525529,-1.1346521,-0.77913702,-0.62669742,-0.013987541,0
-1.3004347,0.71637219,1.2988124,-0.61308724,0.75718606,0.22537379,0
1.5500979,-1.0766512,0.59351128,0.61308724,-0.75718606,-0.22537379,0
-2.528748,-0.27367818,1.4595098,-0.61308724,0.75718606,0.22537379,0
0.42009735,-1.0651684,-1.3689184,0.61308724,-0.75718606,-0.22537379,0
-3.4060016,-2.3236642,0.14338541,-0.77913702,-0.62669742,-0.013987541,0
-1.3678514,-0.19483817,1.726451,0.1306501,-0.1841727,0.97417188,0
3.6386085,1.8257003,0.89596748,0.77913702,0.62669742,0.013987541,0
1.0842254,0.12006301,-1.547484,-0.1306501,0.1841727,-0.97417188,0
-0.093529463,1.1338308,1.8173273,0.1306501,-0.1841727,0.97417188,0
2.3290591,3.1675425,0.46141148,0.77913702,0.62669742,0.013987541,0
-2.0800176,-1.2957809,1.4530041,0.1306501,-0.1841727,0.97417188,0
-1.318802,1.1381568,-0.48741239,-0.61308724,0.75718606,0.22537379,0
-2.0980558,-0.031643867,0.94113886,-0.61308724,0.75718606,0.22537379,0
0.39758247,1.9775845,0.45042408,-0.61308724,0.75718606,0.22537379,0
-1.0244023,1.00103,-0.29244852,-0.61308724,0.75718606,0.22537379,0
-1.9985383,-3.4275727,-0.016678333,0.61308724,-0.75718606,-0.22537379,0
-3.1679864,-2.2733328,0.10913086,-0.77913702,-0.62669742,-0.013987541,0
-1.6907139,-2.6495891,-2.0035319,-0.1306501,0.1841727,-0.97417188,0
2.4118655,3.0863285,-0.18976212,0.77913702,0.62669742,0.013987541,0
2.7585289,0.079461768,1.0522964,0.61308724,-0.75718606,-0.22537379,0
-2.6812336,-1.7953089,-1.4998122,-0.1306501,0.1841727,-0.97417188,0
3.6036143,1.7629997,-0.65720272,0.77913702,0.62669742,0.013987541,0
-1.8918238,-2.117836,1.4094515,0.1306501,-0.1841727,0.97417188,0
-2.3159952,-3.3426514,1.1380417,-0.77913702,-0.62669742,-0.013987541,0
0.82838118,2.6516638,0.63571608,-0.61308724,0.75718606,0.22537379,0
-1.0430474,1.3837078,0.023455828,-0.61308724,0.75718606,0.22537379,0
-3.5600131,-1.7078749,1.3766966,-0.77913702,-0.62669742,-0.013987541,0
1.1197985,-1.3644791,0.88909966,0.61308724,-0.75718606,-0.22537379,0
-1.9847882,-3.569252,-0.9360826,0.61308724,-0.75718606,-0.22537379,0
1.3133117,2.2514477,-1.4876173,-0.1306501,0.1841727,-0.97417188,0
-3.1159894,-2.5202262,0.75106096,-0.77913702,-0.62669742,-0.013987541,0
1.0134794,0.92218733,1.7756058,0.1306501,-0.1841727,0.97417188,0
2.8418729,2.5724623,-0.23606086,0.77913702,0.62669742,0.013987541,0
1.7326161,1.1634531,-1.533628,-0.1306501,0.1841727,-0.97417188,0
-3.6266994,-1.1535666,1.3101559,-0.61308724,0.75718606,0.22537379,0
1.0332787,1.6072578,1.5186815,0.1306501,-0.1841727,0.97417188,0
-1.17046,-2.0840158,1.4505098,0.1306501,-0.1841727,0.97417188,0
-1.1591303,-2.5276272,-0.54977405,0.61308724,-0.75718606,-0.22537379,0
-2.2516019,-3.3513498,-0.44671106,-0.77913702,-0.62669742,-0.013987541,0
-2.7042341,-3.2260737,1.2224817,0.1306501,-0.1841727,0.97417188,0
-2.3487074,0.12832409,-0.4555918,-0.61308724,0.75718606,0.22537379,0
-0.00016123056,2.0048056,-1.3429319,-0.1306501,0.1841727,-0.97417188,0
3.6552806,1.1045296,1.1656413,0.1306501,-0.1841727,0.97417188,0
3.4145854,2.087461,1.2563996,0.77913702,0.62669742,0.013987541,0
2.3893464,3.3532357,0.20162845,0.77913702,0.62669742,0.013987541,0
-3.1588106,-0.70000976,0.95996571,-0.61308724,0.75718606,0.22537379,0
-2.5439541,-3.3856213,-1.7025313,-0.77913702,-0.62669742,-0.013987541,0
2.3092871,3.7507665,0.91686606,0.77913702,0.62669742,0.013987541,0
2.1426768,3.0479336,1.4967444,-0.61308724,0.75718606,0.22537379,0
2.758436,2.9716289,-0.050033331,0.77913702,0.62669742,0.013987541,0
3.7070632,1.4695461,0.80721045,0.77913702,0.62669742,0.013987541,0
2.5474334,3.0264442,-1.3279402,-0.1306501,0.1841727,-0.97417188,0
-2.3765368,-0.83480501,-1.4752563,-0.1306501,0.1841727,-0.97417188,0
0.17304617,-1.5261883,-0.63866645,0.61308724,-0.75718606,-0.22537379,0
3.8989112,1.3600831,-0.05441618,0.77913702,0.62669742,0.013987541,0
2.8536341,2.8855491,0.56448722,0.77913702,0.62669742,0.013987541,0
3.5184603,1.7907908,-1.5324566,-0.1306501,0.1841727,-0.97417188,0
1.5598545,-1.1479108,0.73914289,0.61308724,-0.75718606,-0.22537379,0
0.79847419,0.30455011,1.319044,0.1306501,-0.1841727,0.97417188,0
-2.397023,0.041030884,0.39485812,-0.61308724,0.75718606,0.22537379,0
-1.7032508,0.48451602,0.046244264,-0.61308724,0.75718606,0.22537379,0
3.0328941,2.9227691,-0.9790926,0.77913702,0.62669742,0.013987541,0
-1.4921327,-3.3952413,1.1888146,0.61308724,-0.75718606,-0.22537379,0
-0.61122692,1.5279398,-0.40554732,-0.61308724,0.75718606,0.22537379,0
-3.9769902,-1.4386318,-1.0482287,-0.77913702,-0.62669742,-0.013987541,0
-3.9681726,-1.3244312,0.5738821,-0.77913702,-0.62669742,-0.013987541,0
-2.7904735,-2.8153801,-0.17949915,-0.77913702,-0.62669742,-0.013987541,0
0.33597696,2.0524411,0.69611335,-0.61308724,0.75718606,0.22537379,0
-3.0624995,-2.70893,-0.39093399,-0.77913702,-0.62669742,-0.013987541,0
-1.32525,-2.7210476,-1.0181942,0.61308724,-0.75718606,-0.22537379,0
2.3727751,-0.16873492,0.89969885,0.61308724,-0.75718606,-0.22537379,0
2.7241006,2.9125009,-0.99775362,0.77913702,0.62669742,0.013987541,0
0.79997587,2.0636373,-1.3838546,-0.1306501,0.1841727,-0.97417188,0
2.7279654,0.55441427,1.3477544,0.1306501,-0.1841727,0.97417188,0
0.20495164,1.8509698,-1.3314533,-0.1306501,0.1841727,-0.97417188,0
-2.6918879,0.32260102,-1.1047896,-0.61308724,0.75718606,0.22537379,0
3.0302138,2.5367053,1.7283621,0.77913702,0.62669742,0.013987541,0
3.3070107,2.0855112,-0.34133911,0.77913702,0.62669742,0.013987541,0
2.3115954,3.5585444,-1.0450156,-0.1306501,0.1841727,-0.97417188,0
3.8534036,1.6226449,0.89501238,0.77913702,0.62669742,0.013987541,0
0.90226513,-0.37121218,-1.6211482,-0.1306501,0.1841727,-0.97417188,0
-2.7518625,-3.165319,0.8304112,-0.77913702,-0.62669742,-0.013987541,0
3.0708172,0.54809374,-0.75098372,0.61308724,-0.75718606,-0.22537379,0
0.86991203,-1.3797956,0.50253701,0.61308724,-0.75718606,-0.22537379,0
-2.4551926,-2.6238399,1.2726355,0.1306501,-0.1841727,0.97417188,0
1.4299414,1.9788785,-1.5096085,-0.1306501,0.1841727,-0.97417188,0
3.4985833,2.2735407,0.62329125,0.77913702,0.62669742,0.013987541,0
1.2332759,-0.49306443,1.356566,0.1306501,-0.1841727,0.97417188,0
1.9345015,-0.59706426,0.22788906,0.61308724,-0.75718606,-0.22537379,0
1.3810273,-0.098746762,1.5200279,0.1306501,-0.1841727,0.97417188,0
2.8304543,2.6161292,-0.81819129,0.77913702,0.62669742,0.013987541,0
3.1094723,2.6630085,0.92340302,0.77913702,0.62669742,0.013987541,0
-0.46570855,1.9666148,-0.74040109,-0.61308724,0.75718606,0.22537379,0
4.0079441,1.5452574,-1.2535233,0.77913702,0.62669742,0.013987541,0
0.2725848,-1.5715367,-1.4976082,0.61308724,-0.75718606,-0.22537379,0
3.0836973,2.4117329,-1.3809876,0.77913702,0.62669742,0.013987541,0
-3.2172239,-2.1212194,-0.91419673,-0.77913702,-0.62669742,-0.013987541,0
1.5071424,1.5160486,1.6436732,0.1306501,-0.1841727,0.97417188,0
3.4703565,0.5891605,0.66581011,0.61308724,-0.75718606,-0.22537379,0
3.7110674,1.8697574,1.5608597,0.77913702,0.62669742,0.013987541,0
2.0694153,-0.61516404,0.46884024,0.61308724,-0.75718606,-0.22537379,0
-1.7125057,-1.0695431,-1.3835058,-0.1306501,0.1841727,-0.97417188,0
-2.9158735,-0.67328417,0.27006507,-0.61308724,0.75718606,0.22537379,0
-2.3874111,-3.3649616,-1.838172,-0.77913702,-0.62669742,-0.013987541,0
0.75125349,-0.73175311,1.3961182,0.1306501,-0.1841727,0.97417188,0
2.4468231,0.89462245,1.3228811,0.1306501,-0.1841727,0.97417188,0
-3.3650334,-0.2752389,-0.99531817,-0.61308724,0.75718606,0.22537379,0
-2.8393865,-0.69543922,-1.1875865,-0.1306501,0.1841727,-0.97417188,0
-1.8364125,-3.7586682,0.91665983,0.1306501,-0.1841727,0.97417188,0
3.6283598,1.875492,0.41792989,0.77913702,0.62669742,0.013987541,0
-0.84726453,-2.3947821,-0.30208695,0.61308724,-0.75718606,-0.22537379,0
-0.6982162,0.26697326,1.8607457,0.1306501,-0.1841727,0.97417188,0
1.5189605,3.0284269,0.1758759,-0.61308724,0.75718606,0.22537379,0
2.9516325,1.9791927,-1.4118111,-0.1306501,0.1841727,-0.97417188,0
-2.4650898,-3.301831,-1.954352,-0.77913702,-0.62669742,-0.013987541,0
3.9471788,1.2376225,-0.053592682,0.77913702,0.62669742,0.013987541,0
-1.1502967,-1.106005,-1.6229196,-0.1306501,0.1841727,-0.97417188,0
2.6950965,3.2994809,0.40222478,0.77913702,0.62669742,0.013987541,0
1.1281918,0.068063065,1.2183846,0.1306501,-0.1841727,0.97417188,0
-0.97717327,-2.8701062,1.1176617,0.1306501,-0.1841727,0.97417188,0
3.2056646,2.1968179,0.62807703,0.77913702,0.62669742,0.013987541,0
1.0973799,3.1135011,-1.0441527,-0.1306501,0.1841727,-0.97417188,0
-2.2799885,-2.600364,-1.6208313,-0.1306501,0.1841727,-0.97417188,0
-2.9537976,-0.31311953,-0.83079171,-0.61308724,0.75718606,0.22537379,0
1.1026088,2.4260654,0.7735306,-0.61308724,0.75718606,0.22537379,0
2.957057,0.70957291,-1.6126492,0.61308724,-0.75718606,-0.22537379,0
-3.0038261,-2.7402942,-1.587868,-0.77913702,-0.62669742,-0.013987541,0
2.5277848,3.4740911,0.76782608,0.77913702,0.62669742,0.013987541,0
3.473011,2.0926576,-0.81608868,0.77913702,0.62669742,0.013987541,0
1.6941084,3.2154977,-0.14122796,-0.61308724,0.75718606,0.22537379,0
0.63137746,1.9196045,-1.2060781,-0.1306501,0.1841727,-0.97417188,0
-0.5934788,0.64382541,1.6150393,0.1306501,-0.1841727,0.97417188,0
-3.5657368,-1.8198895,0.69029093,-0.77913702,-0.62669742,-0.013987541,0
0.43519545,-0.72257918,-1.8584346,-0.1306501,0.1841727,-0.97417188,0
-2.7147486,-2.9916358,0.40239,-0.77913702,-0.62669742,-0.013987541,0
2.0640173,0.24469954,-1.290813,0.61308724,-0.75718606,-0.22537379,0
2.476033,0.15612173,0.3236444,0.61308724,-0.75718606,-0.22537379,0
-3.771399,-1.4638631,1.15837,-0.77913702,-0.62669742,-0.013987541,0
1.0756501,2.8581605,0.47364879,-0.61308724,0.75718606,0.22537379,0
0.34284228,-1.6716206,-0.55923581,0.61308724,-0.75718606,-0.22537379,0
0.25586593,-0.38820332,-1.8300365,-0.1306501,0.1841727,-0.97417188,0
1.7611537,3.5087876,-0.49624681,-0.61308724,0.75718606,0.22537379,0
-2.7778316,-0.87871337,1.489738,-0.61308724,0.75718606,0.22537379,0
3.8057966,1.4202456,0.46650648,0.77913702,0.62669742,0.013987541,0
0.79117024,1.3965209,1.7818513,0.1306501,-0.1841727,0.97417188,0
-0.61937141,-2.5112851,0.96441185,0.61308724,-0.75718606,-0.22537379,0
0.33186722,0.25611952,-1.3432227,-0.1306501,0.1841727,-0.97417188,0
-1.966661,-0.51246881,1.837329,0.1306501,-0.1841727,0.97417188,0
-1.8832262,0.18643251,-1.3044711,-0.1306501,0.1841727,-0.97417188,0
-0.5905779,1.9250189,-1.0115569,-0.61308724,0.75718606,0.22537379,0
-0.27987242,0.1972813,1.7567794,0.1306501,-0.1841727,0.97417188,0
-1.2886432,-2.8219125,-1.2585864,0.61308724,-0.75718606,-0.22537379,0
-0.21219721,-1.6130085,1.0907276,0.1306501,-0.1841727,0.97417188,0
-2.5686314,-2.9333034,-0.83368158,-0.77913702,-0.62669742,-0.013987541,0
3.8116207,1.379811,0.91758704,0.77913702,0.62669742,0.013987541,0
-0.087308168,-2.0314965,-0.39081633,0.61308724,-0.75718606,-0.22537379,0
3.6665523,1.9311409,-0.19702196,0.77913702,0.62669742,0.013987541,0
0.61974752,-0.70850205,1.2911966,0.1306501,-0.1841727,0.97417188,0
-3.4941998,-1.9612632,-0.52222371,-0.77913702,-0.62669742,-0.013987541,0
2.1329145,0.26944339,-1.2967856,0.61308724,-0.75718606,-0.22537379,0
-2.2599239,-3.5641632,1.063051,-0.77913702,-0.62669742,-0.013987541,0
2.4252014,3.1515365,1.2348464,0.77913702,0.62669742,0.013987541,0
2.1548595,2.4375987,-1.2378716,-0.1306501,0.1841727,-0.97417188,0
-1.345245,-2.9863143,0.32788634,0.61308724,-0.75718606,-0.22537379,0
1.8107227,3.6506543,-0.94603634,-0.61308724,0.75718606,0.22537379,0
2.8525004,2.9636002,0.36924005,0.77913702,0.62669742,0.013987541,0
1.8625474,3.4270139,-0.28427196,-0.61308724,0.75718606,0.22537379,0
2.2615864,-0.1863113,-0.12367272,0.61308724,-0.75718606,-0.22537379,0
1.7752883,3.3203433,0.64361548,-0.61308724,0.75718606,0.22537379,0
-1.7803327,-2.8612986,-1.3550274,0.61308724,-0.75718606,-0.22537379,0
-1.1710348,-2.6010594,1.1580443,0.1306501,-0.1841727,0.97417188,0
-3.0915267,-2.678932,0.20378637,-0.77913702,-0.62669742,-0.013987541,0
0.83657336,1.9514601,1.9200699,0.1306501,-0.1841727,0.97417188,0
3.4334145,1.8176365,0.6875298,0.77913702,0.62669742,0.013987541,0
3.9221179,1.2747661,0.53004932,0.77913702,0.62669742,0.013987541,0
-2.5703325,-3.2571077,1.4714799,0.1306501,-0.1841727,0.97417188,0
2.8331947,0.28665698,-0.69524193,0.61308724,-0.75718606,-0.22537379,0
3.2804625,2.524893,0.28171897,0.77913702,0.62669742,0.013987541,0
-2.0681424,-3.4643977,-0.63018274,0.61308724,-0.75718606,-0.22537379,0
1.0078726,-1.1207979,-0.32868731,0.61308724,-0.75718606,-0.22537379,0
3.4222701,2.3903856,0.15288115,0.77913702,0.62669742,0.013987541,0
-2.8931918,-2.795084,0.68263769,-0.77913702,-0.62669742,-0.013987541,0
3.9326799,0.98399365,1.0605662,0.61308724,-0.75718606,-0.22537379,0
-3.8362219,-1.4625237,-1.3313341,-0.77913702,-0.62669742,-0.013987541,0
-2.9273005,-0.07603088,-0.73681712,-0.61308724,0.75718606,0.22537379,0
-1.0832255,-1.9402645,-1.8658742,-0.1306501,0.1841727,-0.97417188,0
1.9307783,2.2604513,-1.2641096,-0.1306501,0.1841727,-0.97417188,0
-0.0032742321,-1.7314864,-0.14554793,0.61308724,-0.75718606,-0.22537379,0
3.1774914,2.1784394,-0.48123837,0.77913702,0.62669742,0.013987541,0
2.1343384,3.2655489,1.8324823,-0.61308724,0.75718606,0.22537379,0
-1.6787853,-1.5426729,1.5092018,0.1306501,-0.1841727,0.97417188,0
2.1916206,3.6034527,-1.0180016,0.77913702,0.62669742,0.013987541,0
3.6428115,2.1369627,-1.3223286,0.77913702,0.62669742,0.013987541,0
0.87225151,-0.2403208,-1.903641,-0.1306501,0.1841727,-0.97417188,0
1.9603012,1.3640054,-1.361275,-0.1306501,0.1841727,-0.97417188,0
-0.13203651,1.5584531,-1.2521712,-0.1306501,0.1841727,-0.97417188,0
0.47282243,2.3288872,-0.091639638,-0.61308724,0.75718606,0.22537379,0
2.1286521,0.17565048,-1.5573093,0.61308724,-0.75718606,-0.22537379,0
-0.88823175,-2.4986706,-1.3307259,0.61308724,-0.75718606,-0.22537379,0
-1.2055328,-2.4341118,-1.8996358,-0.1306501,0.1841727,-0.97417188,0
3.1392262,2.737793,0.61589932,0.77913702,0.62669742,0.013987541,0
0.058549881,0.81632906,1.5265498,0.1306501,-0.1841727,0.97417188,0
2.3789368,3.5214422,0.61777925,0.77913702,0.62669742,0.013987541,0
1.1908813,-0.87837005,-0.58505088,0.61308724,-0.75718606,-0.22537379,0
-0.066078007,-1.754261,-0.14687181,0.61308724,-0.75718606,-0.22537379,0
2.0708005,0.20900524,-1.1665126,0.61308724,-0.75718606,-0.22537379,0
0.87584293,2.6256926,0.65615451,-0.61308724,0.75718606,0.22537379,0
1.0041629,3.092922,-0.91267848,-0.61308724,0.75718606,0.22537379,0
-1.5044595,0.38662189,-1.2204839,-0.1306501,0.1841727,-0.97417188,0
-0.28575516,-1.9112397,1.3509605,0.1306501,-0.1841727,0.97417188,0
-1.3745476,-2.1429129,1.4243178,0.1306501,-0.1841727,0.97417188,0
0.94906497,1.7258043,1.6729027,0.1306501,-0.1841727,0.97417188,0
2.439034,3.2027133,1.6595643,0.1306501,-0.1841727,0.97417188,0
0.26741394,2.0749421,-1.0139271,-0.1306501,0.1841727,-0.97417188,0
-2.7568133,-3.0950937,0.43495655,-0.77913702,-0.62669742,-0.013987541,0
-2.1876633,-3.4777117,0.94787216,-0.77913702,-0.62669742,-0.013987541,0
-1.9896916,-3.9931788,0.84482288,0.61308724,-0.75718606,-0.22537379,0
-1.2513304,-2.9114332,1.3281288,0.1306501,-0.1841727,0.97417188,0
-0.84171867,1.1051979,0.56608772,-0.61308724,0.75718606,0.22537379,0
-0.51185566,-1.2608243,1.2628343,0.1306501,-0.1841727,0.97417188,0
-2.6842265,-3.2841995,-0.87270308,-0.77913702,-0.62669742,-0.013987541,0
-1.2663126,-2.2948203,-1.9224339,-0.1306501,0.1841727,-0.97417188,0
3.2357206,0.47062936,1.1768703,0.61308724,-0.75718606,-0.22537379,0
-3.72525,-1.0984353,-0.45528555,-0.61308724,0.75718606,0.22537379,0
-3.297729,-0.51284349,-0.96646428,-0.61308724,0.75718606,0.22537379,0
0.22783723,2.2382178,-0.62933218,-0.61308724,0.75718606,0.22537379,0
-3.0476563,-0.4984675,0.4338491,-0.61308724,0.75718606,0.22537379,0
-0.68557864,-2.6079097,0.89544904,0.61308724,-0.75718606,-0.22537379,0
-3.4731901,-0.84314454,0.015100956,-0.61308724,0.75718606,0.22537379,0
2.3995676,2.2132664,-1.4539704,-0.1306501,0.1841727,-0.97417188,0
-0.11470616,-1.6341577,-1.7521349,-0.1306501,0.1841727,-0.97417188,0
-0.12467146,1.4188657,1.7158787,0.1306501,-0.1841727,0.97417188,0
2.0440078,3.4454694,0.2095325,-0.61308724,0.75718606,0.22537379,0
1.0845548,0.69263136,1.4719723,0.1306501,-0.1841727,0.97417188,0
1.9775615,-0.0094544888,-0.60161281,0.61308724,-0.75718606,-0.22537379,0
-1.3227153,1.2421811,-0.29071757,-0.61308724,0.75718606,0.22537379,0
0.013173938,-0.85052055,1.5230211,0.1306501,-0.1841727,0.97417188,0
2.713376,2.7250001,0.52455521,0.77913702,0.62669742,0.013987541,0
