-1.2689093,1.9336641,-0.90568775,-0.9771682,0.074007094,-0.19916141,0
-1.7743348,-3.6942959,0.43698263,-0.9771682,0.074007094,-0.19916141,0
0.72461486,0.23768616,1.7711705,-0.19967872,0.00041761994,0.97986132,0
-1.1774981,0.8972882,-1.5339673,-0.9771682,0.074007094,-0.19916141,0
0.3393209,-4.5972896,1.1919465,-0.072599828,-0.99725759,-0.014369607,0
-1.3855724,-3.493871,1.3067267,-0.19967872,0.00041761994,0.97986132,0
-0.94106853,4.4394121,-0.11014152,0.072599828,0.99725759,0.014369607,0
0.39796191,-2.5114911,-1.4151796,0.19967872,-0.00041761994,-0.97986132,0
1.1485093,-4.523109,-0.96634316,-0.072599828,-0.99725759,-0.014369607,0
1.5958891,2.6137512,0.15787649,0.9771682,-0.074007094,0.19916141,0
-1.8980066,-3.6436615,-0.16303873,-0.9771682,0.074007094,-0.19916141,0
1.8868337,3.8530874,-1.0136499,0.19967872,-0.00041761994,-0.97986132,0
0.83593321,0.41158354,-1.3816226,0.19967872,-0.00041761994,-0.97986132,0
-1.5570531,-3.7818856,-1.9054542,-0.9771682,0.074007094,-0.19916141,0
0.34598541,4.289968,-1.3712101,0.19967872,-0.00041761994,-0.97986132,0
1.6606827,4.5860491,-1.0073328,0.072599828,0.99725759,0.014369607,0
1.059906,-4.5391288,0.11978269,0.9771682,-0.074007094,0.19916141,0
1.6554533,1.7887123,-1.3194695,0.19967872,-0.00041761994,-0.97986132,0
-1.5263202,-0.84136009,0.30243993,-0.9771682,0.074007094,-0.19916141,0
-0.67869723,2.5627995,1.3785444,-0.19967872,0.00041761994,0.97986132,0
0.51022649,-4.4970536,0.20487785,-0.072599828,-0.99725759,-0.014369607,0
-1.7192061,-2.1363153,0.51383519,-0.9771682,0.074007094,-0.19916141,0
-1.6603541,-3.7181866,-0.46482611,-0.9771682,0.074007094,-0.19916141,0
-0.23280263,-4.2098446,1.5541258,-0.19967872,0.00041761994,0.97986132,0
-1.5442564,3.4214797,1.193899,-0.9771682,0.074007094,-0.19916141,0
-0.64836955,-2.2223332,-1.836808,0.19967872,-0.00041761994,-0.97986132,0
-0.0078165531,1.2182796,-1.6532964,0.19967872,-0.00041761994,-0.97986132,0
1.7198331,-0.39649689,-0.49618751,0.9771682,-0.074007094,0.19916141,0
-1.8675835,-2.7151277,0.66943932,-0.9771682,0.074007094,-0.19916141,0
-0.40220362,4.4156609,1.3236153,0.072599828,0.99725759,0.014369607,0
0.54185033,-4.664793,1.5146282,-0.072599828,-0.99725759,-0.014369607,0
0.59602451,3.3050766,-1.4837532,0.19967872,-0.00041761994,-0.97986132,0
1.0427047,0.32082653,1.6491668,0.9771682,-0.074007094,0.19916141,0
1.8453645,3.445627,0.61762285,0.9771682,-0.074007094,0.19916141,0
0.83054328,4.5640168,-0.93248081,0.072599828,0.99725759,0.014369607,0
1.8763276,2.3381221,-1.1392589,0.9771682,-0.074007094,0.19916141,0
1.4777619,-2.6150565,-0.50930595,0.9771682,-0.074007094,0.19916141,0
-0.82472157,-4.4507504,1.5257492,-0.072599828,-0.99725759,-0.014369607,0
1.0967499,-4.7311864,-1.1057246,-0.072599828,-0.99725759,-0.014369607,0
-1.8829639,-4.3498697,-0.71920919,-0.072599828,-0.99725759,-0.014369607,0
0.3057096,0.023756266,-1.2823067,0.19967872,-0.00041761994,-0.97986132,0
1.3820213,3.5459638,1.4324183,0.9771682,-0.074007094,0.19916141,0
0.088725328,-4.5775585,0.55011511,-0.072599828,-0.99725759,-0.014369607,0
0.82644367,-2.197722,-1.4502774,0.19967872,-0.00041761994,-0.97986132,0
1.4356927,2.7942255,1.0110602,0.9771682,-0.074007094,0.19916141,0
1.1164805,-1.9777217,1.604254,-0.19967872,0.00041761994,0.97986132,0
1.5887346,-0.036753654,-0.89044893,0.9771682,-0.074007094,0.19916141,0
-1.4143991,1.8626611,0.25814021,-0.9771682,0.074007094,-0.19916141,0
-0.7415483,-4.4364214,1.1772521,-0.072599828,-0.99725759,-0.014369607,0
1.7581943,2.7781789,-0.0036766529,0.9771682,-0.074007094,0.19916141,0
0.10843277,4.595264,-0.93743896,0.072599828,0.99725759,0.014369607,0
0.29825902,4.4331217,-0.70944691,0.072599828,0.99725759,0.014369607,0
1.1924042,0.93478084,1.6686478,0.9771682,-0.074007094,0.19916141,0
-1.2473953,-2.865777,1.4603167,-0.19967872,0.00041761994,0.97986132,0
0.47764361,0.85056239,-1.4211084,0.19967872,-0.00041761994,-0.97986132,0
-0.57081008,4.6210542,-1.0179148,0.072599828,0.99725759,0.014369607,0
1.7795069,-1.0970595,-1.081017,0.9771682,-0.074007094,0.19916141,0
1.5413423,4.5715599,-1.0081773,0.072599828,0.99725759,0.014369607,0
-1.4171237,0.75327885,-0.97568983,-0.9771682,0.074007094,-0.19916141,0
-0.12940657,4.1325693,1.4479501,-0.19967872,0.00041761994,0.97986132,0
0.73974061,4.5054007,-1.4370883,0.072599828,0.99725759,0.014369607,0
-1.8986766,0.096481442,1.0614581,-0.9771682,0.074007094,-0.19916141,0
-1.0935142,-4.3086739,1.2424436,-0.072599828,-0.99725759,-0.014369607,0
-1.3291328,1.351024,-1.2558327,-0.9771682,0.074007094,-0.19916141,0
-1.1065909,4.4049387,1.1082528,-0.19967872,0.00041761994,0.97986132,0
1.1396875,3.7351055,-1.1347792,0.19967872,-0.00041761994,-0.97986132,0
-1.7812092,0.79452527,0.85083759,-0.9771682,0.074007094,-0.19916141,0
1.503009,0.21482879,-0.16953731,0.9771682,-0.074007094,0.19916141,0
-0.68067241,-2.0785565,1.198954,-0.19967872,0.00041761994,0.97986132,0
0.50242448,-4.1312461,1.6705413,-0.19967872,0.00041761994,0.97986132,0
-1.1353663,3.0049229,1.4005748,-0.19967872,0.00041761994,0.97986132,0
-1.4024194,-4.3342915,-0.40660238,-0.072599828,-0.99725759,-0.014369607,0
-0.47139883,-1.6856072,1.4797041,-0.19967872,0.00041761994,0.97986132,0
0.75628746,1.6530534,-1.2279531,0.19967872,-0.00041761994,-0.97986132,0
2.056294,4.1099672,-0.49238205,0.9771682,-0.074007094,0.19916141,0
-1.2387894,4.1503272,-0.53907776,-0.9771682,0.074007094,-0.19916141,0
-0.62153292,-1.2155075,1.4976892,-0.19967872,0.00041761994,0.97986132,0
0.18016887,4.5992355,-1.0659633,0.072599828,0.99725759,0.014369607,0
1.1167154,-3.6787004,1.1538136,0.9771682,-0.074007094,0.19916141,0
-0.7221067,-1.8277726,1.2652645,-0.19967872,0.00041761994,0.97986132,0
1.7440665,4.5561013,-0.6915307,0.072599828,0.99725759,0.014369607,0
-0.87825102,0.43742907,-1.535054,0.19967872,-0.00041761994,-0.97986132,0
1.2900803,-0.38144708,1.1883867,0.9771682,-0.074007094,0.19916141,0
-1.1656643,3.3212743,-1.0564017,-0.9771682,0.074007094,-0.19916141,0
1.6763778,1.65974,0.25539112,0.9771682,-0.074007094,0.19916141,0
0.43293798,-1.0297196,1.8226762,-0.19967872,0.00041761994,0.97986132,0
-1.2321863,2.880115,-1.1922551,-0.9771682,0.074007094,-0.19916141,0
-2.0759299,-2.5708618,0.99924898,-0.9771682,0.074007094,-0.19916141,0
0.37446287,-1.236711,-1.2831634,0.19967872,-0.00041761994,-0.97986132,0
1.3809522,1.5377316,1.3738804,0.9771682,-0.074007094,0.19916141,0
1.3110188,-2.3242705,0.44985914,0.9771682,-0.074007094,0.19916141,0
0.0044231415,-2.9042132,1.4959722,-0.19967872,0.00041761994,0.97986132,0
-1.4122852,-3.0686557,-1.166049,-0.9771682,0.074007094,-0.19916141,0
0.11274624,-4.5898771,0.12907028,-0.072599828,-0.99725759,-0.014369607,0
-1.0438666,-0.51040649,1.271713,-0.19967872,0.00041761994,0.97986132,0
0.30587435,-4.4769588,1.0238733,-0.072599828,-0.99725759,-0.014369607,0
-1.50552,-4.30164,-1.1197968,-0.072599828,-0.99725759,-0.014369607,0
-1.8728318,-0.20653808,1.0824585,-0.19967872,0.00041761994,0.97986132,0
1.2556343,-3.7592528,0.77779579,0.9771682,-0.074007094,0.19916141,0
1.0452602,-1.5559989,1.4905223,0.9771682,-0.074007094,0.19916141,0
1.2274318,-3.9120257,0.76574826,0.9771682,-0.074007094,0.19916141,0
0.70064712,3.2714801,-1.4184101,0.19967872,-0.00041761994,-0.97986132,0
0.62698185,-2.626822,-1.4995421,0.19967872,-0.00041761994,-0.97986132,0
0.27103519,-4.5600338,-0.52761936,-0.072599828,-0.99725759,-0.014369607,0
-1.3017967,-0.35645998,-1.6985669,-0.9771682,0.074007094,-0.19916141,0
-0.056330681,-4.4940672,0.50692677,-0.072599828,-0.99725759,-0.014369607,0
-0.92572045,4.2987823,-1.2209108,-0.9771682,0.074007094,-0.19916141,0
0.73542905,-4.6575565,-0.62387252,-0.072599828,-0.99725759,-0.014369607,0
-0.97660172,4.067976,1.4217563,-0.19967872,0.00041761994,0.97986132,0
-1.6143727,0.84996426,0.0081141517,-0.9771682,0.074007094,-0.19916141,0
-1.5910456,1.4925833,0.46933851,-0.9771682,0.074007094,-0.19916141,0
-1.577288,2.0355303,0.57400006,-0.9771682,0.074007094,-0.19916141,0
0.32161364,2.9479895,1.7193062,-0.19967872,0.00041761994,0.97986132,0
0.72359657,-3.4452996,-1.3350153,0.19967872,-0.00041761994,-0.97986132,0
-0.95832884,4.6738567,0.6095674,0.072599828,0.99725759,0.014369607,0
-1.0007596,4.3475113,-0.69352555,-0.9771682,0.074007094,-0.19916141,0
1.6379513,3.4619162,0.21709681,0.9771682,-0.074007094,0.19916141,0
-1.042074,4.1839256,1.4706771,-0.19967872,0.00041761994,0.97986132,0
0.062031388,4.3311558,0.23943853,0.072599828,0.99725759,0.014369607,0
0.54118264,-4.4700027,-0.97465324,-0.072599828,-0.99725759,-0.014369607,0
-0.051825762,-4.4497581,0.64184928,-0.072599828,-0.99725759,-0.014369607,0
0.23206186,-4.7309818,1.1072004,-0.072599828,-0.99725759,-0.014369607,0
-0.6045475,4.683126,-0.57257032,0.072599828,0.99725759,0.014369607,0
-1.9434239,-2.609271,0.69779587,-0.9771682,0.074007094,-0.19916141,0
-0.55360407,2.8573298,1.2682513,-0.19967872,0.00041761994,0.97986132,0
0.085894585,4.4068699,0.78567433,0.072599828,0.99725759,0.014369607,0
-0.38982344,-4.3720007,1.1222827,-0.072599828,-0.99725759,-0.014369607,0
-1.2938464,-0.56712878,-1.7254529,-0.9771682,0.074007094,-0.19916141,0
0.44336569,-4.3425369,-0.39163065,-0.072599828,-0.99725759,-0.014369607,0
-0.85883629,1.270227,1.3540012,-0.19967872,0.00041761994,0.97986132,0
1.1730427,-1.0424426,-1.1706111,0.19967872,-0.00041761994,-0.97986132,0
1.4478613,-2.0191085,0.12476885,0.9771682,-0.074007094,0.19916141,0
0.05504334,4.3415613,1.3531463,0.072599828,0.99725759,0.014369607,0
1.3453908,2.5280287,-1.3502591,0.19967872,-0.00041761994,-0.97986132,0
1.7200123,0.85028052,0.40908027,0.9771682,-0.074007094,0.19916141,0
-1.2036896,-1.7792721,1.092738,-0.19967872,0.00041761994,0.97986132,0
0.77449131,2.1670916,-1.365509,0.19967872,-0.00041761994,-0.97986132,0
1.2322123,4.5548162,1.3028965,0.072599828,0.99725759,0.014369607,0
-0.85537595,-3.8535368,-1.6460371,0.19967872,-0.00041761994,-0.97986132,0
-1.7226878,-1.1210829,0.3046819,-0.9771682,0.074007094,-0.19916141,0
1.1190333,-3.9670968,-1.258148,0.19967872,-0.00041761994,-0.97986132,0
-0.31390548,-4.3774824,0.4729166,-0.072599828,-0.99725759,-0.014369607,0
-0.73605227,4.5196872,-1.1224504,0.072599828,0.99725759,0.014369607,0
-1.4324155,-3.1477721,1.225945,-0.19967872,0.00041761994,0.97986132,0
1.7761893,3.3407104,0.32195902,0.9771682,-0.074007094,0.19916141,0
-0.9531213,-4.3246412,0.044421196,-0.072599828,-0.99725759,-0.014369607,0
1.0866735,-3.230268,0.097487926,0.9771682,-0.074007094,0.19916141,0
1.7418599,1.8969169,0.62807035,0.9771682,-0.074007094,0.19916141,0
1.9008723,2.8588309,0.15888739,0.9771682,-0.074007094,0.19916141,0
-0.33973241,-4.327167,0.078816414,-0.072599828,-0.99725759,-0.014369607,0
-1.6750175,-1.244045,0.0079200268,-0.9771682,0.074007094,-0.19916141,0
1.8279548,2.0571332,-0.70764208,0.9771682,-0.074007094,0.19916141,0
-1.4329159,-3.5930686,-1.6326847,-0.9771682,0.074007094,-0.19916141,0
-0.84981346,-4.3796988,1.0443361,-0.072599828,-0.99725759,-0.014369607,0
-1.4257427,-2.858202,-0.69204283,-0.9771682,0.074007094,-0.19916141,0
-0.88130641,2.6133876,-1.8785677,0.19967872,-0.00041761994,-0.97986132,0
-1.3156748,-2.0835159,-1.6904144,-0.9771682,0.074007094,-0.19916141,0
-0.63982946,-4.5915494,-1.3151083,-0.072599828,-0.99725759,-0.014369607,0
0.17576361,-4.5913334,0.78379178,-0.072599828,-0.99725759,-0.014369607,0
-0.97082031,4.3908672,0.091466188,0.072599828,0.99725759,0.014369607,0
-1.0794039,4.5644503,-0.59938765,-0.9771682,0.074007094,-0.19916141,0
-0.19946313,-0.20212018,-1.4309312,0.19967872,-0.00041761994,-0.97986132,0
1.1246144,2.2348795,1.694509,-0.19967872,0.00041761994,0.97986132,0
0.97563374,-3.9648197,0.44225883,0.9771682,-0.074007094,0.19916141,0
-1.4746137,-4.2629862,1.0577641,-0.072599828,-0.99725759,-0.014369607,0
1.1767458,-0.17380238,1.3972596,0.9771682,-0.074007094,0.19916141,0
1.5330399,1.5391736,0.14978385,0.9771682,-0.074007094,0.19916141,0
1.447669,-2.1151509,0.063046813,0.9771682,-0.074007094,0.19916141,0
-0.20188236,-4.5772772,1.0344489,-0.072599828,-0.99725759,-0.014369607,0
0.84138632,4.5722208,-0.15381193,0.072599828,0.99725759,0.014369607,0
-1.3393732,-4.379611,-0.45265484,-0.072599828,-0.99725759,-0.014369607,0
-1.9926003,-3.0652163,1.1972601,-0.9771682,0.074007094,-0.19916141,0
-0.65991521,-0.012029648,-1.7787799,0.19967872,-0.00041761994,-0.97986132,0
-1.3479601,-4.5841689,-0.88461733,-0.072599828,-0.99725759,-0.014369607,0
-1.0148501,-4.3398542,0.99204445,-0.072599828,-0.99725759,-0.014369607,0
-0.095024347,-4.5794487,0.58287477,-0.072599828,-0.99725759,-0.014369607,0
0.015584946,-4.398138,0.13745975,-0.072599828,-0.99725759,-0.014369607,0
-1.3572004,0.76769024,0.2301338,-0.9771682,0.074007094,-0.19916141,0
-1.6730059,-2.560277,-1.2336862,-0.9771682,0.074007094,-0.19916141,0
0.67601895,3.8499355,-1.1949868,0.19967872,-0.00041761994,-0.97986132,0
1.0710695,-0.5448246,1.7080793,0.9771682,-0.074007094,0.19916141,0
2.0329924,2.6340117,-0.84830832,0.9771682,-0.074007094,0.19916141,0
-0.81245446,4.3672476,0.39649129,0.072599828,0.99725759,0.014369607,0
-1.3772099,-4.2876263,-0.15244818,-0.072599828,-0.99725759,-0.014369607,0
1.2272145,-2.0732474,1.7049102,0.9771682,-0.074007094,0.19916141,0
-0.67075574,1.9191005,-1.5671299,0.19967872,-0.00041761994,-0.97986132,0
-1.5738446,-2.0324395,0.052899122,-0.9771682,0.074007094,-0.19916141,0
-0.57049704,4.6999207,-1.1411469,0.072599828,0.99725759,0.014369607,0
-0.53902793,-2.1223788,1.3329483,-0.19967872,0.00041761994,0.97986132,0
1.9721832,4.0698624,-1.2527962,0.19967872,-0.00041761994,-0.97986132,0
-0.61441112,4.6386604,0.2051506,0.072599828,0.99725759,0.014369607,0
0.69861656,-3.6713314,-1.5136015,0.19967872,-0.00041761994,-0.97986132,0
-0.35518533,-3.9277954,-1.4322166,0.19967872,-0.00041761994,-0.97986132,0
0.14613056,4.667109,0.50649691,0.072599828,0.99725759,0.014369607,0
-1.0990496,4.208179,-0.43470621,-0.9771682,0.074007094,-0.19916141,0
-0.8918485,-4.0220051,-1.8213708,0.19967872,-0.00041761994,-0.97986132,0
1.8848435,4.3122516,0.11479282,0.9771682,-0.074007094,0.19916141,0
0.47315454,-4.4419174,-0.56272626,-0.072599828,-0.99725759,-0.014369607,0
1.1953678,-3.5143285,-0.23963189,0.9771682,-0.074007094,0.19916141,0
-1.1643822,3.3654318,-1.4058847,-0.9771682,0.074007094,-0.19916141,0
1.3879775,-3.1408393,-0.81292236,0.9771682,-0.074007094,0.19916141,0
1.3645053,2.2792833,1.1792722,0.9771682,-0.074007094,0.19916141,0
1.7328279,2.7905908,-0.13603997,0.9771682,-0.074007094,0.19916141,0
-1.484159,-2.7269142,-0.61757827,-0.9771682,0.074007094,-0.19916141,0
-0.4477188,3.6713276,1.3729928,-0.19967872,0.00041761994,0.97986132,0
-0.44950271,4.4933167,0.92008257,0.072599828,0.99725759,0.014369607,0
1.2106583,0.47211412,-1.1288528,0.19967872,-0.00041761994,-0.97986132,0
1.8338189,3.9843802,0.912395,0.9771682,-0.074007094,0.19916141,0
-0.2302916,-3.2033651,1.3333087,-0.19967872,0.00041761994,0.97986132,0
1.3637495,-4.52561,-0.78003597,0.9771682,-0.074007094,0.19916141,0
1.3207315,-0.9562577,0.56900519,0.9771682,-0.074007094,0.19916141,0
-0.82334423,3.2917242,-1.3074449,-0.9771682,0.074007094,-0.19916141,0
1.2364558,4.2955112,0.82214975,0.072599828,0.99725759,0.014369607,0
0.86766833,1.6593547,1.8067833,-0.19967872,0.00041761994,0.97986132,0
1.6574024,0.22781557,-0.71288639,0.9771682,-0.074007094,0.19916141,0
0.59032798,-0.64992511,1.7802773,-0.19967872,0.00041761994,0.97986132,0
-1.359812,3.6796575,0.60519505,-0.9771682,0.074007094,-0.19916141,0
-1.9471406,-2.4561348,0.93030429,-0.9771682,0.074007094,-0.19916141,0
-0.29609966,1.9050328,-1.624624,0.19967872,-0.00041761994,-0.97986132,0
-0.26195586,-0.36414921,1.3545055,-0.19967872,0.00041761994,0.97986132,0
-1.592429,-2.0368168,1.3291086,-0.19967872,0.00041761994,0.97986132,0
1.3035206,3.5139682,1.9445162,0.9771682,-0.074007094,0.19916141,0
1.0756937,-0.76992369,1.060957,0.9771682,-0.074007094,0.19916141,0
0.026770353,4.5781698,-1.0538397,0.072599828,0.99725759,0.014369607,0
1.3724772,-3.1940036,-0.41728616,0.9771682,-0.074007094,0.19916141,0
-1.7243071,-2.2812297,0.076313496,-0.9771682,0.074007094,-0.19916141,0
1.3882904,-1.4650221,-0.30677563,0.9771682,-0.074007094,0.19916141,0
-1.5834216,-0.99891984,-0.87454772,-0.9771682,0.074007094,-0.19916141,0
1.455173,-2.9435689,0.0063464642,0.9771682,-0.074007094,0.19916141,0
-1.8337517,-1.3590914,0.14948511,-0.9771682,0.074007094,-0.19916141,0
-1.6697518,-3.1097128,-0.58623075,-0.9771682,0.074007094,-0.19916141,0
0.22844362,-1.8567797,1.7448235,-0.19967872,0.00041761994,0.97986132,0
-0.11687279,2.4209311,-1.591365,0.19967872,-0.00041761994,-0.97986132,0
0.24522448,-4.5622272,0.37235045,-0.072599828,-0.99725759,-0.014369607,0
1.1774616,1.926275,1.5578294,0.9771682,-0.074007094,0.19916141,0
-1.8311803,-2.2803373,0.69470644,-0.9771682,0.074007094,-0.19916141,0
1.7288798,4.4009991,1.1390958,0.9771682,-0.074007094,0.19916141,0
-1.2465065,0.65750289,-0.29954359,-0.9771682,0.074007094,-0.19916141,0
1.6803397,-3.5943656,-1.2240958,0.9771682,-0.074007094,0.19916141,0
-1.1322292,2.0853832,1.160485,-0.19967872,0.00041761994,0.97986132,0
-1.2516931,2.294868,-0.92226386,-0.9771682,0.074007094,-0.19916141,0
-1.5534767,-0.78908449,0.23530912,-0.9771682,0.074007094,-0.19916141,0
-1.6359476,-3.2024145,0.17440796,-0.9771682,0.074007094,-0.19916141,0
-0.26584816,-2.8093593,1.4500914,-0.19967872,0.00041761994,0.97986132,0
1.593944,4.5508156,0.86615467,0.072599828,0.99725759,0.014369607,0
1.6538424,0.78195214,0.18530095,0.9771682,-0.074007094,0.19916141,0
-0.39621806,-4.3060932,-0.89978313,-0.072599828,-0.99725759,-0.014369607,0
1.2600574,4.3224049,0.47554827,0.072599828,0.99725759,0.014369607,0
-0.19278049,4.6892228,-0.3622365,0.072599828,0.99725759,0.014369607,0
0.67017436,-4.6570764,0.52106309,-0.072599828,-0.99725759,-0.014369607,0
-1.0863055,-4.5734215,-0.89055204,-0.072599828,-0.99725759,-0.014369607,0
-0.54415965,4.7570477,-0.55160117,0.072599828,0.99725759,0.014369607,0
-1.9408944,-0.82089442,1.1684232,-0.9771682,0.074007094,-0.19916141,0
-1.1437094,-2.2615364,1.4719925,-0.19967872,0.00041761994,0.97986132,0
-0.97528958,4.4057198,0.84752011,0.072599828,0.99725759,0.014369607,0
1.2190211,3.4098718,1.8713453,-0.19967872,0.00041761994,0.97986132,0
-0.13780582,0.079440951,1.615762,-0.19967872,0.00041761994,0.97986132,0
0.80091953,-3.8679202,-1.4091613,0.19967872,-0.00041761994,-0.97986132,0
-0.32892823,-4.5620775,-0.53223801,-0.072599828,-0.99725759,-0.014369607,0
-1.4621277,0.035336733,-1.0267557,-0.9771682,0.074007094,-0.19916141,0
0.90608883,-1.7220573,-1.4300681,0.19967872,-0.00041761994,-0.97986132,0
-1.1408948,3.6035743,1.4243255,-0.19967872,0.00041761994,0.97986132,0
1.2318983,0.62668788,0.80103815,0.9771682,-0.074007094,0.19916141,0
-1.6773542,0.46709967,0.69072944,-0.9771682,0.074007094,-0.19916141,0
-1.6660117,-4.254858,-0.27674866,-0.072599828,-0.99725759,-0.014369607,0
0.86548829,-3.7950029,1.2949743,0.9771682,-0.074007094,0.19916141,0
0.15968204,4.5606709,0.30166006,0.072599828,0.99725759,0.014369607,0
1.4442823,-4.4208817,-0.56973028,-0.072599828,-0.99725759,-0.014369607,0
0.30331016,-3.3738132,1.5714755,-0.19967872,0.00041761994,0.97986132,0
0.82550013,-4.5858946,-0.38630962,-0.072599828,-0.99725759,-0.014369607,0
-0.57500345,0.25995207,1.3138936,-0.19967872,0.00041761994,0.97986132,0
-0.71646512,-4.4803953,-1.3970919,-0.072599828,-0.99725759,-0.014369607,0
0.44264162,-4.6065073,-0.43699884,-0.072599828,-0.99725759,-0.014369607,0
-1.0835257,0.049048472,1.2531351,-0.19967872,0.00041761994,0.97986132,0
-1.4997818,-4.2415552,0.62934923,-0.072599828,-0.99725759,-0.014369607,0
-1.3180729,0.20279133,-0.83363837,-0.9771682,0.074007094,-0.19916141,0
-0.90831333,3.4450355,1.2887511,-0.19967872,0.00041761994,0.97986132,0
0.62359297,1.503419,1.7516897,-0.19967872,0.00041761994,0.97986132,0
0.069089413,-4.4911137,0.93580723,-0.072599828,-0.99725759,-0.014369607,0
0.5167222,2.6454692,1.7237189,-0.19967872,0.00041761994,0.97986132,0
-0.0032739639,-4.3342867,-1.0541551,-0.072599828,-0.99725759,-0.014369607,0
-1.1526997,-4.5037165,0.53059196,-0.072599828,-0.99725759,-0.014369607,0
1.8280492,-0.059773624,-0.79143047,0.9771682,-0.074007094,0.19916141,0
-0.36217976,-4.5177593,-0.71272993,-0.072599828,-0.99725759,-0.014369607,0
1.1053417,1.155304,-1.2903771,0.19967872,-0.00041761994,-0.97986132,0
0.57652497,-4.4998178,-0.71933126,-0.072599828,-0.99725759,-0.014369607,0
0.45198205,3.065872,1.6888316,-0.19967872,0.00041761994,0.97986132,0
1.396364,0.89540827,0.041968465,0.9771682,-0.074007094,0.19916141,0
-1.378248,0.36962688,-1.4009696,-0.9771682,0.074007094,-0.19916141,0
-0.53009319,-4.5922298,-0.47677374,-0.072599828,-0.99725759,-0.014369607,0
0.80119306,3.7467976,1.6254857,-0.19967872,0.00041761994,0.97986132,0
0.010972857,1.5631871,-1.3706372,0.19967872,-0.00041761994,-0.97986132,0
-0.60593343,-2.5535583,-1.6166277,0.19967872,-0.00041761994,-0.97986132,0
0.054769754,-4.2592254,1.4588461,-0.19967872,0.00041761994,0.97986132,0
-0.14221883,-4.5067096,-0.41232967,-0.072599828,-0.99725759,-0.014369607,0
-0.16317701,4.665874,-1.6503289,0.072599828,0.99725759,0.014369607,0
-1.304101,-0.069558531,1.0776156,-0.19967872,0.00041761994,0.97986132,0
0.86559606,-4.7316113,-0.97141552,-0.072599828,-0.99725759,-0.014369607,0
0.55632699,-0.97053564,-1.2140895,0.19967872,-0.00041761994,-0.97986132,0
1.0561018,-2.3528936,-1.2545837,0.19967872,-0.00041761994,-0.97986132,0
-0.97845924,-4.4519043,-1.6732006,-0.072599828,-0.99725759,-0.014369607,0
-1.6110121,-1.5043893,0.60309815,-0.9771682,0.074007094,-0.19916141,0
1.3876836,-2.9040806,-0.25795877,0.9771682,-0.074007094,0.19916141,0
-1.4307014,-4.2101326,0.081881046,-0.072599828,-0.99725759,-0.014369607,0
0.28222775,-4.6356716,0.37462234,-0.072599828,-0.99725759,-0.014369607,0
-0.40196824,-2.6149452,1.4589052,-0.19967872,0.00041761994,0.97986132,0
1.3135216,-2.5988827,0.42391336,0.9771682,-0.074007094,0.19916141,0
-1.1644132,-4.4153352,1.1873875,-0.19967872,0.00041761994,0.97986132,0
-1.5368015,3.611367,1.3921866,-0.19967872,0.00041761994,0.97986132,0
1.6323153,1.4858145,-0.034924269,0.9771682,-0.074007094,0.19916141,0
0.58075917,3.3528583,1.5279636,-0.19967872,0.00041761994,0.97986132,0
0.26208496,4.6339536,-0.18569803,0.072599828,0.99725759,0.014369607,0
0.2221446,4.6334209,0.30289412,0.072599828,0.99725759,0.014369607,0
1.6358587,2.5725758,0.5422051,0.9771682,-0.074007094,0.19916141,0
-0.52856171,-0.68226898,1.2900548,-0.19967872,0.00041761994,0.97986132,0
1.1981379,4.5975637,0.71218348,0.072599828,0.99725759,0.014369607,0
-0.7015543,-4.5040174,1.1349249,-0.072599828,-0.99725759,-0.014369607,0
-1.1827518,-4.6037607,-0.4085474,-0.072599828,-0.99725759,-0.014369607,0
1.6224551,-0.54001963,-1.1879593,0.9771682,-0.074007094,0.19916141,0
1.5862008,-0.93167949,-1.0957527,0.9771682,-0.074007094,0.19916141,0
-1.3088012,1.5839714,1.0639508,-0.19967872,0.00041761994,0.97986132,0
-1.1984594,4.4237542,0.74293137,0.072599828,0.99725759,0.014369607,0
-1.3578402,2.0823288,0.40612221,-0.9771682,0.074007094,-0.19916141,0
0.85839534,2.2038901,1.7878449,-0.19967872,0.00041761994,0.97986132,0
-0.17911124,-4.6320353,0.87184834,-0.072599828,-0.99725759,-0.014369607,0
-1.4469986,-3.1500778,1.232111,-0.19967872,0.00041761994,0.97986132,0
-0.9132247,-1.1134748,1.4394193,-0.19967872,0.00041761994,0.97986132,0
1.2641816,-0.90089869,-1.0954669,0.19967872,-0.00041761994,-0.97986132,0
-0.75786698,-4.418447,-1.370605,-0.072599828,-0.99725759,-0.014369607,0
0.65508556,2.2069056,-1.4303253,0.19967872,-0.00041761994,-0.97986132,0
-0.089246154,-4.5750084,-1.2408471,-0.072599828,-0.99725759,-0.014369607,0
1.721049,4.2145872,-0.31199741,0.9771682,-0.074007094,0.19916141,0
0.73506123,-0.6541701,-1.2184006,0.19967872,-0.00041761994,-0.97986132,0
0.5102669,4.4717951,0.86721563,0.072599828,0.99725759,0.014369607,0
-0.79905653,3.7952323,-1.8217396,0.19967872,-0.00041761994,-0.97986132,0
-1.0216217,-4.6166573,0.50217819,-0.072599828,-0.99725759,-0.014369607,0
0.58688569,2.647352,-1.3489147,0.19967872,-0.00041761994,-0.97986132,0
1.1561813,-3.6640723,0.01413393,0.9771682,-0.074007094,0.19916141,0
0.095682517,2.297935,1.4245152,-0.19967872,0.00041761994,0.97986132,0
0.74323738,0.3440851,1.7952626,-0.19967872,0.00041761994,0.97986132,0
1.4192815,-0.5937748,0.29986346,0.9771682,-0.074007094,0.19916141,0
-1.5519476,-3.6821668,1.1456194,-0.19967872,0.00041761994,0.97986132,0
-0.78940165,-4.4719887,-1.0821085,-0.072599828,-0.99725759,-0.014369607,0
-1.4739887,-4.2351007,0.28255033,-0.072599828,-0.99725759,-0.014369607,0
1.0011159,-4.4170241,0.3108604,-0.072599828,-0.99725759,-0.014369607,0
0.79511523,4.626123,-0.53415298,0.072599828,0.99725759,0.014369607,0
-1.0773914,-4.6335397,0.075099468,-0.072599828,-0.99725759,-0.014369607,0
1.8156582,2.6220918,0.43890262,0.9771682,-0.074007094,0.19916141,0
-1.165431,4.764864,0.9560914,0.072599828,0.99725759,0.014369607,0
0.79916197,-1.1397586,-1.293431,0.19967872,-0.00041761994,-0.97986132,0
0.11053845,1.7585859,1.4978023,-0.19967872,0.00041761994,0.97986132,0
-1.0708811,-4.3373799,1.1571779,-0.072599828,-0.99725759,-0.014369607,0
1.3565539,-1.7220651,-0.27603996,0.9771682,-0.074007094,0.19916141,0
1.2935097,0.17697346,1.1381845,0.9771682,-0.074007094,0.19916141,0
-0.37775898,2.4887502,-1.7825632,0.19967872,-0.00041761994,-0.97986132,0
-0.0049724579,-4.5942402,0.21255159,-0.072599828,-0.99725759,-0.014369607,0
-0.80308354,-0.96716362,1.3472377,-0.19967872,0.00041761994,0.97986132,0
0.26134801,4.3797307,0.74494314,0.072599828,0.99725759,0.014369607,0
1.2839575,-0.39574242,-1.308104,0.19967872,-0.00041761994,-0.97986132,0
1.6951628,2.7892296,0.77821994,0.9771682,-0.074007094,0.19916141,0
-1.8410585,-0.54823834,0.76517344,-0.9771682,0.074007094,-0.19916141,0
-0.8745873,-3.6584966,1.543298,-0.19967872,0.00041761994,0.97986132,0
1.4204021,-2.3972545,0.32499862,0.9771682,-0.074007094,0.19916141,0
1.1436102,2.2242973,-1.4906625,0.19967872,-0.00041761994,-0.97986132,0
-0.72758389,2.6805964,-1.8085129,0.19967872,-0.00041761994,-0.97986132,0
1.5433199,-2.7022426,-0.077832937,0.9771682,-0.074007094,0.19916141,0
-0.21528816,0.98098117,-1.6963038,0.19967872,-0.00041761994,-0.97986132,0
0.78408742,4.4379873,0.31859589,0.072599828,0.99725759,0.014369607,0
1.5683122,1.7406101,0.89888334,0.9771682,-0.074007094,0.19916141,0
-1.4816662,-0.6677978,0.34154427,-0.9771682,0.074007094,-0.19916141,0
2.1029406,2.9752107,-0.98646331,0.9771682,-0.074007094,0.19916141,0
0.40070772,4.395216,-1.0920887,0.072599828,0.99725759,0.014369607,0
-0.42298698,4.5622597,-0.0084404945,0.072599828,0.99725759,0.014369607,0
1.5774534,3.1114011,-1.3097239,0.19967872,-0.00041761994,-0.97986132,0
0.5390203,-0.69086522,-1.5063887,0.19967872,-0.00041761994,-0.97986132,0
-1.1230363,-0.74296498,-1.8441074,0.19967872,-0.00041761994,-0.97986132,0
1.6357951,-0.80547881,-0.3454029,0.9771682,-0.074007094,0.19916141,0
-0.44204545,-4.6494699,-0.074923038,-0.072599828,-0.99725759,-0.014369607,0
0.7976504,4.5444217,1.2085905,0.072599828,0.99725759,0.014369607,0
-2.0289478,-2.4331963,0.7324605,-0.9771682,0.074007094,-0.19916141,0
1.1001062,4.3132954,-0.80200195,0.072599828,0.99725759,0.014369607,0
-1.2689126,4.0491552,0.97169137,-0.9771682,0.074007094,-0.19916141,0
-0.51299214,4.7110748,0.0035591125,0.072599828,0.99725759,0.014369607,0
1.3973461,4.5788031,1.1951427,0.072599828,0.99725759,0.014369607,0
0.66502166,-4.7556224,0.59424663,-0.072599828,-0.99725759,-0.014369607,0
-1.160183,2.7766159,-1.6924101,-0.9771682,0.074007094,-0.19916141,0
-1.5625178,-1.5731385,-0.38798285,-0.9771682,0.074007094,-0.19916141,0
1.8643353,3.1525307,0.032121658,0.9771682,-0.074007094,0.19916141,0
0.18189222,4.3400092,1.3763814,0.072599828,0.99725759,0.014369607,0
-1.1577146,-0.34272349,1.1457624,-0.19967872,0.00041761994,0.97986132,0
-1.4241602,-4.3390799,0.88780451,-0.072599828,-0.99725759,-0.014369607,0
-0.10310885,-2.7028685,-1.4709415,0.19967872,-0.00041761994,-0.97986132,0
1.1726861,4.4174509,0.55120516,0.072599828,0.99725759,0.014369607,0
1.6555243,0.11531138,-0.82516134,0.9771682,-0.074007094,0.19916141,0
0.90502965,4.246098,0.7738471,0.072599828,0.99725759,0.014369607,0
1.1220274,4.5581884,1.2961984,0.072599828,0.99725759,0.014369607,0
0.18408167,-4.3853793,-0.97849369,-0.072599828,-0.99725759,-0.014369607,0
1.4349499,4.3705554,-0.80607128,0.072599828,0.99725759,0.014369607,0
-1.8233483,-1.9064682,-0.232337,-0.9771682,0.074007094,-0.19916141,0
-1.6554662,-2.1011908,-0.66195273,-0.9771682,0.074007094,-0.19916141,0
-1.2451982,1.0305643,-0.69818169,-0.9771682,0.074007094,-0.19916141,0
1.539064,-2.3038745,-0.45691562,0.9771682,-0.074007094,0.19916141,0
-1.7769762,-2.0242577,-0.55923796,-0.9771682,0.074007094,-0.19916141,0
-1.3993464,-2.9547417,-1.6570284,-0.9771682,0.074007094,-0.19916141,0
-0.59720111,4.5596743,-0.053575516,0.072599828,0.99725759,0.014369607,0
0.53973413,-3.155148,1.5801322,-0.19967872,0.00041761994,0.97986132,0
-1.4955838,-2.5449958,-1.5177171,-0.9771682,0.074007094,-0.19916141,0
-1.715844,-4.3867817,0.13905144,-0.9771682,0.074007094,-0.19916141,0
1.3917849,4.1832767,-1.4058223,0.19967872,-0.00041761994,-0.97986132,0
-1.3639826,3.6818151,1.1294026,-0.19967872,0.00041761994,0.97986132,0
1.8098155,2.5767,0.16726327,0.9771682,-0.074007094,0.19916141,0
0.018527508,-1.9242125,1.6759474,-0.19967872,0.00041761994,0.97986132,0
0.97713804,4.369688,0.41403151,0.072599828,0.99725759,0.014369607,0
-0.27354014,4.3980465,1.0773811,0.072599828,0.99725759,0.014369607,0
0.29828238,-4.4792581,1.344559,-0.072599828,-0.99725759,-0.014369607,0
-1.8895265,-2.0914593,0.78872633,-0.9771682,0.074007094,-0.19916141,0
0.27332592,2.6049573,-1.3403879,0.19967872,-0.00041761994,-0.97986132,0
1.1675425,3.1068516,-1.2710063,0.19967872,-0.00041761994,-0.97986132,0
-0.96057713,-1.2055409,1.4008487,-0.19967872,0.00041761994,0.97986132,0
0.36481321,-1.2465273,-1.5396857,0.19967872,-0.00041761994,-0.97986132,0
0.76977909,-1.5940847,1.6290264,-0.19967872,0.00041761994,0.97986132,0
1.3641207,-0.80252457,0.38592067,0.9771682,-0.074007094,0.19916141,0
-0.015591025,-4.5036759,-0.64000511,-0.072599828,-0.99725759,-0.014369607,0
0.9299556,-4.5298271,-1.3851995,-0.072599828,-0.99725759,-0.014369607,0
-1.0489484,-4.0934935,-1.7811313,0.19967872,-0.00041761994,-0.97986132,0
-1.0424588,0.58458436,-1.5803306,0.19967872,-0.00041761994,-0.97986132,0
0.28780866,4.3439016,-0.57656455,0.072599828,0.99725759,0.014369607,0
2.0530348,2.8922372,-0.92462611,0.9771682,-0.074007094,0.19916141,0
-0.68833125,-4.4159117,-1.7712889,0.19967872,-0.00041761994,-0.97986132,0
-1.3546345,-2.8167336,1.3124223,-0.19967872,0.00041761994,0.97986132,0
1.4264041,1.3725796,-1.2032684,0.19967872,-0.00041761994,-0.97986132,0
-1.3268197,4.6437335,0.57832456,0.072599828,0.99725759,0.014369607,0
-1.4873227,1.1879439,0.52074242,-0.9771682,0.074007094,-0.19916141,0
-1.2923191,0.48833692,-1.2926438,-0.9771682,0.074007094,-0.19916141,0
-1.3129483,3.9606495,1.2308013,-0.19967872,0.00041761994,0.97986132,0
1.2887629,0.088144422,1.0921202,0.9771682,-0.074007094,0.19916141,0
-1.8706677,-3.6627183,0.93860841,-0.9771682,0.074007094,-0.19916141,0
1.1395794,-3.9116764,0.70969605,0.9771682,-0.074007094,0.19916141,0
1.3424901,-1.5866462,0.24256569,0.9771682,-0.074007094,0.19916141,0
2.0288117,3.5837936,-1.1669271,0.9771682,-0.074007094,0.19916141,0
0.68458009,4.6738992,-0.99728441,0.072599828,0.99725759,0.014369607,0
1.0259135,-3.8124676,1.5523524,0.9771682,-0.074007094,0.19916141,0
1.2785609,0.83959353,1.5331557,0.9771682,-0.074007094,0.19916141,0
1.5462108,-0.43868822,-0.43092582,0.9771682,-0.074007094,0.19916141,0
1.1615671,-4.5643888,0.20295811,0.9771682,-0.074007094,0.19916141,0
0.18242157,-4.6401396,-0.66408443,-0.072599828,-0.99725759,-0.014369607,0
1.3710454,4.4330969,-1.2756634,0.072599828,0.99725759,0.014369607,0
-0.87907279,0.78869963,-1.8076477,0.19967872,-0.00041761994,-0.97986132,0
-1.3503766,3.6723094,0.47956038,-0.9771682,0.074007094,-0.19916141,0
1.1677822,-3.9455218,-0.12172246,0.9771682,-0.074007094,0.19916141,0
1.2782536,-2.4111092,-1.1464677,0.19967872,-0.00041761994,-0.97986132,0
-0.30557579,1.0632049,1.4151708,-0.19967872,0.00041761994,0.97986132,0
1.3428125,-3.4529738,0.19300842,0.9771682,-0.074007094,0.19916141,0
-0.84593725,2.8649461,-1.7697742,-0.9771682,0.074007094,-0.19916141,0
1.6439159,4.0381765,0.39171886,0.9771682,-0.074007094,0.19916141,0
-0.60561478,2.2098656,1.5764343,-0.19967872,0.00041761994,0.97986132,0
1.1941721,4.3998828,1.2217612,0.072599828,0.99725759,0.014369607,0
-0.94549823,4.2763281,-1.6843002,-0.9771682,0.074007094,-0.19916141,0
1.2750111,4.3858056,0.34454775,0.072599828,0.99725759,0.014369607,0
0.40479302,3.9965527,-1.3700895,0.19967872,-0.00041761994,-0.97986132,0
-1.0249652,-1.6549611,1.2305621,-0.19967872,0.00041761994,0.97986132,0
0.6647054,4.3223972,0.14692068,0.072599828,0.99725759,0.014369607,0
0.95588338,-4.4631419,0.15541649,-0.072599828,-0.99725759,-0.014369607,0
1.3008032,-1.5581342,0.68408132,0.9771682,-0.074007094,0.19916141,0
-1.3597724,-3.1316431,-1.2169807,-0.9771682,0.074007094,-0.19916141,0
1.4884048,0.97922659,-1.2875659,0.19967872,-0.00041761994,-0.97986132,0
-1.4602462,3.791326,1.1390452,-0.9771682,0.074007094,-0.19916141,0
0.86446953,-2.1944885,-1.3006936,0.19967872,-0.00041761994,-0.97986132,0
-1.4169832,3.0089128,0.7418133,-0.9771682,0.074007094,-0.19916141,0
-2.1022305,-3.8691502,1.0175686,-0.9771682,0.074007094,-0.19916141,0
1.5543516,-2.5031869,-1.2830695,0.9771682,-0.074007094,0.19916141,0
0.30542541,-3.1719198,-1.2974072,0.19967872,-0.00041761994,-0.97986132,0
-0.57632613,4.3743825,-0.80082417,0.072599828,0.99725759,0.014369607,0
1.0181543,-2.8973899,0.82020915,0.9771682,-0.074007094,0.19916141,0
-1.3181664,1.3355557,1.1563287,-0.19967872,0.00041761994,0.97986132,0
0.75190187,-1.7342733,-1.2460589,0.19967872,-0.00041761994,-0.97986132,0
-1.6447747,-1.2947969,0.22545159,-0.9771682,0.074007094,-0.19916141,0
0.43654186,1.0494268,1.4646127,-0.19967872,0.00041761994,0.97986132,0
1.4408064,-3.8767164,-1.0667167,0.19967872,-0.00041761994,-0.97986132,0
0.89025867,2.9171002,1.7854331,-0.19967872,0.00041761994,0.97986132,0
-1.5604757,-1.5292633,-1.4043249,-0.9771682,0.074007094,-0.19916141,0
-1.5168393,2.6468818,0.68172121,-0.9771682,0.074007094,-0.19916141,0
-1.3734843,0.3405031,-0.60010093,-0.9771682,0.074007094,-0.19916141,0
-1.7431477,-4.4322329,0.073830128,-0.072599828,-0.99725759,-0.014369607,0
1.2304027,-0.16374779,1.548653,0.9771682,-0.074007094,0.19916141,0
0.82656449,4.2896633,1.5102944,0.072599828,0.99725759,0.014369607,0
1.133317,4.6328287,-0.87400198,0.072599828,0.99725759,0.014369607,0
1.1414273,0.26889086,1.742553,0.9771682,-0.074007094,0.19916141,0
0.34720832,4.6055412,1.6237359,0.072599828,0.99725759,0.014369607,0
-0.38447762,4.3389735,-1.4839342,0.19967872,-0.00041761994,-0.97986132,0
-0.5544889,-4.4962115,1.2786114,-0.072599828,-0.99725759,-0.014369607,0
1.4123577,-1.7948704,0.92151058,0.9771682,-0.074007094,0.19916141,0
-1.2083997,-1.049634,-1.5937427,-0.9771682,0.074007094,-0.19916141,0
-1.2405918,-4.3499765,1.3964097,-0.19967872,0.00041761994,0.97986132,0
0.3304522,-4.6733561,-0.16153049,-0.072599828,-0.99725759,-0.014369607,0
1.3700364,-3.0581379,0.44438624,0.9771682,-0.074007094,0.19916141,0
-1.3361315,4.1799793,1.1471171,-0.19967872,0.00041761994,0.97986132,0
-1.177479,3.0633056,-0.12367892,-0.9771682,0.074007094,-0.19916141,0
1.2358785,2.6081626,1.801091,-0.19967872,0.00041761994,0.97986132,0
0.051101685,-1.2844278,1.6785837,-0.19967872,0.00041761994,0.97986132,0
-1.314581,0.95014107,-1.392396,-0.9771682,0.074007094,-0.19916141,0
1.6129206,1.8089654,1.2016888,0.9771682,-0.074007094,0.19916141,0
0.67932713,-0.82265782,1.5402513,-0.19967872,0.00041761994,0.97986132,0
-1.2837903,-4.6266489,1.0694532,-0.072599828,-0.99725759,-0.014369607,0
-1.5950993,-0.90815502,-0.18209517,-0.9771682,0.074007094,-0.19916141,0
-1.2795659,1.3604479,1.2083955,-0.19967872,0.00041761994,0.97986132,0
-1.3470638,2.4871972,0.012670159,-0.9771682,0.074007094,-0.19916141,0
-1.5642844,-4.382802,-0.17040968,-0.072599828,-0.99725759,-0.014369607,0
-0.46345568,-4.6676493,0.56276083,-0.072599828,-0.99725759,-0.014369607,0
0.47533846,4.2829275,0.23743629,0.072599828,0.99725759,0.014369607,0
1.8578362,3.468236,0.55234861,0.9771682,-0.074007094,0.19916141,0
-1.3164722,2.2451172,-0.18290818,-0.9771682,0.074007094,-0.19916141,0
-1.0853732,-4.2338791,-0.12159109,-0.072599828,-0.99725759,-0.014369607,0
1.2622826,4.3322649,-1.0803251,0.072599828,0.99725759,0.014369607,0
0.26268649,1.9704831,-1.3444483,0.19967872,-0.00041761994,-0.97986132,0
-0.74546838,0.31755787,1.539989,-0.19967872,0.00041761994,0.97986132,0
1.168847,-4.3136373,0.79873061,0.9771682,-0.074007094,0.19916141,0
-0.34819484,4.3556657,-1.4366503,0.19967872,-0.00041761994,-0.97986132,0
-0.23561239,4.5051799,0.0013437271,0.072599828,0.99725759,0.014369607,0
-0.7679925,4.3256459,-1.2894583,-0.9771682,0.074007094,-0.19916141,0
-1.6135765,-1.151279,0.2208873,-0.9771682,0.074007094,-0.19916141,0
1.7768871,4.2703481,-0.45171595,0.072599828,0.99725759,0.014369607,0
-1.8930969,-4.1173511,0.49662113,-0.9771682,0.074007094,-0.19916141,0
-1.1065135,4.4410224,-0.1057632,0.072599828,0.99725759,0.014369607,0
1.628055,4.2171087,0.6291461,0.072599828,0.99725759,0.014369607,0
0.2881276,4.5534096,1.6690943,0.072599828,0.99725759,0.014369607,0
-1.3064196,-0.21400535,-0.31804353,-0.9771682,0.074007094,-0.19916141,0
-1.4475038,1.1578711,0.68017918,-0.9771682,0.074007094,-0.19916141,0
0.10371882,4.3724809,1.6110408,0.072599828,0.99725759,0.014369607,0
-1.4097649,0.58632743,-0.58792752,-0.9771682,0.074007094,-0.19916141,0
1.2588736,-2.5419917,0.87623072,0.9771682,-0.074007094,0.19916141,0
-1.4569695,2.0306807,1.4333346,-0.19967872,0.00041761994,0.97986132,0
1.6998935,3.2364745,0.74742532,0.9771682,-0.074007094,0.19916141,0
-0.57769215,-3.7836039,-1.6364331,0.19967872,-0.00041761994,-0.97986132,0
0.6652863,-1.9545513,-1.2997047,0.19967872,-0.00041761994,-0.97986132,0
0.84101772,-3.5473194,1.096493,0.9771682,-0.074007094,0.19916141,0
-1.5670877,-1.4582143,-0.46648479,-0.9771682,0.074007094,-0.19916141,0
-1.2183229,-1.4878891,-1.6903805,0.19967872,-0.00041761994,-0.97986132,0
0.57547784,-4.656271,-1.2157121,-0.072599828,-0.99725759,-0.014369607,0
-0.52534318,-4.6146488,1.1103761,-0.072599828,-0.99725759,-0.014369607,0
-1.3890626,-1.2099895,-1.3287014,-0.9771682,0.074007094,-0.19916141,0
-1.1090955,3.5138888,-0.042994022,-0.9771682,0.074007094,-0.19916141,0
0.0077185631,-4.6064363,0.052258968,-0.072599828,-0.99725759,-0.014369607,0
1.0244557,-2.5896945,1.4404814,0.9771682,-0.074007094,0.19916141,0
-0.5401969,4.4233828,-0.60538149,0.072599828,0.99725759,0.014369607,0
-1.9804187,-4.1202574,0.71323395,-0.9771682,0.074007094,-0.19916141,0
1.4020264,4.2886043,1.2113709,0.072599828,0.99725759,0.014369607,0
1.1193497,2.2841105,1.8011606,-0.19967872,0.00041761994,0.97986132,0
1.5005493,1.7419351,-1.3810387,0.19967872,-0.00041761994,-0.97986132,0
-1.3521944,-4.2720032,-0.68699408,-0.072599828,-0.99725759,-0.014369607,0
-0.29022998,4.3033094,1.4828532,-0.19967872,0.00041761994,0.97986132,0
-0.099989772,1.3261414,-1.4220711,0.19967872,-0.00041761994,-0.97986132,0
-1.128264,4.4846692,0.29754782,0.072599828,0.99725759,0.014369607,0
1.440348,-0.85991395,0.53350341,0.9771682,-0.074007094,0.19916141,0
-1.1611214,-0.79668558,1.2497914,-0.19967872,0.00041761994,0.97986132,0
0.71363008,4.4112597,0.0017852783,0.072599828,0.99725759,0.014369607,0
-1.9106472,-3.8762507,0.84262848,-0.9771682,0.074007094,-0.19916141,0
-1.3549781,2.3307893,-0.7957744,-0.9771682,0.074007094,-0.19916141,0
-0.91968346,3.9032183,-0.77708173,-0.9771682,0.074007094,-0.19916141,0
1.763281,4.2632465,-0.46721506,0.072599828,0.99725759,0.014369607,0
-1.1982629,2.3343339,1.3526896,-0.19967872,0.00041761994,0.97986132,0
-1.4796546,3.2354138,0.59527683,-0.9771682,0.074007094,-0.19916141,0
-0.80365872,3.3141103,-1.8278472,-0.9771682,0.074007094,-0.19916141,0
0.11530089,-4.5201054,-0.58296347,-0.072599828,-0.99725759,-0.014369607,0
1.3081435,-1.6596063,1.049469,0.9771682,-0.074007094,0.19916141,0
0.94340968,1.4112346,1.6921867,-0.19967872,0.00041761994,0.97986132,0
0.82852602,-3.3659191,-1.2390347,0.19967872,-0.00041761994,-0.97986132,0
-1.7586756,2.4090402,0.99990815,-0.9771682,0.074007094,-0.19916141,0
