1.1533258,2.2907801,-0.75076032,0.62154019,0.73728454,-0.26476252,0
-2.0656531,-1.0384753,1.4405907,-0.62154019,-0.73728454,0.26476252,0
-0.90267396,-2.272434,1.1092215,-0.62154019,-0.73728454,0.26476252,0
0.50181442,2.20625,0.94406486,-0.69847792,0.67459673,0.23884675,0
0.50667316,1.3561869,1.1599594,0.35470599,0.036477923,0.93426597,0
-1.6110878,-1.7653402,0.39105392,-0.62154019,-0.73728454,0.26476252,0
2.766777,0.53507251,-0.10032463,0.69847792,-0.67459673,-0.23884675,0
-1.7086306,-0.3085134,1.9023699,-0.69847792,0.67459673,0.23884675,0
-1.4709178,-1.6152779,1.8892187,-0.62154019,-0.73728454,0.26476252,0
-1.2448568,0.30909657,-1.2359524,-0.35470599,-0.036477923,-0.93426597,0
-1.4885635,-2.3251438,-0.59119678,-0.62154019,-0.73728454,0.26476252,0
1.9636244,0.86244237,-1.6979779,0.62154019,0.73728454,-0.26476252,0
-0.66839916,-2.3833058,-1.3084288,0.69847792,-0.67459673,-0.23884675,0
0.15603954,2.7068448,-0.92459488,-0.69847792,0.67459673,0.23884675,0
-2.0339592,-1.51467,1.0311201,-0.62154019,-0.73728454,0.26476252,0
0.14621681,2.3324311,0.059022427,-0.69847792,0.67459673,0.23884675,0
-2.1084683,-0.34378362,0.49251497,-0.69847792,0.67459673,0.23884675,0
-1.0587834,-2.5933654,-0.068472624,-0.62154019,-0.73728454,0.26476252,0
-1.5973922,-1.5750563,-0.73588228,-0.35470599,-0.036477923,-0.93426597,0
-0.44373384,-2.099824,1.6491674,0.35470599,0.036477923,0.93426597,0
-0.9333539,-1.8695523,1.5209593,-0.62154019,-0.73728454,0.26476252,0
-1.0374157,0.38229442,-1.051123,-0.35470599,-0.036477923,-0.93426597,0
1.1659751,-0.033442736,-2.1064658,0.69847792,-0.67459673,-0.23884675,0
0.49424389,-0.57502997,1.5369508,0.35470599,0.036477923,0.93426597,0
-2.4170156,-0.3462266,-0.59278679,-0.35470599,-0.036477923,-0.93426597,0
-1.5769379,-1.9761589,-0.46639323,-0.62154019,-0.73728454,0.26476252,0
-1.7844167,-0.14525008,1.3451046,-0.69847792,0.67459673,0.23884675,0
-1.6900883,-0.75966275,-0.92821121,-0.35470599,-0.036477923,-0.93426597,0
-0.65944332,1.9872117,-1.3001001,-0.69847792,0.67459673,0.23884675,0
-2.3864474,-0.11177847,0.18972063,-0.69847792,0.67459673,0.23884675,0
-1.3229494,-0.35317349,2.1527002,0.35470599,0.036477923,0.93426597,0
-1.3041434,-1.9291797,1.2326875,-0.62154019,-0.73728454,0.26476252,0
-1.5112288,-2.3619227,-0.26472616,-0.62154019,-0.73728454,0.26476252,0
-1.3776217,-0.15999055,2.0699334,-0.69847792,0.67459673,0.23884675,0
0.88599503,-0.97592825,-0.33549246,0.69847792,-0.67459673,-0.23884675,0
2.4128759,0.64222193,-1.4206129,0.62154019,0.73728454,-0.26476252,0
-2.2758012,-1.1975316,0.29604793,-0.62154019,-0.73728454,0.26476252,0
-1.3269515,0.44562042,-0.93701339,-0.35470599,-0.036477923,-0.93426597,0
-1.4993521,0.2992546,-0.84167743,-0.35470599,-0.036477923,-0.93426597,0
2.6871414,0.67814022,-0.56510544,0.62154019,0.73728454,-0.26476252,0
-0.85728639,-2.6736894,-0.4055872,0.69847792,-0.67459673,-0.23884675,0
1.0926915,2.1139855,-0.32508469,0.62154019,0.73728454,-0.26476252,0
2.1883726,1.3388894,-0.33905029,0.62154019,0.73728454,-0.26476252,0
-0.83887535,0.057514668,-1.4817752,-0.35470599,-0.036477923,-0.93426597,0
-1.3001659,0.56885922,-1.3424579,-0.35470599,-0.036477923,-0.93426597,0
-1.3257271,0.074352622,-1.0192046,-0.35470599,-0.036477923,-0.93426597,0
1.912394,1.9350334,0.42928362,0.62154019,0.73728454,-0.26476252,0
0.42716795,-1.4018948,1.3140302,0.35470599,0.036477923,0.93426597,0
-0.55358946,1.6782408,0.72508681,-0.69847792,0.67459673,0.23884675,0
-1.2255545,-2.4291391,-0.64903283,-0.62154019,-0.73728454,0.26476252,0
1.3840308,2.4343474,0.74843335,0.62154019,0.73728454,-0.26476252,0
1.5048227,0.13090944,-1.455556,0.69847792,-0.67459673,-0.23884675,0
0.96821064,1.3370125,-2.1305275,-0.35470599,-0.036477923,-0.93426597,0
-0.80676246,-0.72018433,2.0242412,0.35470599,0.036477923,0.93426597,0
-0.8212077,-2.4512665,1.0926273,-0.62154019,-0.73728454,0.26476252,0
-1.0771428,-0.17217195,-1.1605603,-0.35470599,-0.036477923,-0.93426597,0
-1.0993407,0.29196668,-1.1274244,-0.35470599,-0.036477923,-0.93426597,0
0.62194949,-0.093708515,-1.9182992,-0.35470599,-0.036477923,-0.93426597,0
1.5316858,0.1643334,1.0169768,0.35470599,0.036477923,0.93426597,0
1.9178135,1.1383673,-2.0070038,0.62154019,0.73728454,-0.26476252,0
-0.61312568,-2.4909573,-0.92069077,0.69847792,-0.67459673,-0.23884675,0
-0.026958928,1.5560727,-1.6444798,-0.35470599,-0.036477923,-0.93426597,0
2.5499163,1.4662926,0.29405379,0.62154019,0.73728454,-0.26476252,0
-1.3189099,1.0888265,-0.7794531,-0.69847792,0.67459673,0.23884675,0
1.8063548,0.19314337,-1.3878721,0.69847792,-0.67459673,-0.23884675,0
-1.5208037,-1.9257683,0.61757922,-0.62154019,-0.73728454,0.26476252,0
0.28832853,1.2651618,1.30133,0.35470599,0.036477923,0.93426597,0
1.1832047,1.2014356,-1.9236265,-0.35470599,-0.036477923,-0.93426597,0
2.4669719,0.87680304,-1.8098748,0.62154019,0.73728454,-0.26476252,0
0.61270225,2.4294956,-0.69064331,0.62154019,0.73728454,-0.26476252,0
-1.6968973,-1.8684564,-0.070368052,-0.62154019,-0.73728454,0.26476252,0
2.2082145,0.57337898,-0.92290103,0.69847792,-0.67459673,-0.23884675,0
-1.0501696,-2.189513,0.97182918,-0.62154019,-0.73728454,0.26476252,0
0.44048429,-1.3943572,-1.5966542,0.69847792,-0.67459673,-0.23884675,0
-0.20691621,-2.2169514,1.725952,0.35470599,0.036477923,0.93426597,0
1.1518993,2.8866553,0.67694163,0.62154019,0.73728454,-0.26476252,0
-0.54529226,-1.0714583,-1.5224199,-0.35470599,-0.036477923,-0.93426597,0
-1.5432162,-1.3475211,2.0484631,-0.62154019,-0.73728454,0.26476252,0
-1.3559743,-2.0362008,0.89305043,-0.62154019,-0.73728454,0.26476252,0
-1.3417079,-0.44278026,2.1662171,0.35470599,0.036477923,0.93426597,0
1.2848303,0.32301974,-1.9217978,-0.35470599,-0.036477923,-0.93426597,0
-0.77335966,1.7909343,-1.3811216,-0.69847792,0.67459673,0.23884675,0
0.59730536,2.330832,-1.2862272,0.62154019,0.73728454,-0.26476252,0
1.4279767,1.5688057,1.1501541,0.35470599,0.036477923,0.93426597,0
-1.844358,0.409325,-0.26542372,-0.69847792,0.67459673,0.23884675,0
1.9253554,1.4885352,-1.0877855,0.62154019,0.73728454,-0.26476252,0
1.6785738,-0.49398336,-0.55993593,0.69847792,-0.67459673,-0.23884675,0
-2.1620688,-1.2842139,0.29577279,-0.62154019,-0.73728454,0.26476252,0
-2.1303396,-0.0045929551,-0.63322055,-0.35470599,-0.036477923,-0.93426597,0
0.079190791,-1.8517064,-0.10508454,0.69847792,-0.67459673,-0.23884675,0
1.3142883,-1.0278376,0.54081196,0.69847792,-0.67459673,-0.23884675,0
-1.8797553,-0.30929708,1.0997891,-0.69847792,0.67459673,0.23884675,0
1.9340858,1.1225188,-1.1624551,0.62154019,0.73728454,-0.26476252,0
-1.3689935,-1.6832753,-0.89294386,-0.35470599,-0.036477923,-0.93426597,0
1.5183046,-0.12712073,-1.818305,0.69847792,-0.67459673,-0.23884675,0
0.034138173,2.4298477,-1.1319054,-0.69847792,0.67459673,0.23884675,0
1.7663372,-0.36164483,-0.44612011,0.69847792,-0.67459673,-0.23884675,0
1.591679,-0.4797433,-0.74669999,0.69847792,-0.67459673,-0.23884675,0
-1.4361584,0.159895,-0.98939621,-0.35470599,-0.036477923,-0.93426597,0
0.76065487,-0.73481321,-1.2097846,0.69847792,-0.67459673,-0.23884675,0
0.41469502,-1.3657675,-1.5627577,0.69847792,-0.67459673,-0.23884675,0
0.30438,-2.21053,0.67221141,0.69847792,-0.67459673,-0.23884675,0
-2.8804152,-1.0298442,-0.66041708,-0.35470599,-0.036477923,-0.93426597,0
-0.68847716,1.9981701,-0.98770118,-0.69847792,0.67459673,0.23884675,0
0.3532984,2.5370812,-1.4057081,0.62154019,0.73728454,-0.26476252,0
2.5287564,0.88058579,-0.48198652,0.62154019,0.73728454,-0.26476252,0
0.80336654,-1.0946833,-0.48085326,0.69847792,-0.67459673,-0.23884675,0
1.9266088,1.2846185,-1.5111401,0.62154019,0.73728454,-0.26476252,0
2.1464779,1.2952191,-0.45668554,0.62154019,0.73728454,-0.26476252,0
-1.8399776,0.76974761,-0.63164711,-0.69847792,0.67459673,0.23884675,0
1.1077795,2.0401504,-0.68525434,0.62154019,0.73728454,-0.26476252,0
0.93117756,0.27880991,-1.7957455,-0.35470599,-0.036477923,-0.93426597,0
-1.0259612,-2.565069,-0.36479354,-0.62154019,-0.73728454,0.26476252,0
-1.4946601,0.82194424,-0.66979998,-0.69847792,0.67459673,0.23884675,0
-0.081117988,0.57057011,1.6753688,0.35470599,0.036477923,0.93426597,0
-0.94158691,-2.1890604,-1.2569013,-0.35470599,-0.036477923,-0.93426597,0
-0.81716979,1.475696,-0.16902012,-0.69847792,0.67459673,0.23884675,0
0.36582467,2.73807,-0.48830843,0.62154019,0.73728454,-0.26476252,0
0.037371352,-2.1565077,1.6590955,0.35470599,0.036477923,0.93426597,0
0.12291306,-0.12889183,1.4324107,0.35470599,0.036477923,0.93426597,0
1.8306699,1.3912866,-1.0524054,0.62154019,0.73728454,-0.26476252,0
-1.2777346,-2.5710564,-0.92238927,-0.35470599,-0.036477923,-0.93426597,0
0.18030614,-1.4934652,1.4232049,0.35470599,0.036477923,0.93426597,0
-0.64560163,1.9057133,-0.48973429,-0.69847792,0.67459673,0.23884675,0
-0.76047951,-2.8283458,-0.30475426,-0.62154019,-0.73728454,0.26476252,0
-1.6945674,0.34237003,0.94021845,-0.69847792,0.67459673,0.23884675,0
-0.74486423,-0.96107823,-1.1830025,-0.35470599,-0.036477923,-0.93426597,0
1.9971017,1.4827052,-0.18404031,0.62154019,0.73728454,-0.26476252,0
-2.0841982,-2.1403911,-0.73983788,-0.62154019,-0.73728454,0.26476252,0
1.1769321,2.5937221,0.88164282,0.62154019,0.73728454,-0.26476252,0
0.72449988,0.84345913,1.2779279,0.35470599,0.036477923,0.93426597,0
-0.39717087,2.3250551,-1.5884837,-0.35470599,-0.036477923,-0.93426597,0
-0.29230759,1.3565832,-1.41417,-0.35470599,-0.036477923,-0.93426597,0
-0.98977256,-2.6865625,-0.4404192,-0.62154019,-0.73728454,0.26476252,0
-0.29769754,1.7225783,0.84950483,-0.69847792,0.67459673,0.23884675,0
2.5608304,1.066924,0.7164638,0.35470599,0.036477923,0.93426597,0
-2.5687077,-1.0623124,1.0000107,-0.62154019,-0.73728454,0.26476252,0
-0.61723065,0.84854889,1.9748318,0.35470599,0.036477923,0.93426597,0
-2.0139437,-1.7612464,0.56336784,-0.62154019,-0.73728454,0.26476252,0
-0.14574933,-1.9928478,-1.2731886,0.69847792,-0.67459673,-0.23884675,0
-0.71508944,2.0267386,-0.8668673,-0.69847792,0.67459673,0.23884675,0
-2.6455121,-0.52272153,0.6499213,-0.69847792,0.67459673,0.23884675,0
-0.85414851,-2.3072491,1.0734925,-0.62154019,-0.73728454,0.26476252,0
1.7051806,1.3630108,-1.6574026,0.62154019,0.73728454,-0.26476252,0
1.4215076,-0.86664516,0.99038756,0.69847792,-0.67459673,-0.23884675,0
0.62950659,-0.16348433,-2.0075893,-0.35470599,-0.036477923,-0.93426597,0
-1.4135329,-1.9046527,0.74373603,-0.62154019,-0.73728454,0.26476252,0
-2.2073126,-0.0001706481,-0.37052083,-0.69847792,0.67459673,0.23884675,0
-1.3057446,-2.9205971,-1.109735,-0.35470599,-0.036477923,-0.93426597,0
-0.3089574,-1.8325651,1.6861665,0.35470599,0.036477923,0.93426597,0
2.1094952,1.2157383,-0.96623957,0.62154019,0.73728454,-0.26476252,0
0.12297803,2.4320953,-0.28859067,-0.69847792,0.67459673,0.23884675,0
0.43385059,-1.3761159,-0.86495382,0.69847792,-0.67459673,-0.23884675,0
-1.9124546,-1.790426,-0.14876938,-0.62154019,-0.73728454,0.26476252,0
2.6905618,1.2767111,-0.29580021,0.62154019,0.73728454,-0.26476252,0
1.1182957,1.4437004,1.026818,0.35470599,0.036477923,0.93426597,0
-0.39897412,-2.3916564,1.8229241,-0.62154019,-0.73728454,0.26476252,0
-0.40258408,-0.56870496,1.65844,0.35470599,0.036477923,0.93426597,0
-2.1330137,-0.64975083,1.1237547,-0.69847792,0.67459673,0.23884675,0
-0.11345482,-2.0777874,-1.1685129,0.69847792,-0.67459673,-0.23884675,0
1.0516225,2.2552018,-0.17626715,0.62154019,0.73728454,-0.26476252,0
2.124403,0.79511917,-1.5448314,0.69847792,-0.67459673,-0.23884675,0
1.5344844,-0.12899518,-1.9703158,0.69847792,-0.67459673,-0.23884675,0
-2.4414768,-1.6024981,-0.52089143,-0.35470599,-0.036477923,-0.93426597,0
-0.42187333,-2.2831035,1.7510257,-0.62154019,-0.73728454,0.26476252,0
1.5341816,2.0937619,0.80234194,0.35470599,0.036477923,0.93426597,0
-0.74478036,-2.90908,-0.85036469,0.69847792,-0.67459673,-0.23884675,0
-0.56694782,-1.2734306,1.9738457,0.35470599,0.036477923,0.93426597,0
1.4849837,-0.30069721,-1.1529926,0.69847792,-0.67459673,-0.23884675,0
-0.022797823,1.8374317,0.66849399,-0.69847792,0.67459673,0.23884675,0
-0.98075461,-2.5617929,0.12240648,-0.62154019,-0.73728454,0.26476252,0
0.34394526,-2.0590055,0.13441145,0.69847792,-0.67459673,-0.23884675,0
0.77668065,0.49849319,1.2958343,0.35470599,0.036477923,0.93426597,0
-0.41456294,1.4655553,1.6455996,-0.69847792,0.67459673,0.23884675,0
-2.0335011,-0.54842818,1.440944,-0.69847792,0.67459673,0.23884675,0
0.99216342,-1.2594013,-0.1041795,0.69847792,-0.67459673,-0.23884675,0
1.6072435,1.9933571,-0.64912367,0.62154019,0.73728454,-0.26476252,0
-1.6309328,0.40302384,-0.88460457,-0.35470599,-0.036477923,-0.93426597,0
1.369648,1.5236861,-1.8726419,0.62154019,0.73728454,-0.26476252,0
0.42613602,0.18425226,-1.7670414,-0.35470599,-0.036477923,-0.93426597,0
-0.81300771,-1.7882375,2.0874796,-0.62154019,-0.73728454,0.26476252,0
-0.60386813,-0.14472878,1.7694533,0.35470599,0.036477923,0.93426597,0
0.029078364,1.9973477,1.1262294,-0.69847792,0.67459673,0.23884675,0
1.7065876,-0.94968653,0.55717671,0.69847792,-0.67459673,-0.23884675,0
2.6802566,1.2442311,0.67115593,0.35470599,0.036477923,0.93426597,0
-0.11694881,-2.8834608,1.1707551,0.69847792,-0.67459673,-0.23884675,0
-0.42333984,1.0841987,1.4361538,-0.69847792,0.67459673,0.23884675,0
-0.85077477,0.65543544,1.982985,0.35470599,0.036477923,0.93426597,0
0.025318444,0.84315228,-1.6204301,-0.35470599,-0.036477923,-0.93426597,0
0.19432043,-2.0923488,1.42065,0.35470599,0.036477923,0.93426597,0
0.79575706,-1.0328257,-0.70171326,0.69847792,-0.67459673,-0.23884675,0
-0.60476691,-1.5932714,-1.4027493,-0.35470599,-0.036477923,-0.93426597,0
-0.20173275,0.91446137,1.7945001,0.35470599,0.036477923,0.93426597,0
-2.1131463,-0.9476862,1.5776535,-0.62154019,-0.73728454,0.26476252,0
1.6442883,1.7270325,-0.75258493,0.62154019,0.73728454,-0.26476252,0
-0.95885313,-2.0755978,1.4022945,-0.62154019,-0.73728454,0.26476252,0
1.6155162,1.6805642,-0.36164904,0.62154019,0.73728454,-0.26476252,0
-0.37259001,-2.720983,1.2468457,-0.62154019,-0.73728454,0.26476252,0
0.18137765,-1.0291868,-1.8106731,-0.35470599,-0.036477923,-0.93426597,0
-2.3830636,-1.5762837,-0.0022616386,-0.62154019,-0.73728454,0.26476252,0
1.3741351,1.7535533,-1.7105029,0.62154019,0.73728454,-0.26476252,0
-0.40861183,-0.51417851,1.9443572,0.35470599,0.036477923,0.93426597,0
-2.2683797,-1.5837208,-0.035501957,-0.62154019,-0.73728454,0.26476252,0
-1.3890057,-1.829601,1.644749,-0.62154019,-0.73728454,0.26476252,0
0.17563885,-0.6607089,1.5694804,0.35470599,0.036477923,0.93426597,0
1.8649509,-0.17261004,0.92142713,0.35470599,0.036477923,0.93426597,0
0.63206643,1.3203098,-2.099993,-0.35470599,-0.036477923,-0.93426597,0
1.6311476,1.8892474,-0.071403503,0.62154019,0.73728454,-0.26476252,0
-2.1660948,-1.3746451,-0.12486982,-0.62154019,-0.73728454,0.26476252,0
-0.26891157,-0.040572643,-1.3480797,-0.35470599,-0.036477923,-0.93426597,0
1.4138174,0.59499717,-2.0740893,-0.35470599,-0.036477923,-0.93426597,0
0.58944178,1.432822,-2.0869548,-0.35470599,-0.036477923,-0.93426597,0
-1.7875488,-1.3728669,1.2522854,-0.62154019,-0.73728454,0.26476252,0
2.34886,0.51829696,-1.3210201,0.69847792,-0.67459673,-0.23884675,0
0.16266775,-1.4258552,-1.2627845,0.69847792,-0.67459673,-0.23884675,0
1.1175328,2.5860286,0.20365167,0.62154019,0.73728454,-0.26476252,0
-2.3536615,-0.42588019,0.97886741,-0.69847792,0.67459673,0.23884675,0
-1.7985339,0.30350226,-1.0573604,-0.35470599,-0.036477923,-0.93426597,0
0.4665128,-1.0187923,1.444984,0.35470599,0.036477923,0.93426597,0
-1.0584435,0.6329658,-1.2054371,-0.35470599,-0.036477923,-0.93426597,0
0.5087961,0.9615109,-1.9141029,-0.35470599,-0.036477923,-0.93426597,0
0.89381635,2.5002403,0.32010436,0.62154019,0.73728454,-0.26476252,0
1.8515038,2.126977,0.18932223,0.62154019,0.73728454,-0.26476252,0
2.0968223,-0.16879702,0.84127766,0.69847792,-0.67459673,-0.23884675,0
2.2273841,1.346509,-1.1653106,0.62154019,0.73728454,-0.26476252,0
1.7475058,1.4104296,-1.0609746,0.62154019,0.73728454,-0.26476252,0
1.0242447,-1.5150772,0.59116912,0.69847792,-0.67459673,-0.23884675,0
-2.2919452,-0.36249447,-0.08752501,-0.69847792,0.67459673,0.23884675,0
-2.4270682,-0.2092413,-0.29953814,-0.69847792,0.67459673,0.23884675,0
-2.8050036,-0.57111758,-0.017892361,-0.69847792,0.67459673,0.23884675,0
0.34442341,1.8290496,1.3469001,0.35470599,0.036477923,0.93426597,0
2.0601761,-0.23174846,0.40220034,0.69847792,-0.67459673,-0.23884675,0
-0.95249164,1.3052707,-0.039884627,-0.69847792,0.67459673,0.23884675,0
-0.62968564,1.2394109,0.49760062,-0.69847792,0.67459673,0.23884675,0
-1.1861105,-2.0822878,0.48454523,-0.62154019,-0.73728454,0.26476252,0
0.098665774,1.8358727,0.60269201,-0.69847792,0.67459673,0.23884675,0
-0.083907247,0.37449956,1.4790722,0.35470599,0.036477923,0.93426597,0
2.7694976,0.60963744,0.38446617,0.69847792,-0.67459673,-0.23884675,0
-2.8536496,-0.86075461,0.068380117,-0.62154019,-0.73728454,0.26476252,0
0.82940781,-1.0975604,1.1462772,0.35470599,0.036477923,0.93426597,0
0.68404758,2.7031481,-0.9586165,0.62154019,0.73728454,-0.26476252,0
-1.9631176,0.12630624,0.73594236,-0.69847792,0.67459673,0.23884675,0
0.14914775,-2.2097018,0.56367886,0.69847792,-0.67459673,-0.23884675,0
1.2318034,0.29223704,1.2876728,0.35470599,0.036477923,0.93426597,0
-1.6895043,-0.11682761,1.3385699,-0.69847792,0.67459673,0.23884675,0
-1.0098175,-2.2651086,0.85200572,-0.62154019,-0.73728454,0.26476252,0
2.0758991,0.69516015,-1.4132056,0.69847792,-0.67459673,-0.23884675,0
0.70683068,2.2581048,-1.4133108,0.62154019,0.73728454,-0.26476252,0
-1.0212702,-1.9675947,2.0626254,-0.62154019,-0.73728454,0.26476252,0
-0.58199543,0.1510191,-1.2481816,-0.35470599,-0.036477923,-0.93426597,0
-0.54178423,-0.40172672,1.9850852,0.35470599,0.036477923,0.93426597,0
1.6856935,0.54970884,-2.1718953,0.69847792,-0.67459673,-0.23884675,0
0.9432047,2.9919808,0.83136201,-0.69847792,0.67459673,0.23884675,0
-1.6897482,-0.10237551,1.0445881,-0.69847792,0.67459673,0.23884675,0
-1.2547791,-2.7242663,-0.3734839,-0.62154019,-0.73728454,0.26476252,0
-0.22916514,-0.46894813,1.8843089,0.35470599,0.036477923,0.93426597,0
0.87353575,-1.618459,0.71652842,0.69847792,-0.67459673,-0.23884675,0
-0.69008332,-2.3573358,0.77809572,-0.62154019,-0.73728454,0.26476252,0
0.2034179,-2.323298,1.4732583,0.35470599,0.036477923,0.93426597,0
2.5308261,0.81572241,0.66206002,0.35470599,0.036477923,0.93426597,0
1.8150568,1.675899,-0.38888526,0.62154019,0.73728454,-0.26476252,0
0.41426384,0.22389245,-1.6629775,-0.35470599,-0.036477923,-0.93426597,0
1.8378507,0.13459146,-0.91959018,0.69847792,-0.67459673,-0.23884675,0
1.5974411,1.3749492,-2.2941093,0.62154019,0.73728454,-0.26476252,0
-1.7077124,-2.0384412,0.46730232,-0.62154019,-0.73728454,0.26476252,0
-0.31774426,0.25927985,-1.4009757,-0.35470599,-0.036477923,-0.93426597,0
1.8843882,1.8896716,0.29434681,0.62154019,0.73728454,-0.26476252,0
-1.1492677,-2.5927873,-0.92701292,-0.62154019,-0.73728454,0.26476252,0
1.3469363,-0.5510689,0.052436307,0.69847792,-0.67459673,-0.23884675,0
2.4582541,1.133031,0.0031490326,0.62154019,0.73728454,-0.26476252,0
0.98226798,-0.23650265,-1.9091865,-0.35470599,-0.036477923,-0.93426597,0
-0.34805107,0.46521461,1.694685,0.35470599,0.036477923,0.93426597,0
2.494302,1.1615646,-0.61031699,0.62154019,0.73728454,-0.26476252,0
1.2557982,2.7523706,1.210057,0.35470599,0.036477923,0.93426597,0
-0.76483345,-2.5252063,0.85660386,-0.62154019,-0.73728454,0.26476252,0
-0.97894865,-2.147536,0.86711144,-0.62154019,-0.73728454,0.26476252,0
0.19217753,2.2397108,0.50099587,-0.69847792,0.67459673,0.23884675,0
-1.6714332,0.21273834,0.85596377,-0.69847792,0.67459673,0.23884675,0
-0.61654818,-0.95296896,-1.2733481,-0.35470599,-0.036477923,-0.93426597,0
0.07820785,-1.7804215,-0.29903519,0.69847792,-0.67459673,-0.23884675,0
1.4802842,1.9250865,0.10199761,0.62154019,0.73728454,-0.26476252,0
-0.75018013,-0.62542993,-1.122568,-0.35470599,-0.036477923,-0.93426597,0
-2.6802211,-1.1983674,-0.31542015,-0.62154019,-0.73728454,0.26476252,0
0.26217222,-1.7329676,-0.82115519,0.69847792,-0.67459673,-0.23884675,0
-0.48365653,-1.0652188,1.7970647,0.35470599,0.036477923,0.93426597,0
0.42828786,-0.90959859,-1.7884945,0.69847792,-0.67459673,-0.23884675,0
-0.42918801,1.3580936,1.1831381,-0.69847792,0.67459673,0.23884675,0
-0.33316779,1.5625746,-1.3632572,-0.35470599,-0.036477923,-0.93426597,0
-0.087073565,-2.6562068,0.41380191,0.69847792,-0.67459673,-0.23884675,0
-0.65501964,0.70400822,1.9099739,0.35470599,0.036477923,0.93426597,0
0.12897998,2.4494328,-1.6375196,-0.35470599,-0.036477923,-0.93426597,0
0.18693906,2.1701658,0.10989761,-0.69847792,0.67459673,0.23884675,0
-0.76039177,-2.5668824,0.49239326,-0.62154019,-0.73728454,0.26476252,0
2.510752,0.39403772,-0.35067785,0.69847792,-0.67459673,-0.23884675,0
-0.12213388,2.0338178,-0.55254912,-0.69847792,0.67459673,0.23884675,0
-1.3054899,0.16265941,1.4184942,-0.69847792,0.67459673,0.23884675,0
-0.12592345,2.5235002,-1.0193672,-0.69847792,0.67459673,0.23884675,0
-2.5517001,-1.0533526,0.55383539,-0.62154019,-0.73728454,0.26476252,0
0.14993888,2.5254827,-1.31397,0.62154019,0.73728454,-0.26476252,0
1.6624068,-0.341878,0.11755025,0.69847792,-0.67459673,-0.23884675,0
1.0592301,2.6453958,-0.026197672,0.62154019,0.73728454,-0.26476252,0
-0.53135389,0.21495676,-1.5848668,-0.35470599,-0.036477923,-0.93426597,0
0.53403407,-1.4361441,-0.518475,0.69847792,-0.67459673,-0.23884675,0
0.29858586,1.6550303,-1.9137003,-0.35470599,-0.036477923,-0.93426597,0
2.7142761,0.54876387,0.25852203,0.69847792,-0.67459673,-0.23884675,0
0.21122926,-0.93207979,1.699035,0.35470599,0.036477923,0.93426597,0
-2.3508432,-1.2902589,-0.014831543,-0.62154019,-0.73728454,0.26476252,0
0.88878036,-1.8304024,1.1566428,0.69847792,-0.67459673,-0.23884675,0
1.3782606,2.0686948,0.094727516,0.62154019,0.73728454,-0.26476252,0
0.61400956,-1.5427753,1.5528396,0.35470599,0.036477923,0.93426597,0
-1.3184971,-1.8605428,-1.0214789,-0.35470599,-0.036477923,-0.93426597,0
0.035969496,1.4888972,1.6763605,0.35470599,0.036477923,0.93426597,0
2.0264482,1.6962785,0.89611077,0.35470599,0.036477923,0.93426597,0
2.1685214,0.75044131,0.93634462,0.35470599,0.036477923,0.93426597,0
-0.84950686,1.6896098,-1.5596355,-0.35470599,-0.036477923,-0.93426597,0
-0.48384726,1.4948276,1.4389231,-0.69847792,0.67459673,0.23884675,0
-1.1813946,-0.94414961,1.9775896,0.35470599,0.036477923,0.93426597,0
-2.9010987,-1.1669289,0.13023806,-0.62154019,-0.73728454,0.26476252,0
0.60346645,1.5696042,1.45234,0.35470599,0.036477923,0.93426597,0
2.4665861,0.35480306,-0.25142002,0.69847792,-0.67459673,-0.23884675,0
2.2420924,0.64060104,-0.9266715,0.69847792,-0.67459673,-0.23884675,0
2.0641727,1.0857323,-1.4481426,0.62154019,0.73728454,-0.26476252,0
-1.3068498,-2.2454011,0.7547574,-0.62154019,-0.73728454,0.26476252,0
-0.86001456,-1.0075406,-1.3294309,-0.35470599,-0.036477923,-0.93426597,0
1.6947343,0.65683073,1.0502354,0.35470599,0.036477923,0.93426597,0
2.2177408,0.93263966,0.55857396,0.35470599,0.036477923,0.93426597,0
0.923177,2.4762361,0.21562243,0.62154019,0.73728454,-0.26476252,0
0.41742909,2.4800885,-1.1011901,0.62154019,0.73728454,-0.26476252,0
-0.17568758,2.2113922,-1.4912589,-0.35470599,-0.036477923,-0.93426597,0
-2.197767,-0.98435295,1.624135,-0.62154019,-0.73728454,0.26476252,0
-2.07218,-0.18621647,0.87169641,-0.69847792,0.67459673,0.23884675,0
0.56151956,-1.8524529,1.185191,0.69847792,-0.67459673,-0.23884675,0
-0.42978671,2.2840459,-0.60118306,-0.69847792,0.67459673,0.23884675,0
-0.18978465,-0.8625313,-1.599678,-0.35470599,-0.036477923,-0.93426597,0
0.69510317,2.51366,-1.0352182,0.62154019,0.73728454,-0.26476252,0
-2.399188,-0.27584183,5.710125e-05,-0.69847792,0.67459673,0.23884675,0
-1.919153,-0.12376136,-0.76225305,-0.35470599,-0.036477923,-0.93426597,0
-2.0002084,-1.9715593,3.0755997e-05,-0.62154019,-0.73728454,0.26476252,0
-0.32161364,2.3492174,-0.76226628,-0.69847792,0.67459673,0.23884675,0
1.4024992,2.0448649,-1.1928985,0.62154019,0.73728454,-0.26476252,0
-1.6505554,-2.2916801,-0.14142513,-0.62154019,-0.73728454,0.26476252,0
-0.89459896,-2.1145971,-1.2458172,-0.35470599,-0.036477923,-0.93426597,0
0.5368368,2.398016,0.70814419,-0.69847792,0.67459673,0.23884675,0
-1.0089865,-0.90283227,2.0330076,0.35470599,0.036477923,0.93426597,0
-1.1730628,0.43967408,1.0285783,-0.69847792,0.67459673,0.23884675,0
-0.3044447,-2.8344805,0.7840426,-0.62154019,-0.73728454,0.26476252,0
1.1766754,-1.4358833,1.0385919,0.35470599,0.036477923,0.93426597,0
0.21660268,-1.7633204,1.5526233,0.35470599,0.036477923,0.93426597,0
-1.4258758,-1.4719977,2.0201707,-0.62154019,-0.73728454,0.26476252,0
0.41642624,1.8567559,1.2126821,0.35470599,0.036477923,0.93426597,0
2.1824453,1.4153206,-0.9697051,0.62154019,0.73728454,-0.26476252,0
-2.7837896,-0.9799552,-0.23111248,-0.62154019,-0.73728454,0.26476252,0
-0.74233788,0.99701989,-1.2689011,-0.35470599,-0.036477923,-0.93426597,0
0.32886589,-0.53164494,-1.6848655,-0.35470599,-0.036477923,-0.93426597,0
0.40429187,-1.2278395,-1.8565611,-0.35470599,-0.036477923,-0.93426597,0
-1.9289346,-1.5863914,-0.72815681,-0.35470599,-0.036477923,-0.93426597,0
1.0197587,-0.62015057,1.2312891,0.35470599,0.036477923,0.93426597,0
-1.995275,-1.2420391,0.83319259,-0.62154019,-0.73728454,0.26476252,0
1.0367317,-0.86513257,-1.5638981,0.69847792,-0.67459673,-0.23884675,0
-0.53757197,-2.0974953,1.7847464,-0.62154019,-0.73728454,0.26476252,0
-0.30847955,-1.8597255,-1.6056603,0.69847792,-0.67459673,-0.23884675,0
-2.0270305,0.47848478,-0.51750213,-0.69847792,0.67459673,0.23884675,0
-2.5124292,-0.60289919,-0.54513621,-0.35470599,-0.036477923,-0.93426597,0
-0.79372215,-2.1652031,1.156615,-0.62154019,-0.73728454,0.26476252,0
-1.6389842,0.61958432,-1.1930562,-0.35470599,-0.036477923,-0.93426597,0
0.89639342,2.769084,0.62402582,-0.69847792,0.67459673,0.23884675,0
-0.10558143,1.654595,-1.596272,-0.35470599,-0.036477923,-0.93426597,0
0.63340676,2.8968451,-0.48706841,0.62154019,0.73728454,-0.26476252,0
-1.2748188,1.1793206,-1.2180552,-0.35470599,-0.036477923,-0.93426597,0
1.0509053,2.3510504,-0.043198109,0.62154019,0.73728454,-0.26476252,0
-0.96140552,0.048852682,-1.0910972,-0.35470599,-0.036477923,-0.93426597,0
-2.3448312,-0.34720516,1.078029,-0.69847792,0.67459673,0.23884675,0
-1.145815,1.2758375,-0.059081912,-0.69847792,0.67459673,0.23884675,0
-2.1887233,-1.5907485,0.088934898,-0.62154019,-0.73728454,0.26476252,0
-0.10079378,0.16172528,-1.3666193,-0.35470599,-0.036477923,-0.93426597,0
1.1806101,2.0479393,-1.686545,0.62154019,0.73728454,-0.26476252,0
-0.45155752,0.89351797,1.8601544,-0.69847792,0.67459673,0.23884675,0
2.2008138,1.4694571,-0.32982469,0.62154019,0.73728454,-0.26476252,0
-0.12369984,2.5782571,-1.0472596,-0.69847792,0.67459673,0.23884675,0
-0.22559354,-2.5687079,0.72294855,0.69847792,-0.67459673,-0.23884675,0
0.46732867,-1.1380473,-1.7675138,0.69847792,-0.67459673,-0.23884675,0
0.031053185,-1.1442754,1.6767882,0.35470599,0.036477923,0.93426597,0
-1.2739753,-2.3798637,-1.1028535,-0.35470599,-0.036477923,-0.93426597,0
0.74051976,2.246021,-0.80564857,0.62154019,0.73728454,-0.26476252,0
-0.80756199,0.67881209,1.1750791,-0.69847792,0.67459673,0.23884675,0
2.650804,0.50970495,-0.13720059,0.69847792,-0.67459673,-0.23884675,0
-0.69513053,-0.070533991,1.9865626,0.35470599,0.036477923,0.93426597,0
1.0157146,-0.86134362,1.1543206,0.35470599,0.036477923,0.93426597,0
-1.2685597,0.089646935,-1.1832702,-0.35470599,-0.036477923,-0.93426597,0
-0.03701669,-2.1974263,-0.032646179,0.69847792,-0.67459673,-0.23884675,0
-1.6621221,-2.0416141,-0.24601007,-0.62154019,-0.73728454,0.26476252,0
0.25104606,2.168581,1.3373792,-0.69847792,0.67459673,0.23884675,0
-1.6218131,-2.0992928,-0.39215899,-0.62154019,-0.73728454,0.26476252,0
-1.9192944,-1.8738396,-0.23806405,-0.62154019,-0.73728454,0.26476252,0
1.6571726,2.2791765,0.73554182,0.62154019,0.73728454,-0.26476252,0
-2.3546853,-0.56179404,-0.63116586,-0.35470599,-0.036477923,-0.93426597,0
0.16730344,0.24537957,1.5127716,0.35470599,0.036477923,0.93426597,0
-1.3634063,-1.876883,1.1509924,-0.62154019,-0.73728454,0.26476252,0
-2.2488899,-1.6890316,-0.11750793,-0.62154019,-0.73728454,0.26476252,0
-0.83778864,0.89617163,-1.1849366,-0.35470599,-0.036477923,-0.93426597,0
2.3447347,1.2884506,-0.92850876,0.62154019,0.73728454,-0.26476252,0
-1.6735842,-0.81743753,-0.83509421,-0.35470599,-0.036477923,-0.93426597,0
-1.849791,-0.068882585,1.512642,-0.69847792,0.67459673,0.23884675,0
-1.6400756,-1.6076059,0.6860199,-0.62154019,-0.73728454,0.26476252,0
0.85525024,1.8546745,-1.706753,0.62154019,0.73728454,-0.26476252,0
-2.2656603,-1.862308,-0.74443102,-0.62154019,-0.73728454,0.26476252,0
1.3776619,-0.21393371,-1.310789,0.69847792,-0.67459673,-0.23884675,0
0.93065131,2.7025995,0.85675216,0.62154019,0.73728454,-0.26476252,0
1.6154997,-0.8788895,1.0520043,0.35470599,0.036477923,0.93426597,0
2.0832341,-0.21385452,0.35167116,0.69847792,-0.67459673,-0.23884675,0
0.99940169,2.4502561,0.015940428,0.62154019,0.73728454,-0.26476252,0
-1.8632414,-1.5835552,-0.9585011,-0.35470599,-0.036477923,-0.93426597,0
-0.52972114,-2.4838152,1.1236608,-0.62154019,-0.73728454,0.26476252,0
-0.68408471,1.427848,0.59964055,-0.69847792,0.67459673,0.23884675,0
-1.0158257,-1.8710456,-1.0818436,-0.35470599,-0.036477923,-0.93426597,0
2.2890887,-0.042575657,0.63266861,0.69847792,-0.67459673,-0.23884675,0
1.2308611,0.34272587,1.2734139,0.35470599,0.036477923,0.93426597,0
2.1422048,1.4938636,-0.0055370331,0.62154019,0.73728454,-0.26476252,0
0.56375319,1.9679798,1.3731767,0.35470599,0.036477923,0.93426597,0
-0.57579064,1.8474979,-0.92586291,-0.69847792,0.67459673,0.23884675,0
-2.4026673,-0.50890595,-0.72140121,-0.35470599,-0.036477923,-0.93426597,0
-1.5379044,-1.64062,1.2671957,-0.62154019,-0.73728454,0.26476252,0
-0.90210181,-0.75169981,1.8987343,0.35470599,0.036477923,0.93426597,0
-0.8202076,1.3565584,-0.16389084,-0.69847792,0.67459673,0.23884675,0
-1.3035628,-2.2194991,-0.42648244,-0.62154019,-0.73728454,0.26476252,0
-2.5144401,-0.52158642,0.15415788,-0.69847792,0.67459673,0.23884675,0
0.1839761,-2.7219396,1.487721,0.35470599,0.036477923,0.93426597,0
-0.5177058,1.2944087,1.1944387,-0.69847792,0.67459673,0.23884675,0
0.19508481,2.5058975,-0.2598381,-0.69847792,0.67459673,0.23884675,0
1.8950952,0.41400695,-1.5365622,0.69847792,-0.67459673,-0.23884675,0
-0.65083706,-1.9923996,1.8841306,-0.62154019,-0.73728454,0.26476252,0
0.90212435,0.78419757,-1.9911571,-0.35470599,-0.036477923,-0.93426597,0
-1.1170421,-2.5903587,-0.41957331,-0.62154019,-0.73728454,0.26476252,0
-2.2132773,-0.44430637,1.7278056,-0.69847792,0.67459673,0.23884675,0
-2.6938038,-0.94208837,-0.52580404,-0.35470599,-0.036477923,-0.93426597,0
-1.818094,-2.2686343,-0.75539875,-0.62154019,-0.73728454,0.26476252,0
-1.3881106,-2.6221383,-1.1576703,-0.62154019,-0.73728454,0.26476252,0
-1.754748,-1.3605671,1.4125991,-0.62154019,-0.73728454,0.26476252,0
0.99358249,1.4931661,1.1970677,0.35470599,0.036477923,0.93426597,0
0.2880255,0.067621708,-1.8578693,-0.35470599,-0.036477923,-0.93426597,0
-2.2024796,-1.4641238,-0.10965157,-0.62154019,-0.73728454,0.26476252,0
-0.039959311,1.4006088,1.6749355,0.35470599,0.036477923,0.93426597,0
-0.2590428,2.055336,-1.6759126,-0.35470599,-0.036477923,-0.93426597,0
0.79111135,-1.1918917,1.5164747,0.35470599,0.036477923,0.93426597,0
-0.45330149,-0.58511662,-1.3017592,-0.35470599,-0.036477923,-0.93426597,0
1.5274332,-0.73495102,0.59958273,0.69847792,-0.67459673,-0.23884675,0
-1.5466979,0.84391886,-0.80856013,-0.69847792,0.67459673,0.23884675,0
2.1246939,-0.15477163,-0.4405567,0.69847792,-0.67459673,-0.23884675,0
-1.91099,0.43993691,-0.20489979,-0.69847792,0.67459673,0.23884675,0
-0.3575716,-2.5433075,-0.13648915,0.69847792,-0.67459673,-0.23884675,0
0.39124525,-0.38171554,1.3030121,0.35470599,0.036477923,0.93426597,0
-0.92803872,-2.0871816,-1.173161,-0.35470599,-0.036477923,-0.93426597,0
0.86123151,-1.0839368,-0.88568491,0.69847792,-0.67459673,-0.23884675,0
-1.3420253,0.91326523,-0.099577554,-0.69847792,0.67459673,0.23884675,0
3.0183926,0.71250057,0.12354565,0.62154019,0.73728454,-0.26476252,0
0.1731649,2.0015426,0.68485641,-0.69847792,0.67459673,0.23884675,0
-1.0554166,0.61145377,-1.1793289,-0.35470599,-0.036477923,-0.93426597,0
0.66714126,1.3259711,1.1551299,0.35470599,0.036477923,0.93426597,0
-3.0608764,-0.6144371,-0.10988545,-0.69847792,0.67459673,0.23884675,0
1.1839592,1.970981,1.2011864,0.35470599,0.036477923,0.93426597,0
1.1955949,-0.80016607,-0.48115247,0.69847792,-0.67459673,-0.23884675,0
-1.5857451,-1.5608447,0.95394564,-0.62154019,-0.73728454,0.26476252,0
-0.88463724,-2.7737539,-0.99968624,0.69847792,-0.67459673,-0.23884675,0
0.83729845,1.3986576,1.3477141,0.35470599,0.036477923,0.93426597,0
0.51141244,-1.5997723,-0.54016662,0.69847792,-0.67459673,-0.23884675,0
-0.25586259,-2.6773753,1.5063143,-0.62154019,-0.73728454,0.26476252,0
1.1977887,1.8481157,-1.3691617,0.62154019,0.73728454,-0.26476252,0
1.0475351,-1.7002017,1.2970922,0.35470599,0.036477923,0.93426597,0
0.59805781,-1.8450967,0.61506391,0.69847792,-0.67459673,-0.23884675,0
-2.7322147,-0.16514437,-0.4206866,-0.69847792,0.67459673,0.23884675,0
0.23289615,-0.99496686,1.6764042,0.35470599,0.036477923,0.93426597,0
-0.099204421,-2.8841519,1.3321576,-0.62154019,-0.73728454,0.26476252,0
-2.3472326,-0.82403123,1.1676548,-0.62154019,-0.73728454,0.26476252,0
2.5308995,1.2561624,0.32866478,0.62154019,0.73728454,-0.26476252,0
-2.2818747,-0.0089250803,-0.63582993,-0.69847792,0.67459673,0.23884675,0
-0.66954756,-0.13175046,-1.208692,-0.35470599,-0.036477923,-0.93426597,0
1.6976457,-0.33481985,0.19909614,0.69847792,-0.67459673,-0.23884675,0
2.0502396,-0.10544139,-0.69450164,0.69847792,-0.67459673,-0.23884675,0
0.17023861,-1.2291532,-1.7943211,-0.35470599,-0.036477923,-0.93426597,0
-1.8453603,-1.58881,0.67473292,-0.62154019,-0.73728454,0.26476252,0
1.1844606,2.6109252,1.0900869,0.62154019,0.73728454,-0.26476252,0
-0.75870895,0.0027496815,-1.3312718,-0.35470599,-0.036477923,-0.93426597,0
-2.4085236,-0.46174029,-0.46448588,-0.35470599,-0.036477923,-0.93426597,0
-0.0014815331,-1.9881443,-0.75424635,0.69847792,-0.67459673,-0.23884675,0
0.3311699,-0.3028456,-1.5389962,-0.35470599,-0.036477923,-0.93426597,0
-0.5979439,1.1198937,-1.588174,-0.35470599,-0.036477923,-0.93426597,0
-2.1279593,-1.4647117,1.1137478,-0.62154019,-0.73728454,0.26476252,0
-1.1835619,-2.2864139,-0.93802857,-0.35470599,-0.036477923,-0.93426597,0
0.12753448,1.604929,-1.8791442,-0.35470599,-0.036477923,-0.93426597,0
0.25311723,-2.1435657,1.0756094,0.69847792,-0.67459673,-0.23884675,0
1.3396784,-0.95394522,0.34282869,0.69847792,-0.67459673,-0.23884675,0
-0.11743486,1.4312474,1.7938297,0.35470599,0.036477923,0.93426597,0
0.72364318,-0.22737074,1.3638871,0.35470599,0.036477923,0.93426597,0
1.2798465,1.8168942,-1.9495471,0.62154019,0.73728454,-0.26476252,0
0.47215948,2.8237183,-0.76487231,-0.69847792,0.67459673,0.23884675,0
-1.3952272,-1.4547876,-0.82904768,-0.35470599,-0.036477923,-0.93426597,0
-0.3317264,2.0535233,-0.53967941,-0.69847792,0.67459673,0.23884675,0
0.67275405,-1.155154,-1.3789129,0.69847792,-0.67459673,-0.23884675,0
1.0346193,2.3737309,-0.41150641,0.62154019,0.73728454,-0.26476252,0
-0.13806984,-2.6034927,1.2752099,-0.62154019,-0.73728454,0.26476252,0
-0.95093513,-2.3418403,0.671031,-0.62154019,-0.73728454,0.26476252,0
-1.9425828,-0.77549636,-0.96507776,-0.35470599,-0.036477923,-0.93426597,0
0.26368034,1.6268154,1.3479859,0.35470599,0.036477923,0.93426597,0
0.16466993,2.6166356,-1.494381,0.62154019,0.73728454,-0.26476252,0
0.2133621,-2.0162609,-0.79755437,0.69847792,-0.67459673,-0.23884675,0
0.13396916,2.6725316,-1.1875238,0.62154019,0.73728454,-0.26476252,0
0.95817369,-1.1590135,0.59382999,0.69847792,-0.67459673,-0.23884675,0
-1.0385998,-0.93104184,-1.1911093,-0.35470599,-0.036477923,-0.93426597,0
-0.35814002,-2.5292869,0.34745646,0.69847792,-0.67459673,-0.23884675,0
2.2209175,1.3049033,-0.024555206,0.62154019,0.73728454,-0.26476252,0
-1.0457805,-2.0307391,1.3626714,-0.62154019,-0.73728454,0.26476252,0
1.84378,1.3680087,-1.7206489,0.62154019,0.73728454,-0.26476252,0
0.47821641,-1.6588423,-0.73123872,0.69847792,-0.67459673,-0.23884675,0
1.9034827,1.4883795,-0.20846605,0.62154019,0.73728454,-0.26476252,0
0.95374417,1.5212851,1.3691003,0.35470599,0.036477923,0.93426597,0
0.19489519,-2.5201364,1.5631814,0.35470599,0.036477923,0.93426597,0
1.2404767,1.8422449,-1.4657589,0.62154019,0.73728454,-0.26476252,0
-0.39017302,-0.58606386,1.8839381,0.35470599,0.036477923,0.93426597,0
-2.5607977,-0.26743519,-0.79693389,-0.35470599,-0.036477923,-0.93426597,0
1.2475176,2.3186855,0.33622694,0.62154019,0.73728454,-0.26476252,0
-0.93871641,-1.881295,1.4949151,-0.62154019,-0.73728454,0.26476252,0
0.23460853,-1.5472474,-1.066762,0.69847792,-0.67459673,-0.23884675,0
-1.2306428,-2.2000203,-0.21628475,-0.62154019,-0.73728454,0.26476252,0
3.2311442,0.77452141,0.25320172,0.69847792,-0.67459673,-0.23884675,0
0.0044598132,-1.9147887,1.8635228,0.35470599,0.036477923,0.93426597,0
1.3861139,-0.011188149,1.0977255,0.35470599,0.036477923,0.93426597,0
-0.40219977,1.7024759,-1.5329645,-0.35470599,-0.036477923,-0.93426597,0
-0.8701123,-0.38532472,-1.341542,-0.35470599,-0.036477923,-0.93426597,0
-1.149044,0.86519086,0.52725631,-0.69847792,0.67459673,0.23884675,0
0.9445439,2.395143,-0.92786813,0.62154019,0.73728454,-0.26476252,0
-0.55778635,0.093488216,-1.5971369,-0.35470599,-0.036477923,-0.93426597,0
1.5266623,2.3505354,0.52293992,0.62154019,0.73728454,-0.26476252,0
-2.4097538,-0.56132644,0.10099053,-0.69847792,0.67459673,0.23884675,0
-0.4321714,-1.6862938,-1.2979759,-0.35470599,-0.036477923,-0.93426597,0
2.063179,0.48186171,-1.1985294,0.69847792,-0.67459673,-0.23884675,0
1.7346531,1.474954,-1.5426475,0.62154019,0.73728454,-0.26476252,0
1.9549468,1.1030147,-2.2455983,0.62154019,0.73728454,-0.26476252,0
1.6510658,-0.45475781,0.29915792,0.69847792,-0.67459673,-0.23884675,0
1.8085293,0.0031393766,-0.58969063,0.69847792,-0.67459673,-0.23884675,0
-0.89727604,-2.4858847,-0.26200247,-0.62154019,-0.73728454,0.26476252,0
-2.5372062,-1.1037157,0.51350951,-0.62154019,-0.73728454,0.26476252,0
-1.19116,0.2474823,2.027158,0.35470599,0.036477923,0.93426597,0
0.30992937,-1.7622035,-0.80023324,0.69847792,-0.67459673,-0.23884675,0
-1.2270161,-2.7307487,-0.88669038,-0.35470599,-0.036477923,-0.93426597,0
-2.0610511,-0.5266788,1.994885,-0.69847792,0.67459673,0.23884675,0
-0.21410292,-2.7040596,0.90539694,-0.62154019,-0.73728454,0.26476252,0
0.83350182,2.1315274,1.2323143,0.35470599,0.036477923,0.93426597,0
-0.30088007,-2.2724688,-0.020811558,0.69847792,-0.67459673,-0.23884675,0
0.65293032,2.339082,1.2746055,0.35470599,0.036477923,0.93426597,0
-1.5395386,-0.67316055,2.2577848,0.35470599,0.036477923,0.93426597,0
1.2918899,1.3200903,-2.2059972,-0.35470599,-0.036477923,-0.93426597,0
-3.0573497,-0.85407758,0.40242267,-0.62154019,-0.73728454,0.26476252,0
0.039286137,0.84513688,-1.6594381,-0.35470599,-0.036477923,-0.93426597,0
-1.8910679,-0.39383841,1.9690077,-0.69847792,0.67459673,0.23884675,0
-0.14060628,0.20805848,-1.544651,-0.35470599,-0.036477923,-0.93426597,0
1.3399119,0.70356101,0.88652396,0.35470599,0.036477923,0.93426597,0
-0.57461411,0.12955475,1.9589796,0.35470599,0.036477923,0.93426597,0
1.8468403,1.3372873,-0.67567563,0.62154019,0.73728454,-0.26476252,0
-2.4623885,-0.18681028,0.35963035,-0.69847792,0.67459673,0.23884675,0
0.39898163,-1.4980743,-0.47987616,0.69847792,-0.67459673,-0.23884675,0
2.3866596,1.0783118,-0.51868963,0.62154019,0.73728454,-0.26476252,0
2.2803833,1.2534657,-0.72136021,0.62154019,0.73728454,-0.26476252,0
-0.77688628,-1.8120635,-1.3343816,-0.35470599,-0.036477923,-0.93426597,0
2.2405324,1.4582005,0.19751668,0.62154019,0.73728454,-0.26476252,0
-2.3751311,-1.7240033,-0.49203014,-0.62154019,-0.73728454,0.26476252,0
-0.48883235,-2.4855292,-1.2137055,0.69847792,-0.67459673,-0.23884675,0
-1.8445375,-1.6016734,1.1750555,-0.62154019,-0.73728454,0.26476252,0
-3.0552857,-0.74561977,-0.22643375,-0.69847792,0.67459673,0.23884675,0
0.52470279,-1.6026403,-0.77654219,0.69847792,-0.67459673,-0.23884675,0
1.5599601,1.6828817,-0.47628045,0.62154019,0.73728454,-0.26476252,0
2.4760189,0.96380663,-1.5828549,0.69847792,-0.67459673,-0.23884675,0
0.055280626,-1.0193176,1.7891934,0.35470599,0.036477923,0.93426597,0
-0.47753394,0.10076475,1.776408,0.35470599,0.036477923,0.93426597,0
-0.15244162,0.27491379,1.8432455,0.35470599,0.036477923,0.93426597,0
