-3.3710489,-1.1443324,0.53671956,-0.51250327,-0.23021024,-0.82725072,0
4.4248195,1.2909111,-2.49474,0.84596753,0.029828615,-0.53239977,0
2.3831735,-1.1720833,-0.67669368,0.1472396,-0.97268379,0.17946309,0
-4.1698408,-1.5819304,2.3948617,-0.84596753,-0.029828615,0.53239977,0
3.0954728,1.7556809,-2.163718,-0.1472396,0.97268379,-0.17946309,0
-1.6774442,0.2587471,2.8354201,0.51250327,0.23021024,0.82725072,0
0.45532262,-0.17522174,1.5844252,0.51250327,0.23021024,0.82725072,0
4.6704798,-0.50045812,-2.3218694,0.84596753,0.029828615,-0.53239977,0
-1.9628254,1.3166581,0.69331551,-0.1472396,0.97268379,-0.17946309,0
-2.8859925,1.0448177,3.2430053,0.51250327,0.23021024,0.82725072,0
4.0808616,-0.76394182,-2.9830308,0.84596753,0.029828615,-0.53239977,0
-4.5359654,0.33502692,2.1831474,-0.84596753,-0.029828615,0.53239977,0
-4.8763108,0.56968904,1.5418987,-0.84596753,-0.029828615,0.53239977,0
-3.7708926,-1.3151426,0.86783791,-0.51250327,-0.23021024,-0.82725072,0
-3.4311066,-1.0196041,3.6196494,-0.84596753,-0.029828615,0.53239977,0
3.2562332,0.76019382,-3.9650712,0.84596753,0.029828615,-0.53239977,0
1.3634738,1.9265457,0.4148314,-0.1472396,0.97268379,-0.17946309,0
1.6375268,1.4987403,-0.57349193,-0.1472396,0.97268379,-0.17946309,0
0.17484868,0.80019593,-2.1948495,-0.51250327,-0.23021024,-0.82725072,0
3.9254429,-1.3903825,-1.9321065,0.1472396,-0.97268379,0.17946309,0
-5.1227226,0.34163946,1.3649411,-0.84596753,-0.029828615,0.53239977,0
-2.0366066,-1.156343,-0.0053733587,-0.51250327,-0.23021024,-0.82725072,0
-2.8418593,0.97912657,-0.48537898,-0.1472396,0.97268379,-0.17946309,0
-3.5556307,0.62883425,3.4583492,-0.84596753,-0.029828615,0.53239977,0
0.14877936,-1.4954026,0.11658726,0.1472396,-0.97268379,0.17946309,0
-2.6309986,-0.20011312,-0.33739185,-0.51250327,-0.23021024,-0.82725072,0
-3.5368586,0.89251482,3.5806041,-0.84596753,-0.029828615,0.53239977,0
-4.3411422,-1.1892298,2.4768634,-0.84596753,-0.029828615,0.53239977,0
3.9427531,0.7931782,-3.1487231,0.84596753,0.029828615,-0.53239977,0
-4.7511754,-0.90689892,1.4697323,-0.51250327,-0.23021024,-0.82725072,0
2.4997711,1.0907174,-3.8107777,-0.51250327,-0.23021024,-0.82725072,0
-0.60192776,-1.342967,1.2529337,0.1472396,-0.97268379,0.17946309,0
-4.0548382,-0.24807596,3.2774696,-0.84596753,-0.029828615,0.53239977,0
-4.7675052,-0.19136211,1.8404336,-0.84596753,-0.029828615,0.53239977,0
4.2877517,1.4203804,-2.4373851,0.84596753,0.029828615,-0.53239977,0
-4.6777225,-0.35086995,1.8195672,-0.84596753,-0.029828615,0.53239977,0
-3.0740352,0.71950746,-0.28771472,-0.51250327,-0.23021024,-0.82725072,0
-4.1190243,0.68799347,2.7863851,-0.84596753,-0.029828615,0.53239977,0
3.7643442,-0.92276549,-0.39326692,0.1472396,-0.97268379,0.17946309,0
3.9963288,1.6579665,-1.3318934,0.51250327,0.23021024,0.82725072,0
-0.97914308,1.3004847,-0.51296842,-0.1472396,0.97268379,-0.17946309,0
2.8228588,1.4859655,-2.9095631,-0.1472396,0.97268379,-0.17946309,0
-1.2377353,1.5164918,1.4738327,-0.1472396,0.97268379,-0.17946309,0
-0.5418514,-0.55001116,2.2022319,0.51250327,0.23021024,0.82725072,0
1.1841877,1.2093565,0.75253707,0.51250327,0.23021024,0.82725072,0
2.1200092,-0.61280859,0.51707518,0.51250327,0.23021024,0.82725072,0
4.2634826,0.49983221,-2.7922544,0.84596753,0.029828615,-0.53239977,0
4.651587,0.16675159,-1.8463106,0.84596753,0.029828615,-0.53239977,0
-4.0089321,1.1381152,0.92995381,-0.1472396,0.97268379,-0.17946309,0
3.7797649,-0.60686147,-3.7641897,0.84596753,0.029828615,-0.53239977,0
1.3836772,0.40401542,-2.5799699,-0.51250327,-0.23021024,-0.82725072,0
4.8023825,0.54467714,-1.3228807,0.51250327,0.23021024,0.82725072,0
-3.3553445,0.94867218,0.14219093,-0.51250327,-0.23021024,-0.82725072,0
-3.5018682,0.33931518,3.7513366,0.51250327,0.23021024,0.82725072,0
-4.2225552,0.036610372,2.316607,-0.84596753,-0.029828615,0.53239977,0
4.3473444,0.89075804,-2.6179614,0.84596753,0.029828615,-0.53239977,0
-4.2868009,0.8280583,2.5200629,-0.84596753,-0.029828615,0.53239977,0
-4.5104761,-0.85182476,1.9268017,-0.84596753,-0.029828615,0.53239977,0
-1.8005759,-1.6650119,0.50186348,0.1472396,-0.97268379,0.17946309,0
-3.3065729,-1.0437601,4.2826157,-0.84596753,-0.029828615,0.53239977,0
2.1938233,-1.4184244,-1.093389,0.1472396,-0.97268379,0.17946309,0
0.92484736,1.1487343,-2.7121274,-0.1472396,0.97268379,-0.17946309,0
3.9745779,-1.3679833,-2.3357911,0.1472396,-0.97268379,0.17946309,0
-3.6088588,-0.15782967,0.50965095,-0.51250327,-0.23021024,-0.82725072,0
4.6113834,0.19301289,-2.2766376,0.84596753,0.029828615,-0.53239977,0
-2.3606808,-0.023882657,-0.56408262,-0.51250327,-0.23021024,-0.82725072,0
4.0360613,1.1972713,-0.79959702,0.51250327,0.23021024,0.82725072,0
3.7329419,-1.3288875,-3.4580388,0.84596753,0.029828615,-0.53239977,0
2.0268316,-0.97760844,-2.632175,-0.51250327,-0.23021024,-0.82725072,0
3.7654948,-1.3340217,-1.8884077,0.1472396,-0.97268379,0.17946309,0
-3.733073,-1.0951915,3.5591063,-0.84596753,-0.029828615,0.53239977,0
3.8231578,-0.12403029,-3.6383929,0.84596753,0.029828615,-0.53239977,0
4.7246194,-1.082445,-1.9327064,0.84596753,0.029828615,-0.53239977,0
-2.9516561,0.65646529,-0.2543819,-0.51250327,-0.23021024,-0.82725072,0
3.7208095,1.3015262,-3.502491,0.84596753,0.029828615,-0.53239977,0
0.38457674,-1.3482233,1.5294995,0.1472396,-0.97268379,0.17946309,0
-0.017675161,-1.3058209,1.1079819,0.1472396,-0.97268379,0.17946309,0
-2.80373,-0.82131994,0.14236164,-0.51250327,-0.23021024,-0.82725072,0
1.5924157,-1.6308372,-1.725282,0.1472396,-0.97268379,0.17946309,0
2.910851,-1.6054293,-2.8412895,0.1472396,-0.97268379,0.17946309,0
4.3290205,1.0674834,-1.3938165,0.51250327,0.23021024,0.82725072,0
-4.6853151,-0.41238642,1.6259627,-0.84596753,-0.029828615,0.53239977,0
-4.8374901,-0.45486984,1.8936605,-0.84596753,-0.029828615,0.53239977,0
-0.47034132,1.4206507,0.44635952,-0.1472396,0.97268379,-0.17946309,0
4.0913544,1.6694193,-2.4001169,-0.1472396,0.97268379,-0.17946309,0
3.0313964,1.427212,-0.48683047,0.51250327,0.23021024,0.82725072,0
2.8548944,-0.36853555,-3.3744431,-0.51250327,-0.23021024,-0.82725072,0
-4.0297475,-0.63040018,3.0542822,-0.84596753,-0.029828615,0.53239977,0
3.23563,0.26278138,-3.7672706,-0.51250327,-0.23021024,-0.82725072,0
0.44323552,-0.44869822,1.7543114,0.51250327,0.23021024,0.82725072,0
-1.234586,-1.1972625,2.2349079,0.1472396,-0.97268379,0.17946309,0
-3.4990387,-1.4799023,2.4581151,0.1472396,-0.97268379,0.17946309,0
4.5192752,1.4153214,-1.9712791,0.84596753,0.029828615,-0.53239977,0
0.89143956,1.1174736,-1.9549183,-0.1472396,0.97268379,-0.17946309,0
2.7835093,-1.1975707,-0.68885255,0.1472396,-0.97268379,0.17946309,0
4.5674615,-0.51201439,-2.5112967,0.84596753,0.029828615,-0.53239977,0
-0.12240589,1.3080359,1.4996886,0.51250327,0.23021024,0.82725072,0
-0.23940134,-1.2950162,2.5395536,0.1472396,-0.97268379,0.17946309,0
-0.27979621,-1.607455,-0.0087572783,0.1472396,-0.97268379,0.17946309,0
-2.1495442,0.035783052,3.1928411,0.51250327,0.23021024,0.82725072,0
-3.470717,-1.4908442,3.4316735,0.1472396,-0.97268379,0.17946309,0
-0.23304331,-1.748791,-1.0155092,0.1472396,-0.97268379,0.17946309,0
-2.5366049,0.13234341,-0.19751585,-0.51250327,-0.23021024,-0.82725072,0
0.40222305,-1.4136096,0.39310735,0.1472396,-0.97268379,0.17946309,0
-4.1334038,-0.56605649,2.5308337,-0.84596753,-0.029828615,0.53239977,0
0.11160147,-0.83878744,-1.6298953,-0.51250327,-0.23021024,-0.82725072,0
-2.090812,-1.4860895,1.0326018,0.1472396,-0.97268379,0.17946309,0
-4.6868219,0.031368703,0.89077663,-0.51250327,-0.23021024,-0.82725072,0
4.9185724,-0.90912104,-0.95608997,0.1472396,-0.97268379,0.17946309,0
2.4790356,1.4945025,-3.0085962,-0.1472396,0.97268379,-0.17946309,0
0.22542556,-1.2634881,0.73380685,0.1472396,-0.97268379,0.17946309,0
4.0173869,-0.92619139,-3.3101726,0.84596753,0.029828615,-0.53239977,0
-1.819877,0.2816835,2.8085034,0.51250327,0.23021024,0.82725072,0
-1.514523,-1.3474633,3.035147,0.1472396,-0.97268379,0.17946309,0
2.7002244,-1.2036833,-0.47096801,0.1472396,-0.97268379,0.17946309,0
0.41906881,-1.5296299,-1.6895027,-0.51250327,-0.23021024,-0.82725072,0
-3.7748997,-1.4494803,2.6048675,0.1472396,-0.97268379,0.17946309,0
-3.3573432,-0.17913094,0.40836477,-0.51250327,-0.23021024,-0.82725072,0
4.3112597,-0.37572771,-2.591434,0.84596753,0.029828615,-0.53239977,0
-0.542678,0.30211061,2.0284011,0.51250327,0.23021024,0.82725072,0
4.5742164,-0.74253881,-2.4286876,0.84596753,0.029828615,-0.53239977,0
-1.5253953,1.6459376,1.660033,-0.1472396,0.97268379,-0.17946309,0
-3.4455318,-0.55372059,3.88592,-0.84596753,-0.029828615,0.53239977,0
-4.1635895,1.2468069,2.2290382,-0.1472396,0.97268379,-0.17946309,0
2.4889166,-1.6133089,-1.7608225,0.1472396,-0.97268379,0.17946309,0
3.755722,1.6968871,-0.93186355,0.51250327,0.23021024,0.82725072,0
-3.4246283,-0.088321984,3.5825129,-0.84596753,-0.029828615,0.53239977,0
-4.4308004,-1.6381649,2.260231,-0.84596753,-0.029828615,0.53239977,0
-4.2544737,1.2045723,1.7612867,-0.1472396,0.97268379,-0.17946309,0
-4.1166482,0.31137675,0.6474483,-0.51250327,-0.23021024,-0.82725072,0
3.4291899,1.1773161,-3.5862689,0.84596753,0.029828615,-0.53239977,0
-4.4458461,-1.9519602,2.104178,-0.84596753,-0.029828615,0.53239977,0
-4.5087261,-1.5683256,1.9535809,-0.84596753,-0.029828615,0.53239977,0
-4.7188387,0.75286478,1.8149347,-0.84596753,-0.029828615,0.53239977,0
3.3914945,-1.6027055,-2.4139652,0.1472396,-0.97268379,0.17946309,0
-0.25522959,-0.17777365,1.8883452,0.51250327,0.23021024,0.82725072,0
-3.7395916,0.2467462,3.5530591,-0.84596753,-0.029828615,0.53239977,0
-0.75107783,-1.7887024,-0.69851542,-0.51250327,-0.23021024,-0.82725072,0
3.955092,-0.53101689,-2.9750986,0.84596753,0.029828615,-0.53239977,0
0.20937109,-1.5065063,-1.6406219,-0.51250327,-0.23021024,-0.82725072,0
-3.3065445,-1.6600958,2.3887644,0.1472396,-0.97268379,0.17946309,0
-0.24044633,-1.0272797,2.216423,0.51250327,0.23021024,0.82725072,0
3.5539184,0.8684845,-3.408339,0.84596753,0.029828615,-0.53239977,0
-0.50191009,-1.3379984,1.1016662,0.1472396,-0.97268379,0.17946309,0
-3.0532324,-1.6617147,2.7667632,0.1472396,-0.97268379,0.17946309,0
1.629349,1.5655196,-1.6959734,-0.1472396,0.97268379,-0.17946309,0
-4.4764104,0.046419498,2.1637778,-0.84596753,-0.029828615,0.53239977,0
-3.8202429,-1.4887949,2.8663125,-0.84596753,-0.029828615,0.53239977,0
1.6045946,-1.5192159,-0.3330977,0.1472396,-0.97268379,0.17946309,0
0.13162255,-0.40195912,-1.5874203,-0.51250327,-0.23021024,-0.82725072,0
-4.2655716,-1.2154768,2.7827501,-0.84596753,-0.029828615,0.53239977,0
0.75568134,0.68744433,1.2521142,0.51250327,0.23021024,0.82725072,0
3.1664419,1.5837559,-1.4455185,-0.1472396,0.97268379,-0.17946309,0
-1.5338197,1.1897187,2.6276186,0.51250327,0.23021024,0.82725072,0
0.44870508,-0.64142382,-1.9405724,-0.51250327,-0.23021024,-0.82725072,0
1.8018253,-1.0176771,-2.4784207,-0.51250327,-0.23021024,-0.82725072,0
-3.4085274,0.96450555,0.23047638,-0.1472396,0.97268379,-0.17946309,0
-4.4961853,-1.6021696,1.8998561,-0.84596753,-0.029828615,0.53239977,0
-3.6311855,-1.5038149,3.3101521,-0.84596753,-0.029828615,0.53239977,0
-0.49366626,-1.6883215,0.41032755,0.1472396,-0.97268379,0.17946309,0
4.7454085,-0.20327091,-1.7719793,0.84596753,0.029828615,-0.53239977,0
-1.3832436,-0.77972054,-0.67782986,-0.51250327,-0.23021024,-0.82725072,0
-2.5607262,1.0230738,-0.31519771,-0.1472396,0.97268379,-0.17946309,0
-4.8637462,-0.080650732,1.3445592,-0.84596753,-0.029828615,0.53239977,0
3.9077566,0.46598017,-2.9241095,0.84596753,0.029828615,-0.53239977,0
3.4035974,-0.03748095,-3.9847741,-0.51250327,-0.23021024,-0.82725072,0
-0.81096888,0.60418969,1.9817753,0.51250327,0.23021024,0.82725072,0
0.87613785,1.711929,0.23687166,-0.1472396,0.97268379,-0.17946309,0
-1.0750748,1.5968779,2.1185853,0.51250327,0.23021024,0.82725072,0
-2.5265398,-1.621828,0.40860224,-0.51250327,-0.23021024,-0.82725072,0
3.9236989,-0.14644808,-3.2064676,0.84596753,0.029828615,-0.53239977,0
3.1514578,0.018372357,-3.973794,-0.51250327,-0.23021024,-0.82725072,0
4.1682339,-0.74802208,-0.7041347,0.51250327,0.23021024,0.82725072,0
4.6526966,0.53637576,-1.6142502,0.84596753,0.029828615,-0.53239977,0
4.3716683,1.7935548,-1.1833301,0.51250327,0.23021024,0.82725072,0
2.589009,0.8492403,-3.6619782,-0.51250327,-0.23021024,-0.82725072,0
-4.8411684,-1.7984065,1.5596328,-0.84596753,-0.029828615,0.53239977,0
0.02098155,1.4868311,0.66064596,-0.1472396,0.97268379,-0.17946309,0
2.5563667,1.6619148,-2.2507215,-0.1472396,0.97268379,-0.17946309,0
4.7808537,0.29249805,-1.8139472,0.84596753,0.029828615,-0.53239977,0
1.1997669,-0.72483647,-2.4457793,-0.51250327,-0.23021024,-0.82725072,0
3.5055265,1.5092292,-3.4495101,0.84596753,0.029828615,-0.53239977,0
4.3109541,-0.88294339,-2.8096228,0.84596753,0.029828615,-0.53239977,0
-4.0281949,0.90646613,3.1707706,-0.84596753,-0.029828615,0.53239977,0
-4.3387122,1.016898,2.2847896,-0.84596753,-0.029828615,0.53239977,0
-0.09624505,-0.95968682,-1.3111819,-0.51250327,-0.23021024,-0.82725072,0
4.0164418,1.7735413,-1.4446177,-0.1472396,0.97268379,-0.17946309,0
3.9556031,0.076154172,-3.3652534,0.84596753,0.029828615,-0.53239977,0
-3.4924521,-0.094501495,4.0990796,-0.84596753,-0.029828615,0.53239977,0
1.8573605,-0.54009569,0.69628304,0.51250327,0.23021024,0.82725072,0
-0.4155072,-0.51681983,-1.3309834,-0.51250327,-0.23021024,-0.82725072,0
-0.46058106,1.0606912,1.7191852,0.51250327,0.23021024,0.82725072,0
3.4952338,0.063657165,-3.8102689,0.84596753,0.029828615,-0.53239977,0
-0.65010875,1.5302589,0.16621345,-0.1472396,0.97268379,-0.17946309,0
3.8057008,1.4743453,-2.9176154,-0.1472396,0.97268379,-0.17946309,0
4.8933945,-1.0630424,-1.3247423,0.1472396,-0.97268379,0.17946309,0
-3.3678534,-0.35584432,3.7589216,-0.84596753,-0.029828615,0.53239977,0
3.3131614,-1.1299565,-3.7809052,-0.51250327,-0.23021024,-0.82725072,0
0.33188376,-1.1621095,0.94051248,0.1472396,-0.97268379,0.17946309,0
-1.5694772,1.3513118,1.2143872,-0.1472396,0.97268379,-0.17946309,0
4.4001923,1.8705331,-1.4365964,0.51250327,0.23021024,0.82725072,0
-0.37804335,1.715314,0.68223977,-0.1472396,0.97268379,-0.17946309,0
0.3661043,-1.3696924,1.5975887,0.1472396,-0.97268379,0.17946309,0
4.1911974,-1.0264144,-2.4359021,0.84596753,0.029828615,-0.53239977,0
3.0667813,0.46351674,0.00018382072,0.51250327,0.23021024,0.82725072,0
0.82722068,1.245134,-2.0861301,-0.1472396,0.97268379,-0.17946309,0
4.0335045,1.6480107,-2.7360291,0.84596753,0.029828615,-0.53239977,0
-4.4505033,0.92541391,2.6463861,-0.84596753,-0.029828615,0.53239977,0
1.2850535,0.85035396,0.63490373,0.51250327,0.23021024,0.82725072,0
-0.48653817,1.5826858,1.1466682,-0.1472396,0.97268379,-0.17946309,0
-3.0778074,1.4183255,2.3987639,-0.1472396,0.97268379,-0.17946309,0
-2.7286942,-1.5762115,1.2257166,0.1472396,-0.97268379,0.17946309,0
4.8826156,-1.0966666,-2.0480337,0.84596753,0.029828615,-0.53239977,0
3.5539608,0.44298947,-3.7250214,0.84596753,0.029828615,-0.53239977,0
-1.1564937,0.30833012,2.3307264,0.51250327,0.23021024,0.82725072,0
1.5786856,0.799101,-3.069339,-0.51250327,-0.23021024,-0.82725072,0
-4.5179338,-1.314358,1.8443513,-0.84596753,-0.029828615,0.53239977,0
0.33201528,-1.3131566,-1.6234968,-0.51250327,-0.23021024,-0.82725072,0
-0.16941833,-1.4152113,0.54319048,0.1472396,-0.97268379,0.17946309,0
-3.1945627,1.195721,0.70442271,-0.1472396,0.97268379,-0.17946309,0
1.7414002,-0.87686861,-2.6433468,-0.51250327,-0.23021024,-0.82725072,0
-0.59117204,-1.6409237,-0.012071341,0.1472396,-0.97268379,0.17946309,0
-3.2734675,0.519858,-0.015610933,-0.51250327,-0.23021024,-0.82725072,0
3.7584419,-0.81142378,-3.2240014,0.84596753,0.029828615,-0.53239977,0
-0.65931916,-1.405118,0.54284233,0.1472396,-0.97268379,0.17946309,0
2.0568752,-1.1096578,0.41016114,0.1472396,-0.97268379,0.17946309,0
-5.0055714,-0.24951984,1.2303181,-0.51250327,-0.23021024,-0.82725072,0
2.4108605,-0.84965336,0.70317435,0.51250327,0.23021024,0.82725072,0
5.1869011,0.34943581,-1.2958202,0.84596753,0.029828615,-0.53239977,0
-5.1846457,0.5291847,1.2742534,-0.84596753,-0.029828615,0.53239977,0
-2.7628849,-1.0866516,-0.018416166,-0.51250327,-0.23021024,-0.82725072,0
-4.4161305,1.1318933,0.8841753,-0.1472396,0.97268379,-0.17946309,0
-3.8436663,0.5428561,3.2415862,-0.84596753,-0.029828615,0.53239977,0
1.0040306,1.5508751,-0.22183532,-0.1472396,0.97268379,-0.17946309,0
2.5936909,1.8739861,-0.52157879,-0.1472396,0.97268379,-0.17946309,0
1.3625042,-0.71760821,1.2099283,0.51250327,0.23021024,0.82725072,0
1.806097,-0.86210787,-2.7785521,-0.51250327,-0.23021024,-0.82725072,0
5.1769342,-0.93794346,-1.2706275,0.84596753,0.029828615,-0.53239977,0
-1.8308871,1.3273402,0.01487112,-0.1472396,0.97268379,-0.17946309,0
3.21822,1.181115,-4.0650864,-0.51250327,-0.23021024,-0.82725072,0
-2.2581398,-1.7675393,1.6415691,0.1472396,-0.97268379,0.17946309,0
3.1162143,1.3520467,-0.45992041,0.51250327,0.23021024,0.82725072,0
-3.2989759,0.66266054,0.083781481,-0.51250327,-0.23021024,-0.82725072,0
-0.5153476,-1.1501983,-1.1682546,-0.51250327,-0.23021024,-0.82725072,0
4.6607409,-1.0812243,-1.4549608,0.1472396,-0.97268379,0.17946309,0
-0.35118198,-0.95320117,2.1808882,0.51250327,0.23021024,0.82725072,0
-0.99366426,-0.55303162,-1.2071267,-0.51250327,-0.23021024,-0.82725072,0
-1.8058484,-0.6411345,3.2204008,0.51250327,0.23021024,0.82725072,0
-2.8455229,0.23167242,3.4592075,0.51250327,0.23021024,0.82725072,0
2.7455177,-0.081762075,-0.011722803,0.51250327,0.23021024,0.82725072,0
3.9386814,1.2815499,-3.3695736,0.84596753,0.029828615,-0.53239977,0
-0.44821441,-1.5513144,-1.173342,-0.51250327,-0.23021024,-0.82725072,0
4.5553918,0.27310535,-2.4471731,0.84596753,0.029828615,-0.53239977,0
-4.5466199,-0.23091266,2.1356187,-0.84596753,-0.029828615,0.53239977,0
-1.5040581,-0.65924156,2.9899552,0.51250327,0.23021024,0.82725072,0
4.0942249,-1.1324618,-2.9124818,0.84596753,0.029828615,-0.53239977,0
0.039324284,0.013421267,1.6886821,0.51250327,0.23021024,0.82725072,0
-3.3081739,1.1082183,1.307276,-0.1472396,0.97268379,-0.17946309,0
2.9467359,-0.5142284,0.30877233,0.51250327,0.23021024,0.82725072,0
-2.295687,1.5684081,1.4482641,-0.1472396,0.97268379,-0.17946309,0
-0.27374333,0.84819281,-1.6504016,-0.51250327,-0.23021024,-0.82725072,0
-3.8843858,1.6861811,2.9003658,-0.1472396,0.97268379,-0.17946309,0
-5.0567527,-0.31400037,1.4411702,-0.84596753,-0.029828615,0.53239977,0
-2.2471228,1.5609652,2.5561173,-0.1472396,0.97268379,-0.17946309,0
-0.59117931,1.1169447,-1.2172608,-0.1472396,0.97268379,-0.17946309,0
3.5655818,-0.86714458,-0.27334499,0.51250327,0.23021024,0.82725072,0
-0.45590872,-1.4561385,0.010332465,0.1472396,-0.97268379,0.17946309,0
-0.83191627,-0.19081713,-1.4047071,-0.51250327,-0.23021024,-0.82725072,0
-4.6311731,-1.6990972,1.8143115,-0.84596753,-0.029828615,0.53239977,0
3.1972387,1.9011428,-1.095438,-0.1472396,0.97268379,-0.17946309,0
-3.5057082,0.32656801,3.9467206,-0.84596753,-0.029828615,0.53239977,0
1.7767069,1.7806458,-0.05351913,-0.1472396,0.97268379,-0.17946309,0
-2.0259826,-1.6323683,1.0582373,0.1472396,-0.97268379,0.17946309,0
-0.77597177,1.6921058,1.8441163,-0.1472396,0.97268379,-0.17946309,0
3.601985,1.1375601,-3.5486779,0.84596753,0.029828615,-0.53239977,0
-1.5385761,0.30874717,-1.0573651,-0.51250327,-0.23021024,-0.82725072,0
-4.7958121,-0.32943514,2.0546317,-0.84596753,-0.029828615,0.53239977,0
-4.3459892,0.24761666,2.2549353,-0.84596753,-0.029828615,0.53239977,0
3.7377539,-1.1125398,-3.5027056,0.84596753,0.029828615,-0.53239977,0
1.0238138,1.3039368,-2.7321107,-0.1472396,0.97268379,-0.17946309,0
-2.1764414,-1.8026702,-0.12173355,0.1472396,-0.97268379,0.17946309,0
-0.10120285,1.8317372,0.93604892,-0.1472396,0.97268379,-0.17946309,0
3.9783854,-1.3912268,-2.9187379,0.84596753,0.029828615,-0.53239977,0
-2.9882686,1.2846729,0.29698753,-0.1472396,0.97268379,-0.17946309,0
4.6639557,1.0251492,-1.2788248,0.51250327,0.23021024,0.82725072,0
-1.8267326,0.95961004,2.4926457,0.51250327,0.23021024,0.82725072,0
3.7316349,0.23957366,-3.5060701,0.84596753,0.029828615,-0.53239977,0
3.4379275,-0.85906672,-0.19207597,0.51250327,0.23021024,0.82725072,0
-0.4251374,0.047761142,-1.4777901,-0.51250327,-0.23021024,-0.82725072,0
-4.0798779,1.505851,2.849381,-0.1472396,0.97268379,-0.17946309,0
1.9432566,1.3620981,-3.0842984,-0.1472396,0.97268379,-0.17946309,0
-0.065827966,0.18100831,1.9939711,0.51250327,0.23021024,0.82725072,0
2.6333287,-1.4633744,-0.84991384,0.1472396,-0.97268379,0.17946309,0
-4.3809023,-1.0121371,2.3075957,-0.84596753,-0.029828615,0.53239977,0
-1.7568998,1.6331999,1.2898459,-0.1472396,0.97268379,-0.17946309,0
-3.4946804,-0.89716172,4.1126275,-0.84596753,-0.029828615,0.53239977,0
2.2497392,0.4918457,0.46719146,0.51250327,0.23021024,0.82725072,0
0.35141563,-1.2108917,-1.6923517,-0.51250327,-0.23021024,-0.82725072,0
3.9499049,-1.3031834,-0.98952985,0.1472396,-0.97268379,0.17946309,0
0.60600662,1.6257179,0.29956523,-0.1472396,0.97268379,-0.17946309,0
1.0558298,0.9095546,-2.910455,-0.51250327,-0.23021024,-0.82725072,0
-2.7588606,-1.6485082,0.51084566,-0.51250327,-0.23021024,-0.82725072,0
4.2311206,0.41345292,-2.7255845,0.84596753,0.029828615,-0.53239977,0
4.9442716,0.78389639,-1.3401985,0.84596753,0.029828615,-0.53239977,0
-4.1693468,0.95639169,0.97882366,-0.1472396,0.97268379,-0.17946309,0
3.4243689,1.6219516,-0.65915132,0.51250327,0.23021024,0.82725072,0
-3.4114625,1.4107106,1.512033,-0.1472396,0.97268379,-0.17946309,0
-0.18553662,1.6737804,1.590904,0.51250327,0.23021024,0.82725072,0
-4.4829602,0.15226781,2.4968891,-0.84596753,-0.029828615,0.53239977,0
-0.42632902,-1.1133744,1.8492196,0.1472396,-0.97268379,0.17946309,0
-1.6595086,-1.8820931,0.20569229,0.1472396,-0.97268379,0.17946309,0
3.4770525,1.219067,-3.606719,0.84596753,0.029828615,-0.53239977,0
-1.8812428,-1.9141375,0.60113239,0.1472396,-0.97268379,0.17946309,0
3.7279923,1.1590528,-3.3018775,0.84596753,0.029828615,-0.53239977,0
3.5823627,0.69593358,-3.5825925,0.84596753,0.029828615,-0.53239977,0
-4.8613071,-0.54416275,1.7828298,-0.84596753,-0.029828615,0.53239977,0
4.8087416,0.086851344,-1.7323198,0.84596753,0.029828615,-0.53239977,0
4.8214884,-0.090510555,-1.870698,0.84596753,0.029828615,-0.53239977,0
-3.1870387,-1.1674435,3.8830328,0.1472396,-0.97268379,0.17946309,0
-2.1393516,1.4506319,0.93705487,-0.1472396,0.97268379,-0.17946309,0
-4.2824645,-0.82218498,2.5112205,-0.84596753,-0.029828615,0.53239977,0
-2.183919,-0.61948967,-0.15941978,-0.51250327,-0.23021024,-0.82725072,0
-3.81142,-1.2974615,3.5153022,-0.84596753,-0.029828615,0.53239977,0
-4.1203651,-0.018593431,0.82261872,-0.51250327,-0.23021024,-0.82725072,0
-4.3538275,-1.2168107,2.6309166,-0.84596753,-0.029828615,0.53239977,0
-3.7773142,-0.15203607,3.5943952,-0.84596753,-0.029828615,0.53239977,0
-3.4910533,-0.8239038,3.9489622,-0.84596753,-0.029828615,0.53239977,0
4.6971455,-1.1734581,-0.88860798,0.1472396,-0.97268379,0.17946309,0
-4.3086543,0.31091544,2.8635106,-0.84596753,-0.029828615,0.53239977,0
-0.73940051,1.2623647,-1.5870476,-0.51250327,-0.23021024,-0.82725072,0
3.9973516,-0.27976245,-0.59021401,0.51250327,0.23021024,0.82725072,0
1.1016705,1.5175391,0.015360713,-0.1472396,0.97268379,-0.17946309,0
-1.9398966,1.2415856,0.34816182,-0.1472396,0.97268379,-0.17946309,0
1.6476547,0.51948369,-3.1092107,-0.51250327,-0.23021024,-0.82725072,0
-2.890945,-0.37066722,3.888658,0.51250327,0.23021024,0.82725072,0
3.052794,-1.5527234,-1.672147,0.1472396,-0.97268379,0.17946309,0
-3.9126873,-0.22140312,3.0950451,-0.84596753,-0.029828615,0.53239977,0
3.9885521,1.8143729,-1.3968058,-0.1472396,0.97268379,-0.17946309,0
-3.9988117,-1.0039097,2.9177699,-0.84596753,-0.029828615,0.53239977,0
-1.940779,-1.9533328,0.35990357,0.1472396,-0.97268379,0.17946309,0
-3.4738274,-1.3872563,0.87733245,-0.51250327,-0.23021024,-0.82725072,0
2.0072527,1.632472,-0.25566137,-0.1472396,0.97268379,-0.17946309,0
3.9205358,-0.76019728,-3.1166911,0.84596753,0.029828615,-0.53239977,0
3.9628799,-1.1896093,-1.3193746,0.1472396,-0.97268379,0.17946309,0
1.0591629,0.51914167,-2.3788359,-0.51250327,-0.23021024,-0.82725072,0
-0.56303203,-1.8635393,-0.31564242,0.1472396,-0.97268379,0.17946309,0
3.4759078,-0.46332538,-3.7554622,-0.51250327,-0.23021024,-0.82725072,0
-3.3175414,1.4526106,1.9469833,-0.1472396,0.97268379,-0.17946309,0
-3.8941526,-0.841483,3.3435988,-0.84596753,-0.029828615,0.53239977,0
0.22722769,1.501893,-0.46401325,-0.1472396,0.97268379,-0.17946309,0
1.9637414,1.5353289,-2.441092,-0.1472396,0.97268379,-0.17946309,0
-1.2758466,1.2549384,2.4742785,0.51250327,0.23021024,0.82725072,0
1.0928103,1.4217565,-1.7115433,-0.1472396,0.97268379,-0.17946309,0
3.3221202,-1.002983,0.0029094219,0.1472396,-0.97268379,0.17946309,0
4.0144253,1.4969214,-2.9563465,0.84596753,0.029828615,-0.53239977,0
2.5644364,1.6759424,-1.0033743,-0.1472396,0.97268379,-0.17946309,0
-4.0007524,1.2940364,2.8450394,-0.84596753,-0.029828615,0.53239977,0
-4.0165639,-0.20939517,0.82650757,-0.51250327,-0.23021024,-0.82725072,0
-4.3859062,-0.49580872,2.0744777,-0.84596753,-0.029828615,0.53239977,0
-0.41468608,1.7238232,0.79102039,-0.1472396,0.97268379,-0.17946309,0
-4.6006298,0.013797134,2.3750405,-0.84596753,-0.029828615,0.53239977,0
2.9614563,-1.2340953,-0.056833267,0.1472396,-0.97268379,0.17946309,0
2.5873868,1.7428933,-1.0438814,-0.1472396,0.97268379,-0.17946309,0
-4.6553564,-0.283452,2.0746722,-0.84596753,-0.029828615,0.53239977,0
4.7659402,1.5145576,-1.6992183,0.84596753,0.029828615,-0.53239977,0
2.9884839,1.892594,-0.99322486,-0.1472396,0.97268379,-0.17946309,0
-4.0162773,1.5910254,2.8539619,-0.84596753,-0.029828615,0.53239977,0
1.7871307,0.6807667,0.73210967,0.51250327,0.23021024,0.82725072,0
-0.55097884,-1.2158461,1.3835994,0.1472396,-0.97268379,0.17946309,0
-2.6531272,0.31370327,3.1886353,0.51250327,0.23021024,0.82725072,0
-2.9971399,-0.64261425,3.8039217,0.51250327,0.23021024,0.82725072,0
-3.188725,-0.49452627,3.936903,0.51250327,0.23021024,0.82725072,0
-0.52978128,-0.888574,-1.0071112,-0.51250327,-0.23021024,-0.82725072,0
3.0916271,-0.84767771,-3.4973149,-0.51250327,-0.23021024,-0.82725072,0
-0.076466322,0.53446108,-1.768549,-0.51250327,-0.23021024,-0.82725072,0
1.2392453,1.8144863,0.12127131,-0.1472396,0.97268379,-0.17946309,0
-3.8707566,1.4824522,3.2694912,-0.84596753,-0.029828615,0.53239977,0
4.5386252,0.90512347,-2.4198928,0.84596753,0.029828615,-0.53239977,0
2.1151006,-0.4459303,0.55400908,0.51250327,0.23021024,0.82725072,0
-1.9003351,-1.3794284,3.0763459,0.1472396,-0.97268379,0.17946309,0
0.15092641,1.5170715,0.59711683,-0.1472396,0.97268379,-0.17946309,0
1.3870059,-1.6169515,-0.95128536,0.1472396,-0.97268379,0.17946309,0
-4.2850175,-1.0713156,2.5242996,-0.84596753,-0.029828615,0.53239977,0
-0.91366827,-1.1842674,2.0436673,0.1472396,-0.97268379,0.17946309,0
-4.0478549,-0.38890517,3.0330844,-0.84596753,-0.029828615,0.53239977,0
3.950686,0.86733854,-2.740901,0.84596753,0.029828615,-0.53239977,0
-0.47946411,-1.3243277,1.753721,0.1472396,-0.97268379,0.17946309,0
-0.32851768,-1.745245,-1.0617776,-0.51250327,-0.23021024,-0.82725072,0
-4.7925491,-1.3208762,2.0403285,-0.84596753,-0.029828615,0.53239977,0
0.83659685,-0.10247898,-2.2422321,-0.51250327,-0.23021024,-0.82725072,0
3.9470387,0.37152821,-0.88892388,0.51250327,0.23021024,0.82725072,0
1.6970102,-1.2215236,0.63134044,0.1472396,-0.97268379,0.17946309,0
-4.4018865,0.93158883,2.2335086,-0.84596753,-0.029828615,0.53239977,0
2.9022837,1.2967727,-3.3685675,-0.1472396,0.97268379,-0.17946309,0
2.3036747,-0.06161508,0.56634402,0.51250327,0.23021024,0.82725072,0
3.5127006,0.94555795,-0.83991456,0.51250327,0.23021024,0.82725072,0
4.4495873,0.50441188,-1.978334,0.84596753,0.029828615,-0.53239977,0
0.19741774,-1.6198949,-0.76285493,0.1472396,-0.97268379,0.17946309,0
2.4161727,-0.82879287,-3.0188587,-0.51250327,-0.23021024,-0.82725072,0
-2.0444777,1.561931,2.3249185,-0.1472396,0.97268379,-0.17946309,0
3.7841377,-1.2291269,-0.31640697,0.1472396,-0.97268379,0.17946309,0
4.7117462,1.6842524,-1.7830081,0.84596753,0.029828615,-0.53239977,0
-4.8981895,-0.54333508,1.9317794,-0.84596753,-0.029828615,0.53239977,0
1.1078196,-0.92906606,-2.0329232,-0.51250327,-0.23021024,-0.82725072,0
-1.7873904,1.1416068,-0.020876646,-0.1472396,0.97268379,-0.17946309,0
-4.7983246,-1.1351929,1.2416821,-0.51250327,-0.23021024,-0.82725072,0
4.5398283,-0.46152598,-0.89880037,0.51250327,0.23021024,0.82725072,0
-0.43267214,-0.44685763,-1.4133493,-0.51250327,-0.23021024,-0.82725072,0
-0.72434115,1.5645548,1.6299562,-0.1472396,0.97268379,-0.17946309,0
-4.2577224,-1.4926791,2.3273025,-0.84596753,-0.029828615,0.53239977,0
-0.63252288,1.3382543,-1.2484872,-0.1472396,0.97268379,-0.17946309,0
4.3572516,-0.79986376,-2.4121346,0.84596753,0.029828615,-0.53239977,0
3.3700912,1.8411294,-1.3196466,-0.1472396,0.97268379,-0.17946309,0
4.9946437,-0.16129836,-1.5781031,0.84596753,0.029828615,-0.53239977,0
-3.2918823,-1.2032986,4.3094501,0.51250327,0.23021024,0.82725072,0
-2.9047489,-1.7761704,0.93489933,0.1472396,-0.97268379,0.17946309,0
4.6576395,-1.3141726,-1.725369,0.1472396,-0.97268379,0.17946309,0
-4.1034031,-1.2390739,2.9591541,-0.84596753,-0.029828615,0.53239977,0
-2.2318406,-1.6249491,0.96139836,0.1472396,-0.97268379,0.17946309,0
-1.4651279,-1.9456654,-0.23633593,0.1472396,-0.97268379,0.17946309,0
0.77093428,-1.4971731,-0.5857892,0.1472396,-0.97268379,0.17946309,0
4.2110996,-0.27790546,-2.7626591,0.84596753,0.029828615,-0.53239977,0
-4.905057,0.23561898,1.1879802,-0.51250327,-0.23021024,-0.82725072,0
4.9415336,-0.5380457,-1.3094468,0.84596753,0.029828615,-0.53239977,0
-2.3252301,1.394989,1.6358402,-0.1472396,0.97268379,-0.17946309,0
-3.4626908,0.41359079,3.6424088,-0.84596753,-0.029828615,0.53239977,0
-2.5121012,-1.9527777,0.35273361,0.1472396,-0.97268379,0.17946309,0
2.036639,-1.6608816,-1.2478528,0.1472396,-0.97268379,0.17946309,0
-3.4964263,-1.4513282,3.7995982,-0.84596753,-0.029828615,0.53239977,0
-4.4732819,-0.4338488,1.3114185,-0.51250327,-0.23021024,-0.82725072,0
1.7959125,1.6384959,-0.44615686,-0.1472396,0.97268379,-0.17946309,0
4.4086208,0.19604495,-0.9109292,0.51250327,0.23021024,0.82725072,0
-4.7172327,1.02349,2.2931294,-0.84596753,-0.029828615,0.53239977,0
4.2321248,-1.2156382,-2.9652348,0.84596753,0.029828615,-0.53239977,0
-4.0972805,0.42001942,2.6977901,-0.84596753,-0.029828615,0.53239977,0
1.1119821,-1.1842368,0.25814867,0.1472396,-0.97268379,0.17946309,0
3.4393158,1.7343029,-2.5733895,-0.1472396,0.97268379,-0.17946309,0
0.7594682,1.011917,0.90410548,0.51250327,0.23021024,0.82725072,0
-1.2854078,1.5524064,0.95575881,-0.1472396,0.97268379,-0.17946309,0
2.7785094,1.4857486,-1.9663939,-0.1472396,0.97268379,-0.17946309,0
-3.326349,1.5599092,2.5552521,-0.1472396,0.97268379,-0.17946309,0
1.8900681,-1.4100075,-2.4312177,-0.51250327,-0.23021024,-0.82725072,0
-4.547677,0.90534669,2.5281143,-0.84596753,-0.029828615,0.53239977,0
3.5202193,-0.83010054,0.087664843,0.51250327,0.23021024,0.82725072,0
4.8751998,-0.39413139,-1.7376409,0.84596753,0.029828615,-0.53239977,0
-2.1023176,1.0743237,-0.44235384,-0.1472396,0.97268379,-0.17946309,0
0.28549135,-0.40304604,-1.828697,-0.51250327,-0.23021024,-0.82725072,0
0.0041185319,-1.6942017,0.10451363,0.1472396,-0.97268379,0.17946309,0
3.9120672,1.4901592,-2.7364922,0.84596753,0.029828615,-0.53239977,0
3.4065688,1.6216846,-1.8670142,-0.1472396,0.97268379,-0.17946309,0
-4.1540203,0.28199935,0.68006897,-0.51250327,-0.23021024,-0.82725072,0
-2.1247191,-0.61096764,-0.1552968,-0.51250327,-0.23021024,-0.82725072,0
-3.1332991,-1.3838314,3.1290236,0.1472396,-0.97268379,0.17946309,0
-0.85319149,0.86140275,-1.4826932,-0.51250327,-0.23021024,-0.82725072,0
0.87136602,0.035391808,-2.3507147,-0.51250327,-0.23021024,-0.82725072,0
-4.8499188,-0.84880596,1.697648,-0.84596753,-0.029828615,0.53239977,0
-3.0189872,-0.60173905,3.9603806,0.51250327,0.23021024,0.82725072,0
-4.0150442,-1.7556679,2.9656138,0.1472396,-0.97268379,0.17946309,0
-1.0345863,1.1405691,-0.21802133,-0.1472396,0.97268379,-0.17946309,0
-1.8206573,-0.54379034,-0.40655011,-0.51250327,-0.23021024,-0.82725072,0
4.605988,0.87054509,-2.3113675,0.84596753,0.029828615,-0.53239977,0
1.7059011,-1.2639116,-0.0096746683,0.1472396,-0.97268379,0.17946309,0
4.9752626,-0.32413825,-1.6092381,0.84596753,0.029828615,-0.53239977,0
-3.0018032,-1.1493021,3.9263225,0.51250327,0.23021024,0.82725072,0
0.54372597,1.0702397,-2.3148336,-0.51250327,-0.23021024,-0.82725072,0
-0.72817117,-1.8037304,-0.91806906,-0.51250327,-0.23021024,-0.82725072,0
0.82235956,1.8769634,0.98115093,0.51250327,0.23021024,0.82725072,0
-3.5655699,-0.7846936,3.8971195,-0.84596753,-0.029828615,0.53239977,0
3.6578972,1.0836657,-3.186636,0.84596753,0.029828615,-0.53239977,0
-3.0072489,1.3171034,3.2398176,0.51250327,0.23021024,0.82725072,0
1.8932976,-1.3213413,-2.5591128,-0.51250327,-0.23021024,-0.82725072,0
1.209129,-1.3451926,-0.027162194,0.1472396,-0.97268379,0.17946309,0
-3.9981513,-0.74116695,3.2815056,-0.84596753,-0.029828615,0.53239977,0
-1.4969211,1.0439805,-0.73099166,-0.1472396,0.97268379,-0.17946309,0
3.9166133,0.92408168,-2.7590928,0.84596753,0.029828615,-0.53239977,0
-4.7968912,-1.743769,1.8966427,-0.84596753,-0.029828615,0.53239977,0
1.0913994,0.84797907,-2.5250428,-0.51250327,-0.23021024,-0.82725072,0
4.882082,-0.60439444,-1.6140413,0.84596753,0.029828615,-0.53239977,0
-4.3885288,-0.55281007,2.4264288,-0.84596753,-0.029828615,0.53239977,0
4.3840261,-1.3722589,-2.3001761,0.1472396,-0.97268379,0.17946309,0
4.1192579,0.068473317,-0.85197067,0.51250327,0.23021024,0.82725072,0
-3.8319883,-0.39893442,3.2130365,-0.84596753,-0.029828615,0.53239977,0
-4.2069588,-0.17629173,2.3527274,-0.84596753,-0.029828615,0.53239977,0
-1.5456553,-0.81126142,-0.71612173,-0.51250327,-0.23021024,-0.82725072,0
-3.8271155,0.6077233,3.6901002,-0.84596753,-0.029828615,0.53239977,0
1.3809733,1.4247473,-0.82381856,-0.1472396,0.97268379,-0.17946309,0
-4.1638103,-1.1876063,2.731843,-0.84596753,-0.029828615,0.53239977,0
2.7383184,0.94841468,-3.6890264,-0.51250327,-0.23021024,-0.82725072,0
0.43418026,1.4842905,0.90113038,0.51250327,0.23021024,0.82725072,0
-3.0178208,0.91216695,3.3023572,0.51250327,0.23021024,0.82725072,0
4.6731005,-0.8611818,-2.2833171,0.84596753,0.029828615,-0.53239977,0
-0.96442759,1.4590616,2.181596,0.51250327,0.23021024,0.82725072,0
-4.1142144,-1.9602618,1.1605,-0.51250327,-0.23021024,-0.82725072,0
3.7984657,-0.16888349,-2.9987183,0.84596753,0.029828615,-0.53239977,0
-1.8864496,1.2542858,2.8373332,0.51250327,0.23021024,0.82725072,0
1.6912868,1.5628583,-0.9265784,-0.1472396,0.97268379,-0.17946309,0
1.8553489,-0.88668859,-2.8039634,-0.51250327,-0.23021024,-0.82725072,0
4.7011204,0.48805714,-1.6514874,0.84596753,0.029828615,-0.53239977,0
4.0013618,-0.070243239,-3.2486653,0.84596753,0.029828615,-0.53239977,0
4.1218476,1.723604,-1.9525585,-0.1472396,0.97268379,-0.17946309,0
-2.5451248,-0.90380788,3.6374536,0.51250327,0.23021024,0.82725072,0
-1.5759573,1.157492,-0.88663429,-0.1472396,0.97268379,-0.17946309,0
2.5264268,-0.81759751,-3.3564928,-0.51250327,-0.23021024,-0.82725072,0
-3.6232166,0.65910435,3.8328385,-0.84596753,-0.029828615,0.53239977,0
-3.8100357,1.3667626,3.2172465,-0.84596753,-0.029828615,0.53239977,0
4.2291451,-0.64040744,-2.9396567,0.84596753,0.029828615,-0.53239977,0
3.1255729,-1.5170572,-3.4762044,0.1472396,-0.97268379,0.17946309,0
-2.812505,-1.6161673,2.2619781,0.1472396,-0.97268379,0.17946309,0
-1.9743384,1.6013401,2.2311978,-0.1472396,0.97268379,-0.17946309,0
3.8587909,0.012384117,-3.6049461,0.84596753,0.029828615,-0.53239977,0
3.8194897,0.81159961,-2.9495435,0.84596753,0.029828615,-0.53239977,0
-4.6140604,1.1196483,0.96910715,-0.51250327,-0.23021024,-0.82725072,0
1.3495891,-1.4886714,-1.4314152,0.1472396,-0.97268379,0.17946309,0
-2.4985218,1.1219437,0.25008106,-0.1472396,0.97268379,-0.17946309,0
-3.3616617,0.52181214,3.5464907,0.51250327,0.23021024,0.82725072,0
-4.13659,1.1083195,2.9441924,-0.84596753,-0.029828615,0.53239977,0
-1.0703485,-1.9623253,-0.63030648,-0.51250327,-0.23021024,-0.82725072,0
4.2750492,-0.89912349,-3.0182953,0.84596753,0.029828615,-0.53239977,0
-1.4785666,1.4899381,1.3908572,-0.1472396,0.97268379,-0.17946309,0
0.096553564,0.88944286,1.6393467,0.51250327,0.23021024,0.82725072,0
-2.3686855,-0.33486611,-0.27812803,-0.51250327,-0.23021024,-0.82725072,0
3.3967719,0.56375432,-3.7531528,0.84596753,0.029828615,-0.53239977,0
0.35292864,-1.6349186,-1.1075408,0.1472396,-0.97268379,0.17946309,0
-1.4680222,-1.1571566,3.2345405,0.51250327,0.23021024,0.82725072,0
-4.2588706,0.76414382,2.5745182,-0.84596753,-0.029828615,0.53239977,0
-2.7660098,-0.36612344,3.5032654,0.51250327,0.23021024,0.82725072,0
4.2330956,1.88703,-1.208848,0.51250327,0.23021024,0.82725072,0
0.36978167,1.1687969,-1.6440837,-0.1472396,0.97268379,-0.17946309,0
-4.1656008,-1.3723691,2.5219245,-0.84596753,-0.029828615,0.53239977,0
-4.7671323,0.21794161,1.7241263,-0.84596753,-0.029828615,0.53239977,0
-4.4631853,0.06023369,2.2606163,-0.84596753,-0.029828615,0.53239977,0
0.81004679,-1.7912642,-1.0430129,0.1472396,-0.97268379,0.17946309,0
-3.4561439,-1.6254535,0.95946336,-0.51250327,-0.23021024,-0.82725072,0
-1.8674908,-0.57271242,-0.37588453,-0.51250327,-0.23021024,-0.82725072,0
-3.4580946,-0.7953248,3.9513464,-0.84596753,-0.029828615,0.53239977,0
3.9579487,-0.78532183,-3.1187735,0.84596753,0.029828615,-0.53239977,0
0.37635541,0.75575697,-2.0393662,-0.51250327,-0.23021024,-0.82725072,0
3.7159209,0.07550478,-3.83991,0.84596753,0.029828615,-0.53239977,0
0.90848196,-0.7257973,1.3659236,0.51250327,0.23021024,0.82725072,0
-3.5631142,0.67654383,0.37005162,-0.51250327,-0.23021024,-0.82725072,0
-4.4999695,-0.60799342,1.9062848,-0.84596753,-0.029828615,0.53239977,0
3.9220414,1.5670911,-3.3566866,0.84596753,0.029828615,-0.53239977,0
-5.1349902,0.26192254,1.137495,-0.51250327,-0.23021024,-0.82725072,0
3.1582267,-1.5279117,-2.3471525,0.1472396,-0.97268379,0.17946309,0
4.2377887,-0.0020108968,-2.601922,0.84596753,0.029828615,-0.53239977,0
4.5146484,-0.43466541,-2.4456887,0.84596753,0.029828615,-0.53239977,0
3.3518314,0.85319006,-4.0589595,0.84596753,0.029828615,-0.53239977,0
4.6560884,-0.38914403,-1.7150569,0.84596753,0.029828615,-0.53239977,0
-1.243172,-1.8097976,0.32985032,0.1472396,-0.97268379,0.17946309,0
0.34939492,1.5410789,0.62378305,-0.1472396,0.97268379,-0.17946309,0
-0.61117542,1.3249784,-0.28773037,-0.1472396,0.97268379,-0.17946309,0
-3.6352372,-1.4538716,0.6399343,-0.51250327,-0.23021024,-0.82725072,0
4.5886917,1.1391356,-1.8312035,0.84596753,0.029828615,-0.53239977,0
-1.3332673,-1.750789,-0.30460131,-0.51250327,-0.23021024,-0.82725072,0
-4.6450682,1.1419806,1.7403231,-0.84596753,-0.029828615,0.53239977,0
-4.0305572,0.13158876,3.3043575,-0.84596753,-0.029828615,0.53239977,0
2.6260471,-0.94755685,-2.9663134,-0.51250327,-0.23021024,-0.82725072,0
-4.2589235,-0.7179147,2.5756311,-0.84596753,-0.029828615,0.53239977,0
0.12237418,0.55915332,1.3894714,0.51250327,0.23021024,0.82725072,0
0.1803757,0.65773273,-2.1633663,-0.51250327,-0.23021024,-0.82725072,0
1.0600888,1.6943372,-0.32862115,-0.1472396,0.97268379,-0.17946309,0
3.7085502,1.0794942,-3.783412,0.84596753,0.029828615,-0.53239977,0
-1.8963463,-0.11506072,-0.80980474,-0.51250327,-0.23021024,-0.82725072,0
2.2375941,0.27091005,0.12706566,0.51250327,0.23021024,0.82725072,0
-2.9147034,-1.6967232,0.69186139,-0.51250327,-0.23021024,-0.82725072,0
-0.88095301,1.5802799,0.7685101,-0.1472396,0.97268379,-0.17946309,0
2.8860438,1.2019295,-3.1923494,-0.1472396,0.97268379,-0.17946309,0
-1.9030074,1.3419201,0.4513135,-0.1472396,0.97268379,-0.17946309,0
1.8836038,1.7631065,0.11683726,0.51250327,0.23021024,0.82725072,0
-1.2842929,0.40295863,2.5739326,0.51250327,0.23021024,0.82725072,0
-0.96173537,0.72804219,2.3176789,0.51250327,0.23021024,0.82725072,0
4.7521944,-1.287941,-1.7772322,0.1472396,-0.97268379,0.17946309,0
4.8989754,0.96352929,-1.8019609,0.84596753,0.029828615,-0.53239977,0
3.8825135,1.781701,-1.0816026,0.51250327,0.23021024,0.82725072,0
-0.57516909,-1.6648016,-1.2123233,-0.51250327,-0.23021024,-0.82725072,0
-1.3001719,-1.2622162,2.9580388,0.1472396,-0.97268379,0.17946309,0
1.6099551,0.76552498,-2.9592335,-0.51250327,-0.23021024,-0.82725072,0
0.69588917,1.7418156,0.69700253,-0.1472396,0.97268379,-0.17946309,0
4.1271443,0.51099271,-0.81331253,0.51250327,0.23021024,0.82725072,0
-3.8727129,0.46713084,2.9745274,-0.84596753,-0.029828615,0.53239977,0
3.4340389,0.65256649,-0.56960297,0.51250327,0.23021024,0.82725072,0
