1.512264,0.3314704,1.5806451,0.89046913,0.285923,0.35399526,0
-1.2961601,1.9562798,-0.84260631,-0.44779637,0.68889439,0.57000238,0
-1.1532958,-0.33574867,-2.5697782,-0.89046913,-0.285923,-0.35399526,0
0.41349435,2.0571487,0.478127,-0.44779637,0.68889439,0.57000238,0
-0.24300563,-2.0508735,-0.39591444,0.44779637,-0.68889439,-0.57000238,0
-0.23855829,-1.6787734,-0.74282247,0.44779637,-0.68889439,-0.57000238,0
1.0789528,2.5230412,0.53943539,-0.44779637,0.68889439,0.57000238,0
1.6203438,0.34314394,-1.760655,0.44779637,-0.68889439,-0.57000238,0
-2.0076404,-1.6662629,0.91813982,-0.080888391,-0.66608733,0.74147457,0
-1.2019975,1.5930104,-0.30338424,-0.44779637,0.68889439,0.57000238,0
0.16867757,-1.3864803,1.5533758,-0.080888391,-0.66608733,0.74147457,0
-1.3236858,-1.7625684,0.96563888,-0.080888391,-0.66608733,0.74147457,0
-1.7728828,-1.8159037,-0.16658235,-0.89046913,-0.285923,-0.35399526,0
2.04691,0.431665,0.69361603,0.89046913,0.285923,0.35399526,0
-1.0042021,0.97466063,-2.0271728,0.080888391,0.66608733,-0.74147457,0
-1.8553548,-0.27761006,1.5115364,-0.44779637,0.68889439,0.57000238,0
1.8186018,1.6289883,-0.6894331,0.89046913,0.285923,0.35399526,0
2.3378167,-0.55794537,0.57816947,0.89046913,0.285923,0.35399526,0
-1.5256302,-0.3120873,1.8452847,-0.44779637,0.68889439,0.57000238,0
0.13733667,1.1616617,1.1172676,-0.44779637,0.68889439,0.57000238,0
0.98128992,0.1822865,3.0326824,0.89046913,0.285923,0.35399526,0
-1.9038216,-0.19785887,-1.2065892,-0.89046913,-0.285923,-0.35399526,0
1.0720224,-0.98075318,-0.6206789,0.44779637,-0.68889439,-0.57000238,0
2.2265124,-0.66274285,0.12811315,0.44779637,-0.68889439,-0.57000238,0
2.0694647,1.2827934,-1.4024513,0.080888391,0.66608733,-0.74147457,0
1.1986512,-2.1047275,0.94054818,-0.080888391,-0.66608733,0.74147457,0
0.57032585,1.6627154,0.97579408,-0.44779637,0.68889439,0.57000238,0
0.77741742,0.48599839,-2.3136506,0.080888391,0.66608733,-0.74147457,0
2.2535343,0.92969549,-0.34874344,0.89046913,0.285923,0.35399526,0
1.9615805,0.88150048,-0.38554275,0.89046913,0.285923,0.35399526,0
-1.9537326,-0.77181244,1.5297773,-0.080888391,-0.66608733,0.74147457,0
-0.81772244,0.98243606,-2.0611534,0.080888391,0.66608733,-0.74147457,0
-1.560991,-1.9935753,-0.67394257,-0.89046913,-0.285923,-0.35399526,0
-1.8765838,0.61199105,-0.9761619,-0.89046913,-0.285923,-0.35399526,0
-1.7365971,-1.0750463,1.2799542,-0.080888391,-0.66608733,0.74147457,0
-1.3657194,0.03463614,-2.3780363,-0.89046913,-0.285923,-0.35399526,0
1.8191278,1.7345501,-1.0771415,0.080888391,0.66608733,-0.74147457,0
0.42536879,0.067301869,2.7432935,-0.44779637,0.68889439,0.57000238,0
-2.4759817,0.5969336,0.15463376,-0.89046913,-0.285923,-0.35399526,0
0.90632939,2.035548,-0.96492946,0.080888391,0.66608733,-0.74147457,0
0.013811141,0.9760381,1.2261715,-0.44779637,0.68889439,0.57000238,0
-0.17181313,0.19124222,-2.2796421,0.080888391,0.66608733,-0.74147457,0
-1.9333982,1.4193633,-1.4138955,0.080888391,0.66608733,-0.74147457,0
1.1204364,0.051985979,2.5054283,0.89046913,0.285923,0.35399526,0
1.3685951,0.6135335,-2.0686333,0.44779637,-0.68889439,-0.57000238,0
-0.64175713,-0.26752448,2.2380681,-0.080888391,-0.66608733,0.74147457,0
-1.4431572,0.33413529,0.97876179,-0.44779637,0.68889439,0.57000238,0
0.87534797,-1.6681275,1.2437077,-0.080888391,-0.66608733,0.74147457,0
1.9962232,0.88635331,0.095030785,0.89046913,0.285923,0.35399526,0
0.19856954,1.9132252,0.59335887,-0.44779637,0.68889439,0.57000238,0
-1.4477129,-2.4130974,-0.007106781,-0.89046913,-0.285923,-0.35399526,0
-1.4217712,1.7918724,-0.60553873,-0.44779637,0.68889439,0.57000238,0
-1.8187299,-1.6741455,0.053500175,-0.89046913,-0.285923,-0.35399526,0
1.3288729,-0.63842154,-0.97620535,0.44779637,-0.68889439,-0.57000238,0
-2.4027131,0.88442683,-0.38673937,-0.44779637,0.68889439,0.57000238,0
-2.2437499,-0.82571959,0.51295459,-0.89046913,-0.285923,-0.35399526,0
1.7741551,-0.096098222,1.7458701,0.89046913,0.285923,0.35399526,0
0.523314,2.2935324,0.11636305,-0.44779637,0.68889439,0.57000238,0
-1.2177715,1.9925953,-1.0520672,-0.44779637,0.68889439,0.57000238,0
-1.7093982,-0.67466861,-0.25148797,-0.89046913,-0.285923,-0.35399526,0
2.2493341,1.3300159,-1.1759213,0.89046913,0.285923,0.35399526,0
1.2826898,0.80754578,1.6834407,0.89046913,0.285923,0.35399526,0
0.95680875,-0.02172327,-1.8667699,0.44779637,-0.68889439,-0.57000238,0
-1.0725162,1.8234057,-1.2307534,0.080888391,0.66608733,-0.74147457,0
1.2126544,1.7720113,-0.78323698,0.080888391,0.66608733,-0.74147457,0
1.2136949,-1.5152234,0.2654506,0.44779637,-0.68889439,-0.57000238,0
-0.85352337,1.505803,-0.01691103,-0.44779637,0.68889439,0.57000238,0
1.2598741,2.7858832,0.28964448,0.89046913,0.285923,0.35399526,0
0.19612753,-0.79605222,2.1899061,-0.080888391,-0.66608733,0.74147457,0
-0.10163426,1.9253271,-0.75343221,0.080888391,0.66608733,-0.74147457,0
0.1065754,0.54975736,2.0712705,-0.44779637,0.68889439,0.57000238,0
-0.49050951,-1.6047156,1.1159427,-0.080888391,-0.66608733,0.74147457,0
-1.6209924,0.74964118,0.28443891,-0.44779637,0.68889439,0.57000238,0
1.3262539,-0.12750578,-1.1710137,0.44779637,-0.68889439,-0.57000238,0
-0.62755108,-0.62506378,1.9357225,-0.080888391,-0.66608733,0.74147457,0
-1.3346971,0.2150135,1.0020789,-0.44779637,0.68889439,0.57000238,0
-0.52000856,-2.4330244,0.50753367,-0.080888391,-0.66608733,0.74147457,0
0.95232493,-1.0023452,-0.8005864,0.44779637,-0.68889439,-0.57000238,0
-0.11465222,1.2544768,0.70104581,-0.44779637,0.68889439,0.57000238,0
1.5374379,-1.3290899,1.9064095,-0.080888391,-0.66608733,0.74147457,0
2.3703053,0.87975276,-0.70580494,0.89046913,0.285923,0.35399526,0
1.4730867,-0.42624831,-0.61003041,0.44779637,-0.68889439,-0.57000238,0
0.16093147,-1.8467729,-0.41070563,0.44779637,-0.68889439,-0.57000238,0
-0.25107956,2.4070249,-0.64526957,0.080888391,0.66608733,-0.74147457,0
-0.78791338,-1.6551774,-1.2769396,0.44779637,-0.68889439,-0.57000238,0
-1.9988776,-0.67537069,1.7915297,-0.44779637,0.68889439,0.57000238,0
2.0433431,0.45942616,-1.7843225,0.44779637,-0.68889439,-0.57000238,0
0.27175403,1.1485417,-1.4756911,0.080888391,0.66608733,-0.74147457,0
-0.20667088,0.65560895,-2.160224,0.080888391,0.66608733,-0.74147457,0
1.3048774,2.4547048,0.50805259,0.89046913,0.285923,0.35399526,0
1.7479167,0.9151845,0.14213109,0.89046913,0.285923,0.35399526,0
-0.32159746,-0.19033885,-2.6419396,0.44779637,-0.68889439,-0.57000238,0
1.1211424,-1.981765,0.52625811,0.44779637,-0.68889439,-0.57000238,0
-0.91777658,1.0043563,1.0458378,-0.44779637,0.68889439,0.57000238,0
-0.10660148,0.051410437,2.784811,-0.44779637,0.68889439,0.57000238,0
0.35201067,-0.25953746,-2.0420208,0.44779637,-0.68889439,-0.57000238,0
0.15858364,-0.53203988,2.2268133,-0.080888391,-0.66608733,0.74147457,0
-0.84970737,-2.7944257,-0.10150695,-0.080888391,-0.66608733,0.74147457,0
-0.26102638,-2.2178025,-0.0028874874,0.44779637,-0.68889439,-0.57000238,0
1.4560188,2.0900581,0.12536621,0.89046913,0.285923,0.35399526,0
-0.023635149,-1.6942432,1.4322867,-0.080888391,-0.66608733,0.74147457,0
-0.3619473,-2.3945019,0.4418478,-0.080888391,-0.66608733,0.74147457,0
2.231385,1.0930872,-1.3837922,0.080888391,0.66608733,-0.74147457,0
0.93177223,-1.7895811,1.3056052,-0.080888391,-0.66608733,0.74147457,0
-2.6234961,-0.89916945,1.2521634,-0.89046913,-0.285923,-0.35399526,0
-1.4800562,-0.033739746,-2.0267177,-0.89046913,-0.285923,-0.35399526,0
-0.078738928,-2.0115147,-0.057641745,0.44779637,-0.68889439,-0.57000238,0
1.0746893,-1.6009047,0.17728828,0.44779637,-0.68889439,-0.57000238,0
-0.66472846,0.0084881783,2.0439281,-0.44779637,0.68889439,0.57000238,0
1.8145459,-0.080847681,0.77083468,0.89046913,0.285923,0.35399526,0
1.6239179,0.74092609,0.99848199,0.89046913,0.285923,0.35399526,0
0.24343359,0.37234116,-2.4542589,0.080888391,0.66608733,-0.74147457,0
1.5373688,0.13638952,2.0307801,0.89046913,0.285923,0.35399526,0
0.059999466,1.709219,0.27901334,-0.44779637,0.68889439,0.57000238,0
0.63732779,1.2240076,1.7290024,-0.44779637,0.68889439,0.57000238,0
0.13321194,-0.71494973,-1.9016607,0.44779637,-0.68889439,-0.57000238,0
1.8385856,-1.3009645,0.67206204,0.44779637,-0.68889439,-0.57000238,0
1.3422663,2.4211628,0.039815426,0.89046913,0.285923,0.35399526,0
-0.51876593,2.1560228,-0.60130763,-0.44779637,0.68889439,0.57000238,0
-1.9081919,-1.346244,1.5434217,-0.080888391,-0.66608733,0.74147457,0
-1.4828233,-1.1058625,-0.90786958,-0.89046913,-0.285923,-0.35399526,0
-0.94673431,-0.79725361,2.0705183,-0.080888391,-0.66608733,0.74147457,0
1.0081643,-1.2388541,-0.66085476,0.44779637,-0.68889439,-0.57000238,0
-0.082908034,-0.05787766,-2.2801056,0.44779637,-0.68889439,-0.57000238,0
-1.0679308,-0.61270499,2.0769229,-0.080888391,-0.66608733,0.74147457,0
-2.3767602,-1.0768416,0.89225066,-0.89046913,-0.285923,-0.35399526,0
1.6775215,-0.084398672,2.0024381,0.89046913,0.285923,0.35399526,0
-1.9352342,-1.5251431,0.43573046,-0.89046913,-0.285923,-0.35399526,0
0.49187529,-1.4535496,1.5006237,-0.080888391,-0.66608733,0.74147457,0
0.74146223,2.5978365,-0.49152911,0.080888391,0.66608733,-0.74147457,0
1.1270288,-1.7373492,1.5123763,-0.080888391,-0.66608733,0.74147457,0
0.44162297,-0.21108341,-2.3530445,0.44779637,-0.68889439,-0.57000238,0
1.2295558,2.2389402,-0.79812181,0.080888391,0.66608733,-0.74147457,0
1.7524562,0.18029821,0.7825529,0.89046913,0.285923,0.35399526,0
-0.15995288,-2.3111076,0.63359714,-0.080888391,-0.66608733,0.74147457,0
1.4385085,-1.7149965,0.34699398,0.44779637,-0.68889439,-0.57000238,0
-0.68571424,2.3118577,-0.84753442,0.080888391,0.66608733,-0.74147457,0
0.15217853,2.5383687,-0.060436726,-0.44779637,0.68889439,0.57000238,0
0.14570902,0.68018639,1.6981896,-0.44779637,0.68889439,0.57000238,0
2.3101711,-0.27086878,0.52171075,0.89046913,0.285923,0.35399526,0
2.1946001,-0.23532057,0.41138065,0.89046913,0.285923,0.35399526,0
0.59739697,0.97827977,-1.5430268,0.080888391,0.66608733,-0.74147457,0
-1.1890072,1.9709902,-1.2991964,0.080888391,0.66608733,-0.74147457,0
-0.76748908,-1.7341576,-1.0708554,0.44779637,-0.68889439,-0.57000238,0
-0.1011939,-1.3260778,1.5366769,-0.080888391,-0.66608733,0.74147457,0
-0.18631601,-0.26664031,-2.2680464,0.44779637,-0.68889439,-0.57000238,0
1.1551341,1.2084696,-1.5235705,0.080888391,0.66608733,-0.74147457,0
0.83431864,-2.1545737,1.0577769,-0.080888391,-0.66608733,0.74147457,0
-0.20558095,2.2814472,-0.74767047,0.080888391,0.66608733,-0.74147457,0
-0.34557772,-1.5459526,1.4064869,-0.080888391,-0.66608733,0.74147457,0
0.48664689,-1.651885,-0.53138459,0.44779637,-0.68889439,-0.57000238,0
-1.9939661,-0.69872737,0.38352406,-0.89046913,-0.285923,-0.35399526,0
1.2217646,-1.6570401,1.4516757,-0.080888391,-0.66608733,0.74147457,0
1.3001287,-1.8259189,0.74450135,0.44779637,-0.68889439,-0.57000238,0
-2.0220108,0.49544907,0.59161711,-0.44779637,0.68889439,0.57000238,0
2.1977139,1.4988619,-1.1132191,0.080888391,0.66608733,-0.74147457,0
2.1185396,1.1836119,-0.35799551,0.89046913,0.285923,0.35399526,0
0.52283466,-1.5287322,-0.31880081,0.44779637,-0.68889439,-0.57000238,0
-2.1255417,-1.1017514,1.5035628,-0.080888391,-0.66608733,0.74147457,0
2.0113597,1.150898,-1.5615014,0.080888391,0.66608733,-0.74147457,0
0.63901055,1.0835283,2.0507438,-0.44779637,0.68889439,0.57000238,0
-0.025779486,1.7079716,-1.4326227,0.080888391,0.66608733,-0.74147457,0
0.90904725,-0.1785531,2.5086684,-0.080888391,-0.66608733,0.74147457,0
-0.0068655014,1.9168417,-0.96700531,0.080888391,0.66608733,-0.74147457,0
0.17915374,0.34785175,2.5849738,-0.44779637,0.68889439,0.57000238,0
-2.3272529,-0.23356533,1.2088448,-0.44779637,0.68889439,0.57000238,0
0.54712415,-1.8676251,1.2370378,-0.080888391,-0.66608733,0.74147457,0
1.0546925,-1.1039325,-0.6530602,0.44779637,-0.68889439,-0.57000238,0
-1.3391213,1.4828402,-0.35536304,-0.44779637,0.68889439,0.57000238,0
1.7872298,-0.92805052,-0.051364183,0.44779637,-0.68889439,-0.57000238,0
0.72906077,-0.78658003,1.8398478,-0.080888391,-0.66608733,0.74147457,0
1.9647449,-1.1731508,0.3520048,0.44779637,-0.68889439,-0.57000238,0
-0.54153663,-1.1850656,-1.551008,0.44779637,-0.68889439,-0.57000238,0
-2.3210874,-0.028633833,0.51919293,-0.89046913,-0.285923,-0.35399526,0
-0.50928974,1.8451142,-1.2935185,0.080888391,0.66608733,-0.74147457,0
-0.20492506,-2.1888602,-0.37461841,0.44779637,-0.68889439,-0.57000238,0
-1.8836601,0.67646313,-1.1232713,-0.89046913,-0.285923,-0.35399526,0
1.5187973,1.0178856,1.1871338,0.89046913,0.285923,0.35399526,0
-0.19875181,0.89042938,-1.8261998,0.080888391,0.66608733,-0.74147457,0
1.0719048,0.071180344,3.0500102,-0.080888391,-0.66608733,0.74147457,0
1.737067,0.71290118,0.51947093,0.89046913,0.285923,0.35399526,0
-1.7431825,-0.6404506,-0.60738087,-0.89046913,-0.285923,-0.35399526,0
-1.9814668,-1.0707438,1.7376779,-0.080888391,-0.66608733,0.74147457,0
-1.5629076,-1.5063014,1.3862873,-0.080888391,-0.66608733,0.74147457,0
-1.4479147,-1.7873812,1.019817,-0.080888391,-0.66608733,0.74147457,0
1.4858496,-2.1555324,0.91616982,0.44779637,-0.68889439,-0.57000238,0
0.034435511,-0.82542843,2.1075737,-0.080888391,-0.66608733,0.74147457,0
-0.53189898,-2.3236482,-0.39996803,0.44779637,-0.68889439,-0.57000238,0
-0.88569343,1.637756,0.17772314,-0.44779637,0.68889439,0.57000238,0
-2.4914012,-0.49009919,1.2552183,-0.44779637,0.68889439,0.57000238,0
-0.24811888,-2.6392035,0.43667054,-0.080888391,-0.66608733,0.74147457,0
-0.47159481,1.8600864,-0.27666581,-0.44779637,0.68889439,0.57000238,0
-1.7914383,-0.29716164,-1.2246579,-0.89046913,-0.285923,-0.35399526,0
1.6759567,-0.68836147,2.2055821,0.89046913,0.285923,0.35399526,0
0.54203558,0.61967921,-1.820091,0.080888391,0.66608733,-0.74147457,0
-2.0955415,-1.4798011,1.2411591,-0.080888391,-0.66608733,0.74147457,0
-0.74778974,-0.28199935,-2.9691772,0.44779637,-0.68889439,-0.57000238,0
-1.4604284,-1.3897896,1.2800779,-0.080888391,-0.66608733,0.74147457,0
1.2735193,1.8534706,0.87187731,0.89046913,0.285923,0.35399526,0
-0.37964892,0.48205137,-2.3365648,0.080888391,0.66608733,-0.74147457,0
-1.1427448,-0.55150104,-2.8313947,-0.89046913,-0.285923,-0.35399526,0
-0.68397582,-1.8853257,-1.200514,0.44779637,-0.68889439,-0.57000238,0
-2.5048165,-0.88299608,1.3022577,-0.89046913,-0.285923,-0.35399526,0
0.71836185,2.4886782,-0.29563642,0.080888391,0.66608733,-0.74147457,0
0.086693168,-0.50121605,-2.0688596,0.44779637,-0.68889439,-0.57000238,0
-1.9503312,0.91519272,-0.98473245,-0.89046913,-0.285923,-0.35399526,0
-0.23534131,2.4709947,-0.75322491,0.080888391,0.66608733,-0.74147457,0
0.32945836,0.76692832,-1.7869141,0.080888391,0.66608733,-0.74147457,0
2.1617591,-1.4493947,0.78566039,0.44779637,-0.68889439,-0.57000238,0
-0.72352457,0.62083375,0.98528051,-0.44779637,0.68889439,0.57000238,0
0.16593599,-2.2734549,0.035672426,0.44779637,-0.68889439,-0.57000238,0
-0.97897899,-2.3720436,-0.73617876,0.44779637,-0.68889439,-0.57000238,0
-2.1873517,-0.13137007,-0.033840775,-0.89046913,-0.285923,-0.35399526,0
1.7809064,0.30882761,1.4149835,0.89046913,0.285923,0.35399526,0
0.39531732,1.580652,-1.3345275,0.080888391,0.66608733,-0.74147457,0
-0.25628209,-1.7779419,1.2364025,-0.080888391,-0.66608733,0.74147457,0
1.4046483,2.610929,0.33595252,0.89046913,0.285923,0.35399526,0
-1.1818122,-0.76423514,1.9156046,-0.080888391,-0.66608733,0.74147457,0
0.26048183,-0.89217782,-1.608566,0.44779637,-0.68889439,-0.57000238,0
0.69406307,0.76622236,-1.6764325,0.080888391,0.66608733,-0.74147457,0
-0.090952396,1.2476845,1.2096925,-0.44779637,0.68889439,0.57000238,0
-0.3392688,-0.41271687,2.1408696,-0.080888391,-0.66608733,0.74147457,0
1.8775377,1.077181,-0.15343964,0.89046913,0.285923,0.35399526,0
0.9470433,-1.919196,1.0475922,-0.080888391,-0.66608733,0.74147457,0
1.2602348,0.45438784,1.7827621,0.89046913,0.285923,0.35399526,0
0.24826789,-0.61974204,2.4146142,-0.080888391,-0.66608733,0.74147457,0
1.3828504,1.7838624,1.2582877,0.89046913,0.285923,0.35399526,0
-0.54826725,-1.6327431,-0.76277125,0.44779637,-0.68889439,-0.57000238,0
2.4102933,0.42247295,-1.2773175,0.44779637,-0.68889439,-0.57000238,0
1.4289112,2.3991554,0.48718667,0.89046913,0.285923,0.35399526,0
-1.5375988,-2.1368027,0.67986155,-0.080888391,-0.66608733,0.74147457,0
1.65777,0.48446918,-1.6647418,0.44779637,-0.68889439,-0.57000238,0
-1.0741336,0.43818933,-2.2468634,0.080888391,0.66608733,-0.74147457,0
-0.18098068,-2.830133,0.33054066,-0.080888391,-0.66608733,0.74147457,0
2.2428994,-0.28051901,-0.022897959,0.89046913,0.285923,0.35399526,0
0.91355336,-0.30070126,2.3633015,-0.080888391,-0.66608733,0.74147457,0
0.18716335,1.7393296,-1.2376082,0.080888391,0.66608733,-0.74147457,0
-1.9014369,-0.57652807,0.15129149,-0.89046913,-0.285923,-0.35399526,0
1.4736487,-0.25406981,2.4978521,-0.080888391,-0.66608733,0.74147457,0
-0.21772075,-1.2856042,1.7822336,-0.080888391,-0.66608733,0.74147457,0
2.4355099,-1.3067089,0.51372725,0.44779637,-0.68889439,-0.57000238,0
1.3943458,1.1087222,0.98918676,0.89046913,0.285923,0.35399526,0
2.0303986,-0.41460729,-0.40963387,0.44779637,-0.68889439,-0.57000238,0
0.45860434,-0.61571532,2.0035608,-0.080888391,-0.66608733,0.74147457,0
0.10755599,-1.6086749,-0.68437743,0.44779637,-0.68889439,-0.57000238,0
2.0601141,-0.81144285,1.4372942,0.89046913,0.285923,0.35399526,0
-0.81908846,-2.0134573,0.72472191,-0.080888391,-0.66608733,0.74147457,0
0.73485637,0.96060675,-1.7354643,0.080888391,0.66608733,-0.74147457,0
-1.6010633,2.0845203,-0.95493734,0.080888391,0.66608733,-0.74147457,0
1.5808084,1.1671425,0.16641343,0.89046913,0.285923,0.35399526,0
0.91235292,2.1329226,0.7128154,-0.44779637,0.68889439,0.57000238,0
0.57719874,1.0401604,-1.6399014,0.080888391,0.66608733,-0.74147457,0
1.2401721,1.1009268,2.107096,0.89046913,0.285923,0.35399526,0
0.74503487,-0.13345647,2.5275817,-0.080888391,-0.66608733,0.74147457,0
-1.0941132,1.5361273,-0.42208081,-0.44779637,0.68889439,0.57000238,0
-0.018940449,-1.7843807,0.97189504,-0.080888391,-0.66608733,0.74147457,0
1.4595252,1.4472846,-1.1006713,0.080888391,0.66608733,-0.74147457,0
0.88961089,-1.8125321,0.52388656,0.44779637,-0.68889439,-0.57000238,0
2.4802408,0.45847702,-1.2038078,0.44779637,-0.68889439,-0.57000238,0
1.6423686,1.7752018,-0.93357468,0.080888391,0.66608733,-0.74147457,0
0.052714586,-0.61503386,1.9998496,-0.080888391,-0.66608733,0.74147457,0
-0.51801091,0.61286068,1.4971529,-0.44779637,0.68889439,0.57000238,0
-1.4074544,-1.3667505,-0.66114104,-0.89046913,-0.285923,-0.35399526,0
-2.7020116,-0.61576509,1.5909264,-0.89046913,-0.285923,-0.35399526,0
2.3900521,0.29087424,-1.1930416,0.44779637,-0.68889439,-0.57000238,0
-2.1865954,0.95008767,-0.28332722,-0.44779637,0.68889439,0.57000238,0
0.17515862,0.18897676,-2.3558664,0.080888391,0.66608733,-0.74147457,0
0.061793327,-2.2486203,0.54418683,-0.080888391,-0.66608733,0.74147457,0
-0.76940584,-2.1690245,0.41977048,-0.080888391,-0.66608733,0.74147457,0
0.15739673,-0.24689519,-1.912611,0.44779637,-0.68889439,-0.57000238,0
0.20947123,-1.8178136,-0.033162892,0.44779637,-0.68889439,-0.57000238,0
0.5074209,1.8291864,1.0337952,-0.44779637,0.68889439,0.57000238,0
1.1718068,0.89725959,-1.8333879,0.080888391,0.66608733,-0.74147457,0
1.082258,2.7885697,0.33021617,0.89046913,0.285923,0.35399526,0
-1.0267682,0.53890252,0.82363379,-0.44779637,0.68889439,0.57000238,0
-2.0209262,0.57979763,-1.0984726,-0.89046913,-0.285923,-0.35399526,0
0.4858588,1.9409379,0.71404099,-0.44779637,0.68889439,0.57000238,0
0.91101849,-0.67418432,1.9891437,-0.080888391,-0.66608733,0.74147457,0
1.9989758,-0.1893537,-0.66400951,0.44779637,-0.68889439,-0.57000238,0
0.75330389,-0.94930625,-1.1780771,0.44779637,-0.68889439,-0.57000238,0
1.9016895,0.26707292,0.24570763,0.89046913,0.285923,0.35399526,0
0.67875516,-0.53055096,-1.7185706,0.44779637,-0.68889439,-0.57000238,0
-0.883762,1.4418771,-1.3458823,0.080888391,0.66608733,-0.74147457,0
-0.016685247,0.90154994,-1.9390744,0.080888391,0.66608733,-0.74147457,0
-1.3724501,0.70478117,-2.0422122,0.080888391,0.66608733,-0.74147457,0
-1.1118326,0.34948993,1.4012576,-0.44779637,0.68889439,0.57000238,0
1.5230793,-0.7402823,2.2386649,-0.080888391,-0.66608733,0.74147457,0
1.2694018,1.6674999,1.1715878,0.89046913,0.285923,0.35399526,0
-1.6655309,0.28999376,1.2087402,-0.44779637,0.68889439,0.57000238,0
2.1116905,-0.11282384,0.15607345,0.89046913,0.285923,0.35399526,0
-1.0498177,-2.0553496,-1.0597376,0.44779637,-0.68889439,-0.57000238,0
2.1673551,-1.0569344,0.86711168,0.89046913,0.285923,0.35399526,0
1.5061491,1.0392449,-1.5237153,0.080888391,0.66608733,-0.74147457,0
2.1892176,1.394546,-0.6079607,0.89046913,0.285923,0.35399526,0
-0.013175607,0.44137919,-2.2403846,0.080888391,0.66608733,-0.74147457,0
1.599977,2.1203341,0.32384133,0.89046913,0.285923,0.35399526,0
-0.1082285,0.30726147,2.1335812,-0.44779637,0.68889439,0.57000238,0
0.16507387,-0.18931282,2.4563513,-0.080888391,-0.66608733,0.74147457,0
-0.086087227,-2.3890064,0.27247095,0.44779637,-0.68889439,-0.57000238,0
-1.1391045,-0.76862884,1.6492168,-0.080888391,-0.66608733,0.74147457,0
0.7418254,0.99013913,1.9828144,-0.44779637,0.68889439,0.57000238,0
0.76968676,0.62156403,2.7250857,-0.44779637,0.68889439,0.57000238,0
-0.57652956,0.61444354,1.7203771,-0.44779637,0.68889439,0.57000238,0
-0.33160141,-0.93568695,-1.5926826,0.44779637,-0.68889439,-0.57000238,0
1.6365144,0.6656096,-1.8531936,0.44779637,-0.68889439,-0.57000238,0
-0.56603086,0.41837955,-2.4879875,0.080888391,0.66608733,-0.74147457,0
-0.11956197,1.1405357,0.86500567,-0.44779637,0.68889439,0.57000238,0
-1.6500403,-0.16342025,-1.2343485,-0.89046913,-0.285923,-0.35399526,0
2.2974138,0.76570678,-1.5108613,0.080888391,0.66608733,-0.74147457,0
-0.65760326,-2.4254136,0.33618581,-0.080888391,-0.66608733,0.74147457,0
-0.96478361,0.25770134,-2.314708,0.080888391,0.66608733,-0.74147457,0
-0.77565503,1.0041226,-1.9918157,0.080888391,0.66608733,-0.74147457,0
-0.090017557,-1.6998936,1.2027117,-0.080888391,-0.66608733,0.74147457,0
2.1505809,-1.6071268,1.3028048,-0.080888391,-0.66608733,0.74147457,0
1.0594621,-0.75579846,-1.0253022,0.44779637,-0.68889439,-0.57000238,0
2.2539773,-0.10211933,0.4773761,0.89046913,0.285923,0.35399526,0
-1.2176671,-0.71982026,1.6516614,-0.080888391,-0.66608733,0.74147457,0
0.4461531,1.4186882,1.5476689,-0.44779637,0.68889439,0.57000238,0
-1.05935,-0.91418856,-1.9305035,-0.89046913,-0.285923,-0.35399526,0
-0.73385334,-2.4134622,0.65146852,-0.080888391,-0.66608733,0.74147457,0
0.44419992,-0.69185305,-1.328114,0.44779637,-0.68889439,-0.57000238,0
1.2406182,2.6270716,0.43139863,0.89046913,0.285923,0.35399526,0
-2.1525345,-1.6598675,1.1991171,-0.080888391,-0.66608733,0.74147457,0
0.50757575,-1.6293315,-0.18082994,0.44779637,-0.68889439,-0.57000238,0
-0.061309099,0.56493032,1.8382618,-0.44779637,0.68889439,0.57000238,0
-0.57509935,1.4480593,0.73086476,-0.44779637,0.68889439,0.57000238,0
1.9722385,-0.63688111,-0.25128239,0.44779637,-0.68889439,-0.57000238,0
-2.1789629,-0.0094760656,-0.45172477,-0.89046913,-0.285923,-0.35399526,0
1.3563063,2.3308711,-0.61602187,0.080888391,0.66608733,-0.74147457,0
-1.0565181,-2.6506014,-0.39650822,0.44779637,-0.68889439,-0.57000238,0
1.0942214,1.644047,1.1541903,0.89046913,0.285923,0.35399526,0
0.7912724,1.4912198,-1.4098077,0.080888391,0.66608733,-0.74147457,0
-0.14472592,1.9819946,-0.069448352,-0.44779637,0.68889439,0.57000238,0
1.4632287,0.85669291,1.2289523,0.89046913,0.285923,0.35399526,0
-1.5717313,-0.046014786,1.3446683,-0.44779637,0.68889439,0.57000238,0
-1.8255439,-0.68563503,0.023849607,-0.89046913,-0.285923,-0.35399526,0
-0.77208066,1.0756994,0.59557819,-0.44779637,0.68889439,0.57000238,0
-1.9093527,-0.40444493,1.6414523,-0.44779637,0.68889439,0.57000238,0
-1.6264081,-0.12083729,-1.703511,-0.89046913,-0.285923,-0.35399526,0
-2.4244413,-0.80842686,1.4097542,-0.89046913,-0.285923,-0.35399526,0
1.5805764,0.23491898,1.5099275,0.89046913,0.285923,0.35399526,0
2.519979,0.088344812,-1.0029366,0.44779637,-0.68889439,-0.57000238,0
0.054460526,-1.3698125,1.4314532,-0.080888391,-0.66608733,0.74147457,0
-0.30478144,-2.462208,0.22541881,0.44779637,-0.68889439,-0.57000238,0
1.4120415,1.9490011,0.24894404,0.89046913,0.285923,0.35399526,0
1.4862617,-0.97351062,2.0210803,-0.080888391,-0.66608733,0.74147457,0
-0.089518934,0.34041691,1.8464189,-0.44779637,0.68889439,0.57000238,0
1.390336,2.6399117,0.33608747,0.89046913,0.285923,0.35399526,0
-1.7750678,-2.4520438,0.25024939,-0.89046913,-0.285923,-0.35399526,0
1.5682648,1.9414022,0.26779032,0.89046913,0.285923,0.35399526,0
-2.2992682,-0.65573025,0.60068595,-0.89046913,-0.285923,-0.35399526,0
-1.5499973,0.93695629,0.28583789,-0.44779637,0.68889439,0.57000238,0
-1.0853457,1.5766736,-0.11433257,-0.44779637,0.68889439,0.57000238,0
-1.3238977,-2.0693929,-0.30721521,-0.89046913,-0.285923,-0.35399526,0
-2.3143461,0.73603714,-0.2474221,-0.89046913,-0.285923,-0.35399526,0
1.6291167,-0.18043789,2.0239,0.89046913,0.285923,0.35399526,0
-0.37619257,-2.3167298,0.0081911087,0.44779637,-0.68889439,-0.57000238,0
2.1495039,0.27119994,-1.0107605,0.44779637,-0.68889439,-0.57000238,0
-1.73413,-0.060376883,1.5298891,-0.44779637,0.68889439,0.57000238,0
-0.96165884,-1.795136,-1.0630574,0.44779637,-0.68889439,-0.57000238,0
0.54230535,-1.278307,-1.0070105,0.44779637,-0.68889439,-0.57000238,0
1.8011246,-0.44028619,1.8953302,0.89046913,0.285923,0.35399526,0
-1.5269318,1.0710924,-2.1663239,0.080888391,0.66608733,-0.74147457,0
-2.6267595,-0.33968759,0.97590256,-0.89046913,-0.285923,-0.35399526,0
2.2972822,-0.13919425,-0.35688984,0.89046913,0.285923,0.35399526,0
1.2616401,1.3471458,-1.4224222,0.080888391,0.66608733,-0.74147457,0
-0.22108912,-0.30207074,2.4388304,-0.080888391,-0.66608733,0.74147457,0
-2.2461772,-0.062196016,-0.080914736,-0.89046913,-0.285923,-0.35399526,0
-2.427083,-1.2050663,1.2695909,-0.89046913,-0.285923,-0.35399526,0
1.6699327,0.70223844,-1.6403568,0.080888391,0.66608733,-0.74147457,0
-2.1218224,0.94424558,-0.52062005,-0.89046913,-0.285923,-0.35399526,0
-1.2477069,0.75505972,-2.3025556,0.080888391,0.66608733,-0.74147457,0
-0.95811236,-1.6716899,-1.1141384,0.44779637,-0.68889439,-0.57000238,0
0.68423128,-2.0444043,0.29002279,0.44779637,-0.68889439,-0.57000238,0
-2.41522,-0.25742126,0.51854181,-0.89046913,-0.285923,-0.35399526,0
-0.27644143,0.49389303,1.7190427,-0.44779637,0.68889439,0.57000238,0
1.0335603,2.2952807,-0.58804142,0.080888391,0.66608733,-0.74147457,0
0.54408896,-0.99755865,2.1062438,-0.080888391,-0.66608733,0.74147457,0
0.21268034,2.5266852,-0.39985836,-0.44779637,0.68889439,0.57000238,0
2.3880677,-1.0624521,0.49913436,0.44779637,-0.68889439,-0.57000238,0
0.18447185,-1.8383255,-0.0032470226,0.44779637,-0.68889439,-0.57000238,0
-1.0355794,-1.5744909,1.2088069,-0.080888391,-0.66608733,0.74147457,0
-2.0113733,0.044734001,0.88006026,-0.44779637,0.68889439,0.57000238,0
1.3478413,-0.17831349,-1.256964,0.44779637,-0.68889439,-0.57000238,0
1.2154982,1.1791872,1.8305018,0.89046913,0.285923,0.35399526,0
-1.9079646,-1.1317828,0.18307436,-0.89046913,-0.285923,-0.35399526,0
-2.4033654,-0.62575269,1.3025821,-0.89046913,-0.285923,-0.35399526,0
-0.40317941,2.1700406,-0.2834003,-0.44779637,0.68889439,0.57000238,0
0.3643446,0.96083683,-1.7450099,0.080888391,0.66608733,-0.74147457,0
-0.96478897,0.44791293,1.6706283,-0.44779637,0.68889439,0.57000238,0
-1.6477557,0.065910816,1.5911744,-0.44779637,0.68889439,0.57000238,0
-1.6842821,0.3222447,-1.2559451,-0.89046913,-0.285923,-0.35399526,0
-1.3087218,-2.128736,-0.69126761,-0.89046913,-0.285923,-0.35399526,0
-0.77495527,-2.4874623,-0.25000584,0.44779637,-0.68889439,-0.57000238,0
1.7494586,0.6437465,0.70749974,0.89046913,0.285923,0.35399526,0
1.5621891,1.2589097,0.5301013,0.89046913,0.285923,0.35399526,0
1.7061033,0.26113856,0.79257178,0.89046913,0.285923,0.35399526,0
1.2080035,-0.20058942,2.8238249,-0.080888391,-0.66608733,0.74147457,0
2.1912272,0.70081496,-1.4771084,0.44779637,-0.68889439,-0.57000238,0
2.3195603,0.9862144,-1.5472417,0.080888391,0.66608733,-0.74147457,0
0.86945665,0.27607167,2.9451072,-0.080888391,-0.66608733,0.74147457,0
-2.2633939,-0.34300673,0.39945316,-0.89046913,-0.285923,-0.35399526,0
0.6586957,-0.99768019,1.8010108,-0.080888391,-0.66608733,0.74147457,0
1.6215373,0.5134508,1.0995224,0.89046913,0.285923,0.35399526,0
-0.83460879,2.0593646,-0.56589836,-0.44779637,0.68889439,0.57000238,0
1.596717,-0.98120451,-0.4724184,0.44779637,-0.68889439,-0.57000238,0
1.7597339,0.057507634,0.85853195,0.89046913,0.285923,0.35399526,0
0.43486524,2.193217,-0.81109178,0.080888391,0.66608733,-0.74147457,0
1.1204015,-1.9601316,0.83921003,0.44779637,-0.68889439,-0.57000238,0
-1.6862968,-2.1358304,0.08499527,-0.89046913,-0.285923,-0.35399526,0
1.6527781,-1.3533921,1.438786,-0.080888391,-0.66608733,0.74147457,0
-0.25611973,0.70300376,-2.1067162,0.080888391,0.66608733,-0.74147457,0
1.8240227,2.0286133,-0.10649824,0.89046913,0.285923,0.35399526,0
1.6371682,-1.7458014,0.57040644,0.44779637,-0.68889439,-0.57000238,0
0.93318796,2.4449239,0.17954755,-0.44779637,0.68889439,0.57000238,0
-0.63683128,-0.67964208,-2.1644189,0.44779637,-0.68889439,-0.57000238,0
-1.3852093,-0.48847276,-1.9287043,-0.89046913,-0.285923,-0.35399526,0
0.10703254,1.5360949,-1.4179872,0.080888391,0.66608733,-0.74147457,0
0.26987767,2.0120316,0.45747781,-0.44779637,0.68889439,0.57000238,0
-0.04829669,-0.87055081,2.1655645,-0.080888391,-0.66608733,0.74147457,0
1.3198432,-1.0215175,-0.2140099,0.44779637,-0.68889439,-0.57000238,0
-0.44143319,-2.0426712,-0.55741584,0.44779637,-0.68889439,-0.57000238,0
1.3614037,0.97399956,0.95164692,0.89046913,0.285923,0.35399526,0
-1.7972723,1.0849442,-1.6730793,-0.89046913,-0.285923,-0.35399526,0
-2.2747915,-1.0685105,1.7242401,-0.080888391,-0.66608733,0.74147457,0
-1.8953592,-0.14813542,-0.53515983,-0.89046913,-0.285923,-0.35399526,0
-1.1147101,0.59805608,1.3305501,-0.44779637,0.68889439,0.57000238,0
-0.74875218,0.43318725,1.859611,-0.44779637,0.68889439,0.57000238,0
-1.7855095,0.69291639,-1.7967064,-0.89046913,-0.285923,-0.35399526,0
-0.39816558,-0.46747971,2.2594523,-0.080888391,-0.66608733,0.74147457,0
-2.3054979,0.0054432154,-0.13550436,-0.89046913,-0.285923,-0.35399526,0
2.1355627,-0.81654477,-0.10277706,0.44779637,-0.68889439,-0.57000238,0
-1.3574865,-1.6922615,-0.46627331,-0.89046913,-0.285923,-0.35399526,0
1.1945617,-0.34993368,2.3624296,-0.080888391,-0.66608733,0.74147457,0
1.6788324,1.7909868,-1.0606267,0.080888391,0.66608733,-0.74147457,0
1.6788702,0.61096764,0.47003603,0.89046913,0.285923,0.35399526,0
1.8385397,-0.30626386,1.0626572,0.89046913,0.285923,0.35399526,0
-2.5767026,0.33092427,0.47235155,-0.44779637,0.68889439,0.57000238,0
0.094344139,-2.4391329,0.73666942,-0.080888391,-0.66608733,0.74147457,0
-1.044647,0.19168389,-2.5629454,0.080888391,0.66608733,-0.74147457,0
-1.3663586,-2.1919463,0.10013199,-0.89046913,-0.285923,-0.35399526,0
-1.4740367,-0.61952305,-1.5779818,-0.89046913,-0.285923,-0.35399526,0
-1.2613499,-2.6468105,-0.75695205,0.44779637,-0.68889439,-0.57000238,0
-0.92604089,-2.9207454,-0.088380814,0.44779637,-0.68889439,-0.57000238,0
-1.525391,-1.7778826,0.85271454,-0.080888391,-0.66608733,0.74147457,0
-2.2977984,-0.34036779,1.4822344,-0.44779637,0.68889439,0.57000238,0
-0.32294345,-1.4770015,1.5935388,-0.080888391,-0.66608733,0.74147457,0
1.3021113,-1.2623467,1.6291332,-0.080888391,-0.66608733,0.74147457,0
1.5790246,-0.43013215,-0.65039301,0.44779637,-0.68889439,-0.57000238,0
-1.7721789,0.82570076,0.029288769,-0.44779637,0.68889439,0.57000238,0
-0.79267132,1.336859,-1.6680502,0.080888391,0.66608733,-0.74147457,0
2.2510424,0.72715855,-1.5930018,0.080888391,0.66608733,-0.74147457,0
-0.72145462,-0.93499303,-2.1483958,0.44779637,-0.68889439,-0.57000238,0
0.025889158,2.3146465,-0.77315307,0.080888391,0.66608733,-0.74147457,0
-2.3255162,-0.051146746,-0.30472541,-0.89046913,-0.285923,-0.35399526,0
-0.43771935,-2.0061302,0.93611026,-0.080888391,-0.66608733,0.74147457,0
1.0823615,1.540012,1.6509376,-0.44779637,0.68889439,0.57000238,0
-2.071461,0.62789488,-0.68831491,-0.89046913,-0.285923,-0.35399526,0
0.53753626,1.6160555,1.0041668,-0.44779637,0.68889439,0.57000238,0
1.2271088,1.6891034,1.3210462,0.89046913,0.285923,0.35399526,0
-1.228178,-0.10591984,1.778742,-0.44779637,0.68889439,0.57000238,0
1.185715,1.0859826,1.8144002,0.89046913,0.285923,0.35399526,0
2.1103883,0.57156396,-1.7002063,0.44779637,-0.68889439,-0.57000238,0
1.6525062,1.9685876,0.32342005,0.89046913,0.285923,0.35399526,0
-0.25776982,1.038891,-1.6761414,0.080888391,0.66608733,-0.74147457,0
1.0185349,-2.2816262,0.8333534,0.44779637,-0.68889439,-0.57000238,0
0.55667067,1.817039,0.55316401,-0.44779637,0.68889439,0.57000238,0
0.36582613,-0.90490365,-0.95001429,0.44779637,-0.68889439,-0.57000238,0
-0.046562552,-1.1114333,-1.3829343,0.44779637,-0.68889439,-0.57000238,0
-0.20287295,-0.91924489,-2.0062428,0.44779637,-0.68889439,-0.57000238,0
1.4666595,-0.40055835,2.407191,-0.080888391,-0.66608733,0.74147457,0
1.1469421,2.5042846,0.55257678,-0.44779637,0.68889439,0.57000238,0
1.7192632,1.613503,-0.060401678,0.89046913,0.285923,0.35399526,0
0.72788572,-0.49761796,2.3561399,-0.080888391,-0.66608733,0.74147457,0
0.31187117,-0.82855844,2.0206349,-0.080888391,-0.66608733,0.74147457,0
-1.2371454,-2.4360876,-0.098392963,-0.89046913,-0.285923,-0.35399526,0
-2.2439795,0.084810495,1.0508931,-0.44779637,0.68889439,0.57000238,0
1.1466593,-1.6853869,1.2502314,-0.080888391,-0.66608733,0.74147457,0
1.8340514,-0.63171029,-0.75122094,0.44779637,-0.68889439,-0.57000238,0
1.2105385,1.9715317,0.76483178,0.89046913,0.285923,0.35399526,0
1.4562141,1.4187959,0.75669622,0.89046913,0.285923,0.35399526,0
1.3643037,2.2234857,0.17587495,0.89046913,0.285923,0.35399526,0
1.3274131,1.6409053,0.73551226,0.89046913,0.285923,0.35399526,0
-0.015227258,1.1356038,1.458781,-0.44779637,0.68889439,0.57000238,0
2.4094007,0.39776874,-0.45990336,0.89046913,0.285923,0.35399526,0
-2.3420844,0.30075026,-0.4662739,-0.89046913,-0.285923,-0.35399526,0
-1.4700326,1.9704075,-0.81520289,-0.44779637,0.68889439,0.57000238,0
2.1064417,0.042135239,-1.2812426,0.44779637,-0.68889439,-0.57000238,0
-1.845661,1.792367,-1.4883835,0.080888391,0.66608733,-0.74147457,0
0.58862245,1.2932682,-1.364109,0.080888391,0.66608733,-0.74147457,0
-1.9462031,1.5737284,-0.63331693,-0.44779637,0.68889439,0.57000238,0
1.5554711,-1.6398528,1.6094677,-0.080888391,-0.66608733,0.74147457,0
1.7869977,0.45405394,0.6472919,0.89046913,0.285923,0.35399526,0
1.6789894,1.6905832,-0.063791513,0.89046913,0.285923,0.35399526,0
1.1651955,2.6361866,-0.016109467,0.080888391,0.66608733,-0.74147457,0
1.7793621,1.6497674,-0.022072077,0.89046913,0.285923,0.35399526,0
-0.10945988,1.5722753,-1.3888805,0.080888391,0.66608733,-0.74147457,0
0.19874382,1.0109656,-1.9773934,0.080888391,0.66608733,-0.74147457,0
1.4453772,-0.15096954,2.191412,0.89046913,0.285923,0.35399526,0
-0.19519091,2.209713,-0.48369479,-0.44779637,0.68889439,0.57000238,0
-0.29348493,-1.3529727,1.6232508,-0.080888391,-0.66608733,0.74147457,0
1.5042781,-0.67669201,-0.79231817,0.44779637,-0.68889439,-0.57000238,0
0.7801795,2.0444927,-0.89288616,0.080888391,0.66608733,-0.74147457,0
-1.7712691,-2.0571425,0.366817,-0.89046913,-0.285923,-0.35399526,0
-1.7506067,0.46208909,-1.7363052,-0.89046913,-0.285923,-0.35399526,0
1.7220333,-1.6213365,0.58041781,0.44779637,-0.68889439,-0.57000238,0
-1.7288371,-0.98340213,1.6986167,-0.080888391,-0.66608733,0.74147457,0
-0.55178177,0.66091168,-2.2538681,0.080888391,0.66608733,-0.74147457,0
0.29143143,1.4603992,-1.2658765,0.080888391,0.66608733,-0.74147457,0
1.8546553,0.6262486,0.86428154,0.89046913,0.285923,0.35399526,0
1.8573606,-0.051861048,0.80033302,0.89046913,0.285923,0.35399526,0
-1.8426381,0.083797991,-1.2637662,-0.89046913,-0.285923,-0.35399526,0
-1.6455412,-2.0544076,0.80950189,-0.080888391,-0.66608733,0.74147457,0
0.95367241,-2.1826482,1.0938945,-0.080888391,-0.66608733,0.74147457,0
-0.43230891,-1.811517,1.2049096,-0.080888391,-0.66608733,0.74147457,0
0.34574056,-0.38252711,-2.1866839,0.44779637,-0.68889439,-0.57000238,0
1.2754416,-0.39602414,2.2320874,-0.080888391,-0.66608733,0.74147457,0
-0.011413932,-1.5029767,-0.73386574,0.44779637,-0.68889439,-0.57000238,0
-0.58235526,-2.1431375,-0.66847479,0.44779637,-0.68889439,-0.57000238,0
-0.84257102,1.8884962,-0.61676538,-0.44779637,0.68889439,0.57000238,0
1.7259974,-1.1362444,-0.22086716,0.44779637,-0.68889439,-0.57000238,0
-0.89593774,-1.7366219,-1.3354028,0.44779637,-0.68889439,-0.57000238,0
0.40322042,2.6729653,-0.37955809,0.080888391,0.66608733,-0.74147457,0
-1.0551552,-0.34868777,-2.5250552,-0.89046913,-0.285923,-0.35399526,0
-1.2736851,-0.95967865,-1.4491973,-0.89046913,-0.285923,-0.35399526,0
-0.25377226,-2.4869289,0.20949006,-0.080888391,-0.66608733,0.74147457,0
1.947628,-1.2212889,0.20127994,0.44779637,-0.68889439,-0.57000238,0
-1.9058568,-1.2891699,-0.36010778,-0.89046913,-0.285923,-0.35399526,0
-1.4618844,1.1385694,-1.6312232,0.080888391,0.66608733,-0.74147457,0
2.2710357,0.48798597,-0.27711463,0.89046913,0.285923,0.35399526,0
0.084311485,-0.87125158,1.8213617,-0.080888391,-0.66608733,0.74147457,0
0.87845945,2.4433732,-0.4412905,0.080888391,0.66608733,-0.74147457,0
-0.21853095,-0.35317183,-2.6392722,0.44779637,-0.68889439,-0.57000238,0
-0.56806338,0.14258671,1.8720431,-0.44779637,0.68889439,0.57000238,0
0.96524823,2.1009128,0.8158505,-0.44779637,0.68889439,0.57000238,0
-1.1471473,0.70699847,0.62210292,-0.44779637,0.68889439,0.57000238,0
1.7293773,1.9620696,-0.92237997,0.080888391,0.66608733,-0.74147457,0
0.94911575,0.39532506,2.3816338,0.89046913,0.285923,0.35399526,0
2.1180551,-0.78353918,0.98743683,0.89046913,0.285923,0.35399526,0
0.90017509,2.0094271,-1.0054264,0.080888391,0.66608733,-0.74147457,0
0.55879623,0.82079589,2.4259276,-0.44779637,0.68889439,0.57000238,0
-1.9498463,1.078125,-0.22243047,-0.44779637,0.68889439,0.57000238,0
0.46624064,2.1141317,0.62285769,-0.44779637,0.68889439,0.57000238,0
1.8826575,-0.049660206,-0.76120239,0.44779637,-0.68889439,-0.57000238,0
1.3050365,-0.1135335,-1.3650811,0.44779637,-0.68889439,-0.57000238,0
0.58787107,-1.0020638,1.9447286,-0.080888391,-0.66608733,0.74147457,0
-1.1371889,-2.6413913,0.2327888,-0.080888391,-0.66608733,0.74147457,0
-1.3348209,-0.83011752,-2.0609431,-0.89046913,-0.285923,-0.35399526,0
1.5346978,-0.42597955,2.1361842,0.89046913,0.285923,0.35399526,0
-0.069304392,0.64140534,1.9836862,-0.44779637,0.68889439,0.57000238,0
-0.54317927,2.1388869,-0.50382864,-0.44779637,0.68889439,0.57000238,0
-0.1387378,-0.27324581,-2.4992387,0.44779637,-0.68889439,-0.57000238,0
-0.18667507,1.9254673,0.037217736,-0.44779637,0.68889439,0.57000238,0
-0.43582064,-0.84263492,-2.083756,0.44779637,-0.68889439,-0.57000238,0
-2.2465732,0.7300818,-0.11865842,-0.44779637,0.68889439,0.57000238,0
-0.1532712,0.29137409,-2.4052892,0.080888391,0.66608733,-0.74147457,0
1.2448856,2.1196649,1.0248749,0.89046913,0.285923,0.35399526,0
-1.1191622,-0.80340886,-2.0831664,-0.89046913,-0.285923,-0.35399526,0
1.3005078,-1.3893502,1.5972986,-0.080888391,-0.66608733,0.74147457,0
1.739144,1.2318074,-1.2116179,0.080888391,0.66608733,-0.74147457,0
-0.5456984,-2.0082817,0.82144463,-0.080888391,-0.66608733,0.74147457,0
-1.820842,0.34421164,-1.3872201,-0.89046913,-0.285923,-0.35399526,0
1.5420101,-1.6054769,0.23517542,0.44779637,-0.68889439,-0.57000238,0
-1.0843288,-0.90305698,-2.3059525,-0.89046913,-0.285923,-0.35399526,0
-1.2114371,0.71516442,-1.940514,0.080888391,0.66608733,-0.74147457,0
-0.094035149,-1.3397247,1.6559482,-0.080888391,-0.66608733,0.74147457,0
1.0602362,1.670653,1.5152088,0.89046913,0.285923,0.35399526,0
-1.643917,-1.2550395,1.4324185,-0.080888391,-0.66608733,0.74147457,0
-0.89263499,1.6323773,-1.186854,0.080888391,0.66608733,-0.74147457,0
-0.39165443,0.18851972,1.8803313,-0.44779637,0.68889439,0.57000238,0
-0.38158786,1.8312294,0.4012205,-0.44779637,0.68889439,0.57000238,0
-2.3264117,1.641587,-1.5398901,-0.89046913,-0.285923,-0.35399526,0
-1.6371535,0.42546153,-1.4836571,-0.89046913,-0.285923,-0.35399526,0
1.2066138,1.5731411,1.670908,0.89046913,0.285923,0.35399526,0
1.2118357,-0.72595155,-0.94229192,0.44779637,-0.68889439,-0.57000238,0
1.4590116,-1.2567786,0.24988253,0.44779637,-0.68889439,-0.57000238,0
0.9606092,-1.1338201,1.767755,-0.080888391,-0.66608733,0.74147457,0
-0.79512262,-1.844691,0.69082701,-0.080888391,-0.66608733,0.74147457,0
0.81280208,-1.5565194,0.11869922,0.44779637,-0.68889439,-0.57000238,0
-0.03798604,0.63391685,-2.2301412,0.080888391,0.66608733,-0.74147457,0
