1.7877425,-1.1563659,2.4449699,0.25392637,-0.28571144,0.92406189,0
-1.3014507,-0.37219858,3.3420739,0.25392637,-0.28571144,0.92406189,0
0.41654658,-2.4819045,1.0795488,-0.61299157,-0.78654552,-0.07474649,0
-0.51957297,1.5654263,1.7761517,-0.74817264,0.54746199,0.37486342,0
-1.0366066,1.7939878,0.88855278,-0.74817264,0.54746199,0.37486342,0
0.93388057,-0.88336635,2.7107065,0.25392637,-0.28571144,0.92406189,0
2.0318637,0.10950017,-0.91555268,0.74817264,-0.54746199,-0.37486342,0
-2.4688692,0.27591753,0.51567829,-0.74817264,0.54746199,0.37486342,0
1.2972286,0.95434475,-0.89243138,0.61299157,0.78654552,0.07474649,0
-1.0379127,-0.79394996,-1.4975258,-0.61299157,-0.78654552,-0.07474649,0
0.86966252,-0.20553809,-3.5949221,0.74817264,-0.54746199,-0.37486342,0
1.6267493,-0.40348256,2.5090618,0.25392637,-0.28571144,0.92406189,0
1.241091,0.37034142,2.9358318,0.25392637,-0.28571144,0.92406189,0
0.15972036,-0.667629,2.8365214,0.25392637,-0.28571144,0.92406189,0
0.97349858,-1.4566548,2.6443574,0.25392637,-0.28571144,0.92406189,0
0.7234416,1.376253,-1.2366619,0.61299157,0.78654552,0.07474649,0
1.6734915,0.41265953,1.791466,0.61299157,0.78654552,0.07474649,0
-2.7071097,0.99501491,-2.2693233,-0.25392637,0.28571144,-0.92406189,0
2.7427549,-0.50467873,2.0668645,0.61299157,0.78654552,0.07474649,0
1.1084982,-1.8115299,2.3718214,0.25392637,-0.28571144,0.92406189,0
1.9031534,-2.0159547,1.6187251,0.74817264,-0.54746199,-0.37486342,0
-2.084774,0.12783742,-2.633816,-0.25392637,0.28571144,-0.92406189,0
-1.3179046,1.1571181,0.50171125,-0.74817264,0.54746199,0.37486342,0
0.67195725,-1.912549,-1.4020548,0.74817264,-0.54746199,-0.37486342,0
-2.2473447,-0.11404896,-0.50583541,-0.61299157,-0.78654552,-0.07474649,0
-3.0331426,0.65317965,-2.0132945,-0.25392637,0.28571144,-0.92406189,0
-1.6782758,-0.76688933,0.48021674,-0.61299157,-0.78654552,-0.07474649,0
0.50815725,-2.2994895,-1.0856483,0.74817264,-0.54746199,-0.37486342,0
0.22147465,-2.3059635,1.6335669,-0.61299157,-0.78654552,-0.07474649,0
-1.3757043,1.3656454,0.7015,-0.74817264,0.54746199,0.37486342,0
-0.89571357,-1.5401808,2.8023067,-0.61299157,-0.78654552,-0.07474649,0
0.72618079,0.33324373,-3.5186632,-0.25392637,0.28571144,-0.92406189,0
1.9050186,-0.16826999,2.4706874,0.25392637,-0.28571144,0.92406189,0
-0.82797909,1.3230554,-2.8241985,-0.25392637,0.28571144,-0.92406189,0
0.49563575,-2.041321,-1.7629355,0.74817264,-0.54746199,-0.37486342,0
1.3696665,0.50218093,2.8023231,0.61299157,0.78654552,0.07474649,0
-1.3016078,0.57271606,1.4337215,-0.74817264,0.54746199,0.37486342,0
-0.15069753,-0.50553882,3.0519235,0.25392637,-0.28571144,0.92406189,0
-1.9602772,-0.69563031,2.5616438,-0.74817264,0.54746199,0.37486342,0
0.41865078,-0.72380304,2.7275441,0.25392637,-0.28571144,0.92406189,0
0.27117181,1.3304044,1.5473845,0.61299157,0.78654552,0.07474649,0
-1.0997856,-0.063223362,3.114877,-0.74817264,0.54746199,0.37486342,0
0.74289572,1.2651393,2.973455,0.61299157,0.78654552,0.07474649,0
-0.67143995,-0.32605886,-3.09325,-0.25392637,0.28571144,-0.92406189,0
1.2589922,-0.10730922,3.0174825,0.25392637,-0.28571144,0.92406189,0
0.54827875,1.1740829,1.283546,0.61299157,0.78654552,0.07474649,0
0.87891054,-1.0610883,-2.1685405,0.74817264,-0.54746199,-0.37486342,0
1.3437681,0.64453852,1.7997695,0.61299157,0.78654552,0.07474649,0
-2.9808116,0.77762294,-1.2805513,-0.74817264,0.54746199,0.37486342,0
-2.2178051,-0.14113688,1.4251506,-0.74817264,0.54746199,0.37486342,0
-0.42781627,-1.6459035,2.9745424,0.25392637,-0.28571144,0.92406189,0
2.1895728,-1.3988788,2.144398,0.25392637,-0.28571144,0.92406189,0
0.97934818,-2.7500463,1.1723371,-0.61299157,-0.78654552,-0.07474649,0
0.40003082,-0.3376165,3.0871098,0.25392637,-0.28571144,0.92406189,0
1.4296457,-2.0034816,2.4023364,0.25392637,-0.28571144,0.92406189,0
0.19638823,-0.78831607,2.8492918,0.25392637,-0.28571144,0.92406189,0
-0.22425032,1.8593931,0.22716188,0.61299157,0.78654552,0.07474649,0
-1.2623708,-1.115836,3.1947217,0.25392637,-0.28571144,0.92406189,0
0.40520701,1.9752258,-2.6366978,0.61299157,0.78654552,0.07474649,0
2.3876719,-0.18321109,1.0839945,0.61299157,0.78654552,0.07474649,0
1.2192414,-0.72722322,-1.7737633,0.74817264,-0.54746199,-0.37486342,0
0.54610443,-0.79363203,-3.3627408,0.74817264,-0.54746199,-0.37486342,0
-1.2356635,-0.082526684,2.5613039,-0.74817264,0.54746199,0.37486342,0
0.87680531,-2.5503523,2.1006424,0.25392637,-0.28571144,0.92406189,0
-1.562318,-0.74765944,-0.61801034,-0.61299157,-0.78654552,-0.07474649,0
1.2650447,-1.874506,0.34559989,0.74817264,-0.54746199,-0.37486342,0
0.28263104,-0.066718549,-3.5300257,-0.25392637,0.28571144,-0.92406189,0
-1.5179936,0.39907044,-2.720716,-0.25392637,0.28571144,-0.92406189,0
2.4370697,-0.51815951,0.25167656,0.74817264,-0.54746199,-0.37486342,0
-1.6332922,-0.54156244,-1.0241065,-0.61299157,-0.78654552,-0.07474649,0
0.55896306,-2.6594505,0.85770673,-0.61299157,-0.78654552,-0.07474649,0
0.082700014,-1.6404448,-2.0086429,-0.61299157,-0.78654552,-0.07474649,0
1.3366685,1.2125466,-1.851862,0.61299157,0.78654552,0.07474649,0
1.3553402,0.78186941,2.8306382,0.61299157,0.78654552,0.07474649,0
0.49136662,-1.5412049,-2.2496903,0.74817264,-0.54746199,-0.37486342,0
2.8363118,-0.74818194,1.1293898,0.74817264,-0.54746199,-0.37486342,0
-1.4543376,-0.84940791,2.2914307,-0.61299157,-0.78654552,-0.07474649,0
-1.6650264,-0.71870732,-0.68104988,-0.61299157,-0.78654552,-0.07474649,0
0.3936739,1.6295886,-1.9193873,0.61299157,0.78654552,0.07474649,0
-0.71447921,2.5394692,-2.0594754,-0.25392637,0.28571144,-0.92406189,0
-0.15822339,2.0349197,-1.920064,0.61299157,0.78654552,0.07474649,0
1.1123037,1.1696943,-3.0175991,0.61299157,0.78654552,0.07474649,0
1.2674339,-2.7925317,2.1472373,0.25392637,-0.28571144,0.92406189,0
-2.0681527,0.054502726,-1.1935272,-0.61299157,-0.78654552,-0.07474649,0
-1.677542,-0.37660885,2.7161155,-0.74817264,0.54746199,0.37486342,0
0.90162832,1.216031,1.5326064,0.61299157,0.78654552,0.07474649,0
0.99462068,0.84269738,1.7078682,0.61299157,0.78654552,0.07474649,0
1.8953788,-2.2740257,1.8721241,0.25392637,-0.28571144,0.92406189,0
1.7325776,-2.7580929,1.8155181,0.74817264,-0.54746199,-0.37486342,0
-2.0744903,0.66744196,-2.398803,-0.25392637,0.28571144,-0.92406189,0
-1.3227873,2.3976483,-0.33829689,-0.74817264,0.54746199,0.37486342,0
-2.5781231,0.16704726,-2.3035378,-0.61299157,-0.78654552,-0.07474649,0
1.6100368,-2.4653163,2.0402102,0.25392637,-0.28571144,0.92406189,0
-0.081544399,-1.633972,-1.3629055,-0.61299157,-0.78654552,-0.07474649,0
-1.3925397,-0.86278427,-0.74671251,-0.61299157,-0.78654552,-0.07474649,0
-1.6483736,-1.0916529,2.8753991,-0.61299157,-0.78654552,-0.07474649,0
0.80835122,-1.277025,2.5813396,0.25392637,-0.28571144,0.92406189,0
0.87961459,-0.96450073,2.7806318,0.25392637,-0.28571144,0.92406189,0
2.0166068,-1.7189701,0.89981711,0.74817264,-0.54746199,-0.37486342,0
-0.073549986,-0.97791475,2.9538424,0.25392637,-0.28571144,0.92406189,0
2.0049114,0.090871811,-1.1105003,0.74817264,-0.54746199,-0.37486342,0
2.5231316,-0.6353507,0.29966682,0.74817264,-0.54746199,-0.37486342,0
-1.4824138,-0.019003987,-2.7307916,-0.25392637,0.28571144,-0.92406189,0
-1.1915706,2.052556,-2.2996926,-0.25392637,0.28571144,-0.92406189,0
-0.54498029,2.2688067,-1.478271,0.61299157,0.78654552,0.07474649,0
-0.28363538,2.0719249,-0.26716179,0.61299157,0.78654552,0.07474649,0
0.58616662,-2.556932,2.2530594,-0.61299157,-0.78654552,-0.07474649,0
2.4994493,0.074160337,-0.44547361,0.74817264,-0.54746199,-0.37486342,0
0.63461518,-1.1617124,-2.2636414,0.74817264,-0.54746199,-0.37486342,0
-2.9172916,0.58006716,-1.8607423,-0.61299157,-0.78654552,-0.07474649,0
1.6135123,0.41987884,1.3427664,0.61299157,0.78654552,0.07474649,0
0.76164031,-1.6388062,2.3772981,0.25392637,-0.28571144,0.92406189,0
0.77632713,1.283633,-1.9699882,0.61299157,0.78654552,0.07474649,0
-1.8054099,2.6815634,-1.9506733,-0.74817264,0.54746199,0.37486342,0
-2.028533,-0.027300119,-0.8501299,-0.61299157,-0.78654552,-0.07474649,0
-1.6603874,-0.28434682,-2.4301224,-0.61299157,-0.78654552,-0.07474649,0
-1.0966291,2.6153603,-2.0004985,-0.25392637,0.28571144,-0.92406189,0
-1.1734736,2.0926352,-2.4441497,-0.25392637,0.28571144,-0.92406189,0
1.678113,-0.051741123,-2.0187602,0.74817264,-0.54746199,-0.37486342,0
-1.6447303,-0.89514732,3.6323915,0.25392637,-0.28571144,0.92406189,0
-0.40396142,2.0663178,0.95580524,0.61299157,0.78654552,0.07474649,0
0.3357501,1.5003748,1.2160747,0.61299157,0.78654552,0.07474649,0
-1.0866834,0.47441542,2.5802388,-0.74817264,0.54746199,0.37486342,0
0.034010887,-1.2854129,-3.4671173,-0.25392637,0.28571144,-0.92406189,0
1.1014946,-2.4385338,2.3610852,0.25392637,-0.28571144,0.92406189,0
-2.118464,0.67277753,-2.4782982,-0.25392637,0.28571144,-0.92406189,0
-2.8800974,0.64665484,-0.85684782,-0.74817264,0.54746199,0.37486342,0
-2.5291526,0.11717916,-0.58472389,-0.61299157,-0.78654552,-0.07474649,0
0.8503139,-2.502779,2.1980247,0.25392637,-0.28571144,0.92406189,0
2.0788746,-0.70099306,-0.48582432,0.74817264,-0.54746199,-0.37486342,0
1.2989682,0.82739401,-0.65696299,0.61299157,0.78654552,0.07474649,0
0.9282279,-2.4722733,0.8483234,-0.61299157,-0.78654552,-0.07474649,0
0.052906275,-1.8810604,-2.3224649,-0.61299157,-0.78654552,-0.07474649,0
2.609694,-1.2242601,1.6337134,0.74817264,-0.54746199,-0.37486342,0
-1.6798487,1.8555347,-2.1006417,-0.25392637,0.28571144,-0.92406189,0
-0.50753975,-1.0003954,-3.1487408,-0.61299157,-0.78654552,-0.07474649,0
0.032395959,-1.8519537,1.780674,-0.61299157,-0.78654552,-0.07474649,0
-1.0610311,-0.52843678,-3.0414996,-0.25392637,0.28571144,-0.92406189,0
0.19067729,-2.1642239,2.5268874,0.25392637,-0.28571144,0.92406189,0
0.74838161,-1.35748,-1.3957283,0.74817264,-0.54746199,-0.37486342,0
2.0736465,-0.75276399,0.12940753,0.74817264,-0.54746199,-0.37486342,0
0.044511795,1.1438332,3.4447069,0.25392637,-0.28571144,0.92406189,0
1.0999693,1.2299564,0.017472759,0.61299157,0.78654552,0.07474649,0
-0.51370978,-1.8381262,1.8581502,-0.61299157,-0.78654552,-0.07474649,0
-0.030703008,0.40813237,-3.0214155,-0.25392637,0.28571144,-0.92406189,0
-1.318043,-1.0796659,3.3358138,0.25392637,-0.28571144,0.92406189,0
2.4637351,-0.37063313,0.13964501,0.74817264,-0.54746199,-0.37486342,0
-2.1173015,1.1441295,-0.90189743,-0.74817264,0.54746199,0.37486342,0
0.34703296,-1.7455451,2.6871927,0.25392637,-0.28571144,0.92406189,0
-1.1255924,-0.69201434,-3.3003225,-0.25392637,0.28571144,-0.92406189,0
0.22577548,-1.218923,-3.2738435,0.74817264,-0.54746199,-0.37486342,0
0.22759271,1.6062484,2.0001702,0.61299157,0.78654552,0.07474649,0
0.95384216,-2.611455,1.0113125,-0.61299157,-0.78654552,-0.07474649,0
0.59874558,1.2653987,3.1492517,0.61299157,0.78654552,0.07474649,0
1.0810187,1.3400956,-0.74417591,0.61299157,0.78654552,0.07474649,0
-1.6165378,-0.58344066,-2.4117396,-0.61299157,-0.78654552,-0.07474649,0
0.14879888,-0.13682236,3.2946262,0.25392637,-0.28571144,0.92406189,0
-0.49773997,-1.1436963,2.852654,0.25392637,-0.28571144,0.92406189,0
0.87512553,-2.2393517,2.1723866,0.25392637,-0.28571144,0.92406189,0
-1.2817382,0.70406246,1.2585051,-0.74817264,0.54746199,0.37486342,0
0.66979182,1.7315683,-1.5452629,0.61299157,0.78654552,0.07474649,0
0.53719306,-1.7922037,2.4258244,0.25392637,-0.28571144,0.92406189,0
1.9368966,-2.4974031,1.6711488,0.74817264,-0.54746199,-0.37486342,0
-0.34225059,-1.7953866,-0.42126814,-0.61299157,-0.78654552,-0.07474649,0
-1.835536,-0.27656436,-2.5270994,-0.61299157,-0.78654552,-0.07474649,0
-1.6051607,1.9619453,-2.1918936,-0.25392637,0.28571144,-0.92406189,0
0.81520772,-2.6864371,1.5519483,-0.61299157,-0.78654552,-0.07474649,0
-2.1721964,-0.091382742,-2.2927532,-0.61299157,-0.78654552,-0.07474649,0
0.32601547,-1.3145719,-2.8152187,0.74817264,-0.54746199,-0.37486342,0
2.0566187,0.17304802,-0.4718926,0.61299157,0.78654552,0.07474649,0
2.2386229,0.19890237,2.2690241,0.61299157,0.78654552,0.07474649,0
0.88972425,-0.98705792,-1.8411832,0.74817264,-0.54746199,-0.37486342,0
-0.085479379,0.0020207465,3.108176,0.25392637,-0.28571144,0.92406189,0
0.148929,-2.2094934,2.6372559,0.25392637,-0.28571144,0.92406189,0
-1.850121,-0.49041033,2.4392686,-0.74817264,0.54746199,0.37486342,0
1.7655628,-2.598587,2.1373243,0.74817264,-0.54746199,-0.37486342,0
0.9380815,-2.7601898,0.12152028,0.74817264,-0.54746199,-0.37486342,0
1.1968243,-2.0890489,-0.11429453,0.74817264,-0.54746199,-0.37486342,0
1.0097036,-2.2996926,-0.12408108,0.74817264,-0.54746199,-0.37486342,0
-0.95276165,2.3149335,0.50442398,-0.74817264,0.54746199,0.37486342,0
-1.0781446,-1.0705479,-2.4395399,-0.61299157,-0.78654552,-0.07474649,0
-2.0842655,-0.3501718,-1.1284214,-0.61299157,-0.78654552,-0.07474649,0
1.6101234,-2.4304881,1.6507816,0.74817264,-0.54746199,-0.37486342,0
-1.2674187,-0.39554727,-2.8419659,-0.25392637,0.28571144,-0.92406189,0
-1.5324924,-0.70697737,3.2990782,-0.74817264,0.54746199,0.37486342,0
0.13690495,-2.2025466,2.6946185,0.25392637,-0.28571144,0.92406189,0
-0.85068113,-1.4501063,0.73669803,-0.61299157,-0.78654552,-0.07474649,0
0.33049488,0.59846354,3.2055681,0.25392637,-0.28571144,0.92406189,0
1.7622609,-1.2095109,-0.2434071,0.74817264,-0.54746199,-0.37486342,0
-0.11139417,0.77168,3.3178875,0.25392637,-0.28571144,0.92406189,0
1.7695465,-0.29055333,-1.1362417,0.74817264,-0.54746199,-0.37486342,0
2.3204706,-1.6946397,1.5147877,0.74817264,-0.54746199,-0.37486342,0
0.36003867,-0.30999836,2.8442771,0.25392637,-0.28571144,0.92406189,0
1.1759841,-1.0644368,-1.1845443,0.74817264,-0.54746199,-0.37486342,0
0.98441446,0.37980652,-3.2834868,-0.25392637,0.28571144,-0.92406189,0
2.6502814,-0.7014935,2.2089889,0.25392637,-0.28571144,0.92406189,0
-0.818923,0.60512441,2.3743162,-0.74817264,0.54746199,0.37486342,0
1.614203,-0.8389855,-1.1619345,0.74817264,-0.54746199,-0.37486342,0
0.84378016,-0.2636292,-3.0605764,0.74817264,-0.54746199,-0.37486342,0
-0.51500034,0.60146695,3.2655334,-0.74817264,0.54746199,0.37486342,0
0.79865575,0.16240788,-3.5697026,-0.25392637,0.28571144,-0.92406189,0
2.077487,-1.8940864,1.9835883,0.25392637,-0.28571144,0.92406189,0
-1.8988136,-0.028545141,1.5562043,-0.74817264,0.54746199,0.37486342,0
1.5618778,0.84793711,0.45424259,0.61299157,0.78654552,0.07474649,0
2.3830278,-0.7800988,2.498723,0.25392637,-0.28571144,0.92406189,0
-1.0850185,0.024590373,3.1261847,-0.74817264,0.54746199,0.37486342,0
0.54997349,-2.4218602,1.2324864,-0.61299157,-0.78654552,-0.07474649,0
-0.28621972,-2.0985541,1.9349442,-0.61299157,-0.78654552,-0.07474649,0
-0.43237829,2.4275031,0.73292363,0.61299157,0.78654552,0.07474649,0
-2.6936996,1.2963364,-2.2329297,-0.25392637,0.28571144,-0.92406189,0
-0.14392781,1.6961527,2.5940983,-0.74817264,0.54746199,0.37486342,0
2.5031662,-0.065087795,0.99905348,0.61299157,0.78654552,0.07474649,0
-0.53768575,-0.89605474,3.1851325,0.25392637,-0.28571144,0.92406189,0
-0.16342747,-0.22565441,-3.2230253,-0.25392637,0.28571144,-0.92406189,0
-1.6641526,0.9538005,1.0875012,-0.74817264,0.54746199,0.37486342,0
-0.56200886,0.35016605,3.7019994,0.25392637,-0.28571144,0.92406189,0
0.27457643,-1.278947,-3.1292596,0.74817264,-0.54746199,-0.37486342,0
1.6832283,0.88745093,-1.8292379,0.61299157,0.78654552,0.07474649,0
-0.31376219,1.0588946,-2.8803329,-0.25392637,0.28571144,-0.92406189,0
0.41763043,-2.3022444,2.1713686,-0.61299157,-0.78654552,-0.07474649,0
1.6146274,-0.57612216,2.7342196,0.25392637,-0.28571144,0.92406189,0
-1.814081,1.6245098,-2.2371817,-0.25392637,0.28571144,-0.92406189,0
-1.5217664,0.14218903,1.8402144,-0.74817264,0.54746199,0.37486342,0
-2.2720399,0.78411961,0.094860971,-0.74817264,0.54746199,0.37486342,0
2.3211942,-1.2185727,0.83796906,0.74817264,-0.54746199,-0.37486342,0
1.8430438,0.049489021,-1.3304076,0.74817264,-0.54746199,-0.37486342,0
2.000073,-1.9550401,2.1706507,0.25392637,-0.28571144,0.92406189,0
-1.6656257,-0.74042869,-0.81856906,-0.61299157,-0.78654552,-0.07474649,0
1.8412849,0.14511478,2.7081878,0.25392637,-0.28571144,0.92406189,0
-1.1694641,-1.3274037,1.359787,-0.61299157,-0.78654552,-0.07474649,0
1.6143064,0.50829768,2.1802957,0.61299157,0.78654552,0.07474649,0
0.81558108,-2.3270175,-0.33250552,0.74817264,-0.54746199,-0.37486342,0
0.53685772,1.3354007,3.0101047,0.61299157,0.78654552,0.07474649,0
-0.47581708,1.7895944,-2.5443828,-0.25392637,0.28571144,-0.92406189,0
1.4414413,-0.024749398,2.6533475,0.25392637,-0.28571144,0.92406189,0
1.7443558,0.50839281,0.23879144,0.61299157,0.78654552,0.07474649,0
1.4400172,0.33538806,2.2775066,0.61299157,0.78654552,0.07474649,0
2.755259,-0.92150235,1.7834915,0.74817264,-0.54746199,-0.37486342,0
0.51941675,-1.4777381,2.4443717,0.25392637,-0.28571144,0.92406189,0
-1.1427569,1.560964,0.77211726,-0.74817264,0.54746199,0.37486342,0
-2.1718674,0.089794159,-1.879966,-0.61299157,-0.78654552,-0.07474649,0
0.44798082,1.2371314,-3.1707406,-0.25392637,0.28571144,-0.92406189,0
0.056031346,2.0066814,-1.2509542,0.61299157,0.78654552,0.07474649,0
1.7305405,0.51825237,-2.1379366,0.74817264,-0.54746199,-0.37486342,0
-0.20586121,-0.68888706,-3.1995001,-0.25392637,0.28571144,-0.92406189,0
-0.31918466,-0.28746933,-3.4625542,-0.25392637,0.28571144,-0.92406189,0
1.0266557,1.3523617,-1.6972039,0.61299157,0.78654552,0.07474649,0
0.57230425,-1.7053823,2.4464834,0.25392637,-0.28571144,0.92406189,0
-2.1531804,1.2480429,-0.7988717,-0.74817264,0.54746199,0.37486342,0
-2.014775,1.5095339,-0.67026639,-0.74817264,0.54746199,0.37486342,0
0.34682867,1.5203475,-2.9210415,-0.25392637,0.28571144,-0.92406189,0
-1.5504676,-0.61577725,1.699792,-0.61299157,-0.78654552,-0.07474649,0
1.8743174,-0.615448,-0.64979035,0.74817264,-0.54746199,-0.37486342,0
-0.35756063,2.1430304,0.67739785,0.61299157,0.78654552,0.07474649,0
0.9454872,-1.5157298,2.6302149,0.25392637,-0.28571144,0.92406189,0
-2.0653629,0.012727976,-1.6073496,-0.61299157,-0.78654552,-0.07474649,0
-0.74469578,-1.3850814,1.7000759,-0.61299157,-0.78654552,-0.07474649,0
1.5094926,0.73091054,-2.9110067,0.74817264,-0.54746199,-0.37486342,0
-0.87051296,1.0020998,1.9800422,-0.74817264,0.54746199,0.37486342,0
1.6403925,-1.4484787,-0.31691468,0.74817264,-0.54746199,-0.37486342,0
-0.47438717,2.3644338,0.45219737,-0.74817264,0.54746199,0.37486342,0
-2.5742354,0.806813,-0.71100998,-0.74817264,0.54746199,0.37486342,0
1.1510267,-1.7515907,-0.36102074,0.74817264,-0.54746199,-0.37486342,0
-0.83431536,0.43120307,-2.673774,-0.25392637,0.28571144,-0.92406189,0
1.3315333,0.90424943,-0.19882146,0.61299157,0.78654552,0.07474649,0
-1.6734021,1.8111689,-0.12363559,-0.74817264,0.54746199,0.37486342,0
1.1826342,-0.72882462,2.7703876,0.25392637,-0.28571144,0.92406189,0
-1.306991,1.7985891,-2.5288715,-0.25392637,0.28571144,-0.92406189,0
1.0359039,-1.67215,-0.54590154,0.74817264,-0.54746199,-0.37486342,0
1.5952438,-2.0404525,2.04234,0.25392637,-0.28571144,0.92406189,0
-1.207822,-1.0763365,0.65588421,-0.61299157,-0.78654552,-0.07474649,0
-0.19496632,-1.4341795,-1.0247624,-0.61299157,-0.78654552,-0.07474649,0
-1.8764434,1.7251942,-0.47849262,-0.74817264,0.54746199,0.37486342,0
-2.0871506,1.2737702,-0.67794859,-0.74817264,0.54746199,0.37486342,0
0.78982633,0.78151155,-3.3211601,-0.25392637,0.28571144,-0.92406189,0
-2.8100076,0.81790245,-2.2355273,-0.25392637,0.28571144,-0.92406189,0
0.086310744,-1.8476197,0.64224285,-0.61299157,-0.78654552,-0.07474649,0
-0.10791743,2.0686638,-1.312413,0.61299157,0.78654552,0.07474649,0
1.1800849,-0.028844595,2.9723482,0.25392637,-0.28571144,0.92406189,0
-0.27103615,1.842775,2.2500577,0.61299157,0.78654552,0.07474649,0
0.80166698,-0.3163532,-2.8259997,0.74817264,-0.54746199,-0.37486342,0
-0.36167228,-1.1392488,-2.4820652,-0.61299157,-0.78654552,-0.07474649,0
0.10133731,-2.3434095,2.5218303,0.25392637,-0.28571144,0.92406189,0
0.90124452,1.0134251,-3.3134172,-0.25392637,0.28571144,-0.92406189,0
0.98054022,0.56248212,-3.2116501,-0.25392637,0.28571144,-0.92406189,0
0.17351532,-1.7584784,-2.421453,0.74817264,-0.54746199,-0.37486342,0
1.6759136,-0.057883739,-1.8240212,0.74817264,-0.54746199,-0.37486342,0
0.52514791,-2.1335933,0.29395169,-0.61299157,-0.78654552,-0.07474649,0
1.4524367,-1.9399645,0.434659,0.74817264,-0.54746199,-0.37486342,0
0.64243734,0.21542674,-3.4366317,-0.25392637,0.28571144,-0.92406189,0
0.43641782,0.44799244,3.0965133,0.25392637,-0.28571144,0.92406189,0
0.44254553,1.7542984,-0.45409912,0.61299157,0.78654552,0.07474649,0
0.70733833,-2.7555733,0.80994874,-0.61299157,-0.78654552,-0.07474649,0
1.6614194,-0.8416205,-0.61660987,0.74817264,-0.54746199,-0.37486342,0
0.064053535,2.0132313,-1.7478919,0.61299157,0.78654552,0.07474649,0
2.0929503,-0.47369885,2.4817078,0.25392637,-0.28571144,0.92406189,0
-0.83463609,-0.98428273,-3.2370982,-0.61299157,-0.78654552,-0.07474649,0
0.24246722,0.76847827,-3.1815073,-0.25392637,0.28571144,-0.92406189,0
1.861155,-1.1500911,-0.21926022,0.74817264,-0.54746199,-0.37486342,0
1.493172,0.99974704,-2.6973588,0.61299157,0.78654552,0.07474649,0
2.7088451,-0.92027402,0.9919228,0.74817264,-0.54746199,-0.37486342,0
-0.52896202,-1.4127685,-1.7431341,-0.61299157,-0.78654552,-0.07474649,0
-2.533036,1.1431824,-1.8234477,-0.74817264,0.54746199,0.37486342,0
1.9884472,-0.17466557,2.5204825,0.25392637,-0.28571144,0.92406189,0
0.058845878,0.39993906,3.491235,0.25392637,-0.28571144,0.92406189,0
0.65778112,1.6557881,-3.0485809,-0.25392637,0.28571144,-0.92406189,0
-0.18725657,0.15324439,3.1702268,0.25392637,-0.28571144,0.92406189,0
1.2347393,-2.3704984,2.1501048,0.25392637,-0.28571144,0.92406189,0
-0.18533447,-1.0793079,2.8659966,0.25392637,-0.28571144,0.92406189,0
1.892002,0.66757274,-2.6402211,0.61299157,0.78654552,0.07474649,0
-1.3935425,0.1846664,1.9389604,-0.74817264,0.54746199,0.37486342,0
0.99992347,0.59606969,3.1198063,0.25392637,-0.28571144,0.92406189,0
-0.3907845,2.2057574,1.5905769,-0.74817264,0.54746199,0.37486342,0
-0.6033839,0.067557335,3.2486198,0.25392637,-0.28571144,0.92406189,0
-2.3526959,1.4137604,-1.5948654,-0.74817264,0.54746199,0.37486342,0
1.5386257,0.90410972,-1.3894163,0.61299157,0.78654552,0.07474649,0
1.1046016,-1.7783768,-0.30237639,0.74817264,-0.54746199,-0.37486342,0
-0.5729481,0.81939489,-2.7655697,-0.25392637,0.28571144,-0.92406189,0
-0.29199839,-1.550611,-0.21197349,-0.61299157,-0.78654552,-0.07474649,0
0.025501966,-2.1627152,2.7849054,0.25392637,-0.28571144,0.92406189,0
0.92498016,-0.92598653,-2.5114012,0.74817264,-0.54746199,-0.37486342,0
-2.658596,0.31776595,-0.26317674,-0.74817264,0.54746199,0.37486342,0
-2.1877778,-0.13562202,-0.83553076,-0.61299157,-0.78654552,-0.07474649,0
2.5823674,-0.57251811,1.0697639,0.74817264,-0.54746199,-0.37486342,0
-1.1117979,0.99352103,1.2134447,-0.74817264,0.54746199,0.37486342,0
0.77789712,-0.5525347,-3.2285373,0.74817264,-0.54746199,-0.37486342,0
-0.93777907,1.9179339,-2.2161226,-0.25392637,0.28571144,-0.92406189,0
-0.7853446,-1.2813883,1.0649259,-0.61299157,-0.78654552,-0.07474649,0
0.35468292,1.6665834,-0.40793288,0.61299157,0.78654552,0.07474649,0
1.289075,0.44244921,3.1099792,0.25392637,-0.28571144,0.92406189,0
-1.0294703,2.2701061,-2.0808811,-0.25392637,0.28571144,-0.92406189,0
-0.56395233,-0.31249923,3.1368246,0.25392637,-0.28571144,0.92406189,0
-2.6658125,1.5813787,-1.8173842,-0.25392637,0.28571144,-0.92406189,0
0.43369496,-0.3998338,-3.6615987,-0.25392637,0.28571144,-0.92406189,0
0.22700453,-2.1780818,0.7666679,-0.61299157,-0.78654552,-0.07474649,0
-0.35445309,-1.181998,-2.1519234,-0.61299157,-0.78654552,-0.07474649,0
-0.36233628,-1.3308287,-2.7881939,-0.61299157,-0.78654552,-0.07474649,0
0.7633152,0.36023933,3.1155174,0.25392637,-0.28571144,0.92406189,0
-0.15350246,2.0586879,0.076479673,0.61299157,0.78654552,0.07474649,0
-1.6744593,-0.64459205,-0.99660754,-0.61299157,-0.78654552,-0.07474649,0
-0.51090395,2.1692972,-2.61325,-0.25392637,0.28571144,-0.92406189,0
-2.243077,0.93116176,-1.0251718,-0.74817264,0.54746199,0.37486342,0
1.7348572,-0.41364515,-1.4692758,0.74817264,-0.54746199,-0.37486342,0
2.2707005,0.059825897,1.587105,0.61299157,0.78654552,0.07474649,0
1.35109,0.65127206,2.2528327,0.61299157,0.78654552,0.07474649,0
-1.3936701,2.2101068,-2.3944013,-0.25392637,0.28571144,-0.92406189,0
0.80993843,-1.7290983,2.3582945,0.25392637,-0.28571144,0.92406189,0
1.305137,-1.0162917,-1.1060122,0.74817264,-0.54746199,-0.37486342,0
-1.5940346,0.92315769,0.78229952,-0.74817264,0.54746199,0.37486342,0
-0.23321891,0.31188273,3.5669882,0.25392637,-0.28571144,0.92406189,0
1.5303817,-1.7652687,0.32231808,0.74817264,-0.54746199,-0.37486342,0
1.5667024,-1.1643202,-0.74160784,0.74817264,-0.54746199,-0.37486342,0
0.53214628,1.7806088,-1.0668998,0.61299157,0.78654552,0.07474649,0
-1.7566283,0.38447225,1.415045,-0.74817264,0.54746199,0.37486342,0
-2.8799911,0.34199524,-0.62400746,-0.61299157,-0.78654552,-0.07474649,0
-1.5204964,2.0473092,-2.2297544,-0.25392637,0.28571144,-0.92406189,0
-2.6923242,0.71385729,-2.4296291,-0.25392637,0.28571144,-0.92406189,0
1.5260518,-1.9140525,0.21897346,0.74817264,-0.54746199,-0.37486342,0
1.0398166,-1.6919034,-0.29164714,0.74817264,-0.54746199,-0.37486342,0
-0.96586066,-0.76825655,3.2283499,0.25392637,-0.28571144,0.92406189,0
-1.3623196,-0.93354487,-1.4588051,-0.61299157,-0.78654552,-0.07474649,0
1.2690928,-1.351532,-0.35197622,0.74817264,-0.54746199,-0.37486342,0
-2.0868874,0.95175433,0.083323658,-0.74817264,0.54746199,0.37486342,0
0.57226706,-2.2465515,0.7253238,-0.61299157,-0.78654552,-0.07474649,0
0.2740438,2.0663142,-2.5657372,-0.25392637,0.28571144,-0.92406189,0
-0.62423742,-1.3922601,-1.9788699,-0.61299157,-0.78654552,-0.07474649,0
-2.2405641,0.78746998,-2.3983016,-0.25392637,0.28571144,-0.92406189,0
0.37273097,0.81466568,3.5951121,0.25392637,-0.28571144,0.92406189,0
-0.6252563,-1.1143235,-2.5376325,-0.61299157,-0.78654552,-0.07474649,0
2.3415515,-0.97994697,0.95487523,0.74817264,-0.54746199,-0.37486342,0
1.013075,1.1428794,-3.0083051,-0.25392637,0.28571144,-0.92406189,0
-1.1974088,0.73009539,-2.7280107,-0.25392637,0.28571144,-0.92406189,0
1.6621752,-0.50629944,2.8131368,0.25392637,-0.28571144,0.92406189,0
-2.4036205,0.20252967,-1.5858274,-0.61299157,-0.78654552,-0.07474649,0
-1.2603933,-0.69895029,3.5394804,0.25392637,-0.28571144,0.92406189,0
-1.4622512,2.6911616,-1.7121948,-0.74817264,0.54746199,0.37486342,0
-2.5263216,1.4113324,-1.3793905,-0.74817264,0.54746199,0.37486342,0
-1.3881904,0.66062623,1.6578505,-0.74817264,0.54746199,0.37486342,0
2.0933254,-2.1845689,2.1862099,0.25392637,-0.28571144,0.92406189,0
2.8159981,-0.44989038,1.8274893,0.61299157,0.78654552,0.07474649,0
0.48299503,1.62778,1.428352,0.61299157,0.78654552,0.07474649,0
0.74043828,1.2203708,-3.057436,-0.25392637,0.28571144,-0.92406189,0
-1.2777961,-0.8850714,-2.5871398,-0.61299157,-0.78654552,-0.07474649,0
0.38596463,-1.6509407,2.5105541,0.25392637,-0.28571144,0.92406189,0
2.3213229,-0.92752886,2.4250824,0.25392637,-0.28571144,0.92406189,0
-0.67734742,2.207128,0.65701723,0.61299157,0.78654552,0.07474649,0
2.1836123,-1.1451271,0.76316792,0.74817264,-0.54746199,-0.37486342,0
0.014879107,2.1821589,-1.3207991,0.61299157,0.78654552,0.07474649,0
-0.67324698,-1.2834294,0.14594296,-0.61299157,-0.78654552,-0.07474649,0
0.14460564,-0.73872584,-3.3766599,-0.25392637,0.28571144,-0.92406189,0
2.5834413,-0.65525675,0.84622192,0.74817264,-0.54746199,-0.37486342,0
2.0596552,-1.6197047,1.476948,0.74817264,-0.54746199,-0.37486342,0
2.1070337,-1.5522609,2.2478755,0.25392637,-0.28571144,0.92406189,0
0.84047049,1.4855303,-3.0857229,-0.25392637,0.28571144,-0.92406189,0
1.4645963,0.80519569,-0.8486672,0.61299157,0.78654552,0.07474649,0
0.06101799,2.0965052,-1.1138083,0.61299157,0.78654552,0.07474649,0
-0.503968,0.28250706,-2.9685776,-0.25392637,0.28571144,-0.92406189,0
0.47896802,1.2966722,1.6679831,0.61299157,0.78654552,0.07474649,0
-0.15525007,2.2991629,-1.4829834,0.61299157,0.78654552,0.07474649,0
1.0989965,-1.0096731,2.4575288,0.25392637,-0.28571144,0.92406189,0
-0.77694082,-0.64084566,3.0525155,0.25392637,-0.28571144,0.92406189,0
1.4741791,-0.62432933,2.6317105,0.25392637,-0.28571144,0.92406189,0
-1.4468184,2.0437272,-2.0439379,-0.25392637,0.28571144,-0.92406189,0
1.2637069,-1.8619776,-0.30558276,0.74817264,-0.54746199,-0.37486342,0
0.85207415,-1.030163,-2.546186,0.74817264,-0.54746199,-0.37486342,0
2.5384898,-1.2521975,2.2234201,0.25392637,-0.28571144,0.92406189,0
2.4473753,-0.059801579,2.3553696,0.61299157,0.78654552,0.07474649,0
0.86054277,0.30507779,2.9338315,0.25392637,-0.28571144,0.92406189,0
2.8663282,-0.54296255,1.1878495,0.74817264,-0.54746199,-0.37486342,0
0.30928397,1.2943242,3.486917,0.25392637,-0.28571144,0.92406189,0
-1.1779363,1.9801635,-0.15498942,-0.74817264,0.54746199,0.37486342,0
1.2010376,-1.7141242,2.5204337,0.25392637,-0.28571144,0.92406189,0
-0.37093544,-1.5308914,-0.3275916,-0.61299157,-0.78654552,-0.07474649,0
1.4487985,0.63039625,-0.23286891,0.61299157,0.78654552,0.07474649,0
-0.51918149,1.3743194,2.4352832,-0.74817264,0.54746199,0.37486342,0
-2.0212278,-0.31388402,-2.3461375,-0.61299157,-0.78654552,-0.07474649,0
-0.31179208,-0.37455457,3.0532167,0.25392637,-0.28571144,0.92406189,0
-2.0448194,0.45235658,0.71809649,-0.74817264,0.54746199,0.37486342,0
0.58908033,1.5688577,-1.8763512,0.61299157,0.78654552,0.07474649,0
1.4878184,0.78289533,-2.0387845,0.61299157,0.78654552,0.07474649,0
-1.3487515,1.4741137,-2.4590549,-0.25392637,0.28571144,-0.92406189,0
-2.0123706,-0.0019962788,-1.0534633,-0.61299157,-0.78654552,-0.07474649,0
2.3896117,-0.20011854,1.203205,0.61299157,0.78654552,0.07474649,0
0.67793417,-1.400825,-1.8869449,0.74817264,-0.54746199,-0.37486342,0
-2.5469277,1.3927718,-1.5049186,-0.74817264,0.54746199,0.37486342,0
-0.0065346137,-0.96886444,3.0478263,0.25392637,-0.28571144,0.92406189,0
-0.85116029,2.2046576,0.70742905,-0.74817264,0.54746199,0.37486342,0
0.96794987,-2.2824833,-0.091287494,0.74817264,-0.54746199,-0.37486342,0
-0.28537107,2.3392322,-1.1451473,0.61299157,0.78654552,0.07474649,0
-2.545974,0.12192845,-1.189139,-0.61299157,-0.78654552,-0.07474649,0
0.10106111,-1.9494184,0.12774408,-0.61299157,-0.78654552,-0.07474649,0
-0.33758628,0.40461516,3.3594437,0.25392637,-0.28571144,0.92406189,0
0.5445866,1.4426655,-1.7906694,0.61299157,0.78654552,0.07474649,0
1.8996962,-1.2421032,2.397558,0.25392637,-0.28571144,0.92406189,0
1.5563402,-0.81168014,-0.79360801,0.74817264,-0.54746199,-0.37486342,0
-0.13295013,0.74021661,-2.8466249,-0.25392637,0.28571144,-0.92406189,0
1.6985496,0.39389586,1.3647995,0.61299157,0.78654552,0.07474649,0
-1.3299748,-0.48856747,-2.8866143,-0.25392637,0.28571144,-0.92406189,0
0.93876541,0.42202985,3.3080409,0.25392637,-0.28571144,0.92406189,0
-1.372438,2.0473354,-0.44727784,-0.74817264,0.54746199,0.37486342,0
-1.8226186,0.7041809,1.1990523,-0.74817264,0.54746199,0.37486342,0
0.39753795,-0.26857492,2.8461356,0.25392637,-0.28571144,0.92406189,0
-2.3494763,0.55971646,0.34502193,-0.74817264,0.54746199,0.37486342,0
1.1254741,0.37549496,-3.2092245,0.74817264,-0.54746199,-0.37486342,0
0.25430197,1.706576,-2.3816919,0.61299157,0.78654552,0.07474649,0
1.2382554,0.69887078,2.3634343,0.61299157,0.78654552,0.07474649,0
1.0564814,-1.3701385,2.3820858,0.25392637,-0.28571144,0.92406189,0
-3.3768625,0.78302336,-2.1190298,-0.74817264,0.54746199,0.37486342,0
-0.11102223,-0.3481116,2.9838493,0.25392637,-0.28571144,0.92406189,0
-1.3343781,0.78703076,1.0795226,-0.74817264,0.54746199,0.37486342,0
1.7530389,0.60160851,-3.1075406,0.61299157,0.78654552,0.07474649,0
3.1366322,-0.70230532,1.9373077,0.74817264,-0.54746199,-0.37486342,0
-1.8296946,-0.53331399,2.6208026,-0.74817264,0.54746199,0.37486342,0
0.60624921,-0.2754274,-3.6048565,-0.25392637,0.28571144,-0.92406189,0
2.550034,-0.98107493,0.73620176,0.74817264,-0.54746199,-0.37486342,0
-1.2557566,-0.94910061,-0.45298594,-0.61299157,-0.78654552,-0.07474649,0
0.73483992,1.5771285,-0.26231983,0.61299157,0.78654552,0.07474649,0
0.5851438,1.3443962,1.8714259,0.61299157,0.78654552,0.07474649,0
2.0654159,-0.85762244,-0.22832605,0.74817264,-0.54746199,-0.37486342,0
-1.5560131,2.5397015,-1.7184892,-0.74817264,0.54746199,0.37486342,0
1.5218771,-2.8722732,1.501771,0.74817264,-0.54746199,-0.37486342,0
-2.4345474,0.40037715,-1.6806618,-0.61299157,-0.78654552,-0.07474649,0
2.7483487,-0.62194443,1.6951804,0.61299157,0.78654552,0.07474649,0
-1.7758024,0.64024222,0.98787212,-0.74817264,0.54746199,0.37486342,0
-0.54671109,-1.5368685,-0.2081766,-0.61299157,-0.78654552,-0.07474649,0
-0.7791428,0.16941237,-3.0881138,-0.25392637,0.28571144,-0.92406189,0
-0.070117474,1.1891401,3.4470513,0.25392637,-0.28571144,0.92406189,0
-0.13601136,2.3587675,-1.8247287,0.61299157,0.78654552,0.07474649,0
2.0079308,0.097878218,0.7711491,0.61299157,0.78654552,0.07474649,0
2.276722,-0.21280336,2.1878955,0.61299157,0.78654552,0.07474649,0
1.8178291,-2.1138487,1.6362333,0.74817264,-0.54746199,-0.37486342,0
0.94625211,-1.7085011,-1.4293947,0.74817264,-0.54746199,-0.37486342,0
3.1209855,-0.87171745,1.9009583,0.74817264,-0.54746199,-0.37486342,0
-1.0977499,-0.72802436,-0.93903649,-0.61299157,-0.78654552,-0.07474649,0
1.0073903,-1.5558419,-1.0292065,0.74817264,-0.54746199,-0.37486342,0
1.3269503,-2.8835595,1.9246455,0.25392637,-0.28571144,0.92406189,0
-2.5745726,0.053198576,-1.4723285,-0.61299157,-0.78654552,-0.07474649,0
-0.57448244,0.26290062,3.3358355,0.25392637,-0.28571144,0.92406189,0
1.6615458,-1.6314032,0.57676262,0.74817264,-0.54746199,-0.37486342,0
0.15264535,-2.0896306,-0.33753711,-0.61299157,-0.78654552,-0.07474649,0
-1.8723761,0.0029666424,1.6094421,-0.74817264,0.54746199,0.37486342,0
1.9145377,-0.80507439,2.3295856,0.25392637,-0.28571144,0.92406189,0
-1.6378362,1.8877943,-1.2203732,-0.74817264,0.54746199,0.37486342,0
-1.4997222,-1.0753064,3.0907514,-0.61299157,-0.78654552,-0.07474649,0
-1.1538066,0.60070002,1.8180349,-0.74817264,0.54746199,0.37486342,0
0.91512609,-0.640365,-2.6388011,0.74817264,-0.54746199,-0.37486342,0
-0.014752626,0.14656515,3.295505,0.25392637,-0.28571144,0.92406189,0
0.42936742,-1.9001584,2.5028028,0.25392637,-0.28571144,0.92406189,0
0.39527655,1.7068645,-0.7336973,0.61299157,0.78654552,0.07474649,0
2.1618299,0.48734331,-1.4242257,0.61299157,0.78654552,0.07474649,0
2.6556878,-0.25513434,0.62777007,0.74817264,-0.54746199,-0.37486342,0
1.8736551,-1.0391583,-0.46547416,0.74817264,-0.54746199,-0.37486342,0
0.93530154,-2.7747822,0.92085493,-0.61299157,-0.78654552,-0.07474649,0
-0.65228575,-1.5235533,1.335664,-0.61299157,-0.78654552,-0.07474649,0
-2.5877886,0.36087918,-0.75582689,-0.61299157,-0.78654552,-0.07474649,0
-1.8046539,0.45848465,0.94800735,-0.74817264,0.54746199,0.37486342,0
1.3054962,0.99490857,-0.78572661,0.61299157,0.78654552,0.07474649,0
1.3043156,1.1513064,-3.1429927,0.61299157,0.78654552,0.07474649,0
-2.1165693,1.6956176,-0.91135663,-0.74817264,0.54746199,0.37486342,0
-1.4190848,-0.78082371,1.1857917,-0.61299157,-0.78654552,-0.07474649,0
-0.49918342,0.12823984,3.2114041,0.25392637,-0.28571144,0.92406189,0
-1.5451057,1.7894852,-0.12552387,-0.74817264,0.54746199,0.37486342,0
2.6449864,-0.67894375,1.157079,0.74817264,-0.54746199,-0.37486342,0
2.6387563,-1.0769925,1.4992983,0.74817264,-0.54746199,-0.37486342,0
1.1949842,0.97029591,-0.87614977,0.61299157,0.78654552,0.07474649,0
0.83258498,0.99317503,0.37645203,0.61299157,0.78654552,0.07474649,0
1.8905773,-0.50297308,2.4884057,0.25392637,-0.28571144,0.92406189,0
0.26872692,-0.36394826,3.0884743,0.25392637,-0.28571144,0.92406189,0
-0.43844897,-1.0449548,3.2557504,0.25392637,-0.28571144,0.92406189,0
0.034106091,1.180676,-2.6917176,-0.25392637,0.28571144,-0.92406189,0
-1.8665119,1.3931968,-2.3179159,-0.25392637,0.28571144,-0.92406189,0
0.059976101,-0.80445284,-3.3726072,-0.25392637,0.28571144,-0.92406189,0
-1.4148713,-0.93407452,0.26985678,-0.61299157,-0.78654552,-0.07474649,0
-0.1969471,-0.49714726,-3.5509706,-0.25392637,0.28571144,-0.92406189,0
1.2637455,-1.0999446,2.642278,0.25392637,-0.28571144,0.92406189,0
-0.69429535,-1.5090497,-0.11284879,-0.61299157,-0.78654552,-0.07474649,0
-0.62077498,2.255456,0.92457056,-0.74817264,0.54746199,0.37486342,0
-0.5567832,-0.12709469,-3.1616933,-0.25392637,0.28571144,-0.92406189,0
-0.30459642,-1.8807012,0.088350475,-0.61299157,-0.78654552,-0.07474649,0
1.3390253,-0.85055453,-1.6880686,0.74817264,-0.54746199,-0.37486342,0
-1.382669,2.0104828,-0.39438605,-0.74817264,0.54746199,0.37486342,0
1.7217671,0.026477933,2.8263896,0.25392637,-0.28571144,0.92406189,0
1.5058928,0.55428433,1.9171839,0.61299157,0.78654552,0.07474649,0
1.801805,-1.2408376,-0.20409799,0.74817264,-0.54746199,-0.37486342,0
1.5207607,1.1347919,-3.3072813,0.61299157,0.78654552,0.07474649,0
-0.43699574,-0.050108463,-3.2411218,-0.25392637,0.28571144,-0.92406189,0
-1.0794451,-1.0260303,1.5256639,-0.61299157,-0.78654552,-0.07474649,0
0.065343499,1.7240622,-0.78629112,0.61299157,0.78654552,0.07474649,0
-0.63887268,1.4580071,-2.6066539,-0.25392637,0.28571144,-0.92406189,0
1.822988,-2.0256915,2.2898326,0.25392637,-0.28571144,0.92406189,0
1.1531119,0.63888943,-3.2113004,-0.25392637,0.28571144,-0.92406189,0
-1.3796859,-0.90478301,0.25238165,-0.61299157,-0.78654552,-0.07474649,0
1.8768935,-1.001441,2.2974176,0.25392637,-0.28571144,0.92406189,0
2.3257627,-1.4657655,0.93619311,0.74817264,-0.54746199,-0.37486342,0
1.1141063,0.96360719,1.1574473,0.61299157,0.78654552,0.07474649,0
0.077790737,1.8572302,-0.76999778,0.61299157,0.78654552,0.07474649,0
-1.6422772,-0.87991047,1.4323136,-0.61299157,-0.78654552,-0.07474649,0
1.0018134,-0.90080488,2.514889,0.25392637,-0.28571144,0.92406189,0
0.076864958,-1.7021899,-1.0413754,-0.61299157,-0.78654552,-0.07474649,0
1.1962996,-2.0165946,0.36897194,0.74817264,-0.54746199,-0.37486342,0
-2.5072956,1.0187881,-2.2510116,-0.25392637,0.28571144,-0.92406189,0
1.8900192,0.12860966,-2.0041955,0.74817264,-0.54746199,-0.37486342,0
-1.8420386,-0.41827607,0.20918351,-0.61299157,-0.78654552,-0.07474649,0
1.3570009,1.1218147,-3.3811846,0.61299157,0.78654552,0.07474649,0
-0.72203875,-1.3314401,3.1507244,0.25392637,-0.28571144,0.92406189,0
-1.7032802,1.0419531,-2.3487229,-0.25392637,0.28571144,-0.92406189,0
-0.98205072,-1.1162591,2.2541075,-0.61299157,-0.78654552,-0.07474649,0
-1.9565737,1.0861213,0.097244918,-0.74817264,0.54746199,0.37486342,0
0.53705716,1.3553085,2.1502154,0.61299157,0.78654552,0.07474649,0
1.5248694,0.90627408,-2.3436799,0.61299157,0.78654552,0.07474649,0
-0.86537981,1.6775949,0.75334942,-0.74817264,0.54746199,0.37486342,0
1.01127,-1.4394633,-0.97234583,0.74817264,-0.54746199,-0.37486342,0
-1.6693413,2.4054778,-1.3961545,-0.74817264,0.54746199,0.37486342,0
0.9572677,-0.83179051,2.8834147,0.25392637,-0.28571144,0.92406189,0
-1.5489815,-0.58729124,3.2739718,-0.74817264,0.54746199,0.37486342,0
-0.27797103,2.0810623,2.1593347,-0.74817264,0.54746199,0.37486342,0
-1.132473,2.8241103,-1.5617145,0.61299157,0.78654552,0.07474649,0
-2.961884,0.51440978,-1.5701698,-0.61299157,-0.78654552,-0.07474649,0
0.91105843,-1.9644015,-0.27007294,0.74817264,-0.54746199,-0.37486342,0
0.87983495,1.3298326,0.44819939,0.61299157,0.78654552,0.07474649,0
0.58144259,-0.5976932,-2.8291583,0.74817264,-0.54746199,-0.37486342,0
0.11328936,-1.6309791,-1.8982576,-0.61299157,-0.78654552,-0.07474649,0
1.902246,-2.2282314,1.6966954,0.74817264,-0.54746199,-0.37486342,0
-0.97288197,1.317131,-2.5976913,-0.25392637,0.28571144,-0.92406189,0
0.53305244,-2.7211947,2.0041757,-0.61299157,-0.78654552,-0.07474649,0
-0.3153758,1.6682069,2.4165206,-0.74817264,0.54746199,0.37486342,0
-0.26519293,0.77800345,-2.9246047,-0.25392637,0.28571144,-0.92406189,0
1.7582941,0.095140934,-2.4071927,0.74817264,-0.54746199,-0.37486342,0
-0.28661108,-1.3516381,-2.4705868,-0.61299157,-0.78654552,-0.07474649,0
1.2175596,-2.6795311,2.2169368,0.25392637,-0.28571144,0.92406189,0
1.1700323,-3.0171959,1.3398055,-0.61299157,-0.78654552,-0.07474649,0
-1.6476713,1.0283904,0.11276129,-0.74817264,0.54746199,0.37486342,0
-0.27242362,0.13337618,3.1573031,0.25392637,-0.28571144,0.92406189,0
-1.9801152,1.517405,-0.85647404,-0.74817264,0.54746199,0.37486342,0
0.58306265,-0.59850007,-3.7494702,-0.25392637,0.28571144,-0.92406189,0
-1.3184826,2.759589,-1.0181744,-0.74817264,0.54746199,0.37486342,0
1.6045145,0.90711665,-1.5720577,0.61299157,0.78654552,0.07474649,0
-2.7644296,0.92424726,-2.0871823,-0.25392637,0.28571144,-0.92406189,0
2.1626563,0.19941974,-1.7823414,0.74817264,-0.54746199,-0.37486342,0
-0.92662901,-1.4733379,1.8509121,-0.61299157,-0.78654552,-0.07474649,0
