1.795714,0.18945841,-2.2893255,0.25362587,0.79025757,-0.55782348,0
-3.389204,4.3954582,0.90980434,0.25362587,0.79025757,-0.55782348,0
2.7453284,-2.532263,-3.4540877,0.54872245,-0.59245491,-0.58983147,0
1.1100472,-0.11712718,1.054459,0.79660392,0.15649378,0.5838939,0
-2.5298169,2.3607786,0.38540339,-0.79660392,-0.15649378,-0.5838939,0
-3.7583733,1.8985434,2.1105266,-0.79660392,-0.15649378,-0.5838939,0
-1.0829704,2.528271,-0.49655902,0.25362587,0.79025757,-0.55782348,0
-2.863276,0.44639969,1.0921094,-0.79660392,-0.15649378,-0.5838939,0
3.5524435,-3.4684248,-1.3168478,0.79660392,0.15649378,0.5838939,0
-3.7869561,2.4444389,2.7644296,-0.54872245,0.59245491,0.58983147,0
-3.9208231,1.5242465,3.545186,-0.54872245,0.59245491,0.58983147,0
1.690474,-3.4297395,-0.7747519,-0.25362587,-0.79025757,0.55782348,0
2.5501425,-2.8498545,-3.0461893,0.54872245,-0.59245491,-0.58983147,0
-3.9950454,2.1770694,2.606667,-0.54872245,0.59245491,0.58983147,0
-1.378148,2.1800332,3.8033895,0.79660392,0.15649378,0.5838939,0
2.6043715,-1.7039098,-4.414052,0.54872245,-0.59245491,-0.58983147,0
3.8255186,-2.0244617,-2.0786347,0.79660392,0.15649378,0.5838939,0
-2.4078479,3.1648984,3.3667898,-0.54872245,0.59245491,0.58983147,0
0.009001106,-1.7869149,-1.9652977,-0.79660392,-0.15649378,-0.5838939,0
1.1248933,0.022681713,0.98600489,0.79660392,0.15649378,0.5838939,0
-1.0412503,1.7935596,3.4605722,0.79660392,0.15649378,0.5838939,0
2.8978333,-1.3800393,-3.8975968,0.25362587,0.79025757,-0.55782348,0
4.4969354,-0.84331715,-3.0937796,0.25362587,0.79025757,-0.55782348,0
0.78136665,0.63487935,1.1354793,0.79660392,0.15649378,0.5838939,0
-2.4562762,1.0561088,0.56109285,-0.79660392,-0.15649378,-0.5838939,0
-2.4098241,4.5017786,1.9897313,-0.54872245,0.59245491,0.58983147,0
1.3492782,0.58401066,-1.853891,0.25362587,0.79025757,-0.55782348,0
-3.1225815,3.4936223,0.98424244,-0.79660392,-0.15649378,-0.5838939,0
2.1879148,0.17955565,-0.78329659,0.79660392,0.15649378,0.5838939,0
-2.2085156,4.4467182,1.7467313,0.25362587,0.79025757,-0.55782348,0
-0.91803622,-1.8096699,0.88498235,-0.25362587,-0.79025757,0.55782348,0
-3.0994334,1.399356,3.9368873,-0.54872245,0.59245491,0.58983147,0
-1.4125657,4.4543161,2.297061,0.25362587,0.79025757,-0.55782348,0
-1.7710333,-0.12874269,0.087630451,-0.79660392,-0.15649378,-0.5838939,0
-3.478554,2.9645665,2.2996988,-0.54872245,0.59245491,0.58983147,0
-2.8442392,2.1894925,0.85752153,-0.79660392,-0.15649378,-0.5838939,0
-2.1537914,0.69324327,3.5308075,-0.25362587,-0.79025757,0.55782348,0
-2.42768,0.085765064,2.4778326,-0.25362587,-0.79025757,0.55782348,0
0.4420715,1.184585,1.9104122,0.79660392,0.15649378,0.5838939,0
-3.4826972,3.6235631,1.3224139,-0.79660392,-0.15649378,-0.5838939,0
-1.7191824,-1.5889128,-0.078176051,-0.79660392,-0.15649378,-0.5838939,0
-2.1694841,2.1404109,4.6288443,-0.54872245,0.59245491,0.58983147,0
1.9805086,-3.2883208,-3.0961981,0.54872245,-0.59245491,-0.58983147,0
1.332057,0.90242577,-1.7515212,0.25362587,0.79025757,-0.55782348,0
-4.1491728,2.2932448,2.4567218,-0.54872245,0.59245491,0.58983147,0
-1.4472044,3.6084232,0.92082858,0.25362587,0.79025757,-0.55782348,0
1.4806139,-2.5492611,-3.9275336,-0.79660392,-0.15649378,-0.5838939,0
1.8317814,-3.7548685,-3.2177224,0.54872245,-0.59245491,-0.58983147,0
-1.9275749,3.881362,2.6737123,-0.54872245,0.59245491,0.58983147,0
-2.1024723,0.30345035,0.15973902,-0.79660392,-0.15649378,-0.5838939,0
1.9086052,-3.3964276,-3.0538669,0.54872245,-0.59245491,-0.58983147,0
-2.822674,2.855664,3.2879181,-0.54872245,0.59245491,0.58983147,0
1.8137996,-0.019905075,-2.9228539,0.25362587,0.79025757,-0.55782348,0
-0.80463517,4.5551238,2.4346132,0.25362587,0.79025757,-0.55782348,0
-2.7175314,0.70632601,1.0749338,-0.79660392,-0.15649378,-0.5838939,0
0.1474998,-1.3994725,1.6697378,-0.25362587,-0.79025757,0.55782348,0
-1.4186805,-0.45469907,2.0594754,-0.25362587,-0.79025757,0.55782348,0
-3.3353024,4.0008845,1.2244153,-0.54872245,0.59245491,0.58983147,0
1.8584105,-0.16325498,-2.7079053,0.25362587,0.79025757,-0.55782348,0
-1.7630711,-1.7127166,0.53721064,-0.25362587,-0.79025757,0.55782348,0
-2.2645998,1.6754317,4.6084042,-0.25362587,-0.79025757,0.55782348,0
2.8640389,-0.018661439,-2.5920575,0.25362587,0.79025757,-0.55782348,0
-1.422666,-0.64004731,-0.54113173,-0.79660392,-0.15649378,-0.5838939,0
-2.3267093,3.1317894,3.3564434,-0.54872245,0.59245491,0.58983147,0
-0.84749293,1.0998497,3.3676858,0.79660392,0.15649378,0.5838939,0
-2.8572636,3.8716435,2.0686989,-0.54872245,0.59245491,0.58983147,0
1.253022,-1.5620632,1.5565177,0.79660392,0.15649378,0.5838939,0
-0.60622334,-1.3341686,-1.0863942,-0.79660392,-0.15649378,-0.5838939,0
2.3035526,0.77649033,-1.6816995,0.25362587,0.79025757,-0.55782348,0
1.5295672,-0.76311243,-3.923321,0.25362587,0.79025757,-0.55782348,0
-3.518559,1.3795428,3.5959544,-0.54872245,0.59245491,0.58983147,0
1.0639611,-1.0828477,-3.5389054,-0.79660392,-0.15649378,-0.5838939,0
-0.060997248,1.4468272,-1.7143791,0.25362587,0.79025757,-0.55782348,0
0.40510458,-2.2736816,-2.6748881,-0.79660392,-0.15649378,-0.5838939,0
1.9294816,-2.9571362,-0.0021195412,-0.25362587,-0.79025757,0.55782348,0
-0.38612127,-2.6898444,-0.62725854,-0.25362587,-0.79025757,0.55782348,0
-0.33541989,-2.9259577,-0.47809803,-0.25362587,-0.79025757,0.55782348,0
-0.16684461,0.070075512,-2.3492603,-0.79660392,-0.15649378,-0.5838939,0
-3.2192409,4.2118502,1.124691,-0.54872245,0.59245491,0.58983147,0
-3.497148,2.86132,2.3569579,-0.54872245,0.59245491,0.58983147,0
-0.79246044,-0.37901205,2.8712311,-0.25362587,-0.79025757,0.55782348,0
-3.440299,3.0682445,2.2803497,-0.54872245,0.59245491,0.58983147,0
1.119736,-1.4461368,1.6411046,0.79660392,0.15649378,0.5838939,0
4.1609011,-1.2660854,-3.2115192,0.54872245,-0.59245491,-0.58983147,0
2.3088298,-2.01582,-4.2636042,0.54872245,-0.59245491,-0.58983147,0
-0.02459836,-2.1283844,0.27751505,-0.25362587,-0.79025757,0.55782348,0
-0.48692298,2.0221744,-0.60312885,0.25362587,0.79025757,-0.55782348,0
1.3738624,-0.010952234,0.41831225,0.79660392,0.15649378,0.5838939,0
1.2192228,0.207964,-3.0688655,0.25362587,0.79025757,-0.55782348,0
-0.49869442,1.1879008,-2.0887988,-0.79660392,-0.15649378,-0.5838939,0
2.3921647,0.97168827,-1.3040056,0.25362587,0.79025757,-0.55782348,0
1.4304941,1.0990179,-1.2839644,0.25362587,0.79025757,-0.55782348,0
-0.26564956,-2.4624574,0.16915905,-0.25362587,-0.79025757,0.55782348,0
-2.3450119,0.92645895,0.33135176,-0.79660392,-0.15649378,-0.5838939,0
1.6330655,-0.63518381,-3.9926686,0.25362587,0.79025757,-0.55782348,0
2.7985399,-3.7142444,-2.1575799,0.54872245,-0.59245491,-0.58983147,0
0.89816821,-1.3737711,-3.6621592,-0.79660392,-0.15649378,-0.5838939,0
2.2087135,-3.2229762,-0.18280911,-0.25362587,-0.79025757,0.55782348,0
2.2820575,-3.9438639,-1.3060799,-0.25362587,-0.79025757,0.55782348,0
1.2052579,1.4936209,0.63089097,0.79660392,0.15649378,0.5838939,0
-2.2218709,3.0881307,3.4882421,-0.54872245,0.59245491,0.58983147,0
-2.3722472,4.0191932,2.3738565,-0.54872245,0.59245491,0.58983147,0
0.74390543,2.1208258,1.0663546,0.79660392,0.15649378,0.5838939,0
2.9990485,-1.8253942,-3.6044974,0.54872245,-0.59245491,-0.58983147,0
0.65387583,2.6605892,0.77212608,0.25362587,0.79025757,-0.55782348,0
-0.69652253,1.2607124,2.892395,0.79660392,0.15649378,0.5838939,0
-3.5240586,2.3250704,2.9724307,-0.54872245,0.59245491,0.58983147,0
1.5376787,1.7421263,-0.73672682,0.25362587,0.79025757,-0.55782348,0
-3.9725711,1.1519179,3.6323304,-0.25362587,-0.79025757,0.55782348,0
-2.4756484,2.7602425,0.34996891,-0.79660392,-0.15649378,-0.5838939,0
1.7096795,-0.24292147,0.4680348,0.79660392,0.15649378,0.5838939,0
-0.23794919,2.9794636,2.0210724,0.79660392,0.15649378,0.5838939,0
1.6693234,1.0614866,-1.433782,0.25362587,0.79025757,-0.55782348,0
-1.8189752,2.7807617,3.7669587,-0.54872245,0.59245491,0.58983147,0
-1.9710946,4.5789304,2.0566635,0.25362587,0.79025757,-0.55782348,0
1.1909788,0.72301567,-2.3380394,0.25362587,0.79025757,-0.55782348,0
-1.6572212,3.7518249,1.154922,0.25362587,0.79025757,-0.55782348,0
-3.8017201,1.0747505,3.6480165,-0.25362587,-0.79025757,0.55782348,0
2.4403811,-4.3590302,-1.5914035,-0.25362587,-0.79025757,0.55782348,0
0.80305123,-0.30088413,-3.6534317,-0.79660392,-0.15649378,-0.5838939,0
-3.3578353,3.9060349,1.2885571,-0.54872245,0.59245491,0.58983147,0
-0.93541485,1.5543147,3.4696431,0.79660392,0.15649378,0.5838939,0
-4.0729661,2.1920104,2.7902966,-0.54872245,0.59245491,0.58983147,0
-1.8560581,-0.4647826,0.33045417,-0.79660392,-0.15649378,-0.5838939,0
-0.88944262,3.3438804,2.8765798,0.79660392,0.15649378,0.5838939,0
-0.12220085,-2.8777056,-1.8028367,-0.79660392,-0.15649378,-0.5838939,0
2.3402433,-3.1878011,-2.7712154,0.54872245,-0.59245491,-0.58983147,0
0.086742878,-0.59213054,-2.8040159,-0.79660392,-0.15649378,-0.5838939,0
-2.0768471,1.9365741,4.7825222,-0.54872245,0.59245491,0.58983147,0
1.3770885,0.19153321,0.48666632,0.79660392,0.15649378,0.5838939,0
-3.3557267,3.1292365,2.1251593,-0.54872245,0.59245491,0.58983147,0
-0.76677799,3.3419726,0.48165846,0.25362587,0.79025757,-0.55782348,0
3.9628165,-2.9152148,-1.7859588,0.79660392,0.15649378,0.5838939,0
-3.7530329,2.126605,2.607091,-0.54872245,0.59245491,0.58983147,0
-2.9815884,1.9282751,4.0670791,-0.54872245,0.59245491,0.58983147,0
-0.62238836,1.6849921,-1.2062709,0.25362587,0.79025757,-0.55782348,0
1.4050974,-4.5207949,-2.7991252,0.54872245,-0.59245491,-0.58983147,0
-0.58498359,-0.14657533,3.0961585,-0.25362587,-0.79025757,0.55782348,0
-1.0194156,1.3291957,3.9222975,0.79660392,0.15649378,0.5838939,0
2.4733787,-0.70985371,-0.51973414,0.79660392,0.15649378,0.5838939,0
1.0308673,1.3555,-0.91507989,0.25362587,0.79025757,-0.55782348,0
-3.677732,2.0162375,2.8521509,-0.54872245,0.59245491,0.58983147,0
0.93303227,-0.26494706,-3.7118883,0.25362587,0.79025757,-0.55782348,0
-0.3414892,1.5569129,-1.3356532,0.25362587,0.79025757,-0.55782348,0
2.107018,-1.7952504,-4.5672522,0.54872245,-0.59245491,-0.58983147,0
1.899537,-4.5890307,-2.3727307,0.54872245,-0.59245491,-0.58983147,0
-2.8557696,3.9825907,2.0519824,-0.54872245,0.59245491,0.58983147,0
-0.63348621,2.589366,2.6566684,0.79660392,0.15649378,0.5838939,0
-1.1349103,0.65106177,-0.89181501,-0.79660392,-0.15649378,-0.5838939,0
1.5396582,-0.75183564,0.9760499,0.79660392,0.15649378,0.5838939,0
-1.0060687,4.5072966,2.168962,0.25362587,0.79025757,-0.55782348,0
-0.74244869,3.8435307,2.6106029,0.79660392,0.15649378,0.5838939,0
3.2401581,-1.6183336,-1.2884626,0.79660392,0.15649378,0.5838939,0
0.34844732,-3.1661658,-0.95372105,-0.25362587,-0.79025757,0.55782348,0
-2.2209187,4.486845,1.8594317,-0.54872245,0.59245491,0.58983147,0
1.9517367,-4.4085293,-2.096653,0.54872245,-0.59245491,-0.58983147,0
-1.3423592,0.60797954,-0.6983996,-0.79660392,-0.15649378,-0.5838939,0
-1.8885486,1.8446333,-0.36129284,-0.79660392,-0.15649378,-0.5838939,0
-0.13430405,-0.75222039,2.75564,-0.25362587,-0.79025757,0.55782348,0
-4.133152,1.1285564,3.1147723,-0.25362587,-0.79025757,0.55782348,0
-0.40962243,2.4424448,-0.34200191,0.25362587,0.79025757,-0.55782348,0
1.4243567,-2.0930848,-4.0515504,-0.79660392,-0.15649378,-0.5838939,0
-0.15529096,2.5437207,-0.1882652,0.25362587,0.79025757,-0.55782348,0
2.1391234,0.48756558,-2.0795281,0.25362587,0.79025757,-0.55782348,0
1.9896264,-1.2819965,-4.6408906,0.25362587,0.79025757,-0.55782348,0
3.6297953,-0.12180495,-2.3317761,0.79660392,0.15649378,0.5838939,0
-2.8410192,2.7100625,0.64707828,-0.79660392,-0.15649378,-0.5838939,0
-1.5995694,-0.031090915,2.5036528,-0.25362587,-0.79025757,0.55782348,0
-3.8198137,2.4576552,2.7600837,-0.54872245,0.59245491,0.58983147,0
-2.4143105,1.428812,4.4648719,-0.25362587,-0.79025757,0.55782348,0
0.092501283,3.1221566,0.86694288,0.25362587,0.79025757,-0.55782348,0
1.0176344,-3.9372528,-2.8237286,-0.79660392,-0.15649378,-0.5838939,0
2.0354114,-2.9998717,0.26718616,-0.25362587,-0.79025757,0.55782348,0
-3.5274606,0.3978526,2.7239397,-0.25362587,-0.79025757,0.55782348,0
-2.7270076,-0.022474289,1.3198349,-0.79660392,-0.15649378,-0.5838939,0
3.1754298,-3.5568061,-0.7394309,0.79660392,0.15649378,0.5838939,0
3.7348671,-3.1238587,-1.4714971,0.79660392,0.15649378,0.5838939,0
1.0668714,0.67087722,0.63831073,0.79660392,0.15649378,0.5838939,0
-0.10917866,0.87902111,-2.1759329,0.25362587,0.79025757,-0.55782348,0
2.0142066,0.40020937,-2.3700275,0.25362587,0.79025757,-0.55782348,0
3.5584114,-1.8425088,-1.9098206,0.79660392,0.15649378,0.5838939,0
-2.0860429,2.3257465,4.3861637,-0.54872245,0.59245491,0.58983147,0
-2.7040043,3.8784645,2.0119457,-0.54872245,0.59245491,0.58983147,0
0.40736341,-0.85366863,2.0531816,0.79660392,0.15649378,0.5838939,0
-1.1411921,-1.0705596,-0.90753275,-0.79660392,-0.15649378,-0.5838939,0
-3.2254291,1.2605261,1.5047493,-0.79660392,-0.15649378,-0.5838939,0
1.4623452,-0.11606133,0.64430046,0.79660392,0.15649378,0.5838939,0
2.5179749,-4.0252252,-2.2904558,0.54872245,-0.59245491,-0.58983147,0
3.2365701,-0.082504749,-1.5327172,0.79660392,0.15649378,0.5838939,0
-1.459921,4.5299015,2.2621336,-0.54872245,0.59245491,0.58983147,0
-0.73716414,-0.41457295,-1.7898371,-0.79660392,-0.15649378,-0.5838939,0
-3.6031113,1.5519946,3.9020472,-0.54872245,0.59245491,0.58983147,0
2.8082023,0.016154289,-2.1624107,0.25362587,0.79025757,-0.55782348,0
-1.3433298,0.55409026,-0.74644125,-0.79660392,-0.15649378,-0.5838939,0
0.86000061,1.45691,-0.79407835,0.25362587,0.79025757,-0.55782348,0
2.7822018,-2.1141927,-3.8194575,0.54872245,-0.59245491,-0.58983147,0
3.0863595,-1.3804413,-4.1620579,0.54872245,-0.59245491,-0.58983147,0
0.45857882,-1.7245898,1.6871641,-0.25362587,-0.79025757,0.55782348,0
1.1269166,-1.7493342,-3.621753,-0.79660392,-0.15649378,-0.5838939,0
-0.969805,0.51913178,-1.1993526,-0.79660392,-0.15649378,-0.5838939,0
1.4949945,1.4611722,-0.75533736,0.25362587,0.79025757,-0.55782348,0
-1.2685037,-0.20653093,2.8598166,-0.25362587,-0.79025757,0.55782348,0
-2.1561887,-0.39314586,2.1515894,-0.25362587,-0.79025757,0.55782348,0
-1.6402359,2.5424657,-1.0666811,0.25362587,0.79025757,-0.55782348,0
-1.4051595,4.5319004,2.7691188,-0.54872245,0.59245491,0.58983147,0
-1.9653902,-1.2756042,0.96035486,-0.25362587,-0.79025757,0.55782348,0
0.58055758,0.21789074,1.7839293,0.79660392,0.15649378,0.5838939,0
-2.8186815,2.9415619,3.1330643,-0.54872245,0.59245491,0.58983147,0
-2.825031,2.6364048,0.6932795,-0.79660392,-0.15649378,-0.5838939,0
3.7369359,-2.7841587,-1.6212773,0.79660392,0.15649378,0.5838939,0
2.4282982,-0.52638632,-0.89417791,0.79660392,0.15649378,0.5838939,0
2.1231308,-1.0344621,-4.4009686,0.25362587,0.79025757,-0.55782348,0
3.2112284,-1.1563737,-1.787266,0.79660392,0.15649378,0.5838939,0
-2.2467127,0.21201944,0.34271646,-0.79660392,-0.15649378,-0.5838939,0
-2.6187265,1.5692482,0.72016692,-0.79660392,-0.15649378,-0.5838939,0
2.277524,-0.16785257,-3.0366797,0.25362587,0.79025757,-0.55782348,0
0.19455409,1.4508936,-1.5593265,0.25362587,0.79025757,-0.55782348,0
2.4990301,-1.6347262,-0.13068581,0.79660392,0.15649378,0.5838939,0
-2.3748076,2.1339471,3.8420539,-0.54872245,0.59245491,0.58983147,0
3.3935134,-1.8433154,-3.5789442,0.54872245,-0.59245491,-0.58983147,0
-0.85451198,4.3979807,1.973218,0.25362587,0.79025757,-0.55782348,0
2.1628571,-3.5655177,-2.8406801,0.54872245,-0.59245491,-0.58983147,0
-1.9400288,2.588861,4.2878842,-0.54872245,0.59245491,0.58983147,0
-4.1665459,1.7074709,2.9689646,-0.54872245,0.59245491,0.58983147,0
2.9100432,-2.5098393,-3.0532036,0.54872245,-0.59245491,-0.58983147,0
-0.23625624,2.4239166,-0.25403178,0.25362587,0.79025757,-0.55782348,0
3.1329169,-2.5371363,-2.9146237,0.54872245,-0.59245491,-0.58983147,0
-2.0541165,4.1232319,1.5585408,0.25362587,0.79025757,-0.55782348,0
-1.787848,3.442668,3.0664101,-0.54872245,0.59245491,0.58983147,0
-2.2120357,1.9309593,-0.36332273,-0.79660392,-0.15649378,-0.5838939,0
3.1873918,-0.9171406,-3.5413127,0.25362587,0.79025757,-0.55782348,0
1.7554601,-2.9770002,-3.9891024,0.54872245,-0.59245491,-0.58983147,0
-2.2094846,3.0098736,3.4663711,-0.54872245,0.59245491,0.58983147,0
-3.0031509,3.4488769,2.2120819,-0.54872245,0.59245491,0.58983147,0
-0.1259457,-1.5219393,-1.8805947,-0.79660392,-0.15649378,-0.5838939,0
-3.7166603,3.0552001,1.7374659,-0.54872245,0.59245491,0.58983147,0
-1.2486467,3.1778219,0.19147921,0.25362587,0.79025757,-0.55782348,0
-2.8586404,2.3029721,3.271452,-0.54872245,0.59245491,0.58983147,0
-2.0786548,3.1215024,3.4417033,-0.54872245,0.59245491,0.58983147,0
-4.2738981,1.5647279,2.9786229,-0.79660392,-0.15649378,-0.5838939,0
2.6834373,0.26243663,-0.83811283,0.79660392,0.15649378,0.5838939,0
3.7830043,-2.1934931,-2.4793687,0.54872245,-0.59245491,-0.58983147,0
2.5053635,-2.0203526,-0.57708979,0.79660392,0.15649378,0.5838939,0
0.0024499595,-2.0297837,-2.3201315,-0.79660392,-0.15649378,-0.5838939,0
-0.94754004,2.363488,-0.86592162,0.25362587,0.79025757,-0.55782348,0
1.8560064,-3.4122303,-3.5780406,0.54872245,-0.59245491,-0.58983147,0
-2.4367142,2.2164018,3.7076826,-0.54872245,0.59245491,0.58983147,0
1.3892548,1.4384544,-0.84320593,0.25362587,0.79025757,-0.55782348,0
2.3569922,-4.5755649,-1.7464452,-0.25362587,-0.79025757,0.55782348,0
-0.080599278,-1.3951008,-2.2221534,-0.79660392,-0.15649378,-0.5838939,0
-3.0398808,3.4745998,2.2033882,-0.54872245,0.59245491,0.58983147,0
-1.7172873,4.4208345,2.7202868,-0.54872245,0.59245491,0.58983147,0
-0.33803082,1.2800423,2.8484797,0.79660392,0.15649378,0.5838939,0
2.1662335,0.67613852,-1.3190625,0.25362587,0.79025757,-0.55782348,0
-2.2440362,-0.40043068,0.76128364,-0.79660392,-0.15649378,-0.5838939,0
-1.7771809,1.0916861,-0.30941319,-0.79660392,-0.15649378,-0.5838939,0
-2.143662,1.1981841,4.6501188,-0.25362587,-0.79025757,0.55782348,0
1.4980729,1.4096744,-1.0410113,0.25362587,0.79025757,-0.55782348,0
3.3762174,-2.8327503,-1.3764901,0.79660392,0.15649378,0.5838939,0
-0.48356569,-1.4146075,1.2745721,-0.25362587,-0.79025757,0.55782348,0
-2.0433888,2.1551414,4.4687939,-0.54872245,0.59245491,0.58983147,0
2.9803534,-1.6289096,-4.2521262,0.54872245,-0.59245491,-0.58983147,0
4.3541117,-1.0903041,-2.9928961,0.79660392,0.15649378,0.5838939,0
-0.021076202,-0.24584508,2.3536062,0.79660392,0.15649378,0.5838939,0
2.2056572,-4.6074786,-1.8931165,0.54872245,-0.59245491,-0.58983147,0
2.5660584,-3.9841533,-2.17731,0.54872245,-0.59245491,-0.58983147,0
-0.21683836,-0.47673476,-2.4327233,-0.79660392,-0.15649378,-0.5838939,0
2.2582638,-0.89470601,-0.33739913,0.79660392,0.15649378,0.5838939,0
1.8086287,-3.3455715,-3.6936688,0.54872245,-0.59245491,-0.58983147,0
1.328387,-0.4724232,-3.8620942,0.25362587,0.79025757,-0.55782348,0
3.761066,-2.696641,-1.7618947,0.79660392,0.15649378,0.5838939,0
-3.488894,2.3844085,2.6939664,-0.54872245,0.59245491,0.58983147,0
-3.2755375,-0.18740916,2.1442311,-0.25362587,-0.79025757,0.55782348,0
-1.0415716,2.4402795,-0.27535474,0.25362587,0.79025757,-0.55782348,0
3.1674013,-1.4467872,-4.0153799,0.54872245,-0.59245491,-0.58983147,0
3.1615572,-4.2725649,-0.79572105,-0.25362587,-0.79025757,0.55782348,0
3.9961939,-1.774215,-2.6364999,0.79660392,0.15649378,0.5838939,0
-0.29816222,-0.47816098,2.4644713,-0.25362587,-0.79025757,0.55782348,0
3.0382683,-1.5023592,-4.4234285,0.54872245,-0.59245491,-0.58983147,0
2.0088277,-0.95339948,-4.0952196,0.25362587,0.79025757,-0.55782348,0
-1.7811899,3.4919472,3.286099,-0.54872245,0.59245491,0.58983147,0
2.787956,-1.6620717,-0.94255233,0.79660392,0.15649378,0.5838939,0
2.1253929,-3.5487013,-3.0640965,0.54872245,-0.59245491,-0.58983147,0
2.2079413,-3.1500425,-3.3854175,0.54872245,-0.59245491,-0.58983147,0
1.1620233,0.069200039,0.66316456,0.79660392,0.15649378,0.5838939,0
-0.925565,2.3717878,-0.67365271,0.25362587,0.79025757,-0.55782348,0
-3.7384529,1.4530908,1.919888,-0.79660392,-0.15649378,-0.5838939,0
0.3926661,2.4269741,-0.23231208,0.25362587,0.79025757,-0.55782348,0
-1.0130469,-2.2763629,-0.40427172,-0.79660392,-0.15649378,-0.5838939,0
0.78105885,-2.319634,-3.0748553,-0.79660392,-0.15649378,-0.5838939,0
-1.33474,-1.348513,-0.26307446,-0.79660392,-0.15649378,-0.5838939,0
1.4808621,-3.0986519,-0.0076191425,-0.25362587,-0.79025757,0.55782348,0
3.3543003,-2.5969644,-1.4431891,0.79660392,0.15649378,0.5838939,0
-2.5194404,0.69755393,3.4842854,-0.25362587,-0.79025757,0.55782348,0
3.0243473,-1.047668,-1.6101034,0.79660392,0.15649378,0.5838939,0
-0.26436722,1.0272862,2.4732449,0.79660392,0.15649378,0.5838939,0
3.1436424,-0.79705989,-2.9964523,0.25362587,0.79025757,-0.55782348,0
-0.66805053,-0.74899495,-1.3832071,-0.79660392,-0.15649378,-0.5838939,0
0.53700697,-1.7778201,-3.1255739,-0.79660392,-0.15649378,-0.5838939,0
3.1755004,-3.8505406,-1.3885484,0.54872245,-0.59245491,-0.58983147,0
3.3005114,-0.08351934,-2.1330206,0.25362587,0.79025757,-0.55782348,0
-3.3214455,3.4414582,1.6237016,-0.54872245,0.59245491,0.58983147,0
-0.0019876957,1.6118716,-1.1289744,0.25362587,0.79025757,-0.55782348,0
-0.6888445,1.2917191,3.2207615,0.79660392,0.15649378,0.5838939,0
-3.8616979,2.6570535,2.1916666,-0.54872245,0.59245491,0.58983147,0
-0.64358234,-1.8028207,-1.0849361,-0.79660392,-0.15649378,-0.5838939,0
-1.2035908,2.8364494,3.3682938,0.79660392,0.15649378,0.5838939,0
1.2588148,-3.9602246,-3.0405474,0.54872245,-0.59245491,-0.58983147,0
0.25249469,-2.000912,-2.2934005,-0.79660392,-0.15649378,-0.5838939,0
-3.0006943,4.2123828,1.7324591,-0.54872245,0.59245491,0.58983147,0
0.087955117,-3.0860143,-1.8760657,-0.79660392,-0.15649378,-0.5838939,0
-0.40575647,-2.6216369,-0.0754354,-0.25362587,-0.79025757,0.55782348,0
-1.1518756,3.9850247,2.8273616,0.79660392,0.15649378,0.5838939,0
-0.85476804,3.128027,3.2146602,0.79660392,0.15649378,0.5838939,0
0.83740938,-1.2004859,1.6151991,0.79660392,0.15649378,0.5838939,0
4.1042585,-1.4729617,-3.3280702,0.54872245,-0.59245491,-0.58983147,0
0.047559977,1.1939294,-1.8769639,0.25362587,0.79025757,-0.55782348,0
1.5988262,-0.49224669,-3.3455951,0.25362587,0.79025757,-0.55782348,0
-2.2074039,1.9470725,4.7775092,-0.54872245,0.59245491,0.58983147,0
1.1971138,-4.6798639,-2.7410975,0.54872245,-0.59245491,-0.58983147,0
0.96518803,0.34426498,-2.3014238,0.25362587,0.79025757,-0.55782348,0
1.0735255,1.4495511,0.55125922,0.79660392,0.15649378,0.5838939,0
2.1048572,-0.12736404,-2.7017994,0.25362587,0.79025757,-0.55782348,0
-2.7272823,2.6838408,3.3453979,-0.54872245,0.59245491,0.58983147,0
-0.17001343,0.13223028,2.8982263,0.79660392,0.15649378,0.5838939,0
3.1563978,0.056013227,-2.0256143,0.25362587,0.79025757,-0.55782348,0
2.5860696,-3.9200861,-1.9222679,0.54872245,-0.59245491,-0.58983147,0
0.61972415,0.12708104,-3.0890272,0.25362587,0.79025757,-0.55782348,0
-0.86250746,-2.1557772,-0.61316025,-0.79660392,-0.15649378,-0.5838939,0
-2.9720044,2.6679487,2.7835917,-0.54872245,0.59245491,0.58983147,0
1.3446153,-3.798708,-3.1236706,0.54872245,-0.59245491,-0.58983147,0
-3.6236722,2.3513365,2.4197049,-0.54872245,0.59245491,0.58983147,0
1.4049168,-1.2112287,-4.2206898,-0.79660392,-0.15649378,-0.5838939,0
-2.108839,0.058366537,0.42529953,-0.79660392,-0.15649378,-0.5838939,0
-1.8801293,0.59028018,3.5898066,-0.25362587,-0.79025757,0.55782348,0
-0.18462741,-3.0933051,-0.97286582,-0.25362587,-0.79025757,0.55782348,0
-0.34835356,-1.2488191,-1.6891234,-0.79660392,-0.15649378,-0.5838939,0
1.8818192,-2.8698969,-3.8671956,0.54872245,-0.59245491,-0.58983147,0
-2.8813798,0.31222928,1.4874234,-0.79660392,-0.15649378,-0.5838939,0
2.2365863,-2.1028585,-4.1833596,0.54872245,-0.59245491,-0.58983147,0
0.49686503,2.7254076,1.1817815,0.79660392,0.15649378,0.5838939,0
-4.2642164,1.5506328,3.0258818,-0.54872245,0.59245491,0.58983147,0
1.1241202,-3.5545285,-1.27016,-0.25362587,-0.79025757,0.55782348,0
3.0356696,-1.9554067,-1.0888076,0.79660392,0.15649378,0.5838939,0
-1.7490568,4.1317787,2.411972,-0.54872245,0.59245491,0.58983147,0
-3.8561339,2.1217849,2.3954,-0.79660392,-0.15649378,-0.5838939,0
-1.8846992,-0.13703859,-0.18612999,-0.79660392,-0.15649378,-0.5838939,0
2.6435127,-4.0954638,-1.62148,0.54872245,-0.59245491,-0.58983147,0
0.94677782,1.1565734,-1.6499617,0.25362587,0.79025757,-0.55782348,0
2.8092823,-3.4501507,-2.210084,0.54872245,-0.59245491,-0.58983147,0
1.111649,-1.9104073,-3.3263865,-0.79660392,-0.15649378,-0.5838939,0
2.568049,-2.6202872,-3.4087391,0.54872245,-0.59245491,-0.58983147,0
0.51942003,1.9645712,1.1866243,0.79660392,0.15649378,0.5838939,0
3.3744049,-0.49439287,-1.8871503,0.79660392,0.15649378,0.5838939,0
0.69794166,-3.9465389,-1.6628149,-0.25362587,-0.79025757,0.55782348,0
-1.9117806,1.5247873,4.7569466,0.79660392,0.15649378,0.5838939,0
1.2851614,-0.14602196,0.51454955,0.79660392,0.15649378,0.5838939,0
-1.2437595,1.265521,-1.2112887,-0.79660392,-0.15649378,-0.5838939,0
-2.3517821,-0.65300286,1.2996131,-0.25362587,-0.79025757,0.55782348,0
2.1335208,0.33920074,-0.62631023,0.79660392,0.15649378,0.5838939,0
3.8186135,-3.0064826,-1.9647708,0.54872245,-0.59245491,-0.58983147,0
-1.2079022,1.7034613,3.4970934,0.79660392,0.15649378,0.5838939,0
-1.714789,-0.078954257,2.5031476,-0.25362587,-0.79025757,0.55782348,0
-3.5130291,2.1329267,2.8955927,-0.54872245,0.59245491,0.58983147,0
2.2075081,-1.7076926,-4.8990135,0.54872245,-0.59245491,-0.58983147,0
-0.42467964,-0.26495957,2.8964005,-0.25362587,-0.79025757,0.55782348,0
-3.3788068,0.48717391,1.8887069,-0.79660392,-0.15649378,-0.5838939,0
-2.6081388,3.3898492,2.3159161,-0.54872245,0.59245491,0.58983147,0
1.7761929,-4.5916042,-2.1772704,0.54872245,-0.59245491,-0.58983147,0
-2.3259563,3.9168353,2.2589049,-0.54872245,0.59245491,0.58983147,0
1.1764225,0.28540042,-2.4447694,0.25362587,0.79025757,-0.55782348,0
-0.57264042,1.5534444,-1.6834693,0.25362587,0.79025757,-0.55782348,0
-1.8698852,4.3134556,2.1287756,-0.54872245,0.59245491,0.58983147,0
2.79808,-2.7892594,-0.62972832,0.79660392,0.15649378,0.5838939,0
-0.013857186,-0.82924891,-2.0143824,-0.79660392,-0.15649378,-0.5838939,0
1.2338362,1.0758455,-1.8259103,0.25362587,0.79025757,-0.55782348,0
-1.4214631,-0.73565131,1.6173761,-0.25362587,-0.79025757,0.55782348,0
-0.033928633,2.1217108,-0.60514677,0.25362587,0.79025757,-0.55782348,0
0.32612693,-2.7829876,-0.38952923,-0.25362587,-0.79025757,0.55782348,0
2.1953151,-3.3460958,-3.2813768,0.54872245,-0.59245491,-0.58983147,0
-1.8056419,-0.3839055,1.9183757,-0.25362587,-0.79025757,0.55782348,0
3.7787385,-2.1051273,-2.5814185,0.54872245,-0.59245491,-0.58983147,0
-0.83085132,-0.96012282,-1.5203066,-0.79660392,-0.15649378,-0.5838939,0
3.1216395,-1.3699075,-1.4190261,0.79660392,0.15649378,0.5838939,0
-3.5772867,3.2122114,2.2272358,-0.54872245,0.59245491,0.58983147,0
2.21334,-0.1120398,-0.35304189,0.79660392,0.15649378,0.5838939,0
1.3435054,-1.8166189,1.4884571,-0.25362587,-0.79025757,0.55782348,0
-0.27484703,-1.152487,1.4936243,-0.25362587,-0.79025757,0.55782348,0
0.62590992,-2.4501235,-3.0319936,-0.79660392,-0.15649378,-0.5838939,0
1.1302706,-2.884675,-3.0611038,-0.79660392,-0.15649378,-0.5838939,0
-1.7210853,3.9934726,1.5186162,0.25362587,0.79025757,-0.55782348,0
1.4843436,1.2245066,0.22407213,0.79660392,0.15649378,0.5838939,0
-0.10286689,-3.1732354,-1.8815668,-0.79660392,-0.15649378,-0.5838939,0
-1.96299,2.1044238,-0.28527999,-0.79660392,-0.15649378,-0.5838939,0
1.9690864,-3.5137622,-3.3810482,0.54872245,-0.59245491,-0.58983147,0
-0.47894895,0.46048975,2.9912217,0.79660392,0.15649378,0.5838939,0
0.66607702,-0.47209108,1.7948937,0.79660392,0.15649378,0.5838939,0
3.5014648,-0.83684582,-1.823797,0.79660392,0.15649378,0.5838939,0
3.2832205,-3.6537585,-0.7951417,0.79660392,0.15649378,0.5838939,0
3.0061181,-0.67680949,-1.0742762,0.79660392,0.15649378,0.5838939,0
3.2249608,-3.4817555,-2.2785106,0.54872245,-0.59245491,-0.58983147,0
1.6017504,0.19429617,-2.3393307,0.25362587,0.79025757,-0.55782348,0
-0.94418955,-0.7381084,2.186043,-0.25362587,-0.79025757,0.55782348,0
-0.89927042,1.3661613,-2.0485203,-0.79660392,-0.15649378,-0.5838939,0
-2.2294259,1.5431488,4.6287198,-0.25362587,-0.79025757,0.55782348,0
0.23199034,-3.4285707,-1.6936762,-0.79660392,-0.15649378,-0.5838939,0
2.8350596,-1.5546623,-0.77027512,0.79660392,0.15649378,0.5838939,0
3.4345338,-1.6509885,-3.7690697,0.54872245,-0.59245491,-0.58983147,0
1.8119522,-2.780746,0.39192152,-0.25362587,-0.79025757,0.55782348,0
0.43441677,-3.860589,-1.9946153,-0.79660392,-0.15649378,-0.5838939,0
1.9488062,-1.5070959,-4.5644956,-0.79660392,-0.15649378,-0.5838939,0
0.89628959,-1.8914223,1.056463,-0.25362587,-0.79025757,0.55782348,0
-1.669118,2.3431113,4.4131541,-0.54872245,0.59245491,0.58983147,0
2.4829967,-3.2342591,0.15238333,0.79660392,0.15649378,0.5838939,0
-2.6373353,1.1119469,0.57977438,-0.79660392,-0.15649378,-0.5838939,0
3.0329225,-1.6535244,-4.1665721,0.54872245,-0.59245491,-0.58983147,0
1.3389037,-3.7506196,-1.3063612,-0.25362587,-0.79025757,0.55782348,0
-1.7483063,-0.90915227,0.15601003,-0.79660392,-0.15649378,-0.5838939,0
-1.5360382,-0.37305975,-0.40902543,-0.79660392,-0.15649378,-0.5838939,0
0.27937841,2.288691,1.3528962,0.79660392,0.15649378,0.5838939,0
3.6235166,-2.4609661,-2.4872751,0.54872245,-0.59245491,-0.58983147,0
1.0023539,-3.6244378,-1.4016683,-0.25362587,-0.79025757,0.55782348,0
0.22912288,-0.74183613,2.4317274,-0.25362587,-0.79025757,0.55782348,0
-0.44244385,-0.5443064,2.365684,-0.25362587,-0.79025757,0.55782348,0
-3.2802639,0.62665784,1.9826026,-0.79660392,-0.15649378,-0.5838939,0
-1.2212983,2.1137238,-1.2207869,0.25362587,0.79025757,-0.55782348,0
-2.405421,4.2694635,1.3905797,0.25362587,0.79025757,-0.55782348,0
-3.8778198,2.9758968,2.1077805,-0.54872245,0.59245491,0.58983147,0
-2.222115,3.511344,3.1023245,-0.54872245,0.59245491,0.58983147,0
-1.8288703,3.2460036,3.7163935,-0.54872245,0.59245491,0.58983147,0
-0.18930483,3.9025278,1.5071802,0.25362587,0.79025757,-0.55782348,0
-1.2316808,0.29095507,3.3668056,-0.25362587,-0.79025757,0.55782348,0
-2.6267767,2.4518723,3.9038782,-0.54872245,0.59245491,0.58983147,0
3.2346144,-3.0270364,-2.6999655,0.54872245,-0.59245491,-0.58983147,0
2.8678908,-3.291512,-2.2505369,0.54872245,-0.59245491,-0.58983147,0
-2.2286727,3.2479353,-0.13046432,0.25362587,0.79025757,-0.55782348,0
2.2613671,-2.2987731,-4.0245314,0.54872245,-0.59245491,-0.58983147,0
-0.90030468,0.57557893,3.822691,0.79660392,0.15649378,0.5838939,0
1.432992,-4.1564622,-1.4952569,-0.25362587,-0.79025757,0.55782348,0
1.034565,-2.538249,0.81782264,-0.25362587,-0.79025757,0.55782348,0
1.5700737,-3.2968354,-0.50439596,-0.25362587,-0.79025757,0.55782348,0
3.858834,-2.9823308,-1.991971,0.79660392,0.15649378,0.5838939,0
0.15162289,-2.8108048,-0.42147589,-0.25362587,-0.79025757,0.55782348,0
-2.477572,3.421236,2.4490862,-0.54872245,0.59245491,0.58983147,0
-0.86049557,1.8540459,3.1528952,0.79660392,0.15649378,0.5838939,0
-3.3098781,2.2307546,3.2725191,-0.54872245,0.59245491,0.58983147,0
2.5364227,-3.6973281,-0.26188517,-0.25362587,-0.79025757,0.55782348,0
-2.3327212,1.9269656,4.6433392,-0.54872245,0.59245491,0.58983147,0
0.86930573,1.9811556,0.60784948,0.79660392,0.15649378,0.5838939,0
-3.1096168,0.9146148,3.6658001,-0.25362587,-0.79025757,0.55782348,0
0.55067563,1.8369588,-0.51229477,0.25362587,0.79025757,-0.55782348,0
-0.54138732,0.19052076,-1.6403022,-0.79660392,-0.15649378,-0.5838939,0
-2.712925,0.46512306,0.75251961,-0.79660392,-0.15649378,-0.5838939,0
1.8233831,-2.4887922,0.6196878,0.79660392,0.15649378,0.5838939,0
-1.6679387,0.39508551,3.4770851,-0.25362587,-0.79025757,0.55782348,0
0.72341549,-1.9199575,1.3835543,-0.25362587,-0.79025757,0.55782348,0
0.82513487,2.297977,0.29944193,0.25362587,0.79025757,-0.55782348,0
-0.63732249,1.5198157,3.1375573,0.79660392,0.15649378,0.5838939,0
-0.62851435,3.8628345,2.5511541,0.79660392,0.15649378,0.5838939,0
-3.7771089,0.91732085,3.1779284,-0.25362587,-0.79025757,0.55782348,0
-2.6924381,2.230875,3.8270535,-0.54872245,0.59245491,0.58983147,0
-1.3253922,-1.9259528,0.46616974,-0.25362587,-0.79025757,0.55782348,0
-1.1399159,2.2601976,-0.87282056,0.25362587,0.79025757,-0.55782348,0
1.3955762,-3.2332342,-0.22073793,-0.25362587,-0.79025757,0.55782348,0
-3.8687847,2.8568072,2.0945029,-0.54872245,0.59245491,0.58983147,0
-1.9148006,2.5361004,4.0141864,-0.54872245,0.59245491,0.58983147,0
-0.99803567,-0.37107599,-0.94494492,-0.79660392,-0.15649378,-0.5838939,0
3.6627522,-3.1645799,-1.8491969,0.54872245,-0.59245491,-0.58983147,0
1.8355116,-3.9952157,-3.077651,0.54872245,-0.59245491,-0.58983147,0
0.49522698,-0.66063344,2.1167128,0.79660392,0.15649378,0.5838939,0
-0.25367093,3.4955287,2.2418027,0.79660392,0.15649378,0.5838939,0
-2.9983313,2.9323015,2.4385271,-0.54872245,0.59245491,0.58983147,0
2.1609836,-4.3479228,-2.221035,0.54872245,-0.59245491,-0.58983147,0
-0.65291095,-1.3198146,1.5656768,-0.25362587,-0.79025757,0.55782348,0
-3.2269711,3.8411326,1.8025937,-0.54872245,0.59245491,0.58983147,0
-2.0840645,3.5794067,2.9828863,-0.54872245,0.59245491,0.58983147,0
2.0124269,-1.1163547,-4.1693478,0.25362587,0.79025757,-0.55782348,0
-2.583035,2.4869454,0.16863561,-0.79660392,-0.15649378,-0.5838939,0
0.05076766,2.1282897,-0.74750441,0.25362587,0.79025757,-0.55782348,0
0.48602676,-0.84936386,2.4352543,0.79660392,0.15649378,0.5838939,0
-1.9867803,0.23795617,0.19979262,-0.79660392,-0.15649378,-0.5838939,0
-0.95623183,-0.62329185,2.4985771,-0.25362587,-0.79025757,0.55782348,0
-1.3088859,0.24079311,-0.87246847,-0.79660392,-0.15649378,-0.5838939,0
-3.0014393,3.2171245,2.1375828,-0.54872245,0.59245491,0.58983147,0
1.720731,-3.7242959,-3.4485221,0.54872245,-0.59245491,-0.58983147,0
-0.79745442,-1.4051858,-0.84596539,-0.79660392,-0.15649378,-0.5838939,0
-0.51444948,3.9025297,1.9199061,0.25362587,0.79025757,-0.55782348,0
-1.755784,-1.5629169,0.58489037,-0.25362587,-0.79025757,0.55782348,0
-1.9373027,-0.52572376,1.872517,-0.25362587,-0.79025757,0.55782348,0
2.5210819,-2.8363338,-2.9697695,0.54872245,-0.59245491,-0.58983147,0
-3.1739867,2.680151,2.6060357,-0.54872245,0.59245491,0.58983147,0
0.34130836,-3.5081625,-2.1822734,-0.79660392,-0.15649378,-0.5838939,0
2.0421922,-1.16309,0.31200469,0.79660392,0.15649378,0.5838939,0
-0.65972257,-2.4099267,-0.086398482,-0.25362587,-0.79025757,0.55782348,0
-0.69860291,-1.3914839,-1.4634589,-0.79660392,-0.15649378,-0.5838939,0
4.0145793,-1.3653888,-3.3771515,0.54872245,-0.59245491,-0.58983147,0
-1.1539426,-0.69654584,1.9479514,-0.25362587,-0.79025757,0.55782348,0
-2.6412811,3.884897,1.9000235,-0.54872245,0.59245491,0.58983147,0
-3.1531034,2.2929206,2.9650946,-0.54872245,0.59245491,0.58983147,0
2.5316992,-3.5285695,-2.4444542,0.54872245,-0.59245491,-0.58983147,0
3.189538,-2.7613542,-2.495573,0.54872245,-0.59245491,-0.58983147,0
1.7927102,-1.0068648,0.10620737,0.79660392,0.15649378,0.5838939,0
-3.7324781,0.70629811,2.6507802,-0.25362587,-0.79025757,0.55782348,0
3.7549167,-1.8601618,-3.0877876,0.54872245,-0.59245491,-0.58983147,0
-1.2046874,1.8459837,3.5654235,0.79660392,0.15649378,0.5838939,0
-1.5700164,3.7865472,3.3868632,-0.54872245,0.59245491,0.58983147,0
0.91334713,-1.4246268,-3.6239693,-0.79660392,-0.15649378,-0.5838939,0
2.4531875,-2.3881049,-3.6368613,0.54872245,-0.59245491,-0.58983147,0
1.1667624,0.67365992,1.0515382,0.79660392,0.15649378,0.5838939,0
-0.50796866,-2.4164541,0.1576438,-0.25362587,-0.79025757,0.55782348,0
-0.095003843,0.1078186,-2.6683798,-0.79660392,-0.15649378,-0.5838939,0
3.2392755,-2.4189401,-0.92405987,0.79660392,0.15649378,0.5838939,0
3.1670291,-0.95800948,-3.7786269,0.25362587,0.79025757,-0.55782348,0
3.7493005,-0.68689835,-2.2271445,0.79660392,0.15649378,0.5838939,0
-2.8677144,4.454556,1.3550372,-0.54872245,0.59245491,0.58983147,0
-2.8393869,3.6594143,2.2509389,-0.54872245,0.59245491,0.58983147,0
-4.2319398,2.0412283,2.7704182,-0.54872245,0.59245491,0.58983147,0
0.13926125,0.8442328,-2.4003229,0.25362587,0.79025757,-0.55782348,0
1.031671,-2.6548011,0.45497727,-0.25362587,-0.79025757,0.55782348,0
3.6837764,-3.7292733,-1.2085667,0.79660392,0.15649378,0.5838939,0
-3.4018481,1.1713951,2.0694981,-0.79660392,-0.15649378,-0.5838939,0
1.5584056,-4.5819616,-2.1582909,0.54872245,-0.59245491,-0.58983147,0
2.6365483,-4.1240277,-1.0198765,-0.25362587,-0.79025757,0.55782348,0
-1.9369423,0.18960395,3.2138276,-0.25362587,-0.79025757,0.55782348,0
3.0577061,-4.1235929,-1.3710938,0.54872245,-0.59245491,-0.58983147,0
3.6949162,-2.1841891,-2.6021829,0.54872245,-0.59245491,-0.58983147,0
-3.0914021,0.57592463,2.9230728,-0.25362587,-0.79025757,0.55782348,0
-2.7971048,0.95190763,3.6189399,-0.25362587,-0.79025757,0.55782348,0
-1.4596785,3.9828105,3.2926464,-0.54872245,0.59245491,0.58983147,0
-2.4280207,3.6251416,0.12484741,0.25362587,0.79025757,-0.55782348,0
2.7023361,-0.34119976,-2.8609161,0.25362587,0.79025757,-0.55782348,0
-1.8711941,-0.19100869,0.32404876,-0.79660392,-0.15649378,-0.5838939,0
-1.1374805,-0.52807522,-0.5491901,-0.79660392,-0.15649378,-0.5838939,0
1.8301659,-3.7253563,-0.9177146,-0.25362587,-0.79025757,0.55782348,0
0.8456291,-3.9509306,-1.407253,-0.25362587,-0.79025757,0.55782348,0
3.3273568,-0.28708273,-2.727165,0.25362587,0.79025757,-0.55782348,0
-2.6019344,3.8578644,2.1163301,-0.54872245,0.59245491,0.58983147,0
-1.3305186,3.5039442,0.87303877,0.25362587,0.79025757,-0.55782348,0
-0.46154082,-1.7225393,0.64071935,-0.25362587,-0.79025757,0.55782348,0
-3.3382823,1.4687326,1.6482027,-0.79660392,-0.15649378,-0.5838939,0
-2.6957481,4.224297,1.0362368,0.25362587,0.79025757,-0.55782348,0
-3.9384241,1.9636928,2.615737,-0.54872245,0.59245491,0.58983147,0
-1.4610879,1.9760543,-1.2257036,-0.79660392,-0.15649378,-0.5838939,0
-1.6348778,1.4839687,4.060925,0.79660392,0.15649378,0.5838939,0
2.5705619,-1.5826045,-4.2090998,0.54872245,-0.59245491,-0.58983147,0
1.4159381,-3.5265901,-0.67787337,-0.25362587,-0.79025757,0.55782348,0
-0.80274272,2.0111065,-1.3467257,0.25362587,0.79025757,-0.55782348,0
-0.97731519,2.4626002,-0.64035517,0.25362587,0.79025757,-0.55782348,0
1.2978477,-4.2987013,-2.2476954,-0.25362587,-0.79025757,0.55782348,0
1.4131958,-3.7165861,-3.396841,-0.79660392,-0.15649378,-0.5838939,0
-0.2547344,-0.14713979,2.9135537,0.79660392,0.15649378,0.5838939,0
2.9945424,-3.4661613,-0.92712831,0.79660392,0.15649378,0.5838939,0
-2.5850291,1.5765545,4.502007,-0.54872245,0.59245491,0.58983147,0
-2.1282344,3.7772264,2.7587972,-0.54872245,0.59245491,0.58983147,0
-0.98333699,3.2234011,3.291007,0.79660392,0.15649378,0.5838939,0
-1.3753855,2.1094015,-1.139872,0.25362587,0.79025757,-0.55782348,0
-3.8308263,1.3068428,3.4336476,-0.54872245,0.59245491,0.58983147,0
2.1338239,-1.9815629,0.34295321,0.79660392,0.15649378,0.5838939,0
-0.71424925,2.387928,-0.78378606,0.25362587,0.79025757,-0.55782348,0
3.5104191,-2.9143407,-2.0926452,0.54872245,-0.59245491,-0.58983147,0
-1.479247,0.41372013,3.4181125,-0.25362587,-0.79025757,0.55782348,0
1.0698464,-2.784534,-0.19585419,-0.25362587,-0.79025757,0.55782348,0
-1.930603,2.2097456,-0.47472429,-0.79660392,-0.15649378,-0.5838939,0
-1.8678224,1.5902467,-0.34545887,-0.79660392,-0.15649378,-0.5838939,0
-3.9759107,0.90951741,2.586719,-0.79660392,-0.15649378,-0.5838939,0
-1.926945,2.9077439,3.4908137,-0.54872245,0.59245491,0.58983147,0
0.34419954,2.5092416,0.22037649,0.25362587,0.79025757,-0.55782348,0
0.70506895,-1.6923172,1.4263813,-0.25362587,-0.79025757,0.55782348,0
-0.22934061,3.1088665,2.2537131,0.79660392,0.15649378,0.5838939,0
0.53748101,-0.66127193,1.9778432,0.79660392,0.15649378,0.5838939,0
-1.011655,-0.56683159,-1.10102,-0.79660392,-0.15649378,-0.5838939,0
-3.301722,3.1026666,2.5780802,-0.54872245,0.59245491,0.58983147,0
-0.20427597,3.0650172,1.9556463,0.79660392,0.15649378,0.5838939,0
3.6337616,-2.7997823,-2.1147747,0.54872245,-0.59245491,-0.58983147,0
-1.9248806,4.0298095,1.0410805,0.25362587,0.79025757,-0.55782348,0
-0.47243688,3.2205029,2.5957384,0.79660392,0.15649378,0.5838939,0
-3.2466068,-0.0018103123,2.1185379,-0.79660392,-0.15649378,-0.5838939,0
-0.95077682,-1.7858822,0.43912941,-0.25362587,-0.79025757,0.55782348,0
-0.30488145,-2.8099341,-0.81723762,-0.25362587,-0.79025757,0.55782348,0
-2.1973462,1.696219,4.6804585,-0.54872245,0.59245491,0.58983147,0
2.4257309,-2.6296701,-3.8819666,0.54872245,-0.59245491,-0.58983147,0
-3.5002577,3.6390569,1.8887625,-0.54872245,0.59245491,0.58983147,0
2.0853786,0.057360202,-2.2039623,0.25362587,0.79025757,-0.55782348,0
-0.91425443,-1.8705966,0.75830215,-0.25362587,-0.79025757,0.55782348,0
1.314433,-2.3996153,0.77076042,-0.25362587,-0.79025757,0.55782348,0
-2.3339899,2.5734534,3.883491,-0.54872245,0.59245491,0.58983147,0
-0.8711412,-2.2614465,0.13257092,-0.25362587,-0.79025757,0.55782348,0
