-3.6672947,-2.3927791,1.4309111,-0.70226926,-0.61358929,0.36100733,0
-3.4155588,-0.30688092,1.4035854,-0.70125455,0.5088048,-0.4993594,0
-3.8078103,-2.3908973,0.59647036,-0.70226926,-0.61358929,0.36100733,0
4.1376805,1.8867917,-0.66515017,0.70125455,-0.5088048,0.4993594,0
-4.4724364,-0.92177397,2.1009531,-0.70226926,-0.61358929,0.36100733,0
-3.580132,-0.78650731,2.4280758,-0.12271923,0.60384268,0.78760022,0
-3.1286633,-2.5573962,-0.96690798,0.12271923,-0.60384268,-0.78760022,0
-3.0707316,-2.4895687,2.6078176,-0.70226926,-0.61358929,0.36100733,0
0.57491946,-0.11491752,-2.4552014,0.12271923,-0.60384268,-0.78760022,0
-3.7749624,-2.8996329,-0.09982872,-0.70226926,-0.61358929,0.36100733,0
1.1030092,1.1620831,1.6059886,-0.12271923,0.60384268,0.78760022,0
2.9157557,2.8159471,0.58149004,-0.12271923,0.60384268,0.78760022,0
2.6030509,3.1883388,-1.8886724,0.70226926,0.61358929,-0.36100733,0
-1.3253973,-1.6226714,3.0017838,0.70125455,-0.5088048,0.4993594,0
1.8711879,1.1168234,1.6474897,0.70125455,-0.5088048,0.4993594,0
3.231144,3.2309,0.81587839,-0.12271923,0.60384268,0.78760022,0
-2.5590298,-2.1816702,3.5516462,-0.70226926,-0.61358929,0.36100733,0
-2.7748594,-1.1485088,-0.49038196,-0.70125455,0.5088048,-0.4993594,0
-0.35097575,2.8880849,0.15825737,-0.12271923,0.60384268,0.78760022,0
-2.9357738,-2.817168,1.622323,-0.70226926,-0.61358929,0.36100733,0
-3.7197056,-1.3880131,2.8512669,-0.12271923,0.60384268,0.78760022,0
-3.2466145,-1.3507771,0.20639229,-0.70125455,0.5088048,-0.4993594,0
-3.6102281,-3.1881871,-0.15481138,-0.70226926,-0.61358929,0.36100733,0
1.1439978,-0.18686473,-2.0783997,0.12271923,-0.60384268,-0.78760022,0
-3.3605423,-3.0470738,-0.53920507,0.12271923,-0.60384268,-0.78760022,0
3.8255501,0.67605388,-1.8129952,0.70125455,-0.5088048,0.4993594,0
-1.0107987,-2.5007424,1.8318715,0.70125455,-0.5088048,0.4993594,0
0.65451276,-1.5632744,-1.1539176,0.12271923,-0.60384268,-0.78760022,0
-3.5629778,-0.80909777,2.5268383,-0.12271923,0.60384268,0.78760022,0
-3.2821658,-1.5594053,-0.25889826,-0.70125455,0.5088048,-0.4993594,0
3.9306519,1.0757909,-1.6133823,0.70125455,-0.5088048,0.4993594,0
4.2774143,1.3918775,-1.9672489,0.70226926,0.61358929,-0.36100733,0
1.9968845,3.4469407,-2.4438496,0.70226926,0.61358929,-0.36100733,0
-1.4932613,-4.1290717,0.87457132,0.70125455,-0.5088048,0.4993594,0
-3.8814223,-2.509387,0.42910433,-0.70226926,-0.61358929,0.36100733,0
-3.3403482,-2.5611668,1.9188704,-0.70226926,-0.61358929,0.36100733,0
-1.7606989,-3.7857535,1.256496,0.70125455,-0.5088048,0.4993594,0
-3.3273134,-3.1461167,0.53772974,-0.70226926,-0.61358929,0.36100733,0
3.451545,2.2587807,-2.4564643,0.70226926,0.61358929,-0.36100733,0
2.4399004,-0.53998333,-0.74553955,0.70125455,-0.5088048,0.4993594,0
-3.1230583,-3.5680768,-0.19278002,0.12271923,-0.60384268,-0.78760022,0
1.8493173,0.76158357,1.3247558,0.70125455,-0.5088048,0.4993594,0
3.1773419,3.4092197,-0.31449556,0.70226926,0.61358929,-0.36100733,0
-2.9832642,-2.5002983,-1.0543447,-0.70125455,0.5088048,-0.4993594,0
-0.41543013,1.7241095,-0.67340028,-0.70125455,0.5088048,-0.4993594,0
0.24508834,1.0574476,1.5990882,-0.12271923,0.60384268,0.78760022,0
2.7667632,1.8342202,0.76437807,0.70125455,-0.5088048,0.4993594,0
-0.18590117,-2.1233606,1.4613385,0.70125455,-0.5088048,0.4993594,0
-0.96621561,-1.4759511,2.6932228,0.70125455,-0.5088048,0.4993594,0
2.0892782,-0.29220253,-1.7608221,0.12271923,-0.60384268,-0.78760022,0
2.9278154,3.2126727,-0.99732161,0.70226926,0.61358929,-0.36100733,0
0.57897657,-2.3292725,0.1291492,0.70125455,-0.5088048,0.4993594,0
2.3847415,1.7769896,1.6463354,-0.12271923,0.60384268,0.78760022,0
2.4674549,2.6571312,-3.2898996,0.70226926,0.61358929,-0.36100733,0
1.4337454,1.8084615,-3.5665693,-0.70125455,0.5088048,-0.4993594,0
2.5688393,-0.60039026,-1.0046078,0.70125455,-0.5088048,0.4993594,0
1.2422508,1.6616688,1.5826589,-0.12271923,0.60384268,0.78760022,0
2.5887027,4.1744895,-0.86868811,0.70226926,0.61358929,-0.36100733,0
0.33987552,3.4061732,-0.22770691,-0.70125455,0.5088048,-0.4993594,0
-0.76111943,-3.2886071,0.55611062,0.70125455,-0.5088048,0.4993594,0
-3.8015285,-2.4388235,-0.083972931,-0.70125455,0.5088048,-0.4993594,0
-3.3343492,-2.1672955,2.0696135,-0.70226926,-0.61358929,0.36100733,0
1.4879076,1.5218735,-3.2415166,-0.70125455,0.5088048,-0.4993594,0
-0.68358541,-0.35780501,2.8827384,-0.12271923,0.60384268,0.78760022,0
2.8974218,3.7526734,0.048041344,-0.12271923,0.60384268,0.78760022,0
-0.60752082,1.095136,1.4140577,-0.12271923,0.60384268,0.78760022,0
-2.3888719,-2.7078769,3.0122323,-0.70226926,-0.61358929,0.36100733,0
0.81043267,0.047763824,-2.3416076,0.12271923,-0.60384268,-0.78760022,0
2.5113449,3.2081995,-2.4142935,0.70226926,0.61358929,-0.36100733,0
-0.89694989,-3.5870466,-0.18251705,0.12271923,-0.60384268,-0.78760022,0
3.197794,2.671093,-1.6493921,0.70226926,0.61358929,-0.36100733,0
0.18294072,1.5890703,-1.4984226,-0.70125455,0.5088048,-0.4993594,0
0.15015697,-0.6511634,-2.0088689,0.12271923,-0.60384268,-0.78760022,0
3.9031222,2.1849699,-1.5937018,0.70226926,0.61358929,-0.36100733,0
2.1293643,3.430768,-2.5804706,-0.70125455,0.5088048,-0.4993594,0
-2.7228651,-2.5250776,2.640765,-0.70226926,-0.61358929,0.36100733,0
-2.2831006,-0.069630384,0.076064825,-0.70125455,0.5088048,-0.4993594,0
0.13490897,-1.2381629,1.2405685,0.70125455,-0.5088048,0.4993594,0
-3.8648975,-0.89707375,1.718982,-0.70125455,0.5088048,-0.4993594,0
-0.31210858,-3.3057415,-0.15668368,0.12271923,-0.60384268,-0.78760022,0
-3.6234739,-0.36220616,1.6623607,-0.70125455,0.5088048,-0.4993594,0
4.0473995,1.635339,-0.67641497,0.70125455,-0.5088048,0.4993594,0
-3.9450073,-2.0044668,1.032093,-0.70226926,-0.61358929,0.36100733,0
2.2370977,2.3811722,-3.7369139,0.70226926,0.61358929,-0.36100733,0
-2.3243713,-0.36621621,0.12527227,-0.70125455,0.5088048,-0.4993594,0
1.0303463,-1.1003506,0.56636322,0.70125455,-0.5088048,0.4993594,0
0.10294986,-0.48982441,-2.1759915,0.12271923,-0.60384268,-0.78760022,0
4.1339126,1.4312755,-1.9454317,0.70226926,0.61358929,-0.36100733,0
-0.87151229,-1.2653247,-1.8511462,0.12271923,-0.60384268,-0.78760022,0
-3.4805412,-2.9321594,0.24015522,-0.70226926,-0.61358929,0.36100733,0
-0.16422272,-0.12112749,-2.3154542,0.12271923,-0.60384268,-0.78760022,0
0.6931724,1.7969391,1.1092895,-0.12271923,0.60384268,0.78760022,0
2.0995595,4.2715092,-1.1851015,0.70226926,0.61358929,-0.36100733,0
-0.15902972,-3.0424736,-0.08577323,0.70125455,-0.5088048,0.4993594,0
-1.3531162,-3.7649348,1.4365597,0.70125455,-0.5088048,0.4993594,0
2.573761,2.7434101,-3.0482557,0.70226926,0.61358929,-0.36100733,0
-1.3927338,-0.61530221,2.8475034,-0.12271923,0.60384268,0.78760022,0
3.1084914,2.9586709,-1.5201011,0.70226926,0.61358929,-0.36100733,0
1.8752676,-1.4249055,-1.0161463,0.70125455,-0.5088048,0.4993594,0
-1.3410764,-4.103013,0.31263638,0.12271923,-0.60384268,-0.78760022,0
1.7349449,3.8374529,-0.10631514,-0.12271923,0.60384268,0.78760022,0
2.0334001,4.0165343,-1.9635091,-0.70125455,0.5088048,-0.4993594,0
-3.2473912,-2.2056544,2.486058,-0.70226926,-0.61358929,0.36100733,0
0.81254435,-2.0574064,0.0054034591,0.70125455,-0.5088048,0.4993594,0
1.6107855,3.7478881,-0.28206921,-0.12271923,0.60384268,0.78760022,0
-2.4419544,-2.4786034,3.2792966,-0.70226926,-0.61358929,0.36100733,0
-3.3820028,-0.96363628,2.6315331,-0.12271923,0.60384268,0.78760022,0
-3.3732853,-2.4603176,-0.4427948,-0.70125455,0.5088048,-0.4993594,0
0.32201293,2.8362586,0.16825294,-0.12271923,0.60384268,0.78760022,0
2.31268,4.0385365,-0.74897528,0.70226926,0.61358929,-0.36100733,0
-0.54909754,-0.51570082,2.8758776,0.70125455,-0.5088048,0.4993594,0
-0.055817246,1.9483571,0.82908797,-0.12271923,0.60384268,0.78760022,0
2.8495765,3.7058911,-0.86272573,0.70226926,0.61358929,-0.36100733,0
0.15121913,0.29287267,-2.6501944,0.12271923,-0.60384268,-0.78760022,0
4.4534574,1.5439423,-1.7314086,0.70226926,0.61358929,-0.36100733,0
-2.5796263,-3.6759028,-0.070144653,0.12271923,-0.60384268,-0.78760022,0
2.3073256,0.22817814,0.078640699,0.70125455,-0.5088048,0.4993594,0
-3.067565,-1.8812103,3.1319997,-0.70226926,-0.61358929,0.36100733,0
-3.3792882,-2.652801,1.4435835,-0.70226926,-0.61358929,0.36100733,0
-3.6200528,0.01518698,1.7160151,-0.70125455,0.5088048,-0.4993594,0
-4.1434469,-0.75459141,2.0667076,-0.70125455,0.5088048,-0.4993594,0
3.9839585,1.7919472,-1.725071,0.70226926,0.61358929,-0.36100733,0
1.5970162,1.3968582,1.6152291,-0.12271923,0.60384268,0.78760022,0
-4.0177832,-1.0652333,1.3390732,-0.70125455,0.5088048,-0.4993594,0
1.5546088,3.896513,-1.3941102,-0.70125455,0.5088048,-0.4993594,0
3.8264241,2.7054119,0.20693874,0.70125455,-0.5088048,0.4993594,0
-1.1877395,-3.4855237,-0.26284552,0.12271923,-0.60384268,-0.78760022,0
3.2319636,0.32441103,-1.2292953,0.70125455,-0.5088048,0.4993594,0
-1.9185536,1.1132455,1.2871164,-0.12271923,0.60384268,0.78760022,0
0.15099788,-2.4164956,-0.66150904,0.12271923,-0.60384268,-0.78760022,0
-2.0328937,0.51514274,1.8924847,-0.12271923,0.60384268,0.78760022,0
-1.1748979,-2.378932,-1.1493218,0.12271923,-0.60384268,-0.78760022,0
-0.74357629,2.0597422,0.81764579,-0.12271923,0.60384268,0.78760022,0
2.4311821,4.3512182,-0.21424723,-0.12271923,0.60384268,0.78760022,0
1.875612,1.8915963,-3.6958461,-0.70125455,0.5088048,-0.4993594,0
3.7527566,1.4508144,-2.2301652,0.70226926,0.61358929,-0.36100733,0
1.5613626,1.1816585,1.9239438,-0.12271923,0.60384268,0.78760022,0
-3.1259589,-3.34495,-0.56929588,0.12271923,-0.60384268,-0.78760022,0
-4.0691371,-1.3265383,2.5590961,-0.70226926,-0.61358929,0.36100733,0
-0.94965076,-2.7986529,-0.53582478,0.12271923,-0.60384268,-0.78760022,0
0.25892997,0.044102311,-2.4456573,0.12271923,-0.60384268,-0.78760022,0
3.6360757,3.0342164,1.0095487,-0.12271923,0.60384268,0.78760022,0
1.3119445,2.7385941,0.77790999,-0.12271923,0.60384268,0.78760022,0
-1.2583878,-3.6845729,0.2338295,0.12271923,-0.60384268,-0.78760022,0
2.1744037,0.51366556,0.12934613,0.70125455,-0.5088048,0.4993594,0
3.329917,1.6944416,-3.0176432,0.70226926,0.61358929,-0.36100733,0
-1.1285793,1.1931942,1.2756915,-0.12271923,0.60384268,0.78760022,0
-2.5922689,-4.0149302,0.40871716,-0.70226926,-0.61358929,0.36100733,0
0.53992188,2.05144,-1.8761793,-0.70125455,0.5088048,-0.4993594,0
-2.3507364,-2.6464646,2.8442252,-0.70226926,-0.61358929,0.36100733,0
-4.2842875,-1.7699795,1.3504744,-0.70226926,-0.61358929,0.36100733,0
-1.9081719,-3.2608125,2.5864966,0.70125455,-0.5088048,0.4993594,0
2.5797207,-0.51170194,-1.5969816,0.12271923,-0.60384268,-0.78760022,0
-0.0031892061,-1.9634423,-1.1011558,0.12271923,-0.60384268,-0.78760022,0
0.47219056,-1.08223,1.4260538,0.70125455,-0.5088048,0.4993594,0
0.64689088,1.5220381,-2.7370615,-0.70125455,0.5088048,-0.4993594,0
-3.2986937,-2.5472343,1.3451042,-0.70226926,-0.61358929,0.36100733,0
3.4163051,2.0344748,0.28762817,0.70125455,-0.5088048,0.4993594,0
2.8605669,3.28301,0.51473141,-0.12271923,0.60384268,0.78760022,0
1.7237675,0.40967524,0.93701267,0.70125455,-0.5088048,0.4993594,0
0.93463612,0.70129359,-2.7498236,0.12271923,-0.60384268,-0.78760022,0
-2.7570791,-1.4630365,-0.54267192,-0.70125455,0.5088048,-0.4993594,0
1.8449781,2.5892284,-3.2643354,-0.70125455,0.5088048,-0.4993594,0
2.8205409,2.4467492,-3.1663611,0.70226926,0.61358929,-0.36100733,0
-3.3232598,-2.8057992,-0.66641808,0.12271923,-0.60384268,-0.78760022,0
3.0391307,3.4905059,-0.89272499,0.70226926,0.61358929,-0.36100733,0
-0.48651683,1.9676785,0.94734967,-0.12271923,0.60384268,0.78760022,0
0.47350383,1.8454752,-1.6498945,-0.70125455,0.5088048,-0.4993594,0
-0.17280352,-1.0091312,-1.7406732,0.12271923,-0.60384268,-0.78760022,0
2.8412848,3.5220072,-0.92803431,0.70226926,0.61358929,-0.36100733,0
1.5151426,1.851706,1.3678162,-0.12271923,0.60384268,0.78760022,0
3.1437328,0.072058141,-2.2371781,0.12271923,-0.60384268,-0.78760022,0
-2.4764266,-3.9198651,0.96651173,-0.70226926,-0.61358929,0.36100733,0
-2.7023418,-0.5341652,2.5236607,-0.12271923,0.60384268,0.78760022,0
-1.20994,-0.88086855,2.8350053,-0.12271923,0.60384268,0.78760022,0
1.7143407,-0.053201377,-2.0096564,0.12271923,-0.60384268,-0.78760022,0
1.4971901,1.3178995,1.5187154,-0.12271923,0.60384268,0.78760022,0
3.7235742,2.0480413,-1.3062243,0.70226926,0.61358929,-0.36100733,0
0.28145146,0.5558089,-2.8324969,-0.70125455,0.5088048,-0.4993594,0
2.5642459,2.5190344,-2.9101567,0.70226926,0.61358929,-0.36100733,0
3.2830482,1.5776639,-3.3683009,0.70226926,0.61358929,-0.36100733,0
2.942174,3.5878034,-0.51786327,0.70226926,0.61358929,-0.36100733,0
2.489202,1.6160467,-3.3665996,0.12271923,-0.60384268,-0.78760022,0
2.0239182,1.275715,-3.0643036,0.12271923,-0.60384268,-0.78760022,0
4.1412463,1.9673898,-1.3644028,0.70226926,0.61358929,-0.36100733,0
2.4462616,-0.019429743,-2.1489396,0.12271923,-0.60384268,-0.78760022,0
-2.9866316,-3.9071116,-0.026956558,0.12271923,-0.60384268,-0.78760022,0
4.0963511,0.66107255,-1.9353149,0.70125455,-0.5088048,0.4993594,0
-2.0440404,-2.109288,-1.2911673,0.12271923,-0.60384268,-0.78760022,0
-2.0840433,-4.5472617,0.9779439,-0.70226926,-0.61358929,0.36100733,0
3.2436934,2.7566879,-1.7220893,0.70226926,0.61358929,-0.36100733,0
3.4959733,3.6841435,0.25010538,0.70226926,0.61358929,-0.36100733,0
0.93405068,1.9903624,1.104532,-0.12271923,0.60384268,0.78760022,0
1.0495054,4.0437336,-0.46207643,-0.70125455,0.5088048,-0.4993594,0
3.0605574,1.6055056,-3.448951,0.12271923,-0.60384268,-0.78760022,0
-1.4018273,-3.3010871,1.8313534,0.70125455,-0.5088048,0.4993594,0
-2.7820554,-0.59864414,2.5202332,-0.12271923,0.60384268,0.78760022,0
-3.2236834,-1.933008,-0.3789916,-0.70125455,0.5088048,-0.4993594,0
-0.067337871,-1.5548052,-1.6099637,0.12271923,-0.60384268,-0.78760022,0
1.4395754,-0.14444125,-2.4539196,0.12271923,-0.60384268,-0.78760022,0
3.162854,3.6070759,0.16509724,-0.12271923,0.60384268,0.78760022,0
2.3840847,3.0154934,0.36439085,-0.12271923,0.60384268,0.78760022,0
2.3180702,2.7464972,0.65797901,-0.12271923,0.60384268,0.78760022,0
-3.6581976,-2.441767,1.1495075,-0.70226926,-0.61358929,0.36100733,0
-2.7629886,-0.92408657,2.8240774,-0.12271923,0.60384268,0.78760022,0
-4.1297102,-1.1378945,2.0543296,-0.70226926,-0.61358929,0.36100733,0
-2.7957952,-0.94963545,-0.11807442,-0.70125455,0.5088048,-0.4993594,0
0.24688077,0.82022572,1.7395593,-0.12271923,0.60384268,0.78760022,0
-0.14325547,0.35382783,2.0280049,-0.12271923,0.60384268,0.78760022,0
-2.723181,-3.2373722,1.1683569,-0.70226926,-0.61358929,0.36100733,0
-4.126812,-0.58049685,1.8371453,-0.70125455,0.5088048,-0.4993594,0
0.68348598,0.063007712,2.4368389,0.70125455,-0.5088048,0.4993594,0
-0.72489762,-0.65281272,2.8058095,-0.12271923,0.60384268,0.78760022,0
-3.2406101,-2.1343114,2.6659415,-0.70226926,-0.61358929,0.36100733,0
-3.8530352,-2.1930721,0.39141703,-0.70125455,0.5088048,-0.4993594,0
-2.7172844,-0.18163031,0.83437181,-0.70125455,0.5088048,-0.4993594,0
-2.5725775,0.38037032,1.2505192,-0.70125455,0.5088048,-0.4993594,0
0.61106479,-1.1462309,-1.364642,0.12271923,-0.60384268,-0.78760022,0
1.7050505,1.167122,-3.3672647,0.12271923,-0.60384268,-0.78760022,0
0.17268777,0.81340194,-2.2172384,-0.70125455,0.5088048,-0.4993594,0
-3.0469909,-1.5890608,0.039202213,-0.70125455,0.5088048,-0.4993594,0
-1.0411661,1.2453358,0.11077826,-0.70125455,0.5088048,-0.4993594,0
-2.3739226,-4.0395651,1.2250481,-0.70226926,-0.61358929,0.36100733,0
4.1457195,2.5856833,-0.5097394,0.70226926,0.61358929,-0.36100733,0
-4.0087867,-2.2776885,1.3029819,-0.70226926,-0.61358929,0.36100733,0
-3.4187031,-2.0964823,2.0578375,-0.70226926,-0.61358929,0.36100733,0
1.7890007,4.4488978,-0.8684535,-0.70125455,0.5088048,-0.4993594,0
1.3435047,1.1342192,-3.4022756,0.12271923,-0.60384268,-0.78760022,0
-3.6114573,-2.5269156,-0.46646547,-0.70125455,0.5088048,-0.4993594,0
0.62615228,3.630336,0.045840979,-0.70125455,0.5088048,-0.4993594,0
2.8515005,3.1295438,0.47633457,-0.12271923,0.60384268,0.78760022,0
3.8022695,3.0741277,0.16143608,0.70226926,0.61358929,-0.36100733,0
2.858727,4.054512,-0.16151047,0.70226926,0.61358929,-0.36100733,0
1.1751142,0.2431823,1.687189,0.70125455,-0.5088048,0.4993594,0
2.3896937,4.1018538,0.004752636,-0.12271923,0.60384268,0.78760022,0
3.4727619,2.3367574,-2.2773614,0.70226926,0.61358929,-0.36100733,0
-3.208528,-2.1947122,-0.44480085,-0.70125455,0.5088048,-0.4993594,0
-3.0653467,-2.8574927,1.795187,-0.70226926,-0.61358929,0.36100733,0
-0.091958165,1.0578533,1.5143507,-0.12271923,0.60384268,0.78760022,0
3.099915,2.2638831,-2.1815298,0.70226926,0.61358929,-0.36100733,0
2.5319822,0.33901608,-2.4099879,0.12271923,-0.60384268,-0.78760022,0
4.1285067,1.8755556,-0.88049078,0.70226926,0.61358929,-0.36100733,0
-3.4405653,-2.6943033,1.5040054,-0.70226926,-0.61358929,0.36100733,0
2.710037,2.6910012,-2.1623027,0.70226926,0.61358929,-0.36100733,0
-3.6537204,-2.2262666,1.666266,-0.70226926,-0.61358929,0.36100733,0
0.25645256,2.6850038,-0.84246457,-0.70125455,0.5088048,-0.4993594,0
-2.6052866,-2.8093553,2.7498367,-0.70226926,-0.61358929,0.36100733,0
2.4772742,2.2748144,-3.3920681,0.70226926,0.61358929,-0.36100733,0
0.47416344,3.19169,-0.30112004,-0.70125455,0.5088048,-0.4993594,0
1.5478603,-0.17979276,-2.1111665,0.12271923,-0.60384268,-0.78760022,0
4.2069974,1.2803428,-2.5738268,0.70226926,0.61358929,-0.36100733,0
-1.5826526,-3.1868262,-0.23763037,0.12271923,-0.60384268,-0.78760022,0
1.8158314,3.5132537,-1.5810997,-0.70125455,0.5088048,-0.4993594,0
-2.5657167,-3.9469433,0.54961348,-0.70226926,-0.61358929,0.36100733,0
-0.98417735,-3.4066079,-0.066604614,0.12271923,-0.60384268,-0.78760022,0
-0.83733964,-2.3778372,-0.85985017,0.12271923,-0.60384268,-0.78760022,0
-0.51235843,-3.3052804,-0.15442538,0.12271923,-0.60384268,-0.78760022,0
3.1073205,2.2733963,0.83953285,0.70125455,-0.5088048,0.4993594,0
2.4845366,1.0876536,0.32343817,0.70125455,-0.5088048,0.4993594,0
-1.3222729,-0.020406485,-0.88113475,-0.70125455,0.5088048,-0.4993594,0
3.5698383,2.2756467,-1.4051833,0.70226926,0.61358929,-0.36100733,0
-0.31296468,-2.0178816,-1.2363479,0.12271923,-0.60384268,-0.78760022,0
-3.7247252,-2.9929905,0.1493969,-0.70226926,-0.61358929,0.36100733,0
2.4024649,3.5035784,-2.0924077,0.70226926,0.61358929,-0.36100733,0
-2.9530938,-3.1835718,1.2615118,-0.70226926,-0.61358929,0.36100733,0
-3.9426901,-1.486006,1.3323307,-0.70125455,0.5088048,-0.4993594,0
-3.1866686,-3.1727881,0.64721537,-0.70226926,-0.61358929,0.36100733,0
0.97016823,0.48765612,2.304667,0.70125455,-0.5088048,0.4993594,0
-3.1547785,-2.7152827,2.1168203,-0.70226926,-0.61358929,0.36100733,0
0.52761585,2.589792,-1.4609284,-0.70125455,0.5088048,-0.4993594,0
2.392839,3.3486531,0.50461817,-0.12271923,0.60384268,0.78760022,0
1.7232105,-0.035485148,-2.4264078,0.12271923,-0.60384268,-0.78760022,0
0.38050902,-2.0030262,-0.74182034,0.12271923,-0.60384268,-0.78760022,0
-3.6268957,-0.38388327,2.2224128,-0.12271923,0.60384268,0.78760022,0
1.5831116,2.8801408,0.57797599,-0.12271923,0.60384268,0.78760022,0
-1.7872939,-1.0037495,2.8065128,-0.12271923,0.60384268,0.78760022,0
-3.844883,-2.6459999,0.085056305,-0.70226926,-0.61358929,0.36100733,0
-1.71857,-2.338712,3.2153664,0.70125455,-0.5088048,0.4993594,0
0.18949521,-1.4162909,1.6942499,0.70125455,-0.5088048,0.4993594,0
3.7682462,1.8423638,-1.9437613,0.70226926,0.61358929,-0.36100733,0
2.5562205,3.5208795,-1.1762857,0.70226926,0.61358929,-0.36100733,0
3.6641045,2.5630221,0.21626043,0.70125455,-0.5088048,0.4993594,0
-3.5470779,-3.4562597,0.23905182,-0.70226926,-0.61358929,0.36100733,0
-1.6985172,0.47032684,-0.29874671,-0.70125455,0.5088048,-0.4993594,0
-1.3900613,-2.305829,2.3946476,0.70125455,-0.5088048,0.4993594,0
3.2044196,2.0176811,-3.2477961,0.70226926,0.61358929,-0.36100733,0
-1.6096624,-4.1890688,0.27853823,0.12271923,-0.60384268,-0.78760022,0
2.6028013,3.1897228,-1.4440093,0.70226926,0.61358929,-0.36100733,0
2.9687431,3.3385143,-0.6350913,0.70226926,0.61358929,-0.36100733,0
1.1499242,-1.5526142,-0.0098193958,0.70125455,-0.5088048,0.4993594,0
-3.3623571,-0.070466854,1.4024894,-0.70125455,0.5088048,-0.4993594,0
-0.011120439,-0.88250703,-1.6369592,0.12271923,-0.60384268,-0.78760022,0
-3.5548134,-2.8707497,0.26037073,-0.70226926,-0.61358929,0.36100733,0
4.3127275,1.2759359,-2.1688943,0.70226926,0.61358929,-0.36100733,0
1.4351752,-0.010671496,1.0949614,0.70125455,-0.5088048,0.4993594,0
4.295022,1.5292745,-1.7618828,0.70125455,-0.5088048,0.4993594,0
3.4359474,2.0561748,-2.6798496,0.70226926,0.61358929,-0.36100733,0
0.22187114,-0.026195168,-2.3594279,0.12271923,-0.60384268,-0.78760022,0
-0.39886022,-0.077780724,2.6856906,-0.12271923,0.60384268,0.78760022,0
4.1710005,1.8326962,-1.1206927,0.70226926,0.61358929,-0.36100733,0
-1.2464001,-2.3565147,2.2673993,0.70125455,-0.5088048,0.4993594,0
2.3240869,3.9861107,-1.5026546,0.70226926,0.61358929,-0.36100733,0
-3.2811489,-3.6089997,0.35805702,-0.70226926,-0.61358929,0.36100733,0
-2.7840526,-2.6465223,2.4626615,-0.70226926,-0.61358929,0.36100733,0
-2.4550452,-0.72259009,2.6641407,-0.12271923,0.60384268,0.78760022,0
3.3781273,2.0704765,0.3033123,0.70125455,-0.5088048,0.4993594,0
-3.6479402,-2.8779984,0.82683325,-0.70226926,-0.61358929,0.36100733,0
3.9579227,1.7345051,-1.5743499,0.70226926,0.61358929,-0.36100733,0
0.75359273,0.99793118,1.6630479,-0.12271923,0.60384268,0.78760022,0
1.376225,-0.74751669,0.6254493,0.70125455,-0.5088048,0.4993594,0
-3.8706894,-1.3996,2.7501493,-0.70226926,-0.61358929,0.36100733,0
-2.0478153,-3.2621145,2.5256789,0.70125455,-0.5088048,0.4993594,0
3.772043,1.9877188,-0.63355589,0.70125455,-0.5088048,0.4993594,0
0.91284359,2.1852055,-2.1116614,-0.70125455,0.5088048,-0.4993594,0
-0.72490144,-0.92738509,2.8545232,0.70125455,-0.5088048,0.4993594,0
3.6330695,1.6011145,-2.922967,0.70226926,0.61358929,-0.36100733,0
-2.470865,-3.4478102,1.5671029,-0.70226926,-0.61358929,0.36100733,0
3.9303298,1.9826761,-0.9984808,0.70226926,0.61358929,-0.36100733,0
-3.9087334,-1.2818819,2.9334912,-0.70226926,-0.61358929,0.36100733,0
3.2102919,3.4821398,0.089750767,0.70226926,0.61358929,-0.36100733,0
-3.2310064,-0.6681332,2.6938117,-0.12271923,0.60384268,0.78760022,0
1.5600753,0.7463727,-2.6689181,0.12271923,-0.60384268,-0.78760022,0
-1.7714825,-0.86828768,2.6993585,-0.12271923,0.60384268,0.78760022,0
3.8901744,1.7054092,-2.3514376,0.70226926,0.61358929,-0.36100733,0
-4.2620773,-1.5881616,1.9649739,-0.70226926,-0.61358929,0.36100733,0
3.0204825,1.3874303,0.13153887,0.70125455,-0.5088048,0.4993594,0
-0.30201459,1.4668732,-1.1636974,-0.70125455,0.5088048,-0.4993594,0
-2.0062473,0.11378837,0.03670609,-0.70125455,0.5088048,-0.4993594,0
-0.11262429,-1.8638654,-0.93929803,0.12271923,-0.60384268,-0.78760022,0
2.5552297,-0.28284848,-2.093698,0.12271923,-0.60384268,-0.78760022,0
2.3999286,3.9277771,-0.86152744,0.70226926,0.61358929,-0.36100733,0
2.7594445,0.42074257,-0.16993403,0.70125455,-0.5088048,0.4993594,0
1.3137379,2.6298532,0.71691799,-0.12271923,0.60384268,0.78760022,0
-3.1775103,-3.2116694,0.59106064,-0.70226926,-0.61358929,0.36100733,0
2.0311811,1.4964154,-3.5374918,0.12271923,-0.60384268,-0.78760022,0
0.43256533,1.81015,1.0111681,-0.12271923,0.60384268,0.78760022,0
2.27333,2.345592,-3.4286635,-0.70125455,0.5088048,-0.4993594,0
1.5256332,0.71819633,1.412117,0.70125455,-0.5088048,0.4993594,0
0.16534668,-2.653908,0.17155886,0.70125455,-0.5088048,0.4993594,0
-2.6298101,-1.1783442,3.1075339,-0.12271923,0.60384268,0.78760022,0
-0.71229333,-2.2373524,-0.91702414,0.12271923,-0.60384268,-0.78760022,0
-0.2077359,-1.5765278,-1.5452902,0.12271923,-0.60384268,-0.78760022,0
0.18322849,2.5741484,0.53479183,-0.12271923,0.60384268,0.78760022,0
-0.82405353,-0.90735781,3.0355449,0.70125455,-0.5088048,0.4993594,0
-2.406651,-2.8491616,3.155859,-0.70226926,-0.61358929,0.36100733,0
1.938759,-0.025365114,-2.4288907,0.12271923,-0.60384268,-0.78760022,0
2.1487186,-0.55008024,-0.64650595,0.70125455,-0.5088048,0.4993594,0
2.4732308,3.2420611,-2.3956814,0.70226926,0.61358929,-0.36100733,0
2.4983575,3.3906291,-1.8313603,0.70226926,0.61358929,-0.36100733,0
0.99564219,0.092298627,-2.4032073,0.12271923,-0.60384268,-0.78760022,0
2.1217878,-1.095998,-1.3519204,0.12271923,-0.60384268,-0.78760022,0
-0.49378896,-2.1440184,1.5305632,0.70125455,-0.5088048,0.4993594,0
3.3998246,1.8788793,-2.8192163,0.70226926,0.61358929,-0.36100733,0
-3.6970751,-1.6763515,0.71734095,-0.70125455,0.5088048,-0.4993594,0
0.89727283,-0.3846128,-2.3446369,0.12271923,-0.60384268,-0.78760022,0
3.7764232,1.8251268,-1.792592,0.70226926,0.61358929,-0.36100733,0
-3.9281282,-2.7707553,0.32973528,-0.70226926,-0.61358929,0.36100733,0
-1.5958606,-3.1331749,-0.57332373,0.12271923,-0.60384268,-0.78760022,0
0.11858511,1.0003315,-2.2086957,-0.70125455,0.5088048,-0.4993594,0
-1.6003722,-0.48414171,-1.5102172,-0.70125455,0.5088048,-0.4993594,0
-2.4219484,-2.355582,3.6784315,0.70125455,-0.5088048,0.4993594,0
-4.0330901,-1.5651191,1.5650201,-0.70226926,-0.61358929,0.36100733,0
-1.1780241,-0.24781752,2.6674623,-0.12271923,0.60384268,0.78760022,0
2.8859131,0.24794766,-0.61634183,0.70125455,-0.5088048,0.4993594,0
-3.0834408,0.032569945,2.1078305,-0.12271923,0.60384268,0.78760022,0
-3.8490717,-1.107188,0.88815498,-0.70125455,0.5088048,-0.4993594,0
-0.43820977,-3.222857,0.20368147,0.70125455,-0.5088048,0.4993594,0
-3.0623112,-3.2947428,0.71830177,-0.70226926,-0.61358929,0.36100733,0
3.4133487,2.7718949,-1.2911053,0.70226926,0.61358929,-0.36100733,0
3.0920725,2.9342952,-1.4241233,0.70226926,0.61358929,-0.36100733,0
3.2011807,0.9772141,-0.31251907,0.70125455,-0.5088048,0.4993594,0
2.1336656,-0.5595395,-1.77319,0.12271923,-0.60384268,-0.78760022,0
-1.6039152,-3.0127544,2.304749,0.70125455,-0.5088048,0.4993594,0
0.19193673,0.84615499,2.0920715,-0.12271923,0.60384268,0.78760022,0
-1.121084,1.7457941,1.132082,-0.12271923,0.60384268,0.78760022,0
2.5741155,2.5162079,0.97453976,-0.12271923,0.60384268,0.78760022,0
-2.0758982,0.15138298,2.3160815,-0.12271923,0.60384268,0.78760022,0
1.9194655,-0.67557502,-0.70164335,0.70125455,-0.5088048,0.4993594,0
-0.92097354,-2.7385173,1.2333701,0.70125455,-0.5088048,0.4993594,0
1.2223531,2.445003,-2.5937598,-0.70125455,0.5088048,-0.4993594,0
4.3729715,1.3497796,-1.5910573,0.70226926,0.61358929,-0.36100733,0
3.9235404,1.8463712,-1.434968,0.70226926,0.61358929,-0.36100733,0
-3.9410162,-0.59707934,1.7533166,-0.70125455,0.5088048,-0.4993594,0
-3.5474255,-2.0899458,2.0309172,-0.70226926,-0.61358929,0.36100733,0
-2.3150761,-3.02665,-0.39794683,0.12271923,-0.60384268,-0.78760022,0
2.7914963,-0.16269314,-2.2190638,0.12271923,-0.60384268,-0.78760022,0
2.469157,1.7496271,1.5459249,0.70125455,-0.5088048,0.4993594,0
0.4546634,2.0793686,0.84501517,-0.12271923,0.60384268,0.78760022,0
-3.7021511,-2.820056,0.85140991,-0.70226926,-0.61358929,0.36100733,0
2.3209579,3.9051032,-0.82292366,0.70226926,0.61358929,-0.36100733,0
-2.3308492,-0.026260585,0.42572546,-0.70125455,0.5088048,-0.4993594,0
3.6358604,2.0254536,-2.0540075,0.70226926,0.61358929,-0.36100733,0
-2.2454917,-4.3368144,0.39186096,-0.70226926,-0.61358929,0.36100733,0
-2.9479845,-3.085665,1.6545486,-0.70226926,-0.61358929,0.36100733,0
3.5700858,1.5821892,-3.2337415,0.70226926,0.61358929,-0.36100733,0
3.7825828,2.9266336,-0.06045723,0.70226926,0.61358929,-0.36100733,0
-2.1927824,-1.3048513,3.4205885,-0.12271923,0.60384268,0.78760022,0
-1.1750575,-2.862843,-0.70039463,0.12271923,-0.60384268,-0.78760022,0
0.020460367,1.3287332,-1.8560209,-0.70125455,0.5088048,-0.4993594,0
-3.3209777,-3.4646537,-0.096176147,-0.70226926,-0.61358929,0.36100733,0
1.4730293,3.8840723,0.043570042,-0.12271923,0.60384268,0.78760022,0
-1.9819744,1.0387125,1.4091228,-0.12271923,0.60384268,0.78760022,0
-4.0058441,-2.3083887,0.99916267,-0.70226926,-0.61358929,0.36100733,0
1.9362717,4.4010439,-0.95331097,-0.70125455,0.5088048,-0.4993594,0
2.9534311,2.7733932,-1.9366884,0.70226926,0.61358929,-0.36100733,0
-1.339474,-0.20469677,2.3506467,-0.12271923,0.60384268,0.78760022,0
-2.6445897,-3.9054601,0.99675751,-0.70226926,-0.61358929,0.36100733,0
0.57813311,2.8429182,-0.7956183,-0.70125455,0.5088048,-0.4993594,0
3.7372484,2.1937594,-1.3408341,0.70226926,0.61358929,-0.36100733,0
-3.8558404,-2.9132891,-0.023428917,-0.70226926,-0.61358929,0.36100733,0
1.52815,4.1477938,-0.5830183,-0.12271923,0.60384268,0.78760022,0
-3.1277521,-1.0919626,0.06600976,-0.70125455,0.5088048,-0.4993594,0
-3.783112,-2.3857234,1.4397678,-0.70226926,-0.61358929,0.36100733,0
-0.23153329,2.7175765,0.64767075,-0.12271923,0.60384268,0.78760022,0
1.2894521,3.5011427,-1.1466374,-0.70125455,0.5088048,-0.4993594,0
2.6222391,2.1755691,-3.686425,0.70226926,0.61358929,-0.36100733,0
-2.1564023,-1.6582923,3.5323997,-0.12271923,0.60384268,0.78760022,0
3.7115841,2.1140127,-1.4307947,0.70226926,0.61358929,-0.36100733,0
-2.5984349,-2.1701028,-1.1862476,-0.70125455,0.5088048,-0.4993594,0
-1.3656495,-2.5874944,1.9860015,0.70125455,-0.5088048,0.4993594,0
0.76089114,-1.7393341,0.010160089,0.70125455,-0.5088048,0.4993594,0
-1.8331683,-1.2307537,-1.5137119,-0.70125455,0.5088048,-0.4993594,0
-0.43771559,2.1589601,-0.58620864,-0.70125455,0.5088048,-0.4993594,0
2.8823926,2.3032465,-3.2653255,0.70226926,0.61358929,-0.36100733,0
3.3456657,3.4367497,0.29666471,0.70226926,0.61358929,-0.36100733,0
2.0819533,2.3978136,-3.0901873,-0.70125455,0.5088048,-0.4993594,0
-0.32935119,1.692494,0.97198457,-0.12271923,0.60384268,0.78760022,0
-2.6962402,-2.4022288,3.6248615,-0.70226926,-0.61358929,0.36100733,0
1.6315275,4.3742085,-0.76764488,-0.70125455,0.5088048,-0.4993594,0
-0.023228526,-1.1052525,-1.5566838,0.12271923,-0.60384268,-0.78760022,0
0.79144675,3.3507442,0.19609213,-0.12271923,0.60384268,0.78760022,0
-0.90381551,1.7372208,1.0821184,-0.12271923,0.60384268,0.78760022,0
-3.6992588,-1.0653948,2.8518186,-0.12271923,0.60384268,0.78760022,0
2.619215,2.0184958,-3.616621,0.12271923,-0.60384268,-0.78760022,0
4.2857962,0.91706467,-2.0768614,0.70226926,0.61358929,-0.36100733,0
2.3905523,3.5301299,-0.039813042,-0.12271923,0.60384268,0.78760022,0
4.1832895,1.2381724,-1.3745489,0.70125455,-0.5088048,0.4993594,0
3.3050685,2.8356194,-1.5124292,0.70226926,0.61358929,-0.36100733,0
0.40602911,1.2060916,1.8745595,-0.12271923,0.60384268,0.78760022,0
0.46545947,-1.0739945,1.0723544,0.70125455,-0.5088048,0.4993594,0
-1.4304726,-4.0158882,0.58075333,0.70125455,-0.5088048,0.4993594,0
2.9853303,2.6147957,-2.5719087,0.70226926,0.61358929,-0.36100733,0
-0.26912189,-1.0122991,2.486412,0.70125455,-0.5088048,0.4993594,0
-0.54092741,0.9339518,1.9503826,-0.12271923,0.60384268,0.78760022,0
2.7275918,3.7484794,-0.56981516,0.70226926,0.61358929,-0.36100733,0
-1.0397174,-3.0299106,-0.44739032,0.12271923,-0.60384268,-0.78760022,0
1.350172,2.7138047,-1.9165251,-0.70125455,0.5088048,-0.4993594,0
3.6540937,1.2513522,-0.74854231,0.70125455,-0.5088048,0.4993594,0
0.18864012,0.77062225,-2.8830333,-0.70125455,0.5088048,-0.4993594,0
0.19151145,-1.7285529,0.91954261,0.70125455,-0.5088048,0.4993594,0
-0.97206306,-1.2606859,2.8722,0.70125455,-0.5088048,0.4993594,0
1.021679,1.6233139,1.6146612,-0.12271923,0.60384268,0.78760022,0
0.15422904,-1.7837211,-1.3408823,0.12271923,-0.60384268,-0.78760022,0
2.6447568,-0.73601931,-1.7234273,0.12271923,-0.60384268,-0.78760022,0
-2.8832915,-1.8917634,3.2457097,-0.70226926,-0.61358929,0.36100733,0
2.1903868,3.3579686,-2.7743795,0.70226926,0.61358929,-0.36100733,0
-2.3372221,-2.4841828,3.7616732,-0.70226926,-0.61358929,0.36100733,0
2.4833691,3.7624857,-1.1845932,0.70226926,0.61358929,-0.36100733,0
-0.68944871,1.7445048,0.10087717,-0.70125455,0.5088048,-0.4993594,0
1.9233196,-0.86988193,-1.3702848,0.12271923,-0.60384268,-0.78760022,0
2.5318794,2.3131142,-3.8042037,0.70226926,0.61358929,-0.36100733,0
0.32152733,2.5867848,-0.88658047,-0.70125455,0.5088048,-0.4993594,0
-1.7461338,-2.3785868,-1.2273676,0.12271923,-0.60384268,-0.78760022,0
3.0190101,2.430604,-2.6358941,0.70226926,0.61358929,-0.36100733,0
0.67116344,2.1382694,-1.9343306,-0.70125455,0.5088048,-0.4993594,0
-2.0809739,0.21900684,2.0598247,-0.12271923,0.60384268,0.78760022,0
-1.6862772,-3.8832626,-0.033147812,0.12271923,-0.60384268,-0.78760022,0
3.3332012,3.433012,-0.39986944,0.70226926,0.61358929,-0.36100733,0
-1.5916667,0.16701204,-0.65249693,-0.70125455,0.5088048,-0.4993594,0
2.9953456,1.8806305,0.8315773,0.70125455,-0.5088048,0.4993594,0
-2.6365192,-1.7341354,-0.97116518,-0.70125455,0.5088048,-0.4993594,0
-1.4700161,-2.9688697,2.0906174,0.70125455,-0.5088048,0.4993594,0
-2.1756835,0.25262952,0.25755131,-0.70125455,0.5088048,-0.4993594,0
-3.7297657,-0.56117523,1.8300428,-0.70125455,0.5088048,-0.4993594,0
2.2396791,2.2079172,1.2439179,-0.12271923,0.60384268,0.78760022,0
-3.5569935,-0.92171067,2.8740921,-0.12271923,0.60384268,0.78760022,0
1.7330852,4.434773,-0.37070227,-0.12271923,0.60384268,0.78760022,0
2.5389462,2.6258256,-2.8813808,0.70226926,0.61358929,-0.36100733,0
-1.1662085,1.6602521,1.2676396,-0.12271923,0.60384268,0.78760022,0
-3.6661067,-3.0191803,0.1057415,-0.70226926,-0.61358929,0.36100733,0
-0.73738313,-3.3860726,-0.2006259,0.12271923,-0.60384268,-0.78760022,0
3.5872135,0.88926721,-2.4914494,0.12271923,-0.60384268,-0.78760022,0
1.9771507,-0.17822427,0.38585782,0.70125455,-0.5088048,0.4993594,0
0.31866288,0.4386692,2.4407737,-0.12271923,0.60384268,0.78760022,0
0.69346881,0.55424404,2.0980186,-0.12271923,0.60384268,0.78760022,0
-3.9994414,-2.0746696,1.5199571,-0.70226926,-0.61358929,0.36100733,0
0.10563493,-1.7665296,-1.2038646,0.12271923,-0.60384268,-0.78760022,0
-0.39381823,-3.0328305,-0.058378696,0.12271923,-0.60384268,-0.78760022,0
0.5423615,0.54367566,2.4145353,-0.12271923,0.60384268,0.78760022,0
2.6280954,1.9479747,1.0139999,0.70125455,-0.5088048,0.4993594,0
2.6173646,2.6650233,0.71842194,-0.12271923,0.60384268,0.78760022,0
3.3638425,3.0035665,-1.2663465,0.70226926,0.61358929,-0.36100733,0
-3.2402587,-1.6709979,3.3259599,-0.12271923,0.60384268,0.78760022,0
1.2194376,0.3522799,1.8682475,0.70125455,-0.5088048,0.4993594,0
3.2977681,2.4152308,1.0115156,0.70125455,-0.5088048,0.4993594,0
3.6757588,2.1312776,0.30683517,0.70125455,-0.5088048,0.4993594,0
-1.9830046,-2.4208925,3.2115796,0.70125455,-0.5088048,0.4993594,0
3.576225,1.9741399,-2.6613567,0.70226926,0.61358929,-0.36100733,0
-3.8223948,-0.65154701,1.7396231,-0.70125455,0.5088048,-0.4993594,0
3.6210866,2.3997352,-1.4588799,0.70226926,0.61358929,-0.36100733,0
2.2309003,2.9660783,-2.5384912,0.70226926,0.61358929,-0.36100733,0
4.1310654,1.5094928,-2.2162766,0.70226926,0.61358929,-0.36100733,0
0.36084676,1.0538491,-2.1448901,-0.70125455,0.5088048,-0.4993594,0
-3.4018378,-0.17383644,1.9186211,-0.12271923,0.60384268,0.78760022,0
-2.3497348,-3.6491427,-0.15423536,0.12271923,-0.60384268,-0.78760022,0
3.9981031,2.9958196,0.14515924,0.70226926,0.61358929,-0.36100733,0
-0.61588782,2.2739239,0.1736778,-0.70125455,0.5088048,-0.4993594,0
-3.2721081,-3.4781599,-0.13431787,-0.70226926,-0.61358929,0.36100733,0
1.426919,0.29917085,-2.7359147,0.12271923,-0.60384268,-0.78760022,0
-0.29642868,-0.48684323,-2.2346249,0.12271923,-0.60384268,-0.78760022,0
3.6919467,1.7528217,-1.773757,0.70226926,0.61358929,-0.36100733,0
-2.1190081,-4.0202065,1.3387489,-0.70226926,-0.61358929,0.36100733,0
2.6918192,3.728334,-0.77565908,0.70226926,0.61358929,-0.36100733,0
-2.1255729,-3.6502588,1.9547291,-0.70226926,-0.61358929,0.36100733,0
-0.59727156,0.0076516867,-2.1528304,-0.70125455,0.5088048,-0.4993594,0
-0.29466814,1.6206853,-0.84911561,-0.70125455,0.5088048,-0.4993594,0
-3.4908822,-0.20241675,1.822408,-0.70125455,0.5088048,-0.4993594,0
-2.8678446,-3.1729646,1.7892528,-0.70226926,-0.61358929,0.36100733,0
0.85716236,3.8961205,-0.11647844,-0.12271923,0.60384268,0.78760022,0
3.7561607,1.7324142,-2.5179887,0.70226926,0.61358929,-0.36100733,0
-2.2012863,-4.4497681,0.50816345,-0.70226926,-0.61358929,0.36100733,0
-0.22185016,1.720181,-1.2765074,-0.70125455,0.5088048,-0.4993594,0
1.1033789,0.6448456,1.9821241,0.70125455,-0.5088048,0.4993594,0
-4.053628,-2.5659797,0.46490145,-0.70226926,-0.61358929,0.36100733,0
-2.597369,-3.5909526,1.7974515,-0.70226926,-0.61358929,0.36100733,0
-1.9300044,-4.5775533,0.60110044,0.12271923,-0.60384268,-0.78760022,0
2.275809,-0.26829547,-2.1864505,0.12271923,-0.60384268,-0.78760022,0
1.2885412,1.6493173,1.5001751,-0.12271923,0.60384268,0.78760022,0
-2.8781641,-1.3144029,3.2311792,-0.12271923,0.60384268,0.78760022,0
0.94173783,-1.8374115,-0.16675955,0.70125455,-0.5088048,0.4993594,0
1.1122501,-1.884079,-0.49908367,0.70125455,-0.5088048,0.4993594,0
2.8263049,0.052174985,-1.0484402,0.70125455,-0.5088048,0.4993594,0
0.43686688,1.7314688,-1.4852198,-0.70125455,0.5088048,-0.4993594,0
3.4919109,2.8983178,-1.0693812,0.70226926,0.61358929,-0.36100733,0
-0.6952939,2.1557834,-0.078377426,-0.70125455,0.5088048,-0.4993594,0
2.7601914,3.8289642,0.0009636879,-0.12271923,0.60384268,0.78760022,0
-2.4990137,-2.6514368,2.6151013,-0.70226926,-0.61358929,0.36100733,0
0.65970671,-1.3290502,-1.6506354,0.12271923,-0.60384268,-0.78760022,0
2.4938867,1.8399563,-3.4159455,0.12271923,-0.60384268,-0.78760022,0
1.6790459,0.017892361,-2.3521874,0.12271923,-0.60384268,-0.78760022,0
-1.9042474,-2.8193209,2.4615645,0.70125455,-0.5088048,0.4993594,0
-3.2362778,-3.661305,-0.19926548,-0.70226926,-0.61358929,0.36100733,0
-4.0606632,-1.0456339,1.9852026,-0.70125455,0.5088048,-0.4993594,0
3.8680716,1.3915515,-2.6493363,0.70226926,0.61358929,-0.36100733,0
-1.7556136,-2.1810868,3.0258226,0.70125455,-0.5088048,0.4993594,0
2.7784941,3.1902957,-1.8261366,0.70226926,0.61358929,-0.36100733,0
1.5471885,-0.41268641,-1.8832115,0.12271923,-0.60384268,-0.78760022,0
-3.3551695,-1.9700174,2.4059107,-0.70226926,-0.61358929,0.36100733,0
1.6849701,-0.22466528,0.025593042,0.70125455,-0.5088048,0.4993594,0
1.324522,4.3238769,-0.54016638,-0.12271923,0.60384268,0.78760022,0
-2.8641248,-2.4030604,-1.1736536,0.12271923,-0.60384268,-0.78760022,0
0.33389282,0.35968399,-2.9478927,-0.70125455,0.5088048,-0.4993594,0
-3.4542935,-1.8132782,2.4242973,-0.70226926,-0.61358929,0.36100733,0
3.6625113,1.9831994,-1.6893539,0.70226926,0.61358929,-0.36100733,0
-0.27826977,-2.9951339,0.55746269,0.70125455,-0.5088048,0.4993594,0
1.3584239,4.1108546,-0.81176138,-0.70125455,0.5088048,-0.4993594,0
-0.45452195,-3.0263143,0.3672595,0.70125455,-0.5088048,0.4993594,0
0.82021731,3.1512244,-0.66295648,-0.70125455,0.5088048,-0.4993594,0
2.9994738,1.9610207,-2.8611622,0.70226926,0.61358929,-0.36100733,0
3.381202,2.1711121,0.80824423,0.70125455,-0.5088048,0.4993594,0
-2.3167799,-3.612947,1.496129,-0.70226926,-0.61358929,0.36100733,0
1.9385674,-0.45689601,-0.12630105,0.70125455,-0.5088048,0.4993594,0
-0.89411706,0.53581893,-1.2657173,-0.70125455,0.5088048,-0.4993594,0
3.202877,3.3657475,-0.60145569,0.70226926,0.61358929,-0.36100733,0
2.3009896,-0.48894444,-1.9104551,0.12271923,-0.60384268,-0.78760022,0
-0.31889653,-0.56201887,-1.9107512,0.12271923,-0.60384268,-0.78760022,0
0.84132886,-0.53712362,-1.9628811,0.12271923,-0.60384268,-0.78760022,0
2.5162246,0.4619638,-0.14120126,0.70125455,-0.5088048,0.4993594,0
-3.0465803,-3.0981557,1.1896892,-0.70226926,-0.61358929,0.36100733,0
-4.0300655,-1.5589167,2.182559,-0.70226926,-0.61358929,0.36100733,0
-3.2199879,-1.4609613,-0.13889456,-0.70125455,0.5088048,-0.4993594,0
-4.0555477,-2.3434632,1.026329,-0.70226926,-0.61358929,0.36100733,0
2.2553458,-0.60244477,-0.42855716,0.70125455,-0.5088048,0.4993594,0
1.2348297,4.1380272,-0.5139184,-0.70125455,0.5088048,-0.4993594,0
-0.3255713,-1.7687728,-1.2897669,0.12271923,-0.60384268,-0.78760022,0
4.150578,1.3712726,-1.6759381,0.70125455,-0.5088048,0.4993594,0
-2.8988936,-1.6931443,-0.63188815,-0.70125455,0.5088048,-0.4993594,0
2.2824707,4.2056971,-1.3883204,0.70226926,0.61358929,-0.36100733,0
4.0808272,2.439919,-0.34771776,0.70125455,-0.5088048,0.4993594,0
-1.9782284,-3.6116414,2.4325953,0.70125455,-0.5088048,0.4993594,0
-1.753428,-1.805156,3.8853216,-0.12271923,0.60384268,0.78760022,0
-3.7157686,-2.4723635,1.4006705,-0.70226926,-0.61358929,0.36100733,0
-1.5247048,-1.4915062,-1.8700897,0.12271923,-0.60384268,-0.78760022,0
3.5822473,3.5820847,0.10722733,0.70226926,0.61358929,-0.36100733,0
-1.5371128,0.31061959,-0.33745301,-0.70125455,0.5088048,-0.4993594,0
1.1264937,-0.33180642,1.1969969,0.70125455,-0.5088048,0.4993594,0
-3.9082921,-0.72367561,2.1438861,-0.70125455,0.5088048,-0.4993594,0
1.131047,0.21018088,1.9981883,0.70125455,-0.5088048,0.4993594,0
-1.8795998,-1.2000411,-1.7086481,0.12271923,-0.60384268,-0.78760022,0
