-0.15795293,1.2781537,4.3516364,-0.14084172,0.60953319,0.78014922,0
2.1284466,-1.9744978,-0.29469669,0.93902987,0.33190364,-0.089792669,0
-1.7647932,1.3235514,-0.47963691,-0.31366599,0.71993691,-0.61911583,0
0.63799739,-2.8823249,-0.26123244,0.31366599,-0.71993691,0.61911583,0
1.6645236,-3.0039344,-0.86168182,0.31366599,-0.71993691,0.61911583,0
-0.36594701,-3.6514306,-0.76139235,-0.93902987,-0.33190364,0.089792669,0
0.33180285,-3.250299,-0.42837089,0.31366599,-0.71993691,0.61911583,0
0.14330554,-1.2971485,1.6600111,0.31366599,-0.71993691,0.61911583,0
0.41325247,3.9253457,2.2423549,-0.14084172,0.60953319,0.78014922,0
-1.0231842,0.60358948,-1.9202535,-0.31366599,0.71993691,-0.61911583,0
0.59616899,-3.4181118,-1.3409042,0.31366599,-0.71993691,0.61911583,0
0.77597702,2.0197918,3.8317363,-0.14084172,0.60953319,0.78014922,0
1.9159455,-1.7706674,-1.8750505,0.93902987,0.33190364,-0.089792669,0
-0.84225178,2.174046,0.032169759,-0.31366599,0.71993691,-0.61911583,0
0.67780387,2.7538402,2.9387119,-0.14084172,0.60953319,0.78014922,0
-2.1209068,1.518024,-0.53542668,-0.31366599,0.71993691,-0.61911583,0
0.61356997,-2.3011975,-3.3639448,0.14084172,-0.60953319,-0.78014922,0
1.3391155,1.3169463,3.1038475,0.93902987,0.33190364,-0.089792669,0
-1.8120987,0.55829906,0.68216109,-0.93902987,-0.33190364,0.089792669,0
-0.76025337,0.74683034,4.3876567,-0.14084172,0.60953319,0.78014922,0
-0.12426066,-1.3872346,1.4939893,0.31366599,-0.71993691,0.61911583,0
-0.44404364,-0.85662633,-4.0769548,-0.31366599,0.71993691,-0.61911583,0
0.52502221,2.2173753,3.2985289,-0.14084172,0.60953319,0.78014922,0
0.25709367,-2.2362339,-3.1986899,0.14084172,-0.60953319,-0.78014922,0
-1.5578356,0.14892101,2.387886,-0.93902987,-0.33190364,0.089792669,0
-0.79281896,-3.3254344,-1.7069384,-0.93902987,-0.33190364,0.089792669,0
-0.39232326,-4.0787449,-1.5789127,-0.93902987,-0.33190364,0.089792669,0
-1.3031886,-0.046529055,3.3594017,-0.93902987,-0.33190364,0.089792669,0
1.3726799,-3.6469629,-1.822263,0.14084172,-0.60953319,-0.78014922,0
-1.7496886,1.8206582,0.016687393,-0.31366599,0.71993691,-0.61911583,0
-2.0737629,1.5857618,-0.14545524,-0.31366599,0.71993691,-0.61911583,0
-2.1237216,0.90242273,-0.24470913,-0.93902987,-0.33190364,0.089792669,0
-0.31747341,4.0661635,1.718603,-0.14084172,0.60953319,0.78014922,0
-0.36818993,-3.3397543,-2.6456087,0.14084172,-0.60953319,-0.78014922,0
-1.000366,3.3980799,2.5134673,-0.14084172,0.60953319,0.78014922,0
0.76734531,1.1977291,4.1432304,0.31366599,-0.71993691,0.61911583,0
0.8435123,-3.8827116,-1.9563965,0.14084172,-0.60953319,-0.78014922,0
-1.0824025,3.5762262,2.0113339,-0.14084172,0.60953319,0.78014922,0
-2.0057583,2.1200213,2.6679144,-0.93902987,-0.33190364,0.089792669,0
2.4016714,-2.8218288,-1.305112,0.31366599,-0.71993691,0.61911583,0
0.43312818,0.6987657,3.7383194,0.31366599,-0.71993691,0.61911583,0
1.9500543,-0.93799531,0.29062361,0.93902987,0.33190364,-0.089792669,0
2.2594209,-3.3625259,-2.0362551,0.14084172,-0.60953319,-0.78014922,0
2.015481,-1.6727301,-3.3623948,0.14084172,-0.60953319,-0.78014922,0
1.4616098,-0.45784241,1.8114839,0.31366599,-0.71993691,0.61911583,0
0.89474046,2.4074888,3.5034232,0.93902987,0.33190364,-0.089792669,0
0.61507636,2.2425938,3.3797984,-0.14084172,0.60953319,0.78014922,0
1.3783646,-0.38676989,-2.4958975,0.93902987,0.33190364,-0.089792669,0
-1.7483747,1.1295726,2.0080936,-0.93902987,-0.33190364,0.089792669,0
-1.3923018,-0.56522942,2.0689292,-0.93902987,-0.33190364,0.089792669,0
0.0036118031,2.7897959,3.0678587,-0.14084172,0.60953319,0.78014922,0
-1.0410219,-1.1769608,-0.15985623,-0.93902987,-0.33190364,0.089792669,0
0.78809524,1.4684927,-1.9043834,-0.31366599,0.71993691,-0.61911583,0
-1.0842353,-2.5527196,-2.261317,-0.93902987,-0.33190364,0.089792669,0
-0.88617408,2.9276667,2.7039175,-0.14084172,0.60953319,0.78014922,0
0.27782518,-0.65686595,-3.9770308,-0.31366599,0.71993691,-0.61911583,0
-0.58057135,-1.8283441,1.6619167,0.31366599,-0.71993691,0.61911583,0
-0.94858027,2.3902783,2.9455419,-0.14084172,0.60953319,0.78014922,0
1.5091084,0.81994802,2.161231,0.93902987,0.33190364,-0.089792669,0
-0.7120899,-3.2995758,-0.7901687,-0.93902987,-0.33190364,0.089792669,0
-2.3960454,3.423676,2.2334871,-0.14084172,0.60953319,0.78014922,0
-0.72088355,-1.1292692,-4.2221007,-0.31366599,0.71993691,-0.61911583,0
-0.42641783,3.3201129,2.5094101,-0.14084172,0.60953319,0.78014922,0
1.5284336,-1.1989912,0.80499226,0.31366599,-0.71993691,0.61911583,0
0.29720569,3.82252,0.84574705,0.93902987,0.33190364,-0.089792669,0
1.6902044,-1.6576601,-3.376375,0.14084172,-0.60953319,-0.78014922,0
1.709128,-0.87576509,-3.1286993,0.93902987,0.33190364,-0.089792669,0
-1.3848039,-0.067509174,0.9746204,-0.93902987,-0.33190364,0.089792669,0
1.0412817,0.49050534,-2.6609766,0.93902987,0.33190364,-0.089792669,0
-1.6730988,0.48112613,-2.0631757,-0.31366599,0.71993691,-0.61911583,0
0.5524323,0.052555203,-3.155093,-0.31366599,0.71993691,-0.61911583,0
1.138912,0.76246607,3.7697616,0.31366599,-0.71993691,0.61911583,0
-0.35420632,-3.3009329,-0.2329331,0.31366599,-0.71993691,0.61911583,0
1.7072411,-1.1701455,-3.7266135,0.93902987,0.33190364,-0.089792669,0
1.8509777,-1.304055,-0.078174829,0.93902987,0.33190364,-0.089792669,0
-0.45780838,-2.2240448,0.62996137,0.31366599,-0.71993691,0.61911583,0
1.1406024,-2.9195657,-2.405529,0.14084172,-0.60953319,-0.78014922,0
0.71825761,-0.70351136,-4.4394951,-0.31366599,0.71993691,-0.61911583,0
1.4862763,0.3346293,1.3007017,0.93902987,0.33190364,-0.089792669,0
1.0363673,0.23549438,-3.6021874,0.93902987,0.33190364,-0.089792669,0
-1.8365387,2.9960594,2.3033624,-0.14084172,0.60953319,0.78014922,0
1.4910641,1.3754958,3.6779327,0.93902987,0.33190364,-0.089792669,0
-0.88338983,1.4450725,4.0264988,-0.14084172,0.60953319,0.78014922,0
-0.18574727,2.1839495,3.5700912,-0.14084172,0.60953319,0.78014922,0
-1.3950934,0.55710566,3.0612216,-0.93902987,-0.33190364,0.089792669,0
1.4682,-0.49000955,-2.4808981,0.93902987,0.33190364,-0.089792669,0
-0.49924457,-2.1941118,0.79431343,0.31366599,-0.71993691,0.61911583,0
1.1613277,1.1631792,1.8981394,0.93902987,0.33190364,-0.089792669,0
0.44132942,2.23419,3.6152291,-0.14084172,0.60953319,0.78014922,0
-1.4781976,-0.48334396,0.42765552,-0.93902987,-0.33190364,0.089792669,0
0.8084318,2.1204381,0.23941305,0.93902987,0.33190364,-0.089792669,0
1.854497,-3.2017679,-1.4627147,0.31366599,-0.71993691,0.61911583,0
-0.85031736,1.3668261,3.7692235,-0.14084172,0.60953319,0.78014922,0
2.2289257,-3.1383615,-2.0666451,0.14084172,-0.60953319,-0.78014922,0
0.52186084,1.7400789,-1.6054802,-0.31366599,0.71993691,-0.61911583,0
-0.66878295,3.8084898,1.3625077,-0.31366599,0.71993691,-0.61911583,0
-0.93226385,-2.3368042,-3.2162583,0.14084172,-0.60953319,-0.78014922,0
0.96983701,-1.2103601,-3.9033773,0.14084172,-0.60953319,-0.78014922,0
1.561018,0.38716751,0.52637613,0.93902987,0.33190364,-0.089792669,0
-1.4659061,3.6298585,1.7532271,-0.31366599,0.71993691,-0.61911583,0
-1.8961308,3.4495933,1.5565065,-0.31366599,0.71993691,-0.61911583,0
1.0251659,-2.9458592,-2.6593151,0.14084172,-0.60953319,-0.78014922,0
0.13388741,2.7339678,-0.24473479,-0.31366599,0.71993691,-0.61911583,0
-0.31768823,3.8355851,2.0286655,-0.14084172,0.60953319,0.78014922,0
1.0480741,2.3341572,1.2290329,0.93902987,0.33190364,-0.089792669,0
0.64865935,-1.4140092,-4.0782013,0.14084172,-0.60953319,-0.78014922,0
1.4277899,1.2014396,3.1997399,0.93902987,0.33190364,-0.089792669,0
0.33911324,1.3225762,4.1555552,-0.14084172,0.60953319,0.78014922,0
-1.7557118,0.83176011,0.15253723,-0.93902987,-0.33190364,0.089792669,0
-0.72252852,-0.15717584,-3.3453174,-0.31366599,0.71993691,-0.61911583,0
0.93829757,0.57587636,-3.2493854,-0.31366599,0.71993691,-0.61911583,0
0.81974423,-3.4111242,-2.1567466,0.14084172,-0.60953319,-0.78014922,0
1.6600978,-3.1769938,-2.1442647,0.14084172,-0.60953319,-0.78014922,0
-1.2357953,1.1521497,4.1979194,-0.14084172,0.60953319,0.78014922,0
0.99158585,0.77329361,-2.5962505,-0.31366599,0.71993691,-0.61911583,0
0.7389214,-2.7078624,-0.52394098,0.31366599,-0.71993691,0.61911583,0
1.329263,1.2077396,3.3106487,0.93902987,0.33190364,-0.089792669,0
0.076028943,-2.4717407,0.40377563,0.31366599,-0.71993691,0.61911583,0
-0.74004424,0.42988801,4.1824727,0.31366599,-0.71993691,0.61911583,0
0.97093332,-1.3249569,1.3880143,0.31366599,-0.71993691,0.61911583,0
-1.9564397,1.7480552,2.4300733,-0.93902987,-0.33190364,0.089792669,0
-1.0857614,3.1235168,2.5285077,-0.14084172,0.60953319,0.78014922,0
-0.013238251,-0.15698934,2.8454216,0.31366599,-0.71993691,0.61911583,0
-1.9447241,1.0498037,1.9868065,-0.93902987,-0.33190364,0.089792669,0
-0.89308619,2.0939982,3.5069909,-0.14084172,0.60953319,0.78014922,0
1.880345,-0.67476177,-1.3737082,0.93902987,0.33190364,-0.089792669,0
-1.1232293,-1.989554,-2.8339996,-0.93902987,-0.33190364,0.089792669,0
-0.036706567,0.2334137,3.2238929,0.31366599,-0.71993691,0.61911583,0
2.0342348,-1.8156595,-0.59672928,0.93902987,0.33190364,-0.089792669,0
-2.5851374,3.2155452,1.9984041,-0.93902987,-0.33190364,0.089792669,0
0.44886625,3.2235239,2.0745587,0.93902987,0.33190364,-0.089792669,0
1.7159672,-0.50358379,-2.7980618,0.93902987,0.33190364,-0.089792669,0
-1.330014,-1.6351485,-2.4154329,-0.93902987,-0.33190364,0.089792669,0
0.37551892,-0.9964636,-4.1366553,0.14084172,-0.60953319,-0.78014922,0
-0.2679112,3.1061904,0.43405366,-0.31366599,0.71993691,-0.61911583,0
0.35797632,1.4751537,-1.5755482,-0.31366599,0.71993691,-0.61911583,0
0.80801928,-0.93254262,-4.1326723,0.14084172,-0.60953319,-0.78014922,0
2.2351575,-3.544951,-1.9818156,0.31366599,-0.71993691,0.61911583,0
-0.42994589,0.60868883,-2.0278275,-0.31366599,0.71993691,-0.61911583,0
1.2533914,-3.3038619,-2.0676372,0.14084172,-0.60953319,-0.78014922,0
-2.3365221,2.5158751,0.70564818,-0.93902987,-0.33190364,0.089792669,0
-1.0021536,3.1664538,2.2805064,-0.14084172,0.60953319,0.78014922,0
0.54857862,3.6822217,2.4659214,-0.14084172,0.60953319,0.78014922,0
-1.8951671,3.0418839,2.5180044,-0.14084172,0.60953319,0.78014922,0
0.015893936,2.2875478,-0.73699582,-0.31366599,0.71993691,-0.61911583,0
-1.2741358,-0.18537235,3.3732085,0.31366599,-0.71993691,0.61911583,0
0.43964964,1.6821647,3.9605563,-0.14084172,0.60953319,0.78014922,0
-0.43322647,0.41897309,4.193572,0.31366599,-0.71993691,0.61911583,0
-0.061838388,3.8664131,1.5207198,-0.31366599,0.71993691,-0.61911583,0
-0.50923574,0.12147176,3.4007542,0.31366599,-0.71993691,0.61911583,0
2.2220485,-1.760394,-1.3443608,0.93902987,0.33190364,-0.089792669,0
-1.3439277,-0.29500067,-3.1595113,-0.31366599,0.71993691,-0.61911583,0
1.8346946,-3.6763728,-2.1308479,0.14084172,-0.60953319,-0.78014922,0
0.80845279,2.7253287,2.5891414,0.93902987,0.33190364,-0.089792669,0
-0.072412968,3.2965651,0.54003578,-0.31366599,0.71993691,-0.61911583,0
-2.2591486,3.4976673,2.181253,-0.14084172,0.60953319,0.78014922,0
-1.4661971,-1.6147958,-3.4628057,-0.93902987,-0.33190364,0.089792669,0
-1.1984935,0.81799281,4.4884019,-0.14084172,0.60953319,0.78014922,0
-1.3967826,3.6541772,2.1391544,-0.14084172,0.60953319,0.78014922,0
1.7774972,-0.45641261,1.9908364,0.31366599,-0.71993691,0.61911583,0
0.14055634,2.6661258,-0.40234286,-0.31366599,0.71993691,-0.61911583,0
0.1759643,2.3155227,3.5472455,-0.14084172,0.60953319,0.78014922,0
-1.7474551,0.65165532,2.7520642,-0.93902987,-0.33190364,0.089792669,0
0.93678415,-1.2873827,1.3557148,0.31366599,-0.71993691,0.61911583,0
-1.3587193,0.77773249,4.1815739,-0.14084172,0.60953319,0.78014922,0
2.0435083,-2.1544156,-1.3059907,0.93902987,0.33190364,-0.089792669,0
-1.8694575,0.11923736,-1.4001596,-0.93902987,-0.33190364,0.089792669,0
-0.79523563,-2.5260925,-2.5337784,-0.93902987,-0.33190364,0.089792669,0
-1.940946,2.2338035,0.1471045,-0.31366599,0.71993691,-0.61911583,0
0.64052701,2.1782527,-0.33703923,0.93902987,0.33190364,-0.089792669,0
-0.85485637,-2.7750983,-0.76775086,-0.93902987,-0.33190364,0.089792669,0
0.61062008,1.3562682,-1.7430593,-0.31366599,0.71993691,-0.61911583,0
-0.73575705,-2.38042,-1.3574247,-0.93902987,-0.33190364,0.089792669,0
-1.4682162,2.3414674,3.2530241,-0.14084172,0.60953319,0.78014922,0
-0.54179525,-3.9006107,-1.678683,-0.93902987,-0.33190364,0.089792669,0
0.97066033,2.4471123,3.1274974,0.93902987,0.33190364,-0.089792669,0
2.0720301,-3.6051941,-1.7982578,0.31366599,-0.71993691,0.61911583,0
-0.54389071,-3.7641449,-1.5672202,-0.93902987,-0.33190364,0.089792669,0
-0.8108176,-1.7502668,-0.034246996,-0.93902987,-0.33190364,0.089792669,0
2.2761965,-3.046279,-2.5427554,0.14084172,-0.60953319,-0.78014922,0
-0.64799464,-0.54478836,2.7185922,0.31366599,-0.71993691,0.61911583,0
1.960219,-2.6164112,-2.7164316,0.14084172,-0.60953319,-0.78014922,0
-1.2615497,3.5631616,2.1641922,-0.14084172,0.60953319,0.78014922,0
-1.0146542,-1.7970427,-1.0720084,-0.93902987,-0.33190364,0.089792669,0
0.80463731,2.866482,2.9168465,-0.14084172,0.60953319,0.78014922,0
1.9127016,-0.34246916,0.28548026,0.93902987,0.33190364,-0.089792669,0
1.1000183,1.1046423,-1.0555793,0.93902987,0.33190364,-0.089792669,0
1.5982745,-0.38888431,-3.1860914,0.93902987,0.33190364,-0.089792669,0
-0.53356433,1.540488,-1.0040168,-0.31366599,0.71993691,-0.61911583,0
-1.264163,-0.14164591,1.8248508,-0.93902987,-0.33190364,0.089792669,0
0.26396275,4.1131845,1.5193586,-0.31366599,0.71993691,-0.61911583,0
2.5959163,-3.4561839,-1.8441128,0.31366599,-0.71993691,0.61911583,0
-1.9293199,0.80574477,0.7181862,-0.93902987,-0.33190364,0.089792669,0
-0.72456968,-3.0598538,-1.9433403,-0.93902987,-0.33190364,0.089792669,0
-0.76063836,0.28823781,-2.5849648,-0.31366599,0.71993691,-0.61911583,0
-0.94845939,-2.9631689,-2.7866638,0.14084172,-0.60953319,-0.78014922,0
0.42494488,2.5598731,3.3075657,-0.14084172,0.60953319,0.78014922,0
-0.97892475,-2.5226603,-2.8056726,-0.93902987,-0.33190364,0.089792669,0
-1.8552669,2.0971568,2.9261804,-0.93902987,-0.33190364,0.089792669,0
-0.74087763,3.1273618,0.54934651,-0.31366599,0.71993691,-0.61911583,0
1.0609092,-2.5867438,-2.7378864,0.14084172,-0.60953319,-0.78014922,0
-0.40804374,2.1675124,3.5838904,-0.14084172,0.60953319,0.78014922,0
0.66435671,-3.6310472,-1.9844869,0.14084172,-0.60953319,-0.78014922,0
1.1284044,-2.3957832,0.15662718,0.31366599,-0.71993691,0.61911583,0
-1.7505044,1.503432,2.9645493,-0.93902987,-0.33190364,0.089792669,0
1.5398815,0.22451994,1.8944833,0.93902987,0.33190364,-0.089792669,0
-1.2162527,3.2207394,2.3628125,-0.14084172,0.60953319,0.78014922,0
-0.81909084,1.6484076,3.8266616,-0.14084172,0.60953319,0.78014922,0
-0.86771405,0.16607329,-2.4159119,-0.31366599,0.71993691,-0.61911583,0
-1.2975376,-0.098660469,1.2405195,-0.93902987,-0.33190364,0.089792669,0
-0.52593333,-1.8412259,-3.8271718,0.14084172,-0.60953319,-0.78014922,0
0.52377057,2.6588874,-0.5543797,0.93902987,0.33190364,-0.089792669,0
-0.61960459,1.2536659,-1.2710102,-0.31366599,0.71993691,-0.61911583,0
-1.2968292,1.7647232,3.5085242,-0.14084172,0.60953319,0.78014922,0
-0.52734375,-2.5542963,-2.9774802,0.14084172,-0.60953319,-0.78014922,0
0.97938204,-3.0386147,-0.97552073,0.31366599,-0.71993691,0.61911583,0
2.0127537,-0.85526031,-0.23524505,0.93902987,0.33190364,-0.089792669,0
-1.067571,-0.27928421,-3.0291154,-0.31366599,0.71993691,-0.61911583,0
0.52047157,0.70091999,3.8033195,0.31366599,-0.71993691,0.61911583,0
-0.95331705,2.6531448,0.12106961,-0.31366599,0.71993691,-0.61911583,0
0.62366569,1.3407646,3.9386513,-0.14084172,0.60953319,0.78014922,0
0.91804737,0.45510149,2.987705,0.31366599,-0.71993691,0.61911583,0
0.48303854,3.6666968,1.6156392,0.93902987,0.33190364,-0.089792669,0
1.74155,-0.1434173,1.295753,0.93902987,0.33190364,-0.089792669,0
-1.4932213,-0.12769586,0.10440254,-0.93902987,-0.33190364,0.089792669,0
1.589021,-0.41361395,0.25177169,0.93902987,0.33190364,-0.089792669,0
1.4206214,-1.3887696,0.5922249,0.31366599,-0.71993691,0.61911583,0
-0.83988404,1.7177044,-0.77079922,-0.31366599,0.71993691,-0.61911583,0
-1.6032999,1.748073,3.4594064,-0.14084172,0.60953319,0.78014922,0
-1.7005458,3.2302618,1.5586987,-0.31366599,0.71993691,-0.61911583,0
0.75407052,0.79872513,-2.5238984,-0.31366599,0.71993691,-0.61911583,0
-0.63997394,-2.5004532,-3.0895948,0.14084172,-0.60953319,-0.78014922,0
-1.5788624,0.27531254,-1.8615438,-0.31366599,0.71993691,-0.61911583,0
1.032474,0.82278597,-1.9961095,0.93902987,0.33190364,-0.089792669,0
-0.73714453,2.3531837,3.385181,-0.14084172,0.60953319,0.78014922,0
0.60975945,2.4676571,3.0826521,-0.14084172,0.60953319,0.78014922,0
1.7594658,-0.36975169,0.28442022,0.93902987,0.33190364,-0.089792669,0
1.0054697,1.2062787,3.8598716,0.31366599,-0.71993691,0.61911583,0
-1.2913641,0.050119996,1.9930637,-0.93902987,-0.33190364,0.089792669,0
-1.521732,0.37411159,0.58452147,-0.93902987,-0.33190364,0.089792669,0
1.6021646,-1.0641679,1.2852541,0.31366599,-0.71993691,0.61911583,0
0.23705448,1.2631392,3.9612646,-0.14084172,0.60953319,0.78014922,0
-0.89171112,3.1761827,1.229968,-0.31366599,0.71993691,-0.61911583,0
-1.207435,-1.3422196,-1.4684141,-0.93902987,-0.33190364,0.089792669,0
0.98561913,1.7104527,-1.4502442,-0.31366599,0.71993691,-0.61911583,0
1.0821532,-2.7248414,-0.583372,0.31366599,-0.71993691,0.61911583,0
2.0527134,-1.670558,0.20382208,0.93902987,0.33190364,-0.089792669,0
-0.57002306,-1.0409811,2.4331539,0.31366599,-0.71993691,0.61911583,0
1.2833368,0.8378253,1.8567986,0.93902987,0.33190364,-0.089792669,0
-0.83829463,0.65685046,-2.2730596,-0.31366599,0.71993691,-0.61911583,0
0.80122656,2.4964571,0.68236625,0.93902987,0.33190364,-0.089792669,0
0.78579152,1.0669327,4.0781674,0.31366599,-0.71993691,0.61911583,0
-0.44167131,-2.1263561,-3.5634859,0.14084172,-0.60953319,-0.78014922,0
-1.5961537,2.8341029,2.4904742,-0.14084172,0.60953319,0.78014922,0
-0.86884534,2.3411319,-0.3364999,-0.31366599,0.71993691,-0.61911583,0
-0.098341346,-3.1446753,-0.68038857,0.31366599,-0.71993691,0.61911583,0
1.7712846,-0.88142252,1.0042831,0.31366599,-0.71993691,0.61911583,0
-0.2417438,-2.9367974,-0.094392657,0.31366599,-0.71993691,0.61911583,0
-1.9039402,1.3489269,-0.94773704,-0.31366599,0.71993691,-0.61911583,0
0.58302528,2.9524148,1.3675776,0.93902987,0.33190364,-0.089792669,0
0.59675014,-0.97908187,1.5672206,0.31366599,-0.71993691,0.61911583,0
1.7670304,-0.60561526,-1.041852,0.93902987,0.33190364,-0.089792669,0
-1.537771,0.33292842,3.0541921,-0.93902987,-0.33190364,0.089792669,0
-0.27735722,-1.4502161,-3.8632696,0.14084172,-0.60953319,-0.78014922,0
-0.67404145,-3.1884439,-2.5541897,-0.93902987,-0.33190364,0.089792669,0
0.57876533,0.10334772,3.1987023,0.31366599,-0.71993691,0.61911583,0
2.1894,-2.177254,-2.9798336,0.14084172,-0.60953319,-0.78014922,0
-1.4143773,-0.31887245,-1.1795346,-0.93902987,-0.33190364,0.089792669,0
1.5140539,0.57660782,2.2046974,0.93902987,0.33190364,-0.089792669,0
-1.7265236,1.5903906,-0.43611255,-0.31366599,0.71993691,-0.61911583,0
0.85988873,1.4494004,4.1544466,-0.14084172,0.60953319,0.78014922,0
-0.3722403,-3.5233927,-2.647547,0.14084172,-0.60953319,-0.78014922,0
-0.068665043,-1.8631244,-3.765563,0.14084172,-0.60953319,-0.78014922,0
1.8749766,-1.4658244,-1.8736002,0.93902987,0.33190364,-0.089792669,0
1.8377219,-0.29324812,1.2377805,0.93902987,0.33190364,-0.089792669,0
0.501899,-2.3570571,-0.058535576,0.31366599,-0.71993691,0.61911583,0
0.82900804,2.0584908,0.44963419,0.93902987,0.33190364,-0.089792669,0
-0.23540068,-3.6122882,-1.3169711,-0.93902987,-0.33190364,0.089792669,0
-0.85242724,-3.2885165,-2.3423059,-0.93902987,-0.33190364,0.089792669,0
-1.0727959,2.3981202,3.2518981,-0.14084172,0.60953319,0.78014922,0
0.42658007,0.88743293,-2.4949834,-0.31366599,0.71993691,-0.61911583,0
-0.1880765,2.7389634,2.7111816,-0.14084172,0.60953319,0.78014922,0
1.4593215,2.0457494,3.9088597,0.93902987,0.33190364,-0.089792669,0
0.80856663,-2.3236368,-3.0778737,0.14084172,-0.60953319,-0.78014922,0
-1.9439486,2.5221596,2.8779311,-0.14084172,0.60953319,0.78014922,0
-1.6511811,-0.10612744,-1.325949,-0.93902987,-0.33190364,0.089792669,0
0.50761306,2.3068938,-0.82526833,-0.31366599,0.71993691,-0.61911583,0
1.7016648,-0.29213679,-0.20769364,0.93902987,0.33190364,-0.089792669,0
2.1221118,-3.0128603,-2.5605075,0.14084172,-0.60953319,-0.78014922,0
0.4176923,1.9810443,-0.88056684,-0.31366599,0.71993691,-0.61911583,0
1.4682817,0.66893679,3.5524063,0.31366599,-0.71993691,0.61911583,0
2.1595664,-1.8618486,0.1278255,0.31366599,-0.71993691,0.61911583,0
1.4598631,0.68379283,3.4751139,0.31366599,-0.71993691,0.61911583,0
0.86694932,0.8655467,-2.8778934,-0.31366599,0.71993691,-0.61911583,0
0.2684949,1.1395324,-1.7927399,-0.31366599,0.71993691,-0.61911583,0
-1.8361151,-0.12543225,-1.3089213,-0.93902987,-0.33190364,0.089792669,0
-1.9578828,0.45796633,0.00046527386,-0.93902987,-0.33190364,0.089792669,0
0.60798234,3.098789,2.4968193,0.93902987,0.33190364,-0.089792669,0
-0.1768806,-2.289506,-3.4898958,0.14084172,-0.60953319,-0.78014922,0
-1.2737888,0.73543429,4.4022064,-0.14084172,0.60953319,0.78014922,0
-1.882797,1.6892964,2.053293,-0.93902987,-0.33190364,0.089792669,0
2.0766029,-1.2318664,-1.2370017,0.93902987,0.33190364,-0.089792669,0
-0.002491951,-0.70973557,2.6765389,0.31366599,-0.71993691,0.61911583,0
1.4232261,-0.12278998,-1.6765851,0.93902987,0.33190364,-0.089792669,0
-1.1641119,-0.21344161,2.7642009,-0.93902987,-0.33190364,0.089792669,0
-2.363806,3.0925236,1.481039,-0.31366599,0.71993691,-0.61911583,0
1.2167479,0.97715247,-2.3765132,0.93902987,0.33190364,-0.089792669,0
2.0064907,-0.51205516,0.99122536,0.93902987,0.33190364,-0.089792669,0
-0.36963737,-1.5707856,1.7470744,0.31366599,-0.71993691,0.61911583,0
1.3354269,-2.4512246,-2.9918542,0.14084172,-0.60953319,-0.78014922,0
0.82182419,1.6639835,-1.4306937,0.93902987,0.33190364,-0.089792669,0
-0.98132801,1.3527212,3.7418933,-0.14084172,0.60953319,0.78014922,0
-1.2120564,-1.5238513,-2.9208958,-0.93902987,-0.33190364,0.089792669,0
1.7662969,-0.85268331,-3.5886703,0.93902987,0.33190364,-0.089792669,0
-0.91983843,-1.4262916,-0.26726827,-0.93902987,-0.33190364,0.089792669,0
1.5401216,0.50383061,3.3089528,0.31366599,-0.71993691,0.61911583,0
0.50559306,3.2351344,2.0670133,0.93902987,0.33190364,-0.089792669,0
0.089485288,-1.8193486,1.1947529,0.31366599,-0.71993691,0.61911583,0
-0.054816484,2.0378132,3.5409608,-0.14084172,0.60953319,0.78014922,0
-1.0127429,-0.86736381,-3.5446687,-0.31366599,0.71993691,-0.61911583,0
1.0265768,2.6014662,3.4098656,-0.14084172,0.60953319,0.78014922,0
-0.75881308,-3.4812186,-2.2718277,-0.93902987,-0.33190364,0.089792669,0
-1.1577535,-1.351656,0.14422868,-0.93902987,-0.33190364,0.089792669,0
0.19882107,4.4204884,1.6316177,-0.31366599,0.71993691,-0.61911583,0
-1.4574068,-0.76335347,-2.8218236,-0.93902987,-0.33190364,0.089792669,0
1.1994276,-3.7467806,-1.42786,0.31366599,-0.71993691,0.61911583,0
1.7044361,-0.85696185,-0.96797562,0.93902987,0.33190364,-0.089792669,0
1.4863491,-0.54326046,-3.5352559,0.93902987,0.33190364,-0.089792669,0
-0.93970275,2.8947821,2.4827809,-0.14084172,0.60953319,0.78014922,0
-2.0294046,2.750025,2.8487067,-0.14084172,0.60953319,0.78014922,0
0.85031009,1.1381956,-1.7541742,0.93902987,0.33190364,-0.089792669,0
1.0280803,1.0102944,3.7099559,0.31366599,-0.71993691,0.61911583,0
-0.1687125,0.95954102,-1.8841262,-0.31366599,0.71993691,-0.61911583,0
-1.1731551,1.6551893,3.7345903,-0.14084172,0.60953319,0.78014922,0
-2.354352,3.0613616,1.8133484,-0.93902987,-0.33190364,0.089792669,0
-1.636295,-0.73901922,-2.7337325,-0.93902987,-0.33190364,0.089792669,0
1.6335869,-0.83119142,-2.9352095,0.93902987,0.33190364,-0.089792669,0
1.4266098,0.24163151,-2.7360492,0.93902987,0.33190364,-0.089792669,0
-2.0832121,2.9113741,1.0364895,-0.31366599,0.71993691,-0.61911583,0
0.87438488,-2.9662411,-0.38981926,0.31366599,-0.71993691,0.61911583,0
-1.3259817,-0.24599765,-3.0109661,-0.31366599,0.71993691,-0.61911583,0
1.4779212,1.285327,3.7557414,0.93902987,0.33190364,-0.089792669,0
-1.9900639,1.9139092,0.061071277,-0.31366599,0.71993691,-0.61911583,0
-0.38735461,3.455519,2.3325689,-0.14084172,0.60953319,0.78014922,0
1.5050864,-1.6225574,-3.7058949,0.14084172,-0.60953319,-0.78014922,0
1.2582519,0.78679979,-0.92118585,0.93902987,0.33190364,-0.089792669,0
0.77924263,2.8017585,0.63613772,0.93902987,0.33190364,-0.089792669,0
1.1199692,1.0127213,-2.132812,0.93902987,0.33190364,-0.089792669,0
-1.7960159,0.51720953,1.4011536,-0.93902987,-0.33190364,0.089792669,0
-2.1044796,0.86233652,-0.67098486,-0.93902987,-0.33190364,0.089792669,0
-0.35774052,-0.34382838,-3.4206698,-0.31366599,0.71993691,-0.61911583,0
1.485738,0.61536545,2.9640031,0.31366599,-0.71993691,0.61911583,0
1.0833778,1.6627181,0.64495784,0.93902987,0.33190364,-0.089792669,0
1.4966459,-1.688385,-3.7890043,0.14084172,-0.60953319,-0.78014922,0
-0.46209002,-3.4553139,-2.6506472,0.14084172,-0.60953319,-0.78014922,0
0.9723382,-2.7158108,-2.8415427,0.14084172,-0.60953319,-0.78014922,0
-0.37023008,0.91627383,-2.2368979,-0.31366599,0.71993691,-0.61911583,0
-2.025939,1.396277,-0.43450916,-0.93902987,-0.33190364,0.089792669,0
-0.51080287,-2.2854543,0.84761733,-0.93902987,-0.33190364,0.089792669,0
-0.82671714,-0.22796285,3.4758,0.31366599,-0.71993691,0.61911583,0
0.60417879,3.6308808,1.834419,0.93902987,0.33190364,-0.089792669,0
0.54905343,2.4619482,-0.34624451,0.93902987,0.33190364,-0.089792669,0
-0.98641777,-2.149013,-0.076052755,-0.93902987,-0.33190364,0.089792669,0
2.3811226,-2.7104168,-1.6697892,0.93902987,0.33190364,-0.089792669,0
-1.3983781,-0.65276772,-3.0697877,-0.31366599,0.71993691,-0.61911583,0
-1.0494115,-2.7286692,-2.4427707,-0.93902987,-0.33190364,0.089792669,0
0.0042028427,3.8716431,1.8703357,-0.14084172,0.60953319,0.78014922,0
0.92978323,-0.82855964,-4.5479627,0.14084172,-0.60953319,-0.78014922,0
1.8936611,-2.4284716,-2.9435983,0.14084172,-0.60953319,-0.78014922,0
-1.0483605,1.0636679,-1.7443285,-0.31366599,0.71993691,-0.61911583,0
1.0768434,1.7963761,1.1045916,0.93902987,0.33190364,-0.089792669,0
0.84636676,1.8582685,3.6930962,-0.14084172,0.60953319,0.78014922,0
2.1875863,-2.2884164,-0.456218,0.31366599,-0.71993691,0.61911583,0
-2.2005732,2.5870209,2.6920176,-0.14084172,0.60953319,0.78014922,0
-2.5469441,2.5031698,0.92710221,-0.31366599,0.71993691,-0.61911583,0
-0.45494029,-0.9946143,-4.1970968,0.14084172,-0.60953319,-0.78014922,0
1.6316814,0.57803822,2.2840898,0.93902987,0.33190364,-0.089792669,0
1.4246203,0.65839767,-1.2974944,0.93902987,0.33190364,-0.089792669,0
-0.22653878,-3.245646,-2.7375369,0.14084172,-0.60953319,-0.78014922,0
-0.039528489,-2.6585391,-0.0065889955,0.31366599,-0.71993691,0.61911583,0
-1.3561578,0.50380015,-1.8039358,-0.31366599,0.71993691,-0.61911583,0
-0.14765882,-2.7507334,-2.8566773,0.14084172,-0.60953319,-0.78014922,0
1.5237269,-3.3150334,-1.5559094,0.31366599,-0.71993691,0.61911583,0
0.24453855,2.5318639,-0.49434376,-0.31366599,0.71993691,-0.61911583,0
0.42632496,3.7911487,2.2976465,-0.14084172,0.60953319,0.78014922,0
1.6739193,-2.8590407,-2.7074127,0.14084172,-0.60953319,-0.78014922,0
0.61762726,3.0968008,0.8677792,0.93902987,0.33190364,-0.089792669,0
-1.8557622,1.6090586,2.3382359,-0.93902987,-0.33190364,0.089792669,0
1.6438248,0.1158964,2.0266469,0.93902987,0.33190364,-0.089792669,0
0.45117489,1.2138546,4.0081229,-0.14084172,0.60953319,0.78014922,0
-1.8422347,1.4020723,0.56188858,-0.93902987,-0.33190364,0.089792669,0
-1.7161796,3.5395384,2.23875,-0.14084172,0.60953319,0.78014922,0
-0.72607583,1.7888385,3.351676,-0.14084172,0.60953319,0.78014922,0
1.2391002,-1.434448,-3.962575,0.14084172,-0.60953319,-0.78014922,0
0.89096791,-0.35138154,-3.8070056,-0.31366599,0.71993691,-0.61911583,0
-1.1065831,0.74804711,4.1564217,-0.14084172,0.60953319,0.78014922,0
1.6318003,-0.42070758,-1.945735,0.93902987,0.33190364,-0.089792669,0
-0.20907064,-1.5880094,-4.031364,0.14084172,-0.60953319,-0.78014922,0
0.85554111,-3.0091834,-2.56586,0.14084172,-0.60953319,-0.78014922,0
0.90385258,1.639372,-1.8398575,-0.31366599,0.71993691,-0.61911583,0
1.3446714,1.6933908,3.5752676,0.93902987,0.33190364,-0.089792669,0
1.3277544,0.35104287,-1.1664287,0.93902987,0.33190364,-0.089792669,0
-1.28425,-1.1680651,-1.7740957,-0.93902987,-0.33190364,0.089792669,0
0.57858014,1.7902637,-1.2560184,-0.31366599,0.71993691,-0.61911583,0
1.3013644,-3.4591525,-1.2254419,0.31366599,-0.71993691,0.61911583,0
0.36214888,3.3861585,2.4866161,-0.14084172,0.60953319,0.78014922,0
1.0312998,-2.170454,-3.4389355,0.14084172,-0.60953319,-0.78014922,0
-2.2059274,0.81848818,-1.1348529,-0.93902987,-0.33190364,0.089792669,0
-0.82718861,-2.4180357,-3.4936533,0.14084172,-0.60953319,-0.78014922,0
0.11368221,0.14896566,3.0747914,0.31366599,-0.71993691,0.61911583,0
0.34966612,3.5930161,2.4104867,0.93902987,0.33190364,-0.089792669,0
1.8071549,-2.0898776,-0.39988887,0.31366599,-0.71993691,0.61911583,0
1.0155959,1.9809346,0.1694463,0.93902987,0.33190364,-0.089792669,0
1.4439603,-0.84736371,-4.4443359,0.14084172,-0.60953319,-0.78014922,0
0.27414763,2.0652759,-1.2362112,-0.31366599,0.71993691,-0.61911583,0
0.14283514,-4.4019876,-1.8856229,0.14084172,-0.60953319,-0.78014922,0
-2.0539174,1.6929032,2.0391052,-0.93902987,-0.33190364,0.089792669,0
-0.80178547,-2.9098756,-2.8517466,0.14084172,-0.60953319,-0.78014922,0
0.82359016,-1.0684383,-4.0653162,0.14084172,-0.60953319,-0.78014922,0
-1.5319368,-0.37025315,-0.54860926,-0.93902987,-0.33190364,0.089792669,0
1.1280775,0.25534928,-1.9859195,0.93902987,0.33190364,-0.089792669,0
-0.43663239,2.2506282,-0.66582614,-0.31366599,0.71993691,-0.61911583,0
1.8412491,-0.82645971,1.3547785,0.93902987,0.33190364,-0.089792669,0
1.2059485,0.85542315,3.639595,0.31366599,-0.71993691,0.61911583,0
-0.025930375,-2.0114985,-3.3915424,0.14084172,-0.60953319,-0.78014922,0
0.50548697,-0.30455887,-3.9716053,-0.31366599,0.71993691,-0.61911583,0
-0.42196059,3.9092705,1.8770723,-0.14084172,0.60953319,0.78014922,0
-1.440872,-0.58213156,-2.7172771,-0.93902987,-0.33190364,0.089792669,0
0.24142456,0.092460752,-3.376122,-0.31366599,0.71993691,-0.61911583,0
-2.0260797,2.0774086,3.2091093,-0.14084172,0.60953319,0.78014922,0
-0.45930442,-1.4938693,-4.2004542,0.14084172,-0.60953319,-0.78014922,0
-0.76454371,0.86688364,4.283236,-0.14084172,0.60953319,0.78014922,0
-1.149466,1.089836,-1.0618564,-0.31366599,0.71993691,-0.61911583,0
1.5391209,-0.34913349,-2.4021299,0.93902987,0.33190364,-0.089792669,0
1.2359339,0.96094716,3.5601273,0.31366599,-0.71993691,0.61911583,0
1.1492717,0.02301693,-3.9659204,-0.31366599,0.71993691,-0.61911583,0
-0.99767148,3.0680799,2.5642204,-0.14084172,0.60953319,0.78014922,0
1.1391368,1.7578299,1.661499,0.93902987,0.33190364,-0.089792669,0
0.85964692,1.2293067,4.1252294,0.31366599,-0.71993691,0.61911583,0
-0.58708394,2.5723033,3.2624369,-0.14084172,0.60953319,0.78014922,0
2.1822915,-2.3489141,-2.8977544,0.14084172,-0.60953319,-0.78014922,0
1.0062649,2.425277,0.82302809,0.93902987,0.33190364,-0.089792669,0
0.012641668,-4.0720625,-1.8083642,0.31366599,-0.71993691,0.61911583,0
0.43607235,-3.6777179,-2.1193433,0.14084172,-0.60953319,-0.78014922,0
1.3824058,-0.11304712,-3.8082561,0.93902987,0.33190364,-0.089792669,0
-0.79851043,2.1664281,3.1587391,-0.14084172,0.60953319,0.78014922,0
-0.3049351,1.6963222,3.7101281,-0.14084172,0.60953319,0.78014922,0
-0.16488767,1.800311,3.5495086,-0.14084172,0.60953319,0.78014922,0
0.84097815,-3.6038361,-1.511278,0.31366599,-0.71993691,0.61911583,0
-0.20622861,-2.6703477,-3.3122954,0.14084172,-0.60953319,-0.78014922,0
-1.0453382,-1.0775181,1.4914867,-0.93902987,-0.33190364,0.089792669,0
0.11881566,2.1541362,-0.5001201,-0.31366599,0.71993691,-0.61911583,0
-1.8792943,2.4512987,0.81603098,-0.31366599,0.71993691,-0.61911583,0
2.1667037,-2.0244527,-3.2078433,0.93902987,0.33190364,-0.089792669,0
1.1983857,-3.2118883,-2.3027053,0.14084172,-0.60953319,-0.78014922,0
1.5563869,0.55880481,0.31484181,0.93902987,0.33190364,-0.089792669,0
-2.2366285,2.011281,2.1205139,-0.93902987,-0.33190364,0.089792669,0
1.2312219,1.3914289,1.5810308,0.93902987,0.33190364,-0.089792669,0
0.32567516,0.76093018,3.8524246,0.31366599,-0.71993691,0.61911583,0
-1.5599926,1.6611712,-0.80110109,-0.31366599,0.71993691,-0.61911583,0
-0.85875869,3.9000418,1.6130295,-0.31366599,0.71993691,-0.61911583,0
-1.2337444,-2.3739946,-3.6115468,-0.93902987,-0.33190364,0.089792669,0
-1.8887755,1.6220298,0.8896848,-0.93902987,-0.33190364,0.089792669,0
-0.027218461,3.1428986,2.6454916,-0.14084172,0.60953319,0.78014922,0
-1.913852,1.7133216,-0.39384145,-0.31366599,0.71993691,-0.61911583,0
0.20183563,-4.1125426,-2.0206549,0.14084172,-0.60953319,-0.78014922,0
0.96445119,-2.7673759,-2.6862321,0.14084172,-0.60953319,-0.78014922,0
1.5141399,1.2798734,3.3910167,0.93902987,0.33190364,-0.089792669,0
1.3590509,-2.9068656,-0.97752631,0.31366599,-0.71993691,0.61911583,0
0.68247205,3.2056396,1.888806,0.93902987,0.33190364,-0.089792669,0
-2.0001354,2.7912221,2.4772882,-0.14084172,0.60953319,0.78014922,0
1.6651945,-1.3219376,-3.5597041,0.14084172,-0.60953319,-0.78014922,0
1.3809168,-1.3341794,-3.8403862,0.14084172,-0.60953319,-0.78014922,0
1.3597051,-0.313043,-3.360677,0.93902987,0.33190364,-0.089792669,0
0.29029369,3.9371982,2.1263199,-0.14084172,0.60953319,0.78014922,0
-1.163475,2.9962189,0.72392142,-0.31366599,0.71993691,-0.61911583,0
1.3359059,1.9490764,3.9312506,-0.14084172,0.60953319,0.78014922,0
-0.61982822,0.42607713,3.9781857,0.31366599,-0.71993691,0.61911583,0
-1.2398447,-0.69007564,2.0655353,-0.93902987,-0.33190364,0.089792669,0
-0.35335183,0.55888033,-2.3100262,-0.31366599,0.71993691,-0.61911583,0
-0.74413359,-2.7435262,0.066708982,-0.93902987,-0.33190364,0.089792669,0
0.037980676,2.5684369,-0.13791165,-0.31366599,0.71993691,-0.61911583,0
0.31046093,2.2341261,-0.92537326,-0.31366599,0.71993691,-0.61911583,0
-0.99799275,-2.0124466,-3.7761045,0.14084172,-0.60953319,-0.78014922,0
1.3269646,0.90029502,3.8949285,0.31366599,-0.71993691,0.61911583,0
1.7585127,-0.17446738,0.075514436,0.93902987,0.33190364,-0.089792669,0
0.26091015,-2.2172654,-3.1622615,0.14084172,-0.60953319,-0.78014922,0
1.214064,1.751368,1.2943147,0.93902987,0.33190364,-0.089792669,0
1.6973686,-1.1074796,-1.2972932,0.93902987,0.33190364,-0.089792669,0
-0.91916889,-1.6917217,-0.044783093,-0.93902987,-0.33190364,0.089792669,0
-0.2088871,2.5946789,2.9782817,-0.14084172,0.60953319,0.78014922,0
-1.8305454,0.73819655,1.8922203,-0.93902987,-0.33190364,0.089792669,0
-1.4515059,0.34895313,-2.385772,-0.31366599,0.71993691,-0.61911583,0
-0.9021672,2.4810712,0.024384797,-0.31366599,0.71993691,-0.61911583,0
-0.1829772,1.8901415,-1.1354678,-0.31366599,0.71993691,-0.61911583,0
1.1408843,-0.061376885,2.7199402,0.31366599,-0.71993691,0.61911583,0
-0.066258192,3.9466474,1.7804365,-0.14084172,0.60953319,0.78014922,0
-0.69198656,-2.6625652,-1.578306,-0.93902987,-0.33190364,0.089792669,0
0.52754885,1.0004697,-2.1363392,-0.31366599,0.71993691,-0.61911583,0
-1.9755875,1.1569554,-1.1071591,-0.31366599,0.71993691,-0.61911583,0
1.2169874,0.1585592,-1.5247924,0.93902987,0.33190364,-0.089792669,0
-0.24878442,-1.7658167,1.2159064,0.31366599,-0.71993691,0.61911583,0
-0.42820239,2.2519915,-0.38622063,-0.31366599,0.71993691,-0.61911583,0
-0.81679308,1.5039909,3.8200595,-0.14084172,0.60953319,0.78014922,0
0.37840992,-1.3954959,-3.7769516,0.14084172,-0.60953319,-0.78014922,0
0.27523267,-3.385674,-2.5243654,0.14084172,-0.60953319,-0.78014922,0
-1.4213912,-0.37387574,-0.50856662,-0.93902987,-0.33190364,0.089792669,0
-1.3461186,-1.6626763,-4.0081625,0.14084172,-0.60953319,-0.78014922,0
2.064352,-1.4085112,0.23615682,0.31366599,-0.71993691,0.61911583,0
-2.4808135,3.0755007,2.2014618,-0.14084172,0.60953319,0.78014922,0
1.9656596,-1.7915487,-2.5496359,0.93902987,0.33190364,-0.089792669,0
0.20066822,0.78965533,-2.7116871,-0.31366599,0.71993691,-0.61911583,0
0.088107824,-3.7895601,-1.2662082,0.31366599,-0.71993691,0.61911583,0
0.4742524,-1.4688582,-3.9928834,0.14084172,-0.60953319,-0.78014922,0
-0.28406033,1.7246001,3.7489746,-0.14084172,0.60953319,0.78014922,0
2.1867502,-2.8268032,-0.98517966,0.31366599,-0.71993691,0.61911583,0
2.1337848,-1.1920835,-0.27587295,0.93902987,0.33190364,-0.089792669,0
1.5878547,-1.1433425,-3.9842315,0.14084172,-0.60953319,-0.78014922,0
-0.24239016,2.3475895,-0.47463769,-0.31366599,0.71993691,-0.61911583,0
-0.26450014,2.7807758,2.9104233,-0.14084172,0.60953319,0.78014922,0
-0.682953,2.1687417,3.3883471,-0.14084172,0.60953319,0.78014922,0
-1.7254026,0.56561667,-1.4119579,-0.93902987,-0.33190364,0.089792669,0
1.4026291,-3.6422844,-2.1660852,0.14084172,-0.60953319,-0.78014922,0
0.38994461,0.87611091,4.0691404,0.31366599,-0.71993691,0.61911583,0
1.1486528,-0.88893819,1.90694,0.31366599,-0.71993691,0.61911583,0
1.742083,-1.8468407,-3.4624312,0.14084172,-0.60953319,-0.78014922,0
0.77217329,-2.095346,0.084241688,0.31366599,-0.71993691,0.61911583,0
0.32504821,0.33659422,-2.7929819,-0.31366599,0.71993691,-0.61911583,0
-2.3007214,2.6347868,1.6239849,-0.93902987,-0.33190364,0.089792669,0
-0.54279166,-1.663588,1.7420315,0.31366599,-0.71993691,0.61911583,0
-1.1533053,2.5921559,0.1674906,-0.31366599,0.71993691,-0.61911583,0
1.0568006,-3.69207,-1.9652474,0.14084172,-0.60953319,-0.78014922,0
-1.5801152,0.77749479,-1.5625017,-0.31366599,0.71993691,-0.61911583,0
-0.35800862,3.871274,2.0262618,-0.14084172,0.60953319,0.78014922,0
-0.92699385,2.8706172,2.7112761,-0.14084172,0.60953319,0.78014922,0
0.53571057,3.3961775,1.7368219,0.93902987,0.33190364,-0.089792669,0
2.3478374,-2.5437133,-1.019058,0.31366599,-0.71993691,0.61911583,0
2.1696067,-1.9642028,-0.19326901,0.31366599,-0.71993691,0.61911583,0
-1.2346984,3.4623275,2.2151146,-0.14084172,0.60953319,0.78014922,0
0.36066866,3.2114098,0.93739712,0.93902987,0.33190364,-0.089792669,0
-1.908133,2.4745431,2.8697057,-0.14084172,0.60953319,0.78014922,0
0.39462048,-2.0368586,-3.5770221,0.14084172,-0.60953319,-0.78014922,0
1.6946902,-1.0816454,-1.2302508,0.93902987,0.33190364,-0.089792669,0
-2.1563814,1.4227054,1.1284914,-0.93902987,-0.33190364,0.089792669,0
0.32702482,-2.4421203,-3.1640306,0.14084172,-0.60953319,-0.78014922,0
0.8045966,0.55391979,3.2877104,0.31366599,-0.71993691,0.61911583,0
-0.17361689,2.0328856,3.3723538,-0.14084172,0.60953319,0.78014922,0
-2.0400062,1.8145448,2.1264524,-0.93902987,-0.33190364,0.089792669,0
1.2078981,0.66208911,-3.2482021,-0.31366599,0.71993691,-0.61911583,0
-1.3899405,3.0123312,0.68895364,-0.31366599,0.71993691,-0.61911583,0
1.323555,2.2225142,3.4126716,-0.14084172,0.60953319,0.78014922,0
1.6993556,-2.7868955,-2.8044722,0.14084172,-0.60953319,-0.78014922,0
0.50512719,-1.3219055,1.3651843,0.31366599,-0.71993691,0.61911583,0
-0.28926897,4.1647925,1.8379471,-0.31366599,0.71993691,-0.61911583,0
0.060353041,-2.9210296,-2.640521,0.14084172,-0.60953319,-0.78014922,0
-0.39485353,-0.99131286,1.9637837,0.31366599,-0.71993691,0.61911583,0
-0.99707317,0.13169459,-2.3554764,-0.31366599,0.71993691,-0.61911583,0
1.9661088,-3.7226915,-2.0860357,0.14084172,-0.60953319,-0.78014922,0
0.64286172,1.9857116,3.8441324,-0.14084172,0.60953319,0.78014922,0
0.29737902,-2.3072739,0.48643297,0.31366599,-0.71993691,0.61911583,0
-0.77694118,-1.635326,-3.8189569,0.14084172,-0.60953319,-0.78014922,0
-1.4429787,-1.6910779,-2.9387529,-0.93902987,-0.33190364,0.089792669,0
0.48554069,-1.2606201,-4.3069324,0.14084172,-0.60953319,-0.78014922,0
-1.7657887,2.3695583,0.72531104,-0.31366599,0.71993691,-0.61911583,0
0.21316665,-0.85876238,-4.2961254,0.14084172,-0.60953319,-0.78014922,0
1.3029454,-1.2441604,-4.1204219,0.14084172,-0.60953319,-0.78014922,0
0.7860359,1.2596614,-1.9369731,0.93902987,0.33190364,-0.089792669,0
0.85628581,-2.0321651,-3.4822652,0.14084172,-0.60953319,-0.78014922,0
1.6421057,-0.03262639,-0.10229486,0.93902987,0.33190364,-0.089792669,0
-1.6902535,2.6629257,2.9225926,-0.14084172,0.60953319,0.78014922,0
2.1230297,-2.5326507,-2.3272734,0.93902987,0.33190364,-0.089792669,0
-1.3468702,-0.52443492,-0.56845427,-0.93902987,-0.33190364,0.089792669,0
0.82179117,2.0015674,3.6395183,-0.14084172,0.60953319,0.78014922,0
0.12410378,4.3629618,1.6509217,-0.31366599,0.71993691,-0.61911583,0
0.026203632,4.2184868,1.8306324,-0.14084172,0.60953319,0.78014922,0
-1.1211295,-0.26582831,-2.9654453,-0.31366599,0.71993691,-0.61911583,0
1.8338616,-3.4019492,-2.1033452,0.14084172,-0.60953319,-0.78014922,0
-0.061945796,-2.5725062,0.40430966,0.31366599,-0.71993691,0.61911583,0
1.2663186,1.5124681,0.80698544,0.93902987,0.33190364,-0.089792669,0
