-0.76047409,1.4494047,1.1514318,-0.39066511,0.17816526,0.90312672,0
-1.993802,-3.2209706,-1.5336553,-0.8728019,-0.3835088,-0.30189043,0
-1.9632986,-3.4105549,-0.49787056,0.29257071,-0.90618879,0.30532649,0
1.883669,-1.8862302,-0.52517891,0.39066511,-0.17816526,-0.90312672,0
-4.0688806,0.74310708,-1.0996604,-0.8728019,-0.3835088,-0.30189043,0
3.2065973,-0.72719866,3.0083983,0.29257071,-0.90618879,0.30532649,0
-2.9683032,-3.3222265,0.5649004,-0.8728019,-0.3835088,-0.30189043,0
0.91053367,-2.6905642,-0.52167219,0.29257071,-0.90618879,0.30532649,0
1.460698,3.6705403,1.3706758,-0.29257071,0.90618879,-0.30532649,0
2.8040357,2.5139425,-0.050427198,0.8728019,0.3835088,0.30189043,0
-2.4925013,-0.37653065,0.44062579,-0.39066511,0.17816526,0.90312672,0
1.1536546,2.9125142,-0.041803658,-0.29257071,0.90618879,-0.30532649,0
-0.25163674,2.5958643,-0.2053737,-0.29257071,0.90618879,-0.30532649,0
2.7137072,2.3608809,0.17356014,0.8728019,0.3835088,0.30189043,0
2.7049193,-0.95914596,2.2222478,0.29257071,-0.90618879,0.30532649,0
-2.776932,-1.2416054,-2.5316648,-0.8728019,-0.3835088,-0.30189043,0
0.607584,0.015613198,1.8583034,-0.39066511,0.17816526,0.90312672,0
-1.1081567,1.8836293,-0.98158872,-0.29257071,0.90618879,-0.30532649,0
-2.6477437,1.3380024,-2.2218184,-0.29257071,0.90618879,-0.30532649,0
-2.3420336,-2.7189951,-1.6632185,-0.8728019,-0.3835088,-0.30189043,0
3.4454598,-0.24356127,-0.088149309,0.39066511,-0.17816526,-0.90312672,0
-1.8741486,0.44161105,0.78620589,-0.39066511,0.17816526,0.90312672,0
-1.6456162,-3.6794953,-1.5454848,-0.8728019,-0.3835088,-0.30189043,0
-2.4069471,0.00062870979,0.64347553,-0.39066511,0.17816526,0.90312672,0
3.5750194,-0.95816517,1.7991719,0.29257071,-0.90618879,0.30532649,0
-0.41630864,0.80067813,-2.112998,0.39066511,-0.17816526,-0.90312672,0
-0.4318949,1.7531569,1.3434509,-0.39066511,0.17816526,0.90312672,0
-0.70843077,-3.0802248,-1.349027,0.39066511,-0.17816526,-0.90312672,0
2.2098134,1.1130027,2.3566203,-0.39066511,0.17816526,0.90312672,0
-2.565942,-3.2992423,0.5113523,0.29257071,-0.90618879,0.30532649,0
-0.84220594,-2.2786157,-1.7889289,0.39066511,-0.17816526,-0.90312672,0
-2.8428006,1.7917258,-0.56665492,-0.29257071,0.90618879,-0.30532649,0
-2.0969596,1.5759907,-1.0928687,-0.29257071,0.90618879,-0.30532649,0
-0.75670934,-3.3644726,-0.97471046,0.29257071,-0.90618879,0.30532649,0
-1.8525641,2.0659888,0.53038967,-0.39066511,0.17816526,0.90312672,0
-3.6070278,-0.72635818,0.3773396,-0.39066511,0.17816526,0.90312672,0
2.2094419,-1.1394917,2.9850347,-0.39066511,0.17816526,0.90312672,0
-3.0970151,-0.0089128613,-2.5210838,-0.8728019,-0.3835088,-0.30189043,0
0.90017939,1.0070291,2.0362422,-0.39066511,0.17816526,0.90312672,0
0.60357618,3.3031435,0.84459865,-0.29257071,0.90618879,-0.30532649,0
-3.1403337,0.85118639,-2.6316597,-0.29257071,0.90618879,-0.30532649,0
2.5015786,-1.2678362,2.1762676,0.29257071,-0.90618879,0.30532649,0
-2.7647951,-2.0100091,-1.0827827,-0.8728019,-0.3835088,-0.30189043,0
3.6119161,-0.8992244,1.9712329,0.29257071,-0.90618879,0.30532649,0
2.8315299,1.4907299,1.5061548,0.8728019,0.3835088,0.30189043,0
1.401994,-1.8115326,1.1610028,0.29257071,-0.90618879,0.30532649,0
3.6296744,1.772604,-0.54156995,0.8728019,0.3835088,0.30189043,0
-1.1849327,1.6042335,-2.2996235,-0.29257071,0.90618879,-0.30532649,0
-3.2833865,1.0076263,-2.6322703,-0.29257071,0.90618879,-0.30532649,0
3.1006646,-1.5591831,0.53614116,0.29257071,-0.90618879,0.30532649,0
-2.6712718,-2.8285015,0.04270792,-0.8728019,-0.3835088,-0.30189043,0
3.2790504,0.76761627,1.0463121,0.8728019,0.3835088,0.30189043,0
-0.86648631,1.8422107,0.85683441,-0.39066511,0.17816526,0.90312672,0
-2.1484239,-2.2352424,-2.2292094,-0.8728019,-0.3835088,-0.30189043,0
2.3833899,-0.27871597,2.8086295,-0.39066511,0.17816526,0.90312672,0
0.0054146051,0.42919004,-1.8120914,0.39066511,-0.17816526,-0.90312672,0
1.0918341,0.33325243,2.0163293,-0.39066511,0.17816526,0.90312672,0
-1.0593445,-0.4236542,1.3843708,-0.39066511,0.17816526,0.90312672,0
-3.2431545,-0.85788131,0.35265255,-0.39066511,0.17816526,0.90312672,0
-0.99266857,-0.1474154,1.2476903,-0.39066511,0.17816526,0.90312672,0
0.97214907,0.69769275,1.7970142,-0.39066511,0.17816526,0.90312672,0
0.53308988,-2.4544897,0.93489957,0.29257071,-0.90618879,0.30532649,0
-1.0827923,-0.58196527,-2.0725234,0.39066511,-0.17816526,-0.90312672,0
-0.36690044,1.8248039,-2.1569731,0.39066511,-0.17816526,-0.90312672,0
-3.2018983,0.30967659,-2.433728,-0.8728019,-0.3835088,-0.30189043,0
-1.4782704,-0.130374,-2.1742535,0.39066511,-0.17816526,-0.90312672,0
2.973937,-0.61553645,2.9180193,-0.39066511,0.17816526,0.90312672,0
2.0126641,2.7675962,2.0593886,0.8728019,0.3835088,0.30189043,0
-2.7992568,-1.057487,-1.6835876,-0.8728019,-0.3835088,-0.30189043,0
2.0754716,0.85215068,-1.0525186,0.39066511,-0.17816526,-0.90312672,0
2.2837262,3.3126593,0.50312364,0.8728019,0.3835088,0.30189043,0
-3.5668774,0.89347708,-2.3867867,-0.8728019,-0.3835088,-0.30189043,0
2.5378351,2.8626614,0.12504077,0.8728019,0.3835088,0.30189043,0
0.92785192,2.5969429,-1.7646079,-0.29257071,0.90618879,-0.30532649,0
1.9841533,-1.5565991,1.800025,0.29257071,-0.90618879,0.30532649,0
1.4765508,3.3791838,0.00045096874,-0.29257071,0.90618879,-0.30532649,0
-2.3081472,0.73963368,0.53679466,-0.39066511,0.17816526,0.90312672,0
-1.4924083,-3.0488544,0.81491035,0.29257071,-0.90618879,0.30532649,0
-2.3152645,-2.3113036,-1.7500638,-0.8728019,-0.3835088,-0.30189043,0
-1.6945533,1.5540357,0.49331713,-0.39066511,0.17816526,0.90312672,0
-1.8242433,-1.3669837,-2.269372,0.39066511,-0.17816526,-0.90312672,0
2.8019001,1.008235,1.8919175,0.8728019,0.3835088,0.30189043,0
3.2584395,-0.6283893,2.6923399,0.29257071,-0.90618879,0.30532649,0
-2.9564188,-0.97527289,-2.0301554,-0.8728019,-0.3835088,-0.30189043,0
4.1880093,-1.0466115,0.62370062,0.8728019,0.3835088,0.30189043,0
-4.2979589,0.93477535,-0.84762216,-0.8728019,-0.3835088,-0.30189043,0
0.37062597,1.3319547,-1.8964024,0.39066511,-0.17816526,-0.90312672,0
2.6166821,3.1695645,0.029696703,0.8728019,0.3835088,0.30189043,0
-1.8129936,0.55773968,-2.736095,0.39066511,-0.17816526,-0.90312672,0
2.9902382,-0.80923939,3.0264888,-0.39066511,0.17816526,0.90312672,0
3.8366482,-1.20682,0.83792424,0.29257071,-0.90618879,0.30532649,0
-0.36849189,2.0243218,-1.4859815,-0.29257071,0.90618879,-0.30532649,0
-0.67491567,1.9394321,1.0709277,-0.39066511,0.17816526,0.90312672,0
-2.6498628,-1.843172,-1.8760176,-0.8728019,-0.3835088,-0.30189043,0
-0.86800909,-0.4294284,-1.7493685,0.39066511,-0.17816526,-0.90312672,0
-3.8438044,-0.35473228,-0.66691899,-0.8728019,-0.3835088,-0.30189043,0
-3.2882128,1.6757042,-0.33468103,-0.29257071,0.90618879,-0.30532649,0
-4.0990162,0.74317312,-0.65809989,-0.8728019,-0.3835088,-0.30189043,0
3.4618125,0.31536531,-0.42420363,0.39066511,-0.17816526,-0.90312672,0
1.4686645,1.8403355,1.8323684,-0.39066511,0.17816526,0.90312672,0
2.6018205,3.104897,0.48163998,0.8728019,0.3835088,0.30189043,0
1.9520936,1.1556234,-1.1093457,0.39066511,-0.17816526,-0.90312672,0
2.3931398,-1.2092156,2.2027159,0.29257071,-0.90618879,0.30532649,0
-2.6856813,-3.1725085,1.1545193,-0.39066511,0.17816526,0.90312672,0
2.3967581,-0.28857136,-0.58444011,0.39066511,-0.17816526,-0.90312672,0
-3.1071978,-2.7528939,0.71114302,-0.8728019,-0.3835088,-0.30189043,0
-3.1876988,-2.4807863,0.92488074,-0.39066511,0.17816526,0.90312672,0
-2.9175472,-0.22119927,0.29779553,-0.39066511,0.17816526,0.90312672,0
1.9247413,3.1578875,-0.62222588,-0.29257071,0.90618879,-0.30532649,0
1.0963668,1.6992697,1.9329059,-0.39066511,0.17816526,0.90312672,0
-1.5754453,2.0801702,-0.32431889,-0.29257071,0.90618879,-0.30532649,0
-1.2100379,-3.0614617,-0.058335006,0.29257071,-0.90618879,0.30532649,0
2.0170426,-2.039309,0.55769622,0.29257071,-0.90618879,0.30532649,0
-2.694088,-1.4930012,-2.0263567,-0.8728019,-0.3835088,-0.30189043,0
3.6289532,1.2297359,-0.00032615662,0.8728019,0.3835088,0.30189043,0
-2.8946121,-1.8402393,-0.42760873,-0.8728019,-0.3835088,-0.30189043,0
-0.13792539,-2.8967614,0.089456901,0.29257071,-0.90618879,0.30532649,0
3.6973524,0.19495869,0.20109081,0.8728019,0.3835088,0.30189043,0
2.7800438,1.8706529,1.2802629,0.8728019,0.3835088,0.30189043,0
-2.285244,-3.2581956,0.98792958,0.29257071,-0.90618879,0.30532649,0
-2.1283286,0.79163551,0.65592134,-0.39066511,0.17816526,0.90312672,0
-3.3185287,-0.37747788,-1.3852968,-0.8728019,-0.3835088,-0.30189043,0
1.9400251,3.1358771,-1.0625854,-0.29257071,0.90618879,-0.30532649,0
-4.0857797,0.37328887,-0.28272057,-0.8728019,-0.3835088,-0.30189043,0
-1.5358254,2.1571627,0.057742119,-0.29257071,0.90618879,-0.30532649,0
3.7824502,0.43573976,0.73563647,0.8728019,0.3835088,0.30189043,0
0.10056639,2.596437,0.051598445,-0.29257071,0.90618879,-0.30532649,0
1.2191221,-0.36323985,2.4632514,-0.39066511,0.17816526,0.90312672,0
-3.8328028,0.44038868,-1.3666224,-0.8728019,-0.3835088,-0.30189043,0
3.3239503,1.2543814,0.17991829,0.8728019,0.3835088,0.30189043,0
-3.825844,0.83500791,-1.322315,-0.8728019,-0.3835088,-0.30189043,0
-0.90342593,1.6019766,-2.2727041,-0.29257071,0.90618879,-0.30532649,0
-2.147948,-0.34116617,-2.6479087,0.39066511,-0.17816526,-0.90312672,0
3.7213726,-0.75246358,0.27988243,0.39066511,-0.17816526,-0.90312672,0
3.0341725,0.24184698,2.597724,0.8728019,0.3835088,0.30189043,0
-2.9506922,-2.4635763,-0.58287311,-0.8728019,-0.3835088,-0.30189043,0
-2.1118648,-1.2458385,-2.192034,0.39066511,-0.17816526,-0.90312672,0
1.5609195,3.3736706,0.31799638,-0.29257071,0.90618879,-0.30532649,0
-2.9171624,-1.3669982,-1.9080248,-0.8728019,-0.3835088,-0.30189043,0
-0.57924366,-2.5012767,1.0355123,0.29257071,-0.90618879,0.30532649,0
0.48201776,-1.7772363,2.0752099,0.29257071,-0.90618879,0.30532649,0
-3.6638288,-0.80825067,0.44999433,-0.39066511,0.17816526,0.90312672,0
0.47066879,-2.2590306,0.38389242,0.29257071,-0.90618879,0.30532649,0
-2.5919065,1.283263,-1.6970267,-0.29257071,0.90618879,-0.30532649,0
-1.4133583,2.5119953,0.18938839,-0.29257071,0.90618879,-0.30532649,0
-0.5163455,2.3259373,1.0500716,-0.39066511,0.17816526,0.90312672,0
3.1501775,1.0296534,1.2009602,0.8728019,0.3835088,0.30189043,0
2.8257742,1.2134401,2.2338405,0.8728019,0.3835088,0.30189043,0
-2.9301941,-1.3926487,-1.6999581,-0.8728019,-0.3835088,-0.30189043,0
-2.2882049,-2.1477621,-1.9713517,-0.8728019,-0.3835088,-0.30189043,0
0.0033993721,-0.2591536,1.9326513,-0.39066511,0.17816526,0.90312672,0
2.2827492,-1.5920427,-0.46160603,0.39066511,-0.17816526,-0.90312672,0
-0.20236897,-0.98493081,1.8148714,-0.39066511,0.17816526,0.90312672,0
-1.3160129,2.2163754,-0.45837605,-0.29257071,0.90618879,-0.30532649,0
2.5697539,2.4859252,1.5779682,0.8728019,0.3835088,0.30189043,0
-1.3902318,-2.7905364,1.5896006,0.29257071,-0.90618879,0.30532649,0
-2.4509163,-2.6338899,-0.96003056,-0.8728019,-0.3835088,-0.30189043,0
2.1415098,-0.34755033,2.7494886,-0.39066511,0.17816526,0.90312672,0
4.3384852,-0.95231628,0.79609227,0.8728019,0.3835088,0.30189043,0
-0.16164351,2.3079386,-0.68047982,-0.29257071,0.90618879,-0.30532649,0
1.4705948,-2.5233092,-0.45388877,0.29257071,-0.90618879,0.30532649,0
-0.41432965,0.87886071,-1.8187841,0.39066511,-0.17816526,-0.90312672,0
3.9143474,-1.1785502,0.99302673,0.29257071,-0.90618879,0.30532649,0
0.6986227,2.6825986,-0.28308854,-0.29257071,0.90618879,-0.30532649,0
0.82862282,3.3352308,0.90366036,-0.29257071,0.90618879,-0.30532649,0
-2.1808062,-3.2728586,-1.0291884,-0.8728019,-0.3835088,-0.30189043,0
-3.6176734,0.47174418,-2.0306685,-0.8728019,-0.3835088,-0.30189043,0
0.099588454,-0.34858465,-1.3557971,0.39066511,-0.17816526,-0.90312672,0
0.59663486,2.6960216,1.5653251,-0.39066511,0.17816526,0.90312672,0
-3.3177085,0.043614626,-2.3320901,-0.8728019,-0.3835088,-0.30189043,0
-2.5918064,-1.8817996,-1.3494174,-0.8728019,-0.3835088,-0.30189043,0
0.31145716,2.1642833,1.5836251,-0.39066511,0.17816526,0.90312672,0
-3.5388045,0.6720556,-2.8526201,-0.8728019,-0.3835088,-0.30189043,0
3.0329795,-0.98190755,1.899622,0.29257071,-0.90618879,0.30532649,0
0.22761187,1.2942636,1.374781,-0.39066511,0.17816526,0.90312672,0
-2.1499381,-3.7551038,-0.6725589,-0.8728019,-0.3835088,-0.30189043,0
-2.5983458,1.0273247,0.47486877,-0.39066511,0.17816526,0.90312672,0
-0.59719706,-2.8429623,-1.2045306,0.39066511,-0.17816526,-0.90312672,0
2.2301173,3.2398133,1.2355576,0.8728019,0.3835088,0.30189043,0
-1.3049734,1.2576864,-2.5234203,0.39066511,-0.17816526,-0.90312672,0
-2.3739161,-3.2327998,-0.43347025,-0.8728019,-0.3835088,-0.30189043,0
0.66810906,-2.1059766,-0.8604998,0.39066511,-0.17816526,-0.90312672,0
-0.84137034,1.1514676,-2.3768091,0.39066511,-0.17816526,-0.90312672,0
3.5924697,1.2215601,0.16744661,0.8728019,0.3835088,0.30189043,0
-3.8028288,-0.34336329,-0.5312593,-0.8728019,-0.3835088,-0.30189043,0
-2.2421069,1.9849305,0.36059308,-0.29257071,0.90618879,-0.30532649,0
0.70002711,0.28582987,1.7549162,-0.39066511,0.17816526,0.90312672,0
-1.1137655,-1.728755,1.4551283,-0.39066511,0.17816526,0.90312672,0
-2.2824469,-0.33690479,-2.4145508,0.39066511,-0.17816526,-0.90312672,0
0.59999251,0.78672785,-1.4468758,0.39066511,-0.17816526,-0.90312672,0
3.0268593,-0.064433098,-0.36189055,0.39066511,-0.17816526,-0.90312672,0
-1.8188365,-1.7360684,1.1733253,-0.39066511,0.17816526,0.90312672,0
-0.84272569,2.0388532,0.98115373,-0.39066511,0.17816526,0.90312672,0
2.5294747,2.4079862,1.2265333,0.8728019,0.3835088,0.30189043,0
2.8275702,3.4287336,-0.38652539,0.8728019,0.3835088,0.30189043,0
-0.085172415,-3.2871091,-1.0652015,0.39066511,-0.17816526,-0.90312672,0
1.8985163,1.1557388,2.1256995,-0.39066511,0.17816526,0.90312672,0
3.8312039,0.30319643,0.61569738,0.8728019,0.3835088,0.30189043,0
0.85753894,1.2615213,-1.3975986,0.39066511,-0.17816526,-0.90312672,0
-0.64702272,1.0652833,0.99051327,-0.39066511,0.17816526,0.90312672,0
-2.6420619,-1.8920234,-1.0505229,-0.8728019,-0.3835088,-0.30189043,0
3.3470755,0.88420618,0.90355039,0.8728019,0.3835088,0.30189043,0
2.4791989,-0.072713494,2.6451392,-0.39066511,0.17816526,0.90312672,0
-1.0242682,2.1113656,-1.5817974,-0.29257071,0.90618879,-0.30532649,0
1.839606,3.2874804,1.4821579,0.8728019,0.3835088,0.30189043,0
0.40756702,-2.3292563,0.38928866,0.29257071,-0.90618879,0.30532649,0
-0.72078681,1.4151675,-2.0348372,0.39066511,-0.17816526,-0.90312672,0
-2.6494966,1.3451583,-1.8154559,-0.29257071,0.90618879,-0.30532649,0
3.2803743,0.23220217,1.8266957,0.8728019,0.3835088,0.30189043,0
-1.4074602,2.4357173,-0.16993606,-0.29257071,0.90618879,-0.30532649,0
4.1595993,-0.037082911,0.071302176,0.8728019,0.3835088,0.30189043,0
2.2455783,-1.1866014,2.2849951,0.29257071,-0.90618879,0.30532649,0
3.309701,2.3636148,-0.36377621,0.8728019,0.3835088,0.30189043,0
-2.8113463,0.23456788,0.34666324,-0.39066511,0.17816526,0.90312672,0
-1.2352402,-3.1320834,-0.4442898,0.29257071,-0.90618879,0.30532649,0
-1.0465875,-3.2549148,-0.55678415,0.29257071,-0.90618879,0.30532649,0
2.6833513,3.0261245,-0.38135839,0.8728019,0.3835088,0.30189043,0
-3.2194939,-2.3077407,0.38137341,-0.8728019,-0.3835088,-0.30189043,0
2.1572938,3.2869644,-0.18758917,-0.29257071,0.90618879,-0.30532649,0
0.28440356,3.1499491,0.5136053,-0.29257071,0.90618879,-0.30532649,0
-1.8531511,1.6764796,-1.9430708,-0.29257071,0.90618879,-0.30532649,0
3.096216,-1.6013292,0.60182834,0.29257071,-0.90618879,0.30532649,0
2.1733086,-0.061651707,-0.70228207,0.39066511,-0.17816526,-0.90312672,0
-2.6904991,1.6826327,-1.0305696,-0.29257071,0.90618879,-0.30532649,0
-1.5511369,0.009614706,0.89750499,-0.39066511,0.17816526,0.90312672,0
-1.8346624,-3.780797,-0.82657444,-0.8728019,-0.3835088,-0.30189043,0
-0.68529737,-2.8225114,-1.4063047,0.39066511,-0.17816526,-0.90312672,0
4.1528616,-0.95539021,0.74373341,0.29257071,-0.90618879,0.30532649,0
-2.4032063,-1.5073292,-2.123204,-0.8728019,-0.3835088,-0.30189043,0
0.60565281,-2.1844246,0.63455695,0.29257071,-0.90618879,0.30532649,0
2.8522279,-1.8454214,0.52445245,0.29257071,-0.90618879,0.30532649,0
3.0503588,0.41805202,1.8920543,0.8728019,0.3835088,0.30189043,0
-0.3115592,-2.713367,-0.049908567,0.29257071,-0.90618879,0.30532649,0
3.670742,-0.084746242,1.6127126,0.8728019,0.3835088,0.30189043,0
-0.38424158,0.78082287,-1.9268088,0.39066511,-0.17816526,-0.90312672,0
2.1091723,1.3968079,2.3308001,-0.39066511,0.17816526,0.90312672,0
-3.39744,-0.42086816,-0.99705458,-0.8728019,-0.3835088,-0.30189043,0
3.0815411,2.4496338,-0.52485514,0.8728019,0.3835088,0.30189043,0
1.903949,-2.0204284,-0.25389385,0.29257071,-0.90618879,0.30532649,0
-1.1962293,2.5205626,0.74456042,-0.29257071,0.90618879,-0.30532649,0
-3.4012744,-0.87871182,-1.0019617,-0.8728019,-0.3835088,-0.30189043,0
3.5490618,-1.2545857,0.68135071,0.29257071,-0.90618879,0.30532649,0
3.5165498,-0.69691014,2.0309412,0.8728019,0.3835088,0.30189043,0
-3.3765175,0.46306539,-1.9246535,-0.8728019,-0.3835088,-0.30189043,0
2.501955,1.8970664,-1.172365,0.39066511,-0.17816526,-0.90312672,0
-1.2566514,-2.3419397,1.7981371,-0.39066511,0.17816526,0.90312672,0
-0.92518067,1.9602191,-1.9109818,-0.29257071,0.90618879,-0.30532649,0
-2.7062831,-1.4952585,-1.3685572,-0.8728019,-0.3835088,-0.30189043,0
0.35684013,3.4227414,1.1246638,-0.29257071,0.90618879,-0.30532649,0
-3.602083,0.46267223,-1.9229431,-0.8728019,-0.3835088,-0.30189043,0
2.5866416,2.9354188,0.25242257,0.8728019,0.3835088,0.30189043,0
0.25939101,0.59289056,1.581515,-0.39066511,0.17816526,0.90312672,0
-3.3542747,0.41188711,-2.8708913,-0.8728019,-0.3835088,-0.30189043,0
-1.9642591,0.19936343,-2.4783692,0.39066511,-0.17816526,-0.90312672,0
3.0514235,1.1071591,1.2297461,0.8728019,0.3835088,0.30189043,0
-1.7653651,-0.88336182,0.86516035,-0.39066511,0.17816526,0.90312672,0
-2.3567657,2.1176269,0.159724,-0.29257071,0.90618879,-0.30532649,0
2.0520864,-1.5929317,-0.5479362,0.39066511,-0.17816526,-0.90312672,0
0.40176058,-0.046521604,1.6956197,-0.39066511,0.17816526,0.90312672,0
-3.342834,-0.79596925,-0.59464955,-0.8728019,-0.3835088,-0.30189043,0
3.1159117,1.9729676,-0.3738811,0.8728019,0.3835088,0.30189043,0
-2.7419586,1.4053762,-1.8022542,-0.29257071,0.90618879,-0.30532649,0
0.70806479,2.5205343,-0.85063291,-0.29257071,0.90618879,-0.30532649,0
-2.4562764,-2.4354033,-1.4332412,-0.8728019,-0.3835088,-0.30189043,0
-2.4889507,-1.7666513,-2.0712667,-0.8728019,-0.3835088,-0.30189043,0
-1.5482996,0.88259363,-2.4673765,0.39066511,-0.17816526,-0.90312672,0
2.4398158,-0.4140321,2.9725473,-0.39066511,0.17816526,0.90312672,0
-2.4708693,-1.0933429,0.78683162,-0.39066511,0.17816526,0.90312672,0
-3.0474012,1.1007891,-1.6554112,-0.29257071,0.90618879,-0.30532649,0
0.43700314,1.6139098,-1.8165264,0.39066511,-0.17816526,-0.90312672,0
3.1078191,2.2591758,-0.88271761,0.39066511,-0.17816526,-0.90312672,0
2.4414258,2.8166976,0.99373257,0.8728019,0.3835088,0.30189043,0
2.2910631,2.5028374,-0.99544883,0.39066511,-0.17816526,-0.90312672,0
1.8126633,1.6143712,-1.3972437,0.39066511,-0.17816526,-0.90312672,0
-0.71662498,1.6515858,1.0529696,-0.39066511,0.17816526,0.90312672,0
1.8686768,3.5077209,1.0924317,0.8728019,0.3835088,0.30189043,0
2.4455647,1.5365379,-0.78106558,0.39066511,-0.17816526,-0.90312672,0
-1.8158202,2.0240214,-0.34496009,-0.29257071,0.90618879,-0.30532649,0
-2.5308223,-0.48204815,-2.5419021,0.39066511,-0.17816526,-0.90312672,0
2.3383689,-0.90960801,2.8475192,0.29257071,-0.90618879,0.30532649,0
-1.4163492,0.47311175,0.92202002,-0.39066511,0.17816526,0.90312672,0
-0.25800931,2.0108225,1.2909958,-0.39066511,0.17816526,0.90312672,0
3.8271499,0.49321127,0.4669919,0.8728019,0.3835088,0.30189043,0
0.096962452,2.6835544,-0.53259438,-0.29257071,0.90618879,-0.30532649,0
3.4297736,0.27646995,0.83112264,0.8728019,0.3835088,0.30189043,0
1.5352979,-1.4993558,2.3392215,0.29257071,-0.90618879,0.30532649,0
-3.0515819,-2.4864044,0.74580574,-0.8728019,-0.3835088,-0.30189043,0
-2.6443651,-1.1145178,-2.0052605,-0.8728019,-0.3835088,-0.30189043,0
3.2213821,1.1392248,0.83208871,0.8728019,0.3835088,0.30189043,0
0.58610439,3.2500091,1.3131992,-0.39066511,0.17816526,0.90312672,0
2.4295158,2.3041403,1.3919982,0.8728019,0.3835088,0.30189043,0
-1.1746204,2.195863,-1.0361058,-0.29257071,0.90618879,-0.30532649,0
1.1594,-1.5619431,2.0928936,0.29257071,-0.90618879,0.30532649,0
-2.5248177,-3.4730575,0.8136344,0.29257071,-0.90618879,0.30532649,0
-2.7340629,-0.3095181,0.53266764,-0.39066511,0.17816526,0.90312672,0
0.11315241,-0.60283172,-1.5915983,0.39066511,-0.17816526,-0.90312672,0
-2.0000484,-2.9108796,-2.1427584,0.39066511,-0.17816526,-0.90312672,0
3.0045409,2.305438,0.39540768,0.8728019,0.3835088,0.30189043,0
1.3487308,2.6237221,-1.2275827,-0.29257071,0.90618879,-0.30532649,0
2.84429,2.935292,0.11380863,0.8728019,0.3835088,0.30189043,0
-0.051800251,-2.5088115,0.58531857,0.29257071,-0.90618879,0.30532649,0
-3.9919262,0.88689828,-0.6315968,-0.8728019,-0.3835088,-0.30189043,0
-0.12277746,1.2056066,1.2529893,-0.39066511,0.17816526,0.90312672,0
-2.5251179,-2.200103,-1.495306,-0.8728019,-0.3835088,-0.30189043,0
-3.3410592,0.18149948,-2.0168154,-0.8728019,-0.3835088,-0.30189043,0
-1.5391257,-3.01583,0.091789961,0.29257071,-0.90618879,0.30532649,0
0.58421373,0.38829207,1.8842381,-0.39066511,0.17816526,0.90312672,0
-1.0810263,-3.5430372,-0.64773166,0.29257071,-0.90618879,0.30532649,0
1.1776752,-0.9131164,2.4428189,-0.39066511,0.17816526,0.90312672,0
-1.7403202,-3.5216517,-1.574739,0.39066511,-0.17816526,-0.90312672,0
3.2971365,0.72538614,-0.42217016,0.39066511,-0.17816526,-0.90312672,0
-2.5730696,-3.5303662,-0.038648367,-0.8728019,-0.3835088,-0.30189043,0
2.5063596,3.2669024,0.5592649,0.8728019,0.3835088,0.30189043,0
1.9666768,3.6643116,1.3969257,0.8728019,0.3835088,0.30189043,0
2.2411323,-1.9649032,0.44892716,0.29257071,-0.90618879,0.30532649,0
2.1664882,3.3549664,-0.48183286,-0.29257071,0.90618879,-0.30532649,0
-1.9510963,2.1773944,0.22270441,-0.29257071,0.90618879,-0.30532649,0
2.5900171,-1.2480593,-0.4441421,0.39066511,-0.17816526,-0.90312672,0
2.9914231,1.7385466,1.358959,0.8728019,0.3835088,0.30189043,0
2.9528027,2.8964815,-0.40742207,0.8728019,0.3835088,0.30189043,0
1.5223949,3.7214015,1.2968246,-0.29257071,0.90618879,-0.30532649,0
-0.87046957,-3.1559253,-0.062179774,0.29257071,-0.90618879,0.30532649,0
0.96497619,0.95121223,1.941352,-0.39066511,0.17816526,0.90312672,0
-3.106113,-1.4554645,-1.3642437,-0.8728019,-0.3835088,-0.30189043,0
3.0315292,-1.0009139,2.6288784,0.29257071,-0.90618879,0.30532649,0
-2.5660689,-1.2596682,-2.4048691,-0.8728019,-0.3835088,-0.30189043,0
4.4500132,-1.2118955,0.53729105,0.29257071,-0.90618879,0.30532649,0
-2.5797911,-1.5539927,-1.6535982,-0.8728019,-0.3835088,-0.30189043,0
2.6776481,2.9380927,0.4798317,0.8728019,0.3835088,0.30189043,0
2.3027089,3.5674734,0.34854543,0.8728019,0.3835088,0.30189043,0
2.9513352,-0.25674665,2.7752757,-0.39066511,0.17816526,0.90312672,0
-1.0699987,-3.2891183,-0.99607277,0.29257071,-0.90618879,0.30532649,0
1.9434361,3.4173748,-0.44580269,-0.29257071,0.90618879,-0.30532649,0
-3.2323272,1.0809098,-1.5039568,-0.29257071,0.90618879,-0.30532649,0
3.1718757,-1.2032583,1.5276818,0.29257071,-0.90618879,0.30532649,0
-2.3132772,0.11121917,0.76604378,-0.39066511,0.17816526,0.90312672,0
0.31301904,-2.4145107,1.0517046,0.29257071,-0.90618879,0.30532649,0
3.8412468,-0.50584674,0.87236047,0.8728019,0.3835088,0.30189043,0
2.383172,-1.0760574,2.1127787,0.29257071,-0.90618879,0.30532649,0
1.581975,2.9221964,-1.4703211,-0.29257071,0.90618879,-0.30532649,0
2.6717086,1.6637547,1.892759,0.8728019,0.3835088,0.30189043,0
-1.2604868,-0.086729169,-2.0144348,0.39066511,-0.17816526,-0.90312672,0
2.8632016,-1.3982809,1.755887,0.29257071,-0.90618879,0.30532649,0
1.2694769,-0.94738197,2.2160966,-0.39066511,0.17816526,0.90312672,0
1.4892015,-1.3362175,2.7218547,-0.39066511,0.17816526,0.90312672,0
1.1237274,2.5547643,1.4385586,-0.39066511,0.17816526,0.90312672,0
-3.4417453,1.0526501,-1.5404015,-0.29257071,0.90618879,-0.30532649,0
3.2997794,0.8180033,1.3885076,0.8728019,0.3835088,0.30189043,0
1.1824524,3.5038223,1.1650803,-0.29257071,0.90618879,-0.30532649,0
-3.9581687,1.3478649,-0.91753173,-0.29257071,0.90618879,-0.30532649,0
-0.021644354,2.6210833,1.103929,-0.39066511,0.17816526,0.90312672,0
-0.70185995,-2.836493,0.47708562,0.29257071,-0.90618879,0.30532649,0
-2.2952251,-2.9625909,1.0136918,0.29257071,-0.90618879,0.30532649,0
0.83021116,-2.083576,1.0206618,0.29257071,-0.90618879,0.30532649,0
-2.4095986,-2.9854326,-0.33710825,-0.8728019,-0.3835088,-0.30189043,0
3.1016827,0.0024716854,2.2943954,0.8728019,0.3835088,0.30189043,0
2.1141133,1.1688718,-1.1298226,0.39066511,-0.17816526,-0.90312672,0
-0.62107891,0.36862302,1.3209001,-0.39066511,0.17816526,0.90312672,0
-2.9367356,-2.4802749,0.37607932,-0.8728019,-0.3835088,-0.30189043,0
2.8904464,0.82578516,-0.70739961,0.39066511,-0.17816526,-0.90312672,0
-2.3214669,-3.4285703,0.65554047,0.29257071,-0.90618879,0.30532649,0
1.9027741,3.1324368,1.6421986,0.8728019,0.3835088,0.30189043,0
-2.5982597,-3.5641935,0.058462381,-0.8728019,-0.3835088,-0.30189043,0
-1.315469,0.79251766,1.0655448,-0.39066511,0.17816526,0.90312672,0
1.0447385,2.985461,0.29943722,-0.29257071,0.90618879,-0.30532649,0
2.3328776,-1.3293473,1.4267832,0.29257071,-0.90618879,0.30532649,0
0.66197205,-1.2159545,2.1148043,-0.39066511,0.17816526,0.90312672,0
2.3445477,-1.418323,-0.36800289,0.39066511,-0.17816526,-0.90312672,0
0.37565625,-2.2386675,-1.0410089,0.39066511,-0.17816526,-0.90312672,0
1.1187025,2.2467513,1.8001529,-0.39066511,0.17816526,0.90312672,0
-3.377954,-0.81972992,-1.1197751,-0.8728019,-0.3835088,-0.30189043,0
-1.7178081,2.2818582,-0.40969598,-0.29257071,0.90618879,-0.30532649,0
1.644357,3.165802,-0.1630249,-0.29257071,0.90618879,-0.30532649,0
-1.2481406,1.5733207,0.82951015,-0.39066511,0.17816526,0.90312672,0
2.027638,-1.5991843,1.4550306,0.29257071,-0.90618879,0.30532649,0
3.9239528,0.33990526,-0.045890331,0.8728019,0.3835088,0.30189043,0
0.16980124,-2.4975159,0.3009187,0.29257071,-0.90618879,0.30532649,0
3.4026644,-1.2927709,0.031349421,0.39066511,-0.17816526,-0.90312672,0
-1.1601355,-3.1524143,0.33208084,0.29257071,-0.90618879,0.30532649,0
-0.68523395,0.055900693,-2.1120374,0.39066511,-0.17816526,-0.90312672,0
-2.1432636,-0.20450449,-2.3944921,0.39066511,-0.17816526,-0.90312672,0
3.1318564,0.0051335096,1.9055982,0.8728019,0.3835088,0.30189043,0
3.6097646,0.78423142,0.19622946,0.8728019,0.3835088,0.30189043,0
-2.2667124,-3.6925383,-0.38473761,0.29257071,-0.90618879,0.30532649,0
-3.7017698,0.46840739,-1.0616024,-0.8728019,-0.3835088,-0.30189043,0
-2.8078656,-2.4983261,-0.43025374,-0.8728019,-0.3835088,-0.30189043,0
-3.5227127,-0.073129416,-1.2531421,-0.8728019,-0.3835088,-0.30189043,0
2.5939207,0.037287071,2.9858074,-0.39066511,0.17816526,0.90312672,0
-1.9914967,-3.1101685,-1.5404212,-0.8728019,-0.3835088,-0.30189043,0
0.012281179,2.6335244,-0.25028402,-0.29257071,0.90618879,-0.30532649,0
1.1933036,2.7235365,-1.6099452,-0.29257071,0.90618879,-0.30532649,0
2.8439355,2.6390138,0.077606916,0.8728019,0.3835088,0.30189043,0
0.39924145,2.8422828,1.1127828,-0.39066511,0.17816526,0.90312672,0
2.3660667,-1.330351,2.5379915,0.29257071,-0.90618879,0.30532649,0
2.9065371,0.95166332,2.288991,0.8728019,0.3835088,0.30189043,0
1.3729777,2.682085,-1.4815166,0.39066511,-0.17816526,-0.90312672,0
-4.0895395,0.86333156,-0.55287576,-0.8728019,-0.3835088,-0.30189043,0
2.4581363,-1.9209139,-0.10280991,0.29257071,-0.90618879,0.30532649,0
0.59368038,2.4949532,-1.0077212,-0.29257071,0.90618879,-0.30532649,0
3.2980106,-0.055790782,2.0243101,0.8728019,0.3835088,0.30189043,0
-1.4324559,0.4771502,0.84059483,-0.39066511,0.17816526,0.90312672,0
-2.8442636,-1.1012359,0.77313399,-0.39066511,0.17816526,0.90312672,0
2.2268555,2.4182634,1.705767,0.8728019,0.3835088,0.30189043,0
-0.84073007,1.7288523,0.74847734,-0.39066511,0.17816526,0.90312672,0
-2.1971958,-3.3142505,0.14863789,0.29257071,-0.90618879,0.30532649,0
-0.17832589,-3.0449114,-0.75553602,0.29257071,-0.90618879,0.30532649,0
1.3547525,3.8058016,1.389142,-0.29257071,0.90618879,-0.30532649,0
-2.7662871,-1.6951947,-1.007447,-0.8728019,-0.3835088,-0.30189043,0
-3.586957,0.075969696,-1.1167378,-0.8728019,-0.3835088,-0.30189043,0
-2.5687294,0.15459061,0.48078752,-0.39066511,0.17816526,0.90312672,0
-2.4543281,1.364496,-1.2662582,-0.29257071,0.90618879,-0.30532649,0
-2.9902766,0.121849,-2.5694187,-0.8728019,-0.3835088,-0.30189043,0
-1.8748386,1.6984496,-1.6145767,-0.29257071,0.90618879,-0.30532649,0
1.1862533,3.0912089,0.30577469,-0.29257071,0.90618879,-0.30532649,0
-2.2666121,0.38916469,-2.9143121,0.39066511,-0.17816526,-0.90312672,0
-3.8291247,1.3511221,-0.43279696,-0.29257071,0.90618879,-0.30532649,0
-2.627887,-0.91086435,-2.5207191,-0.8728019,-0.3835088,-0.30189043,0
-3.2733126,1.2419024,-1.935909,-0.29257071,0.90618879,-0.30532649,0
-1.2063828,1.1643221,1.062346,-0.39066511,0.17816526,0.90312672,0
-2.772505,1.4847815,-0.91059065,-0.29257071,0.90618879,-0.30532649,0
-2.0181084,-2.896421,0.92892677,0.29257071,-0.90618879,0.30532649,0
0.52158511,2.9985962,1.3681178,-0.39066511,0.17816526,0.90312672,0
3.5967507,0.14157724,1.1180475,0.8728019,0.3835088,0.30189043,0
-2.5085869,-2.9919934,-1.0481689,-0.8728019,-0.3835088,-0.30189043,0
1.191916,2.9602618,-1.0768871,-0.29257071,0.90618879,-0.30532649,0
-0.10673199,-1.2318339,-1.5322952,0.39066511,-0.17816526,-0.90312672,0
1.2461046,0.065436482,-1.0148315,0.39066511,-0.17816526,-0.90312672,0
0.93664694,-1.8245711,1.757889,0.29257071,-0.90618879,0.30532649,0
2.3751373,2.6792793,1.9038522,0.8728019,0.3835088,0.30189043,0
-1.8818741,-3.0986176,1.0277922,0.29257071,-0.90618879,0.30532649,0
3.0194914,2.8216166,-0.85764027,0.8728019,0.3835088,0.30189043,0
2.2758038,2.5154686,2.0707231,0.8728019,0.3835088,0.30189043,0
0.76583874,-2.3101752,-0.78918743,0.39066511,-0.17816526,-0.90312672,0
2.9792242,2.4258099,-0.94070828,0.39066511,-0.17816526,-0.90312672,0
-3.9452674,0.37146068,-0.38307571,-0.8728019,-0.3835088,-0.30189043,0
2.4116912,3.5784883,0.56269121,0.8728019,0.3835088,0.30189043,0
0.57323837,1.387253,-1.7862128,0.39066511,-0.17816526,-0.90312672,0
-0.71507394,2.6654818,0.68455446,-0.29257071,0.90618879,-0.30532649,0
-2.4435821,-2.1778288,-1.8352481,-0.8728019,-0.3835088,-0.30189043,0
-2.7041087,-1.8466262,-1.4688745,-0.8728019,-0.3835088,-0.30189043,0
0.44301748,-2.4561772,-0.11446327,0.29257071,-0.90618879,0.30532649,0
-0.086646318,-2.8018162,0.10273656,0.29257071,-0.90618879,0.30532649,0
-2.8580024,-1.8534796,-0.48335171,-0.8728019,-0.3835088,-0.30189043,0
-0.6410622,-2.2050588,-1.4082592,0.39066511,-0.17816526,-0.90312672,0
-2.393512,-2.0939674,-1.9162219,-0.8728019,-0.3835088,-0.30189043,0
2.7639377,0.57511711,2.244107,0.8728019,0.3835088,0.30189043,0
3.9764862,-0.6606853,1.4944699,0.8728019,0.3835088,0.30189043,0
3.6375012,0.61186838,0.8757937,0.8728019,0.3835088,0.30189043,0
-2.6567638,-1.0011724,-2.1912351,-0.8728019,-0.3835088,-0.30189043,0
2.7450676,2.8092127,-0.33186245,0.8728019,0.3835088,0.30189043,0
2.905802,2.2562709,0.63718414,0.8728019,0.3835088,0.30189043,0
2.7935264,-1.7101476,0.77527332,0.29257071,-0.90618879,0.30532649,0
2.8477452,1.7278723,1.0565202,0.8728019,0.3835088,0.30189043,0
-2.5745635,-1.1888235,-2.6046612,-0.8728019,-0.3835088,-0.30189043,0
-1.3081498,2.1732306,-0.54722512,-0.29257071,0.90618879,-0.30532649,0
1.1802952,-1.7737473,2.1662717,0.29257071,-0.90618879,0.30532649,0
-2.6206865,-1.2942091,-2.0871613,-0.8728019,-0.3835088,-0.30189043,0
-2.451632,1.9849145,-0.084031582,-0.29257071,0.90618879,-0.30532649,0
-3.7512469,0.97825027,-1.0794647,-0.29257071,0.90618879,-0.30532649,0
3.110533,-0.96779108,1.7228165,0.29257071,-0.90618879,0.30532649,0
1.4911048,-1.5717249,2.0423925,0.29257071,-0.90618879,0.30532649,0
2.5700953,-0.66153228,3.0345657,-0.39066511,0.17816526,0.90312672,0
-3.4395461,0.16122222,-1.2254317,-0.8728019,-0.3835088,-0.30189043,0
2.4406462,-1.7940713,1.1645107,0.29257071,-0.90618879,0.30532649,0
-2.4255848,-3.4755783,0.15271938,-0.8728019,-0.3835088,-0.30189043,0
1.051007,-1.6050498,2.1066992,0.29257071,-0.90618879,0.30532649,0
1.8048756,1.7841449,-1.3100713,0.39066511,-0.17816526,-0.90312672,0
-1.2617942,-0.037559986,0.91569078,-0.39066511,0.17816526,0.90312672,0
-1.5766671,-2.6238337,1.260093,0.29257071,-0.90618879,0.30532649,0
0.70401931,2.7567792,-0.77746058,-0.29257071,0.90618879,-0.30532649,0
0.85960329,0.47349381,-1.4591999,0.39066511,-0.17816526,-0.90312672,0
1.5743887,3.1789873,-0.15174603,-0.29257071,0.90618879,-0.30532649,0
2.6714392,-1.845181,0.36100316,0.29257071,-0.90618879,0.30532649,0
1.9331126,1.4206574,-1.0085537,0.39066511,-0.17816526,-0.90312672,0
-2.1006746,-0.35966063,-2.5979531,0.39066511,-0.17816526,-0.90312672,0
-2.9130955,-0.89590615,-1.9511108,-0.8728019,-0.3835088,-0.30189043,0
-2.0765686,-2.9171371,-1.9250295,-0.8728019,-0.3835088,-0.30189043,0
1.173172,-1.803418,1.2815313,0.29257071,-0.90618879,0.30532649,0
-2.6631224,-3.3959146,0.44202268,-0.8728019,-0.3835088,-0.30189043,0
-0.77790856,-1.9291884,-1.8328817,0.39066511,-0.17816526,-0.90312672,0
-2.2846496,-2.2417221,-1.9946932,-0.8728019,-0.3835088,-0.30189043,0
2.9051332,0.87211645,1.933598,0.8728019,0.3835088,0.30189043,0
3.8473165,-0.99831915,1.195121,0.29257071,-0.90618879,0.30532649,0
1.3037627,3.4423194,0.59624481,-0.29257071,0.90618879,-0.30532649,0
0.023289919,2.2652504,-1.3235161,-0.29257071,0.90618879,-0.30532649,0
2.1743474,3.5305374,-0.38753533,-0.29257071,0.90618879,-0.30532649,0
-2.5098715,-3.1281905,0.17970967,-0.8728019,-0.3835088,-0.30189043,0
-3.39573,0.32519603,-2.2892065,-0.8728019,-0.3835088,-0.30189043,0
-1.2909218,-1.2436527,-2.1403165,0.39066511,-0.17816526,-0.90312672,0
1.0255209,-1.2880952,-0.89408278,0.39066511,-0.17816526,-0.90312672,0
-1.7784092,1.9489832,-1.0785161,-0.29257071,0.90618879,-0.30532649,0
1.7999039,2.9901783,-1.3749743,-0.29257071,0.90618879,-0.30532649,0
0.63601851,-2.4719107,-0.30848569,0.29257071,-0.90618879,0.30532649,0
-0.081736565,2.4943793,-0.75147891,-0.29257071,0.90618879,-0.30532649,0
-3.6460681,-0.95838451,0.35534716,-0.8728019,-0.3835088,-0.30189043,0
-2.8407011,1.5304012,-1.2097414,-0.29257071,0.90618879,-0.30532649,0
0.51079977,0.59725535,1.6540017,-0.39066511,0.17816526,0.90312672,0
2.5802479,2.9771662,-0.24640596,0.8728019,0.3835088,0.30189043,0
-0.92266846,2.0837131,-1.7644283,-0.29257071,0.90618879,-0.30532649,0
0.97954726,3.221117,0.18913108,-0.29257071,0.90618879,-0.30532649,0
3.7446122,0.45323873,0.31246901,0.8728019,0.3835088,0.30189043,0
-3.2997394,-0.61353493,0.4927454,-0.39066511,0.17816526,0.90312672,0
-2.5040975,0.2302084,0.74634373,-0.39066511,0.17816526,0.90312672,0
-1.785373,1.7290683,-1.5184064,-0.29257071,0.90618879,-0.30532649,0
3.5315123,-0.41335213,1.9182904,0.8728019,0.3835088,0.30189043,0
3.3572891,-0.21273792,2.7054851,0.8728019,0.3835088,0.30189043,0
0.003247261,-2.4544759,1.346166,0.29257071,-0.90618879,0.30532649,0
3.2273581,1.0842118,-0.40786719,0.39066511,-0.17816526,-0.90312672,0
-1.061065,0.69506085,-2.2622125,0.39066511,-0.17816526,-0.90312672,0
2.4298286,0.021416187,-0.78896439,0.39066511,-0.17816526,-0.90312672,0
0.15044594,2.405468,-0.58624822,-0.29257071,0.90618879,-0.30532649,0
1.8179994,3.7609887,1.3780582,-0.29257071,0.90618879,-0.30532649,0
-3.1715636,-0.29799891,0.2864778,-0.39066511,0.17816526,0.90312672,0
1.5526471,-2.1251287,0.04931283,0.29257071,-0.90618879,0.30532649,0
0.82396817,-2.4414394,0.52768552,0.29257071,-0.90618879,0.30532649,0
-3.1994429,-1.8920808,0.54614687,-0.8728019,-0.3835088,-0.30189043,0
1.5563228,3.1456275,-0.50157845,-0.29257071,0.90618879,-0.30532649,0
3.3519673,0.62730634,1.6404958,0.8728019,0.3835088,0.30189043,0
-2.3698597,-2.1738226,-2.0520353,-0.8728019,-0.3835088,-0.30189043,0
2.7677848,0.95901203,-0.5283699,0.39066511,-0.17816526,-0.90312672,0
-2.9600298,-1.1012744,-1.3568149,-0.8728019,-0.3835088,-0.30189043,0
-3.4871764,-0.75783825,0.16014743,-0.39066511,0.17816526,0.90312672,0
-3.0800452,-1.268636,0.64805198,-0.39066511,0.17816526,0.90312672,0
-0.73605037,-2.5504665,0.71477062,0.29257071,-0.90618879,0.30532649,0
2.9808729,3.2966275,-1.0141002,-0.29257071,0.90618879,-0.30532649,0
-1.2644126,-2.259784,1.7065572,-0.39066511,0.17816526,0.90312672,0
2.6353354,-1.4075871,1.5743036,0.29257071,-0.90618879,0.30532649,0
-1.619494,1.5840173,-1.5354353,-0.29257071,0.90618879,-0.30532649,0
-2.8998976,-2.8657944,-0.22836614,-0.8728019,-0.3835088,-0.30189043,0
-3.6422596,-0.64676452,0.37088823,-0.39066511,0.17816526,0.90312672,0
-0.21141005,-2.750433,-0.35202956,0.29257071,-0.90618879,0.30532649,0
0.30519319,2.7608759,-0.89956009,-0.29257071,0.90618879,-0.30532649,0
1.9342643,3.258503,1.5813087,0.8728019,0.3835088,0.30189043,0
3.4454625,0.30507433,1.3648441,0.8728019,0.3835088,0.30189043,0
-2.7691007,1.2028389,-1.3349802,-0.29257071,0.90618879,-0.30532649,0
-2.0007606,-2.6187351,1.5251874,-0.39066511,0.17816526,0.90312672,0
3.6007609,-0.35484385,1.2015183,0.8728019,0.3835088,0.30189043,0
-1.434206,-3.6269145,-1.6310101,0.39066511,-0.17816526,-0.90312672,0
-0.45565057,0.13942641,-1.8316622,0.39066511,-0.17816526,-0.90312672,0
-0.33908296,2.5540609,-0.25734812,-0.29257071,0.90618879,-0.30532649,0
-4.1243801,1.2967944,-0.6068387,-0.29257071,0.90618879,-0.30532649,0
-2.2877862,-1.3832164,1.0663552,-0.39066511,0.17816526,0.90312672,0
-0.29457569,-2.3680983,1.5255306,0.29257071,-0.90618879,0.30532649,0
-1.0450308,-1.6334372,1.6979401,-0.39066511,0.17816526,0.90312672,0
3.1889768,0.1792841,1.7845397,0.8728019,0.3835088,0.30189043,0
3.9267867,-0.16698146,0.72507501,0.8728019,0.3835088,0.30189043,0
-2.3308921,-0.72141623,-2.392282,0.39066511,-0.17816526,-0.90312672,0
-2.7845182,-2.6970549,-0.16794181,-0.8728019,-0.3835088,-0.30189043,0
1.5213687,-1.2921126,-0.87991762,0.39066511,-0.17816526,-0.90312672,0
3.0759389,0.38432741,2.0604851,0.8728019,0.3835088,0.30189043,0
-0.59527922,2.597692,-0.30611241,-0.29257071,0.90618879,-0.30532649,0
-2.9590955,-2.3250382,0.70432281,-0.39066511,0.17816526,0.90312672,0
3.8433814,-1.1328535,1.7722631,0.29257071,-0.90618879,0.30532649,0
0.91956979,1.4506114,1.7520083,-0.39066511,0.17816526,0.90312672,0
-0.5030005,-3.1386721,-0.26118171,0.29257071,-0.90618879,0.30532649,0
2.8514905,0.68888956,2.1860864,0.8728019,0.3835088,0.30189043,0
2.926131,2.1204672,0.68009567,0.8728019,0.3835088,0.30189043,0
-1.3505132,-3.1023896,0.4324246,0.29257071,-0.90618879,0.30532649,0
-1.7232026,-3.254847,-1.9102125,0.39066511,-0.17816526,-0.90312672,0
-3.6618564,-0.46988201,-0.47242141,-0.8728019,-0.3835088,-0.30189043,0
2.8878493,1.4246323,2.0460963,0.8728019,0.3835088,0.30189043,0
-2.7349269,-2.4066617,-0.16455674,-0.8728019,-0.3835088,-0.30189043,0
3.4128017,-0.16573822,1.381727,0.8728019,0.3835088,0.30189043,0
-2.6906152,-1.5886832,-1.9860954,-0.8728019,-0.3835088,-0.30189043,0
4.4582367,-0.89138985,0.43691969,0.8728019,0.3835088,0.30189043,0
0.29976934,-1.0410576,-1.3273251,0.39066511,-0.17816526,-0.90312672,0
-1.4553099,0.93103015,-2.3324013,0.39066511,-0.17816526,-0.90312672,0
-2.4642358,-1.8668786,-1.7342769,-0.8728019,-0.3835088,-0.30189043,0
-0.38099718,-2.7777691,-0.13656665,0.29257071,-0.90618879,0.30532649,0
3.4395361,-0.023824573,1.9871767,0.8728019,0.3835088,0.30189043,0
-2.4887455,-1.5849285,-2.2665555,-0.8728019,-0.3835088,-0.30189043,0
2.6701603,2.4818332,0.48820376,0.8728019,0.3835088,0.30189043,0
1.1679273,2.7343726,-0.9706856,-0.29257071,0.90618879,-0.30532649,0
3.6285558,0.78650713,0.46912456,0.8728019,0.3835088,0.30189043,0
3.5139861,0.81508875,-0.21516871,0.39066511,-0.17816526,-0.90312672,0
2.88889,2.8447566,-0.73173225,0.8728019,0.3835088,0.30189043,0
3.8054466,0.049903393,-0.005874157,0.8728019,0.3835088,0.30189043,0
3.2200918,0.83428264,0.61110115,0.8728019,0.3835088,0.30189043,0
-0.17691183,1.3026414,-2.1044135,0.39066511,-0.17816526,-0.90312672,0
-1.0511057,-3.3003554,-0.57518721,0.29257071,-0.90618879,0.30532649,0
2.5138388,-1.9706722,0.41627002,0.29257071,-0.90618879,0.30532649,0
-3.1018085,-0.7776202,-1.1292295,-0.8728019,-0.3835088,-0.30189043,0
-1.5335214,1.4643977,-2.5819385,0.39066511,-0.17816526,-0.90312672,0
3.0859854,-0.5623123,2.9372272,0.8728019,0.3835088,0.30189043,0
0.15898418,-2.8487806,0.11626634,0.29257071,-0.90618879,0.30532649,0
-0.32271338,-2.2251341,1.675282,0.29257071,-0.90618879,0.30532649,0
0.30876911,-0.14526272,1.9227214,-0.39066511,0.17816526,0.90312672,0
