-0.019806981,0.024660915,2.3223367,-0.56439459,0.5814997,0.58593255,0
-1.8192048,-0.28294021,-3.547451,-0.8254149,-0.3870227,-0.41097897,0
0.039927006,-2.4152601,0.8640728,-0.012214959,-0.71559179,0.69841206,0
0.44784594,2.9083121,0.21343127,-0.56439459,0.5814997,0.58593255,0
0.27228034,0.10676482,2.5296247,-0.56439459,0.5814997,0.58593255,0
-0.69638777,-1.3672607,2.1363881,-0.012214959,-0.71559179,0.69841206,0
0.1034987,2.3598955,-1.3558185,0.012214959,0.71559179,-0.69841206,0
-1.8624572,-0.10374641,0.72703874,-0.56439459,0.5814997,0.58593255,0
-1.6353956,-2.9146504,-1.0425959,-0.8254149,-0.3870227,-0.41097897,0
1.5920122,0.65563953,3.095737,0.8254149,0.3870227,0.41097897,0
1.6142125,2.9039526,0.84220785,0.8254149,0.3870227,0.41097897,0
1.9143884,0.22343695,2.8909249,0.8254149,0.3870227,0.41097897,0
0.90220934,-2.1740847,0.63280052,0.56439459,-0.5814997,-0.58593255,0
-2.3610914,-3.0310879,0.49219841,-0.012214959,-0.71559179,0.69841206,0
-1.306008,1.4039506,-0.14982545,-0.56439459,0.5814997,0.58593255,0
-1.4306393,-2.970989,0.77074653,-0.012214959,-0.71559179,0.69841206,0
1.6899631,0.24416769,-1.2967776,0.56439459,-0.5814997,-0.58593255,0
2.1378231,-1.7897402,1.0718768,0.56439459,-0.5814997,-0.58593255,0
1.7776818,1.9972997,2.0824027,0.8254149,0.3870227,0.41097897,0
-2.2623663,-2.7108698,0.19896269,-0.8254149,-0.3870227,-0.41097897,0
-1.9865768,-1.0151494,1.4502195,-0.56439459,0.5814997,0.58593255,0
1.0341113,1.8189418,-1.7380655,0.012214959,0.71559179,-0.69841206,0
-1.7028069,-0.62938285,-3.536881,-0.8254149,-0.3870227,-0.41097897,0
1.4386705,-1.2851259,2.3800738,-0.012214959,-0.71559179,0.69841206,0
0.26641047,0.17914426,2.9693356,-0.56439459,0.5814997,0.58593255,0
1.5722324,0.93249649,2.9157271,0.8254149,0.3870227,0.41097897,0
0.38380557,-1.224138,-1.2542865,0.56439459,-0.5814997,-0.58593255,0
-0.83055806,-2.8994682,0.75418746,-0.012214959,-0.71559179,0.69841206,0
-3.276567,0.17702079,-0.8267045,-0.8254149,-0.3870227,-0.41097897,0
1.590497,1.5298681,-2.0681839,0.012214959,0.71559179,-0.69841206,0
2.332773,2.0498061,-1.3652539,0.012214959,0.71559179,-0.69841206,0
2.1769035,-0.54725206,2.8221157,-0.012214959,-0.71559179,0.69841206,0
-2.102423,0.064106703,-3.0643864,-0.8254149,-0.3870227,-0.41097897,0
-2.3457079,0.81915081,-0.2783848,-0.56439459,0.5814997,0.58593255,0
-1.2447685,1.7229602,-1.6601669,0.012214959,0.71559179,-0.69841206,0
-0.94191587,-0.56408203,-3.1077032,0.56439459,-0.5814997,-0.58593255,0
-2.522835,-0.55212235,-1.9956319,-0.8254149,-0.3870227,-0.41097897,0
-2.5504403,1.6790549,-1.9545033,0.012214959,0.71559179,-0.69841206,0
-3.0689764,-0.40028214,-0.52268887,-0.8254149,-0.3870227,-0.41097897,0
-0.67699385,-0.76837015,2.4681525,-0.56439459,0.5814997,0.58593255,0
2.0873849,-1.6865069,1.2961085,0.56439459,-0.5814997,-0.58593255,0
0.10391808,-0.83792472,2.7976103,-0.012214959,-0.71559179,0.69841206,0
-2.2504978,-0.2704761,0.93160719,-0.56439459,0.5814997,0.58593255,0
-2.2123194,-1.2291868,1.6172802,-0.56439459,0.5814997,0.58593255,0
1.8756825,-1.853301,1.4154605,0.56439459,-0.5814997,-0.58593255,0
1.7255696,3.3707085,0.86394936,0.8254149,0.3870227,0.41097897,0
-0.022377014,1.8058075,0.45459238,-0.56439459,0.5814997,0.58593255,0
-1.4781899,-1.3126376,-2.6937213,-0.8254149,-0.3870227,-0.41097897,0
1.513589,1.54,2.3360341,-0.56439459,0.5814997,0.58593255,0
-0.75053167,2.1894119,-0.63154209,-0.56439459,0.5814997,0.58593255,0
-0.48083925,-2.9539196,0.77228898,-0.012214959,-0.71559179,0.69841206,0
1.6244707,2.6940475,-0.75813133,0.012214959,0.71559179,-0.69841206,0
1.1785209,0.013333261,-1.3455809,0.56439459,-0.5814997,-0.58593255,0
-2.0116549,-2.65762,-0.70008123,-0.8254149,-0.3870227,-0.41097897,0
-0.36021304,-1.4427841,1.8248646,-0.012214959,-0.71559179,0.69841206,0
-2.6032214,0.81596577,-2.778847,-0.8254149,-0.3870227,-0.41097897,0
-1.987927,-0.31687903,-3.2798758,-0.8254149,-0.3870227,-0.41097897,0
1.3258157,1.7829034,2.1692903,-0.56439459,0.5814997,0.58593255,0
2.5389514,0.76912159,-0.6899662,0.56439459,-0.5814997,-0.58593255,0
-2.4856563,-2.1787331,-0.41780734,-0.8254149,-0.3870227,-0.41097897,0
2.7844684,1.4406587,0.24297118,0.8254149,0.3870227,0.41097897,0
2.9782531,0.045090795,1.3875763,0.8254149,0.3870227,0.41097897,0
-1.7706083,-1.2576846,-2.3179398,-0.8254149,-0.3870227,-0.41097897,0
-0.67707324,2.3140512,-1.4507874,0.012214959,0.71559179,-0.69841206,0
2.5363648,-0.41826725,2.8146706,0.8254149,0.3870227,0.41097897,0
-0.31508446,-1.9881654,1.2808048,-0.012214959,-0.71559179,0.69841206,0
-0.98543084,0.28474838,-3.3722918,0.012214959,0.71559179,-0.69841206,0
-2.994967,1.1741358,-2.261178,-0.8254149,-0.3870227,-0.41097897,0
-0.94367886,1.0742176,0.56483078,-0.56439459,0.5814997,0.58593255,0
1.2656875,-1.7871095,1.8849652,-0.012214959,-0.71559179,0.69841206,0
-2.4613996,-2.2593033,-0.26182997,-0.8254149,-0.3870227,-0.41097897,0
1.3763381,-0.78275543,-0.72000039,0.56439459,-0.5814997,-0.58593255,0
-3.3444498,-0.84027874,0.17765141,-0.8254149,-0.3870227,-0.41097897,0
-1.3881689,-1.0410274,-2.9927087,0.56439459,-0.5814997,-0.58593255,0
2.1859851,-1.5227512,0.99756181,0.56439459,-0.5814997,-0.58593255,0
0.49288702,1.990628,-1.596822,0.012214959,0.71559179,-0.69841206,0
2.8518469,-0.70775354,2.0885324,0.8254149,0.3870227,0.41097897,0
0.017654657,0.16031164,2.5197189,-0.56439459,0.5814997,0.58593255,0
-0.94852412,-0.92406273,-2.6553767,0.56439459,-0.5814997,-0.58593255,0
2.5351129,1.6105741,1.1481398,0.8254149,0.3870227,0.41097897,0
0.3556214,-0.81482744,-1.5897791,0.56439459,-0.5814997,-0.58593255,0
-0.40428782,-2.3417051,1.2962987,-0.012214959,-0.71559179,0.69841206,0
3.384845,0.54934132,0.17481828,0.8254149,0.3870227,0.41097897,0
-0.90141535,-0.0063475966,1.5978372,-0.56439459,0.5814997,0.58593255,0
-1.1187271,2.4447792,-1.0399194,-0.56439459,0.5814997,0.58593255,0
-0.51529145,-0.46491858,2.4784312,-0.56439459,0.5814997,0.58593255,0
2.9453499,0.49654651,0.4806211,0.8254149,0.3870227,0.41097897,0
2.3036947,1.2049584,1.8363937,0.8254149,0.3870227,0.41097897,0
-3.0346186,-0.38908744,-0.14442778,-0.56439459,0.5814997,0.58593255,0
-0.59884334,-2.140038,1.5907536,-0.012214959,-0.71559179,0.69841206,0
-3.1186461,-1.8359735,0.47272384,-0.8254149,-0.3870227,-0.41097897,0
2.1351137,0.883838,-1.2946666,0.56439459,-0.5814997,-0.58593255,0
1.4376687,1.0709758,2.5850987,-0.56439459,0.5814997,0.58593255,0
3.1449225,0.2708416,0.57220864,0.8254149,0.3870227,0.41097897,0
-3.154911,-1.8603188,0.52001488,-0.8254149,-0.3870227,-0.41097897,0
-0.32173729,-2.301877,1.2813019,-0.012214959,-0.71559179,0.69841206,0
2.2057042,0.54243505,2.0434456,0.8254149,0.3870227,0.41097897,0
2.4910178,0.6894477,1.708838,0.8254149,0.3870227,0.41097897,0
-2.0938997,0.78898382,-2.8813062,0.012214959,0.71559179,-0.69841206,0
-0.25049496,2.933284,-0.41437766,-0.56439459,0.5814997,0.58593255,0
-1.4711022,0.63247812,-2.9220614,0.012214959,0.71559179,-0.69841206,0
2.497081,0.49011558,1.5098574,0.8254149,0.3870227,0.41097897,0
-0.4487704,2.1176572,-1.360011,0.012214959,0.71559179,-0.69841206,0
0.42106271,1.0229937,-2.254673,0.012214959,0.71559179,-0.69841206,0
-3.1930475,0.44454718,-1.0857143,-0.8254149,-0.3870227,-0.41097897,0
3.4482691,0.64574599,-0.022178173,0.8254149,0.3870227,0.41097897,0
-1.7520449,-2.6352062,-0.97700214,-0.8254149,-0.3870227,-0.41097897,0
-0.49769735,-1.1951265,2.4685242,-0.012214959,-0.71559179,0.69841206,0
-0.65900445,0.80403948,-2.9435964,0.012214959,0.71559179,-0.69841206,0
0.86786938,-0.47472915,2.943666,-0.012214959,-0.71559179,0.69841206,0
-1.8202912,-0.74916887,-3.2501912,0.56439459,-0.5814997,-0.58593255,0
2.6218998,-0.31084991,2.1311553,0.8254149,0.3870227,0.41097897,0
-2.5519543,0.4049015,-0.073104262,-0.56439459,0.5814997,0.58593255,0
1.5966237,1.65367,-1.6501192,0.012214959,0.71559179,-0.69841206,0
0.61833918,-0.6421358,2.6477652,-0.012214959,-0.71559179,0.69841206,0
-1.2607214,-0.84720623,2.262723,-0.56439459,0.5814997,0.58593255,0
2.3847547,2.6178377,-0.0984236,0.8254149,0.3870227,0.41097897,0
2.9864671,-0.61253905,0.62113357,0.56439459,-0.5814997,-0.58593255,0
-2.8698828,0.84143221,-2.0211082,-0.8254149,-0.3870227,-0.41097897,0
-2.6965172,-2.183784,-0.17723978,-0.8254149,-0.3870227,-0.41097897,0
-1.9840722,-1.2355801,-1.8380518,-0.8254149,-0.3870227,-0.41097897,0
0.29706302,0.98191714,1.6827433,-0.56439459,0.5814997,0.58593255,0
-1.0560873,-2.7983921,0.80014992,-0.012214959,-0.71559179,0.69841206,0
-2.4476292,-0.55698764,0.85556853,-0.56439459,0.5814997,0.58593255,0
-0.72987151,-1.1041278,2.5419698,-0.012214959,-0.71559179,0.69841206,0
2.6494789,1.6075168,0.28921378,0.8254149,0.3870227,0.41097897,0
1.8908092,-1.6844362,2.0700145,-0.012214959,-0.71559179,0.69841206,0
-1.8870811,-0.82615691,-2.3925719,-0.8254149,-0.3870227,-0.41097897,0
-0.91099727,-3.2460618,-0.55713487,0.56439459,-0.5814997,-0.58593255,0
0.54398179,2.2002342,0.58929312,-0.56439459,0.5814997,0.58593255,0
2.5335121,0.99142241,1.0063165,0.8254149,0.3870227,0.41097897,0
2.5571592,1.8175355,0.72375941,0.8254149,0.3870227,0.41097897,0
-0.53844929,2.5719137,-1.2177776,0.012214959,0.71559179,-0.69841206,0
2.2873185,2.7203667,0.27281547,0.8254149,0.3870227,0.41097897,0
-1.0165451,-1.8645419,1.6999156,-0.012214959,-0.71559179,0.69841206,0
-3.2185678,-0.50957882,-0.77462649,-0.8254149,-0.3870227,-0.41097897,0
2.0388293,-0.050653219,3.3011303,0.8254149,0.3870227,0.41097897,0
0.67803776,-1.281203,-0.72366941,0.56439459,-0.5814997,-0.58593255,0
-0.96680975,-0.37093464,1.7232903,-0.56439459,0.5814997,0.58593255,0
-3.0729487,0.325791,-1.8609796,-0.8254149,-0.3870227,-0.41097897,0
2.5085635,0.67540479,1.8205926,0.8254149,0.3870227,0.41097897,0
0.66316152,3.1048193,-0.61290085,0.012214959,0.71559179,-0.69841206,0
1.6139408,1.4823921,2.4368238,0.8254149,0.3870227,0.41097897,0
-1.2079852,-0.59277856,2.2774992,-0.56439459,0.5814997,0.58593255,0
-0.52153802,1.1940633,-2.643657,0.012214959,0.71559179,-0.69841206,0
2.9381945,-0.39243841,0.63130999,0.56439459,-0.5814997,-0.58593255,0
0.5557735,1.8937607,1.2354108,-0.56439459,0.5814997,0.58593255,0
-2.3885851,0.38741136,-3.0118408,-0.8254149,-0.3870227,-0.41097897,0
0.041671276,1.5059317,-1.8521899,0.012214959,0.71559179,-0.69841206,0
-2.8159997,-0.23175347,-1.0139339,-0.8254149,-0.3870227,-0.41097897,0
-0.1302253,-0.80059057,-2.0290077,0.56439459,-0.5814997,-0.58593255,0
-1.4085445,1.0302379,0.31801015,-0.56439459,0.5814997,0.58593255,0
0.99859899,1.0179554,2.6674607,-0.56439459,0.5814997,0.58593255,0
-2.498039,-0.012748599,0.26099658,-0.56439459,0.5814997,0.58593255,0
-0.71823347,1.1067305,-2.5366073,0.012214959,0.71559179,-0.69841206,0
-2.425724,0.81339037,-2.8378415,-0.8254149,-0.3870227,-0.41097897,0
-0.54570818,2.282264,-1.5017004,0.012214959,0.71559179,-0.69841206,0
-1.2631382,-0.045948386,1.6397388,-0.56439459,0.5814997,0.58593255,0
0.1401248,2.6685514,-0.90434819,0.012214959,0.71559179,-0.69841206,0
-0.34653986,0.019361228,2.4123361,-0.56439459,0.5814997,0.58593255,0
-1.9903181,-3.0278804,0.16824269,-0.012214959,-0.71559179,0.69841206,0
-2.2302327,-0.58546221,-2.4552484,-0.8254149,-0.3870227,-0.41097897,0
-0.54455739,1.2065289,0.66385341,-0.56439459,0.5814997,0.58593255,0
-1.4576752,-1.9630376,1.3649081,-0.012214959,-0.71559179,0.69841206,0
2.2107379,1.6516974,1.3276052,0.8254149,0.3870227,0.41097897,0
1.6990931,1.7189341,1.8612655,0.8254149,0.3870227,0.41097897,0
0.85835218,0.98690492,2.4890065,-0.56439459,0.5814997,0.58593255,0
-1.7793877,-3.2550216,-0.81755471,-0.8254149,-0.3870227,-0.41097897,0
3.2944398,-0.61910045,1.0921862,0.8254149,0.3870227,0.41097897,0
2.6396465,-0.97347522,1.2471206,0.56439459,-0.5814997,-0.58593255,0
-0.98641706,-1.4894797,1.8260188,-0.012214959,-0.71559179,0.69841206,0
-1.7086986,-0.22923046,-3.4395556,-0.8254149,-0.3870227,-0.41097897,0
1.8422467,-0.79753739,2.8260574,-0.012214959,-0.71559179,0.69841206,0
-1.8397949,1.7368685,-1.231871,-0.56439459,0.5814997,0.58593255,0
-0.010747671,2.5912762,-1.2053801,0.012214959,0.71559179,-0.69841206,0
3.0688994,-0.2856487,1.7458017,0.8254149,0.3870227,0.41097897,0
2.0144982,-1.8685496,1.4763372,0.56439459,-0.5814997,-0.58593255,0
2.0446627,-1.4388249,1.9888326,-0.012214959,-0.71559179,0.69841206,0
2.310163,1.0763844,1.8818876,0.8254149,0.3870227,0.41097897,0
0.58216023,1.5460868,-1.7015965,0.012214959,0.71559179,-0.69841206,0
-2.019835,-3.222343,0.079829693,-0.012214959,-0.71559179,0.69841206,0
-0.80984622,-1.1304218,-2.0073404,0.56439459,-0.5814997,-0.58593255,0
-1.3440927,1.6827102,-1.8953829,0.012214959,0.71559179,-0.69841206,0
-0.17517018,1.0753287,-2.760751,0.012214959,0.71559179,-0.69841206,0
1.3914095,2.6096368,1.4454242,-0.56439459,0.5814997,0.58593255,0
0.93372154,-2.319247,1.437757,-0.012214959,-0.71559179,0.69841206,0
-2.7878819,-0.30040848,-1.3465333,-0.8254149,-0.3870227,-0.41097897,0
-0.068799257,-0.3356756,-2.4325047,0.56439459,-0.5814997,-0.58593255,0
2.1973202,2.9925799,-0.22901273,0.012214959,0.71559179,-0.69841206,0
1.4428163,1.409929,2.6205153,-0.56439459,0.5814997,0.58593255,0
1.0952127,2.5373774,1.2999623,-0.56439459,0.5814997,0.58593255,0
0.83078384,-2.4746304,1.0729246,-0.012214959,-0.71559179,0.69841206,0
-2.2676773,-2.8759022,0.090510368,-0.8254149,-0.3870227,-0.41097897,0
-1.9602721,-1.2480012,-1.8588194,-0.8254149,-0.3870227,-0.41097897,0
-0.83694476,-2.1051044,-0.95028377,0.56439459,-0.5814997,-0.58593255,0
2.5061505,2.7381368,-0.56071424,0.8254149,0.3870227,0.41097897,0
2.8479521,-0.097280025,2.0191779,0.8254149,0.3870227,0.41097897,0
1.9246576,-0.46605951,3.3312225,-0.012214959,-0.71559179,0.69841206,0
0.18761945,0.84235775,-2.4436843,0.012214959,0.71559179,-0.69841206,0
-0.49411535,1.8831487,-1.3912954,0.012214959,0.71559179,-0.69841206,0
0.39797568,0.39771777,-2.3933794,0.56439459,-0.5814997,-0.58593255,0
-0.8805452,-1.5369737,-1.7133104,0.56439459,-0.5814997,-0.58593255,0
-2.6288867,-0.62061685,-1.2559268,-0.8254149,-0.3870227,-0.41097897,0
2.5286512,0.1096524,-0.19939661,0.56439459,-0.5814997,-0.58593255,0
2.229948,-0.55110419,0.10040987,0.56439459,-0.5814997,-0.58593255,0
1.3765121,-1.5691187,0.32308125,0.56439459,-0.5814997,-0.58593255,0
0.94673336,-0.025302202,3.6676803,-0.012214959,-0.71559179,0.69841206,0
-0.44222993,-1.6791894,-1.6154388,0.56439459,-0.5814997,-0.58593255,0
2.7642088,1.0556264,1.2326517,0.8254149,0.3870227,0.41097897,0
-0.20262361,-2.1955323,1.4845018,-0.012214959,-0.71559179,0.69841206,0
3.0772409,1.35539,-0.051134109,0.8254149,0.3870227,0.41097897,0
0.99099171,-2.0434425,1.3317242,-0.012214959,-0.71559179,0.69841206,0
1.6794848,3.0379968,-0.50134379,0.012214959,0.71559179,-0.69841206,0
-2.1711304,0.30989969,-2.9372978,-0.8254149,-0.3870227,-0.41097897,0
-1.9676085,-2.0994279,1.4646481,-0.012214959,-0.71559179,0.69841206,0
1.8354847,0.74624002,-1.6034486,0.56439459,-0.5814997,-0.58593255,0
2.568994,-0.80220759,0.45338774,0.56439459,-0.5814997,-0.58593255,0
-3.0953565,-0.056908131,-0.60114217,-0.56439459,0.5814997,0.58593255,0
-0.80126965,1.8419983,-1.5235877,0.012214959,0.71559179,-0.69841206,0
0.0019238591,-1.0621282,-1.8386172,0.56439459,-0.5814997,-0.58593255,0
-1.2302127,-2.637727,-1.0671055,0.56439459,-0.5814997,-0.58593255,0
0.91676742,1.6516184,1.5276554,-0.56439459,0.5814997,0.58593255,0
2.4518197,-0.32807362,2.809375,0.8254149,0.3870227,0.41097897,0
-0.9938525,1.7418745,-1.8514268,0.012214959,0.71559179,-0.69841206,0
0.057378292,2.6805494,-0.84412408,0.012214959,0.71559179,-0.69841206,0
-3.2205467,-1.944445,0.9580363,-0.8254149,-0.3870227,-0.41097897,0
2.6388762,2.4921813,-0.77582085,0.012214959,0.71559179,-0.69841206,0
-1.6934707,-2.9396534,0.5095861,-0.012214959,-0.71559179,0.69841206,0
-2.8005419,-2.1438246,0.28785253,-0.8254149,-0.3870227,-0.41097897,0
-2.11095,1.6947316,-1.6457486,0.012214959,0.71559179,-0.69841206,0
-0.63671255,-2.7766645,-0.72742909,0.56439459,-0.5814997,-0.58593255,0
-1.6045551,-0.026350737,1.057694,-0.56439459,0.5814997,0.58593255,0
-1.2146652,-2.2712715,1.3587098,-0.012214959,-0.71559179,0.69841206,0
-0.29135251,1.4332354,-2.3638763,0.012214959,0.71559179,-0.69841206,0
-1.8737717,0.37776208,-3.2847209,0.012214959,0.71559179,-0.69841206,0
0.018258095,0.076618284,2.6312852,-0.56439459,0.5814997,0.58593255,0
-1.8061975,-0.96676856,-2.6392465,-0.8254149,-0.3870227,-0.41097897,0
2.9967618,2.1024227,-0.81968927,0.8254149,0.3870227,0.41097897,0
1.0499164,-1.4009426,2.2127063,-0.012214959,-0.71559179,0.69841206,0
1.0340538,-0.58575213,2.9484434,-0.012214959,-0.71559179,0.69841206,0
-0.4049232,-2.9093552,0.45646644,-0.012214959,-0.71559179,0.69841206,0
1.7143693,-1.7630244,1.7711302,-0.012214959,-0.71559179,0.69841206,0
0.40298581,0.82354176,-2.6758535,0.012214959,0.71559179,-0.69841206,0
-2.4903226,-2.4168544,1.0668241,-0.012214959,-0.71559179,0.69841206,0
-1.9692929,-0.75188768,-2.4873469,-0.8254149,-0.3870227,-0.41097897,0
1.9535203,-1.3970464,2.2537704,-0.012214959,-0.71559179,0.69841206,0
-1.6462303,-1.8560276,-2.0561302,-0.8254149,-0.3870227,-0.41097897,0
2.0347347,0.69351757,2.5379989,0.8254149,0.3870227,0.41097897,0
-0.62774587,-1.4236259,-1.4352269,0.56439459,-0.5814997,-0.58593255,0
-2.9080343,-1.8214908,1.6698074,-0.012214959,-0.71559179,0.69841206,0
0.82896614,3.1483383,-0.59380937,0.012214959,0.71559179,-0.69841206,0
2.6078849,1.6468436,0.50719786,0.8254149,0.3870227,0.41097897,0
2.2301962,-0.60747421,0.16695821,0.56439459,-0.5814997,-0.58593255,0
2.9431686,2.2150674,-1.0304908,0.012214959,0.71559179,-0.69841206,0
1.1190674,0.36850497,3.320441,-0.56439459,0.5814997,0.58593255,0
0.086078882,-1.0750051,2.3353226,-0.012214959,-0.71559179,0.69841206,0
-1.1300867,0.99448812,0.49100906,-0.56439459,0.5814997,0.58593255,0
0.97751522,-2.1644149,1.5123806,-0.012214959,-0.71559179,0.69841206,0
2.8041546,0.47822964,0.80803418,0.8254149,0.3870227,0.41097897,0
-0.88862276,-3.2932205,0.19277802,-0.012214959,-0.71559179,0.69841206,0
0.47239518,-0.48101479,-1.696877,0.56439459,-0.5814997,-0.58593255,0
-0.38863027,2.8946958,-0.37568575,0.012214959,0.71559179,-0.69841206,0
-0.72087312,1.5673996,-2.2270303,0.012214959,0.71559179,-0.69841206,0
-1.4077501,0.34947181,0.63205266,-0.56439459,0.5814997,0.58593255,0
1.8269042,2.8622975,1.0223863,0.8254149,0.3870227,0.41097897,0
-2.0534468,0.16570318,0.2508924,-0.56439459,0.5814997,0.58593255,0
-0.0047500134,2.8201218,-0.62075746,0.012214959,0.71559179,-0.69841206,0
-1.6095326,-2.7562077,-1.1509733,-0.8254149,-0.3870227,-0.41097897,0
-1.7955639,-0.91002083,1.6610513,-0.56439459,0.5814997,0.58593255,0
-1.446694,1.6139324,-2.193881,0.012214959,0.71559179,-0.69841206,0
-3.2932642,-0.83113921,-0.14655876,-0.8254149,-0.3870227,-0.41097897,0
-2.3896773,1.0791287,-2.238301,0.012214959,0.71559179,-0.69841206,0
-2.1326919,-0.8670615,-2.2506943,-0.8254149,-0.3870227,-0.41097897,0
1.2722138,-1.5079175,0.051553965,0.56439459,-0.5814997,-0.58593255,0
2.0505133,-1.0052745,0.23804629,0.56439459,-0.5814997,-0.58593255,0
2.8334281,1.5046651,-0.028751493,0.8254149,0.3870227,0.41097897,0
-1.5935845,-0.49330103,-3.327044,0.56439459,-0.5814997,-0.58593255,0
1.7380643,2.7053876,-0.96387368,0.012214959,0.71559179,-0.69841206,0
-2.5435493,0.39448595,-2.1189094,-0.8254149,-0.3870227,-0.41097897,0
-2.1448998,-3.2189713,0.059277415,-0.8254149,-0.3870227,-0.41097897,0
-0.22098148,-0.38291782,-2.1622713,0.56439459,-0.5814997,-0.58593255,0
1.346961,-1.9812944,1.8311803,-0.012214959,-0.71559179,0.69841206,0
-1.2599065,0.16737372,-3.1981752,0.012214959,0.71559179,-0.69841206,0
-0.43697542,-2.3834066,-0.82422495,0.56439459,-0.5814997,-0.58593255,0
1.059629,0.32236934,3.3930271,-0.56439459,0.5814997,0.58593255,0
-2.2870953,-2.8589814,-0.42675185,-0.8254149,-0.3870227,-0.41097897,0
-2.0239611,0.13678372,-2.9291091,-0.8254149,-0.3870227,-0.41097897,0
-2.640656,-1.1417124,1.0136647,-0.56439459,0.5814997,0.58593255,0
-2.4618559,-0.017933488,-2.1559491,-0.8254149,-0.3870227,-0.41097897,0
-2.8610547,0.6372385,-2.1817801,-0.8254149,-0.3870227,-0.41097897,0
1.64819,-2.3556075,1.1118543,0.56439459,-0.5814997,-0.58593255,0
2.4493973,-0.50248826,2.7979815,0.8254149,0.3870227,0.41097897,0
-2.4576538,0.060878158,-1.9830362,-0.8254149,-0.3870227,-0.41097897,0
0.21773654,2.1384497,0.70335025,-0.56439459,0.5814997,0.58593255,0
-2.438539,-1.5843494,-0.79482937,-0.8254149,-0.3870227,-0.41097897,0
-0.11334229,-0.082885966,2.575582,-0.56439459,0.5814997,0.58593255,0
2.0735564,-1.9678212,1.8016739,-0.012214959,-0.71559179,0.69841206,0
-1.0324099,-1.9108791,-1.7651756,0.56439459,-0.5814997,-0.58593255,0
-3.2249269,-0.72629225,-0.17992902,-0.8254149,-0.3870227,-0.41097897,0
2.243839,-1.6762724,1.6800975,-0.012214959,-0.71559179,0.69841206,0
1.338202,2.1971481,1.8101125,-0.56439459,0.5814997,0.58593255,0
0.4398458,1.738721,-1.9038438,0.012214959,0.71559179,-0.69841206,0
2.4186158,-1.6260842,1.2847621,0.56439459,-0.5814997,-0.58593255,0
-0.53728539,1.0900319,0.92390567,-0.56439459,0.5814997,0.58593255,0
-0.18112469,-0.73734158,2.8106489,-0.012214959,-0.71559179,0.69841206,0
2.6193123,-0.044071317,1.6252065,0.8254149,0.3870227,0.41097897,0
0.041461945,-2.3584316,1.2664353,-0.012214959,-0.71559179,0.69841206,0
-1.5994051,-3.5313177,-0.068742692,-0.012214959,-0.71559179,0.69841206,0
1.2673278,2.7760177,1.3631957,-0.56439459,0.5814997,0.58593255,0
2.7494833,1.4109861,0.048999548,0.8254149,0.3870227,0.41097897,0
-0.58947146,1.6713641,-1.8085855,0.012214959,0.71559179,-0.69841206,0
-1.0172236,-1.2848265,-1.9998918,0.56439459,-0.5814997,-0.58593255,0
0.14372796,-1.068536,-1.6626784,0.56439459,-0.5814997,-0.58593255,0
-2.4364052,-0.46746045,-2.0706422,-0.8254149,-0.3870227,-0.41097897,0
-1.0237994,-1.0668141,-2.8078725,0.56439459,-0.5814997,-0.58593255,0
-3.0845087,-1.9963604,0.95335793,-0.8254149,-0.3870227,-0.41097897,0
-2.2271013,1.5838217,-1.0198641,-0.56439459,0.5814997,0.58593255,0
1.1846139,2.2565274,-1.4486797,0.012214959,0.71559179,-0.69841206,0
-0.045199156,1.9282323,-1.8445194,0.012214959,0.71559179,-0.69841206,0
-0.72533405,-2.6404929,-0.89166528,0.56439459,-0.5814997,-0.58593255,0
-0.046659112,-2.7050176,0.041111931,0.56439459,-0.5814997,-0.58593255,0
-2.8665092,-0.41578805,-1.2987201,-0.8254149,-0.3870227,-0.41097897,0
1.8543601,1.4256575,1.8291383,0.8254149,0.3870227,0.41097897,0
-0.54621685,2.3248024,-0.10129893,-0.56439459,0.5814997,0.58593255,0
0.92021906,-2.4435177,0.74000496,0.56439459,-0.5814997,-0.58593255,0
0.10548508,0.64600593,2.2880678,-0.56439459,0.5814997,0.58593255,0
0.55921662,0.57591188,2.732337,-0.56439459,0.5814997,0.58593255,0
-1.6821194,1.1534667,-2.3807883,0.012214959,0.71559179,-0.69841206,0
-0.39011931,-3.0362837,0.6975401,-0.012214959,-0.71559179,0.69841206,0
-2.3327456,-1.9107472,1.3760698,-0.012214959,-0.71559179,0.69841206,0
1.5257723,3.051806,-0.27207798,0.012214959,0.71559179,-0.69841206,0
1.7402116,0.87389094,3.2584059,0.8254149,0.3870227,0.41097897,0
-0.36815143,-3.1596501,0.56693727,-0.012214959,-0.71559179,0.69841206,0
-1.7477274,2.1817784,-1.6128279,0.012214959,0.71559179,-0.69841206,0
2.1921818,-1.1044905,2.6947317,-0.012214959,-0.71559179,0.69841206,0
2.8374104,0.93877208,-1.090155,0.56439459,-0.5814997,-0.58593255,0
1.4902868,-0.83592349,-0.21339381,0.56439459,-0.5814997,-0.58593255,0
3.0314696,0.79595006,0.63563871,0.8254149,0.3870227,0.41097897,0
-2.6205297,-2.0443964,0.13418388,-0.8254149,-0.3870227,-0.41097897,0
-2.4119451,-1.3874252,1.454686,-0.56439459,0.5814997,0.58593255,0
-2.231137,-1.5305763,2.0389552,-0.56439459,0.5814997,0.58593255,0
1.6038733,-2.2754595,1.472671,-0.012214959,-0.71559179,0.69841206,0
-2.9593272,-0.34242511,-1.0588768,-0.8254149,-0.3870227,-0.41097897,0
-2.7404902,0.29253137,-1.7477849,-0.8254149,-0.3870227,-0.41097897,0
1.3005041,3.2909262,0.79123563,-0.56439459,0.5814997,0.58593255,0
3.0961692,-1.0583303,2.485085,0.8254149,0.3870227,0.41097897,0
2.1667159,-0.61710715,3.0310583,-0.012214959,-0.71559179,0.69841206,0
1.5171251,3.6629617,0.34709185,-0.56439459,0.5814997,0.58593255,0
1.4035479,-0.8498078,2.5967712,-0.012214959,-0.71559179,0.69841206,0
-1.354634,-1.1012076,2.408052,-0.012214959,-0.71559179,0.69841206,0
-1.8630884,-1.6661327,2.112957,-0.012214959,-0.71559179,0.69841206,0
2.4822903,2.1955161,-1.5235964,0.012214959,0.71559179,-0.69841206,0
0.66485167,1.6463747,-1.7757771,0.012214959,0.71559179,-0.69841206,0
-0.15891171,2.7038109,-0.6311363,0.012214959,0.71559179,-0.69841206,0
2.7636752,-1.1928571,2.5860512,-0.012214959,-0.71559179,0.69841206,0
-0.24980783,1.3055279,1.0522815,-0.56439459,0.5814997,0.58593255,0
-1.8832548,-1.5519583,-1.7709692,-0.8254149,-0.3870227,-0.41097897,0
-2.1045973,1.0557131,-2.2942514,0.012214959,0.71559179,-0.69841206,0
1.8321593,1.5278528,2.1991148,0.8254149,0.3870227,0.41097897,0
2.0086713,-0.81432164,0.20798135,0.56439459,-0.5814997,-0.58593255,0
-1.6429002,-3.5918646,-0.40066558,0.56439459,-0.5814997,-0.58593255,0
-2.9572859,1.3162483,-2.1327631,0.012214959,0.71559179,-0.69841206,0
-2.6894212,-0.63223648,0.55330682,-0.56439459,0.5814997,0.58593255,0
0.41669011,1.9848756,-1.7958939,0.012214959,0.71559179,-0.69841206,0
2.3341012,2.0101109,0.29160774,0.8254149,0.3870227,0.41097897,0
-1.2254521,-1.1423333,-2.5269821,0.56439459,-0.5814997,-0.58593255,0
0.52285099,-1.1207147,2.5550487,-0.012214959,-0.71559179,0.69841206,0
1.1212263,3.2711451,-0.42701694,0.012214959,0.71559179,-0.69841206,0
2.3151023,-1.8011878,1.6911216,-0.012214959,-0.71559179,0.69841206,0
0.012847885,1.3865492,1.352318,-0.56439459,0.5814997,0.58593255,0
1.3907481,-1.4386104,2.1487679,-0.012214959,-0.71559179,0.69841206,0
-2.1725645,0.70520723,-3.1611414,0.012214959,0.71559179,-0.69841206,0
1.6091552,-1.3030556,2.3818197,-0.012214959,-0.71559179,0.69841206,0
2.5287049,2.4559252,-0.95297974,0.012214959,0.71559179,-0.69841206,0
-0.64014959,2.1026599,-1.168129,0.012214959,0.71559179,-0.69841206,0
1.7524704,-0.17806697,-0.99859619,0.56439459,-0.5814997,-0.58593255,0
-1.7784692,-2.3275771,-1.1635079,-0.8254149,-0.3870227,-0.41097897,0
-1.5955876,1.4479942,-0.70181561,-0.56439459,0.5814997,0.58593255,0
-1.6185887,-1.5262508,-2.9056606,0.56439459,-0.5814997,-0.58593255,0
1.9107562,-1.3387026,2.4876792,-0.012214959,-0.71559179,0.69841206,0
-0.011218458,1.4456557,1.044441,-0.56439459,0.5814997,0.58593255,0
-1.837955,-1.2678963,-2.5499911,-0.8254149,-0.3870227,-0.41097897,0
-1.2093866,-3.5540831,0.084431261,0.56439459,-0.5814997,-0.58593255,0
1.2574084,2.2711165,1.3405693,-0.56439459,0.5814997,0.58593255,0
-0.039974928,0.037906498,-2.3669283,0.56439459,-0.5814997,-0.58593255,0
-1.931774,-0.94958162,1.3731556,-0.56439459,0.5814997,0.58593255,0
-0.31195962,-0.34145343,-2.3826191,0.56439459,-0.5814997,-0.58593255,0
2.8566875,0.51164818,0.69293404,0.8254149,0.3870227,0.41097897,0
2.3468711,0.80102825,2.2846656,0.8254149,0.3870227,0.41097897,0
0.99917054,-0.4764331,2.8512926,-0.012214959,-0.71559179,0.69841206,0
2.7840629,-1.1450199,1.2493718,0.56439459,-0.5814997,-0.58593255,0
0.52796465,1.8427296,1.346156,-0.56439459,0.5814997,0.58593255,0
2.9167979,2.1985099,-1.133602,0.012214959,0.71559179,-0.69841206,0
2.5731819,-0.15812349,-0.11363685,0.56439459,-0.5814997,-0.58593255,0
-0.25667381,-0.80150902,2.5634146,-0.012214959,-0.71559179,0.69841206,0
-1.4442136,0.99206585,-2.519598,0.012214959,0.71559179,-0.69841206,0
-1.9919052,-3.3676252,0.23317057,-0.8254149,-0.3870227,-0.41097897,0
1.7811505,3.6509924,0.45308882,-0.56439459,0.5814997,0.58593255,0
-0.39577362,-1.0680053,-1.7864637,0.56439459,-0.5814997,-0.58593255,0
-1.7925471,1.0440527,-0.19312108,-0.56439459,0.5814997,0.58593255,0
1.2745562,1.1817956,-2.4086599,0.012214959,0.71559179,-0.69841206,0
-1.6363606,-0.86122358,-2.7736702,-0.8254149,-0.3870227,-0.41097897,0
1.7635601,1.7246616,1.7491711,0.8254149,0.3870227,0.41097897,0
1.2862259,-2.0524411,1.5917975,-0.012214959,-0.71559179,0.69841206,0
1.8018358,3.4795451,0.21829522,0.012214959,0.71559179,-0.69841206,0
0.016973019,2.3772464,-1.3731872,0.012214959,0.71559179,-0.69841206,0
1.9881706,0.014938354,-0.93839794,0.56439459,-0.5814997,-0.58593255,0
-2.9081357,-0.05557704,0.029148817,-0.56439459,0.5814997,0.58593255,0
0.65940928,0.38852772,-2.4907479,0.56439459,-0.5814997,-0.58593255,0
-0.751333,-0.66219652,2.2896669,-0.56439459,0.5814997,0.58593255,0
2.62129,1.2338423,1.1778721,0.8254149,0.3870227,0.41097897,0
2.6588118,0.351789,1.6325841,0.8254149,0.3870227,0.41097897,0
3.2963676,-0.88802493,1.1915181,0.56439459,-0.5814997,-0.58593255,0
0.13203216,-0.34533855,2.9749174,-0.012214959,-0.71559179,0.69841206,0
2.2207587,-0.99238968,2.8766587,-0.012214959,-0.71559179,0.69841206,0
2.0497696,2.1938682,0.66268122,0.8254149,0.3870227,0.41097897,0
2.8670835,0.93194538,0.8239274,0.8254149,0.3870227,0.41097897,0
1.9326187,1.1871809,2.7380409,0.8254149,0.3870227,0.41097897,0
1.6128262,0.34657192,3.735949,0.8254149,0.3870227,0.41097897,0
-3.3397713,-0.38986015,-0.39113331,-0.8254149,-0.3870227,-0.41097897,0
-1.8010278,-3.1379428,0.55916107,-0.012214959,-0.71559179,0.69841206,0
-2.0440824,-0.89627022,-2.4977884,-0.8254149,-0.3870227,-0.41097897,0
2.2271924,0.19819009,2.287046,0.8254149,0.3870227,0.41097897,0
-2.5461745,-1.6533284,1.5914364,-0.012214959,-0.71559179,0.69841206,0
0.36293101,-1.1736634,2.4346166,-0.012214959,-0.71559179,0.69841206,0
-2.6429453,-1.1042247,-1.3147687,-0.8254149,-0.3870227,-0.41097897,0
1.1868852,-0.61898381,2.7909493,-0.012214959,-0.71559179,0.69841206,0
-0.69251442,-2.3167164,1.0468037,-0.012214959,-0.71559179,0.69841206,0
-2.3678074,-1.3430604,-0.85002267,-0.8254149,-0.3870227,-0.41097897,0
-2.6322353,0.41726744,-2.1925967,-0.8254149,-0.3870227,-0.41097897,0
-2.1986959,2.0613773,-1.4049263,-0.56439459,0.5814997,0.58593255,0
0.72677302,1.5999027,-1.9603072,0.012214959,0.71559179,-0.69841206,0
3.1575496,-0.08234024,1.1563528,0.8254149,0.3870227,0.41097897,0
-2.7155218,1.3463329,-1.9841144,0.012214959,0.71559179,-0.69841206,0
-2.0541496,-2.4703231,-0.8105005,-0.8254149,-0.3870227,-0.41097897,0
0.78542614,-1.8364826,0.21605164,0.56439459,-0.5814997,-0.58593255,0
0.88666344,-1.3708111,1.9276556,-0.012214959,-0.71559179,0.69841206,0
-2.5417693,-2.3150284,0.92431152,-0.012214959,-0.71559179,0.69841206,0
-1.4617033,0.13397038,-3.5368364,0.012214959,0.71559179,-0.69841206,0
-2.3271296,-2.5507097,-0.24543047,-0.8254149,-0.3870227,-0.41097897,0
1.6335099,-1.4096298,0.62765014,0.56439459,-0.5814997,-0.58593255,0
-3.3732209,-1.5028917,0.43291485,-0.8254149,-0.3870227,-0.41097897,0
0.2806685,3.0375607,-0.33519661,0.012214959,0.71559179,-0.69841206,0
2.6213667,0.69214505,1.5857077,0.8254149,0.3870227,0.41097897,0
2.7839777,-1.2754346,1.3765271,0.56439459,-0.5814997,-0.58593255,0
2.3367054,2.6627862,-0.59764355,0.012214959,0.71559179,-0.69841206,0
3.2041039,0.47993696,-0.28405619,0.56439459,-0.5814997,-0.58593255,0
-1.0916345,-2.9034593,-0.74473506,0.56439459,-0.5814997,-0.58593255,0
-2.1705697,-0.20363688,-2.9319034,-0.8254149,-0.3870227,-0.41097897,0
2.8492615,-0.64900005,2.5677578,0.8254149,0.3870227,0.41097897,0
-1.0641992,-2.3801992,1.1566024,-0.012214959,-0.71559179,0.69841206,0
2.0348914,0.4861095,3.0284433,0.8254149,0.3870227,0.41097897,0
-3.3502989,-0.88898873,0.22732258,-0.8254149,-0.3870227,-0.41097897,0
-0.37390399,-2.306478,1.1293533,-0.012214959,-0.71559179,0.69841206,0
2.1212857,1.4369273,1.9847944,0.8254149,0.3870227,0.41097897,0
3.0823102,1.5840327,-0.048760414,0.8254149,0.3870227,0.41097897,0
-2.0365052,0.48958445,-3.1017087,0.012214959,0.71559179,-0.69841206,0
-2.3888273,1.4096755,-2.0291014,0.012214959,0.71559179,-0.69841206,0
-2.0055604,0.86796749,-2.4738059,0.012214959,0.71559179,-0.69841206,0
3.0909064,-0.6532563,1.5287385,0.8254149,0.3870227,0.41097897,0
-2.7924933,-2.3298969,1.0280478,-0.012214959,-0.71559179,0.69841206,0
2.1533637,-0.29339099,2.8931546,0.8254149,0.3870227,0.41097897,0
1.6213477,2.8962159,0.93025935,-0.56439459,0.5814997,0.58593255,0
2.4019866,0.74296409,-0.78025764,0.56439459,-0.5814997,-0.58593255,0
-1.1802657,-2.2153563,1.5614487,-0.012214959,-0.71559179,0.69841206,0
-2.4963231,-0.19670796,-1.645733,-0.8254149,-0.3870227,-0.41097897,0
-3.0889442,1.3963369,-2.0452108,0.012214959,0.71559179,-0.69841206,0
-1.3003446,1.9305663,-1.5365235,0.012214959,0.71559179,-0.69841206,0
-1.8096616,-2.5790548,0.93175089,-0.012214959,-0.71559179,0.69841206,0
2.4569073,2.2515767,0.54742038,0.8254149,0.3870227,0.41097897,0
-0.65694261,-0.55744493,2.471329,-0.56439459,0.5814997,0.58593255,0
0.96384501,0.22400782,3.155092,-0.56439459,0.5814997,0.58593255,0
-0.34970236,-0.993828,-2.2238171,0.56439459,-0.5814997,-0.58593255,0
3.5131524,0.80541563,-0.23348022,0.8254149,0.3870227,0.41097897,0
-2.564081,-0.77974993,-1.6442952,-0.8254149,-0.3870227,-0.41097897,0
0.25055504,-2.5619664,0.14895168,0.56439459,-0.5814997,-0.58593255,0
-3.3986003,0.094612598,-0.76423407,-0.8254149,-0.3870227,-0.41097897,0
3.0346558,1.1410121,-0.51130772,0.56439459,-0.5814997,-0.58593255,0
1.8705325,-0.81666636,-0.22291946,0.56439459,-0.5814997,-0.58593255,0
0.46061134,-0.22984409,-1.668776,0.56439459,-0.5814997,-0.58593255,0
3.3117876,1.0947973,-0.64049125,0.56439459,-0.5814997,-0.58593255,0
-3.2054284,0.18323255,-0.45949936,-0.56439459,0.5814997,0.58593255,0
0.57477236,-1.5584673,2.0493293,-0.012214959,-0.71559179,0.69841206,0
1.5831542,2.9852996,-0.26483583,0.012214959,0.71559179,-0.69841206,0
0.27540493,0.66933548,1.8570888,-0.56439459,0.5814997,0.58593255,0
-0.18301558,-3.234158,0.4668169,-0.012214959,-0.71559179,0.69841206,0
-1.955642,0.92681789,-2.6849036,0.012214959,0.71559179,-0.69841206,0
-0.67529964,-0.82155466,2.685288,-0.56439459,0.5814997,0.58593255,0
0.22256446,2.9785514,-0.51436001,0.012214959,0.71559179,-0.69841206,0
-2.0889835,1.4560266,-1.9586895,0.012214959,0.71559179,-0.69841206,0
-2.0395725,-2.5122356,-0.73483503,-0.8254149,-0.3870227,-0.41097897,0
-2.6576436,1.644946,-1.6467271,-0.56439459,0.5814997,0.58593255,0
0.49646306,3.1636057,-0.16886684,0.012214959,0.71559179,-0.69841206,0
-2.092993,0.82314372,-2.9313416,0.012214959,0.71559179,-0.69841206,0
2.6693113,0.26288474,-0.084015727,0.56439459,-0.5814997,-0.58593255,0
2.8716702,0.74274135,1.0525064,0.8254149,0.3870227,0.41097897,0
1.98299,-0.17641884,3.140228,0.8254149,0.3870227,0.41097897,0
-3.1710982,-0.17571795,-0.17809701,-0.56439459,0.5814997,0.58593255,0
-2.6016932,0.29903734,-2.2338083,-0.8254149,-0.3870227,-0.41097897,0
-0.98898983,-3.0500083,0.24508318,-0.012214959,-0.71559179,0.69841206,0
0.39383256,-2.8048158,0.50984645,0.56439459,-0.5814997,-0.58593255,0
-3.1683006,-1.1070135,0.35710812,-0.8254149,-0.3870227,-0.41097897,0
3.005002,-0.63994181,2.3092265,0.8254149,0.3870227,0.41097897,0
1.6052468,2.1197932,-1.3446376,0.012214959,0.71559179,-0.69841206,0
-2.4899292,-2.4003665,0.047299027,-0.8254149,-0.3870227,-0.41097897,0
-2.754771,0.2249397,-2.459486,-0.8254149,-0.3870227,-0.41097897,0
-1.8603792,1.9393328,-1.148543,-0.56439459,0.5814997,0.58593255,0
2.2236445,0.28662997,2.3444982,0.8254149,0.3870227,0.41097897,0
2.4095747,2.6068723,0.39057612,0.8254149,0.3870227,0.41097897,0
-1.4964939,-2.5680082,-1.3976073,0.56439459,-0.5814997,-0.58593255,0
2.0487483,3.0922179,-0.25626099,0.012214959,0.71559179,-0.69841206,0
1.784862,3.0757358,-0.44419885,0.012214959,0.71559179,-0.69841206,0
1.6646229,-1.7228878,0.75897062,0.56439459,-0.5814997,-0.58593255,0
2.4537206,2.6808629,0.16133273,0.8254149,0.3870227,0.41097897,0
-1.3557451,1.0513787,-2.6520317,0.012214959,0.71559179,-0.69841206,0
-0.96463847,-0.37788108,1.9672594,-0.56439459,0.5814997,0.58593255,0
-1.4970567,1.6568854,-1.9703507,0.012214959,0.71559179,-0.69841206,0
-0.31462121,1.6147786,-2.0434134,0.012214959,0.71559179,-0.69841206,0
1.5110292,2.3277025,-1.3963953,0.012214959,0.71559179,-0.69841206,0
-0.84447885,-0.26487854,-3.05932,0.56439459,-0.5814997,-0.58593255,0
1.7088486,-1.5811143,2.1996775,-0.012214959,-0.71559179,0.69841206,0
1.9520116,3.2010331,-0.02910924,0.012214959,0.71559179,-0.69841206,0
1.6011446,-1.308831,2.1231983,-0.012214959,-0.71559179,0.69841206,0
1.2979292,-0.80463195,-0.5948813,0.56439459,-0.5814997,-0.58593255,0
2.2587025,-0.29693127,2.7463117,0.8254149,0.3870227,0.41097897,0
-0.59497905,1.7518809,0.45462477,-0.56439459,0.5814997,0.58593255,0
2.7111452,1.5700512,0.63425791,0.8254149,0.3870227,0.41097897,0
-2.097976,-3.4219074,-0.071700335,-0.8254149,-0.3870227,-0.41097897,0
1.9602069,-0.32121348,-0.11050272,0.56439459,-0.5814997,-0.58593255,0
-2.1201499,1.7212166,-1.3826207,-0.56439459,0.5814997,0.58593255,0
2.6557589,-1.2658837,2.1073828,-0.012214959,-0.71559179,0.69841206,0
-1.9071422,1.5478522,-0.66785872,-0.56439459,0.5814997,0.58593255,0
-2.7136817,1.5542423,-1.93204,-0.56439459,0.5814997,0.58593255,0
2.5493627,-0.074978113,1.9392253,0.8254149,0.3870227,0.41097897,0
-2.6817982,-0.14790118,0.19216001,-0.56439459,0.5814997,0.58593255,0
-0.97261381,-1.0377945,2.5318184,-0.012214959,-0.71559179,0.69841206,0
-2.7245784,-0.68582952,0.44002402,-0.56439459,0.5814997,0.58593255,0
-2.8636193,0.89963078,-2.1329694,-0.8254149,-0.3870227,-0.41097897,0
3.228703,1.8377748,-1.0693636,0.56439459,-0.5814997,-0.58593255,0
-0.95693612,1.9550163,-1.3597065,0.012214959,0.71559179,-0.69841206,0
3.0234251,0.6973033,-0.61240673,0.56439459,-0.5814997,-0.58593255,0
-1.4702744,-2.7741523,-1.0576098,0.56439459,-0.5814997,-0.58593255,0
-0.85624826,0.9460181,-2.8594344,0.012214959,0.71559179,-0.69841206,0
2.4157374,-1.3769087,2.1302826,-0.012214959,-0.71559179,0.69841206,0
2.6198795,2.9350986,-0.58181763,0.8254149,0.3870227,0.41097897,0
-0.98762667,1.4354476,-2.2936935,0.012214959,0.71559179,-0.69841206,0
-2.6743855,-0.20071411,-1.8284531,-0.8254149,-0.3870227,-0.41097897,0
-2.6778369,-2.1605515,0.08175385,-0.8254149,-0.3870227,-0.41097897,0
2.2122073,2.7551084,0.50684309,0.8254149,0.3870227,0.41097897,0
1.9983311,1.4146532,-1.7657135,0.56439459,-0.5814997,-0.58593255,0
2.8797569,1.8179719,0.071189642,0.8254149,0.3870227,0.41097897,0
-2.5074058,-2.6608844,0.28724837,-0.8254149,-0.3870227,-0.41097897,0
0.48987871,1.6651665,1.4801096,-0.56439459,0.5814997,0.58593255,0
0.27186632,2.4980018,-0.97432417,0.012214959,0.71559179,-0.69841206,0
-1.5976063,-2.4506102,-1.3204618,-0.8254149,-0.3870227,-0.41097897,0
1.7629354,1.7505201,-1.4753584,0.012214959,0.71559179,-0.69841206,0
-2.3812747,-0.23703039,-2.6625283,-0.8254149,-0.3870227,-0.41097897,0
2.050842,1.9221649,1.1981269,0.8254149,0.3870227,0.41097897,0
3.2145452,0.55119503,0.53175855,0.8254149,0.3870227,0.41097897,0
-3.2089221,-1.6836267,0.83845663,-0.56439459,0.5814997,0.58593255,0
-0.077113807,2.0929329,0.59143913,-0.56439459,0.5814997,0.58593255,0
1.1418359,2.1916137,1.7091957,-0.56439459,0.5814997,0.58593255,0
2.4699841,1.6716959,0.62952495,0.8254149,0.3870227,0.41097897,0
2.9348421,0.89965093,-0.44858575,0.56439459,-0.5814997,-0.58593255,0
-1.5159729,-0.42502964,-3.7921424,0.56439459,-0.5814997,-0.58593255,0
1.8648248,2.6236935,-1.0500412,0.012214959,0.71559179,-0.69841206,0
-1.7550731,-0.43315873,-2.8835607,-0.8254149,-0.3870227,-0.41097897,0
0.84398532,-1.5105263,2.2232728,-0.012214959,-0.71559179,0.69841206,0
-0.67841291,-0.84888363,2.4099669,-0.56439459,0.5814997,0.58593255,0
-2.1004999,0.82484233,-0.37786794,-0.56439459,0.5814997,0.58593255,0
2.0864909,2.6350214,-0.73164845,0.012214959,0.71559179,-0.69841206,0
-1.9815348,-2.7173886,-0.46156693,-0.8254149,-0.3870227,-0.41097897,0
-1.0759743,1.7916236,-1.8943979,0.012214959,0.71559179,-0.69841206,0
0.2095232,1.5788097,-1.7463769,0.012214959,0.71559179,-0.69841206,0
2.9886813,-0.47433579,1.7915838,0.8254149,0.3870227,0.41097897,0
-1.3735151,-0.32490784,-3.6698296,0.012214959,0.71559179,-0.69841206,0
-0.39776349,0.087015718,1.9646502,-0.56439459,0.5814997,0.58593255,0
-2.0211153,-2.1653066,-1.6784986,-0.8254149,-0.3870227,-0.41097897,0
0.14679766,-0.20272765,-1.972702,0.56439459,-0.5814997,-0.58593255,0
-0.016708612,1.3371795,-2.1722145,0.012214959,0.71559179,-0.69841206,0
1.6911323,0.11656117,3.5633836,0.8254149,0.3870227,0.41097897,0
-0.69382799,0.98106927,0.6550951,-0.56439459,0.5814997,0.58593255,0
2.9698675,0.74207032,0.47681427,0.8254149,0.3870227,0.41097897,0
-1.9359655,0.68189651,-2.696734,0.012214959,0.71559179,-0.69841206,0
-1.6818733,-2.3993616,0.94659865,-0.012214959,-0.71559179,0.69841206,0
-2.2713721,1.9120085,-1.7508044,0.012214959,0.71559179,-0.69841206,0
