-1.8463094,1.3618633,1.2680826,-0.57083446,0.45207816,0.68540019,0
-2.2007349,-0.68095553,2.5318899,-0.57083446,0.45207816,0.68540019,0
-0.87119198,2.5746782,-0.9177196,0.11981839,0.87169933,-0.47516739,0
1.1069726,2.4724159,-0.55961871,0.11981839,0.87169933,-0.47516739,0
-0.24990225,0.15588212,2.6711347,0.81227559,0.18911839,0.5517633,0
1.7438332,-0.36529654,-2.169379,0.57083446,-0.45207816,-0.68540019,0
0.60227716,2.785918,0.092196941,0.11981839,0.87169933,-0.47516739,0
0.77095628,1.2073685,-3.0913758,0.11981839,0.87169933,-0.47516739,0
0.12236524,-1.6934047,1.9997842,-0.11981839,-0.87169933,0.47516739,0
-0.97600377,2.869375,1.2250278,-0.57083446,0.45207816,0.68540019,0
1.9321886,1.2812742,-2.0471063,0.11981839,0.87169933,-0.47516739,0
-1.2925608,-0.95722926,3.0002201,-0.11981839,-0.87169933,0.47516739,0
2.5761461,0.020896137,-0.82291269,0.81227559,0.18911839,0.5517633,0
0.35821134,3.3746266,1.1994591,0.11981839,0.87169933,-0.47516739,0
0.16065606,-3.1169906,-0.17182088,-0.11981839,-0.87169933,0.47516739,0
-2.862083,-0.80483592,2.0106578,-0.57083446,0.45207816,0.68540019,0
0.016928613,-3.2840562,-0.60616112,-0.11981839,-0.87169933,0.47516739,0
-2.7197518,-0.46799317,1.4599785,-0.81227559,-0.18911839,-0.5517633,0
1.231372,1.7094274,-1.8891113,0.11981839,0.87169933,-0.47516739,0
-1.4140476,0.86986732,1.9415873,-0.57083446,0.45207816,0.68540019,0
1.5484511,-2.0422325,-1.1315384,0.57083446,-0.45207816,-0.68540019,0
1.0879885,-0.01949048,-2.6495006,0.57083446,-0.45207816,-0.68540019,0
1.2119641,-3.1480765,-0.79978299,0.57083446,-0.45207816,-0.68540019,0
-2.4687138,-0.08815214,1.5229568,-0.57083446,0.45207816,0.68540019,0
-1.7525138,2.5417809,-1.0537534,0.11981839,0.87169933,-0.47516739,0
2.109581,0.86436212,-2.3606575,0.57083446,-0.45207816,-0.68540019,0
0.75255716,2.4576964,-0.53288865,0.11981839,0.87169933,-0.47516739,0
-0.90038157,1.8917936,-1.9456894,0.11981839,0.87169933,-0.47516739,0
0.8670181,-2.540571,0.62764096,-0.11981839,-0.87169933,0.47516739,0
-0.31109357,1.0589278,-2.6078174,-0.81227559,-0.18911839,-0.5517633,0
-0.85513836,-2.4877431,0.27917075,-0.11981839,-0.87169933,0.47516739,0
2.2248683,-2.3397725,-0.31893075,0.57083446,-0.45207816,-0.68540019,0
1.7857609,-0.50072217,-1.5804892,0.57083446,-0.45207816,-0.68540019,0
-0.49723816,1.9736847,1.7521746,-0.57083446,0.45207816,0.68540019,0
0.19095111,1.4280684,-2.4423947,0.11981839,0.87169933,-0.47516739,0
2.4006007,0.69294631,-2.2694032,0.57083446,-0.45207816,-0.68540019,0
-0.16782188,1.4896442,-2.2425091,0.11981839,0.87169933,-0.47516739,0
-0.033995897,2.7867045,-0.54585886,0.11981839,0.87169933,-0.47516739,0
1.9707711,-1.9283229,0.33477747,0.81227559,0.18911839,0.5517633,0
-0.94994962,-0.46242738,2.8717716,-0.57083446,0.45207816,0.68540019,0
1.7837374,0.6306389,-0.099079013,0.81227559,0.18911839,0.5517633,0
0.18234873,-1.461221,-2.6474278,-0.81227559,-0.18911839,-0.5517633,0
0.63450837,-1.960942,1.8507314,-0.11981839,-0.87169933,0.47516739,0
2.1685367,-1.7147316,-0.73827255,0.57083446,-0.45207816,-0.68540019,0
0.44786236,2.8129368,-0.39140987,0.11981839,0.87169933,-0.47516739,0
0.80915141,-0.61049247,-2.332381,0.57083446,-0.45207816,-0.68540019,0
-2.525069,-0.59979552,1.9859319,-0.57083446,0.45207816,0.68540019,0
-0.86974502,-1.266746,-0.66176951,-0.81227559,-0.18911839,-0.5517633,0
-1.4612261,0.8054204,2.1641364,-0.57083446,0.45207816,0.68540019,0
1.8422925,-2.8112168,0.6280756,0.81227559,0.18911839,0.5517633,0
0.6730516,-1.1386948,2.1036446,0.81227559,0.18911839,0.5517633,0
1.1068544,1.687561,0.23500752,0.81227559,0.18911839,0.5517633,0
-0.47562742,-0.43492675,3.5548174,-0.57083446,0.45207816,0.68540019,0
1.248662,1.1961895,-2.7160926,0.11981839,0.87169933,-0.47516739,0
-0.48494792,0.588027,2.7490892,-0.57083446,0.45207816,0.68540019,0
-0.27914345,-0.06637764,-2.5675013,-0.81227559,-0.18911839,-0.5517633,0
-1.9597696,-1.3287333,2.24245,-0.11981839,-0.87169933,0.47516739,0
-1.3546641,0.5000453,-1.2135899,-0.81227559,-0.18911839,-0.5517633,0
1.6069996,1.6647973,-0.3386035,0.81227559,0.18911839,0.5517633,0
-0.8988694,2.2113974,-1.3445427,0.11981839,0.87169933,-0.47516739,0
-0.89526129,-1.1394842,3.2470648,-0.11981839,-0.87169933,0.47516739,0
-1.6216419,-1.3365017,0.29349995,-0.81227559,-0.18911839,-0.5517633,0
0.81321383,-3.151792,-0.73960948,0.57083446,-0.45207816,-0.68540019,0
0.33593109,-3.0620546,-0.03354907,-0.11981839,-0.87169933,0.47516739,0
-0.29557201,-2.3000674,0.88997984,-0.11981839,-0.87169933,0.47516739,0
-0.48724425,0.11809087,-2.2313504,-0.81227559,-0.18911839,-0.5517633,0
-0.29936469,3.3692794,0.7987771,0.11981839,0.87169933,-0.47516739,0
0.73694861,-2.4777441,-1.245061,0.57083446,-0.45207816,-0.68540019,0
-0.56063294,-0.33066559,3.264668,-0.57083446,0.45207816,0.68540019,0
0.83648145,-0.90495956,-2.3600214,0.57083446,-0.45207816,-0.68540019,0
1.5804766,1.6144226,-0.4734869,0.81227559,0.18911839,0.5517633,0
-0.2654998,2.4444017,-1.0014098,0.11981839,0.87169933,-0.47516739,0
0.32091171,2.4604635,-0.41255212,0.11981839,0.87169933,-0.47516739,0
-2.3051639,-0.3692084,2.0930541,-0.57083446,0.45207816,0.68540019,0
-1.1562402,1.6712345,-1.9158679,-0.81227559,-0.18911839,-0.5517633,0
-2.780808,-1.401891,1.60795,-0.81227559,-0.18911839,-0.5517633,0
-1.2199872,-0.99854565,-0.62373698,-0.81227559,-0.18911839,-0.5517633,0
-0.4843899,2.7562473,1.5838727,-0.57083446,0.45207816,0.68540019,0
-0.7655921,-0.86883879,3.3341079,-0.11981839,-0.87169933,0.47516739,0
0.71496522,-3.1675777,-1.1202781,0.57083446,-0.45207816,-0.68540019,0
-2.4535456,-0.53008235,2.1306453,-0.57083446,0.45207816,0.68540019,0
-0.34402961,2.4914551,-0.41607499,0.11981839,0.87169933,-0.47516739,0
0.83579862,2.3233762,-0.42615962,0.11981839,0.87169933,-0.47516739,0
-2.7687941,-1.128655,1.5900772,-0.81227559,-0.18911839,-0.5517633,0
1.3700552,2.5137672,-0.53649211,0.11981839,0.87169933,-0.47516739,0
1.1222597,0.45864224,0.7693513,0.81227559,0.18911839,0.5517633,0
1.1491859,1.2313865,-2.3632078,0.11981839,0.87169933,-0.47516739,0
-0.94626033,-1.66781,2.2526159,-0.11981839,-0.87169933,0.47516739,0
0.28002071,-0.12838578,2.2552171,0.81227559,0.18911839,0.5517633,0
0.95528519,-1.2848923,-2.120353,0.57083446,-0.45207816,-0.68540019,0
-2.7570868,0.084790945,1.4327438,-0.81227559,-0.18911839,-0.5517633,0
-0.020720124,1.5959682,-2.0004299,0.11981839,0.87169933,-0.47516739,0
-2.0259099,-0.21945286,0.5185672,-0.81227559,-0.18911839,-0.5517633,0
-1.1172976,-2.0883403,1.3003721,-0.11981839,-0.87169933,0.47516739,0
-0.43651068,3.581491,1.0492117,-0.57083446,0.45207816,0.68540019,0
-0.99503827,2.3101623,-0.98560381,0.11981839,0.87169933,-0.47516739,0
1.0795996,-0.16684473,-2.4010119,0.57083446,-0.45207816,-0.68540019,0
-0.084784508,-2.0840068,1.3319216,-0.11981839,-0.87169933,0.47516739,0
-1.2857553,3.043921,0.46447802,-0.57083446,0.45207816,0.68540019,0
-0.5915947,1.8785775,1.6307191,-0.57083446,0.45207816,0.68540019,0
-0.40819538,1.6439991,-2.084414,0.11981839,0.87169933,-0.47516739,0
-1.7507184,1.8047696,-0.62462747,-0.81227559,-0.18911839,-0.5517633,0
-1.1293682,-2.1632872,0.73710084,-0.11981839,-0.87169933,0.47516739,0
2.4020355,-1.2214869,-0.87836468,0.57083446,-0.45207816,-0.68540019,0
-2.2682457,-0.87514275,2.2036188,-0.57083446,0.45207816,0.68540019,0
-1.3631151,-1.7635974,0.15675592,-0.81227559,-0.18911839,-0.5517633,0
-2.6086323,0.2076811,1.572203,-0.57083446,0.45207816,0.68540019,0
-2.5007391,-1.0300171,1.5995049,-0.81227559,-0.18911839,-0.5517633,0
0.86004949,-2.1419916,-1.5528551,0.57083446,-0.45207816,-0.68540019,0
-1.15079,-1.9469258,1.4430568,-0.11981839,-0.87169933,0.47516739,0
-0.72482944,3.1801329,1.0946407,-0.57083446,0.45207816,0.68540019,0
1.2727815,-2.2119229,1.4324732,0.81227559,0.18911839,0.5517633,0
-0.70490396,1.611843,2.0474837,-0.57083446,0.45207816,0.68540019,0
1.3301656,1.8000357,-1.7606947,0.11981839,0.87169933,-0.47516739,0
-0.94520938,-2.8951013,-0.064938068,-0.81227559,-0.18911839,-0.5517633,0
2.2521577,-1.3932233,-1.1435307,0.57083446,-0.45207816,-0.68540019,0
0.62813437,-2.814198,0.55197096,-0.11981839,-0.87169933,0.47516739,0
1.3207704,2.0061564,-1.584372,0.11981839,0.87169933,-0.47516739,0
-0.55760896,-0.21820235,-1.9037999,-0.81227559,-0.18911839,-0.5517633,0
-1.116498,1.2411648,1.6981373,-0.57083446,0.45207816,0.68540019,0
0.33388829,2.6836472,1.6065876,0.81227559,0.18911839,0.5517633,0
2.0025482,-2.8404634,-0.11841536,0.57083446,-0.45207816,-0.68540019,0
1.7532144,1.5158612,-1.9096344,0.11981839,0.87169933,-0.47516739,0
1.9469273,1.8280544,-1.5869808,0.11981839,0.87169933,-0.47516739,0
0.60395908,-2.8870928,-1.4765198,0.57083446,-0.45207816,-0.68540019,0
1.0983987,-0.66401136,1.0548079,0.81227559,0.18911839,0.5517633,0
0.93439609,-3.2350895,-0.7640481,-0.11981839,-0.87169933,0.47516739,0
-0.39252746,2.5169985,1.6882452,-0.57083446,0.45207816,0.68540019,0
2.3669989,-0.9883585,-1.2518439,0.57083446,-0.45207816,-0.68540019,0
-0.3915785,3.3988116,0.58720756,0.11981839,0.87169933,-0.47516739,0
0.97428381,-0.26555908,1.0921835,0.81227559,0.18911839,0.5517633,0
1.2851565,-0.78521407,1.2411267,0.81227559,0.18911839,0.5517633,0
1.5079254,1.8685304,-0.49540615,0.81227559,0.18911839,0.5517633,0
-0.64342588,-1.7335963,-1.305613,-0.81227559,-0.18911839,-0.5517633,0
-1.265397,2.5492952,-1.2635686,0.11981839,0.87169933,-0.47516739,0
-2.6555951,0.48961031,1.1381966,-0.81227559,-0.18911839,-0.5517633,0
-2.1949484,2.2549486,-0.16310942,-0.81227559,-0.18911839,-0.5517633,0
1.3733081,-0.11782503,-2.3200717,0.57083446,-0.45207816,-0.68540019,0
2.261476,-1.1376951,-1.1489623,0.57083446,-0.45207816,-0.68540019,0
-1.0318172,3.2532711,0.46957016,0.11981839,0.87169933,-0.47516739,0
-0.92547178,-0.43154645,-1.3322124,-0.81227559,-0.18911839,-0.5517633,0
-0.18678641,3.1048322,1.6226058,-0.57083446,0.45207816,0.68540019,0
0.037665009,2.7924166,1.8113866,0.81227559,0.18911839,0.5517633,0
0.49771497,-2.7293553,0.044549942,-0.11981839,-0.87169933,0.47516739,0
-2.1420994,-1.7514637,1.2686753,-0.11981839,-0.87169933,0.47516739,0
1.649137,-1.9098511,-1.2295723,0.57083446,-0.45207816,-0.68540019,0
0.53694928,-3.1129465,-1.2130015,0.57083446,-0.45207816,-0.68540019,0
-0.68680406,2.216846,1.4912853,-0.57083446,0.45207816,0.68540019,0
-1.6442888,2.6516514,-0.79015899,0.11981839,0.87169933,-0.47516739,0
0.32177597,-3.2212777,-0.59204769,-0.11981839,-0.87169933,0.47516739,0
-1.7215235,2.3436103,-0.66070926,-0.81227559,-0.18911839,-0.5517633,0
0.62373203,-3.0080812,-1.2147841,0.57083446,-0.45207816,-0.68540019,0
-0.67053318,-1.4042729,2.3914795,-0.11981839,-0.87169933,0.47516739,0
-2.008451,3.0915866,0.083691597,0.11981839,0.87169933,-0.47516739,0
-0.30834341,-0.090258598,3.2628303,0.81227559,0.18911839,0.5517633,0
1.4392393,2.0638652,-0.90024066,0.11981839,0.87169933,-0.47516739,0
-2.1014719,-1.0648735,2.7796407,-0.57083446,0.45207816,0.68540019,0
0.22694695,1.8578811,-1.8806653,0.11981839,0.87169933,-0.47516739,0
0.62960541,-1.0593727,-2.6648192,0.57083446,-0.45207816,-0.68540019,0
-0.64626712,-1.8430431,-0.78105235,-0.81227559,-0.18911839,-0.5517633,0
-0.42115647,-2.3615952,-1.3759798,-0.81227559,-0.18911839,-0.5517633,0
-0.23766923,1.1694026,-2.9695761,0.11981839,0.87169933,-0.47516739,0
2.6883759,0.68711936,-2.0946488,0.57083446,-0.45207816,-0.68540019,0
-1.8346212,1.3424344,1.4623592,-0.57083446,0.45207816,0.68540019,0
0.83763587,-2.0168464,-1.6308529,0.57083446,-0.45207816,-0.68540019,0
1.3477818,2.3424273,-0.88607025,0.11981839,0.87169933,-0.47516739,0
-2.5330935,0.87231916,0.39130631,-0.81227559,-0.18911839,-0.5517633,0
-1.8210843,0.66330469,0.023112927,-0.81227559,-0.18911839,-0.5517633,0
-1.4793711,2.1472909,0.73099267,-0.57083446,0.45207816,0.68540019,0
2.4570744,-2.8594313,0.037949324,0.57083446,-0.45207816,-0.68540019,0
-0.34972966,0.81927025,-2.1753693,-0.81227559,-0.18911839,-0.5517633,0
0.53057241,-3.446703,-1.1231682,0.57083446,-0.45207816,-0.68540019,0
1.6242261,-2.4971659,-0.89032233,0.57083446,-0.45207816,-0.68540019,0
1.9513264,1.6875583,-0.81492496,0.81227559,0.18911839,0.5517633,0
2.2794955,-0.4653829,-1.2990441,0.57083446,-0.45207816,-0.68540019,0
0.97336733,2.1436396,0.29318166,0.81227559,0.18911839,0.5517633,0
-2.0348456,-1.569229,2.1501057,-0.11981839,-0.87169933,0.47516739,0
-0.42604789,2.7732205,-0.54975724,0.11981839,0.87169933,-0.47516739,0
-0.177389,2.598753,-0.19092965,0.11981839,0.87169933,-0.47516739,0
-1.1238532,0.39366806,2.741606,-0.57083446,0.45207816,0.68540019,0
0.19067609,2.7108226,1.6567205,0.81227559,0.18911839,0.5517633,0
-0.92835379,0.84392965,-1.9426317,-0.81227559,-0.18911839,-0.5517633,0
-1.2673664,-0.93166423,3.2984085,-0.57083446,0.45207816,0.68540019,0
-1.7507802,0.85436487,1.5471923,-0.57083446,0.45207816,0.68540019,0
0.71352482,0.12930369,-2.8525286,0.57083446,-0.45207816,-0.68540019,0
-2.7796085,0.33985305,1.2664201,-0.57083446,0.45207816,0.68540019,0
1.3414817,-2.9201913,0.5386591,-0.11981839,-0.87169933,0.47516739,0
-2.2219265,-0.077996492,0.56225681,-0.81227559,-0.18911839,-0.5517633,0
-0.52434206,0.8255657,-2.098825,-0.81227559,-0.18911839,-0.5517633,0
-2.6454022,-1.0925088,1.8756099,-0.81227559,-0.18911839,-0.5517633,0
-0.56297225,2.1961675,-1.543324,0.11981839,0.87169933,-0.47516739,0
1.502703,0.45046437,0.51471716,0.81227559,0.18911839,0.5517633,0
-0.7117064,-2.2855823,-0.63002229,-0.81227559,-0.18911839,-0.5517633,0
-0.55625093,-1.6519868,-1.6224809,-0.81227559,-0.18911839,-0.5517633,0
1.7675793,1.0732673,0.08691144,0.81227559,0.18911839,0.5517633,0
-2.2867665,-0.099654824,1.7627206,-0.57083446,0.45207816,0.68540019,0
2.2859943,-0.49106371,-0.81819427,0.81227559,0.18911839,0.5517633,0
-0.58555651,2.8294487,-0.34038949,0.11981839,0.87169933,-0.47516739,0
1.7454183,-0.43514597,0.42156571,0.81227559,0.18911839,0.5517633,0
-0.57721448,3.1852021,1.2128813,-0.57083446,0.45207816,0.68540019,0
-0.25415432,2.7907016,1.7548002,-0.57083446,0.45207816,0.68540019,0
0.070217848,-0.19503284,-2.914531,-0.81227559,-0.18911839,-0.5517633,0
1.5557855,2.0258424,-0.17344761,0.81227559,0.18911839,0.5517633,0
1.6467789,1.4329283,-2.3772066,0.11981839,0.87169933,-0.47516739,0
-1.9239209,-2.1820753,1.0248258,-0.11981839,-0.87169933,0.47516739,0
0.82801288,-2.0628245,-1.3071487,0.57083446,-0.45207816,-0.68540019,0
-2.4659138,2.1264966,0.15164065,-0.57083446,0.45207816,0.68540019,0
-1.9113708,2.7389829,-0.56523871,-0.81227559,-0.18911839,-0.5517633,0
-0.84539706,-1.8621659,-1.0524377,-0.81227559,-0.18911839,-0.5517633,0
2.2010071,-1.4068789,-1.1035672,0.57083446,-0.45207816,-0.68540019,0
0.91389036,-0.57092178,-2.408648,0.57083446,-0.45207816,-0.68540019,0
1.2905223,-1.3172864,-1.416515,0.57083446,-0.45207816,-0.68540019,0
0.72046936,-0.50352883,1.8058233,0.81227559,0.18911839,0.5517633,0
1.3499331,-2.5277212,-0.66643298,0.57083446,-0.45207816,-0.68540019,0
0.8325609,-2.0511789,1.6194968,-0.11981839,-0.87169933,0.47516739,0
0.92191672,-0.69332564,1.3722173,0.81227559,0.18911839,0.5517633,0
-1.6773745,-1.0193344,2.8206737,-0.11981839,-0.87169933,0.47516739,0
1.1486292,-2.0371852,1.7394917,-0.11981839,-0.87169933,0.47516739,0
-0.096761465,-3.3938715,-1.0845392,-0.11981839,-0.87169933,0.47516739,0
0.95943528,2.6704893,-0.17711854,0.11981839,0.87169933,-0.47516739,0
-2.6409152,-0.84678596,2.1693354,-0.57083446,0.45207816,0.68540019,0
0.70762855,2.7128317,0.68470478,0.81227559,0.18911839,0.5517633,0
-2.526638,0.55690181,0.55959427,-0.81227559,-0.18911839,-0.5517633,0
0.2327857,-1.1898469,-2.4382758,0.57083446,-0.45207816,-0.68540019,0
0.60557675,-2.0111125,1.9860982,-0.11981839,-0.87169933,0.47516739,0
-2.2145834,-0.84329128,2.3630276,-0.57083446,0.45207816,0.68540019,0
-1.2632457,2.8701482,-0.06382966,0.11981839,0.87169933,-0.47516739,0
-1.7572496,-1.1847661,-0.035900831,-0.81227559,-0.18911839,-0.5517633,0
-0.38564897,-0.3129766,3.4014063,-0.57083446,0.45207816,0.68540019,0
-0.055124044,0.35157156,-2.9325807,-0.81227559,-0.18911839,-0.5517633,0
0.1355741,-0.24876213,2.4776607,0.81227559,0.18911839,0.5517633,0
-0.94890332,-1.128291,3.2131405,-0.11981839,-0.87169933,0.47516739,0
1.2198317,0.84883213,0.91220534,0.81227559,0.18911839,0.5517633,0
-0.81181157,-1.6961401,1.7660387,-0.11981839,-0.87169933,0.47516739,0
-0.79283732,-2.1831808,1.206219,-0.11981839,-0.87169933,0.47516739,0
1.313934,0.18999469,0.92091864,0.81227559,0.18911839,0.5517633,0
-0.96467757,-0.078204155,2.643841,-0.57083446,0.45207816,0.68540019,0
3.0296793,0.9807415,-1.8940384,0.57083446,-0.45207816,-0.68540019,0
0.37619445,-2.3160152,1.1595385,-0.11981839,-0.87169933,0.47516739,0
0.42686677,1.23206,-3.0918953,0.11981839,0.87169933,-0.47516739,0
0.54603231,-2.5393507,-1.7563645,0.57083446,-0.45207816,-0.68540019,0
-2.5269229,2.1836851,-0.090739369,-0.81227559,-0.18911839,-0.5517633,0
2.5743682,0.50899506,-1.9875019,0.57083446,-0.45207816,-0.68540019,0
-0.35373127,2.2062359,2.0626187,-0.57083446,0.45207816,0.68540019,0
-1.6337732,0.42979443,-0.39637145,-0.81227559,-0.18911839,-0.5517633,0
0.29456902,-3.404793,-1.1543081,0.57083446,-0.45207816,-0.68540019,0
0.8945905,-2.8997545,0.23111296,-0.11981839,-0.87169933,0.47516739,0
1.3511292,1.1762922,-2.6161718,0.11981839,0.87169933,-0.47516739,0
1.2397653,-1.8135653,-1.275979,0.57083446,-0.45207816,-0.68540019,0
1.6879945,-0.89085662,-1.6885802,0.57083446,-0.45207816,-0.68540019,0
-1.3091884,2.796695,-0.43214607,0.11981839,0.87169933,-0.47516739,0
1.1708808,2.0513051,-1.1088989,0.11981839,0.87169933,-0.47516739,0
2.1986909,1.3727355,-2.5723276,0.11981839,0.87169933,-0.47516739,0
2.4422989,-1.2008585,-0.67890108,0.57083446,-0.45207816,-0.68540019,0
-0.95460999,-1.829614,1.7616892,-0.11981839,-0.87169933,0.47516739,0
-0.92985958,-0.50078464,-1.0653194,-0.81227559,-0.18911839,-0.5517633,0
-0.16734987,1.9049097,-1.4631453,0.11981839,0.87169933,-0.47516739,0
-2.5353651,-1.427102,1.3097906,-0.81227559,-0.18911839,-0.5517633,0
-0.82552993,-0.096623421,-1.7733395,-0.81227559,-0.18911839,-0.5517633,0
-1.8585118,-1.3627125,0.62179542,-0.81227559,-0.18911839,-0.5517633,0
2.2956462,-0.42639589,-1.7427619,0.57083446,-0.45207816,-0.68540019,0
-2.1944609,0.79643261,1.0686787,-0.57083446,0.45207816,0.68540019,0
0.96913433,1.0435627,-3.1737773,0.11981839,0.87169933,-0.47516739,0
-0.51051927,0.23986554,3.2549534,-0.57083446,0.45207816,0.68540019,0
-0.94721645,3.3546166,0.37237573,0.11981839,0.87169933,-0.47516739,0
1.288262,-2.152338,1.367383,-0.11981839,-0.87169933,0.47516739,0
-0.11177728,-2.7121303,-0.11603117,-0.11981839,-0.87169933,0.47516739,0
1.8657318,1.9844092,-0.82585764,0.81227559,0.18911839,0.5517633,0
-1.5915953,2.4648318,-1.1072303,0.11981839,0.87169933,-0.47516739,0
0.13746458,2.2375286,-1.2563632,0.11981839,0.87169933,-0.47516739,0
2.3484569,-1.636683,-0.42228413,0.57083446,-0.45207816,-0.68540019,0
0.18398166,-0.65857148,-2.6052904,-0.81227559,-0.18911839,-0.5517633,0
-0.43231249,3.1560042,1.1620336,-0.57083446,0.45207816,0.68540019,0
-1.04826,1.172785,-1.2708862,-0.81227559,-0.18911839,-0.5517633,0
0.90338314,1.2321606,-2.7879758,0.11981839,0.87169933,-0.47516739,0
-1.0481355,-1.8423499,1.4813375,-0.11981839,-0.87169933,0.47516739,0
-0.89313817,0.095511436,-1.2320487,-0.81227559,-0.18911839,-0.5517633,0
2.1776652,1.5235493,-1.6558998,0.11981839,0.87169933,-0.47516739,0
0.3910358,-0.7544663,-2.8934124,0.57083446,-0.45207816,-0.68540019,0
1.1166873,0.72676051,0.46683109,0.81227559,0.18911839,0.5517633,0
-0.79070473,-0.28829098,3.0487969,-0.57083446,0.45207816,0.68540019,0
-0.2042191,-2.8608329,-1.7469585,-0.81227559,-0.18911839,-0.5517633,0
0.39677858,-0.17747903,2.2470167,0.81227559,0.18911839,0.5517633,0
-1.5344182,-1.8450496,1.7741923,-0.11981839,-0.87169933,0.47516739,0
-0.58719403,0.089052677,-1.7218084,-0.81227559,-0.18911839,-0.5517633,0
-0.69823462,2.4442985,1.1652564,-0.57083446,0.45207816,0.68540019,0
0.70594537,2.17415,-0.90242791,0.11981839,0.87169933,-0.47516739,0
0.68480283,0.89510989,1.590175,0.81227559,0.18911839,0.5517633,0
0.46182418,-1.5933847,2.0451746,-0.11981839,-0.87169933,0.47516739,0
-0.64420021,0.22378159,-2.0360446,-0.81227559,-0.18911839,-0.5517633,0
-1.9771293,0.36185944,2.0119405,-0.57083446,0.45207816,0.68540019,0
-1.4350641,1.9545584,-0.97494471,-0.81227559,-0.18911839,-0.5517633,0
-0.87764359,1.9724559,1.5671334,-0.57083446,0.45207816,0.68540019,0
1.9267062,1.3630322,-2.2375038,0.11981839,0.87169933,-0.47516739,0
1.5001662,-1.4951522,1.1839858,0.81227559,0.18911839,0.5517633,0
1.2998383,-1.2250557,-1.8124479,0.57083446,-0.45207816,-0.68540019,0
-0.032561898,0.68062472,2.2302949,0.81227559,0.18911839,0.5517633,0
7.0333481e-06,2.5667722,1.6996801,-0.57083446,0.45207816,0.68540019,0
-0.16821444,0.79038596,2.5232677,0.81227559,0.18911839,0.5517633,0
-1.4702811,1.0327734,-1.0345981,-0.81227559,-0.18911839,-0.5517633,0
0.59608686,-3.2582912,-0.32545638,-0.11981839,-0.87169933,0.47516739,0
-1.1456354,-1.3674953,-0.55668116,-0.81227559,-0.18911839,-0.5517633,0
-2.2363853,-0.14193438,1.6339848,-0.57083446,0.45207816,0.68540019,0
-1.1779448,-2.5422225,0.15907884,-0.11981839,-0.87169933,0.47516739,0
-1.0278616,-0.73815441,3.1185827,-0.57083446,0.45207816,0.68540019,0
1.5449563,-0.57070374,-1.9429085,0.57083446,-0.45207816,-0.68540019,0
-0.10456538,-0.093134642,-2.4937782,-0.81227559,-0.18911839,-0.5517633,0
0.92919749,-3.1930606,-0.72009373,0.57083446,-0.45207816,-0.68540019,0
2.2195437,-1.5192267,-0.26621705,0.81227559,0.18911839,0.5517633,0
1.5746728,-2.9444616,0.66908908,-0.11981839,-0.87169933,0.47516739,0
-1.6378323,-0.36071694,-0.44170183,-0.81227559,-0.18911839,-0.5517633,0
-1.0858963,1.205044,-1.4979677,-0.81227559,-0.18911839,-0.5517633,0
-0.50265229,1.045972,-2.0105371,-0.81227559,-0.18911839,-0.5517633,0
-1.9134809,-0.70864904,0.34964931,-0.81227559,-0.18911839,-0.5517633,0
-1.8285569,-2.039736,0.99613667,-0.11981839,-0.87169933,0.47516739,0
2.1012006,-2.5508184,0.81162429,-0.11981839,-0.87169933,0.47516739,0
1.4101938,-1.7198004,-1.5394003,0.57083446,-0.45207816,-0.68540019,0
-0.20756388,1.1234016,2.6691747,0.81227559,0.18911839,0.5517633,0
0.076777458,1.6991799,-1.9393951,0.11981839,0.87169933,-0.47516739,0
-1.0851104,1.7604034,1.3883162,-0.57083446,0.45207816,0.68540019,0
-0.52883828,2.5666578,-0.88489079,0.11981839,0.87169933,-0.47516739,0
1.9207163,-2.0738683,-0.749704,0.57083446,-0.45207816,-0.68540019,0
0.97896171,2.5681012,0.55734706,0.81227559,0.18911839,0.5517633,0
1.2804824,0.82717884,-2.9189935,0.57083446,-0.45207816,-0.68540019,0
-0.84042335,-1.4500326,2.595521,-0.11981839,-0.87169933,0.47516739,0
1.5055768,-0.6114611,-2.0283506,0.57083446,-0.45207816,-0.68540019,0
-0.11850262,-0.33670354,2.8298008,0.81227559,0.18911839,0.5517633,0
-0.44220996,1.9393857,2.0974538,-0.57083446,0.45207816,0.68540019,0
-1.0864323,1.4358776,1.6733435,-0.57083446,0.45207816,0.68540019,0
-2.7197468,-0.84942251,2.1570468,-0.57083446,0.45207816,0.68540019,0
-2.2093985,1.3065007,0.66619098,-0.57083446,0.45207816,0.68540019,0
0.8012768,-0.78552127,-2.199183,0.57083446,-0.45207816,-0.68540019,0
0.47100922,-2.6666908,0.43643045,-0.11981839,-0.87169933,0.47516739,0
2.1869035,1.7122713,-1.0578518,0.81227559,0.18911839,0.5517633,0
2.1810262,-1.1673932,-0.99393499,0.57083446,-0.45207816,-0.68540019,0
1.1399983,1.9474201,-1.664808,0.11981839,0.87169933,-0.47516739,0
-1.0922575,0.10093582,-1.2207479,-0.81227559,-0.18911839,-0.5517633,0
0.67076439,-3.2266531,-0.57070518,-0.11981839,-0.87169933,0.47516739,0
1.0721434,-2.6578698,0.39885068,-0.11981839,-0.87169933,0.47516739,0
-1.1523931,1.870708,-1.9109604,-0.81227559,-0.18911839,-0.5517633,0
0.48884904,-1.5520757,2.3559539,-0.11981839,-0.87169933,0.47516739,0
-0.56687915,-1.2183942,2.5681529,-0.11981839,-0.87169933,0.47516739,0
0.92584205,1.0525396,-3.3508892,0.11981839,0.87169933,-0.47516739,0
-2.0707655,1.5834584,1.0949539,-0.57083446,0.45207816,0.68540019,0
1.1754153,2.124223,-0.71366811,0.11981839,0.87169933,-0.47516739,0
-1.4873075,-1.3158281,2.8895521,-0.11981839,-0.87169933,0.47516739,0
-1.12658,-1.8292882,-0.32403922,-0.81227559,-0.18911839,-0.5517633,0
1.6670773,1.0777923,-3.0202527,0.11981839,0.87169933,-0.47516739,0
-2.3817005,0.88288128,1.1480734,-0.57083446,0.45207816,0.68540019,0
1.3004462,-3.2705207,-0.34605622,-0.11981839,-0.87169933,0.47516739,0
-0.49678099,1.3626014,2.074223,-0.57083446,0.45207816,0.68540019,0
1.4708909,-0.80341226,-1.6761439,0.57083446,-0.45207816,-0.68540019,0
-2.137763,2.6231649,0.25425732,-0.57083446,0.45207816,0.68540019,0
1.6055086,2.0956194,-0.71271825,0.81227559,0.18911839,0.5517633,0
-1.8722286,2.8066671,-0.94182253,0.11981839,0.87169933,-0.47516739,0
-2.9196088,-1.0195423,1.5787666,-0.81227559,-0.18911839,-0.5517633,0
0.69836664,0.89641285,-3.3806448,0.57083446,-0.45207816,-0.68540019,0
2.2000406,-0.43320286,-0.066470444,0.81227559,0.18911839,0.5517633,0
2.787451,0.98447275,-2.0746591,0.57083446,-0.45207816,-0.68540019,0
-2.4012563,-1.0646366,2.2545748,-0.57083446,0.45207816,0.68540019,0
-0.83261573,0.17920017,-1.2842776,-0.81227559,-0.18911839,-0.5517633,0
-1.8281105,1.3177789,1.4237652,-0.57083446,0.45207816,0.68540019,0
1.2597193,-1.6360567,-1.4517822,0.57083446,-0.45207816,-0.68540019,0
-2.5901558,0.69164407,0.7072562,-0.81227559,-0.18911839,-0.5517633,0
-0.769328,2.6631198,1.2385767,-0.57083446,0.45207816,0.68540019,0
-1.3785336,2.7704117,0.53600717,-0.57083446,0.45207816,0.68540019,0
1.4052901,0.52774143,0.28378117,0.81227559,0.18911839,0.5517633,0
2.0392628,1.2345051,-0.36256695,0.81227559,0.18911839,0.5517633,0
-1.9992646,-0.3815825,2.0195425,-0.57083446,0.45207816,0.68540019,0
1.8823094,1.5372903,-1.7837725,0.11981839,0.87169933,-0.47516739,0
-0.98482466,1.5077729,-1.5406568,-0.81227559,-0.18911839,-0.5517633,0
1.4276401,1.432487,0.20830798,0.81227559,0.18911839,0.5517633,0
2.1330466,1.3736092,-1.9377959,0.11981839,0.87169933,-0.47516739,0
2.602561,0.65110004,-2.1508656,0.57083446,-0.45207816,-0.68540019,0
2.3494456,1.6577709,-1.493144,0.11981839,0.87169933,-0.47516739,0
0.045426846,1.8474326,-2.2238977,0.11981839,0.87169933,-0.47516739,0
1.5247762,-1.2057617,-1.4093282,0.57083446,-0.45207816,-0.68540019,0
0.19881842,-3.060071,-0.25662494,-0.11981839,-0.87169933,0.47516739,0
-1.8809533,0.54200172,0.16165029,-0.81227559,-0.18911839,-0.5517633,0
0.24717736,-1.8054284,-2.0793982,0.57083446,-0.45207816,-0.68540019,0
-0.7035259,1.7712498,2.0008428,-0.57083446,0.45207816,0.68540019,0
0.17271459,-0.22231483,-2.5955458,-0.81227559,-0.18911839,-0.5517633,0
0.44324389,-2.6845827,0.080878496,-0.11981839,-0.87169933,0.47516739,0
-2.4317207,-0.76150233,2.3117886,-0.57083446,0.45207816,0.68540019,0
0.22451985,-2.912704,-1.2606747,0.57083446,-0.45207816,-0.68540019,0
1.3717176,-1.3757823,0.8265394,0.81227559,0.18911839,0.5517633,0
0.31588781,1.023435,1.6101077,0.81227559,0.18911839,0.5517633,0
1.6031724,-1.6335384,-1.3666023,0.57083446,-0.45207816,-0.68540019,0
-1.1896919,2.5264633,-0.98868561,0.11981839,0.87169933,-0.47516739,0
2.4189944,-0.84764665,-0.81528932,0.57083446,-0.45207816,-0.68540019,0
-0.36703557,3.1505806,0.65593982,0.11981839,0.87169933,-0.47516739,0
1.3868937,-0.0009406805,1.0122825,0.81227559,0.18911839,0.5517633,0
-0.849949,2.324528,1.4437189,-0.57083446,0.45207816,0.68540019,0
0.41027355,1.6601825,-1.7259694,0.11981839,0.87169933,-0.47516739,0
0.87012464,2.5497909,-0.16346931,0.11981839,0.87169933,-0.47516739,0
0.46528208,2.1414909,-0.85891533,0.11981839,0.87169933,-0.47516739,0
0.071475193,-2.522433,0.53320885,-0.11981839,-0.87169933,0.47516739,0
-2.599503,-1.1975473,2.0932896,-0.11981839,-0.87169933,0.47516739,0
-0.33513546,1.7062219,2.5031557,-0.57083446,0.45207816,0.68540019,0
0.24994923,2.6410308,-0.59057832,0.11981839,0.87169933,-0.47516739,0
1.4929905,-3.1169293,0.32881451,-0.11981839,-0.87169933,0.47516739,0
-1.8340021,1.6754622,0.99050415,-0.57083446,0.45207816,0.68540019,0
1.1153978,0.98919463,-2.9381485,0.11981839,0.87169933,-0.47516739,0
1.2865837,-2.0928729,-1.1778848,0.57083446,-0.45207816,-0.68540019,0
1.682265,2.1685989,-1.2112427,0.11981839,0.87169933,-0.47516739,0
-1.2214229,1.4214232,-1.2175618,-0.81227559,-0.18911839,-0.5517633,0
-1.0938957,2.7500286,-0.33215165,0.11981839,0.87169933,-0.47516739,0
1.2893109,-3.1216471,-0.0027983189,-0.11981839,-0.87169933,0.47516739,0
0.20474529,0.17227745,-3.0078316,-0.81227559,-0.18911839,-0.5517633,0
-2.5378928,-0.92098975,2.3637891,-0.57083446,0.45207816,0.68540019,0
-1.0651547,-1.1234977,2.9196701,-0.11981839,-0.87169933,0.47516739,0
0.37576473,1.7431955,-1.8920441,0.11981839,0.87169933,-0.47516739,0
0.31598282,0.14230061,2.5148809,0.81227559,0.18911839,0.5517633,0
-2.4186244,-0.63488507,1.0522716,-0.81227559,-0.18911839,-0.5517633,0
-1.5939764,0.9203853,1.6442001,-0.57083446,0.45207816,0.68540019,0
1.5274832,-2.29983,1.1214527,-0.11981839,-0.87169933,0.47516739,0
-1.6440589,0.05132699,-0.53064197,-0.81227559,-0.18911839,-0.5517633,0
-0.86688888,-2.4121165,0.2887311,-0.11981839,-0.87169933,0.47516739,0
2.4063077,-2.7121081,0.31151915,0.81227559,0.18911839,0.5517633,0
0.41937435,-2.8685181,-1.2788968,0.57083446,-0.45207816,-0.68540019,0
0.1697948,-1.606653,-2.3113527,0.57083446,-0.45207816,-0.68540019,0
2.5980248,-1.5901136,-0.51882005,0.57083446,-0.45207816,-0.68540019,0
-1.2021165,0.8084749,-0.99365306,-0.81227559,-0.18911839,-0.5517633,0
-0.26253361,3.0921187,0.30542517,0.11981839,0.87169933,-0.47516739,0
0.51769495,0.25070167,1.8321362,0.81227559,0.18911839,0.5517633,0
2.4594715,0.57909912,-0.78913999,0.81227559,0.18911839,0.5517633,0
-0.83283722,1.4714332,2.0886648,-0.57083446,0.45207816,0.68540019,0
-2.6222048,-1.3712525,1.8575282,-0.81227559,-0.18911839,-0.5517633,0
-0.95281374,-1.188459,2.5637913,-0.11981839,-0.87169933,0.47516739,0
-0.79279912,-2.4515843,-0.61861515,-0.81227559,-0.18911839,-0.5517633,0
1.2110533,1.4923272,-2.2393465,0.11981839,0.87169933,-0.47516739,0
-0.34274459,0.30372977,-1.9852606,-0.81227559,-0.18911839,-0.5517633,0
1.4151409,0.99439824,0.13789535,0.81227559,0.18911839,0.5517633,0
-1.9933922,-1.9882498,1.4702871,-0.11981839,-0.87169933,0.47516739,0
-0.86112118,-2.4697208,0.81615329,-0.11981839,-0.87169933,0.47516739,0
2.6104476,1.6536069,-1.4205806,0.81227559,0.18911839,0.5517633,0
1.1297363,-3.0947576,-0.12541485,-0.11981839,-0.87169933,0.47516739,0
-0.18068433,-0.71949935,3.5827558,0.81227559,0.18911839,0.5517633,0
2.509948,0.8887803,-2.3597541,0.57083446,-0.45207816,-0.68540019,0
-1.5702031,-1.2994328,2.167572,-0.11981839,-0.87169933,0.47516739,0
-1.8100559,1.9573756,0.66214287,-0.57083446,0.45207816,0.68540019,0
-0.33844131,2.3232126,-1.4489663,0.11981839,0.87169933,-0.47516739,0
1.5055904,-2.7081842,1.0655119,-0.11981839,-0.87169933,0.47516739,0
0.44691038,-2.4057677,-1.5183474,0.57083446,-0.45207816,-0.68540019,0
1.0633686,-3.1168826,-0.92801785,0.57083446,-0.45207816,-0.68540019,0
-0.81131864,1.1161578,2.2580755,-0.57083446,0.45207816,0.68540019,0
-1.3455014,-1.1607349,-0.37122631,-0.81227559,-0.18911839,-0.5517633,0
-2.5075641,0.16348648,0.88246495,-0.81227559,-0.18911839,-0.5517633,0
-0.89089322,-2.765518,-0.81538105,-0.81227559,-0.18911839,-0.5517633,0
-0.44226158,-1.450622,2.3740582,-0.11981839,-0.87169933,0.47516739,0
0.74674559,1.2192136,-3.0836644,0.11981839,0.87169933,-0.47516739,0
0.52366948,-2.3366375,0.78952742,-0.11981839,-0.87169933,0.47516739,0
1.2222363,0.58086658,-2.9775786,0.57083446,-0.45207816,-0.68540019,0
-2.0286727,-0.22812372,1.9539797,-0.57083446,0.45207816,0.68540019,0
0.016930103,1.4800006,2.3894868,0.81227559,0.18911839,0.5517633,0
-1.6759067,-1.1028495,2.4254503,-0.11981839,-0.87169933,0.47516739,0
1.1890457,0.74744302,0.40224898,0.81227559,0.18911839,0.5517633,0
-0.22019327,-3.3927052,-1.1327045,-0.11981839,-0.87169933,0.47516739,0
-0.068588138,0.036672115,2.5342431,0.81227559,0.18911839,0.5517633,0
0.81367868,2.6523776,-0.10358715,0.11981839,0.87169933,-0.47516739,0
1.1928786,-1.168143,-2.113771,0.57083446,-0.45207816,-0.68540019,0
2.3111169,-0.905294,-0.18571322,0.81227559,0.18911839,0.5517633,0
0.14237738,-2.0386801,1.3706455,-0.11981839,-0.87169933,0.47516739,0
-0.50119197,2.7646151,1.2624538,-0.57083446,0.45207816,0.68540019,0
1.5156723,-2.9348526,-0.20710325,0.57083446,-0.45207816,-0.68540019,0
0.78774732,2.3618715,1.0470445,0.81227559,0.18911839,0.5517633,0
0.34161413,-1.1336772,-2.5017896,0.57083446,-0.45207816,-0.68540019,0
0.6622901,-0.16504645,2.1016421,0.81227559,0.18911839,0.5517633,0
-1.6475405,-0.33375955,2.4765465,-0.57083446,0.45207816,0.68540019,0
-0.60183299,1.7428802,2.108567,-0.57083446,0.45207816,0.68540019,0
-2.0571704,1.8458247,0.80355924,-0.57083446,0.45207816,0.68540019,0
1.5284579,0.78538811,-0.10592699,0.81227559,0.18911839,0.5517633,0
-1.0455167,-0.85202312,-0.9295634,-0.81227559,-0.18911839,-0.5517633,0
1.6717074,-3.1101074,-0.28624916,0.57083446,-0.45207816,-0.68540019,0
-0.025133967,1.5376633,2.34444,0.81227559,0.18911839,0.5517633,0
0.011337996,-0.94669855,-2.2105057,-0.81227559,-0.18911839,-0.5517633,0
0.55586731,2.848227,0.73326278,0.81227559,0.18911839,0.5517633,0
-0.033995152,1.0078313,2.3360875,0.81227559,0.18911839,0.5517633,0
-2.7181296,-0.65697855,1.3472352,-0.81227559,-0.18911839,-0.5517633,0
-0.94292331,-2.625278,-0.25272393,-0.81227559,-0.18911839,-0.5517633,0
-0.91326535,0.25353622,2.7171457,-0.57083446,0.45207816,0.68540019,0
-1.2948725,2.027302,1.1059325,-0.57083446,0.45207816,0.68540019,0
-2.5344529,0.75558138,0.54428589,-0.81227559,-0.18911839,-0.5517633,0
-2.6682854,-0.12517534,1.367129,-0.81227559,-0.18911839,-0.5517633,0
1.3184217,1.2605797,-2.9667287,0.11981839,0.87169933,-0.47516739,0
-0.4406383,-0.038114786,3.0725322,-0.57083446,0.45207816,0.68540019,0
-1.2023702,-1.9079342,1.535769,-0.11981839,-0.87169933,0.47516739,0
1.4053359,-0.29827666,0.68848288,0.81227559,0.18911839,0.5517633,0
0.88114578,2.2659454,-0.97845411,0.11981839,0.87169933,-0.47516739,0
1.2641106,1.4157672,-2.5008366,0.11981839,0.87169933,-0.47516739,0
-0.23068461,-2.9541605,-0.037795067,-0.11981839,-0.87169933,0.47516739,0
-2.3532991,1.5096325,0.47776234,-0.81227559,-0.18911839,-0.5517633,0
-0.8107667,-1.3495423,-1.3377075,-0.81227559,-0.18911839,-0.5517633,0
0.20947933,0.63776851,2.0260108,0.81227559,0.18911839,0.5517633,0
0.78694862,2.8558016,0.46329498,0.11981839,0.87169933,-0.47516739,0
-1.0848625,1.5649062,-1.8930862,-0.81227559,-0.18911839,-0.5517633,0
-0.52819806,2.5834224,-0.89609933,0.11981839,0.87169933,-0.47516739,0
1.9687532,-0.83204293,-1.2819042,0.57083446,-0.45207816,-0.68540019,0
-1.7791824,1.3558149,1.2280972,-0.57083446,0.45207816,0.68540019,0
1.590175,-0.71408474,-1.9999679,0.57083446,-0.45207816,-0.68540019,0
0.98447788,1.396668,-2.307297,0.11981839,0.87169933,-0.47516739,0
-1.3075054,0.57098103,-1.0806108,-0.81227559,-0.18911839,-0.5517633,0
0.012741506,2.3412139,-1.335216,0.11981839,0.87169933,-0.47516739,0
0.25407982,-2.7569199,-0.099005461,-0.11981839,-0.87169933,0.47516739,0
-2.557904,0.48722941,0.62505639,-0.81227559,-0.18911839,-0.5517633,0
2.0078342,-0.27218682,-0.21383053,0.81227559,0.18911839,0.5517633,0
0.32234573,3.5549581,1.3491926,0.81227559,0.18911839,0.5517633,0
-2.4760945,-0.73761541,1.9985865,-0.57083446,0.45207816,0.68540019,0
-2.555438,1.3940828,0.65309709,-0.81227559,-0.18911839,-0.5517633,0
2.3305101,-2.6648819,0.00011515617,0.57083446,-0.45207816,-0.68540019,0
1.591135,0.81253457,0.25312865,0.81227559,0.18911839,0.5517633,0
-1.6793782,-0.91527891,0.3486352,-0.81227559,-0.18911839,-0.5517633,0
-0.9816041,0.13029814,2.9982238,-0.57083446,0.45207816,0.68540019,0
-0.066974998,2.640636,-0.73453283,0.11981839,0.87169933,-0.47516739,0
1.2071249,0.50937355,-2.9465926,0.57083446,-0.45207816,-0.68540019,0
-0.72144359,-2.6951389,0.5053277,-0.11981839,-0.87169933,0.47516739,0
0.66561222,-1.6733949,-2.0366955,0.57083446,-0.45207816,-0.68540019,0
-1.7527572,-1.4262093,2.2135596,-0.11981839,-0.87169933,0.47516739,0
0.082702756,2.8322535,1.6322784,0.81227559,0.18911839,0.5517633,0
2.4284618,1.4587674,-1.9072576,0.11981839,0.87169933,-0.47516739,0
1.4800218,-2.1470912,1.1225121,0.81227559,0.18911839,0.5517633,0
-1.4547092,-0.9584446,3.0812392,-0.11981839,-0.87169933,0.47516739,0
-1.0768931,0.79133546,-1.506061,-0.81227559,-0.18911839,-0.5517633,0
-2.1240549,-1.9045272,1.2018719,-0.81227559,-0.18911839,-0.5517633,0
2.1255727,-1.4161658,-0.89919639,0.57083446,-0.45207816,-0.68540019,0
-0.7449764,-1.5217601,2.6262085,-0.11981839,-0.87169933,0.47516739,0
-0.082202435,-2.9454844,-1.4093406,-0.81227559,-0.18911839,-0.5517633,0
-0.20242238,0.056526423,2.8812432,0.81227559,0.18911839,0.5517633,0
1.1549988,-2.3499086,1.3394017,-0.11981839,-0.87169933,0.47516739,0
2.5477974,-0.054176927,-0.87440842,0.81227559,0.18911839,0.5517633,0
-1.2952,2.8314109,-0.7095015,0.11981839,0.87169933,-0.47516739,0
1.3300672,1.544935,0.38053846,0.81227559,0.18911839,0.5517633,0
0.65333211,-2.5207405,-1.1928915,0.57083446,-0.45207816,-0.68540019,0
0.47099423,-3.105222,0.016275644,-0.11981839,-0.87169933,0.47516739,0
2.2444525,0.93326592,-2.6853185,0.57083446,-0.45207816,-0.68540019,0
0.76588678,-3.0144482,-0.079116583,-0.11981839,-0.87169933,0.47516739,0
0.75567842,0.76926088,-3.3733778,0.57083446,-0.45207816,-0.68540019,0
0.68754411,0.98011446,-3.4670887,0.11981839,0.87169933,-0.47516739,0
0.016405821,-1.4654429,-2.5740175,-0.81227559,-0.18911839,-0.5517633,0
-0.76221681,2.14869,1.3649307,-0.57083446,0.45207816,0.68540019,0
-2.3789289,-1.2999631,2.1358767,-0.11981839,-0.87169933,0.47516739,0
-0.034598112,1.8465651,2.2938533,0.81227559,0.18911839,0.5517633,0
-0.32423136,-2.31213,0.77152371,-0.11981839,-0.87169933,0.47516739,0
2.1241593,-0.26874319,-1.7501179,0.57083446,-0.45207816,-0.68540019,0
-0.11196935,3.2941935,1.3197851,-0.57083446,0.45207816,0.68540019,0
-0.52251858,3.3086615,0.29817986,0.11981839,0.87169933,-0.47516739,0
2.8208256,1.4680891,-1.5994277,0.81227559,0.18911839,0.5517633,0
-1.2706764,-2.2502887,0.48691797,-0.11981839,-0.87169933,0.47516739,0
2.1524315,-1.963771,0.23088193,0.81227559,0.18911839,0.5517633,0
-1.3431203,-0.87329191,-0.086790323,-0.81227559,-0.18911839,-0.5517633,0
-1.8218353,0.35678178,1.8591479,-0.57083446,0.45207816,0.68540019,0
2.2775292,-3.0808973,0.32972074,0.81227559,0.18911839,0.5517633,0
0.83673394,-3.3064187,-0.45334411,-0.11981839,-0.87169933,0.47516739,0
0.5168339,-2.2254455,1.1171978,-0.11981839,-0.87169933,0.47516739,0
1.5231678,-2.9381733,0.55636144,-0.11981839,-0.87169933,0.47516739,0
-0.21339536,2.4715924,2.1207342,-0.57083446,0.45207816,0.68540019,0
-2.4525142,1.3165944,0.38287696,-0.81227559,-0.18911839,-0.5517633,0
-1.9070728,-1.3705099,0.20032692,-0.81227559,-0.18911839,-0.5517633,0
-1.2775137,2.2457049,1.21831,-0.57083446,0.45207816,0.68540019,0
-1.0134206,1.3515664,2.1096346,-0.57083446,0.45207816,0.68540019,0
0.1693899,2.9466197,-0.13312888,0.11981839,0.87169933,-0.47516739,0
-1.5765395,-2.3367743,0.54716706,-0.11981839,-0.87169933,0.47516739,0
0.41059089,1.2264886,-3.2361503,0.11981839,0.87169933,-0.47516739,0
0.25240639,-2.4728837,0.66789532,-0.11981839,-0.87169933,0.47516739,0
0.73407125,0.42997599,-3.5448458,0.57083446,-0.45207816,-0.68540019,0
1.2883203,2.0514703,0.15147996,0.81227559,0.18911839,0.5517633,0
-2.1882501,1.3729644,0.064530015,-0.81227559,-0.18911839,-0.5517633,0
-0.59764791,0.0030851364,2.9836771,-0.57083446,0.45207816,0.68540019,0
1.4376947,1.427695,-2.1562285,0.11981839,0.87169933,-0.47516739,0
0.20190847,-2.1864371,-2.1201925,0.57083446,-0.45207816,-0.68540019,0
2.7494941,0.92126286,-1.7461631,0.57083446,-0.45207816,-0.68540019,0
-0.027518511,-1.0383277,-2.1575708,-0.81227559,-0.18911839,-0.5517633,0
-0.16561699,-1.0102205,2.9901142,0.81227559,0.18911839,0.5517633,0
1.2956235,-0.17580593,-2.5836785,0.57083446,-0.45207816,-0.68540019,0
1.6164955,-2.2131102,-0.78673589,0.57083446,-0.45207816,-0.68540019,0
1.8260998,-2.7781758,-0.45409679,0.57083446,-0.45207816,-0.68540019,0
-2.064527,1.24902,1.0338752,-0.57083446,0.45207816,0.68540019,0
0.5148313,3.2281036,0.69498158,0.81227559,0.18911839,0.5517633,0
-0.44447482,1.4356059,2.4923241,-0.57083446,0.45207816,0.68540019,0
1.1401348,1.3649542,-2.6114888,0.11981839,0.87169933,-0.47516739,0
-2.5046535,-1.7345264,1.5760665,-0.11981839,-0.87169933,0.47516739,0
-0.61171269,-0.16027355,3.4470561,-0.57083446,0.45207816,0.68540019,0
-2.2929232,-1.5484462,0.98813152,-0.81227559,-0.18911839,-0.5517633,0
