-0.26287603,3.8682368,1.3638902,0.18083054,0.70031577,0.69054902,0
1.1311538,-1.1178203,1.6739119,0.14442194,-0.71342057,0.68569177,0
-0.75152874,2.569361,0.10655165,-0.14442194,0.71342057,-0.68569177,0
0.34998068,2.7300215,2.0898938,0.18083054,0.70031577,0.69054902,0
-0.44300604,-1.0800736,-3.6921704,-0.18083054,-0.70031577,-0.69054902,0
-0.49723077,2.3503907,2.7003498,0.18083054,0.70031577,0.69054902,0
0.78154182,-1.4504712,1.3812034,0.14442194,-0.71342057,0.68569177,0
0.25647521,0.91568881,3.965744,0.14442194,-0.71342057,0.68569177,0
0.21698964,-3.3935804,-0.47779179,0.14442194,-0.71342057,0.68569177,0
1.4746653,-1.1962311,1.3027277,0.14442194,-0.71342057,0.68569177,0
1.2001519,-3.2653086,-1.4247835,0.97285277,-0.024263501,-0.23014921,0
1.1536137,2.4758859,2.2663913,0.18083054,0.70031577,0.69054902,0
-0.232234,-1.3975865,-3.4216304,-0.18083054,-0.70031577,-0.69054902,0
0.15353298,-1.8108277,-3.5415261,-0.18083054,-0.70031577,-0.69054902,0
0.49739027,-0.32293096,-3.1011927,-0.14442194,0.71342057,-0.68569177,0
-0.45630515,-1.9408386,0.97911143,0.14442194,-0.71342057,0.68569177,0
-2.3193233,-0.42274904,-2.632777,-0.97285277,0.024263501,0.23014921,0
-1.6841941,1.6244887,-0.83082104,-0.14442194,0.71342057,-0.68569177,0
-0.41875529,-0.5001452,2.4611993,0.14442194,-0.71342057,0.68569177,0
1.3481958,2.5610197,-0.43554628,-0.14442194,0.71342057,-0.68569177,0
-2.0971355,-2.3432364,-2.0645232,-0.18083054,-0.70031577,-0.69054902,0
-1.0070137,-2.1518433,-2.6253603,-0.18083054,-0.70031577,-0.69054902,0
0.1617862,-1.7348735,0.9129256,0.14442194,-0.71342057,0.68569177,0
-1.9925951,-1.220475,-1.0025716,-0.97285277,0.024263501,0.23014921,0
-1.9487334,-2.300035,-2.1504636,-0.97285277,0.024263501,0.23014921,0
1.0330198,-0.95625043,1.4181912,0.14442194,-0.71342057,0.68569177,0
-0.59379327,0.95857656,3.5101047,-0.97285277,0.024263501,0.23014921,0
-1.188856,2.7316055,0.0066044331,-0.14442194,0.71342057,-0.68569177,0
1.5620269,-2.1009293,-0.10126042,0.97285277,-0.024263501,-0.23014921,0
0.7218672,2.4942214,-0.31152189,-0.14442194,0.71342057,-0.68569177,0
0.8653183,-1.1791147,-3.2567384,0.97285277,-0.024263501,-0.23014921,0
-0.98169369,-3.6769347,-1.3695903,-0.18083054,-0.70031577,-0.69054902,0
2.4135771,0.81208348,2.9542623,0.97285277,-0.024263501,-0.23014921,0
0.96217954,-3.3673387,-1.96245,0.97285277,-0.024263501,-0.23014921,0
-1.2558937,0.87709045,0.42315912,-0.97285277,0.024263501,0.23014921,0
-0.51493764,0.33483741,3.5914018,0.14442194,-0.71342057,0.68569177,0
1.3501868,0.63688618,3.2411089,0.14442194,-0.71342057,0.68569177,0
-0.80240721,2.8990479,2.1210687,0.18083054,0.70031577,0.69054902,0
-0.72399294,3.2767713,0.64602542,-0.14442194,0.71342057,-0.68569177,0
-1.5633879,2.9227824,0.45274925,-0.97285277,0.024263501,0.23014921,0
-0.92105699,0.62856179,2.8551438,-0.97285277,0.024263501,0.23014921,0
1.3595341,0.99721372,-0.43453646,0.97285277,-0.024263501,-0.23014921,0
0.77972472,-3.0615318,-0.67970753,0.14442194,-0.71342057,0.68569177,0
0.34965086,-0.92551047,-4.0350113,-0.18083054,-0.70031577,-0.69054902,0
-0.51132715,3.1824589,2.1635981,0.18083054,0.70031577,0.69054902,0
-0.34627008,-0.72247767,1.9562652,0.14442194,-0.71342057,0.68569177,0
0.27909327,1.6131747,3.2983954,0.18083054,0.70031577,0.69054902,0
-0.80584478,-1.3012176,1.9087784,0.14442194,-0.71342057,0.68569177,0
0.35775805,-1.2551205,-3.8007574,-0.18083054,-0.70031577,-0.69054902,0
0.41899705,0.77048147,3.8132141,0.14442194,-0.71342057,0.68569177,0
0.95797759,3.2047698,1.3046992,0.18083054,0.70031577,0.69054902,0
1.8956912,1.6371157,0.94767046,0.97285277,-0.024263501,-0.23014921,0
1.4632231,-1.6716746,0.24180579,0.97285277,-0.024263501,-0.23014921,0
-1.5302111,-1.0783467,0.99047351,-0.97285277,0.024263501,0.23014921,0
-1.8704189,0.63153565,-1.5852516,-0.14442194,0.71342057,-0.68569177,0
0.25791901,2.6871834,2.4680281,0.18083054,0.70031577,0.69054902,0
0.30352449,0.36872327,-2.4205079,-0.14442194,0.71342057,-0.68569177,0
1.2498703,1.2986331,-1.6712117,-0.14442194,0.71342057,-0.68569177,0
0.45824653,-2.398526,-3.0241439,-0.18083054,-0.70031577,-0.69054902,0
-0.71286774,1.6469016,3.7351942,0.18083054,0.70031577,0.69054902,0
-0.33369017,-0.12941942,-2.9591002,-0.14442194,0.71342057,-0.68569177,0
0.69035381,-2.1180253,-3.1048234,-0.18083054,-0.70031577,-0.69054902,0
0.35351586,-1.3813334,1.56151,0.14442194,-0.71342057,0.68569177,0
-0.027297854,-3.1031768,-0.55693269,0.14442194,-0.71342057,0.68569177,0
-1.5859568,-1.1571362,-3.468734,-0.18083054,-0.70031577,-0.69054902,0
2.1375179,1.892926,1.6306973,0.97285277,-0.024263501,-0.23014921,0
1.7861559,0.60384631,0.35207695,0.97285277,-0.024263501,-0.23014921,0
1.3135761,-0.82150877,-1.4534382,0.97285277,-0.024263501,-0.23014921,0
-2.0787861,-1.4562109,-2.8154218,-0.18083054,-0.70031577,-0.69054902,0
1.3559375,1.0635281,3.657361,0.14442194,-0.71342057,0.68569177,0
1.4807899,2.8219967,1.7024989,0.18083054,0.70031577,0.69054902,0
1.817842,2.2165785,0.29043388,0.97285277,-0.024263501,-0.23014921,0
-0.078819633,-2.39118,0.60929143,0.14442194,-0.71342057,0.68569177,0
1.4975939,-0.47529423,2.0225871,0.14442194,-0.71342057,0.68569177,0
-1.8889303,-0.93921208,-0.7442733,-0.97285277,0.024263501,0.23014921,0
-1.9556959,-2.8310254,-1.3821146,-0.97285277,0.024263501,0.23014921,0
-0.44889557,1.957409,-0.99168861,-0.14442194,0.71342057,-0.68569177,0
-0.86360306,-2.4833913,0.44763052,0.14442194,-0.71342057,0.68569177,0
2.2794154,0.56215727,2.706641,0.97285277,-0.024263501,-0.23014921,0
-1.9167373,-1.6613002,-0.88083315,-0.97285277,0.024263501,0.23014921,0
0.048430681,0.12299657,3.0279872,0.14442194,-0.71342057,0.68569177,0
-2.1533592,-1.4093392,-3.2036214,-0.18083054,-0.70031577,-0.69054902,0
0.11090577,-3.5095167,-0.81531453,0.14442194,-0.71342057,0.68569177,0
0.22428322,-0.82937062,1.7278372,0.14442194,-0.71342057,0.68569177,0
1.4940056,-0.90141296,-0.41382456,0.97285277,-0.024263501,-0.23014921,0
0.13041759,0.54567921,3.6721599,0.14442194,-0.71342057,0.68569177,0
1.5485896,2.4591849,-0.11807287,0.97285277,-0.024263501,-0.23014921,0
-0.14728138,-3.1642339,-2.0257022,-0.18083054,-0.70031577,-0.69054902,0
0.84424859,2.6591718,-0.1855346,-0.14442194,0.71342057,-0.68569177,0
1.4400847,-1.3081509,0.98224688,0.14442194,-0.71342057,0.68569177,0
1.5595711,-0.85129678,1.5128942,0.14442194,-0.71342057,0.68569177,0
-2.1544998,-1.434637,-3.0258491,-0.18083054,-0.70031577,-0.69054902,0
-0.94952452,-2.5755386,0.22492278,0.14442194,-0.71342057,0.68569177,0
0.42309165,-0.59171593,1.9378726,0.14442194,-0.71342057,0.68569177,0
-0.82239974,1.200298,3.6631055,-0.97285277,0.024263501,0.23014921,0
1.990714,3.2258391,1.3309073,0.97285277,-0.024263501,-0.23014921,0
0.57796669,-1.5114622,-3.2998059,0.97285277,-0.024263501,-0.23014921,0
1.4353101,2.2747874,2.4295027,0.18083054,0.70031577,0.69054902,0
-1.4621485,-3.2972682,-0.27120185,0.14442194,-0.71342057,0.68569177,0
-1.8179634,0.40420437,-2.2722368,-0.14442194,0.71342057,-0.68569177,0
-1.4826275,-0.3835479,0.038497046,-0.97285277,0.024263501,0.23014921,0
1.7491311,4.0217404,0.66633797,0.97285277,-0.024263501,-0.23014921,0
1.6238353,-1.4108531,-0.032338738,0.97285277,-0.024263501,-0.23014921,0
0.7762664,-3.8726754,-1.5539217,-0.18083054,-0.70031577,-0.69054902,0
1.773636,2.1155295,2.4127481,0.18083054,0.70031577,0.69054902,0
1.7970476,3.6341972,0.59188318,-0.14442194,0.71342057,-0.68569177,0
1.1930755,0.076444507,-1.8079497,0.97285277,-0.024263501,-0.23014921,0
0.14397717,1.6990013,3.5622256,0.18083054,0.70031577,0.69054902,0
-0.33742285,3.2205994,0.77726173,-0.14442194,0.71342057,-0.68569177,0
-1.0948075,3.596077,0.86976433,-0.14442194,0.71342057,-0.68569177,0
-0.54714227,3.4004898,2.0460978,0.18083054,0.70031577,0.69054902,0
0.87881619,-0.96615559,-2.1506741,0.97285277,-0.024263501,-0.23014921,0
-0.40051341,-1.4215038,-3.35058,-0.18083054,-0.70031577,-0.69054902,0
-1.3292581,-0.34302747,1.2090801,-0.97285277,0.024263501,0.23014921,0
0.4766016,1.5828443,3.3389649,0.18083054,0.70031577,0.69054902,0
-1.0018557,0.98725796,1.5318248,-0.97285277,0.024263501,0.23014921,0
1.7686974,3.740778,0.73897815,-0.14442194,0.71342057,-0.68569177,0
-0.89511538,2.1260245,2.4083464,-0.97285277,0.024263501,0.23014921,0
-1.4833555,0.028633237,-0.41586626,-0.97285277,0.024263501,0.23014921,0
-1.7437136,-1.2888353,-3.1249099,-0.18083054,-0.70031577,-0.69054902,0
1.2851768,1.5038949,3.1982949,0.18083054,0.70031577,0.69054902,0
-1.1986444,-0.99499619,1.7792932,-0.97285277,0.024263501,0.23014921,0
-1.0404723,-2.301693,0.82609737,0.14442194,-0.71342057,0.68569177,0
-1.3066579,-3.6392293,-0.39222169,0.14442194,-0.71342057,0.68569177,0
0.69023705,-2.1771777,0.6909824,0.14442194,-0.71342057,0.68569177,0
-1.848804,0.31070852,-1.4538263,-0.97285277,0.024263501,0.23014921,0
0.36004961,2.5429239,2.236692,0.18083054,0.70031577,0.69054902,0
0.96574843,-3.2222502,-0.8589685,0.14442194,-0.71342057,0.68569177,0
1.1237401,-2.1347628,0.72470117,0.14442194,-0.71342057,0.68569177,0
-1.0037763,-1.4393159,1.645344,0.14442194,-0.71342057,0.68569177,0
-0.86580354,2.9149909,2.2702806,-0.97285277,0.024263501,0.23014921,0
1.9060404,0.51335037,2.0177803,0.97285277,-0.024263501,-0.23014921,0
-0.4509902,-2.8065348,0.37180471,0.14442194,-0.71342057,0.68569177,0
1.9927645,1.8113525,2.4221799,0.18083054,0.70031577,0.69054902,0
2.2257519,1.3499089,2.3223641,0.97285277,-0.024263501,-0.23014921,0
0.96367663,3.7886076,0.81954789,-0.14442194,0.71342057,-0.68569177,0
-0.47296047,-3.1149311,-0.083660364,0.14442194,-0.71342057,0.68569177,0
0.34058067,3.4896226,1.3309398,0.18083054,0.70031577,0.69054902,0
0.18796659,0.81000745,3.480931,0.14442194,-0.71342057,0.68569177,0
-1.6143705,-1.9023788,-0.37087214,-0.97285277,0.024263501,0.23014921,0
-0.33944821,-0.23935424,2.8222482,0.14442194,-0.71342057,0.68569177,0
-0.061950922,-0.94190025,-4.1067085,-0.14442194,0.71342057,-0.68569177,0
-1.3046956,1.229104,-1.2845991,-0.14442194,0.71342057,-0.68569177,0
1.1927058,3.7062526,1.2524812,0.18083054,0.70031577,0.69054902,0
-0.048395284,3.0394065,1.7406847,0.18083054,0.70031577,0.69054902,0
-0.9620316,3.2466152,0.86811876,-0.14442194,0.71342057,-0.68569177,0
-1.5106058,0.096998692,0.3561278,-0.97285277,0.024263501,0.23014921,0
-1.3716534,-1.14118,0.55438787,-0.97285277,0.024263501,0.23014921,0
0.72279412,3.0037673,1.9091635,0.18083054,0.70031577,0.69054902,0
-1.5963323,-2.631813,-2.1977205,-0.18083054,-0.70031577,-0.69054902,0
2.0289512,3.1823652,1.3487775,0.18083054,0.70031577,0.69054902,0
-0.2472291,-0.47980359,-3.5340557,-0.14442194,0.71342057,-0.68569177,0
0.78477263,3.9158673,1.0400589,0.18083054,0.70031577,0.69054902,0
0.73995364,-2.7158928,-2.6847444,-0.18083054,-0.70031577,-0.69054902,0
-0.24940792,3.2596469,2.0441556,0.18083054,0.70031577,0.69054902,0
0.1947372,-3.4670057,-0.61938977,0.14442194,-0.71342057,0.68569177,0
-1.576746,0.020867109,0.19096607,-0.97285277,0.024263501,0.23014921,0
0.82669574,-1.9780092,-2.7408605,0.97285277,-0.024263501,-0.23014921,0
-1.3359629,2.1311736,-0.0041128397,-0.97285277,0.024263501,0.23014921,0
-0.17940743,-3.2953033,-1.86886,-0.18083054,-0.70031577,-0.69054902,0
1.634531,-1.4421848,0.87234491,0.97285277,-0.024263501,-0.23014921,0
-0.7585566,-0.052015603,2.9559064,-0.97285277,0.024263501,0.23014921,0
-1.9892853,-1.8896363,-2.6765523,-0.18083054,-0.70031577,-0.69054902,0
1.6200439,-1.4339868,1.2617046,0.14442194,-0.71342057,0.68569177,0
1.2165363,1.6134008,3.265574,0.18083054,0.70031577,0.69054902,0
1.2428069,2.7834649,-0.55056858,-0.14442194,0.71342057,-0.68569177,0
1.3926378,-0.90441704,-0.38376093,0.97285277,-0.024263501,-0.23014921,0
-2.0104485,-2.1195161,-1.7136226,-0.97285277,0.024263501,0.23014921,0
-0.79270834,1.9149172,2.8567755,-0.97285277,0.024263501,0.23014921,0
1.4682374,2.6456902,1.8148618,0.18083054,0.70031577,0.69054902,0
1.2454307,2.85743,1.8890769,0.18083054,0.70031577,0.69054902,0
0.097513668,-2.954458,-1.8943708,-0.18083054,-0.70031577,-0.69054902,0
0.57975209,-1.9803684,0.76012123,0.14442194,-0.71342057,0.68569177,0
-0.8074882,-2.5997169,-1.9512861,-0.18083054,-0.70031577,-0.69054902,0
0.071722746,-4.0761089,-1.1669965,-0.18083054,-0.70031577,-0.69054902,0
-0.22950721,-1.5561868,1.2427609,0.14442194,-0.71342057,0.68569177,0
1.4835439,-1.5742923,0.77027309,0.14442194,-0.71342057,0.68569177,0
0.11172521,1.6793301,-1.2605741,-0.14442194,0.71342057,-0.68569177,0
-0.74389768,3.0699193,2.3842421,0.18083054,0.70031577,0.69054902,0
-0.52515554,2.8006983,2.270108,0.18083054,0.70031577,0.69054902,0
-0.90567172,3.0023084,2.3104649,0.18083054,0.70031577,0.69054902,0
0.28617787,2.2210093,2.7051675,0.18083054,0.70031577,0.69054902,0
0.1539247,1.8329099,3.252543,0.18083054,0.70031577,0.69054902,0
-1.9055654,-1.8754402,-2.5845413,-0.18083054,-0.70031577,-0.69054902,0
-1.6016729,-3.5884848,-0.60287976,-0.97285277,0.024263501,0.23014921,0
0.31193194,2.9368119,1.8667338,0.18083054,0.70031577,0.69054902,0
-0.12596989,2.8789802,-0.0029804707,-0.14442194,0.71342057,-0.68569177,0
0.39699793,-3.2558613,-1.9966979,-0.18083054,-0.70031577,-0.69054902,0
-1.2451978,0.69457626,1.3758433,-0.97285277,0.024263501,0.23014921,0
-0.98289573,1.3526759,1.9289062,-0.97285277,0.024263501,0.23014921,0
-1.886562,-1.4768312,-1.1298221,-0.97285277,0.024263501,0.23014921,0
-1.7149537,-1.9982402,-2.6769357,-0.18083054,-0.70031577,-0.69054902,0
0.74007344,-1.5590509,-2.5382967,0.97285277,-0.024263501,-0.23014921,0
-1.9045424,0.10837269,-2.1136951,-0.97285277,0.024263501,0.23014921,0
1.1577163,1.4191264,3.4426928,0.18083054,0.70031577,0.69054902,0
0.46733573,-3.2980471,-1.6858461,-0.18083054,-0.70031577,-0.69054902,0
-1.1167386,-0.45229793,-3.3556764,-0.14442194,0.71342057,-0.68569177,0
-1.7093681,-2.4350219,-1.0864758,-0.97285277,0.024263501,0.23014921,0
-1.3337917,-3.7654238,-0.73613262,0.14442194,-0.71342057,0.68569177,0
1.7364802,2.4774642,2.3143916,0.18083054,0.70031577,0.69054902,0
1.6859047,1.3719143,0.37113309,0.97285277,-0.024263501,-0.23014921,0
-0.71696496,3.6332612,0.97130919,-0.14442194,0.71342057,-0.68569177,0
0.96102011,-2.1785045,-3.0121453,0.97285277,-0.024263501,-0.23014921,0
0.62223542,-1.6527977,-3.2633309,0.97285277,-0.024263501,-0.23014921,0
-1.8952205,-1.2849934,-3.3756456,-0.18083054,-0.70031577,-0.69054902,0
1.3659006,1.884057,-0.56345809,0.97285277,-0.024263501,-0.23014921,0
-0.80432636,3.8497789,1.5744524,0.18083054,0.70031577,0.69054902,0
1.1285137,-1.5815445,-1.0143399,0.97285277,-0.024263501,-0.23014921,0
1.3658566,2.0513463,-1.3507779,-0.14442194,0.71342057,-0.68569177,0
0.93777847,2.0628538,2.5649238,0.18083054,0.70031577,0.69054902,0
-0.37714922,-2.0908625,0.61373389,0.14442194,-0.71342057,0.68569177,0
0.18112743,-1.6367731,-3.3798418,-0.18083054,-0.70031577,-0.69054902,0
-1.7525674,-1.1784574,-1.1395063,-0.97285277,0.024263501,0.23014921,0
0.5023042,-3.4844475,-0.95269465,0.14442194,-0.71342057,0.68569177,0
0.37121129,0.78192961,3.4107001,0.14442194,-0.71342057,0.68569177,0
1.6849258,2.0099602,0.14096868,0.97285277,-0.024263501,-0.23014921,0
-1.4588747,-2.9396849,-1.7311404,-0.18083054,-0.70031577,-0.69054902,0
-0.13884783,0.51966321,3.6459904,0.14442194,-0.71342057,0.68569177,0
-1.1116368,1.2734709,-1.1072834,-0.14442194,0.71342057,-0.68569177,0
1.2629821,-1.3523439,-0.47287869,0.97285277,-0.024263501,-0.23014921,0
-2.0073748,0.48350263,-1.5164214,-0.97285277,0.024263501,0.23014921,0
1.2562819,-1.0531492,-1.2167013,0.97285277,-0.024263501,-0.23014921,0
-2.309623,-1.0047446,-3.3300185,-0.14442194,0.71342057,-0.68569177,0
-2.0068688,-2.4285817,-1.7012107,-0.97285277,0.024263501,0.23014921,0
-1.7952834,-3.0518904,-1.3753192,-0.18083054,-0.70031577,-0.69054902,0
-1.120155,2.6618171,1.1658821,-0.97285277,0.024263501,0.23014921,0
-1.572793,-2.5714717,-0.25232005,-0.97285277,0.024263501,0.23014921,0
0.068102181,3.6196885,1.2551956,0.18083054,0.70031577,0.69054902,0
2.1845798,0.80993378,2.1846097,0.97285277,-0.024263501,-0.23014921,0
1.0821813,-1.957054,-2.6051197,0.97285277,-0.024263501,-0.23014921,0
1.3726206,2.012264,2.7006657,0.18083054,0.70031577,0.69054902,0
0.76176083,2.574316,2.3938642,0.18083054,0.70031577,0.69054902,0
-0.40524375,2.1285284,3.1214008,0.18083054,0.70031577,0.69054902,0
-1.6924326,0.53993356,-0.064147949,-0.97285277,0.024263501,0.23014921,0
0.49667299,-2.7002709,-2.6514683,-0.18083054,-0.70031577,-0.69054902,0
1.1783102,0.21901953,3.1704116,0.14442194,-0.71342057,0.68569177,0
0.56229615,-3.9698522,-1.0487638,0.14442194,-0.71342057,0.68569177,0
1.5557716,1.6997669,2.6982009,0.18083054,0.70031577,0.69054902,0
1.2364582,0.50896579,-1.5040705,0.97285277,-0.024263501,-0.23014921,0
2.099061,0.24820256,2.8078461,0.14442194,-0.71342057,0.68569177,0
0.27707005,-2.4776649,0.37307608,0.14442194,-0.71342057,0.68569177,0
0.82374281,-3.7149918,-1.6926556,-0.18083054,-0.70031577,-0.69054902,0
-1.5805856,-2.865443,-1.6294484,-0.18083054,-0.70031577,-0.69054902,0
2.0128934,1.9979957,1.166163,0.97285277,-0.024263501,-0.23014921,0
-0.78313947,0.26611865,-2.4196727,-0.14442194,0.71342057,-0.68569177,0
1.0794201,1.0143,-1.7297218,0.97285277,-0.024263501,-0.23014921,0
-0.4793303,-0.058291823,3.0035195,0.14442194,-0.71342057,0.68569177,0
-1.3137987,-2.3620596,0.84206736,0.14442194,-0.71342057,0.68569177,0
-0.19337535,0.59719646,3.442749,0.14442194,-0.71342057,0.68569177,0
1.4144038,2.0357721,-0.45983213,0.97285277,-0.024263501,-0.23014921,0
-1.0174493,3.4951775,1.8652129,0.18083054,0.70031577,0.69054902,0
-0.59040195,-2.595109,-2.1447277,-0.18083054,-0.70031577,-0.69054902,0
1.8853774,-0.46061158,1.6235009,0.97285277,-0.024263501,-0.23014921,0
-1.6864564,0.90453506,-1.7277679,-0.14442194,0.71342057,-0.68569177,0
-1.0605561,0.58276939,2.1971641,-0.97285277,0.024263501,0.23014921,0
1.4974254,0.4078064,0.2605848,0.97285277,-0.024263501,-0.23014921,0
1.8543367,1.2668788,3.1353424,0.18083054,0.70031577,0.69054902,0
0.99748874,-1.6508594,-2.4592443,0.97285277,-0.024263501,-0.23014921,0
0.06594348,-0.60446215,2.1922345,0.14442194,-0.71342057,0.68569177,0
0.18274379,2.5891864,2.2614684,0.18083054,0.70031577,0.69054902,0
-0.069694281,2.6285629,2.4434292,0.18083054,0.70031577,0.69054902,0
-0.94174218,-1.6577528,1.3850743,0.14442194,-0.71342057,0.68569177,0
1.9352074,-0.024080038,1.1995156,0.97285277,-0.024263501,-0.23014921,0
1.3162405,-0.25296497,2.1623807,0.14442194,-0.71342057,0.68569177,0
-1.8031702,-2.1241174,-1.03106,-0.97285277,0.024263501,0.23014921,0
2.1642315,1.9628375,2.4076097,0.18083054,0.70031577,0.69054902,0
1.2705996,-2.769949,-1.1802437,0.97285277,-0.024263501,-0.23014921,0
1.9524915,0.033557177,2.6207848,0.14442194,-0.71342057,0.68569177,0
-0.097189903,-1.8520464,-2.9445653,-0.18083054,-0.70031577,-0.69054902,0
-0.49433982,-2.1575928,-2.5093505,-0.18083054,-0.70031577,-0.69054902,0
1.213991,1.6198386,-1.2625682,0.97285277,-0.024263501,-0.23014921,0
-0.079935312,1.3668721,3.4787183,0.18083054,0.70031577,0.69054902,0
0.075704336,-3.0079699,-0.39074564,0.14442194,-0.71342057,0.68569177,0
1.5485468,-1.6202565,-0.49367344,0.97285277,-0.024263501,-0.23014921,0
0.95657635,-2.8589528,0.014643192,0.14442194,-0.71342057,0.68569177,0
0.55387068,0.58891523,-2.462656,-0.14442194,0.71342057,-0.68569177,0
1.2426848,3.4078584,0.19580173,-0.14442194,0.71342057,-0.68569177,0
-0.60714793,3.2794073,0.59633493,-0.14442194,0.71342057,-0.68569177,0
0.37488651,2.7347071,-0.0086681843,-0.14442194,0.71342057,-0.68569177,0
-0.49358296,-0.90897214,-3.5980997,-0.14442194,0.71342057,-0.68569177,0
1.1360631,-0.69963276,1.9393122,0.14442194,-0.71342057,0.68569177,0
1.659723,2.5831606,-0.13651192,0.97285277,-0.024263501,-0.23014921,0
0.82729697,-2.9715097,-2.488019,-0.18083054,-0.70031577,-0.69054902,0
-0.21644735,1.2424216,-1.5769439,-0.14442194,0.71342057,-0.68569177,0
1.9367198,0.57474005,1.6756585,0.97285277,-0.024263501,-0.23014921,0
-0.77624512,0.86871964,-1.853502,-0.14442194,0.71342057,-0.68569177,0
1.8747333,1.8412629,2.6889269,0.18083054,0.70031577,0.69054902,0
2.0168757,1.2649118,3.0476911,0.18083054,0.70031577,0.69054902,0
0.074061036,2.8497319,2.3729792,0.18083054,0.70031577,0.69054902,0
-1.5503409,1.4864197,0.056790709,-0.97285277,0.024263501,0.23014921,0
-1.1857511,1.8007735,2.1630132,-0.97285277,0.024263501,0.23014921,0
0.22062328,3.4430475,1.6333067,0.18083054,0.70031577,0.69054902,0
1.4011227,0.96815372,-0.60231793,0.97285277,-0.024263501,-0.23014921,0
1.6731225,-0.86680973,1.200382,0.97285277,-0.024263501,-0.23014921,0
0.01006633,3.5461922,1.3661642,0.18083054,0.70031577,0.69054902,0
0.96511221,0.14734507,2.9810166,0.14442194,-0.71342057,0.68569177,0
-0.61484158,1.8830147,3.0454922,0.18083054,0.70031577,0.69054902,0
1.5537966,-2.054975,-0.043247104,0.97285277,-0.024263501,-0.23014921,0
-0.66812229,0.57802093,2.8710718,-0.97285277,0.024263501,0.23014921,0
1.0106359,2.5668271,-0.44928467,-0.14442194,0.71342057,-0.68569177,0
-0.52338696,-2.961128,0.036382914,0.14442194,-0.71342057,0.68569177,0
2.1444631,0.35771883,2.7782011,0.14442194,-0.71342057,0.68569177,0
-1.9008009,-0.40070832,-0.66275805,-0.97285277,0.024263501,0.23014921,0
0.82660997,1.6953447,3.1879234,0.18083054,0.70031577,0.69054902,0
-0.26489866,3.7826514,1.3129907,0.18083054,0.70031577,0.69054902,0
0.48243523,-3.0605977,-0.17226601,0.14442194,-0.71342057,0.68569177,0
-0.99690741,-2.3792355,-2.1376684,-0.18083054,-0.70031577,-0.69054902,0
1.2775718,-0.53297293,-1.8583777,0.97285277,-0.024263501,-0.23014921,0
2.1753652,1.8407972,2.4782276,0.18083054,0.70031577,0.69054902,0
-2.1501424,0.11274338,-1.9367601,-0.97285277,0.024263501,0.23014921,0
-0.088084102,-3.3481882,-0.33416128,0.14442194,-0.71342057,0.68569177,0
0.3871845,2.3248053,-0.8680281,-0.14442194,0.71342057,-0.68569177,0
-1.4728036,-2.4737253,-1.9516766,-0.18083054,-0.70031577,-0.69054902,0
-0.38146734,1.5416108,-1.1780186,-0.14442194,0.71342057,-0.68569177,0
-0.35870743,-0.37540454,2.354773,0.14442194,-0.71342057,0.68569177,0
-1.5011353,-0.64394689,-3.5595617,-0.14442194,0.71342057,-0.68569177,0
-1.0145735,-0.41046202,2.8969588,0.14442194,-0.71342057,0.68569177,0
-0.76320279,-0.84584135,2.0287068,0.14442194,-0.71342057,0.68569177,0
-0.037123539,-3.0701499,-1.7803457,-0.18083054,-0.70031577,-0.69054902,0
-1.1111076,-1.5088763,-3.1536438,-0.18083054,-0.70031577,-0.69054902,0
1.2333435,0.59260297,-2.0828469,0.97285277,-0.024263501,-0.23014921,0
1.1102246,3.4968061,0.55750513,-0.14442194,0.71342057,-0.68569177,0
1.7444117,1.6678331,0.98513377,0.97285277,-0.024263501,-0.23014921,0
0.036911726,1.6135188,3.1806071,0.18083054,0.70031577,0.69054902,0
-0.84463358,0.022794664,-2.5311623,-0.14442194,0.71342057,-0.68569177,0
1.818468,-1.0165261,1.0714084,0.97285277,-0.024263501,-0.23014921,0
-2.0306709,-1.6312542,-2.5969031,-0.18083054,-0.70031577,-0.69054902,0
1.2957786,-0.30507147,-0.67437428,0.97285277,-0.024263501,-0.23014921,0
-1.5636762,-2.9873354,-1.7504649,-0.18083054,-0.70031577,-0.69054902,0
1.5956244,0.34378743,2.9488826,0.14442194,-0.71342057,0.68569177,0
1.2092754,-1.4740767,-1.4280071,0.97285277,-0.024263501,-0.23014921,0
1.6010363,0.57830453,2.9182477,0.14442194,-0.71342057,0.68569177,0
0.10950816,-2.5729446,0.2163316,0.14442194,-0.71342057,0.68569177,0
-1.3851583,1.4325057,0.4645803,-0.97285277,0.024263501,0.23014921,0
2.3053575,1.5022537,2.7003825,0.18083054,0.70031577,0.69054902,0
-1.3479851,-1.8015025,-3.1539657,-0.18083054,-0.70031577,-0.69054902,0
1.1309967,-2.9029045,-0.59965491,0.97285277,-0.024263501,-0.23014921,0
0.45634872,3.6860156,1.0897329,0.18083054,0.70031577,0.69054902,0
0.13569301,3.3694365,1.346319,0.18083054,0.70031577,0.69054902,0
-1.026318,1.4370294,1.5300565,-0.97285277,0.024263501,0.23014921,0
-1.8490962,-0.32607365,-1.2097118,-0.97285277,0.024263501,0.23014921,0
-2.0423315,-2.0780845,-2.4271295,-0.97285277,0.024263501,0.23014921,0
2.1555057,1.814276,2.6905928,0.18083054,0.70031577,0.69054902,0
0.94468117,2.3644555,-0.7113772,-0.14442194,0.71342057,-0.68569177,0
1.9013093,1.7112477,1.5548959,0.97285277,-0.024263501,-0.23014921,0
-1.4638348,-1.3406481,0.59503138,-0.97285277,0.024263501,0.23014921,0
-0.13198566,-2.2700343,-2.7219868,-0.18083054,-0.70031577,-0.69054902,0
1.6418273,2.2868574,2.4322402,0.18083054,0.70031577,0.69054902,0
-0.73549342,0.62374377,3.0630066,-0.97285277,0.024263501,0.23014921,0
-1.4643924,-3.158313,-1.4667346,-0.18083054,-0.70031577,-0.69054902,0
-0.11493993,0.47187769,-2.2376833,-0.14442194,0.71342057,-0.68569177,0
-1.5631654,-1.5645144,-0.081145287,-0.97285277,0.024263501,0.23014921,0
0.80807984,-0.30572814,-2.2839484,0.97285277,-0.024263501,-0.23014921,0
-1.7675147,-0.23039222,-1.2612332,-0.97285277,0.024263501,0.23014921,0
1.185349,1.7799262,2.9104455,0.18083054,0.70031577,0.69054902,0
-1.0783534,1.4458157,1.3293314,-0.97285277,0.024263501,0.23014921,0
-1.8107996,0.6994617,-1.7941167,-0.14442194,0.71342057,-0.68569177,0
1.2140608,0.66946471,3.3743048,0.14442194,-0.71342057,0.68569177,0
-0.61486375,-3.0847151,-0.34281659,0.14442194,-0.71342057,0.68569177,0
-1.724339,-1.6516,-1.3528938,-0.97285277,0.024263501,0.23014921,0
0.99451774,2.242837,-0.84458244,-0.14442194,0.71342057,-0.68569177,0
-0.87555408,0.75730139,2.3254683,-0.97285277,0.024263501,0.23014921,0
0.70979166,-2.4884646,-2.8766055,-0.18083054,-0.70031577,-0.69054902,0
0.017811298,1.3998394,3.7789533,0.18083054,0.70031577,0.69054902,0
0.45153052,-3.9011521,-1.3324428,-0.18083054,-0.70031577,-0.69054902,0
-1.3470241,1.3432362,-1.2057236,-0.14442194,0.71342057,-0.68569177,0
0.21225548,2.5866299,-0.44844067,-0.14442194,0.71342057,-0.68569177,0
-1.0130197,-1.5039694,1.5680399,-0.97285277,0.024263501,0.23014921,0
-0.9266777,-1.4097931,1.3822643,0.14442194,-0.71342057,0.68569177,0
-1.260197,0.36219501,0.75028396,-0.97285277,0.024263501,0.23014921,0
-0.043019921,3.4290698,1.8617654,0.18083054,0.70031577,0.69054902,0
1.0681902,0.022765756,-2.2800832,0.97285277,-0.024263501,-0.23014921,0
0.87950242,-1.5115962,-3.220546,0.97285277,-0.024263501,-0.23014921,0
0.1299417,-3.826426,-0.86371326,0.14442194,-0.71342057,0.68569177,0
-1.3272886,1.8997247,0.26074183,-0.97285277,0.024263501,0.23014921,0
-1.0591969,-0.430242,-3.1539638,-0.14442194,0.71342057,-0.68569177,0
1.1216908,3.5959358,0.73598337,-0.14442194,0.71342057,-0.68569177,0
-1.0871875,-1.3511325,-3.3040442,-0.18083054,-0.70031577,-0.69054902,0
-0.54906702,-0.63170767,-3.6850474,-0.14442194,0.71342057,-0.68569177,0
1.779085,0.036390185,1.6051087,0.97285277,-0.024263501,-0.23014921,0
1.7945436,-0.34313965,0.49756432,0.97285277,-0.024263501,-0.23014921,0
-0.26571906,-3.0441716,-0.087225914,0.14442194,-0.71342057,0.68569177,0
1.2637762,3.5584478,0.53118467,-0.14442194,0.71342057,-0.68569177,0
1.1351761,0.032329082,-2.0333028,0.97285277,-0.024263501,-0.23014921,0
0.88135511,2.3290555,2.3464262,0.18083054,0.70031577,0.69054902,0
-0.70266235,3.1860631,1.7898552,0.18083054,0.70031577,0.69054902,0
1.7954302,0.056994677,0.99040657,0.97285277,-0.024263501,-0.23014921,0
-0.11791849,-2.9395931,0.036826134,0.14442194,-0.71342057,0.68569177,0
-1.4641089,1.3051121,0.10884643,-0.97285277,0.024263501,0.23014921,0
0.42997706,1.2630973,-1.9521762,-0.14442194,0.71342057,-0.68569177,0
-1.3208992,3.7907381,1.1785583,-0.14442194,0.71342057,-0.68569177,0
-0.75677991,3.0815282,0.19252539,-0.14442194,0.71342057,-0.68569177,0
0.30062842,-0.16735139,2.5527554,0.14442194,-0.71342057,0.68569177,0
-0.61215222,3.7938702,1.2893596,0.18083054,0.70031577,0.69054902,0
-0.77069747,-3.0469244,-1.9615188,-0.18083054,-0.70031577,-0.69054902,0
0.075875044,-1.3074485,-4.0112705,-0.18083054,-0.70031577,-0.69054902,0
-0.6684655,3.1143312,0.30804658,-0.14442194,0.71342057,-0.68569177,0
1.4174514,-2.4299383,-0.89516687,0.97285277,-0.024263501,-0.23014921,0
-0.19367123,-0.83732074,2.2814598,0.14442194,-0.71342057,0.68569177,0
0.38766146,0.46150815,-2.3898249,-0.14442194,0.71342057,-0.68569177,0
-2.1623914,-0.50484502,-2.6258154,-0.97285277,0.024263501,0.23014921,0
-0.9750455,-2.8329687,0.44802225,0.14442194,-0.71342057,0.68569177,0
-1.0336182,1.4869509,2.6191742,-0.97285277,0.024263501,0.23014921,0
1.9934367,0.44999385,2.1068168,0.97285277,-0.024263501,-0.23014921,0
-1.8198279,-3.3991215,-1.0251069,-0.18083054,-0.70031577,-0.69054902,0
-0.34946072,2.6777153,2.3158641,0.18083054,0.70031577,0.69054902,0
1.0742627,-2.3582251,-1.4940975,0.97285277,-0.024263501,-0.23014921,0
-1.2875147,2.8423805,1.5531273,-0.97285277,0.024263501,0.23014921,0
1.0768145,-1.2461438,1.3938348,0.14442194,-0.71342057,0.68569177,0
0.85089988,-3.4811416,-1.7299876,-0.18083054,-0.70031577,-0.69054902,0
-1.6559331,-3.6597517,-0.91852212,-0.18083054,-0.70031577,-0.69054902,0
-1.499846,0.0077023506,-2.7403927,-0.14442194,0.71342057,-0.68569177,0
1.0476243,1.1697387,3.8584583,0.14442194,-0.71342057,0.68569177,0
-1.5154487,-2.6160882,0.28217101,-0.97285277,0.024263501,0.23014921,0
1.5915086,-1.7243347,-0.39171839,0.97285277,-0.024263501,-0.23014921,0
0.097326994,-1.2706591,-3.981425,-0.18083054,-0.70031577,-0.69054902,0
-0.92543805,3.8065622,1.0387545,-0.14442194,0.71342057,-0.68569177,0
0.84923738,-3.2806928,-2.0713634,-0.18083054,-0.70031577,-0.69054902,0
-0.23879945,-1.6735919,-3.1972234,-0.18083054,-0.70031577,-0.69054902,0
1.5225266,-1.5859184,0.67196608,0.97285277,-0.024263501,-0.23014921,0
-1.0076759,-1.892626,-2.9384778,-0.18083054,-0.70031577,-0.69054902,0
-0.23024829,-3.2140777,-1.7157321,-0.18083054,-0.70031577,-0.69054902,0
-1.9286208,0.42310548,-2.3089042,-0.14442194,0.71342057,-0.68569177,0
0.15820336,1.669945,3.42731,0.18083054,0.70031577,0.69054902,0
0.29761577,-1.196553,1.7827475,0.14442194,-0.71342057,0.68569177,0
-0.084635258,1.9534593,3.1233251,0.18083054,0.70031577,0.69054902,0
-1.9059154,-0.66656971,-0.96963882,-0.97285277,0.024263501,0.23014921,0
-1.9317685,-2.6529675,-0.70907688,-0.97285277,0.024263501,0.23014921,0
-1.7612876,-1.7509531,-2.709837,-0.18083054,-0.70031577,-0.69054902,0
0.19026136,-1.883215,-3.0736732,-0.18083054,-0.70031577,-0.69054902,0
1.3569471,-0.44665802,-1.2118012,0.97285277,-0.024263501,-0.23014921,0
0.17199636,2.184062,-0.57077062,-0.14442194,0.71342057,-0.68569177,0
0.0088465214,0.17517975,-2.9866133,-0.14442194,0.71342057,-0.68569177,0
0.35763633,-2.0267589,0.94948339,0.14442194,-0.71342057,0.68569177,0
0.77160263,2.0879757,-0.71818584,-0.14442194,0.71342057,-0.68569177,0
0.49629831,-0.63503271,-3.4261968,-0.14442194,0.71342057,-0.68569177,0
-1.8248131,-1.7596893,-2.5738771,-0.18083054,-0.70031577,-0.69054902,0
-1.8330234,-2.7253242,-0.15444636,-0.97285277,0.024263501,0.23014921,0
-0.60605502,-1.0761976,-3.9134731,-0.18083054,-0.70031577,-0.69054902,0
-0.21784616,1.4749393,-1.5503443,-0.14442194,0.71342057,-0.68569177,0
1.442102,-1.7607561,0.29697239,0.97285277,-0.024263501,-0.23014921,0
0.92124581,1.7455434,-1.4968174,-0.14442194,0.71342057,-0.68569177,0
-1.9017131,0.090044856,-0.81915456,-0.97285277,0.024263501,0.23014921,0
-1.6653074,-0.9751398,0.05908674,-0.97285277,0.024263501,0.23014921,0
-0.3089419,3.1164141,1.7487102,0.18083054,0.70031577,0.69054902,0
1.1132329,3.567914,0.83908796,-0.14442194,0.71342057,-0.68569177,0
-0.25447667,2.2055874,3.0410242,0.18083054,0.70031577,0.69054902,0
-1.2886258,-3.529783,-0.3650074,0.14442194,-0.71342057,0.68569177,0
1.2621497,1.8601065,-1.2914841,-0.14442194,0.71342057,-0.68569177,0
1.7481852,-0.91243887,1.5888108,0.14442194,-0.71342057,0.68569177,0
-1.0888656,-2.3752396,0.68718702,0.14442194,-0.71342057,0.68569177,0
1.2918355,3.8487864,1.0477746,0.18083054,0.70031577,0.69054902,0
-1.5303696,1.6748397,0.59136772,-0.97285277,0.024263501,0.23014921,0
-1.3761665,2.3109927,-0.25757253,-0.14442194,0.71342057,-0.68569177,0
0.42297196,-0.29934677,-3.3460786,-0.14442194,0.71342057,-0.68569177,0
0.95971847,-2.7802584,-0.01260376,0.14442194,-0.71342057,0.68569177,0
1.4508429,-3.0423822,-0.88233423,0.97285277,-0.024263501,-0.23014921,0
1.3594208,1.4588774,3.0516772,0.18083054,0.70031577,0.69054902,0
1.8910649,2.2282653,2.3322248,0.18083054,0.70031577,0.69054902,0
1.8816247,-0.49468768,1.1138055,0.97285277,-0.024263501,-0.23014921,0
1.1742054,1.5845615,2.8700161,0.18083054,0.70031577,0.69054902,0
-0.3804493,1.4839463,3.9440756,0.18083054,0.70031577,0.69054902,0
1.9534791,0.9159236,2.0907927,0.97285277,-0.024263501,-0.23014921,0
0.14968979,-2.3884032,-2.8685668,-0.18083054,-0.70031577,-0.69054902,0
-0.64264274,-0.97629666,-3.8454106,-0.14442194,0.71342057,-0.68569177,0
0.62249827,-0.80803472,-3.6177227,-0.14442194,0.71342057,-0.68569177,0
0.85983157,1.647486,3.3916888,0.18083054,0.70031577,0.69054902,0
1.1413209,1.7402508,-1.1155119,0.97285277,-0.024263501,-0.23014921,0
-1.7468915,-1.0917437,-3.3952975,-0.18083054,-0.70031577,-0.69054902,0
1.7443011,3.3627698,0.91428542,0.18083054,0.70031577,0.69054902,0
-2.1315567,-1.1055843,-3.0712125,-0.97285277,0.024263501,0.23014921,0
0.71834111,-0.12461895,-3.3628159,-0.14442194,0.71342057,-0.68569177,0
1.7044805,-1.0514388,1.107349,0.97285277,-0.024263501,-0.23014921,0
0.28793454,3.8137059,1.3245444,0.18083054,0.70031577,0.69054902,0
0.94815457,3.543695,0.62630677,-0.14442194,0.71342057,-0.68569177,0
-0.45066619,-3.6562443,-1.1291904,-0.18083054,-0.70031577,-0.69054902,0
-1.1593844,0.91683054,2.2665586,-0.97285277,0.024263501,0.23014921,0
1.3214235,2.2916772,-0.7876541,0.97285277,-0.024263501,-0.23014921,0
-1.2808352,1.0803668,-1.632091,-0.14442194,0.71342057,-0.68569177,0
-0.13095045,-0.42660776,-3.5664909,-0.14442194,0.71342057,-0.68569177,0
-0.71544611,2.8335481,2.4227419,-0.97285277,0.024263501,0.23014921,0
1.5675834,2.1004016,-0.46665353,0.97285277,-0.024263501,-0.23014921,0
-1.3089736,-1.0404019,-3.7436891,-0.18083054,-0.70031577,-0.69054902,0
1.4957092,3.5386071,1.2667968,0.18083054,0.70031577,0.69054902,0
-1.1202083,-0.87662005,-3.3647478,-0.14442194,0.71342057,-0.68569177,0
0.24864364,0.10427348,-2.6184621,-0.14442194,0.71342057,-0.68569177,0
0.82109058,-1.8303993,0.89617664,0.14442194,-0.71342057,0.68569177,0
-1.4476969,-1.958752,-2.9480388,-0.18083054,-0.70031577,-0.69054902,0
-1.7449015,-2.3199875,-0.35647345,-0.97285277,0.024263501,0.23014921,0
1.0835531,-1.2073864,-2.1537063,0.97285277,-0.024263501,-0.23014921,0
0.06325984,-0.60494709,-3.641264,-0.14442194,0.71342057,-0.68569177,0
1.1973884,2.5714102,-0.72761834,-0.14442194,0.71342057,-0.68569177,0
-1.4866233,-3.6124265,-1.208076,-0.18083054,-0.70031577,-0.69054902,0
2.3936212,0.76865673,3.3971982,0.14442194,-0.71342057,0.68569177,0
-0.79051542,-3.8107862,-0.82816625,0.14442194,-0.71342057,0.68569177,0
0.78054929,1.2347528,3.7427084,0.18083054,0.70031577,0.69054902,0
0.26011062,0.98804045,3.9610658,0.18083054,0.70031577,0.69054902,0
1.3707428,1.2874091,3.1531005,0.18083054,0.70031577,0.69054902,0
-2.4143658,-0.83683085,-2.8880882,-0.97285277,0.024263501,0.23014921,0
0.35616446,-1.9666139,-2.9092095,-0.18083054,-0.70031577,-0.69054902,0
1.7202003,2.1291223,1.1960192,0.97285277,-0.024263501,-0.23014921,0
-1.8540225,-0.062245965,-2.7128153,-0.14442194,0.71342057,-0.68569177,0
0.31133375,-3.3601189,-1.6622772,-0.18083054,-0.70031577,-0.69054902,0
-1.3161967,1.9979929,0.7400887,-0.97285277,0.024263501,0.23014921,0
0.86370736,3.7412257,0.93539762,-0.14442194,0.71342057,-0.68569177,0
-0.40005398,0.038928092,-2.7448807,-0.14442194,0.71342057,-0.68569177,0
1.1589867,-3.3019717,-1.9663815,-0.18083054,-0.70031577,-0.69054902,0
-1.2261549,1.3057796,-1.3394122,-0.14442194,0.71342057,-0.68569177,0
0.429847,1.1153476,3.6524923,0.18083054,0.70031577,0.69054902,0
-0.90276861,1.8441852,-0.86113107,-0.14442194,0.71342057,-0.68569177,0
-2.0556221,-0.24726295,-1.7023449,-0.97285277,0.024263501,0.23014921,0
-1.7781483,-1.4571182,-0.83398187,-0.97285277,0.024263501,0.23014921,0
1.0143749,-3.1966052,-1.8915622,-0.18083054,-0.70031577,-0.69054902,0
1.8675294,1.8959458,0.41635859,0.97285277,-0.024263501,-0.23014921,0
-1.521242,0.32114494,0.77100247,-0.97285277,0.024263501,0.23014921,0
0.13685513,0.000628829,-2.8214359,-0.14442194,0.71342057,-0.68569177,0
0.15673876,1.521215,-1.400476,-0.14442194,0.71342057,-0.68569177,0
-0.14331526,2.9492741,2.4041607,0.18083054,0.70031577,0.69054902,0
1.1360765,-0.61772323,-2.2025788,0.97285277,-0.024263501,-0.23014921,0
0.63292748,2.9980688,0.24920869,-0.14442194,0.71342057,-0.68569177,0
-0.58562267,2.9389729,2.3518898,0.18083054,0.70031577,0.69054902,0
-2.1847336,-1.5186068,-2.1193159,-0.97285277,0.024263501,0.23014921,0
-0.6452232,-2.3460631,-2.4420331,-0.18083054,-0.70031577,-0.69054902,0
-0.062182188,0.46388769,3.5942731,0.14442194,-0.71342057,0.68569177,0
-0.22117364,-2.4176331,-2.6625211,-0.18083054,-0.70031577,-0.69054902,0
-0.088487685,3.6053834,1.6205525,0.18083054,0.70031577,0.69054902,0
1.8408185,2.8095508,1.9579911,0.18083054,0.70031577,0.69054902,0
0.022835821,-3.3230884,-1.6553214,-0.18083054,-0.70031577,-0.69054902,0
1.5420587,-1.709796,0.6299575,0.97285277,-0.024263501,-0.23014921,0
-1.5986814,-3.5830481,-0.64498472,0.14442194,-0.71342057,0.68569177,0
1.0825371,2.3967388,2.442817,0.18083054,0.70031577,0.69054902,0
-1.2052135,-0.73068297,-3.6027253,-0.14442194,0.71342057,-0.68569177,0
-0.77168202,-3.8579483,-0.97773027,0.14442194,-0.71342057,0.68569177,0
-0.092598081,-2.7508116,-2.4839625,-0.18083054,-0.70031577,-0.69054902,0
1.5477686,4.0397735,0.7341857,-0.14442194,0.71342057,-0.68569177,0
0.023361742,-3.5033889,-1.4570405,-0.18083054,-0.70031577,-0.69054902,0
0.89913726,-3.2431252,-0.64783835,0.14442194,-0.71342057,0.68569177,0
-1.525782,-2.23911,-2.3876672,-0.18083054,-0.70031577,-0.69054902,0
2.1136706,1.3951488,3.0268435,0.18083054,0.70031577,0.69054902,0
-0.6376996,-1.949984,-2.7479274,-0.18083054,-0.70031577,-0.69054902,0
-1.0848281,-0.2451784,2.2041302,-0.97285277,0.024263501,0.23014921,0
1.9652715,0.39537847,2.9323959,0.14442194,-0.71342057,0.68569177,0
1.0974078,-0.6405195,1.9715093,0.14442194,-0.71342057,0.68569177,0
0.07874167,-3.5953243,-1.356365,-0.18083054,-0.70031577,-0.69054902,0
-1.8066339,-3.593101,-0.94569373,-0.97285277,0.024263501,0.23014921,0
1.3971119,-1.4060206,-0.45755136,0.97285277,-0.024263501,-0.23014921,0
-1.3217564,-3.7262492,-0.40676856,0.14442194,-0.71342057,0.68569177,0
1.4316902,3.1362829,0.26050019,-0.14442194,0.71342057,-0.68569177,0
0.75446486,-0.53764296,2.3341269,0.14442194,-0.71342057,0.68569177,0
-1.882099,-3.4363208,-1.1818981,-0.18083054,-0.70031577,-0.69054902,0
0.42953336,-2.1320329,-2.9693804,-0.18083054,-0.70031577,-0.69054902,0
0.81947851,1.6990836,3.3478415,0.18083054,0.70031577,0.69054902,0
1.5629504,3.5686481,0.56799603,-0.14442194,0.71342057,-0.68569177,0
1.5925045,2.6342998,0.78792119,0.97285277,-0.024263501,-0.23014921,0
-1.9947939,-0.84331262,-1.3804731,-0.97285277,0.024263501,0.23014921,0
-0.33969617,-2.2623861,0.70619762,0.14442194,-0.71342057,0.68569177,0
-0.23650527,1.2863653,3.9685643,0.18083054,0.70031577,0.69054902,0
-0.64426041,-0.076748431,2.9746008,0.14442194,-0.71342057,0.68569177,0
-1.9068704,-1.0740665,-3.2525637,-0.18083054,-0.70031577,-0.69054902,0
0.13212991,-2.6936369,0.029067516,0.14442194,-0.71342057,0.68569177,0
1.3207685,1.4814037,-0.5958581,0.97285277,-0.024263501,-0.23014921,0
0.072492361,-3.9537344,-1.1069622,-0.18083054,-0.70031577,-0.69054902,0
-0.49280572,-1.4385428,-3.2082934,-0.18083054,-0.70031577,-0.69054902,0
-0.87031174,-4.0404282,-0.92550087,0.14442194,-0.71342057,0.68569177,0
-0.65724671,-3.2949212,-1.7139165,-0.18083054,-0.70031577,-0.69054902,0
1.4106072,-0.61741984,-1.0786489,0.97285277,-0.024263501,-0.23014921,0
-1.6825435,-2.8107619,0.08343029,-0.97285277,0.024263501,0.23014921,0
-2.1907949,-1.2326227,-2.656173,-0.97285277,0.024263501,0.23014921,0
1.4427925,0.21565676,-0.99073046,0.97285277,-0.024263501,-0.23014921,0
-1.2566793,2.3196025,0.019193172,-0.14442194,0.71342057,-0.68569177,0
0.23650077,-3.4333065,-1.6857491,-0.18083054,-0.70031577,-0.69054902,0
0.75931644,2.3418422,2.2769043,0.18083054,0.70031577,0.69054902,0
1.0881001,2.0776267,2.8597631,0.18083054,0.70031577,0.69054902,0
1.9592185,0.91919994,3.552978,0.18083054,0.70031577,0.69054902,0
1.1488678,-1.238801,-1.6992979,0.97285277,-0.024263501,-0.23014921,0
2.1929984,1.7831231,1.912025,0.97285277,-0.024263501,-0.23014921,0
-0.97674024,3.1055424,0.53561211,-0.14442194,0.71342057,-0.68569177,0
0.08131814,-2.6150239,-2.6691651,-0.18083054,-0.70031577,-0.69054902,0
