0.75647783,0.73310208,-3.2254839,-0.24454218,0.67149591,-0.6994943,0
4.1594248,-1.2131391,0.037837982,0.9610526,0.072061807,-0.26680505,0
3.5572205,2.2292304,-1.9235933,0.9610526,0.072061807,-0.26680505,0
0.46609437,2.2684116,-1.534381,-0.24454218,0.67149591,-0.6994943,0
3.9257936,0.37590992,-0.88479161,0.9610526,0.072061807,-0.26680505,0
0.9016012,-0.93782169,2.1609578,0.24454218,-0.67149591,0.6994943,0
1.2070532,-1.6152747,1.3669938,0.24454218,-0.67149591,0.6994943,0
-2.7564707,0.40712613,2.4985163,0.12875164,0.73749596,0.66296506,0
4.3509569,-2.280998,-0.51994419,0.9610526,0.072061807,-0.26680505,0
-3.3643649,-1.561177,2.8626587,-0.9610526,-0.072061807,0.26680505,0
-3.41008,-1.6070719,2.6862392,-0.9610526,-0.072061807,0.26680505,0
-3.6593213,-1.9565283,1.8189201,-0.9610526,-0.072061807,0.26680505,0
0.1443435,-1.9646763,-0.18059695,-0.12875164,-0.73749596,-0.66296506,0
1.6282715,-0.32268113,-2.1696939,-0.12875164,-0.73749596,-0.66296506,0
-2.2825081,-0.13573551,-1.775877,-0.12875164,-0.73749596,-0.66296506,0
-2.6178446,2.6813512,-0.34033203,-0.24454218,0.67149591,-0.6994943,0
-2.0209627,1.7734845,-1.4283985,-0.24454218,0.67149591,-0.6994943,0
0.79084682,1.3975905,-2.5640898,-0.24454218,0.67149591,-0.6994943,0
4.4575648,0.16572475,1.1734574,0.9610526,0.072061807,-0.26680505,0
-1.7842394,2.1743419,-0.96668273,-0.24454218,0.67149591,-0.6994943,0
-2.645931,-0.39200172,3.4730918,0.12875164,0.73749596,0.66296506,0
0.58606219,-1.8364316,-0.153179,-0.12875164,-0.73749596,-0.66296506,0
3.0589986,0.5852809,0.77566111,0.12875164,0.73749596,0.66296506,0
4.3181801,0.28807282,0.89466548,0.9610526,0.072061807,-0.26680505,0
0.33261773,2.035238,-0.013589621,0.12875164,0.73749596,0.66296506,0
4.0860162,0.24211764,0.036617041,0.9610526,0.072061807,-0.26680505,0
3.7269764,0.77697814,-1.7743344,0.9610526,0.072061807,-0.26680505,0
-3.5609913,1.9115434,-0.50362873,-0.24454218,0.67149591,-0.6994943,0
-1.6776214,-2.7566853,1.5266166,0.24454218,-0.67149591,0.6994943,0
3.9275799,0.98150575,-0.89879036,0.9610526,0.072061807,-0.26680505,0
-3.7192426,-2.0510826,0.94281912,-0.12875164,-0.73749596,-0.66296506,0
4.269999,0.14800417,0.7044661,0.9610526,0.072061807,-0.26680505,0
1.0241827,-1.4724294,1.7603916,0.24454218,-0.67149591,0.6994943,0
-3.7800272,-0.51402533,1.2218366,-0.9610526,-0.072061807,0.26680505,0
3.7560377,2.0677853,-0.90729809,0.9610526,0.072061807,-0.26680505,0
-3.9177744,-0.42672288,0.13699722,-0.9610526,-0.072061807,0.26680505,0
-2.7136619,1.2721426,1.5094275,0.12875164,0.73749596,0.66296506,0
-0.84761059,2.0634151,0.22754827,0.12875164,0.73749596,0.66296506,0
2.0540104,0.43710715,-3.2522535,-0.12875164,-0.73749596,-0.66296506,0
0.10062349,-2.8541844,0.79584908,-0.12875164,-0.73749596,-0.66296506,0
-2.8631577,2.6103914,-0.093019724,-0.24454218,0.67149591,-0.6994943,0
4.3736076,0.065774322,0.86554551,0.9610526,0.072061807,-0.26680505,0
-1.5527329,-1.260365,2.6724949,0.24454218,-0.67149591,0.6994943,0
0.20681334,-1.2374926,2.4963803,0.24454218,-0.67149591,0.6994943,0
-2.3318467,-2.6693149,1.2301912,-0.12875164,-0.73749596,-0.66296506,0
2.5608664,-2.1886575,-0.45855451,-0.12875164,-0.73749596,-0.66296506,0
-1.5989454,2.3219049,-1.006093,-0.24454218,0.67149591,-0.6994943,0
4.1358352,-0.69278884,-0.41878581,0.9610526,0.072061807,-0.26680505,0
2.0335789,-0.96831596,-1.6917511,-0.12875164,-0.73749596,-0.66296506,0
3.4131007,0.0093739033,-2.165235,0.9610526,0.072061807,-0.26680505,0
-2.2918308,0.70943433,-2.0461006,-0.24454218,0.67149591,-0.6994943,0
-2.6712177,1.0264872,-1.9331572,-0.24454218,0.67149591,-0.6994943,0
-4.320931,1.7403636,0.014974594,-0.9610526,-0.072061807,0.26680505,0
3.6176043,-0.21003294,-2.1839983,0.9610526,0.072061807,-0.26680505,0
-4.2599702,1.4084939,0.44362903,-0.9610526,-0.072061807,0.26680505,0
-2.5638449,-2.3708196,0.79283118,-0.12875164,-0.73749596,-0.66296506,0
4.2318435,0.64927363,0.87595797,0.12875164,0.73749596,0.66296506,0
0.030708075,1.4832845,-2.3398647,-0.24454218,0.67149591,-0.6994943,0
1.5091941,2.2110782,-1.7852051,-0.24454218,0.67149591,-0.6994943,0
0.92542982,-0.11745659,-2.3462968,-0.12875164,-0.73749596,-0.66296506,0
0.61695194,-1.8825767,1.6214503,0.24454218,-0.67149591,0.6994943,0
-0.10260487,-0.094406605,2.2405713,0.12875164,0.73749596,0.66296506,0
-2.1148376,2.1889544,-0.91084671,-0.24454218,0.67149591,-0.6994943,0
-1.5868673,-1.4757476,2.6066818,0.24454218,-0.67149591,0.6994943,0
3.9696033,-0.61547184,-0.31602359,0.9610526,0.072061807,-0.26680505,0
3.7997222,-0.31048411,-1.3940389,0.9610526,0.072061807,-0.26680505,0
3.7996182,-0.048549652,-1.1995893,0.9610526,0.072061807,-0.26680505,0
2.5987916,-0.77205455,1.8807836,0.24454218,-0.67149591,0.6994943,0
-4.2580128,1.9992722,-0.12075114,-0.9610526,-0.072061807,0.26680505,0
4.4773903,-0.91670287,1.3421428,0.24454218,-0.67149591,0.6994943,0
1.7086626,2.9674597,-1.571593,-0.24454218,0.67149591,-0.6994943,0
-2.395313,-1.7593577,2.9423592,0.24454218,-0.67149591,0.6994943,0
-0.73241109,0.48088586,1.5838259,0.12875164,0.73749596,0.66296506,0
-0.42974555,-1.6658455,2.2389381,0.24454218,-0.67149591,0.6994943,0
-2.0137973,-0.72638929,-1.2715905,-0.12875164,-0.73749596,-0.66296506,0
-3.6135111,-2.4214349,1.9831996,-0.9610526,-0.072061807,0.26680505,0
-3.8237543,-0.2781682,1.0021403,-0.9610526,-0.072061807,0.26680505,0
-3.3873465,-2.602879,1.388536,-0.9610526,-0.072061807,0.26680505,0
-3.7577186,-0.34732795,1.1907184,-0.9610526,-0.072061807,0.26680505,0
-1.9941684,-0.27022004,-1.7675194,-0.12875164,-0.73749596,-0.66296506,0
-2.1033368,2.4214389,-0.29135168,-0.24454218,0.67149591,-0.6994943,0
2.0885682,2.5426252,-1.0982602,0.12875164,0.73749596,0.66296506,0
0.55354923,1.8387029,0.39513671,0.12875164,0.73749596,0.66296506,0
3.3977356,1.2469893,-2.0343199,0.9610526,0.072061807,-0.26680505,0
4.6717324,-0.13670444,1.2334251,0.9610526,0.072061807,-0.26680505,0
3.0742524,-0.18830311,-2.8737235,-0.12875164,-0.73749596,-0.66296506,0
4.6969423,-0.33611512,1.481946,0.9610526,0.072061807,-0.26680505,0
-0.96835637,2.6298387,-0.3075884,0.12875164,0.73749596,0.66296506,0
-2.8757095,1.7675862,-0.91276693,-0.24454218,0.67149591,-0.6994943,0
-3.5643997,-0.032008708,1.8226647,-0.9610526,-0.072061807,0.26680505,0
-0.4513877,2.0032921,-0.097257465,0.12875164,0.73749596,0.66296506,0
3.9719357,-0.12676346,-0.10836267,0.9610526,0.072061807,-0.26680505,0
-2.6491804,-1.1859328,3.6127646,0.24454218,-0.67149591,0.6994943,0
1.7535601,-0.95109248,-1.252525,-0.12875164,-0.73749596,-0.66296506,0
-1.7524967,-2.7672558,1.7932718,0.24454218,-0.67149591,0.6994943,0
-4.2435474,1.5155138,-0.48081374,-0.24454218,0.67149591,-0.6994943,0
-2.4821539,-2.7773824,1.0236707,-0.12875164,-0.73749596,-0.66296506,0
2.451174,-1.9465919,1.0691866,0.24454218,-0.67149591,0.6994943,0
0.77667761,-0.16722584,2.0499685,0.12875164,0.73749596,0.66296506,0
-4.2573171,0.68482047,0.4801569,-0.9610526,-0.072061807,0.26680505,0
-0.30872977,1.474112,-1.9910641,-0.24454218,0.67149591,-0.6994943,0
3.0132325,-1.162214,1.4643885,0.24454218,-0.67149591,0.6994943,0
-3.8371646,-0.38264859,1.7401023,-0.9610526,-0.072061807,0.26680505,0
3.3799603,2.2639132,-1.6729479,0.9610526,0.072061807,-0.26680505,0
2.4540875,0.74618411,-3.3544176,-0.12875164,-0.73749596,-0.66296506,0
3.6537416,0.92226624,-0.88898206,0.9610526,0.072061807,-0.26680505,0
-0.53994024,-2.2428842,0.2838794,-0.12875164,-0.73749596,-0.66296506,0
-2.6239753,-2.1320667,2.4162238,0.24454218,-0.67149591,0.6994943,0
-0.38074821,-1.8608794,-0.2157253,-0.12875164,-0.73749596,-0.66296506,0
-0.56191063,1.3434048,0.64751315,0.12875164,0.73749596,0.66296506,0
-3.7740142,2.1851444,-0.35118699,-0.24454218,0.67149591,-0.6994943,0
-2.6569719,0.96540046,-1.5881463,-0.24454218,0.67149591,-0.6994943,0
-0.93654549,1.7355633,-1.3323239,-0.24454218,0.67149591,-0.6994943,0
-2.6761205,0.83725142,1.9479516,0.12875164,0.73749596,0.66296506,0
3.9920132,0.20008516,-0.16318703,0.9610526,0.072061807,-0.26680505,0
0.42289186,-2.3196764,1.1323652,0.24454218,-0.67149591,0.6994943,0
-3.8284152,-0.046845198,1.0609608,-0.9610526,-0.072061807,0.26680505,0
3.5099931,-0.0025770068,-2.8646667,0.9610526,0.072061807,-0.26680505,0
-3.6194119,-0.22027791,1.6146309,-0.9610526,-0.072061807,0.26680505,0
-3.0810206,-0.95461035,3.9112189,0.24454218,-0.67149591,0.6994943,0
-4.0540414,-1.0425103,-0.06678772,-0.9610526,-0.072061807,0.26680505,0
-3.3978174,-0.22962499,-1.4563434,-0.12875164,-0.73749596,-0.66296506,0
1.5094482,0.76487148,1.1197498,0.12875164,0.73749596,0.66296506,0
3.6985373,-0.77512592,-1.8305242,0.9610526,0.072061807,-0.26680505,0
-0.26262379,1.9559162,-1.5256541,-0.24454218,0.67149591,-0.6994943,0
-4.0933509,0.27255464,-1.9154921,-0.24454218,0.67149591,-0.6994943,0
-3.4829016,0.50676924,2.2490215,-0.9610526,-0.072061807,0.26680505,0
-3.4229691,2.4402342,0.26822221,0.12875164,0.73749596,0.66296506,0
-3.467068,1.583076,1.2360735,0.12875164,0.73749596,0.66296506,0
3.9210851,-1.9443368,0.47864377,0.24454218,-0.67149591,0.6994943,0
-4.137188,0.57740653,0.45206976,-0.9610526,-0.072061807,0.26680505,0
2.519176,0.85564137,0.69127166,0.12875164,0.73749596,0.66296506,0
3.4471688,2.5344362,-1.9409509,0.9610526,0.072061807,-0.26680505,0
-0.98503733,-0.74476993,3.1222835,0.24454218,-0.67149591,0.6994943,0
-0.20214808,-2.7653222,0.9857688,-0.12875164,-0.73749596,-0.66296506,0
-2.616323,2.1909037,-0.33721167,-0.24454218,0.67149591,-0.6994943,0
2.5674598,2.7742779,-1.6837175,-0.24454218,0.67149591,-0.6994943,0
0.67691422,-0.85166889,2.4611697,0.24454218,-0.67149591,0.6994943,0
-2.124161,0.9902221,-1.8229313,-0.24454218,0.67149591,-0.6994943,0
-3.901232,-0.27326608,0.22584057,-0.9610526,-0.072061807,0.26680505,0
-3.6502364,-1.6981983,0.30747771,-0.12875164,-0.73749596,-0.66296506,0
-2.365972,-0.64410788,3.5544734,0.12875164,0.73749596,0.66296506,0
-4.1377239,0.62388581,-0.094737768,-0.9610526,-0.072061807,0.26680505,0
3.9752266,0.18923724,-1.2254834,0.9610526,0.072061807,-0.26680505,0
3.172379,1.8555501,-2.7770467,0.9610526,0.072061807,-0.26680505,0
3.7039044,-0.42468458,-1.4416738,0.9610526,0.072061807,-0.26680505,0
4.0735188,0.20569551,-0.44040012,0.9610526,0.072061807,-0.26680505,0
-0.40151483,-2.4644661,0.3632313,-0.12875164,-0.73749596,-0.66296506,0
3.4647789,1.4407642,-1.7270014,0.9610526,0.072061807,-0.26680505,0
-2.6659527,-0.16570508,-1.4679307,-0.12875164,-0.73749596,-0.66296506,0
-3.8683498,1.4325448,0.9333353,-0.9610526,-0.072061807,0.26680505,0
3.6385527,1.547667,-1.0075698,0.9610526,0.072061807,-0.26680505,0
-3.4367323,-1.2598341,2.790674,-0.9610526,-0.072061807,0.26680505,0
3.1008658,2.3287792,-0.90348864,0.12875164,0.73749596,0.66296506,0
2.4028578,-0.20299852,2.2104349,0.12875164,0.73749596,0.66296506,0
3.4068451,-0.27197716,-2.1589432,0.9610526,0.072061807,-0.26680505,0
-3.4348435,-1.5095751,1.6080673,-0.9610526,-0.072061807,0.26680505,0
3.7592969,-0.90432215,-1.7573047,0.9610526,0.072061807,-0.26680505,0
-1.0039374,-2.4003158,1.4337919,0.24454218,-0.67149591,0.6994943,0
-4.1397462,0.1906985,-0.61493993,-0.9610526,-0.072061807,0.26680505,0
1.6667125,-0.92313683,2.167912,0.24454218,-0.67149591,0.6994943,0
1.4861702,-1.518187,-0.93531138,-0.12875164,-0.73749596,-0.66296506,0
4.4925227,-0.60759664,1.2579455,0.9610526,0.072061807,-0.26680505,0
-2.1975834,-2.3346615,1.8598363,0.24454218,-0.67149591,0.6994943,0
0.66348982,2.1532576,-1.7307996,-0.24454218,0.67149591,-0.6994943,0
-4.3652978,1.728008,-0.16460752,-0.24454218,0.67149591,-0.6994943,0
2.1475878,-2.2219887,-0.10282785,-0.12875164,-0.73749596,-0.66296506,0
-3.7730494,-0.51160252,1.6388335,-0.9610526,-0.072061807,0.26680505,0
-3.5366321,-2.4857187,1.4750569,-0.9610526,-0.072061807,0.26680505,0
2.8135192,2.0306139,-0.36852717,0.12875164,0.73749596,0.66296506,0
2.878072,1.983618,-0.6857059,0.12875164,0.73749596,0.66296506,0
3.7407887,-0.58492452,-0.94150162,0.9610526,0.072061807,-0.26680505,0
-3.6579609,-0.12620091,1.1288068,-0.9610526,-0.072061807,0.26680505,0
-4.3379493,0.50708222,-1.84797,-0.24454218,0.67149591,-0.6994943,0
2.8909185,-2.5054712,0.20437366,0.24454218,-0.67149591,0.6994943,0
1.173401,1.401068,-2.8739281,-0.24454218,0.67149591,-0.6994943,0
2.4480309,-0.17900132,-2.6604309,-0.12875164,-0.73749596,-0.66296506,0
2.7813969,2.942059,-1.7720907,-0.24454218,0.67149591,-0.6994943,0
-0.39176512,1.8547614,0.13854294,0.12875164,0.73749596,0.66296506,0
2.868243,-1.673025,-1.0803328,-0.12875164,-0.73749596,-0.66296506,0
-0.91967249,1.0726213,-2.1319666,-0.24454218,0.67149591,-0.6994943,0
-3.4843683,-2.1663256,1.8397794,-0.9610526,-0.072061807,0.26680505,0
0.0535338,-1.670431,-0.70990688,-0.12875164,-0.73749596,-0.66296506,0
-3.5142057,0.81521618,2.1813796,-0.9610526,-0.072061807,0.26680505,0
-3.046725,-2.4672694,2.0638249,0.24454218,-0.67149591,0.6994943,0
-0.74279535,2.5071371,-0.249374,0.12875164,0.73749596,0.66296506,0
-3.4162993,-0.7360338,2.5681858,-0.9610526,-0.072061807,0.26680505,0
-3.3718295,-2.267139,1.7286556,-0.9610526,-0.072061807,0.26680505,0
-4.2957025,1.1943715,-0.082459927,-0.9610526,-0.072061807,0.26680505,0
-2.216475,2.290657,-0.046138227,0.12875164,0.73749596,0.66296506,0
-3.6436768,-0.63390064,1.2249668,-0.9610526,-0.072061807,0.26680505,0
3.1801615,1.4494606,-3.3463483,-0.24454218,0.67149591,-0.6994943,0
-3.7201192,2.328131,-0.25882804,-0.24454218,0.67149591,-0.6994943,0
-2.4156818,1.353467,-1.1854864,-0.24454218,0.67149591,-0.6994943,0
-4.0340281,1.6239343,0.16137266,-0.9610526,-0.072061807,0.26680505,0
3.6790655,1.6736605,-2.0139399,0.9610526,0.072061807,-0.26680505,0
1.762681,1.3189225,0.71509993,0.12875164,0.73749596,0.66296506,0
1.4068075,-0.25335634,1.9766691,0.12875164,0.73749596,0.66296506,0
-2.5700459,0.95535088,-1.6875414,-0.24454218,0.67149591,-0.6994943,0
4.0650916,-1.1664476,-1.2960944,0.9610526,0.072061807,-0.26680505,0
2.4438567,-1.4588621,1.492341,0.24454218,-0.67149591,0.6994943,0
-2.2876389,2.5351491,-0.56139565,-0.24454218,0.67149591,-0.6994943,0
3.9465208,0.28418398,-0.59695745,0.9610526,0.072061807,-0.26680505,0
4.4389157,0.2449472,0.42636514,0.9610526,0.072061807,-0.26680505,0
-1.6640837,-0.091419786,2.4050856,0.12875164,0.73749596,0.66296506,0
1.2508479,-0.28530067,-2.4482572,-0.12875164,-0.73749596,-0.66296506,0
-2.9563515,2.2552636,-0.48267871,-0.24454218,0.67149591,-0.6994943,0
-1.2848166,-1.8330307,0.23044491,-0.12875164,-0.73749596,-0.66296506,0
-4.3601747,0.21611857,-0.30035973,-0.9610526,-0.072061807,0.26680505,0
-1.0538287,0.88206983,-2.1862621,-0.24454218,0.67149591,-0.6994943,0
-4.0177956,0.96137178,1.3924978,-0.9610526,-0.072061807,0.26680505,0
-1.8427739,-2.2048874,2.0963159,0.24454218,-0.67149591,0.6994943,0
-0.12920633,-1.510231,-0.77615666,-0.12875164,-0.73749596,-0.66296506,0
0.13105726,-2.2814476,1.1265265,0.24454218,-0.67149591,0.6994943,0
-4.4503994,0.66784585,-1.4292362,-0.24454218,0.67149591,-0.6994943,0
-0.77400804,-1.3736982,-0.72501409,-0.12875164,-0.73749596,-0.66296506,0
-0.37379539,-0.40980738,2.7354956,0.12875164,0.73749596,0.66296506,0
-2.4584608,-3.0841916,1.4733665,-0.12875164,-0.73749596,-0.66296506,0
3.1743913,1.2566466,-3.2805865,0.9610526,0.072061807,-0.26680505,0
-2.2657514,0.45947826,-2.3521395,-0.24454218,0.67149591,-0.6994943,0
1.7950511,-0.63641095,-2.0712314,-0.12875164,-0.73749596,-0.66296506,0
4.2197142,-1.4006919,0.29881668,0.9610526,0.072061807,-0.26680505,0
-2.4985192,2.2572682,-0.55073631,-0.24454218,0.67149591,-0.6994943,0
4.2203989,-1.948295,-0.83880806,0.9610526,0.072061807,-0.26680505,0
3.1494923,1.0020546,-3.2652566,0.9610526,0.072061807,-0.26680505,0
-3.8385885,1.5939674,1.1380191,-0.9610526,-0.072061807,0.26680505,0
1.9419827,1.0951389,-3.072072,-0.24454218,0.67149591,-0.6994943,0
-4.2858477,1.1761013,-0.75876081,-0.9610526,-0.072061807,0.26680505,0
3.4242663,2.954289,-1.9318097,0.9610526,0.072061807,-0.26680505,0
-0.41398883,2.8176196,-0.5356456,0.12875164,0.73749596,0.66296506,0
-4.0459547,-0.98532522,0.54800487,-0.9610526,-0.072061807,0.26680505,0
-3.4063954,0.020334005,2.5896075,-0.9610526,-0.072061807,0.26680505,0
1.008976,-0.7445457,2.5656078,0.24454218,-0.67149591,0.6994943,0
-3.5950656,0.48883638,2.5592024,-0.9610526,-0.072061807,0.26680505,0
3.7771242,0.96697021,-0.83308959,0.9610526,0.072061807,-0.26680505,0
3.488822,0.27538586,-2.2020779,0.9610526,0.072061807,-0.26680505,0
4.1538024,-1.5057019,-0.12833548,0.9610526,0.072061807,-0.26680505,0
-1.1384481,0.63978696,1.591023,0.12875164,0.73749596,0.66296506,0
4.3051271,-0.81422293,0.29624486,0.9610526,0.072061807,-0.26680505,0
-2.5560062,-2.0848517,2.6147707,0.24454218,-0.67149591,0.6994943,0
3.7302113,-0.40841872,-1.1722965,0.9610526,0.072061807,-0.26680505,0
-1.009264,-0.11821598,2.4376903,0.12875164,0.73749596,0.66296506,0
-4.3701501,1.438449,0.31030989,-0.9610526,-0.072061807,0.26680505,0
-2.9994678,1.9883187,-0.65146816,-0.24454218,0.67149591,-0.6994943,0
-3.345629,-0.93703663,3.2314982,-0.9610526,-0.072061807,0.26680505,0
3.22686,1.6114864,-2.6051199,0.9610526,0.072061807,-0.26680505,0
-4.4318419,1.1647354,-0.25501132,-0.9610526,-0.072061807,0.26680505,0
-3.1646609,2.4673018,0.00047838688,-0.24454218,0.67149591,-0.6994943,0
-3.0008054,-0.070367426,2.7355788,0.12875164,0.73749596,0.66296506,0
-1.1524158,-2.7884936,1.344367,0.24454218,-0.67149591,0.6994943,0
1.1211759,-0.42148453,2.2894273,0.12875164,0.73749596,0.66296506,0
1.0624936,2.5082397,-0.45709372,0.12875164,0.73749596,0.66296506,0
-2.6867309,-2.6714008,1.2669435,-0.12875164,-0.73749596,-0.66296506,0
-0.52261591,-0.11675513,-1.9504291,-0.12875164,-0.73749596,-0.66296506,0
-2.3925061,1.4283822,1.4206005,0.12875164,0.73749596,0.66296506,0
-1.2323446,-2.0326419,1.945545,0.24454218,-0.67149591,0.6994943,0
-3.7273791,-2.4908781,1.6194389,-0.9610526,-0.072061807,0.26680505,0
-2.0604122,-1.2187649,3.2372055,0.24454218,-0.67149591,0.6994943,0
-3.5762787,-0.37674892,1.6261663,-0.9610526,-0.072061807,0.26680505,0
-0.54333532,-2.1083298,1.6899796,0.24454218,-0.67149591,0.6994943,0
4.2695813,0.9402808,0.65943789,0.12875164,0.73749596,0.66296506,0
2.4165504,1.7939401,-2.5218182,-0.24454218,0.67149591,-0.6994943,0
-4.0161695,1.7090569,0.92511654,-0.9610526,-0.072061807,0.26680505,0
3.43943,-0.30095565,-2.6197383,0.9610526,0.072061807,-0.26680505,0
-2.0067677,-0.38943473,2.9482934,0.12875164,0.73749596,0.66296506,0
-3.8632782,-0.72903883,0.45121598,-0.9610526,-0.072061807,0.26680505,0
-1.0394056,-2.5951507,1.5077626,0.24454218,-0.67149591,0.6994943,0
2.0126374,-2.0454168,-0.39562404,-0.12875164,-0.73749596,-0.66296506,0
3.7670965,0.10779202,-1.0218151,0.9610526,0.072061807,-0.26680505,0
3.3930874,1.5945015,-1.7685657,0.9610526,0.072061807,-0.26680505,0
1.566117,-0.47979897,2.2937164,0.12875164,0.73749596,0.66296506,0
4.4534683,-1.0753396,0.85648644,0.24454218,-0.67149591,0.6994943,0
4.6083784,-0.44010484,1.2305843,0.9610526,0.072061807,-0.26680505,0
4.2181067,0.98124552,-0.05716157,0.9610526,0.072061807,-0.26680505,0
1.1695492,1.9757373,-0.02328217,0.12875164,0.73749596,0.66296506,0
-3.5091119,-2.3719928,1.4022064,-0.9610526,-0.072061807,0.26680505,0
-3.7651086,1.9663883,-0.2221514,-0.24454218,0.67149591,-0.6994943,0
2.720973,1.9161763,-0.099437475,0.12875164,0.73749596,0.66296506,0
3.983772,-1.5016165,-0.42278194,0.9610526,0.072061807,-0.26680505,0
1.6105578,0.29644641,-2.7041168,-0.12875164,-0.73749596,-0.66296506,0
-2.2732878,-0.94150352,-0.8951745,-0.12875164,-0.73749596,-0.66296506,0
-0.2554493,-2.7911987,1.2092414,0.24454218,-0.67149591,0.6994943,0
-3.7632136,0.32017648,2.1514981,-0.9610526,-0.072061807,0.26680505,0
-2.6295257,0.95523185,-1.9240811,-0.24454218,0.67149591,-0.6994943,0
-4.6072097,-0.15065455,-1.1294441,-0.9610526,-0.072061807,0.26680505,0
3.2671363,1.0401472,-2.913867,0.9610526,0.072061807,-0.26680505,0
-0.29679394,-1.7134598,-0.24960786,-0.12875164,-0.73749596,-0.66296506,0
-3.1506023,-1.9248979,0.7384572,-0.12875164,-0.73749596,-0.66296506,0
4.225275,-0.80840707,0.10623884,0.9610526,0.072061807,-0.26680505,0
-4.1835489,1.5646815,-0.013481379,-0.9610526,-0.072061807,0.26680505,0
2.051043,-1.3821822,1.5166268,0.24454218,-0.67149591,0.6994943,0
-3.8564813,0.88328272,1.1032832,-0.9610526,-0.072061807,0.26680505,0
4.2988553,-0.89418483,1.3974773,0.24454218,-0.67149591,0.6994943,0
-2.6767325,1.4189049,-1.3016577,-0.24454218,0.67149591,-0.6994943,0
-3.5980914,0.63057709,1.7766764,-0.9610526,-0.072061807,0.26680505,0
-1.7525916,-2.5702221,1.6264994,0.24454218,-0.67149591,0.6994943,0
-1.31208,-1.5770559,-0.46106535,-0.12875164,-0.73749596,-0.66296506,0
2.0578446,2.9201176,-1.1645956,0.12875164,0.73749596,0.66296506,0
1.866137,-0.053442955,1.8614073,0.12875164,0.73749596,0.66296506,0
3.7251859,1.3946891,-0.8083384,0.9610526,0.072061807,-0.26680505,0
3.5272346,2.4165182,-1.6188853,0.9610526,0.072061807,-0.26680505,0
-3.4793048,-2.5028784,1.446713,-0.9610526,-0.072061807,0.26680505,0
-3.7887399,-0.88382161,0.63318872,-0.9610526,-0.072061807,0.26680505,0
-3.9299607,-1.2658006,0.34992409,-0.9610526,-0.072061807,0.26680505,0
-2.644506,1.8581613,-0.66202259,-0.24454218,0.67149591,-0.6994943,0
-4.0496144,1.4273324,-0.7811749,-0.24454218,0.67149591,-0.6994943,0
2.2860959,1.3620327,0.16970837,0.12875164,0.73749596,0.66296506,0
-2.0456479,1.0018057,1.7761512,0.12875164,0.73749596,0.66296506,0
1.7305428,-2.5319059,0.8166784,0.24454218,-0.67149591,0.6994943,0
-1.8152623,0.51735181,2.0469441,0.12875164,0.73749596,0.66296506,0
-3.9945402,1.596194,0.53173232,-0.9610526,-0.072061807,0.26680505,0
-1.8093855,2.0090806,-0.96708828,-0.24454218,0.67149591,-0.6994943,0
-4.106349,0.58148962,0.060497761,-0.9610526,-0.072061807,0.26680505,0
0.43151081,2.5995927,-1.0518898,-0.24454218,0.67149591,-0.6994943,0
-2.4744632,0.91849458,-1.714251,-0.24454218,0.67149591,-0.6994943,0
3.9005105,0.21568859,-1.5981221,0.9610526,0.072061807,-0.26680505,0
-1.3416131,-2.0545664,0.16498137,-0.12875164,-0.73749596,-0.66296506,0
-1.1560416,-2.6754179,1.6761554,0.24454218,-0.67149591,0.6994943,0
3.5558469,1.5408361,-1.9069769,0.9610526,0.072061807,-0.26680505,0
-1.517053,2.5145912,-0.62419564,-0.24454218,0.67149591,-0.6994943,0
-3.9156361,-0.58794641,1.2590313,-0.9610526,-0.072061807,0.26680505,0
-4.097712,0.030467629,0.81086826,-0.9610526,-0.072061807,0.26680505,0
3.0209589,2.1842363,-2.785392,-0.24454218,0.67149591,-0.6994943,0
-4.0458517,2.0891309,-0.28553498,-0.24454218,0.67149591,-0.6994943,0
-3.0766215,-0.26230812,-1.2314134,-0.12875164,-0.73749596,-0.66296506,0
4.3344064,-1.4588418,0.87635922,0.24454218,-0.67149591,0.6994943,0
4.2312212,-0.020762324,0.71058011,0.9610526,0.072061807,-0.26680505,0
3.02389,1.4992828,-3.1319492,0.9610526,0.072061807,-0.26680505,0
-0.8537181,-2.4788604,0.41196489,-0.12875164,-0.73749596,-0.66296506,0
2.0774555,-1.1498388,1.833981,0.24454218,-0.67149591,0.6994943,0
-3.7465978,-0.053777695,1.077127,-0.9610526,-0.072061807,0.26680505,0
-4.5879221,0.0078983307,-1.1758761,-0.9610526,-0.072061807,0.26680505,0
-2.7522376,1.8836181,-0.78836882,-0.24454218,0.67149591,-0.6994943,0
-0.78318691,-0.98548669,2.6501322,0.24454218,-0.67149591,0.6994943,0
0.31048167,-1.8057754,1.7437363,0.24454218,-0.67149591,0.6994943,0
2.0245144,1.3779355,-3.1432145,-0.24454218,0.67149591,-0.6994943,0
-3.1402001,-1.3888237,2.6770272,-0.9610526,-0.072061807,0.26680505,0
-2.1757731,1.4140595,-1.1880602,-0.24454218,0.67149591,-0.6994943,0
1.1721168,-0.54486555,-1.932632,-0.12875164,-0.73749596,-0.66296506,0
0.58176494,-1.6640208,1.9465706,0.24454218,-0.67149591,0.6994943,0
-3.5568943,2.0245469,-0.34447229,-0.24454218,0.67149591,-0.6994943,0
2.4323001,1.9662192,-0.2380197,0.12875164,0.73749596,0.66296506,0
-2.2372346,-0.76598245,3.6401951,0.24454218,-0.67149591,0.6994943,0
-3.710258,-1.8756171,1.2958622,-0.9610526,-0.072061807,0.26680505,0
-3.8103821,-1.203933,0.68886256,-0.9610526,-0.072061807,0.26680505,0
-3.8583212,-2.27321,1.1427608,-0.9610526,-0.072061807,0.26680505,0
1.934696,-0.98954618,-1.7191153,-0.12875164,-0.73749596,-0.66296506,0
-4.4173036,2.4150381,0.33434606,-0.9610526,-0.072061807,0.26680505,0
-1.0929577,0.4748264,1.6623039,0.12875164,0.73749596,0.66296506,0
-0.19872534,-0.80188775,-1.4358264,-0.12875164,-0.73749596,-0.66296506,0
-3.5123489,-1.4491324,2.6128132,-0.9610526,-0.072061807,0.26680505,0
-0.0042388439,0.6640752,-2.8278284,-0.24454218,0.67149591,-0.6994943,0
-0.20159841,-1.9411136,1.8753794,0.24454218,-0.67149591,0.6994943,0
4.1016192,0.037329197,0.30287743,0.9610526,0.072061807,-0.26680505,0
2.4955425,-0.46736598,2.0469196,0.12875164,0.73749596,0.66296506,0
-4.0052576,-0.46961451,0.94999409,-0.9610526,-0.072061807,0.26680505,0
3.7834265,1.2483414,-0.32007313,0.9610526,0.072061807,-0.26680505,0
1.7628013,-0.050592899,1.9952035,0.12875164,0.73749596,0.66296506,0
-4.3589506,1.6535158,0.26918435,-0.9610526,-0.072061807,0.26680505,0
3.7836795,0.88105869,-0.52526522,0.9610526,0.072061807,-0.26680505,0
0.35989708,-1.2399515,-0.91815311,-0.12875164,-0.73749596,-0.66296506,0
-3.9912429,1.5773594,-0.64196789,-0.24454218,0.67149591,-0.6994943,0
-3.2098002,-0.45251954,3.3382447,0.12875164,0.73749596,0.66296506,0
-0.63447344,-2.4858379,1.5431626,0.24454218,-0.67149591,0.6994943,0
0.28782213,2.4533949,-0.32810926,0.12875164,0.73749596,0.66296506,0
3.769774,-2.2939942,0.19281578,0.24454218,-0.67149591,0.6994943,0
2.6115146,-0.48225078,-1.9402218,-0.12875164,-0.73749596,-0.66296506,0
-3.6469777,0.5709784,1.6927614,-0.9610526,-0.072061807,0.26680505,0
3.694984,0.69695038,-1.9474111,0.9610526,0.072061807,-0.26680505,0
4.0934324,-0.74380505,-0.94839406,0.9610526,0.072061807,-0.26680505,0
1.2977465,1.381969,-2.7254496,-0.24454218,0.67149591,-0.6994943,0
0.065224171,-2.0578704,1.4226992,0.24454218,-0.67149591,0.6994943,0
4.2573762,-0.73189592,1.1767012,0.24454218,-0.67149591,0.6994943,0
-1.5352252,-2.9687054,1.3078518,-0.12875164,-0.73749596,-0.66296506,0
1.3130941,-0.71802104,2.3851805,0.24454218,-0.67149591,0.6994943,0
-2.1186364,-2.7838771,1.8457294,0.24454218,-0.67149591,0.6994943,0
2.4592009,0.82457757,1.1059959,0.12875164,0.73749596,0.66296506,0
-0.56937218,2.2703559,-0.27306837,0.12875164,0.73749596,0.66296506,0
-0.42517728,0.37228817,2.000421,0.12875164,0.73749596,0.66296506,0
-3.2020926,0.057452291,2.5968559,0.12875164,0.73749596,0.66296506,0
-3.3754783,-0.39294541,2.5700083,-0.9610526,-0.072061807,0.26680505,0
3.1091652,-1.258193,-1.7274498,-0.12875164,-0.73749596,-0.66296506,0
2.700592,2.581336,-1.2946274,0.12875164,0.73749596,0.66296506,0
2.1181216,2.3195522,-2.1120207,-0.24454218,0.67149591,-0.6994943,0
-4.404521,1.0434997,-0.4626193,-0.9610526,-0.072061807,0.26680505,0
3.5918801,-0.14882272,-1.5072141,0.9610526,0.072061807,-0.26680505,0
4.4387703,-1.3765997,0.63332331,0.9610526,0.072061807,-0.26680505,0
3.8158739,0.50134385,-0.55729938,0.9610526,0.072061807,-0.26680505,0
-0.83340108,1.2003967,1.3797212,0.12875164,0.73749596,0.66296506,0
-1.9005108,-1.4009334,-0.61959493,-0.12875164,-0.73749596,-0.66296506,0
-1.8478569,-2.4537382,1.6909752,0.24454218,-0.67149591,0.6994943,0
-3.6460555,-1.7413175,0.67244959,-0.9610526,-0.072061807,0.26680505,0
-3.6963699,-0.42718887,1.2066,-0.9610526,-0.072061807,0.26680505,0
-3.1555605,0.3386488,-2.2700956,-0.12875164,-0.73749596,-0.66296506,0
1.9945369,-2.5472136,0.02644825,-0.12875164,-0.73749596,-0.66296506,0
-0.0018583536,-2.6398211,1.1335387,0.24454218,-0.67149591,0.6994943,0
-0.0971843,1.5368059,-1.8356701,-0.24454218,0.67149591,-0.6994943,0
4.1394448,-0.16582191,1.7251158,0.12875164,0.73749596,0.66296506,0
2.1702526,0.13867138,-2.9345856,-0.12875164,-0.73749596,-0.66296506,0
1.8314033,0.25987083,-2.7834334,-0.12875164,-0.73749596,-0.66296506,0
-3.9266574,-0.42057538,1.2965271,-0.9610526,-0.072061807,0.26680505,0
2.2147737,-2.5732813,0.40937442,-0.12875164,-0.73749596,-0.66296506,0
2.9821582,-0.80788702,1.6488073,0.24454218,-0.67149591,0.6994943,0
-4.1238794,2.321888,0.52254796,-0.9610526,-0.072061807,0.26680505,0
-0.36187184,2.6627831,-1.1508129,-0.24454218,0.67149591,-0.6994943,0
-2.442883,-0.69245124,-0.79807401,-0.12875164,-0.73749596,-0.66296506,0
3.3993824,2.7546282,-1.4716816,0.9610526,0.072061807,-0.26680505,0
-4.529006,1.5776529,-0.17810392,-0.9610526,-0.072061807,0.26680505,0
3.0673721,2.6133316,-2.1852069,-0.24454218,0.67149591,-0.6994943,0
-4.3453469,0.4865036,0.19657111,-0.9610526,-0.072061807,0.26680505,0
1.5278461,0.3812052,1.7329841,0.12875164,0.73749596,0.66296506,0
1.625801,0.68109977,1.4339119,0.12875164,0.73749596,0.66296506,0
1.9168231,-0.2256071,-2.1376886,-0.12875164,-0.73749596,-0.66296506,0
3.5019317,0.5551309,-1.8386207,0.9610526,0.072061807,-0.26680505,0
3.5236485,-0.82623345,-1.8768857,-0.12875164,-0.73749596,-0.66296506,0
-4.5624394,-0.042592287,-0.77639556,-0.9610526,-0.072061807,0.26680505,0
-1.8908825,1.7202175,-1.1174915,-0.24454218,0.67149591,-0.6994943,0
-3.1417861,-1.851217,0.29729438,-0.12875164,-0.73749596,-0.66296506,0
4.0623908,-1.8938069,-0.31964445,0.9610526,0.072061807,-0.26680505,0
0.74709922,2.5718498,-1.1967981,-0.24454218,0.67149591,-0.6994943,0
3.560132,0.25558537,-1.7629223,0.9610526,0.072061807,-0.26680505,0
4.1663804,-1.7130806,0.27942038,0.9610526,0.072061807,-0.26680505,0
-0.698681,-1.435914,2.3619618,0.24454218,-0.67149591,0.6994943,0
-3.8620524,1.0547179,1.4026463,-0.9610526,-0.072061807,0.26680505,0
0.32102096,0.2411069,-2.3193605,-0.12875164,-0.73749596,-0.66296506,0
0.16259617,2.3375721,-0.44701886,0.12875164,0.73749596,0.66296506,0
4.130384,0.84484911,0.34600997,0.9610526,0.072061807,-0.26680505,0
1.2005068,2.7679453,-1.2741028,-0.24454218,0.67149591,-0.6994943,0
0.71377498,-0.94545364,-1.1792871,-0.12875164,-0.73749596,-0.66296506,0
4.3844209,-0.25048673,1.2904376,0.9610526,0.072061807,-0.26680505,0
-4.0840678,1.8744329,0.54473853,-0.9610526,-0.072061807,0.26680505,0
-3.3268986,-0.12211636,2.877929,-0.9610526,-0.072061807,0.26680505,0
-3.766747,-1.1732146,1.4719675,-0.9610526,-0.072061807,0.26680505,0
-3.3819828,-1.9602422,1.5645516,-0.9610526,-0.072061807,0.26680505,0
-3.7894709,-0.91728139,-0.33337784,-0.12875164,-0.73749596,-0.66296506,0
-0.69815135,1.0269305,-2.2133539,-0.24454218,0.67149591,-0.6994943,0
1.0130268,0.0630171,-2.7523618,-0.12875164,-0.73749596,-0.66296506,0
-1.4603209,2.0213656,-0.92500752,-0.24454218,0.67149591,-0.6994943,0
-3.6548233,0.42024124,1.2594357,-0.9610526,-0.072061807,0.26680505,0
1.1873418,0.75346065,1.1867242,0.12875164,0.73749596,0.66296506,0
3.4989305,1.1214484,-1.8084846,0.9610526,0.072061807,-0.26680505,0
3.6025615,2.5315609,-2.0645792,0.9610526,0.072061807,-0.26680505,0
-1.1444464,-1.7690631,2.0400901,0.24454218,-0.67149591,0.6994943,0
-3.1516745,-1.1931119,3.0856907,-0.9610526,-0.072061807,0.26680505,0
-3.4889224,-1.64035,0.18915606,-0.12875164,-0.73749596,-0.66296506,0
-3.6512251,-0.46077818,1.9566462,-0.9610526,-0.072061807,0.26680505,0
-3.7593384,-0.28270447,1.7581532,-0.9610526,-0.072061807,0.26680505,0
1.334208,2.2532163,-2.1190085,-0.24454218,0.67149591,-0.6994943,0
0.39767957,0.63040781,1.3773637,0.12875164,0.73749596,0.66296506,0
-3.5514629,0.36510158,-2.0444021,-0.24454218,0.67149591,-0.6994943,0
-2.9997022,0.94231921,1.6301949,0.12875164,0.73749596,0.66296506,0
-3.2823133,-0.26508504,2.3786645,-0.9610526,-0.072061807,0.26680505,0
-0.39617133,-2.1820185,1.8306606,0.24454218,-0.67149591,0.6994943,0
-4.1908951,2.1042762,0.17225313,-0.24454218,0.67149591,-0.6994943,0
3.59852,0.59830546,-1.8649757,0.9610526,0.072061807,-0.26680505,0
-3.1387501,0.51473433,2.0498507,0.12875164,0.73749596,0.66296506,0
-3.6332531,0.81689823,-1.5554185,-0.24454218,0.67149591,-0.6994943,0
1.4522684,2.5277162,-1.8871927,-0.24454218,0.67149591,-0.6994943,0
0.54496849,-2.7307525,0.72383922,0.24454218,-0.67149591,0.6994943,0
3.5808802,1.8043541,-1.5522401,0.9610526,0.072061807,-0.26680505,0
4.0770073,-1.0744011,-1.0407362,0.9610526,0.072061807,-0.26680505,0
0.57462579,1.1468084,1.1554675,0.12875164,0.73749596,0.66296506,0
3.5313191,0.10431826,-1.5677509,0.9610526,0.072061807,-0.26680505,0
-3.2758598,-2.971622,1.7251327,-0.9610526,-0.072061807,0.26680505,0
3.2201972,1.1062565,-2.89592,0.9610526,0.072061807,-0.26680505,0
0.97078401,2.5117619,-1.3833309,-0.24454218,0.67149591,-0.6994943,0
3.4715133,2.1902461,-1.4606972,0.9610526,0.072061807,-0.26680505,0
-4.320591,0.041645765,-0.21562123,-0.9610526,-0.072061807,0.26680505,0
-1.2303849,1.4617782,0.71338344,0.12875164,0.73749596,0.66296506,0
1.7024367,1.8586295,-2.3217483,-0.24454218,0.67149591,-0.6994943,0
-4.4098973,0.55125988,-0.37199545,-0.9610526,-0.072061807,0.26680505,0
-2.863343,-0.22023851,2.8459678,0.12875164,0.73749596,0.66296506,0
-4.6504269,-0.10193563,-1.3317437,-0.12875164,-0.73749596,-0.66296506,0
1.8432134,-1.2001262,1.5515738,0.24454218,-0.67149591,0.6994943,0
-4.5012894,0.09077847,-0.98682451,-0.9610526,-0.072061807,0.26680505,0
-1.5436928,-0.64763671,3.2872953,0.24454218,-0.67149591,0.6994943,0
1.1367234,-1.9992771,1.4402682,0.24454218,-0.67149591,0.6994943,0
-1.0393944,-1.5858083,-0.41967338,-0.12875164,-0.73749596,-0.66296506,0
4.2288585,-0.2470212,0.058454037,0.9610526,0.072061807,-0.26680505,0
0.37835336,-0.62173885,2.8006091,0.12875164,0.73749596,0.66296506,0
1.8754723,-2.4184995,0.83921289,0.24454218,-0.67149591,0.6994943,0
1.4119794,2.1490855,-0.67669213,0.12875164,0.73749596,0.66296506,0
3.198132,2.1171529,-2.8200669,-0.24454218,0.67149591,-0.6994943,0
-3.9822359,-1.8496956,0.67981672,-0.9610526,-0.072061807,0.26680505,0
-2.2802711,-2.6949306,1.1001158,-0.12875164,-0.73749596,-0.66296506,0
0.78410101,1.1447982,0.7919904,0.12875164,0.73749596,0.66296506,0
-4.1003213,2.2654464,0.10847735,-0.9610526,-0.072061807,0.26680505,0
-1.4774716,2.0066688,-1.4137652,-0.24454218,0.67149591,-0.6994943,0
1.5262768,-2.5055101,0.54546666,0.24454218,-0.67149591,0.6994943,0
-1.6264008,2.6471035,-0.13336536,0.12875164,0.73749596,0.66296506,0
-1.0604671,2.6582451,-0.53353107,0.12875164,0.73749596,0.66296506,0
-3.2929614,-1.5309305,3.1916516,0.24454218,-0.67149591,0.6994943,0
-1.0504366,-0.37026554,-1.7696879,-0.12875164,-0.73749596,-0.66296506,0
4.0203791,-0.048197746,-0.91238952,0.9610526,0.072061807,-0.26680505,0
-4.2369232,0.39470375,-0.59887695,-0.9610526,-0.072061807,0.26680505,0
2.7087679,-1.6275625,0.88454056,0.24454218,-0.67149591,0.6994943,0
1.7005162,-1.2651405,1.572318,0.24454218,-0.67149591,0.6994943,0
-2.7094641,-2.380321,2.3727477,0.24454218,-0.67149591,0.6994943,0
-2.3432748,-2.9424624,1.5751381,0.24454218,-0.67149591,0.6994943,0
-3.7616262,2.6282516,0.11602676,0.12875164,0.73749596,0.66296506,0
-4.2668533,0.91416621,0.23084712,-0.9610526,-0.072061807,0.26680505,0
1.1249948,2.0047631,-2.0508463,-0.24454218,0.67149591,-0.6994943,0
-0.10532999,-0.085511744,2.4518845,0.12875164,0.73749596,0.66296506,0
-3.6165669,-2.1525788,0.6815393,-0.12875164,-0.73749596,-0.66296506,0
2.2309563,2.7457976,-1.4871843,-0.24454218,0.67149591,-0.6994943,0
-3.5263512,-0.8094579,-0.46295404,-0.12875164,-0.73749596,-0.66296506,0
-3.2810612,2.4861541,0.069253445,-0.24454218,0.67149591,-0.6994943,0
-0.20756304,2.0031879,-1.5803661,-0.24454218,0.67149591,-0.6994943,0
-2.8355758,2.51091,-0.22142386,-0.24454218,0.67149591,-0.6994943,0
3.8353519,-2.5018008,-0.057683706,0.24454218,-0.67149591,0.6994943,0
0.40877986,-2.5539987,0.88925397,0.24454218,-0.67149591,0.6994943,0
1.4731661,-2.3695998,0.79747999,0.24454218,-0.67149591,0.6994943,0
1.3072418,-1.2281035,1.9886316,0.24454218,-0.67149591,0.6994943,0
2.4619813,2.0949965,-2.4140005,-0.24454218,0.67149591,-0.6994943,0
1.7235231,-1.466666,1.6621227,0.24454218,-0.67149591,0.6994943,0
-3.5067897,-1.248166,1.4953713,-0.9610526,-0.072061807,0.26680505,0
-3.5652683,-1.4769889,1.1081805,-0.9610526,-0.072061807,0.26680505,0
-2.5045638,-0.59173059,-0.85220945,-0.12875164,-0.73749596,-0.66296506,0
3.9624879,0.12307966,-0.3350358,0.9610526,0.072061807,-0.26680505,0
1.2287567,-1.760401,-0.59734237,-0.12875164,-0.73749596,-0.66296506,0
0.92247814,2.2367411,-0.3637892,0.12875164,0.73749596,0.66296506,0
3.4503765,0.23855835,-2.6875916,0.9610526,0.072061807,-0.26680505,0
-2.3766794,-0.18694651,-1.5759238,-0.12875164,-0.73749596,-0.66296506,0
2.0603333,-2.6971064,0.35984945,-0.12875164,-0.73749596,-0.66296506,0
-4.2075162,-0.4276427,-0.15726495,-0.9610526,-0.072061807,0.26680505,0
-4.1911492,1.661587,0.16860652,-0.9610526,-0.072061807,0.26680505,0
3.4752774,1.3665845,-1.3965459,0.9610526,0.072061807,-0.26680505,0
2.2166288,2.2939105,-0.74117708,0.12875164,0.73749596,0.66296506,0
-1.1015917,-2.1075892,0.45651603,-0.12875164,-0.73749596,-0.66296506,0
-0.33322167,1.180903,1.0444515,0.12875164,0.73749596,0.66296506,0
1.689994,1.9557503,-0.34836423,0.12875164,0.73749596,0.66296506,0
4.3597846,-0.41859102,0.41848469,0.9610526,0.072061807,-0.26680505,0
-0.51957589,-1.103821,-1.1394744,-0.12875164,-0.73749596,-0.66296506,0
-2.5081596,-1.4654803,-0.3052212,-0.12875164,-0.73749596,-0.66296506,0
3.4157524,-0.044071257,-2.5408876,0.9610526,0.072061807,-0.26680505,0
-2.069521,-1.9297296,2.4286752,0.24454218,-0.67149591,0.6994943,0
3.8100541,2.2924526,-0.75296783,0.9610526,0.072061807,-0.26680505,0
-2.5900199,-1.8903136,0.37302494,-0.12875164,-0.73749596,-0.66296506,0
-4.4155836,1.1374871,-0.14229965,-0.9610526,-0.072061807,0.26680505,0
2.0714889,2.656785,-1.4933543,-0.24454218,0.67149591,-0.6994943,0
0.71807015,0.34746054,-2.7380357,-0.12875164,-0.73749596,-0.66296506,0
-2.5631323,-1.3096204,-0.59730339,-0.12875164,-0.73749596,-0.66296506,0
-3.0712831,-2.0418992,2.6319029,-0.9610526,-0.072061807,0.26680505,0
2.4184923,2.9032812,-1.6394765,-0.24454218,0.67149591,-0.6994943,0
1.5734887,-2.3698759,0.72548479,0.24454218,-0.67149591,0.6994943,0
0.66431379,-1.8339858,-0.59061533,-0.12875164,-0.73749596,-0.66296506,0
0.58889192,-1.9123297,-0.37175751,-0.12875164,-0.73749596,-0.66296506,0
-4.290185,0.13219941,0.14036775,-0.9610526,-0.072061807,0.26680505,0
-2.9128816,2.2663946,0.37581515,0.12875164,0.73749596,0.66296506,0
1.7592235,-0.12679636,1.9834359,0.12875164,0.73749596,0.66296506,0
2.4945281,-1.5302804,-1.2160543,-0.12875164,-0.73749596,-0.66296506,0
-3.8418987,1.4106579,1.2165575,-0.9610526,-0.072061807,0.26680505,0
-0.74428618,-2.143837,0.55369735,-0.12875164,-0.73749596,-0.66296506,0
-4.1555882,-0.12943673,-1.4111333,-0.12875164,-0.73749596,-0.66296506,0
0.48293746,-2.6247692,0.79327422,0.24454218,-0.67149591,0.6994943,0
-3.8399067,-0.62090647,1.2843447,-0.9610526,-0.072061807,0.26680505,0
3.2667017,0.27298862,-3.2660825,-0.12875164,-0.73749596,-0.66296506,0
3.8307705,-2.4245152,-0.26729345,0.24454218,-0.67149591,0.6994943,0
2.5364134,2.6498017,-0.92352343,0.12875164,0.73749596,0.66296506,0
0.091866016,-0.77490437,2.5164113,0.24454218,-0.67149591,0.6994943,0
-0.026669502,0.29706037,-2.8330791,-0.12875164,-0.73749596,-0.66296506,0
-4.0199418,-0.85932863,-0.40860081,-0.12875164,-0.73749596,-0.66296506,0
0.011178493,-0.28495866,-1.9641486,-0.12875164,-0.73749596,-0.66296506,0
-1.9909469,1.5403198,-1.3900681,-0.24454218,0.67149591,-0.6994943,0
0.69383264,-0.75837046,2.637109,0.24454218,-0.67149591,0.6994943,0
-3.0721526,2.1092041,-0.34537768,-0.24454218,0.67149591,-0.6994943,0
2.1355567,-2.2788675,0.64611709,0.24454218,-0.67149591,0.6994943,0
1.3671269,-0.82115084,-1.423802,-0.12875164,-0.73749596,-0.66296506,0
3.305599,0.80498421,-2.5573204,0.9610526,0.072061807,-0.26680505,0
4.0917625,-0.059879065,0.030485868,0.9610526,0.072061807,-0.26680505,0
-0.60992825,-1.4383016,-0.65173429,-0.12875164,-0.73749596,-0.66296506,0
-3.0749292,-2.5520239,1.0893834,-0.12875164,-0.73749596,-0.66296506,0
-1.4800713,1.8107862,0.57457018,0.12875164,0.73749596,0.66296506,0
-1.6520052,-1.2648684,-0.82421684,-0.12875164,-0.73749596,-0.66296506,0
2.9622087,2.614789,-1.016247,0.12875164,0.73749596,0.66296506,0
3.7774687,2.1690898,-1.1462014,0.9610526,0.072061807,-0.26680505,0
3.7521305,-0.88878244,-1.7485867,0.9610526,0.072061807,-0.26680505,0
4.0158286,0.65538609,-0.66501784,0.9610526,0.072061807,-0.26680505,0
-1.3399332,-1.3199688,2.5611806,0.24454218,-0.67149591,0.6994943,0
4.3378429,-0.13543367,1.0247573,0.9610526,0.072061807,-0.26680505,0
4.1110387,-2.095289,-0.76658726,0.9610526,0.072061807,-0.26680505,0
3.3670325,1.8587285,-0.49953222,0.12875164,0.73749596,0.66296506,0
4.0072451,-0.11915874,-0.13348389,0.9610526,0.072061807,-0.26680505,0
-0.93921256,0.61974049,-2.6279488,-0.24454218,0.67149591,-0.6994943,0
