2.5893281,-0.10944322,-1.4333477,0.91108453,0.061800875,-0.40756023,0
-4.1353612,-2.3182817,-2.2157216,-0.91108453,-0.061800875,0.40756023,0
0.09946084,-1.6813214,-4.3798065,-0.36619073,-0.3326568,-0.86904752,0
-2.1005955,-0.88233703,-3.7626009,-0.36619073,-0.3326568,-0.86904752,0
1.124218,-1.3425603,-5.1313486,-0.36619073,-0.3326568,-0.86904752,0
1.4699557,-2.2879362,-3.6237648,0.18928561,-0.94102079,0.2804476,0
4.0071616,-0.037832618,2.423357,0.18928561,-0.94102079,0.2804476,0
1.1583371,-1.4321487,-5.0806828,-0.36619073,-0.3326568,-0.86904752,0
-3.7804766,-2.7834229,-1.9827499,-0.91108453,-0.061800875,0.40756023,0
0.23492599,-0.36244506,3.3058596,0.18928561,-0.94102079,0.2804476,0
-2.3053074,1.69182,2.8282585,-0.91108453,-0.061800875,0.40756023,0
0.69347072,-2.6688893,-4.4430246,0.18928561,-0.94102079,0.2804476,0
1.5161223,1.8092297,3.9164991,0.36619073,0.3326568,0.86904752,0
4.3117552,1.3755338,2.8293233,0.36619073,0.3326568,0.86904752,0
4.0111284,0.90357602,3.2934709,0.36619073,0.3326568,0.86904752,0
-2.3478189,-2.7010808,-3.1636357,-0.36619073,-0.3326568,-0.86904752,0
2.516103,-1.1044406,-1.8101891,0.91108453,0.061800875,-0.40756023,0
-3.9071488,-2.5759578,-1.5348372,-0.91108453,-0.061800875,0.40756023,0
-0.20806283,0.96516365,-1.6090772,-0.18928561,0.94102079,-0.2804476,0
2.8333397,2.3512411,3.1230392,0.36619073,0.3326568,0.86904752,0
-1.1473181,2.5386841,3.8627198,-0.18928561,0.94102079,-0.2804476,0
0.37538743,0.58786917,-3.9873466,-0.18928561,0.94102079,-0.2804476,0
0.86588717,0.04839021,-4.9956985,0.91108453,0.061800875,-0.40756023,0
-2.6031446,0.1287508,-2.8237436,-0.18928561,0.94102079,-0.2804476,0
0.91451466,1.7156627,-0.31128722,-0.18928561,0.94102079,-0.2804476,0
-3.3181653,-2.5208564,-0.8931725,0.18928561,-0.94102079,0.2804476,0
-1.9091808,-1.5053329,-3.6978011,-0.36619073,-0.3326568,-0.86904752,0
-1.5338387,-0.15326676,3.7383811,-0.91108453,-0.061800875,0.40756023,0
-1.282586,-1.5675091,0.38817346,0.18928561,-0.94102079,0.2804476,0
0.38288593,-0.51003909,3.6691186,0.18928561,-0.94102079,0.2804476,0
2.5263686,2.1379845,3.4218268,0.36619073,0.3326568,0.86904752,0
1.856081,-1.9739807,-3.1329827,0.91108453,0.061800875,-0.40756023,0
-2.0134673,1.7911352,2.9950526,-0.91108453,-0.061800875,0.40756023,0
3.2328687,2.8421719,1.6214905,-0.18928561,0.94102079,-0.2804476,0
-3.6147623,-0.4195829,-0.57134748,-0.91108453,-0.061800875,0.40756023,0
1.2273107,-1.6300769,-5.1627908,-0.36619073,-0.3326568,-0.86904752,0
-7.8678131e-06,0.66110092,-2.726928,-0.18928561,0.94102079,-0.2804476,0
-0.85004926,-2.0731494,-4.0326762,-0.36619073,-0.3326568,-0.86904752,0
-3.4065135,0.88668245,0.2626915,-0.91108453,-0.061800875,0.40756023,0
-0.69413614,0.25800157,-4.7112417,-0.18928561,0.94102079,-0.2804476,0
-1.2365562,-0.59148341,-4.56493,-0.36619073,-0.3326568,-0.86904752,0
-0.32615995,0.13529694,5.3369169,0.36619073,0.3326568,0.86904752,0
1.4643462,-1.9427141,-2.2118225,0.18928561,-0.94102079,0.2804476,0
1.8760747,-1.1426681,0.69184995,0.18928561,-0.94102079,0.2804476,0
2.8517768,-0.80476165,0.35695696,0.18928561,-0.94102079,0.2804476,0
1.9983683,-0.81780398,-3.4526711,0.91108453,0.061800875,-0.40756023,0
3.5694644,0.085469842,1.0950391,0.91108453,0.061800875,-0.40756023,0
3.0686643,0.039837629,-0.9461655,0.91108453,0.061800875,-0.40756023,0
-2.5427477,1.4983219,2.3264201,-0.91108453,-0.061800875,0.40756023,0
-2.0553403,-0.98727298,-3.8754778,-0.36619073,-0.3326568,-0.86904752,0
0.080481291,0.50724953,-3.4172034,-0.18928561,0.94102079,-0.2804476,0
1.9613998,1.5768729,-0.84212381,-0.18928561,0.94102079,-0.2804476,0
1.750199,1.4986894,3.656981,0.36619073,0.3326568,0.86904752,0
-3.6876106,-2.6352339,-1.6042447,0.18928561,-0.94102079,0.2804476,0
-0.9128046,1.4884506,4.9582143,0.36619073,0.3326568,0.86904752,0
-0.16499329,-0.32646513,-4.8091459,-0.36619073,-0.3326568,-0.86904752,0
0.63135576,0.93791056,4.6024823,0.36619073,0.3326568,0.86904752,0
-1.0403676,-0.54164004,-4.4418421,-0.36619073,-0.3326568,-0.86904752,0
3.369137,0.56221324,0.64037228,0.91108453,0.061800875,-0.40756023,0
-1.7261578,-2.2477841,-3.6213531,-0.36619073,-0.3326568,-0.86904752,0
1.5559907,0.28385246,-3.4721701,0.91108453,0.061800875,-0.40756023,0
1.8082134,-0.48856002,2.0981195,0.18928561,-0.94102079,0.2804476,0
2.6529365,-0.77833068,-1.5618889,0.91108453,0.061800875,-0.40756023,0
-1.6874361,-0.38206643,3.1210642,-0.91108453,-0.061800875,0.40756023,0
-2.6229978,-1.6266457,1.2234998,-0.91108453,-0.061800875,0.40756023,0
0.19582647,-1.0938554,1.6229998,0.18928561,-0.94102079,0.2804476,0
-1.2876837,-2.2722616,-3.9902411,-0.36619073,-0.3326568,-0.86904752,0
-0.73373282,-2.0132987,-4.1111665,-0.36619073,-0.3326568,-0.86904752,0
-1.4746195,-2.2477882,-1.5177686,0.18928561,-0.94102079,0.2804476,0
1.5957918,-2.5546138,-4.289135,0.18928561,-0.94102079,0.2804476,0
1.5724603,0.098042369,4.486876,0.36619073,0.3326568,0.86904752,0
-2.4528613,-0.0074360371,-3.3927317,-0.18928561,0.94102079,-0.2804476,0
3.9851716,2.966913,2.2036905,0.36619073,0.3326568,0.86904752,0
-2.6912405,-0.045362204,1.4103413,-0.91108453,-0.061800875,0.40756023,0
-2.3980329,-2.2470388,-3.4104562,-0.36619073,-0.3326568,-0.86904752,0
3.4445052,0.53141201,0.83518338,0.91108453,0.061800875,-0.40756023,0
2.7797818,-0.68240321,1.5583041,0.18928561,-0.94102079,0.2804476,0
1.1764075,-1.5572326,-0.7175765,0.18928561,-0.94102079,0.2804476,0
2.9433615,-0.057832897,-1.0019459,0.91108453,0.061800875,-0.40756023,0
-1.882103,0.42987758,3.4416347,-0.91108453,-0.061800875,0.40756023,0
-0.59810138,-1.1534122,1.6999813,0.18928561,-0.94102079,0.2804476,0
1.3120046,-2.6769593,-4.3159437,0.18928561,-0.94102079,0.2804476,0
-0.56848025,-1.5379865,-4.1212435,-0.36619073,-0.3326568,-0.86904752,0
4.3777552,1.1911834,2.9935536,0.36619073,0.3326568,0.86904752,0
1.9579456,0.74870694,-2.5144928,0.91108453,0.061800875,-0.40756023,0
4.1664453,-0.10504723,1.6986732,0.91108453,0.061800875,-0.40756023,0
1.5406947,0.72402924,-4.0585523,-0.18928561,0.94102079,-0.2804476,0
0.7140739,1.2899663,4.2688894,0.36619073,0.3326568,0.86904752,0
-3.7490773,0.082890153,-1.4696274,-0.91108453,-0.061800875,0.40756023,0
-1.9526582,-0.11477971,-4.1983571,-0.18928561,0.94102079,-0.2804476,0
3.1973264,1.8097519,3.2348838,0.36619073,0.3326568,0.86904752,0
3.45385,0.73087913,0.10538054,0.91108453,0.061800875,-0.40756023,0
-1.181234,-1.6729124,0.66175556,0.18928561,-0.94102079,0.2804476,0
-3.0373459,-2.0104754,0.11355138,-0.91108453,-0.061800875,0.40756023,0
4.3334088,1.2386622,2.4948611,0.91108453,0.061800875,-0.40756023,0
0.60955143,1.6652998,4.4797249,0.36619073,0.3326568,0.86904752,0
1.6356398,1.8202782,3.9851027,0.36619073,0.3326568,0.86904752,0
-1.0160589,2.3110657,4.8539686,0.36619073,0.3326568,0.86904752,0
1.6769317,2.1193428,0.45369983,-0.18928561,0.94102079,-0.2804476,0
1.7680395,-1.8568137,-3.4753883,0.91108453,0.061800875,-0.40756023,0
-2.5550125,-0.59179562,-3.6763692,-0.36619073,-0.3326568,-0.86904752,0
2.7471676,-1.2002416,-1.5382445,0.91108453,0.061800875,-0.40756023,0
2.447546,0.81631643,3.6319451,0.36619073,0.3326568,0.86904752,0
-1.2042953,-2.2970848,-3.9494581,-0.36619073,-0.3326568,-0.86904752,0
0.43058372,-2.5207636,-4.0215979,0.18928561,-0.94102079,0.2804476,0
1.1675916,-2.0863943,-4.8343658,-0.36619073,-0.3326568,-0.86904752,0
-0.23721935,-1.4429303,0.093639016,0.18928561,-0.94102079,0.2804476,0
2.8030636,0.88661861,3.7862272,0.36619073,0.3326568,0.86904752,0
1.8200748,1.3233516,-2.5846677,-0.18928561,0.94102079,-0.2804476,0
3.4051573,-1.055719,0.10429072,0.18928561,-0.94102079,0.2804476,0
-2.3006763,-0.36733875,2.5504055,-0.91108453,-0.061800875,0.40756023,0
-1.1724639,0.77525234,-1.6370372,-0.18928561,0.94102079,-0.2804476,0
0.04792428,-2.6115923,-3.3670084,0.18928561,-0.94102079,0.2804476,0
-2.1613233,-1.2096552,-3.7429242,-0.36619073,-0.3326568,-0.86904752,0
2.936264,-1.0260272,0.29612911,0.18928561,-0.94102079,0.2804476,0
-4.0671835,-0.68999636,-3.0465527,-0.36619073,-0.3326568,-0.86904752,0
-0.058234453,-1.0585486,-4.9683323,-0.36619073,-0.3326568,-0.86904752,0
3.4704862,1.6074998,0.53600144,0.91108453,0.061800875,-0.40756023,0
-0.56403708,-0.68848515,3.249764,0.18928561,-0.94102079,0.2804476,0
3.5687876,1.4103408,0.54682374,0.91108453,0.061800875,-0.40756023,0
-0.55135596,-1.1488502,1.4546106,0.18928561,-0.94102079,0.2804476,0
-2.1889689,-1.1881469,2.1213648,-0.91108453,-0.061800875,0.40756023,0
1.4058459,2.5510783,1.8675666,-0.18928561,0.94102079,-0.2804476,0
0.67859459,1.6830316,4.3652458,0.36619073,0.3326568,0.86904752,0
-4.0504074,0.025102973,-2.0462213,-0.18928561,0.94102079,-0.2804476,0
-3.0873897,0.65137899,0.86551988,-0.91108453,-0.061800875,0.40756023,0
-1.4820807,-1.1083541,2.9618895,0.18928561,-0.94102079,0.2804476,0
-1.9482017,-1.3015914,-3.8119831,-0.36619073,-0.3326568,-0.86904752,0
2.4692245,0.078279138,3.4628706,0.18928561,-0.94102079,0.2804476,0
-1.3410525,-2.4903088,-3.5750046,-0.36619073,-0.3326568,-0.86904752,0
-0.68580222,2.353291,2.9264762,-0.18928561,0.94102079,-0.2804476,0
2.9182203,0.73988765,-0.58902049,0.91108453,0.061800875,-0.40756023,0
3.8759315,0.83930635,3.2830534,0.36619073,0.3326568,0.86904752,0
0.61284852,0.91667867,-2.9898338,-0.18928561,0.94102079,-0.2804476,0
1.8543098,-0.15825808,4.0664921,0.18928561,-0.94102079,0.2804476,0
0.048318982,2.4114249,2.5428894,-0.18928561,0.94102079,-0.2804476,0
-0.69153357,0.96102995,5.0891495,0.36619073,0.3326568,0.86904752,0
-0.60490364,1.0853703,-1.9266993,-0.18928561,0.94102079,-0.2804476,0
-1.5922909,2.1659417,4.3182096,-0.91108453,-0.061800875,0.40756023,0
-2.1703284,1.7891787,2.5828102,-0.91108453,-0.061800875,0.40756023,0
-0.90922785,-0.15076566,5.0750389,0.18928561,-0.94102079,0.2804476,0
1.7971017,1.4243691,-2.0937099,-0.18928561,0.94102079,-0.2804476,0
2.7632756,-1.2832271,-1.7569443,0.91108453,0.061800875,-0.40756023,0
1.2523257,1.0919139,4.377707,0.36619073,0.3326568,0.86904752,0
0.53119725,2.5368276,2.273844,-0.18928561,0.94102079,-0.2804476,0
0.069271624,-1.2446592,1.2107878,0.18928561,-0.94102079,0.2804476,0
0.92936754,-1.9298815,-5.0456324,-0.36619073,-0.3326568,-0.86904752,0
2.2582769,0.0028675795,3.8009996,0.18928561,-0.94102079,0.2804476,0
0.12004548,1.962882,1.0242873,-0.18928561,0.94102079,-0.2804476,0
1.0166609,2.370753,1.8750484,-0.18928561,0.94102079,-0.2804476,0
1.5138612,1.1927159,-2.5710549,-0.18928561,0.94102079,-0.2804476,0
-0.082041264,0.4120273,5.2563906,0.36619073,0.3326568,0.86904752,0
2.7491412,0.71811402,-1.3635648,0.91108453,0.061800875,-0.40756023,0
0.092590988,1.5890996,-0.72501189,-0.18928561,0.94102079,-0.2804476,0
-2.7470288,0.19681939,0.84893113,-0.91108453,-0.061800875,0.40756023,0
-0.68676281,-0.4501729,4.0890951,0.18928561,-0.94102079,0.2804476,0
0.94372439,2.0730269,4.0435991,0.36619073,0.3326568,0.86904752,0
0.85947847,-2.5739861,-4.5009665,-0.36619073,-0.3326568,-0.86904752,0
1.9249516,-1.4942501,-3.6765711,0.91108453,0.061800875,-0.40756023,0
-1.1319946,-1.7380728,-4.2406888,-0.36619073,-0.3326568,-0.86904752,0
1.4647446,-0.33573037,-3.6765609,0.91108453,0.061800875,-0.40756023,0
4.0691133,1.0699935,1.8105226,0.91108453,0.061800875,-0.40756023,0
1.4075853,0.11202753,4.594666,0.36619073,0.3326568,0.86904752,0
0.49656177,1.9870384,4.3736548,0.36619073,0.3326568,0.86904752,0
2.8070681,-1.1313614,-0.77979946,0.18928561,-0.94102079,0.2804476,0
-3.0865879,-0.13878024,-0.024648428,-0.91108453,-0.061800875,0.40756023,0
0.36566293,1.4928514,-0.9696101,-0.18928561,0.94102079,-0.2804476,0
-0.36566263,-1.7346776,-0.12181145,0.18928561,-0.94102079,0.2804476,0
2.7057862,0.9238081,-1.0248216,0.91108453,0.061800875,-0.40756023,0
-2.0150239,-1.7901214,-3.4819131,-0.36619073,-0.3326568,-0.86904752,0
0.30977249,-0.67565596,-5.0020924,-0.36619073,-0.3326568,-0.86904752,0
0.91992199,2.0503759,3.9953079,0.36619073,0.3326568,0.86904752,0
4.0865312,2.1019483,1.8288937,0.91108453,0.061800875,-0.40756023,0
-0.83817458,-2.5682106,-4.0451913,-0.36619073,-0.3326568,-0.86904752,0
-1.4295595,-1.7708143,0.88475752,0.18928561,-0.94102079,0.2804476,0
-2.912868,-0.37293878,1.2833761,-0.91108453,-0.061800875,0.40756023,0
3.8118446,0.97624731,0.96435833,0.91108453,0.061800875,-0.40756023,0
-0.3454721,-0.66889745,3.9873888,0.18928561,-0.94102079,0.2804476,0
-3.8428307,-2.8764305,-1.7195096,-0.91108453,-0.061800875,0.40756023,0
1.849798,-1.7407153,-3.0685427,0.91108453,0.061800875,-0.40756023,0
0.3399806,1.7698045,0.44949615,-0.18928561,0.94102079,-0.2804476,0
-2.3909628,1.5104046,2.4265623,-0.91108453,-0.061800875,0.40756023,0
-1.9863915,0.88886559,2.8026898,-0.91108453,-0.061800875,0.40756023,0
3.0977833,0.94194186,-0.11922741,0.91108453,0.061800875,-0.40756023,0
-1.6050662,0.12355494,-3.743417,-0.18928561,0.94102079,-0.2804476,0
-3.213378,0.37263095,0.39029408,-0.91108453,-0.061800875,0.40756023,0
1.5852633,-2.0664458,-3.8795846,0.91108453,0.061800875,-0.40756023,0
2.469934,0.95365608,-1.6830701,0.91108453,0.061800875,-0.40756023,0
-3.109401,0.61296332,0.18833458,-0.91108453,-0.061800875,0.40756023,0
3.8114219,0.17963934,1.5725131,0.91108453,0.061800875,-0.40756023,0
-1.8798277,1.5923167,1.2582142,-0.18928561,0.94102079,-0.2804476,0
-0.84217072,-0.25282669,4.7746115,0.18928561,-0.94102079,0.2804476,0
-3.785953,0.41069984,-0.62266088,-0.91108453,-0.061800875,0.40756023,0
2.4426184,-0.83268255,-2.1083226,0.91108453,0.061800875,-0.40756023,0
0.66057277,1.7617838,0.38103056,-0.18928561,0.94102079,-0.2804476,0
2.1509726,-1.0594397,-2.9432282,0.91108453,0.061800875,-0.40756023,0
0.64647555,0.43977827,4.5499601,0.36619073,0.3326568,0.86904752,0
1.3968282,-0.20567909,-3.935473,0.91108453,0.061800875,-0.40756023,0
1.927731,1.9236419,3.8422427,0.36619073,0.3326568,0.86904752,0
-1.1099267,1.0716524,5.1092491,0.36619073,0.3326568,0.86904752,0
2.8161297,2.617728,1.6416903,-0.18928561,0.94102079,-0.2804476,0
-2.6084056,0.027285814,-2.7844136,-0.18928561,0.94102079,-0.2804476,0
-3.8499465,-2.0817542,-1.3989577,-0.91108453,-0.061800875,0.40756023,0
0.65128589,2.8441472,3.6597319,0.36619073,0.3326568,0.86904752,0
0.2795682,-2.3747377,-2.340451,0.18928561,-0.94102079,0.2804476,0
-1.7683671,1.9339839,2.5364747,-0.18928561,0.94102079,-0.2804476,0
3.8572025,1.4278405,3.0742946,0.36619073,0.3326568,0.86904752,0
2.6998322,1.0680107,-1.6176127,0.91108453,0.061800875,-0.40756023,0
-1.0313293,-2.3060758,-3.6362486,-0.36619073,-0.3326568,-0.86904752,0
1.7498685,1.1332097,3.9889436,0.36619073,0.3326568,0.86904752,0
3.0388682,-0.20795721,-0.61708844,0.91108453,0.061800875,-0.40756023,0
2.0527098,2.4761293,3.2008395,0.36619073,0.3326568,0.86904752,0
2.2218063,-0.12879193,-2.5466061,0.91108453,0.061800875,-0.40756023,0
1.8940303,-1.5275319,-1.1998452,0.18928561,-0.94102079,0.2804476,0
3.9839339,2.511332,1.7948046,0.91108453,0.061800875,-0.40756023,0
-3.9767931,-1.8895483,-1.9761705,-0.91108453,-0.061800875,0.40756023,0
-4.3482008,-1.5122409,-2.9804521,-0.36619073,-0.3326568,-0.86904752,0
-2.6165121,-0.65143847,1.4349918,-0.91108453,-0.061800875,0.40756023,0
0.52278012,2.245903,1.8030109,-0.18928561,0.94102079,-0.2804476,0
-3.7367499,-0.73319018,-0.71958566,-0.91108453,-0.061800875,0.40756023,0
0.2597909,0.098661184,4.8480406,0.36619073,0.3326568,0.86904752,0
0.65995407,-2.3929214,-2.7623234,0.18928561,-0.94102079,0.2804476,0
1.610635,1.3686548,-2.0063798,-0.18928561,0.94102079,-0.2804476,0
1.7271647,-1.2272713,-3.1970997,0.91108453,0.061800875,-0.40756023,0
2.0043859,2.3718386,3.3228059,0.36619073,0.3326568,0.86904752,0
-3.1780031,-1.6807092,-3.2630987,-0.36619073,-0.3326568,-0.86904752,0
1.4061632,-0.1390506,-4.5387707,0.91108453,0.061800875,-0.40756023,0
3.1891146,0.98405242,3.2950602,0.36619073,0.3326568,0.86904752,0
-0.37642717,2.4441659,2.7598648,-0.18928561,0.94102079,-0.2804476,0
1.7228872,0.25109875,4.4028587,0.36619073,0.3326568,0.86904752,0
2.1352708,0.77793819,4.0306444,0.36619073,0.3326568,0.86904752,0
3.3210495,0.87133867,3.531662,0.36619073,0.3326568,0.86904752,0
-2.3114386,-1.5965054,0.84480679,0.18928561,-0.94102079,0.2804476,0
1.557439,2.2082081,1.1018193,-0.18928561,0.94102079,-0.2804476,0
-0.29872513,1.3877232,4.7006035,0.36619073,0.3326568,0.86904752,0
-1.4025025,-0.082158387,4.5570869,-0.91108453,-0.061800875,0.40756023,0
-0.47437215,-0.68124402,2.9093251,0.18928561,-0.94102079,0.2804476,0
2.5903103,-1.5573479,-1.9397258,0.91108453,0.061800875,-0.40756023,0
-3.0525546,-0.11713195,-3.2639694,-0.18928561,0.94102079,-0.2804476,0
1.7522019,-0.55026275,2.118757,0.18928561,-0.94102079,0.2804476,0
-0.53771996,-1.5021846,-4.2045345,-0.36619073,-0.3326568,-0.86904752,0
1.7897776,2.7816179,3.2503948,0.36619073,0.3326568,0.86904752,0
-1.9301125,0.41147417,-2.0148718,-0.18928561,0.94102079,-0.2804476,0
4.1229544,2.7633615,2.4329081,0.91108453,0.061800875,-0.40756023,0
-2.7211049,-1.2388415,0.8889603,-0.91108453,-0.061800875,0.40756023,0
2.7330134,-0.084803611,-1.5815284,0.91108453,0.061800875,-0.40756023,0
-0.69394135,-2.7740912,-4.0485568,-0.36619073,-0.3326568,-0.86904752,0
-3.4484627,-0.46126196,-0.20891261,-0.91108453,-0.061800875,0.40756023,0
0.36398411,-2.0190134,-0.99835515,0.18928561,-0.94102079,0.2804476,0
-0.8726182,0.10112929,5.6818132,-0.91108453,-0.061800875,0.40756023,0
3.1321592,-1.036819,0.15382338,0.18928561,-0.94102079,0.2804476,0
-0.41007179,-1.8840677,-1.0262623,0.18928561,-0.94102079,0.2804476,0
-2.4891427,0.71677202,2.3742011,-0.91108453,-0.061800875,0.40756023,0
3.2774045,0.018942416,-0.1928153,0.91108453,0.061800875,-0.40756023,0
0.52531397,-1.5069097,0.30086935,0.18928561,-0.94102079,0.2804476,0
1.6012144,-1.6339587,-4.0362916,0.91108453,0.061800875,-0.40756023,0
-3.2876441,0.73764914,-0.35720754,-0.18928561,0.94102079,-0.2804476,0
1.1633953,-0.07467711,4.1997986,0.18928561,-0.94102079,0.2804476,0
0.83439994,-2.0689564,-2.3063884,0.18928561,-0.94102079,0.2804476,0
0.40084291,1.682744,4.2181711,0.36619073,0.3326568,0.86904752,0
-0.09180665,-0.0088825226,5.0818801,0.36619073,0.3326568,0.86904752,0
1.5097396,-1.9917119,-2.4739809,0.18928561,-0.94102079,0.2804476,0
1.8993764,0.66063613,-2.6274319,0.91108453,0.061800875,-0.40756023,0
-2.3231008,-1.4246764,1.5772309,-0.91108453,-0.061800875,0.40756023,0
-1.8002695,0.48730743,-2.519043,-0.18928561,0.94102079,-0.2804476,0
3.1165941,-0.2819615,-0.28912234,0.91108453,0.061800875,-0.40756023,0
-3.9950614,-0.43871766,-1.9100213,-0.91108453,-0.061800875,0.40756023,0
2.8517139,-0.86373079,1.2065177,0.18928561,-0.94102079,0.2804476,0
2.0857024,2.4567964,3.1375508,0.36619073,0.3326568,0.86904752,0
-3.0094385,0.19859445,0.77561486,-0.91108453,-0.061800875,0.40756023,0
3.3438108,-0.5883044,0.093349934,0.91108453,0.061800875,-0.40756023,0
4.0158157,0.092402458,1.3113933,0.91108453,0.061800875,-0.40756023,0
-1.2377341,-1.8218241,-0.099061012,0.18928561,-0.94102079,0.2804476,0
4.2007742,2.5567784,2.4271355,0.91108453,0.061800875,-0.40756023,0
2.8906958,0.76607716,3.6080699,0.36619073,0.3326568,0.86904752,0
2.3106744,-1.4137882,-2.4048147,0.91108453,0.061800875,-0.40756023,0
-2.5567052,-2.0090191,0.80976605,0.18928561,-0.94102079,0.2804476,0
0.10336065,1.9024435,4.5167713,0.36619073,0.3326568,0.86904752,0
2.4607458,0.45124078,3.9322033,0.36619073,0.3326568,0.86904752,0
1.425209,-1.4914968,-4.4061146,0.91108453,0.061800875,-0.40756023,0
-2.2216852,-0.40847313,-4.1509838,-0.36619073,-0.3326568,-0.86904752,0
-2.6470792,-2.1940646,0.44159842,0.18928561,-0.94102079,0.2804476,0
0.96806228,1.8591856,4.1534958,0.36619073,0.3326568,0.86904752,0
-1.359934,-1.9504175,-0.33932436,0.18928561,-0.94102079,0.2804476,0
-4.1270685,-0.33524275,-2.1796756,-0.91108453,-0.061800875,0.40756023,0
-3.7684691,-1.372643,-1.7213287,-0.91108453,-0.061800875,0.40756023,0
-3.8182292,-1.1672699,-1.5315289,-0.91108453,-0.061800875,0.40756023,0
2.9526579,-0.79787242,-0.68025357,0.91108453,0.061800875,-0.40756023,0
2.8121765,3.1684196,2.7279344,-0.18928561,0.94102079,-0.2804476,0
1.8229586,-1.1216627,0.33196795,0.18928561,-0.94102079,0.2804476,0
-0.044763207,2.059623,1.3952979,-0.18928561,0.94102079,-0.2804476,0
-1.6143212,0.44687918,4.2941675,-0.91108453,-0.061800875,0.40756023,0
2.3668685,0.63036799,-2.1429057,0.91108453,0.061800875,-0.40756023,0
3.2312436,0.36942172,0.062722921,0.91108453,0.061800875,-0.40756023,0
-2.9372618,-1.0316107,0.75136423,-0.91108453,-0.061800875,0.40756023,0
-3.4215777,-1.1548002,-3.2265253,-0.36619073,-0.3326568,-0.86904752,0
0.80825901,0.9066627,-2.4127705,-0.18928561,0.94102079,-0.2804476,0
4.4258747,0.39397669,3.1499753,0.36619073,0.3326568,0.86904752,0
0.98535919,0.17671323,-5.476387,-0.36619073,-0.3326568,-0.86904752,0
2.6516619,1.3930173,-0.79984713,0.91108453,0.061800875,-0.40756023,0
-2.2039163,-1.848001,0.53850782,0.18928561,-0.94102079,0.2804476,0
-2.906852,-2.6627402,-1.3203993,0.18928561,-0.94102079,0.2804476,0
4.3570833,0.63643199,2.1534052,0.91108453,0.061800875,-0.40756023,0
-0.8728683,-1.5399011,-4.0476298,-0.36619073,-0.3326568,-0.86904752,0
-2.8953629,-0.17111719,-3.8636675,-0.36619073,-0.3326568,-0.86904752,0
0.70103073,0.81977314,4.3949804,0.36619073,0.3326568,0.86904752,0
1.4340618,2.1621575,3.9649296,0.36619073,0.3326568,0.86904752,0
3.7011654,0.87462193,0.80360031,0.91108453,0.061800875,-0.40756023,0
-1.8056402,-0.26481086,2.969543,-0.91108453,-0.061800875,0.40756023,0
3.0037305,1.5215025,-0.63540876,0.91108453,0.061800875,-0.40756023,0
-3.3219533,0.67865402,-0.43037009,-0.91108453,-0.061800875,0.40756023,0
-3.4461205,0.32594526,-0.15735507,-0.91108453,-0.061800875,0.40756023,0
0.78508377,-1.469604,-4.7537603,-0.36619073,-0.3326568,-0.86904752,0
2.8883972,1.7948602,-0.83628833,-0.18928561,0.94102079,-0.2804476,0
-1.5354044,0.89136922,3.6941619,-0.91108453,-0.061800875,0.40756023,0
-1.585103,0.89414752,4.2312746,-0.91108453,-0.061800875,0.40756023,0
-2.4482377,-0.41765112,1.8815646,-0.91108453,-0.061800875,0.40756023,0
0.70964599,1.0911101,4.3801994,0.36619073,0.3326568,0.86904752,0
-0.45145434,0.83188581,-2.2621274,-0.18928561,0.94102079,-0.2804476,0
3.1846433,1.2492421,3.5204411,0.36619073,0.3326568,0.86904752,0
-3.0558765,-0.58529037,0.32139885,-0.91108453,-0.061800875,0.40756023,0
-2.729269,-1.1377463,1.0651419,-0.91108453,-0.061800875,0.40756023,0
2.0405478,-0.85554487,1.3290553,0.18928561,-0.94102079,0.2804476,0
-1.3634229,-1.9060946,-4.0159736,-0.36619073,-0.3326568,-0.86904752,0
-3.6203537,-2.6516542,-2.6238656,-0.36619073,-0.3326568,-0.86904752,0
1.2998543,-1.8892024,-4.6611013,0.91108453,0.061800875,-0.40756023,0
-0.83867174,1.4076571,0.45832813,-0.18928561,0.94102079,-0.2804476,0
-2.8948746,0.87495697,0.69005853,-0.91108453,-0.061800875,0.40756023,0
-1.5849407,-0.92739499,3.2664199,0.18928561,-0.94102079,0.2804476,0
-0.87843084,-0.33456916,4.4482212,0.18928561,-0.94102079,0.2804476,0
-0.54154336,-1.2255411,1.8973808,0.18928561,-0.94102079,0.2804476,0
-2.9279013,-2.1135113,0.40977812,-0.91108453,-0.061800875,0.40756023,0
1.6270256,-2.0631156,-2.3865213,0.18928561,-0.94102079,0.2804476,0
-0.49802661,0.58226764,-3.3688147,-0.18928561,0.94102079,-0.2804476,0
-1.1737192,-1.0842295,3.0279667,0.18928561,-0.94102079,0.2804476,0
-3.5148139,-0.74003297,-3.2194862,-0.36619073,-0.3326568,-0.86904752,0
-1.5359638,-2.4855354,-3.5195985,-0.36619073,-0.3326568,-0.86904752,0
-0.3979857,1.3937534,-0.59110564,-0.18928561,0.94102079,-0.2804476,0
1.1346709,0.58423048,4.3001056,0.36619073,0.3326568,0.86904752,0
0.16077256,-2.0319133,-2.2562494,0.18928561,-0.94102079,0.2804476,0
0.24735928,2.2733054,4.3003726,0.36619073,0.3326568,0.86904752,0
-3.2868834,-2.4110138,-0.82199359,0.18928561,-0.94102079,0.2804476,0
3.7068071,0.21600574,0.97411084,0.91108453,0.061800875,-0.40756023,0
-2.1735468,-1.6391238,-3.5330911,-0.36619073,-0.3326568,-0.86904752,0
-1.8354145,-1.9038074,0.26971436,0.18928561,-0.94102079,0.2804476,0
3.6774566,1.2099476,3.3140116,0.36619073,0.3326568,0.86904752,0
-1.5438328,-0.025364161,4.2713718,-0.91108453,-0.061800875,0.40756023,0
-0.099208117,-0.37909567,4.4091673,0.18928561,-0.94102079,0.2804476,0
-1.6814394,0.94797188,3.3751831,-0.91108453,-0.061800875,0.40756023,0
0.25135249,-1.5304698,-0.15622628,0.18928561,-0.94102079,0.2804476,0
0.1931119,-0.54185104,3.4416053,0.18928561,-0.94102079,0.2804476,0
1.1998045,2.6229835,3.5703597,0.36619073,0.3326568,0.86904752,0
2.4365127,1.6468912,-1.9186612,-0.18928561,0.94102079,-0.2804476,0
2.6717834,0.29452962,-0.888605,0.91108453,0.061800875,-0.40756023,0
4.3685861,-0.20116043,2.3928504,0.18928561,-0.94102079,0.2804476,0
2.894834,0.82293314,-0.776649,0.91108453,0.061800875,-0.40756023,0
-0.99543774,1.6710508,0.32959318,-0.18928561,0.94102079,-0.2804476,0
1.2424197,0.38223267,-4.4600892,-0.18928561,0.94102079,-0.2804476,0
-0.79454947,0.50218725,5.1915307,0.36619073,0.3326568,0.86904752,0
-1.4010999,-2.2292168,-1.7722147,0.18928561,-0.94102079,0.2804476,0
1.3421273,1.755204,-0.67779219,-0.18928561,0.94102079,-0.2804476,0
-3.7196274,0.44148993,-0.8757782,-0.18928561,0.94102079,-0.2804476,0
0.61809063,-0.98077071,-5.2167244,-0.36619073,-0.3326568,-0.86904752,0
-3.7758312,-0.55228895,-1.2852199,-0.91108453,-0.061800875,0.40756023,0
-2.3717136,0.67333668,2.6052802,-0.91108453,-0.061800875,0.40756023,0
2.4067061,-1.0966138,-0.18463099,0.18928561,-0.94102079,0.2804476,0
0.80150652,-2.1043782,-4.6345701,-0.36619073,-0.3326568,-0.86904752,0
0.41029072,-1.3148857,1.2504654,0.18928561,-0.94102079,0.2804476,0
2.4213979,-0.58249384,-1.6440876,0.91108453,0.061800875,-0.40756023,0
-0.42841268,1.8202573,4.5780153,0.36619073,0.3326568,0.86904752,0
-1.7911325,0.50706089,-2.8773832,-0.18928561,0.94102079,-0.2804476,0
3.0344379,-1.2369132,-1.2347268,0.91108453,0.061800875,-0.40756023,0
-4.4732757,-0.73629957,-2.5032654,-0.91108453,-0.061800875,0.40756023,0
3.1475792,-0.93632281,0.78652954,0.18928561,-0.94102079,0.2804476,0
1.3918877,-0.55004948,-4.0740337,0.91108453,0.061800875,-0.40756023,0
-2.5879059,-2.420732,-2.9311552,-0.36619073,-0.3326568,-0.86904752,0
4.3603296,0.62468803,2.3007002,0.91108453,0.061800875,-0.40756023,0
-2.3555336,0.068462014,-3.341156,-0.18928561,0.94102079,-0.2804476,0
-3.7637839,-3.1375761,-2.1644516,-0.36619073,-0.3326568,-0.86904752,0
-0.6611824,-1.2139693,-4.2844105,-0.36619073,-0.3326568,-0.86904752,0
-1.7228124,0.31744146,-3.5152693,-0.18928561,0.94102079,-0.2804476,0
-0.87441081,1.380688,-0.6445263,-0.18928561,0.94102079,-0.2804476,0
-2.6931233,0.24498117,1.852174,-0.91108453,-0.061800875,0.40756023,0
3.6826911,2.2069716,2.5889363,0.36619073,0.3326568,0.86904752,0
-1.6215348,0.14455855,3.7655225,-0.91108453,-0.061800875,0.40756023,0
-0.91019154,2.1540647,4.7205443,0.36619073,0.3326568,0.86904752,0
1.302726,-0.25754941,3.655782,0.18928561,-0.94102079,0.2804476,0
-0.80757391,1.2151396,-0.77338678,-0.18928561,0.94102079,-0.2804476,0
1.5933647,-1.3454225,-4.3389235,0.91108453,0.061800875,-0.40756023,0
0.1909852,-1.5436043,-4.7761383,-0.36619073,-0.3326568,-0.86904752,0
-3.1551621,-0.87547159,-0.017891407,-0.91108453,-0.061800875,0.40756023,0
-3.2336073,-3.0362008,-2.3071122,0.18928561,-0.94102079,0.2804476,0
-4.2484174,-1.8865981,-2.5033512,-0.91108453,-0.061800875,0.40756023,0
-1.6554139,-0.18516314,-4.2798076,-0.36619073,-0.3326568,-0.86904752,0
-2.4910927,0.60465199,2.1017103,-0.91108453,-0.061800875,0.40756023,0
-0.22378923,1.7133402,0.054147035,-0.18928561,0.94102079,-0.2804476,0
3.4878533,1.5499705,0.6754241,0.91108453,0.061800875,-0.40756023,0
-1.8057463,0.25245225,-3.8522329,-0.18928561,0.94102079,-0.2804476,0
1.5477359,1.4544047,-1.3152518,-0.18928561,0.94102079,-0.2804476,0
-2.0615008,-2.7244859,-2.2302153,0.18928561,-0.94102079,0.2804476,0
-0.15904045,1.3737317,4.8217411,0.36619073,0.3326568,0.86904752,0
-1.0710549,-2.9929671,-3.2589264,0.18928561,-0.94102079,0.2804476,0
3.8134294,2.8193266,1.6751719,0.91108453,0.061800875,-0.40756023,0
-0.22495246,-2.4020166,-4.1586351,-0.36619073,-0.3326568,-0.86904752,0
3.3406515,0.49320412,3.5696511,0.36619073,0.3326568,0.86904752,0
1.8958786,-0.79113525,0.99984562,0.18928561,-0.94102079,0.2804476,0
-2.5601895,0.45459712,-2.5667765,-0.18928561,0.94102079,-0.2804476,0
-0.86496353,0.4616459,-2.5665567,-0.18928561,0.94102079,-0.2804476,0
-4.2477918,-0.8489545,-2.2863498,-0.91108453,-0.061800875,0.40756023,0
-3.4245265,-2.1933961,-1.0080175,-0.91108453,-0.061800875,0.40756023,0
-2.0091116,0.28051388,2.422667,-0.91108453,-0.061800875,0.40756023,0
1.5963202,-0.1796298,-4.1661396,0.91108453,0.061800875,-0.40756023,0
3.7665315,2.1464796,1.6093106,0.91108453,0.061800875,-0.40756023,0
-1.1068332,-2.6535606,-2.1537623,0.18928561,-0.94102079,0.2804476,0
1.3947301,0.55989778,-3.8672819,-0.18928561,0.94102079,-0.2804476,0
0.31395006,1.7443051,4.3653631,0.36619073,0.3326568,0.86904752,0
3.476254,-0.66765893,1.1460748,0.18928561,-0.94102079,0.2804476,0
-3.0253544,-1.145201,0.80611968,-0.91108453,-0.061800875,0.40756023,0
1.2710998,1.9539115,0.27774024,-0.18928561,0.94102079,-0.2804476,0
-1.0259337,-1.889107,-4.0320544,-0.36619073,-0.3326568,-0.86904752,0
-3.3560102,-2.0101221,-2.7803993,-0.36619073,-0.3326568,-0.86904752,0
3.1678083,0.46463513,3.7347293,0.36619073,0.3326568,0.86904752,0
2.381032,-1.215071,-1.030836,0.18928561,-0.94102079,0.2804476,0
0.71410608,-0.40883416,-5.233222,-0.36619073,-0.3326568,-0.86904752,0
1.4290376,2.2143023,3.5810571,0.36619073,0.3326568,0.86904752,0
-1.6730757,-0.95822704,-4.1835885,-0.36619073,-0.3326568,-0.86904752,0
0.64616799,-2.6247222,-3.3774769,0.18928561,-0.94102079,0.2804476,0
3.3128049,1.3727365,-0.20966482,0.91108453,0.061800875,-0.40756023,0
3.4948647,-0.64911366,0.11886311,0.91108453,0.061800875,-0.40756023,0
-0.3371799,-0.45832014,-4.9818554,-0.36619073,-0.3326568,-0.86904752,0
-1.6777296,-0.61568373,3.8004112,-0.91108453,-0.061800875,0.40756023,0
4.2062974,0.15974522,3.4276352,0.18928561,-0.94102079,0.2804476,0
-0.020620584,2.695859,3.9296536,0.36619073,0.3326568,0.86904752,0
2.4916079,2.8194375,2.4194613,-0.18928561,0.94102079,-0.2804476,0
-3.367281,-2.1399376,-0.15347981,-0.91108453,-0.061800875,0.40756023,0
3.4370236,0.67416751,0.73766494,0.91108453,0.061800875,-0.40756023,0
0.51521611,1.1209337,4.4429379,0.36619073,0.3326568,0.86904752,0
-2.5551591,0.692002,1.9529933,-0.91108453,-0.061800875,0.40756023,0
-2.3304048,1.5469193,1.3160378,-0.18928561,0.94102079,-0.2804476,0
-4.1217546,-1.4451098,-2.5507069,-0.91108453,-0.061800875,0.40756023,0
0.93153334,-0.30687618,-5.2409954,-0.36619073,-0.3326568,-0.86904752,0
-0.066982865,-2.324223,-1.7507799,0.18928561,-0.94102079,0.2804476,0
-1.2050451,-1.4431782,1.3198639,0.18928561,-0.94102079,0.2804476,0
4.2570405,0.86097682,2.6783524,0.91108453,0.061800875,-0.40756023,0
0.039482832,-2.4704037,-4.2774391,-0.36619073,-0.3326568,-0.86904752,0
0.47479612,-1.4559993,-0.33442354,0.18928561,-0.94102079,0.2804476,0
-1.6946883,-2.3568821,-1.9816132,0.18928561,-0.94102079,0.2804476,0
-0.47658491,1.7674339,4.8548298,0.36619073,0.3326568,0.86904752,0
0.68167877,1.1017692,4.5589619,0.36619073,0.3326568,0.86904752,0
-1.3679258,-1.580447,-4.1064649,-0.36619073,-0.3326568,-0.86904752,0
-0.2198441,-2.6256311,-4.2951627,-0.36619073,-0.3326568,-0.86904752,0
2.6689312,-1.0260044,-1.7828619,0.91108453,0.061800875,-0.40756023,0
-2.2338722,-0.36784407,2.6098664,-0.91108453,-0.061800875,0.40756023,0
1.5434929,-0.75208515,1.7254267,0.18928561,-0.94102079,0.2804476,0
3.6078579,-0.001375854,0.36416745,0.91108453,0.061800875,-0.40756023,0
-2.3625064,-0.52976638,-3.7534776,-0.36619073,-0.3326568,-0.86904752,0
-1.4222693,-0.34299397,4.2200713,-0.91108453,-0.061800875,0.40756023,0
0.49447957,2.029577,1.4024551,-0.18928561,0.94102079,-0.2804476,0
0.029045343,-2.6686428,-3.7876914,0.18928561,-0.94102079,0.2804476,0
1.8769808,-1.4626763,-3.3872967,0.91108453,0.061800875,-0.40756023,0
2.430886,-0.74583918,-1.724821,0.91108453,0.061800875,-0.40756023,0
-2.4823811,-0.25825498,2.2356317,-0.91108453,-0.061800875,0.40756023,0
-2.1004,1.9223167,2.6590369,-0.91108453,-0.061800875,0.40756023,0
1.7027961,2.5704365,3.4967585,0.36619073,0.3326568,0.86904752,0
-0.42628264,1.9624426,4.7842083,0.36619073,0.3326568,0.86904752,0
1.0141451,-1.2477585,0.85826588,0.18928561,-0.94102079,0.2804476,0
-0.92448378,-0.29142189,4.9943318,-0.91108453,-0.061800875,0.40756023,0
-3.5874991,-3.0264266,-1.9003158,0.18928561,-0.94102079,0.2804476,0
1.3696628,0.45011735,-4.0827751,0.91108453,0.061800875,-0.40756023,0
-1.7060061,-1.2885025,1.6464657,0.18928561,-0.94102079,0.2804476,0
-2.0606129,1.4918549,2.8246355,-0.91108453,-0.061800875,0.40756023,0
2.95663,1.7292528,3.2309155,0.36619073,0.3326568,0.86904752,0
0.20011485,-1.4827203,-0.12463355,0.18928561,-0.94102079,0.2804476,0
-1.9055703,-1.2300866,-3.7966819,-0.36619073,-0.3326568,-0.86904752,0
-1.2013831,0.35485205,4.4383106,-0.91108453,-0.061800875,0.40756023,0
1.9540792,-2.074316,-3.4988742,0.91108453,0.061800875,-0.40756023,0
0.3505595,-1.4401157,0.1348623,0.18928561,-0.94102079,0.2804476,0
2.4177949,0.55640805,-1.8907549,0.91108453,0.061800875,-0.40756023,0
-3.8255913,-2.5267291,-1.2625551,-0.91108453,-0.061800875,0.40756023,0
2.9825418,-1.1072536,-0.061980128,0.18928561,-0.94102079,0.2804476,0
-0.54507828,-0.95797658,-4.3659725,-0.36619073,-0.3326568,-0.86904752,0
-2.8304272,-0.29305595,1.3545529,-0.91108453,-0.061800875,0.40756023,0
-1.7348909,-2.4630492,-1.2903669,0.18928561,-0.94102079,0.2804476,0
-3.0052764,-0.93308032,0.71816087,-0.91108453,-0.061800875,0.40756023,0
1.4913816,-1.7858918,-4.5468493,0.91108453,0.061800875,-0.40756023,0
-1.5201008,1.3019797,-0.32423228,-0.18928561,0.94102079,-0.2804476,0
3.653403,2.1459925,2.8712173,0.36619073,0.3326568,0.86904752,0
-1.1596246,2.4974461,3.9558318,-0.18928561,0.94102079,-0.2804476,0
2.793756,2.0967524,3.0488148,0.36619073,0.3326568,0.86904752,0
-1.6356807,1.6060727,4.2058306,-0.91108453,-0.061800875,0.40756023,0
-3.2573044,-2.2620707,-2.7292733,-0.36619073,-0.3326568,-0.86904752,0
-0.1686132,2.5704412,3.1136901,-0.18928561,0.94102079,-0.2804476,0
-0.27706766,2.8210716,4.2687764,0.36619073,0.3326568,0.86904752,0
0.84239483,-0.83902973,-5.2441854,-0.36619073,-0.3326568,-0.86904752,0
-1.1274911,1.7935935,1.4267657,-0.18928561,0.94102079,-0.2804476,0
1.314003,-0.67544675,2.8313887,0.18928561,-0.94102079,0.2804476,0
3.526392,1.8040311,0.97679591,0.91108453,0.061800875,-0.40756023,0
-3.5474522,0.56831419,-0.23255062,-0.91108453,-0.061800875,0.40756023,0
-3.2742884,-2.0807781,-2.8884215,-0.36619073,-0.3326568,-0.86904752,0
1.2682395,-2.4053464,-4.7214222,0.91108453,0.061800875,-0.40756023,0
-3.6536167,-3.0085158,-2.228333,0.18928561,-0.94102079,0.2804476,0
4.0014071,2.7887213,2.6536317,0.36619073,0.3326568,0.86904752,0
1.4755249,-1.1858935,-4.3324938,0.91108453,0.061800875,-0.40756023,0
1.3905661,-1.3144858,0.53556263,0.18928561,-0.94102079,0.2804476,0
-1.0730267,0.9174735,4.8906317,-0.91108453,-0.061800875,0.40756023,0
0.027704,-0.80282557,-4.7279243,-0.36619073,-0.3326568,-0.86904752,0
3.8435402,0.16285586,1.4254916,0.91108453,0.061800875,-0.40756023,0
-2.429426,0.77515823,2.1182828,-0.91108453,-0.061800875,0.40756023,0
-4.4767466,-0.31450844,-2.5891094,-0.91108453,-0.061800875,0.40756023,0
3.2062707,1.6788577,3.1125345,0.36619073,0.3326568,0.86904752,0
0.16885543,0.41382557,-3.4252112,-0.18928561,0.94102079,-0.2804476,0
-1.7122796,1.8003161,1.7857851,-0.18928561,0.94102079,-0.2804476,0
3.3996983,0.54102731,3.6642809,0.36619073,0.3326568,0.86904752,0
-0.55334473,0.28986484,5.5269318,0.36619073,0.3326568,0.86904752,0
2.477452,2.4655755,0.93213892,-0.18928561,0.94102079,-0.2804476,0
3.9903445,2.8901887,2.6158295,0.36619073,0.3326568,0.86904752,0
-0.82582307,-0.27837527,-4.688777,-0.36619073,-0.3326568,-0.86904752,0
2.1125808,1.0148581,-2.729804,0.91108453,0.061800875,-0.40756023,0
2.7317233,1.3451487,-0.97720534,0.91108453,0.061800875,-0.40756023,0
2.2629833,2.3647323,1.7246451,-0.18928561,0.94102079,-0.2804476,0
-0.98817849,-2.4940448,-2.7421186,0.18928561,-0.94102079,0.2804476,0
1.6035775,1.9083257,0.50252795,-0.18928561,0.94102079,-0.2804476,0
-3.885828,-1.8887806,-1.6991949,-0.91108453,-0.061800875,0.40756023,0
1.1938705,-1.9904795,-4.7785788,-0.36619073,-0.3326568,-0.86904752,0
2.2531047,-0.88003689,0.19233096,0.18928561,-0.94102079,0.2804476,0
-1.5278013,0.21325672,-4.1996756,-0.18928561,0.94102079,-0.2804476,0
-0.67586052,-2.7186482,-3.6834311,-0.36619073,-0.3326568,-0.86904752,0
-1.6206923,-1.5820512,-4.1155696,-0.36619073,-0.3326568,-0.86904752,0
-1.1052661,1.7626257,4.6845527,-0.91108453,-0.061800875,0.40756023,0
-0.6177249,-0.50605965,-4.8589406,-0.36619073,-0.3326568,-0.86904752,0
-0.88475537,-0.94645488,3.3748956,0.18928561,-0.94102079,0.2804476,0
2.8591771,1.8674263,3.3568101,0.36619073,0.3326568,0.86904752,0
1.1944587,-2.1489427,-2.6706252,0.18928561,-0.94102079,0.2804476,0
1.735411,-1.2038162,0.41583478,0.18928561,-0.94102079,0.2804476,0
-1.9204907,-1.0481404,-3.90027,-0.36619073,-0.3326568,-0.86904752,0
3.589237,0.13850719,1.0238943,0.91108453,0.061800875,-0.40756023,0
3.9736166,2.0598066,2.7970705,0.36619073,0.3326568,0.86904752,0
0.2786541,1.1585065,4.3898468,0.36619073,0.3326568,0.86904752,0
-2.0892131,0.27979785,3.0024676,-0.91108453,-0.061800875,0.40756023,0
-2.8397548,-2.6693847,-2.8486385,-0.36619073,-0.3326568,-0.86904752,0
-2.6325197,-1.1505886,1.3328089,-0.91108453,-0.061800875,0.40756023,0
-3.6007271,-2.6673837,-1.2797461,0.18928561,-0.94102079,0.2804476,0
0.9308998,-1.3106576,0.89207071,0.18928561,-0.94102079,0.2804476,0
-0.72812438,-2.7250748,-2.8952823,0.18928561,-0.94102079,0.2804476,0
2.1261573,1.1263106,3.6537609,0.36619073,0.3326568,0.86904752,0
-1.8047097,-2.8734865,-3.0932693,-0.36619073,-0.3326568,-0.86904752,0
1.1685953,-2.7467699,-4.6552973,-0.36619073,-0.3326568,-0.86904752,0
3.2014863,0.30390537,3.8842173,0.36619073,0.3326568,0.86904752,0
2.4390507,0.71085405,-2.1169431,0.91108453,0.061800875,-0.40756023,0
0.93514442,2.3613906,1.6604106,-0.18928561,0.94102079,-0.2804476,0
3.658782,0.64927673,3.4572129,0.36619073,0.3326568,0.86904752,0
-2.5295687,1.6265911,1.5948917,-0.18928561,0.94102079,-0.2804476,0
3.5367217,2.8483417,1.4160132,-0.18928561,0.94102079,-0.2804476,0
3.2103546,-0.96149337,-0.30506194,0.91108453,0.061800875,-0.40756023,0
3.4741697,-0.54535794,1.4445055,0.18928561,-0.94102079,0.2804476,0
-1.3389177,1.0068386,4.2961249,-0.91108453,-0.061800875,0.40756023,0
-3.9842091,-2.4294908,-2.7778816,-0.36619073,-0.3326568,-0.86904752,0
-4.723567,-0.26727176,-2.793386,-0.91108453,-0.061800875,0.40756023,0
0.48250771,2.2530189,4.3231869,0.36619073,0.3326568,0.86904752,0
1.3977985,0.23185456,4.5338454,0.36619073,0.3326568,0.86904752,0
1.7728996,-2.0053349,-4.1742697,0.91108453,0.061800875,-0.40756023,0
-2.488703,-1.6289301,1.6682787,-0.91108453,-0.061800875,0.40756023,0
-2.0914595,-1.6106551,0.86421955,0.18928561,-0.94102079,0.2804476,0
-0.85237777,-2.6765654,-3.7134452,-0.36619073,-0.3326568,-0.86904752,0
3.0595827,2.5224023,2.7103181,0.36619073,0.3326568,0.86904752,0
4.1993084,0.056692719,2.1053615,0.91108453,0.061800875,-0.40756023,0
-1.4598598,-1.3746028,-4.1044626,-0.36619073,-0.3326568,-0.86904752,0
-1.2597442,1.1311512,-0.23824084,-0.18928561,0.94102079,-0.2804476,0
-3.6236782,-1.2060255,-1.1601691,-0.91108453,-0.061800875,0.40756023,0
2.699724,0.87418467,-1.2254989,0.91108453,0.061800875,-0.40756023,0
-3.7292202,-0.97139192,-1.0725632,-0.91108453,-0.061800875,0.40756023,0
1.1852154,2.1268833,0.33267844,-0.18928561,0.94102079,-0.2804476,0
3.1048841,-0.1013782,3.4962268,0.18928561,-0.94102079,0.2804476,0
-3.0125399,-1.2833735,0.02665472,-0.91108453,-0.061800875,0.40756023,0
0.93855643,-2.4279802,-3.5560029,0.18928561,-0.94102079,0.2804476,0
-1.9387808,-1.1211436,2.616261,-0.91108453,-0.061800875,0.40756023,0
0.49716568,2.2618861,3.9726508,0.36619073,0.3326568,0.86904752,0
4.0519524,2.3416548,2.5054159,0.91108453,0.061800875,-0.40756023,0
-2.3089497,1.6950961,1.2153692,-0.18928561,0.94102079,-0.2804476,0
1.991585,2.6497574,2.7153139,-0.18928561,0.94102079,-0.2804476,0
-3.1682882,-0.13230872,-0.1104672,-0.91108453,-0.061800875,0.40756023,0
-3.7256446,-2.666955,-1.4076424,-0.91108453,-0.061800875,0.40756023,0
-0.93316925,-2.9294658,-3.7188807,-0.36619073,-0.3326568,-0.86904752,0
-2.2126522,-1.5194054,-3.6594176,-0.36619073,-0.3326568,-0.86904752,0
-2.1986132,-0.69088179,-4.1946735,-0.36619073,-0.3326568,-0.86904752,0
