3.5820422,-0.063028455,-2.1088464,0.821105,0.53486031,-0.19927661,0
-1.1439542,-2.9647923,-4.2236509,0.12774272,-0.51247936,-0.84914482,0
-0.88647103,-4.8343306,-2.7178402,0.55629891,-0.67178077,0.48912385,0
-2.963922,-2.6309516,-1.7470388,-0.821105,-0.53486031,0.19927661,0
-2.8885279,-3.5556741,-3.4097242,-0.821105,-0.53486031,0.19927661,0
0.17306603,1.5049837,4.9658861,0.55629891,-0.67178077,0.48912385,0
-1.6652417,-1.1209408,3.5327835,0.55629891,-0.67178077,0.48912385,0
-3.5624988,2.0741303,4.0144577,-0.12774272,0.51247936,0.84914482,0
3.1831713,-1.1183331,-4.5664945,0.12774272,-0.51247936,-0.84914482,0
3.0699708,-1.7054236,-3.089,0.55629891,-0.67178077,0.48912385,0
0.88599873,2.5770245,-0.28044343,-0.55629891,0.67178077,-0.48912385,0
-2.9149735,-2.6925845,-1.6281817,-0.821105,-0.53486031,0.19927661,0
0.34571475,-1.0124111,-5.1317101,0.12774272,-0.51247936,-0.84914482,0
-3.1957958,-1.2577475,1.4060198,-0.821105,-0.53486031,0.19927661,0
3.079443,2.9596801,3.4916372,0.821105,0.53486031,-0.19927661,0
-2.9300153,1.586171,2.4226093,-0.55629891,0.67178077,-0.48912385,0
-0.24608243,-4.7565408,-3.2204175,0.12774272,-0.51247936,-0.84914482,0
-1.5303485,-4.6911674,-3.1283026,0.12774272,-0.51247936,-0.84914482,0
-1.823215,-3.3131058,-4.3462009,0.12774272,-0.51247936,-0.84914482,0
0.67543745,-1.3435763,-5.2040401,0.12774272,-0.51247936,-0.84914482,0
-0.7461071,-2.5897236,-4.3322582,0.12774272,-0.51247936,-0.84914482,0
-0.86064053,3.7552948,2.6766076,-0.55629891,0.67178077,-0.48912385,0
-3.1643913,-0.72912836,1.7504796,-0.821105,-0.53486031,0.19927661,0
0.21200728,3.9725757,3.6252065,-0.12774272,0.51247936,0.84914482,0
-2.4106634,-4.1530681,-3.8634062,0.12774272,-0.51247936,-0.84914482,0
-2.3313694,1.2562344,5.0059204,-0.12774272,0.51247936,0.84914482,0
0.26888818,2.9366767,4.1948066,-0.12774272,0.51247936,0.84914482,0
-3.0455198,-0.28545198,4.7123919,-0.821105,-0.53486031,0.19927661,0
-0.28612477,-2.4192965,-4.4081655,0.12774272,-0.51247936,-0.84914482,0
-1.5424467,1.50131,0.73430455,-0.55629891,0.67178077,-0.48912385,0
1.159421,-2.4117758,-4.4686279,0.12774272,-0.51247936,-0.84914482,0
3.4322891,1.3906841,1.470687,0.55629891,-0.67178077,0.48912385,0
0.39280963,-1.2066506,-4.8788786,-0.55629891,0.67178077,-0.48912385,0
3.0721731,0.04126364,-4.7253532,0.821105,0.53486031,-0.19927661,0
-2.5041935,1.5414308,2.2614677,-0.55629891,0.67178077,-0.48912385,0
3.4774721,-1.7606936,-4.1652131,0.12774272,-0.51247936,-0.84914482,0
1.1779757,4.2589502,1.0588722,-0.55629891,0.67178077,-0.48912385,0
2.0997787,-1.0141354,-0.89605057,0.55629891,-0.67178077,0.48912385,0
2.8730795,1.5221161,-1.1243076,0.821105,0.53486031,-0.19927661,0
-3.7290974,-0.57253337,0.73301357,-0.821105,-0.53486031,0.19927661,0
3.532305,0.89652878,-0.85639608,0.821105,0.53486031,-0.19927661,0
3.019974,2.6059375,2.4760175,0.821105,0.53486031,-0.19927661,0
2.972729,1.7467446,-0.27602726,0.821105,0.53486031,-0.19927661,0
-1.7328331,2.5172806,3.9507623,-0.12774272,0.51247936,0.84914482,0
-0.072849154,-3.4580894,-1.4289854,0.55629891,-0.67178077,0.48912385,0
-3.2782092,-0.13642278,2.9992177,-0.821105,-0.53486031,0.19927661,0
1.4813278,-3.2251711,-2.8753896,0.55629891,-0.67178077,0.48912385,0
2.6782315,3.676724,2.6999576,0.821105,0.53486031,-0.19927661,0
-0.32838148,0.7282654,-1.6641455,-0.55629891,0.67178077,-0.48912385,0
2.2519462,-0.75505006,-4.8746972,0.12774272,-0.51247936,-0.84914482,0
-3.235481,-1.3846204,-0.45080066,-0.821105,-0.53486031,0.19927661,0
-2.0648069,-4.6546683,-2.875227,-0.821105,-0.53486031,0.19927661,0
-0.77544886,2.7619569,4.0712886,-0.12774272,0.51247936,0.84914482,0
2.8868186,3.2676702,4.3543339,-0.12774272,0.51247936,0.84914482,0
-2.3665881,-3.2333162,-0.10465705,-0.821105,-0.53486031,0.19927661,0
-1.3180124,-3.2321019,-4.1935811,0.12774272,-0.51247936,-0.84914482,0
-2.3539882,2.5975411,3.8799548,-0.12774272,0.51247936,0.84914482,0
-2.9574318,0.0018334985,5.281846,-0.12774272,0.51247936,0.84914482,0
3.9662867,-0.7201032,-3.4445939,0.821105,0.53486031,-0.19927661,0
-0.039534681,2.2193356,4.6729736,-0.12774272,0.51247936,0.84914482,0
-2.9835665,0.28579825,5.0386271,-0.821105,-0.53486031,0.19927661,0
-3.2656596,-1.37113,0.4637982,-0.821105,-0.53486031,0.19927661,0
-3.0706604,2.2397289,4.0655513,-0.12774272,0.51247936,0.84914482,0
-1.024056,-3.4399161,-0.29024565,0.55629891,-0.67178077,0.48912385,0
2.9424691,-1.0861579,-4.9589224,0.12774272,-0.51247936,-0.84914482,0
-4.1862721,0.89698523,3.1152375,-0.821105,-0.53486031,0.19927661,0
0.6158852,-1.6951187,0.39838672,0.55629891,-0.67178077,0.48912385,0
-0.20208859,4.3394341,3.0130343,-0.55629891,0.67178077,-0.48912385,0
-1.1235981,-2.0404928,1.1669583,0.55629891,-0.67178077,0.48912385,0
1.4820244,0.61088645,-4.0165706,-0.55629891,0.67178077,-0.48912385,0
0.078703046,2.5269799,0.71408308,-0.55629891,0.67178077,-0.48912385,0
-0.71148384,-0.65774941,-3.1553757,-0.55629891,0.67178077,-0.48912385,0
-0.51650065,3.4112353,2.4679618,-0.55629891,0.67178077,-0.48912385,0
-2.6793013,-2.270956,-0.025715411,-0.821105,-0.53486031,0.19927661,0
0.66621619,-2.4348593,-0.73691273,0.55629891,-0.67178077,0.48912385,0
-0.93160284,-0.1141746,-1.8443158,-0.55629891,0.67178077,-0.48912385,0
2.3921196,3.55408,2.0039766,0.821105,0.53486031,-0.19927661,0
0.10693848,-4.0654707,-3.2920179,0.12774272,-0.51247936,-0.84914482,0
-3.1584489,-2.4951994,-1.4641664,-0.821105,-0.53486031,0.19927661,0
-3.1441469,-2.2499216,-2.8452919,-0.55629891,0.67178077,-0.48912385,0
3.7047229,1.136809,-0.13430792,0.821105,0.53486031,-0.19927661,0
-3.2728751,-0.31801242,3.9978867,-0.821105,-0.53486031,0.19927661,0
0.73595238,0.11424708,1.9944143,0.55629891,-0.67178077,0.48912385,0
1.3552818,-0.56241047,-5.0354595,-0.55629891,0.67178077,-0.48912385,0
-1.1293323,3.4944582,3.4967303,-0.12774272,0.51247936,0.84914482,0
2.7679579,1.1907178,-3.9295404,0.821105,0.53486031,-0.19927661,0
-1.4329411,-2.7372615,-4.6534085,0.12774272,-0.51247936,-0.84914482,0
3.1380556,1.8435773,0.79246593,0.821105,0.53486031,-0.19927661,0
2.7710907,1.3355485,-1.6603099,0.821105,0.53486031,-0.19927661,0
-1.4145672,-5.0506043,-3.1393886,0.12774272,-0.51247936,-0.84914482,0
3.7290051,-0.18288028,-1.0763447,0.55629891,-0.67178077,0.48912385,0
2.3269856,2.8840611,0.15057981,0.821105,0.53486031,-0.19927661,0
-1.3928151,-0.56722027,3.8052056,0.55629891,-0.67178077,0.48912385,0
-3.0936627,-2.0647857,0.21310914,-0.821105,-0.53486031,0.19927661,0
-0.36537269,3.1384227,4.0917501,-0.12774272,0.51247936,0.84914482,0
-2.324667,1.5140538,1.9983759,-0.55629891,0.67178077,-0.48912385,0
1.698797,5.2967482,2.9672694,0.821105,0.53486031,-0.19927661,0
2.9102404,-1.9406146,-4.4557076,0.12774272,-0.51247936,-0.84914482,0
0.3388319,-1.122404,1.117218,0.55629891,-0.67178077,0.48912385,0
-2.4761348,-1.698946,2.1063423,-0.821105,-0.53486031,0.19927661,0
0.057267755,2.4677002,4.4584432,-0.12774272,0.51247936,0.84914482,0
0.75001812,2.6588387,4.2363615,-0.12774272,0.51247936,0.84914482,0
-2.3370252,3.0904264,3.4563646,-0.55629891,0.67178077,-0.48912385,0
-2.1240995,-4.0248828,-1.1267471,-0.821105,-0.53486031,0.19927661,0
-1.1749905,0.98270577,-0.55552024,-0.55629891,0.67178077,-0.48912385,0
4.193778,-0.83150113,-3.2008047,0.821105,0.53486031,-0.19927661,0
3.1195986,0.63931501,-2.350368,0.821105,0.53486031,-0.19927661,0
-0.74536967,-2.6489053,-4.5338564,0.12774272,-0.51247936,-0.84914482,0
-1.3398513,0.78121901,5.4196434,-0.12774272,0.51247936,0.84914482,0
-0.07069999,-2.4521022,-4.3434868,0.12774272,-0.51247936,-0.84914482,0
-3.5032225,-0.95061707,1.1864743,-0.821105,-0.53486031,0.19927661,0
2.9135768,1.665711,-0.21777031,0.821105,0.53486031,-0.19927661,0
-3.7389908,-0.92028439,0.56271034,-0.821105,-0.53486031,0.19927661,0
0.80883873,-0.71972626,1.4186494,0.55629891,-0.67178077,0.48912385,0
2.8639848,-0.73136884,-1.3379273,0.55629891,-0.67178077,0.48912385,0
-0.0091764927,0.11389935,3.3071125,0.55629891,-0.67178077,0.48912385,0
2.6193461,2.1288114,-0.86402237,0.821105,0.53486031,-0.19927661,0
-0.69748557,-2.9984748,-4.0304694,0.12774272,-0.51247936,-0.84914482,0
0.026119828,3.2361226,3.7771754,-0.12774272,0.51247936,0.84914482,0
-1.8864629,-0.11599004,5.2258739,0.55629891,-0.67178077,0.48912385,0
3.5833693,-1.4059522,-4.6048956,0.12774272,-0.51247936,-0.84914482,0
2.9937174,2.4588513,0.59697378,0.821105,0.53486031,-0.19927661,0
0.31227994,3.3623524,4.0504389,-0.12774272,0.51247936,0.84914482,0
-1.8764583,0.2401793,-0.74256974,-0.55629891,0.67178077,-0.48912385,0
-3.2528572,-1.0487803,0.62167072,-0.821105,-0.53486031,0.19927661,0
-2.9733276,1.7846773,4.1309133,-0.12774272,0.51247936,0.84914482,0
-2.1144514,-1.993706,2.9415438,-0.821105,-0.53486031,0.19927661,0
2.2034891,2.1741452,-2.2376802,0.821105,0.53486031,-0.19927661,0
-2.0343421,-4.4703374,-3.3177061,0.12774272,-0.51247936,-0.84914482,0
3.5956841,-0.3331368,-3.7259507,0.821105,0.53486031,-0.19927661,0
1.7360871,-2.5945411,-4.1373281,0.12774272,-0.51247936,-0.84914482,0
-0.19398969,3.3703587,3.6805897,-0.12774272,0.51247936,0.84914482,0
2.9341552,1.0930984,-3.1720805,0.821105,0.53486031,-0.19927661,0
-0.33985752,3.5925663,2.0483744,-0.55629891,0.67178077,-0.48912385,0
-1.9050521,-1.3186121,-2.4802926,-0.55629891,0.67178077,-0.48912385,0
1.6141549,-1.1461382,-0.26396477,0.55629891,-0.67178077,0.48912385,0
1.2495103,-1.9813635,-4.3177876,0.12774272,-0.51247936,-0.84914482,0
1.1102386,-1.1823667,-4.8957262,0.12774272,-0.51247936,-0.84914482,0
0.94905245,-1.9091468,-4.5196776,0.12774272,-0.51247936,-0.84914482,0
1.3269932,1.8061348,3.8640971,0.55629891,-0.67178077,0.48912385,0
0.9868567,-2.1788366,-1.1411631,0.55629891,-0.67178077,0.48912385,0
-0.23287606,1.4343048,-1.0656376,-0.55629891,0.67178077,-0.48912385,0
1.9748621,2.390748,-1.6307747,-0.55629891,0.67178077,-0.48912385,0
-2.4967194,-2.1391919,2.0282166,-0.821105,-0.53486031,0.19927661,0
1.384521,2.2847328,-1.5734211,-0.55629891,0.67178077,-0.48912385,0
0.70481241,0.3978579,-3.4349058,-0.55629891,0.67178077,-0.48912385,0
-1.8985825,-4.2377005,-0.80337143,-0.821105,-0.53486031,0.19927661,0
2.8265676,-1.1681639,-4.7932529,0.12774272,-0.51247936,-0.84914482,0
2.250905,-0.54172516,-5.0738049,0.12774272,-0.51247936,-0.84914482,0
-2.2518666,-2.1701722,2.9040527,0.55629891,-0.67178077,0.48912385,0
1.9571204,3.7358925,1.3075228,0.821105,0.53486031,-0.19927661,0
3.9347074,-0.78128481,-4.3594289,0.821105,0.53486031,-0.19927661,0
2.7349319,3.7271874,3.0128007,0.821105,0.53486031,-0.19927661,0
-0.80815136,-0.4689402,3.096736,0.55629891,-0.67178077,0.48912385,0
1.9489481,3.415849,4.1925373,-0.12774272,0.51247936,0.84914482,0
3.1023843,3.406743,3.5201468,0.821105,0.53486031,-0.19927661,0
3.0493963,2.0107827,1.136059,0.821105,0.53486031,-0.19927661,0
-0.72192693,-4.9926586,-2.57623,0.55629891,-0.67178077,0.48912385,0
-2.8275354,-2.7792838,-1.8790631,-0.821105,-0.53486031,0.19927661,0
-3.374496,-1.977775,-1.3252071,-0.821105,-0.53486031,0.19927661,0
-1.9439304,2.3291249,4.1363549,-0.12774272,0.51247936,0.84914482,0
2.9820738,0.63405561,-3.8028243,0.821105,0.53486031,-0.19927661,0
-2.2834806,-4.5330014,-3.0917597,-0.821105,-0.53486031,0.19927661,0
-0.41602635,-0.20789242,-3.1204813,-0.55629891,0.67178077,-0.48912385,0
-2.3860099,-3.9194238,-1.7973249,-0.821105,-0.53486031,0.19927661,0
-2.875941,0.48122245,5.3507805,-0.12774272,0.51247936,0.84914482,0
3.9087393,-0.60194242,-2.5934687,0.821105,0.53486031,-0.19927661,0
-0.84271008,3.3899724,3.8610897,-0.12774272,0.51247936,0.84914482,0
0.036316335,0.53975374,-2.0834827,-0.55629891,0.67178077,-0.48912385,0
-2.4749498,-3.1821733,-1.4176662,-0.821105,-0.53486031,0.19927661,0
1.5598199,4.4135704,3.3714933,-0.12774272,0.51247936,0.84914482,0
0.81829977,0.83821821,-3.254997,-0.55629891,0.67178077,-0.48912385,0
-1.7039022,-3.4555404,-3.8374586,0.12774272,-0.51247936,-0.84914482,0
0.59403086,-0.84300768,1.5187728,0.55629891,-0.67178077,0.48912385,0
-0.85708785,0.37461305,4.8896804,0.55629891,-0.67178077,0.48912385,0
2.6099505,-1.0600101,-5.080843,0.12774272,-0.51247936,-0.84914482,0
-1.7843821,-1.2233456,3.6748395,0.55629891,-0.67178077,0.48912385,0
-1.6196032,0.50058103,5.2019506,-0.12774272,0.51247936,0.84914482,0
-1.5408223,-1.7917789,2.6292033,0.55629891,-0.67178077,0.48912385,0
-3.3664267,1.0629945,2.3296907,-0.55629891,0.67178077,-0.48912385,0
-1.0888934,1.2085432,-0.07265234,-0.55629891,0.67178077,-0.48912385,0
2.6408656,0.98006487,-3.9217165,0.821105,0.53486031,-0.19927661,0
-1.1600679,-2.5614238,-4.3097143,0.12774272,-0.51247936,-0.84914482,0
-1.2640553,-4.9235516,-2.3128772,0.55629891,-0.67178077,0.48912385,0
-4.054575,1.1564555,4.4807549,-0.821105,-0.53486031,0.19927661,0
3.2383268,-0.044361442,-4.3820086,0.821105,0.53486031,-0.19927661,0
2.7911139,3.212029,1.8626297,0.821105,0.53486031,-0.19927661,0
-0.046601534,-4.3169236,-3.4860039,0.12774272,-0.51247936,-0.84914482,0
0.95610821,-1.164564,-5.0265822,0.12774272,-0.51247936,-0.84914482,0
-2.3456824,0.64767122,5.3223572,-0.12774272,0.51247936,0.84914482,0
-1.0126759,-2.9320805,-4.4161692,0.12774272,-0.51247936,-0.84914482,0
-1.8199606,2.6334636,2.4463537,-0.55629891,0.67178077,-0.48912385,0
2.6035018,1.3015631,-3.5306716,0.821105,0.53486031,-0.19927661,0
-2.1722322,-0.79567957,-1.8704176,-0.55629891,0.67178077,-0.48912385,0
-3.2053294,2.3978884,3.9083891,-0.12774272,0.51247936,0.84914482,0
0.5933882,2.9116471,4.2042632,-0.12774272,0.51247936,0.84914482,0
-3.2020061,-0.21750833,4.2986832,-0.821105,-0.53486031,0.19927661,0
-1.5295653,2.6734569,4.0755396,-0.12774272,0.51247936,0.84914482,0
2.142899,-2.5617142,-4.224545,0.12774272,-0.51247936,-0.84914482,0
1.8704019,-1.265399,-4.8773122,0.12774272,-0.51247936,-0.84914482,0
3.408618,-1.4597262,-3.1522446,0.55629891,-0.67178077,0.48912385,0
3.5472062,-0.32684729,-4.3960338,0.821105,0.53486031,-0.19927661,0
3.5227115,-1.0926168,-2.5821233,0.55629891,-0.67178077,0.48912385,0
2.2589054,4.0785336,2.3299439,0.821105,0.53486031,-0.19927661,0
2.6932116,-0.087589264,-5.6640353,0.12774272,-0.51247936,-0.84914482,0
-1.0696983,-4.7631302,-2.9511213,0.12774272,-0.51247936,-0.84914482,0
-1.6055726,2.1269219,4.2153921,-0.12774272,0.51247936,0.84914482,0
-3.1166954,-3.3143356,-3.2188692,-0.821105,-0.53486031,0.19927661,0
0.096270859,-3.6143253,-3.6992188,0.12774272,-0.51247936,-0.84914482,0
-2.2952809,-2.5418248,1.1450438,-0.821105,-0.53486031,0.19927661,0
-1.1743393,0.74595547,5.2251658,-0.12774272,0.51247936,0.84914482,0
3.2596021,2.7967532,2.5872164,0.821105,0.53486031,-0.19927661,0
2.6188788,-2.2537012,-2.7969601,0.55629891,-0.67178077,0.48912385,0
1.2066269,5.2658129,2.4560661,-0.55629891,0.67178077,-0.48912385,0
-0.083696365,2.2558935,4.5570374,-0.12774272,0.51247936,0.84914482,0
0.80062217,2.569345,4.5567913,-0.12774272,0.51247936,0.84914482,0
2.8705888,1.970439,-0.11643302,0.821105,0.53486031,-0.19927661,0
3.3462493,0.20164499,-3.0590556,0.821105,0.53486031,-0.19927661,0
0.5853563,-4.1286101,-3.5369625,0.12774272,-0.51247936,-0.84914482,0
3.1148915,1.9257213,0.04338479,0.821105,0.53486031,-0.19927661,0
2.2967508,1.8135722,-2.5340962,0.821105,0.53486031,-0.19927661,0
3.7837448,-0.82098198,-4.011622,0.821105,0.53486031,-0.19927661,0
3.1894593,-0.22666644,-4.1563864,0.821105,0.53486031,-0.19927661,0
0.81325507,4.6131554,3.3933411,-0.12774272,0.51247936,0.84914482,0
1.6044891,-1.7464987,-4.6404915,0.12774272,-0.51247936,-0.84914482,0
0.48159611,3.1061416,4.2220101,-0.12774272,0.51247936,0.84914482,0
1.5792649,0.10857141,1.09587,0.55629891,-0.67178077,0.48912385,0
2.6805909,0.27523065,-5.4430766,0.12774272,-0.51247936,-0.84914482,0
-1.3134162,-4.8621702,-3.1368456,0.12774272,-0.51247936,-0.84914482,0
1.5999017,4.9390373,3.1957307,-0.12774272,0.51247936,0.84914482,0
0.29939425,0.44067109,-3.0806277,-0.55629891,0.67178077,-0.48912385,0
-2.1896174,0.86391872,5.22019,-0.12774272,0.51247936,0.84914482,0
1.9913719,3.2026639,4.4483123,-0.12774272,0.51247936,0.84914482,0
-4.0456276,1.4309125,4.2313795,-0.821105,-0.53486031,0.19927661,0
-0.28562891,-4.3317733,-3.3793087,0.12774272,-0.51247936,-0.84914482,0
-0.10842304,-1.5278733,-5.117384,-0.55629891,0.67178077,-0.48912385,0
-3.4485564,1.3346622,4.6088529,-0.12774272,0.51247936,0.84914482,0
2.3176639,2.0836515,-1.4360193,0.821105,0.53486031,-0.19927661,0
0.031326294,-3.3867199,-2.004298,0.55629891,-0.67178077,0.48912385,0
-2.2131701,2.5804198,3.8961244,-0.12774272,0.51247936,0.84914482,0
3.0100267,2.5380278,2.4047897,0.821105,0.53486031,-0.19927661,0
3.4854109,0.49144018,-2.1289859,0.821105,0.53486031,-0.19927661,0
-1.6433296,-0.32521397,4.2116442,0.55629891,-0.67178077,0.48912385,0
-1.285466,-2.8702927,0.96756661,0.55629891,-0.67178077,0.48912385,0
-2.6010702,-0.90824038,3.678123,-0.821105,-0.53486031,0.19927661,0
0.43595529,1.874584,-0.73132777,-0.55629891,0.67178077,-0.48912385,0
-1.5362177,-4.2258635,-3.5388322,0.12774272,-0.51247936,-0.84914482,0
-2.254565,-1.5136715,3.2902544,-0.821105,-0.53486031,0.19927661,0
2.0326731,4.6351986,3.0859575,0.821105,0.53486031,-0.19927661,0
-1.5333333,-4.9095049,-3.2495828,0.12774272,-0.51247936,-0.84914482,0
-1.0042627,-5.2814126,-2.7086091,0.12774272,-0.51247936,-0.84914482,0
-0.7183373,-4.7177353,-3.0897183,0.12774272,-0.51247936,-0.84914482,0
-2.5333111,-2.0190425,1.4706482,-0.821105,-0.53486031,0.19927661,0
0.68375969,2.5500441,-0.44531772,-0.55629891,0.67178077,-0.48912385,0
2.145304,3.7861767,2.2261777,0.821105,0.53486031,-0.19927661,0
0.38127077,3.274817,1.201215,-0.55629891,0.67178077,-0.48912385,0
0.15105331,1.7132144,4.8808174,-0.12774272,0.51247936,0.84914482,0
1.6043105,-0.89647186,-4.9323153,0.12774272,-0.51247936,-0.84914482,0
3.1533747,1.7726142,1.0573642,0.821105,0.53486031,-0.19927661,0
0.63339126,3.412241,4.0525832,-0.12774272,0.51247936,0.84914482,0
2.3073037,2.49823,-0.80021012,0.821105,0.53486031,-0.19927661,0
-2.5394716,-0.88422281,4.0146036,-0.821105,-0.53486031,0.19927661,0
1.6283216,-1.9075587,-4.3268399,0.12774272,-0.51247936,-0.84914482,0
-3.344032,-0.77573144,2.5073204,-0.821105,-0.53486031,0.19927661,0
2.3515301,3.552304,1.4510474,0.821105,0.53486031,-0.19927661,0
2.1461635,-2.6987529,-3.9706783,0.12774272,-0.51247936,-0.84914482,0
1.2456057,0.73530614,-3.3272057,-0.55629891,0.67178077,-0.48912385,0
-2.3411691,-0.97903985,4.4773192,0.55629891,-0.67178077,0.48912385,0
2.415478,1.8024791,-3.2960236,0.821105,0.53486031,-0.19927661,0
2.9996753,0.75066417,-3.3865254,0.821105,0.53486031,-0.19927661,0
-1.4465904,-2.1999485,-4.6005049,0.12774272,-0.51247936,-0.84914482,0
0.35622883,-3.362257,-3.8619041,0.12774272,-0.51247936,-0.84914482,0
2.3923795,2.2293134,-2.1253164,0.821105,0.53486031,-0.19927661,0
-2.2973266,2.8675647,3.6898403,-0.12774272,0.51247936,0.84914482,0
-2.1073694,-2.5415859,1.46828,-0.821105,-0.53486031,0.19927661,0
-2.8488293,-1.3991729,2.6860106,-0.821105,-0.53486031,0.19927661,0
-2.62731,-1.7599173,-2.2695694,-0.55629891,0.67178077,-0.48912385,0
-3.0052102,-0.73094106,3.0712826,-0.821105,-0.53486031,0.19927661,0
-2.0934637,-3.0236797,0.42693394,-0.821105,-0.53486031,0.19927661,0
-3.1874626,-1.7663336,-0.23522192,-0.821105,-0.53486031,0.19927661,0
-2.3268986,1.0859553,4.7950244,-0.12774272,0.51247936,0.84914482,0
-1.1522483,2.5256305,4.0477228,-0.12774272,0.51247936,0.84914482,0
-3.5509136,-0.18472862,3.2586575,-0.821105,-0.53486031,0.19927661,0
0.37820071,1.8155849,4.9070187,-0.12774272,0.51247936,0.84914482,0
-0.69158602,-4.4099207,-3.1815977,0.12774272,-0.51247936,-0.84914482,0
1.2742717,-3.5155354,-3.6452188,0.12774272,-0.51247936,-0.84914482,0
-1.3401928,2.6387255,1.7836988,-0.55629891,0.67178077,-0.48912385,0
3.1004424,1.197147,-2.173249,0.821105,0.53486031,-0.19927661,0
2.9421034,3.1322525,2.0557001,0.821105,0.53486031,-0.19927661,0
0.41649503,-2.9811323,-1.2151196,0.55629891,-0.67178077,0.48912385,0
-0.48193157,-2.5720897,-0.075227261,0.55629891,-0.67178077,0.48912385,0
-3.1748197,-0.19260979,4.2915974,-0.821105,-0.53486031,0.19927661,0
-3.0054686,-1.687747,0.30306336,-0.821105,-0.53486031,0.19927661,0
2.0257568,3.8569827,0.60431099,0.821105,0.53486031,-0.19927661,0
0.04698199,3.459667,3.6846519,-0.12774272,0.51247936,0.84914482,0
-3.2967632,-1.4365156,0.58454883,-0.821105,-0.53486031,0.19927661,0
2.1660709,2.7708457,-1.4399905,0.821105,0.53486031,-0.19927661,0
3.3399925,0.47089642,-1.8628408,0.821105,0.53486031,-0.19927661,0
-3.3326323,-0.32157093,2.0853262,-0.821105,-0.53486031,0.19927661,0
1.6728752,2.4538512,-1.217422,-0.55629891,0.67178077,-0.48912385,0
1.9166427,3.1373625,4.235507,-0.12774272,0.51247936,0.84914482,0
3.4359996,1.0309149,-0.42042452,0.821105,0.53486031,-0.19927661,0
-3.6238658,-0.53314698,0.94701451,-0.821105,-0.53486031,0.19927661,0
-2.5602491,-2.6830351,-0.88246477,-0.821105,-0.53486031,0.19927661,0
0.3858563,-2.2808001,-0.29462457,0.55629891,-0.67178077,0.48912385,0
3.0628855,0.60046315,-3.5907328,0.821105,0.53486031,-0.19927661,0
-2.6226866,-3.3333859,-2.1638622,-0.821105,-0.53486031,0.19927661,0
-3.7284715,0.30318975,2.1639464,-0.821105,-0.53486031,0.19927661,0
-2.4250836,-2.3375678,1.8518907,-0.821105,-0.53486031,0.19927661,0
-0.571504,-3.0642893,-4.2959843,0.12774272,-0.51247936,-0.84914482,0
-0.59846115,-2.0414703,1.2423928,0.55629891,-0.67178077,0.48912385,0
2.4430959,-0.87644088,-5.1883607,0.12774272,-0.51247936,-0.84914482,0
1.3382319,-1.0010464,-4.9205604,0.12774272,-0.51247936,-0.84914482,0
0.78194493,-0.025042057,2.3653059,0.55629891,-0.67178077,0.48912385,0
-3.325551,-0.56461281,2.5276356,-0.821105,-0.53486031,0.19927661,0
-2.5381553,-2.6767733,0.85087281,-0.821105,-0.53486031,0.19927661,0
-3.1682217,-2.5774744,-2.0135345,-0.821105,-0.53486031,0.19927661,0
2.7085483,-0.53455198,-4.9297915,0.12774272,-0.51247936,-0.84914482,0
3.386554,1.0838799,0.15366957,0.821105,0.53486031,-0.19927661,0
3.4098902,-1.4948127,-4.6237335,0.12774272,-0.51247936,-0.84914482,0
-2.583725,-0.31174666,5.2482748,-0.821105,-0.53486031,0.19927661,0
3.1168795,0.62391984,0.14395666,0.55629891,-0.67178077,0.48912385,0
1.3773381,-2.5082784,-4.4004002,0.12774272,-0.51247936,-0.84914482,0
-3.1536906,0.07694032,3.8608551,-0.821105,-0.53486031,0.19927661,0
-3.7420545,0.13255739,1.5074747,-0.821105,-0.53486031,0.19927661,0
2.3943028,-2.726182,-3.71312,0.12774272,-0.51247936,-0.84914482,0
-2.5185707,-0.99599832,3.6303499,-0.821105,-0.53486031,0.19927661,0
0.48678601,-0.85751736,1.6561468,0.55629891,-0.67178077,0.48912385,0
-1.7267225,-0.99748027,-2.6605074,-0.55629891,0.67178077,-0.48912385,0
0.60764766,0.99037123,3.7569509,0.55629891,-0.67178077,0.48912385,0
0.018513441,3.3896556,1.8511713,-0.55629891,0.67178077,-0.48912385,0
-3.1302698,-2.3513074,-1.1705848,-0.821105,-0.53486031,0.19927661,0
2.398437,-0.2461127,-5.6075625,0.12774272,-0.51247936,-0.84914482,0
3.3150063,0.911964,-2.0127816,0.821105,0.53486031,-0.19927661,0
0.69117367,-0.095255733,-4.1087666,-0.55629891,0.67178077,-0.48912385,0
-3.4478545,1.0290182,4.6093249,-0.12774272,0.51247936,0.84914482,0
-2.6504331,1.3460848,4.7837315,-0.12774272,0.51247936,0.84914482,0
2.0511465,-1.9647298,-4.2271485,0.12774272,-0.51247936,-0.84914482,0
-3.454535,-1.6632271,-0.80675781,-0.821105,-0.53486031,0.19927661,0
-1.686609,2.2032087,2.2112694,-0.55629891,0.67178077,-0.48912385,0
3.1964147,0.31218636,-2.7168941,0.821105,0.53486031,-0.19927661,0
0.66761661,4.904129,3.0367513,-0.12774272,0.51247936,0.84914482,0
3.9270108,-0.66787189,-2.4491408,0.821105,0.53486031,-0.19927661,0
3.1468248,2.447001,2.1770933,0.821105,0.53486031,-0.19927661,0
-2.0080462,-2.6300538,-4.3960214,0.12774272,-0.51247936,-0.84914482,0
2.0986445,4.634645,3.3688145,-0.12774272,0.51247936,0.84914482,0
-0.54649633,-2.5131001,-4.537365,0.12774272,-0.51247936,-0.84914482,0
3.5242033,0.11984128,-2.6978874,0.821105,0.53486031,-0.19927661,0
-1.7873263,-4.4138508,-2.5811272,-0.821105,-0.53486031,0.19927661,0
1.9527375,0.19285178,0.77623838,0.55629891,-0.67178077,0.48912385,0
2.8781457,3.2595706,2.05513,0.821105,0.53486031,-0.19927661,0
-2.4730313,-1.9357874,-2.5871243,-0.55629891,0.67178077,-0.48912385,0
2.9245152,-0.066520452,-5.1896691,0.821105,0.53486031,-0.19927661,0
3.4678342,1.4485233,0.62396973,0.821105,0.53486031,-0.19927661,0
-1.1796074,2.123796,4.4557266,-0.12774272,0.51247936,0.84914482,0
-2.2854757,-3.3352613,-1.7468882,-0.821105,-0.53486031,0.19927661,0
3.4730763,-1.5422747,-4.3593407,0.12774272,-0.51247936,-0.84914482,0
1.1642816,1.1318595,3.6039362,0.55629891,-0.67178077,0.48912385,0
-1.7672625,-0.37689161,-1.3446872,-0.55629891,0.67178077,-0.48912385,0
0.54748774,2.7187943,4.397264,-0.12774272,0.51247936,0.84914482,0
-3.0131137,-2.6722746,-2.5378101,-0.821105,-0.53486031,0.19927661,0
1.4885383,3.5253701,-0.30971611,-0.55629891,0.67178077,-0.48912385,0
-3.3788507,0.27800834,4.0575047,-0.821105,-0.53486031,0.19927661,0
-1.109036,-4.9941216,-2.2630877,0.55629891,-0.67178077,0.48912385,0
-1.6350955,0.24936128,-0.98579192,-0.55629891,0.67178077,-0.48912385,0
2.9517634,1.086481,1.331861,0.55629891,-0.67178077,0.48912385,0
-3.9535325,0.39938962,2.0591934,-0.821105,-0.53486031,0.19927661,0
-3.0023696,-2.480134,-2.9043829,-0.55629891,0.67178077,-0.48912385,0
-1.6871064,-4.708344,-2.2640352,-0.821105,-0.53486031,0.19927661,0
-1.526979,-0.97664976,-2.4550936,-0.55629891,0.67178077,-0.48912385,0
-2.1570389,-2.454968,1.1387861,-0.821105,-0.53486031,0.19927661,0
-0.6476531,-3.76969,-1.118952,0.55629891,-0.67178077,0.48912385,0
-2.4543726,-2.6475053,0.52361327,-0.821105,-0.53486031,0.19927661,0
2.8458765,0.18723989,-5.3490505,0.821105,0.53486031,-0.19927661,0
-1.5336111,-0.70358723,3.4866879,0.55629891,-0.67178077,0.48912385,0
0.50275308,-1.6215097,0.17465591,0.55629891,-0.67178077,0.48912385,0
-2.466553,0.53614378,5.2289,-0.12774272,0.51247936,0.84914482,0
1.0414317,1.1968625,-2.8282084,-0.55629891,0.67178077,-0.48912385,0
2.4672389,3.6488962,2.9496126,0.821105,0.53486031,-0.19927661,0
0.87213099,0.77784812,2.9325113,0.55629891,-0.67178077,0.48912385,0
-0.48857534,-0.19665384,-2.9464519,-0.55629891,0.67178077,-0.48912385,0
-3.5114331,-0.048532009,2.3480718,-0.821105,-0.53486031,0.19927661,0
-1.4190044,-4.3652954,-1.6430688,0.55629891,-0.67178077,0.48912385,0
-1.2500511,-2.4865704,-4.7044787,0.12774272,-0.51247936,-0.84914482,0
-2.5770421,1.4917985,2.0962677,-0.55629891,0.67178077,-0.48912385,0
3.2426906,1.9050181,0.24089009,0.821105,0.53486031,-0.19927661,0
-0.31033742,-3.870476,-2.2592905,0.55629891,-0.67178077,0.48912385,0
2.6448176,2.5798624,-0.15950924,0.821105,0.53486031,-0.19927661,0
-3.5321209,0.4302431,4.8632407,-0.821105,-0.53486031,0.19927661,0
-2.3736548,-1.7611198,3.5678675,0.55629891,-0.67178077,0.48912385,0
3.0322824,0.85238838,-3.37148,0.821105,0.53486031,-0.19927661,0
3.0689051,2.4585764,1.1462244,0.821105,0.53486031,-0.19927661,0
3.2077079,0.48708814,-3.8122017,0.821105,0.53486031,-0.19927661,0
-1.3086994,0.07927525,4.5595431,0.55629891,-0.67178077,0.48912385,0
1.9508027,1.9502542,3.8817677,0.55629891,-0.67178077,0.48912385,0
-1.9547303,-3.0480103,-4.4720521,0.12774272,-0.51247936,-0.84914482,0
0.64354038,2.3201811,4.7015281,-0.12774272,0.51247936,0.84914482,0
2.3663497,-2.1029339,-2.4533165,0.55629891,-0.67178077,0.48912385,0
-2.8697116,-0.26841879,-0.027605459,-0.55629891,0.67178077,-0.48912385,0
2.1311674,-1.9808136,-4.3426881,0.12774272,-0.51247936,-0.84914482,0
2.4508266,-1.9485837,-4.2546282,0.12774272,-0.51247936,-0.84914482,0
-3.2014811,-2.3041735,-1.3255479,-0.821105,-0.53486031,0.19927661,0
-2.1617601,-3.9030185,-3.6489053,0.12774272,-0.51247936,-0.84914482,0
-0.83740723,-2.354701,-4.4733877,0.12774272,-0.51247936,-0.84914482,0
0.89426368,-2.4157767,-4.061451,0.12774272,-0.51247936,-0.84914482,0
1.9240475,4.1019068,0.86121583,0.821105,0.53486031,-0.19927661,0
2.1252344,-1.9330785,-1.6840718,0.55629891,-0.67178077,0.48912385,0
2.039989,0.33749902,-5.2785239,-0.55629891,0.67178077,-0.48912385,0
-3.2959075,0.38689801,4.3726854,-0.821105,-0.53486031,0.19927661,0
-1.9019927,1.7992439,4.4828777,-0.12774272,0.51247936,0.84914482,0
3.4348185,1.5822676,0.17146474,0.821105,0.53486031,-0.19927661,0
-3.694232,-1.3918225,-0.55742168,-0.821105,-0.53486031,0.19927661,0
-0.67201018,-3.8673348,-1.0869496,0.55629891,-0.67178077,0.48912385,0
1.7938646,1.3947492,2.9825161,0.55629891,-0.67178077,0.48912385,0
-1.260391,-4.0047798,-3.7198343,0.12774272,-0.51247936,-0.84914482,0
-1.9052759,-1.3750213,-3.1410544,-0.55629891,0.67178077,-0.48912385,0
1.1668637,3.9259753,0.60821033,-0.55629891,0.67178077,-0.48912385,0
-1.8425121,-1.5762552,2.7235284,0.55629891,-0.67178077,0.48912385,0
2.5096467,-0.83657074,-4.8056312,0.12774272,-0.51247936,-0.84914482,0
4.1832228,-1.722495,-3.733192,0.55629891,-0.67178077,0.48912385,0
-2.1894634,1.7807647,4.5036507,-0.12774272,0.51247936,0.84914482,0
1.5131161,4.2174873,3.5725365,-0.12774272,0.51247936,0.84914482,0
-0.86409485,1.637285,-0.076677561,-0.55629891,0.67178077,-0.48912385,0
-1.9601324,1.09586,4.7180929,-0.12774272,0.51247936,0.84914482,0
-2.7588112,-3.5159602,-3.9891653,-0.821105,-0.53486031,0.19927661,0
-1.934541,-4.1909804,-1.8185608,-0.821105,-0.53486031,0.19927661,0
2.5933998,1.2484391,-3.7343204,0.821105,0.53486031,-0.19927661,0
-2.2995329,-1.4561197,3.8063052,-0.821105,-0.53486031,0.19927661,0
-2.1692383,2.6348195,3.8117738,-0.12774272,0.51247936,0.84914482,0
2.4822013,1.1148741,-3.4807956,0.821105,0.53486031,-0.19927661,0
-4.1809244,0.84899575,3.3610008,-0.821105,-0.53486031,0.19927661,0
0.078959942,4.6975946,3.1931462,-0.12774272,0.51247936,0.84914482,0
-1.2910661,2.337404,1.3369529,-0.55629891,0.67178077,-0.48912385,0
0.93872494,1.6663767,4.3840084,0.55629891,-0.67178077,0.48912385,0
-2.3227222,-3.4458184,-0.73017931,-0.821105,-0.53486031,0.19927661,0
3.4110749,0.41574985,-1.6458734,0.821105,0.53486031,-0.19927661,0
2.048069,3.3755267,0.79231143,0.821105,0.53486031,-0.19927661,0
3.5831347,1.382972,0.72945774,0.821105,0.53486031,-0.19927661,0
-2.1410708,2.3469539,4.3629904,-0.12774272,0.51247936,0.84914482,0
-2.4263029,0.98788941,4.8789673,-0.12774272,0.51247936,0.84914482,0
2.0973849,-2.4364138,-2.4420769,0.55629891,-0.67178077,0.48912385,0
3.3251431,-0.83798409,-1.5241764,0.55629891,-0.67178077,0.48912385,0
-2.1398792,-3.5154219,-0.90052652,-0.821105,-0.53486031,0.19927661,0
0.51261485,-1.9231217,-4.7027903,0.12774272,-0.51247936,-0.84914482,0
-1.9368651,-2.6039753,1.850818,0.55629891,-0.67178077,0.48912385,0
1.5343534,-2.3395495,-4.3254733,0.12774272,-0.51247936,-0.84914482,0
-1.4157825,-4.6990147,-1.3944776,0.55629891,-0.67178077,0.48912385,0
4.157052,-1.4862818,-4.5023508,0.12774272,-0.51247936,-0.84914482,0
-2.3237054,-1.5013721,3.4295003,-0.821105,-0.53486031,0.19927661,0
2.6195617,2.0886271,-1.5349224,0.821105,0.53486031,-0.19927661,0
-2.1079087,1.0353596,4.9930816,-0.12774272,0.51247936,0.84914482,0
2.5574777,-1.8563432,-4.3330173,0.12774272,-0.51247936,-0.84914482,0
-2.0864811,1.1017318,4.769505,-0.12774272,0.51247936,0.84914482,0
-0.92517036,-2.2668085,-4.5280156,0.12774272,-0.51247936,-0.84914482,0
3.13677,-0.10762003,-4.822947,0.821105,0.53486031,-0.19927661,0
2.558759,3.2387564,1.9627004,0.821105,0.53486031,-0.19927661,0
-2.2354751,1.1561995,4.8062925,-0.12774272,0.51247936,0.84914482,0
-2.7923877,-1.455925,1.5434146,-0.821105,-0.53486031,0.19927661,0
-2.3059955,-1.4947181,3.7155683,0.55629891,-0.67178077,0.48912385,0
1.8953216,-2.4841475,-2.880821,0.55629891,-0.67178077,0.48912385,0
3.0238454,1.9576383,0.46551108,0.821105,0.53486031,-0.19927661,0
3.7069159,0.93241537,-0.18649654,0.821105,0.53486031,-0.19927661,0
2.8169527,-2.5930145,-4.0675464,0.12774272,-0.51247936,-0.84914482,0
-0.78238732,3.4661694,3.8055124,-0.12774272,0.51247936,0.84914482,0
1.3089091,-1.7520467,-4.6849165,0.12774272,-0.51247936,-0.84914482,0
-3.3306544,2.1638269,3.8521295,-0.12774272,0.51247936,0.84914482,0
2.4310355,3.9281414,3.371067,0.821105,0.53486031,-0.19927661,0
0.75690627,-2.445508,-1.4541295,0.55629891,-0.67178077,0.48912385,0
-2.4040408,2.0411894,4.0656776,-0.12774272,0.51247936,0.84914482,0
3.0963304,1.8069903,0.99649131,0.821105,0.53486031,-0.19927661,0
0.703444,-1.996289,-4.376009,0.12774272,-0.51247936,-0.84914482,0
2.9122624,-1.0801868,-4.6045799,0.12774272,-0.51247936,-0.84914482,0
2.3136358,-0.98531651,-4.954361,0.12774272,-0.51247936,-0.84914482,0
-2.3823481,1.0064323,5.0683684,-0.12774272,0.51247936,0.84914482,0
1.1288844,3.1737103,4.0358567,-0.12774272,0.51247936,0.84914482,0
-0.61197948,-4.3592553,-3.1591563,0.12774272,-0.51247936,-0.84914482,0
-1.3957605,-4.929944,-3.3548589,0.12774272,-0.51247936,-0.84914482,0
0.63096803,-3.7625523,-3.6133552,0.12774272,-0.51247936,-0.84914482,0
-1.0847025,0.64599645,-0.81028849,-0.55629891,0.67178077,-0.48912385,0
2.8157237,-0.69773591,-5.2567739,0.12774272,-0.51247936,-0.84914482,0
1.172857,4.6740003,3.4102564,-0.12774272,0.51247936,0.84914482,0
1.30865,5.1631708,2.1523848,-0.55629891,0.67178077,-0.48912385,0
-1.679292,-5.0431309,-3.1615801,0.12774272,-0.51247936,-0.84914482,0
1.8503792,4.1527166,1.3825533,0.821105,0.53486031,-0.19927661,0
1.8466136,4.3187699,3.3985043,-0.12774272,0.51247936,0.84914482,0
-0.79643941,-4.4200149,-2.3535771,0.55629891,-0.67178077,0.48912385,0
-1.3230596,-4.1043167,-3.5783997,0.12774272,-0.51247936,-0.84914482,0
-2.7352805,-1.7051091,1.6004887,-0.821105,-0.53486031,0.19927661,0
3.147856,-0.061112642,-5.2164483,0.821105,0.53486031,-0.19927661,0
-0.31051216,1.8701034,0.13258362,-0.55629891,0.67178077,-0.48912385,0
-3.0550299,0.52509362,1.2483696,-0.55629891,0.67178077,-0.48912385,0
-2.520689,-0.016700625,5.7028127,-0.12774272,0.51247936,0.84914482,0
-1.9443414,-2.4645095,1.983566,0.55629891,-0.67178077,0.48912385,0
-2.1928794,-3.9178801,-2.8883705,-0.821105,-0.53486031,0.19927661,0
-1.3476889,2.790482,3.8374062,-0.12774272,0.51247936,0.84914482,0
0.52939689,4.0701332,3.7121172,-0.12774272,0.51247936,0.84914482,0
2.8107502,3.2190981,4.2571907,-0.12774272,0.51247936,0.84914482,0
-1.6570313,2.5997148,4.2712655,-0.12774272,0.51247936,0.84914482,0
-3.0677128,-1.7029035,0.18595585,-0.821105,-0.53486031,0.19927661,0
3.5625446,-1.0301701,-2.7151928,0.55629891,-0.67178077,0.48912385,0
2.596235,3.7145858,4.0250273,0.821105,0.53486031,-0.19927661,0
0.67535937,-2.7995155,-4.1236053,0.12774272,-0.51247936,-0.84914482,0
0.43837965,3.6822438,1.456249,-0.55629891,0.67178077,-0.48912385,0
1.8144929,3.4749193,-0.31782269,-0.55629891,0.67178077,-0.48912385,0
3.2480445,-1.7823805,-4.1111889,0.12774272,-0.51247936,-0.84914482,0
-2.7063825,1.5247887,1.9073298,-0.55629891,0.67178077,-0.48912385,0
-0.90709186,-2.1848729,0.79866379,0.55629891,-0.67178077,0.48912385,0
-3.7354205,0.71728611,4.3027368,-0.821105,-0.53486031,0.19927661,0
-3.3808315,-1.79619,-0.69006455,-0.821105,-0.53486031,0.19927661,0
-3.0539105,-1.0208726,3.2117498,-0.821105,-0.53486031,0.19927661,0
2.9638696,1.7439775,-1.194912,0.821105,0.53486031,-0.19927661,0
-4.1122665,1.4263444,3.309845,-0.55629891,0.67178077,-0.48912385,0
-2.3628862,-3.0865822,-0.21428239,-0.821105,-0.53486031,0.19927661,0
0.69386292,3.9719639,3.5846219,-0.12774272,0.51247936,0.84914482,0
-1.3975209,-2.7195601,-4.3932319,0.12774272,-0.51247936,-0.84914482,0
3.0168993,0.30978355,-4.3551526,0.821105,0.53486031,-0.19927661,0
2.0942655,-1.7045779,-4.4040565,0.12774272,-0.51247936,-0.84914482,0
-1.1107292,1.1099284,-0.0095690489,-0.55629891,0.67178077,-0.48912385,0
-0.24961615,1.4349786,-0.58085132,-0.55629891,0.67178077,-0.48912385,0
3.4551337,-1.8931638,-4.4332881,0.12774272,-0.51247936,-0.84914482,0
2.0591557,-0.93597615,-5.129602,0.12774272,-0.51247936,-0.84914482,0
1.9873638,-3.3492863,-3.6138768,0.55629891,-0.67178077,0.48912385,0
-2.2794182,-2.9243693,1.2154888,-0.821105,-0.53486031,0.19927661,0
-3.9550068,0.91092193,4.1104479,-0.821105,-0.53486031,0.19927661,0
1.9274449,3.2060914,-0.65194708,-0.55629891,0.67178077,-0.48912385,0
-3.1042819,-3.1841755,-2.8239734,-0.821105,-0.53486031,0.19927661,0
-0.07299912,4.4191456,3.3367357,-0.12774272,0.51247936,0.84914482,0
1.6437802,3.5284722,0.3106792,-0.55629891,0.67178077,-0.48912385,0
3.1286786,1.1899114,-0.63671768,0.821105,0.53486031,-0.19927661,0
3.7249267,-1.5520353,-4.3643794,0.12774272,-0.51247936,-0.84914482,0
0.46532637,-3.3275506,-3.8677425,0.12774272,-0.51247936,-0.84914482,0
1.2135863,-1.2076306,-4.9464102,0.12774272,-0.51247936,-0.84914482,0
-0.31765717,-3.0427511,-4.1044898,0.12774272,-0.51247936,-0.84914482,0
-2.2412958,2.2819135,4.0920062,-0.12774272,0.51247936,0.84914482,0
-2.9990907,1.7937955,4.5497675,-0.12774272,0.51247936,0.84914482,0
-1.05813,-2.85813,-4.217936,0.12774272,-0.51247936,-0.84914482,0
-2.6113217,-2.2375448,-0.028903425,-0.821105,-0.53486031,0.19927661,0
-2.1414285,-1.5503188,3.6225028,-0.821105,-0.53486031,0.19927661,0
3.5434375,-1.0573425,-2.4987755,0.55629891,-0.67178077,0.48912385,0
2.4079709,-2.3481436,-4.200314,0.12774272,-0.51247936,-0.84914482,0
0.048619241,2.5876338,4.4388895,-0.12774272,0.51247936,0.84914482,0
-1.891839,-4.1258802,-1.6779735,-0.821105,-0.53486031,0.19927661,0
2.9240966,0.38801998,-5.1519575,0.821105,0.53486031,-0.19927661,0
1.22083,0.81510782,2.6583083,0.55629891,-0.67178077,0.48912385,0
-3.6443522,0.3421278,4.0397091,-0.821105,-0.53486031,0.19927661,0
3.4515748,-0.25515366,-1.2205291,0.55629891,-0.67178077,0.48912385,0
-0.03299129,4.2737198,3.4420691,-0.12774272,0.51247936,0.84914482,0
0.31331116,1.3278145,4.4307876,0.55629891,-0.67178077,0.48912385,0
-3.8050914,0.046326518,1.5620167,-0.821105,-0.53486031,0.19927661,0
-0.65968633,2.6468101,4.0100431,-0.12774272,0.51247936,0.84914482,0
-0.068536997,-4.1566586,-2.6978493,0.55629891,-0.67178077,0.48912385,0
-0.94781756,-3.2023993,-0.5088079,0.55629891,-0.67178077,0.48912385,0
-3.1883235,-2.5515327,-1.5943611,-0.821105,-0.53486031,0.19927661,0
-3.5409451,0.086899579,2.4312623,-0.821105,-0.53486031,0.19927661,0
-1.9460762,-3.8959351,-0.5688448,-0.821105,-0.53486031,0.19927661,0
-1.4948601,-2.8461566,-4.3805265,0.12774272,-0.51247936,-0.84914482,0
-1.1173935,1.6404662,4.9126291,-0.12774272,0.51247936,0.84914482,0
1.5949321,0.20537078,-4.2546563,-0.55629891,0.67178077,-0.48912385,0
2.0728774,3.8925381,0.96418285,0.821105,0.53486031,-0.19927661,0
3.3997641,1.8975779,1.0330454,0.821105,0.53486031,-0.19927661,0
0.55757117,3.3380184,4.0470619,-0.12774272,0.51247936,0.84914482,0
-0.28340149,-4.3617115,-2.5476851,0.55629891,-0.67178077,0.48912385,0
1.5127096,-0.23654461,1.4138095,0.55629891,-0.67178077,0.48912385,0
3.3502719,1.2510782,1.1329743,0.55629891,-0.67178077,0.48912385,0
-0.8081584,-2.1219621,1.4301898,0.55629891,-0.67178077,0.48912385,0
0.21073216,3.323149,3.9685035,-0.12774272,0.51247936,0.84914482,0
-4.223875,0.90366054,2.7938123,-0.821105,-0.53486031,0.19927661,0
3.0104713,0.15689677,-5.2185459,0.821105,0.53486031,-0.19927661,0
2.9852443,3.5140858,4.3027253,-0.12774272,0.51247936,0.84914482,0
1.1139071,-3.2151883,-3.6348696,0.12774272,-0.51247936,-0.84914482,0
-3.1060805,-1.9875216,0.10851771,-0.821105,-0.53486031,0.19927661,0
0.46323818,-4.0805464,-2.8895898,0.55629891,-0.67178077,0.48912385,0
-2.271054,-3.173933,0.54832864,-0.821105,-0.53486031,0.19927661,0
2.9872901,-1.9435503,-4.4665956,0.12774272,-0.51247936,-0.84914482,0
-2.4627633,1.4695004,4.7553492,-0.12774272,0.51247936,0.84914482,0
-1.6406574,-4.6493821,-2.504107,-0.821105,-0.53486031,0.19927661,0
3.044008,-0.34978402,-0.91963506,0.55629891,-0.67178077,0.48912385,0
0.12768432,1.271531,4.7027321,0.55629891,-0.67178077,0.48912385,0
1.2371976,-2.0971169,-4.6099052,0.12774272,-0.51247936,-0.84914482,0
-2.6568127,-2.6826642,-1.0085135,-0.821105,-0.53486031,0.19927661,0
0.87786877,-1.9879239,-4.598794,0.12774272,-0.51247936,-0.84914482,0
0.63797063,-2.6269305,-1.3162949,0.55629891,-0.67178077,0.48912385,0
1.9305443,-2.1964102,-2.3389997,0.55629891,-0.67178077,0.48912385,0
1.7356584,-1.589525,-0.89732254,0.55629891,-0.67178077,0.48912385,0
3.1503649,0.82045436,0.71198744,0.55629891,-0.67178077,0.48912385,0
-2.0910199,-3.6163127,-3.8999166,0.12774272,-0.51247936,-0.84914482,0
-1.5542597,-1.1602383,-3.0584285,-0.55629891,0.67178077,-0.48912385,0
-2.6753886,-2.686836,-1.2905469,-0.821105,-0.53486031,0.19927661,0
2.6087201,1.3240099,-3.9530246,0.821105,0.53486031,-0.19927661,0
2.1980448,3.843395,1.8859758,0.821105,0.53486031,-0.19927661,0
3.1365523,1.6565304,-0.017298102,0.821105,0.53486031,-0.19927661,0
