-4.9091678,-1.1637881,-1.9970496,-0.77472579,-0.59820461,-0.20482004,0
-0.63996089,-3.6755872,0.21146631,0.58436185,-0.80110788,0.12941206,0
-3.4861467,0.60847032,-1.0448291,-0.58436185,0.80110788,-0.12941206,0
4.2032852,2.3023105,-0.57793522,0.24149778,0.019430161,-0.97020686,0
3.6457767,1.4027588,-0.54170394,0.24149778,0.019430161,-0.97020686,0
2.2736287,1.6480484,-0.94923162,0.24149778,0.019430161,-0.97020686,0
-0.81394374,2.8964739,0.76065052,-0.58436185,0.80110788,-0.12941206,0
-2.3446517,-0.70314223,0.92448533,-0.24149778,-0.019430161,0.97020686,0
4.6383429,0.45173407,1.2936318,0.58436185,-0.80110788,0.12941206,0
-4.859952,-0.93974376,-1.9427309,-0.58436185,0.80110788,-0.12941206,0
4.7133799,2.2172639,-0.029002666,0.77472579,0.59820461,0.20482004,0
4.9285016,1.3791636,0.97719049,0.77472579,0.59820461,0.20482004,0
5.1713262,1.3528914,0.5577693,0.77472579,0.59820461,0.20482004,0
0.53034747,3.1034627,1.8169305,-0.24149778,-0.019430161,0.97020686,0
-5.1674237,-0.82128072,-1.5863454,-0.58436185,0.80110788,-0.12941206,0
3.2940688,3.6668849,1.5338907,0.77472579,0.59820461,0.20482004,0
3.6166046,-0.48872709,1.4141413,0.58436185,-0.80110788,0.12941206,0
5.2969723,1.4191092,-0.15348625,0.77472579,0.59820461,0.20482004,0
-3.558042,-1.3538833,0.60359907,-0.24149778,-0.019430161,0.97020686,0
-2.9439111,-3.9303055,0.58028507,-0.24149778,-0.019430161,0.97020686,0
-2.0905709,0.78679109,-2.2016413,0.24149778,0.019430161,-0.97020686,0
2.1705985,4.7736998,1.4833436,-0.58436185,0.80110788,-0.12941206,0
3.6924837,1.8841155,-0.51871777,0.24149778,0.019430161,-0.97020686,0
-2.4357533,-1.782304,-2.2122498,0.24149778,0.019430161,-0.97020686,0
2.4006367,4.5397377,-0.79034376,0.24149778,0.019430161,-0.97020686,0
3.3770804,3.947341,0.26029444,0.77472579,0.59820461,0.20482004,0
-5.0317988,-1.3690166,-2.1290665,-0.77472579,-0.59820461,-0.20482004,0
-1.3285227,2.26319,1.1008406,-0.58436185,0.80110788,-0.12941206,0
1.1434702,-2.4680176,0.34525311,0.58436185,-0.80110788,0.12941206,0
-4.5726647,-1.7183707,-2.5785799,-0.77472579,-0.59820461,-0.20482004,0
-4.041615,-3.2388973,0.41083765,-0.77472579,-0.59820461,-0.20482004,0
-2.0723548,1.7174826,0.360376,-0.58436185,0.80110788,-0.12941206,0
-3.145817,-3.679023,-1.3180218,-0.77472579,-0.59820461,-0.20482004,0
-4.3149886,-0.21666098,-1.3462596,-0.58436185,0.80110788,-0.12941206,0
4.5661292,2.4049804,0.35043097,0.77472579,0.59820461,0.20482004,0
3.5517077,3.0710914,2.1416254,0.77472579,0.59820461,0.20482004,0
4.1004677,2.9483161,0.48902225,0.77472579,0.59820461,0.20482004,0
-4.4687314,-1.6965976,-2.2954497,-0.77472579,-0.59820461,-0.20482004,0
-0.87967575,-2.921011,-1.9144886,0.24149778,0.019430161,-0.97020686,0
4.2096615,1.9761076,2.0778341,0.77472579,0.59820461,0.20482004,0
-3.5827098,-3.3385947,-1.3648076,-0.77472579,-0.59820461,-0.20482004,0
3.1548748,1.9258584,-0.58567882,0.24149778,0.019430161,-0.97020686,0
2.8835654,-1.017905,1.0654262,0.58436185,-0.80110788,0.12941206,0
1.4204406,3.9063001,1.9326386,-0.24149778,-0.019430161,0.97020686,0
3.5213578,1.8510468,-0.82423806,0.24149778,0.019430161,-0.97020686,0
-3.3052251,-4.1602745,0.64782953,-0.24149778,-0.019430161,0.97020686,0
2.4390135,-0.95640254,0.8540622,0.58436185,-0.80110788,0.12941206,0
-3.9115107,0.30850458,0.050353527,-0.58436185,0.80110788,-0.12941206,0
5.0397959,1.5091119,1.8639886,0.77472579,0.59820461,0.20482004,0
-5.2670922,-1.3216022,-1.0035481,-0.77472579,-0.59820461,-0.20482004,0
1.9527453,-2.0205393,-1.1692547,0.58436185,-0.80110788,0.12941206,0
-2.9684129,0.47721511,0.63641286,-0.24149778,-0.019430161,0.97020686,0
1.7481378,-2.1483872,-0.57675928,0.58436185,-0.80110788,0.12941206,0
2.4904008,3.4554505,2.0979581,-0.24149778,-0.019430161,0.97020686,0
-4.3574362,-2.6449919,0.51654863,-0.77472579,-0.59820461,-0.20482004,0
4.518147,2.5899506,0.018245697,0.77472579,0.59820461,0.20482004,0
-1.1772676,2.3787122,1.2310736,-0.58436185,0.80110788,-0.12941206,0
2.441884,4.881906,1.3743606,0.77472579,0.59820461,0.20482004,0
0.68525469,-2.4818237,-0.3602984,0.58436185,-0.80110788,0.12941206,0
2.0193577,1.958192,1.9895658,-0.24149778,-0.019430161,0.97020686,0
-3.4847112,-3.8294101,-0.78625393,-0.77472579,-0.59820461,-0.20482004,0
-1.1505013,-3.7546921,-0.009657383,0.58436185,-0.80110788,0.12941206,0
-0.20519066,-3.0610554,0.46731281,0.58436185,-0.80110788,0.12941206,0
3.8434336,2.5821762,2.552428,0.77472579,0.59820461,0.20482004,0
-1.8589513,-4.1747627,0.37715054,0.58436185,-0.80110788,0.12941206,0
4.886591,1.2463484,2.2513311,0.77472579,0.59820461,0.20482004,0
3.3029499,0.57006502,2.5743504,-0.24149778,-0.019430161,0.97020686,0
3.1926465,1.926827,-0.59856319,0.24149778,0.019430161,-0.97020686,0
-4.3645854,-1.8609002,-1.6570125,-0.77472579,-0.59820461,-0.20482004,0
-3.1855824,-0.90079594,-2.4674151,0.24149778,0.019430161,-0.97020686,0
2.8435943,4.1293802,1.0472894,0.77472579,0.59820461,0.20482004,0
-2.5634999,1.1185131,-2.0010896,-0.58436185,0.80110788,-0.12941206,0
4.0630503,-0.27645129,-0.054689169,0.58436185,-0.80110788,0.12941206,0
0.32154167,3.4428291,1.402787,-0.58436185,0.80110788,-0.12941206,0
-1.9767363,-1.7738042,-1.9076793,0.24149778,0.019430161,-0.97020686,0
3.3130982,-0.75134981,0.91725409,0.58436185,-0.80110788,0.12941206,0
-2.4609349,-4.3820548,-1.9267912,-0.77472579,-0.59820461,-0.20482004,0
-3.550914,-3.0892401,-1.2173214,-0.77472579,-0.59820461,-0.20482004,0
-2.7241619,-3.7239437,-2.295269,0.24149778,0.019430161,-0.97020686,0
2.3208838,-1.5707779,-0.023417428,0.58436185,-0.80110788,0.12941206,0
-3.1026068,-1.4258592,0.66624761,-0.24149778,-0.019430161,0.97020686,0
-2.6913309,1.4965864,0.77259624,-0.58436185,0.80110788,-0.12941206,0
4.253572,-0.10814869,0.41982913,0.58436185,-0.80110788,0.12941206,0
0.81222457,3.6308274,0.72896552,-0.58436185,0.80110788,-0.12941206,0
5.4112339,1.5288299,0.14698076,0.77472579,0.59820461,0.20482004,0
-0.32025564,-0.54125416,-1.5970023,0.24149778,0.019430161,-0.97020686,0
-1.3248309,-4.1784525,0.069868565,0.58436185,-0.80110788,0.12941206,0
2.4687579,4.5836115,0.81662512,0.77472579,0.59820461,0.20482004,0
0.97616625,-1.3730111,-1.2348539,0.24149778,0.019430161,-0.97020686,0
1.5958624,0.37272185,-1.0075657,0.24149778,0.019430161,-0.97020686,0
-2.0530915,1.4438519,-0.65407866,-0.58436185,0.80110788,-0.12941206,0
-1.3782872,-3.9366181,0.84548283,0.58436185,-0.80110788,0.12941206,0
-0.068370461,-2.1071281,1.4338229,-0.24149778,-0.019430161,0.97020686,0
0.16385865,3.1373158,-0.51533508,-0.58436185,0.80110788,-0.12941206,0
3.1592498,3.9110951,1.1327238,0.77472579,0.59820461,0.20482004,0
-3.9969573,-1.1419742,0.69896436,-0.24149778,-0.019430161,0.97020686,0
-4.0826335,-2.5631833,-0.79175425,-0.77472579,-0.59820461,-0.20482004,0
3.5871654,3.1723707,-0.59875488,0.24149778,0.019430161,-0.97020686,0
-2.1191344,-1.1009542,0.80027628,-0.24149778,-0.019430161,0.97020686,0
-0.53852463,2.0616274,-1.6571252,0.24149778,0.019430161,-0.97020686,0
-2.1776526,-4.3966284,0.56593037,0.58436185,-0.80110788,0.12941206,0
1.0120071,2.2520242,1.8157904,-0.24149778,-0.019430161,0.97020686,0
-1.2092206,1.5388852,-1.8972728,0.24149778,0.019430161,-0.97020686,0
-5.1605043,-1.1570146,-1.5267704,-0.77472579,-0.59820461,-0.20482004,0
-4.7030158,-1.6450564,-0.85468721,-0.77472579,-0.59820461,-0.20482004,0
2.4903038,4.1202059,1.9935408,0.77472579,0.59820461,0.20482004,0
-2.4694977,-4.8472166,-1.4070539,-0.77472579,-0.59820461,-0.20482004,0
-0.91348886,-3.815681,-0.2930398,0.58436185,-0.80110788,0.12941206,0
4.2776794,0.48864296,-0.48695922,0.24149778,0.019430161,-0.97020686,0
-1.0404265,1.449441,1.2842267,-0.24149778,-0.019430161,0.97020686,0
0.9465481,-2.7814322,-0.74015367,0.58436185,-0.80110788,0.12941206,0
-1.4036664,-1.7946892,-1.9607881,0.24149778,0.019430161,-0.97020686,0
-0.54840738,0.48362684,1.5566828,-0.24149778,-0.019430161,0.97020686,0
-0.4437741,2.8519831,-0.79691577,-0.58436185,0.80110788,-0.12941206,0
4.828526,2.1486776,-0.071568012,0.77472579,0.59820461,0.20482004,0
-1.6244844,-2.4438388,1.1607063,-0.24149778,-0.019430161,0.97020686,0
4.2058845,2.4578362,0.78678131,0.77472579,0.59820461,0.20482004,0
3.7946446,-0.13561034,2.3824418,0.58436185,-0.80110788,0.12941206,0
2.8521576,0.30742615,-0.67206788,0.24149778,0.019430161,-0.97020686,0
3.8673787,-0.32222342,0.090238094,0.58436185,-0.80110788,0.12941206,0
-0.45523787,-0.2373271,-1.7454443,0.24149778,0.019430161,-0.97020686,0
-5.5922947,-1.2166196,-0.25654268,-0.77472579,-0.59820461,-0.20482004,0
-1.0611601,-2.5838127,1.2856708,-0.24149778,-0.019430161,0.97020686,0
5.4165521,1.3771163,0.63797045,0.77472579,0.59820461,0.20482004,0
-0.41489336,1.7751437,1.5857264,-0.24149778,-0.019430161,0.97020686,0
-5.046216,-0.48832452,-0.28199601,-0.58436185,0.80110788,-0.12941206,0
0.51450843,2.9804878,1.5343823,-0.24149778,-0.019430161,0.97020686,0
-1.269521,2.0386338,0.26999402,-0.58436185,0.80110788,-0.12941206,0
2.1647501,3.2632036,2.082319,-0.24149778,-0.019430161,0.97020686,0
-1.9418645,-4.1212606,-2.0356579,0.24149778,0.019430161,-0.97020686,0
-4.156065,-2.3442822,-1.0393167,-0.77472579,-0.59820461,-0.20482004,0
0.96661377,3.9114208,-0.76077747,-0.58436185,0.80110788,-0.12941206,0
-4.8637109,-0.3729037,-0.41914201,-0.58436185,0.80110788,-0.12941206,0
-2.9421396,0.96193153,0.89778817,-0.24149778,-0.019430161,0.97020686,0
-3.973047,-2.0617604,0.53785515,-0.24149778,-0.019430161,0.97020686,0
-4.0918698,-1.5318687,-2.4643228,0.24149778,0.019430161,-0.97020686,0
4.2517138,2.3603215,1.8839078,0.77472579,0.59820461,0.20482004,0
3.4495022,2.7363131,2.5687082,-0.24149778,-0.019430161,0.97020686,0
-2.6701946,0.26776859,0.92902064,-0.24149778,-0.019430161,0.97020686,0
-0.54824781,-2.7107997,-1.553117,0.24149778,0.019430161,-0.97020686,0
0.36999941,-1.1198978,1.4509473,-0.24149778,-0.019430161,0.97020686,0
-3.4000134,-3.0492048,-2.5996718,0.24149778,0.019430161,-0.97020686,0
-4.8948598,-1.0261056,-1.9299407,-0.77472579,-0.59820461,-0.20482004,0
3.5700133,0.27384615,2.5669694,-0.24149778,-0.019430161,0.97020686,0
0.36404881,-0.88664687,-1.5020182,0.24149778,0.019430161,-0.97020686,0
2.971458,-0.52285862,1.5047841,0.58436185,-0.80110788,0.12941206,0
-4.021534,-0.17398047,-2.397172,-0.58436185,0.80110788,-0.12941206,0
3.8984258,2.5210955,-0.54682398,0.24149778,0.019430161,-0.97020686,0
-4.0817919,0.17496228,0.42326379,-0.24149778,-0.019430161,0.97020686,0
3.1558681,-0.75295448,1.5371122,0.58436185,-0.80110788,0.12941206,0
1.0329361,-0.88631994,-1.1639417,0.24149778,0.019430161,-0.97020686,0
-4.4206057,-2.299953,-0.58312321,-0.77472579,-0.59820461,-0.20482004,0
-0.85893929,-3.8546,-1.9012394,0.24149778,0.019430161,-0.97020686,0
2.0464888,0.1169548,1.9860601,-0.24149778,-0.019430161,0.97020686,0
-3.3355708,-3.5027311,-1.4407759,-0.77472579,-0.59820461,-0.20482004,0
4.0348835,0.091164351,2.1506977,0.58436185,-0.80110788,0.12941206,0
3.1683445,-0.88761252,0.83212447,0.58436185,-0.80110788,0.12941206,0
-4.5446758,-2.287781,0.31346178,-0.24149778,-0.019430161,0.97020686,0
1.8741765,3.6161399,2.2072816,-0.24149778,-0.019430161,0.97020686,0
5.2206683,0.65090841,-0.21104622,0.58436185,-0.80110788,0.12941206,0
1.136873,-0.12050641,-1.3449638,0.24149778,0.019430161,-0.97020686,0
3.9958918,2.5871787,0.95230436,0.77472579,0.59820461,0.20482004,0
1.9315147,0.30800796,2.1589363,-0.24149778,-0.019430161,0.97020686,0
-3.7676523,-0.11924291,-1.8358213,-0.58436185,0.80110788,-0.12941206,0
-5.3412719,-0.87313426,-0.91868544,-0.77472579,-0.59820461,-0.20482004,0
-0.5051744,-3.4737968,-0.33435249,0.58436185,-0.80110788,0.12941206,0
-3.3426256,-3.6102469,-0.58332682,-0.77472579,-0.59820461,-0.20482004,0
-1.7268213,-4.6418262,-0.21293974,0.58436185,-0.80110788,0.12941206,0
-3.3993378,-4.2005415,0.31940937,-0.77472579,-0.59820461,-0.20482004,0
5.3151665,1.0103624,1.9195802,0.77472579,0.59820461,0.20482004,0
0.46347606,-2.9099753,-0.50695062,0.58436185,-0.80110788,0.12941206,0
4.760787,1.0849507,2.4115229,0.77472579,0.59820461,0.20482004,0
0.42062283,0.7312417,-1.4862541,0.24149778,0.019430161,-0.97020686,0
-0.017026544,3.5885308,1.4376204,-0.58436185,0.80110788,-0.12941206,0
-4.2301073,-2.7408981,0.027116299,-0.77472579,-0.59820461,-0.20482004,0
-2.5220335,-4.7535348,-0.46596527,-0.77472579,-0.59820461,-0.20482004,0
-4.6026535,-1.9532111,-2.1147838,-0.77472579,-0.59820461,-0.20482004,0
3.1774983,-1.0098293,-0.57916999,0.58436185,-0.80110788,0.12941206,0
-3.558672,-3.2598355,-0.49946976,-0.77472579,-0.59820461,-0.20482004,0
-4.5337138,-2.1764932,-1.1560302,-0.77472579,-0.59820461,-0.20482004,0
3.3345222,3.8311691,1.2666802,0.77472579,0.59820461,0.20482004,0
-0.096729279,2.0880599,-1.5443684,0.24149778,0.019430161,-0.97020686,0
2.109374,4.7400293,1.3208752,-0.58436185,0.80110788,-0.12941206,0
2.9961901,1.8881979,2.1465921,-0.24149778,-0.019430161,0.97020686,0
3.020947,3.2149634,2.4231434,-0.24149778,-0.019430161,0.97020686,0
2.1062269,4.4308314,-0.47259378,-0.58436185,0.80110788,-0.12941206,0
-0.93631232,-3.7464912,-0.080358505,0.58436185,-0.80110788,0.12941206,0
3.7737324,2.6359069,2.4809206,-0.24149778,-0.019430161,0.97020686,0
-2.5242739,-4.2396803,-1.8039994,-0.77472579,-0.59820461,-0.20482004,0
0.87697029,-2.300607,1.6444111,0.58436185,-0.80110788,0.12941206,0
1.2699883,-0.27394247,1.8743277,-0.24149778,-0.019430161,0.97020686,0
3.2850332,-0.80753219,0.97224987,0.58436185,-0.80110788,0.12941206,0
2.4034495,4.2073584,2.2407165,-0.24149778,-0.019430161,0.97020686,0
1.9548744,2.3651724,2.0087261,-0.24149778,-0.019430161,0.97020686,0
4.6686735,0.83581758,2.7883632,-0.24149778,-0.019430161,0.97020686,0
0.091214657,3.1935902,-1.2650061,-0.58436185,0.80110788,-0.12941206,0
-3.2112656,-3.6012199,-1.2174172,-0.77472579,-0.59820461,-0.20482004,0
2.2009761,-1.3048432,-1.1520599,0.24149778,0.019430161,-0.97020686,0
2.7517471,-0.38106889,-0.78292179,0.24149778,0.019430161,-0.97020686,0
4.2802925,2.4854321,1.3845067,0.77472579,0.59820461,0.20482004,0
-0.56047755,2.6731181,1.2876619,-0.58436185,0.80110788,-0.12941206,0
-3.384686,-3.634079,-0.56068754,-0.77472579,-0.59820461,-0.20482004,0
1.611855,3.0573766,-1.0420349,0.24149778,0.019430161,-0.97020686,0
3.9033961,3.4784436,0.432796,0.77472579,0.59820461,0.20482004,0
-0.15948236,-3.1681805,0.1009295,0.58436185,-0.80110788,0.12941206,0
-2.9101996,-0.73846495,0.73669577,-0.24149778,-0.019430161,0.97020686,0
-0.41012555,1.9361467,1.4388227,-0.24149778,-0.019430161,0.97020686,0
-2.7291925,-4.5595555,-1.4601288,-0.77472579,-0.59820461,-0.20482004,0
3.9467242,2.9226258,0.44521809,0.77472579,0.59820461,0.20482004,0
-4.2971554,-2.5438528,-1.6215391,-0.77472579,-0.59820461,-0.20482004,0
-4.0339704,-2.6304011,-1.7107191,-0.77472579,-0.59820461,-0.20482004,0
-2.4107938,-1.0483322,-2.0226879,0.24149778,0.019430161,-0.97020686,0
4.461153,2.5168991,-0.24796247,0.77472579,0.59820461,0.20482004,0
3.1954463,-0.34994411,2.407871,-0.24149778,-0.019430161,0.97020686,0
2.3187847,2.1551173,-0.80708981,0.24149778,0.019430161,-0.97020686,0
2.5830367,-1.6086307,-0.96792209,0.58436185,-0.80110788,0.12941206,0
3.4027994,-0.27103496,1.8360569,0.58436185,-0.80110788,0.12941206,0
2.6730177,4.5585513,1.3978038,0.77472579,0.59820461,0.20482004,0
-0.13357472,3.2289312,1.3356361,-0.58436185,0.80110788,-0.12941206,0
5.3223219,1.4061345,0.89988804,0.77472579,0.59820461,0.20482004,0
2.307982,2.9540982,-1.0482178,0.24149778,0.019430161,-0.97020686,0
2.2619793,4.7200265,1.1833239,-0.58436185,0.80110788,-0.12941206,0
5.2923026,0.87519336,1.6481667,0.58436185,-0.80110788,0.12941206,0
-3.636466,-2.9552546,-1.1338587,-0.77472579,-0.59820461,-0.20482004,0
-2.066092,-4.8093104,-0.77229548,0.58436185,-0.80110788,0.12941206,0
3.3488336,3.1137071,1.7336698,0.77472579,0.59820461,0.20482004,0
0.15912604,-3.095597,-1.6344007,0.58436185,-0.80110788,0.12941206,0
-1.0934715,2.2109928,1.464272,-0.24149778,-0.019430161,0.97020686,0
5.3213153,1.5672369,0.23797131,0.77472579,0.59820461,0.20482004,0
3.736876,3.0802021,1.2039075,0.77472579,0.59820461,0.20482004,0
-2.1774483,-4.6138239,0.5885148,0.58436185,-0.80110788,0.12941206,0
3.3829606,-0.17684598,-0.88019514,0.24149778,0.019430161,-0.97020686,0
-0.28178096,2.7724609,-1.3155155,-0.58436185,0.80110788,-0.12941206,0
3.8480339,0.18089747,2.0602188,0.58436185,-0.80110788,0.12941206,0
2.5274131,4.7948804,1.8178215,0.77472579,0.59820461,0.20482004,0
4.8989043,1.119441,2.3412926,0.77472579,0.59820461,0.20482004,0
4.9402151,1.4187016,1.2934699,0.77472579,0.59820461,0.20482004,0
-5.5192127,-1.2960858,-0.60553312,-0.77472579,-0.59820461,-0.20482004,0
-4.5107617,-2.4870181,-0.41603422,-0.77472579,-0.59820461,-0.20482004,0
-2.631608,-4.7491751,0.32347822,-0.77472579,-0.59820461,-0.20482004,0
-5.2754874,-0.8138597,-1.3302922,-0.58436185,0.80110788,-0.12941206,0
2.284723,-0.33582878,-0.85370457,0.24149778,0.019430161,-0.97020686,0
-5.0012741,-1.7174922,-1.2020068,-0.77472579,-0.59820461,-0.20482004,0
2.9231691,0.18715283,-0.64998746,0.24149778,0.019430161,-0.97020686,0
-4.4148474,-2.8009567,-0.11149883,-0.77472579,-0.59820461,-0.20482004,0
-4.8724461,-1.399524,-1.735328,-0.77472579,-0.59820461,-0.20482004,0
-4.1400938,-2.0568504,-1.8418543,-0.77472579,-0.59820461,-0.20482004,0
5.2309179,1.7824061,0.38657475,0.77472579,0.59820461,0.20482004,0
-0.75644636,-3.9410582,-0.49747896,0.58436185,-0.80110788,0.12941206,0
1.993083,3.4034617,1.9987986,-0.24149778,-0.019430161,0.97020686,0
-4.1403909,-2.001461,-2.7011306,-0.77472579,-0.59820461,-0.20482004,0
-3.3758321,-3.7812676,-0.38235044,-0.77472579,-0.59820461,-0.20482004,0
2.6615882,0.45421529,2.2339993,-0.24149778,-0.019430161,0.97020686,0
-0.38964409,2.1801653,1.2994359,-0.24149778,-0.019430161,0.97020686,0
-2.9409897,1.1674161,-0.075970232,-0.58436185,0.80110788,-0.12941206,0
-3.284152,-3.2973647,-2.1516857,-0.77472579,-0.59820461,-0.20482004,0
-4.3674469,-2.0129848,-2.2917726,-0.77472579,-0.59820461,-0.20482004,0
-1.4127479,2.1969812,0.99531454,-0.58436185,0.80110788,-0.12941206,0
5.6613288,1.1847858,0.19481516,0.77472579,0.59820461,0.20482004,0
-3.2327104,-1.4587061,-2.4419413,0.24149778,0.019430161,-0.97020686,0
-2.8802762,0.57371867,-1.442836,-0.58436185,0.80110788,-0.12941206,0
0.62942827,3.7035837,0.55406237,-0.58436185,0.80110788,-0.12941206,0
0.14557761,-3.264128,-1.5059309,0.58436185,-0.80110788,0.12941206,0
2.264092,3.8991823,-0.70429897,0.24149778,0.019430161,-0.97020686,0
-2.0879145,-0.0047006607,0.89805496,-0.24149778,-0.019430161,0.97020686,0
-0.065802872,3.332202,1.7275667,-0.58436185,0.80110788,-0.12941206,0
3.3379402,3.9773786,-0.24058914,0.77472579,0.59820461,0.20482004,0
-1.3415947,-2.144156,1.0670033,-0.24149778,-0.019430161,0.97020686,0
4.6503568,2.0507746,0.9702425,0.77472579,0.59820461,0.20482004,0
-2.8771844,0.78170884,-1.6331853,-0.58436185,0.80110788,-0.12941206,0
-2.0015011,-3.031987,-2.2213359,0.24149778,0.019430161,-0.97020686,0
3.7903898,2.1825318,2.4639695,-0.24149778,-0.019430161,0.97020686,0
4.7356396,1.7077111,1.1703978,0.77472579,0.59820461,0.20482004,0
-0.81104732,2.427587,-0.56378508,-0.58436185,0.80110788,-0.12941206,0
-3.854342,-3.601542,0.14279032,-0.77472579,-0.59820461,-0.20482004,0
0.64401895,0.2867409,-1.5056376,0.24149778,0.019430161,-0.97020686,0
0.41067961,1.3138381,1.7672772,-0.24149778,-0.019430161,0.97020686,0
1.3131719,-0.72020912,-1.2348238,0.24149778,0.019430161,-0.97020686,0
-2.2793596,-1.9487774,0.7726028,-0.24149778,-0.019430161,0.97020686,0
4.2065654,0.092399657,-0.28000665,0.58436185,-0.80110788,0.12941206,0
-5.0684156,-1.9348102,-0.46720123,-0.77472579,-0.59820461,-0.20482004,0
2.396924,-0.17012084,-0.74731445,0.24149778,0.019430161,-0.97020686,0
4.836307,1.4763947,2.1368866,0.77472579,0.59820461,0.20482004,0
-4.5683265,-1.3242873,0.41053677,-0.24149778,-0.019430161,0.97020686,0
3.7902198,1.633635,2.6750779,-0.24149778,-0.019430161,0.97020686,0
-2.3309369,-3.7593055,-2.3568094,0.24149778,0.019430161,-0.97020686,0
3.0689359,4.323554,0.44339371,0.77472579,0.59820461,0.20482004,0
4.4091644,2.6241748,0.19939899,0.77472579,0.59820461,0.20482004,0
-1.5038248,1.0496026,-1.7686164,0.24149778,0.019430161,-0.97020686,0
-4.2205071,-0.91116571,-2.5657506,0.24149778,0.019430161,-0.97020686,0
3.3930752,3.4099705,1.2565336,0.77472579,0.59820461,0.20482004,0
-3.8451777,-0.011725664,-1.659157,-0.58436185,0.80110788,-0.12941206,0
-4.5361967,-0.45929122,-2.5200431,-0.58436185,0.80110788,-0.12941206,0
-2.948416,-4.1977549,-1.8660383,-0.77472579,-0.59820461,-0.20482004,0
1.601523,4.5616407,1.249351,-0.58436185,0.80110788,-0.12941206,0
-3.7277651,-2.9585655,-2.5044768,-0.77472579,-0.59820461,-0.20482004,0
3.783108,3.52598,0.038421631,0.77472579,0.59820461,0.20482004,0
2.6355574,5.0668144,0.33820724,0.77472579,0.59820461,0.20482004,0
-5.1526089,-0.79096937,-0.23570585,-0.58436185,0.80110788,-0.12941206,0
-0.75866473,2.497637,0.32348239,-0.58436185,0.80110788,-0.12941206,0
2.5276678,4.5365167,1.1367936,0.77472579,0.59820461,0.20482004,0
3.4387288,4.2049694,-0.20414734,0.77472579,0.59820461,0.20482004,0
4.4618807,0.12108427,-0.24499583,0.58436185,-0.80110788,0.12941206,0
3.4082816,-0.6369195,0.092372537,0.58436185,-0.80110788,0.12941206,0
3.5815389,2.261905,2.421319,-0.24149778,-0.019430161,0.97020686,0
1.5769759,4.5342813,1.2677746,-0.58436185,0.80110788,-0.12941206,0
-3.0705352,-3.6587524,-2.1745968,-0.77472579,-0.59820461,-0.20482004,0
-1.927319,1.5818149,-0.60574478,-0.58436185,0.80110788,-0.12941206,0
-0.54065478,2.8502002,-0.065766335,-0.58436185,0.80110788,-0.12941206,0
-3.6529031,-1.3250437,-2.3319449,0.24149778,0.019430161,-0.97020686,0
3.6895714,2.0033174,2.3133039,-0.24149778,-0.019430161,0.97020686,0
5.532259,0.87566602,0.29824781,0.58436185,-0.80110788,0.12941206,0
4.6704865,1.5380704,2.0076497,0.77472579,0.59820461,0.20482004,0
5.0237031,0.7583257,0.8504405,0.58436185,-0.80110788,0.12941206,0
-4.3437676,-1.8901484,-1.7107661,-0.77472579,-0.59820461,-0.20482004,0
-3.5745835,0.18949318,-0.76397216,-0.58436185,0.80110788,-0.12941206,0
-2.891279,-4.1555858,0.76076508,-0.24149778,-0.019430161,0.97020686,0
4.7575521,2.0152016,0.32784176,0.77472579,0.59820461,0.20482004,0
3.4052188,3.0738354,2.4695423,0.77472579,0.59820461,0.20482004,0
-3.7483521,0.26983798,-1.081218,-0.58436185,0.80110788,-0.12941206,0
2.4944081,-0.38173485,2.2961147,-0.24149778,-0.019430161,0.97020686,0
-1.3226275,2.2008491,1.1814101,-0.24149778,-0.019430161,0.97020686,0
-3.3583291,0.68178773,0.42992234,-0.58436185,0.80110788,-0.12941206,0
3.1445212,3.6551433,1.6331253,0.77472579,0.59820461,0.20482004,0
4.4600859,0.37390971,1.5264423,0.58436185,-0.80110788,0.12941206,0
4.2210217,0.11964321,1.0056789,0.58436185,-0.80110788,0.12941206,0
4.9747715,1.7566193,-0.13532114,0.24149778,0.019430161,-0.97020686,0
3.1726899,4.1056938,0.26251554,0.77472579,0.59820461,0.20482004,0
2.3388236,4.7619228,1.9107227,0.77472579,0.59820461,0.20482004,0
4.9496675,0.7881186,2.612556,0.77472579,0.59820461,0.20482004,0
-0.37447786,3.0629115,0.53138709,-0.58436185,0.80110788,-0.12941206,0
-4.9314651,-2.1076033,-0.0045647621,-0.77472579,-0.59820461,-0.20482004,0
-4.7807808,-0.84952712,-2.0639558,-0.58436185,0.80110788,-0.12941206,0
-1.5837151,-3.6183944,-2.1981573,0.24149778,0.019430161,-0.97020686,0
4.0846977,0.63955265,-0.40434527,0.24149778,0.019430161,-0.97020686,0
-0.59238291,2.6558053,0.94436693,-0.58436185,0.80110788,-0.12941206,0
3.1220486,3.5315111,2.0086083,0.77472579,0.59820461,0.20482004,0
-3.7421598,-0.52737737,-2.3280435,0.24149778,0.019430161,-0.97020686,0
2.4459293,3.2516966,-0.83977461,0.24149778,0.019430161,-0.97020686,0
2.2798681,3.547611,2.3417673,-0.24149778,-0.019430161,0.97020686,0
-0.15942693,-3.3217728,-0.50811267,0.58436185,-0.80110788,0.12941206,0
1.4675987,3.8610542,-0.61956739,-0.58436185,0.80110788,-0.12941206,0
-0.86731696,-3.790936,-0.29003334,0.58436185,-0.80110788,0.12941206,0
-4.6153817,-2.4666224,0.19626808,-0.77472579,-0.59820461,-0.20482004,0
-1.637748,-3.1282263,1.017693,-0.24149778,-0.019430161,0.97020686,0
4.94945,0.56007409,1.0405989,0.58436185,-0.80110788,0.12941206,0
-5.0353589,-1.4606154,-1.2857761,-0.77472579,-0.59820461,-0.20482004,0
4.6502142,2.5388348,0.0022039413,0.77472579,0.59820461,0.20482004,0
1.1672547,-2.1564095,1.6761786,0.58436185,-0.80110788,0.12941206,0
4.9277534,1.3387761,2.3325765,0.77472579,0.59820461,0.20482004,0
2.503078,4.3785405,1.6372523,0.77472579,0.59820461,0.20482004,0
-4.1685061,-0.33748484,-1.768918,-0.58436185,0.80110788,-0.12941206,0
0.8109957,-2.5496988,-0.076156259,0.58436185,-0.80110788,0.12941206,0
-2.5776997,1.2422676,-0.80821747,-0.58436185,0.80110788,-0.12941206,0
-3.5680203,-3.404448,-1.0647054,-0.77472579,-0.59820461,-0.20482004,0
-3.8707891,-3.1104095,-0.59044027,-0.77472579,-0.59820461,-0.20482004,0
-2.1727877,-2.3919435,0.91246819,-0.24149778,-0.019430161,0.97020686,0
-3.0509939,-3.9930515,-1.8210154,-0.77472579,-0.59820461,-0.20482004,0
5.4845982,1.0114684,0.58803082,0.77472579,0.59820461,0.20482004,0
3.9251473,2.9258504,0.14436245,0.77472579,0.59820461,0.20482004,0
2.6300981,4.440568,0.66401243,0.77472579,0.59820461,0.20482004,0
-1.0172731,0.81713605,-1.9659539,0.24149778,0.019430161,-0.97020686,0
-3.3631196,-4.1472955,-0.47816753,-0.77472579,-0.59820461,-0.20482004,0
-4.6372504,-0.41270566,-2.0535274,-0.58436185,0.80110788,-0.12941206,0
-2.0525694,1.1193155,-1.9094152,-0.58436185,0.80110788,-0.12941206,0
4.652894,1.9218575,0.87375402,0.77472579,0.59820461,0.20482004,0
-3.3358285,-4.5067258,0.47099924,-0.77472579,-0.59820461,-0.20482004,0
4.0656757,2.1809213,1.9364805,0.77472579,0.59820461,0.20482004,0
-3.4782858,-3.3367195,-2.2745457,-0.77472579,-0.59820461,-0.20482004,0
-1.7750198,-4.3803563,-0.85711622,0.58436185,-0.80110788,0.12941206,0
2.9532046,4.2006989,0.23087883,0.77472579,0.59820461,0.20482004,0
4.4549541,1.9421165,1.7964315,0.77472579,0.59820461,0.20482004,0
-4.3731527,-2.3603179,-1.8547068,-0.77472579,-0.59820461,-0.20482004,0
1.3851485,-1.9563677,-0.49990314,0.58436185,-0.80110788,0.12941206,0
-5.2077308,-1.6211807,-0.91317511,-0.77472579,-0.59820461,-0.20482004,0
3.8238258,1.3434672,-0.5515871,0.24149778,0.019430161,-0.97020686,0
-1.0330707,2.4428134,1.3158729,-0.24149778,-0.019430161,0.97020686,0
4.8799562,1.9833472,0.88280821,0.77472579,0.59820461,0.20482004,0
-2.703882,-4.8052454,-1.0199866,-0.77472579,-0.59820461,-0.20482004,0
-2.4153872,-4.409317,-2.0048351,-0.77472579,-0.59820461,-0.20482004,0
2.2772837,4.566308,2.3190217,-0.24149778,-0.019430161,0.97020686,0
-1.8217803,1.6263089,-0.85534328,-0.58436185,0.80110788,-0.12941206,0
-2.4918993,-1.8669705,-2.2196488,0.24149778,0.019430161,-0.97020686,0
-3.0917323,0.8308841,-0.7150616,-0.58436185,0.80110788,-0.12941206,0
-1.807339,1.9163146,0.1781925,-0.58436185,0.80110788,-0.12941206,0
2.8450117,-0.98343843,0.78423339,0.58436185,-0.80110788,0.12941206,0
2.0758362,-1.7351446,-0.025383115,0.58436185,-0.80110788,0.12941206,0
-1.4022813,1.9073021,-0.82128972,-0.58436185,0.80110788,-0.12941206,0
3.0091019,4.3558741,0.55663013,0.77472579,0.59820461,0.20482004,0
-2.5972221,-4.1307888,-2.08636,-0.77472579,-0.59820461,-0.20482004,0
-1.6457227,-3.4602027,-2.0622089,0.24149778,0.019430161,-0.97020686,0
4.3905187,2.8028812,0.36947489,0.77472579,0.59820461,0.20482004,0
-1.0477257,1.8895078,-1.3535858,-0.58436185,0.80110788,-0.12941206,0
2.4448459,4.5946379,1.8436055,0.77472579,0.59820461,0.20482004,0
5.4427314,1.171236,0.55278683,0.77472579,0.59820461,0.20482004,0
0.7345233,3.5821409,0.99276209,-0.58436185,0.80110788,-0.12941206,0
-3.603476,-3.1208949,-1.707756,-0.77472579,-0.59820461,-0.20482004,0
-1.2306888,-0.82714438,1.2196542,-0.24149778,-0.019430161,0.97020686,0
0.45240712,0.50228328,-1.2999811,0.24149778,0.019430161,-0.97020686,0
-2.3081977,1.5212063,-0.51317102,-0.58436185,0.80110788,-0.12941206,0
-0.40803048,-0.070185781,1.421223,-0.24149778,-0.019430161,0.97020686,0
-2.6910632,0.95992726,-0.91732365,-0.58436185,0.80110788,-0.12941206,0
5.4495344,1.0682276,0.40614319,0.77472579,0.59820461,0.20482004,0
2.9196033,3.1566391,-0.64946222,0.24149778,0.019430161,-0.97020686,0
-3.4134564,-3.7546301,-1.0710444,-0.77472579,-0.59820461,-0.20482004,0
0.4056282,3.5758348,-0.24069357,-0.58436185,0.80110788,-0.12941206,0
3.8477664,1.8491871,-0.67270899,0.24149778,0.019430161,-0.97020686,0
-2.5738297,0.93948948,-1.3368421,-0.58436185,0.80110788,-0.12941206,0
-2.7476432,-0.21073055,-2.1460776,0.24149778,0.019430161,-0.97020686,0
3.2023015,0.054664612,2.4262018,-0.24149778,-0.019430161,0.97020686,0
3.3301983,3.7866969,0.55598307,0.77472579,0.59820461,0.20482004,0
2.9244776,1.4198202,-0.80368161,0.24149778,0.019430161,-0.97020686,0
-0.77265453,-3.6696353,1.3302317,0.58436185,-0.80110788,0.12941206,0
-5.6439357,-0.80307066,0.03042841,-0.58436185,0.80110788,-0.12941206,0
-2.2320135,1.3151954,-0.080745339,-0.58436185,0.80110788,-0.12941206,0
0.4550128,-1.7741491,-1.4521527,0.24149778,0.019430161,-0.97020686,0
-2.1905003,1.8964626,0.88816857,-0.58436185,0.80110788,-0.12941206,0
4.5420098,2.1847026,-0.33140087,0.24149778,0.019430161,-0.97020686,0
0.099466801,-3.0967951,1.186739,0.58436185,-0.80110788,0.12941206,0
-3.2450843,0.85391366,-0.071184278,-0.58436185,0.80110788,-0.12941206,0
3.1664562,3.5719867,2.1287289,0.77472579,0.59820461,0.20482004,0
-4.0390778,-2.8846154,-1.4100795,-0.77472579,-0.59820461,-0.20482004,0
0.66069806,-2.0745664,1.5137739,-0.24149778,-0.019430161,0.97020686,0
-4.6371078,-1.2638397,-2.5586882,-0.77472579,-0.59820461,-0.20482004,0
-2.5545566,-3.6915455,0.6538825,-0.24149778,-0.019430161,0.97020686,0
4.0866871,2.331707,2.2419312,0.77472579,0.59820461,0.20482004,0
4.8912082,1.2609305,2.4880505,0.77472579,0.59820461,0.20482004,0
3.1318142,-0.62050623,-0.012886763,0.58436185,-0.80110788,0.12941206,0
1.0284197,-2.2765279,0.03628087,0.58436185,-0.80110788,0.12941206,0
1.7899808,-1.6265678,0.89407372,0.58436185,-0.80110788,0.12941206,0
2.220824,2.2504206,2.0441208,-0.24149778,-0.019430161,0.97020686,0
3.6065292,3.0609398,1.9129815,0.77472579,0.59820461,0.20482004,0
-0.80368388,-3.7577682,0.35915232,0.58436185,-0.80110788,0.12941206,0
3.6814835,-0.36533356,-0.72838759,0.24149778,0.019430161,-0.97020686,0
4.7277355,1.6695836,0.82549477,0.77472579,0.59820461,0.20482004,0
2.788507,-1.1350532,-0.54605573,0.58436185,-0.80110788,0.12941206,0
4.0242572,0.3155272,2.1863642,0.58436185,-0.80110788,0.12941206,0
-4.4924269,-2.726846,0.13672066,-0.77472579,-0.59820461,-0.20482004,0
-2.7588263,0.93535137,-1.1600285,-0.58436185,0.80110788,-0.12941206,0
3.1128292,3.5729897,1.3802752,0.77472579,0.59820461,0.20482004,0
3.1821852,3.1999841,2.4969385,0.77472579,0.59820461,0.20482004,0
-2.3472037,-0.039653063,-2.1865482,0.24149778,0.019430161,-0.97020686,0
4.7533269,0.074669719,-0.29355025,0.58436185,-0.80110788,0.12941206,0
-0.29382986,-1.083245,1.3103752,-0.24149778,-0.019430161,0.97020686,0
3.3281703,3.1475875,1.7600021,0.77472579,0.59820461,0.20482004,0
2.8585751,-1.0649464,1.0554738,0.58436185,-0.80110788,0.12941206,0
2.7139325,4.6337605,0.27863073,0.77472579,0.59820461,0.20482004,0
-0.42107221,-1.995769,-1.6091903,0.24149778,0.019430161,-0.97020686,0
-3.9751399,0.20347476,-1.3545932,-0.58436185,0.80110788,-0.12941206,0
-0.98104978,2.6416631,1.3604077,-0.58436185,0.80110788,-0.12941206,0
4.1781931,1.2075257,2.7115619,-0.24149778,-0.019430161,0.97020686,0
-1.345811,-0.60774469,-1.7646797,0.24149778,0.019430161,-0.97020686,0
5.2608519,1.1890297,0.26723957,0.77472579,0.59820461,0.20482004,0
4.5453119,1.9996256,0.53614616,0.77472579,0.59820461,0.20482004,0
-4.354424,-0.4649694,-1.1098578,-0.58436185,0.80110788,-0.12941206,0
-2.4718776,1.1329439,-1.3334057,-0.58436185,0.80110788,-0.12941206,0
-0.73859167,-3.8032494,-1.9491944,0.24149778,0.019430161,-0.97020686,0
-1.5979599,1.5967741,-1.8758862,0.24149778,0.019430161,-0.97020686,0
3.3814869,3.8058302,0.94518089,0.77472579,0.59820461,0.20482004,0
-0.24114406,-3.2549887,-0.337852,0.58436185,-0.80110788,0.12941206,0
4.6677508,1.8044825,2.4514744,0.77472579,0.59820461,0.20482004,0
-4.7108402,-2.138464,0.40537977,-0.77472579,-0.59820461,-0.20482004,0
2.8961017,4.5704098,-0.32560825,0.77472579,0.59820461,0.20482004,0
-3.0098052,-3.9158654,-2.3876925,-0.77472579,-0.59820461,-0.20482004,0
-3.4664097,-3.6294355,-1.2015471,-0.77472579,-0.59820461,-0.20482004,0
-1.6064082,1.4874225,-1.5226167,-0.58436185,0.80110788,-0.12941206,0
3.0967112,4.908597,-0.7068243,0.77472579,0.59820461,0.20482004,0
3.360708,1.6591554,-0.54372954,0.24149778,0.019430161,-0.97020686,0
4.8001146,1.8900381,0.59919119,0.77472579,0.59820461,0.20482004,0
3.4422002,-0.19129014,1.5514221,0.58436185,-0.80110788,0.12941206,0
-4.6229081,-1.4083552,-2.0727704,-0.77472579,-0.59820461,-0.20482004,0
-5.0477047,-0.84296393,-2.2008302,-0.77472579,-0.59820461,-0.20482004,0
4.8650861,1.2882166,1.9999425,0.77472579,0.59820461,0.20482004,0
-2.5476329,-4.7094326,-0.99735355,-0.77472579,-0.59820461,-0.20482004,0
4.4241009,2.5069652,0.54302788,0.77472579,0.59820461,0.20482004,0
4.5743194,1.9631174,1.1747203,0.77472579,0.59820461,0.20482004,0
-1.166768,-0.72282022,1.364092,-0.24149778,-0.019430161,0.97020686,0
-0.4958477,2.3531063,-1.1235014,-0.58436185,0.80110788,-0.12941206,0
-2.8793499,-4.0658612,-1.1695514,-0.77472579,-0.59820461,-0.20482004,0
-4.287416,-1.5197734,0.44571924,-0.24149778,-0.019430161,0.97020686,0
1.9820913,-1.5142328,-1.0214016,0.24149778,0.019430161,-0.97020686,0
-3.7107058,-3.1165786,-2.1235271,-0.77472579,-0.59820461,-0.20482004,0
1.718268,4.3792768,0.87243223,-0.58436185,0.80110788,-0.12941206,0
2.0439169,-1.8522805,-0.83665174,0.58436185,-0.80110788,0.12941206,0
-4.5080447,-0.53373909,-1.2263467,-0.58436185,0.80110788,-0.12941206,0
3.0971031,3.8366432,0.5345521,0.77472579,0.59820461,0.20482004,0
-0.39929152,1.2952909,-1.8181049,0.24149778,0.019430161,-0.97020686,0
-0.13374412,0.28457522,-1.7218165,0.24149778,0.019430161,-0.97020686,0
-3.7679429,-2.6726091,-1.9872932,-0.77472579,-0.59820461,-0.20482004,0
-4.1741543,0.12410736,0.6494801,-0.24149778,-0.019430161,0.97020686,0
1.447529,1.6156418,-1.1947284,0.24149778,0.019430161,-0.97020686,0
-0.60403669,2.3301175,-1.2920638,-0.58436185,0.80110788,-0.12941206,0
-2.7372746,-2.4307411,0.78554368,-0.24149778,-0.019430161,0.97020686,0
2.2125115,-1.2138593,2.1250362,0.58436185,-0.80110788,0.12941206,0
-3.3338051,-3.4701943,-1.2265806,-0.77472579,-0.59820461,-0.20482004,0
0.43146342,-2.7554996,-0.97136867,0.58436185,-0.80110788,0.12941206,0
5.2249274,1.8400947,0.2417264,0.77472579,0.59820461,0.20482004,0
0.75918078,-2.4182897,-0.44462454,0.58436185,-0.80110788,0.12941206,0
-2.8664265,-5.0665808,0.53398561,0.58436185,-0.80110788,0.12941206,0
0.90788603,-2.3529723,-0.11995447,0.58436185,-0.80110788,0.12941206,0
-2.1445572,-4.4442239,0.54258633,0.58436185,-0.80110788,0.12941206,0
1.3953642,2.1652737,1.7934949,-0.24149778,-0.019430161,0.97020686,0
2.989651,2.9976583,-0.76382875,0.24149778,0.019430161,-0.97020686,0
0.71529186,-2.345324,0.17908216,0.58436185,-0.80110788,0.12941206,0
-2.2653823,1.4625514,0.1493312,-0.58436185,0.80110788,-0.12941206,0
3.4153299,3.2481754,1.5755973,0.77472579,0.59820461,0.20482004,0
4.8669295,0.83432484,-0.40378857,0.24149778,0.019430161,-0.97020686,0
-2.4539239,1.215953,0.094422996,-0.58436185,0.80110788,-0.12941206,0
0.79171157,-2.1279612,1.0884135,0.58436185,-0.80110788,0.12941206,0
4.5508876,1.216117,-0.44365263,0.24149778,0.019430161,-0.97020686,0
-3.2659159,-3.5037277,-0.95539188,-0.77472579,-0.59820461,-0.20482004,0
-4.798172,-0.78691816,-1.0161717,-0.58436185,0.80110788,-0.12941206,0
-4.8907595,-1.1749802,0.45341444,-0.24149778,-0.019430161,0.97020686,0
-4.3274689,-2.0472333,-1.502387,-0.77472579,-0.59820461,-0.20482004,0
-3.4880524,-2.8950312,-2.5428774,-0.77472579,-0.59820461,-0.20482004,0
-3.316844,-3.670583,-2.096756,-0.77472579,-0.59820461,-0.20482004,0
4.2937984,1.9943939,1.3782248,0.77472579,0.59820461,0.20482004,0
4.1138463,0.27352142,2.544838,0.58436185,-0.80110788,0.12941206,0
-2.9086058,-4.0318232,-1.7185154,-0.77472579,-0.59820461,-0.20482004,0
-4.8348222,-0.96830916,-2.5194943,-0.58436185,0.80110788,-0.12941206,0
-5.6008368,-1.0667347,-0.4356761,-0.77472579,-0.59820461,-0.20482004,0
2.2427118,-0.50470537,-1.1430489,0.24149778,0.019430161,-0.97020686,0
4.4940381,1.4432431,-0.48729944,0.24149778,0.019430161,-0.97020686,0
0.32930577,-2.7235665,-0.28192639,0.58436185,-0.80110788,0.12941206,0
5.2697878,1.6902902,-0.14211941,0.24149778,0.019430161,-0.97020686,0
1.2866838,4.1967344,1.2929778,-0.58436185,0.80110788,-0.12941206,0
0.36631584,3.2192204,-0.41200948,-0.58436185,0.80110788,-0.12941206,0
5.5610576,0.9718312,0.59368134,0.77472579,0.59820461,0.20482004,0
4.0467916,1.9374585,2.522558,0.77472579,0.59820461,0.20482004,0
3.5647366,3.1871839,1.7266946,0.77472579,0.59820461,0.20482004,0
2.8506541,-0.71013618,1.9999062,0.58436185,-0.80110788,0.12941206,0
-3.8660164,0.44654128,0.20863366,-0.58436185,0.80110788,-0.12941206,0
-4.4740691,-0.59655905,-1.5705402,-0.58436185,0.80110788,-0.12941206,0
-5.2971392,-0.950809,-1.3135467,-0.77472579,-0.59820461,-0.20482004,0
3.794884,2.41697,2.1623747,0.77472579,0.59820461,0.20482004,0
-3.8666708,-0.11021137,-1.5753093,-0.58436185,0.80110788,-0.12941206,0
3.1504333,-0.83951592,1.3025374,0.58436185,-0.80110788,0.12941206,0
0.56776762,3.5499482,0.96527386,-0.58436185,0.80110788,-0.12941206,0
1.5913531,-1.9554738,-1.2695456,0.24149778,0.019430161,-0.97020686,0
0.22045243,-0.47462285,-1.432463,0.24149778,0.019430161,-0.97020686,0
-3.0101626,0.049220916,0.59367359,-0.24149778,-0.019430161,0.97020686,0
-4.349123,-1.803035,-2.1544778,-0.77472579,-0.59820461,-0.20482004,0
-1.6848242,-4.7713223,-1.7947545,0.58436185,-0.80110788,0.12941206,0
-2.0270855,1.3812003,-0.82137346,-0.58436185,0.80110788,-0.12941206,0
1.9464846,-1.2611779,-1.2151008,0.24149778,0.019430161,-0.97020686,0
3.6913836,3.5531769,0.40849113,0.77472579,0.59820461,0.20482004,0
4.717433,1.6550884,1.3436804,0.77472579,0.59820461,0.20482004,0
-0.25095963,-3.3610213,-1.2190394,0.58436185,-0.80110788,0.12941206,0
-4.3614597,-1.1251996,-2.5005891,0.24149778,0.019430161,-0.97020686,0
0.80487937,0.6131053,1.850433,-0.24149778,-0.019430161,0.97020686,0
-3.4314959,-1.9003975,-2.3413527,0.24149778,0.019430161,-0.97020686,0
0.52156734,3.8113918,0.48094177,-0.58436185,0.80110788,-0.12941206,0
-4.6510162,-0.27891958,-0.11424708,-0.58436185,0.80110788,-0.12941206,0
-1.3132498,-3.587554,-2.0349362,0.24149778,0.019430161,-0.97020686,0
3.3359487,-0.7056067,0.82365048,0.58436185,-0.80110788,0.12941206,0
2.9294205,4.7681856,0.23536491,0.77472579,0.59820461,0.20482004,0
-0.59198511,-2.0546935,1.4831165,-0.24149778,-0.019430161,0.97020686,0
2.5076017,1.9160218,2.0089374,-0.24149778,-0.019430161,0.97020686,0
-4.971025,-1.0614252,-2.431324,-0.77472579,-0.59820461,-0.20482004,0
-5.3145599,-0.75432777,-1.3991096,-0.58436185,0.80110788,-0.12941206,0
-3.4077458,-3.6170924,-1.1976843,-0.77472579,-0.59820461,-0.20482004,0
-3.5371022,-3.1308026,-1.2983966,-0.77472579,-0.59820461,-0.20482004,0
2.3384078,4.672163,1.4286489,0.77472579,0.59820461,0.20482004,0
-4.1268368,-0.12002724,-0.024211645,-0.58436185,0.80110788,-0.12941206,0
1.6131696,0.12474602,-1.0627382,0.24149778,0.019430161,-0.97020686,0
2.4432545,-0.92398643,1.0486858,0.58436185,-0.80110788,0.12941206,0
3.4998102,3.1984174,2.1666722,0.77472579,0.59820461,0.20482004,0
2.396817,-1.2191908,-1.0081838,0.24149778,0.019430161,-0.97020686,0
-4.9185252,-1.7907882,-0.72148561,-0.77472579,-0.59820461,-0.20482004,0
1.8551466,1.2034471,2.2251077,-0.24149778,-0.019430161,0.97020686,0
0.43454957,-2.8850603,0.49950099,0.58436185,-0.80110788,0.12941206,0
1.3229413,2.9524126,1.8493359,-0.24149778,-0.019430161,0.97020686,0
-2.4726217,1.1111588,-0.55266559,-0.58436185,0.80110788,-0.12941206,0
1.2775218,2.7598579,-1.0858266,0.24149778,0.019430161,-0.97020686,0
-5.5926428,-1.4681652,0.18147421,-0.77472579,-0.59820461,-0.20482004,0
-4.1372871,-2.4502745,-1.0163164,-0.77472579,-0.59820461,-0.20482004,0
-4.4357939,-2.3333287,-1.3258123,-0.77472579,-0.59820461,-0.20482004,0
0.19272935,3.1187024,0.60387325,-0.58436185,0.80110788,-0.12941206,0
-5.0704103,-0.95845592,0.25692749,-0.24149778,-0.019430161,0.97020686,0
3.530066,3.0657837,1.8067455,0.77472579,0.59820461,0.20482004,0
2.1119583,5.0481324,1.4142075,-0.58436185,0.80110788,-0.12941206,0
