-0.53902912,5.4295545,0.47462869,-0.45597965,0.86789888,-0.19706392,0
-0.18273443,2.8762519,-1.6043015,0.86298597,0.3770389,-0.33629888,0
-2.1626005,2.8115342,1.9840113,-0.86298597,-0.3770389,0.33629888,0
-0.55797648,-1.9143965,-2.4943924,-0.21757269,-0.32340884,-0.9209066,0
-3.3716631,1.3804114,-2.2848425,-0.86298597,-0.3770389,0.33629888,0
-0.54223752,1.6542556,-3.6206868,0.86298597,0.3770389,-0.33629888,0
3.4473906,-3.2183239,2.5896318,0.45597965,-0.86789888,0.19706392,0
-2.6639762,0.42585945,-2.4252367,-0.86298597,-0.3770389,0.33629888,0
1.0021167,-5.6671948,-1.1483541,0.45597965,-0.86789888,0.19706392,0
1.8523538,-2.7052331,-2.7470722,-0.21757269,-0.32340884,-0.9209066,0
0.18125629,-4.4697542,-0.16692758,-0.86298597,-0.3770389,0.33629888,0
-2.3270617,2.1326129,1.3500569,-0.86298597,-0.3770389,0.33629888,0
0.10409069,-4.6737065,-1.0480623,-0.86298597,-0.3770389,0.33629888,0
-1.0568447,5.478117,0.72677064,-0.45597965,0.86789888,-0.19706392,0
-2.6820483,4.6839461,0.5417819,-0.45597965,0.86789888,-0.19706392,0
-1.4948485,4.9374886,-0.47356629,-0.45597965,0.86789888,-0.19706392,0
-0.65919614,-0.98571718,2.13572,-0.86298597,-0.3770389,0.33629888,0
-1.5340016,5.1185017,0.85598373,-0.45597965,0.86789888,-0.19706392,0
1.9364134,-0.75283182,3.0750005,0.21757269,0.32340884,0.9209066,0
-0.12106943,-4.6984706,-1.7824018,-0.21757269,-0.32340884,-0.9209066,0
3.9567471,-2.1413071,2.9029191,0.86298597,0.3770389,-0.33629888,0
-0.24142075,-0.059289634,-3.2820644,-0.21757269,-0.32340884,-0.9209066,0
2.470793,0.36339426,2.7431879,0.21757269,0.32340884,0.9209066,0
1.7060148,-0.75412863,-0.35896897,0.86298597,0.3770389,-0.33629888,0
-0.75340438,-2.6727548,-0.74665499,-0.86298597,-0.3770389,0.33629888,0
-1.8480724,4.1588025,-2.5745759,-0.45597965,0.86789888,-0.19706392,0
0.21328449,1.5955427,-2.0348639,0.86298597,0.3770389,-0.33629888,0
-3.4662199,3.182179,-2.4449224,-0.45597965,0.86789888,-0.19706392,0
-0.59030271,-0.81928551,-2.9720492,-0.21757269,-0.32340884,-0.9209066,0
-2.7304041,1.0942333,-1.4530056,-0.86298597,-0.3770389,0.33629888,0
3.463588,-3.0974994,3.3028185,0.45597965,-0.86789888,0.19706392,0
3.1212862,-4.4722414,-1.7275219,0.45597965,-0.86789888,0.19706392,0
-1.0673783,2.8308668,2.3563833,0.21757269,0.32340884,0.9209066,0
0.45516968,-2.4195793,-2.425014,-0.21757269,-0.32340884,-0.9209066,0
-2.9234118,3.5003152,-2.3272455,-0.45597965,0.86789888,-0.19706392,0
-1.4519149,4.5293746,-2.3940399,-0.45597965,0.86789888,-0.19706392,0
0.26980662,3.3414977,-0.5544703,0.86298597,0.3770389,-0.33629888,0
0.52077579,2.343127,2.1877005,0.21757269,0.32340884,0.9209066,0
1.0062325,1.8005378,-0.045287371,0.86298597,0.3770389,-0.33629888,0
-0.71651411,-1.4362663,0.98132455,-0.86298597,-0.3770389,0.33629888,0
-3.4543045,3.7669644,-1.09553,-0.45597965,0.86789888,-0.19706392,0
2.0788293,-1.4237233,3.085484,0.21757269,0.32340884,0.9209066,0
-1.0287693,0.7669459,2.1247461,-0.86298597,-0.3770389,0.33629888,0
-3.1517506,3.1780357,-3.0919604,-0.45597965,0.86789888,-0.19706392,0
-2.7597713,3.6076462,-2.1471758,-0.45597965,0.86789888,-0.19706392,0
1.3935258,0.35016418,2.8208122,0.21757269,0.32340884,0.9209066,0
-1.2680584,-1.105392,-0.064668834,-0.86298597,-0.3770389,0.33629888,0
-2.493854,4.2866845,-1.0108399,-0.45597965,0.86789888,-0.19706392,0
0.7974577,3.3101389,2.1186438,0.21757269,0.32340884,0.9209066,0
1.3592243,0.75895131,2.6944096,0.21757269,0.32340884,0.9209066,0
-0.64943957,1.3464261,-3.7860632,-0.21757269,-0.32340884,-0.9209066,0
0.11057425,-4.0160718,-1.8848572,-0.21757269,-0.32340884,-0.9209066,0
3.5949049,-1.6346488,2.5756371,0.86298597,0.3770389,-0.33629888,0
-0.75502217,-1.586432,0.75385541,-0.86298597,-0.3770389,0.33629888,0
-1.7029229,4.747633,-1.0573971,-0.45597965,0.86789888,-0.19706392,0
-2.9856017,4.2519393,0.3536725,-0.45597965,0.86789888,-0.19706392,0
2.8141742,-1.1111313,1.1181655,0.86298597,0.3770389,-0.33629888,0
1.8025378,-0.51605451,-0.64796579,0.86298597,0.3770389,-0.33629888,0
0.45486689,-4.6869335,-1.785111,-0.21757269,-0.32340884,-0.9209066,0
-1.2103616,4.6340051,-1.518657,-0.45597965,0.86789888,-0.19706392,0
-2.8131819,2.2799327,-0.40599394,-0.86298597,-0.3770389,0.33629888,0
-0.61353159,-4.2948895,-1.8203487,-0.21757269,-0.32340884,-0.9209066,0
-0.10702515,3.6188004,2.1663053,0.21757269,0.32340884,0.9209066,0
1.6777995,-3.938544,3.1957765,0.45597965,-0.86789888,0.19706392,0
-0.88378549,-1.0170189,0.73021877,-0.86298597,-0.3770389,0.33629888,0
-1.5237169,4.9222465,-0.2782886,-0.45597965,0.86789888,-0.19706392,0
2.4986267,-3.9692492,2.4721389,0.45597965,-0.86789888,0.19706392,0
0.62553048,0.76180369,-2.5314753,0.86298597,0.3770389,-0.33629888,0
2.8809605,-4.1201992,0.56269979,0.45597965,-0.86789888,0.19706392,0
-1.4364789,4.1826801,-3.1578267,-0.45597965,0.86789888,-0.19706392,0
-0.19308901,5.4651885,0.8128829,0.86298597,0.3770389,-0.33629888,0
1.1233923,2.7061863,2.0265293,0.86298597,0.3770389,-0.33629888,0
-1.8663824,-0.20170915,-0.58592379,-0.86298597,-0.3770389,0.33629888,0
3.2258389,-2.5189805,1.4271266,0.86298597,0.3770389,-0.33629888,0
-1.265429,5.602932,1.6316121,-0.45597965,0.86789888,-0.19706392,0
2.1141129,-3.8279421,2.8000085,0.45597965,-0.86789888,0.19706392,0
-3.2893298,3.9778657,-1.0030379,-0.45597965,0.86789888,-0.19706392,0
3.2265167,-1.0143633,2.6580794,0.86298597,0.3770389,-0.33629888,0
1.1450291,-0.080494642,2.9440839,0.21757269,0.32340884,0.9209066,0
1.6101176,-1.2343799,3.4531014,0.21757269,0.32340884,0.9209066,0
-1.3688917,-0.042746425,-2.993192,-0.21757269,-0.32340884,-0.9209066,0
-0.56430954,-1.399358,1.1362212,-0.86298597,-0.3770389,0.33629888,0
1.2804569,-0.85256445,-1.7221632,0.86298597,0.3770389,-0.33629888,0
2.6107211,-0.063524008,2.5685449,0.21757269,0.32340884,0.9209066,0
-2.3035975,4.7280064,1.5054226,-0.45597965,0.86789888,-0.19706392,0
-1.1495147,0.73998952,-3.3980207,-0.21757269,-0.32340884,-0.9209066,0
-2.0149503,4.005918,2.321651,0.21757269,0.32340884,0.9209066,0
1.1024296,-1.3423835,-3.134753,-0.21757269,-0.32340884,-0.9209066,0
-0.90055132,-2.8656147,-1.1629356,-0.86298597,-0.3770389,0.33629888,0
-2.2814374,-0.86950922,-2.4853542,-0.21757269,-0.32340884,-0.9209066,0
0.4437536,1.1908438,-2.0630429,0.86298597,0.3770389,-0.33629888,0
3.3214869,-3.9598539,0.80550146,0.45597965,-0.86789888,0.19706392,0
0.74862313,-1.5160822,3.802398,0.21757269,0.32340884,0.9209066,0
0.47490889,1.347176,-1.2530485,0.86298597,0.3770389,-0.33629888,0
3.4206319,-3.5708294,0.74370623,0.86298597,0.3770389,-0.33629888,0
3.305299,-4.1085095,-0.30193233,0.45597965,-0.86789888,0.19706392,0
4.2950072,-3.0292616,3.0439715,0.45597965,-0.86789888,0.19706392,0
-0.3734374,5.261054,0.86823225,0.86298597,0.3770389,-0.33629888,0
0.22356343,0.53213215,-3.2883897,0.86298597,0.3770389,-0.33629888,0
1.0747061,-4.0784478,2.6134102,-0.86298597,-0.3770389,0.33629888,0
-1.460225,4.8799934,-0.98044181,-0.45597965,0.86789888,-0.19706392,0
0.057733059,1.783854,-2.3597896,0.86298597,0.3770389,-0.33629888,0
-0.442801,5.4118252,0.55233812,0.86298597,0.3770389,-0.33629888,0
-2.6572058,1.3575143,-2.9156418,-0.21757269,-0.32340884,-0.9209066,0
-0.98178947,4.8378649,-1.7343085,0.86298597,0.3770389,-0.33629888,0
1.5788877,-3.8184958,4.2659092,0.21757269,0.32340884,0.9209066,0
-2.2863972,4.8918257,0.45155239,-0.45597965,0.86789888,-0.19706392,0
0.81669807,-5.6060305,-1.1078537,0.45597965,-0.86789888,0.19706392,0
0.08284992,-2.8655486,1.4601473,-0.86298597,-0.3770389,0.33629888,0
3.5601621,-3.0868318,3.3382456,0.45597965,-0.86789888,0.19706392,0
-1.6605346,-0.63620198,-2.648185,-0.21757269,-0.32340884,-0.9209066,0
-0.93824744,5.3641682,-0.44925261,-0.45597965,0.86789888,-0.19706392,0
1.7871073,-3.8551257,4.0510473,0.21757269,0.32340884,0.9209066,0
0.43940949,3.7541547,0.8993758,0.86298597,0.3770389,-0.33629888,0
2.9754224,-3.9208136,0.90917587,0.45597965,-0.86789888,0.19706392,0
-1.5693598,5.3776164,1.3299971,-0.45597965,0.86789888,-0.19706392,0
0.94100118,-0.092500687,-2.1298859,0.86298597,0.3770389,-0.33629888,0
3.5899744,-3.5450106,2.3434615,0.45597965,-0.86789888,0.19706392,0
-2.7830667,2.2574153,-3.4872997,-0.21757269,-0.32340884,-0.9209066,0
-0.37135887,5.0598049,1.706287,0.21757269,0.32340884,0.9209066,0
1.684909,-0.27427983,-0.42641485,0.86298597,0.3770389,-0.33629888,0
1.9499745,-3.1412382,3.771776,0.21757269,0.32340884,0.9209066,0
0.21491575,-1.7770617,-2.6588345,-0.21757269,-0.32340884,-0.9209066,0
0.40401745,-5.5162106,-0.84235048,-0.86298597,-0.3770389,0.33629888,0
-0.98455763,1.2589132,3.202281,0.21757269,0.32340884,0.9209066,0
2.3565812,-4.7550244,-2.0679381,-0.21757269,-0.32340884,-0.9209066,0
-0.64406466,-2.6608028,-2.1349018,-0.21757269,-0.32340884,-0.9209066,0
-2.5229654,2.1267936,-0.16026783,-0.86298597,-0.3770389,0.33629888,0
1.6296592,1.0847569,0.56768656,0.86298597,0.3770389,-0.33629888,0
-1.3063262,2.0686693,-3.8747325,-0.21757269,-0.32340884,-0.9209066,0
-0.36852837,4.0831642,1.9653926,0.21757269,0.32340884,0.9209066,0
-0.0033121705,3.2070568,-1.4235252,0.86298597,0.3770389,-0.33629888,0
0.84542298,-2.1165304,-2.5989699,-0.21757269,-0.32340884,-0.9209066,0
2.1560972,-3.1484916,3.9261713,0.21757269,0.32340884,0.9209066,0
1.0915551,-1.6959853,-2.988409,-0.21757269,-0.32340884,-0.9209066,0
-1.7089031,-0.36261582,-2.624536,-0.21757269,-0.32340884,-0.9209066,0
-3.1971738,3.6114404,-0.23495007,-0.86298597,-0.3770389,0.33629888,0
1.7665935,-2.6979923,-2.6309884,0.86298597,0.3770389,-0.33629888,0
1.082782,2.718689,1.4948961,0.86298597,0.3770389,-0.33629888,0
1.9077042,0.85389376,2.6019425,0.21757269,0.32340884,0.9209066,0
2.6557293,-4.199616,0.2711525,0.45597965,-0.86789888,0.19706392,0
3.3671763,-3.5303226,2.4045982,0.45597965,-0.86789888,0.19706392,0
-0.17843217,-1.9968889,1.4939898,-0.86298597,-0.3770389,0.33629888,0
-1.352254,4.5063601,-2.6841247,-0.45597965,0.86789888,-0.19706392,0
-1.2272043,3.0583167,2.6020746,0.21757269,0.32340884,0.9209066,0
-1.9071136,1.0922468,0.43177176,-0.86298597,-0.3770389,0.33629888,0
0.32883406,2.3134713,2.4634454,0.21757269,0.32340884,0.9209066,0
-1.1312735,0.43579406,1.628916,-0.86298597,-0.3770389,0.33629888,0
3.239002,-3.8669899,0.75971556,0.45597965,-0.86789888,0.19706392,0
3.2502701,-3.1646574,3.3313403,0.45597965,-0.86789888,0.19706392,0
-1.1139729,-2.8158722,-1.1619315,-0.86298597,-0.3770389,0.33629888,0
-3.4711077,3.4792848,-1.9416947,-0.45597965,0.86789888,-0.19706392,0
2.1207066,-2.9009066,-2.3907366,0.86298597,0.3770389,-0.33629888,0
1.8322051,-4.0625458,3.3450758,0.45597965,-0.86789888,0.19706392,0
2.6571431,-4.3951411,0.66373396,0.45597965,-0.86789888,0.19706392,0
0.70375109,-3.5977991,-2.1059883,-0.21757269,-0.32340884,-0.9209066,0
2.8037665,-0.074431896,2.3291793,0.86298597,0.3770389,-0.33629888,0
2.594811,-4.2074795,0.29688454,0.45597965,-0.86789888,0.19706392,0
-2.371659,4.7277961,0.020889282,-0.45597965,0.86789888,-0.19706392,0
1.8453197,0.021946311,-0.27576232,0.86298597,0.3770389,-0.33629888,0
-2.2497344,4.1345539,-2.303741,-0.45597965,0.86789888,-0.19706392,0
-0.2490828,1.0215046,-3.5628438,-0.21757269,-0.32340884,-0.9209066,0
2.5440731,-1.0497923,0.77807283,0.86298597,0.3770389,-0.33629888,0
0.86941326,-4.6796145,1.3863313,-0.86298597,-0.3770389,0.33629888,0
-2.4616354,3.2629752,1.9859259,-0.86298597,-0.3770389,0.33629888,0
1.9793321,-2.1650534,3.3417149,0.21757269,0.32340884,0.9209066,0
-0.99664259,5.276463,0.47139883,-0.45597965,0.86789888,-0.19706392,0
3.0426857,-4.2281766,-1.6088674,0.86298597,0.3770389,-0.33629888,0
-0.98276907,3.733546,-2.3973646,0.86298597,0.3770389,-0.33629888,0
2.7456572,-4.2051568,-0.29162788,0.45597965,-0.86789888,0.19706392,0
-1.4678726,-2.1176679,-2.3216627,-0.21757269,-0.32340884,-0.9209066,0
-2.8639319,3.6714942,0.68958402,-0.86298597,-0.3770389,0.33629888,0
1.5823827,0.41782308,2.883136,0.21757269,0.32340884,0.9209066,0
-2.1865487,5.0190649,1.8774519,0.21757269,0.32340884,0.9209066,0
0.91244876,-2.5126932,3.4083221,-0.86298597,-0.3770389,0.33629888,0
3.1422558,-3.3425188,3.4520035,0.45597965,-0.86789888,0.19706392,0
1.0614161,-3.9160566,-2.2673554,-0.21757269,-0.32340884,-0.9209066,0
1.5987965,0.76478422,0.48326999,0.86298597,0.3770389,-0.33629888,0
-3.2822394,4.0058994,1.0605731,-0.86298597,-0.3770389,0.33629888,0
-0.61913252,-0.9253161,-2.7639711,-0.21757269,-0.32340884,-0.9209066,0
-1.8593905,-1.385713,-2.3478358,-0.21757269,-0.32340884,-0.9209066,0
0.58269763,-4.8703957,0.5717783,-0.86298597,-0.3770389,0.33629888,0
-2.0100465,-1.5422181,-1.9832776,-0.86298597,-0.3770389,0.33629888,0
-2.7969735,1.509554,-0.43076873,-0.86298597,-0.3770389,0.33629888,0
2.086494,-1.454837,3.1278162,0.21757269,0.32340884,0.9209066,0
-1.8979545,-1.2720671,-2.5005965,-0.21757269,-0.32340884,-0.9209066,0
3.3226523,-2.915401,3.6461897,0.21757269,0.32340884,0.9209066,0
-1.4933838,0.74555957,1.5116818,-0.86298597,-0.3770389,0.33629888,0
-3.1439214,3.5048087,0.53862381,-0.86298597,-0.3770389,0.33629888,0
-0.48511314,-2.6919193,0.19723105,-0.86298597,-0.3770389,0.33629888,0
3.106775,-1.4932625,3.2458858,0.21757269,0.32340884,0.9209066,0
-0.70919418,3.3784299,-3.0595546,0.86298597,0.3770389,-0.33629888,0
-0.96923733,5.3025727,0.032072067,-0.45597965,0.86789888,-0.19706392,0
1.4288802,-2.9122396,-2.6993124,-0.21757269,-0.32340884,-0.9209066,0
3.2941577,-3.2792451,2.8181415,0.45597965,-0.86789888,0.19706392,0
-3.378437,2.5446653,-1.7326396,-0.86298597,-0.3770389,0.33629888,0
-1.7760236,4.9208155,0.45240116,-0.45597965,0.86789888,-0.19706392,0
2.8482063,-1.7801785,0.76557732,0.86298597,0.3770389,-0.33629888,0
-1.8263521,4.8510971,0.10549021,-0.45597965,0.86789888,-0.19706392,0
1.0661941,-0.94080633,-2.8107142,0.86298597,0.3770389,-0.33629888,0
0.80261755,-0.59837359,-2.5611405,0.86298597,0.3770389,-0.33629888,0
-2.3884368,4.2076631,-1.9931822,-0.45597965,0.86789888,-0.19706392,0
-1.6737549,-1.5667638,-1.2466433,-0.86298597,-0.3770389,0.33629888,0
1.4561105,2.2759428,1.9952912,0.21757269,0.32340884,0.9209066,0
2.6272769,-3.9628861,2.7786245,0.45597965,-0.86789888,0.19706392,0
1.8257973,-2.3081889,3.8115358,0.21757269,0.32340884,0.9209066,0
-0.30590129,-1.7673386,-2.3615627,-0.21757269,-0.32340884,-0.9209066,0
-0.77601862,5.8180885,1.2389996,-0.45597965,0.86789888,-0.19706392,0
-2.6815665,2.6026747,-3.4427347,-0.21757269,-0.32340884,-0.9209066,0
-0.067117929,-2.8727462,1.3644054,-0.86298597,-0.3770389,0.33629888,0
1.5511255,-0.79981768,-1.8553377,0.86298597,0.3770389,-0.33629888,0
-0.62430406,4.7392673,-0.62143564,0.86298597,0.3770389,-0.33629888,0
2.2447476,-4.6286511,0.51816893,0.45597965,-0.86789888,0.19706392,0
2.2222722,-4.0165024,2.7065623,0.45597965,-0.86789888,0.19706392,0
-2.0408249,4.7322149,2.2809906,0.21757269,0.32340884,0.9209066,0
-3.3497722,2.7587552,-1.1980507,-0.86298597,-0.3770389,0.33629888,0
-2.7982717,3.92171,-1.098702,-0.45597965,0.86789888,-0.19706392,0
-2.9809175,3.7235358,-1.6912646,-0.45597965,0.86789888,-0.19706392,0
2.7643127,-3.3092504,-0.88349247,0.86298597,0.3770389,-0.33629888,0
1.8248463,-0.74504989,-0.75984383,0.86298597,0.3770389,-0.33629888,0
0.16790462,-1.7142137,3.5599864,-0.86298597,-0.3770389,0.33629888,0
2.7582705,-2.7073612,3.6567667,0.21757269,0.32340884,0.9209066,0
2.7548146,-4.0363283,1.7720146,0.45597965,-0.86789888,0.19706392,0
1.0269973,0.61981541,-1.0337244,0.86298597,0.3770389,-0.33629888,0
-0.31424069,0.61252749,-3.1855073,-0.21757269,-0.32340884,-0.9209066,0
-0.67988157,5.4084306,0.39997554,0.86298597,0.3770389,-0.33629888,0
1.0099945,-1.5398797,-2.7928262,-0.21757269,-0.32340884,-0.9209066,0
-2.4863229,2.8455269,1.1191752,-0.86298597,-0.3770389,0.33629888,0
2.7302864,-4.2283649,-0.22494841,0.45597965,-0.86789888,0.19706392,0
-2.8248677,4.4442701,2.4995527,0.21757269,0.32340884,0.9209066,0
-1.4805257,-1.8067275,-2.1551116,-0.21757269,-0.32340884,-0.9209066,0
2.7021422,-3.9090407,2.41855,0.45597965,-0.86789888,0.19706392,0
0.93520701,-4.9626417,1.611311,0.45597965,-0.86789888,0.19706392,0
-2.9338682,3.4424915,-2.4265099,-0.45597965,0.86789888,-0.19706392,0
-1.306757,5.4873819,1.8411551,0.21757269,0.32340884,0.9209066,0
-3.8347969,3.1050353,-3.4038982,-0.45597965,0.86789888,-0.19706392,0
-2.3676963,4.2927217,-0.43262434,-0.45597965,0.86789888,-0.19706392,0
-1.7639282,2.7074604,2.5300972,-0.86298597,-0.3770389,0.33629888,0
-0.48802054,2.1589143,-3.5929589,0.86298597,0.3770389,-0.33629888,0
1.7273811,0.57242632,2.5128381,0.21757269,0.32340884,0.9209066,0
-1.8663905,1.6582929,1.9010444,-0.86298597,-0.3770389,0.33629888,0
3.1670861,-4.2135296,-0.99287367,0.45597965,-0.86789888,0.19706392,0
-1.2581817,1.3553853,-3.5375257,-0.21757269,-0.32340884,-0.9209066,0
-2.3412948,4.101285,2.39696,0.21757269,0.32340884,0.9209066,0
2.298852,-4.4015651,0.38016891,0.45597965,-0.86789888,0.19706392,0
-0.83056641,-1.9538085,-2.4580173,-0.21757269,-0.32340884,-0.9209066,0
-0.17641735,-0.78270334,-2.7828913,-0.21757269,-0.32340884,-0.9209066,0
-1.5992312,3.2895634,-4.1084504,-0.21757269,-0.32340884,-0.9209066,0
-2.4790266,3.780251,-3.0536003,-0.45597965,0.86789888,-0.19706392,0
-3.3194542,2.58799,-1.4608099,-0.86298597,-0.3770389,0.33629888,0
1.350912,-2.2006915,3.8379574,0.21757269,0.32340884,0.9209066,0
-0.770082,5.7473736,1.3142669,-0.45597965,0.86789888,-0.19706392,0
-2.8206604,1.764864,-0.46809101,-0.86298597,-0.3770389,0.33629888,0
0.27655435,-1.0361476,3.5218327,-0.86298597,-0.3770389,0.33629888,0
-1.9564621,4.3509798,-1.8870907,-0.45597965,0.86789888,-0.19706392,0
-2.1228695,4.468852,-1.0509868,-0.45597965,0.86789888,-0.19706392,0
1.6369784,-4.8877945,0.13366079,0.45597965,-0.86789888,0.19706392,0
-2.4478831,4.0244045,2.1945789,-0.86298597,-0.3770389,0.33629888,0
0.67882955,2.2421122,-0.26863295,0.86298597,0.3770389,-0.33629888,0
-0.7445333,5.3502874,0.42812753,-0.45597965,0.86789888,-0.19706392,0
2.0283239,-3.6886854,3.4475372,0.45597965,-0.86789888,0.19706392,0
-1.5172065,4.580802,-0.87031603,-0.45597965,0.86789888,-0.19706392,0
-0.48641109,5.5235062,0.77372456,-0.45597965,0.86789888,-0.19706392,0
-2.1301496,1.7082441,0.9086647,-0.86298597,-0.3770389,0.33629888,0
3.3512013,-4.1656842,-0.067306995,0.45597965,-0.86789888,0.19706392,0
2.1903856,-2.5805855,3.4953673,0.21757269,0.32340884,0.9209066,0
-1.4856837,-1.310445,-2.4812725,-0.21757269,-0.32340884,-0.9209066,0
-0.23001957,3.0930536,2.2658606,0.21757269,0.32340884,0.9209066,0
-2.9243746,3.2355113,-3.4763975,-0.45597965,0.86789888,-0.19706392,0
-1.27186,-1.1249704,0.015050054,-0.86298597,-0.3770389,0.33629888,0
-1.324677,2.132257,3.0258701,0.21757269,0.32340884,0.9209066,0
-2.3653662,4.1231155,-2.3090663,-0.45597965,0.86789888,-0.19706392,0
-0.49157643,-3.4262362,-0.26357818,-0.86298597,-0.3770389,0.33629888,0
-0.18426752,2.482157,2.3985503,0.21757269,0.32340884,0.9209066,0
0.60575294,-0.18066967,3.3819292,0.21757269,0.32340884,0.9209066,0
-2.0143929,2.9643333,-3.6925216,-0.21757269,-0.32340884,-0.9209066,0
2.0566938,0.13083673,2.823221,0.21757269,0.32340884,0.9209066,0
0.62027526,-1.1694174,3.6216009,0.21757269,0.32340884,0.9209066,0
2.0196207,-4.1694708,1.8090477,0.45597965,-0.86789888,0.19706392,0
-2.2680943,4.6327963,-0.60621023,-0.45597965,0.86789888,-0.19706392,0
-1.450552,4.9301767,-0.39975739,-0.45597965,0.86789888,-0.19706392,0
-2.4629846,4.6433434,1.1117108,-0.45597965,0.86789888,-0.19706392,0
3.1208742,-1.3111513,2.8147979,0.21757269,0.32340884,0.9209066,0
-2.229634,-0.0089738369,-1.7052914,-0.86298597,-0.3770389,0.33629888,0
-2.3223929,3.941545,-3.348351,-0.45597965,0.86789888,-0.19706392,0
1.679143,1.5535045,1.0731268,0.86298597,0.3770389,-0.33629888,0
-0.30455589,3.7385037,2.0995724,0.21757269,0.32340884,0.9209066,0
-0.047968149,-0.77826202,2.9208663,-0.86298597,-0.3770389,0.33629888,0
2.0949383,-1.582912,-1.1641883,0.86298597,0.3770389,-0.33629888,0
-1.6251774,5.0901957,1.6844604,-0.45597965,0.86789888,-0.19706392,0
-3.4809902,2.4582982,-1.4773629,-0.86298597,-0.3770389,0.33629888,0
-0.26037574,-2.3464901,-2.1745853,-0.21757269,-0.32340884,-0.9209066,0
-2.1857746,4.1862345,-1.7573397,-0.45597965,0.86789888,-0.19706392,0
-2.715256,4.6245866,0.30991364,-0.45597965,0.86789888,-0.19706392,0
-4.0962224,2.6697845,-3.3054123,-0.45597965,0.86789888,-0.19706392,0
-0.86287594,-1.7918934,0.38460153,-0.86298597,-0.3770389,0.33629888,0
-1.1715961,2.5546575,2.5894175,0.21757269,0.32340884,0.9209066,0
2.1232378,0.77363658,2.3802104,0.21757269,0.32340884,0.9209066,0
-2.2547178,1.3943707,0.50399351,-0.86298597,-0.3770389,0.33629888,0
2.4114408,-1.1669036,3.0289361,0.21757269,0.32340884,0.9209066,0
1.4237083,0.86853456,0.44553083,0.86298597,0.3770389,-0.33629888,0
-3.147737,2.4516253,-3.3058457,-0.21757269,-0.32340884,-0.9209066,0
1.2704916,-5.5063858,-1.6046147,0.45597965,-0.86789888,0.19706392,0
-2.7182536,4.6321168,2.4507692,0.21757269,0.32340884,0.9209066,0
-2.3403916,4.9001369,2.0421276,0.21757269,0.32340884,0.9209066,0
3.513768,-3.4818761,1.2717075,0.45597965,-0.86789888,0.19706392,0
0.74472713,1.9796501,2.1778643,0.21757269,0.32340884,0.9209066,0
-2.7420282,4.2682486,0.67265368,-0.45597965,0.86789888,-0.19706392,0
0.48273325,-5.2224727,-0.72747707,-0.86298597,-0.3770389,0.33629888,0
2.3629887,-4.7906833,-1.1164176,0.45597965,-0.86789888,0.19706392,0
3.7991843,-2.2542393,3.3282673,0.21757269,0.32340884,0.9209066,0
0.27134705,4.5785031,1.5008178,0.21757269,0.32340884,0.9209066,0
-1.2173898,0.83680797,1.7937076,-0.86298597,-0.3770389,0.33629888,0
-2.1022248,-0.12642884,-2.5348523,-0.21757269,-0.32340884,-0.9209066,0
-2.4190412,4.8348074,1.7916286,-0.45597965,0.86789888,-0.19706392,0
2.3002055,0.16809273,2.5231137,0.21757269,0.32340884,0.9209066,0
-0.7937541,-2.0819764,-2.3250656,-0.21757269,-0.32340884,-0.9209066,0
2.6539092,-0.89390898,3.1494398,0.21757269,0.32340884,0.9209066,0
3.4101219,-3.3244917,2.4138489,0.45597965,-0.86789888,0.19706392,0
0.73723698,2.7842481,2.1399899,0.21757269,0.32340884,0.9209066,0
1.3525397,-2.7603705,3.8253675,0.21757269,0.32340884,0.9209066,0
-2.9926329,4.0759459,1.1771579,-0.86298597,-0.3770389,0.33629888,0
1.367612,-1.890075,3.7205014,0.21757269,0.32340884,0.9209066,0
3.1308696,-4.2863617,-1.3079207,0.45597965,-0.86789888,0.19706392,0
-0.22487593,5.0918856,1.5888686,0.21757269,0.32340884,0.9209066,0
-0.49048471,2.2549386,2.6968467,0.21757269,0.32340884,0.9209066,0
1.9974023,-4.1446347,1.5600991,0.45597965,-0.86789888,0.19706392,0
-2.8071759,0.29811239,-1.9092643,-0.86298597,-0.3770389,0.33629888,0
0.23329353,0.67173469,-3.3005023,0.86298597,0.3770389,-0.33629888,0
0.57036638,-5.2696991,0.53495979,0.45597965,-0.86789888,0.19706392,0
0.075153232,-2.5280046,1.6905938,-0.86298597,-0.3770389,0.33629888,0
1.62556,-4.8571062,0.55622315,0.45597965,-0.86789888,0.19706392,0
2.1264031,-4.6835074,0.042050838,0.45597965,-0.86789888,0.19706392,0
2.1924188,1.0487251,2.2262058,0.86298597,0.3770389,-0.33629888,0
3.3919165,-3.8785973,1.221066,0.45597965,-0.86789888,0.19706392,0
1.9316806,-4.5890884,1.4322062,0.45597965,-0.86789888,0.19706392,0
-2.4774308,4.0976038,-2.2005236,-0.45597965,0.86789888,-0.19706392,0
-2.0270162,3.8460555,-4.1332216,-0.45597965,0.86789888,-0.19706392,0
0.15768433,2.3927026,2.5472877,0.21757269,0.32340884,0.9209066,0
-2.226213,0.85874367,0.20196795,-0.86298597,-0.3770389,0.33629888,0
-1.4300728,3.7088349,-4.1554608,0.86298597,0.3770389,-0.33629888,0
-0.55642009,-3.1064579,-2.1369038,-0.21757269,-0.32340884,-0.9209066,0
-1.2628975,-1.2709795,-2.6463952,-0.21757269,-0.32340884,-0.9209066,0
-2.7614074,3.7691183,-2.6208627,-0.45597965,0.86789888,-0.19706392,0
0.93265271,-3.8106461,2.6059568,-0.86298597,-0.3770389,0.33629888,0
3.6144674,-3.819751,0.0019884109,0.86298597,0.3770389,-0.33629888,0
-0.91297007,5.3518605,0.6578145,-0.45597965,0.86789888,-0.19706392,0
3.0678573,-4.0724063,-1.3304284,0.86298597,0.3770389,-0.33629888,0
-3.8449388,3.1109509,-1.8615332,-0.45597965,0.86789888,-0.19706392,0
-0.50205612,3.4835103,2.0706818,0.21757269,0.32340884,0.9209066,0
-0.054347992,3.2038333,2.0708642,0.21757269,0.32340884,0.9209066,0
-0.36541367,1.8234534,2.878041,0.21757269,0.32340884,0.9209066,0
0.077866077,4.4386387,1.5729597,0.21757269,0.32340884,0.9209066,0
2.2195938,1.0265176,2.4850564,0.86298597,0.3770389,-0.33629888,0
-0.60690117,1.9722929,2.8531053,0.21757269,0.32340884,0.9209066,0
-3.1677232,4.0212779,-0.96803379,-0.45597965,0.86789888,-0.19706392,0
2.3167291,-4.5922213,0.5761652,0.45597965,-0.86789888,0.19706392,0
2.0719419,-2.3342891,3.7323267,0.21757269,0.32340884,0.9209066,0
1.4348021,-2.9023919,3.9359214,0.21757269,0.32340884,0.9209066,0
2.7291951,-3.5950019,3.0442581,0.45597965,-0.86789888,0.19706392,0
3.8684754,-3.0360713,2.4937897,0.45597965,-0.86789888,0.19706392,0
2.8382354,-4.1935458,0.22144127,0.45597965,-0.86789888,0.19706392,0
0.45694631,-3.4313641,1.7378536,-0.86298597,-0.3770389,0.33629888,0
-2.5363762,2.1608531,-0.21937871,-0.86298597,-0.3770389,0.33629888,0
2.7057083,-3.9519207,2.2451394,0.45597965,-0.86789888,0.19706392,0
1.5373321,-2.8762703,3.707119,0.21757269,0.32340884,0.9209066,0
3.1317928,-3.6150727,1.4445496,0.45597965,-0.86789888,0.19706392,0
-2.462703,4.3478503,-1.4617991,-0.45597965,0.86789888,-0.19706392,0
-2.1378062,4.5977998,-0.1109376,-0.45597965,0.86789888,-0.19706392,0
0.68406856,-2.4133489,3.3117161,-0.86298597,-0.3770389,0.33629888,0
3.0205488,-4.1516771,0.044917583,0.45597965,-0.86789888,0.19706392,0
2.7118435,-4.4928036,-1.0570548,0.45597965,-0.86789888,0.19706392,0
1.0007122,-3.470983,3.2206259,-0.86298597,-0.3770389,0.33629888,0
2.696578,-4.6290669,-0.54349566,0.45597965,-0.86789888,0.19706392,0
0.59041214,-5.3497863,-1.5248899,-0.21757269,-0.32340884,-0.9209066,0
-2.4136102,1.1709603,-0.64430857,-0.86298597,-0.3770389,0.33629888,0
-2.3381138,3.8486314,-3.2813947,-0.45597965,0.86789888,-0.19706392,0
1.7906199,-5.4266691,-1.7652643,0.45597965,-0.86789888,0.19706392,0
-0.30756521,-3.2075057,-2.1708369,-0.21757269,-0.32340884,-0.9209066,0
-2.6603744,4.5585904,1.2157011,-0.45597965,0.86789888,-0.19706392,0
1.4074323,-5.0220704,-0.98012447,0.45597965,-0.86789888,0.19706392,0
-0.99912763,4.8659368,-1.0324533,-0.45597965,0.86789888,-0.19706392,0
0.33310744,-2.7095313,1.8425274,-0.86298597,-0.3770389,0.33629888,0
-1.0517755,-2.4418991,-1.0935209,-0.86298597,-0.3770389,0.33629888,0
-1.0274789,2.5849507,2.5512269,0.21757269,0.32340884,0.9209066,0
1.949122,-3.2402117,-2.6239057,-0.21757269,-0.32340884,-0.9209066,0
-3.2199917,2.2656436,-1.4342465,-0.86298597,-0.3770389,0.33629888,0
0.25378752,4.7400131,1.6998112,0.21757269,0.32340884,0.9209066,0
1.2245474,-3.9276485,-2.0258386,-0.21757269,-0.32340884,-0.9209066,0
1.952971,-0.78068852,0.23790967,0.86298597,0.3770389,-0.33629888,0
1.2944762,1.8449578,0.45580193,0.86298597,0.3770389,-0.33629888,0
2.1186554,-4.2537107,1.0497851,0.45597965,-0.86789888,0.19706392,0
-0.24072027,4.1606321,-0.40120649,0.86298597,0.3770389,-0.33629888,0
-1.3245552,1.33793,2.8995523,0.21757269,0.32340884,0.9209066,0
-1.1689441,4.7849779,-0.92271781,-0.45597965,0.86789888,-0.19706392,0
-1.169796,4.2989688,1.8436557,0.21757269,0.32340884,0.9209066,0
1.6458204,0.91121447,2.6626165,0.21757269,0.32340884,0.9209066,0
0.57952929,-5.0991116,-0.21204305,-0.86298597,-0.3770389,0.33629888,0
-1.9384482,-1.1699512,-2.3490415,-0.86298597,-0.3770389,0.33629888,0
1.2777891,-4.4475923,1.9842494,0.45597965,-0.86789888,0.19706392,0
0.83133245,-0.78726351,-3.3466442,-0.21757269,-0.32340884,-0.9209066,0
1.1443734,-5.1375422,0.89196634,0.45597965,-0.86789888,0.19706392,0
-0.38584924,-2.721431,-2.0026228,-0.21757269,-0.32340884,-0.9209066,0
-1.6250193,5.1286573,0.90637684,-0.45597965,0.86789888,-0.19706392,0
2.2250319,-3.1091599,-2.7434025,0.86298597,0.3770389,-0.33629888,0
-0.097145557,3.6474049,2.0846224,0.21757269,0.32340884,0.9209066,0
0.47238445,-2.8316591,-2.4350519,-0.21757269,-0.32340884,-0.9209066,0
0.59454465,-2.1940048,4.014986,0.21757269,0.32340884,0.9209066,0
1.3713846,-0.34267318,3.1484859,0.21757269,0.32340884,0.9209066,0
3.0053439,-3.3520401,3.5461872,0.45597965,-0.86789888,0.19706392,0
-0.15268862,3.8698723,-0.81631231,0.86298597,0.3770389,-0.33629888,0
0.19211113,3.5820835,-0.53843045,0.86298597,0.3770389,-0.33629888,0
1.4202726,-4.5941267,1.227169,0.45597965,-0.86789888,0.19706392,0
-0.34469694,-2.0844638,0.91873759,-0.86298597,-0.3770389,0.33629888,0
1.3123263,-4.939692,1.3083284,0.45597965,-0.86789888,0.19706392,0
-3.557055,3.4051483,-3.0317721,-0.45597965,0.86789888,-0.19706392,0
2.2510633,-3.9720707,2.4911661,0.45597965,-0.86789888,0.19706392,0
3.0762115,-2.667949,3.5513709,0.21757269,0.32340884,0.9209066,0
-1.8151922,2.081707,-3.4282489,-0.21757269,-0.32340884,-0.9209066,0
-1.8883473,-0.87314129,-2.5062716,-0.21757269,-0.32340884,-0.9209066,0
1.1124643,0.70349884,-0.98565459,0.86298597,0.3770389,-0.33629888,0
0.18223715,-2.94047,-2.1167138,-0.21757269,-0.32340884,-0.9209066,0
1.0411673,1.060179,-1.0436206,0.86298597,0.3770389,-0.33629888,0
1.0463524,-4.3460321,2.1903789,-0.86298597,-0.3770389,0.33629888,0
-0.82208312,1.7019626,-3.7377801,-0.21757269,-0.32340884,-0.9209066,0
-2.2097611,-0.13033605,-1.2888129,-0.86298597,-0.3770389,0.33629888,0
2.6200061,-3.9516315,2.7115881,0.45597965,-0.86789888,0.19706392,0
1.6318974,-5.0575495,-1.0126169,0.45597965,-0.86789888,0.19706392,0
0.52391624,-2.5697546,-2.4591763,-0.21757269,-0.32340884,-0.9209066,0
-2.4934824,4.7154598,1.3603656,-0.45597965,0.86789888,-0.19706392,0
-3.1046793,3.2128649,-3.4040711,-0.45597965,0.86789888,-0.19706392,0
3.1382484,-4.3595338,-1.459589,0.45597965,-0.86789888,0.19706392,0
-2.5242109,2.0089526,0.11959481,-0.86298597,-0.3770389,0.33629888,0
-2.1671855,3.6021881,2.30319,0.21757269,0.32340884,0.9209066,0
-2.2280507,3.3541093,2.0415635,-0.86298597,-0.3770389,0.33629888,0
0.57644463,-4.1566048,1.1984975,-0.86298597,-0.3770389,0.33629888,0
-2.8261297,4.0708833,-1.637651,-0.45597965,0.86789888,-0.19706392,0
1.4109263,0.61476171,2.6129911,0.21757269,0.32340884,0.9209066,0
-3.2535608,3.318017,-2.6965075,-0.45597965,0.86789888,-0.19706392,0
0.92782372,-2.8943899,3.6143525,-0.86298597,-0.3770389,0.33629888,0
-2.681519,4.0154819,-0.79763889,-0.45597965,0.86789888,-0.19706392,0
2.7523186,-3.6727412,3.2553115,0.45597965,-0.86789888,0.19706392,0
1.7153986,-5.1819601,-0.4328599,0.45597965,-0.86789888,0.19706392,0
3.0569155,-1.6894072,3.0961139,0.21757269,0.32340884,0.9209066,0
2.4054427,-0.44182086,2.9776478,0.21757269,0.32340884,0.9209066,0
-0.94095039,-3.325772,-1.5951676,-0.86298597,-0.3770389,0.33629888,0
2.9293492,-3.784209,0.9242034,0.45597965,-0.86789888,0.19706392,0
2.7423062,-2.0505116,0.10184693,0.86298597,0.3770389,-0.33629888,0
0.84948826,-5.6206388,-1.3514085,0.45597965,-0.86789888,0.19706392,0
0.68011642,2.8845162,1.937041,0.21757269,0.32340884,0.9209066,0
0.16615009,-1.5384884,3.4802239,-0.86298597,-0.3770389,0.33629888,0
2.2039497,0.20410848,1.0520868,0.86298597,0.3770389,-0.33629888,0
0.50172329,-5.7943459,-1.5092123,-0.21757269,-0.32340884,-0.9209066,0
-0.54218102,-2.0639005,-2.3638015,-0.21757269,-0.32340884,-0.9209066,0
-1.5345657,3.3625939,-3.9511962,-0.21757269,-0.32340884,-0.9209066,0
-1.3851707,2.04491,-3.7277055,-0.21757269,-0.32340884,-0.9209066,0
1.8582013,-1.8222723,-2.274884,0.86298597,0.3770389,-0.33629888,0
-1.4211273,5.4217806,1.3138223,-0.45597965,0.86789888,-0.19706392,0
2.9639831,-3.4542046,2.9969993,0.45597965,-0.86789888,0.19706392,0
-0.50290108,3.0076399,2.3458858,0.21757269,0.32340884,0.9209066,0
1.9587767,-1.0343846,3.0308433,0.21757269,0.32340884,0.9209066,0
0.12461758,4.3447657,0.64735436,0.86298597,0.3770389,-0.33629888,0
-3.3695288,3.9953301,-0.88231277,-0.45597965,0.86789888,-0.19706392,0
-2.1028943,2.8902373,2.5951457,0.21757269,0.32340884,0.9209066,0
1.2900364,-5.0025101,1.0667343,0.45597965,-0.86789888,0.19706392,0
2.1073413,-4.6485901,0.57677412,0.45597965,-0.86789888,0.19706392,0
0.4087646,-4.3231316,0.62836719,-0.86298597,-0.3770389,0.33629888,0
3.0615897,-4.6144385,-2.1846993,0.45597965,-0.86789888,0.19706392,0
-2.1601529,4.7864952,0.97149539,-0.45597965,0.86789888,-0.19706392,0
-2.748857,1.5443107,-2.936636,-0.21757269,-0.32340884,-0.9209066,0
3.5347764,-3.0218647,3.298166,0.45597965,-0.86789888,0.19706392,0
-0.034729242,-3.554177,0.75869334,-0.86298597,-0.3770389,0.33629888,0
-0.53086138,1.2479657,-3.5581727,-0.21757269,-0.32340884,-0.9209066,0
0.72295952,1.5558624,2.6137629,0.21757269,0.32340884,0.9209066,0
-1.7570534,4.6892214,-0.98926497,-0.45597965,0.86789888,-0.19706392,0
-0.19964361,1.9331123,2.7713037,0.21757269,0.32340884,0.9209066,0
-0.46412355,2.9938898,-2.6372209,0.86298597,0.3770389,-0.33629888,0
-1.0085654,2.8461988,2.3367758,0.21757269,0.32340884,0.9209066,0
1.338449,0.21509212,-1.3475685,0.86298597,0.3770389,-0.33629888,0
1.3283329,-1.8272474,-2.6148884,0.86298597,0.3770389,-0.33629888,0
0.62143397,0.82191736,2.8411088,0.21757269,0.32340884,0.9209066,0
2.7935438,-4.7165661,-2.127728,-0.21757269,-0.32340884,-0.9209066,0
-3.6318498,2.7717116,-1.8967957,-0.86298597,-0.3770389,0.33629888,0
-2.8324392,3.8320084,-2.1346889,-0.45597965,0.86789888,-0.19706392,0
1.933879,-4.2347555,2.1096294,0.45597965,-0.86789888,0.19706392,0
0.28985691,-4.6476531,-1.8372036,-0.21757269,-0.32340884,-0.9209066,0
-2.3351362,4.0604725,-1.723896,-0.45597965,0.86789888,-0.19706392,0
-0.10913396,1.513834,2.6065459,0.21757269,0.32340884,0.9209066,0
-0.6471982,-3.7961354,-1.0733933,-0.86298597,-0.3770389,0.33629888,0
0.88846231,1.4201,2.4183662,0.21757269,0.32340884,0.9209066,0
0.58015037,-1.7737796,3.4914818,-0.86298597,-0.3770389,0.33629888,0
-3.6012697,2.4114032,-2.6075852,-0.86298597,-0.3770389,0.33629888,0
0.49833393,2.8330114,2.2736301,0.21757269,0.32340884,0.9209066,0
-2.0656207,4.8440371,0.97724319,-0.45597965,0.86789888,-0.19706392,0
1.2482233,-4.8768187,-0.00026297569,0.45597965,-0.86789888,0.19706392,0
-3.4096661,2.5414829,-1.8648655,-0.86298597,-0.3770389,0.33629888,0
-1.1318611,4.7547092,-1.1297889,-0.45597965,0.86789888,-0.19706392,0
-1.9356532,4.8657312,-0.19185495,-0.45597965,0.86789888,-0.19706392,0
-0.52372551,0.80189079,-3.4515796,-0.21757269,-0.32340884,-0.9209066,0
-1.4802048,2.1103604,2.8859789,-0.86298597,-0.3770389,0.33629888,0
2.0719254,-4.8096857,-0.79617977,0.45597965,-0.86789888,0.19706392,0
0.93360299,-2.92942,3.6034641,-0.86298597,-0.3770389,0.33629888,0
-2.0744636,4.1086731,-2.9036596,-0.45597965,0.86789888,-0.19706392,0
-1.1449871,4.4960699,2.0551686,0.21757269,0.32340884,0.9209066,0
3.587851,-2.7400973,1.3411589,0.86298597,0.3770389,-0.33629888,0
2.2592525,-3.8027067,2.5749643,0.45597965,-0.86789888,0.19706392,0
-1.5040011,3.414259,2.2995675,0.21757269,0.32340884,0.9209066,0
-0.13885188,-0.16956848,-3.3603346,-0.21757269,-0.32340884,-0.9209066,0
-2.4556093,4.2606959,-0.86817217,-0.45597965,0.86789888,-0.19706392,0
-1.3318863,4.5833893,-1.8108706,-0.45597965,0.86789888,-0.19706392,0
-1.5982158,4.3868294,-2.1121573,-0.45597965,0.86789888,-0.19706392,0
1.185581,-2.4388645,3.9049733,0.21757269,0.32340884,0.9209066,0
-2.0712242,4.9698257,1.9771519,-0.45597965,0.86789888,-0.19706392,0
-2.3941076,4.8638697,0.76643372,-0.45597965,0.86789888,-0.19706392,0
-0.56529832,-2.6287346,-0.45390165,-0.86298597,-0.3770389,0.33629888,0
-3.4681182,3.7077408,-1.4892898,-0.45597965,0.86789888,-0.19706392,0
1.2020707,-5.1339636,-0.75014472,0.45597965,-0.86789888,0.19706392,0
-2.5521128,3.1804094,1.3403184,-0.86298597,-0.3770389,0.33629888,0
-2.6282854,0.25149488,-2.0126789,-0.86298597,-0.3770389,0.33629888,0
-2.2279675,4.092299,-2.1531546,-0.45597965,0.86789888,-0.19706392,0
-0.86360025,3.6787887,2.3004787,0.21757269,0.32340884,0.9209066,0
2.9559836,-1.3041866,2.0896568,0.86298597,0.3770389,-0.33629888,0
-1.7861264,1.7679639,-3.2737675,-0.21757269,-0.32340884,-0.9209066,0
1.0217783,-1.9078104,-2.8260982,-0.21757269,-0.32340884,-0.9209066,0
0.02919054,-4.1198063,0.10812092,-0.86298597,-0.3770389,0.33629888,0
3.6987693,-3.8135743,0.87032986,0.45597965,-0.86789888,0.19706392,0
-2.37641,4.683526,2.2817385,0.21757269,0.32340884,0.9209066,0
-1.8864514,4.2584443,-3.0805626,-0.45597965,0.86789888,-0.19706392,0
-0.59180307,5.5487571,0.73343754,-0.45597965,0.86789888,-0.19706392,0
1.4076686,-5.3682795,-1.1952085,0.45597965,-0.86789888,0.19706392,0
-2.6210968,3.4661937,1.2499485,-0.86298597,-0.3770389,0.33629888,0
0.50878739,-3.0331681,2.3092649,-0.86298597,-0.3770389,0.33629888,0
-2.6890535,3.8090842,-2.5315137,-0.45597965,0.86789888,-0.19706392,0
-1.3213419,-0.38087773,0.82507098,-0.86298597,-0.3770389,0.33629888,0
2.6332574,-3.3367424,3.8460512,0.21757269,0.32340884,0.9209066,0
3.8727834,-2.9215066,3.5121014,0.21757269,0.32340884,0.9209066,0
-3.7617488,3.2655253,-2.0015144,-0.45597965,0.86789888,-0.19706392,0
-0.25665116,-0.12024778,-3.3531919,-0.21757269,-0.32340884,-0.9209066,0
-2.074316,2.8037949,-3.9195654,-0.21757269,-0.32340884,-0.9209066,0
0.62460804,-3.1588042,2.3150587,-0.86298597,-0.3770389,0.33629888,0
-0.76173371,3.6597486,-2.809129,0.86298597,0.3770389,-0.33629888,0
-3.4805923,3.4211419,-2.4625616,-0.45597965,0.86789888,-0.19706392,0
-3.4903622,3.1824851,-3.3761587,-0.45597965,0.86789888,-0.19706392,0
0.023889303,3.6519876,0.071109653,0.86298597,0.3770389,-0.33629888,0
2.1527302,0.092761517,1.6515647,0.86298597,0.3770389,-0.33629888,0
-3.6894498,2.4999747,-2.2092979,-0.86298597,-0.3770389,0.33629888,0
3.6519055,-2.9928417,3.3702211,0.45597965,-0.86789888,0.19706392,0
-0.85654795,1.4417975,-3.4570982,-0.21757269,-0.32340884,-0.9209066,0
-0.044247627,-0.7975688,-3.1420898,-0.21757269,-0.32340884,-0.9209066,0
2.6034045,-5.0914516,-2.2086048,0.45597965,-0.86789888,0.19706392,0
-1.7806779,4.5885787,-1.5795355,-0.45597965,0.86789888,-0.19706392,0
-1.6339054,2.6718917,2.9172082,0.21757269,0.32340884,0.9209066,0
1.9712511,0.030634165,2.7338107,0.21757269,0.32340884,0.9209066,0
3.1137185,-4.0222106,-0.37375641,0.45597965,-0.86789888,0.19706392,0
-3.7036381,3.1017561,-2.6183476,-0.45597965,0.86789888,-0.19706392,0
1.2337866,-5.5900011,-1.2760403,0.45597965,-0.86789888,0.19706392,0
3.4157612,-3.8384063,0.73815536,0.45597965,-0.86789888,0.19706392,0
-0.11436379,1.9321381,-2.4568646,0.86298597,0.3770389,-0.33629888,0
0.50578594,-5.0001712,-1.6216602,-0.21757269,-0.32340884,-0.9209066,0
-1.5104119,0.41574442,-3.1243305,-0.21757269,-0.32340884,-0.9209066,0
-0.23052835,5.3569341,0.9022398,0.86298597,0.3770389,-0.33629888,0
2.9474897,-3.5804408,2.0820007,0.45597965,-0.86789888,0.19706392,0
3.8797085,-2.1894486,3.1206121,0.21757269,0.32340884,0.9209066,0
-1.6827722,5.4468775,1.5524623,-0.45597965,0.86789888,-0.19706392,0
2.0559332,1.0603395,1.6565813,0.86298597,0.3770389,-0.33629888,0
3.8142273,-3.2868452,1.9535441,0.45597965,-0.86789888,0.19706392,0
0.7131691,-2.7163453,-2.5236924,-0.21757269,-0.32340884,-0.9209066,0
3.3406103,-2.8765678,0.3642478,0.86298597,0.3770389,-0.33629888,0
-2.0827408,0.036272526,-0.62599301,-0.86298597,-0.3770389,0.33629888,0
1.2967347,-4.8205481,1.7508171,0.45597965,-0.86789888,0.19706392,0
-1.5134873,5.2204685,1.6338866,0.21757269,0.32340884,0.9209066,0
-1.1478376,5.0737839,0.60734367,-0.45597965,0.86789888,-0.19706392,0
-2.6013038,4.1724892,-1.2093649,-0.45597965,0.86789888,-0.19706392,0
-3.0616248,4.3568854,0.63308525,-0.45597965,0.86789888,-0.19706392,0
2.0593367,-2.1584501,3.5526443,0.21757269,0.32340884,0.9209066,0
-1.799149,0.44750452,0.57236898,-0.86298597,-0.3770389,0.33629888,0
-0.1783123,-2.8892798,0.67244256,-0.86298597,-0.3770389,0.33629888,0
-3.5179038,3.9243495,-0.36997604,-0.45597965,0.86789888,-0.19706392,0
0.64975524,0.2432155,2.8568318,0.21757269,0.32340884,0.9209066,0
0.38801414,-3.0852046,1.5320331,-0.86298597,-0.3770389,0.33629888,0
-0.23056602,-3.978699,-1.7093928,-0.21757269,-0.32340884,-0.9209066,0
-0.55971026,-2.7792213,-0.3571232,-0.86298597,-0.3770389,0.33629888,0
2.5266309,-4.3104267,-0.34417105,0.45597965,-0.86789888,0.19706392,0
1.8957367,-5.1262441,-1.5233691,0.45597965,-0.86789888,0.19706392,0
0.41935492,-5.7447705,-1.2514195,-0.21757269,-0.32340884,-0.9209066,0
-0.44592762,5.721487,1.0082085,0.86298597,0.3770389,-0.33629888,0
0.19325256,4.2404757,0.35050023,0.86298597,0.3770389,-0.33629888,0
-1.5262537,5.2301617,1.6352139,-0.45597965,0.86789888,-0.19706392,0
2.2277966,-0.39623785,2.6719456,0.21757269,0.32340884,0.9209066,0
2.924154,-3.8972163,2.0056295,0.45597965,-0.86789888,0.19706392,0
