-2.2542362,3.2868519,0.81008524,-0.25412869,0.92883331,-0.2696059,0
-2.6529455,-3.338686,3.1993852,-0.74290359,-0.0089741945,0.66933835,0
-3.635355,3.1908364,0.83007538,-0.25412869,0.92883331,-0.2696059,0
3.8370202,-2.1155288,-1.8886628,0.74290359,0.0089741945,-0.66933835,0
2.4375687,-3.7809153,-1.7251759,0.25412869,-0.92883331,0.2696059,0
-1.9818401,3.6984246,2.103595,0.61928421,0.37038922,0.69231415,0
-1.7337832,2.7652912,-1.2023239,-0.25412869,0.92883331,-0.2696059,0
-4.04216,1.125882,0.73794901,-0.61928421,-0.37038922,-0.69231415,0
0.89204383,-3.1174164,1.3142618,0.25412869,-0.92883331,0.2696059,0
1.0209944,2.6230471,-4.3910995,-0.25412869,0.92883331,-0.2696059,0
-0.32188416,-2.3918777,-0.71577734,-0.61928421,-0.37038922,-0.69231415,0
-0.017031312,-2.8175833,-0.47276577,-0.61928421,-0.37038922,-0.69231415,0
-3.5766282,-0.98502111,1.9537652,-0.74290359,-0.0089741945,0.66933835,0
-4.3883491,2.0256195,1.0126058,-0.74290359,-0.0089741945,0.66933835,0
-3.6959996,1.4006497,1.8267691,-0.74290359,-0.0089741945,0.66933835,0
0.60472488,2.8068733,-3.6060929,-0.25412869,0.92883331,-0.2696059,0
-2.8601551,-1.2044741,2.5558176,-0.74290359,-0.0089741945,0.66933835,0
-3.0065823,0.594818,2.9148564,-0.74290359,-0.0089741945,0.66933835,0
1.4810045,2.9151413,-3.7481823,-0.25412869,0.92883331,-0.2696059,0
-1.8680298,-1.9459302,4.1152148,-0.74290359,-0.0089741945,0.66933835,0
3.9060197,-1.0546325,-0.78657448,0.61928421,0.37038922,0.69231415,0
3.5407505,1.1562359,-1.956599,0.74290359,0.0089741945,-0.66933835,0
0.95270061,2.6579802,-4.4654269,-0.25412869,0.92883331,-0.2696059,0
-1.2629235,2.8227658,-1.8241475,-0.25412869,0.92883331,-0.2696059,0
-3.2103043,1.3809528,2.1476576,-0.74290359,-0.0089741945,0.66933835,0
4.3118329,-1.7387645,-1.3581949,0.74290359,0.0089741945,-0.66933835,0
-1.7145591,-0.63330877,-0.35156256,-0.61928421,-0.37038922,-0.69231415,0
1.1943316,-3.5564203,0.1014595,0.25412869,-0.92883331,0.2696059,0
2.4255342,-1.7024624,-3.5134609,-0.61928421,-0.37038922,-0.69231415,0
3.0733433,-0.58350706,-2.683918,0.74290359,0.0089741945,-0.66933835,0
1.3338908,3.4823494,-2.5638976,-0.25412869,0.92883331,-0.2696059,0
0.57291532,-2.0186839,2.4797523,0.61928421,0.37038922,0.69231415,0
0.017004967,3.4926929,-0.30591321,-0.25412869,0.92883331,-0.2696059,0
0.86936337,-1.4753859,-2.4316671,-0.61928421,-0.37038922,-0.69231415,0
2.0571814,3.7268825,-1.6743362,0.61928421,0.37038922,0.69231415,0
0.7623086,3.653204,-0.73080015,-0.25412869,0.92883331,-0.2696059,0
-2.9493599,-2.4776311,2.0711224,-0.61928421,-0.37038922,-0.69231415,0
-0.99736214,0.46302527,2.7968729,0.61928421,0.37038922,0.69231415,0
1.9941146,1.4715564,-3.9559269,0.74290359,0.0089741945,-0.66933835,0
1.3615546,-2.4432669,-2.3385706,-0.61928421,-0.37038922,-0.69231415,0
-2.6059599,-0.86039913,3.3042512,-0.74290359,-0.0089741945,0.66933835,0
-2.2925181,2.989666,-0.1989347,-0.25412869,0.92883331,-0.2696059,0
2.8198974,-3.158535,-0.51541758,0.25412869,-0.92883331,0.2696059,0
-1.7385322,1.6385518,2.6826549,0.61928421,0.37038922,0.69231415,0
0.59816718,-3.109163,1.6615696,0.25412869,-0.92883331,0.2696059,0
-3.2374573,-1.2354048,2.4559777,-0.74290359,-0.0089741945,0.66933835,0
-2.7124753,2.6247866,3.2000329,-0.74290359,-0.0089741945,0.66933835,0
-0.037125595,-1.1692986,-1.7192959,-0.61928421,-0.37038922,-0.69231415,0
0.83046967,2.6329851,-0.090018511,0.61928421,0.37038922,0.69231415,0
0.46931767,3.4802415,-2.0229321,-0.25412869,0.92883331,-0.2696059,0
2.6376457,2.3208401,-1.1579993,0.61928421,0.37038922,0.69231415,0
-1.950186,3.4136534,0.75178528,-0.25412869,0.92883331,-0.2696059,0
-2.647161,-3.4962451,2.9169271,-0.74290359,-0.0089741945,0.66933835,0
-3.8592565,3.3716302,1.9521646,-0.74290359,-0.0089741945,0.66933835,0
0.54207349,2.3172455,0.35372114,0.61928421,0.37038922,0.69231415,0
-3.4419243,2.5636301,-0.36506641,-0.25412869,0.92883331,-0.2696059,0
0.11031401,-1.8279105,-1.4007409,-0.61928421,-0.37038922,-0.69231415,0
-2.9432316,-1.5476991,2.6648233,-0.74290359,-0.0089741945,0.66933835,0
-0.64461899,3.0147965,-1.3351758,-0.25412869,0.92883331,-0.2696059,0
-0.32679725,3.4747274,-1.0407425,-0.25412869,0.92883331,-0.2696059,0
-1.391891,-3.3613863,2.8683212,0.25412869,-0.92883331,0.2696059,0
3.6726401,-1.5108893,-1.6574358,0.74290359,0.0089741945,-0.66933835,0
0.36118317,-2.990555,2.1888592,0.25412869,-0.92883331,0.2696059,0
-2.3539331,2.0010564,-1.3941696,-0.61928421,-0.37038922,-0.69231415,0
-0.81968904,-3.1120086,3.6675882,0.25412869,-0.92883331,0.2696059,0
-2.839968,-3.3678608,2.7627795,-0.74290359,-0.0089741945,0.66933835,0
1.5824177,3.8914499,-1.6445341,-0.25412869,0.92883331,-0.2696059,0
-2.3950467,3.3532801,1.1513435,-0.25412869,0.92883331,-0.2696059,0
-0.81653881,3.7492959,0.75107574,-0.25412869,0.92883331,-0.2696059,0
-0.35583425,3.5589242,-0.082909107,-0.25412869,0.92883331,-0.2696059,0
-1.2708197,-0.10624969,-0.68707019,-0.61928421,-0.37038922,-0.69231415,0
3.5076938,-3.122308,-1.550634,0.25412869,-0.92883331,0.2696059,0
-0.25982285,3.5172226,-1.170664,-0.25412869,0.92883331,-0.2696059,0
2.5918269,1.7106453,-2.86236,0.74290359,0.0089741945,-0.66933835,0
-2.4474585,-0.67326367,3.1996853,-0.74290359,-0.0089741945,0.66933835,0
-1.0421638,-0.76933491,3.3157415,0.61928421,0.37038922,0.69231415,0
-0.6889596,1.7889563,-2.6226265,-0.61928421,-0.37038922,-0.69231415,0
-2.7115932,-0.87952697,3.1830187,-0.74290359,-0.0089741945,0.66933835,0
1.9948766,0.53819346,-3.4840426,0.74290359,0.0089741945,-0.66933835,0
-2.8416462,-0.78070068,3.0558372,-0.74290359,-0.0089741945,0.66933835,0
-2.0121617,1.5095747,-0.97687256,-0.61928421,-0.37038922,-0.69231415,0
-2.7769096,3.5620227,1.2005643,-0.25412869,0.92883331,-0.2696059,0
-1.5363421,3.7708662,1.7906097,0.61928421,0.37038922,0.69231415,0
-1.6800033,0.77261341,3.2607236,0.61928421,0.37038922,0.69231415,0
2.6188407,-3.0784268,-0.79526031,0.25412869,-0.92883331,0.2696059,0
0.44981217,3.827764,-0.18075573,-0.25412869,0.92883331,-0.2696059,0
-2.1071739,0.39198488,3.5970197,-0.74290359,-0.0089741945,0.66933835,0
1.3146358,-3.0571165,0.62916541,0.25412869,-0.92883331,0.2696059,0
3.3748784,1.8675908,-2.2819066,0.74290359,0.0089741945,-0.66933835,0
-3.2423661,2.9399667,-0.0079040527,-0.25412869,0.92883331,-0.2696059,0
-3.0757644,2.4700727,2.6435556,-0.74290359,-0.0089741945,0.66933835,0
2.9647617,-3.572794,-2.6351178,0.74290359,0.0089741945,-0.66933835,0
2.3522825,0.0182482,-3.6127176,0.74290359,0.0089741945,-0.66933835,0
1.2957807,-3.5017071,-0.38893041,0.25412869,-0.92883331,0.2696059,0
2.3678851,-2.2646286,1.1344315,0.61928421,0.37038922,0.69231415,0
4.1265879,-2.287647,-1.4145668,0.74290359,0.0089741945,-0.66933835,0
-3.1172547,0.62910008,2.6153078,-0.74290359,-0.0089741945,0.66933835,0
3.1019268,0.94795644,-1.0476215,0.61928421,0.37038922,0.69231415,0
-2.009788,2.6829867,2.6088054,0.61928421,0.37038922,0.69231415,0
2.8403184,0.34406567,-2.5965843,0.74290359,0.0089741945,-0.66933835,0
-2.9061165,3.3214641,0.49575701,-0.25412869,0.92883331,-0.2696059,0
-4.2819495,1.3865783,1.4736974,-0.74290359,-0.0089741945,0.66933835,0
2.5235083,-0.54047722,-2.9170346,0.74290359,0.0089741945,-0.66933835,0
2.9617605,-2.6154673,-2.5577493,0.74290359,0.0089741945,-0.66933835,0
0.21562624,1.6532969,-3.0971467,-0.61928421,-0.37038922,-0.69231415,0
0.7667563,-2.3780723,3.0395546,0.61928421,0.37038922,0.69231415,0
1.101807,0.37569225,1.0362781,0.61928421,0.37038922,0.69231415,0
1.8180583,0.76270705,-4.1125479,0.74290359,0.0089741945,-0.66933835,0
1.8534852,3.3224711,-3.1266785,-0.25412869,0.92883331,-0.2696059,0
-4.3281164,2.2178452,1.4641805,-0.74290359,-0.0089741945,0.66933835,0
-3.8186975,2.9563251,0.93824267,-0.25412869,0.92883331,-0.2696059,0
-2.6820395,-1.5194201,2.7062497,-0.74290359,-0.0089741945,0.66933835,0
1.4369751,2.2688303,-0.1934737,0.61928421,0.37038922,0.69231415,0
2.8192472,-3.4024675,-1.7958374,0.25412869,-0.92883331,0.2696059,0
0.00089454651,2.995461,-2.7516451,-0.25412869,0.92883331,-0.2696059,0
0.63573241,3.5353196,-1.7152359,-0.25412869,0.92883331,-0.2696059,0
-2.1833441,2.7620044,-1.2000098,-0.25412869,0.92883331,-0.2696059,0
-3.4438443,3.117805,0.31310633,-0.25412869,0.92883331,-0.2696059,0
-2.7022216,1.2158864,3.0507174,-0.74290359,-0.0089741945,0.66933835,0
-0.32921863,-1.5147655,3.1436737,0.61928421,0.37038922,0.69231415,0
2.9365487,-1.0644593,-2.6781902,0.74290359,0.0089741945,-0.66933835,0
-2.6096334,2.7892447,-0.55556196,-0.25412869,0.92883331,-0.2696059,0
-0.61618447,3.3280897,-1.383122,-0.25412869,0.92883331,-0.2696059,0
-4.6902719,2.6068034,0.70731479,-0.61928421,-0.37038922,-0.69231415,0
-3.374769,0.40411937,2.3482633,-0.74290359,-0.0089741945,0.66933835,0
1.7881892,1.1737336,0.033944845,0.61928421,0.37038922,0.69231415,0
1.9339604,-2.7585337,1.1259241,0.25412869,-0.92883331,0.2696059,0
-1.8872565,-2.6549499,3.6517982,-0.74290359,-0.0089741945,0.66933835,0
3.3740253,-2.7483261,0.10281372,0.25412869,-0.92883331,0.2696059,0
2.8574171,-3.0343602,-0.42452034,0.25412869,-0.92883331,0.2696059,0
-2.6481268,-3.6048851,2.8499796,0.25412869,-0.92883331,0.2696059,0
2.7928996,0.90977514,-3.1574242,0.74290359,0.0089741945,-0.66933835,0
-1.4342008,-1.7825761,4.0799999,-0.74290359,-0.0089741945,0.66933835,0
-2.7649238,-3.1008797,1.8126206,-0.61928421,-0.37038922,-0.69231415,0
-2.7373595,2.8206122,2.9978032,-0.74290359,-0.0089741945,0.66933835,0
-1.6578658,3.1281435,-0.033118188,-0.25412869,0.92883331,-0.2696059,0
-3.7868543,-0.39960957,1.4830523,-0.61928421,-0.37038922,-0.69231415,0
0.86516345,-3.1263928,-1.063747,-0.61928421,-0.37038922,-0.69231415,0
-3.3906021,2.5085371,-0.56235045,-0.25412869,0.92883331,-0.2696059,0
1.2612144,-0.22272621,-2.9942048,-0.61928421,-0.37038922,-0.69231415,0
3.6561258,-2.8997386,-0.57487118,0.25412869,-0.92883331,0.2696059,0
-0.96920848,2.7119169,-2.0012362,-0.25412869,0.92883331,-0.2696059,0
-2.0699589,2.0290794,2.7515526,0.61928421,0.37038922,0.69231415,0
-3.0967367,1.6098822,-0.51690459,-0.61928421,-0.37038922,-0.69231415,0
-1.6163986,3.0441575,-0.96704829,-0.25412869,0.92883331,-0.2696059,0
0.93921375,3.2318821,-3.1784258,-0.25412869,0.92883331,-0.2696059,0
-1.4087329,-2.9946148,4.1197405,0.25412869,-0.92883331,0.2696059,0
0.54386473,2.2013097,0.2381056,0.61928421,0.37038922,0.69231415,0
3.6435604,-0.8150239,-1.7292433,0.74290359,0.0089741945,-0.66933835,0
2.9179635,0.74218106,-0.56550765,0.61928421,0.37038922,0.69231415,0
1.218817,2.3175235,-4.4171662,0.74290359,0.0089741945,-0.66933835,0
0.38365629,1.1571465,0.9211843,0.61928421,0.37038922,0.69231415,0
-0.99133116,-1.4733288,-0.69833958,-0.61928421,-0.37038922,-0.69231415,0
-3.5375819,0.34949708,1.9781897,-0.74290359,-0.0089741945,0.66933835,0
-2.9755452,-1.1646678,1.0118918,-0.61928421,-0.37038922,-0.69231415,0
-3.3178058,-0.15358043,0.96331656,-0.61928421,-0.37038922,-0.69231415,0
0.48172593,-2.9874487,1.8916767,0.25412869,-0.92883331,0.2696059,0
3.1505697,-2.4764526,-2.5808678,0.74290359,0.0089741945,-0.66933835,0
-0.02385211,-2.9556127,3.4801471,0.25412869,-0.92883331,0.2696059,0
-0.49626756,-2.6679842,3.7572424,0.25412869,-0.92883331,0.2696059,0
-2.2008064,2.6288118,-1.2732997,-0.25412869,0.92883331,-0.2696059,0
-2.8688097,-1.6312618,1.5197568,-0.61928421,-0.37038922,-0.69231415,0
1.3478196,0.60412955,0.68866551,0.61928421,0.37038922,0.69231415,0
-1.6060234,-3.6790872,2.1826882,0.25412869,-0.92883331,0.2696059,0
-0.86619514,0.29687232,2.8867164,0.61928421,0.37038922,0.69231415,0
-1.6056664,-3.1678267,3.8765335,0.25412869,-0.92883331,0.2696059,0
-1.0097408,3.2381763,-0.37270957,-0.25412869,0.92883331,-0.2696059,0
-1.7771152,-0.43956462,3.8032513,0.61928421,0.37038922,0.69231415,0
-2.8247182,2.8919168,2.5973134,-0.74290359,-0.0089741945,0.66933835,0
1.4365177,-1.7043788,1.9483294,0.61928421,0.37038922,0.69231415,0
-1.6202532,-1.7702785,4.120676,-0.74290359,-0.0089741945,0.66933835,0
1.642863,3.2482402,-3.2890399,-0.25412869,0.92883331,-0.2696059,0
-3.436693,-1.8237517,1.9510376,-0.74290359,-0.0089741945,0.66933835,0
0.01862812,3.0770271,-2.5516319,-0.25412869,0.92883331,-0.2696059,0
1.2978597,2.7511063,-4.0304275,-0.25412869,0.92883331,-0.2696059,0
0.033106565,-3.1065283,1.6329516,0.25412869,-0.92883331,0.2696059,0
-2.0329769,3.1816537,0.049391359,-0.25412869,0.92883331,-0.2696059,0
-1.5652612,-3.593648,1.3473219,0.25412869,-0.92883331,0.2696059,0
0.95427847,-0.61855507,1.3941017,0.61928421,0.37038922,0.69231415,0
-1.2938292,3.1672566,-0.59399813,-0.25412869,0.92883331,-0.2696059,0
-2.9801583,-0.97844565,2.9401488,-0.74290359,-0.0089741945,0.66933835,0
-1.402101,3.2226791,-1.2429154,-0.25412869,0.92883331,-0.2696059,0
0.49631047,-1.9397404,2.9787335,0.61928421,0.37038922,0.69231415,0
-1.4282312,2.154737,-2.0012245,-0.61928421,-0.37038922,-0.69231415,0
1.5460782,3.0011699,-3.9808106,-0.25412869,0.92883331,-0.2696059,0
-3.9735963,0.33377016,1.7981006,-0.74290359,-0.0089741945,0.66933835,0
3.076349,-2.2179494,-2.8732977,0.74290359,0.0089741945,-0.66933835,0
-1.4597418,-2.4124928,4.4880657,-0.74290359,-0.0089741945,0.66933835,0
-2.1299195,-3.5801449,1.7242646,-0.61928421,-0.37038922,-0.69231415,0
0.30341136,-0.50330889,2.0120003,0.61928421,0.37038922,0.69231415,0
-0.94416571,-2.8513157,3.4726572,0.25412869,-0.92883331,0.2696059,0
2.6206498,-0.33999938,-3.369278,0.74290359,0.0089741945,-0.66933835,0
-1.4811815,-2.1900289,4.4366498,-0.74290359,-0.0089741945,0.66933835,0
-2.6414917,1.8982214,-1.0855241,-0.61928421,-0.37038922,-0.69231415,0
-1.8925514,0.37906551,3.6873479,-0.74290359,-0.0089741945,0.66933835,0
-2.6157475,3.8027034,2.103827,-0.25412869,0.92883331,-0.2696059,0
-4.400012,2.1501617,0.83556461,-0.74290359,-0.0089741945,0.66933835,0
-3.8291521,0.033172369,1.222131,-0.61928421,-0.37038922,-0.69231415,0
-3.2113657,1.4655694,2.5585949,-0.74290359,-0.0089741945,0.66933835,0
2.0112901,-3.4911909,-1.3141868,0.25412869,-0.92883331,0.2696059,0
-4.1137128,1.7797587,1.2981982,-0.74290359,-0.0089741945,0.66933835,0
2.5725374,-2.1245518,1.0544598,0.61928421,0.37038922,0.69231415,0
-3.8647971,2.8843155,1.2757865,-0.25412869,0.92883331,-0.2696059,0
-1.0688016,1.9725989,1.9606576,0.61928421,0.37038922,0.69231415,0
-3.0493798,-1.1986114,1.4175076,-0.61928421,-0.37038922,-0.69231415,0
-2.3981853,1.7795746,3.2180343,-0.74290359,-0.0089741945,0.66933835,0
2.7245867,0.51196098,-0.53864133,0.61928421,0.37038922,0.69231415,0
1.7908143,-0.68725175,-3.4183686,-0.61928421,-0.37038922,-0.69231415,0
1.1049633,-3.9783282,-1.1921644,0.25412869,-0.92883331,0.2696059,0
1.89328,2.9747372,-1.2555951,0.61928421,0.37038922,0.69231415,0
1.7041142,-3.0680585,0.4503186,0.25412869,-0.92883331,0.2696059,0
4.0408306,-3.2173877,-1.7850529,0.74290359,0.0089741945,-0.66933835,0
1.2438767,-2.8331389,2.1945305,0.25412869,-0.92883331,0.2696059,0
-3.2086926,-2.2282546,2.2472267,-0.74290359,-0.0089741945,0.66933835,0
1.2198253,1.9748049,0.19900239,0.61928421,0.37038922,0.69231415,0
-4.0944538,2.2405174,1.4296122,-0.74290359,-0.0089741945,0.66933835,0
0.28789067,-3.5402269,-0.42054302,-0.61928421,-0.37038922,-0.69231415,0
-1.2003233,2.965075,-1.5683547,-0.25412869,0.92883331,-0.2696059,0
-3.145453,-0.12349486,0.60625017,-0.61928421,-0.37038922,-0.69231415,0
-1.8479736,-2.6234121,0.9320811,-0.61928421,-0.37038922,-0.69231415,0
3.3357081,0.82761657,-2.521282,0.74290359,0.0089741945,-0.66933835,0
-3.0172355,-3.5786533,2.6985235,-0.74290359,-0.0089741945,0.66933835,0
-2.8988423,3.6415381,1.9187899,-0.25412869,0.92883331,-0.2696059,0
3.8959224,-2.3139758,-0.00060123205,0.61928421,0.37038922,0.69231415,0
2.7003942,-0.62956953,-2.7737899,0.74290359,0.0089741945,-0.66933835,0
2.7246807,-2.1751361,0.70436484,0.61928421,0.37038922,0.69231415,0
-3.0988536,3.4911375,2.3174684,-0.25412869,0.92883331,-0.2696059,0
0.3586036,-1.3407998,2.2936447,0.61928421,0.37038922,0.69231415,0
-3.8827455,3.19923,1.285031,-0.25412869,0.92883331,-0.2696059,0
2.1092985,1.2411901,-3.8621883,0.74290359,0.0089741945,-0.66933835,0
-1.7974753,-0.18703181,3.750937,0.61928421,0.37038922,0.69231415,0
2.8209112,3.9660552,-2.3346107,0.61928421,0.37038922,0.69231415,0
-3.8941956,1.4679928,0.55203581,-0.61928421,-0.37038922,-0.69231415,0
2.2610972,-3.043818,0.28986949,0.25412869,-0.92883331,0.2696059,0
-3.7899675,-0.45383668,1.9180495,-0.74290359,-0.0089741945,0.66933835,0
-0.70659602,0.83912885,-2.0414374,-0.61928421,-0.37038922,-0.69231415,0
-0.21811271,-3.30317,1.8716542,0.25412869,-0.92883331,0.2696059,0
0.20536074,1.3928562,1.4538158,0.61928421,0.37038922,0.69231415,0
3.2993538,1.1714597,-2.2378979,0.74290359,0.0089741945,-0.66933835,0
2.790529,-2.8889697,-2.8647308,0.74290359,0.0089741945,-0.66933835,0
-3.1930358,3.0124128,0.94927692,-0.25412869,0.92883331,-0.2696059,0
-2.8906965,3.0414267,-0.19237068,-0.25412869,0.92883331,-0.2696059,0
-2.8200662,1.0238265,2.8759181,-0.74290359,-0.0089741945,0.66933835,0
-3.6737938,3.1162691,0.76318955,-0.25412869,0.92883331,-0.2696059,0
-2.4860547,-1.5155314,3.2880712,-0.74290359,-0.0089741945,0.66933835,0
2.4271789,-3.1503634,-2.4886789,-0.61928421,-0.37038922,-0.69231415,0
-2.4708138,1.6911671,3.3877342,-0.74290359,-0.0089741945,0.66933835,0
2.8553929,2.6091087,-1.8012221,0.61928421,0.37038922,0.69231415,0
3.3735399,-2.8412428,-2.2864554,0.74290359,0.0089741945,-0.66933835,0
3.4688225,-1.714671,0.1510036,0.61928421,0.37038922,0.69231415,0
0.38651538,-3.5537167,0.7499665,0.25412869,-0.92883331,0.2696059,0
-0.060094804,1.6544285,1.4850628,0.61928421,0.37038922,0.69231415,0
1.5108038,0.94001102,0.49249101,0.61928421,0.37038922,0.69231415,0
-2.145638,-1.9069473,0.75143147,-0.61928421,-0.37038922,-0.69231415,0
0.48350811,-2.6604762,3.1738544,0.25412869,-0.92883331,0.2696059,0
-2.4471939,-1.7695272,0.93025994,-0.61928421,-0.37038922,-0.69231415,0
-0.15963316,-2.4590311,3.6020601,0.61928421,0.37038922,0.69231415,0
1.9518697,3.5709941,-3.1552444,-0.25412869,0.92883331,-0.2696059,0
-1.6255615,2.9533725,-1.0224968,-0.25412869,0.92883331,-0.2696059,0
-4.0775752,3.064481,1.0190651,-0.25412869,0.92883331,-0.2696059,0
-1.2015951,3.3143668,-0.34880435,-0.25412869,0.92883331,-0.2696059,0
3.0935705,3.5680094,-2.522115,0.74290359,0.0089741945,-0.66933835,0
2.5737648,-3.5577645,-1.7630575,0.25412869,-0.92883331,0.2696059,0
0.55536366,2.3851798,0.61211312,0.61928421,0.37038922,0.69231415,0
-2.5161276,0.97280633,3.1630058,-0.74290359,-0.0089741945,0.66933835,0
3.4052444,1.6135771,-1.5010573,0.61928421,0.37038922,0.69231415,0
3.2957189,-3.0785036,-2.1928914,0.74290359,0.0089741945,-0.66933835,0
-2.3866887,-3.7165058,3.0538666,0.25412869,-0.92883331,0.2696059,0
0.15916967,-3.7142231,-0.1307168,-0.61928421,-0.37038922,-0.69231415,0
-2.1320245,-1.0436447,3.5145886,-0.74290359,-0.0089741945,0.66933835,0
-2.9411201,2.8624165,-0.42425287,-0.25412869,0.92883331,-0.2696059,0
0.83744264,-3.1437016,2.0065775,0.25412869,-0.92883331,0.2696059,0
1.0475335,-2.8228374,2.5742719,0.25412869,-0.92883331,0.2696059,0
3.4269526,-2.7963071,-2.4261878,0.74290359,0.0089741945,-0.66933835,0
-0.68178952,-0.029549256,2.8023753,0.61928421,0.37038922,0.69231415,0
2.0052168,-2.1032252,1.4086602,0.61928421,0.37038922,0.69231415,0
-2.7178929,2.624557,-0.76196432,-0.25412869,0.92883331,-0.2696059,0
3.6822155,-1.0338844,-1.8695978,0.74290359,0.0089741945,-0.66933835,0
2.6143174,0.91064858,-2.8096509,0.74290359,0.0089741945,-0.66933835,0
-0.54000497,3.385993,-0.77811813,-0.25412869,0.92883331,-0.2696059,0
-2.0559566,-3.4637239,2.536684,0.25412869,-0.92883331,0.2696059,0
1.5304234,-3.7476866,-1.0147281,0.25412869,-0.92883331,0.2696059,0
-1.801326,-3.3164635,2.8958733,0.25412869,-0.92883331,0.2696059,0
-1.7878076,-1.3026135,-0.049079299,-0.61928421,-0.37038922,-0.69231415,0
3.0762448,-3.0416083,-2.6642349,0.74290359,0.0089741945,-0.66933835,0
-0.14580822,-3.6555665,0.73783827,0.25412869,-0.92883331,0.2696059,0
-0.004601717,-3.224467,1.4276346,0.25412869,-0.92883331,0.2696059,0
2.5682521,-2.0564909,-3.1751792,0.74290359,0.0089741945,-0.66933835,0
2.1483684,3.6436086,-2.6981585,-0.25412869,0.92883331,-0.2696059,0
2.5897055,-3.561919,-1.0117085,0.25412869,-0.92883331,0.2696059,0
-2.1993191,-2.2069592,0.90311408,-0.61928421,-0.37038922,-0.69231415,0
-2.4657691,3.1589026,-0.49224868,-0.25412869,0.92883331,-0.2696059,0
-1.0035065,-3.4179678,0.43543112,-0.61928421,-0.37038922,-0.69231415,0
-2.3137927,-3.0340474,3.40255,-0.74290359,-0.0089741945,0.66933835,0
-3.1560066,2.6386762,2.7183447,-0.74290359,-0.0089741945,0.66933835,0
-1.552696,-0.38029015,-0.60268807,-0.61928421,-0.37038922,-0.69231415,0
1.4965845,3.8774483,-1.6656628,-0.25412869,0.92883331,-0.2696059,0
0.41579318,-0.073041081,1.7858145,0.61928421,0.37038922,0.69231415,0
-2.4636421,3.3325701,1.0788859,-0.25412869,0.92883331,-0.2696059,0
-3.0239983,-1.6268891,2.5108247,-0.74290359,-0.0089741945,0.66933835,0
-2.1566987,-3.6311741,1.5168042,-0.61928421,-0.37038922,-0.69231415,0
3.3432701,-3.1662607,-0.84722126,0.25412869,-0.92883331,0.2696059,0
-1.2137494,3.1592469,-0.32431448,-0.25412869,0.92883331,-0.2696059,0
-2.6698487,-0.011663079,-0.020888567,-0.61928421,-0.37038922,-0.69231415,0
0.34412789,-3.3064816,0.53908789,0.25412869,-0.92883331,0.2696059,0
1.9548986,0.8199091,-3.9630928,0.74290359,0.0089741945,-0.66933835,0
-2.6606853,1.7204444,3.0215778,-0.74290359,-0.0089741945,0.66933835,0
1.7328773,1.0861832,-4.1879845,0.74290359,0.0089741945,-0.66933835,0
-1.8985158,-2.9048817,3.9583671,-0.74290359,-0.0089741945,0.66933835,0
1.7741199,3.2016401,-3.8174057,-0.25412869,0.92883331,-0.2696059,0
3.9755411,-1.3759112,-1.5411611,0.74290359,0.0089741945,-0.66933835,0
-3.2105756,3.1289759,0.85417479,-0.25412869,0.92883331,-0.2696059,0
3.9464276,-1.1174549,-1.0284133,0.61928421,0.37038922,0.69231415,0
0.17155385,2.8995621,-2.5013452,-0.25412869,0.92883331,-0.2696059,0
-3.9617405,1.6885393,1.7095928,-0.74290359,-0.0089741945,0.66933835,0
-3.8791828,2.9699287,1.6636634,-0.74290359,-0.0089741945,0.66933835,0
-1.7138047,2.4301574,2.5433779,0.61928421,0.37038922,0.69231415,0
-0.451285,-0.75452256,3.1321383,0.61928421,0.37038922,0.69231415,0
0.15753865,2.6891148,-3.7340403,-0.25412869,0.92883331,-0.2696059,0
0.0065956116,-0.63833392,2.4070802,0.61928421,0.37038922,0.69231415,0
2.294908,0.17724514,-3.2515979,0.74290359,0.0089741945,-0.66933835,0
-3.7116084,-1.0594158,2.0039244,-0.74290359,-0.0089741945,0.66933835,0
-0.0081367493,3.5207069,-0.11241519,-0.25412869,0.92883331,-0.2696059,0
1.6435254,1.9515011,-0.14195502,0.61928421,0.37038922,0.69231415,0
1.5773544,0.62953401,-4.1574974,-0.61928421,-0.37038922,-0.69231415,0
-2.6101294,0.060773075,3.3686085,-0.74290359,-0.0089741945,0.66933835,0
-0.95258605,-1.7887673,-0.13385475,-0.61928421,-0.37038922,-0.69231415,0
-4.1097832,2.1515045,1.2602897,-0.74290359,-0.0089741945,0.66933835,0
2.0534453,-2.0621755,1.6694841,0.61928421,0.37038922,0.69231415,0
-1.9080284,-0.21386909,-0.25116342,-0.61928421,-0.37038922,-0.69231415,0
0.1890974,2.7987494,-2.8449566,-0.25412869,0.92883331,-0.2696059,0
2.037519,-3.2615335,-0.14481442,0.25412869,-0.92883331,0.2696059,0
0.29965281,3.3657043,-2.1182044,-0.25412869,0.92883331,-0.2696059,0
-3.3182728,-0.57960999,2.1096103,-0.74290359,-0.0089741945,0.66933835,0
-1.0065911,-2.822371,0.34689832,-0.61928421,-0.37038922,-0.69231415,0
3.7020111,-2.4695694,-1.9477949,0.74290359,0.0089741945,-0.66933835,0
-1.2114747,-1.2910511,3.8153381,0.61928421,0.37038922,0.69231415,0
-3.492624,2.0023055,2.4062135,-0.74290359,-0.0089741945,0.66933835,0
3.5696566,-2.0833778,-2.049917,0.74290359,0.0089741945,-0.66933835,0
-2.8207426,-2.4081311,3.1110504,-0.74290359,-0.0089741945,0.66933835,0
3.1312871,2.6344981,-2.3485048,0.74290359,0.0089741945,-0.66933835,0
0.70893097,-3.6286047,0.37276149,0.25412869,-0.92883331,0.2696059,0
-2.7467065,3.6813717,2.3766682,-0.25412869,0.92883331,-0.2696059,0
3.2830391,-1.1133667,-0.065536737,0.61928421,0.37038922,0.69231415,0
0.63593459,-1.4589493,2.3948507,0.61928421,0.37038922,0.69231415,0
2.9589205,-0.56418514,-2.7539487,0.74290359,0.0089741945,-0.66933835,0
-1.5172383,-3.8492274,1.4637311,-0.61928421,-0.37038922,-0.69231415,0
3.9366755,-1.8578143,-1.3447835,0.74290359,0.0089741945,-0.66933835,0
0.1292913,-2.5834689,3.3390188,0.25412869,-0.92883331,0.2696059,0
0.32432771,3.131367,-2.4027035,-0.25412869,0.92883331,-0.2696059,0
-0.7044456,2.3592303,-2.6495771,-0.61928421,-0.37038922,-0.69231415,0
0.96259117,-3.5619788,-0.2279802,0.25412869,-0.92883331,0.2696059,0
1.3458607,-0.84701878,-3.1475525,-0.61928421,-0.37038922,-0.69231415,0
0.38604617,-3.9734924,-0.58385271,0.25412869,-0.92883331,0.2696059,0
2.7856073,3.5916119,-3.1088948,0.74290359,0.0089741945,-0.66933835,0
2.081902,0.081194043,-3.4422932,0.74290359,0.0089741945,-0.66933835,0
1.9718461,-0.22583713,-3.4938381,0.74290359,0.0089741945,-0.66933835,0
-3.3848314,1.5793365,2.337364,-0.74290359,-0.0089741945,0.66933835,0
-2.30164,0.12513626,-0.34967262,-0.61928421,-0.37038922,-0.69231415,0
-0.7277143,-3.5255539,2.2050807,0.25412869,-0.92883331,0.2696059,0
3.0157604,1.3810251,-2.6128428,0.74290359,0.0089741945,-0.66933835,0
-2.7736921,-3.5407295,2.6593516,0.25412869,-0.92883331,0.2696059,0
2.6484456,-3.4628725,-1.3567333,0.25412869,-0.92883331,0.2696059,0
-0.71059203,-3.3193495,2.7987828,0.25412869,-0.92883331,0.2696059,0
-0.86598295,-1.0326152,-0.81685877,-0.61928421,-0.37038922,-0.69231415,0
-1.4006972,-3.2103033,3.2515364,0.25412869,-0.92883331,0.2696059,0
-1.6679052,-0.60358477,4.0692253,0.61928421,0.37038922,0.69231415,0
-3.1454511,-1.4272646,1.2427943,-0.61928421,-0.37038922,-0.69231415,0
-0.55778551,1.0326595,2.0113616,0.61928421,0.37038922,0.69231415,0
4.3215022,-2.967679,-1.3599391,0.74290359,0.0089741945,-0.66933835,0
-3.3491008,2.9475985,-0.01248917,-0.25412869,0.92883331,-0.2696059,0
1.5845621,3.5963929,-2.5887198,-0.25412869,0.92883331,-0.2696059,0
-0.47872525,-0.59533119,-1.4075919,-0.61928421,-0.37038922,-0.69231415,0
2.6397648,3.7852199,-2.3285589,0.61928421,0.37038922,0.69231415,0
1.9053998,-0.34364426,0.6407429,0.61928421,0.37038922,0.69231415,0
4.2888861,-1.9814961,-1.2029717,0.74290359,0.0089741945,-0.66933835,0
2.0298023,-3.2796819,-0.89227152,0.25412869,-0.92883331,0.2696059,0
2.1133552,1.9228458,-3.3857059,0.74290359,0.0089741945,-0.66933835,0
3.9598267,-0.67021155,-1.7807897,0.74290359,0.0089741945,-0.66933835,0
-0.42326903,-1.7082396,3.2978597,0.61928421,0.37038922,0.69231415,0
1.5759279,-2.9656641,-2.0793509,-0.61928421,-0.37038922,-0.69231415,0
-0.29745513,2.0830522,1.2222996,0.61928421,0.37038922,0.69231415,0
2.0932229,2.110183,-3.8158703,0.74290359,0.0089741945,-0.66933835,0
-1.6720059,-3.4050379,2.195709,0.25412869,-0.92883331,0.2696059,0
-2.6095612,3.3883419,0.53027463,-0.25412869,0.92883331,-0.2696059,0
-3.0133882,3.3125474,1.4039437,-0.25412869,0.92883331,-0.2696059,0
3.64238,-2.9858146,-1.7554132,0.74290359,0.0089741945,-0.66933835,0
1.3285844,2.2863348,-4.5147986,0.74290359,0.0089741945,-0.66933835,0
-0.18594885,-2.8952539,2.4612823,0.25412869,-0.92883331,0.2696059,0
1.869487,-2.9005735,1.6707724,0.25412869,-0.92883331,0.2696059,0
1.5847032,-3.4469867,-0.042135894,0.25412869,-0.92883331,0.2696059,0
3.5444603,-3.1705027,-2.1131561,0.74290359,0.0089741945,-0.66933835,0
-1.9139605,2.9424562,-1.1860025,-0.25412869,0.92883331,-0.2696059,0
-2.799304,0.48894048,2.7855461,-0.74290359,-0.0089741945,0.66933835,0
2.5595202,0.0016124249,-3.2091069,0.74290359,0.0089741945,-0.66933835,0
2.8316798,3.0629644,-2.5699224,0.74290359,0.0089741945,-0.66933835,0
-0.58386207,-3.0585146,3.2883589,0.25412869,-0.92883331,0.2696059,0
-1.3701966,3.3063688,-0.0019934177,-0.25412869,0.92883331,-0.2696059,0
2.8126199,-2.0435162,0.71203953,0.61928421,0.37038922,0.69231415,0
1.793269,-3.2690699,-1.8396051,-0.61928421,-0.37038922,-0.69231415,0
0.71526718,-3.2496669,0.6631273,0.25412869,-0.92883331,0.2696059,0
3.80094,-1.0445167,-0.71891773,0.61928421,0.37038922,0.69231415,0
3.6673739,-0.065372944,-1.2098496,0.61928421,0.37038922,0.69231415,0
2.8875036,-3.3065162,-2.8074102,0.74290359,0.0089741945,-0.66933835,0
0.62803221,-3.5967102,-0.54722261,-0.61928421,-0.37038922,-0.69231415,0
-2.850256,1.1989756,2.5419662,-0.74290359,-0.0089741945,0.66933835,0
-2.1294458,3.3987379,0.42375332,-0.25412869,0.92883331,-0.2696059,0
4.1176286,-1.5399094,-1.716164,0.74290359,0.0089741945,-0.66933835,0
3.7942705,0.99499273,-1.8944914,0.74290359,0.0089741945,-0.66933835,0
1.9750415,1.4311222,-3.969028,0.74290359,0.0089741945,-0.66933835,0
-0.75041127,3.1927819,-0.84705925,-0.25412869,0.92883331,-0.2696059,0
1.0330198,-3.0548124,1.5650543,0.25412869,-0.92883331,0.2696059,0
-0.83497596,-3.1507668,2.8632936,0.25412869,-0.92883331,0.2696059,0
-3.6179819,0.73056686,0.55347717,-0.61928421,-0.37038922,-0.69231415,0
3.5688562,-1.9110844,-1.9254664,0.74290359,0.0089741945,-0.66933835,0
3.0424647,-1.6572131,0.40736628,0.61928421,0.37038922,0.69231415,0
0.1491487,0.070148915,-2.0519605,-0.61928421,-0.37038922,-0.69231415,0
-0.85442483,-1.1118877,3.3431871,0.61928421,0.37038922,0.69231415,0
0.7499485,-0.52172971,1.5575323,0.61928421,0.37038922,0.69231415,0
-0.82431459,3.775306,0.36337698,-0.25412869,0.92883331,-0.2696059,0
1.7117403,3.8049121,-2.0190217,-0.25412869,0.92883331,-0.2696059,0
3.2431748,-3.2749572,-2.5885248,0.74290359,0.0089741945,-0.66933835,0
-3.9870057,1.2056617,0.58408773,-0.61928421,-0.37038922,-0.69231415,0
-2.5663922,3.4963145,0.85742843,-0.25412869,0.92883331,-0.2696059,0
-2.0012608,-1.753407,0.78921032,-0.61928421,-0.37038922,-0.69231415,0
2.1153324,-3.0364811,1.2442358,0.25412869,-0.92883331,0.2696059,0
4.027081,-1.452126,-1.302974,0.74290359,0.0089741945,-0.66933835,0
3.028769,1.8592629,-1.4731935,0.61928421,0.37038922,0.69231415,0
-2.9847181,2.9208384,2.9933031,-0.74290359,-0.0089741945,0.66933835,0
-3.2644813,2.5060186,2.4282105,-0.74290359,-0.0089741945,0.66933835,0
-0.075816631,-0.4642508,-1.8722217,-0.61928421,-0.37038922,-0.69231415,0
-4.5119925,1.2690502,1.2657366,-0.74290359,-0.0089741945,0.66933835,0
0.070495367,3.3007755,-2.0708408,-0.25412869,0.92883331,-0.2696059,0
2.9282856,-2.6764822,-2.8959351,0.74290359,0.0089741945,-0.66933835,0
0.47102189,3.798429,-0.81924248,-0.25412869,0.92883331,-0.2696059,0
3.417367,-1.9065642,-1.9123745,0.74290359,0.0089741945,-0.66933835,0
1.4643111,3.7148862,-1.6288276,-0.25412869,0.92883331,-0.2696059,0
-1.6220397,1.6451759,2.7669017,0.61928421,0.37038922,0.69231415,0
-0.39964294,2.761827,-2.8218379,-0.25412869,0.92883331,-0.2696059,0
1.3803905,2.1390178,-4.3177056,0.74290359,0.0089741945,-0.66933835,0
-0.094230175,-3.9931083,-0.018004894,0.25412869,-0.92883331,0.2696059,0
-2.8558125,3.4665246,1.1663809,-0.25412869,0.92883331,-0.2696059,0
-0.58500385,-0.10276455,-1.7935206,-0.61928421,-0.37038922,-0.69231415,0
-3.437151,-2.2672617,2.2107122,-0.74290359,-0.0089741945,0.66933835,0
3.4790306,0.89541566,-2.385695,0.74290359,0.0089741945,-0.66933835,0
1.1874666,2.8021796,-4.1103549,-0.25412869,0.92883331,-0.2696059,0
-3.2055473,2.0540812,-0.53735912,-0.61928421,-0.37038922,-0.69231415,0
3.6097448,-1.725723,-0.2065475,0.61928421,0.37038922,0.69231415,0
-3.953887,0.31884015,1.6115178,-0.74290359,-0.0089741945,0.66933835,0
3.0909863,3.078522,-2.3739336,0.74290359,0.0089741945,-0.66933835,0
-1.2745011,-2.3522642,4.2603917,-0.74290359,-0.0089741945,0.66933835,0
-3.812304,0.69838274,1.6913263,-0.74290359,-0.0089741945,0.66933835,0
2.2215738,-3.1070387,-0.17033909,0.25412869,-0.92883331,0.2696059,0
3.7496982,-3.29392,-1.6875039,0.25412869,-0.92883331,0.2696059,0
-3.2802651,2.8692269,-0.56781125,-0.25412869,0.92883331,-0.2696059,0
2.1683416,-3.0681996,0.73355275,0.25412869,-0.92883331,0.2696059,0
2.2035608,-3.0748429,0.95163631,0.25412869,-0.92883331,0.2696059,0
-2.6563711,1.5753417,2.9666581,-0.74290359,-0.0089741945,0.66933835,0
-1.6852535,3.0642998,2.1927991,0.61928421,0.37038922,0.69231415,0
0.53664458,-3.5953271,-0.97117943,-0.61928421,-0.37038922,-0.69231415,0
1.3668332,-2.7758579,2.1256475,0.25412869,-0.92883331,0.2696059,0
0.27604294,0.68619287,1.4849255,0.61928421,0.37038922,0.69231415,0
1.757118,-1.746562,-2.9134209,-0.61928421,-0.37038922,-0.69231415,0
-2.4366727,-0.8917923,0.68500483,-0.61928421,-0.37038922,-0.69231415,0
1.2965169,-3.1551051,1.5079589,0.25412869,-0.92883331,0.2696059,0
2.9166446,-0.0078033209,-2.95332,0.74290359,0.0089741945,-0.66933835,0
-1.4877787,3.2749758,-0.2150659,-0.25412869,0.92883331,-0.2696059,0
0.084941387,-2.9706302,2.5591738,0.25412869,-0.92883331,0.2696059,0
-0.01371181,2.5919144,0.74574393,0.61928421,0.37038922,0.69231415,0
4.0264659,-2.7945297,0.18437955,0.25412869,-0.92883331,0.2696059,0
3.9562299,-3.2705946,-1.2979802,0.25412869,-0.92883331,0.2696059,0
0.85949779,-3.0663457,1.9299936,0.25412869,-0.92883331,0.2696059,0
-2.5274649,-1.6482607,0.73875678,-0.61928421,-0.37038922,-0.69231415,0
-0.89588809,2.4666364,1.3760773,0.61928421,0.37038922,0.69231415,0
1.4402492,3.2053638,-3.3200278,-0.25412869,0.92883331,-0.2696059,0
1.1921659,-2.6421199,2.1250005,0.25412869,-0.92883331,0.2696059,0
-2.7184663,-3.56181,2.8892705,-0.74290359,-0.0089741945,0.66933835,0
2.227329,0.38409609,-3.6689157,0.74290359,0.0089741945,-0.66933835,0
0.92659318,2.7488155,-0.38078129,0.61928421,0.37038922,0.69231415,0
3.6214018,1.2000544,-2.106039,0.74290359,0.0089741945,-0.66933835,0
2.362957,3.7441056,-2.0032299,-0.25412869,0.92883331,-0.2696059,0
-2.1135235,3.1079202,2.6045315,0.61928421,0.37038922,0.69231415,0
-1.6541793,-0.8475461,3.9894204,0.61928421,0.37038922,0.69231415,0
-1.5087554,-3.2873974,2.942832,0.25412869,-0.92883331,0.2696059,0
-0.15807199,0.15395066,-2.1014514,-0.61928421,-0.37038922,-0.69231415,0
1.4489675,3.2290225,-2.4997339,-0.25412869,0.92883331,-0.2696059,0
2.157469,-3.4149227,-0.33022028,0.25412869,-0.92883331,0.2696059,0
3.3176394,1.4965917,-2.4805193,0.74290359,0.0089741945,-0.66933835,0
-2.4960999,1.7930979,-0.84942102,-0.61928421,-0.37038922,-0.69231415,0
-3.6197176,0.51786709,2.1995857,-0.74290359,-0.0089741945,0.66933835,0
-2.0435886,-3.095643,3.8940599,-0.74290359,-0.0089741945,0.66933835,0
0.84339511,3.843962,-1.0242807,-0.25412869,0.92883331,-0.2696059,0
1.4597743,-3.5142534,-0.98937583,0.25412869,-0.92883331,0.2696059,0
-0.97261071,3.287885,-0.057325602,-0.25412869,0.92883331,-0.2696059,0
-2.5962782,-0.58039606,3.172801,-0.74290359,-0.0089741945,0.66933835,0
-2.9239535,0.28074545,2.7828183,-0.74290359,-0.0089741945,0.66933835,0
-1.4772394,2.2546895,-2.2218308,-0.61928421,-0.37038922,-0.69231415,0
1.9849415,-3.0620959,0.11476582,0.25412869,-0.92883331,0.2696059,0
0.11166811,-3.6032887,0.059264302,0.25412869,-0.92883331,0.2696059,0
-1.9215914,3.5128415,1.6321046,-0.25412869,0.92883331,-0.2696059,0
2.9591677,0.57361448,-0.91777265,0.61928421,0.37038922,0.69231415,0
2.5983317,-2.6394825,1.1140577,0.25412869,-0.92883331,0.2696059,0
3.916945,-2.9393096,-0.43739331,0.25412869,-0.92883331,0.2696059,0
-2.6184027,3.5367036,1.1197368,-0.25412869,0.92883331,-0.2696059,0
-0.96875936,2.33375,1.6180025,0.61928421,0.37038922,0.69231415,0
-0.66173291,3.3678863,-0.041754663,-0.25412869,0.92883331,-0.2696059,0
-1.968623,-2.3480015,3.8203752,-0.74290359,-0.0089741945,0.66933835,0
-0.030526474,-1.2484133,-1.5372505,-0.61928421,-0.37038922,-0.69231415,0
-4.7637177,2.4561183,0.56822109,-0.25412869,0.92883331,-0.2696059,0
1.7354193,-0.13344386,-3.6129401,-0.61928421,-0.37038922,-0.69231415,0
3.1918106,1.4994583,-1.568735,0.61928421,0.37038922,0.69231415,0
4.0645666,-0.51473129,-1.3027778,0.61928421,0.37038922,0.69231415,0
-0.7236805,-3.2230318,2.6294172,0.25412869,-0.92883331,0.2696059,0
1.8426101,3.6193099,-1.6851435,-0.25412869,0.92883331,-0.2696059,0
-0.44829053,0.46476594,2.5853593,0.61928421,0.37038922,0.69231415,0
3.3322992,0.79914284,-2.5207725,0.74290359,0.0089741945,-0.66933835,0
-0.70773911,-3.3584321,1.733722,0.25412869,-0.92883331,0.2696059,0
2.2664394,3.337564,-3.4881163,0.74290359,0.0089741945,-0.66933835,0
0.49149346,3.1631496,-2.3283048,-0.25412869,0.92883331,-0.2696059,0
-2.1732681,2.354986,-1.3191632,-0.61928421,-0.37038922,-0.69231415,0
-3.1381984,3.4822869,2.37676,-0.25412869,0.92883331,-0.2696059,0
-3.2749739,2.7429492,2.4352422,-0.74290359,-0.0089741945,0.66933835,0
0.79918027,-1.5468857,2.0442147,0.61928421,0.37038922,0.69231415,0
-1.6511934,-1.0546849,-0.30103117,-0.61928421,-0.37038922,-0.69231415,0
1.5478595,1.7635359,-4.0338678,0.74290359,0.0089741945,-0.66933835,0
1.0721006,-2.5444674,2.5467353,0.25412869,-0.92883331,0.2696059,0
0.25221181,-3.1227608,1.6103287,0.25412869,-0.92883331,0.2696059,0
-0.30604339,-2.8512077,3.3843851,0.25412869,-0.92883331,0.2696059,0
-0.44835711,3.4069607,-1.1316243,-0.25412869,0.92883331,-0.2696059,0
-2.638041,1.2881091,3.1846845,-0.74290359,-0.0089741945,0.66933835,0
4.0169101,-2.9037068,-1.6171222,0.74290359,0.0089741945,-0.66933835,0
-3.5177178,3.1286221,1.6794378,-0.25412869,0.92883331,-0.2696059,0
-1.8053834,-3.288548,3.5657876,0.25412869,-0.92883331,0.2696059,0
-0.6732167,-1.9442999,-0.24189186,-0.61928421,-0.37038922,-0.69231415,0
-3.5743783,1.1969707,1.8464494,-0.74290359,-0.0089741945,0.66933835,0
-2.8708603,-2.6359153,2.5513587,-0.74290359,-0.0089741945,0.66933835,0
0.71316528,-2.0389056,2.7968032,0.61928421,0.37038922,0.69231415,0
3.9753144,-2.9770947,-1.4126854,0.25412869,-0.92883331,0.2696059,0
4.1108885,-1.802323,-1.268618,0.74290359,0.0089741945,-0.66933835,0
3.3509643,1.1324394,-1.2669828,0.61928421,0.37038922,0.69231415,0
1.5011601,-1.9063437,1.9320107,0.61928421,0.37038922,0.69231415,0
3.8086088,-2.6835318,-0.35443962,0.25412869,-0.92883331,0.2696059,0
2.5282593,1.7220396,-2.9333968,0.74290359,0.0089741945,-0.66933835,0
0.091241837,-0.53553843,2.2938104,0.61928421,0.37038922,0.69231415,0
-2.0953479,3.7535121,2.3196647,0.61928421,0.37038922,0.69231415,0
0.013468504,-3.6662343,0.52841103,0.25412869,-0.92883331,0.2696059,0
4.4235659,-2.7939849,-0.49692214,0.61928421,0.37038922,0.69231415,0
1.110648,3.5752544,-1.9064441,-0.25412869,0.92883331,-0.2696059,0
-3.9185264,2.2357206,1.7939272,-0.74290359,-0.0089741945,0.66933835,0
4.0655203,-2.4448366,-1.3481557,0.74290359,0.0089741945,-0.66933835,0
-1.8473253,1.1297953,2.9398518,0.61928421,0.37038922,0.69231415,0
2.1093702,-1.6197087,1.2787412,0.61928421,0.37038922,0.69231415,0
0.41032767,3.2012627,-1.6828499,-0.25412869,0.92883331,-0.2696059,0
-3.2214317,2.7989345,2.3915961,-0.74290359,-0.0089741945,0.66933835,0
-0.18841696,-0.082242191,-1.8379517,-0.61928421,-0.37038922,-0.69231415,0
-3.5435405,-1.3463242,1.7771592,-0.74290359,-0.0089741945,0.66933835,0
-2.6630735,3.4393806,2.1035187,-0.25412869,0.92883331,-0.2696059,0
2.5921447,1.662032,-1.1855607,0.61928421,0.37038922,0.69231415,0
1.6130002,-2.9864373,-1.7778449,-0.61928421,-0.37038922,-0.69231415,0
-0.062536836,-0.30301145,2.1732204,0.61928421,0.37038922,0.69231415,0
3.6234598,1.296067,-1.7497995,0.61928421,0.37038922,0.69231415,0
1.1623249,2.6674359,-4.3834448,-0.25412869,0.92883331,-0.2696059,0
-1.8180952,-0.61628008,3.7481866,-0.74290359,-0.0089741945,0.66933835,0
1.2427566,2.2471037,-4.2899446,0.74290359,0.0089741945,-0.66933835,0
-2.2598848,1.4875146,-1.0724907,-0.61928421,-0.37038922,-0.69231415,0
0.62037706,2.899869,-3.8112783,-0.25412869,0.92883331,-0.2696059,0
3.959486,-1.7714398,-1.3924915,0.74290359,0.0089741945,-0.66933835,0
0.43006623,3.0794239,0.31094003,0.61928421,0.37038922,0.69231415,0
-3.6870062,-0.75340343,1.8534995,-0.74290359,-0.0089741945,0.66933835,0
0.55662131,-3.1018503,2.2666507,0.25412869,-0.92883331,0.2696059,0
-1.048094,-2.5634875,4.3606014,0.61928421,0.37038922,0.69231415,0
-2.1392658,-1.7411354,3.4773672,-0.74290359,-0.0089741945,0.66933835,0
1.0807564,0.7745297,0.79366714,0.61928421,0.37038922,0.69231415,0
-2.3421826,-1.9571322,1.2561251,-0.61928421,-0.37038922,-0.69231415,0
2.7426853,2.3345857,-1.7971768,0.61928421,0.37038922,0.69231415,0
3.3457015,-0.56462407,-1.9767728,0.74290359,0.0089741945,-0.66933835,0
3.9972169,-0.6932584,-1.764058,0.74290359,0.0089741945,-0.66933835,0
3.5302639,-1.1265347,-2.2977176,0.74290359,0.0089741945,-0.66933835,0
-2.3211937,-0.4415862,3.5911846,-0.74290359,-0.0089741945,0.66933835,0
3.0885856,-3.5218635,-2.3184226,0.25412869,-0.92883331,0.2696059,0
-2.7378874,1.5760434,2.6731944,-0.74290359,-0.0089741945,0.66933835,0
-2.7655556,2.2035635,-1.1369756,-0.61928421,-0.37038922,-0.69231415,0
