-1.3376151,0.37560833,0.83268285,-0.7979728,-0.027696967,0.60205662,0
0.62512106,-3.164947,-0.5793612,0.1343683,-0.98197651,0.13291836,0
-0.34869921,3.014322,-0.53510571,-0.1343683,0.98197651,-0.13291836,0
-2.0701449,2.3964286,-2.1762559,-0.1343683,0.98197651,-0.13291836,0
2.207375,0.45294607,1.9866409,0.58752394,0.18696257,0.78731215,0
2.5460861,0.48567963,1.9692225,0.58752394,0.18696257,0.78731215,0
-1.2940656,2.6993113,-0.40940714,-0.1343683,0.98197651,-0.13291836,0
-2.6223752,0.64407134,-2.1915803,-0.58752394,-0.18696257,-0.78731215,0
0.55153024,3.3885717,1.5940933,-0.1343683,0.98197651,-0.13291836,0
-2.4605689,-3.6756532,-1.1317039,0.1343683,-0.98197651,0.13291836,0
2.3057284,-0.016261816,0.47985345,0.7979728,0.027696967,-0.60205662,0
1.2360866,-2.6524265,0.7020545,0.1343683,-0.98197651,0.13291836,0
-0.035167217,1.2301878,2.8195286,-0.7979728,-0.027696967,0.60205662,0
-1.6212456,-2.8520396,-1.9214154,-0.58752394,-0.18696257,-0.78731215,0
1.787434,3.2771153,-0.14452386,0.7979728,0.027696967,-0.60205662,0
2.248117,2.3266544,1.5054384,0.58752394,0.18696257,0.78731215,0
2.444731,0.89383185,1.6872582,0.58752394,0.18696257,0.78731215,0
2.743206,-2.4213572,2.4861441,0.1343683,-0.98197651,0.13291836,0
-1.1216598,1.5664176,-3.220952,-0.58752394,-0.18696257,-0.78731215,0
-2.2748628,1.7701061,-0.26626921,-0.7979728,-0.027696967,0.60205662,0
-0.46544623,-1.6626456,-3.0930877,0.7979728,0.027696967,-0.60205662,0
-2.617985,-3.1417902,-1.0158968,-0.7979728,-0.027696967,0.60205662,0
-0.15454459,0.77970123,2.1819909,-0.7979728,-0.027696967,0.60205662,0
-1.135821,2.478672,1.2027718,-0.7979728,-0.027696967,0.60205662,0
-2.4863155,-2.334569,-1.4628937,-0.58752394,-0.18696257,-0.78731215,0
-0.042406559,3.4450855,2.7621417,-0.7979728,-0.027696967,0.60205662,0
0.66969919,0.50817871,-1.8575976,0.7979728,0.027696967,-0.60205662,0
-1.1698217,2.7948036,-1.4770203,-0.1343683,0.98197651,-0.13291836,0
3.1484375,-1.3961602,1.6565535,0.58752394,0.18696257,0.78731215,0
-2.5815444,2.5888846,-2.1165228,-0.1343683,0.98197651,-0.13291836,0
-1.6556659,2.4548664,-3.1712551,-0.58752394,-0.18696257,-0.78731215,0
1.7223084,-2.6541462,1.3393812,0.1343683,-0.98197651,0.13291836,0
1.3972561,-0.99290669,2.9913008,0.58752394,0.18696257,0.78731215,0
-1.2531288,-3.2494245,0.62479496,-0.7979728,-0.027696967,0.60205662,0
0.73195314,-2.2035253,-1.8010044,0.7979728,0.027696967,-0.60205662,0
-1.7501365,-3.2271557,-0.11644268,-0.7979728,-0.027696967,0.60205662,0
-1.7332449,-0.11328292,-2.7357638,-0.58752394,-0.18696257,-0.78731215,0
0.30979031,3.0537879,0.49397278,-0.1343683,0.98197651,-0.13291836,0
-0.08024931,2.5433314,2.5058959,-0.7979728,-0.027696967,0.60205662,0
-1.6956806,-3.3748252,0.1725831,0.1343683,-0.98197651,0.13291836,0
-1.6670638,2.7761118,0.28615451,-0.1343683,0.98197651,-0.13291836,0
-3.325259,0.91443574,-1.6026812,-0.58752394,-0.18696257,-0.78731215,0
0.54558706,2.8756011,-0.62418008,-0.1343683,0.98197651,-0.13291836,0
-0.30244303,2.8136194,-2.0248311,-0.1343683,0.98197651,-0.13291836,0
2.9182045,-0.24832797,1.0729532,0.7979728,0.027696967,-0.60205662,0
-1.4301286,2.8633204,-1.3839765,-0.1343683,0.98197651,-0.13291836,0
1.5463524,3.4577744,1.8753481,0.58752394,0.18696257,0.78731215,0
-1.4881122,-1.4535949,-2.4269018,-0.58752394,-0.18696257,-0.78731215,0
-0.92820263,-2.9249659,-2.6271999,-0.58752394,-0.18696257,-0.78731215,0
-0.96542025,0.061787367,1.2730967,-0.7979728,-0.027696967,0.60205662,0
-0.44347906,-1.6233746,-3.1578341,-0.58752394,-0.18696257,-0.78731215,0
0.36945462,-1.3033242,2.944828,-0.7979728,-0.027696967,0.60205662,0
-2.9677608,0.91643751,-1.3603384,-0.7979728,-0.027696967,0.60205662,0
0.90886813,3.2207074,0.2561779,-0.1343683,0.98197651,-0.13291836,0
-2.3632276,2.6219878,-0.80274463,-0.1343683,0.98197651,-0.13291836,0
0.24201071,-0.050321877,-2.2261691,0.7979728,0.027696967,-0.60205662,0
3.272836,-2.3039508,2.0032516,0.1343683,-0.98197651,0.13291836,0
-0.74785686,-0.70233548,-2.9325337,-0.58752394,-0.18696257,-0.78731215,0
-0.90118217,-1.4650557,-2.8178723,-0.58752394,-0.18696257,-0.78731215,0
2.1937943,-0.83183134,2.1267006,0.58752394,0.18696257,0.78731215,0
0.97025388,2.0005546,-1.0576255,0.7979728,0.027696967,-0.60205662,0
0.9365899,-2.7764857,0.054304838,0.1343683,-0.98197651,0.13291836,0
-0.62015867,2.1095254,-3.4321063,0.7979728,0.027696967,-0.60205662,0
-1.2758946,-3.4665349,-1.9992534,-0.58752394,-0.18696257,-0.78731215,0
2.7700977,2.9621336,1.1645079,0.58752394,0.18696257,0.78731215,0
-0.58090925,-2.9330389,1.3624361,0.1343683,-0.98197651,0.13291836,0
-1.2192049,3.0291286,0.91473794,-0.7979728,-0.027696967,0.60205662,0
-2.8453839,-0.33064842,-1.5880955,-0.58752394,-0.18696257,-0.78731215,0
-0.17618394,-2.9386628,-2.8707688,-0.58752394,-0.18696257,-0.78731215,0
-0.59014034,-2.372611,1.6981728,-0.7979728,-0.027696967,0.60205662,0
0.7997191,1.09753,3.1021755,0.58752394,0.18696257,0.78731215,0
1.7448685,0.61671662,2.2361205,0.58752394,0.18696257,0.78731215,0
0.96803331,1.8961972,2.4685237,0.58752394,0.18696257,0.78731215,0
-1.9842124,0.13870025,-2.4409931,-0.58752394,-0.18696257,-0.78731215,0
-0.80812407,2.636013,-1.1510797,-0.1343683,0.98197651,-0.13291836,0
-1.3617299,-2.7911482,0.77051473,-0.7979728,-0.027696967,0.60205662,0
-1.483595,1.2351747,0.45932686,-0.7979728,-0.027696967,0.60205662,0
-2.2412932,0.5530352,-2.392158,-0.58752394,-0.18696257,-0.78731215,0
-0.35625529,-1.2848303,-2.9269092,0.7979728,0.027696967,-0.60205662,0
1.4828029,1.7599238,-0.63079882,0.7979728,0.027696967,-0.60205662,0
2.1176989,2.1840291,1.5596318,0.58752394,0.18696257,0.78731215,0
1.2360282,-2.9113197,-0.10490704,0.1343683,-0.98197651,0.13291836,0
1.0207027,-2.5262642,-1.3148826,0.7979728,0.027696967,-0.60205662,0
-2.5844827,-0.53666794,-1.7674012,-0.58752394,-0.18696257,-0.78731215,0
-2.1207626,2.5495191,-2.4097359,-0.1343683,0.98197651,-0.13291836,0
0.2788651,-2.6091864,2.2695453,0.1343683,-0.98197651,0.13291836,0
2.6885889,-2.2390058,2.2019596,0.1343683,-0.98197651,0.13291836,0
2.1056347,0.94811177,1.9028614,0.58752394,0.18696257,0.78731215,0
1.1030052,1.9648191,2.3732398,0.58752394,0.18696257,0.78731215,0
-2.7254069,-0.6962738,-1.6198705,-0.58752394,-0.18696257,-0.78731215,0
1.7253338,3.443913,1.4981468,-0.1343683,0.98197651,-0.13291836,0
0.012146771,2.8826239,-0.18921924,-0.1343683,0.98197651,-0.13291836,0
0.51791304,3.0352316,0.83246756,-0.1343683,0.98197651,-0.13291836,0
0.29643011,3.4365647,1.2285719,-0.1343683,0.98197651,-0.13291836,0
0.39744806,2.4823763,2.9811606,0.58752394,0.18696257,0.78731215,0
1.3406308,-0.58792913,2.8184104,0.58752394,0.18696257,0.78731215,0
2.8284724,-2.2730048,1.9865597,0.1343683,-0.98197651,0.13291836,0
2.0400488,-2.8949182,0.61670303,0.1343683,-0.98197651,0.13291836,0
-1.2291167,-1.8661517,0.9982152,-0.7979728,-0.027696967,0.60205662,0
1.6006432,-1.182785,2.8418007,0.58752394,0.18696257,0.78731215,0
0.50456601,-2.9625087,0.20190191,0.1343683,-0.98197651,0.13291836,0
1.3397965,0.36550272,-0.37577403,0.7979728,0.027696967,-0.60205662,0
1.4831073,-2.0082884,2.9468312,0.58752394,0.18696257,0.78731215,0
0.65045071,1.0119166,3.246609,0.58752394,0.18696257,0.78731215,0
1.5138893,-2.2943563,-0.83349597,0.7979728,0.027696967,-0.60205662,0
-2.6976793,2.1836503,-2.3924079,-0.1343683,0.98197651,-0.13291836,0
2.0506446,-2.4639227,2.3502531,0.1343683,-0.98197651,0.13291836,0
2.8480985,-2.2552764,1.6443731,0.1343683,-0.98197651,0.13291836,0
-0.6988802,1.8968326,-3.5486143,0.7979728,0.027696967,-0.60205662,0
1.8694324,-1.3897735,2.585083,0.58752394,0.18696257,0.78731215,0
0.19897962,2.9685566,-0.7238059,-0.1343683,0.98197651,-0.13291836,0
1.5060749,0.25338829,-0.6832701,0.7979728,0.027696967,-0.60205662,0
-2.5688095,0.86031544,-2.351418,-0.58752394,-0.18696257,-0.78731215,0
2.590497,2.1817093,0.91277814,0.7979728,0.027696967,-0.60205662,0
-2.2952523,2.4444146,-2.7263515,-0.1343683,0.98197651,-0.13291836,0
1.2155733,-1.6345509,3.3770432,0.58752394,0.18696257,0.78731215,0
-2.1481676,1.3604487,-2.431232,-0.58752394,-0.18696257,-0.78731215,0
0.95591521,1.6194474,2.6090608,0.58752394,0.18696257,0.78731215,0
-1.4597471,-2.6231706,0.46049595,-0.7979728,-0.027696967,0.60205662,0
2.7703569,-0.18550396,1.336972,0.7979728,0.027696967,-0.60205662,0
1.6101756,-1.9918691,3.1046555,0.58752394,0.18696257,0.78731215,0
1.140281,-1.2259853,3.2022009,0.58752394,0.18696257,0.78731215,0
0.70216131,-2.5658131,2.727792,0.1343683,-0.98197651,0.13291836,0
0.77666247,3.2650146,-0.073336124,-0.1343683,0.98197651,-0.13291836,0
-0.93216896,-3.1320043,0.14112997,0.1343683,-0.98197651,0.13291836,0
-0.38679826,2.784766,-1.4324543,-0.1343683,0.98197651,-0.13291836,0
0.95843291,-0.43845525,3.2161732,0.58752394,0.18696257,0.78731215,0
0.67158544,3.4370921,1.9445833,-0.1343683,0.98197651,-0.13291836,0
-2.0644088,2.6418474,-0.8123343,-0.1343683,0.98197651,-0.13291836,0
-0.49092674,-2.7166712,-2.961972,-0.58752394,-0.18696257,-0.78731215,0
1.3232884,-1.9946367,3.1735148,0.58752394,0.18696257,0.78731215,0
0.41150212,2.9118705,-1.6953082,-0.1343683,0.98197651,-0.13291836,0
-2.0936217,0.12249446,-2.4009619,-0.58752394,-0.18696257,-0.78731215,0
2.8221512,2.4454422,1.2710829,0.58752394,0.18696257,0.78731215,0
0.2085216,-2.3194926,2.3579838,-0.7979728,-0.027696967,0.60205662,0
2.2424254,-0.90842986,2.4311938,0.58752394,0.18696257,0.78731215,0
2.1951139,-1.4080644,2.4483533,0.58752394,0.18696257,0.78731215,0
-0.79732537,1.9007409,-3.342273,0.7979728,0.027696967,-0.60205662,0
-3.1922894,1.8617418,-1.8545921,-0.7979728,-0.027696967,0.60205662,0
-0.69169879,-3.3792596,-1.5053697,0.1343683,-0.98197651,0.13291836,0
-0.38865852,1.6629236,-3.0978298,0.7979728,0.027696967,-0.60205662,0
-2.0005732,-0.8009932,-0.26686186,-0.7979728,-0.027696967,0.60205662,0
1.161068,-1.3151726,-1.0641308,0.7979728,0.027696967,-0.60205662,0
-0.83869982,2.5385787,1.7895417,-0.7979728,-0.027696967,0.60205662,0
-1.78495,2.860271,-0.01347208,-0.1343683,0.98197651,-0.13291836,0
0.47180188,-2.7685513,0.81127572,0.1343683,-0.98197651,0.13291836,0
-0.63760519,-3.022727,-0.47082806,0.1343683,-0.98197651,0.13291836,0
0.52053666,3.4489148,1.0098817,-0.1343683,0.98197651,-0.13291836,0
0.23288229,-3.2704036,-0.8969202,0.1343683,-0.98197651,0.13291836,0
0.53386497,3.2614403,2.3519197,-0.1343683,0.98197651,-0.13291836,0
-1.5779762,2.4491799,-2.0075557,-0.1343683,0.98197651,-0.13291836,0
-2.0691404,-3.3324373,-0.82247949,0.1343683,-0.98197651,0.13291836,0
2.79793,-2.2347331,2.0126066,0.58752394,0.18696257,0.78731215,0
2.1335969,-2.4423609,0.946661,0.1343683,-0.98197651,0.13291836,0
-0.53468466,-3.0826025,-2.4955359,-0.58752394,-0.18696257,-0.78731215,0
0.93448758,1.456327,2.7010319,0.58752394,0.18696257,0.78731215,0
-2.8199677,-0.89908385,-1.6292447,-0.58752394,-0.18696257,-0.78731215,0
1.1223421,-2.2380891,3.4625897,0.58752394,0.18696257,0.78731215,0
-0.86570889,-3.1488807,-0.59153342,0.1343683,-0.98197651,0.13291836,0
1.5089967,2.8653779,-0.3833003,0.7979728,0.027696967,-0.60205662,0
1.0936699,-3.1239436,-1.3327585,0.7979728,0.027696967,-0.60205662,0
-0.35225081,3.2770004,2.2900858,-0.1343683,0.98197651,-0.13291836,0
-1.2923028,-2.0427263,-2.3997691,-0.58752394,-0.18696257,-0.78731215,0
-1.1724911,1.9216417,-3.3776011,-0.58752394,-0.18696257,-0.78731215,0
-0.34057999,2.844481,-1.6261692,-0.1343683,0.98197651,-0.13291836,0
2.7591631,-0.72026145,1.3552109,0.7979728,0.027696967,-0.60205662,0
2.4851837,1.7047924,1.6016963,0.58752394,0.18696257,0.78731215,0
2.161684,-2.7843695,0.51904011,0.7979728,0.027696967,-0.60205662,0
0.28980255,-3.1921091,-1.562174,0.1343683,-0.98197651,0.13291836,0
0.18780559,2.8881738,-0.66297579,-0.1343683,0.98197651,-0.13291836,0
3.062536,-0.50918663,1.8844349,0.58752394,0.18696257,0.78731215,0
-2.3930206,-2.1088057,-1.4112488,-0.58752394,-0.18696257,-0.78731215,0
2.8168969,-0.051267147,1.535547,0.58752394,0.18696257,0.78731215,0
2.0731604,-2.0500546,0.13394499,0.7979728,0.027696967,-0.60205662,0
-0.28054667,-2.8489568,1.5010579,0.1343683,-0.98197651,0.13291836,0
-0.33744395,1.1331218,1.9455738,-0.7979728,-0.027696967,0.60205662,0
1.2687664,-2.2487183,3.1781819,0.58752394,0.18696257,0.78731215,0
-1.3143367,-3.4460621,-1.9322962,0.1343683,-0.98197651,0.13291836,0
-0.3253088,2.6146264,-2.5768473,0.7979728,0.027696967,-0.60205662,0
1.0386659,2.0357485,-1.0727737,0.7979728,0.027696967,-0.60205662,0
0.00070625544,-2.9068804,0.017842054,0.1343683,-0.98197651,0.13291836,0
0.0044374466,1.2202774,-2.3043242,0.7979728,0.027696967,-0.60205662,0
-2.3799829,1.6925967,-2.3865285,-0.58752394,-0.18696257,-0.78731215,0
-2.2892988,-0.48526001,-0.44568753,-0.7979728,-0.027696967,0.60205662,0
-2.8622618,1.2767603,-1.8854613,-0.58752394,-0.18696257,-0.78731215,0
-2.5223365,1.8262899,-0.930812,-0.7979728,-0.027696967,0.60205662,0
-0.15300512,0.76282763,-2.7012262,0.7979728,0.027696967,-0.60205662,0
0.8967185,2.9660532,-0.59297729,-0.1343683,0.98197651,-0.13291836,0
-0.54042816,2.675118,-2.8227208,-0.1343683,0.98197651,-0.13291836,0
0.61841285,-2.7090416,1.3537095,0.1343683,-0.98197651,0.13291836,0
0.34628028,3.3152955,0.74330163,-0.1343683,0.98197651,-0.13291836,0
0.60338086,0.27039933,-1.6983664,0.7979728,0.027696967,-0.60205662,0
0.036451578,-0.17709649,2.6917753,-0.7979728,-0.027696967,0.60205662,0
-0.37450528,-3.0450833,-2.7229252,-0.58752394,-0.18696257,-0.78731215,0
-0.64501262,-3.3070047,-2.2229934,0.1343683,-0.98197651,0.13291836,0
2.6809149,-2.4310088,1.3826646,0.1343683,-0.98197651,0.13291836,0
2.0038784,-2.4139254,1.8500354,0.1343683,-0.98197651,0.13291836,0
-2.882797,2.5101223,-1.7113407,-0.1343683,0.98197651,-0.13291836,0
-0.76625091,3.0376544,0.45314264,-0.1343683,0.98197651,-0.13291836,0
-2.2039082,-0.50196981,-1.8148654,-0.58752394,-0.18696257,-0.78731215,0
-1.8419913,-0.01985085,0.082095265,-0.7979728,-0.027696967,0.60205662,0
-0.15557617,3.3216665,1.5731561,-0.1343683,0.98197651,-0.13291836,0
0.56789601,0.51030862,-1.8228421,0.7979728,0.027696967,-0.60205662,0
0.20194244,-2.2419345,2.4592662,-0.7979728,-0.027696967,0.60205662,0
1.313393,3.6333899,1.7444878,-0.1343683,0.98197651,-0.13291836,0
-3.0338645,-0.12107515,-1.3632059,-0.58752394,-0.18696257,-0.78731215,0
-1.761911,-1.2044964,0.2116611,-0.7979728,-0.027696967,0.60205662,0
2.1847179,-0.089502096,2.452075,0.58752394,0.18696257,0.78731215,0
-2.1194234,2.5978153,-0.20963335,-0.1343683,0.98197651,-0.13291836,0
0.90898758,-3.0409818,-0.19476318,0.1343683,-0.98197651,0.13291836,0
-1.0313718,-1.5260814,1.1790874,-0.7979728,-0.027696967,0.60205662,0
-1.461536,2.9048176,0.12301517,-0.1343683,0.98197651,-0.13291836,0
0.86670965,-3.2072659,-1.1868689,0.1343683,-0.98197651,0.13291836,0
1.8196417,2.8020389,1.6604038,0.58752394,0.18696257,0.78731215,0
-1.7517161,-2.1833014,-1.7882109,-0.58752394,-0.18696257,-0.78731215,0
1.0270517,0.2287997,-1.3909764,0.7979728,0.027696967,-0.60205662,0
-0.16060257,1.4390494,-2.4563346,0.7979728,0.027696967,-0.60205662,0
0.9574191,1.8826143,-1.0821154,0.7979728,0.027696967,-0.60205662,0
-0.98944402,2.5954361,1.0500665,-0.7979728,-0.027696967,0.60205662,0
2.9279099,1.1089473,1.3708138,0.58752394,0.18696257,0.78731215,0
0.9214983,1.954273,-1.3631806,0.7979728,0.027696967,-0.60205662,0
0.38568366,3.3275924,1.8059143,-0.1343683,0.98197651,-0.13291836,0
-1.1685001,2.6624949,1.288403,-0.7979728,-0.027696967,0.60205662,0
1.0033256,2.1297073,-1.3572052,0.7979728,0.027696967,-0.60205662,0
2.2469933,-2.7680893,0.77299666,0.1343683,-0.98197651,0.13291836,0
-0.70989037,1.8151853,1.5954293,-0.7979728,-0.027696967,0.60205662,0
1.1562963,-1.9249114,3.2976847,0.58752394,0.18696257,0.78731215,0
-0.28247082,0.022938728,2.0460641,-0.7979728,-0.027696967,0.60205662,0
0.51553607,3.6188958,2.4883702,-0.1343683,0.98197651,-0.13291836,0
2.1276097,3.6816375,1.1268322,-0.1343683,0.98197651,-0.13291836,0
-0.99673796,-1.2540752,1.1993701,-0.7979728,-0.027696967,0.60205662,0
-1.8147582,-0.09225142,0.0060723126,-0.7979728,-0.027696967,0.60205662,0
-1.5012331,1.5998663,0.65386593,-0.7979728,-0.027696967,0.60205662,0
2.0970073,-2.4970245,1.3227117,0.1343683,-0.98197651,0.13291836,0
0.81252503,-2.4647293,2.3795857,0.1343683,-0.98197651,0.13291836,0
1.1976433,-0.53706765,-0.62274402,0.7979728,0.027696967,-0.60205662,0
-0.71398294,2.8258595,0.35984254,-0.1343683,0.98197651,-0.13291836,0
0.65355456,0.34918368,-1.4288034,0.7979728,0.027696967,-0.60205662,0
1.5959163,-2.7716846,1.6110358,0.1343683,-0.98197651,0.13291836,0
-0.73452067,2.5818801,-1.4317174,-0.1343683,0.98197651,-0.13291836,0
-0.41747081,0.46985441,2.1692734,-0.7979728,-0.027696967,0.60205662,0
-0.18895972,3.4922409,2.2294903,-0.1343683,0.98197651,-0.13291836,0
-0.12171531,0.41424152,2.2282224,-0.7979728,-0.027696967,0.60205662,0
-1.4488808,-0.20958805,0.32155156,-0.7979728,-0.027696967,0.60205662,0
-1.5976772,0.43855751,-2.7952275,-0.58752394,-0.18696257,-0.78731215,0
2.1071229,3.0251808,1.6503915,0.58752394,0.18696257,0.78731215,0
-2.0121737,2.7296276,-0.94458771,-0.1343683,0.98197651,-0.13291836,0
0.73244733,2.1640468,-1.6432884,0.7979728,0.027696967,-0.60205662,0
-0.62889194,1.6989524,-3.4876971,0.7979728,0.027696967,-0.60205662,0
-1.4566429,-1.3322942,-2.4517939,-0.58752394,-0.18696257,-0.78731215,0
0.88223219,3.3010316,2.5593719,0.58752394,0.18696257,0.78731215,0
-2.2370541,-2.36059,-1.6508709,-0.58752394,-0.18696257,-0.78731215,0
-2.6981459,-1.0178659,-1.4144469,-0.58752394,-0.18696257,-0.78731215,0
1.347734,0.29170251,-0.76561064,0.7979728,0.027696967,-0.60205662,0
-1.157182,-2.8940361,-2.3116939,-0.58752394,-0.18696257,-0.78731215,0
3.0221288,-2.4342821,1.2392646,0.7979728,0.027696967,-0.60205662,0
-1.2518625,1.5949084,-3.4707432,-0.58752394,-0.18696257,-0.78731215,0
2.5333679,-2.4450169,2.2232599,0.1343683,-0.98197651,0.13291836,0
0.037740469,1.9745096,-2.026418,0.7979728,0.027696967,-0.60205662,0
-0.34058201,0.79900688,2.3018646,-0.7979728,-0.027696967,0.60205662,0
-0.072270155,1.2287006,2.4224007,-0.7979728,-0.027696967,0.60205662,0
2.035934,3.2448552,0.10725284,0.7979728,0.027696967,-0.60205662,0
-2.7684383,0.72509551,-2.1317306,-0.58752394,-0.18696257,-0.78731215,0
-2.1518359,1.2905803,-0.60830712,-0.7979728,-0.027696967,0.60205662,0
-2.1590471,-3.3474565,-0.93929696,0.1343683,-0.98197651,0.13291836,0
-0.79853147,3.1323709,1.5642407,-0.1343683,0.98197651,-0.13291836,0
1.1794338,3.6317894,2.274101,-0.1343683,0.98197651,-0.13291836,0
-2.7332983,0.35421658,-0.91548944,-0.7979728,-0.027696967,0.60205662,0
-0.71795678,-0.9796102,-2.9366586,-0.58752394,-0.18696257,-0.78731215,0
-2.3138852,-0.82060075,-0.34582877,-0.7979728,-0.027696967,0.60205662,0
-1.3965956,1.3458252,0.80642593,-0.7979728,-0.027696967,0.60205662,0
-0.22467351,-3.1662672,-0.99318552,0.1343683,-0.98197651,0.13291836,0
-1.8664763,-0.56914461,-2.1761441,-0.58752394,-0.18696257,-0.78731215,0
-1.3449345,-0.30387008,0.90960854,-0.7979728,-0.027696967,0.60205662,0
-0.23126912,0.34009969,-2.5310352,0.7979728,0.027696967,-0.60205662,0
0.037386417,2.7203476,-2.2925689,0.7979728,0.027696967,-0.60205662,0
-2.0910368,-1.2792745,-0.21071577,-0.7979728,-0.027696967,0.60205662,0
0.60450196,-2.7316108,1.4096878,0.1343683,-0.98197651,0.13291836,0
-1.764081,-2.3961029,-1.6953273,-0.58752394,-0.18696257,-0.78731215,0
-2.3367324,1.7124919,-0.82878768,-0.7979728,-0.027696967,0.60205662,0
-2.3440592,-0.83734953,-2.0927167,-0.58752394,-0.18696257,-0.78731215,0
0.73301554,3.4360139,2.2080331,-0.1343683,0.98197651,-0.13291836,0
-2.6720231,2.3921509,-2.0609052,-0.1343683,0.98197651,-0.13291836,0
0.17224038,-3.4960968,-1.9374381,0.1343683,-0.98197651,0.13291836,0
0.28661394,1.6485156,-2.2495289,0.7979728,0.027696967,-0.60205662,0
-0.86237383,0.10561492,-3.1684937,-0.58752394,-0.18696257,-0.78731215,0
-0.97551042,-2.9924846,0.11215091,0.1343683,-0.98197651,0.13291836,0
-2.3460171,1.8161561,-0.55505323,-0.7979728,-0.027696967,0.60205662,0
-2.9521792,2.3157606,-2.3850667,-0.58752394,-0.18696257,-0.78731215,0
1.0799263,1.2007726,2.596303,0.58752394,0.18696257,0.78731215,0
2.4430187,2.9076767,1.4664216,0.58752394,0.18696257,0.78731215,0
-3.0201797,0.61937249,-1.7042046,-0.7979728,-0.027696967,0.60205662,0
-2.1334207,-2.7774725,-1.5963356,-0.58752394,-0.18696257,-0.78731215,0
1.1132073,3.4121292,0.88428116,-0.1343683,0.98197651,-0.13291836,0
1.9828985,-2.3953495,2.6502719,0.1343683,-0.98197651,0.13291836,0
-0.48681831,2.9422908,0.42633152,-0.1343683,0.98197651,-0.13291836,0
1.4933968,-1.5970848,-0.75754213,0.7979728,0.027696967,-0.60205662,0
-0.28726828,-3.386297,-2.0223706,0.1343683,-0.98197651,0.13291836,0
-1.1692076,0.24040368,-2.7707882,-0.58752394,-0.18696257,-0.78731215,0
-1.0957658,1.7137748,1.1559297,-0.7979728,-0.027696967,0.60205662,0
-1.3187957,2.9413199,0.50659513,-0.1343683,0.98197651,-0.13291836,0
-0.56253123,3.1081202,2.0400524,-0.7979728,-0.027696967,0.60205662,0
0.76736492,-2.0786877,-1.4141567,0.7979728,0.027696967,-0.60205662,0
1.6961284,2.8195455,1.7998959,0.58752394,0.18696257,0.78731215,0
0.15511394,-1.5988505,2.6042342,-0.7979728,-0.027696967,0.60205662,0
2.0226903,-1.5756987,0.32080793,0.7979728,0.027696967,-0.60205662,0
-1.4606713,0.76888019,0.61980593,-0.7979728,-0.027696967,0.60205662,0
-0.84385729,2.6173711,-3.2375395,-0.1343683,0.98197651,-0.13291836,0
0.42875063,3.0133147,-1.1179848,-0.1343683,0.98197651,-0.13291836,0
-2.3307252,1.3366599,-2.6380143,-0.58752394,-0.18696257,-0.78731215,0
-1.581902,0.042088985,-2.8435431,-0.58752394,-0.18696257,-0.78731215,0
-1.3678098,2.3237212,-3.111872,-0.58752394,-0.18696257,-0.78731215,0
1.1801512,0.38950941,2.8481712,0.58752394,0.18696257,0.78731215,0
-0.56938207,2.9658206,-0.60240293,-0.1343683,0.98197651,-0.13291836,0
-0.93427181,-1.4829775,1.1520284,-0.7979728,-0.027696967,0.60205662,0
2.0859787,-2.6115932,1.4788136,0.1343683,-0.98197651,0.13291836,0
-0.47255185,2.8140914,0.15143967,-0.1343683,0.98197651,-0.13291836,0
0.60930419,2.1312115,3.0062017,0.58752394,0.18696257,0.78731215,0
-1.8463049,0.67661393,-0.18098301,-0.7979728,-0.027696967,0.60205662,0
-0.12750709,1.7403004,2.1258433,-0.7979728,-0.027696967,0.60205662,0
-0.33678758,-0.61878878,1.7718195,-0.7979728,-0.027696967,0.60205662,0
1.2145187,2.4135032,-0.70157576,0.7979728,0.027696967,-0.60205662,0
1.2865376,-2.678638,0.75677633,0.1343683,-0.98197651,0.13291836,0
-2.0460052,-1.0515993,-1.9795277,-0.58752394,-0.18696257,-0.78731215,0
-1.1525193,2.9336851,-0.60732651,-0.1343683,0.98197651,-0.13291836,0
-1.4138747,-3.0349467,-1.7984444,-0.58752394,-0.18696257,-0.78731215,0
0.3078537,-3.0459478,0.63690853,0.1343683,-0.98197651,0.13291836,0
-0.76352406,-0.30736244,-2.9556417,-0.58752394,-0.18696257,-0.78731215,0
0.018628001,-3.0149727,1.5062392,0.1343683,-0.98197651,0.13291836,0
-2.0721235,0.71674937,-2.4220076,-0.58752394,-0.18696257,-0.78731215,0
1.5503299,-0.014471471,2.7281415,0.58752394,0.18696257,0.78731215,0
1.7198097,3.4171934,0.96921968,-0.1343683,0.98197651,-0.13291836,0
1.1306655,-2.7752776,1.6306047,0.1343683,-0.98197651,0.13291836,0
-1.0766325,0.48149085,-3.2944033,-0.58752394,-0.18696257,-0.78731215,0
-0.42202044,3.3457184,2.1657972,-0.7979728,-0.027696967,0.60205662,0
-2.7088003,-0.45724845,-1.8522649,-0.58752394,-0.18696257,-0.78731215,0
-2.140872,-1.3957533,-0.72977996,-0.7979728,-0.027696967,0.60205662,0
1.0087382,2.9951243,-0.97900653,-0.1343683,0.98197651,-0.13291836,0
-0.91979849,0.026313305,1.1174554,-0.7979728,-0.027696967,0.60205662,0
-0.57384247,3.306356,2.0843005,-0.1343683,0.98197651,-0.13291836,0
-1.1693895,-0.43282211,-2.9437861,-0.58752394,-0.18696257,-0.78731215,0
-2.1561697,-0.032461166,-2.0552981,-0.58752394,-0.18696257,-0.78731215,0
-1.3639266,-3.1213942,0.55288601,-0.7979728,-0.027696967,0.60205662,0
-2.3130293,1.0501701,-2.5177827,-0.58752394,-0.18696257,-0.78731215,0
0.72850841,-1.6514156,-1.3504221,0.7979728,0.027696967,-0.60205662,0
2.7423506,-0.23925638,1.3047743,0.7979728,0.027696967,-0.60205662,0
-0.23501444,2.8386579,-1.6325893,-0.1343683,0.98197651,-0.13291836,0
-2.8201706,-1.8087666,-1.4192817,-0.58752394,-0.18696257,-0.78731215,0
0.29144725,3.2056198,-0.089131832,-0.1343683,0.98197651,-0.13291836,0
-2.736829,-0.98074102,-1.4416859,-0.58752394,-0.18696257,-0.78731215,0
0.60067344,-0.42360163,3.3189073,0.58752394,0.18696257,0.78731215,0
-1.0457671,1.9321102,1.2283174,-0.7979728,-0.027696967,0.60205662,0
-1.2479005,0.20108542,-2.8217967,-0.58752394,-0.18696257,-0.78731215,0
0.29648662,-2.8516438,2.2573438,0.1343683,-0.98197651,0.13291836,0
1.2735531,3.2922549,-0.19549656,-0.1343683,0.98197651,-0.13291836,0
0.3010447,1.6220961,3.1594157,-0.7979728,-0.027696967,0.60205662,0
0.27838826,3.3890567,2.3988593,-0.1343683,0.98197651,-0.13291836,0
-0.34096891,-2.8473883,0.84022331,0.1343683,-0.98197651,0.13291836,0
-2.1197343,-2.8161116,-0.52223563,-0.7979728,-0.027696967,0.60205662,0
-1.3371755,2.6160345,-1.0607171,-0.1343683,0.98197651,-0.13291836,0
-1.7863927,-2.3511918,-2.0922902,-0.58752394,-0.18696257,-0.78731215,0
0.42892772,2.9955659,-1.0898769,-0.1343683,0.98197651,-0.13291836,0
-0.1274085,-2.8514485,-2.6939666,0.7979728,0.027696967,-0.60205662,0
-1.4749603,-3.5593159,-1.1371584,0.1343683,-0.98197651,0.13291836,0
1.4896898,2.418802,2.2201881,0.58752394,0.18696257,0.78731215,0
1.0727565,-2.4011745,3.0090125,0.1343683,-0.98197651,0.13291836,0
1.0375427,3.1081223,0.34334826,-0.1343683,0.98197651,-0.13291836,0
0.56212878,-1.6459987,3.1405008,-0.7979728,-0.027696967,0.60205662,0
-1.358427,2.8583667,-1.0164711,-0.1343683,0.98197651,-0.13291836,0
-1.8750031,-1.9384491,-1.7478766,-0.58752394,-0.18696257,-0.78731215,0
1.2896997,-1.6476536,-0.96251553,0.7979728,0.027696967,-0.60205662,0
2.9456401,0.012932539,1.7735288,0.58752394,0.18696257,0.78731215,0
-1.4021549,2.8911662,0.59835339,-0.1343683,0.98197651,-0.13291836,0
2.2971711,-2.1398392,2.3792691,0.58752394,0.18696257,0.78731215,0
-2.7730451,1.6029506,-1.8871938,-0.58752394,-0.18696257,-0.78731215,0
2.0800602,0.15274012,0.22185802,0.7979728,0.027696967,-0.60205662,0
-1.083023,2.8412535,1.1900148,-0.7979728,-0.027696967,0.60205662,0
-0.62721539,-3.3780935,-1.4987376,0.1343683,-0.98197651,0.13291836,0
0.77906376,1.6759446,-1.3702464,0.7979728,0.027696967,-0.60205662,0
2.495214,-2.15797,0.59017897,0.7979728,0.027696967,-0.60205662,0
1.4105908,-1.2869449,-1.0052462,0.7979728,0.027696967,-0.60205662,0
-1.2350162,-2.9867039,0.80047941,-0.7979728,-0.027696967,0.60205662,0
-0.78468049,-0.63836837,1.1898676,-0.7979728,-0.027696967,0.60205662,0
-0.11148667,-0.99401003,2.2228954,-0.7979728,-0.027696967,0.60205662,0
1.0031979,-2.7532651,-1.1137277,0.7979728,0.027696967,-0.60205662,0
-2.1799028,2.8017743,-0.93147588,-0.1343683,0.98197651,-0.13291836,0
-1.5764716,-0.35885489,-2.3803265,-0.58752394,-0.18696257,-0.78731215,0
1.2972207,1.3533777,2.7412672,0.58752394,0.18696257,0.78731215,0
1.7308131,3.2674234,0.27255869,0.7979728,0.027696967,-0.60205662,0
3.1683252,-2.024492,1.7319174,0.58752394,0.18696257,0.78731215,0
1.3221776,0.54636705,-0.45259899,0.7979728,0.027696967,-0.60205662,0
3.1643116,-1.1960138,1.6656841,0.58752394,0.18696257,0.78731215,0
-1.9814253,2.599546,-2.1746814,-0.1343683,0.98197651,-0.13291836,0
0.76843262,3.6588066,2.5280125,0.58752394,0.18696257,0.78731215,0
0.38710868,2.7867248,-1.7041824,-0.1343683,0.98197651,-0.13291836,0
0.80250621,1.7990992,2.5481951,0.58752394,0.18696257,0.78731215,0
-0.73404551,0.49655184,-3.3713896,0.7979728,0.027696967,-0.60205662,0
1.2428434,1.7966108,-0.5371747,0.7979728,0.027696967,-0.60205662,0
-0.59502101,-0.85580766,-3.3852711,-0.58752394,-0.18696257,-0.78731215,0
-1.4248371,-3.3980589,-0.49484944,0.1343683,-0.98197651,0.13291836,0
0.30385625,-2.9343615,-2.0469501,0.7979728,0.027696967,-0.60205662,0
1.614511,2.9092042,2.0723047,0.58752394,0.18696257,0.78731215,0
1.0538859,-2.3807523,3.1581516,0.1343683,-0.98197651,0.13291836,0
0.37879193,3.5458233,1.7741537,-0.1343683,0.98197651,-0.13291836,0
2.7140551,2.0767496,1.4979287,0.7979728,0.027696967,-0.60205662,0
-1.2028384,2.2763085,-3.403239,-0.58752394,-0.18696257,-0.78731215,0
-1.9158072,-2.2764783,-1.6962175,-0.58752394,-0.18696257,-0.78731215,0
-1.3149736,-3.2743068,-1.2372189,0.1343683,-0.98197651,0.13291836,0
1.9196137,2.9376931,0.022163153,0.7979728,0.027696967,-0.60205662,0
1.4798733,-2.7836747,-0.61500645,0.7979728,0.027696967,-0.60205662,0
0.097038746,-2.4243057,-2.5825107,0.7979728,0.027696967,-0.60205662,0
-2.3439543,2.3316081,-0.25789857,-0.7979728,-0.027696967,0.60205662,0
-0.082874298,-3.0951383,0.27368712,0.1343683,-0.98197651,0.13291836,0
-0.35935917,-2.9761291,-0.044320107,0.1343683,-0.98197651,0.13291836,0
-2.5285378,-1.3582666,-0.70335817,-0.7979728,-0.027696967,0.60205662,0
-1.8553414,-3.5429914,-0.71192145,0.1343683,-0.98197651,0.13291836,0
0.18949127,1.7953355,-2.0486696,0.7979728,0.027696967,-0.60205662,0
1.140445,3.2862144,0.51241541,-0.1343683,0.98197651,-0.13291836,0
2.5866117,-1.5246416,2.1253924,0.58752394,0.18696257,0.78731215,0
-1.2672915,1.2480563,-3.3558047,-0.58752394,-0.18696257,-0.78731215,0
1.1452749,-2.7010818,1.5409307,0.1343683,-0.98197651,0.13291836,0
0.91407657,-1.2803994,3.3914533,0.58752394,0.18696257,0.78731215,0
-0.95631397,-2.8930895,0.99842334,-0.7979728,-0.027696967,0.60205662,0
1.7344253,1.6894751,2.2656081,0.58752394,0.18696257,0.78731215,0
-2.2703724,-3.2738466,-1.535423,-0.58752394,-0.18696257,-0.78731215,0
-0.097088099,2.843118,-0.042648792,-0.1343683,0.98197651,-0.13291836,0
-1.8794618,-3.4013534,-0.26690531,0.1343683,-0.98197651,0.13291836,0
0.33519864,2.2236867,-2.1169622,0.7979728,0.027696967,-0.60205662,0
-0.48853752,2.9274826,0.95612884,-0.1343683,0.98197651,-0.13291836,0
0.50515521,1.8866386,-1.7325642,0.7979728,0.027696967,-0.60205662,0
2.7236681,3.2336533,1.0746284,0.58752394,0.18696257,0.78731215,0
0.72424966,1.8616498,-1.5921566,0.7979728,0.027696967,-0.60205662,0
-2.595675,1.8509507,-0.94843161,-0.7979728,-0.027696967,0.60205662,0
-1.4933701,-0.54109257,-2.6942134,-0.58752394,-0.18696257,-0.78731215,0
-0.38578832,2.9117653,0.47496986,-0.1343683,0.98197651,-0.13291836,0
0.89438176,-2.4300816,-1.6788373,0.7979728,0.027696967,-0.60205662,0
0.72018528,1.5542458,-1.2010899,0.7979728,0.027696967,-0.60205662,0
-1.7255148,2.6692886,-0.36733699,-0.1343683,0.98197651,-0.13291836,0
-1.2361794,-0.20354688,-2.9618065,-0.58752394,-0.18696257,-0.78731215,0
-2.5957983,1.7292852,-0.90548182,-0.7979728,-0.027696967,0.60205662,0
1.4794853,0.5253551,2.523186,0.58752394,0.18696257,0.78731215,0
0.23173451,-2.8753691,-2.105123,0.7979728,0.027696967,-0.60205662,0
0.37738681,1.6235027,2.8390422,-0.7979728,-0.027696967,0.60205662,0
-0.63467109,-1.2091727,1.3738157,-0.7979728,-0.027696967,0.60205662,0
0.048094749,-2.3186884,-2.6914933,0.7979728,0.027696967,-0.60205662,0
0.19977862,-3.0667298,-1.4719101,0.1343683,-0.98197651,0.13291836,0
2.2251136,1.9406873,1.6148729,0.58752394,0.18696257,0.78731215,0
-0.34504229,3.0778985,-0.20570731,-0.1343683,0.98197651,-0.13291836,0
-2.3227744,-2.6210909,-1.5080175,-0.58752394,-0.18696257,-0.78731215,0
-0.63560176,-2.0176706,-2.6633329,-0.58752394,-0.18696257,-0.78731215,0
1.0239666,3.2420845,0.04506731,-0.1343683,0.98197651,-0.13291836,0
-1.1234913,-3.2269104,-0.33200455,0.1343683,-0.98197651,0.13291836,0
3.2460065,-2.2642951,1.8308618,0.58752394,0.18696257,0.78731215,0
1.0685871,3.1574888,2.2150912,0.58752394,0.18696257,0.78731215,0
2.7297273,-0.51679623,2.0625682,0.58752394,0.18696257,0.78731215,0
2.9210868,0.061494112,1.4004929,0.58752394,0.18696257,0.78731215,0
-0.37902021,-3.1896751,-1.3967526,0.1343683,-0.98197651,0.13291836,0
1.5521274,2.199893,1.9217329,0.58752394,0.18696257,0.78731215,0
-1.5486112,2.603862,-0.52919364,-0.1343683,0.98197651,-0.13291836,0
2.6982226,-0.65228665,0.92587656,0.7979728,0.027696967,-0.60205662,0
-2.6443534,2.4962668,-2.0901456,-0.1343683,0.98197651,-0.13291836,0
-0.2629585,3.2197118,0.17444658,-0.1343683,0.98197651,-0.13291836,0
0.86972219,-0.44968385,-1.3536496,0.7979728,0.027696967,-0.60205662,0
0.22702837,2.9230843,-0.97656417,-0.1343683,0.98197651,-0.13291836,0
-0.30774951,-3.0136135,-0.4774735,0.1343683,-0.98197651,0.13291836,0
-2.731775,1.7522893,-0.78828442,-0.7979728,-0.027696967,0.60205662,0
0.015075326,3.0522399,-1.3095629,-0.1343683,0.98197651,-0.13291836,0
-0.84726566,-0.027910829,1.0518458,-0.7979728,-0.027696967,0.60205662,0
-2.2643633,-0.34669971,-0.60367477,-0.7979728,-0.027696967,0.60205662,0
2.7493999,1.6936519,1.2259125,0.58752394,0.18696257,0.78731215,0
0.35517693,0.85089421,-1.6608577,0.7979728,0.027696967,-0.60205662,0
2.9739051,-2.2748644,2.0388508,0.1343683,-0.98197651,0.13291836,0
1.8696563,3.2637372,0.61323023,-0.1343683,0.98197651,-0.13291836,0
1.1816719,3.2937815,2.1806846,0.58752394,0.18696257,0.78731215,0
-1.7484741,-1.0437822,-2.0596685,-0.58752394,-0.18696257,-0.78731215,0
-2.5383959,-3.0234222,-1.2544432,-0.58752394,-0.18696257,-0.78731215,0
1.1294208,-2.2860286,-1.3839343,0.7979728,0.027696967,-0.60205662,0
1.8385365,2.6548071,1.9669815,0.58752394,0.18696257,0.78731215,0
0.79239261,3.4781225,1.2100749,-0.1343683,0.98197651,-0.13291836,0
2.3142245,-2.2810595,2.4974399,0.1343683,-0.98197651,0.13291836,0
-1.1009197,0.82553011,-3.2809684,-0.58752394,-0.18696257,-0.78731215,0
0.57581019,2.6647182,2.542058,0.58752394,0.18696257,0.78731215,0
1.1160328,3.3386214,0.6772089,-0.1343683,0.98197651,-0.13291836,0
-1.8701875,2.563278,-1.3226283,-0.1343683,0.98197651,-0.13291836,0
1.0858767,0.0088365506,3.1848655,0.58752394,0.18696257,0.78731215,0
-0.64135075,2.8892252,-0.16675568,-0.1343683,0.98197651,-0.13291836,0
-1.5620937,2.3968511,-3.0120864,-0.1343683,0.98197651,-0.13291836,0
-2.0274451,-0.13728416,-2.4864874,-0.58752394,-0.18696257,-0.78731215,0
2.041168,1.9908152,0.012541056,0.7979728,0.027696967,-0.60205662,0
-2.4708099,0.35205221,-1.8255099,-0.58752394,-0.18696257,-0.78731215,0
-0.27097249,2.5578976,-2.5389185,-0.1343683,0.98197651,-0.13291836,0
2.1222131,-1.8973042,-0.073105097,0.7979728,0.027696967,-0.60205662,0
-2.2603946,-0.48068583,-2.2088213,-0.58752394,-0.18696257,-0.78731215,0
-1.0360329,0.75538719,-3.2921875,-0.58752394,-0.18696257,-0.78731215,0
-0.52152538,-0.54833877,-3.1141794,-0.58752394,-0.18696257,-0.78731215,0
-1.681118,-2.2395496,-0.16744828,-0.7979728,-0.027696967,0.60205662,0
-1.9205387,2.5873494,-0.049692392,-0.1343683,0.98197651,-0.13291836,0
-1.1057367,-3.4000463,-0.68233705,0.1343683,-0.98197651,0.13291836,0
0.43754247,-2.9311876,-0.38319874,0.1343683,-0.98197651,0.13291836,0
-2.1018682,2.8756976,-0.6431427,-0.1343683,0.98197651,-0.13291836,0
-1.6871152,1.2266009,0.20759016,-0.7979728,-0.027696967,0.60205662,0
2.0204189,-0.38753116,0.13783686,0.7979728,0.027696967,-0.60205662,0
-1.3173523,2.6873627,-0.9178865,-0.1343683,0.98197651,-0.13291836,0
-1.4884514,2.2865362,0.53120255,-0.7979728,-0.027696967,0.60205662,0
-1.9993005,-3.3949304,-1.2315793,0.1343683,-0.98197651,0.13291836,0
-0.37363672,2.8948233,-1.3446887,-0.1343683,0.98197651,-0.13291836,0
1.0324117,3.3827224,1.9841516,0.58752394,0.18696257,0.78731215,0
2.1232088,3.3923728,0.58210468,-0.1343683,0.98197651,-0.13291836,0
-0.8528474,2.5995722,1.7010306,-0.7979728,-0.027696967,0.60205662,0
-0.85920453,-1.9961014,-2.8518386,-0.58752394,-0.18696257,-0.78731215,0
-1.9531215,2.4553585,0.012466669,-0.7979728,-0.027696967,0.60205662,0
2.5372126,2.1952348,1.3654088,0.58752394,0.18696257,0.78731215,0
-2.5436366,2.5045447,-2.2606604,-0.1343683,0.98197651,-0.13291836,0
1.9983718,-2.6538229,-0.095246077,0.1343683,-0.98197651,0.13291836,0
-0.7762897,-3.3459916,-2.6767132,-0.58752394,-0.18696257,-0.78731215,0
2.2215757,-2.2543476,2.7867956,0.58752394,0.18696257,0.78731215,0
-2.9170244,0.39930296,-1.3411417,-0.7979728,-0.027696967,0.60205662,0
-2.0803525,0.90258723,-2.5094218,-0.58752394,-0.18696257,-0.78731215,0
-0.99565554,0.79171091,-3.1746118,-0.58752394,-0.18696257,-0.78731215,0
2.8642793,-1.930968,2.2738388,0.58752394,0.18696257,0.78731215,0
1.4417398,0.62439585,2.4998395,0.58752394,0.18696257,0.78731215,0
-0.97445446,2.9616001,0.68855977,-0.1343683,0.98197651,-0.13291836,0
-1.564389,2.2441258,0.27514839,-0.7979728,-0.027696967,0.60205662,0
-0.58076596,2.8598571,0.16198468,-0.1343683,0.98197651,-0.13291836,0
-2.7105484,-1.0509925,-1.4260461,-0.58752394,-0.18696257,-0.78731215,0
-2.4132562,-2.5674977,-1.52894,-0.58752394,-0.18696257,-0.78731215,0
-1.8876833,-0.67531002,-0.017831445,-0.7979728,-0.027696967,0.60205662,0
0.36632168,3.4526458,1.5971189,-0.1343683,0.98197651,-0.13291836,0
-0.78022552,-2.0267024,-2.9372895,-0.58752394,-0.18696257,-0.78731215,0
0.9342019,-2.8839905,-1.7140483,0.7979728,0.027696967,-0.60205662,0
2.5056896,-1.8616902,0.42855597,0.7979728,0.027696967,-0.60205662,0
-1.6297424,-0.94364226,0.052175283,-0.7979728,-0.027696967,0.60205662,0
-0.31179595,-3.472225,-2.7968676,0.1343683,-0.98197651,0.13291836,0
-0.83509016,0.19367558,-3.341217,0.7979728,0.027696967,-0.60205662,0
-0.60055137,1.8207687,-3.2977328,0.7979728,0.027696967,-0.60205662,0
1.4893173,-2.964869,0.17586541,0.1343683,-0.98197651,0.13291836,0
-1.058233,1.588436,-3.2722631,-0.58752394,-0.18696257,-0.78731215,0
-1.6747367,-3.2098339,-0.088634968,0.1343683,-0.98197651,0.13291836,0
-1.4313492,-3.3421659,-0.92819953,0.1343683,-0.98197651,0.13291836,0
-0.79922014,0.17764652,1.2958629,-0.7979728,-0.027696967,0.60205662,0
2.1484795,-0.83114338,2.495883,0.58752394,0.18696257,0.78731215,0
-1.1609977,-2.4468751,1.0510163,-0.7979728,-0.027696967,0.60205662,0
-2.8109272,0.7051816,-1.4509257,-0.7979728,-0.027696967,0.60205662,0
-2.0329604,-3.2595136,-1.6045048,-0.58752394,-0.18696257,-0.78731215,0
1.0975717,-2.718766,-0.89916372,0.7979728,0.027696967,-0.60205662,0
2.5086396,2.0594511,1.2496022,0.58752394,0.18696257,0.78731215,0
0.42567921,3.5052774,2.4176569,0.58752394,0.18696257,0.78731215,0
-1.4176242,1.717747,0.83179468,-0.7979728,-0.027696967,0.60205662,0
-1.5005789,2.8413603,-1.0088832,-0.1343683,0.98197651,-0.13291836,0
-1.8341644,-1.280742,-2.1633081,-0.58752394,-0.18696257,-0.78731215,0
-2.775569,-1.2243657,-1.0260234,-0.7979728,-0.027696967,0.60205662,0
-2.1160853,0.72090173,-0.14068639,-0.7979728,-0.027696967,0.60205662,0
-1.4028728,-1.5492162,0.40714657,-0.7979728,-0.027696967,0.60205662,0
-0.93388009,0.36219344,-3.0617998,-0.58752394,-0.18696257,-0.78731215,0
0.32252014,-2.6803193,1.124718,0.1343683,-0.98197651,0.13291836,0
-0.26519775,1.9478259,-2.7497261,0.7979728,0.027696967,-0.60205662,0
-1.935813,-1.1117592,-2.1038163,-0.58752394,-0.18696257,-0.78731215,0
-1.0281308,2.7050753,-0.14108706,-0.1343683,0.98197651,-0.13291836,0
0.71514261,-2.6777894,-1.378255,0.7979728,0.027696967,-0.60205662,0
-0.50868559,-0.95136368,-3.2659726,0.7979728,0.027696967,-0.60205662,0
0.28283429,-1.0432583,2.6412134,-0.7979728,-0.027696967,0.60205662,0
1.281958,3.5787325,1.1092119,-0.1343683,0.98197651,-0.13291836,0
0.61048508,0.64274371,3.049736,0.58752394,0.18696257,0.78731215,0
2.395637,-0.19102168,1.8440019,0.58752394,0.18696257,0.78731215,0
-0.65730512,-3.300184,-1.7882545,0.1343683,-0.98197651,0.13291836,0
1.0022635,2.4977448,2.7007828,0.58752394,0.18696257,0.78731215,0
-0.54926729,-3.3216012,-2.2371311,0.1343683,-0.98197651,0.13291836,0
-0.48359942,0.71102309,-2.9632471,0.7979728,0.027696967,-0.60205662,0
1.6466236,0.42104661,2.3807316,0.58752394,0.18696257,0.78731215,0
-1.4815953,2.9644313,0.8965708,-0.7979728,-0.027696967,0.60205662,0
-1.2595152,2.5860319,-0.98877406,-0.1343683,0.98197651,-0.13291836,0
1.597631,-2.2475162,-0.39610922,0.7979728,0.027696967,-0.60205662,0
-2.6179118,1.4956319,-2.2789502,-0.58752394,-0.18696257,-0.78731215,0
0.91914183,-2.5219593,-1.465753,0.7979728,0.027696967,-0.60205662,0
2.2960482,-2.1069412,2.6151066,0.58752394,0.18696257,0.78731215,0
-2.2203188,-0.3644793,-0.37703174,-0.7979728,-0.027696967,0.60205662,0
1.3700566,1.6775398,2.610899,0.58752394,0.18696257,0.78731215,0
-1.8738151,-3.2051485,-1.8337346,-0.58752394,-0.18696257,-0.78731215,0
2.4044967,-1.8808953,0.70914602,0.7979728,0.027696967,-0.60205662,0
-0.20626831,2.8644035,2.4195368,-0.7979728,-0.027696967,0.60205662,0
-1.6275578,2.3089046,-2.4285879,-0.1343683,0.98197651,-0.13291836,0
-1.8025196,2.5768569,-1.384181,-0.1343683,0.98197651,-0.13291836,0
-2.4094582,-3.1547451,-1.407006,-0.58752394,-0.18696257,-0.78731215,0
0.60124791,3.2678616,1.6488534,-0.1343683,0.98197651,-0.13291836,0
