-2.1070783,-3.0756803,-3.1420982,-0.024880886,-0.99595332,-0.086360365,0
-1.5757773,-0.35424244,-0.31562698,-0.95466876,-0.0019610524,0.2976642,0
1.2698994,3.4890635,0.51172757,0.024880886,0.99595332,0.086360365,0
-1.9883943,3.6591115,-1.4703484,-0.95466876,-0.0019610524,0.2976642,0
-0.12219882,1.5999794,4.06918,0.29662898,-0.089851715,0.95075667,0
2.1700625,-3.5315406,1.4567893,0.95466876,0.0019610524,-0.2976642,0
-0.88297379,-0.064413309,1.9204224,-0.95466876,-0.0019610524,0.2976642,0
-2.0525558,2.9546218,-1.5762377,-0.95466876,-0.0019610524,0.2976642,0
-0.5456748,0.65149069,3.2960801,-0.95466876,-0.0019610524,0.2976642,0
1.3228005,1.6911861,-0.20778145,0.95466876,0.0019610524,-0.2976642,0
-1.5164065,3.6604791,-1.6769743,0.024880886,0.99595332,0.086360365,0
-0.088367462,-3.7900772,3.1846735,0.29662898,-0.089851715,0.95075667,0
-2.1514378,-3.3890176,-1.8397576,-0.024880886,-0.99595332,-0.086360365,0
-0.70136642,-3.1940107,-3.7167523,-0.024880886,-0.99595332,-0.086360365,0
0.29911709,2.8273258,3.9308264,0.29662898,-0.089851715,0.95075667,0
-1.4186239,-0.5225293,0.023784965,-0.95466876,-0.0019610524,0.2976642,0
2.0100796,-3.6835661,2.8550296,0.29662898,-0.089851715,0.95075667,0
2.0654063,2.7579467,2.0199907,0.95466876,0.0019610524,-0.2976642,0
-0.97545862,3.6553934,-3.1437263,0.024880886,0.99595332,0.086360365,0
1.7295767,-2.5279069,2.7270396,0.29662898,-0.089851715,0.95075667,0
-0.51783991,3.4625444,1.6920021,0.024880886,0.99595332,0.086360365,0
-1.8906887,-1.0753883,-3.2901556,-0.29662898,0.089851715,-0.95075667,0
0.93095243,-0.89477444,-1.5438859,0.95466876,0.0019610524,-0.2976642,0
-1.4298482,-1.6875334,-3.3597035,-0.29662898,0.089851715,-0.95075667,0
-1.3776345,3.2492585,0.23249853,-0.95466876,-0.0019610524,0.2976642,0
-1.402138,3.5527802,0.3187598,-0.95466876,-0.0019610524,0.2976642,0
-0.92619479,-2.0088198,1.8499938,-0.95466876,-0.0019610524,0.2976642,0
-2.2459795,-1.6346159,-2.7776721,-0.95466876,-0.0019610524,0.2976642,0
-1.0519547,-3.4025254,1.2174933,-0.024880886,-0.99595332,-0.086360365,0
-1.2504828,-3.2260363,-0.78980374,-0.024880886,-0.99595332,-0.086360365,0
-0.22157574,-3.4161363,0.60104716,-0.024880886,-0.99595332,-0.086360365,0
1.8448163,-0.49377286,0.41244709,0.95466876,0.0019610524,-0.2976642,0
-1.7107363,3.5183783,-2.66539,-0.29662898,0.089851715,-0.95075667,0
0.12128723,-2.0315955,3.4782774,0.29662898,-0.089851715,0.95075667,0
0.2343154,-3.4892843,-0.89568949,-0.024880886,-0.99595332,-0.086360365,0
2.0453558,2.6230905,3.4598365,0.29662898,-0.089851715,0.95075667,0
-1.4690874,0.855515,0.098708749,-0.95466876,-0.0019610524,0.2976642,0
-0.28698301,-3.4623182,0.97417939,-0.024880886,-0.99595332,-0.086360365,0
-1.3123248,2.3155742,-3.0915916,-0.29662898,0.089851715,-0.95075667,0
0.091028333,0.64151704,3.56517,0.29662898,-0.089851715,0.95075667,0
-0.32013011,2.6794698,-3.3665829,-0.29662898,0.089851715,-0.95075667,0
-2.150511,-0.73827213,-3.2380624,-0.29662898,0.089851715,-0.95075667,0
0.3505863,0.78227198,3.7349255,0.29662898,-0.089851715,0.95075667,0
2.251514,-0.84934723,2.0132861,0.95466876,0.0019610524,-0.2976642,0
1.3436286,-2.2557187,2.9759107,0.29662898,-0.089851715,0.95075667,0
1.2524223,-3.1977191,-0.88127977,0.95466876,0.0019610524,-0.2976642,0
0.60379004,2.5731626,-3.5438883,0.95466876,0.0019610524,-0.2976642,0
-1.1398313,-3.3993101,-0.67753279,-0.024880886,-0.99595332,-0.086360365,0
1.0522344,3.6631761,0.061889142,0.024880886,0.99595332,0.086360365,0
1.4048939,3.4562817,0.59744215,0.024880886,0.99595332,0.086360365,0
0.026072979,1.9240953,-3.3995464,-0.29662898,0.089851715,-0.95075667,0
-0.38728094,0.4460268,3.6710694,0.29662898,-0.089851715,0.95075667,0
2.3000226,-0.82871234,1.7180464,0.95466876,0.0019610524,-0.2976642,0
-1.9660017,2.4945951,-2.6967854,-0.29662898,0.089851715,-0.95075667,0
1.3381803,-3.9587958,2.5761404,-0.024880886,-0.99595332,-0.086360365,0
1.1092272,0.28016961,-1.1872348,0.95466876,0.0019610524,-0.2976642,0
1.443403,0.44980401,3.2118986,0.29662898,-0.089851715,0.95075667,0
-0.70439208,-2.2329636,3.2315021,-0.95466876,-0.0019610524,0.2976642,0
-2.0730319,-2.2637315,-1.8419789,-0.95466876,-0.0019610524,0.2976642,0
1.8196678,-1.4045899,0.9993639,0.95466876,0.0019610524,-0.2976642,0
2.4924829,-2.4612317,2.3474982,0.95466876,0.0019610524,-0.2976642,0
0.42213964,3.8668251,-3.4055169,0.024880886,0.99595332,0.086360365,0
-0.80642915,2.6068819,3.0807571,-0.95466876,-0.0019610524,0.2976642,0
1.0914541,-1.1915679,3.3858457,0.29662898,-0.089851715,0.95075667,0
-1.4593937,0.11000133,0.82721692,-0.95466876,-0.0019610524,0.2976642,0
-2.3413916,1.6387939,-2.8758769,-0.95466876,-0.0019610524,0.2976642,0
-0.0015039444,3.2516437,-3.4989848,-0.29662898,0.089851715,-0.95075667,0
-1.9361007,2.9858303,-0.78983498,-0.95466876,-0.0019610524,0.2976642,0
0.20555949,0.26158845,3.8478467,0.29662898,-0.089851715,0.95075667,0
-1.5048995,-0.55172193,0.32562864,-0.95466876,-0.0019610524,0.2976642,0
-1.3806911,3.1359189,-2.8071997,-0.29662898,0.089851715,-0.95075667,0
-2.4373689,-0.17231429,-2.9856749,-0.29662898,0.089851715,-0.95075667,0
-1.3206215,-2.6266932,-3.6138594,-0.29662898,0.089851715,-0.95075667,0
0.31757647,-1.7352377,3.620647,0.29662898,-0.089851715,0.95075667,0
1.1925447,3.5743892,0.17475557,0.024880886,0.99595332,0.086360365,0
-1.403842,-3.2056165,-1.9602147,-0.024880886,-0.99595332,-0.086360365,0
0.8834492,-1.0272905,-1.7195399,0.95466876,0.0019610524,-0.2976642,0
1.5562961,3.0428863,2.9958086,0.024880886,0.99595332,0.086360365,0
-0.91043806,-3.6825726,0.35222894,-0.024880886,-0.99595332,-0.086360365,0
0.63975525,-3.5194838,0.20000315,-0.024880886,-0.99595332,-0.086360365,0
-2.0380785,2.6648281,-1.6475246,-0.95466876,-0.0019610524,0.2976642,0
1.0163264,-0.17976728,3.2920942,0.29662898,-0.089851715,0.95075667,0
1.4543438,-3.1837709,0.097120166,0.95466876,0.0019610524,-0.2976642,0
1.0551364,3.2612002,-1.0054729,0.95466876,0.0019610524,-0.2976642,0
-1.9445124,-2.1531649,-1.5089444,-0.95466876,-0.0019610524,0.2976642,0
-2.3380551,-2.1842108,-3.2495944,-0.29662898,0.089851715,-0.95075667,0
1.6388948,3.5117214,1.5556172,0.024880886,0.99595332,0.086360365,0
-0.14463198,-0.19436181,-3.8385534,-0.29662898,0.089851715,-0.95075667,0
-1.779588,3.5635812,-1.9988768,0.024880886,0.99595332,0.086360365,0
0.69092679,-3.5802796,2.6161926,-0.024880886,-0.99595332,-0.086360365,0
2.4737735,0.70742971,3.0538073,0.29662898,-0.089851715,0.95075667,0
-0.97826672,-1.4009426,2.1996689,-0.95466876,-0.0019610524,0.2976642,0
-1.8602021,2.6156957,-1.2889202,-0.95466876,-0.0019610524,0.2976642,0
-1.4689598,-3.316709,-1.4792719,-0.024880886,-0.99595332,-0.086360365,0
0.18394136,-3.6050386,1.1652334,-0.024880886,-0.99595332,-0.086360365,0
2.186162,0.17394006,1.5339262,0.95466876,0.0019610524,-0.2976642,0
0.7974031,1.9353495,3.514457,0.29662898,-0.089851715,0.95075667,0
1.2909067,-3.5973744,2.9990492,0.29662898,-0.089851715,0.95075667,0
-1.7712564,-0.15802956,-0.064212203,-0.95466876,-0.0019610524,0.2976642,0
0.46586394,3.2743773,1.5350652,0.024880886,0.99595332,0.086360365,0
-0.86456048,-1.0301892,2.0657992,-0.95466876,-0.0019610524,0.2976642,0
0.18834972,-1.6828029,-4.0806885,-0.29662898,0.089851715,-0.95075667,0
-2.0975351,-3.0242953,-2.9227507,-0.024880886,-0.99595332,-0.086360365,0
2.2165935,0.73884583,1.6786225,0.95466876,0.0019610524,-0.2976642,0
-0.20419502,-3.4550071,-2.8151264,-0.024880886,-0.99595332,-0.086360365,0
-1.399781,3.0498252,-3.1493163,-0.29662898,0.089851715,-0.95075667,0
-0.43781328,-3.5206735,2.4430711,-0.024880886,-0.99595332,-0.086360365,0
-1.2860103,-2.6654797,1.4714388,-0.95466876,-0.0019610524,0.2976642,0
-2.4245543,-0.35635543,-3.1113095,-0.29662898,0.089851715,-0.95075667,0
-1.833638,3.6351709,-0.16617417,-0.95466876,-0.0019610524,0.2976642,0
0.62367058,-3.6292636,-0.77916825,-0.024880886,-0.99595332,-0.086360365,0
1.0852315,3.3807263,-0.14335376,0.024880886,0.99595332,0.086360365,0
0.75335872,1.296154,3.5908706,0.29662898,-0.089851715,0.95075667,0
0.053312302,-2.3618958,-3.7521131,-0.29662898,0.089851715,-0.95075667,0
2.5254669,2.823019,2.6906755,0.95466876,0.0019610524,-0.2976642,0
-0.40937066,3.8708377,-2.0707433,0.024880886,0.99595332,0.086360365,0
0.84019685,-3.4021544,0.27748322,-0.024880886,-0.99595332,-0.086360365,0
-2.1970019,-1.4846704,-2.5919998,-0.95466876,-0.0019610524,0.2976642,0
-0.82223654,-2.5944018,-3.6829627,-0.29662898,0.089851715,-0.95075667,0
-0.43824244,3.6488376,0.85784996,0.024880886,0.99595332,0.086360365,0
-2.142216,-0.16797352,-1.6158733,-0.95466876,-0.0019610524,0.2976642,0
-0.55339932,1.3104873,3.1510975,-0.95466876,-0.0019610524,0.2976642,0
1.8805768,1.3612975,1.3119612,0.95466876,0.0019610524,-0.2976642,0
0.15352547,-2.2383897,3.4051852,0.29662898,-0.089851715,0.95075667,0
0.55609894,-3.3598428,-3.4531307,-0.024880886,-0.99595332,-0.086360365,0
-1.0305755,-3.3680458,1.061483,-0.95466876,-0.0019610524,0.2976642,0
-1.4539804,0.47136819,-3.3828733,-0.29662898,0.089851715,-0.95075667,0
-0.27305579,3.4945965,-1.3879719,0.024880886,0.99595332,0.086360365,0
-0.4327991,3.3479037,2.5450726,0.024880886,0.99595332,0.086360365,0
-0.97853732,-3.8547015,2.0141346,-0.024880886,-0.99595332,-0.086360365,0
2.179811,0.61557811,1.4701457,0.95466876,0.0019610524,-0.2976642,0
-0.41060394,0.60561508,-3.3428211,-0.29662898,0.089851715,-0.95075667,0
-1.0556264,3.4099524,-0.55492878,0.024880886,0.99595332,0.086360365,0
0.7972579,3.3421001,0.68554258,0.024880886,0.99595332,0.086360365,0
-1.9996679,0.059983373,-1.3663831,-0.95466876,-0.0019610524,0.2976642,0
-1.4928296,-0.47631729,-0.070445776,-0.95466876,-0.0019610524,0.2976642,0
0.31765938,1.6626439,-3.4435611,0.95466876,0.0019610524,-0.2976642,0
-1.7211065,-0.3240447,-0.44452965,-0.95466876,-0.0019610524,0.2976642,0
-1.6503266,0.23042369,-0.6301949,-0.95466876,-0.0019610524,0.2976642,0
1.2462509,-1.3510437,-0.53203869,0.95466876,0.0019610524,-0.2976642,0
-1.3985801,-2.5529485,-3.3389595,-0.29662898,0.089851715,-0.95075667,0
2.1962149,0.95625645,2.8992891,0.29662898,-0.089851715,0.95075667,0
-0.92394733,3.6002493,1.5085496,0.024880886,0.99595332,0.086360365,0
-1.3194914,-1.1541843,-3.2215559,-0.29662898,0.089851715,-0.95075667,0
-0.63467383,3.3099802,0.80655009,0.024880886,0.99595332,0.086360365,0
-0.51391506,3.6018507,-0.82193208,0.024880886,0.99595332,0.086360365,0
1.0040028,3.5921149,-1.0727811,0.024880886,0.99595332,0.086360365,0
1.2680122,-0.93769825,3.122894,0.29662898,-0.089851715,0.95075667,0
0.38113856,-1.0474765,-4.0518212,-0.29662898,0.089851715,-0.95075667,0
1.194397,-3.6986697,2.207402,-0.024880886,-0.99595332,-0.086360365,0
0.39070868,3.8069944,-2.0274863,0.024880886,0.99595332,0.086360365,0
-2.0458236,-3.2581193,-1.5967191,-0.95466876,-0.0019610524,0.2976642,0
0.072211266,-3.7330399,3.2970562,0.29662898,-0.089851715,0.95075667,0
-0.66758966,3.5779235,-2.1788497,0.024880886,0.99595332,0.086360365,0
1.4923809,0.84869659,0.10089397,0.95466876,0.0019610524,-0.2976642,0
-0.36748272,-1.0661281,3.734983,0.29662898,-0.089851715,0.95075667,0
1.5191171,3.5915647,0.26010752,0.024880886,0.99595332,0.086360365,0
-1.4260142,3.8898201,-2.7693467,0.024880886,0.99595332,0.086360365,0
1.7193669,3.1097102,0.99398172,0.95466876,0.0019610524,-0.2976642,0
-1.0192475,3.4357276,0.72676355,0.024880886,0.99595332,0.086360365,0
-0.70261097,1.9265726,3.2739766,-0.95466876,-0.0019610524,0.2976642,0
-1.802321,-1.4859084,-3.3416126,-0.29662898,0.089851715,-0.95075667,0
0.41011313,1.5738442,-3.6258566,0.95466876,0.0019610524,-0.2976642,0
-1.8517051,1.6090527,-1.3267174,-0.95466876,-0.0019610524,0.2976642,0
1.5846319,-3.6600387,2.7501841,-0.024880886,-0.99595332,-0.086360365,0
1.5606349,-3.6908195,2.3535473,-0.024880886,-0.99595332,-0.086360365,0
0.068569422,-3.5757766,-0.16877562,-0.024880886,-0.99595332,-0.086360365,0
0.39006901,3.5249355,2.0316572,0.024880886,0.99595332,0.086360365,0
-1.2273507,-3.5457788,1.0406129,-0.95466876,-0.0019610524,0.2976642,0
-2.2418027,2.9236557,-2.4153671,-0.95466876,-0.0019610524,0.2976642,0
2.3896136,-1.8896384,2.8229442,0.29662898,-0.089851715,0.95075667,0
0.71078694,3.1768422,-2.3892503,0.95466876,0.0019610524,-0.2976642,0
1.9457289,-2.0226049,1.5377901,0.95466876,0.0019610524,-0.2976642,0
2.2509451,-3.8302755,2.6259389,0.29662898,-0.089851715,0.95075667,0
0.71527839,2.7070591,3.8939552,0.29662898,-0.089851715,0.95075667,0
0.64994097,-3.2191617,3.2782102,0.29662898,-0.089851715,0.95075667,0
1.8563006,3.3934052,2.1438947,0.024880886,0.99595332,0.086360365,0
-0.39591002,3.6881101,-0.93870473,0.024880886,0.99595332,0.086360365,0
-0.52700686,-3.1874111,-3.1418147,-0.024880886,-0.99595332,-0.086360365,0
0.52630568,0.45784879,3.4606125,0.29662898,-0.089851715,0.95075667,0
-0.10983229,2.8626747,-3.4554172,-0.29662898,0.089851715,-0.95075667,0
-0.99081302,-0.33891952,-3.6024857,-0.29662898,0.089851715,-0.95075667,0
1.6824656,1.570236,0.43656087,0.95466876,0.0019610524,-0.2976642,0
-0.097873688,-2.5769582,-4.0610456,-0.29662898,0.089851715,-0.95075667,0
1.3436563,2.1973281,-0.34903771,0.95466876,0.0019610524,-0.2976642,0
1.0785795,1.4047384,3.2815168,0.29662898,-0.089851715,0.95075667,0
1.8769829,1.3335141,0.37301666,0.95466876,0.0019610524,-0.2976642,0
0.3272711,0.63544679,3.5266166,0.29662898,-0.089851715,0.95075667,0
-0.044134855,-1.3091408,-3.8217139,-0.29662898,0.089851715,-0.95075667,0
0.38668537,-3.168263,3.225476,0.29662898,-0.089851715,0.95075667,0
-1.5878561,2.5344794,-3.1200018,-0.29662898,0.089851715,-0.95075667,0
-1.6722939,0.41370106,-0.16811526,-0.95466876,-0.0019610524,0.2976642,0
-0.89576626,-2.3023868,2.3348475,-0.95466876,-0.0019610524,0.2976642,0
0.55634499,-3.4095833,-0.74482465,-0.024880886,-0.99595332,-0.086360365,0
2.3523858,3.2236221,2.9717329,0.024880886,0.99595332,0.086360365,0
0.61444694,2.22208,-3.1008704,0.95466876,0.0019610524,-0.2976642,0
-1.5445936,-3.0811524,-2.3044426,-0.024880886,-0.99595332,-0.086360365,0
-1.2653058,3.5336447,1.2819829,0.024880886,0.99595332,0.086360365,0
0.9994297,1.7494476,3.5988646,0.29662898,-0.089851715,0.95075667,0
-1.1427765,0.85721231,1.7778417,-0.95466876,-0.0019610524,0.2976642,0
-0.40529919,3.5762923,-0.23803771,0.024880886,0.99595332,0.086360365,0
-0.83918262,-3.4539418,0.52806711,-0.024880886,-0.99595332,-0.086360365,0
-0.052753687,-3.3421621,-2.6135137,-0.024880886,-0.99595332,-0.086360365,0
1.3800147,-0.19303966,-1.1948907,0.95466876,0.0019610524,-0.2976642,0
-0.39245594,-0.60240841,-3.7850318,-0.29662898,0.089851715,-0.95075667,0
0.4071362,-3.5748703,1.5106699,-0.024880886,-0.99595332,-0.086360365,0
1.9879476,3.0284896,1.1177725,0.95466876,0.0019610524,-0.2976642,0
2.1420519,0.87771708,1.1779668,0.95466876,0.0019610524,-0.2976642,0
-0.22242284,3.1836138,2.7953005,0.024880886,0.99595332,0.086360365,0
0.76721096,3.2965918,0.084963769,0.024880886,0.99595332,0.086360365,0
-2.2123711,-3.366714,-2.5369403,-0.024880886,-0.99595332,-0.086360365,0
-0.81775355,-3.1399381,-3.7611289,-0.024880886,-0.99595332,-0.086360365,0
-1.4651661,2.6007116,-2.8909659,-0.29662898,0.089851715,-0.95075667,0
0.82231385,-1.8844931,3.3964684,0.29662898,-0.089851715,0.95075667,0
0.46624851,-3.1199272,-2.9347274,-0.024880886,-0.99595332,-0.086360365,0
1.6893103,1.8913444,3.3374958,0.29662898,-0.089851715,0.95075667,0
-2.2584753,-1.3045899,-3.2599208,-0.29662898,0.089851715,-0.95075667,0
-0.41952538,3.1547837,-3.1978521,-0.29662898,0.089851715,-0.95075667,0
1.1190393,-1.1169313,-1.527645,0.95466876,0.0019610524,-0.2976642,0
-0.35557628,2.8379197,3.5117362,-0.95466876,-0.0019610524,0.2976642,0
-1.9884562,3.67063,-1.7155073,0.024880886,0.99595332,0.086360365,0
-0.66912204,-0.14600253,2.6230559,-0.95466876,-0.0019610524,0.2976642,0
2.4010625,0.31765816,3.102828,0.29662898,-0.089851715,0.95075667,0
-0.59311342,3.4770315,0.94259465,0.024880886,0.99595332,0.086360365,0
2.0769842,-2.1845424,2.7224746,0.29662898,-0.089851715,0.95075667,0
-0.1118753,3.7720613,-1.7851295,0.024880886,0.99595332,0.086360365,0
1.5092419,3.6224568,-0.5190506,0.024880886,0.99595332,0.086360365,0
2.0034485,1.4429837,3.1347673,0.29662898,-0.089851715,0.95075667,0
-2.1678121,-1.9682807,-2.2885585,-0.95466876,-0.0019610524,0.2976642,0
0.40165377,0.023850679,3.6217489,0.29662898,-0.089851715,0.95075667,0
-0.61674941,-1.1125045,3.5723391,-0.95466876,-0.0019610524,0.2976642,0
0.030567646,1.2174342,3.98086,0.29662898,-0.089851715,0.95075667,0
-0.084649324,-1.6131518,-3.6237931,-0.29662898,0.089851715,-0.95075667,0
-1.824962,1.6352973,-2.759141,-0.29662898,0.089851715,-0.95075667,0
-0.49881911,3.5205293,0.0019643307,0.024880886,0.99595332,0.086360365,0
1.6061566,0.86913991,0.19409508,0.95466876,0.0019610524,-0.2976642,0
0.12160683,-3.776818,1.3301775,-0.024880886,-0.99595332,-0.086360365,0
2.18262,0.50699198,2.9093733,0.29662898,-0.089851715,0.95075667,0
-0.90475386,-0.20878029,-3.4411931,-0.29662898,0.089851715,-0.95075667,0
2.1103239,1.8892524,3.2097645,0.29662898,-0.089851715,0.95075667,0
-0.16407228,-3.796356,2.696007,-0.024880886,-0.99595332,-0.086360365,0
-2.4930315,-3.2660687,-2.516001,-0.95466876,-0.0019610524,0.2976642,0
-1.1685299,-1.1284763,1.5581809,-0.95466876,-0.0019610524,0.2976642,0
-2.3738391,-1.0915434,-2.7199554,-0.95466876,-0.0019610524,0.2976642,0
0.72989368,2.6374152,3.6580327,0.29662898,-0.089851715,0.95075667,0
1.5469966,1.482748,3.2496603,0.29662898,-0.089851715,0.95075667,0
-0.62919617,-2.8157885,-3.9123635,-0.29662898,0.089851715,-0.95075667,0
-0.77194512,-3.0917945,2.0092978,-0.95466876,-0.0019610524,0.2976642,0
2.1073813,-0.081293613,3.0420351,0.29662898,-0.089851715,0.95075667,0
-1.5608981,0.13187023,-3.0441034,-0.29662898,0.089851715,-0.95075667,0
-1.5104949,3.6890352,-2.2907908,0.024880886,0.99595332,0.086360365,0
0.076682687,-2.3042262,3.5141499,0.29662898,-0.089851715,0.95075667,0
1.7728829,-2.0415072,0.12014854,0.95466876,0.0019610524,-0.2976642,0
-2.3315301,-2.7764473,-2.1116953,-0.95466876,-0.0019610524,0.2976642,0
-0.32135582,2.592278,3.409656,-0.95466876,-0.0019610524,0.2976642,0
-0.93847674,0.79558212,-3.5034332,-0.29662898,0.089851715,-0.95075667,0
2.288938,3.17805,1.9498947,0.95466876,0.0019610524,-0.2976642,0
-1.9865153,-0.24207415,-2.8989451,-0.29662898,0.089851715,-0.95075667,0
-0.46043563,1.318812,2.9305267,-0.95466876,-0.0019610524,0.2976642,0
-1.4133987,1.5439779,-3.0031052,-0.29662898,0.089851715,-0.95075667,0
0.52064967,3.0074565,-2.7275901,0.95466876,0.0019610524,-0.2976642,0
-1.1206882,3.7716501,-1.4962494,0.024880886,0.99595332,0.086360365,0
0.42796373,-3.6322551,3.1268806,-0.024880886,-0.99595332,-0.086360365,0
-2.2931519,2.2065988,-2.5757151,-0.29662898,0.089851715,-0.95075667,0
0.69323087,3.7537107,-1.4585555,0.024880886,0.99595332,0.086360365,0
0.56324983,2.6806986,3.8296981,0.29662898,-0.089851715,0.95075667,0
-0.97078228,3.5723011,-0.041367292,0.024880886,0.99595332,0.086360365,0
0.33357859,3.3891358,-0.19740051,0.024880886,0.99595332,0.086360365,0
-0.53456521,3.7307169,-1.8247275,0.024880886,0.99595332,0.086360365,0
-1.6388383,-2.6652517,-0.81889641,-0.95466876,-0.0019610524,0.2976642,0
-1.0490353,3.2154064,1.9131935,0.024880886,0.99595332,0.086360365,0
-0.36265135,-3.3385377,-4.041224,-0.024880886,-0.99595332,-0.086360365,0
0.24981117,3.6301773,0.33749321,0.024880886,0.99595332,0.086360365,0
1.2855408,-2.275979,3.2095151,0.29662898,-0.089851715,0.95075667,0
0.55814958,-0.4509775,3.5898318,0.29662898,-0.089851715,0.95075667,0
-0.7117455,1.4613782,2.339452,-0.95466876,-0.0019610524,0.2976642,0
-2.3977702,-1.3278397,-3.0332968,-0.29662898,0.089851715,-0.95075667,0
0.45128834,0.76161146,-3.5399714,0.95466876,0.0019610524,-0.2976642,0
-2.4115627,-0.7552582,-2.0653424,-0.95466876,-0.0019610524,0.2976642,0
-1.8190722,0.33956093,-2.9095232,-0.29662898,0.089851715,-0.95075667,0
-1.6602278,-3.2580037,-2.0840316,-0.024880886,-0.99595332,-0.086360365,0
0.75454772,2.5030138,-2.6224945,0.95466876,0.0019610524,-0.2976642,0
0.76000333,-2.5753808,-2.2679665,0.95466876,0.0019610524,-0.2976642,0
-1.7465999,-0.47415197,-0.055921316,-0.95466876,-0.0019610524,0.2976642,0
-2.2041569,3.8295686,-2.7587028,-0.29662898,0.089851715,-0.95075667,0
-0.42934489,-0.50486016,3.9261851,0.29662898,-0.089851715,0.95075667,0
0.37526286,2.9655335,-3.4930191,-0.29662898,0.089851715,-0.95075667,0
-1.0268703,3.3419771,0.074841499,0.024880886,0.99595332,0.086360365,0
-1.9495933,0.11248022,-2.9890399,-0.29662898,0.089851715,-0.95075667,0
-1.5023532,2.418813,-2.9614885,-0.29662898,0.089851715,-0.95075667,0
0.62426019,-1.2054605,-3.5702605,0.95466876,0.0019610524,-0.2976642,0
-1.9424181,3.6942546,-1.8767774,0.024880886,0.99595332,0.086360365,0
-2.1711771,-0.02852416,-1.9142604,-0.95466876,-0.0019610524,0.2976642,0
0.92041504,1.817358,-2.1514146,0.95466876,0.0019610524,-0.2976642,0
0.16010666,3.4259734,-3.3598065,-0.29662898,0.089851715,-0.95075667,0
1.5022352,2.1073754,3.3816895,0.29662898,-0.089851715,0.95075667,0
-0.014770031,-3.4466708,-1.8189343,-0.024880886,-0.99595332,-0.086360365,0
1.5821204,-3.3907266,0.10965359,0.95466876,0.0019610524,-0.2976642,0
0.039865017,-3.2555261,-0.80901146,-0.024880886,-0.99595332,-0.086360365,0
1.9521255,3.4263821,2.4991965,0.024880886,0.99595332,0.086360365,0
-0.20796847,-3.6895878,-0.18886,-0.024880886,-0.99595332,-0.086360365,0
-1.3201979,-1.9810002,0.77702689,-0.95466876,-0.0019610524,0.2976642,0
-0.2621181,3.5489533,-0.3119247,0.024880886,0.99595332,0.086360365,0
-0.33464932,3.7594249,-0.70824873,0.024880886,0.99595332,0.086360365,0
-0.93308139,0.2084235,-3.3423927,-0.29662898,0.089851715,-0.95075667,0
2.1413014,1.5217657,3.083636,0.29662898,-0.089851715,0.95075667,0
-1.271394,-3.2639217,-2.905432,-0.024880886,-0.99595332,-0.086360365,0
2.1787889,1.6165376,3.280365,0.29662898,-0.089851715,0.95075667,0
1.1602937,0.8707307,-1.3994066,0.95466876,0.0019610524,-0.2976642,0
-1.4788382,1.0531068,-0.15365779,-0.95466876,-0.0019610524,0.2976642,0
0.91411406,1.4267066,-2.7095923,0.95466876,0.0019610524,-0.2976642,0
0.37355137,3.3892422,-3.5262208,-0.29662898,0.089851715,-0.95075667,0
-0.15903592,-3.4948545,0.4507823,-0.024880886,-0.99595332,-0.086360365,0
1.8582565,-0.44736278,0.7190994,0.95466876,0.0019610524,-0.2976642,0
0.085402489,3.3856065,0.30492374,0.024880886,0.99595332,0.086360365,0
2.2848036,3.0585876,3.0126102,0.024880886,0.99595332,0.086360365,0
0.47130084,-2.8119469,-3.3575733,0.95466876,0.0019610524,-0.2976642,0
-1.2474933,3.6763504,-0.22515273,0.024880886,0.99595332,0.086360365,0
2.2541218,0.2666015,2.9489965,0.29662898,-0.089851715,0.95075667,0
2.3130672,1.0902189,1.7706754,0.95466876,0.0019610524,-0.2976642,0
0.16885972,3.2442367,2.9117599,0.024880886,0.99595332,0.086360365,0
-1.9003928,-1.863457,-1.7219602,-0.95466876,-0.0019610524,0.2976642,0
-0.15912509,-3.7157211,1.2131753,-0.024880886,-0.99595332,-0.086360365,0
-0.022540331,-3.334182,-0.85955727,-0.024880886,-0.99595332,-0.086360365,0
-1.1921124,3.0430281,1.8279144,-0.95466876,-0.0019610524,0.2976642,0
1.5034697,0.34314704,-0.86875379,0.95466876,0.0019610524,-0.2976642,0
-1.6784847,-0.29026154,-3.0683122,-0.29662898,0.089851715,-0.95075667,0
-0.43675351,3.7245226,-0.32000661,0.024880886,0.99595332,0.086360365,0
-1.2709346,-0.73552573,1.4018784,-0.95466876,-0.0019610524,0.2976642,0
-0.17222548,3.570786,-0.65271282,0.024880886,0.99595332,0.086360365,0
-0.58317423,2.8024096,2.7102294,-0.95466876,-0.0019610524,0.2976642,0
-0.87383658,0.63262099,-3.2934914,-0.29662898,0.089851715,-0.95075667,0
-0.23868674,1.636065,-3.3995485,-0.29662898,0.089851715,-0.95075667,0
1.627937,0.038334444,2.986284,0.29662898,-0.089851715,0.95075667,0
1.3953753,-2.1066594,-0.79790288,0.95466876,0.0019610524,-0.2976642,0
-0.24107218,-3.3241842,-0.8941251,-0.024880886,-0.99595332,-0.086360365,0
-1.4138248,3.8016753,-2.5686295,0.024880886,0.99595332,0.086360365,0
1.5953445,1.5695978,3.404283,0.29662898,-0.089851715,0.95075667,0
-2.0832806,-0.12991166,-2.2824361,-0.95466876,-0.0019610524,0.2976642,0
-0.39434254,-2.4068756,3.472131,0.29662898,-0.089851715,0.95075667,0
0.89449096,-3.6578767,1.6787975,-0.024880886,-0.99595332,-0.086360365,0
-1.3876643,-0.50176269,-3.1745684,-0.29662898,0.089851715,-0.95075667,0
0.57749009,2.9630098,-3.2471895,0.95466876,0.0019610524,-0.2976642,0
0.17213392,3.7308986,-0.61237681,0.024880886,0.99595332,0.086360365,0
-0.21818519,-1.1210896,-3.87832,-0.29662898,0.089851715,-0.95075667,0
0.87682533,0.19504833,3.2566612,0.29662898,-0.089851715,0.95075667,0
0.16758323,-3.0928607,3.4676378,0.29662898,-0.089851715,0.95075667,0
-0.15133762,-3.7858038,2.8791711,-0.024880886,-0.99595332,-0.086360365,0
2.1219783,2.4011393,1.380823,0.95466876,0.0019610524,-0.2976642,0
0.47147554,1.2509681,-3.5740955,0.95466876,0.0019610524,-0.2976642,0
-0.26549816,-2.5792592,3.6385748,0.29662898,-0.089851715,0.95075667,0
1.6010647,-3.6074455,0.38558865,0.95466876,0.0019610524,-0.2976642,0
-1.6444985,1.6175494,0.22396803,-0.95466876,-0.0019610524,0.2976642,0
1.0815034,-3.7152939,1.0914052,-0.024880886,-0.99595332,-0.086360365,0
1.1110266,2.9832759,-1.4919854,0.95466876,0.0019610524,-0.2976642,0
-1.4424127,-3.4540095,0.45591104,-0.024880886,-0.99595332,-0.086360365,0
-1.5527442,3.409339,0.33299839,0.024880886,0.99595332,0.086360365,0
-0.12962198,-3.5597596,-0.70395482,-0.024880886,-0.99595332,-0.086360365,0
-1.1386075,-2.3685894,-3.5690904,-0.29662898,0.089851715,-0.95075667,0
-0.29784489,-3.436259,0.10995805,-0.024880886,-0.99595332,-0.086360365,0
2.4829235,3.1222177,3.349956,0.024880886,0.99595332,0.086360365,0
0.96821523,3.2180748,3.0428977,0.024880886,0.99595332,0.086360365,0
2.1269186,-1.1584561,2.7295578,0.29662898,-0.089851715,0.95075667,0
-0.045753002,-3.9744766,3.2391233,-0.024880886,-0.99595332,-0.086360365,0
2.0240054,-3.2087345,2.8677435,0.29662898,-0.089851715,0.95075667,0
-0.83106613,1.803777,2.8387899,-0.95466876,-0.0019610524,0.2976642,0
-1.8671409,-2.6201074,-3.5317671,-0.29662898,0.089851715,-0.95075667,0
1.4207909,-3.6514909,0.53913188,-0.024880886,-0.99595332,-0.086360365,0
0.17482829,3.1401424,3.3548248,0.024880886,0.99595332,0.086360365,0
-0.80346107,2.6625786,1.9132837,-0.95466876,-0.0019610524,0.2976642,0
0.38560486,3.2466006,-3.3119478,-0.29662898,0.089851715,-0.95075667,0
1.8962719,3.445612,2.1248298,0.024880886,0.99595332,0.086360365,0
0.10667992,-3.5663681,-1.076148,-0.024880886,-0.99595332,-0.086360365,0
-0.85112739,3.3854892,-0.032102466,0.024880886,0.99595332,0.086360365,0
-1.270354,-3.2499077,-1.9224097,-0.024880886,-0.99595332,-0.086360365,0
1.2565525,-0.10535434,3.2939324,0.29662898,-0.089851715,0.95075667,0
0.89956117,-3.0763824,3.1004305,0.29662898,-0.089851715,0.95075667,0
-1.8871331,2.5181639,-2.662801,-0.29662898,0.089851715,-0.95075667,0
-1.955828,-3.2864504,-3.5113041,-0.29662898,0.089851715,-0.95075667,0
0.70429921,3.3300192,3.2270932,0.024880886,0.99595332,0.086360365,0
-1.3766673,3.1153991,-3.0701313,-0.29662898,0.089851715,-0.95075667,0
-2.2634816,-0.24523044,-2.010942,-0.95466876,-0.0019610524,0.2976642,0
-1.731431,3.6109738,-0.37712002,0.024880886,0.99595332,0.086360365,0
-0.77044582,3.1701245,-3.2516041,-0.29662898,0.089851715,-0.95075667,0
2.0914929,-3.1491127,1.1875308,0.95466876,0.0019610524,-0.2976642,0
-0.24535871,-3.4538224,1.3066896,-0.024880886,-0.99595332,-0.086360365,0
-0.8700788,2.5053577,1.8595631,-0.95466876,-0.0019610524,0.2976642,0
-1.7655792,-1.8000743,-1.0431063,-0.95466876,-0.0019610524,0.2976642,0
1.8858774,-1.0754688,2.8267362,0.29662898,-0.089851715,0.95075667,0
0.46653128,3.6986084,-3.2455926,0.024880886,0.99595332,0.086360365,0
0.074169636,3.3895164,3.2355266,0.024880886,0.99595332,0.086360365,0
-1.4503185,2.5939701,-2.8315399,-0.29662898,0.089851715,-0.95075667,0
0.99170256,-3.5967283,0.28770065,-0.024880886,-0.99595332,-0.086360365,0
-0.22802567,3.4501629,-0.44341719,0.024880886,0.99595332,0.086360365,0
0.1883533,3.5134473,-2.0214417,0.024880886,0.99595332,0.086360365,0
-0.29671574,2.1221457,-3.560817,-0.29662898,0.089851715,-0.95075667,0
-1.9404775,-0.33326411,-1.2078226,-0.95466876,-0.0019610524,0.2976642,0
-2.2424452,-1.4513803,-2.4118161,-0.95466876,-0.0019610524,0.2976642,0
-0.46822882,3.0854616,3.1586561,0.024880886,0.99595332,0.086360365,0
-0.59027481,-0.136338,-3.6261275,-0.29662898,0.089851715,-0.95075667,0
1.3792975,-0.78487718,-0.39301991,0.95466876,0.0019610524,-0.2976642,0
1.4525462,1.9194797,-0.41199112,0.95466876,0.0019610524,-0.2976642,0
0.68453181,-0.66232884,3.6099763,0.29662898,-0.089851715,0.95075667,0
-2.3446441,-1.5744874,-3.0467951,-0.29662898,0.089851715,-0.95075667,0
-1.3625772,3.4720221,-1.3355761,0.024880886,0.99595332,0.086360365,0
1.2807381,-1.9049865,2.9003735,0.29662898,-0.089851715,0.95075667,0
-1.1351511,3.8182619,-0.97053075,0.024880886,0.99595332,0.086360365,0
-1.8846898,1.3273203,-0.85125518,-0.95466876,-0.0019610524,0.2976642,0
0.45704293,3.5681796,-0.95247567,0.024880886,0.99595332,0.086360365,0
0.46226895,0.52489328,3.6750839,0.29662898,-0.089851715,0.95075667,0
1.3243874,-0.37467587,-1.1136848,0.95466876,0.0019610524,-0.2976642,0
2.1465316,-2.6549921,2.3014884,0.95466876,0.0019610524,-0.2976642,0
-1.6930001,-2.2256041,-0.47062689,-0.95466876,-0.0019610524,0.2976642,0
1.8282329,2.6056376,3.5629222,0.29662898,-0.089851715,0.95075667,0
-0.81957126,3.6258028,-0.22221899,0.024880886,0.99595332,0.086360365,0
-1.847007,1.9814491,-0.64436769,-0.95466876,-0.0019610524,0.2976642,0
1.2398438,2.2831662,3.4047446,0.29662898,-0.089851715,0.95075667,0
0.76352745,1.9882931,-3.2465727,0.95466876,0.0019610524,-0.2976642,0
0.58194876,-3.4803991,0.030164123,-0.024880886,-0.99595332,-0.086360365,0
2.3123581,0.0031850934,2.7333403,0.95466876,0.0019610524,-0.2976642,0
-1.1551759,-3.5057688,-1.0656974,-0.024880886,-0.99595332,-0.086360365,0
-2.217241,-2.4438941,-2.1688895,-0.95466876,-0.0019610524,0.2976642,0
-1.7124219,3.029763,-0.83454251,-0.95466876,-0.0019610524,0.2976642,0
-1.2628611,1.7070631,-3.1596882,-0.29662898,0.089851715,-0.95075667,0
-0.021266222,2.8358903,4.0102158,0.29662898,-0.089851715,0.95075667,0
-1.3560545,1.5025951,0.093898177,-0.95466876,-0.0019610524,0.2976642,0
1.7557447,0.83122295,0.11576015,0.95466876,0.0019610524,-0.2976642,0
2.336657,2.2771103,3.0844979,0.29662898,-0.089851715,0.95075667,0
1.4539093,-1.8470379,0.1962173,0.95466876,0.0019610524,-0.2976642,0
1.0912757,1.4276356,-1.3023918,0.95466876,0.0019610524,-0.2976642,0
1.5111177,2.2894909,-0.77541476,0.95466876,0.0019610524,-0.2976642,0
-0.41503835,3.136889,2.9949746,0.024880886,0.99595332,0.086360365,0
2.0292842,1.6926415,3.1443124,0.29662898,-0.089851715,0.95075667,0
0.033579528,1.8060236,-3.7090876,-0.29662898,0.089851715,-0.95075667,0
0.57346821,3.5832009,-1.0652809,0.024880886,0.99595332,0.086360365,0
0.74446273,-2.2268705,-2.7279065,0.95466876,0.0019610524,-0.2976642,0
-0.37271512,-1.2102418,-3.7537527,-0.29662898,0.089851715,-0.95075667,0
-1.0070379,1.3171183,-3.4118423,-0.29662898,0.089851715,-0.95075667,0
-0.17378354,-3.2603085,-1.0706831,-0.024880886,-0.99595332,-0.086360365,0
2.1390381,-0.089788318,3.1211464,0.29662898,-0.089851715,0.95075667,0
1.5424089,-1.3816621,0.28604686,0.95466876,0.0019610524,-0.2976642,0
0.93683553,3.386601,2.3284805,0.024880886,0.99595332,0.086360365,0
0.33566511,0.91382253,3.8616648,0.29662898,-0.089851715,0.95075667,0
-0.78698158,-3.060235,-3.6148975,-0.29662898,0.089851715,-0.95075667,0
-0.35203755,2.0523698,-3.4974618,-0.29662898,0.089851715,-0.95075667,0
0.13262129,0.70276201,3.7804303,0.29662898,-0.089851715,0.95075667,0
0.41729426,3.6134729,-2.8572357,0.024880886,0.99595332,0.086360365,0
1.0003173,-3.048738,-2.4827735,0.95466876,0.0019610524,-0.2976642,0
0.19219089,3.7314944,-1.801759,0.024880886,0.99595332,0.086360365,0
-1.3450272,1.9907686,1.0385089,-0.95466876,-0.0019610524,0.2976642,0
1.5617304,-3.5714078,0.54692984,-0.024880886,-0.99595332,-0.086360365,0
-0.91154897,-3.2232189,2.4898007,-0.95466876,-0.0019610524,0.2976642,0
0.42741823,-3.1775551,-3.1333766,0.95466876,0.0019610524,-0.2976642,0
-0.88181806,3.4345174,-0.25649643,0.024880886,0.99595332,0.086360365,0
-0.77234006,2.0998363,-3.4008083,-0.29662898,0.089851715,-0.95075667,0
-2.2062159,2.9625671,-1.9818609,-0.95466876,-0.0019610524,0.2976642,0
-2.5625906,-0.53189945,-2.7901525,-0.95466876,-0.0019610524,0.2976642,0
2.1157629,-2.8407292,1.3321242,0.95466876,0.0019610524,-0.2976642,0
-1.4783772,-1.9322281,0.41526836,-0.95466876,-0.0019610524,0.2976642,0
-2.1489623,-1.3647997,-3.1641817,-0.29662898,0.089851715,-0.95075667,0
-1.0613482,0.86122012,-3.4508367,-0.29662898,0.089851715,-0.95075667,0
0.29028404,-0.98468077,3.4930487,0.29662898,-0.089851715,0.95075667,0
-1.584173,0.19162703,-0.50140679,-0.95466876,-0.0019610524,0.2976642,0
1.0961375,-3.5898297,-1.5784268,-0.024880886,-0.99595332,-0.086360365,0
-1.6531422,-1.3672637,-3.4702859,-0.29662898,0.089851715,-0.95075667,0
1.4433757,-0.45575666,-0.19854072,0.95466876,0.0019610524,-0.2976642,0
-1.5897782,-3.2473302,-1.4054694,-0.024880886,-0.99595332,-0.086360365,0
-0.65366435,3.5062289,2.2004197,0.024880886,0.99595332,0.086360365,0
2.1796985,3.4551363,2.3590991,0.024880886,0.99595332,0.086360365,0
2.4159398,-1.4722409,2.2386608,0.95466876,0.0019610524,-0.2976642,0
0.39752316,3.8492398,-2.7469327,0.024880886,0.99595332,0.086360365,0
1.3813863,3.5714231,0.26062405,0.024880886,0.99595332,0.086360365,0
1.4532263,2.8403428,3.3097141,0.29662898,-0.089851715,0.95075667,0
1.821738,-2.5883687,2.7469497,0.29662898,-0.089851715,0.95075667,0
-0.69704807,-1.830989,2.6309023,-0.95466876,-0.0019610524,0.2976642,0
0.41300488,-3.2967644,-3.1228704,-0.024880886,-0.99595332,-0.086360365,0
1.4243951,3.1584349,1.8626844,0.024880886,0.99595332,0.086360365,0
-0.11615944,-2.6010346,-3.9493647,-0.29662898,0.089851715,-0.95075667,0
0.48829794,3.8721261,-2.0487747,0.024880886,0.99595332,0.086360365,0
-1.5042493,3.5182939,-3.0428438,-0.29662898,0.089851715,-0.95075667,0
-0.71506548,3.7672825,-1.6476068,0.024880886,0.99595332,0.086360365,0
-0.93746626,-0.6347034,1.9613941,-0.95466876,-0.0019610524,0.2976642,0
0.4520638,-2.0204043,-3.3856192,0.95466876,0.0019610524,-0.2976642,0
-0.59629774,3.6133039,-1.5321951,0.024880886,0.99595332,0.086360365,0
-1.5157576,-3.2748463,-1.5140237,-0.024880886,-0.99595332,-0.086360365,0
-2.2290845,3.495568,-2.7973189,-0.29662898,0.089851715,-0.95075667,0
-1.4810817,1.7945707,-3.1892786,-0.29662898,0.089851715,-0.95075667,0
-1.8645847,3.8960261,-2.5172043,0.024880886,0.99595332,0.086360365,0
-0.37889719,-3.3541503,-2.2319143,-0.024880886,-0.99595332,-0.086360365,0
0.69773626,-1.3577392,3.3070273,0.29662898,-0.089851715,0.95075667,0
-1.283445,0.49712765,0.34574437,-0.95466876,-0.0019610524,0.2976642,0
0.63082898,2.358603,-3.5133026,0.95466876,0.0019610524,-0.2976642,0
1.9407978,3.1824296,3.35765,0.024880886,0.99595332,0.086360365,0
-1.0597734,-3.391942,-0.50214231,-0.024880886,-0.99595332,-0.086360365,0
0.21747732,3.6322274,-2.206975,0.024880886,0.99595332,0.086360365,0
-1.2808019,-1.760975,-3.3717606,-0.29662898,0.089851715,-0.95075667,0
0.21510696,3.2931194,2.9768753,0.024880886,0.99595332,0.086360365,0
1.0905917,-0.067135572,-2.1905775,0.95466876,0.0019610524,-0.2976642,0
-1.4083478,2.1128943,0.60077149,-0.95466876,-0.0019610524,0.2976642,0
2.1679444,-1.5486686,2.8366163,0.29662898,-0.089851715,0.95075667,0
-0.10696733,0.75820196,-3.5989594,-0.29662898,0.089851715,-0.95075667,0
0.76033342,0.93036783,-2.2390718,0.95466876,0.0019610524,-0.2976642,0
1.5766757,3.4006953,2.4783225,0.024880886,0.99595332,0.086360365,0
2.3155131,2.9034429,3.2680714,0.29662898,-0.089851715,0.95075667,0
-0.37667096,2.3534915,-3.2972093,-0.29662898,0.089851715,-0.95075667,0
-0.81635737,3.5928345,-2.8801756,0.024880886,0.99595332,0.086360365,0
1.1815941,-1.7147561,-1.0767359,0.95466876,0.0019610524,-0.2976642,0
1.1053003,-0.7419647,3.0891566,0.29662898,-0.089851715,0.95075667,0
-2.3838885,0.055732965,-2.1884551,-0.95466876,-0.0019610524,0.2976642,0
-1.7270851,3.6266844,-0.91904211,0.024880886,0.99595332,0.086360365,0
1.0985875,3.6090028,-0.83642566,0.95466876,0.0019610524,-0.2976642,0
1.1718528,-3.8177629,2.2445333,-0.024880886,-0.99595332,-0.086360365,0
0.15244079,3.7602918,-3.2550149,-0.29662898,0.089851715,-0.95075667,0
1.1126084,0.43821228,-1.9528899,0.95466876,0.0019610524,-0.2976642,0
2.0303445,0.23770986,3.0156114,0.29662898,-0.089851715,0.95075667,0
-0.53626084,3.5091665,-3.2374659,-0.29662898,0.089851715,-0.95075667,0
0.64820361,-3.5594897,1.6645775,-0.024880886,-0.99595332,-0.086360365,0
1.8202522,-3.8466327,1.7499809,-0.024880886,-0.99595332,-0.086360365,0
-1.712585,3.5676579,-2.0532634,0.024880886,0.99595332,0.086360365,0
1.6174335,-3.069541,0.43416524,0.95466876,0.0019610524,-0.2976642,0
1.7525911,-0.093575954,0.75745869,0.95466876,0.0019610524,-0.2976642,0
1.3892016,-3.2147202,2.9868913,0.29662898,-0.089851715,0.95075667,0
1.6531589,-3.0411396,0.57059741,0.95466876,0.0019610524,-0.2976642,0
1.4160798,-3.793119,2.8303499,-0.024880886,-0.99595332,-0.086360365,0
0.12053633,-3.3348539,-1.6989982,-0.024880886,-0.99595332,-0.086360365,0
-1.1656487,3.4015265,0.88842911,0.024880886,0.99595332,0.086360365,0
0.27009654,3.4009185,-3.5382848,-0.29662898,0.089851715,-0.95075667,0
-2.1592252,-2.6280928,-1.7243586,-0.95466876,-0.0019610524,0.2976642,0
-0.34459925,3.7506013,-3.1904249,-0.29662898,0.089851715,-0.95075667,0
-0.075400829,1.5150495,3.7639515,0.29662898,-0.089851715,0.95075667,0
-1.1765816,-3.3997216,-2.2342989,-0.024880886,-0.99595332,-0.086360365,0
0.22692752,-2.311861,-3.8366163,0.95466876,0.0019610524,-0.2976642,0
-0.96663952,-3.1941681,-3.5417919,-0.024880886,-0.99595332,-0.086360365,0
-1.102385,2.4374661,1.5764973,-0.95466876,-0.0019610524,0.2976642,0
1.242404,0.83373201,3.2003748,0.29662898,-0.089851715,0.95075667,0
-1.8961618,-1.3905599,-3.387114,-0.29662898,0.089851715,-0.95075667,0
0.44691822,0.52690053,-3.5742538,0.95466876,0.0019610524,-0.2976642,0
1.5222416,-2.9862919,2.7160833,0.29662898,-0.089851715,0.95075667,0
-2.2749033,-2.0717835,-2.1443455,-0.95466876,-0.0019610524,0.2976642,0
0.53474927,-2.6403689,-3.8853631,0.95466876,0.0019610524,-0.2976642,0
-0.51350045,3.5783958,-1.0677941,0.024880886,0.99595332,0.086360365,0
1.8271787,3.0457883,3.5043952,0.29662898,-0.089851715,0.95075667,0
-1.2642119,-0.99858916,0.94479823,-0.95466876,-0.0019610524,0.2976642,0
2.225745,-3.3845899,1.5970626,0.95466876,0.0019610524,-0.2976642,0
-0.18179488,-3.481966,-1.3290579,-0.024880886,-0.99595332,-0.086360365,0
0.47338557,3.4540424,-3.2983308,0.95466876,0.0019610524,-0.2976642,0
-0.41600454,1.3154086,-3.5983706,-0.29662898,0.089851715,-0.95075667,0
0.36441737,-1.5396439,3.2879677,0.29662898,-0.089851715,0.95075667,0
-2.1270688,0.59690011,-1.8458109,-0.95466876,-0.0019610524,0.2976642,0
1.425091,-3.7025423,1.4140282,-0.024880886,-0.99595332,-0.086360365,0
0.49381173,3.1553855,-3.2460394,0.95466876,0.0019610524,-0.2976642,0
0.17667961,-2.84864,-4.1715727,-0.29662898,0.089851715,-0.95075667,0
-1.0209186,-1.9690751,1.9622025,-0.95466876,-0.0019610524,0.2976642,0
-1.6836479,-0.26510793,-3.3156817,-0.29662898,0.089851715,-0.95075667,0
-0.3067224,3.4318142,-1.0299437,0.024880886,0.99595332,0.086360365,0
1.2226584,2.3854704,-1.4847471,0.95466876,0.0019610524,-0.2976642,0
-0.62167794,-1.0666885,2.8168595,-0.95466876,-0.0019610524,0.2976642,0
2.1729467,2.0747838,3.3123384,0.29662898,-0.089851715,0.95075667,0
0.0055966377,-3.4118643,-1.4941639,-0.024880886,-0.99595332,-0.086360365,0
1.9295807,0.36734954,3.0394971,0.29662898,-0.089851715,0.95075667,0
0.69904709,3.4810209,-0.022032261,0.024880886,0.99595332,0.086360365,0
-1.4968677,3.6638727,-0.63360572,0.024880886,0.99595332,0.086360365,0
0.091026783,0.59082258,3.6936221,0.29662898,-0.089851715,0.95075667,0
0.025875926,-2.0533292,3.3120902,0.29662898,-0.089851715,0.95075667,0
-0.85294199,3.3802128,-2.9250865,-0.29662898,0.089851715,-0.95075667,0
-2.167464,1.1254033,-1.3624008,-0.95466876,-0.0019610524,0.2976642,0
-0.69950038,1.0913308,-3.1710405,-0.29662898,0.089851715,-0.95075667,0
-1.7930391,0.2836535,-1.0130893,-0.95466876,-0.0019610524,0.2976642,0
-0.77238965,-2.7215717,2.9324162,-0.95466876,-0.0019610524,0.2976642,0
1.8769041,0.41116953,3.0771618,0.29662898,-0.089851715,0.95075667,0
-1.7525458,2.0914793,-2.8834279,-0.29662898,0.089851715,-0.95075667,0
