1.8247576,-2.9837313,2.7480655,0.095402837,-0.93522429,0.34095997,0
-1.261297,2.9824047,-3.6804874,-0.095402837,0.93522429,-0.34095997,0
-0.87197232,1.7051423,-3.6720026,0.7613951,-0.15208387,-0.63019669,0
-2.3001466,3.066046,-1.3555648,-0.7613951,0.15208387,0.63019669,0
0.24433231,4.6771431,1.0837591,-0.095402837,0.93522429,-0.34095997,0
0.6314975,-1.7874415,-1.0935839,0.7613951,-0.15208387,-0.63019669,0
2.6954563,2.3614855,0.021470785,0.7613951,-0.15208387,-0.63019669,0
-2.7362335,-2.4785984,-0.39734441,-0.64122975,-0.31972778,-0.69756603,0
1.7452385,-1.1159594,0.14232051,0.7613951,-0.15208387,-0.63019669,0
1.0847926,0.45025781,3.1674323,0.64122975,0.31972778,0.69756603,0
1.9683077,-3.16734,2.9059944,0.095402837,-0.93522429,0.34095997,0
-0.008960247,-4.2494116,-1.5285664,0.7613951,-0.15208387,-0.63019669,0
-0.069728449,3.34674,-3.1086178,-0.095402837,0.93522429,-0.34095997,0
-2.614181,0.15340352,-1.8458024,-0.64122975,-0.31972778,-0.69756603,0
-2.7151852,-1.9289613,-0.31821877,-0.7613951,0.15208387,0.63019669,0
0.98384619,4.1142654,-0.68460846,-0.095402837,0.93522429,-0.34095997,0
-1.0572152,-4.1730514,0.24428153,0.095402837,-0.93522429,0.34095997,0
-0.48067474,-4.8820224,-1.3725424,0.095402837,-0.93522429,0.34095997,0
1.6980083,-1.3823082,3.2831087,0.64122975,0.31972778,0.69756603,0
1.5523151,0.22958779,-0.71003419,0.7613951,-0.15208387,-0.63019669,0
-2.359215,-4.4927592,0.47439027,0.095402837,-0.93522429,0.34095997,0
1.8487415,-3.3743498,2.1613712,0.095402837,-0.93522429,0.34095997,0
1.1384962,0.067275017,3.3780766,0.64122975,0.31972778,0.69756603,0
-1.8007631,-0.95896006,0.54686165,-0.7613951,0.15208387,0.63019669,0
0.10616922,-3.9690974,0.60856104,0.095402837,-0.93522429,0.34095997,0
1.4181358,-3.0065408,3.635694,0.095402837,-0.93522429,0.34095997,0
-2.0229797,-4.5797319,0.28203583,0.095402837,-0.93522429,0.34095997,0
1.3718133,4.3793602,1.1820109,0.64122975,0.31972778,0.69756603,0
-1.1539956,4.0969696,-0.25656438,-0.095402837,0.93522429,-0.34095997,0
1.4824904,3.3468676,-1.6920619,0.7613951,-0.15208387,-0.63019669,0
-1.9723821,-2.8437519,-1.2455792,-0.64122975,-0.31972778,-0.69756603,0
3.0891976,-3.2167623,2.5008442,0.095402837,-0.93522429,0.34095997,0
-0.24413514,-3.8540938,1.6388965,0.095402837,-0.93522429,0.34095997,0
-2.4284801,0.61813664,-2.2690418,-0.64122975,-0.31972778,-0.69756603,0
3.1712475,-1.3994453,1.8375416,0.64122975,0.31972778,0.69756603,0
-0.14262748,4.2701459,0.46464753,-0.095402837,0.93522429,-0.34095997,0
1.6197654,-3.8553443,1.1114206,0.095402837,-0.93522429,0.34095997,0
-1.6541862,-4.4639254,-0.48857737,0.095402837,-0.93522429,0.34095997,0
1.974269,-3.0401781,3.3959589,0.095402837,-0.93522429,0.34095997,0
2.299844,-3.4661489,1.9759872,0.095402837,-0.93522429,0.34095997,0
-1.233598,3.7472751,-0.57895207,-0.095402837,0.93522429,-0.34095997,0
2.9158289,1.6192383,1.0728726,0.64122975,0.31972778,0.69756603,0
-1.2149,-1.8535421,-2.2629032,-0.64122975,-0.31972778,-0.69756603,0
2.0412228,-3.0303044,3.3344865,0.095402837,-0.93522429,0.34095997,0
-3.1192899,2.1244507,-2.5980814,-0.64122975,-0.31972778,-0.69756603,0
2.9130888,-0.45460296,1.6818545,0.64122975,0.31972778,0.69756603,0
2.0304179,2.9261801,1.3242431,0.64122975,0.31972778,0.69756603,0
2.7627575,-2.955137,3.2171376,0.64122975,0.31972778,0.69756603,0
0.45098501,3.2560072,-2.6581016,0.7613951,-0.15208387,-0.63019669,0
-1.9690323,-0.76159471,-2.010541,-0.64122975,-0.31972778,-0.69756603,0
-2.2485332,-4.4203005,0.12192345,0.095402837,-0.93522429,0.34095997,0
-1.6951971,-4.4987683,-0.81089306,-0.64122975,-0.31972778,-0.69756603,0
1.2616484,1.6777449,2.1528895,0.64122975,0.31972778,0.69756603,0
1.1939688,3.7667978,1.2517116,0.64122975,0.31972778,0.69756603,0
-2.1863112,2.2658658,-1.1239409,-0.7613951,0.15208387,0.63019669,0
-0.76414639,0.76345634,1.2588441,-0.7613951,0.15208387,0.63019669,0
-0.57030582,-2.4236526,-2.5969563,-0.64122975,-0.31972778,-0.69756603,0
-0.046499014,-3.8068566,0.83349586,0.095402837,-0.93522429,0.34095997,0
-0.67473471,1.1814994,1.4313529,-0.7613951,0.15208387,0.63019669,0
1.0572984,-2.2119436,-0.4338448,0.7613951,-0.15208387,-0.63019669,0
0.56183708,-3.1320736,3.2029932,0.095402837,-0.93522429,0.34095997,0
-1.6836638,-2.3524978,-1.8413625,-0.64122975,-0.31972778,-0.69756603,0
0.88105607,-2.7358017,3.9933324,0.095402837,-0.93522429,0.34095997,0
-1.3943462,-3.6394267,-1.1058942,-0.64122975,-0.31972778,-0.69756603,0
1.7814338,-0.45988822,2.6856432,0.64122975,0.31972778,0.69756603,0
-2.5421069,2.1912925,-1.339432,-0.7613951,0.15208387,0.63019669,0
2.3616047,4.5631218,0.26734185,0.64122975,0.31972778,0.69756603,0
0.30915302,2.2130704,-2.3193345,0.7613951,-0.15208387,-0.63019669,0
-1.4549057,0.65958583,-3.5004113,-0.64122975,-0.31972778,-0.69756603,0
-0.67929053,0.20298818,-3.4235737,0.7613951,-0.15208387,-0.63019669,0
0.72106069,-3.3176599,2.0401444,0.095402837,-0.93522429,0.34095997,0
-0.65792042,-3.250268,2.3111959,-0.7613951,0.15208387,0.63019669,0
1.2407727,-2.7512872,3.6345246,0.095402837,-0.93522429,0.34095997,0
2.0270636,3.6371307,0.84666789,0.64122975,0.31972778,0.69756603,0
-1.430747,-4.1778865,-1.1074526,-0.64122975,-0.31972778,-0.69756603,0
-3.3746457,2.9080901,-2.6061718,-0.7613951,0.15208387,0.63019669,0
-3.0577686,-1.3613547,-1.0746555,-0.64122975,-0.31972778,-0.69756603,0
-1.8224565,1.5589097,0.10098052,-0.7613951,0.15208387,0.63019669,0
-2.5608513,-0.89797747,-1.2690251,-0.64122975,-0.31972778,-0.69756603,0
-1.1639613,3.2531633,-3.0430584,-0.095402837,0.93522429,-0.34095997,0
-1.9353771,3.5431337,-0.69795465,-0.7613951,0.15208387,0.63019669,0
1.5062213,4.2763486,-0.79543638,-0.095402837,0.93522429,-0.34095997,0
-1.8963897,-3.1546493,-1.2813803,-0.64122975,-0.31972778,-0.69756603,0
0.97942114,-2.2662034,4.3899465,-0.7613951,0.15208387,0.63019669,0
1.7945486,-2.8094974,3.6495881,0.095402837,-0.93522429,0.34095997,0
0.58025211,1.9191349,-1.971625,0.7613951,-0.15208387,-0.63019669,0
-1.0214248,-4.8886333,-1.0278749,0.095402837,-0.93522429,0.34095997,0
-1.3809414,0.30161524,-3.3164644,-0.64122975,-0.31972778,-0.69756603,0
-0.43442404,1.0945792,1.5679927,-0.7613951,0.15208387,0.63019669,0
-0.87030125,-1.5772634,-2.6528234,-0.64122975,-0.31972778,-0.69756603,0
-3.1673441,2.2210221,-1.6700413,-0.7613951,0.15208387,0.63019669,0
-2.2391078,2.9725928,-2.788816,-0.095402837,0.93522429,-0.34095997,0
0.34303713,-0.088672817,-1.9123619,0.7613951,-0.15208387,-0.63019669,0
2.0446506,-2.8738027,3.7548504,0.095402837,-0.93522429,0.34095997,0
0.18063563,3.45261,-2.1203392,-0.095402837,0.93522429,-0.34095997,0
-0.78884727,3.2593615,-2.4384055,-0.095402837,0.93522429,-0.34095997,0
1.4896504,-0.23416471,-0.68359745,0.7613951,-0.15208387,-0.63019669,0
3.0269282,-2.4710095,2.4580092,0.64122975,0.31972778,0.69756603,0
0.53898668,4.1901264,0.11960578,-0.095402837,0.93522429,-0.34095997,0
-2.4255645,-0.77754259,-1.974261,-0.64122975,-0.31972778,-0.69756603,0
-1.5569998,3.7142811,-0.68596792,-0.095402837,0.93522429,-0.34095997,0
-3.1280532,1.1187801,-1.8593915,-0.64122975,-0.31972778,-0.69756603,0
3.008637,-2.64747,1.5970631,0.7613951,-0.15208387,-0.63019669,0
-1.8917358,3.2555516,-2.8363633,-0.095402837,0.93522429,-0.34095997,0
-0.23470163,4.3186283,-0.4013195,-0.095402837,0.93522429,-0.34095997,0
-2.6346121,-0.8684566,-0.34929556,-0.7613951,0.15208387,0.63019669,0
-0.80719924,1.1830947,-3.5218859,0.7613951,-0.15208387,-0.63019669,0
-0.75257313,2.4712517,-3.8591421,0.7613951,-0.15208387,-0.63019669,0
1.8178225,-2.8913989,0.38339448,0.7613951,-0.15208387,-0.63019669,0
-1.5821753,-4.6113114,-0.30198956,0.095402837,-0.93522429,0.34095997,0
-1.2627823,-1.5227894,-2.6751256,-0.64122975,-0.31972778,-0.69756603,0
-1.5329294,2.9184084,-2.8066576,-0.095402837,0.93522429,-0.34095997,0
-1.8791687,-3.3108296,-0.91367137,-0.64122975,-0.31972778,-0.69756603,0
2.9404678,-0.57983804,1.6131229,0.7613951,-0.15208387,-0.63019669,0
-3.2219882,0.59148574,-1.6622994,-0.64122975,-0.31972778,-0.69756603,0
-0.41465589,3.1237206,-2.8182354,-0.095402837,0.93522429,-0.34095997,0
2.6119232,0.51432025,1.9266144,0.64122975,0.31972778,0.69756603,0
-3.2562022,2.7610962,-2.7430058,-0.64122975,-0.31972778,-0.69756603,0
-0.6322515,3.2545915,-2.4323101,-0.095402837,0.93522429,-0.34095997,0
3.0028324,-0.62759876,1.3023351,0.7613951,-0.15208387,-0.63019669,0
-1.2864807,2.9633629,-3.4545829,-0.095402837,0.93522429,-0.34095997,0
2.9204826,-3.3195784,2.1732061,0.7613951,-0.15208387,-0.63019669,0
1.0560625,-2.7548449,3.8016918,0.095402837,-0.93522429,0.34095997,0
-3.2581813,2.1515381,-2.2422662,-0.7613951,0.15208387,0.63019669,0
-2.4681683,-4.3443294,0.50460124,-0.7613951,0.15208387,0.63019669,0
-0.6652534,-1.2558863,-2.7605414,0.7613951,-0.15208387,-0.63019669,0
-2.3461053,0.44890952,-2.5936046,-0.64122975,-0.31972778,-0.69756603,0
-2.6533139,-1.3622298,-1.4720559,-0.64122975,-0.31972778,-0.69756603,0
-0.37781513,0.92054099,1.5035126,-0.7613951,0.15208387,0.63019669,0
-2.1097996,-4.4987369,0.041496277,0.095402837,-0.93522429,0.34095997,0
-1.9660485,-0.28144324,0.19262344,-0.7613951,0.15208387,0.63019669,0
0.63412869,-2.8884308,3.2113714,0.095402837,-0.93522429,0.34095997,0
1.3682947,4.6335588,0.97132158,-0.095402837,0.93522429,-0.34095997,0
-0.34200692,3.2220941,1.0564265,-0.7613951,0.15208387,0.63019669,0
1.2967429,-2.0864093,4.1289082,0.64122975,0.31972778,0.69756603,0
-0.78726393,0.68733835,0.95811749,-0.7613951,0.15208387,0.63019669,0
-0.038890779,3.2002039,-3.3421752,-0.095402837,0.93522429,-0.34095997,0
1.5096629,2.6376982,-1.1178522,0.7613951,-0.15208387,-0.63019669,0
-2.2890797,3.0327795,-3.2460334,-0.095402837,0.93522429,-0.34095997,0
0.75255269,-3.094579,3.1594059,0.095402837,-0.93522429,0.34095997,0
1.6522021,4.4207439,0.50338435,0.64122975,0.31972778,0.69756603,0
2.0375316,-3.3704395,1.96294,0.095402837,-0.93522429,0.34095997,0
1.4576581,4.3012056,-0.66865015,-0.095402837,0.93522429,-0.34095997,0
-1.8484967,-4.2093406,0.24419093,0.095402837,-0.93522429,0.34095997,0
-1.8985889,0.24108887,-2.8327308,-0.64122975,-0.31972778,-0.69756603,0
-0.27502108,-0.36125445,-2.8290863,0.7613951,-0.15208387,-0.63019669,0
-1.8459952,-1.6713654,-1.6832314,-0.64122975,-0.31972778,-0.69756603,0
1.2305255,4.6007404,0.7053268,-0.095402837,0.93522429,-0.34095997,0
-2.6707344,-1.0456666,-1.6453521,-0.64122975,-0.31972778,-0.69756603,0
1.7685218,-2.032789,3.6616697,0.64122975,0.31972778,0.69756603,0
-2.0457053,1.5113077,-3.2416921,-0.64122975,-0.31972778,-0.69756603,0
0.63674057,-3.7610514,1.4834278,0.095402837,-0.93522429,0.34095997,0
-0.86589587,-1.5756311,1.9969088,-0.7613951,0.15208387,0.63019669,0
0.11760664,-4.7756023,-1.3217096,0.7613951,-0.15208387,-0.63019669,0
-3.4422145,2.8553004,-2.3861921,-0.7613951,0.15208387,0.63019669,0
-0.61213708,3.2888448,-2.3563461,-0.095402837,0.93522429,-0.34095997,0
-0.75300837,-3.7232037,2.0533211,0.095402837,-0.93522429,0.34095997,0
2.0319796,2.4492874,-0.6584422,0.7613951,-0.15208387,-0.63019669,0
2.5309904,3.5558221,0.54706693,0.64122975,0.31972778,0.69756603,0
0.75873113,3.5905228,-2.2322943,0.7613951,-0.15208387,-0.63019669,0
-0.73542809,-3.6358323,1.8961738,0.095402837,-0.93522429,0.34095997,0
2.1156862,-3.4182701,1.4100804,0.095402837,-0.93522429,0.34095997,0
-0.17623091,-0.18600479,-2.3274138,0.7613951,-0.15208387,-0.63019669,0
1.389567,3.7663693,-1.5797005,0.7613951,-0.15208387,-0.63019669,0
1.9835752,-3.5547915,1.2097566,0.095402837,-0.93522429,0.34095997,0
2.2305839,-2.4436226,1.2203948,0.7613951,-0.15208387,-0.63019669,0
-2.4452577,2.4585009,-3.341557,-0.64122975,-0.31972778,-0.69756603,0
-2.9370153,2.7109494,-2.7965338,-0.64122975,-0.31972778,-0.69756603,0
1.2869902,-0.32280207,-0.67577481,0.7613951,-0.15208387,-0.63019669,0
1.4646759,2.9101725,1.8690374,0.64122975,0.31972778,0.69756603,0
-0.58017242,3.3070726,-2.2420077,-0.095402837,0.93522429,-0.34095997,0
-2.5489488,3.4173229,-2.2019496,-0.095402837,0.93522429,-0.34095997,0
0.30281758,1.6077998,-2.1216314,0.7613951,-0.15208387,-0.63019669,0
-1.750694,1.1762868,0.15543139,-0.7613951,0.15208387,0.63019669,0
-2.6235147,2.3447912,-2.8190217,-0.64122975,-0.31972778,-0.69756603,0
-0.37572491,2.6747997,-3.1648138,0.7613951,-0.15208387,-0.63019669,0
-0.48286819,-4.9216905,-1.4552922,0.095402837,-0.93522429,0.34095997,0
0.56616807,-3.293997,2.3605552,0.095402837,-0.93522429,0.34095997,0
0.19381189,-2.7602735,3.4409773,-0.7613951,0.15208387,0.63019669,0
0.71863008,4.072947,-0.26518631,-0.095402837,0.93522429,-0.34095997,0
0.11640346,-0.76548946,2.6346402,-0.7613951,0.15208387,0.63019669,0
2.6146038,-0.63422084,2.4184942,0.64122975,0.31972778,0.69756603,0
-0.34833479,4.2533798,0.3415401,-0.095402837,0.93522429,-0.34095997,0
-2.1697335,-4.270318,-0.27735186,-0.64122975,-0.31972778,-0.69756603,0
0.41062093,3.9554577,-0.47882819,-0.095402837,0.93522429,-0.34095997,0
-1.5718346,1.5424229,-3.6983547,-0.64122975,-0.31972778,-0.69756603,0
-2.2929449,-0.41041243,-0.58114988,-0.7613951,0.15208387,0.63019669,0
0.25968385,-4.3923388,-0.26467943,0.095402837,-0.93522429,0.34095997,0
2.3763204,-3.2577834,2.3250945,0.095402837,-0.93522429,0.34095997,0
1.3397601,-2.6308517,4.3446412,0.64122975,0.31972778,0.69756603,0
1.6897979,-3.3016245,2.0344846,0.095402837,-0.93522429,0.34095997,0
-0.049366295,-3.387032,2.0712245,0.095402837,-0.93522429,0.34095997,0
-0.50859618,-2.4656048,2.4274216,-0.7613951,0.15208387,0.63019669,0
0.64535856,-0.92185652,3.1826248,-0.7613951,0.15208387,0.63019669,0
0.1413455,0.32528156,-2.0425174,0.7613951,-0.15208387,-0.63019669,0
-0.48394513,-2.4390407,2.1398683,-0.7613951,0.15208387,0.63019669,0
1.7143378,-2.9248214,3.6354437,0.095402837,-0.93522429,0.34095997,0
-0.57388997,0.45641932,-3.4875841,0.7613951,-0.15208387,-0.63019669,0
1.1526355,-2.6847053,-0.65077519,0.7613951,-0.15208387,-0.63019669,0
0.74490929,2.4162183,2.7089732,0.64122975,0.31972778,0.69756603,0
3.3258595,-2.3034539,2.2451677,0.64122975,0.31972778,0.69756603,0
0.99425662,3.8350296,-1.3457823,-0.095402837,0.93522429,-0.34095997,0
-1.5698051,-1.7908323,-2.2421331,-0.64122975,-0.31972778,-0.69756603,0
1.822155,3.58758,1.0789614,0.64122975,0.31972778,0.69756603,0
-1.3525505,1.1899465,-3.4782429,-0.64122975,-0.31972778,-0.69756603,0
-0.7962532,-4.0692816,1.1248007,0.095402837,-0.93522429,0.34095997,0
-1.7154825,1.8709474,-3.4444928,-0.64122975,-0.31972778,-0.69756603,0
0.65539551,3.7269418,2.0034513,0.64122975,0.31972778,0.69756603,0
1.5643587,0.98638248,-0.87473094,0.7613951,-0.15208387,-0.63019669,0
-0.99990892,-3.7719669,1.1461136,0.095402837,-0.93522429,0.34095997,0
-1.6699526,-1.9145567,0.93647325,-0.7613951,0.15208387,0.63019669,0
2.8296065,-0.31616378,2.0853815,0.64122975,0.31972778,0.69756603,0
-2.7865176,2.9904964,-2.1806614,-0.095402837,0.93522429,-0.34095997,0
0.40044725,-3.4224823,1.7821691,0.095402837,-0.93522429,0.34095997,0
-0.783216,-4.8838253,-1.1650195,0.095402837,-0.93522429,0.34095997,0
-0.84545761,0.78817439,1.0921086,-0.7613951,0.15208387,0.63019669,0
-1.5437915,0.11226857,0.38218027,-0.7613951,0.15208387,0.63019669,0
0.47645497,4.2164903,-0.055247307,-0.095402837,0.93522429,-0.34095997,0
1.8581748,3.7589545,0.85902345,0.64122975,0.31972778,0.69756603,0
-1.5658123,2.9452324,-3.5017037,-0.095402837,0.93522429,-0.34095997,0
-1.7924314,2.8644094,-3.5923963,-0.095402837,0.93522429,-0.34095997,0
-0.77574813,-2.7316382,2.1843174,-0.7613951,0.15208387,0.63019669,0
1.482939,-3.8319216,1.1590846,0.095402837,-0.93522429,0.34095997,0
2.1848733,1.5334437,1.599704,0.64122975,0.31972778,0.69756603,0
-0.034110069,-3.7366655,-1.3647377,0.7613951,-0.15208387,-0.63019669,0
-2.5502453,0.97392809,-2.6047959,-0.64122975,-0.31972778,-0.69756603,0
1.1254215,3.9866855,-1.3662572,-0.095402837,0.93522429,-0.34095997,0
-0.060706496,3.7868085,-1.6436605,-0.095402837,0.93522429,-0.34095997,0
-1.1734619,-2.7678564,1.9348857,-0.7613951,0.15208387,0.63019669,0
0.13835514,-2.4382291,3.372488,-0.7613951,0.15208387,0.63019669,0
-2.3093052,-1.7069058,-1.1330554,-0.64122975,-0.31972778,-0.69756603,0
-0.052998185,-2.8487282,3.0863664,-0.7613951,0.15208387,0.63019669,0
1.9487095,4.5147576,0.49637699,-0.095402837,0.93522429,-0.34095997,0
2.2440805,1.8813281,1.3630593,0.64122975,0.31972778,0.69756603,0
-1.9271755,2.7019658,-3.4985232,-0.095402837,0.93522429,-0.34095997,0
-0.57844472,4.5701079,0.5742588,-0.095402837,0.93522429,-0.34095997,0
0.0090694427,-0.63638097,-2.0360727,0.7613951,-0.15208387,-0.63019669,0
-1.3509662,2.8363781,-3.8131049,-0.095402837,0.93522429,-0.34095997,0
-1.2910222,2.6894705,-4.0835671,-0.64122975,-0.31972778,-0.69756603,0
0.58916759,2.3703132,2.4336805,-0.7613951,0.15208387,0.63019669,0
-1.0960466,4.1131778,-0.32875013,-0.095402837,0.93522429,-0.34095997,0
2.5248401,3.5055976,0.40100586,0.64122975,0.31972778,0.69756603,0
0.82997084,2.8648262,2.4348884,0.64122975,0.31972778,0.69756603,0
1.9927289,1.0124391,2.0434911,0.64122975,0.31972778,0.69756603,0
-2.7184386,-4.0818386,0.37523353,-0.7613951,0.15208387,0.63019669,0
-1.6189706,2.3961372,-4.1580067,-0.64122975,-0.31972778,-0.69756603,0
0.17005754,-3.9950776,0.71390367,0.095402837,-0.93522429,0.34095997,0
1.0218589,-3.3549912,2.0602338,0.095402837,-0.93522429,0.34095997,0
-0.62654543,-3.7651491,-1.7668532,-0.64122975,-0.31972778,-0.69756603,0
1.3558506,-3.0386376,2.9550471,0.095402837,-0.93522429,0.34095997,0
-3.0440221,0.79536939,-1.895125,-0.64122975,-0.31972778,-0.69756603,0
0.47103882,4.036006,-0.68495536,-0.095402837,0.93522429,-0.34095997,0
-0.80448031,-3.1548791,2.1090636,-0.7613951,0.15208387,0.63019669,0
-0.13346767,1.7262853,1.9209307,-0.7613951,0.15208387,0.63019669,0
2.1936777,-2.3773713,0.99883676,0.7613951,-0.15208387,-0.63019669,0
2.2994251,2.6613243,0.81731594,0.64122975,0.31972778,0.69756603,0
-1.1477492,-2.3494732,-1.9918374,-0.64122975,-0.31972778,-0.69756603,0
1.5627863,3.9593,-1.215943,-0.095402837,0.93522429,-0.34095997,0
-0.052948684,3.5150092,-2.5325117,-0.095402837,0.93522429,-0.34095997,0
-0.31027055,3.8406036,-0.90771842,-0.095402837,0.93522429,-0.34095997,0
-2.2667584,2.6696148,-3.403388,-0.095402837,0.93522429,-0.34095997,0
1.7936418,0.8364256,2.2544215,0.64122975,0.31972778,0.69756603,0
0.58879352,-3.6910589,1.7615337,0.095402837,-0.93522429,0.34095997,0
1.5537415,2.0407023,2.0363274,0.64122975,0.31972778,0.69756603,0
1.0354807,-0.0049736798,3.1480751,0.64122975,0.31972778,0.69756603,0
0.54711366,2.0693417,-1.9230891,0.7613951,-0.15208387,-0.63019669,0
-1.1481996,-0.0936822,-3.1132615,-0.64122975,-0.31972778,-0.69756603,0
1.5680642,1.1580095,-0.65209657,0.7613951,-0.15208387,-0.63019669,0
-1.0726514,2.9120197,-3.2472711,-0.095402837,0.93522429,-0.34095997,0
0.68652678,-3.8920081,0.35817814,0.095402837,-0.93522429,0.34095997,0
-2.8227422,-1.4756141,-0.98724282,-0.7613951,0.15208387,0.63019669,0
-2.4705124,-0.56060696,-0.24824131,-0.7613951,0.15208387,0.63019669,0
-2.0869286,1.3553442,-0.71689975,-0.7613951,0.15208387,0.63019669,0
-0.099218607,-0.4501268,-2.1199696,0.7613951,-0.15208387,-0.63019669,0
-1.5688193,1.8615577,-0.097095966,-0.7613951,0.15208387,0.63019669,0
1.9483838,4.4770193,0.24761796,-0.095402837,0.93522429,-0.34095997,0
-2.6541181,-0.7398448,-0.73694938,-0.7613951,0.15208387,0.63019669,0
-0.024812222,4.1229005,-0.62408948,-0.095402837,0.93522429,-0.34095997,0
-3.0862031,3.1794174,-2.5154877,-0.095402837,0.93522429,-0.34095997,0
-0.3338393,-1.1915773,2.5142424,-0.7613951,0.15208387,0.63019669,0
-1.4578381,-4.8091011,-0.48260832,0.095402837,-0.93522429,0.34095997,0
0.94581842,-4.0165386,0.48152947,0.095402837,-0.93522429,0.34095997,0
-0.26941887,3.3210268,-2.8399439,-0.095402837,0.93522429,-0.34095997,0
-1.8369505,-4.3672047,0.21512985,0.095402837,-0.93522429,0.34095997,0
2.1080987,-3.5087337,1.9325559,0.095402837,-0.93522429,0.34095997,0
-1.9519219,-3.4573612,-1.0872481,-0.64122975,-0.31972778,-0.69756603,0
1.5007282,-3.6688395,0.71099186,0.095402837,-0.93522429,0.34095997,0
-0.79619932,-2.6421092,-2.0997255,-0.64122975,-0.31972778,-0.69756603,0
1.9204137,3.4372151,-0.64318824,0.7613951,-0.15208387,-0.63019669,0
0.76479864,4.5066462,1.4270031,0.64122975,0.31972778,0.69756603,0
1.5095503,1.8842399,2.1176307,0.64122975,0.31972778,0.69756603,0
-0.98954368,-0.13046984,-3.3674698,-0.64122975,-0.31972778,-0.69756603,0
-2.4406393,2.6934013,-1.4380419,-0.7613951,0.15208387,0.63019669,0
0.3629303,-0.42182899,2.8406255,-0.7613951,0.15208387,0.63019669,0
1.1977413,-3.90167,0.1930356,0.095402837,-0.93522429,0.34095997,0
2.3686361,1.0758572,1.4752147,0.64122975,0.31972778,0.69756603,0
-0.081343174,-1.3421202,-2.101172,0.7613951,-0.15208387,-0.63019669,0
1.1985533,-2.5607066,4.4411082,0.64122975,0.31972778,0.69756603,0
3.1626863,-2.8340364,2.6838181,0.64122975,0.31972778,0.69756603,0
2.6144435,3.3430054,0.48943067,0.64122975,0.31972778,0.69756603,0
-0.14328671,1.6030955,-2.9546242,0.7613951,-0.15208387,-0.63019669,0
-2.7076237,1.3798118,-2.1745014,-0.64122975,-0.31972778,-0.69756603,0
2.4717638,-0.33725286,2.3513708,0.64122975,0.31972778,0.69756603,0
0.26007533,-3.5597227,-1.1036882,0.7613951,-0.15208387,-0.63019669,0
-1.7328646,1.4910604,-0.33252263,-0.7613951,0.15208387,0.63019669,0
0.94190872,-3.3490074,2.760469,0.095402837,-0.93522429,0.34095997,0
-0.65845621,-3.6624904,1.7963034,0.095402837,-0.93522429,0.34095997,0
-2.3305938,3.0712116,-1.4834049,-0.7613951,0.15208387,0.63019669,0
1.0234485,-0.97892904,4.0417194,0.64122975,0.31972778,0.69756603,0
-1.4193907,-3.2172365,-1.6648648,-0.64122975,-0.31972778,-0.69756603,0
-1.4800096,-4.2334471,-1.1535866,-0.64122975,-0.31972778,-0.69756603,0
-1.271368,-1.4196067,-2.6589272,-0.64122975,-0.31972778,-0.69756603,0
2.2719846,-2.8805017,1.0446663,0.7613951,-0.15208387,-0.63019669,0
2.9953887,-2.2317457,2.809624,0.64122975,0.31972778,0.69756603,0
-2.3435545,-1.3027443,-1.271003,-0.64122975,-0.31972778,-0.69756603,0
-0.86259925,-1.0939763,1.7924182,-0.7613951,0.15208387,0.63019669,0
-0.19741201,-0.77509612,-2.5496457,0.7613951,-0.15208387,-0.63019669,0
-2.8280799,-0.58585811,-0.70810854,-0.7613951,0.15208387,0.63019669,0
1.6204252,-2.3284435,0.1055088,0.7613951,-0.15208387,-0.63019669,0
0.45051384,-4.1288695,-1.0325265,0.7613951,-0.15208387,-0.63019669,0
1.8240945,1.7089266,1.9779208,0.64122975,0.31972778,0.69756603,0
-1.8874052,3.2469528,-2.6924188,-0.095402837,0.93522429,-0.34095997,0
-2.2533808,2.1897726,-3.0722837,-0.64122975,-0.31972778,-0.69756603,0
0.40307713,-2.7365818,-1.4291042,0.7613951,-0.15208387,-0.63019669,0
-2.31059,3.2719188,-1.6182573,-0.095402837,0.93522429,-0.34095997,0
2.4785037,1.2763439,1.1654636,0.64122975,0.31972778,0.69756603,0
1.8737695,-2.9056425,3.2533751,0.095402837,-0.93522429,0.34095997,0
-2.0562844,-4.2600284,-0.35013938,-0.64122975,-0.31972778,-0.69756603,0
0.20757449,-0.12463307,-2.3028207,0.7613951,-0.15208387,-0.63019669,0
0.52353251,3.5702109,-2.3357484,-0.095402837,0.93522429,-0.34095997,0
-1.7383547,3.6658728,-1.4423735,-0.095402837,0.93522429,-0.34095997,0
-0.15253329,1.4408545,1.9864838,-0.7613951,0.15208387,0.63019669,0
-0.91250688,3.741971,-0.94792533,-0.095402837,0.93522429,-0.34095997,0
-0.090853691,3.9200287,-1.1817257,-0.095402837,0.93522429,-0.34095997,0
0.85864341,-4.1279531,0.65714836,0.095402837,-0.93522429,0.34095997,0
1.3398435,4.593009,0.19886637,-0.095402837,0.93522429,-0.34095997,0
1.4254303,4.6320477,0.88211775,-0.095402837,0.93522429,-0.34095997,0
-2.4663839,3.238606,-2.6624227,-0.095402837,0.93522429,-0.34095997,0
-1.0986257,-1.0047407,-2.8227072,-0.64122975,-0.31972778,-0.69756603,0
2.2058592,-1.3773922,2.8458467,0.64122975,0.31972778,0.69756603,0
-1.8031188,3.4641726,-1.6803436,-0.095402837,0.93522429,-0.34095997,0
-1.1348126,-1.7568543,-2.6498761,-0.64122975,-0.31972778,-0.69756603,0
2.8343852,-0.62861729,1.7731426,0.64122975,0.31972778,0.69756603,0
-0.18743682,3.5894518,1.1706448,-0.7613951,0.15208387,0.63019669,0
-0.29086393,-3.6329713,2.0987492,0.095402837,-0.93522429,0.34095997,0
0.072925568,-3.8756001,1.161159,0.095402837,-0.93522429,0.34095997,0
1.0811138,2.1992753,2.5250006,0.64122975,0.31972778,0.69756603,0
-2.1669078,1.5083004,-3.0456877,-0.64122975,-0.31972778,-0.69756603,0
1.5405042,0.55007052,2.3680134,0.64122975,0.31972778,0.69756603,0
1.1123896,-2.0637195,-0.25544667,0.7613951,-0.15208387,-0.63019669,0
-2.1282861,0.58208466,-0.51557255,-0.7613951,0.15208387,0.63019669,0
-0.59091997,4.2943292,-0.24171758,-0.095402837,0.93522429,-0.34095997,0
-2.0986195,-1.7643085,-1.5109757,-0.64122975,-0.31972778,-0.69756603,0
2.4630504,2.0056415,1.204959,0.64122975,0.31972778,0.69756603,0
-2.1849525,-1.8341224,-1.3522384,-0.64122975,-0.31972778,-0.69756603,0
-1.1069019,-0.77316219,-2.9503722,-0.64122975,-0.31972778,-0.69756603,0
-2.0523491,-1.4349132,-1.9539634,-0.64122975,-0.31972778,-0.69756603,0
0.15436924,0.71892923,-2.1091332,0.7613951,-0.15208387,-0.63019669,0
-0.12894011,-4.6841578,-1.2279208,0.7613951,-0.15208387,-0.63019669,0
2.1262898,4.2808456,0.24367237,0.64122975,0.31972778,0.69756603,0
-0.4026947,4.0940332,0.17045021,-0.095402837,0.93522429,-0.34095997,0
-2.1317041,-0.70854163,-2.1439106,-0.64122975,-0.31972778,-0.69756603,0
2.306541,-0.41591501,0.27264965,0.7613951,-0.15208387,-0.63019669,0
-1.0510046,-0.18873525,1.1579086,-0.7613951,0.15208387,0.63019669,0
0.19845748,-4.0284257,0.89623046,0.095402837,-0.93522429,0.34095997,0
-1.5658631,2.4566302,-3.9519632,-0.64122975,-0.31972778,-0.69756603,0
-1.4527326,0.33339238,-3.3255758,-0.64122975,-0.31972778,-0.69756603,0
0.028765202,-2.2656384,3.0525072,-0.7613951,0.15208387,0.63019669,0
0.39975739,1.1472317,-2.4852524,0.7613951,-0.15208387,-0.63019669,0
-1.07148,-0.29286182,-3.3064237,0.7613951,-0.15208387,-0.63019669,0
-0.53750634,0.44134516,1.4365575,-0.7613951,0.15208387,0.63019669,0
-2.4001617,-4.5722399,-0.15157938,-0.64122975,-0.31972778,-0.69756603,0
-0.99104643,-3.197999,-1.7864393,-0.64122975,-0.31972778,-0.69756603,0
-2.2618961,-3.4727097,-0.49462557,-0.64122975,-0.31972778,-0.69756603,0
1.3203855,-1.3666587,3.7807367,0.64122975,0.31972778,0.69756603,0
0.44334093,1.9753698,-2.1513827,0.7613951,-0.15208387,-0.63019669,0
-1.1494815,-3.9592178,0.94458723,0.095402837,-0.93522429,0.34095997,0
-2.8069911,2.5677762,-1.3815186,-0.7613951,0.15208387,0.63019669,0
-2.7825146,-0.31911588,-1.3987219,-0.64122975,-0.31972778,-0.69756603,0
-0.95067108,2.4344783,0.46659136,-0.7613951,0.15208387,0.63019669,0
-0.5983386,-4.4945474,-0.99907279,0.095402837,-0.93522429,0.34095997,0
1.7508485,-0.40505129,3.1170006,0.64122975,0.31972778,0.69756603,0
-1.5037625,4.0298529,-0.67952657,-0.095402837,0.93522429,-0.34095997,0
-3.2558341,1.0846341,-1.5917653,-0.7613951,0.15208387,0.63019669,0
2.3025343,3.7452366,-0.78148127,0.7613951,-0.15208387,-0.63019669,0
-1.4037473,-1.4869914,1.0689695,-0.7613951,0.15208387,0.63019669,0
0.53023791,3.9503076,-0.72347903,-0.095402837,0.93522429,-0.34095997,0
2.32565,2.1572657,1.1246443,0.64122975,0.31972778,0.69756603,0
2.2735116,4.5104299,-0.44169664,-0.095402837,0.93522429,-0.34095997,0
-1.7721546,3.5908885,-1.7444513,-0.095402837,0.93522429,-0.34095997,0
-2.2053335,-2.8876879,-0.78038412,-0.64122975,-0.31972778,-0.69756603,0
2.2065914,0.25322032,2.4152069,0.64122975,0.31972778,0.69756603,0
1.9066813,-1.7992383,0.041061163,0.7613951,-0.15208387,-0.63019669,0
0.10612714,2.7550511,-3.0505452,0.7613951,-0.15208387,-0.63019669,0
-0.24876288,-3.1247177,3.0730677,0.095402837,-0.93522429,0.34095997,0
1.2817835,-0.7253691,-0.78461719,0.7613951,-0.15208387,-0.63019669,0
1.4169736,-1.956622,4.033833,0.64122975,0.31972778,0.69756603,0
0.33544254,3.6795301,2.0196462,0.64122975,0.31972778,0.69756603,0
1.7007127,-1.8925343,3.8460507,0.64122975,0.31972778,0.69756603,0
0.78613889,3.3282096,-2.2849884,-0.095402837,0.93522429,-0.34095997,0
0.60833043,0.089108586,-1.3693717,0.7613951,-0.15208387,-0.63019669,0
-2.0110743,1.1937382,-0.63693583,-0.7613951,0.15208387,0.63019669,0
-2.6689868,-1.1186439,-1.3997123,-0.64122975,-0.31972778,-0.69756603,0
2.3755021,-2.7563562,1.2747219,0.7613951,-0.15208387,-0.63019669,0
-1.2816303,-2.908689,-1.6454039,-0.64122975,-0.31972778,-0.69756603,0
-2.5782707,3.076786,-2.7679045,-0.095402837,0.93522429,-0.34095997,0
1.2231722,-2.4543853,4.0909004,0.095402837,-0.93522429,0.34095997,0
-2.7392077,1.2697048,-2.1744878,-0.64122975,-0.31972778,-0.69756603,0
2.0751173,-0.55860341,2.4997582,0.64122975,0.31972778,0.69756603,0
2.2346396,-0.73595703,2.4461718,0.64122975,0.31972778,0.69756603,0
-2.880532,-2.5413926,-0.62672842,-0.64122975,-0.31972778,-0.69756603,0
1.0124421,2.7995849,-1.9080644,0.7613951,-0.15208387,-0.63019669,0
2.4590819,-3.3604822,1.4493711,0.7613951,-0.15208387,-0.63019669,0
1.110774,2.5031199,2.1444006,0.64122975,0.31972778,0.69756603,0
2.8608572,3.4682353,0.07194078,0.7613951,-0.15208387,-0.63019669,0
1.7798221,4.0230465,-1.0924059,-0.095402837,0.93522429,-0.34095997,0
0.29337978,4.7515554,1.4492438,-0.095402837,0.93522429,-0.34095997,0
1.7587781,-2.3100092,3.6464896,0.64122975,0.31972778,0.69756603,0
0.98174787,-3.8326018,1.1474898,0.095402837,-0.93522429,0.34095997,0
-1.9763086,-2.3568099,-1.3432574,-0.64122975,-0.31972778,-0.69756603,0
2.1938748,-0.29927897,2.5800023,0.64122975,0.31972778,0.69756603,0
1.4847691,4.2441969,-0.18285966,-0.095402837,0.93522429,-0.34095997,0
-1.8705702,2.2255468,-3.6216621,-0.64122975,-0.31972778,-0.69756603,0
2.2483854,3.6118016,0.54497313,0.64122975,0.31972778,0.69756603,0
-2.4670231,0.046938658,-0.40497363,-0.7613951,0.15208387,0.63019669,0
-1.7166243,-1.6655082,-1.703486,-0.64122975,-0.31972778,-0.69756603,0
-1.5665948,4.1188917,-0.44300437,-0.7613951,0.15208387,0.63019669,0
-0.58901167,-2.4139345,-2.4400187,-0.64122975,-0.31972778,-0.69756603,0
2.0378423,-1.4791738,2.8326557,0.64122975,0.31972778,0.69756603,0
-0.33927703,4.5577102,0.60323453,-0.095402837,0.93522429,-0.34095997,0
1.311697,-2.1650701,-0.33129978,0.7613951,-0.15208387,-0.63019669,0
-1.9828656,-4.2764349,-0.25168896,-0.64122975,-0.31972778,-0.69756603,0
-1.6913428,-0.11990422,-2.8233986,-0.64122975,-0.31972778,-0.69756603,0
0.62938148,1.1140592,-1.9305618,0.7613951,-0.15208387,-0.63019669,0
2.2290971,0.79662466,2.1519723,0.64122975,0.31972778,0.69756603,0
-1.5999222,3.4171333,-1.5631788,-0.095402837,0.93522429,-0.34095997,0
-2.6728368,3.1783631,-2.1318245,-0.095402837,0.93522429,-0.34095997,0
-0.62972713,1.0185232,-3.4936259,0.7613951,-0.15208387,-0.63019669,0
-1.0023574,-0.28902149,1.5160091,-0.7613951,0.15208387,0.63019669,0
3.2280664,-1.5324924,2.1966035,0.64122975,0.31972778,0.69756603,0
1.9069115,-0.87957728,0.18716431,0.7613951,-0.15208387,-0.63019669,0
-2.6297874,3.0015311,-3.0761037,-0.095402837,0.93522429,-0.34095997,0
0.25287426,-3.4235046,2.6675358,0.095402837,-0.93522429,0.34095997,0
-1.8461566,0.62521315,-2.8446321,-0.64122975,-0.31972778,-0.69756603,0
2.5913968,1.9739019,1.0831599,0.64122975,0.31972778,0.69756603,0
-2.3773081,-2.1990685,-0.25409949,-0.7613951,0.15208387,0.63019669,0
-1.8373797,-4.2985916,0.51947761,0.095402837,-0.93522429,0.34095997,0
1.0570679,3.9525845,-1.2638338,-0.095402837,0.93522429,-0.34095997,0
-1.1580117,2.0660517,-4.0597444,-0.64122975,-0.31972778,-0.69756603,0
-0.53645277,-4.4743299,-1.8585417,0.7613951,-0.15208387,-0.63019669,0
-1.4539421,-2.1921206,1.0744655,-0.7613951,0.15208387,0.63019669,0
3.0842533,0.079157591,1.1401874,0.7613951,-0.15208387,-0.63019669,0
-1.9822973,-2.1507525,0.22821838,-0.7613951,0.15208387,0.63019669,0
3.1083608,-1.6336589,2.2904749,0.64122975,0.31972778,0.69756603,0
-2.2726431,3.1650093,-2.3369224,-0.095402837,0.93522429,-0.34095997,0
-0.19727778,2.6435854,1.6089227,-0.7613951,0.15208387,0.63019669,0
2.6450677,-2.2016249,2.941571,0.64122975,0.31972778,0.69756603,0
-1.9032164,3.0073538,-3.0519986,-0.095402837,0.93522429,-0.34095997,0
2.8310275,1.9715431,0.97183925,0.64122975,0.31972778,0.69756603,0
2.2843914,1.6278753,1.3815312,0.64122975,0.31972778,0.69756603,0
-0.21745968,3.7383034,-1.0552394,-0.095402837,0.93522429,-0.34095997,0
1.6100857,1.7767611,2.1788132,0.64122975,0.31972778,0.69756603,0
-0.62294626,3.676913,-0.899652,-0.095402837,0.93522429,-0.34095997,0
1.9204752,-2.0352015,3.6796279,0.64122975,0.31972778,0.69756603,0
-0.045586586,-4.2880368,-1.435199,0.7613951,-0.15208387,-0.63019669,0
-1.39123,3.3700919,-2.584461,-0.095402837,0.93522429,-0.34095997,0
-0.95325506,1.0792054,0.85732079,-0.7613951,0.15208387,0.63019669,0
2.2688806,-0.070170403,2.1296678,0.64122975,0.31972778,0.69756603,0
2.8508039,-2.1709406,2.6034491,0.64122975,0.31972778,0.69756603,0
1.9128456,1.9527887,1.4811822,0.64122975,0.31972778,0.69756603,0
-0.54400539,-2.3709233,-2.667031,0.7613951,-0.15208387,-0.63019669,0
0.017398238,-3.7811687,1.9084699,0.095402837,-0.93522429,0.34095997,0
-0.41906238,-1.3717889,-2.6274092,0.7613951,-0.15208387,-0.63019669,0
-2.3838573,1.3128654,-2.5470676,-0.64122975,-0.31972778,-0.69756603,0
-1.1477205,3.1800985,-2.9178977,-0.095402837,0.93522429,-0.34095997,0
1.2902105,1.4732459,-1.4388107,0.7613951,-0.15208387,-0.63019669,0
0.6162833,-3.5359397,1.3341813,0.095402837,-0.93522429,0.34095997,0
-1.490458,-4.3770819,-0.71245718,-0.64122975,-0.31972778,-0.69756603,0
2.3589199,-2.0841832,2.8855891,0.64122975,0.31972778,0.69756603,0
0.84699565,-3.4461572,1.5998583,0.095402837,-0.93522429,0.34095997,0
1.4768,0.5617556,2.8526435,0.64122975,0.31972778,0.69756603,0
3.2191675,-2.68397,2.0628579,0.7613951,-0.15208387,-0.63019669,0
1.3876288,4.1567159,-1.1315088,-0.095402837,0.93522429,-0.34095997,0
-1.6407483,2.7129529,-3.8490415,-0.095402837,0.93522429,-0.34095997,0
0.040096283,-4.4035711,-0.65411496,0.095402837,-0.93522429,0.34095997,0
-2.3930185,-0.48983431,-1.839873,-0.64122975,-0.31972778,-0.69756603,0
-1.3784437,0.82859957,-3.625284,-0.64122975,-0.31972778,-0.69756603,0
-1.8645394,3.6420636,-1.264317,-0.095402837,0.93522429,-0.34095997,0
-3.1310129,-0.36345625,-1.5394272,-0.64122975,-0.31972778,-0.69756603,0
0.48392904,2.7895513,-2.3555055,0.7613951,-0.15208387,-0.63019669,0
1.5498872,-0.84772325,3.5064662,0.64122975,0.31972778,0.69756603,0
-1.598184,2.8055816,-0.17237544,-0.7613951,0.15208387,0.63019669,0
-0.79713106,3.5655446,-2.178335,-0.095402837,0.93522429,-0.34095997,0
0.42199898,4.7159028,1.1917274,-0.095402837,0.93522429,-0.34095997,0
1.8561099,3.3330834,0.9433465,0.64122975,0.31972778,0.69756603,0
-1.1972589,-1.1439809,1.144594,-0.7613951,0.15208387,0.63019669,0
2.9808969,-1.6440873,2.3803658,0.64122975,0.31972778,0.69756603,0
0.47053814,-4.3392506,-0.070627213,0.095402837,-0.93522429,0.34095997,0
-2.7729955,-2.8315387,-0.18657458,-0.7613951,0.15208387,0.63019669,0
-1.7355299,-4.5875149,-0.59541464,0.095402837,-0.93522429,0.34095997,0
-0.87067938,2.9244423,-3.5465226,-0.095402837,0.93522429,-0.34095997,0
0.30506921,2.5236864,2.1452091,-0.7613951,0.15208387,0.63019669,0
-1.4897118,0.49596518,-3.0489995,-0.64122975,-0.31972778,-0.69756603,0
1.5766447,1.6256945,1.9461215,0.64122975,0.31972778,0.69756603,0
2.9446065,-1.114985,1.142436,0.7613951,-0.15208387,-0.63019669,0
1.7423831,1.8778367,-0.61144948,0.7613951,-0.15208387,-0.63019669,0
2.007463,2.6173213,1.0422165,0.64122975,0.31972778,0.69756603,0
1.09058,1.0603192,2.6400452,0.64122975,0.31972778,0.69756603,0
-1.2462502,0.83571494,0.82164317,-0.7613951,0.15208387,0.63019669,0
-0.49140787,2.7596445,-3.894309,0.7613951,-0.15208387,-0.63019669,0
0.17987657,4.2881117,0.13659096,-0.095402837,0.93522429,-0.34095997,0
2.917331,2.7884634,0.53607875,0.64122975,0.31972778,0.69756603,0
1.1962295,3.2902672,1.7627859,0.64122975,0.31972778,0.69756603,0
-2.5371759,1.6160088,-2.8658233,-0.64122975,-0.31972778,-0.69756603,0
-2.7123206,0.62273479,-2.2013068,-0.64122975,-0.31972778,-0.69756603,0
2.7164965,1.2560186,1.5054989,0.64122975,0.31972778,0.69756603,0
1.9949079,-0.94211435,2.6666155,0.64122975,0.31972778,0.69756603,0
0.58331913,3.3349209,-2.1653051,-0.095402837,0.93522429,-0.34095997,0
0.52508909,-3.1790104,2.5573964,0.095402837,-0.93522429,0.34095997,0
0.23913813,-0.81474364,-1.8354073,0.7613951,-0.15208387,-0.63019669,0
1.0313804,0.30851454,3.2928402,0.64122975,0.31972778,0.69756603,0
2.6162801,-0.45750809,1.8746376,0.64122975,0.31972778,0.69756603,0
0.89130914,-4.1904531,0.29437685,0.095402837,-0.93522429,0.34095997,0
-1.665177,3.6926506,-0.5196476,-0.7613951,0.15208387,0.63019669,0
-0.74985743,-3.4348929,-1.9770231,-0.64122975,-0.31972778,-0.69756603,0
1.8542657,2.1457736,1.4073002,0.64122975,0.31972778,0.69756603,0
0.53728676,2.9828677,2.033911,-0.7613951,0.15208387,0.63019669,0
-2.1910374,-0.90357959,-2.0938432,-0.64122975,-0.31972778,-0.69756603,0
-2.6743186,-2.6964591,-0.71723789,-0.64122975,-0.31972778,-0.69756603,0
-2.0781155,1.5531832,-3.1708891,-0.64122975,-0.31972778,-0.69756603,0
-0.013552427,4.5427022,0.29869366,-0.095402837,0.93522429,-0.34095997,0
-0.082034826,3.4893038,1.1909809,-0.7613951,0.15208387,0.63019669,0
-1.905885,3.0280187,-3.2054036,-0.095402837,0.93522429,-0.34095997,0
-1.2086502,1.9321828,0.67113495,-0.7613951,0.15208387,0.63019669,0
-0.76987696,-2.5126948,-2.5375443,-0.64122975,-0.31972778,-0.69756603,0
0.87462783,3.8375616,-1.9941357,-0.095402837,0.93522429,-0.34095997,0
1.6538599,2.6588187,-0.77055979,0.7613951,-0.15208387,-0.63019669,0
-2.9842274,3.1598303,-1.8362365,-0.095402837,0.93522429,-0.34095997,0
-1.5411309,1.5433481,-0.097011924,-0.7613951,0.15208387,0.63019669,0
-0.40282345,3.771121,-0.70440626,-0.095402837,0.93522429,-0.34095997,0
1.7013676,1.8607318,1.9295449,0.64122975,0.31972778,0.69756603,0
-1.7895312,-4.459444,-0.16864562,0.095402837,-0.93522429,0.34095997,0
2.6555023,2.900486,0.38163936,0.64122975,0.31972778,0.69756603,0
1.6319377,-2.5656385,3.7508616,0.64122975,0.31972778,0.69756603,0
-1.0900482,3.9018893,-0.93493795,-0.095402837,0.93522429,-0.34095997,0
-0.029600859,-4.5368752,-0.18389678,0.095402837,-0.93522429,0.34095997,0
0.76911831,-3.4874668,-0.49473405,0.7613951,-0.15208387,-0.63019669,0
1.7811282,4.5043302,-0.20529747,-0.095402837,0.93522429,-0.34095997,0
-2.121047,-0.96180189,-1.7964125,-0.64122975,-0.31972778,-0.69756603,0
0.43782699,0.49190861,-1.918368,0.7613951,-0.15208387,-0.63019669,0
1.4942136,-3.1284194,2.9176395,0.095402837,-0.93522429,0.34095997,0
-1.8934844,0.30150056,-2.6068127,-0.64122975,-0.31972778,-0.69756603,0
0.48949981,-2.2060754,-1.3847467,0.7613951,-0.15208387,-0.63019669,0
1.1396041,-1.9982667,4.1388812,0.64122975,0.31972778,0.69756603,0
0.61285228,3.5871696,-2.2758584,-0.095402837,0.93522429,-0.34095997,0
-0.23625326,-4.0666771,1.0070844,0.095402837,-0.93522429,0.34095997,0
1.9662535,2.4100175,1.183302,0.64122975,0.31972778,0.69756603,0
3.3650548,-3.0719864,2.51985,0.095402837,-0.93522429,0.34095997,0
-2.7361073,-1.7495669,-0.49352518,-0.7613951,0.15208387,0.63019669,0
-2.6894746,-0.6046257,-0.82735217,-0.7613951,0.15208387,0.63019669,0
3.176966,-3.07935,1.9362295,0.095402837,-0.93522429,0.34095997,0
-0.074643731,3.5977211,-1.7314472,-0.095402837,0.93522429,-0.34095997,0
-1.2335348,-2.084703,-2.4334292,-0.64122975,-0.31972778,-0.69756603,0
-2.2466514,0.0760777,-0.3261708,-0.7613951,0.15208387,0.63019669,0
-0.54802173,-1.8301233,2.3665531,-0.7613951,0.15208387,0.63019669,0
1.7480202,0.57192057,2.6556206,0.64122975,0.31972778,0.69756603,0
-2.8848739,2.6007357,-3.0692525,-0.64122975,-0.31972778,-0.69756603,0
0.71961355,3.0421033,2.2540817,-0.7613951,0.15208387,0.63019669,0
-2.2109799,1.9469469,-2.9001288,-0.64122975,-0.31972778,-0.69756603,0
-2.1830907,-3.638495,0.57971632,-0.7613951,0.15208387,0.63019669,0
-1.569828,-0.42933622,-2.8378358,-0.64122975,-0.31972778,-0.69756603,0
2.8330121,-2.9735641,3.0638702,0.095402837,-0.93522429,0.34095997,0
0.74234068,3.8072228,-1.2900133,-0.095402837,0.93522429,-0.34095997,0
0.051879883,4.557405,1.0313764,-0.095402837,0.93522429,-0.34095997,0
0.28973007,0.3835859,2.3782945,-0.7613951,0.15208387,0.63019669,0
1.8325548,4.1868095,-0.62719297,-0.095402837,0.93522429,-0.34095997,0
0.69993091,4.0379558,-0.81998754,-0.095402837,0.93522429,-0.34095997,0
-0.53447407,-2.7929168,2.416126,-0.7613951,0.15208387,0.63019669,0
-0.89750576,-4.5630722,-0.2334609,0.095402837,-0.93522429,0.34095997,0
1.8397775,-3.7345772,1.3291254,0.095402837,-0.93522429,0.34095997,0
1.5349236,-3.6713729,0.67027235,0.7613951,-0.15208387,-0.63019669,0
-2.7762005,1.4862604,-1.2780744,-0.7613951,0.15208387,0.63019669,0
