3.7871327,-2.3496699,0.56246459,0.31124955,-0.86267382,0.39864475,0
4.3737845,1.190922,0.070061922,0.90826303,0.39345673,0.14230293,0
1.0511069,0.3221308,1.6708554,-0.27961046,0.31778264,0.90599799,0
3.6321225,2.2733426,1.4210424,0.90826303,0.39345673,0.14230293,0
-4.5106168,-0.9064343,-0.46549654,-0.90826303,-0.39345673,-0.14230293,0
-3.7820106,-2.4108863,-0.22792149,-0.90826303,-0.39345673,-0.14230293,0
-2.9758358,1.8367829,-2.6732101,-0.31124955,0.86267382,-0.39864475,0
4.9794712,-0.98416764,2.6033599,0.31124955,-0.86267382,0.39864475,0
4.7436328,-0.22108352,1.9481702,0.90826303,0.39345673,0.14230293,0
1.3503213,4.6372375,0.16746044,-0.31124955,0.86267382,-0.39864475,0
1.1847365,2.6469059,-2.062295,0.27961046,-0.31778264,-0.90599799,0
-1.2456474,2.7660468,-2.0428438,-0.31124955,0.86267382,-0.39864475,0
4.2358809,0.87706876,1.2398775,0.90826303,0.39345673,0.14230293,0
4.0120139,1.2740554,2.4446774,0.90826303,0.39345673,0.14230293,0
0.69166267,-1.005877,-0.9042449,0.27961046,-0.31778264,-0.90599799,0
1.6226482,-3.2362041,0.064317107,0.31124955,-0.86267382,0.39864475,0
-2.8700099,2.5263548,-1.3736732,-0.31124955,0.86267382,-0.39864475,0
2.7029564,3.0521431,1.2216699,-0.27961046,0.31778264,0.90599799,0
1.198616,-3.1323709,1.4227161,0.31124955,-0.86267382,0.39864475,0
-2.9644384,-4.4675026,0.28916883,-0.90826303,-0.39345673,-0.14230293,0
2.886533,-2.4831738,1.421559,0.31124955,-0.86267382,0.39864475,0
0.11656976,-3.3622959,1.6537147,0.31124955,-0.86267382,0.39864475,0
-3.3945,-4.1091952,0.84778214,-0.90826303,-0.39345673,-0.14230293,0
3.5154638,-1.7576652,2.0643086,0.31124955,-0.86267382,0.39864475,0
-2.6862862,-1.1104906,1.2292002,-0.27961046,0.31778264,0.90599799,0
-3.8874407,-2.5635591,1.3591533,-0.27961046,0.31778264,0.90599799,0
-2.4629731,-5.3113256,-0.36408567,0.31124955,-0.86267382,0.39864475,0
0.62808609,-3.3864193,0.79154873,0.31124955,-0.86267382,0.39864475,0
-1.110201,0.94382799,0.88442695,-0.27961046,0.31778264,0.90599799,0
-0.56591058,-3.2990599,2.5279796,0.31124955,-0.86267382,0.39864475,0
-0.87091255,2.7501531,-2.267941,-0.31124955,0.86267382,-0.39864475,0
2.7001328,4.3821607,-1.8644977,-0.31124955,0.86267382,-0.39864475,0
-2.8511167,2.2201457,-2.1899965,-0.31124955,0.86267382,-0.39864475,0
-1.2781475,-2.4380949,-1.0347228,0.27961046,-0.31778264,-0.90599799,0
4.4305091,-0.18411417,2.8269925,0.90826303,0.39345673,0.14230293,0
2.4945593,4.820744,0.064000607,-0.31124955,0.86267382,-0.39864475,0
-3.3251729,-1.6603718,1.1468942,-0.27961046,0.31778264,0.90599799,0
1.4055977,-2.591887,2.2232211,0.31124955,-0.86267382,0.39864475,0
-2.8125572,2.2556968,-1.4835429,-0.31124955,0.86267382,-0.39864475,0
-2.0542045,0.99486655,-2.7109668,0.27961046,-0.31778264,-0.90599799,0
-5.09161,1.3027129,-1.6074598,-0.90826303,-0.39345673,-0.14230293,0
-3.7493625,-3.1046438,-0.090811729,-0.90826303,-0.39345673,-0.14230293,0
5.0172124,-0.65552783,2.0521131,0.90826303,0.39345673,0.14230293,0
-3.7917264,0.76097465,-3.2135637,0.27961046,-0.31778264,-0.90599799,0
-4.0220957,1.998867,-1.5889281,-0.31124955,0.86267382,-0.39864475,0
4.1489916,-2.4517679,0.41775388,0.31124955,-0.86267382,0.39864475,0
0.65459919,-3.4657452,0.35132003,0.31124955,-0.86267382,0.39864475,0
1.4878983,4.1181087,0.59767675,-0.27961046,0.31778264,0.90599799,0
4.7168379,-0.35723567,1.7689598,0.90826303,0.39345673,0.14230293,0
2.4825747,-2.1536727,2.3383195,0.31124955,-0.86267382,0.39864475,0
1.6889045,3.8622394,-1.9670651,-0.31124955,0.86267382,-0.39864475,0
-1.6542296,3.4138341,-0.25360441,-0.31124955,0.86267382,-0.39864475,0
0.25048876,1.5478253,1.3826013,-0.27961046,0.31778264,0.90599799,0
-3.9527276,1.5941008,-1.7497907,-0.31124955,0.86267382,-0.39864475,0
-4.1123037,-1.7713543,-1.2622857,-0.90826303,-0.39345673,-0.14230293,0
-3.8090405,-1.489249,0.85457921,-0.27961046,0.31778264,0.90599799,0
1.8112047,-0.49958444,2.5537264,-0.27961046,0.31778264,0.90599799,0
-0.70478964,-3.7827821,1.4178631,0.31124955,-0.86267382,0.39864475,0
0.89913988,4.6705732,0.33007336,-0.31124955,0.86267382,-0.39864475,0
-3.8537049,0.65467525,0.37652457,-0.27961046,0.31778264,0.90599799,0
4.0835242,-2.3447254,0.72783613,0.31124955,-0.86267382,0.39864475,0
-0.75558448,-0.39448953,1.6961668,-0.27961046,0.31778264,0.90599799,0
4.0389123,2.4528739,-0.97800016,0.90826303,0.39345673,0.14230293,0
1.1027991,-2.4824724,2.333004,0.31124955,-0.86267382,0.39864475,0
1.3172286,4.3556862,0.53436279,-0.27961046,0.31778264,0.90599799,0
4.4550333,-1.0543616,2.7471805,0.31124955,-0.86267382,0.39864475,0
4.5999551,-0.8972556,3.0543318,0.31124955,-0.86267382,0.39864475,0
5.1918373,-1.168927,2.1054206,0.90826303,0.39345673,0.14230293,0
3.2187572,-0.26375008,-0.74637234,0.27961046,-0.31778264,-0.90599799,0
-3.3792918,-3.8157525,1.2527127,-0.90826303,-0.39345673,-0.14230293,0
4.587122,-1.4198177,1.896395,0.31124955,-0.86267382,0.39864475,0
4.5659428,-1.7572198,1.5746801,0.31124955,-0.86267382,0.39864475,0
-3.8106341,-2.7714684,1.4113657,-0.27961046,0.31778264,0.90599799,0
3.5742435,-2.1344042,0.080665231,0.27961046,-0.31778264,-0.90599799,0
-4.6824503,0.11497962,-1.6916437,-0.90826303,-0.39345673,-0.14230293,0
-2.8594656,-2.7760146,1.9368374,-0.27961046,0.31778264,0.90599799,0
4.4677081,0.31140637,1.6529632,0.90826303,0.39345673,0.14230293,0
-2.7092869,-4.461483,1.5090404,0.31124955,-0.86267382,0.39864475,0
4.3335786,0.92239296,0.87961698,0.90826303,0.39345673,0.14230293,0
-3.9312496,-1.592492,-0.77332282,-0.90826303,-0.39345673,-0.14230293,0
3.8008776,-2.3352771,0.89943945,0.31124955,-0.86267382,0.39864475,0
4.0335197,1.4108324,0.57240939,0.90826303,0.39345673,0.14230293,0
-3.2385674,-4.0060472,1.1476593,-0.90826303,-0.39345673,-0.14230293,0
4.4425683,1.2148896,1.091691,0.90826303,0.39345673,0.14230293,0
-1.3208063,-0.73446965,1.4885154,-0.27961046,0.31778264,0.90599799,0
2.0425596,4.7207775,0.29663277,-0.31124955,0.86267382,-0.39864475,0
-5.1767983,0.61683965,-0.58990812,-0.90826303,-0.39345673,-0.14230293,0
-5.1569157,0.37345147,-1.0739651,-0.90826303,-0.39345673,-0.14230293,0
0.027658701,3.7293403,-0.23531485,-0.31124955,0.86267382,-0.39864475,0
-0.89967489,3.5435519,-0.6195339,-0.31124955,0.86267382,-0.39864475,0
-2.6621931,-1.1474786,1.2116029,-0.27961046,0.31778264,0.90599799,0
3.2506518,3.0431361,1.2738733,0.90826303,0.39345673,0.14230293,0
3.2235546,3.9415774,0.3637681,0.90826303,0.39345673,0.14230293,0
3.8018062,2.6308918,-0.48581696,0.90826303,0.39345673,0.14230293,0
0.21729755,1.5421433,-2.1348569,0.27961046,-0.31778264,-0.90599799,0
-0.37714267,2.8757269,-2.3886893,-0.31124955,0.86267382,-0.39864475,0
-0.44778901,1.1638262,-2.1620154,0.27961046,-0.31778264,-0.90599799,0
0.5818634,-3.9361446,-0.26803207,0.27961046,-0.31778264,-0.90599799,0
0.52879381,-1.5131545,2.3974457,-0.27961046,0.31778264,0.90599799,0
-4.4033494,0.85261899,-3.1974177,-0.31124955,0.86267382,-0.39864475,0
-1.3245002,2.4306436,0.37376404,-0.27961046,0.31778264,0.90599799,0
-3.088273,-4.214633,-0.72502518,-0.90826303,-0.39345673,-0.14230293,0
-4.2451811,-1.96751,0.1045146,-0.90826303,-0.39345673,-0.14230293,0
-2.872812,-4.5145826,1.0326676,0.31124955,-0.86267382,0.39864475,0
-4.0436077,-2.3681335,0.18890619,-0.90826303,-0.39345673,-0.14230293,0
0.45647836,-2.7738435,2.0796387,0.31124955,-0.86267382,0.39864475,0
2.3667126,3.6903577,-2.3544538,-0.31124955,0.86267382,-0.39864475,0
-4.8334002,0.668594,-1.9447359,-0.90826303,-0.39345673,-0.14230293,0
-3.3156848,-0.44322729,0.69232988,-0.27961046,0.31778264,0.90599799,0
-3.3624783,1.5667194,-2.8288944,-0.31124955,0.86267382,-0.39864475,0
3.8114362,-1.9707736,1.2584461,0.31124955,-0.86267382,0.39864475,0
-1.4921486,-0.96750617,1.5559864,-0.27961046,0.31778264,0.90599799,0
-1.6429788,-0.51413107,1.5438452,-0.27961046,0.31778264,0.90599799,0
-0.51470149,-0.71386194,1.8116086,-0.27961046,0.31778264,0.90599799,0
3.6872678,2.5397301,1.7261567,-0.27961046,0.31778264,0.90599799,0
-3.6831124,-2.8321028,-0.5915556,-0.90826303,-0.39345673,-0.14230293,0
2.812115,4.6476712,0.84353352,0.90826303,0.39345673,0.14230293,0
-4.9866896,-0.25995851,-0.22356892,-0.90826303,-0.39345673,-0.14230293,0
1.8739238,1.8772662,-1.8517684,0.27961046,-0.31778264,-0.90599799,0
-0.23113227,3.0009592,-1.9597211,-0.31124955,0.86267382,-0.39864475,0
4.7672777,-0.063371778,2.7232487,0.90826303,0.39345673,0.14230293,0
-4.2219768,-2.1264729,0.59430122,-0.90826303,-0.39345673,-0.14230293,0
4.3317199,1.1151004,0.72476959,0.90826303,0.39345673,0.14230293,0
2.6170914,-2.2772861,1.3654191,0.31124955,-0.86267382,0.39864475,0
-0.66970277,-4.2035875,0.45646667,0.31124955,-0.86267382,0.39864475,0
-3.0812006,1.6288059,-3.0027742,-0.31124955,0.86267382,-0.39864475,0
-2.0338082,2.3609996,-2.1657128,-0.31124955,0.86267382,-0.39864475,0
4.1612568,1.3131211,-0.91713595,0.27961046,-0.31778264,-0.90599799,0
4.7636085,-0.84433669,2.9813609,0.90826303,0.39345673,0.14230293,0
-4.6771221,0.64579964,-0.22291088,-0.27961046,0.31778264,0.90599799,0
-1.6975358,3.100771,-0.6386708,-0.31124955,0.86267382,-0.39864475,0
-1.9202509,2.1038682,-2.4817433,-0.31124955,0.86267382,-0.39864475,0
-0.98016524,-4.2995253,-0.33760786,0.27961046,-0.31778264,-0.90599799,0
-2.6425216,-4.794466,-0.2996521,-0.90826303,-0.39345673,-0.14230293,0
-4.4500284,2.1994209,-0.88376814,-0.31124955,0.86267382,-0.39864475,0
-0.18109083,-3.558413,0.78877759,0.31124955,-0.86267382,0.39864475,0
0.78195524,3.8605168,-1.5020604,-0.31124955,0.86267382,-0.39864475,0
-4.9842534,1.1945479,-1.8697795,-0.31124955,0.86267382,-0.39864475,0
-2.6179881,0.55669314,-2.8589022,0.27961046,-0.31778264,-0.90599799,0
1.1453663,2.8401599,-2.1767952,0.27961046,-0.31778264,-0.90599799,0
5.0518575,-0.29862785,1.1843994,0.90826303,0.39345673,0.14230293,0
-0.15711918,-0.26647568,1.6404895,-0.27961046,0.31778264,0.90599799,0
-2.4107571,2.4848979,-1.1253395,-0.31124955,0.86267382,-0.39864475,0
5.0071764,-0.8366701,2.9412026,0.31124955,-0.86267382,0.39864475,0
-4.6828671,-0.90658712,0.65912771,-0.27961046,0.31778264,0.90599799,0
-2.572392,-3.8892193,1.9968753,0.31124955,-0.86267382,0.39864475,0
1.6426277,-2.5684288,1.8962884,0.31124955,-0.86267382,0.39864475,0
1.8520161,-2.2803338,2.5499141,0.31124955,-0.86267382,0.39864475,0
-4.799232,1.0696895,-0.21158028,-0.27961046,0.31778264,0.90599799,0
-2.8734999,2.4228482,-1.3351344,-0.31124955,0.86267382,-0.39864475,0
-3.636138,-2.3876433,-0.68461561,-0.90826303,-0.39345673,-0.14230293,0
-0.51797175,-3.8331633,0.75163317,0.31124955,-0.86267382,0.39864475,0
1.7257925,-2.496911,1.7314137,0.31124955,-0.86267382,0.39864475,0
-3.8576469,-2.5077264,-0.82269335,-0.90826303,-0.39345673,-0.14230293,0
0.35846925,3.7276821,-1.1741598,-0.31124955,0.86267382,-0.39864475,0
-1.5121434,-1.4150157,1.6934828,-0.27961046,0.31778264,0.90599799,0
0.59304929,2.6066353,0.87495089,-0.27961046,0.31778264,0.90599799,0
-4.9551606,0.14665461,-0.76433635,-0.90826303,-0.39345673,-0.14230293,0
4.3497739,0.78146219,-0.67404914,0.27961046,-0.31778264,-0.90599799,0
4.7474861,0.24996257,1.090595,0.90826303,0.39345673,0.14230293,0
0.30712247,-3.1378644,-0.3586483,0.27961046,-0.31778264,-0.90599799,0
3.9836652,1.7055929,2.0843236,0.90826303,0.39345673,0.14230293,0
2.0853868,4.6947727,-0.12524843,-0.31124955,0.86267382,-0.39864475,0
-4.2303653,-0.85376465,-2.0945966,-0.90826303,-0.39345673,-0.14230293,0
-4.4416409,-1.3306472,-0.098898649,-0.90826303,-0.39345673,-0.14230293,0
-1.1452541,-4.680892,-0.20609379,0.31124955,-0.86267382,0.39864475,0
-3.9991071,-2.2501054,1.3383234,-0.27961046,0.31778264,0.90599799,0
-3.9672661,-2.1032567,-0.41754723,-0.90826303,-0.39345673,-0.14230293,0
0.85637784,4.3236613,-0.056517124,-0.31124955,0.86267382,-0.39864475,0
-4.5538311,-0.050480604,-1.5398757,-0.90826303,-0.39345673,-0.14230293,0
1.8509806,1.3847069,-1.3760626,0.27961046,-0.31778264,-0.90599799,0
4.1012797,1.1408597,1.9840066,0.90826303,0.39345673,0.14230293,0
4.8810534,-0.27638674,0.24791288,0.90826303,0.39345673,0.14230293,0
-0.31152534,-2.8396535,-0.68395162,0.27961046,-0.31778264,-0.90599799,0
0.76180077,3.6812229,-0.96623397,-0.31124955,0.86267382,-0.39864475,0
2.5106463,4.6066628,-0.79338121,-0.31124955,0.86267382,-0.39864475,0
2.5329347,-2.4475369,1.1778805,0.31124955,-0.86267382,0.39864475,0
3.7069943,0.0088188648,-0.61258793,0.27961046,-0.31778264,-0.90599799,0
0.85511851,4.2244158,-0.8011713,-0.31124955,0.86267382,-0.39864475,0
0.017757654,1.5738475,-2.0464134,0.27961046,-0.31778264,-0.90599799,0
-2.9894829,-4.6644626,-0.40400124,-0.90826303,-0.39345673,-0.14230293,0
2.9940677,2.8288386,1.5676317,-0.27961046,0.31778264,0.90599799,0
1.6098597,-2.2778628,2.5328047,0.31124955,-0.86267382,0.39864475,0
0.069376707,3.9372144,-0.62631607,-0.31124955,0.86267382,-0.39864475,0
4.9632883,-0.23626089,1.3847067,0.90826303,0.39345673,0.14230293,0
0.51885772,3.3435597,-2.3993011,-0.31124955,0.86267382,-0.39864475,0
0.094592094,-0.93964404,-1.1259136,0.27961046,-0.31778264,-0.90599799,0
-2.4556503,-3.2380564,-1.1223743,0.27961046,-0.31778264,-0.90599799,0
-4.9674149,1.0920695,-2.2284117,-0.31124955,0.86267382,-0.39864475,0
-4.3918571,1.675495,-0.46276307,-0.27961046,0.31778264,0.90599799,0
-5.3096061,1.2510138,-0.43401337,-0.90826303,-0.39345673,-0.14230293,0
-2.4006217,2.3957105,-1.403929,-0.31124955,0.86267382,-0.39864475,0
-1.3878605,-4.7030768,0.060901165,0.31124955,-0.86267382,0.39864475,0
-3.1141572,-3.7988467,-0.89888334,-0.90826303,-0.39345673,-0.14230293,0
2.5165825,-1.6370208,-0.3859939,0.27961046,-0.31778264,-0.90599799,0
0.66831875,2.1772983,1.0273439,-0.27961046,0.31778264,0.90599799,0
3.0468264,4.8032451,-0.041784763,0.90826303,0.39345673,0.14230293,0
4.4853225,0.78201485,0.40127993,0.90826303,0.39345673,0.14230293,0
-2.2868047,-3.8966494,1.8335395,0.31124955,-0.86267382,0.39864475,0
0.8154403,-1.4630189,-0.99426019,0.27961046,-0.31778264,-0.90599799,0
0.75589883,-2.34448,2.8189373,-0.27961046,0.31778264,0.90599799,0
-1.2834935,-3.9501102,1.5180392,0.31124955,-0.86267382,0.39864475,0
2.5660453,0.041862249,-0.91430235,0.27961046,-0.31778264,-0.90599799,0
0.35240531,-3.4371634,-0.16999507,0.27961046,-0.31778264,-0.90599799,0
3.7126684,-2.2672973,0.52632123,0.31124955,-0.86267382,0.39864475,0
-4.0019565,-1.7897872,-0.44723558,-0.90826303,-0.39345673,-0.14230293,0
-2.2426527,-4.7256842,0.020525932,0.31124955,-0.86267382,0.39864475,0
-1.4648898,0.800892,-2.4300711,0.27961046,-0.31778264,-0.90599799,0
1.9553554,2.7748642,1.4404883,-0.27961046,0.31778264,0.90599799,0
3.8298852,-0.41269159,-0.43498099,0.27961046,-0.31778264,-0.90599799,0
3.8772879,-2.5778346,0.3436043,0.31124955,-0.86267382,0.39864475,0
3.8849323,-2.2164369,0.91790581,0.31124955,-0.86267382,0.39864475,0
-0.58173966,3.5085487,-0.66814566,-0.31124955,0.86267382,-0.39864475,0
-0.83720493,2.9112756,-2.0281606,-0.31124955,0.86267382,-0.39864475,0
-4.7636886,-0.68796253,-0.49411774,-0.90826303,-0.39345673,-0.14230293,0
3.2415299,4.0116057,0.83391476,0.90826303,0.39345673,0.14230293,0
0.8740176,1.2786303,-1.9504945,0.27961046,-0.31778264,-0.90599799,0
4.4422216,-2.0480785,0.41578579,0.31124955,-0.86267382,0.39864475,0
2.4418929,4.8759613,0.77104759,-0.27961046,0.31778264,0.90599799,0
4.6913552,0.99474311,-0.061033964,0.90826303,0.39345673,0.14230293,0
-5.1721807,1.1432445,-0.49073195,-0.90826303,-0.39345673,-0.14230293,0
-4.3936176,-1.8100376,0.058021069,-0.90826303,-0.39345673,-0.14230293,0
-5.4720664,1.4055066,-0.3782084,-0.90826303,-0.39345673,-0.14230293,0
0.13154078,2.2960727,1.0914093,-0.27961046,0.31778264,0.90599799,0
3.7813993,2.218679,0.48134089,0.90826303,0.39345673,0.14230293,0
-1.2552055,-3.119204,2.2070656,-0.27961046,0.31778264,0.90599799,0
-3.3849971,-1.4747264,0.93713832,-0.27961046,0.31778264,0.90599799,0
3.3734729,-1.7398523,-0.077831209,0.27961046,-0.31778264,-0.90599799,0
-1.7110336,-4.6248507,0.2667985,0.31124955,-0.86267382,0.39864475,0
-4.5212202,-0.064728141,-1.7928669,-0.90826303,-0.39345673,-0.14230293,0
4.8510199,0.20075464,0.39486361,0.90826303,0.39345673,0.14230293,0
2.9115233,4.1843605,0.4109602,0.90826303,0.39345673,0.14230293,0
3.6324522,3.8792553,-1.8624687,0.90826303,0.39345673,0.14230293,0
-0.60703135,-1.5668623,-1.1821189,0.27961046,-0.31778264,-0.90599799,0
0.048795938,-3.189281,-0.73320818,0.27961046,-0.31778264,-0.90599799,0
1.595142,-2.3987601,1.8552659,0.31124955,-0.86267382,0.39864475,0
0.84348845,2.9897528,-2.3384156,0.27961046,-0.31778264,-0.90599799,0
-4.603857,0.0015585423,-1.1240704,-0.90826303,-0.39345673,-0.14230293,0
1.0171905,-3.0589349,1.8022511,0.31124955,-0.86267382,0.39864475,0
2.1465597,-2.8502147,0.035129011,0.27961046,-0.31778264,-0.90599799,0
4.9720116,0.12603164,0.20321727,0.90826303,0.39345673,0.14230293,0
0.57417989,4.2041049,-0.56541896,-0.31124955,0.86267382,-0.39864475,0
2.8499534,4.4702568,0.018422127,0.90826303,0.39345673,0.14230293,0
4.2329884,1.6110284,0.57394934,0.90826303,0.39345673,0.14230293,0
0.37211388,0.59830397,1.3801452,-0.27961046,0.31778264,0.90599799,0
2.7326076,-1.9227283,2.8378167,0.31124955,-0.86267382,0.39864475,0
3.3886852,-1.8029982,2.073281,0.31124955,-0.86267382,0.39864475,0
4.3322506,0.33500129,2.8649087,-0.27961046,0.31778264,0.90599799,0
3.4066401,4.1708426,-0.29860926,0.90826303,0.39345673,0.14230293,0
-5.0577259,0.83011723,-1.8717169,-0.90826303,-0.39345673,-0.14230293,0
1.0412927,0.053593159,-1.2779713,0.27961046,-0.31778264,-0.90599799,0
5.1932397,-1.2876384,0.50528622,0.27961046,-0.31778264,-0.90599799,0
-2.2252202,-1.0230091,1.4623891,-0.27961046,0.31778264,0.90599799,0
2.3855619,3.9120889,-1.8067441,-0.31124955,0.86267382,-0.39864475,0
-3.782515,2.1000524,-0.28322661,-0.27961046,0.31778264,0.90599799,0
-4.1703815,2.2358012,-0.82865924,-0.31124955,0.86267382,-0.39864475,0
0.22444487,-3.1673923,2.1795211,0.31124955,-0.86267382,0.39864475,0
-2.9753222,1.9208156,0.046647936,-0.27961046,0.31778264,0.90599799,0
-3.2899566,-4.0527387,0.68390751,-0.90826303,-0.39345673,-0.14230293,0
-0.20572352,3.115752,-1.7801434,-0.31124955,0.86267382,-0.39864475,0
-0.1714747,-3.812799,0.60800147,0.31124955,-0.86267382,0.39864475,0
2.9378014,3.6457222,-2.2440188,0.27961046,-0.31778264,-0.90599799,0
0.66945815,3.97718,-0.89072084,-0.31124955,0.86267382,-0.39864475,0
-3.7132373,2.2393203,-1.3702154,-0.31124955,0.86267382,-0.39864475,0
5.2163835,-1.1643283,1.7199029,0.90826303,0.39345673,0.14230293,0
-3.4611692,-3.8730657,0.98088551,-0.90826303,-0.39345673,-0.14230293,0
-4.6454015,-0.23702621,-1.3678396,-0.90826303,-0.39345673,-0.14230293,0
-3.3629506,-2.9145899,-1.301939,-0.90826303,-0.39345673,-0.14230293,0
-4.0788393,1.477375,-2.6373808,-0.31124955,0.86267382,-0.39864475,0
1.9950625,-0.51959825,-1.0258607,0.27961046,-0.31778264,-0.90599799,0
-3.0550029,-1.050148,-2.0817733,0.27961046,-0.31778264,-0.90599799,0
1.318946,-0.18849409,2.2773135,-0.27961046,0.31778264,0.90599799,0
1.960408,4.6128445,0.084021568,-0.31124955,0.86267382,-0.39864475,0
-4.9225893,0.42951,-1.6837456,-0.90826303,-0.39345673,-0.14230293,0
-3.4124601,-2.599014,-1.6602199,-0.90826303,-0.39345673,-0.14230293,0
-1.3841534,-2.9790244,-1.0030677,0.27961046,-0.31778264,-0.90599799,0
3.6819813,1.9738536,1.9703426,0.90826303,0.39345673,0.14230293,0
-1.4747066,3.2023768,-0.41661096,-0.31124955,0.86267382,-0.39864475,0
4.6524472,-0.16264725,1.0029559,0.90826303,0.39345673,0.14230293,0
1.7478442,-2.1424947,2.7601957,0.31124955,-0.86267382,0.39864475,0
2.5910389,-0.64006329,-0.49570042,0.27961046,-0.31778264,-0.90599799,0
2.4078066,-1.8416501,2.440949,0.31124955,-0.86267382,0.39864475,0
-2.8847799,-5.0541277,0.3606863,0.31124955,-0.86267382,0.39864475,0
4.226346,-1.1562756,3.3970666,0.31124955,-0.86267382,0.39864475,0
0.13512564,3.3922966,-1.5108995,-0.31124955,0.86267382,-0.39864475,0
-0.83612108,3.3368745,-1.1387893,-0.31124955,0.86267382,-0.39864475,0
3.7043726,-0.94703966,2.9115319,-0.27961046,0.31778264,0.90599799,0
-2.3763263,1.0822318,0.74428713,-0.27961046,0.31778264,0.90599799,0
3.5136447,-1.8910627,2.4329967,0.31124955,-0.86267382,0.39864475,0
-0.4979825,3.8121247,-0.50200486,-0.31124955,0.86267382,-0.39864475,0
-3.7519968,2.1976213,-1.0496008,-0.31124955,0.86267382,-0.39864475,0
-1.196188,-3.9695663,-0.43322515,0.27961046,-0.31778264,-0.90599799,0
1.3920481,-3.4243343,-0.1247648,0.31124955,-0.86267382,0.39864475,0
4.2945299,-2.2229476,0.24712008,0.27961046,-0.31778264,-0.90599799,0
-1.3082227,-0.95884597,-1.7751715,0.27961046,-0.31778264,-0.90599799,0
-2.4477959,-1.0994649,1.429629,-0.27961046,0.31778264,0.90599799,0
-3.9870353,-1.5908914,-1.2132478,-0.90826303,-0.39345673,-0.14230293,0
2.4190285,-2.1829388,1.9434756,0.31124955,-0.86267382,0.39864475,0
1.4921757,-2.7480516,1.8340542,0.31124955,-0.86267382,0.39864475,0
2.9870439,4.886683,-0.99378395,-0.31124955,0.86267382,-0.39864475,0
-1.4561005,-2.0934358,-1.480891,0.27961046,-0.31778264,-0.90599799,0
1.5616515,4.5885744,0.048641205,-0.31124955,0.86267382,-0.39864475,0
4.3486938,1.294641,-0.29954815,0.90826303,0.39345673,0.14230293,0
1.4025838,-0.37444746,-0.97624838,0.27961046,-0.31778264,-0.90599799,0
-4.7309127,2.0664444,-0.33158267,-0.27961046,0.31778264,0.90599799,0
0.0062987804,-2.9081068,2.4869604,0.31124955,-0.86267382,0.39864475,0
-0.49990034,-3.6197155,1.6205688,0.31124955,-0.86267382,0.39864475,0
0.53964424,-2.6730571,2.1274452,0.31124955,-0.86267382,0.39864475,0
3.9182978,-2.4506791,0.87209177,0.31124955,-0.86267382,0.39864475,0
-3.8861763,-1.7147825,1.1681638,-0.27961046,0.31778264,0.90599799,0
-2.8345401,-0.71385694,1.2437344,-0.27961046,0.31778264,0.90599799,0
4.0848684,-1.9257659,0.18215448,0.27961046,-0.31778264,-0.90599799,0
5.3277106,-1.4998493,0.86685646,0.90826303,0.39345673,0.14230293,0
3.3925753,3.0234549,1.7262607,-0.27961046,0.31778264,0.90599799,0
1.4739765,-2.4654508,-0.30634934,0.27961046,-0.31778264,-0.90599799,0
-2.612767,1.9486368,-2.7155659,-0.31124955,0.86267382,-0.39864475,0
-0.68263912,-4.0294971,0.7499547,0.31124955,-0.86267382,0.39864475,0
3.579052,2.2908008,-1.1806529,0.27961046,-0.31778264,-0.90599799,0
-3.0191875,2.5632446,-0.86556786,-0.31124955,0.86267382,-0.39864475,0
-1.1373515,2.1948183,-2.6815381,-0.31124955,0.86267382,-0.39864475,0
-5.1057172,1.1633788,-2.5704355,-0.90826303,-0.39345673,-0.14230293,0
-2.6676261,-4.2753363,1.6828036,0.31124955,-0.86267382,0.39864475,0
-1.7230208,2.0225616,0.3945086,-0.27961046,0.31778264,0.90599799,0
0.11170602,3.605253,0.38929343,-0.27961046,0.31778264,0.90599799,0
-0.72922993,3.6443839,-0.11485577,-0.31124955,0.86267382,-0.39864475,0
0.13890445,-0.6879673,1.838644,-0.27961046,0.31778264,0.90599799,0
2.6171951,4.7806573,0.73045635,-0.27961046,0.31778264,0.90599799,0
3.7621281,3.3880045,-1.6810541,0.90826303,0.39345673,0.14230293,0
-5.1274776,0.91722393,-2.3278356,-0.90826303,-0.39345673,-0.14230293,0
-4.0404005,2.2741113,-0.48134804,-0.27961046,0.31778264,0.90599799,0
-4.1894956,-0.8219794,-2.2926686,-0.90826303,-0.39345673,-0.14230293,0
0.25237274,2.8560224,0.5413053,-0.27961046,0.31778264,0.90599799,0
0.47785783,-2.174942,-0.53962791,0.27961046,-0.31778264,-0.90599799,0
-3.8162405,1.5048943,-2.6699007,-0.31124955,0.86267382,-0.39864475,0
2.9784091,1.3181443,-1.0235584,0.27961046,-0.31778264,-0.90599799,0
3.9595346,2.4950185,-0.93747759,0.90826303,0.39345673,0.14230293,0
0.84851062,-0.22092342,-1.529866,0.27961046,-0.31778264,-0.90599799,0
-4.8689528,-0.18105197,-0.63290191,-0.90826303,-0.39345673,-0.14230293,0
-4.5288301,1.9754894,-1.4015446,-0.31124955,0.86267382,-0.39864475,0
3.3918273,-1.8080696,2.4671342,0.31124955,-0.86267382,0.39864475,0
-1.302439,-4.4440713,-0.20267582,0.31124955,-0.86267382,0.39864475,0
0.008736372,4.2290268,-0.10352659,-0.31124955,0.86267382,-0.39864475,0
3.9963582,0.24765396,-0.48910213,0.27961046,-0.31778264,-0.90599799,0
1.5694005,0.85458493,-1.4571908,0.27961046,-0.31778264,-0.90599799,0
-0.52122605,1.422437,1.1619564,-0.27961046,0.31778264,0.90599799,0
-1.8293724,0.4461441,0.91720939,-0.27961046,0.31778264,0.90599799,0
-4.1334505,2.3889523,-0.26048887,-0.27961046,0.31778264,0.90599799,0
-4.2899065,-1.7965326,1.0310524,-0.27961046,0.31778264,0.90599799,0
1.7872107,4.198019,-0.65323114,-0.31124955,0.86267382,-0.39864475,0
2.635674,-2.0038891,2.6777687,0.31124955,-0.86267382,0.39864475,0
-0.66946912,-4.0911012,0.59413552,0.31124955,-0.86267382,0.39864475,0
3.9632046,-2.1929023,1.3386151,0.31124955,-0.86267382,0.39864475,0
-1.1423991,2.3951979,-2.8984294,-0.31124955,0.86267382,-0.39864475,0
2.9540942,4.6971817,0.53145552,0.90826303,0.39345673,0.14230293,0
2.0669241,4.6948962,-0.068223,-0.31124955,0.86267382,-0.39864475,0
-3.590734,0.030640364,0.3224287,-0.27961046,0.31778264,0.90599799,0
-2.3982744,-4.7409873,0.23559713,0.31124955,-0.86267382,0.39864475,0
-2.0304174,-4.2820997,-0.64763784,0.27961046,-0.31778264,-0.90599799,0
5.5212374,-1.5851371,0.56170034,0.27961046,-0.31778264,-0.90599799,0
-0.94613934,-3.8361962,0.99351335,0.31124955,-0.86267382,0.39864475,0
1.5034064,-0.32300198,2.2505918,-0.27961046,0.31778264,0.90599799,0
-1.8178664,2.1893225,-2.8938351,-0.31124955,0.86267382,-0.39864475,0
3.6250658,-1.8882331,1.7800146,0.31124955,-0.86267382,0.39864475,0
3.0416555,4.8273673,-0.91677189,-0.31124955,0.86267382,-0.39864475,0
-2.3377912,-2.0620396,-1.7964866,0.27961046,-0.31778264,-0.90599799,0
-2.9192338,-2.0225859,-1.7859271,0.27961046,-0.31778264,-0.90599799,0
-0.57026172,3.1634798,-1.4592317,-0.31124955,0.86267382,-0.39864475,0
-2.065227,3.2203143,-0.39805806,-0.31124955,0.86267382,-0.39864475,0
-1.5069978,-3.4110889,-0.7530098,0.27961046,-0.31778264,-0.90599799,0
2.359622,4.750248,-0.76475048,-0.31124955,0.86267382,-0.39864475,0
-1.6974819,-2.1089563,1.9492263,-0.27961046,0.31778264,0.90599799,0
-3.9012108,1.8247161,-1.6598206,-0.31124955,0.86267382,-0.39864475,0
5.0773864,-1.5208693,1.9506938,0.31124955,-0.86267382,0.39864475,0
-0.848948,-3.4649804,2.1636624,0.31124955,-0.86267382,0.39864475,0
-4.0318656,-1.2408483,-1.8041279,-0.90826303,-0.39345673,-0.14230293,0
5.106266,-0.61737359,1.7217565,0.90826303,0.39345673,0.14230293,0
-4.1391711,-2.0093756,0.047510147,-0.90826303,-0.39345673,-0.14230293,0
-3.2624805,-3.2590916,-1.221168,-0.90826303,-0.39345673,-0.14230293,0
3.5223272,-1.5151398,2.693249,0.31124955,-0.86267382,0.39864475,0
2.2140532,-1.623313,2.704375,-0.27961046,0.31778264,0.90599799,0
-2.1254683,-3.3701539,-1.2409725,0.27961046,-0.31778264,-0.90599799,0
-4.7632732,-0.68731737,0.13073587,-0.90826303,-0.39345673,-0.14230293,0
5.3373556,-0.92640114,0.35773015,0.90826303,0.39345673,0.14230293,0
2.5997109,-0.89982998,-0.37082398,0.27961046,-0.31778264,-0.90599799,0
1.5675826,-3.5276859,0.0051094294,0.27961046,-0.31778264,-0.90599799,0
2.9871418,5.0005436,-0.014931202,0.90826303,0.39345673,0.14230293,0
-2.0386133,2.0735323,-2.2132163,-0.31124955,0.86267382,-0.39864475,0
0.46806526,-3.0506094,1.5851872,0.31124955,-0.86267382,0.39864475,0
5.1642647,-0.66746569,1.2316928,0.90826303,0.39345673,0.14230293,0
0.54901695,3.737201,0.70430923,-0.27961046,0.31778264,0.90599799,0
-0.026676655,-3.0687208,1.9608488,0.31124955,-0.86267382,0.39864475,0
-2.4769337,-4.3923664,1.3048172,0.31124955,-0.86267382,0.39864475,0
-4.1193686,-2.5116763,0.25242186,-0.90826303,-0.39345673,-0.14230293,0
-3.1500955,-3.5952218,-0.94414568,-0.90826303,-0.39345673,-0.14230293,0
3.8097346,-1.8006508,2.0512164,0.31124955,-0.86267382,0.39864475,0
-2.2084587,-4.0580769,1.6375003,0.31124955,-0.86267382,0.39864475,0
-3.1144295,-4.0187616,-1.1034393,-0.90826303,-0.39345673,-0.14230293,0
3.5923693,2.0381236,2.2412529,-0.27961046,0.31778264,0.90599799,0
1.2310101,0.45252097,1.7766232,-0.27961046,0.31778264,0.90599799,0
-3.8238821,-2.4807498,-0.11092806,-0.90826303,-0.39345673,-0.14230293,0
-4.3237953,-0.83229709,-2.1712825,-0.90826303,-0.39345673,-0.14230293,0
3.6127155,2.5074356,1.5972936,0.90826303,0.39345673,0.14230293,0
-4.852201,0.61135513,-3.5728478,-0.90826303,-0.39345673,-0.14230293,0
1.8082767,-2.0944426,2.7904811,-0.27961046,0.31778264,0.90599799,0
-4.6393013,-1.112045,0.4361515,-0.90826303,-0.39345673,-0.14230293,0
0.30258012,1.3716121,-2.10885,0.27961046,-0.31778264,-0.90599799,0
3.061918,-2.3708117,0.96129072,0.31124955,-0.86267382,0.39864475,0
-3.058917,-4.419095,1.7943525,0.31124955,-0.86267382,0.39864475,0
-2.5964267,-4.890049,0.11661243,0.31124955,-0.86267382,0.39864475,0
-4.293365,-1.6911145,-0.32008362,-0.90826303,-0.39345673,-0.14230293,0
4.4655714,0.14695418,1.5409222,0.90826303,0.39345673,0.14230293,0
-3.5641522,-2.6988521,-1.2590146,-0.90826303,-0.39345673,-0.14230293,0
0.38470864,3.6463001,-0.98836303,-0.31124955,0.86267382,-0.39864475,0
3.9415455,-0.70817673,3.1986625,-0.27961046,0.31778264,0.90599799,0
2.9841146,4.6131072,0.77451563,0.90826303,0.39345673,0.14230293,0
-0.071086407,2.9179201,-2.3081188,-0.31124955,0.86267382,-0.39864475,0
4.0234027,2.3230126,-0.46760273,0.90826303,0.39345673,0.14230293,0
-3.4732499,-3.2006729,-1.5189524,-0.90826303,-0.39345673,-0.14230293,0
-2.4402709,-4.1791382,1.9774392,0.31124955,-0.86267382,0.39864475,0
-0.55916375,0.97000003,1.1982249,-0.27961046,0.31778264,0.90599799,0
-0.9313786,-4.0108175,1.1388044,0.31124955,-0.86267382,0.39864475,0
-2.3419867,-3.9715328,-0.89923,0.27961046,-0.31778264,-0.90599799,0
2.5138421,-1.9619422,2.1948287,0.31124955,-0.86267382,0.39864475,0
-1.2907903,-4.6194234,-0.57481337,0.27961046,-0.31778264,-0.90599799,0
-0.0017960072,-3.0173311,2.0957751,0.31124955,-0.86267382,0.39864475,0
-1.4009657,-1.943465,1.8744071,-0.27961046,0.31778264,0.90599799,0
-1.42021,-1.2334126,-1.4909536,0.27961046,-0.31778264,-0.90599799,0
2.2783256,4.813283,-0.078132629,-0.31124955,0.86267382,-0.39864475,0
5.1463256,-1.5139208,1.7518778,0.31124955,-0.86267382,0.39864475,0
5.2947969,-0.96052027,0.53274727,0.90826303,0.39345673,0.14230293,0
-1.1351833,-2.9270592,2.1596088,-0.27961046,0.31778264,0.90599799,0
-0.20461154,-3.7844672,1.1577566,0.31124955,-0.86267382,0.39864475,0
3.3596156,3.5801375,-0.95418549,0.90826303,0.39345673,0.14230293,0
-4.1722279,-0.9405812,-1.5450377,-0.90826303,-0.39345673,-0.14230293,0
3.0261517,-1.6432844,-0.34507528,0.27961046,-0.31778264,-0.90599799,0
4.5937018,-1.0426633,0.34350121,0.27961046,-0.31778264,-0.90599799,0
-3.8798866,-2.3295085,0.071500778,-0.90826303,-0.39345673,-0.14230293,0
1.226696,4.7536545,0.27441502,-0.31124955,0.86267382,-0.39864475,0
2.2490311,4.2817669,-1.7564774,-0.31124955,0.86267382,-0.39864475,0
3.1265593,1.8938358,-1.3284855,0.27961046,-0.31778264,-0.90599799,0
0.7610147,2.6417835,-2.5565906,0.27961046,-0.31778264,-0.90599799,0
-0.20064116,-3.9480617,0.4434123,0.31124955,-0.86267382,0.39864475,0
3.1004322,1.9454954,-1.4115553,0.27961046,-0.31778264,-0.90599799,0
-3.6471381,1.3693954,-2.9461527,-0.31124955,0.86267382,-0.39864475,0
4.4467916,0.48938382,0.77930498,0.90826303,0.39345673,0.14230293,0
-4.0650725,-2.7631156,0.97454834,-0.90826303,-0.39345673,-0.14230293,0
4.0960226,-1.6159019,2.4111969,0.31124955,-0.86267382,0.39864475,0
-4.432869,0.56856954,-3.0526485,0.27961046,-0.31778264,-0.90599799,0
0.35170388,-1.8737191,-0.78011012,0.27961046,-0.31778264,-0.90599799,0
-3.9968426,-2.9142642,1.5736382,-0.27961046,0.31778264,0.90599799,0
2.3578889,4.7099538,-0.61300898,-0.31124955,0.86267382,-0.39864475,0
-3.6996086,-3.571846,0.77240086,-0.90826303,-0.39345673,-0.14230293,0
3.3370414,3.2068281,0.83984423,0.90826303,0.39345673,0.14230293,0
4.1444283,0.71426594,2.522748,0.90826303,0.39345673,0.14230293,0
-4.8877249,0.96023655,-0.057872534,-0.27961046,0.31778264,0.90599799,0
1.5342493,1.0577157,-1.6232599,0.27961046,-0.31778264,-0.90599799,0
3.4929817,-1.6035852,2.9058533,0.31124955,-0.86267382,0.39864475,0
4.3257828,1.7647419,-0.32204676,0.90826303,0.39345673,0.14230293,0
-1.6379551,2.3989878,0.41944474,-0.27961046,0.31778264,0.90599799,0
-3.7928994,-2.6348753,0.21080256,-0.90826303,-0.39345673,-0.14230293,0
3.8480854,0.89472735,2.6419497,-0.27961046,0.31778264,0.90599799,0
3.245501,-2.4838147,0.87126482,0.31124955,-0.86267382,0.39864475,0
2.5882027,-2.569777,1.4930987,0.31124955,-0.86267382,0.39864475,0
-0.27790785,-3.1465409,2.6341043,0.31124955,-0.86267382,0.39864475,0
-1.1192162,-3.4955459,2.207197,0.31124955,-0.86267382,0.39864475,0
4.1201291,0.80156976,2.5259347,0.90826303,0.39345673,0.14230293,0
-3.8213429,0.51903057,-3.0561323,0.27961046,-0.31778264,-0.90599799,0
-2.3197286,-0.81340623,1.2839317,-0.27961046,0.31778264,0.90599799,0
3.5364153,-0.1541689,2.6689148,-0.27961046,0.31778264,0.90599799,0
-3.166301,-4.880137,1.0914478,-0.90826303,-0.39345673,-0.14230293,0
-3.1255817,-4.1978784,-0.59979391,-0.90826303,-0.39345673,-0.14230293,0
0.77467418,-3.7300916,0.30721188,0.31124955,-0.86267382,0.39864475,0
-0.64084077,3.4869299,-0.60526609,-0.31124955,0.86267382,-0.39864475,0
1.0917115,4.2012725,-0.63513923,-0.31124955,0.86267382,-0.39864475,0
-5.18785,0.93783033,-1.9669408,-0.90826303,-0.39345673,-0.14230293,0
-5.1500692,1.6661114,-1.5162385,-0.31124955,0.86267382,-0.39864475,0
3.8778801,2.6204407,-1.5738306,0.27961046,-0.31778264,-0.90599799,0
-4.3176017,-0.99175662,-1.7327635,-0.90826303,-0.39345673,-0.14230293,0
1.1332953,1.4481115,1.3313091,-0.27961046,0.31778264,0.90599799,0
-2.080713,-2.1641264,-1.6233974,0.27961046,-0.31778264,-0.90599799,0
-1.1503152,2.4946661,-2.4871538,-0.31124955,0.86267382,-0.39864475,0
-1.017663,-1.2708408,-1.4665418,0.27961046,-0.31778264,-0.90599799,0
1.8008314,-2.4106581,2.3397794,0.31124955,-0.86267382,0.39864475,0
-2.1406469,-4.9810901,-0.075158596,0.31124955,-0.86267382,0.39864475,0
-3.7609437,-2.9051147,-0.40066671,-0.90826303,-0.39345673,-0.14230293,0
-4.0951223,1.6961942,-1.698456,-0.31124955,0.86267382,-0.39864475,0
-4.1295691,-1.8449512,-1.2488282,-0.90826303,-0.39345673,-0.14230293,0
3.1724563,4.5892344,-0.14960432,0.90826303,0.39345673,0.14230293,0
3.1103845,-0.24733061,2.6734347,-0.27961046,0.31778264,0.90599799,0
3.9220839,2.2645602,0.2939949,0.90826303,0.39345673,0.14230293,0
4.5326147,-1.7956256,1.2861686,0.31124955,-0.86267382,0.39864475,0
-1.0404165,-3.5438044,1.8193889,0.31124955,-0.86267382,0.39864475,0
0.56269431,-2.5359201,-0.72051215,0.27961046,-0.31778264,-0.90599799,0
-4.4772844,-0.37124395,0.61958432,-0.27961046,0.31778264,0.90599799,0
-3.1167052,-2.6936283,-1.7359984,0.27961046,-0.31778264,-0.90599799,0
-1.3974388,-2.8449717,2.2842245,-0.27961046,0.31778264,0.90599799,0
-4.8589354,0.76938826,-3.223824,-0.90826303,-0.39345673,-0.14230293,0
-2.6058502,-3.3152628,1.9049547,-0.27961046,0.31778264,0.90599799,0
-2.4341574,-0.23201036,1.1785071,-0.27961046,0.31778264,0.90599799,0
2.3631766,1.9892684,1.7151065,-0.27961046,0.31778264,0.90599799,0
4.9705615,-0.50393283,2.0890467,0.90826303,0.39345673,0.14230293,0
1.1015158,4.1503029,-0.62097025,-0.31124955,0.86267382,-0.39864475,0
-4.3052115,-1.2257662,0.28805494,-0.90826303,-0.39345673,-0.14230293,0
-2.6755254,3.077553,-0.39612311,-0.31124955,0.86267382,-0.39864475,0
3.7605414,0.74477553,-0.81396151,0.27961046,-0.31778264,-0.90599799,0
-3.3308451,1.1544526,0.38643569,-0.27961046,0.31778264,0.90599799,0
2.1410246,0.017966986,2.4193678,-0.27961046,0.31778264,0.90599799,0
1.9103782,5.0552502,0.26826715,-0.31124955,0.86267382,-0.39864475,0
-0.14084578,2.9776626,-2.3926418,-0.31124955,0.86267382,-0.39864475,0
0.62723625,0.7759335,1.4540195,-0.27961046,0.31778264,0.90599799,0
-0.18427402,0.30963659,1.3836461,-0.27961046,0.31778264,0.90599799,0
-0.26129365,-2.2658689,-0.93797195,0.27961046,-0.31778264,-0.90599799,0
1.5062268,1.388237,1.6022016,-0.27961046,0.31778264,0.90599799,0
1.2903867,3.7464795,-1.2262192,-0.31124955,0.86267382,-0.39864475,0
-1.4816701,-0.97001553,1.6261454,-0.27961046,0.31778264,0.90599799,0
1.4176637,1.2980673,-1.6917555,0.27961046,-0.31778264,-0.90599799,0
-4.9764781,0.36922193,-0.51920152,-0.90826303,-0.39345673,-0.14230293,0
-3.588002,-1.0992453,1.0121675,-0.27961046,0.31778264,0.90599799,0
-3.4421635,1.8065659,-2.3438385,-0.31124955,0.86267382,-0.39864475,0
4.4654646,0.45497608,0.53757048,0.90826303,0.39345673,0.14230293,0
-2.4569292,2.7473712,-1.0766023,-0.31124955,0.86267382,-0.39864475,0
-4.112608,1.1986126,-2.578985,-0.31124955,0.86267382,-0.39864475,0
-4.7865629,-0.21065688,-0.32889557,-0.90826303,-0.39345673,-0.14230293,0
-0.77113152,-4.0920482,0.53020692,0.31124955,-0.86267382,0.39864475,0
0.12053668,1.7952168,-2.3345683,0.27961046,-0.31778264,-0.90599799,0
-3.8420668,1.9027877,-1.4746902,-0.31124955,0.86267382,-0.39864475,0
2.6638284,-2.3162549,1.8417804,0.31124955,-0.86267382,0.39864475,0
-3.5888193,-3.8283577,1.2069273,-0.90826303,-0.39345673,-0.14230293,0
3.5985987,0.2882992,2.7573822,-0.27961046,0.31778264,0.90599799,0
-3.5431538,-3.6855865,1.848527,-0.90826303,-0.39345673,-0.14230293,0
-2.6439147,-2.2685485,-1.5615244,0.27961046,-0.31778264,-0.90599799,0
4.5697241,0.20816195,2.1736724,0.90826303,0.39345673,0.14230293,0
-0.81271076,2.7079923,-2.2705567,-0.31124955,0.86267382,-0.39864475,0
1.0605028,3.6622663,-1.5003254,-0.31124955,0.86267382,-0.39864475,0
3.7624078,2.7778461,-1.0717459,0.90826303,0.39345673,0.14230293,0
4.9298687,0.23130465,0.75217772,0.90826303,0.39345673,0.14230293,0
1.8734052,1.6527472,-1.7321323,0.27961046,-0.31778264,-0.90599799,0
-2.3022664,-5.013514,-0.60398817,0.27961046,-0.31778264,-0.90599799,0
-4.529304,0.2942853,-0.045179844,-0.27961046,0.31778264,0.90599799,0
-0.41935921,-3.5439193,1.2371502,0.31124955,-0.86267382,0.39864475,0
-4.4295616,-1.0413709,0.075405121,-0.90826303,-0.39345673,-0.14230293,0
3.5984368,3.3817601,-1.7784722,0.27961046,-0.31778264,-0.90599799,0
1.6341367,-1.1020129,-0.65991634,0.27961046,-0.31778264,-0.90599799,0
-3.6029201,-3.5283089,0.67450762,-0.90826303,-0.39345673,-0.14230293,0
-3.7091341,-1.7397345,-1.8211601,-0.90826303,-0.39345673,-0.14230293,0
-4.8458147,-0.010222197,-1.1806085,-0.90826303,-0.39345673,-0.14230293,0
-4.4949589,-1.2925667,-0.6328795,-0.90826303,-0.39345673,-0.14230293,0
2.7075424,-2.0301394,2.2443385,0.31124955,-0.86267382,0.39864475,0
2.0311065,3.5989552,-2.1028066,-0.31124955,0.86267382,-0.39864475,0
-4.8880653,-0.12019634,-1.0242743,-0.90826303,-0.39345673,-0.14230293,0
-3.7021849,-2.761939,0.3293438,-0.90826303,-0.39345673,-0.14230293,0
-1.55673,-4.0502815,1.0433547,0.31124955,-0.86267382,0.39864475,0
4.1755958,1.5475481,-0.31803775,0.90826303,0.39345673,0.14230293,0
-2.8194938,-2.4600954,-1.6767774,0.27961046,-0.31778264,-0.90599799,0
-3.2137594,-4.1142068,-0.64073277,-0.90826303,-0.39345673,-0.14230293,0
3.5186579,3.4130058,-1.4195733,0.90826303,0.39345673,0.14230293,0
4.2297535,1.141901,0.60162187,0.90826303,0.39345673,0.14230293,0
2.5316627,-2.2007689,2.4707179,0.31124955,-0.86267382,0.39864475,0
-2.7688756,-0.049167633,0.87552023,-0.27961046,0.31778264,0.90599799,0
3.58903,3.3902071,-0.3729229,0.90826303,0.39345673,0.14230293,0
1.1858895,3.4310732,-2.0558882,-0.31124955,0.86267382,-0.39864475,0
-5.0532379,0.74991226,-0.35386992,-0.90826303,-0.39345673,-0.14230293,0
-5.3454061,1.2730784,-1.0894952,-0.90826303,-0.39345673,-0.14230293,0
3.3278871,4.1782656,-1.7307205,0.90826303,0.39345673,0.14230293,0
0.90181339,-2.3332162,2.6820049,-0.27961046,0.31778264,0.90599799,0
2.9454389,0.43888211,-0.78506899,0.27961046,-0.31778264,-0.90599799,0
3.1738062,4.4487662,-0.92449999,0.90826303,0.39345673,0.14230293,0
1.9366281,-3.1120651,0.30322969,0.31124955,-0.86267382,0.39864475,0
3.4052296,4.1095686,-0.61565304,0.90826303,0.39345673,0.14230293,0
3.0890536,-1.631349,2.8275547,0.31124955,-0.86267382,0.39864475,0
4.8312721,-1.476176,1.5657058,0.31124955,-0.86267382,0.39864475,0
-0.6671567,-4.0483861,0.35297108,0.31124955,-0.86267382,0.39864475,0
3.388195,4.2268052,-0.78561926,0.90826303,0.39345673,0.14230293,0
-4.6748466,0.07418406,-2.9913976,-0.90826303,-0.39345673,-0.14230293,0
-1.9104118,-1.8469291,1.8208493,-0.27961046,0.31778264,0.90599799,0
4.6923618,0.57634044,1.2098827,0.90826303,0.39345673,0.14230293,0
-3.5289586,-3.0293527,-0.57126045,-0.90826303,-0.39345673,-0.14230293,0
2.278501,-2.7345746,0.85850447,0.31124955,-0.86267382,0.39864475,0
-4.3107204,1.7876064,-0.35849178,-0.27961046,0.31778264,0.90599799,0
2.1368601,-1.569681,3.0450792,-0.27961046,0.31778264,0.90599799,0
-3.5860229,-2.9129703,-0.4103775,-0.90826303,-0.39345673,-0.14230293,0
-1.5936188,-3.0105329,2.0331349,-0.27961046,0.31778264,0.90599799,0
