-1.0952544,2.3474824,-1.9026654,-0.39041138,0.66105378,-0.64077055,0
1.8594975,3.8913388,-1.6559792,0.83591092,0.54618573,0.054167747,0
-1.2763455,-3.0078971,-0.49499774,0.38578746,-0.5144794,-0.76581919,0
0.28223228,0.33218265,1.6172692,-0.38578746,0.5144794,0.76581919,0
-0.55720544,3.447711,-0.9254775,-0.39041138,0.66105378,-0.64077055,0
-1.0503224,-2.0827651,3.0855942,-0.38578746,0.5144794,0.76581919,0
-2.0484302,1.619945,-1.6357577,-0.39041138,0.66105378,-0.64077055,0
-2.1240616,-3.5587757,1.1631048,-0.83591092,-0.54618573,-0.054167747,0
1.4941136,1.493041,-2.1095941,0.38578746,-0.5144794,-0.76581919,0
0.72952342,1.2729969,-2.4767885,0.38578746,-0.5144794,-0.76581919,0
-1.2484081,-1.3705001,-1.4118549,0.38578746,-0.5144794,-0.76581919,0
1.1531321,2.7962699,-2.3775692,-0.39041138,0.66105378,-0.64077055,0
-1.6111748,1.1187165,0.56732094,-0.38578746,0.5144794,0.76581919,0
0.13818383,-3.5613642,1.0971918,0.39041138,-0.66105378,0.64077055,0
-2.1835463,-1.8487841,-1.7963502,0.38578746,-0.5144794,-0.76581919,0
4.3544893,-0.44685063,1.712399,0.39041138,-0.66105378,0.64077055,0
-2.3695254,-1.5935123,1.7761338,-0.38578746,0.5144794,0.76581919,0
3.8365245,0.15380307,1.2442098,0.83591092,0.54618573,0.054167747,0
3.6607163,0.51050305,0.50943518,0.83591092,0.54618573,0.054167747,0
-0.55600262,1.5499567,-3.03368,-0.39041138,0.66105378,-0.64077055,0
-1.9293957,2.1653333,-1.2538292,-0.39041138,0.66105378,-0.64077055,0
-2.7116096,-1.9773433,-0.32150745,-0.83591092,-0.54618573,-0.054167747,0
-0.2047317,2.7983391,-1.3874011,-0.39041138,0.66105378,-0.64077055,0
-2.5256693,0.54352862,-2.6822503,-0.39041138,0.66105378,-0.64077055,0
3.2789853,-1.0637654,1.3121166,0.39041138,-0.66105378,0.64077055,0
2.8777742,1.0338838,2.6521373,-0.38578746,0.5144794,0.76581919,0
-2.6307306,-2.7822766,2.3933063,-0.83591092,-0.54618573,-0.054167747,0
2.2704012,2.2958932,-2.5737929,0.38578746,-0.5144794,-0.76581919,0
0.86046135,0.98691165,-2.1754556,0.38578746,-0.5144794,-0.76581919,0
2.2427313,3.2105088,-2.4233782,0.83591092,0.54618573,0.054167747,0
2.5562043,2.7623653,-1.0142186,0.83591092,0.54618573,0.054167747,0
0.05044198,1.133868,-2.4727447,0.38578746,-0.5144794,-0.76581919,0
3.207195,1.3818617,-0.1920929,0.83591092,0.54618573,0.054167747,0
0.62187701,-1.2534169,-0.77033973,0.38578746,-0.5144794,-0.76581919,0
-2.7545815,-1.5664117,-2.1305561,0.38578746,-0.5144794,-0.76581919,0
-0.13861889,-1.3148524,-1.3285737,0.38578746,-0.5144794,-0.76581919,0
-2.0982237,0.98804665,0.16029072,-0.38578746,0.5144794,0.76581919,0
2.9702675,-0.6195035,2.508101,0.39041138,-0.66105378,0.64077055,0
-1.9798229,-3.1242235,0.0011017323,-0.83591092,-0.54618573,-0.054167747,0
-3.1976581,0.24983585,0.3005302,-0.38578746,0.5144794,0.76581919,0
0.52370477,-1.7971091,2.4200757,0.39041138,-0.66105378,0.64077055,0
2.5604317,0.0068063736,3.3013556,-0.38578746,0.5144794,0.76581919,0
1.70127,2.9858975,0.68632841,-0.38578746,0.5144794,0.76581919,0
2.0882285,-1.5755181,2.0584226,0.39041138,-0.66105378,0.64077055,0
1.9039477,2.9079823,-2.5911787,-0.39041138,0.66105378,-0.64077055,0
0.35705709,-2.7918873,-0.06106621,0.38578746,-0.5144794,-0.76581919,0
-1.0099082,-0.93823355,2.1603456,-0.38578746,0.5144794,0.76581919,0
3.9831595,0.21279332,0.97148156,0.83591092,0.54618573,0.054167747,0
3.3089678,1.3005323,-1.1676276,0.83591092,0.54618573,0.054167747,0
2.4134743,2.635776,-1.4555775,0.83591092,0.54618573,0.054167747,0
4.4597254,-0.68389702,0.71824312,0.83591092,0.54618573,0.054167747,0
1.2798433,4.5935721,-0.4084425,0.83591092,0.54618573,0.054167747,0
-2.6148376,-2.6074708,0.25027323,-0.83591092,-0.54618573,-0.054167747,0
-0.21906161,2.7888761,0.019551814,-0.38578746,0.5144794,0.76581919,0
-1.5349001,-0.61692786,1.6438682,-0.38578746,0.5144794,0.76581919,0
-1.4206662,-0.38143992,-2.5981879,0.38578746,-0.5144794,-0.76581919,0
-1.0334938,1.1651838,0.90413797,-0.38578746,0.5144794,0.76581919,0
0.91001558,3.1575971,-2.0571353,-0.39041138,0.66105378,-0.64077055,0
-1.1773407,1.7002187,-2.3056843,-0.39041138,0.66105378,-0.64077055,0
0.46254921,2.0471809,-2.6990979,-0.39041138,0.66105378,-0.64077055,0
1.4098105,-2.1944196,0.45571113,0.38578746,-0.5144794,-0.76581919,0
-2.7966983,-1.4103792,-2.4212275,0.38578746,-0.5144794,-0.76581919,0
-1.1620538,1.9044893,-2.0588691,-0.39041138,0.66105378,-0.64077055,0
4.0070553,-0.12767094,1.931716,0.39041138,-0.66105378,0.64077055,0
-0.84627914,2.441072,0.13688353,-0.38578746,0.5144794,0.76581919,0
0.78201914,-3.3077693,0.97316349,0.39041138,-0.66105378,0.64077055,0
-1.0609233,1.7449255,-2.2354662,-0.39041138,0.66105378,-0.64077055,0
-1.4996123,1.4421775,-2.5762882,-0.39041138,0.66105378,-0.64077055,0
2.4996333,2.4948454,0.17794442,0.83591092,0.54618573,0.054167747,0
1.149585,-0.34630764,2.9899914,-0.38578746,0.5144794,0.76581919,0
2.0324631,3.1102474,-0.62252259,0.83591092,0.54618573,0.054167747,0
-0.90249538,1.0491134,1.0298564,-0.38578746,0.5144794,0.76581919,0
2.8718982,1.7310648,0.082216263,0.83591092,0.54618573,0.054167747,0
-1.3542299,2.1101246,0.020518303,-0.38578746,0.5144794,0.76581919,0
4.7489309,-0.63326657,1.1994166,0.83591092,0.54618573,0.054167747,0
-0.2687211,-3.8573985,0.56395853,0.39041138,-0.66105378,0.64077055,0
-3.1221254,-1.5967195,0.23944902,-0.83591092,-0.54618573,-0.054167747,0
-3.536612,-0.20779681,0.14785314,-0.38578746,0.5144794,0.76581919,0
0.50257063,2.4700909,-2.1509838,-0.39041138,0.66105378,-0.64077055,0
1.7112319,3.7784591,-1.3807367,0.83591092,0.54618573,0.054167747,0
-3.3632479,-0.75585473,-2.1355066,-0.83591092,-0.54618573,-0.054167747,0
2.6298666,2.315388,-0.92613029,0.83591092,0.54618573,0.054167747,0
1.517127,-1.0758866,2.82199,0.39041138,-0.66105378,0.64077055,0
-1.7858667,-2.8632436,-0.88493586,0.38578746,-0.5144794,-0.76581919,0
-2.6955709,-1.4545515,1.7594675,-0.38578746,0.5144794,0.76581919,0
-2.3281903,-3.1225438,2.7706697,-0.38578746,0.5144794,0.76581919,0
0.11638141,-0.072025895,2.2922204,-0.38578746,0.5144794,0.76581919,0
-0.55727863,-0.23990619,1.8044937,-0.38578746,0.5144794,0.76581919,0
-0.14019561,-2.7528753,0.0071377754,0.38578746,-0.5144794,-0.76581919,0
-0.92905402,2.0347428,-1.8411744,-0.39041138,0.66105378,-0.64077055,0
2.1505747,3.3755052,-1.5557404,0.83591092,0.54618573,0.054167747,0
2.9422677,1.8042921,0.034555912,0.83591092,0.54618573,0.054167747,0
-4.4932661,0.82737958,-1.1923203,-0.39041138,0.66105378,-0.64077055,0
-1.0912383,-1.9008815,-1.3617049,0.38578746,-0.5144794,-0.76581919,0
1.991086,-2.4102094,0.79701465,0.38578746,-0.5144794,-0.76581919,0
0.028423786,-3.0160673,1.4485246,0.39041138,-0.66105378,0.64077055,0
2.3775892,-1.9582919,0.44969487,0.38578746,-0.5144794,-0.76581919,0
-0.81769395,-4.0333443,1.2045045,0.39041138,-0.66105378,0.64077055,0
-1.1862644,0.41937017,1.1870903,-0.38578746,0.5144794,0.76581919,0
3.3094711,1.1221166,1.2877402,0.83591092,0.54618573,0.054167747,0
-3.5667744,-0.67378879,-0.17785573,-0.83591092,-0.54618573,-0.054167747,0
0.23260546,3.048528,-1.7048128,-0.39041138,0.66105378,-0.64077055,0
4.0178866,0.41173756,0.97768259,0.83591092,0.54618573,0.054167747,0
3.7315068,0.26863977,1.0102706,0.83591092,0.54618573,0.054167747,0
2.37639,-0.27816927,2.8001268,0.39041138,-0.66105378,0.64077055,0
0.06992808,-0.81265593,-1.5922509,0.38578746,-0.5144794,-0.76581919,0
2.8330948,-1.3486817,0.29779887,0.38578746,-0.5144794,-0.76581919,0
-0.44960403,1.4392992,-2.9790916,-0.39041138,0.66105378,-0.64077055,0
-2.6269906,-2.16396,-1.899754,0.38578746,-0.5144794,-0.76581919,0
-1.9366789,0.22209632,-3.2007227,0.38578746,-0.5144794,-0.76581919,0
-2.1944654,-2.9710836,1.8585417,-0.83591092,-0.54618573,-0.054167747,0
-3.0883319,-2.0581617,0.89538312,-0.83591092,-0.54618573,-0.054167747,0
-1.749599,-3.4406729,-0.23603678,-0.83591092,-0.54618573,-0.054167747,0
-2.7053235,-2.0756421,-1.3090308,-0.83591092,-0.54618573,-0.054167747,0
3.464705,1.2715645,1.0685391,0.83591092,0.54618573,0.054167747,0
1.3556441,1.0833826,2.0532999,-0.38578746,0.5144794,0.76581919,0
-2.2527587,-3.2715356,2.0366549,-0.83591092,-0.54618573,-0.054167747,0
-2.6997387,-2.3073826,-1.2803504,-0.83591092,-0.54618573,-0.054167747,0
-2.1318092,-3.1513858,1.7366188,-0.83591092,-0.54618573,-0.054167747,0
0.9583416,-2.8639905,0.67781353,0.38578746,-0.5144794,-0.76581919,0
-2.1997952,0.55522442,-2.5571928,-0.39041138,0.66105378,-0.64077055,0
-3.936511,-0.23523116,0.050572634,-0.83591092,-0.54618573,-0.054167747,0
-3.6827559,1.1161932,-1.5205708,-0.39041138,0.66105378,-0.64077055,0
1.384119,0.14871681,-1.3856217,0.38578746,-0.5144794,-0.76581919,0
0.72295094,4.1578846,-0.61467004,-0.38578746,0.5144794,0.76581919,0
-3.2962918,-0.21107674,-2.587172,-0.39041138,0.66105378,-0.64077055,0
-4.0592279,0.021589369,-1.2851934,-0.83591092,-0.54618573,-0.054167747,0
-0.0039556026,-2.1643643,2.599345,0.39041138,-0.66105378,0.64077055,0
2.5110593,2.9749475,-0.79376674,0.83591092,0.54618573,0.054167747,0
1.6623629,3.5251226,0.41557837,-0.38578746,0.5144794,0.76581919,0
2.4295712,2.8574696,-0.86230183,0.83591092,0.54618573,0.054167747,0
0.32147169,2.0243006,-2.5586019,-0.39041138,0.66105378,-0.64077055,0
-1.1930788,-3.1624532,2.3764668,0.39041138,-0.66105378,0.64077055,0
4.2483749,-0.063874647,1.1535039,0.83591092,0.54618573,0.054167747,0
1.8770232,2.9071689,-2.7491815,0.38578746,-0.5144794,-0.76581919,0
1.8029411,-0.60469925,-0.67514437,0.38578746,-0.5144794,-0.76581919,0
-2.2180305,-3.184984,-0.67362404,-0.83591092,-0.54618573,-0.054167747,0
1.6906203,2.6712086,-2.6847773,-0.39041138,0.66105378,-0.64077055,0
-0.15238357,-2.8498609,-0.27467823,0.38578746,-0.5144794,-0.76581919,0
-2.5596478,1.2317803,-1.6051894,-0.39041138,0.66105378,-0.64077055,0
2.6401792,0.38045526,-0.84132457,0.38578746,-0.5144794,-0.76581919,0
-3.9551544,-0.39765796,0.046881914,-0.83591092,-0.54618573,-0.054167747,0
-1.0243187,0.75981414,0.851578,-0.38578746,0.5144794,0.76581919,0
-0.8953166,-3.7872682,1.3663844,0.39041138,-0.66105378,0.64077055,0
1.1846168,3.6928031,-1.8151648,-0.39041138,0.66105378,-0.64077055,0
3.7137513,0.96537411,0.68765759,0.83591092,0.54618573,0.054167747,0
-2.8565674,0.82914495,-2.1285198,-0.39041138,0.66105378,-0.64077055,0
-0.26741838,-3.119875,1.5220866,0.39041138,-0.66105378,0.64077055,0
2.9201145,1.7381548,1.6631572,0.83591092,0.54618573,0.054167747,0
2.20136,2.9601858,-2.6573048,-0.39041138,0.66105378,-0.64077055,0
-2.5427358,-0.76183832,1.340902,-0.38578746,0.5144794,0.76581919,0
0.17810678,-2.9745982,1.3675674,0.39041138,-0.66105378,0.64077055,0
-3.0591264,-1.1980184,1.4480768,-0.38578746,0.5144794,0.76581919,0
-1.4616494,-3.6368823,2.0040195,0.39041138,-0.66105378,0.64077055,0
-1.3264967,0.51375043,0.93210226,-0.38578746,0.5144794,0.76581919,0
-0.18472576,-3.4209538,1.4245405,0.39041138,-0.66105378,0.64077055,0
-2.3417563,-2.4399421,-0.25682044,-0.83591092,-0.54618573,-0.054167747,0
1.0377722,-0.72196281,2.8522515,-0.38578746,0.5144794,0.76581919,0
-2.5559683,-0.811674,-2.4468379,0.38578746,-0.5144794,-0.76581919,0
4.1957517,-0.71906763,1.5225954,0.39041138,-0.66105378,0.64077055,0
1.5242096,3.9412646,-0.76649022,0.83591092,0.54618573,0.054167747,0
0.93709958,2.1426165,0.86111963,-0.38578746,0.5144794,0.76581919,0
1.4262702,-1.2399689,2.4469235,0.39041138,-0.66105378,0.64077055,0
-3.7904706,-0.38006556,0.21310735,-0.38578746,0.5144794,0.76581919,0
-2.1847839,-2.8891509,-0.14147496,-0.83591092,-0.54618573,-0.054167747,0
2.7817638,-0.54219556,2.4995241,0.39041138,-0.66105378,0.64077055,0
-1.840148,-3.7263782,-0.2191186,-0.83591092,-0.54618573,-0.054167747,0
2.9974823,1.8569275,-1.4471135,0.83591092,0.54618573,0.054167747,0
-0.24865913,2.6617093,-1.6573555,-0.39041138,0.66105378,-0.64077055,0
0.0026378632,1.5916519,-3.0401416,0.38578746,-0.5144794,-0.76581919,0
2.3938384,3.0687351,0.31617403,0.83591092,0.54618573,0.054167747,0
2.1680248,-0.5760715,2.5766845,0.39041138,-0.66105378,0.64077055,0
1.4404439,-0.96179557,-0.62044334,0.38578746,-0.5144794,-0.76581919,0
3.5501823,-1.2785097,1.2089872,0.39041138,-0.66105378,0.64077055,0
-0.86567038,0.55752385,1.1655142,-0.38578746,0.5144794,0.76581919,0
-0.086215496,-3.4178221,1.4333009,0.39041138,-0.66105378,0.64077055,0
-2.3900747,-2.9541903,2.5468667,-0.38578746,0.5144794,0.76581919,0
-3.9409368,0.32916293,-1.9501431,-0.39041138,0.66105378,-0.64077055,0
-1.3413658,2.9234543,-0.66692376,-0.38578746,0.5144794,0.76581919,0
1.3298938,4.4164968,-0.93246174,0.83591092,0.54618573,0.054167747,0
-3.7002969,-0.68431461,-0.88090754,-0.83591092,-0.54618573,-0.054167747,0
1.0764709,-2.9744697,0.59940338,0.38578746,-0.5144794,-0.76581919,0
2.9627821,1.8027143,-0.90093708,0.83591092,0.54618573,0.054167747,0
-2.1846223,-2.8165035,-0.13599563,-0.83591092,-0.54618573,-0.054167747,0
1.123184,2.9972596,-2.2327051,-0.39041138,0.66105378,-0.64077055,0
2.1273129,3.212657,-2.31306,0.83591092,0.54618573,0.054167747,0
-2.3834307,0.066032052,0.55406487,-0.38578746,0.5144794,0.76581919,0
-2.9684074,-2.0520363,-1.371042,-0.83591092,-0.54618573,-0.054167747,0
2.8125603,-1.2284027,1.888386,0.39041138,-0.66105378,0.64077055,0
-2.1731777,0.69942343,0.61170304,-0.38578746,0.5144794,0.76581919,0
3.3285809,1.0463221,2.9867151,-0.38578746,0.5144794,0.76581919,0
2.8057535,1.6746107,2.1119227,0.83591092,0.54618573,0.054167747,0
-0.34833044,1.4240658,0.88466763,-0.38578746,0.5144794,0.76581919,0
1.7876327,3.6164064,-0.79182601,0.83591092,0.54618573,0.054167747,0
1.6788654,-0.30223012,-0.65629303,0.38578746,-0.5144794,-0.76581919,0
-1.0080951,1.1664064,0.89058179,-0.38578746,0.5144794,0.76581919,0
0.48165941,3.7170055,-1.1052275,-0.39041138,0.66105378,-0.64077055,0
-2.9497547,-2.1589344,0.1615963,-0.83591092,-0.54618573,-0.054167747,0
-1.9486274,-0.18307579,0.96518773,-0.38578746,0.5144794,0.76581919,0
3.7034252,0.64431643,2.5992732,0.83591092,0.54618573,0.054167747,0
4.1653538,-0.41732723,0.98753452,0.83591092,0.54618573,0.054167747,0
2.8585465,-1.0019984,1.7459311,0.39041138,-0.66105378,0.64077055,0
-1.8748798,-1.8419758,2.044065,-0.38578746,0.5144794,0.76581919,0
-2.1855958,-1.1249251,1.8205488,-0.38578746,0.5144794,0.76581919,0
-1.8864441,1.4491,-2.1478574,-0.39041138,0.66105378,-0.64077055,0
-3.0904825,-1.7977109,-1.1003277,-0.83591092,-0.54618573,-0.054167747,0
0.64660907,1.4274807,-2.6902094,0.38578746,-0.5144794,-0.76581919,0
-0.334939,-0.25985336,2.0540056,-0.38578746,0.5144794,0.76581919,0
-2.03475,-3.5797234,0.1860745,-0.83591092,-0.54618573,-0.054167747,0
0.31757939,-0.1270051,1.9882748,-0.38578746,0.5144794,0.76581919,0
0.25162244,0.8307004,-2.5118637,0.38578746,-0.5144794,-0.76581919,0
3.03246,1.9257921,-0.46501637,0.83591092,0.54618573,0.054167747,0
3.7773447,0.16589803,1.2716448,0.83591092,0.54618573,0.054167747,0
0.3491745,3.4226706,-1.2678896,-0.39041138,0.66105378,-0.64077055,0
1.2830982,1.991411,-2.738899,0.38578746,-0.5144794,-0.76581919,0
-2.6804035,-2.7403541,2.5513525,-0.83591092,-0.54618573,-0.054167747,0
-0.72687101,3.067014,-0.92654312,-0.39041138,0.66105378,-0.64077055,0
-4.5809183,0.5880295,-1.1057341,-0.83591092,-0.54618573,-0.054167747,0
-3.6334183,0.088990808,0.29289126,-0.38578746,0.5144794,0.76581919,0
0.34746909,-2.1174054,2.2252491,0.39041138,-0.66105378,0.64077055,0
1.7577915,-1.2019709,2.2103004,0.39041138,-0.66105378,0.64077055,0
0.53155231,-3.0420492,1.0122597,0.39041138,-0.66105378,0.64077055,0
1.5915128,3.2290244,-2.6028349,-0.39041138,0.66105378,-0.64077055,0
-2.3418014,-2.1281741,2.1826415,-0.38578746,0.5144794,0.76581919,0
2.8040733,-1.7415898,0.95537281,0.39041138,-0.66105378,0.64077055,0
0.12944376,-2.2677374,-0.11444426,0.38578746,-0.5144794,-0.76581919,0
3.0195451,1.5250289,-0.57273436,0.83591092,0.54618573,0.054167747,0
-0.49359632,-2.007746,2.6344137,0.39041138,-0.66105378,0.64077055,0
-3.1550925,0.31570709,0.27690721,-0.38578746,0.5144794,0.76581919,0
0.33682945,1.4370151,1.235471,-0.38578746,0.5144794,0.76581919,0
3.6969585,-0.24893075,2.26878,0.39041138,-0.66105378,0.64077055,0
-1.8384619,-4.047678,1.1890266,-0.83591092,-0.54618573,-0.054167747,0
2.4710844,1.4887621,-1.7794473,0.38578746,-0.5144794,-0.76581919,0
2.9610839,2.2763543,-2.0873179,0.83591092,0.54618573,0.054167747,0
4.2411466,0.099094309,1.088079,0.83591092,0.54618573,0.054167747,0
-2.3227952,-2.9746585,0.34596586,-0.83591092,-0.54618573,-0.054167747,0
0.50363612,-3.3820853,0.85834002,0.39041138,-0.66105378,0.64077055,0
1.2035348,1.9099879,-2.6791613,0.38578746,-0.5144794,-0.76581919,0
-3.9049165,-0.27082467,-2.1219015,-0.83591092,-0.54618573,-0.054167747,0
-1.9863361,1.2202686,0.052304387,-0.38578746,0.5144794,0.76581919,0
-2.665746,-2.0508335,0.2446146,-0.83591092,-0.54618573,-0.054167747,0
-2.680454,-2.2344742,1.9847692,-0.38578746,0.5144794,0.76581919,0
-0.42191923,-2.9391351,-0.38514555,0.38578746,-0.5144794,-0.76581919,0
0.32418346,2.2933495,-2.2189116,-0.39041138,0.66105378,-0.64077055,0
-3.5841916,-1.2046249,0.34951711,-0.83591092,-0.54618573,-0.054167747,0
-0.051373243,3.3095279,-1.5150455,-0.39041138,0.66105378,-0.64077055,0
0.36953354,-3.3420703,0.70172948,0.39041138,-0.66105378,0.64077055,0
4.1042643,-0.038110517,1.2605324,0.83591092,0.54618573,0.054167747,0
-0.47699499,3.5798035,-0.59717208,-0.39041138,0.66105378,-0.64077055,0
0.86383653,0.32718861,-1.9590186,0.38578746,-0.5144794,-0.76581919,0
3.5954137,0.4312216,-0.34718132,0.38578746,-0.5144794,-0.76581919,0
-2.5634646,1.3524524,-1.5845277,-0.39041138,0.66105378,-0.64077055,0
3.785903,0.74535334,1.0770247,0.83591092,0.54618573,0.054167747,0
0.20691752,3.5866807,-0.2217325,-0.38578746,0.5144794,0.76581919,0
-1.9286985,-3.1181459,2.6983907,0.39041138,-0.66105378,0.64077055,0
0.81057763,2.4589636,-2.4368868,-0.39041138,0.66105378,-0.64077055,0
-1.3549799,-3.3009174,1.9787748,0.39041138,-0.66105378,0.64077055,0
-2.5713,-2.4062693,0.17840409,-0.83591092,-0.54618573,-0.054167747,0
-3.8088675,-0.57720667,-0.52154231,-0.83591092,-0.54618573,-0.054167747,0
1.0464706,-3.0365796,0.63370609,0.38578746,-0.5144794,-0.76581919,0
0.03568697,2.3846292,-2.1456828,-0.39041138,0.66105378,-0.64077055,0
-1.2556189,1.9067508,0.065458506,-0.38578746,0.5144794,0.76581919,0
-1.0193207,1.1721301,0.76919758,-0.38578746,0.5144794,0.76581919,0
3.9049785,-0.5668456,0.54390383,0.38578746,-0.5144794,-0.76581919,0
1.3836884,2.1663351,1.0375891,-0.38578746,0.5144794,0.76581919,0
-0.059858084,3.4876261,-0.29497659,-0.38578746,0.5144794,0.76581919,0
4.2356911,0.049185768,0.84830618,0.83591092,0.54618573,0.054167747,0
-0.19704866,-3.5933595,0.27498972,0.38578746,-0.5144794,-0.76581919,0
-3.3763041,-1.1947019,-0.13189769,-0.83591092,-0.54618573,-0.054167747,0
-3.0398686,-1.7173172,-2.1761215,0.38578746,-0.5144794,-0.76581919,0
-0.30868363,-2.4387555,2.5163786,0.39041138,-0.66105378,0.64077055,0
2.620255,0.099101186,2.8840592,0.39041138,-0.66105378,0.64077055,0
1.1424868,1.2103088,1.913635,-0.38578746,0.5144794,0.76581919,0
-1.5552876,2.4114361,-1.176707,-0.39041138,0.66105378,-0.64077055,0
0.93004203,3.2709734,-2.0858667,-0.39041138,0.66105378,-0.64077055,0
-1.9604363,2.3790758,-0.96007049,-0.39041138,0.66105378,-0.64077055,0
-3.3286486,-1.2897792,-0.0616889,-0.83591092,-0.54618573,-0.054167747,0
-0.83035064,-3.8226633,0.95707464,0.39041138,-0.66105378,0.64077055,0
0.15825915,3.6179755,-0.29691088,-0.38578746,0.5144794,0.76581919,0
2.3578672,-0.11698544,2.8562918,0.39041138,-0.66105378,0.64077055,0
-0.61234236,2.2835631,-2.1750922,-0.39041138,0.66105378,-0.64077055,0
2.106925,-1.4015721,2.0584323,0.39041138,-0.66105378,0.64077055,0
-1.7697542,1.1050491,-2.567991,-0.39041138,0.66105378,-0.64077055,0
2.6634197,2.1755507,0.19056988,0.83591092,0.54618573,0.054167747,0
-3.1009409,-0.010150671,0.36040711,-0.38578746,0.5144794,0.76581919,0
-1.3563578,2.1344404,-0.2731632,-0.38578746,0.5144794,0.76581919,0
-2.8170977,-1.5308284,-2.1293478,0.38578746,-0.5144794,-0.76581919,0
-1.6054242,0.95755523,-2.9838061,-0.39041138,0.66105378,-0.64077055,0
3.821878,0.33569396,0.56433034,0.83591092,0.54618573,0.054167747,0
-3.2317398,-1.826306,0.25283861,-0.83591092,-0.54618573,-0.054167747,0
-1.5507932,-2.1098764,2.6402161,-0.38578746,0.5144794,0.76581919,0
1.963726,-0.18273032,-1.0500119,0.38578746,-0.5144794,-0.76581919,0
2.0125806,-0.48631382,2.8418965,0.39041138,-0.66105378,0.64077055,0
-3.3705738,-1.0529592,1.0360889,-0.83591092,-0.54618573,-0.054167747,0
-3.2280617,-1.5204099,-1.1656182,-0.83591092,-0.54618573,-0.054167747,0
-1.4045329,-4.1317811,0.77863503,-0.83591092,-0.54618573,-0.054167747,0
-3.3775291,-1.1160103,-1.9931262,-0.83591092,-0.54618573,-0.054167747,0
2.1751354,3.0101326,-2.0486341,0.83591092,0.54618573,0.054167747,0
1.2964545,0.15695047,-1.391672,0.38578746,-0.5144794,-0.76581919,0
3.654223,0.83521414,2.7685599,0.83591092,0.54618573,0.054167747,0
1.6814296,2.1624954,-2.6577156,0.38578746,-0.5144794,-0.76581919,0
-3.8715932,-0.26101029,-2.1807249,-0.83591092,-0.54618573,-0.054167747,0
-0.0026024878,1.2834773,0.96068418,-0.38578746,0.5144794,0.76581919,0
-1.9247905,1.4913659,-0.19320452,-0.38578746,0.5144794,0.76581919,0
1.5107419,4.448215,-0.94923258,0.83591092,0.54618573,0.054167747,0
2.5017738,1.1844347,2.4433215,-0.38578746,0.5144794,0.76581919,0
-3.6560488,-0.439152,-2.2697623,-0.83591092,-0.54618573,-0.054167747,0
2.2533586,3.121347,-2.2850924,0.83591092,0.54618573,0.054167747,0
-0.9338975,3.2695823,-0.87960082,-0.39041138,0.66105378,-0.64077055,0
1.7335922,0.42680919,2.4565015,-0.38578746,0.5144794,0.76581919,0
2.9218068,1.6678202,2.0305636,0.83591092,0.54618573,0.054167747,0
-1.3748214,1.577137,-2.3264186,-0.39041138,0.66105378,-0.64077055,0
0.038415909,-2.3679357,2.0262172,0.39041138,-0.66105378,0.64077055,0
2.0992141,0.63973153,-1.210361,0.38578746,-0.5144794,-0.76581919,0
2.1456616,0.34721017,3.0349634,-0.38578746,0.5144794,0.76581919,0
3.3780656,1.2243056,2.3541842,0.83591092,0.54618573,0.054167747,0
-1.9072907,-1.2925414,1.6102216,-0.38578746,0.5144794,0.76581919,0
-3.2428923,-0.69466376,-3.2644789,0.38578746,-0.5144794,-0.76581919,0
4.4641809,-0.27101517,0.34752893,0.83591092,0.54618573,0.054167747,0
1.7265242,3.9327028,-0.94491577,0.83591092,0.54618573,0.054167747,0
-2.4650769,-3.0067379,0.4373877,-0.83591092,-0.54618573,-0.054167747,0
0.28707409,2.9583063,-1.7917889,-0.39041138,0.66105378,-0.64077055,0
3.3617332,-1.9427264,0.92819953,0.39041138,-0.66105378,0.64077055,0
3.7741666,-0.97053808,1.4274244,0.39041138,-0.66105378,0.64077055,0
-1.8438668,-3.077919,-1.0321522,0.38578746,-0.5144794,-0.76581919,0
3.2417865,0.97736639,1.2330108,0.83591092,0.54618573,0.054167747,0
-2.5373702,-2.4075196,0.49959302,-0.83591092,-0.54618573,-0.054167747,0
3.2144895,-1.6276596,0.94143796,0.39041138,-0.66105378,0.64077055,0
-3.4872377,0.78561318,-1.9242814,-0.39041138,0.66105378,-0.64077055,0
-2.9201605,-1.8259685,0.018572807,-0.83591092,-0.54618573,-0.054167747,0
-0.60156453,0.3797977,-2.7069972,0.38578746,-0.5144794,-0.76581919,0
-3.4175026,-0.98306453,-1.8768048,-0.83591092,-0.54618573,-0.054167747,0
2.9650538,1.9301198,0.85366321,0.83591092,0.54618573,0.054167747,0
0.51727438,-3.0948246,1.3302977,0.39041138,-0.66105378,0.64077055,0
-1.5133985,-3.3254204,2.0490913,0.39041138,-0.66105378,0.64077055,0
3.4978704,1.1343069,1.827255,0.83591092,0.54618573,0.054167747,0
2.3444715,2.7480631,-2.4831698,0.83591092,0.54618573,0.054167747,0
2.2236121,-1.9490933,1.3728411,0.39041138,-0.66105378,0.64077055,0
0.13621092,3.1151197,-1.4782853,-0.39041138,0.66105378,-0.64077055,0
1.7141395,2.0302117,-2.4895418,0.38578746,-0.5144794,-0.76581919,0
2.8690774,2.2999625,-0.29179502,0.83591092,0.54618573,0.054167747,0
2.8031566,0.82241917,2.7405956,-0.38578746,0.5144794,0.76581919,0
1.6116147,-1.835313,1.5837672,0.39041138,-0.66105378,0.64077055,0
-3.3076978,-1.0719265,-1.8976598,-0.83591092,-0.54618573,-0.054167747,0
1.9808669,-0.24419951,2.9606264,-0.38578746,0.5144794,0.76581919,0
-1.1881778,3.062654,-0.66982585,-0.38578746,0.5144794,0.76581919,0
-3.0283411,1.8484161,-1.0617306,-0.39041138,0.66105378,-0.64077055,0
-2.3237054,-2.8076286,2.2340531,-0.83591092,-0.54618573,-0.054167747,0
-1.3718585,-3.3751459,2.2756104,0.39041138,-0.66105378,0.64077055,0
2.7984891,-0.21340299,2.606092,0.39041138,-0.66105378,0.64077055,0
-2.3090756,-1.7131714,-1.7686615,0.38578746,-0.5144794,-0.76581919,0
0.57587892,0.57752538,-2.0403814,0.38578746,-0.5144794,-0.76581919,0
4.1432123,-1.0147619,0.96629071,0.39041138,-0.66105378,0.64077055,0
-2.2730508,-2.8446045,1.6298536,-0.83591092,-0.54618573,-0.054167747,0
0.97495198,0.72353429,-1.9515531,0.38578746,-0.5144794,-0.76581919,0
4.1456728,-0.29034746,1.2388029,0.83591092,0.54618573,0.054167747,0
3.0768158,2.0643885,-0.29970288,0.83591092,0.54618573,0.054167747,0
-3.4973352,-0.83803105,0.89181304,-0.38578746,0.5144794,0.76581919,0
-1.8656309,-2.4167624,2.4251833,-0.38578746,0.5144794,0.76581919,0
2.6991372,2.55568,-2.2076082,0.83591092,0.54618573,0.054167747,0
1.907191,-2.4175205,1.0134629,0.39041138,-0.66105378,0.64077055,0
-1.3837293,-4.2995849,0.071693182,0.38578746,-0.5144794,-0.76581919,0
2.0870764,-1.3501573,1.7612187,0.39041138,-0.66105378,0.64077055,0
3.5487766,0.84955484,0.42154455,0.83591092,0.54618573,0.054167747,0
0.059975863,1.044289,-2.6938281,0.38578746,-0.5144794,-0.76581919,0
-3.2481527,-1.836848,0.61517954,-0.83591092,-0.54618573,-0.054167747,0
2.3319945,1.8081045,2.0744939,-0.38578746,0.5144794,0.76581919,0
0.61992228,-0.35937631,2.7412882,-0.38578746,0.5144794,0.76581919,0
3.4747677,-1.0154549,1.5652547,0.39041138,-0.66105378,0.64077055,0
4.0805445,0.25099969,1.5570054,0.83591092,0.54618573,0.054167747,0
2.0490174,3.3849347,-1.63553,0.83591092,0.54618573,0.054167747,0
3.548008,1.3463123,-0.48927879,0.83591092,0.54618573,0.054167747,0
-2.4974606,-2.5883844,1.6748996,-0.83591092,-0.54618573,-0.054167747,0
1.2359481,4.4348369,-0.68811822,-0.39041138,0.66105378,-0.64077055,0
2.8103733,2.2697554,0.3252008,0.83591092,0.54618573,0.054167747,0
2.1529498,1.8054414,-2.2409446,0.38578746,-0.5144794,-0.76581919,0
-3.7519746,-0.2589823,-2.7495489,-0.39041138,0.66105378,-0.64077055,0
-0.46221504,-1.0876002,-1.6207757,0.38578746,-0.5144794,-0.76581919,0
4.2108917,-0.87641191,1.3909693,0.39041138,-0.66105378,0.64077055,0
0.86938453,4.3061137,-0.46020031,-0.38578746,0.5144794,0.76581919,0
4.4182878,-0.62478483,1.122581,0.83591092,0.54618573,0.054167747,0
4.0655041,0.22854829,1.9982777,0.83591092,0.54618573,0.054167747,0
-0.53714234,-2.0358567,-0.74477625,0.38578746,-0.5144794,-0.76581919,0
1.5373027,-1.5515432,1.8389802,0.39041138,-0.66105378,0.64077055,0
-1.8627388,2.2140718,-1.3408513,-0.39041138,0.66105378,-0.64077055,0
-2.2783399,-2.5288603,-1.6189847,0.38578746,-0.5144794,-0.76581919,0
0.48465514,2.334908,-2.770771,-0.39041138,0.66105378,-0.64077055,0
1.8986347,-0.35543644,3.0194874,0.39041138,-0.66105378,0.64077055,0
2.1786919,2.9593823,-3.0665812,-0.39041138,0.66105378,-0.64077055,0
-3.3039808,-0.70223624,0.95160222,-0.38578746,0.5144794,0.76581919,0
-3.5828009,-0.82045352,-2.3082654,-0.83591092,-0.54618573,-0.054167747,0
1.7676375,-2.6941364,1.0110151,0.39041138,-0.66105378,0.64077055,0
2.2807927,3.0106614,-0.28678846,0.83591092,0.54618573,0.054167747,0
-0.42555833,2.2210727,-2.4213042,-0.39041138,0.66105378,-0.64077055,0
-3.3253505,0.47278798,-2.246841,-0.39041138,0.66105378,-0.64077055,0
-4.1460104,1.062924,-1.136951,-0.39041138,0.66105378,-0.64077055,0
1.1339473,0.64128709,-2.0250616,0.38578746,-0.5144794,-0.76581919,0
-1.3554139,-4.2498684,1.0428035,-0.83591092,-0.54618573,-0.054167747,0
-3.8656554,0.52677155,-1.6180673,-0.39041138,0.66105378,-0.64077055,0
2.3630917,3.2446494,-2.6388874,0.83591092,0.54618573,0.054167747,0
0.17510772,3.0553436,-1.6330917,-0.39041138,0.66105378,-0.64077055,0
-2.4652557,-2.7085047,-0.12733555,-0.83591092,-0.54618573,-0.054167747,0
-1.9613184,-3.1176565,0.50178647,-0.83591092,-0.54618573,-0.054167747,0
-3.0785995,-1.8452857,0.0012662411,-0.83591092,-0.54618573,-0.054167747,0
0.026834249,-2.4924645,2.034483,0.39041138,-0.66105378,0.64077055,0
-0.43510795,-3.2060585,1.8801134,0.39041138,-0.66105378,0.64077055,0
1.6251744,4.041357,-0.75869513,0.83591092,0.54618573,0.054167747,0
3.1056619,1.8081833,-0.53090215,0.83591092,0.54618573,0.054167747,0
4.0476732,0.082587034,0.51019859,0.83591092,0.54618573,0.054167747,0
3.9279766,0.15216893,-0.14347196,0.83591092,0.54618573,0.054167747,0
0.21242118,2.5700588,-2.467936,-0.39041138,0.66105378,-0.64077055,0
1.5260928,2.5088768,-2.7764361,-0.39041138,0.66105378,-0.64077055,0
-2.6189539,-1.8310347,1.9248152,-0.38578746,0.5144794,0.76581919,0
3.2225778,1.5919992,-0.71879625,0.83591092,0.54618573,0.054167747,0
-2.2781582,-2.9677052,0.24167204,-0.83591092,-0.54618573,-0.054167747,0
1.3823577,1.8510363,1.4245055,-0.38578746,0.5144794,0.76581919,0
-1.67667,-3.3915343,2.1353884,0.39041138,-0.66105378,0.64077055,0
2.2240982,3.1558092,-2.8064055,0.38578746,-0.5144794,-0.76581919,0
-2.6661575,-1.1618832,-2.3999028,0.38578746,-0.5144794,-0.76581919,0
0.51980901,0.68148434,1.8236737,-0.38578746,0.5144794,0.76581919,0
2.2746115,1.363869,2.1976902,-0.38578746,0.5144794,0.76581919,0
-2.9349926,-0.28572559,-3.0399716,-0.39041138,0.66105378,-0.64077055,0
0.52062714,1.4089338,1.3250504,-0.38578746,0.5144794,0.76581919,0
0.36726284,1.8418643,-2.9271684,-0.39041138,0.66105378,-0.64077055,0
-1.9833846,-3.1602409,-0.8204062,-0.83591092,-0.54618573,-0.054167747,0
0.19595695,-1.5702345,2.945092,0.39041138,-0.66105378,0.64077055,0
-4.0017238,-0.3203108,-0.17982602,-0.83591092,-0.54618573,-0.054167747,0
1.949682,2.6144841,-2.9849896,0.38578746,-0.5144794,-0.76581919,0
-1.2364545,2.0736573,-1.7815313,-0.39041138,0.66105378,-0.64077055,0
2.8709211,-1.2949318,0.11383867,0.38578746,-0.5144794,-0.76581919,0
2.2875631,-0.88281524,2.100107,0.39041138,-0.66105378,0.64077055,0
2.6247249,-2.3106303,0.98028457,0.39041138,-0.66105378,0.64077055,0
-0.3137207,3.1479836,-1.374498,-0.39041138,0.66105378,-0.64077055,0
-2.9220893,2.0200372,-0.92729223,-0.39041138,0.66105378,-0.64077055,0
-2.1380575,1.254811,-2.3176842,-0.39041138,0.66105378,-0.64077055,0
-3.4485159,-1.075352,-3.1653168,-0.83591092,-0.54618573,-0.054167747,0
2.288554,2.9858413,-2.208663,0.83591092,0.54618573,0.054167747,0
3.1292028,1.517253,-0.95882559,0.83591092,0.54618573,0.054167747,0
-2.1569808,-0.29075289,1.2326686,-0.38578746,0.5144794,0.76581919,0
-3.3374386,0.36019063,-0.046288252,-0.38578746,0.5144794,0.76581919,0
1.7777286,-1.9078958,1.4373732,0.39041138,-0.66105378,0.64077055,0
-0.099266052,3.5609398,-0.91393298,-0.39041138,0.66105378,-0.64077055,0
-0.91401172,-2.77964,2.6532886,0.39041138,-0.66105378,0.64077055,0
-3.0703497,-1.8562105,-0.91682935,-0.83591092,-0.54618573,-0.054167747,0
0.12115359,-1.6709361,2.7240441,0.39041138,-0.66105378,0.64077055,0
4.5141506,-0.33450913,0.31357145,0.38578746,-0.5144794,-0.76581919,0
0.49362874,2.9021351,-1.8402112,-0.39041138,0.66105378,-0.64077055,0
-1.0484813,-3.5887113,0.067277908,0.38578746,-0.5144794,-0.76581919,0
-0.91622376,-2.1561744,2.8713422,-0.38578746,0.5144794,0.76581919,0
0.2836093,-0.73984444,-1.2057554,0.38578746,-0.5144794,-0.76581919,0
-2.3275537,-2.3484211,-1.3941128,0.38578746,-0.5144794,-0.76581919,0
0.9859252,-1.5427344,2.7257595,0.39041138,-0.66105378,0.64077055,0
0.30755329,-3.4306498,0.79711765,0.39041138,-0.66105378,0.64077055,0
-2.7088718,-1.7103453,-2.3406949,0.38578746,-0.5144794,-0.76581919,0
-3.9242945,-0.32303256,-0.21854734,-0.83591092,-0.54618573,-0.054167747,0
-1.1750791,-4.387641,0.43405676,-0.83591092,-0.54618573,-0.054167747,0
0.83849907,0.789976,-2.2659683,0.38578746,-0.5144794,-0.76581919,0
-0.0008327961,-3.0579779,1.2460548,0.39041138,-0.66105378,0.64077055,0
-0.80003166,-2.0055737,-0.79717541,0.38578746,-0.5144794,-0.76581919,0
-0.45616698,3.1965327,-1.1654383,-0.39041138,0.66105378,-0.64077055,0
0.55323863,-2.4962239,-0.015520036,0.38578746,-0.5144794,-0.76581919,0
3.1215434,-1.3565559,1.4202132,0.39041138,-0.66105378,0.64077055,0
-3.1066272,0.61372685,-0.12362266,-0.38578746,0.5144794,0.76581919,0
-0.88114756,-1.1707584,-1.5764432,0.38578746,-0.5144794,-0.76581919,0
-4.1055923,0.62751716,-0.51853299,-0.38578746,0.5144794,0.76581919,0
-0.85208869,-3.1400816,1.735073,0.39041138,-0.66105378,0.64077055,0
2.4035838,2.5646482,0.65762234,0.83591092,0.54618573,0.054167747,0
-0.73792553,3.0065579,-1.1621245,-0.39041138,0.66105378,-0.64077055,0
-2.3842747,1.9525061,-1.2418947,-0.39041138,0.66105378,-0.64077055,0
-1.7551574,-3.5308859,2.2612741,0.39041138,-0.66105378,0.64077055,0
-4.0852427,0.85340613,-1.4856231,-0.39041138,0.66105378,-0.64077055,0
-2.1031046,-2.6457305,-1.0101755,0.38578746,-0.5144794,-0.76581919,0
1.9285551,3.5482183,0.046619892,0.83591092,0.54618573,0.054167747,0
0.22141123,-2.0860662,2.673357,0.39041138,-0.66105378,0.64077055,0
4.7653594,-0.63065928,1.0083194,0.83591092,0.54618573,0.054167747,0
2.4909749,-0.8534407,0.12651742,0.38578746,-0.5144794,-0.76581919,0
-0.93019938,-3.5358107,-0.015123606,0.38578746,-0.5144794,-0.76581919,0
3.6345894,1.177633,0.19855022,0.83591092,0.54618573,0.054167747,0
2.1591573,0.0010845661,3.1258917,0.39041138,-0.66105378,0.64077055,0
-1.714467,-3.5831404,-0.14213085,-0.83591092,-0.54618573,-0.054167747,0
-1.4402816,2.5798926,-0.45107824,-0.38578746,0.5144794,0.76581919,0
-2.0287604,1.8390509,-1.2684423,-0.39041138,0.66105378,-0.64077055,0
-0.77871633,2.7426929,-0.4316476,-0.38578746,0.5144794,0.76581919,0
3.5618634,0.94259465,2.53231,0.83591092,0.54618573,0.054167747,0
-3.0232503,-1.9574924,-0.098352909,-0.83591092,-0.54618573,-0.054167747,0
3.235476,1.7821722,-0.0876441,0.83591092,0.54618573,0.054167747,0
-3.0400329,-1.7672746,0.17273283,-0.83591092,-0.54618573,-0.054167747,0
2.9059594,2.1295841,0.67290926,0.83591092,0.54618573,0.054167747,0
0.86162114,2.2986364,-2.6449549,-0.39041138,0.66105378,-0.64077055,0
2.9292331,1.839559,-0.4009192,0.83591092,0.54618573,0.054167747,0
3.1746047,1.3972638,1.8353822,0.83591092,0.54618573,0.054167747,0
-3.6239619,-0.081839561,0.30962372,-0.38578746,0.5144794,0.76581919,0
-3.2682095,-0.4782896,-3.1831443,-0.39041138,0.66105378,-0.64077055,0
3.3934994,0.68314886,3.0498862,0.39041138,-0.66105378,0.64077055,0
0.17805624,2.6977415,-2.220274,-0.39041138,0.66105378,-0.64077055,0
-0.37453198,-3.856266,0.81886208,0.39041138,-0.66105378,0.64077055,0
-3.0035038,-1.9262214,0.9750123,-0.83591092,-0.54618573,-0.054167747,0
3.7238002,0.61906964,1.6284502,0.83591092,0.54618573,0.054167747,0
3.1589456,1.3035549,0.94414234,0.83591092,0.54618573,0.054167747,0
0.18303365,0.90088308,1.5777647,-0.38578746,0.5144794,0.76581919,0
-1.5557067,-0.8707124,-2.1262116,0.38578746,-0.5144794,-0.76581919,0
2.4447939,-1.2291331,1.6595844,0.39041138,-0.66105378,0.64077055,0
-1.3186183,2.6332293,-1.4027514,-0.39041138,0.66105378,-0.64077055,0
2.9513922,1.6569915,0.76384163,0.83591092,0.54618573,0.054167747,0
2.7849214,0.76660502,-0.8981061,0.38578746,-0.5144794,-0.76581919,0
-3.1960552,-1.661162,0.94904017,-0.83591092,-0.54618573,-0.054167747,0
2.6833656,-0.11810625,2.850363,0.39041138,-0.66105378,0.64077055,0
3.1937106,1.270643,-1.1762376,0.38578746,-0.5144794,-0.76581919,0
3.7668231,-1.0020777,1.6471186,0.39041138,-0.66105378,0.64077055,0
-0.49242735,-1.90556,2.7868276,0.39041138,-0.66105378,0.64077055,0
0.65639567,1.7127891,0.88480031,-0.38578746,0.5144794,0.76581919,0
4.2017436,0.29470783,-0.17101789,0.83591092,0.54618573,0.054167747,0
-2.3114767,1.9214063,-0.39962327,-0.38578746,0.5144794,0.76581919,0
-2.2118764,-0.50698233,-2.9480891,0.38578746,-0.5144794,-0.76581919,0
0.091434836,2.1224852,0.56565368,-0.38578746,0.5144794,0.76581919,0
-1.8464689,-0.71561265,-2.2129912,0.38578746,-0.5144794,-0.76581919,0
3.9063904,-0.90409827,0.80311155,0.38578746,-0.5144794,-0.76581919,0
-3.6766193,1.1912202,-1.0551782,-0.39041138,0.66105378,-0.64077055,0
2.7541492,1.0507153,-1.2077377,0.38578746,-0.5144794,-0.76581919,0
-2.0563414,1.7532163,-1.8404737,-0.39041138,0.66105378,-0.64077055,0
-1.7827717,-2.3298278,-1.1339438,0.38578746,-0.5144794,-0.76581919,0
3.695122,-0.70627958,1.5876155,0.39041138,-0.66105378,0.64077055,0
0.44183612,2.4325237,-2.4725082,-0.39041138,0.66105378,-0.64077055,0
-1.025844,-2.1668115,-1.0750287,0.38578746,-0.5144794,-0.76581919,0
3.9195337,0.26088271,1.4501405,0.83591092,0.54618573,0.054167747,0
-0.90252066,-4.3419623,0.29694629,0.38578746,-0.5144794,-0.76581919,0
-1.0435293,-3.2834826,1.8055393,0.39041138,-0.66105378,0.64077055,0
2.7648621,2.7402124,-2.1612329,0.83591092,0.54618573,0.054167747,0
-0.99802518,2.673624,-1.1900929,-0.39041138,0.66105378,-0.64077055,0
2.1006637,3.4298697,0.19312167,0.83591092,0.54618573,0.054167747,0
1.0425155,2.820107,-2.3950417,-0.39041138,0.66105378,-0.64077055,0
2.0193114,3.2636302,-1.6267922,0.83591092,0.54618573,0.054167747,0
3.1513908,1.9421296,-0.51834464,0.83591092,0.54618573,0.054167747,0
2.7885253,-0.67427707,-0.14685631,0.38578746,-0.5144794,-0.76581919,0
-1.8894557,-2.9462662,2.922812,0.39041138,-0.66105378,0.64077055,0
-2.662492,-2.0006502,-1.4458027,-0.83591092,-0.54618573,-0.054167747,0
-3.9475899,-0.53373265,-0.094805241,-0.83591092,-0.54618573,-0.054167747,0
-4.0095491,0.1485243,-1.3311565,-0.83591092,-0.54618573,-0.054167747,0
-2.3073325,-3.3986812,1.6940352,-0.83591092,-0.54618573,-0.054167747,0
3.8086715,0.15811473,-0.19806957,0.38578746,-0.5144794,-0.76581919,0
-0.78110909,-2.3245592,2.8638089,0.39041138,-0.66105378,0.64077055,0
0.80299759,-2.0313909,1.9619055,0.39041138,-0.66105378,0.64077055,0
-1.6903274,0.80471087,-2.9818444,-0.39041138,0.66105378,-0.64077055,0
1.6981314,0.1025244,-1.2582519,0.38578746,-0.5144794,-0.76581919,0
0.034962416,-3.8232846,0.84325153,0.39041138,-0.66105378,0.64077055,0
-0.36302066,1.8883865,-2.3052773,-0.39041138,0.66105378,-0.64077055,0
1.0645931,-2.1205261,1.838291,0.39041138,-0.66105378,0.64077055,0
1.8041997,3.4011116,-0.083808661,0.83591092,0.54618573,0.054167747,0
1.7691693,-1.3090769,2.2836702,0.39041138,-0.66105378,0.64077055,0
1.2541666,4.1062727,0.014536142,-0.38578746,0.5144794,0.76581919,0
-2.7248063,-2.3895049,-1.6265728,-0.83591092,-0.54618573,-0.054167747,0
1.42417,-2.3765519,1.5393237,0.39041138,-0.66105378,0.64077055,0
-0.85508323,0.85041821,0.95212603,-0.38578746,0.5144794,0.76581919,0
0.82781827,0.54672384,-1.7063091,0.38578746,-0.5144794,-0.76581919,0
-3.55071,1.2004077,-0.98462129,-0.39041138,0.66105378,-0.64077055,0
2.1206388,3.4512303,-1.4133271,0.83591092,0.54618573,0.054167747,0
1.2089837,4.4440479,-0.9406724,-0.39041138,0.66105378,-0.64077055,0
-2.5447512,0.37268877,-3.0197742,-0.39041138,0.66105378,-0.64077055,0
-1.8687348,-3.2231729,2.6362658,0.39041138,-0.66105378,0.64077055,0
3.6822171,-1.4626546,1.2143495,0.39041138,-0.66105378,0.64077055,0
-2.0517147,-3.095005,-0.30316067,-0.83591092,-0.54618573,-0.054167747,0
-3.7638526,-0.76847589,-1.1713376,-0.83591092,-0.54618573,-0.054167747,0
-1.8352621,0.77679682,-3.0485699,-0.39041138,0.66105378,-0.64077055,0
-0.048447251,2.4648397,0.5353297,-0.38578746,0.5144794,0.76581919,0
3.3329468,1.2801268,1.7341805,0.83591092,0.54618573,0.054167747,0
-1.9458327,1.7638506,-1.5159129,-0.39041138,0.66105378,-0.64077055,0
-1.1847594,-4.1568484,1.4253563,0.39041138,-0.66105378,0.64077055,0
-3.5385532,-0.62343001,-0.51701641,-0.83591092,-0.54618573,-0.054167747,0
-3.4724786,1.2933066,-0.50441456,-0.38578746,0.5144794,0.76581919,0
3.821311,-0.14100707,2.0831718,0.39041138,-0.66105378,0.64077055,0
-1.1202203,0.072773218,1.2506638,-0.38578746,0.5144794,0.76581919,0
2.7565854,-0.13636148,2.682162,0.39041138,-0.66105378,0.64077055,0
4.0311975,0.32646698,2.0467772,0.83591092,0.54618573,0.054167747,0
3.7225475,-0.0299263,2.5035596,0.39041138,-0.66105378,0.64077055,0
-2.0529084,-0.72077823,-2.5333691,0.38578746,-0.5144794,-0.76581919,0
0.08251667,2.6468902,-1.7613921,-0.39041138,0.66105378,-0.64077055,0
2.4952049,0.020668983,3.0427895,0.39041138,-0.66105378,0.64077055,0
-0.28561139,1.4059733,-3.0000935,0.38578746,-0.5144794,-0.76581919,0
2.106715,-2.4203639,1.1995559,0.39041138,-0.66105378,0.64077055,0
-0.02001667,-2.5438704,2.3319812,0.39041138,-0.66105378,0.64077055,0
1.9368937,3.318254,-2.2037048,0.83591092,0.54618573,0.054167747,0
-3.8507285,-0.37582839,0.3173933,-0.38578746,0.5144794,0.76581919,0
2.5725493,2.899585,-1.6690631,0.83591092,0.54618573,0.054167747,0
