-2.3130744,-1.3419681,3.0042205,-0.90384436,-0.28207803,0.32171035,0
-3.5333011,-0.074975491,-0.49966955,-0.42691293,0.54451764,-0.72197366,0
-0.067625523,2.3680975,0.46730694,-0.028476,0.7898941,0.61258185,0
-3.1290171,-2.4142389,-0.0011873245,0.028476,-0.7898941,-0.61258185,0
-1.363957,-0.22008848,3.6105974,0.42691293,-0.54451764,0.72197366,0
2.485817,1.4128876,-2.7213962,0.90384436,0.28207803,-0.32171035,0
3.8312228,-0.47829461,-0.055070877,0.42691293,-0.54451764,0.72197366,0
-2.7170558,-2.4634688,-0.40527654,0.028476,-0.7898941,-0.61258185,0
0.66704559,-2.2585888,-0.17976952,0.028476,-0.7898941,-0.61258185,0
-3.5836463,0.49103141,1.6395228,-0.90384436,-0.28207803,0.32171035,0
1.0579154,0.69152761,2.2644446,-0.028476,0.7898941,0.61258185,0
-2.6391628,-0.71897984,2.3585837,-0.90384436,-0.28207803,0.32171035,0
3.0376911,0.28592372,-2.4021499,0.90384436,0.28207803,-0.32171035,0
-0.31868327,-0.58190775,-2.6542134,0.028476,-0.7898941,-0.61258185,0
-3.5842116,-0.1202234,0.14648938,-0.90384436,-0.28207803,0.32171035,0
3.8779593,0.50740808,0.093681097,0.90384436,0.28207803,-0.32171035,0
2.9600177,1.4752183,-0.65692043,0.90384436,0.28207803,-0.32171035,0
-2.9856672,1.6777618,0.70794749,-0.028476,0.7898941,0.61258185,0
0.46796465,-1.8369051,-0.92409021,0.028476,-0.7898941,-0.61258185,0
0.74518931,1.8946483,-1.7673388,-0.42691293,0.54451764,-0.72197366,0
1.5834895,-1.4889456,-1.1304934,0.028476,-0.7898941,-0.61258185,0
-3.7559619,-0.30270469,-0.0030963421,-0.90384436,-0.28207803,0.32171035,0
-0.13492107,2.5588598,-0.25372225,-0.028476,0.7898941,0.61258185,0
4.1995344,-1.441792,-0.83542299,0.90384436,0.28207803,-0.32171035,0
0.68102908,-1.8573308,0.80654657,0.42691293,-0.54451764,0.72197366,0
-2.9612229,-2.8345714,0.63507795,-0.90384436,-0.28207803,0.32171035,0
-0.30142835,0.83232641,-2.0521531,-0.42691293,0.54451764,-0.72197366,0
-3.0449903,-2.0546241,-0.47046161,0.028476,-0.7898941,-0.61258185,0
-1.2248931,1.9559164,0.5757041,-0.028476,0.7898941,0.61258185,0
-1.4721433,-0.27619052,3.2819452,0.42691293,-0.54451764,0.72197366,0
0.043514013,-2.1131685,-0.66673285,0.028476,-0.7898941,-0.61258185,0
-2.8795888,-1.3000761,1.0997446,-0.90384436,-0.28207803,0.32171035,0
2.9463034,1.619333,-1.6141434,0.90384436,0.28207803,-0.32171035,0
-4.0140152,0.98131734,0.47441435,-0.90384436,-0.28207803,0.32171035,0
3.0385642,0.80386281,-1.8365178,0.90384436,0.28207803,-0.32171035,0
2.736903,1.7737794,-1.0938976,0.90384436,0.28207803,-0.32171035,0
3.112355,0.54193807,-1.8217292,0.90384436,0.28207803,-0.32171035,0
-3.7838528,-1.3451488,-1.0422385,-0.90384436,-0.28207803,0.32171035,0
-1.5490408,-0.14667118,-1.8103915,-0.42691293,0.54451764,-0.72197366,0
1.8375649,2.7701545,-0.28800225,-0.028476,0.7898941,0.61258185,0
3.1401019,1.9378858,-0.36112118,0.90384436,0.28207803,-0.32171035,0
2.7385559,-1.8529187,-0.49696589,0.028476,-0.7898941,-0.61258185,0
2.3930683,1.9855196,-2.0039475,0.90384436,0.28207803,-0.32171035,0
-3.587867,-0.50193876,0.78783703,-0.90384436,-0.28207803,0.32171035,0
2.7939904,2.8849266,-0.16493654,0.90384436,0.28207803,-0.32171035,0
-2.0088735,-2.3177469,2.3760102,0.42691293,-0.54451764,0.72197366,0
2.7835803,0.75313103,-2.4933271,0.90384436,0.28207803,-0.32171035,0
-1.6413933,-1.2667873,2.6658189,0.42691293,-0.54451764,0.72197366,0
1.9488013,-0.98875844,-1.9290144,0.028476,-0.7898941,-0.61258185,0
-2.8481131,-2.1310501,1.4436295,-0.90384436,-0.28207803,0.32171035,0
3.3057299,-0.67476702,-2.0410993,0.90384436,0.28207803,-0.32171035,0
0.050929278,0.60004258,-2.1039717,-0.42691293,0.54451764,-0.72197366,0
-1.7117212,1.4171283,-0.63596886,-0.42691293,0.54451764,-0.72197366,0
-3.8743458,0.37432986,0.54336977,-0.90384436,-0.28207803,0.32171035,0
1.1013095,1.1266239,1.6504736,-0.028476,0.7898941,0.61258185,0
3.0614207,1.2848463,1.7857856,0.42691293,-0.54451764,0.72197366,0
1.1000906,0.10902882,2.3095949,0.42691293,-0.54451764,0.72197366,0
2.7650619,0.70727944,-2.8199863,0.90384436,0.28207803,-0.32171035,0
3.0146861,1.4093584,-1.2579992,0.90384436,0.28207803,-0.32171035,0
-1.3482194,1.0840625,1.9503279,-0.028476,0.7898941,0.61258185,0
-2.2281485,-3.6731257,1.5656412,0.42691293,-0.54451764,0.72197366,0
-3.474606,-0.5340116,-1.3101411,-0.42691293,0.54451764,-0.72197366,0
3.9138806,1.0998539,0.93286037,0.90384436,0.28207803,-0.32171035,0
-2.3855157,-2.1935155,-0.80663943,0.028476,-0.7898941,-0.61258185,0
1.1932793,1.5556283,-2.5313833,-0.42691293,0.54451764,-0.72197366,0
0.7446332,-1.7635481,-1.2659469,0.028476,-0.7898941,-0.61258185,0
-2.6535299,-0.62945759,2.341239,-0.90384436,-0.28207803,0.32171035,0
1.7878567,1.2920783,1.3719289,-0.028476,0.7898941,0.61258185,0
3.7844987,-0.47725976,-0.24938083,0.90384436,0.28207803,-0.32171035,0
1.0459354,-2.1042614,0.32144433,0.42691293,-0.54451764,0.72197366,0
-2.4812899,1.9231106,0.37228703,-0.028476,0.7898941,0.61258185,0
-1.8974663,-2.4427059,2.1764097,0.42691293,-0.54451764,0.72197366,0
-2.5592394,-0.57054973,3.1991105,-0.90384436,-0.28207803,0.32171035,0
1.8655502,-1.0286857,-1.8949287,0.028476,-0.7898941,-0.61258185,0
-1.5618625,1.3076476,1.2633325,-0.028476,0.7898941,0.61258185,0
-1.1863012,1.9592336,-0.4095583,-0.42691293,0.54451764,-0.72197366,0
2.6925087,-0.5944528,-2.4478779,0.028476,-0.7898941,-0.61258185,0
-3.2324488,-2.4607325,-0.20206857,-0.90384436,-0.28207803,0.32171035,0
2.5179284,-0.94604015,-1.8483536,0.028476,-0.7898941,-0.61258185,0
1.6884481,-0.82715428,1.2476436,0.42691293,-0.54451764,0.72197366,0
1.2275412,-0.84465045,-1.8293928,0.028476,-0.7898941,-0.61258185,0
3.1986594,-1.1291475,-1.713794,0.028476,-0.7898941,-0.61258185,0
1.6842054,-1.4137397,-1.3144014,0.028476,-0.7898941,-0.61258185,0
-0.93028468,-0.73518276,2.6890049,0.42691293,-0.54451764,0.72197366,0
3.5665512,-0.42994806,-1.1468856,0.90384436,0.28207803,-0.32171035,0
3.6941893,1.1357894,0.78024721,0.90384436,0.28207803,-0.32171035,0
-2.4038947,-2.7908347,2.1685529,-0.90384436,-0.28207803,0.32171035,0
3.4928806,1.3254901,-0.052101374,0.90384436,0.28207803,-0.32171035,0
-1.2904394,1.7407408,0.70200884,-0.028476,0.7898941,0.61258185,0
3.8892362,-1.2187535,-0.72149754,0.90384436,0.28207803,-0.32171035,0
-2.5274053,-2.141036,-0.73285675,0.028476,-0.7898941,-0.61258185,0
-2.2371299,1.1371667,1.7572689,-0.028476,0.7898941,0.61258185,0
1.1953256,-1.6609856,-1.132291,0.028476,-0.7898941,-0.61258185,0
-1.4832165,0.71275347,2.1976652,-0.028476,0.7898941,0.61258185,0
-0.76022267,2.6114707,-0.45210901,-0.028476,0.7898941,0.61258185,0
3.552032,0.53234601,-0.26830077,0.90384436,0.28207803,-0.32171035,0
2.6436863,-0.50305891,0.59326231,0.42691293,-0.54451764,0.72197366,0
1.3320172,-1.731344,-0.72414088,0.028476,-0.7898941,-0.61258185,0
-3.5080731,1.1588745,1.3300533,-0.028476,0.7898941,0.61258185,0
2.0841327,1.8675747,1.2685151,-0.028476,0.7898941,0.61258185,0
0.075699329,-2.9627662,0.26374087,0.028476,-0.7898941,-0.61258185,0
1.8877801,-1.2626563,-1.7209647,0.028476,-0.7898941,-0.61258185,0
0.4330622,-0.67519343,-2.1157804,0.028476,-0.7898941,-0.61258185,0
3.8475626,1.4937412,1.3853338,0.42691293,-0.54451764,0.72197366,0
2.8833671,1.7529203,-1.7910628,0.90384436,0.28207803,-0.32171035,0
3.2349944,-1.7243906,-1.1818545,0.028476,-0.7898941,-0.61258185,0
3.9859126,-0.58407307,-0.69370604,0.90384436,0.28207803,-0.32171035,0
-1.4275492,-2.8528552,0.3599602,0.028476,-0.7898941,-0.61258185,0
2.8069968,2.7704673,-0.47790623,0.90384436,0.28207803,-0.32171035,0
3.6476455,-0.74734807,-0.1345036,0.42691293,-0.54451764,0.72197366,0
-3.6401114,0.56283849,1.5724459,-0.90384436,-0.28207803,0.32171035,0
-0.61558187,-1.0757213,-2.1589043,0.028476,-0.7898941,-0.61258185,0
-2.6647706,-2.6461813,1.1475875,-0.90384436,-0.28207803,0.32171035,0
-3.218466,-2.0921223,-0.24845529,-0.90384436,-0.28207803,0.32171035,0
-2.1138632,-3.0036767,1.6470323,0.42691293,-0.54451764,0.72197366,0
-1.8758304,-2.4916682,1.9055634,0.42691293,-0.54451764,0.72197366,0
2.550663,1.9721193,-1.9021029,0.90384436,0.28207803,-0.32171035,0
3.3905978,1.1668237,-0.15136123,0.90384436,0.28207803,-0.32171035,0
-3.2940407,-0.86802775,0.59928775,-0.90384436,-0.28207803,0.32171035,0
-2.6838322,-0.86429214,2.9396181,-0.90384436,-0.28207803,0.32171035,0
3.4569702,1.7053794,-0.16978717,0.90384436,0.28207803,-0.32171035,0
-3.2634244,-2.4996285,-0.039944649,-0.90384436,-0.28207803,0.32171035,0
1.9979767,-0.53221238,-2.5605822,0.028476,-0.7898941,-0.61258185,0
-0.87287498,-1.790139,2.0700865,0.42691293,-0.54451764,0.72197366,0
-0.06453827,-0.77139878,2.3160346,0.42691293,-0.54451764,0.72197366,0
-1.2828748,-2.8542323,0.37460637,0.028476,-0.7898941,-0.61258185,0
-3.1331849,-0.23894262,-1.047224,-0.42691293,0.54451764,-0.72197366,0
-2.566309,-1.9072299,-0.67597103,0.028476,-0.7898941,-0.61258185,0
-1.4208431,-1.8712317,-0.69705284,0.028476,-0.7898941,-0.61258185,0
0.44008687,1.4659576,-2.1024733,-0.42691293,0.54451764,-0.72197366,0
-2.48645,-0.64321792,-1.6934559,-0.42691293,0.54451764,-0.72197366,0
-0.091495395,-0.057083845,-2.4875944,-0.42691293,0.54451764,-0.72197366,0
1.2065139,-2.5744658,0.34345776,0.42691293,-0.54451764,0.72197366,0
-2.8335719,-1.3484406,1.9377506,-0.90384436,-0.28207803,0.32171035,0
1.0138493,2.6349573,-1.3110684,-0.42691293,0.54451764,-0.72197366,0
2.4813333,2.9107785,-1.6701355,0.90384436,0.28207803,-0.32171035,0
2.7937708,1.7698612,1.4244304,-0.028476,0.7898941,0.61258185,0
3.1554971,-1.5994378,-0.90256357,0.028476,-0.7898941,-0.61258185,0
-0.27975035,-0.43968105,2.5594454,0.42691293,-0.54451764,0.72197366,0
-0.66498518,-0.59968352,-2.2855127,0.028476,-0.7898941,-0.61258185,0
2.5671718,3.1905732,-0.46784782,-0.028476,0.7898941,0.61258185,0
-3.8026338,0.33468473,0.40713096,-0.90384436,-0.28207803,0.32171035,0
-3.102823,0.040698349,1.6919551,-0.90384436,-0.28207803,0.32171035,0
1.0732071,1.7481385,0.93353277,-0.028476,0.7898941,0.61258185,0
-2.6655915,0.29698157,-1.0967205,-0.42691293,0.54451764,-0.72197366,0
4.0282135,-1.4506774,-0.55270481,0.90384436,0.28207803,-0.32171035,0
3.5190072,0.14482069,0.60011744,0.42691293,-0.54451764,0.72197366,0
-0.53827059,-1.8981543,-1.116834,0.028476,-0.7898941,-0.61258185,0
-2.9947243,-0.44006526,1.6893816,-0.90384436,-0.28207803,0.32171035,0
-1.0044434,0.14322329,3.3531284,-0.028476,0.7898941,0.61258185,0
-2.9161637,-2.2672727,0.61751056,-0.90384436,-0.28207803,0.32171035,0
-3.703403,0.45894676,1.0668833,-0.90384436,-0.28207803,0.32171035,0
-2.5929904,-1.8837905,1.9230945,-0.90384436,-0.28207803,0.32171035,0
-1.2713568,-1.8172686,1.9574388,0.42691293,-0.54451764,0.72197366,0
-1.3949379,-0.1948297,3.3104334,-0.028476,0.7898941,0.61258185,0
-2.6729331,-1.2536086,2.1506562,-0.90384436,-0.28207803,0.32171035,0
-3.6030228,-1.5565279,-0.15107465,-0.90384436,-0.28207803,0.32171035,0
0.92130572,-0.95409775,1.4286494,0.42691293,-0.54451764,0.72197366,0
-0.73569381,-0.23371267,-2.5892251,-0.42691293,0.54451764,-0.72197366,0
1.4643052,-1.2580286,1.0696031,0.42691293,-0.54451764,0.72197366,0
-1.4858692,-1.8758001,2.4227381,0.42691293,-0.54451764,0.72197366,0
1.5810301,-1.8541627,-0.66420245,0.028476,-0.7898941,-0.61258185,0
-1.3787227,-1.7422712,-1.158869,0.028476,-0.7898941,-0.61258185,0
-2.8436389,-1.5277859,2.0131543,-0.90384436,-0.28207803,0.32171035,0
0.97903264,-0.46062684,1.5724902,0.42691293,-0.54451764,0.72197366,0
2.361496,1.0360608,2.2349374,-0.028476,0.7898941,0.61258185,0
-1.8529429,-0.38030171,-1.7733169,-0.42691293,0.54451764,-0.72197366,0
-0.43191206,2.0462549,-1.2133633,-0.42691293,0.54451764,-0.72197366,0
1.3613605,2.0600641,0.56270158,-0.028476,0.7898941,0.61258185,0
1.8402146,3.3765085,-1.5144935,-0.42691293,0.54451764,-0.72197366,0
3.5472183,0.54934931,1.1473482,0.42691293,-0.54451764,0.72197366,0
2.5289924,1.5995938,1.5989788,-0.028476,0.7898941,0.61258185,0
-1.5846488,1.8256116,1.0038987,-0.028476,0.7898941,0.61258185,0
3.0031805,0.62442917,1.2429338,0.42691293,-0.54451764,0.72197366,0
2.6656306,1.8555449,-1.6015413,0.90384436,0.28207803,-0.32171035,0
-1.3597758,0.25734639,3.0480111,-0.028476,0.7898941,0.61258185,0
0.52869034,-1.2700953,-1.7590482,0.028476,-0.7898941,-0.61258185,0
1.4572532,-0.87942314,1.1170145,0.42691293,-0.54451764,0.72197366,0
1.1845727,-1.5463492,0.65545833,0.42691293,-0.54451764,0.72197366,0
-0.74054289,-3.283179,1.0016944,0.42691293,-0.54451764,0.72197366,0
-0.15621173,2.3857546,-0.81445003,-0.42691293,0.54451764,-0.72197366,0
1.4921629,0.62646699,-3.2757642,-0.42691293,0.54451764,-0.72197366,0
0.58015788,0.80307412,-2.5221217,-0.42691293,0.54451764,-0.72197366,0
-2.0665269,-0.69171083,-2.0127358,-0.42691293,0.54451764,-0.72197366,0
-1.4052018,0.37698865,-1.7280371,-0.42691293,0.54451764,-0.72197366,0
-1.03306,-2.5348353,-0.098676562,0.028476,-0.7898941,-0.61258185,0
1.7777865,2.3658957,-1.9992154,-0.42691293,0.54451764,-0.72197366,0
-3.0207958,0.09390223,1.8934901,-0.90384436,-0.28207803,0.32171035,0
-3.0552175,-1.9451126,-1.1792161,0.028476,-0.7898941,-0.61258185,0
2.3323619,1.2188573,-3.1463892,0.90384436,0.28207803,-0.32171035,0
-3.0022235,-1.2437706,-1.7999234,0.028476,-0.7898941,-0.61258185,0
-1.9454257,-2.4884479,1.8095593,0.42691293,-0.54451764,0.72197366,0
-1.31848,2.1155634,0.17992663,-0.028476,0.7898941,0.61258185,0
2.9058456,1.5486423,-1.5968034,0.90384436,0.28207803,-0.32171035,0
-2.497402,-3.2210364,1.500711,-0.90384436,-0.28207803,0.32171035,0
-2.9122782,-0.6647445,-1.4483018,-0.42691293,0.54451764,-0.72197366,0
3.376941,-1.5914034,-0.51391888,0.42691293,-0.54451764,0.72197366,0
-3.385932,1.5767447,0.66676211,-0.42691293,0.54451764,-0.72197366,0
0.34181404,0.51276946,2.4688425,-0.028476,0.7898941,0.61258185,0
-2.8631716,1.5208448,0.12921405,-0.42691293,0.54451764,-0.72197366,0
-0.54046905,0.5345974,2.3204017,-0.028476,0.7898941,0.61258185,0
-3.9770021,1.4841347,1.1445718,-0.90384436,-0.28207803,0.32171035,0
-1.7590935,-1.4950452,-1.2552981,0.028476,-0.7898941,-0.61258185,0
-2.8979816,-0.61310983,-1.5342932,-0.42691293,0.54451764,-0.72197366,0
-2.0623193,-2.1719971,2.2382431,0.42691293,-0.54451764,0.72197366,0
0.67697191,-1.6845436,1.0624005,0.42691293,-0.54451764,0.72197366,0
0.34135294,-0.59320366,-2.1946588,0.028476,-0.7898941,-0.61258185,0
1.5251224,2.0661805,0.74898767,-0.028476,0.7898941,0.61258185,0
-1.1838118,0.038606167,2.8562441,-0.028476,0.7898941,0.61258185,0
-2.7508769,-1.9928247,-0.95319569,0.028476,-0.7898941,-0.61258185,0
0.77855432,-0.78843093,-2.2737441,0.028476,-0.7898941,-0.61258185,0
-0.4831152,-2.5952613,0.84731287,0.42691293,-0.54451764,0.72197366,0
3.7992249,0.22203135,-0.63207102,0.90384436,0.28207803,-0.32171035,0
3.4899027,1.5234782,1.2121918,-0.028476,0.7898941,0.61258185,0
-1.932187,-1.0959324,-1.6741608,0.028476,-0.7898941,-0.61258185,0
-1.3814775,-1.9659212,-1.1121044,0.028476,-0.7898941,-0.61258185,0
1.2463824,1.0307205,1.9634193,-0.028476,0.7898941,0.61258185,0
-4.1429939,0.39363897,0.1718154,-0.90384436,-0.28207803,0.32171035,0
2.3545008,2.3331316,0.21398783,-0.028476,0.7898941,0.61258185,0
2.2873645,-0.49262273,-2.5260179,0.028476,-0.7898941,-0.61258185,0
3.5851407,0.86591786,-0.08807683,0.90384436,0.28207803,-0.32171035,0
-0.29927564,1.00211,2.205245,-0.028476,0.7898941,0.61258185,0
-0.8016187,2.2945595,-0.74426866,-0.42691293,0.54451764,-0.72197366,0
-0.52243245,1.1526346,-1.4351085,-0.42691293,0.54451764,-0.72197366,0
-0.60931468,2.5710015,-0.3309893,-0.028476,0.7898941,0.61258185,0
0.12857318,0.10922503,2.9276526,0.42691293,-0.54451764,0.72197366,0
1.010217,-0.2931602,-3.0958242,0.028476,-0.7898941,-0.61258185,0
3.4918072,0.16144328,-0.3283267,0.90384436,0.28207803,-0.32171035,0
-3.2559483,-0.77506447,1.2800274,-0.90384436,-0.28207803,0.32171035,0
3.0219951,0.78672481,-2.1459696,0.90384436,0.28207803,-0.32171035,0
3.0564072,0.68714339,1.2255996,0.42691293,-0.54451764,0.72197366,0
3.5327983,1.5144136,0.24730182,0.90384436,0.28207803,-0.32171035,0
2.1847534,3.2154894,-1.3782151,0.90384436,0.28207803,-0.32171035,0
1.9400012,-2.0853829,-0.060912371,0.42691293,-0.54451764,0.72197366,0
3.9114022,0.58289427,0.79774046,0.90384436,0.28207803,-0.32171035,0
-2.531076,1.6168631,1.1898589,-0.028476,0.7898941,0.61258185,0
-3.8450944,-0.029509902,-0.56803727,-0.42691293,0.54451764,-0.72197366,0
1.2819381,-0.60521805,-2.320611,0.028476,-0.7898941,-0.61258185,0
2.724015,2.7488174,-0.91459799,0.90384436,0.28207803,-0.32171035,0
-0.6601615,-0.65996337,2.8461666,0.42691293,-0.54451764,0.72197366,0
-2.8318748,0.33582854,2.7812555,-0.028476,0.7898941,0.61258185,0
3.0421541,0.26462185,1.2783356,0.42691293,-0.54451764,0.72197366,0
0.55896068,-1.000411,-1.9379063,0.028476,-0.7898941,-0.61258185,0
3.3728545,1.6065379,-0.40303969,0.90384436,0.28207803,-0.32171035,0
3.4669273,-0.34652483,-1.4588518,0.90384436,0.28207803,-0.32171035,0
2.5764134,2.2379344,-1.7329183,0.90384436,0.28207803,-0.32171035,0
-3.3415251,-1.51851,-0.37112737,-0.90384436,-0.28207803,0.32171035,0
-2.7640376,1.4334245,-0.18335366,-0.42691293,0.54451764,-0.72197366,0
3.9807525,1.5128363,1.0952976,0.90384436,0.28207803,-0.32171035,0
-3.5935645,0.44900739,-0.38331318,-0.42691293,0.54451764,-0.72197366,0
-2.5346494,-0.62566519,3.5606537,-0.90384436,-0.28207803,0.32171035,0
2.8368423,1.4615788,-1.4386723,0.90384436,0.28207803,-0.32171035,0
-2.5294795,0.53758323,2.2594018,-0.028476,0.7898941,0.61258185,0
-0.14185521,-0.69136333,2.5220788,0.42691293,-0.54451764,0.72197366,0
-2.6830082,-1.1070333,2.7035005,-0.90384436,-0.28207803,0.32171035,0
-1.9013023,-1.9731675,-0.79405797,0.028476,-0.7898941,-0.61258185,0
-0.70437813,1.2636482,1.3345455,-0.028476,0.7898941,0.61258185,0
3.1395931,1.2006035,-1.2994273,0.90384436,0.28207803,-0.32171035,0
-3.1736417,-2.3313329,0.10179424,-0.90384436,-0.28207803,0.32171035,0
-3.8477342,-0.036898732,0.15506506,-0.90384436,-0.28207803,0.32171035,0
1.9001546,-0.71643364,-2.009753,0.028476,-0.7898941,-0.61258185,0
3.2733364,1.9729704,0.57129502,-0.028476,0.7898941,0.61258185,0
-1.9903989,-3.109386,1.7248561,0.42691293,-0.54451764,0.72197366,0
2.9561121,-0.12637591,1.1347009,0.42691293,-0.54451764,0.72197366,0
1.648798,-0.89856398,-1.7181861,0.028476,-0.7898941,-0.61258185,0
3.9426625,0.016881585,0.41971779,0.42691293,-0.54451764,0.72197366,0
-0.47161674,-0.51632822,-2.5218453,0.028476,-0.7898941,-0.61258185,0
-1.0639343,-0.58652902,-2.6960645,-0.42691293,0.54451764,-0.72197366,0
1.3597037,1.1934595,-2.4783735,-0.42691293,0.54451764,-0.72197366,0
2.4078479,2.4792778,-1.3729551,0.90384436,0.28207803,-0.32171035,0
3.2099426,-0.60800445,-1.8424847,0.90384436,0.28207803,-0.32171035,0
2.4692113,3.2216749,-0.8637774,0.90384436,0.28207803,-0.32171035,0
-0.56895792,-2.6796899,0.1452316,0.028476,-0.7898941,-0.61258185,0
-2.3594737,-0.64798665,3.3397889,-0.90384436,-0.28207803,0.32171035,0
-0.89131546,1.5185026,-1.1728225,-0.42691293,0.54451764,-0.72197366,0
-0.61929452,-2.4984462,-0.39371842,0.028476,-0.7898941,-0.61258185,0
-0.17301154,-0.66422713,-2.5986743,0.028476,-0.7898941,-0.61258185,0
-2.2412202,-1.0060296,3.127311,-0.90384436,-0.28207803,0.32171035,0
3.0379419,-1.7791601,-0.9288311,0.028476,-0.7898941,-0.61258185,0
-1.7388248,-2.5105081,-0.017986894,0.028476,-0.7898941,-0.61258185,0
-2.3782434,1.2025949,1.4085741,-0.028476,0.7898941,0.61258185,0
-1.7884058,-2.011827,-0.81331545,0.028476,-0.7898941,-0.61258185,0
3.8548005,-0.61903238,-1.1766891,0.90384436,0.28207803,-0.32171035,0
-2.5400698,-2.2039108,2.0775511,-0.90384436,-0.28207803,0.32171035,0
3.3225503,-1.7131149,-1.1429267,0.028476,-0.7898941,-0.61258185,0
2.6976094,1.3912276,-2.1539001,0.90384436,0.28207803,-0.32171035,0
4.0094151,-0.57190526,0.14590883,0.42691293,-0.54451764,0.72197366,0
3.6678905,0.42133844,-0.53601575,0.90384436,0.28207803,-0.32171035,0
-2.8511152,1.0006191,-0.59053302,-0.42691293,0.54451764,-0.72197366,0
-2.8202882,0.069121361,3.2288837,-0.90384436,-0.28207803,0.32171035,0
0.44500482,2.5122855,-1.055217,-0.42691293,0.54451764,-0.72197366,0
3.5950363,0.88366425,-0.056114197,0.90384436,0.28207803,-0.32171035,0
3.8083088,1.4752741,1.7150773,0.90384436,0.28207803,-0.32171035,0
1.2738562,-1.7381859,-0.73039901,0.028476,-0.7898941,-0.61258185,0
0.89358616,1.8957326,0.92729628,-0.028476,0.7898941,0.61258185,0
-0.40031803,-0.77564031,-2.1871562,0.028476,-0.7898941,-0.61258185,0
2.4606357,-1.2388246,-1.4379232,0.028476,-0.7898941,-0.61258185,0
0.62713075,-1.0137277,-2.127491,0.028476,-0.7898941,-0.61258185,0
-0.69159508,0.19690061,3.1950459,-0.028476,0.7898941,0.61258185,0
2.751296,1.7842039,-1.8153324,0.90384436,0.28207803,-0.32171035,0
3.2265687,-1.6593847,-0.23977852,0.42691293,-0.54451764,0.72197366,0
2.6143737,0.17963731,1.3054061,0.42691293,-0.54451764,0.72197366,0
-0.83875954,-2.2056699,-0.32836276,0.028476,-0.7898941,-0.61258185,0
-0.66667122,-0.46925426,-2.531522,-0.42691293,0.54451764,-0.72197366,0
3.748605,-0.47974235,-0.2857995,0.90384436,0.28207803,-0.32171035,0
2.5941076,0.7420181,-2.324183,0.90384436,0.28207803,-0.32171035,0
3.4779859,-0.10146566,-0.73896956,0.90384436,0.28207803,-0.32171035,0
-2.7404246,-0.74438715,2.4442582,-0.90384436,-0.28207803,0.32171035,0
0.92391419,-1.8501755,-1.0080621,0.028476,-0.7898941,-0.61258185,0
2.6671748,-0.97035933,0.66265059,0.42691293,-0.54451764,0.72197366,0
3.1616321,-0.48703426,-2.148869,0.90384436,0.28207803,-0.32171035,0
-3.133255,-2.1423254,0.44199085,-0.90384436,-0.28207803,0.32171035,0
2.5273302,2.8607135,-1.3585155,0.90384436,0.28207803,-0.32171035,0
-0.55893028,-0.97653842,2.606041,0.42691293,-0.54451764,0.72197366,0
3.1585162,-0.39327109,0.87148595,0.42691293,-0.54451764,0.72197366,0
1.6774704,-1.1945479,-1.5499008,0.028476,-0.7898941,-0.61258185,0
3.9220126,-1.0681568,-0.19310737,0.42691293,-0.54451764,0.72197366,0
-2.460665,-1.6420751,2.1624961,-0.90384436,-0.28207803,0.32171035,0
0.73457587,0.34508038,2.6209457,0.42691293,-0.54451764,0.72197366,0
4.0256371,0.28727007,0.17657495,0.90384436,0.28207803,-0.32171035,0
0.069587946,-1.6025705,-1.2212088,0.028476,-0.7898941,-0.61258185,0
-1.4106352,-3.1687727,1.2830089,0.42691293,-0.54451764,0.72197366,0
0.026424527,-1.3489525,1.6498672,0.42691293,-0.54451764,0.72197366,0
2.8251176,2.465425,-1.149931,0.90384436,0.28207803,-0.32171035,0
3.135313,2.0182436,-0.73292089,0.90384436,0.28207803,-0.32171035,0
0.21908019,-1.1874852,2.012804,0.42691293,-0.54451764,0.72197366,0
-2.9143548,-2.0923367,1.1002471,-0.90384436,-0.28207803,0.32171035,0
1.4730637,1.7703404,0.89422101,-0.028476,0.7898941,0.61258185,0
2.2385621,-0.24431515,-2.633389,0.028476,-0.7898941,-0.61258185,0
-2.3357048,-1.8021002,-1.3622696,0.028476,-0.7898941,-0.61258185,0
-0.083526969,-1.2051463,-1.8762774,0.028476,-0.7898941,-0.61258185,0
-2.9023523,-2.4419754,1.010268,-0.90384436,-0.28207803,0.32171035,0
0.62732387,-0.10364699,-3.0692592,0.028476,-0.7898941,-0.61258185,0
-3.2120185,0.003164053,2.353039,-0.90384436,-0.28207803,0.32171035,0
-2.1266816,0.092162848,-1.5268223,-0.42691293,0.54451764,-0.72197366,0
3.2559204,0.26574028,-1.8728096,0.90384436,0.28207803,-0.32171035,0
2.2165434,1.4607348,-2.8165026,-0.42691293,0.54451764,-0.72197366,0
-1.0509716,-1.1470022,2.3326383,0.42691293,-0.54451764,0.72197366,0
-0.39645159,0.81207806,2.3388824,-0.028476,0.7898941,0.61258185,0
0.54087543,-1.8652751,1.0697107,0.42691293,-0.54451764,0.72197366,0
-2.3587825,-1.1439812,3.2910085,-0.90384436,-0.28207803,0.32171035,0
2.1132464,1.4492254,1.525944,-0.028476,0.7898941,0.61258185,0
-3.1307306,1.7907825,0.60391879,-0.42691293,0.54451764,-0.72197366,0
-1.808988,-0.37946606,3.6519792,0.42691293,-0.54451764,0.72197366,0
1.4099973,1.9792016,0.6914562,-0.028476,0.7898941,0.61258185,0
-1.9246895,-0.8171072,3.3804853,0.42691293,-0.54451764,0.72197366,0
-0.13032687,-2.4230349,1.1652534,0.42691293,-0.54451764,0.72197366,0
-1.8573716,-2.1263161,2.2072506,0.42691293,-0.54451764,0.72197366,0
2.7276726,-1.7128625,-0.9560082,0.028476,-0.7898941,-0.61258185,0
3.5122166,-0.88452554,-1.8857365,0.028476,-0.7898941,-0.61258185,0
0.93920815,-2.0640945,0.52597827,0.42691293,-0.54451764,0.72197366,0
-3.5364671,0.53115934,1.8220642,-0.90384436,-0.28207803,0.32171035,0
0.15876865,-0.67218053,-2.6701746,0.028476,-0.7898941,-0.61258185,0
-2.6000929,-1.3161454,2.3663528,-0.90384436,-0.28207803,0.32171035,0
-3.2365654,1.6237649,0.39194322,-0.42691293,0.54451764,-0.72197366,0
-1.6566472,-1.9727869,-0.84964979,0.028476,-0.7898941,-0.61258185,0
-1.58095,2.0558867,-0.093744636,-0.42691293,0.54451764,-0.72197366,0
2.6154761,-1.7831516,-0.62959027,0.028476,-0.7898941,-0.61258185,0
-2.9896801,0.064507842,2.3631597,-0.90384436,-0.28207803,0.32171035,0
-3.2930205,0.14109731,2.237031,-0.90384436,-0.28207803,0.32171035,0
-0.28319103,-0.054665804,-2.6580153,-0.42691293,0.54451764,-0.72197366,0
1.9111155,3.4814343,-1.0121639,-0.028476,0.7898941,0.61258185,0
-2.9579701,-1.9738564,0.75796914,-0.90384436,-0.28207803,0.32171035,0
2.8813133,2.6086304,0.037023306,0.90384436,0.28207803,-0.32171035,0
2.0542805,0.49843621,-3.5835743,0.028476,-0.7898941,-0.61258185,0
-2.6462083,-1.1603103,-1.8812679,0.028476,-0.7898941,-0.61258185,0
0.9547962,0.3315289,-2.9122839,-0.42691293,0.54451764,-0.72197366,0
2.4590077,0.67131805,-3.0891142,0.90384436,0.28207803,-0.32171035,0
-3.3259466,-1.2031136,-0.11221838,-0.90384436,-0.28207803,0.32171035,0
-2.4057302,-2.8966677,1.6658895,-0.90384436,-0.28207803,0.32171035,0
0.26419115,0.28304195,2.6897407,-0.028476,0.7898941,0.61258185,0
2.7485023,2.7879744,-0.31552792,0.90384436,0.28207803,-0.32171035,0
2.7668684,1.6286001,-1.6453891,0.90384436,0.28207803,-0.32171035,0
1.7750192,-1.6968542,-1.2635822,0.028476,-0.7898941,-0.61258185,0
1.5249873,-0.78080034,-2.4805315,0.028476,-0.7898941,-0.61258185,0
3.5125756,-0.50513107,-1.1403286,0.90384436,0.28207803,-0.32171035,0
-2.2343571,-1.3678986,-1.5824664,0.028476,-0.7898941,-0.61258185,0
-3.0352054,-0.95303679,-1.5753547,-0.42691293,0.54451764,-0.72197366,0
2.6839416,1.7558093,-1.9988821,0.90384436,0.28207803,-0.32171035,0
-4.0233154,0.69979173,0.27769232,-0.42691293,0.54451764,-0.72197366,0
-3.3626139,-1.5477855,-0.14629221,-0.90384436,-0.28207803,0.32171035,0
1.2547476,1.097465,-2.4878016,-0.42691293,0.54451764,-0.72197366,0
0.21239555,1.5614357,-1.6752563,-0.42691293,0.54451764,-0.72197366,0
2.0710454,0.45739222,-3.4590805,0.028476,-0.7898941,-0.61258185,0
-2.2378895,-1.0498712,-1.9290196,0.028476,-0.7898941,-0.61258185,0
-0.72322536,-2.9760854,0.33849394,0.028476,-0.7898941,-0.61258185,0
1.4128815,2.3435881,0.43240392,-0.028476,0.7898941,0.61258185,0
2.7253299,0.58303022,-3.0257001,0.90384436,0.28207803,-0.32171035,0
1.2775759,-0.33651829,-2.9516666,0.028476,-0.7898941,-0.61258185,0
2.5340009,2.5786264,-1.7635791,0.90384436,0.28207803,-0.32171035,0
0.17110598,0.52743459,-2.517833,-0.42691293,0.54451764,-0.72197366,0
-3.4666772,-0.49814248,-0.8297472,-0.42691293,0.54451764,-0.72197366,0
-3.3924589,1.4108312,1.1991587,-0.028476,0.7898941,0.61258185,0
3.5526793,0.43309909,-0.88338232,0.90384436,0.28207803,-0.32171035,0
-0.32321262,0.84288239,-1.9443368,-0.42691293,0.54451764,-0.72197366,0
-3.7741461,0.21301645,0.34160352,-0.90384436,-0.28207803,0.32171035,0
1.68917,2.9415553,-1.5835736,-0.42691293,0.54451764,-0.72197366,0
2.3846734,2.0967116,-1.9303484,0.90384436,0.28207803,-0.32171035,0
-0.48375213,-0.61553502,-2.5970011,0.028476,-0.7898941,-0.61258185,0
-0.58937675,-0.16214347,-2.7439198,-0.42691293,0.54451764,-0.72197366,0
0.3640871,3.0544934,-0.72276664,-0.42691293,0.54451764,-0.72197366,0
1.1865185,-0.89267659,1.5384569,0.42691293,-0.54451764,0.72197366,0
3.3520513,2.011317,0.13255048,0.90384436,0.28207803,-0.32171035,0
2.1159563,1.5794413,1.6307194,-0.028476,0.7898941,0.61258185,0
1.8223808,-0.33000362,-2.6293592,0.028476,-0.7898941,-0.61258185,0
3.392889,0.16535175,0.86936617,0.42691293,-0.54451764,0.72197366,0
3.3087416,-1.4360878,-1.1024239,0.028476,-0.7898941,-0.61258185,0
1.5293093,-1.3909099,0.87391162,0.42691293,-0.54451764,0.72197366,0
-0.18106437,-0.28547907,-2.6109457,-0.42691293,0.54451764,-0.72197366,0
-3.590189,1.4251808,1.1823311,-0.028476,0.7898941,0.61258185,0
-2.9972134,-1.2867941,1.7263913,-0.90384436,-0.28207803,0.32171035,0
-1.8966577,-3.1075063,1.776293,0.42691293,-0.54451764,0.72197366,0
-0.38152969,1.9696486,-1.3001157,-0.42691293,0.54451764,-0.72197366,0
-0.86612523,-3.1495142,1.1169045,0.42691293,-0.54451764,0.72197366,0
-0.39424452,-1.6289737,1.9539025,0.42691293,-0.54451764,0.72197366,0
0.3104561,0.4417758,-2.6702113,-0.42691293,0.54451764,-0.72197366,0
3.2032127,-1.8215928,-0.49690676,0.42691293,-0.54451764,0.72197366,0
-1.3530302,1.5824276,-0.81625265,-0.42691293,0.54451764,-0.72197366,0
-0.2508744,2.3900304,-0.55258542,-0.42691293,0.54451764,-0.72197366,0
-2.3802876,-0.90075994,3.1085045,-0.90384436,-0.28207803,0.32171035,0
3.2386196,0.082544208,0.79318929,0.42691293,-0.54451764,0.72197366,0
-1.9937396,-0.50528538,-2.2355969,-0.42691293,0.54451764,-0.72197366,0
-2.9352298,-2.097589,0.28579092,-0.90384436,-0.28207803,0.32171035,0
3.7235827,1.6222887,0.61991763,0.90384436,0.28207803,-0.32171035,0
-0.33853447,1.4149959,-1.6513289,-0.42691293,0.54451764,-0.72197366,0
1.5245448,0.36970258,-3.3523955,-0.42691293,0.54451764,-0.72197366,0
2.732033,2.3240643,-0.92333126,0.90384436,0.28207803,-0.32171035,0
0.76643109,-1.0430753,1.6929457,0.42691293,-0.54451764,0.72197366,0
-0.98166609,-1.8494068,-0.62892878,0.028476,-0.7898941,-0.61258185,0
3.7621298,0.22260189,0.284868,0.90384436,0.28207803,-0.32171035,0
2.9087467,2.035357,-1.3192501,0.90384436,0.28207803,-0.32171035,0
1.2613891,-0.45958662,1.7020338,0.42691293,-0.54451764,0.72197366,0
2.5212975,-0.13985479,-2.802871,0.028476,-0.7898941,-0.61258185,0
-1.573526,-2.453414,-0.17076159,0.028476,-0.7898941,-0.61258185,0
0.6548754,-0.90774363,-1.8100374,0.028476,-0.7898941,-0.61258185,0
-2.9911785,-1.6969566,0.94163537,-0.90384436,-0.28207803,0.32171035,0
-3.6930549,0.028349638,0.28537154,-0.90384436,-0.28207803,0.32171035,0
-2.3758211,-1.2903738,3.1001928,-0.90384436,-0.28207803,0.32171035,0
-1.6537445,-0.96685457,2.8629487,0.42691293,-0.54451764,0.72197366,0
-3.9129839,-0.88120836,-1.1905546,-0.90384436,-0.28207803,0.32171035,0
-3.6526489,-1.39504,-1.1838388,-0.90384436,-0.28207803,0.32171035,0
-3.3456767,-0.76555628,1.3827844,-0.90384436,-0.28207803,0.32171035,0
2.8513718,-0.98107815,0.25479221,0.42691293,-0.54451764,0.72197366,0
-3.5179467,-1.2536695,-1.5065656,0.028476,-0.7898941,-0.61258185,0
0.64842319,-2.6239033,0.48693937,0.42691293,-0.54451764,0.72197366,0
1.4441322,-2.0133839,0.19948995,0.42691293,-0.54451764,0.72197366,0
1.1491168,1.2777658,1.3501141,-0.028476,0.7898941,0.61258185,0
-2.6788692,1.7356386,-0.042047024,-0.42691293,0.54451764,-0.72197366,0
0.0065953732,0.032904863,-3.0084906,-0.42691293,0.54451764,-0.72197366,0
0.30132818,1.9398713,-1.5553564,-0.42691293,0.54451764,-0.72197366,0
-3.253583,0.011489689,1.6205366,-0.90384436,-0.28207803,0.32171035,0
-3.4042497,0.51205558,1.4955325,-0.90384436,-0.28207803,0.32171035,0
-3.0254285,0.24279201,2.2982855,-0.90384436,-0.28207803,0.32171035,0
2.8739164,-2.0611713,-0.69765544,0.028476,-0.7898941,-0.61258185,0
1.1539695,0.16242719,2.4657979,0.42691293,-0.54451764,0.72197366,0
0.26448074,1.4095614,-1.7441888,-0.42691293,0.54451764,-0.72197366,0
3.8221822,1.538413,0.99144769,0.90384436,0.28207803,-0.32171035,0
-0.61947876,1.3222406,-1.3964007,-0.42691293,0.54451764,-0.72197366,0
-0.5181284,-3.0476046,0.61229795,0.42691293,-0.54451764,0.72197366,0
-3.1744177,-2.4924884,-0.14027095,-0.90384436,-0.28207803,0.32171035,0
3.8681045,-0.3791759,0.31925631,0.42691293,-0.54451764,0.72197366,0
3.4086776,1.1755505,-0.20029092,0.90384436,0.28207803,-0.32171035,0
3.9328222,0.79103786,0.92591357,0.42691293,-0.54451764,0.72197366,0
3.3593454,0.94302887,-0.93739676,0.90384436,0.28207803,-0.32171035,0
2.6266813,-0.96391916,0.6211046,0.42691293,-0.54451764,0.72197366,0
2.3840711,-2.4660897,-0.25842524,0.028476,-0.7898941,-0.61258185,0
-1.5758282,-3.4092741,0.97305572,0.028476,-0.7898941,-0.61258185,0
1.2320427,-0.48586094,-2.3795872,0.028476,-0.7898941,-0.61258185,0
0.65452588,-1.7456865,-0.73385006,0.028476,-0.7898941,-0.61258185,0
-3.3936486,-0.81500632,1.0066752,-0.90384436,-0.28207803,0.32171035,0
-2.4703481,1.3868872,1.3423886,-0.028476,0.7898941,0.61258185,0
-3.0331855,-1.6318216,-1.6263297,0.028476,-0.7898941,-0.61258185,0
-3.7973902,-0.74374378,-0.43833828,-0.90384436,-0.28207803,0.32171035,0
-3.7108607,-0.55666465,-0.050904274,-0.90384436,-0.28207803,0.32171035,0
2.2017555,3.5342572,-1.26669,0.90384436,0.28207803,-0.32171035,0
-2.8886144,-2.3150425,0.22791123,-0.90384436,-0.28207803,0.32171035,0
2.3304815,2.0694902,-2.5064788,0.90384436,0.28207803,-0.32171035,0
1.0111333,1.6758749,-2.2689075,-0.42691293,0.54451764,-0.72197366,0
2.8977628,-0.17472899,-3.0205245,0.90384436,0.28207803,-0.32171035,0
-2.9242187,0.077161312,2.2100255,-0.90384436,-0.28207803,0.32171035,0
-2.336731,-0.070160389,3.3187773,-0.028476,0.7898941,0.61258185,0
-3.8225193,0.46671098,0.3887713,-0.90384436,-0.28207803,0.32171035,0
-3.546721,0.98190999,-0.056600809,-0.42691293,0.54451764,-0.72197366,0
-1.3326857,-1.5452837,-1.0191867,0.028476,-0.7898941,-0.61258185,0
0.87509859,-1.3035749,1.1497006,0.42691293,-0.54451764,0.72197366,0
2.6652005,0.99322248,-2.3722141,0.90384436,0.28207803,-0.32171035,0
-4.078886,0.1135304,-0.22942185,-0.90384436,-0.28207803,0.32171035,0
2.1916912,0.48739576,-3.5100524,-0.42691293,0.54451764,-0.72197366,0
3.2938983,0.65846461,-0.76806831,0.90384436,0.28207803,-0.32171035,0
3.3691778,-0.83052802,-1.5294938,0.90384436,0.28207803,-0.32171035,0
-3.4616027,-1.2624953,0.26175046,-0.90384436,-0.28207803,0.32171035,0
1.3931793,2.954967,-0.6370827,-0.028476,0.7898941,0.61258185,0
-2.3855174,-2.1690888,2.0258393,-0.90384436,-0.28207803,0.32171035,0
-2.4750962,1.4483465,0.054314852,-0.42691293,0.54451764,-0.72197366,0
-2.8701897,-0.65979242,2.7998059,-0.90384436,-0.28207803,0.32171035,0
-0.15874118,-0.27491975,2.74687,0.42691293,-0.54451764,0.72197366,0
3.6345944,1.7449456,0.58712339,0.90384436,0.28207803,-0.32171035,0
-2.3697567,0.46325386,2.6244092,-0.028476,0.7898941,0.61258185,0
4.0194025,-1.3489041,-1.2427797,0.90384436,0.28207803,-0.32171035,0
0.75338924,2.7394061,-0.51016819,-0.028476,0.7898941,0.61258185,0
-2.8039594,-0.17863345,2.9681258,-0.90384436,-0.28207803,0.32171035,0
-0.65362775,-0.41595578,2.9830048,0.42691293,-0.54451764,0.72197366,0
-2.8632922,0.91882664,2.1353836,-0.028476,0.7898941,0.61258185,0
-3.3126035,-0.87981647,0.50359941,-0.90384436,-0.28207803,0.32171035,0
1.6593739,-0.20160031,-3.026794,0.028476,-0.7898941,-0.61258185,0
-3.5682502,-0.9489677,0.58623004,-0.90384436,-0.28207803,0.32171035,0
-2.4474258,-0.30280352,3.5718992,-0.90384436,-0.28207803,0.32171035,0
-3.3292642,0.58439231,-0.41563797,-0.42691293,0.54451764,-0.72197366,0
0.28106141,2.530961,0.17522001,-0.028476,0.7898941,0.61258185,0
-2.6796875,-0.87450981,1.96927,-0.90384436,-0.28207803,0.32171035,0
-1.2973768,-1.430445,-1.783741,0.028476,-0.7898941,-0.61258185,0
-1.2669296,-1.1240892,2.5529292,0.42691293,-0.54451764,0.72197366,0
-2.8578024,-2.0082638,1.5266004,-0.90384436,-0.28207803,0.32171035,0
0.07158792,0.53076649,2.6347809,-0.028476,0.7898941,0.61258185,0
-3.2484229,-1.4771903,-1.2694888,0.028476,-0.7898941,-0.61258185,0
-1.2880282,-1.1429322,-2.022006,0.028476,-0.7898941,-0.61258185,0
-1.8911712,-1.5361598,-1.2817636,0.028476,-0.7898941,-0.61258185,0
3.119626,0.74939305,1.5372641,0.42691293,-0.54451764,0.72197366,0
-1.6114876,0.97110641,1.6649197,-0.028476,0.7898941,0.61258185,0
-2.3288598,-2.7515078,1.859267,0.42691293,-0.54451764,0.72197366,0
1.9326057,-2.3454132,-0.40632057,0.028476,-0.7898941,-0.61258185,0
-1.9352338,0.76151353,2.5053096,-0.028476,0.7898941,0.61258185,0
-0.26454735,-2.8632216,0.81913382,0.42691293,-0.54451764,0.72197366,0
-3.3125939,-1.3609315,0.350137,-0.90384436,-0.28207803,0.32171035,0
-2.6120069,-0.26956367,2.8255117,-0.90384436,-0.28207803,0.32171035,0
-2.6920207,-2.5322614,1.6129208,-0.90384436,-0.28207803,0.32171035,0
3.3849888,-0.74261683,-1.4561493,0.90384436,0.28207803,-0.32171035,0
-3.1180167,0.49386847,-0.31230044,-0.42691293,0.54451764,-0.72197366,0
3.9190059,0.25311327,0.57542038,0.90384436,0.28207803,-0.32171035,0
-2.8103251,0.30605221,-0.99709117,-0.42691293,0.54451764,-0.72197366,0
2.4860034,1.9664936,0.55292845,-0.028476,0.7898941,0.61258185,0
-2.3520358,0.40172458,-1.141326,-0.42691293,0.54451764,-0.72197366,0
2.9906793,-1.6724926,-1.2637539,0.028476,-0.7898941,-0.61258185,0
-1.176738,2.3857293,0.2895596,-0.028476,0.7898941,0.61258185,0
-0.56369746,1.540499,-1.0082589,-0.42691293,0.54451764,-0.72197366,0
-1.1772244,2.3010814,0.44327438,-0.028476,0.7898941,0.61258185,0
-1.8757324,0.32692218,-1.5571064,-0.42691293,0.54451764,-0.72197366,0
3.0447774,-0.1070047,-1.8798928,0.90384436,0.28207803,-0.32171035,0
2.5837085,3.1651366,-0.65906739,0.90384436,0.28207803,-0.32171035,0
-2.4099824,-1.1403298,3.072753,0.42691293,-0.54451764,0.72197366,0
-3.7533731,1.0447822,1.3721838,-0.90384436,-0.28207803,0.32171035,0
1.810698,1.6237677,1.4434184,-0.028476,0.7898941,0.61258185,0
-3.0158279,0.96076739,-0.44972086,-0.42691293,0.54451764,-0.72197366,0
-0.09663409,-1.5792677,1.4444754,0.42691293,-0.54451764,0.72197366,0
3.3527608,-1.645144,-0.87042284,0.028476,-0.7898941,-0.61258185,0
1.4834419,1.4391406,-2.3472805,-0.42691293,0.54451764,-0.72197366,0
-3.4328151,-1.2779131,0.17337108,-0.90384436,-0.28207803,0.32171035,0
-2.0181465,-2.7286477,-0.027290821,0.028476,-0.7898941,-0.61258185,0
1.9249389,1.7692745,1.3933625,-0.028476,0.7898941,0.61258185,0
3.5436831,1.0471824,0.49512792,0.90384436,0.28207803,-0.32171035,0
3.1924844,-0.32335645,-2.022213,0.90384436,0.28207803,-0.32171035,0
-2.698446,-2.1548133,0.98498893,-0.90384436,-0.28207803,0.32171035,0
3.0183444,0.28880638,-1.6980758,0.90384436,0.28207803,-0.32171035,0
2.0363777,0.12801409,-3.4365816,0.028476,-0.7898941,-0.61258185,0
1.7498763,-1.811998,0.19037843,0.42691293,-0.54451764,0.72197366,0
2.4976301,0.32691669,-3.0651264,0.90384436,0.28207803,-0.32171035,0
-1.7778716,1.9963572,0.74537253,-0.028476,0.7898941,0.61258185,0
3.7702389,-1.4592562,-1.4080987,0.90384436,0.28207803,-0.32171035,0
-3.2238686,0.32949507,1.9854994,-0.90384436,-0.28207803,0.32171035,0
2.0661001,2.2481182,0.58945572,-0.028476,0.7898941,0.61258185,0
-2.3048925,-2.8316321,0.53562427,0.028476,-0.7898941,-0.61258185,0
2.8630285,2.8288946,-0.38381004,-0.028476,0.7898941,0.61258185,0
1.2532892,2.2585976,-1.7085364,-0.42691293,0.54451764,-0.72197366,0
-1.6251959,-0.84058118,3.3252678,0.42691293,-0.54451764,0.72197366,0
3.8126998,1.6179034,1.2708256,0.90384436,0.28207803,-0.32171035,0
-2.5293994,0.10962749,-1.3143384,-0.42691293,0.54451764,-0.72197366,0
2.2201574,1.3520205,-2.9739063,0.90384436,0.28207803,-0.32171035,0
0.74820548,1.4388371,-2.321897,-0.42691293,0.54451764,-0.72197366,0
-2.2119086,-0.12411976,-1.3654917,-0.42691293,0.54451764,-0.72197366,0
-3.0676193,-1.0788189,-2.0280917,-0.42691293,0.54451764,-0.72197366,0
-3.0556431,-0.99625689,-1.9110432,0.028476,-0.7898941,-0.61258185,0
2.0056663,0.46130943,2.0685036,0.42691293,-0.54451764,0.72197366,0
3.6625898,0.26488662,-0.75668836,0.90384436,0.28207803,-0.32171035,0
-1.7210299,-1.5027375,2.6429076,0.42691293,-0.54451764,0.72197366,0
3.4651225,-1.1264907,-1.7151711,0.028476,-0.7898941,-0.61258185,0
-2.51683,-2.4807277,2.2164257,-0.90384436,-0.28207803,0.32171035,0
-2.4514794,-1.3509173,2.5894506,-0.90384436,-0.28207803,0.32171035,0
-2.4090025,-2.7116051,0.045546293,0.028476,-0.7898941,-0.61258185,0
3.4698129,1.1866096,0.27724099,0.90384436,0.28207803,-0.32171035,0
3.942461,-1.210963,-1.0898571,0.90384436,0.28207803,-0.32171035,0
2.2393403,2.4555306,-2.1533773,0.90384436,0.28207803,-0.32171035,0
2.8801963,1.7061963,0.93363392,-0.028476,0.7898941,0.61258185,0
0.39702034,3.0698068,-0.78224385,-0.42691293,0.54451764,-0.72197366,0
-0.16778123,1.3979776,1.5578401,-0.028476,0.7898941,0.61258185,0
-1.2652853,-0.41336334,-2.5193429,-0.42691293,0.54451764,-0.72197366,0
0.31558037,-0.94171607,-2.0373945,0.028476,-0.7898941,-0.61258185,0
2.9909213,1.6231507,-1.1761003,0.90384436,0.28207803,-0.32171035,0
-2.972574,-1.1479843,1.0511568,-0.90384436,-0.28207803,0.32171035,0
3.0293057,0.34013331,-1.746897,0.90384436,0.28207803,-0.32171035,0
