3.509491,1.1512122,1.8450458,0.055631578,-0.39491117,0.91703343,0
-0.48451614,-4.7829318,-1.4969835,0.37763453,-0.84190667,-0.38546759,0
4.4771738,-2.2434247,-2.166996,0.37763453,-0.84190667,-0.38546759,0
-4.1824284,-3.1512952,-1.2513273,-0.92428201,-0.36774766,-0.10229552,0
2.6362524,5.3281932,2.6075795,-0.37763453,0.84190667,0.38546759,0
-0.38458443,-4.4320412,-0.10981905,0.055631578,-0.39491117,0.91703343,0
-0.91792822,-4.4069042,-2.8910785,0.37763453,-0.84190667,-0.38546759,0
-1.6357584,-0.17848516,1.5935353,0.055631578,-0.39491117,0.91703343,0
-4.7671833,0.97268748,2.5239563,0.055631578,-0.39491117,0.91703343,0
-2.369195,-5.3515253,-1.9909563,0.37763453,-0.84190667,-0.38546759,0
5.1607146,0.49639404,0.55693293,0.92428201,0.36774766,0.10229552,0
3.1707668,-3.4329526,-0.83107734,0.37763453,-0.84190667,-0.38546759,0
-5.0570908,2.1960511,1.6116571,-0.37763453,0.84190667,0.38546759,0
-2.8348331,2.6381013,2.7196026,-0.37763453,0.84190667,0.38546759,0
2.0711253,5.3651204,2.0677552,-0.37763453,0.84190667,0.38546759,0
-2.9040291,2.8416648,-0.13548684,-0.055631578,0.39491117,-0.91703343,0
2.0116119,-2.5643537,0.60629964,0.055631578,-0.39491117,0.91703343,0
-5.8137155,0.54753256,0.38155317,-0.92428201,-0.36774766,-0.10229552,0
-2.0381112,-5.7916274,-0.98817861,0.37763453,-0.84190667,-0.38546759,0
-2.9291596,-0.78129005,1.3362794,0.055631578,-0.39491117,0.91703343,0
-4.203558,-3.022223,-1.5772774,-0.92428201,-0.36774766,-0.10229552,0
-2.153739,0.75585884,-1.1035802,-0.055631578,0.39491117,-0.91703343,0
-3.0313356,-4.2596092,0.15944457,0.055631578,-0.39491117,0.91703343,0
-2.6873569,-4.5633035,-3.3978541,-0.055631578,0.39491117,-0.91703343,0
3.9695683,-2.5078065,-1.789856,0.37763453,-0.84190667,-0.38546759,0
3.483834,4.517591,1.1049795,0.92428201,0.36774766,0.10229552,0
-5.2124329,2.2220001,1.5225601,-0.37763453,0.84190667,0.38546759,0
-4.0792818,-2.2168918,-2.4886217,-0.92428201,-0.36774766,-0.10229552,0
2.4498935,6.0544534,1.1850084,-0.37763453,0.84190667,0.38546759,0
2.4557095,4.7917089,3.7668853,0.055631578,-0.39491117,0.91703343,0
3.5930612,1.0251445,1.8109345,0.055631578,-0.39491117,0.91703343,0
-3.2408199,3.2862236,1.2969756,-0.37763453,0.84190667,0.38546759,0
-3.6643562,-3.8256171,-0.48764825,-0.92428201,-0.36774766,-0.10229552,0
-5.9473305,1.6640224,1.8120265,-0.37763453,0.84190667,0.38546759,0
-4.8004103,-1.451122,-1.2800083,-0.92428201,-0.36774766,-0.10229552,0
0.54314709,4.2623053,2.9765625,-0.37763453,0.84190667,0.38546759,0
-1.7142377,4.3345761,0.64974058,-0.37763453,0.84190667,0.38546759,0
1.676723,-4.0382786,-0.98436892,0.37763453,-0.84190667,-0.38546759,0
-1.2741835,-4.5449877,-2.8403683,0.37763453,-0.84190667,-0.38546759,0
6.2879677,-1.7312493,-1.9740582,0.92428201,0.36774766,0.10229552,0
-1.4369817,-1.7181,-2.1133053,-0.055631578,0.39491117,-0.91703343,0
-2.3498082,-4.9257755,-2.8967171,0.37763453,-0.84190667,-0.38546759,0
-5.6134343,0.43513155,0.36660719,-0.92428201,-0.36774766,-0.10229552,0
5.8633146,-1.5595403,-0.090606213,0.92428201,0.36774766,0.10229552,0
-4.0747409,-0.93481302,1.6207869,0.055631578,-0.39491117,0.91703343,0
-3.0085263,-4.1897798,-0.043423414,0.055631578,-0.39491117,0.91703343,0
-4.9815207,2.4243555,1.8515301,-0.37763453,0.84190667,0.38546759,0
3.5483177,-2.7912838,-1.6655452,0.37763453,-0.84190667,-0.38546759,0
0.27754068,-5.0255384,-0.74413204,0.37763453,-0.84190667,-0.38546759,0
4.3353653,-2.1165493,-2.9272335,0.37763453,-0.84190667,-0.38546759,0
4.7116356,-2.8970654,-1.0883007,0.37763453,-0.84190667,-0.38546759,0
5.6267414,-0.81399781,0.28068686,0.92428201,0.36774766,0.10229552,0
4.6592655,1.8194333,1.5052185,0.92428201,0.36774766,0.10229552,0
1.8116295,3.5881672,2.8870749,0.055631578,-0.39491117,0.91703343,0
-4.2067313,-3.5764809,0.35470295,-0.92428201,-0.36774766,-0.10229552,0
0.80349708,3.0273988,2.675106,0.055631578,-0.39491117,0.91703343,0
0.17275524,-3.8519456,-0.099535428,0.055631578,-0.39491117,0.91703343,0
2.4924064,5.2593737,2.1134624,-0.37763453,0.84190667,0.38546759,0
-0.42503214,-4.670814,-1.745647,0.37763453,-0.84190667,-0.38546759,0
1.9134218,0.54500777,1.9369404,0.055631578,-0.39491117,0.91703343,0
-0.006149292,-5.0501175,-0.78704083,0.37763453,-0.84190667,-0.38546759,0
3.9352252,3.6882186,1.1554031,0.92428201,0.36774766,0.10229552,0
3.8004076,3.9934921,0.92855453,0.92428201,0.36774766,0.10229552,0
-3.1950366,-0.83202958,1.3543665,0.055631578,-0.39491117,0.91703343,0
-5.5605721,0.22427511,1.115243,-0.92428201,-0.36774766,-0.10229552,0
1.7541769,-2.7859592,-2.9888463,-0.055631578,0.39491117,-0.91703343,0
2.5907984,4.9291468,3.5017302,-0.37763453,0.84190667,0.38546759,0
-3.8460994,3.4037476,0.60253477,-0.37763453,0.84190667,0.38546759,0
2.8804092,-2.6634297,0.13517523,0.055631578,-0.39491117,0.91703343,0
3.4778848,-2.9783311,-1.8508949,0.37763453,-0.84190667,-0.38546759,0
-6.1183267,1.794445,-0.014175415,-0.92428201,-0.36774766,-0.10229552,0
-2.0071912,3.0523601,-0.24332643,-0.055631578,0.39491117,-0.91703343,0
-5.2960882,0.11471736,0.1062026,-0.92428201,-0.36774766,-0.10229552,0
-6.1372013,1.7900823,1.5791707,-0.37763453,0.84190667,0.38546759,0
-5.8199759,1.2750895,0.87961483,-0.92428201,-0.36774766,-0.10229552,0
4.0892582,-0.52908289,1.3557496,0.055631578,-0.39491117,0.91703343,0
-1.2788064,1.2698158,2.2972689,0.055631578,-0.39491117,0.91703343,0
-0.54857826,2.932966,2.945123,0.055631578,-0.39491117,0.91703343,0
1.9300851,-1.1259241,-2.2189608,-0.055631578,0.39491117,-0.91703343,0
3.5750089,-3.4625506,-0.76479697,0.37763453,-0.84190667,-0.38546759,0
-5.3994808,-0.21898019,-0.18387747,-0.92428201,-0.36774766,-0.10229552,0
4.6650229,2.2326536,-0.71315527,0.92428201,0.36774766,0.10229552,0
2.1670876,-4.1227827,-0.43587208,0.37763453,-0.84190667,-0.38546759,0
-1.2084876,-2.1939235,0.58825409,0.055631578,-0.39491117,0.91703343,0
-6.1488543,1.3082825,1.1840959,-0.92428201,-0.36774766,-0.10229552,0
-4.7873807,-0.48602962,-1.4486022,-0.055631578,0.39491117,-0.91703343,0
0.5768671,-4.3732786,-1.8208382,0.37763453,-0.84190667,-0.38546759,0
-5.3448424,-0.43751049,1.2257185,-0.92428201,-0.36774766,-0.10229552,0
-6.0665674,0.62903023,1.8924203,-0.92428201,-0.36774766,-0.10229552,0
6.0617313,-2.7036695,-0.042988777,0.37763453,-0.84190667,-0.38546759,0
1.2159109,5.5208716,0.91398543,-0.37763453,0.84190667,0.38546759,0
-2.9198151,-4.1204247,0.025286436,0.055631578,-0.39491117,0.91703343,0
-1.5337143,4.0109825,1.5210897,-0.37763453,0.84190667,0.38546759,0
0.55329847,4.7433991,1.4560257,-0.37763453,0.84190667,0.38546759,0
3.5226483,-3.6674216,-0.59768605,0.37763453,-0.84190667,-0.38546759,0
-1.9457271,1.115201,2.1886821,0.055631578,-0.39491117,0.91703343,0
0.088007689,2.7232263,2.8815928,0.055631578,-0.39491117,0.91703343,0
0.01865162,-0.05253458,-1.8609926,-0.055631578,0.39491117,-0.91703343,0
2.8552835,-2.0195899,0.51397538,0.055631578,-0.39491117,0.91703343,0
-4.6234503,-2.5747833,0.20028257,-0.92428201,-0.36774766,-0.10229552,0
2.864907,5.2492371,2.9088306,0.92428201,0.36774766,0.10229552,0
-5.7501035,1.7127328,2.6634984,-0.37763453,0.84190667,0.38546759,0
-4.9536591,2.6338468,1.0283561,-0.37763453,0.84190667,0.38546759,0
-0.53390026,-1.2822326,0.95715177,0.055631578,-0.39491117,0.91703343,0
-4.747716,-1.0367442,-1.0446658,-0.92428201,-0.36774766,-0.10229552,0
4.141161,-1.2983878,-2.2909787,-0.055631578,0.39491117,-0.91703343,0
-2.9019852,-5.8660746,-0.80169582,-0.92428201,-0.36774766,-0.10229552,0
-5.8875103,1.4058747,-0.50222063,-0.92428201,-0.36774766,-0.10229552,0
-3.5326893,-4.2187905,-3.1943998,-0.92428201,-0.36774766,-0.10229552,0
0.63587046,3.3598881,2.8480761,0.055631578,-0.39491117,0.91703343,0
0.99599266,-1.742257,-2.6048169,-0.055631578,0.39491117,-0.91703343,0
-2.5279841,3.5993216,0.91628742,-0.37763453,0.84190667,0.38546759,0
-4.2239676,-2.4373896,-1.8249724,-0.92428201,-0.36774766,-0.10229552,0
0.45439506,2.5432913,-0.62498653,-0.055631578,0.39491117,-0.91703343,0
3.5492315,4.2302418,0.25941443,0.92428201,0.36774766,0.10229552,0
0.44320679,-4.8269415,-0.99469662,0.37763453,-0.84190667,-0.38546759,0
3.4492753,-2.1134655,0.40662265,0.055631578,-0.39491117,0.91703343,0
-1.0539904,4.5547476,0.69793457,-0.37763453,0.84190667,0.38546759,0
2.1175056,-1.2655056,1.0764333,0.055631578,-0.39491117,0.91703343,0
0.99725962,5.2413697,1.7059021,-0.37763453,0.84190667,0.38546759,0
2.6686552,5.7336173,1.7601318,-0.37763453,0.84190667,0.38546759,0
-5.6713848,2.8494992,0.14579487,-0.37763453,0.84190667,0.38546759,0
-0.84189636,-1.7667249,1.1099305,0.055631578,-0.39491117,0.91703343,0
-0.5624094,3.5120068,3.1045585,-0.37763453,0.84190667,0.38546759,0
1.8141404,1.2849293,-1.1931794,-0.055631578,0.39491117,-0.91703343,0
0.99715275,0.94401693,1.8220788,0.055631578,-0.39491117,0.91703343,0
-3.44736,3.387017,0.5793736,-0.37763453,0.84190667,0.38546759,0
4.9258556,-2.695832,-0.53886843,0.37763453,-0.84190667,-0.38546759,0
3.6942902,-3.3224912,-0.48377585,0.37763453,-0.84190667,-0.38546759,0
4.3292937,-0.36276841,-2.1849611,-0.055631578,0.39491117,-0.91703343,0
-4.5879126,-1.8700078,-2.1046565,-0.92428201,-0.36774766,-0.10229552,0
-0.60021782,-5.037096,-1.3754438,0.37763453,-0.84190667,-0.38546759,0
-4.3421249,-3.0427666,0.27170277,-0.92428201,-0.36774766,-0.10229552,0
-5.7615805,2.0632515,1.1436191,-0.37763453,0.84190667,0.38546759,0
-4.6357055,-1.6495848,-1.5666931,-0.92428201,-0.36774766,-0.10229552,0
-4.954267,-1.4572542,0.57802963,-0.92428201,-0.36774766,-0.10229552,0
-2.3106575,-5.6445723,-1.9866343,0.37763453,-0.84190667,-0.38546759,0
-2.3155341,0.46751809,1.9293509,0.055631578,-0.39491117,0.91703343,0
-5.1345186,1.9532859,2.3370056,-0.37763453,0.84190667,0.38546759,0
3.8010283,1.4951785,-1.0970509,-0.055631578,0.39491117,-0.91703343,0
3.2225885,0.94390512,1.7376482,0.055631578,-0.39491117,0.91703343,0
5.0705185,-2.0661826,-2.5239205,0.37763453,-0.84190667,-0.38546759,0
0.18491292,0.81764209,-1.2041832,-0.055631578,0.39491117,-0.91703343,0
3.7032902,-2.6808395,-2.5375912,0.37763453,-0.84190667,-0.38546759,0
-3.0270133,-4.7148681,-3.1517749,-0.92428201,-0.36774766,-0.10229552,0
-1.5985968,0.36948419,1.8726667,0.055631578,-0.39491117,0.91703343,0
1.9053755,1.0634918,2.099402,0.055631578,-0.39491117,0.91703343,0
-0.86476469,2.25858,2.569488,0.055631578,-0.39491117,0.91703343,0
-2.6880236,3.6921098,1.203661,-0.37763453,0.84190667,0.38546759,0
-2.8154094,-5.4525437,-0.50502777,0.055631578,-0.39491117,0.91703343,0
-0.40630472,-2.1266418,0.95156038,0.055631578,-0.39491117,0.91703343,0
3.1507728,4.8676305,1.7800429,0.92428201,0.36774766,0.10229552,0
-3.2876484,-2.4178941,-2.5226123,-0.055631578,0.39491117,-0.91703343,0
4.9036379,0.79621053,0.56529188,0.92428201,0.36774766,0.10229552,0
-1.5808396,-1.5065656,1.2730294,0.055631578,-0.39491117,0.91703343,0
-3.880661,-3.6049054,-2.008215,-0.92428201,-0.36774766,-0.10229552,0
-2.4653823,-3.7072327,0.11563325,0.055631578,-0.39491117,0.91703343,0
-3.2343869,-1.0778112,-2.0952435,-0.055631578,0.39491117,-0.91703343,0
2.5423265,4.1841865,3.1542432,0.055631578,-0.39491117,0.91703343,0
-1.2352118,4.0151215,1.6986196,-0.37763453,0.84190667,0.38546759,0
1.5344974,2.8808451,-0.69870245,-0.055631578,0.39491117,-0.91703343,0
4.726913,-0.037926912,-1.800065,-0.055631578,0.39491117,-0.91703343,0
3.469347,-3.1089139,-1.0467272,0.37763453,-0.84190667,-0.38546759,0
3.630132,4.2387834,2.3750024,0.92428201,0.36774766,0.10229552,0
-0.052768707,-4.7953582,-0.39897138,0.055631578,-0.39491117,0.91703343,0
0.40980101,3.9518631,3.163837,-0.37763453,0.84190667,0.38546759,0
5.1348906,0.60385352,1.2630215,0.92428201,0.36774766,0.10229552,0
6.0514703,-0.77255416,-1.2678132,0.92428201,0.36774766,0.10229552,0
4.5710344,-2.8106883,-1.3615212,0.37763453,-0.84190667,-0.38546759,0
-4.1235409,-3.3244338,-0.56566215,-0.92428201,-0.36774766,-0.10229552,0
-3.5629718,0.98197031,2.089359,0.055631578,-0.39491117,0.91703343,0
-4.824708,2.0292635,2.8524594,-0.37763453,0.84190667,0.38546759,0
-0.42705345,2.8213902,2.9460967,0.055631578,-0.39491117,0.91703343,0
-3.4427242,-3.6579964,-2.7030065,-0.92428201,-0.36774766,-0.10229552,0
0.28001833,-4.5748868,-1.8606755,0.37763453,-0.84190667,-0.38546759,0
0.74654174,-1.3485274,1.0359451,0.055631578,-0.39491117,0.91703343,0
-1.051003,4.1279593,1.61584,-0.37763453,0.84190667,0.38546759,0
3.537796,4.8241558,1.2315681,0.92428201,0.36774766,0.10229552,0
3.8454885,3.8870149,0.10540056,0.92428201,0.36774766,0.10229552,0
2.8207114,5.2269483,3.1332607,-0.37763453,0.84190667,0.38546759,0
-1.0241811,-2.6028595,-2.5961008,-0.055631578,0.39491117,-0.91703343,0
-0.55861783,-3.3848343,-3.0409389,-0.055631578,0.39491117,-0.91703343,0
-2.4953613,3.5813963,1.5476749,-0.37763453,0.84190667,0.38546759,0
2.3850381,5.7833471,1.5478715,-0.37763453,0.84190667,0.38546759,0
-4.6246676,2.0938883,2.1742315,-0.37763453,0.84190667,0.38546759,0
4.0309048,3.8043532,0.31383944,0.92428201,0.36774766,0.10229552,0
2.5711148,5.4671288,0.75116301,-0.055631578,0.39491117,-0.91703343,0
-4.1472239,-2.9092946,-2.4463496,-0.055631578,0.39491117,-0.91703343,0
-1.4127176,-1.1208944,1.0903223,0.055631578,-0.39491117,0.91703343,0
2.2649992,-1.5733852,0.78897893,0.055631578,-0.39491117,0.91703343,0
4.8844442,0.81744397,1.15095,0.92428201,0.36774766,0.10229552,0
-0.40600777,-5.1158233,-1.3007928,0.37763453,-0.84190667,-0.38546759,0
-3.531569,-4.3355622,-1.6027219,-0.92428201,-0.36774766,-0.10229552,0
4.9543204,-0.34883809,-1.96241,-0.055631578,0.39491117,-0.91703343,0
1.0306439,-4.4079771,-0.99595541,0.37763453,-0.84190667,-0.38546759,0
-3.6446338,3.3742309,-0.074456215,-0.055631578,0.39491117,-0.91703343,0
-4.0102029,-2.9632134,-0.10830069,-0.92428201,-0.36774766,-0.10229552,0
5.8997498,-0.5423162,-1.6358075,0.92428201,0.36774766,0.10229552,0
4.3667927,0.095748186,1.3692412,0.055631578,-0.39491117,0.91703343,0
-2.3405242,3.8377059,1.1611848,-0.37763453,0.84190667,0.38546759,0
-4.4869337,-1.9821253,-1.1539609,-0.92428201,-0.36774766,-0.10229552,0
3.4025886,2.1510909,2.4482098,0.055631578,-0.39491117,0.91703343,0
2.2321405,-4.1408405,-0.29262757,0.37763453,-0.84190667,-0.38546759,0
3.0528626,4.8294525,2.3095,0.92428201,0.36774766,0.10229552,0
-3.2131329,3.2915835,1.2501245,-0.37763453,0.84190667,0.38546759,0
0.9870472,-0.22378695,1.3636198,0.055631578,-0.39491117,0.91703343,0
-6.1245527,2.1503479,0.13202381,-0.92428201,-0.36774766,-0.10229552,0
3.0989845,5.007216,3.0844679,0.92428201,0.36774766,0.10229552,0
-1.7169144,3.1815691,2.9356365,-0.37763453,0.84190667,0.38546759,0
5.7098188,-0.55957544,0.74805069,0.92428201,0.36774766,0.10229552,0
-4.1698627,-2.6270685,-1.4483798,-0.92428201,-0.36774766,-0.10229552,0
-0.88238549,2.2356794,2.5646157,0.055631578,-0.39491117,0.91703343,0
2.8418462,6.1496577,1.4412117,-0.37763453,0.84190667,0.38546759,0
1.6817564,-1.4784534,0.98875934,0.055631578,-0.39491117,0.91703343,0
-2.1836371,-4.9111366,-3.1989927,0.37763453,-0.84190667,-0.38546759,0
-5.6891966,2.8390307,0.010931015,-0.37763453,0.84190667,0.38546759,0
-3.4287868,2.9219434,2.1739304,-0.37763453,0.84190667,0.38546759,0
-6.1972256,1.2922981,1.9978662,-0.92428201,-0.36774766,-0.10229552,0
3.3391571,-2.6656461,-2.0920627,0.37763453,-0.84190667,-0.38546759,0
2.5953393,-3.5248351,-1.0200474,0.37763453,-0.84190667,-0.38546759,0
2.7420852,-3.0923018,-2.0298014,0.37763453,-0.84190667,-0.38546759,0
4.6909194,-0.31533265,-1.8693485,-0.055631578,0.39491117,-0.91703343,0
3.8168473,-3.0368171,-0.95825171,0.37763453,-0.84190667,-0.38546759,0
2.2585835,4.4525204,0.26958132,-0.055631578,0.39491117,-0.91703343,0
-5.160934,-1.4107471,0.963552,-0.92428201,-0.36774766,-0.10229552,0
0.56353641,-2.7231638,-2.7039146,-0.055631578,0.39491117,-0.91703343,0
-6.0882845,1.3936872,1.3599648,-0.92428201,-0.36774766,-0.10229552,0
-0.62974787,-4.5122247,-2.1558833,0.37763453,-0.84190667,-0.38546759,0
-1.7116766,3.706125,1.6351407,-0.37763453,0.84190667,0.38546759,0
5.4101152,-2.680124,-0.76776552,0.37763453,-0.84190667,-0.38546759,0
-3.4443564,-4.6116958,-1.7934635,-0.92428201,-0.36774766,-0.10229552,0
4.1022425,3.3058681,0.69514608,0.92428201,0.36774766,0.10229552,0
-6.294158,2.0846391,0.23151875,-0.92428201,-0.36774766,-0.10229552,0
-3.2590926,-5.3752384,-0.79873443,-0.92428201,-0.36774766,-0.10229552,0
3.8275592,4.0716548,0.17949843,0.92428201,0.36774766,0.10229552,0
2.9395313,-0.32088566,-1.74874,-0.055631578,0.39491117,-0.91703343,0
3.4585655,-2.6601632,-2.4397893,0.37763453,-0.84190667,-0.38546759,0
1.50227,-1.2005291,-2.1002996,-0.055631578,0.39491117,-0.91703343,0
0.79322052,-3.6265745,-2.7305779,0.37763453,-0.84190667,-0.38546759,0
-6.1424141,1.4663799,0.99038792,-0.92428201,-0.36774766,-0.10229552,0
-0.19022083,4.6922827,1.2198235,-0.37763453,0.84190667,0.38546759,0
0.65291166,4.6256866,1.9112608,-0.37763453,0.84190667,0.38546759,0
4.7543979,-1.5375404,0.71594334,0.055631578,-0.39491117,0.91703343,0
3.3705335,0.82381511,-1.6519578,-0.055631578,0.39491117,-0.91703343,0
2.6987975,-2.4687092,0.30639911,0.055631578,-0.39491117,0.91703343,0
5.1000171,-3.0903885,-0.065151691,0.37763453,-0.84190667,-0.38546759,0
-6.3376794,1.9803195,1.0690145,-0.92428201,-0.36774766,-0.10229552,0
-0.54823685,4.7592058,0.49793488,-0.37763453,0.84190667,0.38546759,0
2.5311692,-2.8736775,-2.6148107,0.37763453,-0.84190667,-0.38546759,0
4.8314524,-2.0550981,0.42978716,0.055631578,-0.39491117,0.91703343,0
-2.1684248,-3.3944345,-2.9617753,-0.055631578,0.39491117,-0.91703343,0
-0.68078041,4.0938535,1.7141218,-0.37763453,0.84190667,0.38546759,0
-5.0566721,-1.4125471,0.90345192,-0.92428201,-0.36774766,-0.10229552,0
-5.754869,0.92815161,0.50220919,-0.92428201,-0.36774766,-0.10229552,0
4.1168261,-1.9597061,0.45923519,0.055631578,-0.39491117,0.91703343,0
0.79932785,-4.2167954,-0.1613313,0.055631578,-0.39491117,0.91703343,0
0.012887478,-2.3036113,0.63762724,0.055631578,-0.39491117,0.91703343,0
5.7931843,-0.89296746,-1.4773803,0.92428201,0.36774766,0.10229552,0
-5.6382055,1.7317564,2.2746921,-0.37763453,0.84190667,0.38546759,0
-5.2093787,-1.1160951,0.97356749,-0.92428201,-0.36774766,-0.10229552,0
6.0391941,-0.68109369,-1.7345595,0.92428201,0.36774766,0.10229552,0
-3.1192465,0.52620685,-1.10344,-0.055631578,0.39491117,-0.91703343,0
0.9076829,4.7110186,2.6476066,-0.37763453,0.84190667,0.38546759,0
2.7583315,5.3709912,2.2353387,-0.37763453,0.84190667,0.38546759,0
-6.1811028,1.8763247,1.2552071,-0.92428201,-0.36774766,-0.10229552,0
-2.8871701,-5.607892,-0.9693954,-0.92428201,-0.36774766,-0.10229552,0
1.486659,-2.0769625,-2.8216333,-0.055631578,0.39491117,-0.91703343,0
-4.7764635,-1.4974887,1.2654562,0.055631578,-0.39491117,0.91703343,0
4.2257309,2.5298038,-0.75131607,-0.055631578,0.39491117,-0.91703343,0
3.2779744,1.3133757,-1.4260604,-0.055631578,0.39491117,-0.91703343,0
0.89360666,5.5762348,0.63319564,-0.37763453,0.84190667,0.38546759,0
1.967802,-1.9015526,-2.6390679,-0.055631578,0.39491117,-0.91703343,0
-1.5860264,-3.4426193,0.45519626,0.055631578,-0.39491117,0.91703343,0
-5.7452831,1.2032273,-0.04223156,-0.92428201,-0.36774766,-0.10229552,0
5.1894326,0.67853713,-0.83828592,0.92428201,0.36774766,0.10229552,0
-3.9217775,-3.2278173,-1.5889833,-0.92428201,-0.36774766,-0.10229552,0
3.5050907,-3.5613036,-0.76164651,0.37763453,-0.84190667,-0.38546759,0
-1.7480197,-0.32041651,-1.874943,-0.055631578,0.39491117,-0.91703343,0
-3.1431122,-4.5138807,-3.2029881,-0.92428201,-0.36774766,-0.10229552,0
-5.91535,1.3845532,-0.42957211,-0.92428201,-0.36774766,-0.10229552,0
1.2466593,4.6180964,3.1734819,-0.37763453,0.84190667,0.38546759,0
0.28199518,1.5148818,2.4733522,0.055631578,-0.39491117,0.91703343,0
3.3974545,4.4817085,0.38856006,0.92428201,0.36774766,0.10229552,0
-5.1746149,-0.62776327,-1.1745224,-0.92428201,-0.36774766,-0.10229552,0
-4.0242453,-2.6929898,-2.4770162,-0.92428201,-0.36774766,-0.10229552,0
-0.55870485,2.4543159,-0.49962196,-0.055631578,0.39491117,-0.91703343,0
0.75567627,-4.5595307,-0.53183299,0.055631578,-0.39491117,0.91703343,0
-2.5283976,-3.5383527,0.39513636,0.055631578,-0.39491117,0.91703343,0
2.5129061,-3.6305842,-1.4900165,0.37763453,-0.84190667,-0.38546759,0
5.9741964,-0.90993345,-0.81140661,0.92428201,0.36774766,0.10229552,0
1.4337344,-3.6162653,-0.17518699,0.055631578,-0.39491117,0.91703343,0
-5.2573495,3.0533268,0.043968678,-0.37763453,0.84190667,0.38546759,0
0.60329866,0.12138438,1.7299653,0.055631578,-0.39491117,0.91703343,0
2.9779525,3.9327683,2.9993196,0.055631578,-0.39491117,0.91703343,0
-0.065510511,1.7145116,-1.0526861,-0.055631578,0.39491117,-0.91703343,0
-3.703603,-3.8103597,-1.2572095,-0.92428201,-0.36774766,-0.10229552,0
-3.5947471,-4.617414,-1.2007461,-0.92428201,-0.36774766,-0.10229552,0
3.2776966,4.6024179,2.3053198,0.92428201,0.36774766,0.10229552,0
-1.5232199,-3.0763164,0.23676169,0.055631578,-0.39491117,0.91703343,0
-3.2830458,-4.7600493,-3.4009967,-0.92428201,-0.36774766,-0.10229552,0
-2.7139497,3.5038085,1.8603077,-0.37763453,0.84190667,0.38546759,0
0.81252432,-3.52332,-3.0156803,-0.055631578,0.39491117,-0.91703343,0
-1.7603796,-4.9045267,-3.1195238,0.37763453,-0.84190667,-0.38546759,0
6.2728672,-1.6823187,-1.1789322,0.92428201,0.36774766,0.10229552,0
-5.1211519,-1.2491815,0.55768538,-0.92428201,-0.36774766,-0.10229552,0
0.71294022,5.2950692,1.0631109,-0.37763453,0.84190667,0.38546759,0
3.8326275,4.3688903,0.28398919,0.92428201,0.36774766,0.10229552,0
-2.3325493,-5.070776,-2.5334074,0.37763453,-0.84190667,-0.38546759,0
5.7346168,-2.694911,-0.075891018,0.37763453,-0.84190667,-0.38546759,0
0.87479544,2.3892448,2.8120446,0.055631578,-0.39491117,0.91703343,0
2.5518334,-2.9796793,-2.290427,0.37763453,-0.84190667,-0.38546759,0
6.0411019,-1.3348861,-0.86877775,0.92428201,0.36774766,0.10229552,0
4.9108915,-1.9302163,-2.2549257,0.37763453,-0.84190667,-0.38546759,0
-1.0351851,-4.40273,-0.10745168,0.055631578,-0.39491117,0.91703343,0
3.1907444,4.9720888,2.6473799,0.92428201,0.36774766,0.10229552,0
5.6859303,-1.635252,-2.5117049,0.37763453,-0.84190667,-0.38546759,0
-5.9853048,1.9007428,1.9682722,-0.37763453,0.84190667,0.38546759,0
5.0735946,0.94541287,0.87760067,0.92428201,0.36774766,0.10229552,0
5.429368,-1.9035034,0.6466732,0.055631578,-0.39491117,0.91703343,0
2.5207005,-3.7467589,-1.2854395,0.37763453,-0.84190667,-0.38546759,0
-2.0360188,4.2013931,0.80155408,-0.37763453,0.84190667,0.38546759,0
-5.5434256,1.7965,2.6202016,-0.37763453,0.84190667,0.38546759,0
-3.0926275,-4.9816375,-3.3742371,-0.92428201,-0.36774766,-0.10229552,0
-0.62772083,2.2791901,-0.65730155,-0.055631578,0.39491117,-0.91703343,0
-5.5532141,1.5178931,2.4766855,-0.37763453,0.84190667,0.38546759,0
5.8821812,-1.3640257,-1.0464683,0.92428201,0.36774766,0.10229552,0
-5.0899172,-0.1221863,-1.4084878,-0.055631578,0.39491117,-0.91703343,0
3.9682262,3.5031018,2.3058891,0.92428201,0.36774766,0.10229552,0
3.5540688,3.6530809,1.9948108,0.92428201,0.36774766,0.10229552,0
-5.8269858,2.7041693,0.20064926,-0.37763453,0.84190667,0.38546759,0
3.6750393,3.7945466,1.2355366,0.92428201,0.36774766,0.10229552,0
-3.4584451,-4.9249501,-0.41679764,-0.92428201,-0.36774766,-0.10229552,0
3.4785242,4.155057,0.63198781,0.92428201,0.36774766,0.10229552,0
4.2053719,2.4380305,1.9477818,0.92428201,0.36774766,0.10229552,0
1.5049387,-1.2650064,1.2165854,0.055631578,-0.39491117,0.91703343,0
-1.0853176,3.5235002,2.8384089,-0.37763453,0.84190667,0.38546759,0
3.9205999,3.0854621,0.99066591,0.92428201,0.36774766,0.10229552,0
5.5404277,-1.9531267,-2.3093886,0.37763453,-0.84190667,-0.38546759,0
-6.2998466,1.7072502,1.2083678,-0.92428201,-0.36774766,-0.10229552,0
-3.4327149,-4.5072746,-0.95458865,-0.92428201,-0.36774766,-0.10229552,0
-0.35678816,3.0916462,2.9270833,0.055631578,-0.39491117,0.91703343,0
-1.62639,4.2274871,0.65568578,-0.37763453,0.84190667,0.38546759,0
3.8881886,3.5762458,2.4283907,0.92428201,0.36774766,0.10229552,0
4.7601681,-1.544775,0.54280567,0.055631578,-0.39491117,0.91703343,0
0.77038538,2.3744922,-0.56487256,-0.055631578,0.39491117,-0.91703343,0
4.5181656,2.4690621,0.56753826,0.92428201,0.36774766,0.10229552,0
5.8561754,-2.4880633,-0.59339476,0.37763453,-0.84190667,-0.38546759,0
-2.0936246,3.5573578,2.1339498,-0.37763453,0.84190667,0.38546759,0
-3.496444,-4.2073197,-1.0861721,-0.92428201,-0.36774766,-0.10229552,0
0.55908823,-2.9664922,-2.7943931,-0.055631578,0.39491117,-0.91703343,0
3.863498,-2.5788307,-2.0338986,0.37763453,-0.84190667,-0.38546759,0
-3.7493565,-3.6766219,-1.1011682,-0.92428201,-0.36774766,-0.10229552,0
-2.8374732,-0.19150257,1.6981723,0.055631578,-0.39491117,0.91703343,0
-2.6167774,3.9633031,0.62955713,-0.37763453,0.84190667,0.38546759,0
-0.91429639,0.61594927,1.8752021,0.055631578,-0.39491117,0.91703343,0
2.9741282,-3.1799123,-1.5561955,0.37763453,-0.84190667,-0.38546759,0
-3.2409339,2.013941,-0.64905953,-0.055631578,0.39491117,-0.91703343,0
2.3398581,-3.2964106,-1.6772401,0.37763453,-0.84190667,-0.38546759,0
-2.2842264,-3.9242361,0.2605381,0.055631578,-0.39491117,0.91703343,0
-2.0787983,3.8622832,1.1692379,-0.37763453,0.84190667,0.38546759,0
5.519558,-0.0091881752,-0.79067326,0.92428201,0.36774766,0.10229552,0
-1.1156125,-1.147867,1.2256119,0.055631578,-0.39491117,0.91703343,0
-2.132699,-2.4140193,-2.6544003,-0.055631578,0.39491117,-0.91703343,0
0.909118,0.53347135,-1.6531487,-0.055631578,0.39491117,-0.91703343,0
1.1849618,5.5085053,0.88655066,-0.37763453,0.84190667,0.38546759,0
-1.4336171,-1.5731242,-2.1295624,-0.055631578,0.39491117,-0.91703343,0
4.0535293,-2.3913517,-2.4332881,0.37763453,-0.84190667,-0.38546759,0
5.3610983,0.44606292,0.099570274,0.92428201,0.36774766,0.10229552,0
-3.8290522,2.7221463,1.8320282,-0.37763453,0.84190667,0.38546759,0
5.8980765,-0.53314543,-0.82677889,0.92428201,0.36774766,0.10229552,0
-3.9025717,3.2151132,0.35642171,-0.37763453,0.84190667,0.38546759,0
-5.2103801,2.0627539,-0.45089531,-0.055631578,0.39491117,-0.91703343,0
-4.8860412,2.5476413,1.819047,-0.37763453,0.84190667,0.38546759,0
3.3260469,4.7592611,1.2092183,0.92428201,0.36774766,0.10229552,0
-1.6244798,4.4074817,0.76712036,-0.37763453,0.84190667,0.38546759,0
-3.2985244,3.2950771,1.7328403,-0.37763453,0.84190667,0.38546759,0
2.9239321,4.8512812,3.4343281,-0.37763453,0.84190667,0.38546759,0
4.7096748,1.6958225,-0.83669329,0.92428201,0.36774766,0.10229552,0
5.496768,0.0803895,-1.7002139,0.92428201,0.36774766,0.10229552,0
-2.5079403,3.4240551,2.1339817,-0.37763453,0.84190667,0.38546759,0
3.1939149,-2.0946453,0.38990927,0.055631578,-0.39491117,0.91703343,0
-1.4290936,-4.7676477,-0.50542498,0.055631578,-0.39491117,0.91703343,0
-0.24150014,2.9840348,3.12501,0.055631578,-0.39491117,0.91703343,0
-3.4711268,-0.09947978,-1.4426694,-0.055631578,0.39491117,-0.91703343,0
3.2205825,5.3104649,0.84497929,0.92428201,0.36774766,0.10229552,0
-5.8862653,1.1753891,1.5791736,-0.92428201,-0.36774766,-0.10229552,0
-3.0746033,-6.0952115,-0.85873508,-0.92428201,-0.36774766,-0.10229552,0
-2.6236696,-5.6588674,-1.9269702,0.37763453,-0.84190667,-0.38546759,0
1.6673746,-3.2151217,-2.909802,0.37763453,-0.84190667,-0.38546759,0
5.4774227,-0.20007995,1.2082925,0.92428201,0.36774766,0.10229552,0
-6.33144,1.5027385,1.5995426,-0.92428201,-0.36774766,-0.10229552,0
-4.9053411,-0.67201602,-1.1549959,-0.92428201,-0.36774766,-0.10229552,0
-0.34590054,-4.1811342,-0.10607734,0.055631578,-0.39491117,0.91703343,0
-1.9982812,-5.5515752,-0.57619464,0.055631578,-0.39491117,0.91703343,0
5.7620907,-2.2716033,-0.70189857,0.37763453,-0.84190667,-0.38546759,0
-4.2365303,-2.5927901,-0.83354735,-0.92428201,-0.36774766,-0.10229552,0
6.124505,-1.2705534,-1.9415851,0.92428201,0.36774766,0.10229552,0
0.62890232,1.454412,-0.88575482,-0.055631578,0.39491117,-0.91703343,0
-1.2512386,-3.0909071,-2.7122195,-0.055631578,0.39491117,-0.91703343,0
1.8265586,-4.1067858,-0.93803561,0.37763453,-0.84190667,-0.38546759,0
-0.040180683,4.7084122,1.2879397,-0.37763453,0.84190667,0.38546759,0
1.2579765,-2.3238938,-2.5726373,-0.055631578,0.39491117,-0.91703343,0
-0.16915464,-4.2110395,-2.7731552,0.37763453,-0.84190667,-0.38546759,0
-2.9853563,1.4207978,2.5454686,0.055631578,-0.39491117,0.91703343,0
2.9341137,5.7048283,1.757939,-0.37763453,0.84190667,0.38546759,0
5.2592239,-2.7736661,-0.83351326,0.37763453,-0.84190667,-0.38546759,0
-3.6840711,-4.084589,-1.1390169,-0.92428201,-0.36774766,-0.10229552,0
3.7050869,-2.8632748,-2.1352808,0.37763453,-0.84190667,-0.38546759,0
1.6918021,-1.0343803,-2.3904548,-0.055631578,0.39491117,-0.91703343,0
-0.16108036,4.252367,2.626291,-0.37763453,0.84190667,0.38546759,0
-4.5159025,2.8343515,0.93197775,-0.37763453,0.84190667,0.38546759,0
2.415132,-2.1109753,-2.8306928,-0.055631578,0.39491117,-0.91703343,0
6.0024071,-1.5634545,-1.4359446,0.92428201,0.36774766,0.10229552,0
-3.7998252,3.1201167,1.6317909,-0.37763453,0.84190667,0.38546759,0
-3.1149244,-4.3738317,-3.1152916,-0.055631578,0.39491117,-0.91703343,0
-0.95445204,-4.8329153,-1.8807826,0.37763453,-0.84190667,-0.38546759,0
3.9860349,3.5021474,2.0068393,0.92428201,0.36774766,0.10229552,0
5.6144218,-1.655513,0.70571852,0.055631578,-0.39491117,0.91703343,0
3.9623342,-2.3632038,-2.5249574,0.37763453,-0.84190667,-0.38546759,0
-4.8592978,-1.3837879,-1.7234249,-0.92428201,-0.36774766,-0.10229552,0
-1.0853236,3.2366695,3.0267439,-0.37763453,0.84190667,0.38546759,0
-1.4315557,-5.2632527,-1.6333886,0.37763453,-0.84190667,-0.38546759,0
-1.4547048,4.215486,0.90815675,-0.37763453,0.84190667,0.38546759,0
3.7886491,3.8407183,1.3051431,0.92428201,0.36774766,0.10229552,0
-5.3629684,2.5751874,0.59698963,-0.37763453,0.84190667,0.38546759,0
-1.424212,4.7729197,0.29000473,-0.37763453,0.84190667,0.38546759,0
-5.3102713,-0.81600022,1.0304155,-0.92428201,-0.36774766,-0.10229552,0
4.6663709,2.1244121,0.62825441,0.92428201,0.36774766,0.10229552,0
-4.571516,-2.5647244,-0.19113493,-0.92428201,-0.36774766,-0.10229552,0
-6.3684835,2.2468367,0.65328836,-0.92428201,-0.36774766,-0.10229552,0
1.9535127,-4.0581927,-1.303691,0.37763453,-0.84190667,-0.38546759,0
-4.3018656,2.1010318,2.525737,-0.37763453,0.84190667,0.38546759,0
5.2806377,-2.0429468,-1.6699986,0.37763453,-0.84190667,-0.38546759,0
-0.4671011,-4.7247992,-1.9016273,0.37763453,-0.84190667,-0.38546759,0
4.0442066,1.8079523,2.1831517,0.055631578,-0.39491117,0.91703343,0
5.5282688,-1.5735834,-2.5192204,0.37763453,-0.84190667,-0.38546759,0
1.2117658,-3.9791105,-1.7716217,0.37763453,-0.84190667,-0.38546759,0
-1.1382108,-4.3366928,-3.0482931,0.37763453,-0.84190667,-0.38546759,0
-5.3822041,-0.3676697,-0.2113905,-0.92428201,-0.36774766,-0.10229552,0
4.4502554,1.8298154,1.2505438,0.92428201,0.36774766,0.10229552,0
-2.9746213,3.4101157,1.7720289,-0.37763453,0.84190667,0.38546759,0
4.0029306,3.8119862,-0.24443245,0.92428201,0.36774766,0.10229552,0
0.57955456,5.3655896,0.97412336,-0.37763453,0.84190667,0.38546759,0
5.0404963,0.99705219,-0.54530525,0.92428201,0.36774766,0.10229552,0
-6.0861607,0.78236723,2.263998,-0.92428201,-0.36774766,-0.10229552,0
1.7400949,3.2709639,-0.26825702,-0.055631578,0.39491117,-0.91703343,0
1.2246776,5.3662786,1.1362926,-0.37763453,0.84190667,0.38546759,0
-2.3742852,-5.5570641,-1.4174398,0.37763453,-0.84190667,-0.38546759,0
4.3412104,2.5368662,0.10884285,0.92428201,0.36774766,0.10229552,0
-1.2633857,-1.4162872,-2.1367166,-0.055631578,0.39491117,-0.91703343,0
-3.2263863,-5.3085828,-1.1572433,-0.92428201,-0.36774766,-0.10229552,0
-4.3607874,-2.4854627,-0.7326045,-0.92428201,-0.36774766,-0.10229552,0
-1.2981975,-4.8164701,-0.57056558,0.055631578,-0.39491117,0.91703343,0
-1.5805454,1.0049911,-1.0811217,-0.055631578,0.39491117,-0.91703343,0
-0.86799669,3.9821124,0.019735157,-0.055631578,0.39491117,-0.91703343,0
3.4122863,4.5187907,0.76532555,0.92428201,0.36774766,0.10229552,0
-0.16316319,4.2566066,2.4407792,-0.37763453,0.84190667,0.38546759,0
5.780509,-0.705302,-0.11456585,0.92428201,0.36774766,0.10229552,0
-2.3877654,0.36844158,1.7775564,0.055631578,-0.39491117,0.91703343,0
1.0102623,3.7693436,3.0170207,0.055631578,-0.39491117,0.91703343,0
-3.5867321,-3.9174442,-0.58514547,-0.92428201,-0.36774766,-0.10229552,0
5.029933,0.9055624,0.19317627,0.92428201,0.36774766,0.10229552,0
5.3186903,-0.1647383,0.29896545,0.92428201,0.36774766,0.10229552,0
5.4146399,-2.5006886,-0.46153545,0.37763453,-0.84190667,-0.38546759,0
5.4257274,-0.91934991,0.97071838,0.055631578,-0.39491117,0.91703343,0
5.5795808,-0.1524806,-1.1845818,0.92428201,0.36774766,0.10229552,0
6.2098589,-1.5977753,0.11506224,0.92428201,0.36774766,0.10229552,0
-3.1149836,-4.6139765,-3.1010251,-0.92428201,-0.36774766,-0.10229552,0
0.36236018,0.92562938,2.0551753,0.055631578,-0.39491117,0.91703343,0
-2.4276938,-1.5089176,-1.9408932,-0.055631578,0.39491117,-0.91703343,0
-4.7780981,-0.84652972,-1.5103028,-0.055631578,0.39491117,-0.91703343,0
-1.5628254,-5.0322618,-2.7079837,0.37763453,-0.84190667,-0.38546759,0
3.7103996,2.9650917,2.8651583,0.92428201,0.36774766,0.10229552,0
0.06055069,4.6862717,1.4303,-0.37763453,0.84190667,0.38546759,0
-6.1250505,1.5171487,1.5405793,-0.92428201,-0.36774766,-0.10229552,0
3.6434453,3.9296281,0.42244554,0.92428201,0.36774766,0.10229552,0
-1.8336258,3.5079441,2.3373668,-0.37763453,0.84190667,0.38546759,0
-5.1341605,-0.78812623,0.17828226,-0.92428201,-0.36774766,-0.10229552,0
0.74202871,4.6043715,2.0991573,-0.37763453,0.84190667,0.38546759,0
-3.1615157,3.2577434,1.1974697,-0.37763453,0.84190667,0.38546759,0
-0.6160779,-1.6838195,1.1112802,0.055631578,-0.39491117,0.91703343,0
0.95868874,-1.4587164,1.1596913,0.055631578,-0.39491117,0.91703343,0
3.709199,2.5015893,-0.98155904,-0.055631578,0.39491117,-0.91703343,0
-0.38714743,-4.9378834,-1.5851244,0.37763453,-0.84190667,-0.38546759,0
4.1419792,-2.6051919,-1.5091174,0.37763453,-0.84190667,-0.38546759,0
-2.9074502,-1.0900743,1.3963947,0.055631578,-0.39491117,0.91703343,0
1.3982668,-4.3768773,-0.90642774,0.37763453,-0.84190667,-0.38546759,0
-6.2267857,0.84128118,2.4219542,-0.92428201,-0.36774766,-0.10229552,0
-4.0776558,-3.161593,-0.72603106,-0.92428201,-0.36774766,-0.10229552,0
5.5332198,-1.6722088,-2.550755,0.37763453,-0.84190667,-0.38546759,0
-4.7288475,2.5410452,1.5498872,-0.37763453,0.84190667,0.38546759,0
2.5847888,-3.3137655,-2.3051422,0.37763453,-0.84190667,-0.38546759,0
-3.5808024,-3.3687382,-2.5906229,-0.92428201,-0.36774766,-0.10229552,0
0.21889019,-5.0759821,-0.75328737,0.37763453,-0.84190667,-0.38546759,0
5.8557715,-0.85814315,0.8948369,0.92428201,0.36774766,0.10229552,0
-1.6816449,4.1992655,0.6469785,-0.37763453,0.84190667,0.38546759,0
-0.37561035,-4.276556,-2.5016108,0.37763453,-0.84190667,-0.38546759,0
-5.2402344,1.9294169,2.6920967,-0.37763453,0.84190667,0.38546759,0
4.5486197,-3.2827847,-0.20957327,0.055631578,-0.39491117,0.91703343,0
-1.533152,1.315133,2.2083292,0.055631578,-0.39491117,0.91703343,0
-3.4337096,3.1098628,1.455205,-0.37763453,0.84190667,0.38546759,0
-3.3266444,1.0158284,2.2818534,0.055631578,-0.39491117,0.91703343,0
1.6211152,-0.23243499,-1.978199,-0.055631578,0.39491117,-0.91703343,0
-5.0629215,1.8432581,2.532567,-0.37763453,0.84190667,0.38546759,0
-2.810384,-5.4153509,-0.72442746,0.055631578,-0.39491117,0.91703343,0
4.3763599,-3.2741432,-0.21867085,0.37763453,-0.84190667,-0.38546759,0
0.41223812,-4.6526651,-0.89325106,0.37763453,-0.84190667,-0.38546759,0
-1.8098288,-3.5982504,-2.9353285,-0.055631578,0.39491117,-0.91703343,0
-1.1225108,-1.1731193,-1.979902,-0.055631578,0.39491117,-0.91703343,0
-3.8905859,-3.3958104,-1.1263669,-0.92428201,-0.36774766,-0.10229552,0
-1.0216136,4.1672087,1.7852877,-0.37763453,0.84190667,0.38546759,0
-4.6942272,-2.0363395,0.26024914,-0.92428201,-0.36774766,-0.10229552,0
-0.63877261,1.2169822,-1.0301529,-0.055631578,0.39491117,-0.91703343,0
0.84931803,1.5916271,2.4855413,0.055631578,-0.39491117,0.91703343,0
3.5161853,-3.1323652,-1.6002655,0.37763453,-0.84190667,-0.38546759,0
-1.48246,4.3808274,0.6059581,-0.37763453,0.84190667,0.38546759,0
-5.3073111,1.4215415,2.591423,0.055631578,-0.39491117,0.91703343,0
3.1371493,4.8130484,3.2575696,0.92428201,0.36774766,0.10229552,0
-4.1491842,2.520694,1.5963326,-0.37763453,0.84190667,0.38546759,0
2.4171002,1.9176744,-0.80017614,-0.055631578,0.39491117,-0.91703343,0
-5.3579302,-0.33499908,1.4919896,-0.92428201,-0.36774766,-0.10229552,0
1.047291,1.9563977,-0.71354413,-0.055631578,0.39491117,-0.91703343,0
-2.3528883,-1.3331976,-2.1001551,-0.055631578,0.39491117,-0.91703343,0
-3.3931966,2.6248429,2.3345201,-0.37763453,0.84190667,0.38546759,0
3.0085063,-1.1856744,-2.4442818,-0.055631578,0.39491117,-0.91703343,0
-3.8525171,-3.4199328,-1.6691496,-0.92428201,-0.36774766,-0.10229552,0
-1.4203062,-5.348412,-0.67218387,0.055631578,-0.39491117,0.91703343,0
-2.8905852,3.0187509,2.611798,-0.37763453,0.84190667,0.38546759,0
5.0327907,0.70734906,0.19848871,0.92428201,0.36774766,0.10229552,0
1.5537775,-2.7887695,-3.0358148,-0.055631578,0.39491117,-0.91703343,0
5.0625734,1.6323795,-1.1811557,0.92428201,0.36774766,0.10229552,0
-3.5993781,-4.7503128,-0.36472154,-0.92428201,-0.36774766,-0.10229552,0
5.2640963,0.72324419,-1.5153642,0.92428201,0.36774766,0.10229552,0
1.6930622,3.3750677,-0.1921699,-0.055631578,0.39491117,-0.91703343,0
-2.0311852,1.4777694,2.4469347,0.055631578,-0.39491117,0.91703343,0
-6.3913507,2.4425273,-0.030534744,-0.92428201,-0.36774766,-0.10229552,0
3.2217426,4.6462998,2.2455513,0.92428201,0.36774766,0.10229552,0
0.19028163,1.728129,-0.99168855,-0.055631578,0.39491117,-0.91703343,0
1.0296435,-4.2597637,-0.85383904,0.37763453,-0.84190667,-0.38546759,0
5.5139837,-1.1894397,0.58629942,0.055631578,-0.39491117,0.91703343,0
0.08759284,1.8610107,-0.94479877,-0.055631578,0.39491117,-0.91703343,0
3.5688343,4.4135108,0.43762898,0.92428201,0.36774766,0.10229552,0
-5.8241472,0.61371875,2.327466,0.055631578,-0.39491117,0.91703343,0
-5.811388,1.4961854,-0.18589163,-0.92428201,-0.36774766,-0.10229552,0
-2.4642842,-5.09621,-2.8053818,0.37763453,-0.84190667,-0.38546759,0
2.7148604,-1.1049668,1.0903536,0.055631578,-0.39491117,0.91703343,0
2.2228174,1.0144038,1.7755352,0.055631578,-0.39491117,0.91703343,0
2.2405045,5.6822033,0.60947824,-0.055631578,0.39491117,-0.91703343,0
1.3640752,-4.0824857,-1.8822865,0.37763453,-0.84190667,-0.38546759,0
-0.12005126,1.5675943,-1.0517818,-0.055631578,0.39491117,-0.91703343,0
-4.6563001,-1.9685926,0.31060076,-0.92428201,-0.36774766,-0.10229552,0
4.8242846,1.4360003,-0.93544722,0.92428201,0.36774766,0.10229552,0
5.4459982,0.24632192,-1.0803208,0.92428201,0.36774766,0.10229552,0
6.1675005,-2.4799402,-0.070380211,0.37763453,-0.84190667,-0.38546759,0
-5.7629476,0.93538189,1.0541368,-0.92428201,-0.36774766,-0.10229552,0
0.0259552,-4.7230206,-0.22043133,0.055631578,-0.39491117,0.91703343,0
-5.3970337,1.004902,-0.90022755,-0.055631578,0.39491117,-0.91703343,0
6.0621839,-1.4348875,0.32710361,0.92428201,0.36774766,0.10229552,0
-0.32939529,3.7784324,2.8840525,-0.37763453,0.84190667,0.38546759,0
-0.77055109,0.18567526,-1.2962735,-0.055631578,0.39491117,-0.91703343,0
0.4049077,-4.7803383,-0.44569549,0.37763453,-0.84190667,-0.38546759,0
-2.3314853,-5.772223,-0.74905705,0.055631578,-0.39491117,0.91703343,0
-0.66219854,4.5694923,0.57206726,-0.37763453,0.84190667,0.38546759,0
-4.4873295,3.1117558,0.43211937,-0.37763453,0.84190667,0.38546759,0
-1.2072654,-5.1319089,-1.7142127,0.37763453,-0.84190667,-0.38546759,0
-4.6071539,2.5475652,-0.1197505,-0.055631578,0.39491117,-0.91703343,0
5.1982579,0.002407968,1.2101493,0.92428201,0.36774766,0.10229552,0
-3.2482586,-5.059236,-2.6773155,-0.92428201,-0.36774766,-0.10229552,0
0.11426783,-5.0534959,-0.92209399,0.37763453,-0.84190667,-0.38546759,0
-0.29151535,-2.1938617,0.83970892,0.055631578,-0.39491117,0.91703343,0
1.7589664,1.8363461,-0.8643285,-0.055631578,0.39491117,-0.91703343,0
5.2385759,-2.0395455,-2.4349828,0.37763453,-0.84190667,-0.38546759,0
4.4971285,-2.5716217,-1.3085318,0.37763453,-0.84190667,-0.38546759,0
4.1576872,-2.3294883,-2.7264481,0.37763453,-0.84190667,-0.38546759,0
1.6494002,-4.0746665,-0.41163337,0.055631578,-0.39491117,0.91703343,0
-3.7928905,-3.9309695,-0.18641663,-0.92428201,-0.36774766,-0.10229552,0
3.3216009,4.4123197,2.0983222,0.92428201,0.36774766,0.10229552,0
4.551311,-2.5080521,-1.3418484,0.37763453,-0.84190667,-0.38546759,0
-4.2355342,-2.5780399,-2.1277204,-0.92428201,-0.36774766,-0.10229552,0
-3.2089643,2.909936,1.8580875,-0.37763453,0.84190667,0.38546759,0
3.0480883,-3.0259895,-2.2081087,0.37763453,-0.84190667,-0.38546759,0
