-3.1376228,2.5481153,-0.10334331,-0.61944807,0.76978844,-0.15397954,0
0.83107162,-1.3138213,4.5736589,0.054545444,0.23787288,0.9697634,0
-1.4464451,1.010554,3.9484215,0.054545444,0.23787288,0.9697634,0
3.2438133,-2.482533,0.0088177323,0.61944807,-0.76978844,0.15397954,0
2.1500371,-0.81499493,-2.5117054,0.78314036,0.59231925,-0.18933837,0
2.9320898,-0.64773583,4.1907778,0.054545444,0.23787288,0.9697634,0
2.2594624,0.30399919,3.8922405,0.054545444,0.23787288,0.9697634,0
-0.85239267,-2.5631568,-3.0630832,-0.78314036,-0.59231925,0.18933837,0
-1.3342571,3.8968158,-1.2701824,-0.61944807,0.76978844,-0.15397954,0
0.30512011,0.17161119,3.9801271,0.054545444,0.23787288,0.9697634,0
1.8792431,-3.7570083,0.46402243,0.61944807,-0.76978844,0.15397954,0
-2.7382126,3.0815258,3.5610194,0.054545444,0.23787288,0.9697634,0
0.79374599,-2.036449,4.154563,-0.78314036,-0.59231925,0.18933837,0
-1.1201031,2.9928691,-3.1898589,0.78314036,0.59231925,-0.18933837,0
-2.3584971,3.0650852,3.6474338,0.054545444,0.23787288,0.9697634,0
-0.19294167,1.8259249,-3.9591484,0.78314036,0.59231925,-0.18933837,0
-1.8865916,0.77549618,-4.4068599,-0.054545444,-0.23787288,-0.9697634,0
-2.6904817,-0.11950898,-2.527739,-0.78314036,-0.59231925,0.18933837,0
3.4570959,-1.6512978,4.0051889,0.61944807,-0.76978844,0.15397954,0
-2.4428635,2.9265103,-1.6259017,-0.61944807,0.76978844,-0.15397954,0
1.4966725,-0.026170492,4.0654078,0.054545444,0.23787288,0.9697634,0
1.937896,-1.7795023,4.6274228,0.054545444,0.23787288,0.9697634,0
-0.15418333,2.4853673,3.6040659,0.054545444,0.23787288,0.9697634,0
-2.0514331,4.016233,3.3619695,0.054545444,0.23787288,0.9697634,0
-1.5720805,-0.22723924,-3.9304814,-0.054545444,-0.23787288,-0.9697634,0
0.4819206,2.3780978,3.590342,0.054545444,0.23787288,0.9697634,0
3.5699582,-1.4746783,2.4133883,0.78314036,0.59231925,-0.18933837,0
-2.4223523,2.0866477,3.8615575,0.054545444,0.23787288,0.9697634,0
-3.4152131,2.7778201,1.4207536,-0.61944807,0.76978844,-0.15397954,0
-2.1009738,0.75821412,2.4895892,-0.78314036,-0.59231925,0.18933837,0
2.0545735,-3.2659798,2.0977802,0.61944807,-0.76978844,0.15397954,0
-2.519495,3.5057583,1.1925669,-0.61944807,0.76978844,-0.15397954,0
-1.4288552,4.4310894,2.9511113,-0.61944807,0.76978844,-0.15397954,0
2.5958838,-0.83007801,-0.43481228,0.78314036,0.59231925,-0.18933837,0
2.2123766,-2.4365644,-3.5054038,-0.054545444,-0.23787288,-0.9697634,0
-3.4951911,1.6752409,-3.0834277,-0.61944807,0.76978844,-0.15397954,0
1.6762154,-1.7170274,-4.0020566,-0.054545444,-0.23787288,-0.9697634,0
3.2317669,-1.3881304,4.0991549,0.054545444,0.23787288,0.9697634,0
-1.4591763,3.6176386,-2.8379149,-0.61944807,0.76978844,-0.15397954,0
-0.10395277,-0.23032784,4.0109463,0.054545444,0.23787288,0.9697634,0
-1.2255497,1.6788758,3.8075719,0.054545444,0.23787288,0.9697634,0
-3.3604691,3.0920827,2.2675414,-0.61944807,0.76978844,-0.15397954,0
-0.94508314,1.5699939,-4.2831097,-0.054545444,-0.23787288,-0.9697634,0
-3.2353897,3.4008293,2.8035567,-0.61944807,0.76978844,-0.15397954,0
-0.15084457,3.6627371,2.9122429,0.78314036,0.59231925,-0.18933837,0
-3.4581635,2.5759187,0.61207139,-0.61944807,0.76978844,-0.15397954,0
0.011792064,2.7372661,0.67292166,0.78314036,0.59231925,-0.18933837,0
2.2215021,-0.67203093,-1.7717901,0.78314036,0.59231925,-0.18933837,0
-1.9933619,-0.73064816,-2.862679,-0.78314036,-0.59231925,0.18933837,0
-1.8399074,4.3139033,2.025192,-0.61944807,0.76978844,-0.15397954,0
0.43548349,-1.992233,-3.8097548,-0.054545444,-0.23787288,-0.9697634,0
-3.5383866,2.9499795,2.4280405,-0.61944807,0.76978844,-0.15397954,0
-0.24983025,2.9849558,0.70315361,0.78314036,0.59231925,-0.18933837,0
-2.5414963,0.65125006,-3.9870346,-0.054545444,-0.23787288,-0.9697634,0
1.5054245,-3.6613545,1.2749745,0.61944807,-0.76978844,0.15397954,0
-0.62322998,3.704221,3.3797941,0.054545444,0.23787288,0.9697634,0
1.3385268,-1.325518,-3.703464,-0.054545444,-0.23787288,-0.9697634,0
-2.7691913,3.1222234,0.91519201,-0.61944807,0.76978844,-0.15397954,0
-2.6395097,3.4295478,2.2836335,-0.61944807,0.76978844,-0.15397954,0
-0.84795666,2.7758732,-2.7576714,0.78314036,0.59231925,-0.18933837,0
-1.1532812,-1.593117,-2.6943946,-0.78314036,-0.59231925,0.18933837,0
1.5667807,1.2818996,1.8173554,0.78314036,0.59231925,-0.18933837,0
2.5076914,-3.6470337,-2.2606809,0.61944807,-0.76978844,0.15397954,0
0.57579803,-3.5215573,-0.58867836,-0.78314036,-0.59231925,0.18933837,0
-0.93332338,1.4656832,3.9499149,0.054545444,0.23787288,0.9697634,0
0.61171591,1.3089067,-1.9030761,0.78314036,0.59231925,-0.18933837,0
0.07734859,2.7681255,0.84926653,0.78314036,0.59231925,-0.18933837,0
-2.7923517,2.1849623,-3.1807413,-0.61944807,0.76978844,-0.15397954,0
0.76492089,-0.074465632,4.2339983,0.054545444,0.23787288,0.9697634,0
0.76294374,-2.6722088,-3.3838539,-0.054545444,-0.23787288,-0.9697634,0
-3.6235521,2.0632191,-0.88120592,-0.61944807,0.76978844,-0.15397954,0
-0.12787962,3.411237,3.3287725,0.054545444,0.23787288,0.9697634,0
-2.7716157,3.3494706,3.0830343,-0.61944807,0.76978844,-0.15397954,0
2.6177816,-3.4495916,-2.2825301,0.61944807,-0.76978844,0.15397954,0
0.18523026,-3.549814,-2.2903612,-0.78314036,-0.59231925,0.18933837,0
-2.3082795,2.6023827,-2.9403882,-0.61944807,0.76978844,-0.15397954,0
2.7690244,-3.3727708,-1.8359151,0.61944807,-0.76978844,0.15397954,0
3.2746072,-2.2070446,0.60074806,0.61944807,-0.76978844,0.15397954,0
2.884963,-0.37686753,2.0497336,0.78314036,0.59231925,-0.18933837,0
-3.0648088,2.1905046,-3.6044536,-0.61944807,0.76978844,-0.15397954,0
-3.5628958,1.4207501,-3.7939732,-0.61944807,0.76978844,-0.15397954,0
-1.9482703,3.8941467,0.44143081,-0.61944807,0.76978844,-0.15397954,0
1.6050463,-3.7593608,0.20184958,0.61944807,-0.76978844,0.15397954,0
-1.5205288,3.7835412,-0.90940779,-0.61944807,0.76978844,-0.15397954,0
1.0601125,0.88986951,3.6781082,0.054545444,0.23787288,0.9697634,0
2.2015166,-1.1103603,-2.2815492,0.78314036,0.59231925,-0.18933837,0
2.9764662,-1.5334117,-1.4076653,0.78314036,0.59231925,-0.18933837,0
3.1514807,-0.79718125,1.9326113,0.78314036,0.59231925,-0.18933837,0
-0.19025362,-0.082811594,-4.1065745,-0.054545444,-0.23787288,-0.9697634,0
0.98137677,1.5415125,3.5596175,0.054545444,0.23787288,0.9697634,0
1.5416725,-4.0013714,0.78957522,0.61944807,-0.76978844,0.15397954,0
1.0672781,-0.15708661,-3.5669878,0.78314036,0.59231925,-0.18933837,0
-2.4101129,-0.096187472,-2.6152539,-0.78314036,-0.59231925,0.18933837,0
-2.8007641,1.379927,0.61522782,-0.78314036,-0.59231925,0.18933837,0
2.5594211,-3.7829623,-2.3326073,0.61944807,-0.76978844,0.15397954,0
0.093245685,-2.5506151,-3.501441,-0.054545444,-0.23787288,-0.9697634,0
1.3283691,-2.6078084,4.2216763,-0.78314036,-0.59231925,0.18933837,0
2.6807134,-2.3322973,4.5615368,0.61944807,-0.76978844,0.15397954,0
-1.0696793,-0.14070064,-3.8383095,-0.054545444,-0.23787288,-0.9697634,0
-0.84887165,0.31254494,-3.9710021,-0.054545444,-0.23787288,-0.9697634,0
1.6156485,-3.9217324,-1.1904569,0.61944807,-0.76978844,0.15397954,0
-0.34559536,2.6483798,3.5723429,0.054545444,0.23787288,0.9697634,0
-0.58759248,0.28468311,4.1811028,0.054545444,0.23787288,0.9697634,0
-2.3334222,0.18593919,-0.9654882,-0.78314036,-0.59231925,0.18933837,0
-0.19372594,2.2922821,-1.0613352,0.78314036,0.59231925,-0.18933837,0
-1.8927388,3.4747517,3.3365064,0.054545444,0.23787288,0.9697634,0
0.55282044,-1.167699,4.4571438,0.054545444,0.23787288,0.9697634,0
0.068721533,-2.9743443,-1.8595874,-0.78314036,-0.59231925,0.18933837,0
1.5951586,-3.6947408,0.74370348,0.61944807,-0.76978844,0.15397954,0
-0.84889638,-0.77042282,1.7050173,-0.78314036,-0.59231925,0.18933837,0
-2.5400009,1.4691205,2.7163484,-0.78314036,-0.59231925,0.18933837,0
2.20258,-2.8192558,4.0967827,0.61944807,-0.76978844,0.15397954,0
2.0312731,0.79595017,2.1145475,0.78314036,0.59231925,-0.18933837,0
3.0513635,-0.63648283,2.0486031,0.78314036,0.59231925,-0.18933837,0
0.22765994,-1.7104163,4.3978586,-0.78314036,-0.59231925,0.18933837,0
1.4811571,-0.89792454,4.2892437,0.054545444,0.23787288,0.9697634,0
0.22080278,2.9720225,1.5590656,0.78314036,0.59231925,-0.18933837,0
2.6120033,-3.667829,-2.6880023,0.61944807,-0.76978844,0.15397954,0
0.4054811,-0.9267838,4.5169907,0.054545444,0.23787288,0.9697634,0
-2.5980308,2.3826556,-3.2020366,-0.61944807,0.76978844,-0.15397954,0
-0.83066797,3.2264485,-1.0496229,0.78314036,0.59231925,-0.18933837,0
-2.501651,2.4359822,-4.2419405,-0.61944807,0.76978844,-0.15397954,0
-0.19623709,-2.0363178,0.21573114,-0.78314036,-0.59231925,0.18933837,0
-0.47942257,2.654592,-1.9232159,0.78314036,0.59231925,-0.18933837,0
1.167522,-4.2588358,-0.52488112,0.61944807,-0.76978844,0.15397954,0
2.1138644,-3.408577,0.61198348,0.61944807,-0.76978844,0.15397954,0
-0.55709994,1.4577227,3.6385827,0.054545444,0.23787288,0.9697634,0
0.16351819,1.7167265,-1.1445994,0.78314036,0.59231925,-0.18933837,0
-1.8594458,-1.4457153,-3.6008615,-0.054545444,-0.23787288,-0.9697634,0
2.8695326,-2.52123,1.6886778,0.61944807,-0.76978844,0.15397954,0
-2.9281278,2.5047321,-1.9094013,-0.61944807,0.76978844,-0.15397954,0
2.2051125,-2.8581417,1.7871914,0.61944807,-0.76978844,0.15397954,0
-2.2269289,0.9436745,0.98786294,-0.78314036,-0.59231925,0.18933837,0
-1.561872,3.5943413,-2.038084,-0.61944807,0.76978844,-0.15397954,0
-2.5150638,2.7326207,-3.3674867,-0.61944807,0.76978844,-0.15397954,0
0.074040413,-1.3624532,3.1177504,-0.78314036,-0.59231925,0.18933837,0
-3.217977,1.9850093,-4.343976,-0.61944807,0.76978844,-0.15397954,0
-2.7767096,3.5659232,2.9740229,-0.61944807,0.76978844,-0.15397954,0
2.2345586,-2.912396,2.0635109,0.61944807,-0.76978844,0.15397954,0
1.6878339,-2.3837771,-3.460238,-0.054545444,-0.23787288,-0.9697634,0
0.85726678,-3.5912747,-3.4417577,-0.054545444,-0.23787288,-0.9697634,0
-0.27390194,2.8969007,-0.62744075,0.78314036,0.59231925,-0.18933837,0
-0.075306058,1.1065702,-4.1741095,0.78314036,0.59231925,-0.18933837,0
-2.8408654,2.2748027,-4.0131702,-0.61944807,0.76978844,-0.15397954,0
-0.23825634,-2.7725506,-1.8794956,-0.78314036,-0.59231925,0.18933837,0
0.65908891,0.20027822,4.2382326,0.054545444,0.23787288,0.9697634,0
0.31458783,-1.9865003,3.0631282,-0.78314036,-0.59231925,0.18933837,0
-0.9277463,2.8963051,-2.2265232,0.78314036,0.59231925,-0.18933837,0
-1.0258712,-2.3528814,-3.6212864,-0.054545444,-0.23787288,-0.9697634,0
3.1143489,-1.4912443,-0.31936485,0.78314036,0.59231925,-0.18933837,0
-0.53005135,-2.148001,-0.30173326,-0.78314036,-0.59231925,0.18933837,0
2.3558795,-1.0671737,4.0938835,0.054545444,0.23787288,0.9697634,0
2.9576995,-3.3780632,-3.3830643,0.61944807,-0.76978844,0.15397954,0
-0.51030874,3.7360399,0.89845896,0.78314036,0.59231925,-0.18933837,0
-2.8192687,0.38886517,-3.4496229,-0.78314036,-0.59231925,0.18933837,0
-2.728303,2.354579,-2.848094,-0.61944807,0.76978844,-0.15397954,0
-0.9536978,-1.3572787,0.26800698,-0.78314036,-0.59231925,0.18933837,0
0.16209191,2.5169916,3.6188006,0.054545444,0.23787288,0.9697634,0
0.75369221,2.1236639,0.98132658,0.78314036,0.59231925,-0.18933837,0
0.44044709,-0.21542573,4.0632672,0.054545444,0.23787288,0.9697634,0
2.025434,-0.23143034,3.9319654,0.054545444,0.23787288,0.9697634,0
2.0336699,0.30537319,0.90294313,0.78314036,0.59231925,-0.18933837,0
1.554405,-0.38453567,4.2959013,0.054545444,0.23787288,0.9697634,0
2.5922809,-2.7994168,0.71219307,0.61944807,-0.76978844,0.15397954,0
-0.15122211,0.051284432,-4.2990084,-0.054545444,-0.23787288,-0.9697634,0
-0.79339445,-1.4225079,-0.83568966,-0.78314036,-0.59231925,0.18933837,0
-2.4633107,3.1266975,3.3059459,0.054545444,0.23787288,0.9697634,0
-1.8139899,3.4338918,-2.5030501,-0.61944807,0.76978844,-0.15397954,0
-2.6893449,3.214504,1.4216626,-0.61944807,0.76978844,-0.15397954,0
-1.6249114,-0.53538716,-0.017346859,-0.78314036,-0.59231925,0.18933837,0
2.5397813,0.74193704,3.8597183,0.78314036,0.59231925,-0.18933837,0
-1.1314902,1.9494491,-4.6322584,-0.054545444,-0.23787288,-0.9697634,0
-0.14811444,1.7972553,-3.1803527,0.78314036,0.59231925,-0.18933837,0
1.4750905,0.85261214,3.6274276,0.054545444,0.23787288,0.9697634,0
0.78573012,0.94273996,3.9976482,0.054545444,0.23787288,0.9697634,0
2.6128402,-3.7143278,-2.3760545,0.61944807,-0.76978844,0.15397954,0
1.50883,-0.68539381,-3.9722829,0.78314036,0.59231925,-0.18933837,0
2.8628967,-3.3126078,-2.185987,0.61944807,-0.76978844,0.15397954,0
-1.9027379,3.1549363,-3.1837611,-0.61944807,0.76978844,-0.15397954,0
0.1469155,-0.036388278,4.0446315,0.054545444,0.23787288,0.9697634,0
-2.6308789,3.4942093,2.5439975,-0.61944807,0.76978844,-0.15397954,0
-0.49287128,1.246388,-4.4347343,-0.054545444,-0.23787288,-0.9697634,0
0.39629424,-3.47439,-1.7874908,-0.78314036,-0.59231925,0.18933837,0
-2.2854156,3.1571829,-2.1671321,-0.61944807,0.76978844,-0.15397954,0
1.9472625,-3.002737,4.0040531,0.61944807,-0.76978844,0.15397954,0
0.4781158,1.7850457,-1.3906624,0.78314036,0.59231925,-0.18933837,0
2.4949284,-2.7249892,1.9078844,0.61944807,-0.76978844,0.15397954,0
3.3277848,-2.253706,1.9325262,0.61944807,-0.76978844,0.15397954,0
2.5195808,-3.9166048,-2.5128131,0.61944807,-0.76978844,0.15397954,0
-0.25004518,-1.6473616,1.7499962,-0.78314036,-0.59231925,0.18933837,0
-1.4258224,4.4892826,3.23597,0.054545444,0.23787288,0.9697634,0
1.1324289,-3.6187043,-3.4395776,-0.054545444,-0.23787288,-0.9697634,0
-1.5707207,4.5345964,2.5993586,-0.61944807,0.76978844,-0.15397954,0
-0.46085668,2.5580978,-2.6214232,0.78314036,0.59231925,-0.18933837,0
-0.2545414,-0.24777579,4.223568,0.054545444,0.23787288,0.9697634,0
2.2422044,-3.2674639,0.97420138,0.61944807,-0.76978844,0.15397954,0
3.4943917,-0.76308763,4.0471845,0.78314036,0.59231925,-0.18933837,0
-2.5000644,3.3193378,0.57718408,-0.61944807,0.76978844,-0.15397954,0
2.4550238,-0.45294267,0.97681308,0.78314036,0.59231925,-0.18933837,0
3.1806073,-0.73362005,4.25704,0.054545444,0.23787288,0.9697634,0
-3.7512217,1.6152935,-2.442915,-0.61944807,0.76978844,-0.15397954,0
2.5738635,-3.0507839,1.1952697,0.61944807,-0.76978844,0.15397954,0
2.682456,-2.625617,1.8291084,0.61944807,-0.76978844,0.15397954,0
-2.938076,2.2833557,-3.9995584,-0.61944807,0.76978844,-0.15397954,0
0.90220523,-3.3622699,1.4189117,-0.78314036,-0.59231925,0.18933837,0
0.74535871,-1.599915,4.4602928,0.054545444,0.23787288,0.9697634,0
-2.5443654,-0.072146147,-4.1582923,-0.054545444,-0.23787288,-0.9697634,0
-0.70712447,3.6033723,0.44577217,0.78314036,0.59231925,-0.18933837,0
-2.1132879,2.4986715,3.4437973,0.054545444,0.23787288,0.9697634,0
-0.31590569,-2.7201226,-2.3592365,-0.78314036,-0.59231925,0.18933837,0
-1.9556372,2.057476,-4.6160731,-0.054545444,-0.23787288,-0.9697634,0
-0.5061776,-2.4837127,-3.2873225,-0.054545444,-0.23787288,-0.9697634,0
1.1041267,2.1506062,2.5411196,0.78314036,0.59231925,-0.18933837,0
3.2456172,-2.5639133,-1.9718244,0.78314036,0.59231925,-0.18933837,0
3.2859428,-2.5501428,-0.68390179,0.61944807,-0.76978844,0.15397954,0
0.24191415,0.64586854,-3.9619367,0.78314036,0.59231925,-0.18933837,0
-1.7556443,2.5190806,-4.5789371,-0.054545444,-0.23787288,-0.9697634,0
-2.7628894,0.87931192,-4.3427267,-0.054545444,-0.23787288,-0.9697634,0
3.2727797,-2.9130478,-2.3749285,0.61944807,-0.76978844,0.15397954,0
1.3141241,-3.3937323,-3.3437939,-0.054545444,-0.23787288,-0.9697634,0
0.8949759,-1.7862782,4.3912859,0.054545444,0.23787288,0.9697634,0
2.0868766,-3.8834853,-1.930738,0.61944807,-0.76978844,0.15397954,0
-3.4733574,0.47791979,-3.9566154,-0.78314036,-0.59231925,0.18933837,0
0.84383595,1.107936,-0.50405252,0.78314036,0.59231925,-0.18933837,0
0.88463855,-4.2967277,-3.3102169,-0.054545444,-0.23787288,-0.9697634,0
2.7311623,-3.5234475,-1.6307144,0.61944807,-0.76978844,0.15397954,0
0.35070348,2.331887,1.4425044,0.78314036,0.59231925,-0.18933837,0
2.2227659,-3.5496485,-1.0387807,0.61944807,-0.76978844,0.15397954,0
-0.48985076,-1.174978,3.174459,-0.78314036,-0.59231925,0.18933837,0
1.4627402,-4.1697059,-1.2700765,0.61944807,-0.76978844,0.15397954,0
-1.4841833,-1.4096017,-2.8997414,-0.78314036,-0.59231925,0.18933837,0
3.7030973,-2.1031747,1.6440415,0.61944807,-0.76978844,0.15397954,0
0.79762793,-3.8666744,-1.3059189,-0.78314036,-0.59231925,0.18933837,0
-3.1017358,1.3190297,-0.70733136,-0.78314036,-0.59231925,0.18933837,0
3.5979624,-1.7332162,1.0258946,0.78314036,0.59231925,-0.18933837,0
0.58752543,1.2386215,3.7057776,0.054545444,0.23787288,0.9697634,0
3.1288834,-2.9380875,-1.3966341,0.61944807,-0.76978844,0.15397954,0
-2.8718061,3.3110509,1.7579257,-0.61944807,0.76978844,-0.15397954,0
2.5083871,-1.2887182,-0.89950871,0.78314036,0.59231925,-0.18933837,0
2.2333004,0.23867324,3.98351,0.054545444,0.23787288,0.9697634,0
-2.6570759,2.0849581,-3.7686369,-0.61944807,0.76978844,-0.15397954,0
1.9416089,-3.750757,-0.92994356,0.61944807,-0.76978844,0.15397954,0
1.8865932,-0.83324647,4.276597,0.054545444,0.23787288,0.9697634,0
0.62470108,2.1536303,3.3653936,0.054545444,0.23787288,0.9697634,0
0.50218892,-0.17325437,4.3189344,0.054545444,0.23787288,0.9697634,0
-3.7683744,1.910941,-0.90180159,-0.61944807,0.76978844,-0.15397954,0
-1.2174928,-2.0712354,-2.73929,-0.78314036,-0.59231925,0.18933837,0
-2.8383307,2.4106741,-3.4774566,-0.61944807,0.76978844,-0.15397954,0
2.5206358,-0.92503482,0.22517765,0.78314036,0.59231925,-0.18933837,0
3.6174188,-1.8147345,0.96537095,0.78314036,0.59231925,-0.18933837,0
-1.4604309,3.1400495,-3.181366,-0.61944807,0.76978844,-0.15397954,0
0.23777652,-2.0347893,2.7343869,-0.78314036,-0.59231925,0.18933837,0
-2.0895131,0.5442844,-3.9850121,-0.054545444,-0.23787288,-0.9697634,0
0.60196877,-3.8917592,-3.2843652,-0.054545444,-0.23787288,-0.9697634,0
-1.9730718,2.8172646,3.3428023,0.054545444,0.23787288,0.9697634,0
0.48170352,-1.9954138,4.2863617,-0.78314036,-0.59231925,0.18933837,0
1.483016,-3.6792102,1.0758623,0.61944807,-0.76978844,0.15397954,0
-1.0052632,0.98554778,-4.3789959,-0.054545444,-0.23787288,-0.9697634,0
-1.2125074,-0.5719105,0.23783736,-0.78314036,-0.59231925,0.18933837,0
0.82254827,2.025135,3.5431986,0.054545444,0.23787288,0.9697634,0
2.13134,-3.2113025,1.5056608,0.61944807,-0.76978844,0.15397954,0
3.6244271,-1.7960813,3.0744476,0.61944807,-0.76978844,0.15397954,0
1.2680453,-3.1137278,-3.5741024,-0.054545444,-0.23787288,-0.9697634,0
-0.57376444,2.8056941,3.5061784,0.054545444,0.23787288,0.9697634,0
-2.25562,2.7390647,-3.1890345,-0.61944807,0.76978844,-0.15397954,0
-1.1270299,1.0966353,3.784415,0.054545444,0.23787288,0.9697634,0
-2.3357935,1.7847719,3.8810534,0.054545444,0.23787288,0.9697634,0
1.835133,-2.3035936,-3.5339422,-0.054545444,-0.23787288,-0.9697634,0
2.6245172,-0.5734961,0.2578111,0.78314036,0.59231925,-0.18933837,0
0.41856843,1.9681659,3.8129139,0.054545444,0.23787288,0.9697634,0
-0.9567163,3.7415519,-0.039958835,0.78314036,0.59231925,-0.18933837,0
3.0928972,-2.7373021,0.082108676,0.61944807,-0.76978844,0.15397954,0
-2.3384583,0.83817232,1.7213356,-0.78314036,-0.59231925,0.18933837,0
-1.89975,-0.88484699,-3.4642167,-0.78314036,-0.59231925,0.18933837,0
-1.957378,3.3059974,-0.70956945,-0.61944807,0.76978844,-0.15397954,0
2.6730869,-2.7833748,0.71015394,0.61944807,-0.76978844,0.15397954,0
2.0388153,-3.0281267,-3.5033646,-0.054545444,-0.23787288,-0.9697634,0
-0.78029984,0.69359612,3.9126205,0.054545444,0.23787288,0.9697634,0
-3.2880745,3.3298626,3.0686929,-0.61944807,0.76978844,-0.15397954,0
3.1162462,-2.8097336,0.039767325,0.61944807,-0.76978844,0.15397954,0
3.1535926,-1.7742455,4.3476634,0.054545444,0.23787288,0.9697634,0
0.72740722,-2.9814153,0.63623226,-0.78314036,-0.59231925,0.18933837,0
1.4427657,-0.24883765,3.9182386,0.054545444,0.23787288,0.9697634,0
1.5000246,-4.1859326,-1.7453892,0.61944807,-0.76978844,0.15397954,0
3.0531731,-3.313118,-1.6991477,0.61944807,-0.76978844,0.15397954,0
-2.7572792,-0.091733456,-2.8041658,-0.78314036,-0.59231925,0.18933837,0
2.0175228,-2.504426,4.7052841,0.61944807,-0.76978844,0.15397954,0
0.75366795,0.51602983,-2.3676276,0.78314036,0.59231925,-0.18933837,0
-3.3704278,2.4216394,1.0018302,-0.78314036,-0.59231925,0.18933837,0
0.46995556,-0.43078315,4.0947223,0.054545444,0.23787288,0.9697634,0
-2.2393942,4.0206823,2.8873572,-0.61944807,0.76978844,-0.15397954,0
-1.7268889,-0.79944563,-1.3632218,-0.78314036,-0.59231925,0.18933837,0
0.55448413,-4.2558947,-3.2673302,-0.054545444,-0.23787288,-0.9697634,0
-1.7651227,3.1716592,-3.8885055,-0.61944807,0.76978844,-0.15397954,0
-2.4920866,2.7274957,-2.9090414,-0.61944807,0.76978844,-0.15397954,0
-1.4529629,-1.6611143,-2.3766305,-0.78314036,-0.59231925,0.18933837,0
1.0690342,0.31806803,-3.5004525,0.78314036,0.59231925,-0.18933837,0
0.62556756,-1.6128938,-3.9647751,-0.054545444,-0.23787288,-0.9697634,0
3.1313934,-0.21273458,3.3422811,0.78314036,0.59231925,-0.18933837,0
-2.8569114,1.8480798,-4.0119581,-0.61944807,0.76978844,-0.15397954,0
-3.5786772,2.4740891,0.051518917,-0.61944807,0.76978844,-0.15397954,0
1.3046882,-4.6873736,-3.2059522,-0.054545444,-0.23787288,-0.9697634,0
1.440695,-3.9766264,0.69784194,0.61944807,-0.76978844,0.15397954,0
-0.51744324,-0.00056576729,-4.0573778,-0.054545444,-0.23787288,-0.9697634,0
-0.58667821,-0.42339444,4.1209583,0.054545444,0.23787288,0.9697634,0
1.4898167,-4.2468081,-1.0142508,0.61944807,-0.76978844,0.15397954,0
1.6657782,-4.1000538,-0.38284183,0.61944807,-0.76978844,0.15397954,0
-2.7795854,3.179373,0.38902915,-0.61944807,0.76978844,-0.15397954,0
1.1015604,-4.7036386,-2.8548632,0.61944807,-0.76978844,0.15397954,0
1.3808427,-2.5385191,4.6512694,0.054545444,0.23787288,0.9697634,0
-2.1862195,3.5110297,-0.60144752,-0.61944807,0.76978844,-0.15397954,0
1.9169377,-1.2326303,4.1351109,0.054545444,0.23787288,0.9697634,0
-1.1668729,-0.3328737,-4.1411119,-0.054545444,-0.23787288,-0.9697634,0
0.45373774,0.94302988,-3.0341852,0.78314036,0.59231925,-0.18933837,0
-1.6225471,3.9818637,-0.34457719,-0.61944807,0.76978844,-0.15397954,0
-2.872108,3.2312932,3.3913102,0.054545444,0.23787288,0.9697634,0
1.2956002,-4.0178494,0.21308279,0.61944807,-0.76978844,0.15397954,0
2.9909391,-3.0759568,-0.49105322,0.61944807,-0.76978844,0.15397954,0
-1.0951157,-0.15535939,-3.8785155,-0.054545444,-0.23787288,-0.9697634,0
-2.1092904,3.7259891,1.1850066,-0.61944807,0.76978844,-0.15397954,0
-2.1000865,2.4755726,-3.9343295,-0.61944807,0.76978844,-0.15397954,0
-2.0747957,4.1259184,2.511837,-0.61944807,0.76978844,-0.15397954,0
1.0885309,-4.2619028,-3.0735326,-0.054545444,-0.23787288,-0.9697634,0
-2.7318268,2.767863,-2.2256122,-0.61944807,0.76978844,-0.15397954,0
-0.022146106,2.8068979,1.3473778,0.78314036,0.59231925,-0.18933837,0
1.6048748,-3.0500045,3.7519317,0.61944807,-0.76978844,0.15397954,0
1.5699197,1.3609059,3.6191211,0.78314036,0.59231925,-0.18933837,0
-0.71933764,-1.0537901,-3.8023839,-0.054545444,-0.23787288,-0.9697634,0
-1.2616408,4.60532,3.0830665,-0.61944807,0.76978844,-0.15397954,0
-2.3873441,3.0397334,0.033141851,-0.61944807,0.76978844,-0.15397954,0
0.42214489,2.7231557,2.5527797,0.78314036,0.59231925,-0.18933837,0
3.648865,-2.1825454,0.47584835,0.61944807,-0.76978844,0.15397954,0
-0.27917206,0.15489948,4.1031055,0.054545444,0.23787288,0.9697634,0
-2.695173,2.7474239,-1.9034626,-0.61944807,0.76978844,-0.15397954,0
-1.3744339,1.4526029,-4.316617,-0.054545444,-0.23787288,-0.9697634,0
2.9210076,-1.6390761,-0.36747915,0.78314036,0.59231925,-0.18933837,0
2.958658,-2.3216486,2.8250189,0.61944807,-0.76978844,0.15397954,0
-1.3975022,4.1650925,1.2965343,-0.61944807,0.76978844,-0.15397954,0
-0.27637124,3.2165613,3.3238955,0.054545444,0.23787288,0.9697634,0
-3.4042778,1.6864706,-4.4835548,-0.054545444,-0.23787288,-0.9697634,0
-2.954952,1.5434411,-4.3397503,-0.054545444,-0.23787288,-0.9697634,0
-1.2134526,-0.98488212,-3.8872552,-0.054545444,-0.23787288,-0.9697634,0
-2.6596684,3.1206183,3.442194,0.054545444,0.23787288,0.9697634,0
-2.5510087,0.42457712,-4.0388894,-0.054545444,-0.23787288,-0.9697634,0
3.7257488,-1.9015777,1.2394919,0.61944807,-0.76978844,0.15397954,0
1.5647745,-0.34011024,4.0557766,0.054545444,0.23787288,0.9697634,0
-0.90135646,4.5177364,2.5204601,0.78314036,0.59231925,-0.18933837,0
2.3755462,-2.7800288,3.0673234,0.61944807,-0.76978844,0.15397954,0
-0.95007515,4.2225423,0.66012168,0.78314036,0.59231925,-0.18933837,0
0.56524467,-2.904283,0.68195534,-0.78314036,-0.59231925,0.18933837,0
0.50418967,1.0410733,3.9625778,0.054545444,0.23787288,0.9697634,0
3.4830868,-1.251691,1.9786994,0.78314036,0.59231925,-0.18933837,0
3.1868081,-2.6349096,0.80509937,0.61944807,-0.76978844,0.15397954,0
-1.177249,2.3222051,3.5224738,0.054545444,0.23787288,0.9697634,0
-0.63439465,3.060205,-1.6911324,0.78314036,0.59231925,-0.18933837,0
-2.3770473,3.4281704,0.21607482,-0.61944807,0.76978844,-0.15397954,0
1.6440047,-0.11060929,-2.4627109,0.78314036,0.59231925,-0.18933837,0
-2.738534,3.6747856,2.1249726,-0.61944807,0.76978844,-0.15397954,0
2.7412019,-2.451601,1.6517272,0.61944807,-0.76978844,0.15397954,0
2.81774,-3.5291886,-3.1610641,0.61944807,-0.76978844,0.15397954,0
-0.94728768,1.5996537,3.6406994,0.054545444,0.23787288,0.9697634,0
-1.5407313,3.2169399,3.4397149,0.054545444,0.23787288,0.9697634,0
0.57004076,0.016682863,-4.1752362,-0.054545444,-0.23787288,-0.9697634,0
-3.6124897,1.4276519,-3.4113901,-0.61944807,0.76978844,-0.15397954,0
1.433883,-4.3191557,-0.92085409,0.61944807,-0.76978844,0.15397954,0
2.1033978,-0.20060432,-0.15073749,0.78314036,0.59231925,-0.18933837,0
2.6662145,-0.96252763,4.3215351,0.054545444,0.23787288,0.9697634,0
0.50833189,1.0548222,-1.7741894,0.78314036,0.59231925,-0.18933837,0
0.030658722,0.51808858,-4.1565504,-0.054545444,-0.23787288,-0.9697634,0
1.7587805,-3.381743,3.1583238,0.61944807,-0.76978844,0.15397954,0
-2.2154446,3.5660698,1.1963351,-0.61944807,0.76978844,-0.15397954,0
-1.9624555,0.99492365,-4.3137197,-0.054545444,-0.23787288,-0.9697634,0
-1.5262349,4.6888213,2.497252,-0.61944807,0.76978844,-0.15397954,0
-2.4307265,0.95281112,1.8755523,-0.78314036,-0.59231925,0.18933837,0
-1.4885101,3.817102,0.06681478,-0.61944807,0.76978844,-0.15397954,0
-0.60560405,2.4707565,3.6718583,0.054545444,0.23787288,0.9697634,0
0.17901015,-2.564384,1.5280392,-0.78314036,-0.59231925,0.18933837,0
-2.1358218,0.40602946,0.087475076,-0.78314036,-0.59231925,0.18933837,0
2.5547776,-2.5448749,3.3872926,0.61944807,-0.76978844,0.15397954,0
1.5355878,0.031992078,4.0412092,0.054545444,0.23787288,0.9697634,0
-3.666472,1.4296992,-2.2823021,-0.78314036,-0.59231925,0.18933837,0
-1.5635302,3.8881226,-0.54141259,-0.61944807,0.76978844,-0.15397954,0
2.6687071,-3.0366268,-0.74019051,0.61944807,-0.76978844,0.15397954,0
-2.889353,0.57890129,-1.4519329,-0.78314036,-0.59231925,0.18933837,0
3.7062013,-2.0179133,1.0561976,0.78314036,0.59231925,-0.18933837,0
1.3429332,-4.9331746,-2.8549738,0.61944807,-0.76978844,0.15397954,0
-2.9865992,2.4546664,-2.645164,-0.61944807,0.76978844,-0.15397954,0
2.2005508,-1.810065,-3.4591861,0.78314036,0.59231925,-0.18933837,0
-1.5443645,2.8256242,-4.5265603,-0.61944807,0.76978844,-0.15397954,0
-3.3302236,2.2089272,-2.8303108,-0.61944807,0.76978844,-0.15397954,0
2.0983057,-3.1533322,2.8843391,0.61944807,-0.76978844,0.15397954,0
2.7121103,-3.0040314,-0.22605574,0.61944807,-0.76978844,0.15397954,0
-1.8408253,3.897783,3.2968273,0.054545444,0.23787288,0.9697634,0
0.1580275,0.93846768,3.736022,0.054545444,0.23787288,0.9697634,0
-2.7083497,1.9338207,-4.2905884,-0.054545444,-0.23787288,-0.9697634,0
-3.830272,1.3421932,-3.0330639,-0.61944807,0.76978844,-0.15397954,0
-2.9620953,2.1415904,-3.8406911,-0.61944807,0.76978844,-0.15397954,0
1.0065739,-3.7754812,1.1995344,-0.78314036,-0.59231925,0.18933837,0
2.2638502,-2.6609464,3.2880151,0.61944807,-0.76978844,0.15397954,0
1.7994061,-3.9523394,-0.054304242,0.61944807,-0.76978844,0.15397954,0
1.8305233,-3.9407053,-0.19259071,0.61944807,-0.76978844,0.15397954,0
0.19449544,2.8773649,3.6001081,0.054545444,0.23787288,0.9697634,0
1.9745172,1.3489788,3.485074,0.78314036,0.59231925,-0.18933837,0
1.9388611,-1.5965935,4.2223368,0.054545444,0.23787288,0.9697634,0
1.2627684,0.033939362,-2.7465041,0.78314036,0.59231925,-0.18933837,0
2.6318817,-3.3250644,-1.2688782,0.61944807,-0.76978844,0.15397954,0
1.781195,-3.6403286,-0.37533677,0.61944807,-0.76978844,0.15397954,0
0.28434467,-1.279376,4.2481298,0.054545444,0.23787288,0.9697634,0
0.26246095,-3.672622,-1.6898184,-0.78314036,-0.59231925,0.18933837,0
-0.33109292,0.67068833,4.1380625,0.054545444,0.23787288,0.9697634,0
0.55410671,0.60942489,3.820425,0.054545444,0.23787288,0.9697634,0
-3.1878669,1.8876054,0.027921677,-0.78314036,-0.59231925,0.18933837,0
2.8860283,-2.1762464,3.0029044,0.61944807,-0.76978844,0.15397954,0
1.942968,-4.0508471,-3.2151375,0.61944807,-0.76978844,0.15397954,0
-3.3535724,2.5029035,1.0255175,-0.61944807,0.76978844,-0.15397954,0
1.3320783,-1.3912196,4.3098049,0.054545444,0.23787288,0.9697634,0
-1.0258703,-1.4257622,-3.9219532,-0.054545444,-0.23787288,-0.9697634,0
-1.7081891,4.0513043,3.0709176,0.054545444,0.23787288,0.9697634,0
0.63994575,0.32402003,3.8831537,0.054545444,0.23787288,0.9697634,0
0.91745353,-3.713522,-3.1289868,-0.054545444,-0.23787288,-0.9697634,0
-3.1928816,1.7479448,-4.4614816,-0.61944807,0.76978844,-0.15397954,0
-2.5357943,2.9552236,0.18722665,-0.61944807,0.76978844,-0.15397954,0
2.0380621,0.91082495,3.813632,0.054545444,0.23787288,0.9697634,0
2.3219657,-2.5539758,4.3495188,0.61944807,-0.76978844,0.15397954,0
1.9137175,-3.420742,0.54179776,0.61944807,-0.76978844,0.15397954,0
0.42290223,2.8572791,3.4031549,0.78314036,0.59231925,-0.18933837,0
1.1438799,-4.8267097,-1.9650877,0.61944807,-0.76978844,0.15397954,0
3.1007836,-2.3323145,-3.0306149,0.78314036,0.59231925,-0.18933837,0
0.63984537,1.2806809,-2.1660681,0.78314036,0.59231925,-0.18933837,0
-2.8064489,2.4325266,-2.2649927,-0.61944807,0.76978844,-0.15397954,0
-1.1126304,2.279326,3.6884503,0.054545444,0.23787288,0.9697634,0
-3.6272187,2.4016213,1.1432427,-0.78314036,-0.59231925,0.18933837,0
1.4390504,-1.3810837,-3.8011897,-0.054545444,-0.23787288,-0.9697634,0
3.3443775,-2.3217428,-1.6508415,0.78314036,0.59231925,-0.18933837,0
-0.056674063,-0.22169316,-3.9412794,-0.054545444,-0.23787288,-0.9697634,0
3.1240699,-1.5189142,0.8476733,0.78314036,0.59231925,-0.18933837,0
1.3600905,-3.2716811,3.5686686,0.61944807,-0.76978844,0.15397954,0
2.8130889,-3.1313338,-0.53577471,0.61944807,-0.76978844,0.15397954,0
2.4255099,-3.3013391,-3.4894814,-0.054545444,-0.23787288,-0.9697634,0
-0.75204992,4.2748504,3.161932,0.78314036,0.59231925,-0.18933837,0
3.1257684,-2.6643205,-3.2698379,0.78314036,0.59231925,-0.18933837,0
0.97454548,0.52554059,-1.7118629,0.78314036,0.59231925,-0.18933837,0
-2.1844759,1.2554518,3.7940011,-0.78314036,-0.59231925,0.18933837,0
-3.5988636,1.9518293,-0.67949599,-0.61944807,0.76978844,-0.15397954,0
-1.9185324,3.3311305,-1.5569671,-0.61944807,0.76978844,-0.15397954,0
0.24995828,1.9186407,-0.047074735,0.78314036,0.59231925,-0.18933837,0
1.6578791,0.59025574,0.47603106,0.78314036,0.59231925,-0.18933837,0
-0.68610358,3.2612989,-0.48761746,0.78314036,0.59231925,-0.18933837,0
-0.039490461,2.8895936,0.14570069,0.78314036,0.59231925,-0.18933837,0
2.0049551,0.24609721,0.37488383,0.78314036,0.59231925,-0.18933837,0
-0.22686183,-3.0792062,-3.2720251,-0.78314036,-0.59231925,0.18933837,0
0.86182308,1.5131958,0.050136149,0.78314036,0.59231925,-0.18933837,0
1.3711176,-4.719521,-2.2185302,0.61944807,-0.76978844,0.15397954,0
0.69274294,-2.8007658,-3.5847878,-0.054545444,-0.23787288,-0.9697634,0
0.27565241,-2.5319662,1.5811725,-0.78314036,-0.59231925,0.18933837,0
-0.71358275,3.6709027,1.4951143,0.78314036,0.59231925,-0.18933837,0
0.1108942,-0.81509924,4.4396124,0.054545444,0.23787288,0.9697634,0
-1.9534645,1.1853173,2.7505322,-0.78314036,-0.59231925,0.18933837,0
-0.23666304,-0.29768336,-4.2100153,-0.054545444,-0.23787288,-0.9697634,0
1.9150107,-2.0213552,4.5412478,0.054545444,0.23787288,0.9697634,0
-1.3846536,3.6979945,-1.0765554,-0.61944807,0.76978844,-0.15397954,0
-3.1444187,3.3723431,2.5144331,-0.61944807,0.76978844,-0.15397954,0
2.1177356,-3.0524883,-3.4614267,-0.054545444,-0.23787288,-0.9697634,0
-3.3568125,1.2859938,-2.9897401,-0.78314036,-0.59231925,0.18933837,0
-0.47160888,-2.837954,-2.2779102,-0.78314036,-0.59231925,0.18933837,0
-2.13798,3.9619715,1.4537499,-0.61944807,0.76978844,-0.15397954,0
-1.0508422,0.08532691,3.9853888,0.054545444,0.23787288,0.9697634,0
0.59436774,-3.7951779,-1.8077478,-0.78314036,-0.59231925,0.18933837,0
0.7302103,0.77904189,-1.4379351,0.78314036,0.59231925,-0.18933837,0
-0.36546504,-0.080441833,-3.9396381,-0.054545444,-0.23787288,-0.9697634,0
-1.9080931,0.99168098,-4.3766327,-0.054545444,-0.23787288,-0.9697634,0
-3.2449415,2.7654581,1.3628519,-0.61944807,0.76978844,-0.15397954,0
-1.1442325,1.6381383,3.9554176,0.054545444,0.23787288,0.9697634,0
0.60163164,-2.9999287,0.21385014,-0.78314036,-0.59231925,0.18933837,0
-2.2310352,2.455703,-4.3482056,-0.61944807,0.76978844,-0.15397954,0
0.033014953,-2.0034444,-3.439734,-0.054545444,-0.23787288,-0.9697634,0
0.52990949,-1.2768242,4.4115548,0.054545444,0.23787288,0.9697634,0
-1.4060445,3.1695917,-3.2546453,-0.61944807,0.76978844,-0.15397954,0
-2.0844603,4.0846305,3.1381545,-0.61944807,0.76978844,-0.15397954,0
0.86992228,1.5372783,-0.41232163,0.78314036,0.59231925,-0.18933837,0
2.0018888,-1.3223627,4.2863054,0.054545444,0.23787288,0.9697634,0
-2.010946,0.27164531,0.94102001,-0.78314036,-0.59231925,0.18933837,0
1.1437032,-4.5231929,-3.0048981,-0.054545444,-0.23787288,-0.9697634,0
3.5233135,-2.8941045,-2.1710668,0.78314036,0.59231925,-0.18933837,0
1.3131646,-2.4863448,-3.5659332,-0.054545444,-0.23787288,-0.9697634,0
0.58123654,-1.3815892,-3.8311472,-0.054545444,-0.23787288,-0.9697634,0
-1.7012322,-1.323835,-2.7181087,-0.78314036,-0.59231925,0.18933837,0
0.57758892,0.3742435,4.0036259,0.054545444,0.23787288,0.9697634,0
3.396482,-2.4417558,0.71769655,0.61944807,-0.76978844,0.15397954,0
1.069098,-4.5135732,-2.0719523,0.61944807,-0.76978844,0.15397954,0
3.1815226,-1.4357433,1.5010089,0.78314036,0.59231925,-0.18933837,0
-1.1623882,-0.91414553,-3.8392329,-0.054545444,-0.23787288,-0.9697634,0
3.3410015,-1.7072914,3.6859856,0.61944807,-0.76978844,0.15397954,0
1.0217794,-1.9708228,-3.6406183,-0.054545444,-0.23787288,-0.9697634,0
-0.60715914,3.6612372,0.30223131,0.78314036,0.59231925,-0.18933837,0
-2.9329958,2.4100323,-2.3264484,-0.61944807,0.76978844,-0.15397954,0
2.1740227,-1.9813775,-3.7272224,-0.054545444,-0.23787288,-0.9697634,0
-3.2357349,2.5836112,-1.0443015,-0.61944807,0.76978844,-0.15397954,0
-1.1397398,4.6179409,2.5676122,-0.61944807,0.76978844,-0.15397954,0
3.0103433,-1.5044861,-0.8744781,0.78314036,0.59231925,-0.18933837,0
-0.20929694,2.6359072,-0.17980218,0.78314036,0.59231925,-0.18933837,0
-1.6839614,-0.95785809,-1.0979859,-0.78314036,-0.59231925,0.18933837,0
2.3566074,-3.7739539,-3.3973298,-0.054545444,-0.23787288,-0.9697634,0
-0.23516718,0.62109131,4.1374464,0.054545444,0.23787288,0.9697634,0
1.2898742,-0.15735745,-3.9446907,0.78314036,0.59231925,-0.18933837,0
-0.24488491,-0.46567643,-3.8233316,-0.054545444,-0.23787288,-0.9697634,0
3.1098051,-2.847014,0.45579544,0.61944807,-0.76978844,0.15397954,0
-2.5130677,2.0990486,-4.5031686,-0.054545444,-0.23787288,-0.9697634,0
2.5786269,-0.018935263,4.0293636,0.054545444,0.23787288,0.9697634,0
0.92516643,0.033070803,-3.5281098,0.78314036,0.59231925,-0.18933837,0
0.93763697,-2.0636513,-3.4805348,-0.054545444,-0.23787288,-0.9697634,0
2.7894316,-2.5717382,2.5805106,0.61944807,-0.76978844,0.15397954,0
-1.1731532,4.4023604,1.1270356,-0.61944807,0.76978844,-0.15397954,0
3.0942919,-2.0088654,-1.6252762,0.78314036,0.59231925,-0.18933837,0
-1.124655,4.5820627,1.997333,0.78314036,0.59231925,-0.18933837,0
-1.9421043,-0.11922491,-0.38077182,-0.78314036,-0.59231925,0.18933837,0
0.40717912,-2.0545964,3.3120818,-0.78314036,-0.59231925,0.18933837,0
0.94833189,-3.0011945,-3.5598655,-0.054545444,-0.23787288,-0.9697634,0
-0.37899762,-1.8277764,-3.4902258,-0.054545444,-0.23787288,-0.9697634,0
0.20296335,2.5398433,3.398809,0.054545444,0.23787288,0.9697634,0
0.86212862,2.0295224,3.5178485,0.054545444,0.23787288,0.9697634,0
2.1846654,-3.1273339,1.2796689,0.61944807,-0.76978844,0.15397954,0
-1.0389709,-1.0756056,-3.6861687,-0.054545444,-0.23787288,-0.9697634,0
0.57697272,-3.6948519,-1.6412487,-0.78314036,-0.59231925,0.18933837,0
-2.3911581,2.5462146,-4.1492867,-0.61944807,0.76978844,-0.15397954,0
-1.0113698,-0.20669019,2.1259317,-0.78314036,-0.59231925,0.18933837,0
-0.50820291,2.7080662,3.6042719,0.054545444,0.23787288,0.9697634,0
-0.56150013,-1.9475223,-1.0230645,-0.78314036,-0.59231925,0.18933837,0
1.8741579,-3.6647172,-1.0899556,0.61944807,-0.76978844,0.15397954,0
3.3552172,-1.5069802,0.6386559,0.78314036,0.59231925,-0.18933837,0
3.1921148,-2.4831786,0.95164722,0.61944807,-0.76978844,0.15397954,0
-1.6231961,3.255548,-2.8606052,-0.61944807,0.76978844,-0.15397954,0
1.6344619,1.2904248,3.0368395,0.78314036,0.59231925,-0.18933837,0
2.3007209,-1.9132469,-3.6598973,0.78314036,0.59231925,-0.18933837,0
2.3955045,-3.40151,-0.38707459,0.61944807,-0.76978844,0.15397954,0
0.42414707,2.474432,3.5260067,0.054545444,0.23787288,0.9697634,0
-1.3394939,2.4032984,3.4535828,0.054545444,0.23787288,0.9697634,0
2.1842082,-3.297838,1.3718543,0.61944807,-0.76978844,0.15397954,0
-0.31515515,-0.076200604,4.0890822,0.054545444,0.23787288,0.9697634,0
2.5467424,-2.60267,-3.4746962,-0.054545444,-0.23787288,-0.9697634,0
-1.0073023,4.0060892,-0.57662421,0.78314036,0.59231925,-0.18933837,0
0.88050348,0.7957617,-1.3626637,0.78314036,0.59231925,-0.18933837,0
3.0487704,-2.2143283,2.8273787,0.61944807,-0.76978844,0.15397954,0
0.053215742,3.5928581,3.155642,0.054545444,0.23787288,0.9697634,0
-3.4099267,1.74457,-0.82392967,-0.78314036,-0.59231925,0.18933837,0
1.4538755,-1.4909575,-3.691673,-0.054545444,-0.23787288,-0.9697634,0
1.8649781,-0.48694277,-0.87119019,0.78314036,0.59231925,-0.18933837,0
-1.2296774,3.3083825,-2.4289584,0.78314036,0.59231925,-0.18933837,0
-0.11377692,3.4791121,3.3464518,0.054545444,0.23787288,0.9697634,0
0.84100103,-2.1074686,-3.8003774,-0.054545444,-0.23787288,-0.9697634,0
-1.2555892,0.49776846,-4.1655636,-0.054545444,-0.23787288,-0.9697634,0
-1.756156,4.3760543,2.2517819,-0.61944807,0.76978844,-0.15397954,0
1.0968205,2.136148,3.462513,0.054545444,0.23787288,0.9697634,0
-3.9755569,1.5482662,-3.3153226,-0.61944807,0.76978844,-0.15397954,0
-0.55998886,-1.1147273,2.8952737,-0.78314036,-0.59231925,0.18933837,0
-1.9070525,3.8047237,-0.078445315,-0.61944807,0.76978844,-0.15397954,0
0.10189354,1.4666173,-2.865885,0.78314036,0.59231925,-0.18933837,0
-3.093158,1.9670413,0.86031878,-0.78314036,-0.59231925,0.18933837,0
2.9264035,-2.4505637,1.9154878,0.61944807,-0.76978844,0.15397954,0
0.29906487,-3.759613,-2.2257926,-0.78314036,-0.59231925,0.18933837,0
-2.2846756,2.3891504,-4.2438793,-0.61944807,0.76978844,-0.15397954,0
-2.1925271,2.2088833,3.7234812,0.054545444,0.23787288,0.9697634,0
-3.4677858,2.3744125,-0.72866547,-0.61944807,0.76978844,-0.15397954,0
-0.078130007,0.16408205,-4.2065554,-0.054545444,-0.23787288,-0.9697634,0
-3.2078834,2.7956204,-0.10575968,-0.61944807,0.76978844,-0.15397954,0
0.64643919,1.8682355,-0.29104432,0.78314036,0.59231925,-0.18933837,0
3.0699043,-2.1692271,2.4558206,0.61944807,-0.76978844,0.15397954,0
-2.394645,1.4869301,2.6907134,-0.78314036,-0.59231925,0.18933837,0
3.4703817,-1.8673826,2.3107195,0.61944807,-0.76978844,0.15397954,0
0.35172081,0.70521712,-4.2793136,0.78314036,0.59231925,-0.18933837,0
-2.0197594,3.8746903,0.43716073,-0.61944807,0.76978844,-0.15397954,0
-1.06498,-1.8276414,-1.2511916,-0.78314036,-0.59231925,0.18933837,0
2.8413761,-0.45858902,1.6324391,0.78314036,0.59231925,-0.18933837,0
2.7652822,-3.7580881,-2.7667489,0.61944807,-0.76978844,0.15397954,0
-0.41753554,-1.5421697,0.49709722,-0.78314036,-0.59231925,0.18933837,0
1.4472411,0.23359978,4.0139446,0.054545444,0.23787288,0.9697634,0
-3.083777,3.3289175,3.2323627,-0.61944807,0.76978844,-0.15397954,0
1.3458439,-4.1878257,-3.3286128,-0.054545444,-0.23787288,-0.9697634,0
2.9571342,-2.3395185,2.7394452,0.61944807,-0.76978844,0.15397954,0
2.6028624,-2.879133,0.30078456,0.61944807,-0.76978844,0.15397954,0
0.64314991,1.2380691,3.974649,0.054545444,0.23787288,0.9697634,0
0.11355364,-3.1833825,-3.2223234,-0.054545444,-0.23787288,-0.9697634,0
2.6383429,-2.9148531,-3.6896129,-0.054545444,-0.23787288,-0.9697634,0
0.59480405,-0.34258771,-4.0899153,-0.054545444,-0.23787288,-0.9697634,0
0.40364599,-3.653815,-2.8135858,-0.78314036,-0.59231925,0.18933837,0
