-1.7984109,2.9247999,2.363265,0.24441837,0.68243653,0.68886864,0
1.7178376,2.1761801,0.10820246,0.81334442,0.24250948,-0.52882892,0
0.82515502,1.785063,-1.8654791,0.81334442,0.24250948,-0.52882892,0
-1.5703174,-1.9696982,-1.5564119,-0.24441837,-0.68243653,-0.68886864,0
0.7256192,0.62077153,-2.4592381,0.81334442,0.24250948,-0.52882892,0
-1.669659,0.85191023,1.4023484,-0.81334442,-0.24250948,0.52882892,0
-1.9056293,3.1251428,2.0721073,-0.52794933,0.68954295,-0.4957822,0
-0.66814899,2.4560723,1.8796504,0.24441837,0.68243653,0.68886864,0
2.3347948,-0.71408582,0.50311351,0.52794933,-0.68954295,0.4957822,0
1.4840343,2.8144202,1.0879228,0.24441837,0.68243653,0.68886864,0
0.0072653294,-2.0556641,-2.2913485,-0.24441837,-0.68243653,-0.68886864,0
-1.2166997,1.3485253,-1.0054399,-0.52794933,0.68954295,-0.4957822,0
-0.076575518,-0.10602939,3.470335,-0.81334442,-0.24250948,0.52882892,0
2.0105026,-0.80784178,-0.8831175,0.81334442,0.24250948,-0.52882892,0
-0.070245981,2.1479368,-0.91018724,-0.52794933,0.68954295,-0.4957822,0
0.43933558,2.9560707,1.5575223,0.24441837,0.68243653,0.68886864,0
0.31073427,-1.3938996,1.8522575,0.52794933,-0.68954295,0.4957822,0
0.05712986,-0.35701764,-4.0872259,0.81334442,0.24250948,-0.52882892,0
-0.83847249,1.1762922,-1.1772854,-0.52794933,0.68954295,-0.4957822,0
-1.9033428,-0.20786309,1.1144842,-0.81334442,-0.24250948,0.52882892,0
-2.5921106,0.61579561,-0.073946595,-0.81334442,-0.24250948,0.52882892,0
-1.2852966,-1.9830071,0.94591904,-0.81334442,-0.24250948,0.52882892,0
1.0067706,0.79029012,3.451618,0.24441837,0.68243653,0.68886864,0
2.3803387,-1.0466735,-0.83182454,0.81334442,0.24250948,-0.52882892,0
1.6877351,-1.1926378,-1.997358,0.81334442,0.24250948,-0.52882892,0
-0.96530938,-3.2210927,0.63333213,0.52794933,-0.68954295,0.4957822,0
0.0088951588,2.1341524,2.0692456,0.24441837,0.68243653,0.68886864,0
1.6004416,-1.9679217,-0.6203106,0.52794933,-0.68954295,0.4957822,0
0.65669131,2.8943939,-0.33852398,-0.52794933,0.68954295,-0.4957822,0
-1.487201,0.72958881,-1.7943999,-0.52794933,0.68954295,-0.4957822,0
-1.8634273,1.0050883,-0.49660966,-0.52794933,0.68954295,-0.4957822,0
1.7315655,1.3818892,2.6009893,0.24441837,0.68243653,0.68886864,0
0.98576903,-0.78348935,-2.7734911,0.81334442,0.24250948,-0.52882892,0
-2.7345507,0.036755562,-0.95572639,-0.52794933,0.68954295,-0.4957822,0
1.0209848,1.1413208,-1.5496857,0.81334442,0.24250948,-0.52882892,0
-2.8327222,-1.2928135,-1.4479939,-0.81334442,-0.24250948,0.52882892,0
-0.22291565,-1.5609063,1.8786297,0.52794933,-0.68954295,0.4957822,0
-2.7038584,1.0140958,0.34880173,-0.81334442,-0.24250948,0.52882892,0
-1.0270699,0.53810596,2.6559668,-0.81334442,-0.24250948,0.52882892,0
1.1766489,0.91602606,2.8805733,0.24441837,0.68243653,0.68886864,0
0.19532812,-0.37470287,-3.6699231,0.81334442,0.24250948,-0.52882892,0
0.36544061,-0.3663128,-3.2980866,0.81334442,0.24250948,-0.52882892,0
1.6597619,-1.6843228,-0.11125204,0.52794933,-0.68954295,0.4957822,0
2.7041564,-0.076960325,0.3057667,0.81334442,0.24250948,-0.52882892,0
0.96199751,1.352019,-1.5724481,0.81334442,0.24250948,-0.52882892,0
1.2230027,3.3680189,0.67802668,0.24441837,0.68243653,0.68886864,0
0.55389029,2.0459838,1.9129889,0.24441837,0.68243653,0.68886864,0
0.50147915,-1.7028584,0.75926679,0.52794933,-0.68954295,0.4957822,0
1.561676,1.1889471,-0.66664904,0.81334442,0.24250948,-0.52882892,0
-1.4820272,1.8473279,2.1767378,-0.81334442,-0.24250948,0.52882892,0
-1.0457499,-2.4710588,1.36519,-0.81334442,-0.24250948,0.52882892,0
1.4141698,3.7159858,-0.17589831,0.81334442,0.24250948,-0.52882892,0
0.56339192,-0.053354144,-2.8033195,0.81334442,0.24250948,-0.52882892,0
-1.7439667,2.2046227,2.2599928,-0.81334442,-0.24250948,0.52882892,0
-1.215894,-0.78661126,-3.06306,-0.24441837,-0.68243653,-0.68886864,0
1.6182648,2.049592,-0.71275616,0.81334442,0.24250948,-0.52882892,0
-0.062305212,-1.2581538,2.481756,0.52794933,-0.68954295,0.4957822,0
0.73281169,1.2235123,-1.8438044,0.81334442,0.24250948,-0.52882892,0
1.413348,-1.94103,-2.5546305,0.81334442,0.24250948,-0.52882892,0
-1.6812809,-1.8752804,-1.9690021,-0.24441837,-0.68243653,-0.68886864,0
0.44813517,-1.9081379,-2.8067982,-0.24441837,-0.68243653,-0.68886864,0
1.5155461,3.1896744,0.63554502,0.24441837,0.68243653,0.68886864,0
0.82292938,-3.2247624,-1.6411604,-0.24441837,-0.68243653,-0.68886864,0
-1.8138808,0.010939837,0.67848599,-0.81334442,-0.24250948,0.52882892,0
2.3203752,-0.22218132,-0.24830341,0.81334442,0.24250948,-0.52882892,0
-1.9055488,-1.9360703,-1.9425281,-0.24441837,-0.68243653,-0.68886864,0
-0.13508487,-0.59670532,-3.9148996,-0.24441837,-0.68243653,-0.68886864,0
-0.16416818,-1.1105416,-3.2621303,-0.24441837,-0.68243653,-0.68886864,0
-1.7272012,-0.68094921,-2.8790057,-0.52794933,0.68954295,-0.4957822,0
2.3803065,1.4711449,2.2636147,0.24441837,0.68243653,0.68886864,0
-0.39784062,-2.5426059,-1.4137609,-0.24441837,-0.68243653,-0.68886864,0
-0.19701773,1.2256298,3.3779936,0.24441837,0.68243653,0.68886864,0
-0.91032958,-1.3808378,1.8935059,-0.81334442,-0.24250948,0.52882892,0
0.68120122,-3.111928,-1.1840634,0.52794933,-0.68954295,0.4957822,0
-1.980651,-0.5980314,-2.4368887,-0.52794933,0.68954295,-0.4957822,0
1.6045409,-1.7529335,-0.10971427,0.52794933,-0.68954295,0.4957822,0
0.5156014,2.972285,1.1326596,0.24441837,0.68243653,0.68886864,0
-1.8286494,1.1526811,-0.60647196,-0.52794933,0.68954295,-0.4957822,0
-1.5044734,1.3727138,-0.28100157,-0.52794933,0.68954295,-0.4957822,0
-1.0316763,-3.2477901,-1.0280925,-0.24441837,-0.68243653,-0.68886864,0
0.2282486,-2.4298887,-2.1980946,-0.24441837,-0.68243653,-0.68886864,0
2.800457,1.8461399,1.6735607,0.24441837,0.68243653,0.68886864,0
0.18564868,-1.4182608,1.4634781,0.52794933,-0.68954295,0.4957822,0
0.90738302,-0.20617294,-2.2565312,0.81334442,0.24250948,-0.52882892,0
0.16794658,-0.27752873,3.294837,0.52794933,-0.68954295,0.4957822,0
-0.7378242,-2.0440471,-2.184381,-0.24441837,-0.68243653,-0.68886864,0
2.6420646,-0.38540101,-0.071401119,0.81334442,0.24250948,-0.52882892,0
1.6349277,2.9681528,0.2845304,0.81334442,0.24250948,-0.52882892,0
-1.9319155,2.5775905,2.165051,-0.81334442,-0.24250948,0.52882892,0
-1.6714693,0.949929,1.5504708,-0.81334442,-0.24250948,0.52882892,0
0.1277473,1.6337881,-1.9519444,-0.52794933,0.68954295,-0.4957822,0
-1.9691334,-2.6425543,-1.249301,-0.24441837,-0.68243653,-0.68886864,0
-1.3746741,2.7853343,1.2349031,-0.52794933,0.68954295,-0.4957822,0
1.2326194,-0.90335029,1.1563224,0.52794933,-0.68954295,0.4957822,0
-2.8303053,-1.9137905,-1.5423539,-0.24441837,-0.68243653,-0.68886864,0
-1.9258132,0.096755028,0.66737735,-0.81334442,-0.24250948,0.52882892,0
1.9114572,-2.3296783,-1.0663164,0.52794933,-0.68954295,0.4957822,0
2.2832441,-0.42325211,1.1652833,0.52794933,-0.68954295,0.4957822,0
0.27257752,-1.7507465,1.2685813,0.52794933,-0.68954295,0.4957822,0
2.8766425,1.86375,1.5243576,0.81334442,0.24250948,-0.52882892,0
-0.53678584,-1.0929875,-3.0708022,-0.24441837,-0.68243653,-0.68886864,0
-1.7170815,-1.337036,-2.6098416,-0.24441837,-0.68243653,-0.68886864,0
-1.9375989,-1.2185407,0.49208307,-0.81334442,-0.24250948,0.52882892,0
-0.99261129,2.5566239,2.1382558,0.24441837,0.68243653,0.68886864,0
-0.75644732,-0.57583392,2.0165219,-0.81334442,-0.24250948,0.52882892,0
-1.8492599,-3.159224,-0.66361213,-0.24441837,-0.68243653,-0.68886864,0
1.2254784,-1.3847998,-2.2428429,0.81334442,0.24250948,-0.52882892,0
-1.2905562,-2.6845469,-1.1825901,-0.24441837,-0.68243653,-0.68886864,0
0.082233191,-2.0524955,1.0988019,0.52794933,-0.68954295,0.4957822,0
2.5429289,2.1165314,0.97839022,0.81334442,0.24250948,-0.52882892,0
-2.8606164,-0.16603565,-1.3901265,-0.52794933,0.68954295,-0.4957822,0
1.876014,0.76077533,2.8665991,0.24441837,0.68243653,0.68886864,0
-0.61767995,-0.5835284,2.7029305,-0.81334442,-0.24250948,0.52882892,0
-2.0029311,-3.0251203,-0.44377708,-0.81334442,-0.24250948,0.52882892,0
0.75942433,-0.030625105,2.9125962,0.52794933,-0.68954295,0.4957822,0
1.7692409,-2.6824546,-1.2096443,0.52794933,-0.68954295,0.4957822,0
-1.5797675,2.773906,1.3395853,-0.52794933,0.68954295,-0.4957822,0
0.24229789,-2.9810829,-0.62986231,0.52794933,-0.68954295,0.4957822,0
-2.2868495,-2.0311289,-0.48354733,-0.81334442,-0.24250948,0.52882892,0
-1.5235007,-1.6548283,-1.8871033,-0.24441837,-0.68243653,-0.68886864,0
2.4663677,2.0931387,1.6557257,0.24441837,0.68243653,0.68886864,0
1.4604084,-0.060972929,2.3941448,0.52794933,-0.68954295,0.4957822,0
-0.61073232,1.0563768,-1.9042088,-0.52794933,0.68954295,-0.4957822,0
-0.75605094,-0.43332374,2.3198192,-0.81334442,-0.24250948,0.52882892,0
-3.2717412,-0.76884723,-1.6500158,-0.81334442,-0.24250948,0.52882892,0
0.61523294,3.0049751,-0.12359655,-0.52794933,0.68954295,-0.4957822,0
1.2933718,-0.39189225,1.9073737,0.52794933,-0.68954295,0.4957822,0
-1.1942348,0.65646327,-1.4703041,-0.52794933,0.68954295,-0.4957822,0
0.18630862,2.7824094,-0.65424967,-0.52794933,0.68954295,-0.4957822,0
1.3445983,3.2264264,0.70434117,0.24441837,0.68243653,0.68886864,0
0.75246489,-0.70466095,1.9918611,0.52794933,-0.68954295,0.4957822,0
1.5491513,2.69315,0.97563303,0.24441837,0.68243653,0.68886864,0
-0.66917682,3.2164378,1.4849644,0.24441837,0.68243653,0.68886864,0
2.9130638,1.0241828,0.83131564,0.81334442,0.24250948,-0.52882892,0
-1.0985426,0.3936522,-2.4771266,-0.52794933,0.68954295,-0.4957822,0
-2.0528541,0.23989058,0.73707843,-0.81334442,-0.24250948,0.52882892,0
1.3793997,-0.1444931,2.2175589,0.52794933,-0.68954295,0.4957822,0
1.9166328,-1.8936045,-1.8497864,0.81334442,0.24250948,-0.52882892,0
-0.59825134,-2.4491992,1.6175194,0.52794933,-0.68954295,0.4957822,0
-0.34160089,-0.53537321,3.1942005,-0.81334442,-0.24250948,0.52882892,0
-0.9689486,-3.1713824,0.98241353,0.52794933,-0.68954295,0.4957822,0
1.198185,-2.3977351,-0.26721129,0.52794933,-0.68954295,0.4957822,0
-2.4100204,1.6300378,0.82718718,-0.52794933,0.68954295,-0.4957822,0
0.23349094,-0.85713828,-3.5375259,0.81334442,0.24250948,-0.52882892,0
1.888979,-0.20575905,-0.62974954,0.81334442,0.24250948,-0.52882892,0
1.4740083,2.3331163,1.2947892,0.24441837,0.68243653,0.68886864,0
-2.2276015,1.2724764,-0.24624431,-0.52794933,0.68954295,-0.4957822,0
-0.70555937,-2.8748453,-1.4417804,-0.24441837,-0.68243653,-0.68886864,0
-0.6666497,1.3403593,3.3514695,-0.81334442,-0.24250948,0.52882892,0
-2.929857,-0.57785964,-1.482569,-0.52794933,0.68954295,-0.4957822,0
-0.050565958,-3.4301054,-1.1070527,-0.24441837,-0.68243653,-0.68886864,0
0.50789362,-0.6843074,-3.1868031,0.81334442,0.24250948,-0.52882892,0
2.1735392,-0.81673598,-0.88356304,0.81334442,0.24250948,-0.52882892,0
1.2579626,1.2648972,-0.95849764,0.81334442,0.24250948,-0.52882892,0
1.7875246,2.7767317,0.84566832,0.24441837,0.68243653,0.68886864,0
-0.73394728,0.76626903,-2.1378365,-0.52794933,0.68954295,-0.4957822,0
-2.2788,-0.36255145,-2.3155558,-0.52794933,0.68954295,-0.4957822,0
1.3969734,3.356288,-0.13891363,0.81334442,0.24250948,-0.52882892,0
0.90323186,3.7248511,0.52621603,-0.52794933,0.68954295,-0.4957822,0
-0.28952646,1.5454769,-1.3426881,-0.52794933,0.68954295,-0.4957822,0
-2.0237098,1.6613184,0.17491385,-0.52794933,0.68954295,-0.4957822,0
-2.8953648,-0.23913026,-0.63212538,-0.81334442,-0.24250948,0.52882892,0
-0.2459572,-1.4987881,-2.6697812,-0.24441837,-0.68243653,-0.68886864,0
-1.2776568,-2.9159327,-0.9379487,-0.24441837,-0.68243653,-0.68886864,0
2.1359847,2.6710114,0.92109561,0.81334442,0.24250948,-0.52882892,0
2.4498818,0.29271579,1.698588,0.52794933,-0.68954295,0.4957822,0
1.1724939,-2.27688,-2.3492622,-0.24441837,-0.68243653,-0.68886864,0
-1.216611,0.56069309,-1.6374804,-0.52794933,0.68954295,-0.4957822,0
0.16564369,-1.540186,1.617768,0.52794933,-0.68954295,0.4957822,0
-1.154315,-1.9172606,1.4094578,-0.81334442,-0.24250948,0.52882892,0
0.70256162,1.1983795,-2.0895753,0.81334442,0.24250948,-0.52882892,0
1.3739552,2.2097087,-0.77392697,0.81334442,0.24250948,-0.52882892,0
2.4542723,-0.20579696,1.1900711,0.52794933,-0.68954295,0.4957822,0
3.133266,0.97848535,1.6455429,0.81334442,0.24250948,-0.52882892,0
-3.0097649,-0.67880392,-1.6950135,-0.52794933,0.68954295,-0.4957822,0
-0.097827494,1.232474,3.1382289,0.24441837,0.68243653,0.68886864,0
1.0902936,2.622009,1.4324933,0.24441837,0.68243653,0.68886864,0
3.0709329,0.2420764,1.0292438,0.81334442,0.24250948,-0.52882892,0
2.1115012,-2.2084002,-1.10778,0.52794933,-0.68954295,0.4957822,0
0.22592521,0.62713271,3.3803124,0.24441837,0.68243653,0.68886864,0
0.4861176,-2.8794327,-1.4632442,-0.24441837,-0.68243653,-0.68886864,0
1.1225138,1.0570986,-1.2702475,0.81334442,0.24250948,-0.52882892,0
-1.2213264,-0.76055026,1.6028001,-0.81334442,-0.24250948,0.52882892,0
-0.19946373,-0.46264833,-3.9580557,-0.24441837,-0.68243653,-0.68886864,0
1.2856462,-1.6825655,0.56389511,0.52794933,-0.68954295,0.4957822,0
0.74769187,3.2831967,0.76365888,0.24441837,0.68243653,0.68886864,0
-1.9524689,-2.5225096,-0.58837795,-0.81334442,-0.24250948,0.52882892,0
-1.6620119,0.38501847,-1.3471227,-0.52794933,0.68954295,-0.4957822,0
-0.23458004,-0.6893087,3.122678,-0.81334442,-0.24250948,0.52882892,0
-1.2388008,-0.93196988,-3.2377014,-0.24441837,-0.68243653,-0.68886864,0
0.17947459,3.2784796,0.68601918,-0.52794933,0.68954295,-0.4957822,0
0.86514735,-2.1572449,0.13261318,0.52794933,-0.68954295,0.4957822,0
-1.0030856,-3.1021161,0.47279036,-0.81334442,-0.24250948,0.52882892,0
1.2472813,3.8177385,0.052517414,-0.52794933,0.68954295,-0.4957822,0
0.87671947,-1.7508178,0.41072947,0.52794933,-0.68954295,0.4957822,0
-0.49530029,-0.096394897,2.7765121,-0.81334442,-0.24250948,0.52882892,0
0.083248377,-2.5397825,0.015878558,0.52794933,-0.68954295,0.4957822,0
1.2707816,-0.36576039,2.0514481,0.52794933,-0.68954295,0.4957822,0
1.5385463,2.931385,-0.29635799,0.81334442,0.24250948,-0.52882892,0
0.77250218,-1.5001125,1.1548654,0.52794933,-0.68954295,0.4957822,0
-1.7691817,-3.0277684,-0.90368056,-0.24441837,-0.68243653,-0.68886864,0
0.38247228,-0.29467285,3.1112182,0.52794933,-0.68954295,0.4957822,0
0.80545449,1.4289092,2.8533919,0.24441837,0.68243653,0.68886864,0
0.17399293,2.2080526,2.3260193,0.24441837,0.68243653,0.68886864,0
2.0873263,-1.1991689,0.45107898,0.52794933,-0.68954295,0.4957822,0
-2.2765172,-1.4585664,-0.55540931,-0.81334442,-0.24250948,0.52882892,0
-2.252841,-0.031908274,-2.0315492,-0.52794933,0.68954295,-0.4957822,0
-2.4330878,-0.95917344,-0.21371496,-0.81334442,-0.24250948,0.52882892,0
-0.25891829,2.0004404,2.7147992,0.24441837,0.68243653,0.68886864,0
1.3135271,3.6212015,0.46284604,0.24441837,0.68243653,0.68886864,0
-2.7376919,0.39032912,-0.56442142,-0.52794933,0.68954295,-0.4957822,0
-2.6345637,0.53970051,-0.83928251,-0.52794933,0.68954295,-0.4957822,0
-2.2714255,-0.51587152,-0.10590565,-0.81334442,-0.24250948,0.52882892,0
0.80670452,-0.70715386,2.3840923,0.52794933,-0.68954295,0.4957822,0
2.0182316,2.4882855,0.14116311,0.81334442,0.24250948,-0.52882892,0
-0.28129554,2.7380037,0.11354637,-0.52794933,0.68954295,-0.4957822,0
-1.0099943,-1.6569012,-2.4923072,-0.24441837,-0.68243653,-0.68886864,0
2.19187,2.4719839,1.0184789,0.24441837,0.68243653,0.68886864,0
0.013955355,0.60468721,3.8728254,0.24441837,0.68243653,0.68886864,0
-0.57853109,-1.8243618,-2.372685,-0.24441837,-0.68243653,-0.68886864,0
3.1194794,0.54363656,1.2290072,0.81334442,0.24250948,-0.52882892,0
-2.1336303,-0.8641479,0.46287608,-0.81334442,-0.24250948,0.52882892,0
0.27394056,-3.3373473,-1.3441232,-0.24441837,-0.68243653,-0.68886864,0
2.1427801,1.3472853,2.3805714,0.24441837,0.68243653,0.68886864,0
-2.0715935,0.2922883,-1.4269084,-0.52794933,0.68954295,-0.4957822,0
-2.6341138,-0.82655764,-0.6225884,-0.81334442,-0.24250948,0.52882892,0
-3.0141792,-0.25052762,-1.4031705,-0.52794933,0.68954295,-0.4957822,0
-2.4886355,-0.31316781,-0.56346655,-0.81334442,-0.24250948,0.52882892,0
0.35309196,-3.3387575,-1.112878,0.52794933,-0.68954295,0.4957822,0
-1.0967369,-3.1523237,0.65686965,-0.81334442,-0.24250948,0.52882892,0
1.5802156,-0.76580238,1.6090972,0.52794933,-0.68954295,0.4957822,0
-0.13779497,-2.825537,-0.133672,0.52794933,-0.68954295,0.4957822,0
2.4835992,0.077378273,1.5494196,0.52794933,-0.68954295,0.4957822,0
-0.33665001,-1.2297465,-3.2546933,-0.24441837,-0.68243653,-0.68886864,0
-0.060050488,-0.73992497,-3.5404158,-0.24441837,-0.68243653,-0.68886864,0
2.4940653,1.959718,1.4153181,0.24441837,0.68243653,0.68886864,0
3.0037665,1.780391,1.4105377,0.81334442,0.24250948,-0.52882892,0
-0.41889811,2.0695534,-0.71852744,-0.52794933,0.68954295,-0.4957822,0
0.64533591,0.45179302,3.5258203,0.24441837,0.68243653,0.68886864,0
1.4562201,-2.9690311,-1.8011892,0.52794933,-0.68954295,0.4957822,0
1.4777009,2.4729741,-0.51929426,0.81334442,0.24250948,-0.52882892,0
2.3894782,-1.0595522,-0.31181389,0.81334442,0.24250948,-0.52882892,0
1.4305644,0.52363282,3.0108147,0.52794933,-0.68954295,0.4957822,0
-0.18373799,1.4351934,2.779711,0.24441837,0.68243653,0.68886864,0
-1.5391612,0.28535378,-2.3418088,-0.52794933,0.68954295,-0.4957822,0
0.84317458,-1.6398523,-2.9591839,0.81334442,0.24250948,-0.52882892,0
-1.9207919,-0.93056726,0.1698873,-0.81334442,-0.24250948,0.52882892,0
0.22317004,1.3448465,3.2119415,0.24441837,0.68243653,0.68886864,0
-0.7222333,-2.286947,1.2869811,0.52794933,-0.68954295,0.4957822,0
1.4414865,-0.35033703,2.2058992,0.52794933,-0.68954295,0.4957822,0
0.099236965,2.988575,1.29132,0.24441837,0.68243653,0.68886864,0
-0.83640015,0.94412589,2.7911429,-0.81334442,-0.24250948,0.52882892,0
-1.9475567,0.75949991,-0.69014597,-0.52794933,0.68954295,-0.4957822,0
1.5279933,-1.4425093,0.3443287,0.52794933,-0.68954295,0.4957822,0
2.1049852,0.28893352,-0.36628789,0.81334442,0.24250948,-0.52882892,0
-0.940341,-3.6996579,-0.10353041,-0.24441837,-0.68243653,-0.68886864,0
1.4510939,-1.5943677,0.27562419,0.52794933,-0.68954295,0.4957822,0
1.0071723,1.574731,-1.7822077,0.81334442,0.24250948,-0.52882892,0
2.4742587,1.81303,1.5741743,0.24441837,0.68243653,0.68886864,0
0.30365443,-1.1828098,1.8964608,0.52794933,-0.68954295,0.4957822,0
2.5665627,1.3753486,2.2133574,0.24441837,0.68243653,0.68886864,0
-2.9688957,-0.60108328,-2.1092169,-0.52794933,0.68954295,-0.4957822,0
-2.435679,0.74499917,0.0088202953,-0.81334442,-0.24250948,0.52882892,0
-1.194505,1.8043561,2.8412373,-0.81334442,-0.24250948,0.52882892,0
0.52175498,-1.0150069,1.7380103,0.52794933,-0.68954295,0.4957822,0
-1.4796526,-2.8293138,0.46379399,-0.81334442,-0.24250948,0.52882892,0
-0.9510206,0.76050758,-1.6267784,-0.52794933,0.68954295,-0.4957822,0
2.6362667,-0.27496004,1.1398113,0.52794933,-0.68954295,0.4957822,0
-1.414919,-1.8376926,0.57529175,-0.81334442,-0.24250948,0.52882892,0
1.749769,0.90372276,-0.71450406,0.81334442,0.24250948,-0.52882892,0
0.36065507,-2.8176751,-0.22973382,0.52794933,-0.68954295,0.4957822,0
0.23244095,3.0758433,1.4271163,0.24441837,0.68243653,0.68886864,0
-1.1698343,1.7865548,2.9133313,0.24441837,0.68243653,0.68886864,0
-0.98047507,-2.0741842,-1.7317858,-0.24441837,-0.68243653,-0.68886864,0
-2.3224409,-0.14444828,0.50189829,-0.81334442,-0.24250948,0.52882892,0
1.9858629,-0.76333094,-0.92388105,0.81334442,0.24250948,-0.52882892,0
-2.2810969,-0.62385213,-2.5327246,-0.52794933,0.68954295,-0.4957822,0
0.92762613,1.8277118,-1.4698102,0.81334442,0.24250948,-0.52882892,0
0.039008856,-0.59186918,3.2553294,0.52794933,-0.68954295,0.4957822,0
2.7914693,0.51089764,0.53472173,0.81334442,0.24250948,-0.52882892,0
2.6849139,1.8606789,1.1726092,0.81334442,0.24250948,-0.52882892,0
-2.1077948,-1.1761475,-0.22634172,-0.81334442,-0.24250948,0.52882892,0
0.53385139,-1.099633,-3.3857193,-0.24441837,-0.68243653,-0.68886864,0
-0.15307975,2.8842149,1.3630013,0.24441837,0.68243653,0.68886864,0
0.95919657,-2.0529695,0.041633427,0.52794933,-0.68954295,0.4957822,0
1.5435808,2.2175684,-0.23824143,0.81334442,0.24250948,-0.52882892,0
-1.682307,2.4249895,1.3657026,-0.52794933,0.68954295,-0.4957822,0
0.16884485,1.8478725,2.6092947,0.24441837,0.68243653,0.68886864,0
0.46724421,2.2204785,2.1329083,0.24441837,0.68243653,0.68886864,0
1.0736911,-2.5761261,-0.37561464,0.52794933,-0.68954295,0.4957822,0
-1.3608981,-0.086474299,-2.6570227,-0.52794933,0.68954295,-0.4957822,0
-1.7965369,-1.8050345,-1.692952,-0.24441837,-0.68243653,-0.68886864,0
2.054841,-0.74096274,-0.84488785,0.81334442,0.24250948,-0.52882892,0
0.096477032,-2.2972775,0.57257771,0.52794933,-0.68954295,0.4957822,0
0.95332325,-2.7715559,-2.0629234,-0.24441837,-0.68243653,-0.68886864,0
-1.9953434,1.3302411,1.1873658,-0.81334442,-0.24250948,0.52882892,0
3.2091048,1.3344517,2.1072845,0.24441837,0.68243653,0.68886864,0
1.2596186,-1.5637498,-2.3985875,0.81334442,0.24250948,-0.52882892,0
0.88460064,1.2194427,-1.8094788,0.81334442,0.24250948,-0.52882892,0
1.1285961,3.3254426,-0.2329725,-0.52794933,0.68954295,-0.4957822,0
-0.4039216,-3.6724007,-0.27686775,0.52794933,-0.68954295,0.4957822,0
0.29979634,2.9737864,1.0213965,0.24441837,0.68243653,0.68886864,0
0.72653508,-3.0355663,-1.8694956,-0.24441837,-0.68243653,-0.68886864,0
-1.4029286,2.509985,2.3557529,0.24441837,0.68243653,0.68886864,0
0.41529787,2.2458808,1.8008062,0.24441837,0.68243653,0.68886864,0
1.373122,3.681515,-0.33181882,0.81334442,0.24250948,-0.52882892,0
1.7258452,0.86848307,-0.37044024,0.81334442,0.24250948,-0.52882892,0
1.2018315,-2.0602889,-0.21510854,0.52794933,-0.68954295,0.4957822,0
0.20602536,0.35673463,-3.2647243,0.81334442,0.24250948,-0.52882892,0
-0.14476585,-1.1927674,2.4727473,0.52794933,-0.68954295,0.4957822,0
-0.0573771,-2.4037075,0.61213899,0.52794933,-0.68954295,0.4957822,0
-1.0169473,-3.2671354,-0.57967186,-0.24441837,-0.68243653,-0.68886864,0
-2.3973675,-0.23706698,-1.8887672,-0.52794933,0.68954295,-0.4957822,0
3.0195055,0.47444415,1.1947854,0.81334442,0.24250948,-0.52882892,0
-0.62401682,-1.1161675,-2.9717913,-0.24441837,-0.68243653,-0.68886864,0
-0.93896365,-2.306283,1.4472449,-0.81334442,-0.24250948,0.52882892,0
0.41898942,3.0131633,-0.42583597,-0.52794933,0.68954295,-0.4957822,0
0.54700875,-1.2528391,-3.3406758,-0.24441837,-0.68243653,-0.68886864,0
2.313117,-0.43537617,-0.50442821,0.81334442,0.24250948,-0.52882892,0
-1.2370107,1.1763217,2.412637,-0.81334442,-0.24250948,0.52882892,0
-2.3710687,-0.84763169,-0.49813128,-0.81334442,-0.24250948,0.52882892,0
-0.059890747,0.31019562,-3.4891262,-0.52794933,0.68954295,-0.4957822,0
1.2323884,-2.5787768,-2.366425,-0.24441837,-0.68243653,-0.68886864,0
-1.2064558,-1.064095,1.5055947,-0.81334442,-0.24250948,0.52882892,0
-0.31519079,1.7622933,-1.4699738,-0.52794933,0.68954295,-0.4957822,0
-2.2849402,1.2741101,1.140955,-0.81334442,-0.24250948,0.52882892,0
1.5006387,-0.041579962,2.5831482,0.52794933,-0.68954295,0.4957822,0
-1.3396132,2.0748043,0.065608382,-0.52794933,0.68954295,-0.4957822,0
0.86432624,-0.65750915,2.1834915,0.52794933,-0.68954295,0.4957822,0
0.96870071,1.6274058,2.628428,0.24441837,0.68243653,0.68886864,0
-0.59028435,-3.5995646,-0.46925485,-0.24441837,-0.68243653,-0.68886864,0
1.6137493,-1.561389,-1.9861056,0.81334442,0.24250948,-0.52882892,0
-0.94002748,-3.0927706,-1.1194996,-0.24441837,-0.68243653,-0.68886864,0
-0.16000032,-0.21093392,3.4853039,-0.81334442,-0.24250948,0.52882892,0
0.67477751,2.0234671,-1.5666542,0.81334442,0.24250948,-0.52882892,0
0.85315514,-0.91273528,2.0803616,0.52794933,-0.68954295,0.4957822,0
-2.2831414,-1.9563586,-0.42843878,-0.81334442,-0.24250948,0.52882892,0
2.0074379,2.3310075,0.70000744,0.81334442,0.24250948,-0.52882892,0
-1.2703397,2.3937211,2.4362941,0.24441837,0.68243653,0.68886864,0
-0.8805778,1.3689191,-1.5566595,-0.52794933,0.68954295,-0.4957822,0
2.7921879,1.6645215,1.2819905,0.81334442,0.24250948,-0.52882892,0
2.1963358,1.129353,0.12730813,0.81334442,0.24250948,-0.52882892,0
-2.9273667,-1.7174888,-1.3676441,-0.24441837,-0.68243653,-0.68886864,0
1.1256175,2.7066607,-1.1472032,0.81334442,0.24250948,-0.52882892,0
0.79792476,1.8441069,2.1859033,0.24441837,0.68243653,0.68886864,0
-0.21279216,-1.0519373,2.5460126,0.52794933,-0.68954295,0.4957822,0
0.78263235,1.2674328,2.6071527,0.24441837,0.68243653,0.68886864,0
0.15850818,1.1593981,3.2065611,0.24441837,0.68243653,0.68886864,0
-1.6997504,1.5152922,-0.42304561,-0.52794933,0.68954295,-0.4957822,0
0.48994923,-3.23066,-1.04491,0.52794933,-0.68954295,0.4957822,0
0.76898992,0.9739697,-2.0635118,0.81334442,0.24250948,-0.52882892,0
-0.65909386,1.9360507,2.5737033,0.24441837,0.68243653,0.68886864,0
1.0816219,-0.80997181,1.7853844,0.52794933,-0.68954295,0.4957822,0
0.61032343,1.3043132,-2.0434022,0.81334442,0.24250948,-0.52882892,0
-0.45404506,-3.3013339,0.13010252,0.52794933,-0.68954295,0.4957822,0
0.20424867,3.1498177,0.4758743,-0.52794933,0.68954295,-0.4957822,0
-0.71769834,-3.2104681,0.2934351,0.52794933,-0.68954295,0.4957822,0
-0.052656889,-0.21817112,-3.9707217,-0.24441837,-0.68243653,-0.68886864,0
-0.69602323,2.0438864,-0.5746671,-0.52794933,0.68954295,-0.4957822,0
0.55497885,-2.2962613,-2.2018166,-0.24441837,-0.68243653,-0.68886864,0
1.5045947,-2.3963234,-2.7257528,0.81334442,0.24250948,-0.52882892,0
-1.8955535,2.595572,1.7994117,-0.52794933,0.68954295,-0.4957822,0
-1.2371259,0.55765885,-2.1180081,-0.52794933,0.68954295,-0.4957822,0
1.8229401,-2.0576534,-1.6900851,0.81334442,0.24250948,-0.52882892,0
1.0312465,1.0975847,2.6698668,0.24441837,0.68243653,0.68886864,0
-1.7541196,-1.5905483,0.69460773,-0.81334442,-0.24250948,0.52882892,0
-0.52526808,-1.5366322,2.1180205,-0.81334442,-0.24250948,0.52882892,0
-0.79781008,-1.8236895,1.8939285,-0.81334442,-0.24250948,0.52882892,0
2.3084354,-0.030570269,-0.3747015,0.81334442,0.24250948,-0.52882892,0
-2.2219746,1.2258238,-0.033032,-0.52794933,0.68954295,-0.4957822,0
-0.20389056,-1.2102108,2.8471744,-0.81334442,-0.24250948,0.52882892,0
-1.7551451,1.8260746,0.62332809,-0.52794933,0.68954295,-0.4957822,0
1.3176122,3.7279844,0.22059536,0.81334442,0.24250948,-0.52882892,0
2.3296738,2.1766677,0.60988736,0.81334442,0.24250948,-0.52882892,0
1.0753412,-2.6588812,-0.92796212,0.52794933,-0.68954295,0.4957822,0
1.1686887,-0.45103014,2.0723023,0.52794933,-0.68954295,0.4957822,0
1.4180635,-2.4024396,-2.6178169,-0.24441837,-0.68243653,-0.68886864,0
-2.1335478,-0.12182808,-2.2331536,-0.52794933,0.68954295,-0.4957822,0
0.8488369,-1.3867233,1.183144,0.52794933,-0.68954295,0.4957822,0
-2.0052006,-2.4268699,-0.75721848,-0.81334442,-0.24250948,0.52882892,0
-0.64783335,-2.2008469,1.7457736,0.52794933,-0.68954295,0.4957822,0
-2.6595471,-0.13743758,-1.4656081,-0.52794933,0.68954295,-0.4957822,0
1.4568179,2.5664496,1.382108,0.24441837,0.68243653,0.68886864,0
2.0523756,-1.7013664,-1.3170255,0.81334442,0.24250948,-0.52882892,0
-1.8219736,-2.6584027,-0.78726125,-0.24441837,-0.68243653,-0.68886864,0
0.36163187,0.25412214,3.8607733,0.52794933,-0.68954295,0.4957822,0
-0.49648499,-2.1191874,1.2937238,0.52794933,-0.68954295,0.4957822,0
-1.3216279,-2.7471967,-1.293256,-0.24441837,-0.68243653,-0.68886864,0
-1.0861279,1.0544763,-1.4841847,-0.52794933,0.68954295,-0.4957822,0
1.700599,1.4064106,2.4653294,0.24441837,0.68243653,0.68886864,0
-1.6895163,1.6010664,0.34412268,-0.52794933,0.68954295,-0.4957822,0
-0.97513628,-3.4375472,-0.69054401,-0.24441837,-0.68243653,-0.68886864,0
-0.035167813,2.0097132,2.118041,0.24441837,0.68243653,0.68886864,0
-1.3664349,1.2031388,-1.0132222,-0.52794933,0.68954295,-0.4957822,0
2.3605638,0.5819881,0.053140759,0.81334442,0.24250948,-0.52882892,0
0.99538451,-1.3905745,-2.8412254,0.81334442,0.24250948,-0.52882892,0
-0.55280519,-3.0529628,-0.98552334,-0.24441837,-0.68243653,-0.68886864,0
-1.7567781,-1.4916697,0.35496521,-0.81334442,-0.24250948,0.52882892,0
1.4466851,2.9875603,0.78760016,0.24441837,0.68243653,0.68886864,0
-0.46438336,-1.2104986,2.5916948,0.52794933,-0.68954295,0.4957822,0
-1.4806081,-1.9114655,-2.1402731,-0.24441837,-0.68243653,-0.68886864,0
1.9971744,-0.77759218,-1.1472882,0.81334442,0.24250948,-0.52882892,0
1.486536,3.5207105,0.3521657,0.24441837,0.68243653,0.68886864,0
-0.80385137,0.33575368,-2.3764505,-0.52794933,0.68954295,-0.4957822,0
2.4470341,-0.61813474,0.018115044,0.81334442,0.24250948,-0.52882892,0
-3.1173356,-0.42533946,-1.5180197,-0.52794933,0.68954295,-0.4957822,0
-1.8746326,0.83412671,-0.68781602,-0.52794933,0.68954295,-0.4957822,0
0.01435113,2.6042805,-0.79251689,-0.52794933,0.68954295,-0.4957822,0
-2.5929756,-2.3690889,-1.182476,-0.81334442,-0.24250948,0.52882892,0
1.4455019,-2.8721526,-2.2930334,-0.24441837,-0.68243653,-0.68886864,0
1.3840332,-1.9481566,-2.8495755,0.81334442,0.24250948,-0.52882892,0
3.4180026,0.68442178,1.6188451,0.81334442,0.24250948,-0.52882892,0
0.88166559,-2.6270378,-1.8349787,-0.24441837,-0.68243653,-0.68886864,0
-1.787926,-0.5794661,0.60119259,-0.81334442,-0.24250948,0.52882892,0
1.0781999,-0.7711674,-2.5881321,0.81334442,0.24250948,-0.52882892,0
-1.4689898,-1.6607127,-2.0340304,-0.24441837,-0.68243653,-0.68886864,0
1.2766873,2.2511535,-0.53377664,0.81334442,0.24250948,-0.52882892,0
0.73570907,-0.080659986,-2.8680086,0.81334442,0.24250948,-0.52882892,0
-0.79462028,2.7210832,0.7799142,-0.52794933,0.68954295,-0.4957822,0
2.233067,-0.30321002,1.1976182,0.52794933,-0.68954295,0.4957822,0
0.53727865,2.820617,-0.71703732,-0.52794933,0.68954295,-0.4957822,0
-0.11373067,2.0690494,-0.70016664,-0.52794933,0.68954295,-0.4957822,0
0.65195489,-2.7093897,-0.300053,0.52794933,-0.68954295,0.4957822,0
-0.88696241,-0.25376996,-3.4737468,-0.52794933,0.68954295,-0.4957822,0
0.29436493,-0.031446457,-3.3971727,0.81334442,0.24250948,-0.52882892,0
2.5054984,1.3056958,0.93240321,0.81334442,0.24250948,-0.52882892,0
-0.50331831,-0.31761372,2.6649404,-0.81334442,-0.24250948,0.52882892,0
0.77365565,-2.034107,-2.602874,-0.24441837,-0.68243653,-0.68886864,0
-0.055483505,1.4382428,2.8127568,0.24441837,0.68243653,0.68886864,0
0.24329457,-1.2156218,-3.192431,-0.24441837,-0.68243653,-0.68886864,0
-2.1595421,-2.2377477,-1.2395648,-0.24441837,-0.68243653,-0.68886864,0
-2.0778017,2.1567626,1.7118232,-0.81334442,-0.24250948,0.52882892,0
-1.6098423,-0.93798357,-3.020575,-0.24441837,-0.68243653,-0.68886864,0
1.0390612,1.3970894,2.5943024,0.24441837,0.68243653,0.68886864,0
-1.0728703,-3.6942492,0.35883534,0.52794933,-0.68954295,0.4957822,0
1.2090926,-0.58370966,1.8853718,0.52794933,-0.68954295,0.4957822,0
0.48403025,1.1619704,-2.3693781,0.81334442,0.24250948,-0.52882892,0
1.2027471,3.9366965,-0.032497406,0.24441837,0.68243653,0.68886864,0
-0.16303563,2.3314071,-0.68675315,-0.52794933,0.68954295,-0.4957822,0
-2.0541639,1.985765,1.2283235,-0.81334442,-0.24250948,0.52882892,0
-0.29430318,-3.4527893,-0.066669583,0.52794933,-0.68954295,0.4957822,0
0.24690491,-1.1234133,-3.1870477,-0.24441837,-0.68243653,-0.68886864,0
-0.71098375,-3.6700716,-0.66922331,-0.24441837,-0.68243653,-0.68886864,0
0.90999341,1.4431256,-1.742079,0.81334442,0.24250948,-0.52882892,0
0.86531019,-1.2296603,1.2576141,0.52794933,-0.68954295,0.4957822,0
0.50278878,1.5264994,-2.3799295,-0.52794933,0.68954295,-0.4957822,0
-0.49876302,-1.7978687,-2.5902536,-0.24441837,-0.68243653,-0.68886864,0
-1.3609278,0.17137504,-2.0029421,-0.52794933,0.68954295,-0.4957822,0
0.072839737,-0.095566273,-4.0623269,0.81334442,0.24250948,-0.52882892,0
-3.3138313,-1.0031278,-1.6817547,-0.81334442,-0.24250948,0.52882892,0
0.11151338,-0.39895222,3.0975075,0.52794933,-0.68954295,0.4957822,0
-0.29798985,-1.8508145,1.4244244,0.52794933,-0.68954295,0.4957822,0
-2.1821597,0.74368203,-0.56495619,-0.52794933,0.68954295,-0.4957822,0
2.8974521,0.69556952,1.8934261,0.52794933,-0.68954295,0.4957822,0
0.40385354,0.3572163,3.8530922,0.24441837,0.68243653,0.68886864,0
-1.1720583,-1.2619373,1.1087494,-0.81334442,-0.24250948,0.52882892,0
-1.9821997,0.52180982,1.0630832,-0.81334442,-0.24250948,0.52882892,0
-1.3318704,1.6635523,2.1835043,-0.81334442,-0.24250948,0.52882892,0
1.9417304,2.2493763,-0.054145455,0.81334442,0.24250948,-0.52882892,0
0.85910755,0.98813689,3.1138637,0.24441837,0.68243653,0.68886864,0
-0.14851665,-0.12690479,3.6051154,-0.81334442,-0.24250948,0.52882892,0
2.6000376,-0.17469549,0.49972093,0.81334442,0.24250948,-0.52882892,0
1.7235652,2.9607472,0.57118893,0.24441837,0.68243653,0.68886864,0
1.2680224,0.78152925,3.3010011,0.24441837,0.68243653,0.68886864,0
-2.1529303,2.7033985,1.6665349,-0.52794933,0.68954295,-0.4957822,0
1.2721794,-2.963203,-1.6857227,-0.24441837,-0.68243653,-0.68886864,0
-1.2920218,-3.2667987,-0.42566681,-0.24441837,-0.68243653,-0.68886864,0
-0.70123506,2.0268888,-0.29491627,-0.52794933,0.68954295,-0.4957822,0
1.9001973,-0.69390154,1.4085603,0.52794933,-0.68954295,0.4957822,0
-0.53353536,-0.74891281,2.289655,-0.81334442,-0.24250948,0.52882892,0
-0.86426783,-2.0382922,-2.1980519,-0.24441837,-0.68243653,-0.68886864,0
1.9571185,-0.24289536,-1.034704,0.81334442,0.24250948,-0.52882892,0
-2.3202078,-1.4872878,-0.19005454,-0.81334442,-0.24250948,0.52882892,0
-0.83296561,-0.13532527,-3.455596,-0.52794933,0.68954295,-0.4957822,0
-0.58578873,-0.3687129,-3.5224085,-0.52794933,0.68954295,-0.4957822,0
0.052881718,-0.79193151,2.5629468,0.52794933,-0.68954295,0.4957822,0
-1.6098169,2.7578566,1.5031047,-0.52794933,0.68954295,-0.4957822,0
-0.39763355,2.774224,0.29887611,-0.52794933,0.68954295,-0.4957822,0
-2.7730231,-1.7295723,-1.8188487,-0.24441837,-0.68243653,-0.68886864,0
0.69334054,0.58491433,-2.2056835,0.81334442,0.24250948,-0.52882892,0
1.2780915,-2.7163601,-1.4955578,0.52794933,-0.68954295,0.4957822,0
2.3916531,0.41244984,2.007504,0.52794933,-0.68954295,0.4957822,0
0.20334053,0.19881076,3.9930968,0.52794933,-0.68954295,0.4957822,0
0.11044902,1.9457207,2.1508775,0.24441837,0.68243653,0.68886864,0
1.5301371,3.3883209,-0.22019339,0.81334442,0.24250948,-0.52882892,0
2.7599199,1.7711861,1.1350286,0.81334442,0.24250948,-0.52882892,0
-0.58989286,-2.7215326,1.2009102,0.52794933,-0.68954295,0.4957822,0
-2.0458086,-2.8160212,-0.32456899,-0.81334442,-0.24250948,0.52882892,0
2.821363,1.750633,1.8084583,0.24441837,0.68243653,0.68886864,0
-0.87737489,3.0428414,1.79439,0.24441837,0.68243653,0.68886864,0
-0.73523974,-3.4136171,-0.11184084,0.52794933,-0.68954295,0.4957822,0
1.8165667,1.6858935,2.239337,0.24441837,0.68243653,0.68886864,0
2.7407875,0.96891022,2.1867952,0.24441837,0.68243653,0.68886864,0
0.16112471,1.3777599,-2.5616174,-0.52794933,0.68954295,-0.4957822,0
-1.0560527,-3.0735877,-0.87796628,-0.24441837,-0.68243653,-0.68886864,0
2.6110373,-1.0702324,0.018027961,0.52794933,-0.68954295,0.4957822,0
-0.7886337,1.8966448,2.6257732,0.24441837,0.68243653,0.68886864,0
-2.8644567,0.23737502,-0.98439574,-0.52794933,0.68954295,-0.4957822,0
-1.3763931,-3.6103659,0.29329729,-0.81334442,-0.24250948,0.52882892,0
1.4380524,0.18340051,-1.1814829,0.81334442,0.24250948,-0.52882892,0
1.0052512,2.5792549,-1.1819998,-0.52794933,0.68954295,-0.4957822,0
1.7186704,3.3412693,0.56772327,0.24441837,0.68243653,0.68886864,0
2.1981521,1.1397753,0.010141492,0.81334442,0.24250948,-0.52882892,0
-0.57914895,1.1191399,3.5607882,-0.81334442,-0.24250948,0.52882892,0
-0.61540103,-2.1685371,1.3955045,0.52794933,-0.68954295,0.4957822,0
0.79687595,-2.2096212,0.32450274,0.52794933,-0.68954295,0.4957822,0
1.8842874,1.6802827,2.3018525,0.24441837,0.68243653,0.68886864,0
1.4705254,0.25977778,-1.2710092,0.81334442,0.24250948,-0.52882892,0
1.5806794,3.2395985,0.78284931,0.24441837,0.68243653,0.68886864,0
-0.33056188,2.4487429,-0.11761451,-0.52794933,0.68954295,-0.4957822,0
-0.16005123,-0.64084333,-3.5229359,-0.24441837,-0.68243653,-0.68886864,0
1.8743052,3.1888247,0.48688889,0.81334442,0.24250948,-0.52882892,0
0.77637839,3.0951729,1.2771676,0.24441837,0.68243653,0.68886864,0
-0.10376787,-0.88339949,3.2749553,0.52794933,-0.68954295,0.4957822,0
0.39982224,0.38121891,-3.2180638,0.81334442,0.24250948,-0.52882892,0
0.75466108,3.0321777,0.97283792,0.24441837,0.68243653,0.68886864,0
-0.76081097,-0.39295447,-3.4929426,-0.52794933,0.68954295,-0.4957822,0
-2.3403563,-1.4246135,-0.26533186,-0.81334442,-0.24250948,0.52882892,0
-2.8165591,-1.6129735,-1.1026436,-0.81334442,-0.24250948,0.52882892,0
-1.2317331,1.974492,2.6274672,-0.81334442,-0.24250948,0.52882892,0
-2.6410584,-2.2898324,-0.95208192,-0.81334442,-0.24250948,0.52882892,0
2.9201102,1.5153725,1.2775805,0.81334442,0.24250948,-0.52882892,0
-1.1140944,-1.4724259,1.3145385,-0.81334442,-0.24250948,0.52882892,0
-2.1694531,-2.2475615,-1.2614483,-0.24441837,-0.68243653,-0.68886864,0
2.0899014,1.0958278,2.5811784,0.24441837,0.68243653,0.68886864,0
2.4548476,1.3144336,1.9822549,0.24441837,0.68243653,0.68886864,0
0.27197528,-2.0908403,0.61565626,0.52794933,-0.68954295,0.4957822,0
-1.2763968,2.5756152,2.1312196,0.24441837,0.68243653,0.68886864,0
0.30490541,2.7414746,-0.30800378,-0.52794933,0.68954295,-0.4957822,0
-2.8280499,-0.20238233,-1.04844,-0.52794933,0.68954295,-0.4957822,0
-0.57354951,-2.3550162,1.0210879,0.52794933,-0.68954295,0.4957822,0
1.0812767,2.6214118,-0.7754823,0.81334442,0.24250948,-0.52882892,0
0.61328173,-2.1602259,-2.328701,-0.24441837,-0.68243653,-0.68886864,0
-0.93357992,2.6731002,1.0265434,-0.52794933,0.68954295,-0.4957822,0
0.65676928,-0.45135394,2.6708641,0.52794933,-0.68954295,0.4957822,0
0.6496985,-1.4724036,1.6554288,0.52794933,-0.68954295,0.4957822,0
0.30967641,2.6250582,1.4693451,0.24441837,0.68243653,0.68886864,0
2.3997622,-0.30301476,-0.48058194,0.81334442,0.24250948,-0.52882892,0
-0.79612827,1.0976796,-1.2636511,-0.52794933,0.68954295,-0.4957822,0
-0.50595689,-3.5140283,-0.43051827,0.52794933,-0.68954295,0.4957822,0
0.11962223,-3.3956909,-1.2313126,-0.24441837,-0.68243653,-0.68886864,0
-0.51860458,0.4902578,2.9675252,-0.81334442,-0.24250948,0.52882892,0
1.0710884,-1.2058775,-2.3791134,0.81334442,0.24250948,-0.52882892,0
0.91379642,0.66477925,3.2209592,0.24441837,0.68243653,0.68886864,0
-3.1533589,-1.1641402,-2.0336921,-0.52794933,0.68954295,-0.4957822,0
-2.3937058,0.49876475,-0.89798993,-0.52794933,0.68954295,-0.4957822,0
0.69680929,2.6962395,-1.1362851,-0.52794933,0.68954295,-0.4957822,0
-0.97630548,-2.7089722,1.1028924,-0.81334442,-0.24250948,0.52882892,0
2.3571723,0.89692068,2.5312324,0.24441837,0.68243653,0.68886864,0
-0.79904342,-2.6978867,1.1072308,-0.81334442,-0.24250948,0.52882892,0
2.0961061,0.58307171,0.03254354,0.81334442,0.24250948,-0.52882892,0
-2.1350212,0.33752239,-1.5833485,-0.52794933,0.68954295,-0.4957822,0
-2.940695,-0.57876706,-0.87116921,-0.81334442,-0.24250948,0.52882892,0
-1.6829767,1.3355041,1.8207386,-0.81334442,-0.24250948,0.52882892,0
0.050478101,1.98176,2.6239576,0.24441837,0.68243653,0.68886864,0
-1.0546477,-3.0614786,0.8192178,0.52794933,-0.68954295,0.4957822,0
-2.0015867,1.9883111,1.8238027,-0.81334442,-0.24250948,0.52882892,0
-2.0921993,-1.7203234,-0.20908248,-0.81334442,-0.24250948,0.52882892,0
0.078643203,2.4700456,1.6463671,0.24441837,0.68243653,0.68886864,0
2.8642592,-0.15442324,0.2851522,0.81334442,0.24250948,-0.52882892,0
-0.11052704,0.84848964,-2.85653,-0.52794933,0.68954295,-0.4957822,0
-2.1878581,-2.18172,-1.3280473,-0.24441837,-0.68243653,-0.68886864,0
1.2858412,-2.8905773,-1.8468063,-0.24441837,-0.68243653,-0.68886864,0
0.54477978,1.6121219,-2.3738122,-0.52794933,0.68954295,-0.4957822,0
-0.77716255,3.0475793,1.8260322,0.24441837,0.68243653,0.68886864,0
-2.9380641,-1.4385087,-1.8176702,-0.24441837,-0.68243653,-0.68886864,0
2.0829957,1.876515,1.9976867,0.24441837,0.68243653,0.68886864,0
0.036651611,-0.49152222,-3.6147335,0.81334442,0.24250948,-0.52882892,0
-0.61449313,2.9695299,1.8289961,0.24441837,0.68243653,0.68886864,0
-1.1463833,3.1274505,1.4814131,0.24441837,0.68243653,0.68886864,0
0.46324199,-0.7916218,-3.4741187,0.81334442,0.24250948,-0.52882892,0
2.8133442,0.82290125,1.0820942,0.81334442,0.24250948,-0.52882892,0
-0.053212881,-1.1595681,2.553149,0.52794933,-0.68954295,0.4957822,0
1.2944583,-1.2510774,0.67960697,0.52794933,-0.68954295,0.4957822,0
-2.3227544,1.9089551,1.3411322,-0.81334442,-0.24250948,0.52882892,0
-1.6366107,-2.1253052,-1.8500513,-0.24441837,-0.68243653,-0.68886864,0
-0.22482078,-1.7368343,-2.8228121,-0.24441837,-0.68243653,-0.68886864,0
-0.69169718,1.1858397,3.304255,0.24441837,0.68243653,0.68886864,0
-2.1408389,-1.1380818,-2.4667664,-0.24441837,-0.68243653,-0.68886864,0
1.6002723,-1.467061,0.61868978,0.52794933,-0.68954295,0.4957822,0
-0.37856698,1.1060277,3.1779821,0.24441837,0.68243653,0.68886864,0
-0.1388464,-3.3545251,-0.88199127,-0.24441837,-0.68243653,-0.68886864,0
0.6679135,-0.49600041,-3.2651753,0.81334442,0.24250948,-0.52882892,0
2.8700421,0.45828938,0.88293111,0.81334442,0.24250948,-0.52882892,0
