1.1934071,-1.7546802,-6.68011,0.26763523,0.48966739,-0.82981765,0
0.44616032,-5.0171165,-0.59036851,0.9587658,-0.22079492,0.17893502,0
2.568944,4.3676558,-0.39564419,0.9587658,-0.22079492,0.17893502,0
2.3477325,4.6179833,1.1528974,0.9587658,-0.22079492,0.17893502,0
-1.3142823,-2.3552282,4.0275993,-0.26763523,-0.48966739,0.82981765,0
0.70425868,6.4517117,-1.7882757,0.26763523,0.48966739,-0.82981765,0
-0.59171772,-6.4928803,1.3663797,-0.095600963,-0.84349006,-0.52856886,0
-2.4884982,-4.3222828,2.6594381,-0.26763523,-0.48966739,0.82981765,0
-0.32064581,-3.9190166,-3.1102517,-0.095600963,-0.84349006,-0.52856886,0
-0.83210957,2.5635486,-1.507216,-0.9587658,0.22079492,-0.17893502,0
0.58444643,5.1673446,0.97819853,0.095600963,0.84349006,0.52856886,0
-1.4344413,-6.1057577,0.32078028,-0.095600963,-0.84349006,-0.52856886,0
-1.1095314,2.9289961,5.092042,0.095600963,0.84349006,0.52856886,0
-0.1624552,2.8825319,-4.4158249,0.26763523,0.48966739,-0.82981765,0
-0.066187441,3.3989663,-3.3986797,-0.9587658,0.22079492,-0.17893502,0
1.9633851,5.6700363,-1.8797894,0.26763523,0.48966739,-0.82981765,0
0.93745625,2.2180154,-4.2492657,0.26763523,0.48966739,-0.82981765,0
-2.6304922,-4.8986626,2.2159271,-0.26763523,-0.48966739,0.82981765,0
2.7155838,5.6231246,-1.6309452,0.26763523,0.48966739,-0.82981765,0
-1.2140491,2.8217435,1.3581567,-0.9587658,0.22079492,-0.17893502,0
-0.44968557,1.1402125,-4.142674,-0.9587658,0.22079492,-0.17893502,0
-1.8915281,2.9677293,5.2000771,0.095600963,0.84349006,0.52856886,0
2.4154723,6.4940958,-1.4063911,0.26763523,0.48966739,-0.82981765,0
0.22601795,-4.0515032,-2.7747972,-0.095600963,-0.84349006,-0.52856886,0
-1.9545665,-2.1018798,0.50214958,-0.9587658,0.22079492,-0.17893502,0
0.370224,-4.1729307,-2.784142,-0.095600963,-0.84349006,-0.52856886,0
-0.59973955,2.7001743,-2.3685944,-0.9587658,0.22079492,-0.17893502,0
1.2251897,4.6479797,-2.6595373,0.26763523,0.48966739,-0.82981765,0
-0.26807547,3.8068814,3.8003168,0.095600963,0.84349006,0.52856886,0
-0.18512392,1.5981114,7.0153913,-0.26763523,-0.48966739,0.82981765,0
0.17585087,-4.5999799,-2.380137,-0.095600963,-0.84349006,-0.52856886,0
0.24031925,5.0247684,1.4383279,0.095600963,0.84349006,0.52856886,0
0.57359123,4.5943446,1.9240322,0.095600963,0.84349006,0.52856886,0
-0.28532004,6.1455231,0.067035198,0.095600963,0.84349006,0.52856886,0
0.8196888,-4.4159737,-2.8007693,-0.095600963,-0.84349006,-0.52856886,0
1.0360382,0.26602876,-5.3521528,0.26763523,0.48966739,-0.82981765,0
-0.42043388,4.4037371,-0.99443173,-0.9587658,0.22079492,-0.17893502,0
2.1969621,0.86729527,-4.8990231,0.26763523,0.48966739,-0.82981765,0
-0.5540216,5.4639173,0.93012595,0.095600963,0.84349006,0.52856886,0
2.0354142,0.2193523,-1.9971302,0.9587658,-0.22079492,0.17893502,0
1.9307985,6.4917016,-1.0570364,0.095600963,0.84349006,0.52856886,0
-2.1895742,-5.3938904,2.2192011,-0.26763523,-0.48966739,0.82981765,0
0.19624794,5.6325026,-2.5404978,0.26763523,0.48966739,-0.82981765,0
1.0896616,1.4510179,4.2688117,0.9587658,-0.22079492,0.17893502,0
1.2092714,5.5814095,0.15452957,0.095600963,0.84349006,0.52856886,0
1.5777687,-1.037347,-2.2985978,0.9587658,-0.22079492,0.17893502,0
1.3012482,4.486949,-3.1646376,0.26763523,0.48966739,-0.82981765,0
0.29034138,-0.46566129,5.7866459,-0.26763523,-0.48966739,0.82981765,0
0.2828784,-0.74943018,-6.2786517,0.26763523,0.48966739,-0.82981765,0
0.92351675,-2.9311087,-4.5900793,-0.095600963,-0.84349006,-0.52856886,0
-1.1491356,3.6664624,3.5218632,0.095600963,0.84349006,0.52856886,0
1.9705985,2.5462732,1.3925002,0.9587658,-0.22079492,0.17893502,0
1.9385824,0.28745353,-5.2121186,0.26763523,0.48966739,-0.82981765,0
1.2824736,-1.0425493,-6.248333,0.26763523,0.48966739,-0.82981765,0
1.1564155,5.8883038,-2.2691903,0.26763523,0.48966739,-0.82981765,0
1.2029495,4.3719063,2.0947886,0.095600963,0.84349006,0.52856886,0
0.9700408,-0.56771207,-6.2317553,0.26763523,0.48966739,-0.82981765,0
0.53672838,-3.8227301,-3.7389884,-0.095600963,-0.84349006,-0.52856886,0
1.2438259,5.1057348,0.95808268,0.095600963,0.84349006,0.52856886,0
-0.16414094,5.3266101,0.63881898,0.095600963,0.84349006,0.52856886,0
-2.6613083,-5.4670572,-0.049459934,-0.095600963,-0.84349006,-0.52856886,0
1.9270275,0.92928016,-4.7940741,0.26763523,0.48966739,-0.82981765,0
1.309957,-2.9681058,-2.8706918,0.9587658,-0.22079492,0.17893502,0
1.6300368,6.0254011,-1.9353347,0.26763523,0.48966739,-0.82981765,0
0.54031467,-4.7964292,-1.4108865,0.9587658,-0.22079492,0.17893502,0
0.043593407,1.9872737,-4.8554535,0.26763523,0.48966739,-0.82981765,0
2.2400436,3.0549548,-3.4854226,0.26763523,0.48966739,-0.82981765,0
0.93826157,-2.2696459,0.94091821,0.9587658,-0.22079492,0.17893502,0
-2.3143013,-5.452045,-0.55617666,-0.095600963,-0.84349006,-0.52856886,0
-0.36473227,0.34393716,-5.3491702,-0.9587658,0.22079492,-0.17893502,0
-0.71181154,-4.3932414,-2.2998354,-0.095600963,-0.84349006,-0.52856886,0
1.5557063,-1.6035264,-2.8325138,0.9587658,-0.22079492,0.17893502,0
-2.5422616,-1.1679792,4.6254163,-0.26763523,-0.48966739,0.82981765,0
-0.51041687,-5.4042692,2.8806772,-0.26763523,-0.48966739,0.82981765,0
1.8938477,-1.8673104,-4.095047,0.9587658,-0.22079492,0.17893502,0
-1.0271564,0.85143459,6.2259679,-0.26763523,-0.48966739,0.82981765,0
-2.4272699,-1.8434126,1.6778312,-0.9587658,0.22079492,-0.17893502,0
-1.4455878,-2.4715583,4.3158717,-0.26763523,-0.48966739,0.82981765,0
-2.7281725,-3.36974,3.1723161,-0.26763523,-0.48966739,0.82981765,0
-0.29051685,-4.9397593,-1.1847091,-0.095600963,-0.84349006,-0.52856886,0
0.0093078613,1.5014356,-5.1516824,0.26763523,0.48966739,-0.82981765,0
0.15806913,1.0276489,6.4809384,-0.26763523,-0.48966739,0.82981765,0
0.26717615,3.6738887,3.2536314,0.095600963,0.84349006,0.52856886,0
-0.073685646,-4.0098615,-3.2831883,-0.095600963,-0.84349006,-0.52856886,0
-2.83776,-4.8821096,2.2801032,-0.26763523,-0.48966739,0.82981765,0
-0.46166968,-6.499156,2.1597419,-0.26763523,-0.48966739,0.82981765,0
-0.16180277,3.7065408,3.9034729,0.095600963,0.84349006,0.52856886,0
1.6352382,4.036201,2.8107982,0.095600963,0.84349006,0.52856886,0
1.5218282,-1.9694527,-6.8491459,0.26763523,0.48966739,-0.82981765,0
1.2838888,6.0711975,-2.0265193,0.26763523,0.48966739,-0.82981765,0
0.32110548,-4.725522,-2.1521506,-0.095600963,-0.84349006,-0.52856886,0
1.4095403,-0.44137049,0.082205087,0.9587658,-0.22079492,0.17893502,0
-1.5349245,-3.1410694,3.6597056,-0.26763523,-0.48966739,0.82981765,0
-1.0014365,2.3648486,0.73320419,-0.9587658,0.22079492,-0.17893502,0
-0.053883553,3.9747748,3.2767169,0.095600963,0.84349006,0.52856886,0
-1.0361629,-4.9669194,-1.1444027,-0.095600963,-0.84349006,-0.52856886,0
-0.16910887,-4.9344239,-1.7173942,-0.095600963,-0.84349006,-0.52856886,0
0.64683867,-0.8685112,-6.3482966,0.26763523,0.48966739,-0.82981765,0
-1.8502686,-0.69468045,4.8142233,-0.26763523,-0.48966739,0.82981765,0
-0.41627693,4.383883,2.6452262,0.095600963,0.84349006,0.52856886,0
2.2129068,-2.21277,-5.4817333,0.9587658,-0.22079492,0.17893502,0
-1.2156756,1.352896,0.71633202,-0.9587658,0.22079492,-0.17893502,0
0.20971644,5.938283,-2.4663391,-0.9587658,0.22079492,-0.17893502,0
-2.2051148,-6.4237494,1.5388818,-0.095600963,-0.84349006,-0.52856886,0
0.10511971,1.6579792,6.8298798,0.095600963,0.84349006,0.52856886,0
0.036187649,1.1204941,6.7966337,-0.26763523,-0.48966739,0.82981765,0
0.77554655,5.1742625,1.1165636,0.095600963,0.84349006,0.52856886,0
0.69137931,6.2639995,-0.67110729,0.095600963,0.84349006,0.52856886,0
0.27043933,-3.7072434,1.7606332,0.9587658,-0.22079492,0.17893502,0
0.8837471,0.49458516,-5.2782297,0.26763523,0.48966739,-0.82981765,0
1.6318817,-2.0816348,-6.5007467,0.26763523,0.48966739,-0.82981765,0
-0.61192083,-3.9005842,-3.2715993,-0.095600963,-0.84349006,-0.52856886,0
0.10338551,-3.6405108,3.9094672,-0.26763523,-0.48966739,0.82981765,0
0.32008886,3.0420814,4.9044642,0.095600963,0.84349006,0.52856886,0
-0.068219662,5.8505392,0.45869184,0.095600963,0.84349006,0.52856886,0
0.12488413,6.6188602,-1.0521908,0.095600963,0.84349006,0.52856886,0
-0.9225868,-4.4205837,3.1789527,-0.26763523,-0.48966739,0.82981765,0
0.73814344,6.8117547,-1.361804,0.095600963,0.84349006,0.52856886,0
2.1571705,5.9491687,-2.043148,0.26763523,0.48966739,-0.82981765,0
0.033958673,2.1407335,-4.6453371,0.26763523,0.48966739,-0.82981765,0
1.8326795,-0.59339893,-6.0120296,0.26763523,0.48966739,-0.82981765,0
0.45939183,0.98452973,-5.1195879,0.26763523,0.48966739,-0.82981765,0
-0.28811789,-6.6200161,2.1525025,-0.26763523,-0.48966739,0.82981765,0
-1.3844221,-6.3426638,1.8856955,-0.26763523,-0.48966739,0.82981765,0
-0.56202173,-1.5852878,-6.6163378,-0.095600963,-0.84349006,-0.52856886,0
-1.5454044,1.720377,1.2671682,-0.9587658,0.22079492,-0.17893502,0
0.53092742,-5.2612247,-1.114454,-0.095600963,-0.84349006,-0.52856886,0
1.4628782,-2.0455074,-6.5287471,-0.095600963,-0.84349006,-0.52856886,0
-1.9821167,2.2624218,5.2171249,-0.9587658,0.22079492,-0.17893502,0
-2.563874,-6.313343,1.0921006,-0.095600963,-0.84349006,-0.52856886,0
1.0751734,-1.8950038,-6.6262293,-0.095600963,-0.84349006,-0.52856886,0
-2.6756866,-6.077754,1.6721511,-0.26763523,-0.48966739,0.82981765,0
-2.1197286,-6.2424312,1.5317674,-0.26763523,-0.48966739,0.82981765,0
0.45519975,3.471945,-3.7070479,0.26763523,0.48966739,-0.82981765,0
-2.214911,1.9559357,6.2605162,-0.26763523,-0.48966739,0.82981765,0
-1.6989275,-1.1338705,0.24572825,-0.9587658,0.22079492,-0.17893502,0
-1.2826793,-0.26089323,5.2530413,-0.26763523,-0.48966739,0.82981765,0
-2.1723557,-1.4059255,4.5242105,-0.26763523,-0.48966739,0.82981765,0
-0.96664238,-0.66207123,-4.4977312,-0.9587658,0.22079492,-0.17893502,0
1.42944,0.7202937,-5.3351116,0.26763523,0.48966739,-0.82981765,0
0.67252302,4.2265263,2.7023215,0.095600963,0.84349006,0.52856886,0
-0.84464383,0.6695714,-4.1382871,-0.9587658,0.22079492,-0.17893502,0
-0.017435074,-3.4540756,3.3992867,0.9587658,-0.22079492,0.17893502,0
-0.89917898,-1.0148787,-5.2800894,-0.9587658,0.22079492,-0.17893502,0
-2.0115018,-4.9820504,-0.97007394,-0.095600963,-0.84349006,-0.52856886,0
-1.6274437,-5.206212,2.3268876,-0.26763523,-0.48966739,0.82981765,0
-1.4342711,3.036773,2.8142416,-0.9587658,0.22079492,-0.17893502,0
2.3631516,-2.1628289,-6.6802464,-0.095600963,-0.84349006,-0.52856886,0
1.0640128,6.4424934,-1.8516588,0.26763523,0.48966739,-0.82981765,0
-0.67790794,-2.5334468,4.518003,-0.26763523,-0.48966739,0.82981765,0
0.26566768,6.4542971,-0.68738174,0.095600963,0.84349006,0.52856886,0
-1.4479809,3.1480312,4.8288593,0.095600963,0.84349006,0.52856886,0
-0.84580278,-0.0016524792,-3.9221625,-0.9587658,0.22079492,-0.17893502,0
-0.080367565,2.5640244,5.536963,0.095600963,0.84349006,0.52856886,0
2.3033683,2.0379329,-4.3026958,0.26763523,0.48966739,-0.82981765,0
0.059788704,-0.36202288,-6.2062387,0.26763523,0.48966739,-0.82981765,0
1.4167933,3.0484142,4.5556135,0.095600963,0.84349006,0.52856886,0
3.0311115,5.6946397,-1.3945231,0.9587658,-0.22079492,0.17893502,0
2.70485,3.4160621,-2.1417046,0.9587658,-0.22079492,0.17893502,0
0.43413544,-3.4963927,-3.6348288,-0.095600963,-0.84349006,-0.52856886,0
1.2340832,3.7046323,-3.5347071,0.26763523,0.48966739,-0.82981765,0
-1.8088167,-0.68982273,5.246603,-0.26763523,-0.48966739,0.82981765,0
-1.5113444,-6.1948233,0.35961294,-0.095600963,-0.84349006,-0.52856886,0
2.4939101,3.8280835,-3.1013579,0.26763523,0.48966739,-0.82981765,0
2.6505177,4.0806327,-2.7359781,0.26763523,0.48966739,-0.82981765,0
0.62290192,-2.9744134,-4.8495102,-0.095600963,-0.84349006,-0.52856886,0
-1.3679972,-4.8582234,-1.7917404,-0.095600963,-0.84349006,-0.52856886,0
1.3585247,0.30160725,1.8605044,0.9587658,-0.22079492,0.17893502,0
-1.3456306,2.3938897,6.1444616,0.095600963,0.84349006,0.52856886,0
1.9212723,-0.26574993,-2.9353876,0.9587658,-0.22079492,0.17893502,0
0.11720943,4.7437663,2.0096378,0.095600963,0.84349006,0.52856886,0
-1.4356797,-2.2439165,4.0117168,-0.26763523,-0.48966739,0.82981765,0
-1.7796772,0.13055235,1.2406824,-0.9587658,0.22079492,-0.17893502,0
1.2632213,-0.66347575,0.43203124,0.9587658,-0.22079492,0.17893502,0
-0.98342979,-3.3941023,3.8888798,-0.26763523,-0.48966739,0.82981765,0
2.1817794,5.5190134,0.01094389,0.095600963,0.84349006,0.52856886,0
-1.7049394,-2.6636839,-2.8567781,-0.9587658,0.22079492,-0.17893502,0
1.1350179,3.7113361,3.2744875,0.095600963,0.84349006,0.52856886,0
-1.85676,-6.6667538,1.67277,-0.26763523,-0.48966739,0.82981765,0
2.2964697,5.0048528,0.94197059,0.095600963,0.84349006,0.52856886,0
-1.0920174,0.79196316,-1.1670835,-0.9587658,0.22079492,-0.17893502,0
0.74921036,1.7380509,6.7045612,0.095600963,0.84349006,0.52856886,0
0.79923677,-2.2600453,-6.163928,-0.095600963,-0.84349006,-0.52856886,0
-0.66097689,-5.8242869,0.22804356,-0.095600963,-0.84349006,-0.52856886,0
0.14247394,-2.0263386,4.9725976,-0.26763523,-0.48966739,0.82981765,0
-0.92816257,-0.74986053,-4.1718125,-0.9587658,0.22079492,-0.17893502,0
-0.37408066,-6.1178732,0.58798599,-0.095600963,-0.84349006,-0.52856886,0
2.2929258,-0.47197637,-4.3879061,0.9587658,-0.22079492,0.17893502,0
1.1709466,3.207087,4.3789506,0.095600963,0.84349006,0.52856886,0
0.59091485,2.4932842,-4.5076065,0.26763523,0.48966739,-0.82981765,0
-0.72322321,5.0701351,1.6543927,0.095600963,0.84349006,0.52856886,0
-0.25526953,-6.0322537,0.16277695,-0.095600963,-0.84349006,-0.52856886,0
2.1603837,4.2730951,-2.9571018,0.26763523,0.48966739,-0.82981765,0
2.8672454,6.1332879,-0.64910603,0.095600963,0.84349006,0.52856886,0
-0.74004996,2.3806617,-1.6990187,-0.9587658,0.22079492,-0.17893502,0
-0.059575558,-6.0226631,-0.049592495,-0.095600963,-0.84349006,-0.52856886,0
-2.1102643,-3.2029159,-0.75186396,-0.9587658,0.22079492,-0.17893502,0
2.8215313,2.8102698,-2.7574506,0.9587658,-0.22079492,0.17893502,0
-2.0370841,1.2469804,4.2501984,-0.9587658,0.22079492,-0.17893502,0
2.7389534,5.4514656,0.12693453,0.095600963,0.84349006,0.52856886,0
-1.3295192,0.016886234,-0.9074173,-0.9587658,0.22079492,-0.17893502,0
1.1478229,-3.5251698,-4.2042246,-0.095600963,-0.84349006,-0.52856886,0
-0.49558735,4.3292847,2.7345862,0.095600963,0.84349006,0.52856886,0
-0.28372073,2.0201068,-3.8200197,-0.9587658,0.22079492,-0.17893502,0
-1.6267171,2.2633967,2.2961197,-0.9587658,0.22079492,-0.17893502,0
0.89157748,-4.0111794,-0.2488997,0.9587658,-0.22079492,0.17893502,0
2.6219954,2.3098121,-1.9192057,0.9587658,-0.22079492,0.17893502,0
0.31479836,2.7429693,-4.3331666,0.26763523,0.48966739,-0.82981765,0
-1.2347288,-6.3975768,0.8594718,-0.095600963,-0.84349006,-0.52856886,0
-1.8618331,-2.9995153,-2.7088201,-0.9587658,0.22079492,-0.17893502,0
0.90614843,2.6106448,5.1601524,0.095600963,0.84349006,0.52856886,0
-1.5391815,-2.7654495,3.7876606,-0.26763523,-0.48966739,0.82981765,0
-2.2424669,-1.4969115,1.683193,-0.9587658,0.22079492,-0.17893502,0
-1.1675296,-0.62202048,5.3520341,-0.26763523,-0.48966739,0.82981765,0
-2.3942425,-4.347754,-0.39743519,-0.9587658,0.22079492,-0.17893502,0
0.38625765,-1.0876409,4.1991138,0.9587658,-0.22079492,0.17893502,0
-1.665807,-6.8052468,1.4649034,-0.26763523,-0.48966739,0.82981765,0
0.53560829,1.2400649,6.150136,0.9587658,-0.22079492,0.17893502,0
1.9950464,6.0967474,-0.57811308,0.095600963,0.84349006,0.52856886,0
2.0855911,-0.33840185,-2.1073139,0.9587658,-0.22079492,0.17893502,0
0.74075413,-3.1675272,-0.13435483,0.9587658,-0.22079492,0.17893502,0
0.89189196,2.5224133,5.1633224,0.095600963,0.84349006,0.52856886,0
-0.11881161,3.2330027,4.5329485,0.095600963,0.84349006,0.52856886,0
1.4330252,0.82108366,1.0879483,0.9587658,-0.22079492,0.17893502,0
0.032913208,2.3489437,-4.8413935,0.26763523,0.48966739,-0.82981765,0
0.24436522,5.436008,0.62397194,0.095600963,0.84349006,0.52856886,0
1.8019123,4.2792215,2.5959291,0.095600963,0.84349006,0.52856886,0
-0.25952721,-0.40512156,-6.2777867,0.26763523,0.48966739,-0.82981765,0
0.31304741,-0.81591535,-6.3994761,0.26763523,0.48966739,-0.82981765,0
2.9957175,5.0467429,-2.1677608,0.26763523,0.48966739,-0.82981765,0
-1.2057669,-4.0813656,3.3101358,-0.26763523,-0.48966739,0.82981765,0
-0.7341814,-0.27942824,5.821692,-0.26763523,-0.48966739,0.82981765,0
-0.15568495,0.86101031,-5.3436575,0.26763523,0.48966739,-0.82981765,0
0.04453671,5.0796185,-2.4000444,-0.9587658,0.22079492,-0.17893502,0
-1.7767413,0.65533435,6.006217,-0.26763523,-0.48966739,0.82981765,0
-2.0755863,0.086119294,5.5558596,-0.26763523,-0.48966739,0.82981765,0
1.9220852,5.2456446,-2.4400821,0.26763523,0.48966739,-0.82981765,0
1.5377944,2.2864561,2.0262358,0.9587658,-0.22079492,0.17893502,0
-3.3062122,-6.1497207,1.2187052,-0.095600963,-0.84349006,-0.52856886,0
1.3684573,-3.6534719,-3.8375344,-0.095600963,-0.84349006,-0.52856886,0
1.0510764,4.6668086,1.8626571,0.095600963,0.84349006,0.52856886,0
-0.21338558,3.2084274,4.7112346,0.095600963,0.84349006,0.52856886,0
-0.13828325,-1.8859687,-6.2746935,-0.095600963,-0.84349006,-0.52856886,0
0.75421083,5.2205648,-2.7499866,0.26763523,0.48966739,-0.82981765,0
-0.71487546,4.5301924,0.97568345,-0.9587658,0.22079492,-0.17893502,0
0.16067791,-5.148787,-1.1633077,-0.095600963,-0.84349006,-0.52856886,0
-0.73929381,3.3037961,0.1637063,-0.9587658,0.22079492,-0.17893502,0
-2.0882831,1.7803737,5.2191992,-0.9587658,0.22079492,-0.17893502,0
1.7258945,2.0162036,-4.3740602,0.26763523,0.48966739,-0.82981765,0
0.71864128,-2.9070642,-4.7233868,-0.095600963,-0.84349006,-0.52856886,0
-1.6664599,0.80129069,0.97539735,-0.9587658,0.22079492,-0.17893502,0
-2.0026898,1.7912344,3.7706585,-0.9587658,0.22079492,-0.17893502,0
1.3381038,4.7171955,-3.0509229,0.26763523,0.48966739,-0.82981765,0
-1.6516287,-3.849659,3.3739715,-0.26763523,-0.48966739,0.82981765,0
-1.0439229,0.026623726,5.8696637,-0.26763523,-0.48966739,0.82981765,0
1.2135376,1.6560318,-4.5612359,0.26763523,0.48966739,-0.82981765,0
1.1559925,-0.69131494,-5.9782381,0.26763523,0.48966739,-0.82981765,0
1.2883441,-2.6426458,-1.8156369,0.9587658,-0.22079492,0.17893502,0
-0.53914809,3.031574,-1.8316832,-0.9587658,0.22079492,-0.17893502,0
-1.4801251,-1.8934331,4.6693754,-0.26763523,-0.48966739,0.82981765,0
1.5712874,6.5747986,-1.7640734,0.26763523,0.48966739,-0.82981765,0
1.5262887,-2.2526689,-2.4106297,0.9587658,-0.22079492,0.17893502,0
0.72080469,4.7551551,1.888458,0.095600963,0.84349006,0.52856886,0
-1.6497347,-6.3518577,1.9776154,-0.26763523,-0.48966739,0.82981765,0
-1.7374741,-0.86306226,-0.19927692,-0.9587658,0.22079492,-0.17893502,0
-1.3751045,-0.54172933,-1.0740399,-0.9587658,0.22079492,-0.17893502,0
0.97411692,5.5369906,-2.2754679,0.26763523,0.48966739,-0.82981765,0
2.1505699,2.3929815,-0.40675831,0.9587658,-0.22079492,0.17893502,0
0.1634717,6.337667,-0.82457304,-0.9587658,0.22079492,-0.17893502,0
0.53224182,-0.57398105,-6.0622959,0.26763523,0.48966739,-0.82981765,0
1.8636293,5.5594935,0.097418785,0.095600963,0.84349006,0.52856886,0
-0.94573498,3.0829372,4.8290491,0.095600963,0.84349006,0.52856886,0
0.26901674,1.0704777,6.6644917,-0.26763523,-0.48966739,0.82981765,0
0.0046787262,-3.0720589,-4.1987519,-0.095600963,-0.84349006,-0.52856886,0
-0.33676052,5.6370792,-0.12411356,-0.9587658,0.22079492,-0.17893502,0
0.19365954,-5.4075537,0.40435791,0.9587658,-0.22079492,0.17893502,0
-0.30380774,-0.37226748,5.8330007,-0.26763523,-0.48966739,0.82981765,0
2.3159645,5.600585,-1.7438974,0.26763523,0.48966739,-0.82981765,0
0.84670115,4.2082081,2.7108142,0.095600963,0.84349006,0.52856886,0
-1.1320088,-5.2103958,-0.57037544,-0.095600963,-0.84349006,-0.52856886,0
1.9941697,6.3569713,-0.73113346,0.095600963,0.84349006,0.52856886,0
2.4820778,3.2624488,-0.62528753,0.9587658,-0.22079492,0.17893502,0
-0.89073849,-0.77225816,5.1822991,-0.26763523,-0.48966739,0.82981765,0
-0.55744123,-6.745522,1.859952,-0.26763523,-0.48966739,0.82981765,0
-0.10568213,-3.1702979,4.1710682,-0.26763523,-0.48966739,0.82981765,0
1.4028783,5.6396518,0.38922787,0.095600963,0.84349006,0.52856886,0
1.2930775,2.9895833,4.3906078,0.095600963,0.84349006,0.52856886,0
-3.1030591,-3.432147,3.0933027,-0.9587658,0.22079492,-0.17893502,0
0.96381426,1.3732069,3.8642554,0.9587658,-0.22079492,0.17893502,0
0.25916481,1.3290737,6.7984972,-0.26763523,-0.48966739,0.82981765,0
-0.63160634,-4.27601,3.2206326,-0.26763523,-0.48966739,0.82981765,0
-2.0130155,-4.3203039,2.8773718,-0.26763523,-0.48966739,0.82981765,0
0.15945053,-0.57814074,5.5118279,-0.26763523,-0.48966739,0.82981765,0
0.0023097992,-4.4523053,1.8113985,0.9587658,-0.22079492,0.17893502,0
-1.0214043,2.5953715,5.6462746,0.095600963,0.84349006,0.52856886,0
-0.75762129,2.6331434,5.6642981,0.095600963,0.84349006,0.52856886,0
0.0038113594,-2.5829802,-5.3249855,-0.095600963,-0.84349006,-0.52856886,0
-2.1839542,-4.4654989,-2.2657118,-0.095600963,-0.84349006,-0.52856886,0
1.9316499,6.1789379,-0.40508461,0.095600963,0.84349006,0.52856886,0
0.89949894,-4.1433043,-2.8531837,-0.095600963,-0.84349006,-0.52856886,0
-1.5405813,-1.8350195,4.631413,-0.26763523,-0.48966739,0.82981765,0
1.9411254,1.7246497,-0.64731121,0.9587658,-0.22079492,0.17893502,0
0.96577024,0.69008231,-5.3119717,0.26763523,0.48966739,-0.82981765,0
2.2387195,0.92676532,-2.6692932,0.9587658,-0.22079492,0.17893502,0
0.74997473,5.7573738,-0.079455376,0.095600963,0.84349006,0.52856886,0
-2.1234188,-4.9744005,2.5595298,-0.26763523,-0.48966739,0.82981765,0
-1.6158092,-1.4940586,-1.7798716,-0.9587658,0.22079492,-0.17893502,0
-1.6137774,-6.0782261,0.69964123,-0.095600963,-0.84349006,-0.52856886,0
-0.33178425,3.2699866,4.2202902,0.095600963,0.84349006,0.52856886,0
1.9332798,3.1765499,0.90530205,0.9587658,-0.22079492,0.17893502,0
-1.0475473,-4.0959806,-2.3590081,-0.095600963,-0.84349006,-0.52856886,0
1.5715144,6.4554262,-1.2936034,0.095600963,0.84349006,0.52856886,0
-2.385998,-0.5605762,3.2917538,-0.9587658,0.22079492,-0.17893502,0
-0.69168234,1.6018478,-1.7690194,-0.9587658,0.22079492,-0.17893502,0
0.58755779,-2.744741,-5.3485298,-0.095600963,-0.84349006,-0.52856886,0
0.85268688,-4.1550827,-2.3325541,0.9587658,-0.22079492,0.17893502,0
2.714745,5.4610133,-2.0614924,0.26763523,0.48966739,-0.82981765,0
-0.70897865,-6.5607939,1.7450509,-0.26763523,-0.48966739,0.82981765,0
0.41708946,-5.301177,-1.1585877,-0.095600963,-0.84349006,-0.52856886,0
-2.0714417,-1.0836748,4.7526298,-0.26763523,-0.48966739,0.82981765,0
1.760132,2.5790935,-3.856359,0.26763523,0.48966739,-0.82981765,0
-0.2688117,-4.2736406,-2.2408757,-0.095600963,-0.84349006,-0.52856886,0
-1.6475468,3.3503265,3.9311056,-0.9587658,0.22079492,-0.17893502,0
-0.89014101,-3.8734775,-2.9104152,-0.095600963,-0.84349006,-0.52856886,0
-1.5505624,-5.7808485,0.03570509,-0.095600963,-0.84349006,-0.52856886,0
-2.158567,-1.8443985,4.4400001,-0.26763523,-0.48966739,0.82981765,0
-1.1632628,-3.8407385,-2.8413019,-0.095600963,-0.84349006,-0.52856886,0
-0.16496587,2.1015892,-4.9751205,0.26763523,0.48966739,-0.82981765,0
0.51051855,4.0971212,2.6598938,0.095600963,0.84349006,0.52856886,0
-0.83375955,-1.1752154,4.8436251,-0.26763523,-0.48966739,0.82981765,0
1.4351518,-0.2990222,-5.5940623,0.26763523,0.48966739,-0.82981765,0
-0.69683981,0.22404957,-5.2796712,-0.9587658,0.22079492,-0.17893502,0
-0.57623529,-5.3556437,-0.62744188,-0.095600963,-0.84349006,-0.52856886,0
-0.37572002,-5.2729731,-0.99645543,-0.095600963,-0.84349006,-0.52856886,0
-0.25558949,3.2687051,4.1685863,0.095600963,0.84349006,0.52856886,0
1.5501232,-1.9919997,-6.1969328,-0.095600963,-0.84349006,-0.52856886,0
-2.5500913,-4.9613552,2.1438565,-0.26763523,-0.48966739,0.82981765,0
-0.33756137,-1.9695244,4.8560977,-0.26763523,-0.48966739,0.82981765,0
1.7081178,-1.5139741,-2.0994968,0.9587658,-0.22079492,0.17893502,0
-1.9094244,-1.2503252,0.89684057,-0.9587658,0.22079492,-0.17893502,0
0.45937872,6.5053997,-1.133708,0.095600963,0.84349006,0.52856886,0
-0.16017103,5.1787677,-0.52784491,-0.9587658,0.22079492,-0.17893502,0
-0.44132948,1.0895247,6.7396088,-0.26763523,-0.48966739,0.82981765,0
2.536489,5.2526898,0.63580179,0.095600963,0.84349006,0.52856886,0
0.12363672,-3.5847259,-3.757647,-0.095600963,-0.84349006,-0.52856886,0
-2.0614018,-3.8424287,3.0545654,-0.26763523,-0.48966739,0.82981765,0
1.908658,4.8205428,1.2501938,0.095600963,0.84349006,0.52856886,0
-2.4253397,0.74937785,5.8827877,-0.26763523,-0.48966739,0.82981765,0
-1.4062276,-6.0390177,0.14508677,-0.095600963,-0.84349006,-0.52856886,0
-0.05655992,4.8754163,-2.5489292,-0.9587658,0.22079492,-0.17893502,0
-2.2227285,-5.0672541,2.5543742,-0.26763523,-0.48966739,0.82981765,0
-2.6341126,-3.8016517,0.98294878,-0.9587658,0.22079492,-0.17893502,0
-0.5667901,-6.3603497,1.0052338,-0.095600963,-0.84349006,-0.52856886,0
2.045198,3.9122219,-3.0043416,0.26763523,0.48966739,-0.82981765,0
2.0059574,3.3045287,1.3277421,0.9587658,-0.22079492,0.17893502,0
2.7788312,5.6161408,-1.5768995,0.26763523,0.48966739,-0.82981765,0
0.12271166,-0.94364667,-6.4608669,0.26763523,0.48966739,-0.82981765,0
0.27981424,4.4074693,2.3281305,0.095600963,0.84349006,0.52856886,0
2.960932,5.5079823,-1.6961379,0.26763523,0.48966739,-0.82981765,0
1.786182,2.4602876,-3.7723117,0.26763523,0.48966739,-0.82981765,0
-0.32240915,-6.2879453,0.85756588,-0.095600963,-0.84349006,-0.52856886,0
-1.0093186,-6.1144009,2.0737681,-0.26763523,-0.48966739,0.82981765,0
-0.10924292,-6.5164723,0.8014946,0.9587658,-0.22079492,0.17893502,0
-3.121026,-5.6851778,1.6554294,-0.26763523,-0.48966739,0.82981765,0
-0.36049557,0.76316285,-5.3988056,-0.9587658,0.22079492,-0.17893502,0
-0.81716585,-4.6810527,-1.7773181,-0.095600963,-0.84349006,-0.52856886,0
-0.988585,-2.529026,-5.6181431,-0.095600963,-0.84349006,-0.52856886,0
2.240222,4.3015227,-2.9487495,0.26763523,0.48966739,-0.82981765,0
-0.83673573,-0.23074365,-3.9557939,-0.9587658,0.22079492,-0.17893502,0
-0.20215011,-1.1174703,5.2471261,-0.26763523,-0.48966739,0.82981765,0
-2.7180214,-4.6276774,0.97545147,-0.9587658,0.22079492,-0.17893502,0
-0.19504142,5.4719815,0.50304818,-0.9587658,0.22079492,-0.17893502,0
0.22852969,2.3937986,-4.3152375,0.26763523,0.48966739,-0.82981765,0
-0.1471324,-2.9237635,-4.9091902,-0.095600963,-0.84349006,-0.52856886,0
1.8407843,2.6744368,2.7411065,0.9587658,-0.22079492,0.17893502,0
-0.4799788,3.3573179,-2.7592578,-0.9587658,0.22079492,-0.17893502,0
-2.4627199,-1.3647231,2.3095865,-0.9587658,0.22079492,-0.17893502,0
1.0300894,5.6806355,0.54165745,0.095600963,0.84349006,0.52856886,0
1.2855239,2.8384538,-4.0447788,0.26763523,0.48966739,-0.82981765,0
1.2063217,-2.6009841,-5.5350814,-0.095600963,-0.84349006,-0.52856886,0
2.0616915,3.0089641,-3.474124,0.26763523,0.48966739,-0.82981765,0
2.4011121,3.479075,-0.69336414,0.9587658,-0.22079492,0.17893502,0
-1.5640345,3.0160766,4.7482667,0.095600963,0.84349006,0.52856886,0
-0.085317135,-5.8746443,0.12569475,-0.095600963,-0.84349006,-0.52856886,0
-2.0557337,-6.2946396,1.8329487,-0.26763523,-0.48966739,0.82981765,0
1.1292951,-4.1445537,-2.6393385,0.9587658,-0.22079492,0.17893502,0
0.76627398,2.4146044,5.7793417,0.095600963,0.84349006,0.52856886,0
-2.3989179,-5.1953759,2.0948939,-0.26763523,-0.48966739,0.82981765,0
1.8711722,5.011435,0.81601214,0.095600963,0.84349006,0.52856886,0
-1.4364413,-2.1031287,4.5536876,-0.26763523,-0.48966739,0.82981765,0
-0.17018962,-6.9701452,1.706512,-0.095600963,-0.84349006,-0.52856886,0
0.94190025,4.0165386,2.8310709,0.095600963,0.84349006,0.52856886,0
-1.8284409,1.6328163,4.3078151,-0.9587658,0.22079492,-0.17893502,0
-0.5877986,-0.025866747,-5.7445621,-0.9587658,0.22079492,-0.17893502,0
-0.033428192,6.1812534,-0.61462975,0.095600963,0.84349006,0.52856886,0
-2.1748765,-6.0978737,0.42449808,-0.095600963,-0.84349006,-0.52856886,0
-1.3248779,-3.8279829,3.1390295,-0.26763523,-0.48966739,0.82981765,0
0.0094752163,-3.6608024,3.0538116,0.9587658,-0.22079492,0.17893502,0
-0.23948574,0.82712412,-5.6502705,-0.9587658,0.22079492,-0.17893502,0
1.9472573,0.33118016,-1.2255571,0.9587658,-0.22079492,0.17893502,0
0.68146372,2.6628463,5.0893388,0.095600963,0.84349006,0.52856886,0
2.5169735,4.8415723,-2.2841129,0.26763523,0.48966739,-0.82981765,0
-2.2144032,1.8182768,6.1391697,-0.9587658,0.22079492,-0.17893502,0
1.9179249,1.6881243,0.71569645,0.9587658,-0.22079492,0.17893502,0
1.3509858,1.1099479,-5.0358152,0.26763523,0.48966739,-0.82981765,0
0.94871283,-2.6543519,-5.3198915,-0.095600963,-0.84349006,-0.52856886,0
0.95991755,-2.0709486,-6.7019219,-0.095600963,-0.84349006,-0.52856886,0
-0.38619328,1.6203387,-4.9230895,-0.9587658,0.22079492,-0.17893502,0
-1.2072711,0.99069929,6.0404615,-0.26763523,-0.48966739,0.82981765,0
1.4594753,3.0146637,-3.7430277,0.26763523,0.48966739,-0.82981765,0
-0.78487003,2.8749089,-1.1278992,-0.9587658,0.22079492,-0.17893502,0
0.36976671,-2.0070777,-6.1576061,-0.095600963,-0.84349006,-0.52856886,0
0.18060446,-5.5819092,1.0266562,0.9587658,-0.22079492,0.17893502,0
-2.6378198,-1.7926184,4.1431985,-0.9587658,0.22079492,-0.17893502,0
1.8914642,-1.5747722,-4.5328555,0.9587658,-0.22079492,0.17893502,0
1.7727219,1.2911537,-4.4814239,0.26763523,0.48966739,-0.82981765,0
0.8044914,2.8438878,-3.9613647,0.26763523,0.48966739,-0.82981765,0
-2.6073234,-5.6541862,-0.10939884,-0.095600963,-0.84349006,-0.52856886,0
0.99334526,6.2741499,-0.80389977,0.095600963,0.84349006,0.52856886,0
-2.8769441,-4.2138829,2.4309506,-0.26763523,-0.48966739,0.82981765,0
0.2917881,-4.3931904,-2.3070345,-0.095600963,-0.84349006,-0.52856886,0
-1.6815634,2.5418315,5.3590832,0.095600963,0.84349006,0.52856886,0
1.1826959,5.9148269,-0.08940649,0.095600963,0.84349006,0.52856886,0
-2.1863847,-5.5979838,2.0508199,-0.26763523,-0.48966739,0.82981765,0
-0.33774424,2.4346519,5.3613706,0.095600963,0.84349006,0.52856886,0
1.3725061,4.5802565,2.1184864,0.095600963,0.84349006,0.52856886,0
1.2361217,-0.47806025,-5.8671112,0.26763523,0.48966739,-0.82981765,0
-0.31256986,-6.9092789,1.8883772,0.9587658,-0.22079492,0.17893502,0
2.5248213,5.3197508,-2.136519,0.26763523,0.48966739,-0.82981765,0
2.1634924,0.12310731,-5.2488108,0.26763523,0.48966739,-0.82981765,0
1.6133611,5.1590571,0.5720439,0.095600963,0.84349006,0.52856886,0
-1.1870768,-6.3266253,0.64170885,-0.095600963,-0.84349006,-0.52856886,0
2.0296576,5.8165646,0.040850163,0.095600963,0.84349006,0.52856886,0
-0.20881748,3.3410769,4.0546732,0.095600963,0.84349006,0.52856886,0
-0.39547157,-1.8576581,-6.3472905,-0.095600963,-0.84349006,-0.52856886,0
-0.13784122,4.436779,-1.4483366,-0.9587658,0.22079492,-0.17893502,0
0.52915525,2.1046274,-4.4382405,0.26763523,0.48966739,-0.82981765,0
0.90022314,-1.4504768,1.2457037,0.9587658,-0.22079492,0.17893502,0
2.3213568,6.2708778,-0.77518129,0.095600963,0.84349006,0.52856886,0
2.4693303,4.0028124,-0.0065131187,0.9587658,-0.22079492,0.17893502,0
-1.8308651,-1.7083762,4.2136712,-0.26763523,-0.48966739,0.82981765,0
0.8439579,-4.3937283,-2.664187,0.9587658,-0.22079492,0.17893502,0
-1.8716249,-4.4723063,-1.8818835,-0.095600963,-0.84349006,-0.52856886,0
-1.0496795,-2.6396763,4.2655144,-0.26763523,-0.48966739,0.82981765,0
1.0164704,3.5050211,3.8679833,0.095600963,0.84349006,0.52856886,0
-1.7096308,-0.079304218,1.4296478,-0.9587658,0.22079492,-0.17893502,0
2.0060196,4.4841156,-2.6801286,0.26763523,0.48966739,-0.82981765,0
0.92308283,2.9390678,4.748374,0.095600963,0.84349006,0.52856886,0
0.97375298,3.1294661,4.0650668,0.095600963,0.84349006,0.52856886,0
-0.42933607,0.015517473,5.7203522,-0.26763523,-0.48966739,0.82981765,0
0.44479179,3.1239188,4.306139,0.095600963,0.84349006,0.52856886,0
0.51394176,-3.0390501,-4.6446738,-0.095600963,-0.84349006,-0.52856886,0
0.19298172,-1.313807,5.3088598,-0.26763523,-0.48966739,0.82981765,0
1.9022851,4.7937083,1.6277165,0.095600963,0.84349006,0.52856886,0
-0.46956491,4.6613908,1.9569538,0.095600963,0.84349006,0.52856886,0
1.8899667,1.5901301,-4.3244038,0.26763523,0.48966739,-0.82981765,0
-1.025238,3.2854395,0.88252193,-0.9587658,0.22079492,-0.17893502,0
-1.8190227,-0.078548074,1.2304336,-0.9587658,0.22079492,-0.17893502,0
-2.5483425,-1.0434297,3.4691968,-0.9587658,0.22079492,-0.17893502,0
2.7558663,4.9637594,-0.97646379,0.9587658,-0.22079492,0.17893502,0
1.6374588,5.4739151,0.50508165,0.095600963,0.84349006,0.52856886,0
-2.5370927,-2.0887625,2.2445927,-0.9587658,0.22079492,-0.17893502,0
-2.3601816,-2.1130686,1.4991982,-0.9587658,0.22079492,-0.17893502,0
0.26107216,1.2966201,6.6861172,-0.26763523,-0.48966739,0.82981765,0
-2.1572671,-6.456419,1.1668334,-0.095600963,-0.84349006,-0.52856886,0
0.56820732,-3.9278131,1.2602363,0.9587658,-0.22079492,0.17893502,0
2.2267935,0.214688,-5.2968645,0.26763523,0.48966739,-0.82981765,0
0.36778975,-5.1020703,-1.4261699,-0.095600963,-0.84349006,-0.52856886,0
0.14648318,5.4177976,-2.5885434,0.26763523,0.48966739,-0.82981765,0
-0.73610675,1.1376511,-2.189306,-0.9587658,0.22079492,-0.17893502,0
-0.71629357,-6.0718088,2.3032169,-0.26763523,-0.48966739,0.82981765,0
-2.7987657,-6.2365766,0.66938257,-0.095600963,-0.84349006,-0.52856886,0
2.4584827,-0.62821883,-5.6702971,0.26763523,0.48966739,-0.82981765,0
0.027517796,-2.6777682,-5.5153875,-0.095600963,-0.84349006,-0.52856886,0
-1.1979442,-5.7837992,-0.2025938,-0.095600963,-0.84349006,-0.52856886,0
1.7642059,-1.4412596,-6.3865547,0.26763523,0.48966739,-0.82981765,0
1.5422621,4.1608076,2.4229789,0.095600963,0.84349006,0.52856886,0
2.0346501,-1.1744038,-4.7861681,0.9587658,-0.22079492,0.17893502,0
2.2746577,-0.72030181,-5.2827091,0.9587658,-0.22079492,0.17893502,0
1.1611354,-2.8799887,-1.4873037,0.9587658,-0.22079492,0.17893502,0
1.7131531,0.74340057,-5.0785623,0.26763523,0.48966739,-0.82981765,0
0.49562025,1.8164501,-5.0146275,0.26763523,0.48966739,-0.82981765,0
0.19908524,-0.3693831,-6.25249,0.26763523,0.48966739,-0.82981765,0
1.0252925,-2.4926114,-0.86603874,0.9587658,-0.22079492,0.17893502,0
-0.07812953,-3.2442226,4.0448208,-0.26763523,-0.48966739,0.82981765,0
-1.9178729,-5.0627389,-0.76215291,-0.095600963,-0.84349006,-0.52856886,0
-2.3413167,-2.4759226,3.9966073,-0.26763523,-0.48966739,0.82981765,0
-2.3650641,1.5572059,6.2141352,-0.26763523,-0.48966739,0.82981765,0
0.19594777,-4.2864237,1.4208419,0.9587658,-0.22079492,0.17893502,0
-1.5000567,-4.0524135,-2.88621,-0.095600963,-0.84349006,-0.52856886,0
-2.2308526,-1.0993378,4.8134198,-0.26763523,-0.48966739,0.82981765,0
-1.7026818,-0.00604105,5.2499843,-0.26763523,-0.48966739,0.82981765,0
-2.4670687,-0.050070494,4.6477575,-0.9587658,0.22079492,-0.17893502,0
-1.7826304,-2.2732921,4.1684976,-0.26763523,-0.48966739,0.82981765,0
-1.3763766,-5.5463338,-0.62043667,-0.095600963,-0.84349006,-0.52856886,0
0.24484187,-3.5851622,3.3377647,0.9587658,-0.22079492,0.17893502,0
2.5571482,5.0171995,0.36776304,0.9587658,-0.22079492,0.17893502,0
-2.246253,-2.5883231,3.830699,-0.26763523,-0.48966739,0.82981765,0
0.15939367,2.8908527,-4.4099193,0.26763523,0.48966739,-0.82981765,0
-0.53039503,0.011231184,5.7647972,-0.26763523,-0.48966739,0.82981765,0
-1.256434,-6.0595808,2.0419941,-0.26763523,-0.48966739,0.82981765,0
-1.3819019,-2.9895511,3.931366,-0.26763523,-0.48966739,0.82981765,0
0.34834623,0.95715988,-5.1544828,0.26763523,0.48966739,-0.82981765,0
-0.84491301,-3.4957447,-3.5973806,-0.095600963,-0.84349006,-0.52856886,0
-0.62983561,4.777565,0.46051693,-0.9587658,0.22079492,-0.17893502,0
-1.5331855,-3.3107517,-3.9161878,-0.095600963,-0.84349006,-0.52856886,0
2.4091434,3.3387206,-1.4344711,0.9587658,-0.22079492,0.17893502,0
-0.54075587,3.7355404,-0.37364197,-0.9587658,0.22079492,-0.17893502,0
0.77240658,0.6509732,-5.3342147,0.26763523,0.48966739,-0.82981765,0
1.6620823,5.118516,-2.2997384,0.26763523,0.48966739,-0.82981765,0
1.9969001,-1.2110448,-6.0990644,0.26763523,0.48966739,-0.82981765,0
-1.8770344,-1.9308271,4.1673203,-0.26763523,-0.48966739,0.82981765,0
-0.25569105,-1.9269013,-6.3891215,-0.095600963,-0.84349006,-0.52856886,0
-2.2112117,0.9202466,5.6159315,-0.26763523,-0.48966739,0.82981765,0
-2.1345093,0.88634658,3.6172574,-0.9587658,0.22079492,-0.17893502,0
1.5972817,-2.5882678,-3.8580563,0.9587658,-0.22079492,0.17893502,0
-1.5094264,-1.6906261,-2.8613713,-0.9587658,0.22079492,-0.17893502,0
-0.74338913,-4.3134928,-2.3018472,-0.095600963,-0.84349006,-0.52856886,0
2.2744577,0.39448464,-5.0702658,0.26763523,0.48966739,-0.82981765,0
1.1060548,5.6582565,0.12264538,0.095600963,0.84349006,0.52856886,0
1.2943072,-0.25020182,-5.5935555,0.26763523,0.48966739,-0.82981765,0
2.0696278,-2.0273447,-6.2375779,-0.095600963,-0.84349006,-0.52856886,0
-0.22431946,1.3013372,6.7443438,-0.26763523,-0.48966739,0.82981765,0
-0.7326504,-5.9607019,2.4628429,-0.26763523,-0.48966739,0.82981765,0
0.57799482,-0.33863115,-5.9178939,0.26763523,0.48966739,-0.82981765,0
-1.9953489,2.3874512,6.1513071,0.095600963,0.84349006,0.52856886,0
-0.83941412,-3.6866283,3.3614569,-0.26763523,-0.48966739,0.82981765,0
-1.2120233,-6.777184,1.6441698,-0.095600963,-0.84349006,-0.52856886,0
-0.60810137,-5.2529488,-0.6076715,-0.095600963,-0.84349006,-0.52856886,0
-1.564723,-6.0146875,1.7448936,-0.26763523,-0.48966739,0.82981765,0
3.0147166,5.1281228,-1.3041029,0.9587658,-0.22079492,0.17893502,0
-2.6254303,-5.785677,1.7679873,-0.26763523,-0.48966739,0.82981765,0
0.17577696,-2.8112717,-5.0459838,-0.095600963,-0.84349006,-0.52856886,0
-1.604187,-1.3658677,-2.096019,-0.9587658,0.22079492,-0.17893502,0
1.8635626,-2.088825,-4.5870175,0.9587658,-0.22079492,0.17893502,0
-0.8252638,-4.2241349,3.1887136,-0.26763523,-0.48966739,0.82981765,0
-1.2201881,1.024541,6.0256338,-0.26763523,-0.48966739,0.82981765,0
-1.5627367,1.9192395,1.6478639,-0.9587658,0.22079492,-0.17893502,0
-1.4999809,2.4529514,5.979423,0.095600963,0.84349006,0.52856886,0
2.0137653,-1.3588731,-3.2122364,0.9587658,-0.22079492,0.17893502,0
-0.23490739,-1.7613378,4.6997037,-0.26763523,-0.48966739,0.82981765,0
-0.41278625,-6.6764355,1.1814699,-0.095600963,-0.84349006,-0.52856886,0
0.33023977,1.5805919,6.5170116,0.095600963,0.84349006,0.52856886,0
0.032232761,-3.7623653,-3.3573482,-0.095600963,-0.84349006,-0.52856886,0
-2.4840691,-3.9292746,-0.90056396,-0.9587658,0.22079492,-0.17893502,0
2.7373743,4.7383838,-0.3676362,0.9587658,-0.22079492,0.17893502,0
-0.087179661,-3.765758,-3.4649367,-0.095600963,-0.84349006,-0.52856886,0
-2.2659633,-6.2738905,1.0837216,-0.095600963,-0.84349006,-0.52856886,0
-0.45848227,-6.55654,1.8874974,-0.26763523,-0.48966739,0.82981765,0
0.93712425,2.3354647,-4.3804007,0.26763523,0.48966739,-0.82981765,0
0.45428514,-0.97579312,-6.2781229,0.26763523,0.48966739,-0.82981765,0
1.4249017,-3.3881974,-3.3691397,0.9587658,-0.22079492,0.17893502,0
-0.39463091,3.8564243,3.0389993,0.095600963,0.84349006,0.52856886,0
0.29532981,-1.2666812,5.4449711,-0.26763523,-0.48966739,0.82981765,0
-2.1443889,-1.3654552,4.5960817,-0.26763523,-0.48966739,0.82981765,0
0.19050121,-5.6347594,-0.37726212,-0.095600963,-0.84349006,-0.52856886,0
1.88218,1.1060976,-0.085848331,0.9587658,-0.22079492,0.17893502,0
1.2710423,-2.3593435,-5.7860432,-0.095600963,-0.84349006,-0.52856886,0
-1.1846128,-5.7715921,2.2877603,-0.26763523,-0.48966739,0.82981765,0
-1.6196871,1.5192374,6.2304544,-0.26763523,-0.48966739,0.82981765,0
-0.10405159,0.20616317,-6.1668367,0.26763523,0.48966739,-0.82981765,0
0.94957703,-1.8875802,0.44718885,0.9587658,-0.22079492,0.17893502,0
-0.39420426,-3.6633546,3.8246646,-0.26763523,-0.48966739,0.82981765,0
-2.1922445,0.16499433,2.9129457,-0.9587658,0.22079492,-0.17893502,0
-2.2479191,-2.849638,3.3854275,-0.26763523,-0.48966739,0.82981765,0
-0.45697439,3.3456798,-2.0354633,-0.9587658,0.22079492,-0.17893502,0
-1.2128822,-0.021882057,-1.2448441,-0.9587658,0.22079492,-0.17893502,0
-2.8832264,-5.4729023,1.7018733,-0.26763523,-0.48966739,0.82981765,0
-2.0558498,2.2601273,4.3267131,-0.9587658,0.22079492,-0.17893502,0
1.9287474,2.004472,0.80013406,0.9587658,-0.22079492,0.17893502,0
2.6369359,3.9130166,-2.9923949,0.26763523,0.48966739,-0.82981765,0
0.2788806,-5.226244,-1.2219855,-0.095600963,-0.84349006,-0.52856886,0
1.5262594,3.045778,-3.9641905,0.26763523,0.48966739,-0.82981765,0
-3.0837812,-6.1998811,0.75529623,-0.095600963,-0.84349006,-0.52856886,0
-0.28703117,1.6378019,6.7959967,-0.26763523,-0.48966739,0.82981765,0
-0.028877497,-2.704164,4.5333424,-0.26763523,-0.48966739,0.82981765,0
1.2832215,-1.0764366,1.0940584,0.9587658,-0.22079492,0.17893502,0
1.7036743,-1.6400193,-6.5549221,0.26763523,0.48966739,-0.82981765,0
0.94296944,3.3629649,-3.6405106,0.26763523,0.48966739,-0.82981765,0
-2.3548918,-4.9585285,-1.4479101,-0.095600963,-0.84349006,-0.52856886,0
-0.96707344,2.1187208,6.1153584,0.095600963,0.84349006,0.52856886,0
0.1874094,1.295644,6.9905052,-0.26763523,-0.48966739,0.82981765,0
