3.914084,3.6849008,-0.36389399,0.86976922,-0.44945216,0.20370165,0
-2.9392276,-4.0220871,-0.83639336,-0.41480398,-0.88952458,-0.19153041,0
-0.71434271,-4.484303,-3.7183158,-0.41480398,-0.88952458,-0.19153041,0
-3.1306129,-2.1250162,2.9263375,-0.26728129,-0.082091063,0.96011555,0
-0.98028088,-2.6242328,3.5200639,-0.26728129,-0.082091063,0.96011555,0
-3.1031284,-4.7297492,2.7145276,-0.41480398,-0.88952458,-0.19153041,0
-1.348655,-4.9661174,1.5662231,0.86976922,-0.44945216,0.20370165,0
1.8058037,0.93500268,2.0093346,0.86976922,-0.44945216,0.20370165,0
3.0582728,3.5387933,2.1674647,0.41480398,0.88952458,0.19153041,0
-0.24755597,-3.4272406,1.6248097,0.86976922,-0.44945216,0.20370165,0
3.5461111,4.4118099,-2.9953117,0.26728129,0.082091063,-0.96011555,0
-2.6950176,-4.1994791,-0.65714359,-0.41480398,-0.88952458,-0.19153041,0
0.14803606,3.7596593,1.2651837,-0.86976922,0.44945216,-0.20370165,0
-1.6244789,1.5559525,3.0689728,-0.86976922,0.44945216,-0.20370165,0
-3.3239594,-2.5860288,3.04444,-0.26728129,-0.082091063,0.96011555,0
0.60045505,0.21361613,4.3438592,0.86976922,-0.44945216,0.20370165,0
-0.38951421,0.68526173,4.0532317,-0.26728129,-0.082091063,0.96011555,0
2.6979783,3.779604,1.9959254,0.41480398,0.88952458,0.19153041,0
0.60737163,-2.4934325,-1.3095262,0.86976922,-0.44945216,0.20370165,0
-1.9763105,1.1186479,3.5870323,-0.86976922,0.44945216,-0.20370165,0
-1.345377,-2.4952307,-4.5495653,0.26728129,0.082091063,-0.96011555,0
2.5041161,1.0462606,-3.5011401,0.26728129,0.082091063,-0.96011555,0
4.3845749,4.1547308,-2.5438561,0.41480398,0.88952458,0.19153041,0
-1.4534516,-4.8143802,0.43258667,-0.41480398,-0.88952458,-0.19153041,0
0.13101745,-4.3705878,-4.4801393,0.26728129,0.082091063,-0.96011555,0
0.94516146,-1.7225708,-0.64732432,0.86976922,-0.44945216,0.20370165,0
2.0335028,4.9426985,-1.2348061,0.41480398,0.88952458,0.19153041,0
1.0968695,4.2307005,4.2044258,0.41480398,0.88952458,0.19153041,0
2.3949742,4.2063074,-2.932879,0.26728129,0.082091063,-0.96011555,0
-1.4658704,-4.6687641,-1.0874865,-0.41480398,-0.88952458,-0.19153041,0
-2.5793393,-3.1961815,3.0059772,-0.26728129,-0.082091063,0.96011555,0
-0.34935093,-0.76802993,4.1164808,-0.26728129,-0.082091063,0.96011555,0
3.8407547,4.2659655,-1.1279731,0.41480398,0.88952458,0.19153041,0
2.6075389,4.7169857,-1.9718304,0.41480398,0.88952458,0.19153041,0
1.2931943,3.7181149,-3.4054496,0.26728129,0.082091063,-0.96011555,0
-1.9190395,-4.6038179,-0.105165,-0.41480398,-0.88952458,-0.19153041,0
3.8402946,3.094933,-1.3397381,0.86976922,-0.44945216,0.20370165,0
3.1444409,4.3978305,-1.2322671,0.41480398,0.88952458,0.19153041,0
-2.6975865,-1.6626377,3.0679574,-0.26728129,-0.082091063,0.96011555,0
-0.99634314,-4.9008474,-0.29518223,-0.41480398,-0.88952458,-0.19153041,0
-1.4196,-4.4568672,-1.9533994,-0.41480398,-0.88952458,-0.19153041,0
-2.213501,-4.3669395,-0.88013077,-0.41480398,-0.88952458,-0.19153041,0
1.4662559,-1.3417011,-4.0175171,0.26728129,0.082091063,-0.96011555,0
2.1705585,3.8321481,4.1412005,0.41480398,0.88952458,0.19153041,0
-2.7683721,-2.013211,0.22669506,-0.86976922,0.44945216,-0.20370165,0
2.3168862,1.3413994,-3.2410512,0.26728129,0.082091063,-0.96011555,0
-2.9049249,-4.0424757,-0.88097906,-0.41480398,-0.88952458,-0.19153041,0
-1.152313,1.8607396,4.1139522,-0.26728129,-0.082091063,0.96011555,0
3.1705551,4.7482638,-2.6750295,0.41480398,0.88952458,0.19153041,0
1.1231121,3.0032897,4.5951099,-0.26728129,-0.082091063,0.96011555,0
-1.1963518,-4.3387933,-4.2971411,-0.41480398,-0.88952458,-0.19153041,0
-1.2570337,-4.1229978,-3.4226148,-0.41480398,-0.88952458,-0.19153041,0
0.76305294,2.6834471,-3.9091165,0.26728129,0.082091063,-0.96011555,0
1.3339273,-1.8674743,-2.8577671,0.86976922,-0.44945216,0.20370165,0
0.56791258,-2.3137467,-4.0973949,0.26728129,0.082091063,-0.96011555,0
-0.69592971,-4.3756018,-4.5124731,-0.41480398,-0.88952458,-0.19153041,0
0.40654051,-2.6462054,-4.3524294,0.26728129,0.082091063,-0.96011555,0
2.1425469,3.9670258,3.0921488,0.41480398,0.88952458,0.19153041,0
2.4413338,4.1062465,0.88300705,0.41480398,0.88952458,0.19153041,0
0.92664719,-1.4466957,-0.43006825,0.86976922,-0.44945216,0.20370165,0
1.1834807,-0.52678645,1.2229918,0.86976922,-0.44945216,0.20370165,0
-1.7657657,-1.2687764,3.5900059,-0.26728129,-0.082091063,0.96011555,0
-1.2017186,1.5250368,4.1426115,-0.26728129,-0.082091063,0.96011555,0
1.1687592,-1.8267729,-2.0197504,0.86976922,-0.44945216,0.20370165,0
-2.5114923,-3.2069879,3.2111559,-0.26728129,-0.082091063,0.96011555,0
-0.11999321,-1.7195094,3.2184224,0.86976922,-0.44945216,0.20370165,0
1.541189,4.3028803,3.2878251,0.41480398,0.88952458,0.19153041,0
-2.5553443,-4.3582802,0.090280056,-0.41480398,-0.88952458,-0.19153041,0
2.1001699,-1.0516225,-3.5538809,0.26728129,0.082091063,-0.96011555,0
-1.7440989,1.5501003,3.4583702,-0.86976922,0.44945216,-0.20370165,0
-1.7747874,-2.013164,3.5329323,-0.26728129,-0.082091063,0.96011555,0
1.3257718,-1.2056416,-1.2464911,0.86976922,-0.44945216,0.20370165,0
-2.773057,-4.7918296,2.9761729,-0.41480398,-0.88952458,-0.19153041,0
-2.1308634,-3.5005763,-4.3057451,-0.41480398,-0.88952458,-0.19153041,0
-2.4532247,-3.2594795,-5.0113168,-0.86976922,0.44945216,-0.20370165,0
-1.5963449,-5.025383,3.2369666,0.86976922,-0.44945216,0.20370165,0
-2.4753528,-3.9318242,-2.5681694,-0.41480398,-0.88952458,-0.19153041,0
-1.2995993,-4.1045728,-4.1601877,-0.41480398,-0.88952458,-0.19153041,0
-1.1274568,0.55375075,-2.1672153,-0.86976922,0.44945216,-0.20370165,0
1.1417321,-0.32039595,2.3211565,0.86976922,-0.44945216,0.20370165,0
-0.84049773,0.1782701,4.1062183,-0.26728129,-0.082091063,0.96011555,0
1.9012692,4.7665553,-0.99565005,0.41480398,0.88952458,0.19153041,0
3.0933881,3.6632216,3.1711149,0.86976922,-0.44945216,0.20370165,0
-2.1539118,-4.1216183,-2.0661862,-0.41480398,-0.88952458,-0.19153041,0
0.70175004,3.8900175,-1.3021549,-0.86976922,0.44945216,-0.20370165,0
1.6393185,0.24743187,-3.5818105,0.26728129,0.082091063,-0.96011555,0
-2.0876412,-1.5933435,-2.4912646,-0.86976922,0.44945216,-0.20370165,0
1.0309775,-0.74089479,1.6859244,0.86976922,-0.44945216,0.20370165,0
-3.4356213,-2.5418849,2.9464591,-0.26728129,-0.082091063,0.96011555,0
-2.555305,-3.4680567,3.3298731,-0.26728129,-0.082091063,0.96011555,0
1.8413393,1.12646,1.8121111,0.86976922,-0.44945216,0.20370165,0
1.6971631,3.9338493,-3.3235798,0.26728129,0.082091063,-0.96011555,0
2.312602,4.1843338,-3.0188169,0.26728129,0.082091063,-0.96011555,0
-2.576956,-3.6818349,2.9781947,-0.26728129,-0.082091063,0.96011555,0
-2.2796524,-4.7514524,0.050591946,-0.41480398,-0.88952458,-0.19153041,0
1.3375953,-1.3152119,-0.93942702,0.86976922,-0.44945216,0.20370165,0
-0.033206344,3.6930282,0.05275178,-0.86976922,0.44945216,-0.20370165,0
3.0958059,4.1567726,0.6453948,0.41480398,0.88952458,0.19153041,0
2.4772747,4.0751853,1.7167892,0.41480398,0.88952458,0.19153041,0
0.39621627,3.4748201,-0.46116555,-0.86976922,0.44945216,-0.20370165,0
3.8528814,3.2673342,-1.8024504,0.86976922,-0.44945216,0.20370165,0
-3.5674353,-4.1206384,1.2557139,-0.41480398,-0.88952458,-0.19153041,0
-0.84480524,-0.76391435,-4.6498871,0.26728129,0.082091063,-0.96011555,0
-2.2120934,-4.3100166,-0.72011137,-0.41480398,-0.88952458,-0.19153041,0
0.56109214,-2.0514874,0.82085705,0.86976922,-0.44945216,0.20370165,0
0.60525942,-1.8604131,-4.1548805,0.26728129,0.082091063,-0.96011555,0
2.4716811,3.0249462,3.5379512,0.86976922,-0.44945216,0.20370165,0
-2.9676836,-4.2431402,0.73784137,-0.41480398,-0.88952458,-0.19153041,0
-1.3436161,-0.55581427,-3.6619821,-0.86976922,0.44945216,-0.20370165,0
-0.87767482,2.2777536,1.1017559,-0.86976922,0.44945216,-0.20370165,0
-2.2694538,-4.9904623,1.0235488,-0.41480398,-0.88952458,-0.19153041,0
2.9660363,4.0593395,1.2420554,0.41480398,0.88952458,0.19153041,0
-3.8878477,-3.9867253,0.12637854,-0.41480398,-0.88952458,-0.19153041,0
-1.1367528,-3.1044502,-4.6355867,0.26728129,0.082091063,-0.96011555,0
-2.2758977,-1.5753317,3.5088658,-0.26728129,-0.082091063,0.96011555,0
3.287936,4.4507799,-0.72827244,0.41480398,0.88952458,0.19153041,0
-0.83291769,-1.0461416,3.7106228,-0.26728129,-0.082091063,0.96011555,0
1.016066,4.8770046,1.8352146,0.41480398,0.88952458,0.19153041,0
-2.0775065,-0.26938003,0.81551301,-0.86976922,0.44945216,-0.20370165,0
2.2701502,2.974318,4.6064453,0.86976922,-0.44945216,0.20370165,0
1.6352605,4.7376041,0.47162938,0.41480398,0.88952458,0.19153041,0
-2.4715331,-3.6848691,-2.8553636,-0.41480398,-0.88952458,-0.19153041,0
-3.3737764,-1.8830317,2.8178599,-0.86976922,0.44945216,-0.20370165,0
-0.032925118,4.957047,3.2193184,0.41480398,0.88952458,0.19153041,0
1.3072736,1.5619483,-3.6195049,0.26728129,0.082091063,-0.96011555,0
-1.802712,-4.2568064,-2.2440939,-0.41480398,-0.88952458,-0.19153041,0
-0.20236659,-2.4216332,2.0705795,0.86976922,-0.44945216,0.20370165,0
0.31882814,4.6124105,3.8414433,0.41480398,0.88952458,0.19153041,0
0.65852475,1.6823554,-3.7230344,0.26728129,0.082091063,-0.96011555,0
-3.190985,-2.9363999,-0.93280983,-0.86976922,0.44945216,-0.20370165,0
-0.85984206,-1.6691651,3.6795192,-0.26728129,-0.082091063,0.96011555,0
-1.9477154,1.1316751,3.4804015,-0.86976922,0.44945216,-0.20370165,0
-1.467623,0.98788285,3.8953023,-0.26728129,-0.082091063,0.96011555,0
-2.043396,-4.1687846,-2.0561316,-0.41480398,-0.88952458,-0.19153041,0
3.3066564,4.2636042,0.12897635,0.41480398,0.88952458,0.19153041,0
-2.7904994,-1.9133533,1.3072565,-0.86976922,0.44945216,-0.20370165,0
1.3875701,0.66264009,1.9470707,0.86976922,-0.44945216,0.20370165,0
3.0216074,3.527009,1.5797191,0.86976922,-0.44945216,0.20370165,0
3.8420091,3.9321868,0.31029749,0.41480398,0.88952458,0.19153041,0
2.8501637,4.7804937,-2.3397863,0.41480398,0.88952458,0.19153041,0
-2.4428716,-3.9694612,-1.9212883,-0.41480398,-0.88952458,-0.19153041,0
-1.9155984,-4.9117756,3.159234,-0.26728129,-0.082091063,0.96011555,0
1.708497,-0.38821554,-1.4658197,0.86976922,-0.44945216,0.20370165,0
1.1864207,4.9538374,-0.44633436,0.41480398,0.88952458,0.19153041,0
0.03300041,4.8700571,4.2601881,0.41480398,0.88952458,0.19153041,0
1.8208742,0.073717237,-3.7353067,0.26728129,0.082091063,-0.96011555,0
-1.4967625,-1.5299965,3.6273003,-0.26728129,-0.082091063,0.96011555,0
-0.74770784,-4.6103802,-3.8842409,-0.41480398,-0.88952458,-0.19153041,0
1.8887992,5.2026625,-1.4974494,0.41480398,0.88952458,0.19153041,0
2.2402425,5.3996277,-2.7810657,0.41480398,0.88952458,0.19153041,0
0.30460036,-3.0527537,-0.0076351166,0.86976922,-0.44945216,0.20370165,0
2.9397297,4.0947752,0.55141163,0.41480398,0.88952458,0.19153041,0
-1.617172,-4.7750983,-1.4548516,-0.41480398,-0.88952458,-0.19153041,0
1.4998075,1.8392957,4.9012485,-0.26728129,-0.082091063,0.96011555,0
2.253355,4.8181682,-1.7590795,0.41480398,0.88952458,0.19153041,0
-0.49418235,2.2957413,0.13288492,-0.86976922,0.44945216,-0.20370165,0
-2.257812,-4.617322,0.16694546,-0.41480398,-0.88952458,-0.19153041,0
-2.7104526,-2.9504931,-3.2474122,-0.86976922,0.44945216,-0.20370165,0
-0.86981064,2.2167745,1.361688,-0.86976922,0.44945216,-0.20370165,0
0.68990052,4.7359462,1.8778443,0.41480398,0.88952458,0.19153041,0
-1.5012836,1.9499346,3.7067213,-0.26728129,-0.082091063,0.96011555,0
1.063555,-1.7042615,-1.4721884,0.86976922,-0.44945216,0.20370165,0
0.16387418,4.3361707,2.3402555,-0.86976922,0.44945216,-0.20370165,0
1.0059235,-2.7869396,-3.1509032,0.86976922,-0.44945216,0.20370165,0
-4.0597167,-4.1315136,2.8096306,-0.26728129,-0.082091063,0.96011555,0
-0.74672818,-4.5933089,0.66795135,0.86976922,-0.44945216,0.20370165,0
-0.99499995,2.471688,2.4300506,-0.86976922,0.44945216,-0.20370165,0
-1.0634254,2.9020128,2.7088318,-0.86976922,0.44945216,-0.20370165,0
-0.62676346,2.5582533,0.84511292,-0.86976922,0.44945216,-0.20370165,0
-0.47508425,-4.8394651,-3.1509826,-0.41480398,-0.88952458,-0.19153041,0
-1.0175134,1.7013493,1.0012645,-0.86976922,0.44945216,-0.20370165,0
2.5208256,4.0278401,2.2344275,0.41480398,0.88952458,0.19153041,0
2.8504221,2.9679019,-3.1421924,0.26728129,0.082091063,-0.96011555,0
0.48713529,-3.1272926,-4.1355133,0.26728129,0.082091063,-0.96011555,0
0.47219825,-0.71038508,4.1700988,0.86976922,-0.44945216,0.20370165,0
-2.5590496,-3.8251669,-3.2640266,-0.41480398,-0.88952458,-0.19153041,0
0.26690078,2.1410251,-3.2301178,-0.86976922,0.44945216,-0.20370165,0
-3.6680303,-4.5252366,2.7581027,-0.41480398,-0.88952458,-0.19153041,0
2.8458848,0.33227345,-3.214812,0.86976922,-0.44945216,0.20370165,0
0.67115736,-2.211282,0.58198786,0.86976922,-0.44945216,0.20370165,0
0.039353609,-0.015752077,-4.2200212,0.26728129,0.082091063,-0.96011555,0
-0.23217261,2.2371438,-0.82694983,-0.86976922,0.44945216,-0.20370165,0
3.0059869,3.7714567,-3.0703521,0.26728129,0.082091063,-0.96011555,0
1.6807036,-0.58497703,-3.8310809,0.26728129,0.082091063,-0.96011555,0
0.23393083,4.2893915,4.653276,-0.26728129,-0.082091063,0.96011555,0
-2.3293419,-4.1012349,-3.055547,-0.41480398,-0.88952458,-0.19153041,0
1.9124086,1.2876691,-3.6559091,0.26728129,0.082091063,-0.96011555,0
0.92712629,-2.9375305,-3.1213031,0.86976922,-0.44945216,0.20370165,0
3.1532049,2.619596,0.018735409,0.86976922,-0.44945216,0.20370165,0
-0.11184692,4.0962095,1.7088814,-0.86976922,0.44945216,-0.20370165,0
2.4508286,0.49851915,-1.3065038,0.86976922,-0.44945216,0.20370165,0
0.45154786,-2.0618882,1.6271081,0.86976922,-0.44945216,0.20370165,0
-2.0233717,-2.1725905,-3.354944,-0.86976922,0.44945216,-0.20370165,0
0.49486041,-1.4523873,-4.324955,0.26728129,0.082091063,-0.96011555,0
4.4728689,4.0918121,-2.7142797,0.26728129,0.082091063,-0.96011555,0
-3.0306921,-4.7484822,2.7036884,-0.41480398,-0.88952458,-0.19153041,0
0.93161774,4.920886,0.23156428,0.41480398,0.88952458,0.19153041,0
-0.86564624,3.3036087,3.7167225,-0.86976922,0.44945216,-0.20370165,0
0.070953608,1.9637778,4.4790831,-0.26728129,-0.082091063,0.96011555,0
1.1181122,4.9024081,1.7336743,0.41480398,0.88952458,0.19153041,0
1.5433493,4.7867503,-3.0191698,-0.86976922,0.44945216,-0.20370165,0
-0.62499905,-1.7315812,-4.4751348,0.26728129,0.082091063,-0.96011555,0
2.8704662,4.2456126,0.5426116,0.41480398,0.88952458,0.19153041,0
-0.90795106,-4.6854343,-2.2570798,-0.41480398,-0.88952458,-0.19153041,0
-2.7142167,-3.8364162,-3.1844773,-0.41480398,-0.88952458,-0.19153041,0
-3.8287408,-3.5551622,2.0001464,-0.86976922,0.44945216,-0.20370165,0
-0.74839807,-3.053987,-4.724103,0.26728129,0.082091063,-0.96011555,0
-0.025500298,-3.4153309,-0.88437045,0.86976922,-0.44945216,0.20370165,0
-0.51159805,2.5958879,-0.11500716,-0.86976922,0.44945216,-0.20370165,0
-0.86642814,-0.34833074,-4.4002686,0.26728129,0.082091063,-0.96011555,0
2.3733282,4.5935969,-3.1579759,0.26728129,0.082091063,-0.96011555,0
0.24553537,2.4987793,-3.1932702,-0.86976922,0.44945216,-0.20370165,0
-1.6897843,-4.6835551,-1.1711376,-0.41480398,-0.88952458,-0.19153041,0
2.6160476,2.6049366,-3.2603395,0.26728129,0.082091063,-0.96011555,0
2.6609218,4.6514134,-1.3772781,0.41480398,0.88952458,0.19153041,0
-0.59395647,-4.7187147,-2.6214237,-0.41480398,-0.88952458,-0.19153041,0
-0.43656278,-0.0091366768,4.2181172,-0.26728129,-0.082091063,0.96011555,0
0.96049845,1.1654258,4.659132,-0.26728129,-0.082091063,0.96011555,0
2.3192663,4.882638,-2.5636313,0.41480398,0.88952458,0.19153041,0
0.63999391,3.6350985,-1.7097268,-0.86976922,0.44945216,-0.20370165,0
3.0763311,1.9331439,-0.78949022,0.86976922,-0.44945216,0.20370165,0
1.443861,-0.41377878,0.015547931,0.86976922,-0.44945216,0.20370165,0
2.9660163,3.7621956,1.4278345,0.41480398,0.88952458,0.19153041,0
-3.7884943,-3.3264897,1.6856112,-0.86976922,0.44945216,-0.20370165,0
1.7348076,4.2357016,3.1202044,0.41480398,0.88952458,0.19153041,0
-1.4150498,0.32475674,-0.66117775,-0.86976922,0.44945216,-0.20370165,0
-3.366276,-2.6070814,1.4421401,-0.86976922,0.44945216,-0.20370165,0
-0.58105755,-1.2095189,-4.4997559,0.26728129,0.082091063,-0.96011555,0
-0.30287063,-4.1777968,-1.2183542,0.86976922,-0.44945216,0.20370165,0
0.78899294,4.444603,3.5182745,0.41480398,0.88952458,0.19153041,0
0.87235117,4.887867,1.3630028,0.41480398,0.88952458,0.19153041,0
1.9523787,4.4034615,0.41038179,0.41480398,0.88952458,0.19153041,0
3.5288177,2.9153876,-1.1364193,0.86976922,-0.44945216,0.20370165,0
1.8820817,-0.31992263,-3.8268769,0.26728129,0.082091063,-0.96011555,0
-1.3469844,0.32376409,-0.84663099,-0.86976922,0.44945216,-0.20370165,0
-1.9285169,-5.2474194,2.5662482,-0.41480398,-0.88952458,-0.19153041,0
0.21552575,-4.0504808,-2.6553786,0.86976922,-0.44945216,0.20370165,0
-4.0612874,-3.392921,1.511533,-0.86976922,0.44945216,-0.20370165,0
-0.91578901,2.0800395,4.0117073,-0.26728129,-0.082091063,0.96011555,0
1.5599877,4.0243125,4.7715111,0.41480398,0.88952458,0.19153041,0
-3.2534795,-3.877234,-1.9473596,-0.41480398,-0.88952458,-0.19153041,0
1.8760591,5.0544891,-1.5521593,0.41480398,0.88952458,0.19153041,0
1.0420496,1.4849637,-3.6761079,0.26728129,0.082091063,-0.96011555,0
1.4226236,-1.3446219,-3.8964314,0.26728129,0.082091063,-0.96011555,0
-2.4026065,-3.130384,-3.5272105,-0.86976922,0.44945216,-0.20370165,0
-0.37414938,3.2143362,0.88891435,-0.86976922,0.44945216,-0.20370165,0
2.2013659,4.6293139,0.29026508,0.41480398,0.88952458,0.19153041,0
-2.553849,-1.5336571,3.3403077,-0.26728129,-0.082091063,0.96011555,0
-0.83388209,-0.48123431,-4.4160419,0.26728129,0.082091063,-0.96011555,0
-2.6109862,-3.729459,-3.7508185,-0.41480398,-0.88952458,-0.19153041,0
-1.7658631,1.3961852,3.1288292,-0.86976922,0.44945216,-0.20370165,0
3.8544853,3.6612492,-2.9016364,0.26728129,0.082091063,-0.96011555,0
0.50708938,-1.3003656,-4.2779403,0.26728129,0.082091063,-0.96011555,0
-0.92411214,-4.1068749,-4.0992537,-0.41480398,-0.88952458,-0.19153041,0
1.2578955,3.0988083,-3.5642853,0.26728129,0.082091063,-0.96011555,0
-2.4954901,-4.6740136,1.9186461,-0.41480398,-0.88952458,-0.19153041,0
-2.2689714,-2.8873944,-4.4724703,-0.86976922,0.44945216,-0.20370165,0
-1.1523986,-5.2534599,1.5441544,-0.41480398,-0.88952458,-0.19153041,0
0.93039489,1.6063597,4.6173563,-0.26728129,-0.082091063,0.96011555,0
-1.602675,-5.3199434,2.0878739,0.86976922,-0.44945216,0.20370165,0
-1.3343594,1.102376,0.215407,-0.86976922,0.44945216,-0.20370165,0
-0.10849547,-2.8136389,-4.5379033,0.26728129,0.082091063,-0.96011555,0
-3.7680073,-3.2999625,1.1472566,-0.86976922,0.44945216,-0.20370165,0
0.58113158,-2.192462,-0.81710392,0.86976922,-0.44945216,0.20370165,0
-0.13532114,-4.0495524,-4.4007339,0.26728129,0.082091063,-0.96011555,0
-2.9677901,-2.9050567,3.2532809,-0.26728129,-0.082091063,0.96011555,0
0.049603462,-1.590138,2.8939743,0.86976922,-0.44945216,0.20370165,0
1.5746152,1.066712,2.8647001,0.86976922,-0.44945216,0.20370165,0
1.5109534,5.4144783,-1.5178919,0.41480398,0.88952458,0.19153041,0
-1.2922775,-2.477977,-4.8586111,0.26728129,0.082091063,-0.96011555,0
-2.4675541,-2.024421,-1.6917734,-0.86976922,0.44945216,-0.20370165,0
-1.1861509,2.8592052,3.9952021,-0.86976922,0.44945216,-0.20370165,0
1.8625433,5.1171112,-1.8052783,0.41480398,0.88952458,0.19153041,0
-3.1092737,-2.1898873,3.0759327,-0.26728129,-0.082091063,0.96011555,0
2.9093096,2.6795802,1.3495951,0.86976922,-0.44945216,0.20370165,0
2.6044195,4.497756,-1.0544012,0.41480398,0.88952458,0.19153041,0
-3.1124959,-1.9625967,2.3080091,-0.86976922,0.44945216,-0.20370165,0
0.76083159,1.5063729,-3.7019451,0.26728129,0.082091063,-0.96011555,0
1.9757705,4.6903572,-0.18767047,0.41480398,0.88952458,0.19153041,0
0.54733324,3.7018106,-1.1081167,-0.86976922,0.44945216,-0.20370165,0
2.4116855,2.4380758,2.2254348,0.86976922,-0.44945216,0.20370165,0
2.4251151,4.2975349,1.006978,0.41480398,0.88952458,0.19153041,0
0.16172171,-2.9786005,-0.27934945,0.86976922,-0.44945216,0.20370165,0
2.885936,2.8922803,-3.0670764,0.26728129,0.082091063,-0.96011555,0
-3.7795587,-4.5674515,2.2632911,-0.41480398,-0.88952458,-0.19153041,0
0.56440032,-1.7891629,1.0447239,0.86976922,-0.44945216,0.20370165,0
-1.8381352,-0.10551953,3.7187569,-0.26728129,-0.082091063,0.96011555,0
-0.67175567,-2.6535683,-4.4240856,0.26728129,0.082091063,-0.96011555,0
0.53334033,-3.0564721,-4.1457801,0.26728129,0.082091063,-0.96011555,0
0.49054372,-1.3929906,1.3311677,0.86976922,-0.44945216,0.20370165,0
-1.2164748,0.22343743,3.9213562,-0.26728129,-0.082091063,0.96011555,0
1.2173475,2.0163488,4.5617857,-0.26728129,-0.082091063,0.96011555,0
0.38246942,1.67375,4.3893633,-0.26728129,-0.082091063,0.96011555,0
-0.33077645,-0.041683197,-4.2912307,0.26728129,0.082091063,-0.96011555,0
2.1806154,3.7526691,3.3068197,0.41480398,0.88952458,0.19153041,0
1.2555482,2.0624137,4.8401508,-0.26728129,-0.082091063,0.96011555,0
0.65581524,-2.9044943,-1.8842378,0.86976922,-0.44945216,0.20370165,0
0.1275745,-4.7583408,-4.2623982,-0.41480398,-0.88952458,-0.19153041,0
-0.77015018,-4.486269,-3.9781487,-0.41480398,-0.88952458,-0.19153041,0
-2.3811917,-4.3010478,-0.5383358,-0.41480398,-0.88952458,-0.19153041,0
0.53856969,2.4286008,4.4180384,-0.26728129,-0.082091063,0.96011555,0
-0.44666427,-4.8986216,-2.3069525,-0.41480398,-0.88952458,-0.19153041,0
-0.12851906,1.011086,-4.2368426,0.26728129,0.082091063,-0.96011555,0
-4.1627941,-4.2604508,2.4259508,-0.41480398,-0.88952458,-0.19153041,0
1.3400195,1.7933177,4.698597,-0.26728129,-0.082091063,0.96011555,0
-2.9633434,-3.4852426,-2.2228932,-0.86976922,0.44945216,-0.20370165,0
-1.2511859,-2.6384807,3.6670475,-0.26728129,-0.082091063,0.96011555,0
-0.2098757,4.986865,4.1207042,0.41480398,0.88952458,0.19153041,0
-3.9127426,-4.1717181,1.5847785,-0.41480398,-0.88952458,-0.19153041,0
2.7125235,4.3655243,-0.67175364,0.41480398,0.88952458,0.19153041,0
2.5019119,2.306695,1.9165516,0.86976922,-0.44945216,0.20370165,0
2.0821965,-0.40024954,-1.5224845,0.86976922,-0.44945216,0.20370165,0
3.8860848,2.9426556,-2.2453353,0.86976922,-0.44945216,0.20370165,0
0.17319942,3.1877246,4.4207926,-0.26728129,-0.082091063,0.96011555,0
-1.5053985,-1.5475048,3.6000671,-0.26728129,-0.082091063,0.96011555,0
3.8527076,3.7881856,-1.4841373,0.86976922,-0.44945216,0.20370165,0
3.0060017,3.80355,1.2488942,0.41480398,0.88952458,0.19153041,0
-1.2602308,-5.2009792,0.42498732,-0.41480398,-0.88952458,-0.19153041,0
1.6081424,2.9910245,4.8122177,-0.26728129,-0.082091063,0.96011555,0
0.75000966,-3.4036841,-3.1428401,0.86976922,-0.44945216,0.20370165,0
-3.7510593,-4.1740823,1.810873,-0.41480398,-0.88952458,-0.19153041,0
-1.2225981,-4.6938615,-1.447818,-0.41480398,-0.88952458,-0.19153041,0
0.14012456,4.7212243,3.4601929,0.41480398,0.88952458,0.19153041,0
1.7868311,-1.2130233,-3.0761862,0.86976922,-0.44945216,0.20370165,0
-0.21660818,-4.8459506,-3.2317214,-0.41480398,-0.88952458,-0.19153041,0
-1.9511467,-4.1771059,-2.8959384,-0.41480398,-0.88952458,-0.19153041,0
-2.8635244,-3.8687496,-1.284596,-0.41480398,-0.88952458,-0.19153041,0
0.1944392,4.5425034,3.7288563,0.41480398,0.88952458,0.19153041,0
-0.99932718,-4.9883647,0.41816211,0.86976922,-0.44945216,0.20370165,0
-1.4670198,-0.62441766,3.7816706,-0.26728129,-0.082091063,0.96011555,0
1.1116266,2.0772481,-3.6154618,0.26728129,0.082091063,-0.96011555,0
-2.1421804,-4.5133357,3.1743655,-0.26728129,-0.082091063,0.96011555,0
1.7932051,4.2182407,2.6306126,0.41480398,0.88952458,0.19153041,0
2.483994,2.5896518,2.7763307,0.86976922,-0.44945216,0.20370165,0
-1.2043576,-3.4254704,-4.7507696,0.26728129,0.082091063,-0.96011555,0
0.39979744,-0.36522174,-4.291194,0.26728129,0.082091063,-0.96011555,0
-2.1457543,-2.1361055,-2.3290672,-0.86976922,0.44945216,-0.20370165,0
-1.6631365,-1.0443518,3.6724484,-0.26728129,-0.082091063,0.96011555,0
-0.72353625,-2.0639846,3.6857581,-0.26728129,-0.082091063,0.96011555,0
-2.043957,-2.2125268,3.4978755,-0.26728129,-0.082091063,0.96011555,0
-3.5789089,-4.0118961,1.1720481,-0.41480398,-0.88952458,-0.19153041,0
2.4024739,0.54417324,-1.5057399,0.86976922,-0.44945216,0.20370165,0
-2.4369173,-0.90251952,0.64094925,-0.86976922,0.44945216,-0.20370165,0
0.15124989,-1.360025,-4.2754464,0.26728129,0.082091063,-0.96011555,0
-2.2711914,-2.2524188,3.3100634,-0.26728129,-0.082091063,0.96011555,0
-2.3775697,-1.2044551,3.3234839,-0.26728129,-0.082091063,0.96011555,0
-1.1753614,-4.5761895,-1.8547349,-0.41480398,-0.88952458,-0.19153041,0
2.3035715,3.5751781,5.0842309,0.41480398,0.88952458,0.19153041,0
-1.9595363,-4.5636063,-0.34327936,-0.41480398,-0.88952458,-0.19153041,0
-0.54736376,-3.5190356,1.2473809,0.86976922,-0.44945216,0.20370165,0
3.0881062,2.4574749,-0.059804916,0.86976922,-0.44945216,0.20370165,0
-1.7382846,-4.0816641,-4.4198112,-0.41480398,-0.88952458,-0.19153041,0
-2.4099393,-5.1764913,3.2381697,-0.26728129,-0.082091063,0.96011555,0
0.70605397,0.093147039,3.7730765,0.86976922,-0.44945216,0.20370165,0
0.31978953,4.1096463,0.50149441,-0.86976922,0.44945216,-0.20370165,0
-1.8515136,-4.4894185,-0.83377814,-0.41480398,-0.88952458,-0.19153041,0
0.21185756,2.1802521,-2.6980612,-0.86976922,0.44945216,-0.20370165,0
2.1881273,3.5242391,4.9606771,-0.26728129,-0.082091063,0.96011555,0
-1.5596522,1.6594996,3.8420751,-0.26728129,-0.082091063,0.96011555,0
-1.8549336,-2.969532,-4.7526898,0.26728129,0.082091063,-0.96011555,0
2.0884831,3.1894417,5.1622372,-0.26728129,-0.082091063,0.96011555,0
2.9287052,1.4330322,-3.2263713,0.26728129,0.082091063,-0.96011555,0
2.4688654,3.706054,-3.0763881,0.26728129,0.082091063,-0.96011555,0
-1.4355431,-5.2342834,0.66571999,-0.41480398,-0.88952458,-0.19153041,0
-3.545882,-2.7258348,2.4836309,-0.86976922,0.44945216,-0.20370165,0
-3.0108318,-1.9676275,3.1276078,-0.26728129,-0.082091063,0.96011555,0
-0.78604037,-4.5390272,-4.0783796,-0.41480398,-0.88952458,-0.19153041,0
0.16584492,2.4299059,-1.7775124,-0.86976922,0.44945216,-0.20370165,0
3.2668252,4.4379287,-2.0702462,0.41480398,0.88952458,0.19153041,0
2.3537199,4.2092209,1.4003468,0.41480398,0.88952458,0.19153041,0
1.2514551,-0.93837827,-3.9658079,0.26728129,0.082091063,-0.96011555,0
-0.59012461,-1.4185941,3.9696593,-0.26728129,-0.082091063,0.96011555,0
-3.1310031,-4.4532595,1.5652833,-0.41480398,-0.88952458,-0.19153041,0
0.34539104,0.71220756,-4.032691,0.26728129,0.082091063,-0.96011555,0
2.7018464,4.5715852,-0.021168709,0.41480398,0.88952458,0.19153041,0
0.25819802,-2.5727103,-4.1170959,0.26728129,0.082091063,-0.96011555,0
-3.1311009,-2.5196221,2.907131,-0.26728129,-0.082091063,0.96011555,0
1.707376,4.8366337,0.22391415,0.41480398,0.88952458,0.19153041,0
1.6722428,-1.4941871,-2.9966228,0.86976922,-0.44945216,0.20370165,0
1.206671,4.5446944,2.4670269,0.41480398,0.88952458,0.19153041,0
-0.74908078,3.0999784,3.4512448,-0.86976922,0.44945216,-0.20370165,0
-0.55451536,1.7896215,-1.0834348,-0.86976922,0.44945216,-0.20370165,0
-2.3233097,-4.9305649,0.94013405,-0.41480398,-0.88952458,-0.19153041,0
0.57006621,5.0248528,0.39941788,-0.86976922,0.44945216,-0.20370165,0
1.5562588,1.132049,2.4113951,0.86976922,-0.44945216,0.20370165,0
0.314192,-3.004159,-0.25382829,0.86976922,-0.44945216,0.20370165,0
-3.9677427,-4.1722445,1.8132772,-0.41480398,-0.88952458,-0.19153041,0
-0.18949318,2.9554291,-0.53030288,-0.86976922,0.44945216,-0.20370165,0
2.536582,4.0999546,-3.2122953,0.26728129,0.082091063,-0.96011555,0
-4.1646709,-3.2988591,2.552644,-0.26728129,-0.082091063,0.96011555,0
-2.5436449,-4.393548,0.55227566,-0.41480398,-0.88952458,-0.19153041,0
3.0542517,4.1933446,-3.0146515,0.26728129,0.082091063,-0.96011555,0
-2.452404,-4.4450111,-0.40176964,-0.41480398,-0.88952458,-0.19153041,0
1.9184666,4.8136911,-3.0601604,0.26728129,0.082091063,-0.96011555,0
2.0806518,4.9584494,-1.2642651,0.41480398,0.88952458,0.19153041,0
3.6796935,2.9073992,-1.1833231,0.86976922,-0.44945216,0.20370165,0
1.0968754,4.6054144,-1.7604047,-0.86976922,0.44945216,-0.20370165,0
2.395247,4.3355861,0.7935195,0.41480398,0.88952458,0.19153041,0
1.0089275,-1.5867175,-0.93259555,0.86976922,-0.44945216,0.20370165,0
1.5461526,3.0060439,-3.6168048,0.26728129,0.082091063,-0.96011555,0
-0.72147274,-4.5962429,-3.4519448,-0.41480398,-0.88952458,-0.19153041,0
0.97777367,-3.2447355,-3.7034602,0.86976922,-0.44945216,0.20370165,0
3.5018024,4.3094993,-1.3379502,0.41480398,0.88952458,0.19153041,0
-1.4576323,-4.6467996,-0.4160676,-0.41480398,-0.88952458,-0.19153041,0
2.9403996,1.1711661,-3.2350004,0.86976922,-0.44945216,0.20370165,0
2.0565138,4.0906982,3.1983864,0.41480398,0.88952458,0.19153041,0
0.16878915,1.0436233,4.0988121,-0.26728129,-0.082091063,0.96011555,0
-2.8260431,-3.6405582,-2.3510847,-0.41480398,-0.88952458,-0.19153041,0
0.55404401,-2.0180795,-4.2031183,0.26728129,0.082091063,-0.96011555,0
0.00021255016,-3.1414499,-4.2959013,0.26728129,0.082091063,-0.96011555,0
0.6970942,-2.9916608,-4.3963614,0.26728129,0.082091063,-0.96011555,0
-3.451474,-3.7653334,-0.26686335,-0.41480398,-0.88952458,-0.19153041,0
-2.2082345,0.78220135,3.6920633,-0.26728129,-0.082091063,0.96011555,0
0.66013789,0.55313563,4.4187603,-0.26728129,-0.082091063,0.96011555,0
-1.1969471,-3.4740863,3.4520121,-0.26728129,-0.082091063,0.96011555,0
3.3799219,4.6732082,-2.0931437,0.41480398,0.88952458,0.19153041,0
0.23035085,-2.5392792,0.13417041,0.86976922,-0.44945216,0.20370165,0
0.12233996,0.45867562,4.0467796,-0.26728129,-0.082091063,0.96011555,0
-1.3267939,-4.5644226,-2.9474697,-0.41480398,-0.88952458,-0.19153041,0
0.5296365,-3.3459921,-2.2272885,0.86976922,-0.44945216,0.20370165,0
-0.26647139,-2.1517715,2.9152322,0.86976922,-0.44945216,0.20370165,0
1.6073824,0.54888397,0.87215805,0.86976922,-0.44945216,0.20370165,0
1.1549623,4.4922237,2.2858193,0.41480398,0.88952458,0.19153041,0
-3.1759729,-4.5820851,2.7423866,-0.26728129,-0.082091063,0.96011555,0
3.5502877,4.3687515,-2.637701,0.26728129,0.082091063,-0.96011555,0
-1.7812307,-4.2671452,-2.4264631,-0.41480398,-0.88952458,-0.19153041,0
0.23527408,4.0741277,4.4807291,-0.26728129,-0.082091063,0.96011555,0
-1.3698723,-1.6465844,-4.8590498,0.26728129,0.082091063,-0.96011555,0
3.0414364,3.7101099,2.3056974,0.41480398,0.88952458,0.19153041,0
0.50598073,4.5121241,3.4823067,0.41480398,0.88952458,0.19153041,0
0.85352206,4.2927361,-2.0408821,-0.86976922,0.44945216,-0.20370165,0
1.0515924,4.32129,-2.5149739,-0.86976922,0.44945216,-0.20370165,0
3.1644349,4.3508687,-1.4378841,0.41480398,0.88952458,0.19153041,0
-1.3982272,-3.9212823,-4.0767794,-0.41480398,-0.88952458,-0.19153041,0
-0.89582348,-5.0362425,-1.2421839,-0.41480398,-0.88952458,-0.19153041,0
0.55194819,-3.9306917,-3.2741251,0.86976922,-0.44945216,0.20370165,0
-0.89957023,2.2788019,2.1849751,-0.86976922,0.44945216,-0.20370165,0
3.9233429,4.3967891,-2.1372161,0.41480398,0.88952458,0.19153041,0
0.13909316,1.6795244,4.3012109,-0.26728129,-0.082091063,0.96011555,0
-1.0003294,-4.3134279,-4.2000699,-0.41480398,-0.88952458,-0.19153041,0
-0.59271044,-4.5214243,-3.8084476,-0.41480398,-0.88952458,-0.19153041,0
2.3000274,5.3472838,-2.8403258,0.41480398,0.88952458,0.19153041,0
0.88039517,2.5463207,4.467618,-0.26728129,-0.082091063,0.96011555,0
-3.9090738,-2.9668975,2.4677651,-0.86976922,0.44945216,-0.20370165,0
2.2882438,2.9308448,3.7278492,0.86976922,-0.44945216,0.20370165,0
1.5499592,-0.088264704,0.83482838,0.86976922,-0.44945216,0.20370165,0
-0.48125267,-1.7905507,3.878387,-0.26728129,-0.082091063,0.96011555,0
2.1656787,1.61727,2.2344756,0.86976922,-0.44945216,0.20370165,0
1.233243,4.3803053,-2.6981447,-0.86976922,0.44945216,-0.20370165,0
-2.2983727,-4.1878757,-1.9563394,-0.41480398,-0.88952458,-0.19153041,0
-0.38910314,3.3995924,1.6730279,-0.86976922,0.44945216,-0.20370165,0
2.1201549,4.1950808,2.752346,0.41480398,0.88952458,0.19153041,0
-3.2666678,-2.4152102,1.2939789,-0.86976922,0.44945216,-0.20370165,0
2.5219436,4.2952843,1.0987363,0.41480398,0.88952458,0.19153041,0
-0.081640482,-0.88248968,-4.1515756,0.26728129,0.082091063,-0.96011555,0
0.31089401,4.8145423,1.6318116,-0.86976922,0.44945216,-0.20370165,0
0.76655209,2.5529087,4.4313974,-0.26728129,-0.082091063,0.96011555,0
2.2332268,5.156539,-3.0009279,0.41480398,0.88952458,0.19153041,0
-0.30308548,3.3168871,1.6307617,-0.86976922,0.44945216,-0.20370165,0
-3.6708174,-4.0021639,2.7280929,-0.26728129,-0.082091063,0.96011555,0
-0.0099811554,-4.4705372,-1.6516235,0.86976922,-0.44945216,0.20370165,0
3.6002364,4.052546,-0.40789318,0.41480398,0.88952458,0.19153041,0
1.7880456,4.4032774,2.2836621,0.41480398,0.88952458,0.19153041,0
-3.0870786,-4.2122116,3.0158329,-0.26728129,-0.082091063,0.96011555,0
-2.2755482,-2.023689,-1.654423,-0.86976922,0.44945216,-0.20370165,0
0.45937943,4.471108,-0.18889284,-0.86976922,0.44945216,-0.20370165,0
-2.2448351,-4.1115885,-2.5098276,-0.41480398,-0.88952458,-0.19153041,0
-2.244379,-3.8955584,-2.2227454,-0.41480398,-0.88952458,-0.19153041,0
1.0792013,-0.31291103,1.7174222,0.86976922,-0.44945216,0.20370165,0
-1.7942679,-4.6950378,-0.12473679,-0.41480398,-0.88952458,-0.19153041,0
-0.22049046,-2.2134111,-4.6000361,0.26728129,0.082091063,-0.96011555,0
2.0494971,1.67275,2.0426242,0.86976922,-0.44945216,0.20370165,0
2.2729576,3.0949996,-3.3469079,0.26728129,0.082091063,-0.96011555,0
4.3659348,3.7982898,-2.1725819,0.86976922,-0.44945216,0.20370165,0
-1.2926209,-3.6411982,-4.7650046,0.26728129,0.082091063,-0.96011555,0
0.44816601,2.2314703,4.6120267,-0.26728129,-0.082091063,0.96011555,0
-1.8698742,-2.7999752,3.5862856,-0.26728129,-0.082091063,0.96011555,0
-3.161232,-1.1094202,3.2942846,-0.86976922,0.44945216,-0.20370165,0
-1.5715864,-5.0847321,0.47826266,-0.41480398,-0.88952458,-0.19153041,0
2.9328499,4.3358026,-2.8964109,0.26728129,0.082091063,-0.96011555,0
-2.4880245,-3.9796491,-3.0217967,-0.41480398,-0.88952458,-0.19153041,0
-0.54450059,-1.3474425,3.9377327,-0.26728129,-0.082091063,0.96011555,0
0.81289911,-0.27451479,-4.010736,0.26728129,0.082091063,-0.96011555,0
1.4094758,4.4173441,3.5450408,0.41480398,0.88952458,0.19153041,0
-2.6069515,-0.31701452,3.4351766,-0.86976922,0.44945216,-0.20370165,0
-2.4596763,-3.5381505,-3.487709,-0.41480398,-0.88952458,-0.19153041,0
-0.75802398,-4.114841,1.1690341,0.86976922,-0.44945216,0.20370165,0
1.9619236,5.2821922,-2.8565931,0.41480398,0.88952458,0.19153041,0
1.2833747,-0.35099089,1.4084938,0.86976922,-0.44945216,0.20370165,0
-1.4227054,-4.4957209,-1.8652921,-0.41480398,-0.88952458,-0.19153041,0
-1.8602883,0.14381284,0.35634816,-0.86976922,0.44945216,-0.20370165,0
-0.50302541,3.1349454,2.3525805,-0.86976922,0.44945216,-0.20370165,0
-1.7205535,-4.3911858,-0.95674753,-0.41480398,-0.88952458,-0.19153041,0
-1.019691,-1.7418181,3.7859533,-0.26728129,-0.082091063,0.96011555,0
-0.56944299,-2.546705,3.3492413,0.86976922,-0.44945216,0.20370165,0
-1.9087453,0.91781867,3.8885801,-0.26728129,-0.082091063,0.96011555,0
-1.6849692,1.3392842,3.8469169,-0.26728129,-0.082091063,0.96011555,0
-2.2385359,-1.9309491,3.4490297,-0.26728129,-0.082091063,0.96011555,0
1.9824076,3.9073141,-3.3587208,0.26728129,0.082091063,-0.96011555,0
0.5714426,1.9068742,-3.9400067,0.26728129,0.082091063,-0.96011555,0
1.2075834,0.57508886,-3.7708964,0.26728129,0.082091063,-0.96011555,0
1.244234,4.3474884,3.4533808,0.41480398,0.88952458,0.19153041,0
-0.23602164,-3.6417572,-0.28681588,0.86976922,-0.44945216,0.20370165,0
0.059548795,4.7129459,3.2205822,0.41480398,0.88952458,0.19153041,0
-3.9146872,-3.8822923,0.97050953,-0.41480398,-0.88952458,-0.19153041,0
-0.59689999,-4.4714527,-3.3813043,-0.41480398,-0.88952458,-0.19153041,0
-0.022535883,4.8798275,3.2833467,-0.86976922,0.44945216,-0.20370165,0
0.31208375,-4.1751471,-2.9030612,0.86976922,-0.44945216,0.20370165,0
-3.2589798,-3.4285474,-0.98790503,-0.86976922,0.44945216,-0.20370165,0
0.59738851,-4.2426615,-4.2310748,0.26728129,0.082091063,-0.96011555,0
-0.28577542,3.5311384,4.508812,-0.26728129,-0.082091063,0.96011555,0
1.5987327,-1.6363025,-2.4240716,0.86976922,-0.44945216,0.20370165,0
0.40204781,4.4883537,3.7597499,0.41480398,0.88952458,0.19153041,0
1.8921945,1.8571908,-3.5179572,0.26728129,0.082091063,-0.96011555,0
3.8137097,4.1705484,-1.7911844,0.41480398,0.88952458,0.19153041,0
1.8086981,3.6603539,4.7943549,0.41480398,0.88952458,0.19153041,0
-3.2037089,-2.5921645,1.0142105,-0.86976922,0.44945216,-0.20370165,0
-0.70362568,0.39913988,-3.6101601,-0.86976922,0.44945216,-0.20370165,0
-1.2013545,-4.4553404,2.2319579,0.86976922,-0.44945216,0.20370165,0
-3.1188493,-4.4539628,1.6799364,-0.41480398,-0.88952458,-0.19153041,0
-3.0493019,-4.1425176,0.62414217,-0.41480398,-0.88952458,-0.19153041,0
-0.10610986,-2.523385,-4.3210201,0.26728129,0.082091063,-0.96011555,0
2.7113411,4.5157499,0.1697979,0.41480398,0.88952458,0.19153041,0
3.7386496,4.1244612,-0.55254936,0.41480398,0.88952458,0.19153041,0
0.91009021,5.169076,0.41897988,0.41480398,0.88952458,0.19153041,0
3.3254228,3.6873047,-2.8987851,0.26728129,0.082091063,-0.96011555,0
-0.91953135,-4.4776387,1.3218343,0.86976922,-0.44945216,0.20370165,0
-2.0300825,-4.9272985,1.8883212,-0.41480398,-0.88952458,-0.19153041,0
2.2624445,0.016712606,-2.5766115,0.86976922,-0.44945216,0.20370165,0
0.57822132,0.56888127,4.5309329,-0.26728129,-0.082091063,0.96011555,0
3.4941308,2.037478,-2.8879938,0.86976922,-0.44945216,0.20370165,0
3.6329122,4.2053008,-0.86672878,0.41480398,0.88952458,0.19153041,0
2.3176837,2.3539176,2.1776619,0.86976922,-0.44945216,0.20370165,0
4.1387529,3.9092464,-2.7568369,0.26728129,0.082091063,-0.96011555,0
0.11802602,3.3951044,-0.92527461,-0.86976922,0.44945216,-0.20370165,0
3.0045109,4.5131145,-3.0009646,0.26728129,0.082091063,-0.96011555,0
-0.17124379,-3.6064084,-0.70956898,0.86976922,-0.44945216,0.20370165,0
1.1299953,3.9195685,-3.0179634,-0.86976922,0.44945216,-0.20370165,0
1.7288315,0.41229725,1.7901115,0.86976922,-0.44945216,0.20370165,0
-0.68330431,2.6212699,4.1221476,-0.26728129,-0.082091063,0.96011555,0
-3.7410805,-3.0304372,1.3013868,-0.86976922,0.44945216,-0.20370165,0
0.99557495,4.8436499,2.0586367,0.41480398,0.88952458,0.19153041,0
1.3278145,4.9408216,1.2763855,0.41480398,0.88952458,0.19153041,0
1.6550475,-1.8501309,-3.971355,0.26728129,0.082091063,-0.96011555,0
-3.1645799,-1.9539555,0.98355174,-0.86976922,0.44945216,-0.20370165,0
1.6115212,2.1452386,-3.4663761,0.26728129,0.082091063,-0.96011555,0
2.4689553,2.5456057,2.393739,0.86976922,-0.44945216,0.20370165,0
-2.4910319,-4.985693,1.4953907,-0.41480398,-0.88952458,-0.19153041,0
-3.7291667,-3.6320231,2.8756194,-0.26728129,-0.082091063,0.96011555,0
2.099067,0.70511127,0.65165627,0.86976922,-0.44945216,0.20370165,0
-2.0523109,-3.0286801,3.4811561,-0.26728129,-0.082091063,0.96011555,0
0.37441945,2.2736423,4.4574127,-0.26728129,-0.082091063,0.96011555,0
1.4148819,4.1945353,3.0802286,0.41480398,0.88952458,0.19153041,0
-0.01224947,-3.4112062,-4.6236076,0.26728129,0.082091063,-0.96011555,0
-1.3742578,-5.057929,-0.032589912,-0.41480398,-0.88952458,-0.19153041,0
2.0673616,4.946516,-1.5505219,0.41480398,0.88952458,0.19153041,0
-2.4646225,-4.0251918,-1.7076535,-0.41480398,-0.88952458,-0.19153041,0
0.46726692,2.9828279,4.3687692,-0.26728129,-0.082091063,0.96011555,0
1.8659306,-1.0727332,-3.6584632,0.26728129,0.082091063,-0.96011555,0
0.80998182,-1.1158223,1.9097568,0.86976922,-0.44945216,0.20370165,0
-1.6003609,0.85893804,3.9353311,-0.26728129,-0.082091063,0.96011555,0
3.5539339,4.1482234,-1.3746617,0.41480398,0.88952458,0.19153041,0
2.886385,2.480684,-3.3165579,0.26728129,0.082091063,-0.96011555,0
-0.11873877,-2.3866296,-4.3905368,0.26728129,0.082091063,-0.96011555,0
-0.85931098,1.1367097,-1.9878927,-0.86976922,0.44945216,-0.20370165,0
1.3569789,-0.033004522,1.4138417,0.86976922,-0.44945216,0.20370165,0
0.094688535,-4.465693,-4.3300571,0.26728129,0.082091063,-0.96011555,0
-0.073340058,-2.4398198,-4.2224045,0.26728129,0.082091063,-0.96011555,0
0.75797296,4.9983368,1.5147328,0.41480398,0.88952458,0.19153041,0
-2.0619626,-0.61626679,0.23800075,-0.86976922,0.44945216,-0.20370165,0
0.96041924,4.3923302,3.0092955,0.41480398,0.88952458,0.19153041,0
0.57149184,-2.2610209,-0.15555978,0.86976922,-0.44945216,0.20370165,0
-0.71407562,-4.4961767,-3.5195918,-0.41480398,-0.88952458,-0.19153041,0
-4.1435261,-3.9555726,1.9604177,-0.41480398,-0.88952458,-0.19153041,0
-2.2138,-5.0289874,2.4219251,-0.41480398,-0.88952458,-0.19153041,0
-4.000701,-4.153964,1.8380051,-0.41480398,-0.88952458,-0.19153041,0
1.4100251,3.9291987,4.8730898,-0.26728129,-0.082091063,0.96011555,0
0.94557726,-1.7788322,-0.25568417,0.86976922,-0.44945216,0.20370165,0
-1.5663648,-0.88404417,3.8320916,-0.26728129,-0.082091063,0.96011555,0
2.9750907,3.5916078,2.4423342,0.41480398,0.88952458,0.19153041,0
-1.1683171,-0.036493063,-3.1755848,-0.86976922,0.44945216,-0.20370165,0
1.6974556,3.8153603,4.161521,0.41480398,0.88952458,0.19153041,0
