-2.9132006,0.49675098,1.2597091,-0.97476751,-0.1375224,-0.17582977,0
-0.46958697,-0.54046988,2.1724391,-0.20772302,0.27043352,0.94006222,0
-0.19227943,1.6845,-0.68309557,-0.0817293,0.95286584,-0.29217634,0
-0.91282392,0.12435332,2.0237854,-0.20772302,0.27043352,0.94006222,0
-2.2746551,-1.1798785,-0.17808437,-0.97476751,-0.1375224,-0.17582977,0
-2.7088006,0.7681731,-0.61515594,-0.97476751,-0.1375224,-0.17582977,0
-1.1965783,-1.0979338,2.0748696,-0.20772302,0.27043352,0.94006222,0
-2.5744162,0.14359793,0.18055236,-0.97476751,-0.1375224,-0.17582977,0
-1.7879316,-2.878505,-1.5290902,0.0817293,-0.95286584,0.29217634,0
0.98336709,-0.71353728,-1.677333,0.20772302,-0.27043352,-0.94006222,0
-0.042344332,1.5590822,-2.0553279,-0.0817293,0.95286584,-0.29217634,0
3.0478311,-1.5503732,-0.94373989,0.97476751,0.1375224,0.17582977,0
-1.993932,1.1238196,-2.655529,-0.0817293,0.95286584,-0.29217634,0
2.7881632,0.62914884,-1.0696248,0.97476751,0.1375224,0.17582977,0
-0.91664535,-0.059143439,-2.269347,0.20772302,-0.27043352,-0.94006222,0
0.40847573,-1.7895249,1.2516586,0.0817293,-0.95286584,0.29217634,0
2.1335654,-0.09357807,1.4201505,0.97476751,0.1375224,0.17582977,0
1.8401587,-0.49678946,2.5175581,-0.20772302,0.27043352,0.94006222,0
-2.0160358,-1.3935357,-1.1437938,-0.97476751,-0.1375224,-0.17582977,0
0.046448708,-0.56882757,2.3966341,-0.20772302,0.27043352,0.94006222,0
-2.7751577,-1.6629096,1.9401143,-0.20772302,0.27043352,0.94006222,0
1.9617969,0.96093488,2.1740911,0.97476751,0.1375224,0.17582977,0
-2.8071139,0.40595904,1.4647061,-0.97476751,-0.1375224,-0.17582977,0
0.21642229,-1.8419613,0.43172243,0.0817293,-0.95286584,0.29217634,0
-1.535912,-2.6641421,-0.84663427,0.0817293,-0.95286584,0.29217634,0
2.114239,1.7683597,1.7446008,0.97476751,0.1375224,0.17582977,0
2.1292815,-1.7305855,0.027597904,0.0817293,-0.95286584,0.29217634,0
-1.7224156,-2.035018,-2.0216751,0.20772302,-0.27043352,-0.94006222,0
2.0525277,0.081427827,1.934106,0.97476751,0.1375224,0.17582977,0
2.2726188,1.2389702,-2.1469042,0.20772302,-0.27043352,-0.94006222,0
-1.8248385,1.8016641,-0.4914428,-0.0817293,0.95286584,-0.29217634,0
0.65244722,0.97082889,-2.4255166,0.20772302,-0.27043352,-0.94006222,0
-2.2095292,-0.10653898,-2.7442722,-0.97476751,-0.1375224,-0.17582977,0
-2.7192822,-1.1464283,1.3362911,-0.97476751,-0.1375224,-0.17582977,0
-0.81171972,-2.3461783,-0.9193567,0.0817293,-0.95286584,0.29217634,0
2.8221767,-0.93461692,-1.189533,0.20772302,-0.27043352,-0.94006222,0
-0.45360911,-2.1856658,-0.17322719,0.0817293,-0.95286584,0.29217634,0
-1.855768,1.7662646,-0.25728691,-0.0817293,0.95286584,-0.29217634,0
-1.8566701,-2.6998894,-1.7149734,0.20772302,-0.27043352,-0.94006222,0
2.7376266,-0.24473605,-1.6429081,0.20772302,-0.27043352,-0.94006222,0
-2.1859889,1.0173494,-2.7077041,-0.0817293,0.95286584,-0.29217634,0
-2.1577358,-1.5855209,-0.51849437,-0.97476751,-0.1375224,-0.17582977,0
-2.468102,1.6212528,1.0448892,-0.20772302,0.27043352,0.94006222,0
-0.81671417,2.3401427,1.1276115,-0.0817293,0.95286584,-0.29217634,0
2.4026222,-0.85287243,2.3132489,0.97476751,0.1375224,0.17582977,0
-2.6042459,0.48273066,-0.99673295,-0.97476751,-0.1375224,-0.17582977,0
1.8651059,1.8091443,1.8779132,0.97476751,0.1375224,0.17582977,0
-1.7113161,-2.4705787,-1.8198817,-0.97476751,-0.1375224,-0.17582977,0
1.8800867,-0.32521847,2.526669,-0.20772302,0.27043352,0.94006222,0
2.4235618,0.25454879,0.75314426,0.97476751,0.1375224,0.17582977,0
2.3123169,-0.72903901,1.3615884,0.97476751,0.1375224,0.17582977,0
-0.52670252,-0.055845439,-2.0239635,0.20772302,-0.27043352,-0.94006222,0
2.3446217,1.0832118,0.0038502216,0.97476751,0.1375224,0.17582977,0
-0.58283472,1.854212,1.5858394,-0.20772302,0.27043352,0.94006222,0
1.285929,1.4880223,-2.0975885,0.20772302,-0.27043352,-0.94006222,0
-1.8846526,-1.9159127,-1.4579294,-0.97476751,-0.1375224,-0.17582977,0
0.28944004,-1.6827114,-1.5206177,0.20772302,-0.27043352,-0.94006222,0
-2.5859427,0.78601724,-0.99097252,-0.97476751,-0.1375224,-0.17582977,0
-2.5417328,-1.4698936,1.4753294,-0.97476751,-0.1375224,-0.17582977,0
0.23315823,2.0128729,1.5434319,-0.20772302,0.27043352,0.94006222,0
-1.7846034,-0.20497967,-2.4754653,0.20772302,-0.27043352,-0.94006222,0
-1.7946081,0.6540941,1.3867137,-0.20772302,0.27043352,0.94006222,0
-2.8469107,2.1243672,0.64608014,-0.97476751,-0.1375224,-0.17582977,0
2.2288551,1.7199664,-2.0248263,0.20772302,-0.27043352,-0.94006222,0
-2.2016163,0.55228204,1.4254482,-0.20772302,0.27043352,0.94006222,0
1.9813464,-0.031748831,-1.8217397,0.20772302,-0.27043352,-0.94006222,0
2.1158271,-1.6566103,0.98253632,0.0817293,-0.95286584,0.29217634,0
1.167799,0.64247853,2.2034116,-0.20772302,0.27043352,0.94006222,0
2.2730577,1.0243562,0.38274765,0.97476751,0.1375224,0.17582977,0
1.3950362,1.438991,1.9516449,-0.20772302,0.27043352,0.94006222,0
2.2063918,1.9167547,1.4216025,0.97476751,0.1375224,0.17582977,0
0.22279716,0.62468052,-2.4164736,0.20772302,-0.27043352,-0.94006222,0
-0.71674317,-1.7058251,1.0261647,0.0817293,-0.95286584,0.29217634,0
-2.4330907,-1.3034054,1.1960822,-0.97476751,-0.1375224,-0.17582977,0
0.078107715,2.1486964,1.3190413,-0.20772302,0.27043352,0.94006222,0
-2.7458518,-0.37728959,1.4633657,-0.20772302,0.27043352,0.94006222,0
1.9904828,2.1560054,1.7879388,0.97476751,0.1375224,0.17582977,0
2.787724,0.011926055,-1.4871608,0.20772302,-0.27043352,-0.94006222,0
2.6418643,-1.200999,-1.1019695,0.20772302,-0.27043352,-0.94006222,0
-1.5158598,2.0511985,0.91134304,-0.0817293,0.95286584,-0.29217634,0
-1.6128745,-1.1422012,2.0080271,-0.20772302,0.27043352,0.94006222,0
-2.1643591,-1.3802679,-1.5809991,-0.97476751,-0.1375224,-0.17582977,0
2.0281966,-1.1835934,2.2366679,0.0817293,-0.95286584,0.29217634,0
-1.3778315,-0.080955833,-2.5685997,0.20772302,-0.27043352,-0.94006222,0
-1.8118358,-1.6396579,1.3879219,0.0817293,-0.95286584,0.29217634,0
-0.42218339,-2.205977,-0.0071976781,0.0817293,-0.95286584,0.29217634,0
2.0741522,-0.03480415,2.4308953,0.97476751,0.1375224,0.17582977,0
-2.3905985,-0.25639936,-1.4674516,-0.97476751,-0.1375224,-0.17582977,0
2.3765924,1.9727342,-1.2939246,-0.0817293,0.95286584,-0.29217634,0
-1.361223,-2.6836023,-1.3820935,0.0817293,-0.95286584,0.29217634,0
1.2411802,-2.1041873,-0.10701096,0.0817293,-0.95286584,0.29217634,0
-1.3071297,-1.9201316,-1.7194639,0.20772302,-0.27043352,-0.94006222,0
-0.6366818,-1.2891665,2.5362859,-0.20772302,0.27043352,0.94006222,0
-2.4837615,1.9657246,1.1378108,-0.20772302,0.27043352,0.94006222,0
2.024349,1.0029156,1.1595449,0.97476751,0.1375224,0.17582977,0
0.80496341,2.4205654,0.40537,-0.0817293,0.95286584,-0.29217634,0
2.7405219,-0.5306111,-0.014384747,0.97476751,0.1375224,0.17582977,0
1.6254824,-0.81958103,-1.5045431,0.20772302,-0.27043352,-0.94006222,0
-1.108019,0.28838965,-2.5961363,0.20772302,-0.27043352,-0.94006222,0
-2.6913524,-1.8360293,1.7322801,0.0817293,-0.95286584,0.29217634,0
0.45495325,-2.0168178,-0.44658267,0.0817293,-0.95286584,0.29217634,0
-1.546563,-2.3987212,-1.7353276,0.20772302,-0.27043352,-0.94006222,0
-0.85561877,-1.8264056,0.70773333,0.0817293,-0.95286584,0.29217634,0
-0.51877475,0.68521786,1.8874546,-0.20772302,0.27043352,0.94006222,0
2.9550414,-0.056768835,-1.0980271,0.97476751,0.1375224,0.17582977,0
1.4863739,-1.6962112,0.93432963,0.0817293,-0.95286584,0.29217634,0
0.79034221,1.2746769,2.0712771,-0.20772302,0.27043352,0.94006222,0
-0.31162518,2.1689522,0.9738723,-0.0817293,0.95286584,-0.29217634,0
1.5665035,-0.47404057,2.5617836,-0.20772302,0.27043352,0.94006222,0
-1.4226573,1.6977272,-1.0761788,-0.0817293,0.95286584,-0.29217634,0
-2.3144259,0.69435567,-2.3075457,-0.97476751,-0.1375224,-0.17582977,0
2.3750262,1.6366205,-1.5195827,-0.0817293,0.95286584,-0.29217634,0
-2.7647707,-1.314184,1.8991407,-0.20772302,0.27043352,0.94006222,0
-1.7248747,0.61088443,1.4678292,-0.20772302,0.27043352,0.94006222,0
-2.4384027,-0.78208494,0.80167341,-0.97476751,-0.1375224,-0.17582977,0
1.4559993,-1.517226,1.2502766,0.0817293,-0.95286584,0.29217634,0
-1.3230046,0.9649924,1.4317895,-0.20772302,0.27043352,0.94006222,0
2.5250351,0.46757874,0.85292006,0.97476751,0.1375224,0.17582977,0
0.69009745,0.21763107,-2.2470539,0.20772302,-0.27043352,-0.94006222,0
2.7434485,-1.4033675,0.93725395,0.97476751,0.1375224,0.17582977,0
-2.2693977,-1.0362391,0.12982893,-0.97476751,-0.1375224,-0.17582977,0
-2.3944287,-0.36570781,-1.7699549,-0.97476751,-0.1375224,-0.17582977,0
-0.96422827,1.8629018,0.12009516,-0.0817293,0.95286584,-0.29217634,0
-2.3415523,1.1443644,-2.3405647,-0.97476751,-0.1375224,-0.17582977,0
2.0688434,-1.6697795,0.8208915,0.0817293,-0.95286584,0.29217634,0
-1.7129706,-1.5516281,-2.1253266,0.20772302,-0.27043352,-0.94006222,0
0.96459746,-0.4532851,2.6181066,-0.20772302,0.27043352,0.94006222,0
1.245795,-1.6227436,0.8511517,0.0817293,-0.95286584,0.29217634,0
-0.21630442,2.5106826,1.2445135,-0.20772302,0.27043352,0.94006222,0
1.6159352,0.15941639,2.6295004,-0.20772302,0.27043352,0.94006222,0
2.0222392,-1.2148709,-1.4033337,0.20772302,-0.27043352,-0.94006222,0
2.7879333,-0.29558039,-1.3853345,0.20772302,-0.27043352,-0.94006222,0
-1.9272699,-2.2661338,-0.97569036,-0.97476751,-0.1375224,-0.17582977,0
1.2021077,2.6455066,0.89014244,-0.0817293,0.95286584,-0.29217634,0
2.3991423,-1.9809816,-0.87846637,0.20772302,-0.27043352,-0.94006222,0
2.2557201,1.9017558,-1.2176592,-0.0817293,0.95286584,-0.29217634,0
2.2895794,-0.014121234,2.4245131,0.97476751,0.1375224,0.17582977,0
2.028244,1.2801292,0.85302675,0.97476751,0.1375224,0.17582977,0
-2.44051,2.2759933,0.74196523,-0.0817293,0.95286584,-0.29217634,0
2.1886659,-0.78222495,2.1654441,0.97476751,0.1375224,0.17582977,0
-2.0322919,1.1154636,-2.2041457,-0.0817293,0.95286584,-0.29217634,0
0.38159415,-1.7175726,1.1510224,0.0817293,-0.95286584,0.29217634,0
-1.1303043,1.9446182,0.36330253,-0.0817293,0.95286584,-0.29217634,0
-1.2162926,-2.5083735,-0.74292564,0.0817293,-0.95286584,0.29217634,0
2.468394,-0.80857241,1.0508165,0.97476751,0.1375224,0.17582977,0
-1.3512652,-1.2151217,2.0037806,-0.20772302,0.27043352,0.94006222,0
1.178107,-1.0974715,2.5891604,0.0817293,-0.95286584,0.29217634,0
-0.076523185,-0.065377951,2.1342878,-0.20772302,0.27043352,0.94006222,0
-2.016856,-1.062692,-1.6334357,-0.97476751,-0.1375224,-0.17582977,0
-2.1830373,-1.7970412,-0.51902986,-0.97476751,-0.1375224,-0.17582977,0
0.46382403,-1.0599853,2.3884284,-0.20772302,0.27043352,0.94006222,0
2.2593665,0.040744334,0.8779496,0.97476751,0.1375224,0.17582977,0
-0.67083764,0.62756151,1.6056651,-0.20772302,0.27043352,0.94006222,0
-2.5751052,0.84590697,-1.5681217,-0.97476751,-0.1375224,-0.17582977,0
1.1964663,-1.7713621,0.56958103,0.0817293,-0.95286584,0.29217634,0
-2.3538594,-1.0846446,2.0436406,-0.20772302,0.27043352,0.94006222,0
-2.736022,0.052672058,-0.10511827,-0.97476751,-0.1375224,-0.17582977,0
0.90665889,1.7432485,-1.8332533,-0.0817293,0.95286584,-0.29217634,0
2.1882613,0.18423858,0.84313321,0.97476751,0.1375224,0.17582977,0
2.0553474,0.59340698,1.5360311,0.97476751,0.1375224,0.17582977,0
-0.56706107,-2.1129682,-0.49988139,0.0817293,-0.95286584,0.29217634,0
0.58951008,2.0459049,-0.23025841,-0.0817293,0.95286584,-0.29217634,0
-2.42817,1.3335583,-1.1241224,-0.97476751,-0.1375224,-0.17582977,0
-1.3371249,1.3125634,-1.7613975,-0.0817293,0.95286584,-0.29217634,0
1.6722285,1.6946814,-1.1604402,-0.0817293,0.95286584,-0.29217634,0
1.2112716,0.21149054,2.1267436,-0.20772302,0.27043352,0.94006222,0
2.3869772,-0.44898513,1.676791,0.97476751,0.1375224,0.17582977,0
-1.492305,-2.2640138,-0.04906261,0.0817293,-0.95286584,0.29217634,0
1.4833965,2.9408367,1.7521031,-0.20772302,0.27043352,0.94006222,0
-1.9742156,0.61921585,-2.7751575,-0.97476751,-0.1375224,-0.17582977,0
-1.5678059,-0.99667144,2.0558794,-0.20772302,0.27043352,0.94006222,0
-0.49433261,-1.992925,0.41943708,0.0817293,-0.95286584,0.29217634,0
-0.87679815,1.502424,1.5801504,-0.20772302,0.27043352,0.94006222,0
-2.1135027,0.40249631,-2.080152,-0.97476751,-0.1375224,-0.17582977,0
2.5386415,1.1761954,-1.1637664,0.97476751,0.1375224,0.17582977,0
-0.27655873,2.2856832,0.34212437,-0.0817293,0.95286584,-0.29217634,0
-0.91282988,-2.5117447,-1.4571372,0.20772302,-0.27043352,-0.94006222,0
-2.3687465,-0.5189482,-1.0468297,-0.97476751,-0.1375224,-0.17582977,0
-2.0989971,0.43246397,1.7477703,-0.20772302,0.27043352,0.94006222,0
-2.0386403,-2.5355947,-0.90264201,-0.97476751,-0.1375224,-0.17582977,0
1.4556242,0.89054012,-2.0553067,0.20772302,-0.27043352,-0.94006222,0
-0.37786984,2.0310636,-0.18591246,-0.0817293,0.95286584,-0.29217634,0
2.4202766,1.3053823,0.24465561,0.97476751,0.1375224,0.17582977,0
-1.0012133,1.3227376,-2.5377469,0.20772302,-0.27043352,-0.94006222,0
2.7852213,-1.4593641,-0.21384704,0.97476751,0.1375224,0.17582977,0
-1.2314129,1.9870806,-0.60234362,-0.0817293,0.95286584,-0.29217634,0
-1.3080152,-1.2297473,2.1821997,-0.20772302,0.27043352,0.94006222,0
2.3381176,-0.62490612,0.82139361,0.97476751,0.1375224,0.17582977,0
-2.1923308,-2.238126,-1.3390319,-0.97476751,-0.1375224,-0.17582977,0
2.0033195,2.0343153,1.1338704,0.97476751,0.1375224,0.17582977,0
2.1907363,1.7791828,1.1273644,0.97476751,0.1375224,0.17582977,0
2.4639764,1.0117821,-0.9142946,0.97476751,0.1375224,0.17582977,0
1.3486154,0.80285519,-2.1219039,0.20772302,-0.27043352,-0.94006222,0
1.0055164,-2.0567183,-1.4434605,0.20772302,-0.27043352,-0.94006222,0
-2.2536933,-0.070769005,-2.4751503,-0.97476751,-0.1375224,-0.17582977,0
-1.1923417,1.4737865,1.3036313,-0.20772302,0.27043352,0.94006222,0
2.1850963,1.7475809,0.07096982,0.97476751,0.1375224,0.17582977,0
-1.810974,-1.4205909,-1.9865494,0.20772302,-0.27043352,-0.94006222,0
-1.4092886,1.4854343,1.3948348,-0.20772302,0.27043352,0.94006222,0
0.041787505,0.18728919,1.999768,-0.20772302,0.27043352,0.94006222,0
-2.5146847,-1.0537744,1.9926708,-0.20772302,0.27043352,0.94006222,0
-2.4002998,0.88890612,-0.86079824,-0.97476751,-0.1375224,-0.17582977,0
-0.995597,-1.3967597,-1.9660339,0.20772302,-0.27043352,-0.94006222,0
-2.2283509,-1.9330705,0.61362827,0.0817293,-0.95286584,0.29217634,0
-2.1182587,0.71883017,-2.7180524,0.20772302,-0.27043352,-0.94006222,0
-0.12303281,-0.80318189,-1.978572,0.20772302,-0.27043352,-0.94006222,0
2.0329294,2.504034,1.6457424,0.97476751,0.1375224,0.17582977,0
2.8840015,-1.5100369,-0.27982104,0.97476751,0.1375224,0.17582977,0
-2.3094237,-1.4333651,2.2274964,-0.20772302,0.27043352,0.94006222,0
1.8581975,1.6378922,-1.5099573,-0.0817293,0.95286584,-0.29217634,0
-2.4028413,0.92192227,-1.4853209,-0.97476751,-0.1375224,-0.17582977,0
0.51700979,-1.3816503,1.5839123,0.0817293,-0.95286584,0.29217634,0
1.1516906,-0.60086167,-1.7126062,0.20772302,-0.27043352,-0.94006222,0
-2.0856829,-1.9723338,1.2910664,0.0817293,-0.95286584,0.29217634,0
2.7668736,-1.7454652,-0.48704565,0.97476751,0.1375224,0.17582977,0
1.2345426,0.72131157,2.2432146,-0.20772302,0.27043352,0.94006222,0
2.3331017,-0.048723277,1.0089877,0.97476751,0.1375224,0.17582977,0
-2.8257799,1.2559887,-0.47356057,-0.97476751,-0.1375224,-0.17582977,0
-1.0505166,-1.0743469,2.3158655,-0.20772302,0.27043352,0.94006222,0
0.4964515,-0.50923407,-1.8806533,0.20772302,-0.27043352,-0.94006222,0
0.18844223,-1.2788879,2.5092647,-0.20772302,0.27043352,0.94006222,0
1.0699836,-1.4037666,1.4655349,0.0817293,-0.95286584,0.29217634,0
-1.9820445,-1.9792351,1.0895902,0.0817293,-0.95286584,0.29217634,0
-1.0662353,-0.58201265,-2.3216329,0.20772302,-0.27043352,-0.94006222,0
-2.6424768,1.9189892,-0.19653976,-0.0817293,0.95286584,-0.29217634,0
2.5935557,0.50498068,0.52889395,0.97476751,0.1375224,0.17582977,0
2.6003108,-0.52435046,-0.50813043,0.97476751,0.1375224,0.17582977,0
2.5456767,0.41851908,0.60863328,0.97476751,0.1375224,0.17582977,0
-0.13466883,-1.6603805,-1.8286016,0.20772302,-0.27043352,-0.94006222,0
-0.27223754,-0.65327948,-1.9569838,0.20772302,-0.27043352,-0.94006222,0
0.75620472,-1.9918611,0.44331411,0.0817293,-0.95286584,0.29217634,0
-0.91140342,1.8155984,-0.042087942,-0.0817293,0.95286584,-0.29217634,0
2.3887239,1.216341,0.23243976,0.97476751,0.1375224,0.17582977,0
2.0420175,1.9478153,-1.1665761,-0.0817293,0.95286584,-0.29217634,0
-1.9012799,-1.0306325,-1.9386317,-0.97476751,-0.1375224,-0.17582977,0
-0.064258814,-1.5166538,1.4510672,0.0817293,-0.95286584,0.29217634,0
-2.6005049,-1.9520252,0.82059634,-0.97476751,-0.1375224,-0.17582977,0
0.98699796,-1.5495814,-1.297817,0.20772302,-0.27043352,-0.94006222,0
0.182868,-2.3536832,-1.4424124,0.20772302,-0.27043352,-0.94006222,0
2.3555694,1.8339157,-0.83299816,0.97476751,0.1375224,0.17582977,0
-2.6244283,0.0075907409,0.099315166,-0.97476751,-0.1375224,-0.17582977,0
0.82185483,2.4842525,1.6438468,-0.0817293,0.95286584,-0.29217634,0
-1.2639003,-1.2371812,-2.2099342,0.20772302,-0.27043352,-0.94006222,0
1.2104577,-0.31209943,2.3077531,-0.20772302,0.27043352,0.94006222,0
-1.554872,-2.0351441,0.93123448,0.0817293,-0.95286584,0.29217634,0
-0.2394954,-0.66569155,2.2250972,-0.20772302,0.27043352,0.94006222,0
2.0127125,2.1180222,-0.97314966,-0.0817293,0.95286584,-0.29217634,0
-0.15507185,-2.2869639,-1.6307189,0.20772302,-0.27043352,-0.94006222,0
-1.9841211,-2.2553468,0.11377835,0.0817293,-0.95286584,0.29217634,0
-2.5102205,-1.717124,0.8362993,-0.97476751,-0.1375224,-0.17582977,0
0.83983898,-1.8050277,-1.5358754,0.20772302,-0.27043352,-0.94006222,0
1.027621,1.6426818,1.8779949,-0.20772302,0.27043352,0.94006222,0
-2.6923587,1.2211077,0.37486291,-0.97476751,-0.1375224,-0.17582977,0
2.63539,-0.27448726,0.40728545,0.97476751,0.1375224,0.17582977,0
-1.6610347,-2.810529,-1.221055,0.0817293,-0.95286584,0.29217634,0
-1.3063847,1.7962215,-0.052117825,-0.0817293,0.95286584,-0.29217634,0
0.90157878,1.4363798,1.9195338,-0.20772302,0.27043352,0.94006222,0
0.10445547,-0.038490564,-2.2649701,0.20772302,-0.27043352,-0.94006222,0
2.0749011,2.6263645,1.5575185,0.97476751,0.1375224,0.17582977,0
1.2342994,-0.88847548,2.5188546,-0.20772302,0.27043352,0.94006222,0
-2.3617544,-1.9661008,-0.23027015,-0.97476751,-0.1375224,-0.17582977,0
1.4159304,1.9852645,1.9963416,-0.20772302,0.27043352,0.94006222,0
1.8930451,-0.69910932,-1.6920307,0.20772302,-0.27043352,-0.94006222,0
-0.51248896,-2.3269315,-1.4847023,0.20772302,-0.27043352,-0.94006222,0
2.3251271,1.9368765,-1.2633541,-0.0817293,0.95286584,-0.29217634,0
-1.5165787,-2.1203303,-0.20146596,0.0817293,-0.95286584,0.29217634,0
-1.9906365,-1.9231913,1.1179736,0.0817293,-0.95286584,0.29217634,0
2.0725081,-2.0074964,-0.86514735,0.0817293,-0.95286584,0.29217634,0
-1.6291909,-1.8566082,1.1596143,0.0817293,-0.95286584,0.29217634,0
2.4739037,-1.7808534,0.039689422,0.0817293,-0.95286584,0.29217634,0
-2.377305,0.31885308,1.6839639,-0.20772302,0.27043352,0.94006222,0
-1.4008151,0.70131564,1.6223234,-0.20772302,0.27043352,0.94006222,0
1.9180315,-1.9568874,-0.58135712,0.0817293,-0.95286584,0.29217634,0
1.956205,2.6543047,1.3863525,0.97476751,0.1375224,0.17582977,0
1.9287444,0.0023746789,2.4222033,0.97476751,0.1375224,0.17582977,0
0.78659499,-1.1110467,-1.7662704,0.20772302,-0.27043352,-0.94006222,0
0.22118545,0.66927552,-2.0854666,0.20772302,-0.27043352,-0.94006222,0
2.1222363,2.7354774,0.8723321,-0.0817293,0.95286584,-0.29217634,0
-2.26827,1.3639839,-2.3751225,-0.97476751,-0.1375224,-0.17582977,0
0.80630529,-1.5116292,1.6312444,0.0817293,-0.95286584,0.29217634,0
0.053978443,-1.8438517,1.3679831,0.0817293,-0.95286584,0.29217634,0
-2.4160335,0.36489078,-2.1149576,-0.97476751,-0.1375224,-0.17582977,0
2.6328986,-0.89357424,-0.33800948,0.97476751,0.1375224,0.17582977,0
-1.9262416,0.082151473,-2.4304967,0.20772302,-0.27043352,-0.94006222,0
-1.1022633,2.0549829,1.2898761,-0.20772302,0.27043352,0.94006222,0
-2.0128634,-0.31611162,1.9431375,-0.20772302,0.27043352,0.94006222,0
-1.8518776,1.6048181,-1.470132,-0.0817293,0.95286584,-0.29217634,0
1.3644663,2.6248302,1.4972769,-0.0817293,0.95286584,-0.29217634,0
-2.4066246,-1.7907107,-0.13525963,-0.97476751,-0.1375224,-0.17582977,0
-1.8331336,1.4449974,-0.94439876,-0.0817293,0.95286584,-0.29217634,0
0.56583834,-1.9637513,-0.040243883,0.0817293,-0.95286584,0.29217634,0
2.9147046,-1.2687764,-0.011573792,0.97476751,0.1375224,0.17582977,0
2.0918047,2.3759444,0.47745323,0.97476751,0.1375224,0.17582977,0
2.1388288,1.7573522,-1.1970174,-0.0817293,0.95286584,-0.29217634,0
-1.8574381,-2.2796328,0.12963963,0.0817293,-0.95286584,0.29217634,0
0.97833866,-0.91285706,2.399106,-0.20772302,0.27043352,0.94006222,0
-1.3103157,-1.6646436,1.9214731,0.0817293,-0.95286584,0.29217634,0
-2.0009491,-2.2641687,-1.2012575,-0.97476751,-0.1375224,-0.17582977,0
-2.105196,-1.408958,-1.5898628,-0.97476751,-0.1375224,-0.17582977,0
1.9190843,1.3343241,2.1417384,-0.20772302,0.27043352,0.94006222,0
-2.7284887,-0.5232054,0.90386009,-0.97476751,-0.1375224,-0.17582977,0
-2.1571531,-0.94907165,-0.84508419,-0.97476751,-0.1375224,-0.17582977,0
2.7934728,0.42866766,-0.96727002,0.97476751,0.1375224,0.17582977,0
2.2235954,0.71553117,0.67473507,0.97476751,0.1375224,0.17582977,0
1.8172035,-1.9527639,0.35608375,0.0817293,-0.95286584,0.29217634,0
2.8233013,0.87052482,-1.1448054,0.97476751,0.1375224,0.17582977,0
2.3876922,0.99807173,1.2049382,0.97476751,0.1375224,0.17582977,0
-2.7913625,1.0642307,-0.10220027,-0.97476751,-0.1375224,-0.17582977,0
0.53588343,-1.1096624,2.4680271,0.0817293,-0.95286584,0.29217634,0
0.072823882,-1.6450635,1.2054535,0.0817293,-0.95286584,0.29217634,0
0.33755267,0.24579041,1.9316155,-0.20772302,0.27043352,0.94006222,0
-2.1581628,2.2049072,1.0135065,-0.20772302,0.27043352,0.94006222,0
1.4617286,0.63208342,2.3633971,-0.20772302,0.27043352,0.94006222,0
-1.0912173,1.4997936,-1.4429953,-0.0817293,0.95286584,-0.29217634,0
2.0564418,1.0143545,1.4434075,0.97476751,0.1375224,0.17582977,0
1.215727,-2.2939191,-1.3394632,0.20772302,-0.27043352,-0.94006222,0
-1.2459936,0.83985049,-2.8274612,0.20772302,-0.27043352,-0.94006222,0
2.6336412,-0.69692886,-0.84564686,0.97476751,0.1375224,0.17582977,0
1.5389563,0.5437603,-2.1525455,0.20772302,-0.27043352,-0.94006222,0
-2.1349468,-1.5659362,-1.9063971,-0.97476751,-0.1375224,-0.17582977,0
-1.0298965,-2.2848477,-0.29209948,0.0817293,-0.95286584,0.29217634,0
-0.81544077,-1.7817771,-1.588303,0.20772302,-0.27043352,-0.94006222,0
-2.2241995,-0.43468064,-1.0264622,-0.97476751,-0.1375224,-0.17582977,0
2.5775671,-0.028566211,-0.41202426,0.97476751,0.1375224,0.17582977,0
-1.880011,-1.7037399,-2.0517795,-0.97476751,-0.1375224,-0.17582977,0
-0.42818475,0.63013208,-2.1954067,0.20772302,-0.27043352,-0.94006222,0
-2.5437927,1.673672,-0.52487755,-0.0817293,0.95286584,-0.29217634,0
1.8422771,2.4107957,0.25115335,-0.0817293,0.95286584,-0.29217634,0
0.68254584,2.383337,1.1008562,-0.0817293,0.95286584,-0.29217634,0
0.25976765,-0.66186756,-1.8858125,0.20772302,-0.27043352,-0.94006222,0
-1.9611881,-2.1834574,-1.427335,-0.97476751,-0.1375224,-0.17582977,0
1.9015756,-0.25142193,2.6655202,-0.20772302,0.27043352,0.94006222,0
1.2556415,1.1385953,-2.183816,0.20772302,-0.27043352,-0.94006222,0
-0.26140606,-1.6478165,2.185684,0.0817293,-0.95286584,0.29217634,0
-1.8531071,-0.31213117,1.9342086,-0.20772302,0.27043352,0.94006222,0
-1.8615136,-1.5891312,2.1448827,0.0817293,-0.95286584,0.29217634,0
-0.77971363,1.3318052,-1.9559546,-0.0817293,0.95286584,-0.29217634,0
1.9543968,1.7473664,-1.5469862,-0.0817293,0.95286584,-0.29217634,0
1.1108588,-2.3244929,-0.50204957,0.0817293,-0.95286584,0.29217634,0
-2.1651065,0.7921021,-2.2621436,-0.97476751,-0.1375224,-0.17582977,0
1.5777209,-0.57353652,-1.603091,0.20772302,-0.27043352,-0.94006222,0
-1.8029782,-1.9321523,1.3050418,0.0817293,-0.95286584,0.29217634,0
-2.0567043,-1.2962865,-1.3909671,-0.97476751,-0.1375224,-0.17582977,0
-0.05084002,0.76132536,1.7556815,-0.20772302,0.27043352,0.94006222,0
-2.5743353,-0.29627231,0.29983842,-0.97476751,-0.1375224,-0.17582977,0
2.1868677,1.9449625,-0.45723736,-0.0817293,0.95286584,-0.29217634,0
-2.2683403,-1.4212594,-0.40247345,-0.97476751,-0.1375224,-0.17582977,0
-0.38523936,-1.3726618,-1.6321646,0.20772302,-0.27043352,-0.94006222,0
1.5921478,-1.0863261,2.1768122,0.0817293,-0.95286584,0.29217634,0
1.5342747,-0.2788977,-1.6867936,0.20772302,-0.27043352,-0.94006222,0
1.0662798,-2.2209814,-1.4469837,0.20772302,-0.27043352,-0.94006222,0
-1.8050582,-0.51505506,1.9838634,-0.20772302,0.27043352,0.94006222,0
-2.5420973,1.2466486,-0.34568906,-0.97476751,-0.1375224,-0.17582977,0
3.1047661,-1.260188,-1.0051984,0.20772302,-0.27043352,-0.94006222,0
2.3754201,0.42934802,0.47014475,0.97476751,0.1375224,0.17582977,0
-0.59667933,2.1725724,1.5108817,-0.20772302,0.27043352,0.94006222,0
1.5521127,1.5203937,-1.7648842,-0.0817293,0.95286584,-0.29217634,0
0.90587986,2.095495,1.7364069,-0.20772302,0.27043352,0.94006222,0
-0.056238592,2.0594754,-0.57927036,-0.0817293,0.95286584,-0.29217634,0
-0.56185269,0.79276884,1.6605551,-0.20772302,0.27043352,0.94006222,0
-0.81673861,0.34395328,-2.4735875,0.20772302,-0.27043352,-0.94006222,0
2.5220881,-1.7932397,0.073670626,0.0817293,-0.95286584,0.29217634,0
1.8594645,2.5006182,0.86322761,0.97476751,0.1375224,0.17582977,0
-0.098740816,-1.3417727,2.2929776,-0.20772302,0.27043352,0.94006222,0
2.5089099,-1.7588649,0.55089688,0.0817293,-0.95286584,0.29217634,0
1.5218598,0.96947217,2.3366587,-0.20772302,0.27043352,0.94006222,0
-0.64789617,0.1190545,2.0538373,-0.20772302,0.27043352,0.94006222,0
-0.31949484,-2.0932655,-0.54635835,0.0817293,-0.95286584,0.29217634,0
2.5426967,-1.0132275,0.87437344,0.97476751,0.1375224,0.17582977,0
-2.4316549,-1.5637047,0.49172282,-0.97476751,-0.1375224,-0.17582977,0
-2.7379036,1.0891644,1.3173281,-0.20772302,0.27043352,0.94006222,0
1.8860168,1.3707583,1.6895615,0.97476751,0.1375224,0.17582977,0
1.2132829,1.7564677,2.0843623,-0.20772302,0.27043352,0.94006222,0
-0.57028621,-1.4987023,-1.7426636,0.20772302,-0.27043352,-0.94006222,0
-2.1888833,-1.7785447,0.27282929,-0.97476751,-0.1375224,-0.17582977,0
1.0883735,-2.4570251,-1.1048017,0.0817293,-0.95286584,0.29217634,0
0.03197825,-0.16942906,2.2177029,-0.20772302,0.27043352,0.94006222,0
0.30158848,2.0625215,-0.17620689,-0.0817293,0.95286584,-0.29217634,0
1.3477123,1.528904,2.0305238,-0.20772302,0.27043352,0.94006222,0
-0.22443128,1.6943196,-1.4663635,-0.0817293,0.95286584,-0.29217634,0
-2.577908,2.0780511,0.61933905,-0.0817293,0.95286584,-0.29217634,0
2.1742539,0.98512089,1.1089342,0.97476751,0.1375224,0.17582977,0
1.9367063,-1.5972776,-1.1180704,0.20772302,-0.27043352,-0.94006222,0
-2.3418584,1.3890216,-1.4355397,-0.97476751,-0.1375224,-0.17582977,0
0.4102174,-1.4381001,2.3614383,0.0817293,-0.95286584,0.29217634,0
-0.83598864,1.8094282,-0.14199385,-0.0817293,0.95286584,-0.29217634,0
-1.1416702,-1.5800087,-1.878438,0.20772302,-0.27043352,-0.94006222,0
2.7730796,0.09147644,-1.5732422,0.20772302,-0.27043352,-0.94006222,0
-2.3511043,1.3913125,-1.3663763,-0.0817293,0.95286584,-0.29217634,0
-2.269594,2.0697491,0.7136519,-0.0817293,0.95286584,-0.29217634,0
2.7514167,1.0063949,-0.98750556,0.97476751,0.1375224,0.17582977,0
-2.270999,-1.7802745,1.776427,0.0817293,-0.95286584,0.29217634,0
2.1120172,1.1285689,1.3283856,0.97476751,0.1375224,0.17582977,0
2.4205234,0.24697024,-1.5975349,0.20772302,-0.27043352,-0.94006222,0
-0.90378869,-1.6296666,1.8443911,0.0817293,-0.95286584,0.29217634,0
-0.36079288,-1.2760898,2.3100677,-0.20772302,0.27043352,0.94006222,0
-2.3032622,0.21071258,-2.393224,-0.97476751,-0.1375224,-0.17582977,0
-0.56129503,0.19878381,-2.2538109,0.20772302,-0.27043352,-0.94006222,0
1.4159182,0.63437301,-2.0751216,0.20772302,-0.27043352,-0.94006222,0
-2.2312689,-1.2590777,-0.27275395,-0.97476751,-0.1375224,-0.17582977,0
1.5109403,-0.69093204,2.6992054,-0.20772302,0.27043352,0.94006222,0
-2.4717901,0.71431762,-0.6177212,-0.97476751,-0.1375224,-0.17582977,0
-1.8891504,-1.1402097,-1.8255661,-0.97476751,-0.1375224,-0.17582977,0
1.1345338,-0.91674221,2.7689188,-0.20772302,0.27043352,0.94006222,0
-2.2784908,-0.46861202,-1.0321009,-0.97476751,-0.1375224,-0.17582977,0
2.6444643,0.50912166,-0.88694024,0.97476751,0.1375224,0.17582977,0
1.6101205,2.1609769,0.18660367,-0.0817293,0.95286584,-0.29217634,0
2.1819055,-1.1782851,2.3663237,0.0817293,-0.95286584,0.29217634,0
-0.77824724,1.0878459,-2.6360145,-0.0817293,0.95286584,-0.29217634,0
2.4340823,0.89583749,0.16466808,0.97476751,0.1375224,0.17582977,0
-0.9571178,1.3846885,1.5440898,-0.20772302,0.27043352,0.94006222,0
-2.9744067,1.6734871,0.19866717,-0.97476751,-0.1375224,-0.17582977,0
-1.1316137,1.7492669,1.206481,-0.20772302,0.27043352,0.94006222,0
2.5125227,1.1948113,-1.7594233,0.97476751,0.1375224,0.17582977,0
-2.3669519,0.035955101,-0.41693974,-0.97476751,-0.1375224,-0.17582977,0
-0.45734203,0.64820635,1.9767039,-0.20772302,0.27043352,0.94006222,0
1.1781005,-2.1339679,-0.66969573,0.0817293,-0.95286584,0.29217634,0
2.4462392,0.53943086,0.18826866,0.97476751,0.1375224,0.17582977,0
-0.38396704,1.5080371,-1.3364359,-0.0817293,0.95286584,-0.29217634,0
1.3735663,0.48349777,-1.9945837,0.20772302,-0.27043352,-0.94006222,0
2.3841279,-1.7299043,0.022231698,0.0817293,-0.95286584,0.29217634,0
2.5143015,0.61166143,-0.63750613,0.97476751,0.1375224,0.17582977,0
1.3327339,0.70431864,2.2989087,-0.20772302,0.27043352,0.94006222,0
2.4201651,1.5182953,-1.9167081,0.20772302,-0.27043352,-0.94006222,0
-2.1339235,0.45194167,-2.2228966,-0.97476751,-0.1375224,-0.17582977,0
-0.99051785,2.0011427,1.3420864,-0.20772302,0.27043352,0.94006222,0
2.1435752,-0.77651423,2.641685,-0.20772302,0.27043352,0.94006222,0
1.5927014,2.0849361,2.0454695,-0.20772302,0.27043352,0.94006222,0
0.63845932,1.3638196,-2.1504703,-0.0817293,0.95286584,-0.29217634,0
-0.35915485,1.8456872,-1.1513512,-0.0817293,0.95286584,-0.29217634,0
2.2623088,1.6269104,0.46773195,0.97476751,0.1375224,0.17582977,0
0.40306523,2.1965873,0.76383799,-0.0817293,0.95286584,-0.29217634,0
2.342032,0.92699242,1.1014664,0.97476751,0.1375224,0.17582977,0
0.66595381,2.1019158,1.6829312,-0.20772302,0.27043352,0.94006222,0
-2.2196686,-0.65461802,-1.7282078,-0.97476751,-0.1375224,-0.17582977,0
1.7152205,-0.98298013,-1.2695217,0.20772302,-0.27043352,-0.94006222,0
1.0875472,1.2088828,2.1422954,-0.20772302,0.27043352,0.94006222,0
-1.8360999,1.2727085,1.3295945,-0.20772302,0.27043352,0.94006222,0
-0.23842645,1.6596165,1.7948201,-0.20772302,0.27043352,0.94006222,0
1.5660439,-1.3932431,-1.3741831,0.20772302,-0.27043352,-0.94006222,0
-1.0461041,0.81991744,-2.634275,0.20772302,-0.27043352,-0.94006222,0
0.72286487,-0.46650138,-1.6254587,0.20772302,-0.27043352,-0.94006222,0
0.69833046,1.2110357,2.1015501,-0.20772302,0.27043352,0.94006222,0
-0.68585265,0.67920554,1.8693228,-0.20772302,0.27043352,0.94006222,0
-2.5493782,1.4180267,-1.1414509,-0.97476751,-0.1375224,-0.17582977,0
-0.26533556,0.57500398,-2.5209861,0.20772302,-0.27043352,-0.94006222,0
2.4496784,1.2825069,-0.4567647,0.97476751,0.1375224,0.17582977,0
2.512748,-1.1251932,0.7594589,0.97476751,0.1375224,0.17582977,0
1.7598293,-1.478011,1.2523841,0.0817293,-0.95286584,0.29217634,0
2.7329807,-1.9411845,-0.46001852,0.0817293,-0.95286584,0.29217634,0
-2.7176821,0.63090563,-0.36563706,-0.97476751,-0.1375224,-0.17582977,0
2.1726913,-1.6281339,-1.3680937,0.20772302,-0.27043352,-0.94006222,0
-2.2527699,-1.8865209,1.4079634,0.0817293,-0.95286584,0.29217634,0
-1.7232382,-1.9339209,0.77928495,0.0817293,-0.95286584,0.29217634,0
-2.4319696,0.11608094,-1.2669187,-0.97476751,-0.1375224,-0.17582977,0
1.5685431,-1.9436318,-1.3136833,0.20772302,-0.27043352,-0.94006222,0
-2.3076794,1.8039684,0.18058753,-0.0817293,0.95286584,-0.29217634,0
2.368088,-0.25049901,-1.4316303,0.20772302,-0.27043352,-0.94006222,0
2.607866,0.72809923,-1.105848,0.97476751,0.1375224,0.17582977,0
-1.9690468,1.5109266,-1.6686031,-0.0817293,0.95286584,-0.29217634,0
2.0831954,1.9636633,-0.88167989,-0.0817293,0.95286584,-0.29217634,0
2.3151608,-1.1218395,1.6847016,0.97476751,0.1375224,0.17582977,0
1.1778153,-0.16781816,2.563679,-0.20772302,0.27043352,0.94006222,0
-2.6318955,0.5996213,-0.53785348,-0.97476751,-0.1375224,-0.17582977,0
2.068419,0.84174347,2.2589893,-0.20772302,0.27043352,0.94006222,0
2.8613153,-0.46592963,-0.6297164,0.97476751,0.1375224,0.17582977,0
-1.7646229,-2.6034074,-0.97923851,0.0817293,-0.95286584,0.29217634,0
-0.6146515,1.8027093,-1.2843738,-0.0817293,0.95286584,-0.29217634,0
-0.14423013,-0.95398402,-2.0863788,0.20772302,-0.27043352,-0.94006222,0
-2.6712654,-0.53295135,0.61291337,-0.97476751,-0.1375224,-0.17582977,0
-1.842276,1.8841164,-0.53353524,-0.0817293,0.95286584,-0.29217634,0
-1.1397457,2.3390582,1.271663,-0.0817293,0.95286584,-0.29217634,0
-0.32113111,1.2312059,-2.5875409,-0.0817293,0.95286584,-0.29217634,0
1.0641016,-1.9441462,0.064053714,0.0817293,-0.95286584,0.29217634,0
-2.1411734,-0.44394267,-1.8225057,-0.97476751,-0.1375224,-0.17582977,0
-2.7978654,1.9376119,0.34208238,-0.97476751,-0.1375224,-0.17582977,0
-2.5476949,0.60156631,-1.3958342,-0.97476751,-0.1375224,-0.17582977,0
-2.2202547,2.0840845,-0.010973692,-0.0817293,0.95286584,-0.29217634,0
2.6544251,-1.0446696,0.88252449,0.97476751,0.1375224,0.17582977,0
-2.6157458,0.43379995,0.5890106,-0.97476751,-0.1375224,-0.17582977,0
2.3533366,-1.9237155,0.032497048,0.0817293,-0.95286584,0.29217634,0
-1.6983879,-2.4281743,-0.076392531,0.0817293,-0.95286584,0.29217634,0
-1.9265748,1.5713681,-0.59922552,-0.0817293,0.95286584,-0.29217634,0
1.2289096,-2.2747977,-1.2154827,0.20772302,-0.27043352,-0.94006222,0
2.6331122,-1.1188651,0.51318538,0.97476751,0.1375224,0.17582977,0
-2.5147109,-0.89551926,0.8866595,-0.97476751,-0.1375224,-0.17582977,0
2.1636641,0.023211099,1.9870961,0.97476751,0.1375224,0.17582977,0
1.1556447,1.0066228,2.2156472,-0.20772302,0.27043352,0.94006222,0
2.2270932,0.8786279,-2.0634573,0.20772302,-0.27043352,-0.94006222,0
-2.8202283,0.81632173,1.4457855,-0.20772302,0.27043352,0.94006222,0
-0.12342811,-1.498477,-1.8871993,0.20772302,-0.27043352,-0.94006222,0
2.7140403,1.4646235,-1.5893464,0.97476751,0.1375224,0.17582977,0
-0.703053,-2.6854191,-1.318285,0.0817293,-0.95286584,0.29217634,0
2.6296778,0.26045477,0.24918985,0.97476751,0.1375224,0.17582977,0
-0.55173171,-0.10690537,2.0818653,-0.20772302,0.27043352,0.94006222,0
-1.6570585,2.3795412,0.82518435,-0.0817293,0.95286584,-0.29217634,0
-1.6612388,-0.90747482,-2.2045341,0.20772302,-0.27043352,-0.94006222,0
1.8066088,1.5137774,2.1636097,-0.20772302,0.27043352,0.94006222,0
1.2980816,-1.949918,0.10138971,0.0817293,-0.95286584,0.29217634,0
0.54991972,0.71574348,-2.3608613,0.20772302,-0.27043352,-0.94006222,0
2.4059453,2.0291605,-1.1427836,-0.0817293,0.95286584,-0.29217634,0
-0.1507957,-1.5208639,-1.6765164,0.20772302,-0.27043352,-0.94006222,0
-0.43964028,-2.4610126,-0.5210765,0.0817293,-0.95286584,0.29217634,0
1.7031678,-1.8193513,-1.148239,0.20772302,-0.27043352,-0.94006222,0
-1.9569285,-2.1791284,-1.9339719,-0.97476751,-0.1375224,-0.17582977,0
-1.1153063,0.1342679,-2.5749822,0.20772302,-0.27043352,-0.94006222,0
-1.4354323,-1.6259506,-1.8042663,0.20772302,-0.27043352,-0.94006222,0
0.036795974,-1.3601007,2.5143771,0.0817293,-0.95286584,0.29217634,0
1.4272866,1.5169696,-2.0403724,-0.0817293,0.95286584,-0.29217634,0
-0.68346024,-2.2586029,-0.71754432,0.0817293,-0.95286584,0.29217634,0
1.9903356,-1.9206262,-0.09960413,0.0817293,-0.95286584,0.29217634,0
2.2273874,2.2739322,0.37580609,0.97476751,0.1375224,0.17582977,0
0.54365802,-1.5396953,1.7909206,0.0817293,-0.95286584,0.29217634,0
-1.7462227,-0.13252699,-2.5335183,0.20772302,-0.27043352,-0.94006222,0
-0.82133746,-2.6337438,-1.3832693,0.0817293,-0.95286584,0.29217634,0
1.2555902,-1.6291959,-1.2676613,0.20772302,-0.27043352,-0.94006222,0
0.88997412,-2.2788179,-1.456527,0.20772302,-0.27043352,-0.94006222,0
-0.73266459,-0.19317678,-2.1110244,0.20772302,-0.27043352,-0.94006222,0
-2.4140496,-1.211722,-0.94684124,-0.97476751,-0.1375224,-0.17582977,0
-2.6760726,1.759208,-0.5407418,-0.0817293,0.95286584,-0.29217634,0
0.49427295,-1.1555026,2.5382946,-0.20772302,0.27043352,0.94006222,0
2.2075906,1.7317504,1.1514063,0.97476751,0.1375224,0.17582977,0
-0.98851556,1.6731755,-1.689131,-0.0817293,0.95286584,-0.29217634,0
1.0933261,2.4301064,0.67446268,-0.0817293,0.95286584,-0.29217634,0
-0.49183139,1.9409574,-0.046188343,-0.0817293,0.95286584,-0.29217634,0
-2.0560293,2.0981078,0.25928718,-0.0817293,0.95286584,-0.29217634,0
-2.2939057,0.12828213,-0.8142699,-0.97476751,-0.1375224,-0.17582977,0
-0.1243,0.30674031,2.0003114,-0.20772302,0.27043352,0.94006222,0
1.2121782,-0.17037234,-1.8089631,0.20772302,-0.27043352,-0.94006222,0
-2.6971991,0.61192548,1.0352068,-0.97476751,-0.1375224,-0.17582977,0
2.2080636,-0.37127215,2.7513814,-0.20772302,0.27043352,0.94006222,0
-0.68814558,-0.41195214,-2.1915245,0.20772302,-0.27043352,-0.94006222,0
1.1020064,0.027803242,2.1613374,-0.20772302,0.27043352,0.94006222,0
-0.1999476,0.747774,2.0217848,-0.20772302,0.27043352,0.94006222,0
2.5759528,2.0433021,-0.81541002,0.97476751,0.1375224,0.17582977,0
-2.7724435,2.0007005,0.61559439,-0.97476751,-0.1375224,-0.17582977,0
-2.4992151,0.20739436,-0.16317904,-0.97476751,-0.1375224,-0.17582977,0
2.8200083,-0.89952576,-1.4150774,0.20772302,-0.27043352,-0.94006222,0
-0.89911008,-2.2092354,-0.67519641,0.0817293,-0.95286584,0.29217634,0
1.551373,0.057943016,2.5884705,-0.20772302,0.27043352,0.94006222,0
1.8800993,1.7439468,1.7088256,0.97476751,0.1375224,0.17582977,0
0.044144511,1.8665217,-0.56250465,-0.0817293,0.95286584,-0.29217634,0
1.5678482,-1.7003608,1.0141037,0.0817293,-0.95286584,0.29217634,0
2.6608384,-1.2074022,-1.0707722,0.20772302,-0.27043352,-0.94006222,0
-1.6711949,1.5324385,-2.0524139,-0.0817293,0.95286584,-0.29217634,0
0.10858333,-1.320447,2.4417162,-0.20772302,0.27043352,0.94006222,0
-2.6838374,-1.2977502,1.9353162,-0.20772302,0.27043352,0.94006222,0
-2.3020873,0.40161288,-2.3469787,-0.97476751,-0.1375224,-0.17582977,0
-2.96772,-0.079109132,1.3040326,-0.97476751,-0.1375224,-0.17582977,0
2.3121507,-2.0433877,0.18228352,0.0817293,-0.95286584,0.29217634,0
2.773468,-1.9635448,-1.0764771,0.20772302,-0.27043352,-0.94006222,0
-1.9608495,1.3451474,-1.3201329,-0.0817293,0.95286584,-0.29217634,0
-2.0094738,-0.29700822,-2.4202142,-0.97476751,-0.1375224,-0.17582977,0
1.3748744,-1.8579446,0.55559051,0.0817293,-0.95286584,0.29217634,0
0.34175456,-1.046663,2.6244216,-0.20772302,0.27043352,0.94006222,0
0.58925879,-1.0511383,2.3519478,-0.20772302,0.27043352,0.94006222,0
-2.5058727,-1.8145976,1.6533103,0.0817293,-0.95286584,0.29217634,0
-2.4592829,-1.4196197,1.2268026,-0.97476751,-0.1375224,-0.17582977,0
-2.2301462,-0.69034851,-0.66934383,-0.97476751,-0.1375224,-0.17582977,0
-2.7648716,1.1441784,0.46406889,-0.97476751,-0.1375224,-0.17582977,0
1.1236913,-0.55933362,-1.8068105,0.20772302,-0.27043352,-0.94006222,0
0.52382535,-1.7511187,0.93940425,0.0817293,-0.95286584,0.29217634,0
-1.6145315,-0.046293974,1.8302077,-0.20772302,0.27043352,0.94006222,0
0.92172575,-2.232048,-1.0739081,0.0817293,-0.95286584,0.29217634,0
-0.15922964,0.96717894,1.9480585,-0.20772302,0.27043352,0.94006222,0
2.9960115,-0.13459393,-1.2630035,0.97476751,0.1375224,0.17582977,0
2.8759294,-0.13330692,-0.61485398,0.97476751,0.1375224,0.17582977,0
2.1853011,-0.17348225,1.3428162,0.97476751,0.1375224,0.17582977,0
-1.9382846,1.2031622,-2.3183007,-0.0817293,0.95286584,-0.29217634,0
-0.55046386,1.2567644,-1.9362408,-0.0817293,0.95286584,-0.29217634,0
-1.4565775,1.569716,1.547902,-0.20772302,0.27043352,0.94006222,0
1.0030136,-0.47602031,2.528193,-0.20772302,0.27043352,0.94006222,0
2.970691,-0.99179208,-1.246763,0.20772302,-0.27043352,-0.94006222,0
0.79167747,-1.6616892,-1.600894,0.20772302,-0.27043352,-0.94006222,0
2.02565,0.19629794,-1.948231,0.20772302,-0.27043352,-0.94006222,0
1.251087,-1.9876121,-0.45582879,0.0817293,-0.95286584,0.29217634,0
-2.5993347,1.455086,1.2234142,-0.20772302,0.27043352,0.94006222,0
-1.8236783,-0.59233224,-2.1534081,0.20772302,-0.27043352,-0.94006222,0
0.34348369,-2.3060255,-1.1419364,0.0817293,-0.95286584,0.29217634,0
2.1161988,1.7891842,0.20778632,0.97476751,0.1375224,0.17582977,0
2.1077471,1.9124666,-0.90232348,-0.0817293,0.95286584,-0.29217634,0
1.0032592,-2.3082228,-0.43396911,0.0817293,-0.95286584,0.29217634,0
-0.87310845,2.1469131,0.88487029,-0.0817293,0.95286584,-0.29217634,0
-2.2004373,-0.52632612,-1.8856025,-0.97476751,-0.1375224,-0.17582977,0
-2.9670157,0.9477272,0.72446239,-0.97476751,-0.1375224,-0.17582977,0
1.0583783,2.280704,1.8782841,-0.20772302,0.27043352,0.94006222,0
2.4272978,-1.9421884,0.47438824,0.0817293,-0.95286584,0.29217634,0
