-2.5191898,0.37107563,0.67403829,-0.90246481,-0.10498276,-0.41777498,0
0.45339233,-1.4481626,2.3273697,0.018002667,-0.97819197,0.20692125,0
1.3036861,-0.99886131,-1.3766613,0.43038726,-0.17921808,-0.88467377,0
-1.5554986,0.34269503,1.2475733,-0.43038726,0.17921808,0.88467377,0
-1.2147316,1.9070445,-1.3966165,-0.018002667,0.97819197,-0.20692125,0
1.1191872,0.47965682,2.4622393,0.90246481,0.10498276,0.41777498,0
-2.5802417,1.3834584,0.47970283,-0.90246481,-0.10498276,-0.41777498,0
1.9620574,1.323567,0.19483137,0.90246481,0.10498276,0.41777498,0
1.9870558,2.0985169,-0.036045551,-0.018002667,0.97819197,-0.20692125,0
-0.87059295,-1.48594,2.2685103,-0.43038726,0.17921808,0.88467377,0
1.3323801,0.51315612,1.7302325,0.90246481,0.10498276,0.41777498,0
-0.20544635,1.8050644,-0.50121212,-0.018002667,0.97819197,-0.20692125,0
-1.1667793,0.88959014,-2.1760921,-0.90246481,-0.10498276,-0.41777498,0
2.452193,-0.32791299,-0.87089598,0.90246481,0.10498276,0.41777498,0
-1.7246112,-2.0337362,0.075157404,0.018002667,-0.97819197,0.20692125,0
2.3943503,-1.5144939,-0.93563271,0.43038726,-0.17921808,-0.88467377,0
-2.6912737,2.0273895,0.19662428,-0.90246481,-0.10498276,-0.41777498,0
2.2638278,-1.8713142,0.070793152,0.018002667,-0.97819197,0.20692125,0
1.912796,-1.0747107,-0.88696635,0.43038726,-0.17921808,-0.88467377,0
-2.845355,0.21545279,0.87131411,-0.90246481,-0.10498276,-0.41777498,0
-1.7598991,-1.1665134,1.5871058,-0.43038726,0.17921808,0.88467377,0
0.87433612,-1.3406055,-1.3767868,0.43038726,-0.17921808,-0.88467377,0
2.5826697,1.8992584,-1.0050693,0.90246481,0.10498276,0.41777498,0
1.4191779,-1.5340738,2.3140426,0.90246481,0.10498276,0.41777498,0
1.3384116,1.3176202,1.6947237,0.90246481,0.10498276,0.41777498,0
0.54526246,-1.426982,2.6136639,0.018002667,-0.97819197,0.20692125,0
-0.97900319,-2.1966951,-1.2599473,0.018002667,-0.97819197,0.20692125,0
-2.220789,-1.5143514,1.6987391,-0.43038726,0.17921808,0.88467377,0
-2.242306,1.4321942,-0.69080269,-0.90246481,-0.10498276,-0.41777498,0
-2.2282748,-0.67362207,0.29564387,-0.90246481,-0.10498276,-0.41777498,0
0.035346851,1.9581196,0.33953649,-0.018002667,0.97819197,-0.20692125,0
1.7996334,-1.7840734,1.5600663,0.018002667,-0.97819197,0.20692125,0
0.87369233,-1.6907123,1.9400544,0.018002667,-0.97819197,0.20692125,0
-2.3469625,0.090979278,0.4306277,-0.90246481,-0.10498276,-0.41777498,0
-1.8026822,1.5942224,-1.1221389,-0.90246481,-0.10498276,-0.41777498,0
0.7261976,1.6246474,2.3731346,-0.43038726,0.17921808,0.88467377,0
1.0268798,-1.6356558,-1.4518462,0.43038726,-0.17921808,-0.88467377,0
-1.3169827,1.6990484,-2.0051451,-0.018002667,0.97819197,-0.20692125,0
0.11691567,-2.10992,0.28261241,0.018002667,-0.97819197,0.20692125,0
2.738102,1.5082719,-1.2202415,0.43038726,-0.17921808,-0.88467377,0
0.50787777,1.6585577,-0.9719466,-0.018002667,0.97819197,-0.20692125,0
-0.75595915,-2.2984943,-0.44392079,0.018002667,-0.97819197,0.20692125,0
1.4404001,-1.7030842,0.98702514,0.018002667,-0.97819197,0.20692125,0
-2.4287009,-1.6017712,0.68861055,-0.90246481,-0.10498276,-0.41777498,0
-0.59646899,-2.3166621,-0.35687041,0.018002667,-0.97819197,0.20692125,0
-2.4718409,-1.7770051,0.61309284,-0.90246481,-0.10498276,-0.41777498,0
2.0958459,0.83370912,0.36997795,0.90246481,0.10498276,0.41777498,0
-1.2787911,-1.1548556,-2.118041,-0.90246481,-0.10498276,-0.41777498,0
1.521186,-0.50732797,1.4316545,0.90246481,0.10498276,0.41777498,0
2.2591577,0.83352017,-1.1366036,0.43038726,-0.17921808,-0.88467377,0
-0.55989128,-0.84384584,-2.3451591,0.43038726,-0.17921808,-0.88467377,0
-2.2729435,-1.75703,0.75623387,0.018002667,-0.97819197,0.20692125,0
-0.4973416,1.6624312,-1.7091825,-0.018002667,0.97819197,-0.20692125,0
-0.98505318,1.4486343,-2.299612,-0.018002667,0.97819197,-0.20692125,0
-0.49404347,-1.4959555,2.1189513,-0.43038726,0.17921808,0.88467377,0
0.57530868,2.1459363,-0.53383362,-0.018002667,0.97819197,-0.20692125,0
0.28145954,2.0647819,-0.52467293,-0.018002667,0.97819197,-0.20692125,0
2.5028412,-1.133299,-0.1345222,0.90246481,0.10498276,0.41777498,0
0.84024352,-2.1508014,-0.82141852,0.018002667,-0.97819197,0.20692125,0
1.745085,2.0597713,-0.39066154,-0.018002667,0.97819197,-0.20692125,0
0.90430391,-0.19635707,-1.611877,0.43038726,-0.17921808,-0.88467377,0
-0.64070094,-2.437557,-1.6150675,0.018002667,-0.97819197,0.20692125,0
0.5209837,-1.7606509,1.656103,0.018002667,-0.97819197,0.20692125,0
0.94370043,2.4252512,2.2050364,0.90246481,0.10498276,0.41777498,0
-0.63084966,-1.9425589,0.13627174,0.018002667,-0.97819197,0.20692125,0
-0.83493996,-0.89558077,2.1809728,-0.43038726,0.17921808,0.88467377,0
-1.3090241,1.3293568,-2.4623599,-0.90246481,-0.10498276,-0.41777498,0
0.26801157,-1.9717411,0.89555621,0.018002667,-0.97819197,0.20692125,0
2.0261421,-1.8235337,0.4843924,0.018002667,-0.97819197,0.20692125,0
-1.6577996,0.14637196,1.491074,-0.43038726,0.17921808,0.88467377,0
-1.2194161,-1.6761101,-1.7753189,-0.90246481,-0.10498276,-0.41777498,0
2.0583889,-0.86229181,0.22170603,0.90246481,0.10498276,0.41777498,0
1.2508265,-1.5809131,-1.3530127,0.43038726,-0.17921808,-0.88467377,0
1.1363224,0.37299669,1.9185468,0.90246481,0.10498276,0.41777498,0
2.3689833,0.53739685,-0.15407288,0.90246481,0.10498276,0.41777498,0
0.35850126,1.95298,0.15334225,-0.018002667,0.97819197,-0.20692125,0
0.16362721,-2.2656684,-1.2082429,0.018002667,-0.97819197,0.20692125,0
1.8689089,1.9324929,0.069437623,-0.018002667,0.97819197,-0.20692125,0
1.8568331,0.064823791,-1.2079701,0.43038726,-0.17921808,-0.88467377,0
-1.5881951,-1.7163148,1.6225646,-0.43038726,0.17921808,0.88467377,0
1.3017648,1.800535,-0.59047467,-0.018002667,0.97819197,-0.20692125,0
0.6966998,-1.2860082,2.9151685,-0.43038726,0.17921808,0.88467377,0
-0.89748704,-0.29839328,-2.479991,0.43038726,-0.17921808,-0.88467377,0
1.653275,-1.7847478,-1.1161435,0.43038726,-0.17921808,-0.88467377,0
-1.525864,0.19719104,-1.0742115,-0.90246481,-0.10498276,-0.41777498,0
0.57096148,-1.6513107,1.2630377,0.018002667,-0.97819197,0.20692125,0
0.39599347,1.729502,2.107048,-0.43038726,0.17921808,0.88467377,0
1.3560619,-0.62323201,-1.2754632,0.43038726,-0.17921808,-0.88467377,0
0.21004164,-1.0902312,-2.1318169,0.43038726,-0.17921808,-0.88467377,0
-0.42518258,0.97915196,-2.4961801,0.43038726,-0.17921808,-0.88467377,0
-0.61072779,1.1866813,-2.9319685,0.43038726,-0.17921808,-0.88467377,0
-0.046179771,-1.2412741,2.4798472,-0.43038726,0.17921808,0.88467377,0
-0.51205534,-2.0083272,0.0056582987,0.018002667,-0.97819197,0.20692125,0
2.2819858,-1.3010908,-0.28082752,0.90246481,0.10498276,0.41777498,0
1.2744232,1.9265,1.1966765,0.90246481,0.10498276,0.41777498,0
1.8606296,-1.5177109,1.2210318,0.90246481,0.10498276,0.41777498,0
-0.46052647,2.1263011,1.4849119,-0.43038726,0.17921808,0.88467377,0
0.2782414,-1.6371459,1.9781445,0.018002667,-0.97819197,0.20692125,0
-0.75609887,-1.6790731,-2.296654,-0.90246481,-0.10498276,-0.41777498,0
-2.372781,-0.9162727,0.71400034,-0.90246481,-0.10498276,-0.41777498,0
-2.1239309,1.1983057,1.1638139,-0.43038726,0.17921808,0.88467377,0
-0.76408899,2.3815668,0.88262868,-0.018002667,0.97819197,-0.20692125,0
1.903785,-1.644181,1.0798832,0.90246481,0.10498276,0.41777498,0
1.4647632,0.0078499652,1.3191378,0.90246481,0.10498276,0.41777498,0
-0.99734002,1.8685453,-0.14803708,-0.018002667,0.97819197,-0.20692125,0
1.5362825,-1.4781758,-1.3539464,0.43038726,-0.17921808,-0.88467377,0
0.4720934,-1.5335128,2.6907721,-0.43038726,0.17921808,0.88467377,0
-0.078215182,1.4687116,-1.8966119,-0.018002667,0.97819197,-0.20692125,0
-1.4690315,-1.7201693,-1.2191745,-0.90246481,-0.10498276,-0.41777498,0
0.16874146,-0.75666863,2.685451,-0.43038726,0.17921808,0.88467377,0
-0.60610998,-2.2843428,-1.3411733,0.018002667,-0.97819197,0.20692125,0
-1.0095906,-0.45250505,-2.1979992,-0.90246481,-0.10498276,-0.41777498,0
-0.34963286,-0.37551576,2.3382175,-0.43038726,0.17921808,0.88467377,0
1.3509343,0.15370187,2.1663799,0.90246481,0.10498276,0.41777498,0
-2.5953271,0.78016305,0.92861843,-0.43038726,0.17921808,0.88467377,0
2.1636901,-1.6618466,0.72880411,0.90246481,0.10498276,0.41777498,0
1.7477027,0.80796397,0.64185119,0.90246481,0.10498276,0.41777498,0
-0.14895904,0.25594348,1.9858513,-0.43038726,0.17921808,0.88467377,0
2.3994079,-0.13933618,-1.2599455,0.43038726,-0.17921808,-0.88467377,0
-2.4983222,-0.63569045,0.34493238,-0.90246481,-0.10498276,-0.41777498,0
2.246793,0.78566241,0.17110884,0.90246481,0.10498276,0.41777498,0
0.66191357,-2.3079278,-1.4750048,0.43038726,-0.17921808,-0.88467377,0
-0.81722009,0.76172352,1.7106122,-0.43038726,0.17921808,0.88467377,0
1.1147176,1.8487147,-1.8248758,-0.018002667,0.97819197,-0.20692125,0
-1.402199,-0.74575186,-1.2467343,-0.90246481,-0.10498276,-0.41777498,0
2.1320474,0.37348419,0.23925948,0.90246481,0.10498276,0.41777498,0
0.73942816,-2.1255004,0.22655113,0.018002667,-0.97819197,0.20692125,0
1.4426873,1.6331064,-2.0354857,-0.018002667,0.97819197,-0.20692125,0
1.9807918,-1.3517057,0.39984322,0.90246481,0.10498276,0.41777498,0
1.5721389,-0.19813776,-1.3867018,0.43038726,-0.17921808,-0.88467377,0
0.60356355,1.7442627,2.0982122,-0.43038726,0.17921808,0.88467377,0
0.068366051,-0.18423779,-1.9919543,0.43038726,-0.17921808,-0.88467377,0
1.5977175,0.051585466,1.7306554,0.90246481,0.10498276,0.41777498,0
-0.17831817,1.9704317,0.56077701,-0.018002667,0.97819197,-0.20692125,0
2.0938911,-2.2669308,-0.93609196,0.018002667,-0.97819197,0.20692125,0
-1.5618308,0.26283196,1.222676,-0.43038726,0.17921808,0.88467377,0
-1.5498027,-0.48282164,-1.5229187,-0.90246481,-0.10498276,-0.41777498,0
1.1313883,1.1000286,-2.1005595,0.43038726,-0.17921808,-0.88467377,0
-1.4802103,1.7474836,-1.7661366,-0.018002667,0.97819197,-0.20692125,0
-1.1476822,-1.9494444,-1.8671188,-0.90246481,-0.10498276,-0.41777498,0
2.2029519,1.9917847,-0.72050142,0.90246481,0.10498276,0.41777498,0
1.4655783,-1.8071607,1.0660338,0.018002667,-0.97819197,0.20692125,0
0.28712869,1.747793,-1.9299754,-0.018002667,0.97819197,-0.20692125,0
0.19669765,0.89771926,2.2989454,-0.43038726,0.17921808,0.88467377,0
1.9192472,-0.30373955,0.38690674,0.90246481,0.10498276,0.41777498,0
1.3505346,-1.5612396,2.4890881,0.018002667,-0.97819197,0.20692125,0
0.40611696,-0.78708738,-2.1238644,0.43038726,-0.17921808,-0.88467377,0
1.3532184,1.2258759,-1.6356001,0.43038726,-0.17921808,-0.88467377,0
1.1400157,0.44938204,2.5142865,-0.43038726,0.17921808,0.88467377,0
1.3122894,-2.2918246,-1.3620746,0.43038726,-0.17921808,-0.88467377,0
0.78800726,2.1285923,0.94259077,-0.018002667,0.97819197,-0.20692125,0
0.26208746,-1.798201,1.5849061,0.018002667,-0.97819197,0.20692125,0
2.5737479,0.47347179,-0.51588768,0.90246481,0.10498276,0.41777498,0
-1.6041987,-1.7086551,1.99728,-0.43038726,0.17921808,0.88467377,0
-2.5076981,0.22748651,0.93982863,-0.43038726,0.17921808,0.88467377,0
-1.5669355,1.027218,-1.1962041,-0.90246481,-0.10498276,-0.41777498,0
-1.6822474,-1.0184388,-0.85932708,-0.90246481,-0.10498276,-0.41777498,0
0.16031957,-2.2396193,-1.06757,0.018002667,-0.97819197,0.20692125,0
-1.5006671,-1.0278964,-1.4787711,-0.90246481,-0.10498276,-0.41777498,0
1.7949469,-2.1127205,-0.47034374,0.018002667,-0.97819197,0.20692125,0
2.4809136,1.2128155,-0.83193302,0.90246481,0.10498276,0.41777498,0
-1.2258877,1.8819758,-0.76650655,-0.018002667,0.97819197,-0.20692125,0
2.0543294,-0.81830466,-0.93227148,0.43038726,-0.17921808,-0.88467377,0
-0.45812571,1.5048263,-2.5789983,-0.018002667,0.97819197,-0.20692125,0
0.30704898,-0.71133709,2.4081626,-0.43038726,0.17921808,0.88467377,0
-2.1112084,2.2692235,0.55328149,-0.43038726,0.17921808,0.88467377,0
1.3711188,1.5902498,-1.4884243,-0.018002667,0.97819197,-0.20692125,0
2.3126709,0.50539017,-0.55170995,0.90246481,0.10498276,0.41777498,0
-0.17185682,-1.0384675,-1.934721,0.43038726,-0.17921808,-0.88467377,0
0.87878931,2.5699518,1.6052912,-0.018002667,0.97819197,-0.20692125,0
1.790513,-2.2595654,-0.84576917,0.43038726,-0.17921808,-0.88467377,0
0.34029484,1.8676168,-0.35007671,-0.018002667,0.97819197,-0.20692125,0
2.4244814,-0.019117787,-0.44377303,0.90246481,0.10498276,0.41777498,0
1.7125003,1.8177229,1.0900981,0.90246481,0.10498276,0.41777498,0
-1.5940028,1.7731249,-0.64363545,-0.018002667,0.97819197,-0.20692125,0
-2.7218461,-0.26437256,0.87840903,-0.43038726,0.17921808,0.88467377,0
1.3786068,0.8008588,1.9175022,0.90246481,0.10498276,0.41777498,0
-0.21600878,-1.4790956,2.5956345,-0.43038726,0.17921808,0.88467377,0
0.26028973,-2.1275673,0.19833393,0.018002667,-0.97819197,0.20692125,0
1.9200307,-0.45272779,0.80142915,0.90246481,0.10498276,0.41777498,0
0.74816829,1.7635992,2.2069087,-0.43038726,0.17921808,0.88467377,0
0.32258099,2.6205444,1.9951134,-0.43038726,0.17921808,0.88467377,0
0.57604766,0.36517924,-2.191839,0.43038726,-0.17921808,-0.88467377,0
-0.50630224,-0.47937423,-2.3744884,0.43038726,-0.17921808,-0.88467377,0
-1.4305403,0.9991805,-1.7940294,-0.90246481,-0.10498276,-0.41777498,0
-1.2428026,2.074996,1.4128942,-0.43038726,0.17921808,0.88467377,0
-2.4144206,1.9108758,-0.41745293,-0.018002667,0.97819197,-0.20692125,0
1.4446142,-0.0045123249,-1.4963629,0.43038726,-0.17921808,-0.88467377,0
-2.596477,-0.4048413,1.2695841,-0.43038726,0.17921808,0.88467377,0
0.86857384,2.0818188,2.0955992,0.90246481,0.10498276,0.41777498,0
-2.1802845,1.8105364,0.87971008,-0.43038726,0.17921808,0.88467377,0
0.64981484,1.254032,2.3529809,-0.43038726,0.17921808,0.88467377,0
-2.3176639,1.9959984,-0.27434802,-0.018002667,0.97819197,-0.20692125,0
1.9188814,1.0614421,0.34013331,0.90246481,0.10498276,0.41777498,0
-0.80361485,-1.497869,2.0543847,-0.43038726,0.17921808,0.88467377,0
-0.91841435,-1.4734715,-2.2216272,0.43038726,-0.17921808,-0.88467377,0
0.90621233,1.421903,2.030164,0.90246481,0.10498276,0.41777498,0
0.20439577,1.1117938,-2.2300653,0.43038726,-0.17921808,-0.88467377,0
1.9125142,0.005258441,0.305902,0.90246481,0.10498276,0.41777498,0
-1.6624908,1.8345164,0.11792731,-0.018002667,0.97819197,-0.20692125,0
1.6091549,1.5459731,-1.6140542,-0.018002667,0.97819197,-0.20692125,0
-1.1155473,-0.58477104,-1.8013221,-0.90246481,-0.10498276,-0.41777498,0
1.8936281,-1.7874871,0.40606809,0.018002667,-0.97819197,0.20692125,0
0.19702384,-1.7311001,1.1690378,0.018002667,-0.97819197,0.20692125,0
-0.46957672,-0.89680976,-2.2556508,0.43038726,-0.17921808,-0.88467377,0
-2.1648886,2.1127462,0.24635589,-0.018002667,0.97819197,-0.20692125,0
1.2684796,2.3576913,1.482885,0.90246481,0.10498276,0.41777498,0
-0.66718465,1.5734361,-2.1791906,-0.018002667,0.97819197,-0.20692125,0
0.98539293,0.044636585,2.2445056,0.90246481,0.10498276,0.41777498,0
-0.51119286,2.0986419,-0.14015067,-0.018002667,0.97819197,-0.20692125,0
-0.12049258,-0.093053848,-2.1604402,0.43038726,-0.17921808,-0.88467377,0
-2.4636734,-0.62384218,1.2554191,-0.43038726,0.17921808,0.88467377,0
1.3159168,0.19278041,2.3082995,0.90246481,0.10498276,0.41777498,0
-2.7650237,0.84916508,0.716851,-0.43038726,0.17921808,0.88467377,0
0.68929613,-1.6326191,-1.4150261,0.43038726,-0.17921808,-0.88467377,0
0.51607084,-1.6456158,2.1097229,0.018002667,-0.97819197,0.20692125,0
0.13842285,0.27073789,-2.1656241,0.43038726,-0.17921808,-0.88467377,0
-0.0039480925,-2.5384552,-1.4537909,0.018002667,-0.97819197,0.20692125,0
1.351841,0.2108148,2.1881986,0.90246481,0.10498276,0.41777498,0
-1.6588224,-2.0831809,0.0058200359,0.018002667,-0.97819197,0.20692125,0
0.57370472,0.13915327,-2.211514,0.43038726,-0.17921808,-0.88467377,0
1.5717852,0.22874208,1.3651892,0.90246481,0.10498276,0.41777498,0
1.9737794,0.23813429,0.49301064,0.90246481,0.10498276,0.41777498,0
1.6831774,-1.8548205,-1.2323619,0.43038726,-0.17921808,-0.88467377,0
1.5510074,1.928118,-0.97767615,-0.018002667,0.97819197,-0.20692125,0
2.0646961,-1.8740079,0.22451174,0.018002667,-0.97819197,0.20692125,0
0.17647654,-2.3202219,-0.58296227,0.018002667,-0.97819197,0.20692125,0
-0.052110314,0.75016552,2.0101521,-0.43038726,0.17921808,0.88467377,0
1.1085116,1.848236,-1.3310225,-0.018002667,0.97819197,-0.20692125,0
-2.0357268,1.0648792,-0.67825651,-0.90246481,-0.10498276,-0.41777498,0
1.7029403,-0.55859739,1.6781446,0.90246481,0.10498276,0.41777498,0
-0.81353557,0.20199518,-2.7883556,-0.90246481,-0.10498276,-0.41777498,0
2.4557214,-0.41531801,-0.18952382,0.90246481,0.10498276,0.41777498,0
0.12350643,1.8939854,-0.81330109,-0.018002667,0.97819197,-0.20692125,0
-1.0827768,-0.2238491,-2.032048,-0.90246481,-0.10498276,-0.41777498,0
-1.1662289,1.9688669,-1.1384889,-0.018002667,0.97819197,-0.20692125,0
2.6019945,-0.22520106,-0.88823205,0.43038726,-0.17921808,-0.88467377,0
0.5809691,-0.10166369,-1.9901087,0.43038726,-0.17921808,-0.88467377,0
-1.3497688,-0.36632261,-2.2261257,-0.90246481,-0.10498276,-0.41777498,0
0.89563656,-1.0131669,2.8507802,-0.43038726,0.17921808,0.88467377,0
2.0649395,0.024585307,0.27423263,0.90246481,0.10498276,0.41777498,0
0.99621189,2.1813638,1.9894171,0.90246481,0.10498276,0.41777498,0
-1.6974491,1.4639651,-1.5879669,-0.90246481,-0.10498276,-0.41777498,0
-2.049382,-1.3125186,-0.34009874,-0.90246481,-0.10498276,-0.41777498,0
1.5471315,-0.25580347,1.472254,0.90246481,0.10498276,0.41777498,0
-0.59212744,-1.0353948,-2.3101425,0.43038726,-0.17921808,-0.88467377,0
0.89449638,-2.179286,-0.75839686,0.018002667,-0.97819197,0.20692125,0
0.59367597,1.7662013,-1.3391936,-0.018002667,0.97819197,-0.20692125,0
-2.1469491,1.9440713,0.67506075,-0.018002667,0.97819197,-0.20692125,0
0.07326591,-1.1380635,2.6111026,-0.43038726,0.17921808,0.88467377,0
-2.4945309,1.7995844,0.51271111,-0.43038726,0.17921808,0.88467377,0
-0.79702014,-1.6841767,-2.4741309,0.43038726,-0.17921808,-0.88467377,0
1.5689093,-0.21835703,1.7714126,0.90246481,0.10498276,0.41777498,0
1.1579058,2.0019798,2.1029413,0.90246481,0.10498276,0.41777498,0
-0.9844349,0.85983843,-2.5247879,-0.90246481,-0.10498276,-0.41777498,0
0.11606014,-1.3113766,2.6920998,0.018002667,-0.97819197,0.20692125,0
-0.72570026,1.9818194,0.5173865,-0.018002667,0.97819197,-0.20692125,0
1.8942876,1.3313947,-1.4487224,0.43038726,-0.17921808,-0.88467377,0
-0.60257775,-1.8705778,1.0566313,0.018002667,-0.97819197,0.20692125,0
0.10872948,1.4499955,-2.4853697,-0.018002667,0.97819197,-0.20692125,0
-0.11412889,-1.8262746,1.2658244,0.018002667,-0.97819197,0.20692125,0
-1.4290444,0.62478137,-1.5586143,-0.90246481,-0.10498276,-0.41777498,0
2.2304204,1.1462029,0.13607776,0.90246481,0.10498276,0.41777498,0
-0.27357203,-2.2723711,-1.2999381,0.018002667,-0.97819197,0.20692125,0
-0.19473839,-0.35003054,2.1927326,-0.43038726,0.17921808,0.88467377,0
-1.2356491,-1.8771328,1.1668673,0.018002667,-0.97819197,0.20692125,0
-0.4358131,1.6809593,-1.7511684,-0.018002667,0.97819197,-0.20692125,0
0.55375087,1.7859849,2.2120156,-0.43038726,0.17921808,0.88467377,0
-1.878234,-0.12338066,-1.0207824,-0.90246481,-0.10498276,-0.41777498,0
0.58123004,0.48875833,-2.2457988,0.43038726,-0.17921808,-0.88467377,0
-0.39594495,1.8410622,-0.3297728,-0.018002667,0.97819197,-0.20692125,0
0.58704495,-1.0415828,-1.5669335,0.43038726,-0.17921808,-0.88467377,0
2.210346,-2.1075826,-0.087191463,0.018002667,-0.97819197,0.20692125,0
-1.3857945,-0.64213532,-1.2625664,-0.90246481,-0.10498276,-0.41777498,0
0.74500525,1.9416734,-0.34730017,-0.018002667,0.97819197,-0.20692125,0
0.84262216,-1.5157155,-1.5950907,0.43038726,-0.17921808,-0.88467377,0
-0.91082126,-2.2869861,-2.4044554,0.43038726,-0.17921808,-0.88467377,0
-1.5584046,1.8485081,-0.89104825,-0.018002667,0.97819197,-0.20692125,0
1.5521506,-1.2497711,1.607514,0.90246481,0.10498276,0.41777498,0
0.44455826,-0.17744501,2.4423487,-0.43038726,0.17921808,0.88467377,0
0.14778064,-2.0844409,0.45080745,0.018002667,-0.97819197,0.20692125,0
-1.87158,1.3641521,-1.475016,-0.90246481,-0.10498276,-0.41777498,0
-0.50345099,-1.9577757,1.2916518,0.018002667,-0.97819197,0.20692125,0
0.65653241,0.80651826,-2.1465859,0.43038726,-0.17921808,-0.88467377,0
1.3593843,-2.1880872,-0.94754165,0.018002667,-0.97819197,0.20692125,0
-0.49459004,2.0863516,0.58871561,-0.018002667,0.97819197,-0.20692125,0
-0.23334473,-1.9645858,-1.9017204,0.43038726,-0.17921808,-0.88467377,0
2.1600919,2.0280306,-1.173885,-0.018002667,0.97819197,-0.20692125,0
1.8056041,0.8666997,0.77098477,0.90246481,0.10498276,0.41777498,0
-0.85001624,-1.4747223,2.1017168,0.018002667,-0.97819197,0.20692125,0
-0.94954628,-1.2270907,-2.2924333,-0.90246481,-0.10498276,-0.41777498,0
2.5628724,0.68690068,-0.84304339,0.90246481,0.10498276,0.41777498,0
2.0210986,-0.085126445,0.35504675,0.90246481,0.10498276,0.41777498,0
2.4917738,0.19698182,-1.1893721,0.43038726,-0.17921808,-0.88467377,0
-2.5002544,1.4020246,0.59839988,-0.43038726,0.17921808,0.88467377,0
0.8278718,1.9966894,0.16779912,-0.018002667,0.97819197,-0.20692125,0
-1.9033074,0.8740114,1.0890222,-0.43038726,0.17921808,0.88467377,0
-0.26998794,-0.45812553,-2.3774025,0.43038726,-0.17921808,-0.88467377,0
-1.5354393,-0.71010864,-1.262445,-0.90246481,-0.10498276,-0.41777498,0
-0.085924506,1.7740166,-1.289806,-0.018002667,0.97819197,-0.20692125,0
-2.4755337,0.16374986,0.98893654,-0.43038726,0.17921808,0.88467377,0
-2.7781825,0.84628052,0.92882979,-0.43038726,0.17921808,0.88467377,0
0.27486277,0.66091913,2.1728928,-0.43038726,0.17921808,0.88467377,0
-2.1352923,1.7402271,-0.78724229,-0.90246481,-0.10498276,-0.41777498,0
0.89333183,-0.53430641,2.665772,-0.43038726,0.17921808,0.88467377,0
2.5944059,-2.0507629,-0.56227678,0.43038726,-0.17921808,-0.88467377,0
-0.35008842,1.949775,-0.47057343,-0.018002667,0.97819197,-0.20692125,0
0.30417573,-2.0426831,-1.8885924,0.43038726,-0.17921808,-0.88467377,0
1.183634,1.7613351,1.4908272,0.90246481,0.10498276,0.41777498,0
1.9649333,-0.092533849,0.71497631,0.90246481,0.10498276,0.41777498,0
1.2619916,0.5519138,-1.544551,0.43038726,-0.17921808,-0.88467377,0
1.3240675,1.81734,-1.6986382,-0.018002667,0.97819197,-0.20692125,0
2.2352028,-0.74178421,-0.27741295,0.90246481,0.10498276,0.41777498,0
-1.388901,-1.8031101,1.4270017,0.018002667,-0.97819197,0.20692125,0
0.88137406,2.4438462,2.1000729,0.90246481,0.10498276,0.41777498,0
2.1345618,-1.5758795,0.33946502,0.90246481,0.10498276,0.41777498,0
-0.86072075,1.921327,-0.73793352,-0.018002667,0.97819197,-0.20692125,0
2.1322608,-0.11625533,-0.99559975,0.43038726,-0.17921808,-0.88467377,0
-0.096411109,0.0074585229,2.2562189,-0.43038726,0.17921808,0.88467377,0
-1.7675767,1.5897173,0.94449627,-0.43038726,0.17921808,0.88467377,0
0.94230628,0.84625226,2.3551733,0.90246481,0.10498276,0.41777498,0
1.9056903,-0.46074903,-1.317194,0.43038726,-0.17921808,-0.88467377,0
-1.3217143,1.2996101,-2.1755605,-0.90246481,-0.10498276,-0.41777498,0
-1.1155207,1.3308867,-2.9606974,-0.018002667,0.97819197,-0.20692125,0
2.3658619,-1.3068599,-0.74795461,0.43038726,-0.17921808,-0.88467377,0
-0.084551156,-2.2274094,-1.9403219,0.43038726,-0.17921808,-0.88467377,0
0.27407551,0.29423368,-2.3207161,0.43038726,-0.17921808,-0.88467377,0
-2.47472,-1.2013686,1.3107243,-0.90246481,-0.10498276,-0.41777498,0
1.8276545,-1.9199004,0.1524812,0.018002667,-0.97819197,0.20692125,0
0.49054205,0.25472999,-2.1861463,0.43038726,-0.17921808,-0.88467377,0
-0.79751766,-1.5494735,1.7531744,0.018002667,-0.97819197,0.20692125,0
0.28431737,1.7564608,-1.6610113,-0.018002667,0.97819197,-0.20692125,0
2.3720911,1.3652,-0.7960583,0.90246481,0.10498276,0.41777498,0
-0.459162,0.0054988712,-2.5370307,0.43038726,-0.17921808,-0.88467377,0
-0.79176867,2.3690014,0.83523422,-0.018002667,0.97819197,-0.20692125,0
-1.4633888,0.23068039,-1.7207998,-0.90246481,-0.10498276,-0.41777498,0
-0.22320631,-1.9670194,-0.43415302,0.018002667,-0.97819197,0.20692125,0
1.2791799,-1.9500542,0.79632193,0.018002667,-0.97819197,0.20692125,0
0.53359061,-2.2758174,-1.3077493,0.018002667,-0.97819197,0.20692125,0
-1.8287873,1.5126778,-0.92674768,-0.90246481,-0.10498276,-0.41777498,0
1.0548197,-1.0977249,-1.5646771,0.43038726,-0.17921808,-0.88467377,0
-2.2285013,-1.7428142,0.92230374,-0.90246481,-0.10498276,-0.41777498,0
-0.31317043,-1.9336164,1.4048238,0.018002667,-0.97819197,0.20692125,0
1.1882732,1.3288399,1.7144536,0.90246481,0.10498276,0.41777498,0
1.8201028,1.3984164,0.4676348,0.90246481,0.10498276,0.41777498,0
2.3798666,1.0088447,-0.92979407,0.90246481,0.10498276,0.41777498,0
2.0268631,-0.41979548,0.6445899,0.90246481,0.10498276,0.41777498,0
2.5048833,-1.2262211,-0.64385605,0.43038726,-0.17921808,-0.88467377,0
-1.5939329,2.0201054,0.13642207,-0.018002667,0.97819197,-0.20692125,0
-1.9586602,-1.6085258,-0.50744307,-0.90246481,-0.10498276,-0.41777498,0
-2.2722292,-1.5547494,1.2492684,-0.43038726,0.17921808,0.88467377,0
-2.242739,2.2105248,0.73834711,-0.43038726,0.17921808,0.88467377,0
1.547713,-0.26420453,1.6818628,0.90246481,0.10498276,0.41777498,0
-2.0323319,1.1385694,-0.86321807,-0.90246481,-0.10498276,-0.41777498,0
1.6088111,-1.6651173,-0.9181326,0.43038726,-0.17921808,-0.88467377,0
1.027878,-0.78428799,2.821327,0.90246481,0.10498276,0.41777498,0
-0.38685545,2.2162383,0.54475337,-0.018002667,0.97819197,-0.20692125,0
-1.5291796,0.071491674,-1.8686286,-0.90246481,-0.10498276,-0.41777498,0
-1.2086729,0.023559216,-2.0048921,-0.90246481,-0.10498276,-0.41777498,0
1.8266596,1.1118948,-1.3847352,0.43038726,-0.17921808,-0.88467377,0
2.6209507,0.47347137,-0.78337276,0.90246481,0.10498276,0.41777498,0
0.60748434,2.4616234,2.0706425,-0.43038726,0.17921808,0.88467377,0
0.047529161,-2.424396,-1.5915813,0.018002667,-0.97819197,0.20692125,0
0.63962746,0.37861097,2.2732787,-0.43038726,0.17921808,0.88467377,0
0.70157957,1.950304,-0.95937556,-0.018002667,0.97819197,-0.20692125,0
-1.2758565,1.7065271,1.1735306,-0.43038726,0.17921808,0.88467377,0
-0.74723798,2.2449925,0.75428927,-0.018002667,0.97819197,-0.20692125,0
-2.004199,-0.47430193,-0.075802922,-0.90246481,-0.10498276,-0.41777498,0
-1.6428471,2.016016,0.85895121,-0.018002667,0.97819197,-0.20692125,0
0.35363376,0.37226015,-2.2404675,0.43038726,-0.17921808,-0.88467377,0
-2.1758497,-2.1889625,0.37531823,0.018002667,-0.97819197,0.20692125,0
0.41156328,-0.09255071,-2.0337291,0.43038726,-0.17921808,-0.88467377,0
0.087456107,1.5029303,-1.9599005,-0.018002667,0.97819197,-0.20692125,0
-0.68378294,-0.14408943,-2.4687479,0.43038726,-0.17921808,-0.88467377,0
2.2268665,1.5687723,-0.79298216,0.90246481,0.10498276,0.41777498,0
0.44336462,-0.080546372,-2.0342112,0.43038726,-0.17921808,-0.88467377,0
2.7157016,-1.649078,-0.46739513,0.43038726,-0.17921808,-0.88467377,0
2.1999462,-0.2789135,-1.201901,0.43038726,-0.17921808,-0.88467377,0
1.0830901,0.47616947,-1.9723786,0.43038726,-0.17921808,-0.88467377,0
0.070272803,-2.3899083,-1.9243674,0.43038726,-0.17921808,-0.88467377,0
0.36366045,1.0961168,-2.2612896,0.43038726,-0.17921808,-0.88467377,0
-0.38743377,2.1316812,0.69318128,-0.018002667,0.97819197,-0.20692125,0
-0.48439503,0.78830731,1.8425888,-0.43038726,0.17921808,0.88467377,0
2.4482863,-1.5623566,-0.44472849,0.90246481,0.10498276,0.41777498,0
-0.27436388,0.63944471,-2.6183164,0.43038726,-0.17921808,-0.88467377,0
0.34776765,1.6364869,-1.1657412,-0.018002667,0.97819197,-0.20692125,0
-0.89757967,1.5236353,-2.8783333,-0.018002667,0.97819197,-0.20692125,0
-0.83728129,-0.78136081,-2.5852878,0.43038726,-0.17921808,-0.88467377,0
-0.15572381,-0.00043447316,-2.1605463,0.43038726,-0.17921808,-0.88467377,0
0.72765315,-1.4277699,2.0858469,0.018002667,-0.97819197,0.20692125,0
-1.408047,1.8108221,-0.4006362,-0.018002667,0.97819197,-0.20692125,0
-1.6068916,-1.2833749,-0.52847159,-0.90246481,-0.10498276,-0.41777498,0
0.85301542,-0.73431349,-1.8493403,0.43038726,-0.17921808,-0.88467377,0
-1.9003698,-1.9360595,1.1843374,0.018002667,-0.97819197,0.20692125,0
-2.5332325,0.34263706,1.0306964,-0.43038726,0.17921808,0.88467377,0
-0.2334376,1.5341735,-2.2098382,-0.018002667,0.97819197,-0.20692125,0
2.1337957,-2.0906746,0.32811046,0.018002667,-0.97819197,0.20692125,0
0.37159216,2.2859399,2.1766326,-0.43038726,0.17921808,0.88467377,0
-2.470921,1.6777091,0.63081914,-0.43038726,0.17921808,0.88467377,0
0.3203879,1.6821485,2.0681636,-0.43038726,0.17921808,0.88467377,0
0.88057286,1.0595174,2.2213933,0.90246481,0.10498276,0.41777498,0
2.136507,-0.43916363,-0.95706278,0.43038726,-0.17921808,-0.88467377,0
-1.5508012,1.2154827,-1.6253269,-0.90246481,-0.10498276,-0.41777498,0
-0.10883713,-1.5805832,1.2464075,0.018002667,-0.97819197,0.20692125,0
-0.010409355,0.30203521,2.2175064,-0.43038726,0.17921808,0.88467377,0
0.53218669,0.11178488,2.3296742,-0.43038726,0.17921808,0.88467377,0
-2.1421065,-0.11651984,-0.063519716,-0.90246481,-0.10498276,-0.41777498,0
-1.693934,1.5438261,1.0811304,-0.43038726,0.17921808,0.88467377,0
-1.1184571,1.9711987,-0.76658386,-0.018002667,0.97819197,-0.20692125,0
0.83172369,-1.6219922,1.2348342,0.018002667,-0.97819197,0.20692125,0
-1.9822896,2.3453143,0.78637326,-0.018002667,0.97819197,-0.20692125,0
1.2100539,-2.1123202,-0.72220892,0.018002667,-0.97819197,0.20692125,0
0.82677877,-1.5612833,1.2924007,0.018002667,-0.97819197,0.20692125,0
-1.133625,-0.71376246,1.8062474,-0.43038726,0.17921808,0.88467377,0
-0.43102181,0.72515595,1.862378,-0.43038726,0.17921808,0.88467377,0
-0.7460379,2.1466591,1.2436609,-0.018002667,0.97819197,-0.20692125,0
-1.3464718,-0.48832008,1.7019041,-0.43038726,0.17921808,0.88467377,0
-1.4696,-1.3997838,1.9178965,-0.43038726,0.17921808,0.88467377,0
2.4204428,-0.0018756241,-0.48194665,0.90246481,0.10498276,0.41777498,0
-2.4932551,-0.50279361,1.112018,-0.43038726,0.17921808,0.88467377,0
2.1739926,-1.0757184,-1.0226398,0.43038726,-0.17921808,-0.88467377,0
-0.416785,-2.3110528,-0.72145027,0.018002667,-0.97819197,0.20692125,0
2.3057091,-1.1215314,0.30798316,0.90246481,0.10498276,0.41777498,0
-2.2742977,0.0070826113,-0.33767211,-0.90246481,-0.10498276,-0.41777498,0
-1.5305328,2.2061238,0.64318401,-0.018002667,0.97819197,-0.20692125,0
-1.1259816,0.96436465,1.4163671,-0.43038726,0.17921808,0.88467377,0
-2.2838342,-1.9474312,0.39414221,0.018002667,-0.97819197,0.20692125,0
2.6133986,-2.0236251,-0.32032216,0.018002667,-0.97819197,0.20692125,0
0.16055536,-0.31304359,-2.2528257,0.43038726,-0.17921808,-0.88467377,0
-2.8108029,-0.31834602,0.94969618,-0.90246481,-0.10498276,-0.41777498,0
-1.3906252,0.54374015,-2.3697102,-0.90246481,-0.10498276,-0.41777498,0
0.34019834,-1.156749,-1.6475922,0.43038726,-0.17921808,-0.88467377,0
2.28072,0.18308908,-1.0638766,0.43038726,-0.17921808,-0.88467377,0
-2.1549714,-1.866245,0.020583987,-0.90246481,-0.10498276,-0.41777498,0
-0.35341084,1.1394032,-2.584924,0.43038726,-0.17921808,-0.88467377,0
-0.84002495,-1.0555553,-2.2973113,0.43038726,-0.17921808,-0.88467377,0
0.51082098,-0.82005942,2.6716881,-0.43038726,0.17921808,0.88467377,0
2.1204541,-0.17764792,-1.1389148,0.43038726,-0.17921808,-0.88467377,0
-1.0038837,-1.0734228,-2.3355458,-0.90246481,-0.10498276,-0.41777498,0
-0.4914135,2.1481152,0.28202948,-0.018002667,0.97819197,-0.20692125,0
0.63794047,2.3352866,1.9519973,-0.018002667,0.97819197,-0.20692125,0
-1.6599593,-0.13201353,1.6712923,-0.43038726,0.17921808,0.88467377,0
-2.09724,1.960299,-0.5523181,-0.90246481,-0.10498276,-0.41777498,0
0.47872564,-1.981141,0.11279216,0.018002667,-0.97819197,0.20692125,0
-0.076802194,1.5704534,-1.4108347,-0.018002667,0.97819197,-0.20692125,0
1.8221502,1.9071367,0.041291952,0.90246481,0.10498276,0.41777498,0
-0.19065367,2.0078554,-0.14820831,-0.018002667,0.97819197,-0.20692125,0
-1.328348,0.20242757,-2.0503063,-0.90246481,-0.10498276,-0.41777498,0
-1.9806955,1.66854,-0.69751477,-0.018002667,0.97819197,-0.20692125,0
1.2870932,-0.20559742,1.9475898,0.90246481,0.10498276,0.41777498,0
-2.5823011,-1.9685688,1.2689067,0.018002667,-0.97819197,0.20692125,0
1.4455404,1.1529568,1.0624912,0.90246481,0.10498276,0.41777498,0
-1.1132574,-2.6204655,-2.08583,-0.90246481,-0.10498276,-0.41777498,0
-0.8018766,1.2144599,1.4772526,-0.43038726,0.17921808,0.88467377,0
1.879547,0.97033596,0.53712261,0.90246481,0.10498276,0.41777498,0
-1.0704833,-0.17122608,-2.2257555,-0.90246481,-0.10498276,-0.41777498,0
-2.1873856,-1.5999088,-0.11615384,-0.90246481,-0.10498276,-0.41777498,0
1.4209588,2.3141453,0.66280317,0.90246481,0.10498276,0.41777498,0
1.4384437,-1.9670459,0.32094836,0.018002667,-0.97819197,0.20692125,0
0.50246096,1.142383,-2.0888319,0.43038726,-0.17921808,-0.88467377,0
0.4204461,1.9709764,-1.0509497,-0.018002667,0.97819197,-0.20692125,0
-0.336689,-1.7964969,1.5739065,0.018002667,-0.97819197,0.20692125,0
-0.12697327,0.80783141,2.2126632,-0.43038726,0.17921808,0.88467377,0
-1.6029649,1.8510426,0.010535598,-0.018002667,0.97819197,-0.20692125,0
0.69412637,-0.22622581,-1.7341037,0.43038726,-0.17921808,-0.88467377,0
0.94217932,2.2556305,0.63976514,-0.018002667,0.97819197,-0.20692125,0
1.4784437,2.1333416,-0.14078408,-0.018002667,0.97819197,-0.20692125,0
1.7501996,1.2786832,-1.5037453,0.43038726,-0.17921808,-0.88467377,0
2.1139627,-1.8018475,-1.0266106,0.43038726,-0.17921808,-0.88467377,0
2.1009779,-0.26055685,-0.11040467,0.90246481,0.10498276,0.41777498,0
0.079497993,-2.3444438,-0.71623713,0.018002667,-0.97819197,0.20692125,0
-0.18378735,1.3264519,1.9040561,-0.43038726,0.17921808,0.88467377,0
-0.091674924,-1.5577151,-1.9768631,0.43038726,-0.17921808,-0.88467377,0
-1.6372191,-1.6105822,1.4192374,0.018002667,-0.97819197,0.20692125,0
2.4251177,-0.6308642,-0.77562779,0.43038726,-0.17921808,-0.88467377,0
1.8572389,0.35793716,0.85518241,0.90246481,0.10498276,0.41777498,0
-2.7840035,-0.35701334,1.019896,-0.90246481,-0.10498276,-0.41777498,0
0.63736492,-1.4075181,-1.4578406,0.43038726,-0.17921808,-0.88467377,0
1.7709526,-1.9425428,0.19286847,0.018002667,-0.97819197,0.20692125,0
-2.1200547,-1.5474727,0.19388604,-0.90246481,-0.10498276,-0.41777498,0
1.9892558,-1.9652394,0.88888156,0.018002667,-0.97819197,0.20692125,0
0.32764155,-2.2912097,-0.53176683,0.018002667,-0.97819197,0.20692125,0
-0.48876816,1.6757002,-2.6241493,-0.018002667,0.97819197,-0.20692125,0
-2.4568295,0.25009862,0.087372065,-0.90246481,-0.10498276,-0.41777498,0
-1.1719186,0.028605729,1.8307002,-0.43038726,0.17921808,0.88467377,0
-1.3891114,0.4807623,1.401886,-0.43038726,0.17921808,0.88467377,0
0.11763763,-1.6571038,-1.8754706,0.43038726,-0.17921808,-0.88467377,0
-0.49039084,1.7667891,-0.60565507,-0.018002667,0.97819197,-0.20692125,0
1.1791699,0.24187154,-1.925099,0.43038726,-0.17921808,-0.88467377,0
-0.90895081,0.45689705,-2.5739779,-0.90246481,-0.10498276,-0.41777498,0
0.51772004,-2.1993444,-0.80596012,0.018002667,-0.97819197,0.20692125,0
-0.94240671,-2.3067031,-0.44714838,0.018002667,-0.97819197,0.20692125,0
-1.916038,1.3300288,-1.3679416,-0.90246481,-0.10498276,-0.41777498,0
-0.12208056,0.47312891,2.2688775,-0.43038726,0.17921808,0.88467377,0
-1.8533969,0.31300312,-0.65603948,-0.90246481,-0.10498276,-0.41777498,0
0.88643658,-1.8291795,-1.4861286,0.43038726,-0.17921808,-0.88467377,0
1.2106802,-2.2170579,-0.11893351,0.018002667,-0.97819197,0.20692125,0
0.10589093,1.4878114,-1.8143852,-0.018002667,0.97819197,-0.20692125,0
-1.4711794,-2.1791918,-1.0126631,0.018002667,-0.97819197,0.20692125,0
0.94528741,2.3480382,1.3939737,-0.018002667,0.97819197,-0.20692125,0
1.6281923,-1.9897691,0.75364566,0.018002667,-0.97819197,0.20692125,0
2.0552382,-0.73560691,0.42009056,0.90246481,0.10498276,0.41777498,0
-0.078785062,-0.06430871,-2.1844184,0.43038726,-0.17921808,-0.88467377,0
2.5605574,1.8495219,-0.99452055,0.90246481,0.10498276,0.41777498,0
-2.2268646,1.6782831,-0.46647704,-0.90246481,-0.10498276,-0.41777498,0
-2.2287297,-1.8229122,0.20831192,-0.90246481,-0.10498276,-0.41777498,0
-2.6226349,1.5659282,0.32149321,-0.90246481,-0.10498276,-0.41777498,0
1.0205419,2.0791476,2.1480532,0.90246481,0.10498276,0.41777498,0
-2.5306678,0.11004698,0.43048197,-0.90246481,-0.10498276,-0.41777498,0
-0.44976449,-1.7546744,1.878251,0.018002667,-0.97819197,0.20692125,0
-2.1830964,-0.5672003,0.49001509,-0.90246481,-0.10498276,-0.41777498,0
-2.2556345,2.0228112,-0.74992251,-0.90246481,-0.10498276,-0.41777498,0
2.5961895,-1.2827903,-0.44380969,0.90246481,0.10498276,0.41777498,0
-0.28635204,2.0792153,1.8475199,-0.43038726,0.17921808,0.88467377,0
0.0081045628,1.6895629,2.1311438,-0.43038726,0.17921808,0.88467377,0
-1.3948293,-1.8473625,-1.7109996,-0.90246481,-0.10498276,-0.41777498,0
1.7617095,-0.32580134,0.89163196,0.90246481,0.10498276,0.41777498,0
-0.4896253,-2.0415554,-0.33014256,0.018002667,-0.97819197,0.20692125,0
1.0486426,-0.74121845,-1.7908193,0.43038726,-0.17921808,-0.88467377,0
0.46719074,2.3089001,2.069335,-0.018002667,0.97819197,-0.20692125,0
1.060954,1.571434,1.9547359,0.90246481,0.10498276,0.41777498,0
0.43580753,1.559195,2.0219729,-0.43038726,0.17921808,0.88467377,0
1.946274,1.4798234,0.26977634,0.90246481,0.10498276,0.41777498,0
2.5274544,-0.071012884,-0.99951476,0.43038726,-0.17921808,-0.88467377,0
0.93341947,1.5460618,-1.8191186,-0.018002667,0.97819197,-0.20692125,0
1.4097426,1.3147969,1.1569418,0.90246481,0.10498276,0.41777498,0
-2.4482133,2.1976988,0.077571869,-0.018002667,0.97819197,-0.20692125,0
0.042478204,-1.5529771,2.3652134,0.018002667,-0.97819197,0.20692125,0
1.012853,-0.37684938,-1.8721805,0.43038726,-0.17921808,-0.88467377,0
0.81755167,0.096139453,2.4201384,-0.43038726,0.17921808,0.88467377,0
2.4063668,0.23674515,-0.69730508,0.90246481,0.10498276,0.41777498,0
-0.63421619,-1.8529412,0.82539064,0.018002667,-0.97819197,0.20692125,0
-0.98276901,-1.293565,2.0293307,-0.43038726,0.17921808,0.88467377,0
1.5069191,-0.36197761,1.404569,0.90246481,0.10498276,0.41777498,0
-1.5378411,0.30938327,-1.7144737,-0.90246481,-0.10498276,-0.41777498,0
-1.3545203,1.9988955,-0.35232383,-0.018002667,0.97819197,-0.20692125,0
1.114658,0.57010263,1.8346483,0.90246481,0.10498276,0.41777498,0
-1.6601489,-1.6930614,-0.64969873,-0.90246481,-0.10498276,-0.41777498,0
-0.88969278,0.24422608,-2.7535665,0.43038726,-0.17921808,-0.88467377,0
-0.62018692,1.2525098,-2.791059,0.43038726,-0.17921808,-0.88467377,0
-2.2955041,-0.13184133,1.393773,-0.43038726,0.17921808,0.88467377,0
2.4969301,-0.57949102,-1.0214974,0.43038726,-0.17921808,-0.88467377,0
-1.6571288,0.93775976,1.05953,-0.43038726,0.17921808,0.88467377,0
-2.0039687,-1.8316464,0.78720212,0.018002667,-0.97819197,0.20692125,0
1.3449621,2.3351655,0.3996563,-0.018002667,0.97819197,-0.20692125,0
0.17103904,1.834856,-1.4225597,-0.018002667,0.97819197,-0.20692125,0
-0.64037371,1.1147084,-2.8314984,0.43038726,-0.17921808,-0.88467377,0
-1.9162611,0.38737524,-0.59440219,-0.90246481,-0.10498276,-0.41777498,0
0.42363656,2.214777,1.8029603,-0.43038726,0.17921808,0.88467377,0
2.074301,-1.5763693,1.1657307,0.90246481,0.10498276,0.41777498,0
-2.1509867,0.58044553,-0.37493873,-0.90246481,-0.10498276,-0.41777498,0
0.27900469,1.564003,-2.3214285,-0.018002667,0.97819197,-0.20692125,0
-1.225556,-1.106596,-1.6784706,-0.90246481,-0.10498276,-0.41777498,0
1.3904678,0.74382466,1.3016009,0.90246481,0.10498276,0.41777498,0
1.0194234,1.4153668,1.9919844,0.90246481,0.10498276,0.41777498,0
1.3670988,-0.23115842,-1.3959268,0.43038726,-0.17921808,-0.88467377,0
1.0462216,2.0351877,0.3546719,-0.018002667,0.97819197,-0.20692125,0
-2.1961975,2.155838,0.88222098,-0.018002667,0.97819197,-0.20692125,0
1.5889407,1.326546,0.60187602,0.90246481,0.10498276,0.41777498,0
-0.20555735,0.74644673,-2.4579639,0.43038726,-0.17921808,-0.88467377,0
-1.5103519,-0.33557275,-1.8382448,-0.90246481,-0.10498276,-0.41777498,0
0.19198149,-2.0356121,0.21230303,0.018002667,-0.97819197,0.20692125,0
1.1908786,1.2906462,1.5608335,0.90246481,0.10498276,0.41777498,0
-0.47254956,-0.59073192,2.012229,-0.43038726,0.17921808,0.88467377,0
0.89743382,-1.6046939,1.4855132,0.018002667,-0.97819197,0.20692125,0
2.6247585,-0.48805851,-0.87957197,0.43038726,-0.17921808,-0.88467377,0
2.3622615,-0.19868286,0.034329891,0.90246481,0.10498276,0.41777498,0
-2.2763977,-1.8430648,0.88796353,0.018002667,-0.97819197,0.20692125,0
-0.39268076,0.97358918,1.949703,-0.43038726,0.17921808,0.88467377,0
0.52112079,2.1590235,0.77852076,-0.018002667,0.97819197,-0.20692125,0
-2.0753536,1.6839138,-0.66185427,-0.90246481,-0.10498276,-0.41777498,0
-2.0238087,-0.70246267,-0.56537628,-0.90246481,-0.10498276,-0.41777498,0
0.2901001,-1.1401502,-1.8733568,0.43038726,-0.17921808,-0.88467377,0
1.6590538,0.61052245,0.59654367,0.90246481,0.10498276,0.41777498,0
1.3882251,-0.22749586,2.0346079,0.90246481,0.10498276,0.41777498,0
2.3590589,-1.802511,0.54518938,0.90246481,0.10498276,0.41777498,0
0.36047256,-1.1324399,-1.6474515,0.43038726,-0.17921808,-0.88467377,0
1.6621052,-1.0171885,1.8747522,0.90246481,0.10498276,0.41777498,0
