0.1194036,0.67885208,-3.6939864,0.50180852,-0.67406046,-0.54206133,0
4.3002262,-1.0528953,2.3849237,0.81077808,0.14819971,0.56628239,0
0.5850544,0.46316886,2.8898273,-0.50180852,0.67406046,0.54206133,0
3.0806458,2.1766508,-2.3734293,0.50180852,-0.67406046,-0.54206133,0
-2.3724334,0.3593269,-4.5751123,-0.81077808,-0.14819971,-0.56628239,0
1.4061742,1.9372292,1.3232536,-0.50180852,0.67406046,0.54206133,0
2.2224641,-0.74685383,5.3029356,0.81077808,0.14819971,0.56628239,0
-3.9978318,-2.3545229,-1.2921023,-0.81077808,-0.14819971,-0.56628239,0
1.4349883,-0.64481068,5.1966743,-0.50180852,0.67406046,0.54206133,0
-0.73790979,3.1888735,-2.9551811,0.30137527,0.72365677,-0.62088138,0
3.3815665,0.03704071,3.049242,0.81077808,0.14819971,0.56628239,0
2.9584994,0.10464209,3.6127012,0.81077808,0.14819971,0.56628239,0
-3.9602327,-3.0795174,0.81583476,-0.30137527,-0.72365677,0.62088138,0
3.1319683,2.2244308,2.6369586,0.81077808,0.14819971,0.56628239,0
-0.57275629,2.8692145,-3.2650194,0.30137527,0.72365677,-0.62088138,0
-2.7487192,0.19827108,-4.0862198,-0.81077808,-0.14819971,-0.56628239,0
-4.4061179,-1.7376931,0.81887984,-0.50180852,0.67406046,0.54206133,0
-2.0390091,2.9622977,-3.9561043,0.30137527,0.72365677,-0.62088138,0
0.62336493,-2.5265946,1.3049798,0.50180852,-0.67406046,-0.54206133,0
-2.3507528,1.5938774,-1.0575387,-0.50180852,0.67406046,0.54206133,0
-1.2327658,-0.46014929,2.5390718,-0.50180852,0.67406046,0.54206133,0
3.3949652,-1.0802388,3.1920109,0.81077808,0.14819971,0.56628239,0
-2.4915173,1.9448892,-4.5486112,-0.81077808,-0.14819971,-0.56628239,0
3.2347035,0.61750007,-0.23857021,0.50180852,-0.67406046,-0.54206133,0
4.1623998,4.1429834,0.70376348,0.81077808,0.14819971,0.56628239,0
2.5548611,0.86088431,3.7526534,0.81077808,0.14819971,0.56628239,0
2.9298909,0.25928283,-0.049144745,0.50180852,-0.67406046,-0.54206133,0
0.94924676,-0.88364422,-1.1449165,0.50180852,-0.67406046,-0.54206133,0
-1.5835537,-0.22687292,1.2388453,-0.50180852,0.67406046,0.54206133,0
0.4111433,2.7024052,-0.38689816,-0.50180852,0.67406046,0.54206133,0
-3.7835732,-0.59216785,-2.5966811,-0.81077808,-0.14819971,-0.56628239,0
-0.26787376,-3.6929204,1.8995738,-0.30137527,-0.72365677,0.62088138,0
-1.8042469,1.6585314,-5.5140953,0.30137527,0.72365677,-0.62088138,0
-0.2686646,-1.0812823,4.0800319,-0.50180852,0.67406046,0.54206133,0
4.1295657,0.54929185,0.32609391,0.50180852,-0.67406046,-0.54206133,0
-2.199506,3.2597799,-3.3586197,-0.50180852,0.67406046,0.54206133,0
0.46230674,-1.7810977,4.8254633,-0.30137527,-0.72365677,0.62088138,0
-3.0475402,1.122823,-3.6786819,-0.81077808,-0.14819971,-0.56628239,0
1.0558286,-3.5141971,2.6765823,-0.30137527,-0.72365677,0.62088138,0
-2.2011664,2.6314535,-2.224875,-0.50180852,0.67406046,0.54206133,0
2.2999821,-2.3965673,2.0227489,0.50180852,-0.67406046,-0.54206133,0
0.67434263,3.5117488,-2.1752512,0.30137527,0.72365677,-0.62088138,0
2.9078436,1.1442058,3.5999248,0.81077808,0.14819971,0.56628239,0
3.6239085,-0.15200663,2.7261033,0.81077808,0.14819971,0.56628239,0
0.71591723,-2.0826085,0.50518996,0.50180852,-0.67406046,-0.54206133,0
2.5263927,-1.3622367,4.5752559,0.81077808,0.14819971,0.56628239,0
-0.83261299,-0.85997438,3.3263311,-0.50180852,0.67406046,0.54206133,0
-5.1149359,-2.862088,0.047593117,-0.81077808,-0.14819971,-0.56628239,0
-2.043298,0.064848423,-4.851181,-0.81077808,-0.14819971,-0.56628239,0
-1.5049272,-2.7914577,2.4091654,-0.30137527,-0.72365677,0.62088138,0
2.208698,-2.1617596,2.2416921,0.50180852,-0.67406046,-0.54206133,0
-0.94483161,1.6608343,-5.0216498,0.30137527,0.72365677,-0.62088138,0
-2.9455643,2.6593366,-4.4631624,-0.81077808,-0.14819971,-0.56628239,0
-0.81579781,-1.9660063,3.9675164,-0.30137527,-0.72365677,0.62088138,0
-2.4997985,2.424119,-5.1232443,0.30137527,0.72365677,-0.62088138,0
-1.7065207,1.4357755,-5.413579,0.30137527,0.72365677,-0.62088138,0
5.3190389,1.7473831,-0.064394474,0.50180852,-0.67406046,-0.54206133,0
2.4029431,-2.6959226,4.601059,-0.30137527,-0.72365677,0.62088138,0
0.36317563,1.1227636,-4.1082401,0.50180852,-0.67406046,-0.54206133,0
-1.151444,-1.1877754,-2.37148,0.50180852,-0.67406046,-0.54206133,0
2.1438148,-2.2268827,4.9714117,-0.30137527,-0.72365677,0.62088138,0
0.59038067,3.1422389,-2.3105776,0.30137527,0.72365677,-0.62088138,0
-4.1617465,-3.8188815,-0.6687727,-0.81077808,-0.14819971,-0.56628239,0
-1.7758622,1.7065639,-5.5194931,0.30137527,0.72365677,-0.62088138,0
-2.7031243,-1.4960966,2.3033478,-0.50180852,0.67406046,0.54206133,0
0.84909105,2.0927286,-3.7063046,0.30137527,0.72365677,-0.62088138,0
3.0794725,3.1494815,2.0270364,-0.50180852,0.67406046,0.54206133,0
-1.004247,-3.0139878,0.050145984,0.50180852,-0.67406046,-0.54206133,0
1.0533385,-2.3988907,4.4106236,-0.30137527,-0.72365677,0.62088138,0
3.3562903,0.37101132,3.1310453,0.81077808,0.14819971,0.56628239,0
1.396906,0.71764731,-2.3843374,0.50180852,-0.67406046,-0.54206133,0
-3.4552374,1.6976426,-3.6013596,-0.81077808,-0.14819971,-0.56628239,0
-2.0103338,2.3095465,-4.5183406,0.30137527,0.72365677,-0.62088138,0
4.7897992,0.90305996,0.89940763,0.81077808,0.14819971,0.56628239,0
1.7885587,-1.2880883,5.3883152,0.81077808,0.14819971,0.56628239,0
-3.6748092,-2.5039458,1.793777,-0.30137527,-0.72365677,0.62088138,0
-3.2304997,-1.8986654,-3.0178654,-0.81077808,-0.14819971,-0.56628239,0
-4.5253181,-3.843497,-0.73790884,-0.81077808,-0.14819971,-0.56628239,0
-1.6596661,-3.3356712,1.8379972,-0.30137527,-0.72365677,0.62088138,0
-0.05945313,1.1443911,0.94213808,-0.50180852,0.67406046,0.54206133,0
0.25723028,-1.7603244,4.598063,-0.30137527,-0.72365677,0.62088138,0
4.1231151,1.1571515,-0.71262383,0.50180852,-0.67406046,-0.54206133,0
-1.5961871,-3.8114891,1.0532026,-0.30137527,-0.72365677,0.62088138,0
1.4168139,-2.9193001,3.8877754,-0.30137527,-0.72365677,0.62088138,0
0.17360449,-3.0055406,3.2886274,-0.30137527,-0.72365677,0.62088138,0
2.8700771,0.21042109,-0.70576274,0.50180852,-0.67406046,-0.54206133,0
1.6093831,3.2992978,-1.7982776,0.30137527,0.72365677,-0.62088138,0
4.4226513,2.6702108,0.9382658,0.81077808,0.14819971,0.56628239,0
2.71153,-0.19701014,4.1804605,0.81077808,0.14819971,0.56628239,0
2.2361147,-0.60529768,4.6000342,0.81077808,0.14819971,0.56628239,0
0.36923358,-0.27887416,-2.2336555,0.50180852,-0.67406046,-0.54206133,0
-3.0775161,-0.50142133,-3.5343273,-0.81077808,-0.14819971,-0.56628239,0
2.8955863,-1.1400267,4.3856373,0.81077808,0.14819971,0.56628239,0
0.1344565,0.57003438,1.8799844,-0.50180852,0.67406046,0.54206133,0
2.4443142,-1.9137337,5.0882263,-0.30137527,-0.72365677,0.62088138,0
-1.7676203,-0.94169021,-3.5308104,0.50180852,-0.67406046,-0.54206133,0
2.2374206,-0.53499037,4.6012559,0.81077808,0.14819971,0.56628239,0
1.6878483,-2.0783477,4.7317214,-0.30137527,-0.72365677,0.62088138,0
2.9001822,2.2926812,-2.1088667,0.30137527,0.72365677,-0.62088138,0
4.0393181,4.6998291,0.7026825,0.30137527,0.72365677,-0.62088138,0
-2.0734792,0.30064595,-4.8156562,-0.81077808,-0.14819971,-0.56628239,0
-3.1310263,-1.0482154,-2.8476987,-0.81077808,-0.14819971,-0.56628239,0
-2.9820962,-1.1162207,1.650069,-0.50180852,0.67406046,0.54206133,0
-2.1945019,-0.94472677,-3.4660857,0.50180852,-0.67406046,-0.54206133,0
-1.7927469,1.8332514,-1.0818955,-0.50180852,0.67406046,0.54206133,0
-1.6711543,-2.1506901,3.2454324,-0.30137527,-0.72365677,0.62088138,0
2.7646043,2.6488614,-2.2127829,0.30137527,0.72365677,-0.62088138,0
-3.9219279,-1.149151,-1.954433,-0.81077808,-0.14819971,-0.56628239,0
-4.5373445,0.45551825,-1.7184465,-0.50180852,0.67406046,0.54206133,0
4.4272742,1.4911411,1.5686586,0.81077808,0.14819971,0.56628239,0
-2.5532591,1.8321872,-2.2136974,-0.50180852,0.67406046,0.54206133,0
4.5342045,-0.16039324,1.5749428,0.81077808,0.14819971,0.56628239,0
-2.122534,-3.2811122,-0.54622388,0.50180852,-0.67406046,-0.54206133,0
-1.8494117,3.0699849,-2.9957485,-0.50180852,0.67406046,0.54206133,0
0.21765041,-3.36269,2.7330256,-0.30137527,-0.72365677,0.62088138,0
1.2165833,2.0517485,-3.2469835,0.30137527,0.72365677,-0.62088138,0
-3.0451622,-1.5398676,-3.1351962,-0.81077808,-0.14819971,-0.56628239,0
-3.2267013,0.64169073,-3.2988787,-0.81077808,-0.14819971,-0.56628239,0
-2.3221855,0.25375968,-4.5892906,-0.81077808,-0.14819971,-0.56628239,0
2.4824066,-2.2572105,5.0926075,0.81077808,0.14819971,0.56628239,0
-3.1526713,0.48265105,-3.4500732,-0.81077808,-0.14819971,-0.56628239,0
-3.8991532,-2.7008045,1.517905,-0.30137527,-0.72365677,0.62088138,0
2.0099106,-1.0794003,5.3566494,0.81077808,0.14819971,0.56628239,0
-3.087009,-0.33251527,-3.3332436,-0.81077808,-0.14819971,-0.56628239,0
2.0987575,0.35953569,-0.96904939,0.50180852,-0.67406046,-0.54206133,0
1.2323036,3.8706739,-0.84652472,-0.50180852,0.67406046,0.54206133,0
4.8555365,1.1914537,-0.041566372,0.50180852,-0.67406046,-0.54206133,0
-3.9868405,-2.6066799,1.3242397,-0.30137527,-0.72365677,0.62088138,0
-2.543684,-2.5768847,2.1937501,-0.30137527,-0.72365677,0.62088138,0
3.8695698,-0.26285863,0.90142083,0.50180852,-0.67406046,-0.54206133,0
-3.8208642,-3.8756471,-1.4513054,0.50180852,-0.67406046,-0.54206133,0
1.2157853,-1.8016492,0.88368148,0.50180852,-0.67406046,-0.54206133,0
2.3514957,0.14293528,-0.83729541,0.50180852,-0.67406046,-0.54206133,0
-2.9771152,-0.40930611,-3.7546597,-0.81077808,-0.14819971,-0.56628239,0
-0.56387782,-1.7000455,4.1587019,-0.50180852,0.67406046,0.54206133,0
2.7444572,-1.0976954,4.5413904,0.81077808,0.14819971,0.56628239,0
2.5618734,-2.0956478,4.9256878,0.81077808,0.14819971,0.56628239,0
-1.7401465,1.0609839,-5.6959777,-0.81077808,-0.14819971,-0.56628239,0
4.5180931,3.1422253,-0.2760396,0.30137527,0.72365677,-0.62088138,0
4.4074502,0.51307321,1.5406168,0.81077808,0.14819971,0.56628239,0
0.48134518,2.842937,-2.7000926,0.30137527,0.72365677,-0.62088138,0
2.4718897,-3.3121753,3.5655363,0.50180852,-0.67406046,-0.54206133,0
-0.13414931,2.0569,-3.941222,0.30137527,0.72365677,-0.62088138,0
1.4182303,-2.3527367,1.2835157,0.50180852,-0.67406046,-0.54206133,0
-4.3149157,-4.1919308,-0.51990509,-0.81077808,-0.14819971,-0.56628239,0
-3.8081894,-2.9168921,1.3685148,-0.30137527,-0.72365677,0.62088138,0
-4.4891119,-1.7870926,-0.81074667,-0.81077808,-0.14819971,-0.56628239,0
-4.2031946,-2.0673294,-1.6841128,-0.81077808,-0.14819971,-0.56628239,0
4.1272902,2.7389109,-0.95533228,0.30137527,0.72365677,-0.62088138,0
-2.3752205,1.5782576,-4.9648399,-0.81077808,-0.14819971,-0.56628239,0
3.2435694,4.0778503,-0.43154359,0.30137527,0.72365677,-0.62088138,0
0.62180066,-3.0594144,3.1715679,-0.30137527,-0.72365677,0.62088138,0
-0.19941568,3.188189,-2.5676076,0.30137527,0.72365677,-0.62088138,0
1.5290385,-1.9551616,0.98255247,0.50180852,-0.67406046,-0.54206133,0
4.0419912,2.6257281,-1.7241373,0.30137527,0.72365677,-0.62088138,0
1.9660918,-0.41877162,4.8445454,-0.50180852,0.67406046,0.54206133,0
4.7668419,2.2966065,0.21900225,0.81077808,0.14819971,0.56628239,0
-1.9453793,-4.2281442,0.86187315,-0.30137527,-0.72365677,0.62088138,0
-0.96285105,-2.9577549,-0.075780869,0.50180852,-0.67406046,-0.54206133,0
5.1129766,2.1812603,-0.28604269,0.81077808,0.14819971,0.56628239,0
3.2947116,-1.3117883,1.5857145,0.50180852,-0.67406046,-0.54206133,0
4.7651429,1.7895155,0.60203791,0.81077808,0.14819971,0.56628239,0
-2.6033926,-0.94063306,1.355958,-0.50180852,0.67406046,0.54206133,0
-2.9224157,-2.0329189,-3.1586492,-0.81077808,-0.14819971,-0.56628239,0
-2.6163964,0.96731132,-4.2705331,-0.81077808,-0.14819971,-0.56628239,0
-4.6060877,-2.0188427,-0.95283842,-0.81077808,-0.14819971,-0.56628239,0
-0.082569122,-3.5149412,1.6843499,0.50180852,-0.67406046,-0.54206133,0
-1.1554089,-3.3855958,2.2369342,-0.30137527,-0.72365677,0.62088138,0
1.2340045,-2.9780965,3.3209202,-0.30137527,-0.72365677,0.62088138,0
3.83215,3.9051692,-0.10761786,0.30137527,0.72365677,-0.62088138,0
-4.1602359,-3.5270109,-1.2782052,-0.81077808,-0.14819971,-0.56628239,0
-4.1834607,-1.5067909,1.0791311,-0.50180852,0.67406046,0.54206133,0
-1.1316535,1.9479039,-4.6780815,0.30137527,0.72365677,-0.62088138,0
0.22825956,1.8748544,-4.1131673,0.30137527,0.72365677,-0.62088138,0
2.6779025,0.78510535,3.7368989,0.81077808,0.14819971,0.56628239,0
-1.8497498,3.1904821,-3.8758259,0.30137527,0.72365677,-0.62088138,0
1.1676168,-0.9963758,-0.70719796,0.50180852,-0.67406046,-0.54206133,0
2.5468278,-1.2692471,4.9700623,0.81077808,0.14819971,0.56628239,0
3.4223135,0.42625594,-0.3779366,0.50180852,-0.67406046,-0.54206133,0
4.13414,2.9884806,1.1350336,0.81077808,0.14819971,0.56628239,0
1.3857775,2.5597055,-2.958343,0.30137527,0.72365677,-0.62088138,0
2.9243474,1.6999524,-2.2059708,0.50180852,-0.67406046,-0.54206133,0
0.475272,-0.89443004,-1.2438519,0.50180852,-0.67406046,-0.54206133,0
-0.43832874,0.7972995,-4.5084538,0.50180852,-0.67406046,-0.54206133,0
-1.7773269,-2.1424277,-1.7353387,0.50180852,-0.67406046,-0.54206133,0
-2.795701,-0.018249035,-0.029353738,-0.50180852,0.67406046,0.54206133,0
-4.5649862,-0.72611761,-0.28079271,-0.50180852,0.67406046,0.54206133,0
-4.8120699,-2.8716469,0.91309619,-0.30137527,-0.72365677,0.62088138,0
1.6221216,-3.0571153,2.1782546,0.50180852,-0.67406046,-0.54206133,0
-4.3900442,-2.0813527,-0.89290905,-0.81077808,-0.14819971,-0.56628239,0
0.21781063,2.7431581,-2.8786111,0.30137527,0.72365677,-0.62088138,0
1.8038708,0.91810524,3.3757246,-0.50180852,0.67406046,0.54206133,0
2.7831349,0.10409936,4.1031919,0.81077808,0.14819971,0.56628239,0
-2.4553261,1.1895273,-4.6792889,-0.81077808,-0.14819971,-0.56628239,0
-2.6838646,-1.4139054,2.4065442,-0.50180852,0.67406046,0.54206133,0
3.6112607,2.9650755,-1.4342153,0.30137527,0.72365677,-0.62088138,0
3.0708125,-0.41295481,0.64290214,0.50180852,-0.67406046,-0.54206133,0
-4.2016034,-4.2777433,-0.91795254,-0.81077808,-0.14819971,-0.56628239,0
-1.1312251,-3.789789,1.7335978,-0.30137527,-0.72365677,0.62088138,0
-2.0265105,1.2124561,-0.52959913,-0.50180852,0.67406046,0.54206133,0
-3.5444548,2.4115171,-3.4117286,-0.50180852,0.67406046,0.54206133,0
2.3386745,0.25323832,4.5317178,0.81077808,0.14819971,0.56628239,0
-0.77917331,1.3796513,-0.019292608,-0.50180852,0.67406046,0.54206133,0
3.6069813,4.0987759,-0.23223209,0.30137527,0.72365677,-0.62088138,0
-4.7601051,-0.73571587,-0.9915123,-0.81077808,-0.14819971,-0.56628239,0
1.0948461,-2.3552969,0.95866394,0.50180852,-0.67406046,-0.54206133,0
1.9574666,3.9509754,-0.064522505,-0.50180852,0.67406046,0.54206133,0
-3.5028396,-3.2522719,1.0755429,-0.30137527,-0.72365677,0.62088138,0
-2.0216889,-2.2953339,2.8645794,-0.30137527,-0.72365677,0.62088138,0
3.0988479,0.45470011,3.6160307,0.81077808,0.14819971,0.56628239,0
1.5431674,-0.42804813,-0.79525709,0.50180852,-0.67406046,-0.54206133,0
4.5829964,2.9694874,0.65611458,0.81077808,0.14819971,0.56628239,0
-2.9200504,3.157305,-4.4885058,0.30137527,0.72365677,-0.62088138,0
1.0696456,-2.458822,4.2002459,-0.30137527,-0.72365677,0.62088138,0
4.04321,0.77743387,1.6367702,0.81077808,0.14819971,0.56628239,0
-0.59879726,1.2086959,0.52039462,-0.50180852,0.67406046,0.54206133,0
-1.0690742,1.1423196,-4.8524551,0.50180852,-0.67406046,-0.54206133,0
-3.8880219,-4.3108478,-0.56334543,-0.30137527,-0.72365677,0.62088138,0
-3.1288121,-2.4877439,2.2402322,-0.30137527,-0.72365677,0.62088138,0
5.3321104,2.5324402,-0.30365276,0.81077808,0.14819971,0.56628239,0
5.7928915,2.5703425,-0.89954662,0.30137527,0.72365677,-0.62088138,0
4.6233649,1.3637075,1.2236111,0.81077808,0.14819971,0.56628239,0
0.52493048,-2.4678535,3.5837636,-0.30137527,-0.72365677,0.62088138,0
0.84889197,-3.1902127,2.9760547,-0.30137527,-0.72365677,0.62088138,0
-1.2869694,-2.8461421,2.5500174,-0.30137527,-0.72365677,0.62088138,0
-4.7249889,-0.98846006,-1.2207222,-0.81077808,-0.14819971,-0.56628239,0
2.759105,-1.2238379,4.3118019,0.81077808,0.14819971,0.56628239,0
5.3793879,2.3337865,-0.18623161,0.81077808,0.14819971,0.56628239,0
-1.4510098,-2.1243238,3.3305697,-0.30137527,-0.72365677,0.62088138,0
2.3109217,3.907289,-0.70770645,0.30137527,0.72365677,-0.62088138,0
1.5764995,1.9687057,-3.1704578,0.30137527,0.72365677,-0.62088138,0
-4.6721392,-1.6132057,0.4072969,-0.50180852,0.67406046,0.54206133,0
3.9953868,3.5889435,1.1990583,0.81077808,0.14819971,0.56628239,0
1.7181755,0.35967731,-1.9067041,0.50180852,-0.67406046,-0.54206133,0
-3.7515645,-4.4366326,-0.76146364,0.50180852,-0.67406046,-0.54206133,0
-3.0512185,0.76794267,-3.763447,-0.81077808,-0.14819971,-0.56628239,0
-2.6986003,-1.994504,2.8761632,-0.30137527,-0.72365677,0.62088138,0
-3.3589702,2.3796897,-3.8096321,-0.81077808,-0.14819971,-0.56628239,0
2.4467101,3.46753,-1.0571468,0.30137527,0.72365677,-0.62088138,0
-4.0376983,-1.6775326,-2.007334,-0.81077808,-0.14819971,-0.56628239,0
-2.4198563,-2.9528975,2.1252241,-0.30137527,-0.72365677,0.62088138,0
0.47351837,3.4816141,-1.9152951,0.30137527,0.72365677,-0.62088138,0
-2.8848889,-0.87995559,-3.437726,-0.81077808,-0.14819971,-0.56628239,0
-2.6263108,-1.504421,-3.1144147,0.50180852,-0.67406046,-0.54206133,0
-3.1459565,-3.6431944,-1.1985128,0.50180852,-0.67406046,-0.54206133,0
-5.1713371,-2.5288851,0.79679012,-0.50180852,0.67406046,0.54206133,0
4.147099,0.59540176,1.8350418,0.81077808,0.14819971,0.56628239,0
2.9476097,3.6915338,0.55646896,-0.50180852,0.67406046,0.54206133,0
0.51088762,2.4748669,0.34175301,-0.50180852,0.67406046,0.54206133,0
1.250906,-2.8874798,1.6274662,0.50180852,-0.67406046,-0.54206133,0
-2.0760198,2.2659764,-2.2132211,-0.50180852,0.67406046,0.54206133,0
-4.3460236,-3.1496038,-0.6157279,-0.81077808,-0.14819971,-0.56628239,0
2.5177364,0.0031039715,4.686636,0.81077808,0.14819971,0.56628239,0
-0.091902018,1.8118424,-4.2945862,0.30137527,0.72365677,-0.62088138,0
-0.43496037,3.5359936,-2.7836838,0.30137527,0.72365677,-0.62088138,0
-0.53624821,-3.3379855,2.3439081,-0.30137527,-0.72365677,0.62088138,0
-2.7216465,0.013109207,0.45556462,-0.50180852,0.67406046,0.54206133,0
0.41466618,3.5629616,-2.2365954,0.30137527,0.72365677,-0.62088138,0
4.2414913,3.1858578,1.3678818,0.81077808,0.14819971,0.56628239,0
-2.1811478,3.0217142,-4.0630341,0.30137527,0.72365677,-0.62088138,0
-0.87753987,-2.126734,-0.75801969,0.50180852,-0.67406046,-0.54206133,0
2.7441316,4.233428,0.08214283,0.30137527,0.72365677,-0.62088138,0
3.1018839,0.48907614,3.2986803,0.81077808,0.14819971,0.56628239,0
0.39389443,3.0223045,-0.74154389,-0.50180852,0.67406046,0.54206133,0
-0.62840414,-3.1111729,2.6567478,-0.30137527,-0.72365677,0.62088138,0
-4.0018349,-2.3662913,-1.3815396,-0.81077808,-0.14819971,-0.56628239,0
1.1621451,-2.8272033,3.89149,-0.30137527,-0.72365677,0.62088138,0
2.334424,3.7165418,0.52040458,-0.50180852,0.67406046,0.54206133,0
1.4707932,-2.6250141,3.7840524,-0.30137527,-0.72365677,0.62088138,0
-3.0758152,-4.5043225,-0.051364422,-0.30137527,-0.72365677,0.62088138,0
5.2469049,1.9438059,-0.57117414,0.50180852,-0.67406046,-0.54206133,0
-1.0710412,-0.6067574,2.4952605,-0.50180852,0.67406046,0.54206133,0
3.4878893,1.8856246,2.4173512,0.81077808,0.14819971,0.56628239,0
-5.1448269,-2.3727303,0.010600567,-0.81077808,-0.14819971,-0.56628239,0
-3.3238111,0.98109514,-3.6970208,-0.81077808,-0.14819971,-0.56628239,0
-3.8454866,-1.5898728,1.3975677,-0.50180852,0.67406046,0.54206133,0
2.0047512,2.5212128,1.6811152,-0.50180852,0.67406046,0.54206133,0
2.8380072,0.427145,-0.47815752,0.50180852,-0.67406046,-0.54206133,0
-5.228816,-1.6988931,-0.34473372,-0.81077808,-0.14819971,-0.56628239,0
-0.85753155,3.4921777,-2.7950253,0.30137527,0.72365677,-0.62088138,0
-1.4668988,1.1332253,-0.096357942,-0.50180852,0.67406046,0.54206133,0
2.0118682,-3.0195191,4.0707054,-0.30137527,-0.72365677,0.62088138,0
-0.4271071,2.0378296,-0.050882578,-0.50180852,0.67406046,0.54206133,0
0.35477424,-2.7465222,1.0313838,0.50180852,-0.67406046,-0.54206133,0
3.9538202,3.2952347,-0.66335011,0.30137527,0.72365677,-0.62088138,0
3.2724113,0.13472652,2.9561758,0.81077808,0.14819971,0.56628239,0
-2.9523892,-0.91053176,-3.5551465,-0.81077808,-0.14819971,-0.56628239,0
2.4898517,0.41130924,-0.75491333,0.50180852,-0.67406046,-0.54206133,0
-2.6559439,-0.28918821,-4.2032247,-0.81077808,-0.14819971,-0.56628239,0
3.6359878,-0.96427,3.1735203,0.81077808,0.14819971,0.56628239,0
0.43230295,0.24745178,-2.7460845,0.50180852,-0.67406046,-0.54206133,0
-1.512992,-1.8200624,-1.8436315,0.50180852,-0.67406046,-0.54206133,0
2.6583529,-0.2501986,-0.2957046,0.50180852,-0.67406046,-0.54206133,0
4.2997136,3.5865364,0.97019196,0.81077808,0.14819971,0.56628239,0
0.23728982,-0.40860009,-2.2433052,0.50180852,-0.67406046,-0.54206133,0
2.2037821,3.1220722,1.1547408,-0.50180852,0.67406046,0.54206133,0
4.7677507,1.1760285,0.38910317,0.50180852,-0.67406046,-0.54206133,0
4.0465627,-0.4346745,2.4248838,0.81077808,0.14819971,0.56628239,0
4.194766,2.7707739,-1.2204084,0.30137527,0.72365677,-0.62088138,0
-3.2135448,2.7864189,-3.8286178,-0.81077808,-0.14819971,-0.56628239,0
-2.7013264,3.2574604,-3.7022383,0.30137527,0.72365677,-0.62088138,0
-2.9102023,0.72960114,-3.7909143,-0.81077808,-0.14819971,-0.56628239,0
-0.34378433,3.4052916,-2.6349869,0.30137527,0.72365677,-0.62088138,0
3.3726668,2.963161,-1.6285467,0.30137527,0.72365677,-0.62088138,0
2.0369456,0.29378843,-1.4227324,0.50180852,-0.67406046,-0.54206133,0
1.8897203,-2.5854402,2.0472643,0.50180852,-0.67406046,-0.54206133,0
4.4954567,3.9503579,0.67406797,0.81077808,0.14819971,0.56628239,0
5.4444485,2.5702019,-0.57171583,0.81077808,0.14819971,0.56628239,0
-3.2512121,-3.9171152,0.24213624,-0.30137527,-0.72365677,0.62088138,0
-3.7730954,-1.3832892,-2.2940311,-0.81077808,-0.14819971,-0.56628239,0
4.2894554,3.6299338,1.104414,0.81077808,0.14819971,0.56628239,0
4.537642,2.5139353,-1.4238391,0.30137527,0.72365677,-0.62088138,0
2.4388463,-0.74637288,4.8044119,0.81077808,0.14819971,0.56628239,0
4.2368975,2.3173306,1.1245186,0.81077808,0.14819971,0.56628239,0
3.9377666,-0.29625845,2.2493339,0.81077808,0.14819971,0.56628239,0
-3.3897724,0.5978204,-3.3772981,-0.81077808,-0.14819971,-0.56628239,0
-2.8873384,-3.217685,1.4759548,-0.30137527,-0.72365677,0.62088138,0
-4.2428017,-3.1532474,-1.2450216,-0.81077808,-0.14819971,-0.56628239,0
-3.4610524,0.12021035,-3.3374901,-0.81077808,-0.14819971,-0.56628239,0
2.74488,-2.2323198,4.7186508,0.81077808,0.14819971,0.56628239,0
3.0256219,2.0697758,2.990077,0.81077808,0.14819971,0.56628239,0
3.2226837,-0.11599708,0.57869482,0.50180852,-0.67406046,-0.54206133,0
0.28836012,3.5437822,-2.289017,0.30137527,0.72365677,-0.62088138,0
2.4619718,3.5028491,-0.86294389,0.30137527,0.72365677,-0.62088138,0
-2.9136572,0.07109879,-3.999378,-0.81077808,-0.14819971,-0.56628239,0
3.4907236,-0.63353848,2.8703623,0.81077808,0.14819971,0.56628239,0
1.3160949,-0.8951925,-0.3291747,0.50180852,-0.67406046,-0.54206133,0
-1.8582929,1.3065026,-5.7529049,-0.81077808,-0.14819971,-0.56628239,0
-4.4240055,-3.058547,-1.0119805,-0.81077808,-0.14819971,-0.56628239,0
1.6403954,2.0448356,-2.952486,0.30137527,0.72365677,-0.62088138,0
5.1342516,3.0311832,-0.19726896,0.30137527,0.72365677,-0.62088138,0
-0.45505834,-2.4622686,0.065784693,0.50180852,-0.67406046,-0.54206133,0
0.45765662,-2.2289288,3.9383068,-0.30137527,-0.72365677,0.62088138,0
2.1058912,0.47716475,4.2604704,-0.50180852,0.67406046,0.54206133,0
-0.21215582,-3.1332603,2.9648271,-0.30137527,-0.72365677,0.62088138,0
3.7251124,-1.7268561,3.3811862,0.81077808,0.14819971,0.56628239,0
0.38836226,0.60856605,2.5943203,-0.50180852,0.67406046,0.54206133,0
-2.6968398,0.4594214,-0.55051863,-0.50180852,0.67406046,0.54206133,0
1.6140075,1.6906639,2.0319514,-0.50180852,0.67406046,0.54206133,0
-2.4522002,1.2509409,-4.8674521,-0.81077808,-0.14819971,-0.56628239,0
-1.6334007,2.8574409,-3.8775802,0.30137527,0.72365677,-0.62088138,0
0.77118754,2.6249993,-3.2153265,0.30137527,0.72365677,-0.62088138,0
-3.5970764,-3.3917041,0.65025163,-0.30137527,-0.72365677,0.62088138,0
1.2071402,2.1443672,-3.5067556,0.30137527,0.72365677,-0.62088138,0
-2.8502469,-3.8647652,0.32926202,-0.30137527,-0.72365677,0.62088138,0
0.56504965,3.7311125,-1.7252482,0.30137527,0.72365677,-0.62088138,0
2.1008267,3.9902282,-0.56012774,0.30137527,0.72365677,-0.62088138,0
-1.0016618,1.5507953,-0.25784877,-0.50180852,0.67406046,0.54206133,0
0.89333797,-1.8903766,4.9880857,-0.30137527,-0.72365677,0.62088138,0
0.81092787,-2.9600873,1.2971673,0.50180852,-0.67406046,-0.54206133,0
-3.8028746,0.67298698,-1.3292567,-0.50180852,0.67406046,0.54206133,0
-3.6345811,-1.6921394,-2.6333249,-0.81077808,-0.14819971,-0.56628239,0
-1.5267138,-3.590981,1.3057282,-0.30137527,-0.72365677,0.62088138,0
-1.4827328,-3.8382087,0.31011271,0.50180852,-0.67406046,-0.54206133,0
-1.1181579,-1.7731482,3.8246179,-0.30137527,-0.72365677,0.62088138,0
-5.2240896,-2.4056027,-0.013622761,-0.81077808,-0.14819971,-0.56628239,0
0.59573054,-1.6752045,4.4713063,-0.30137527,-0.72365677,0.62088138,0
-4.199028,-3.9207168,-0.19636774,-0.30137527,-0.72365677,0.62088138,0
4.3542037,3.3392589,0.72008371,0.81077808,0.14819971,0.56628239,0
-0.36592674,3.8021517,-2.343384,0.30137527,0.72365677,-0.62088138,0
2.934325,1.8848746,-2.4616117,0.50180852,-0.67406046,-0.54206133,0
1.2136788,-3.250411,2.945401,-0.30137527,-0.72365677,0.62088138,0
0.53964758,1.8901551,-4.1042032,0.30137527,0.72365677,-0.62088138,0
-2.2730999,-4.1579661,0.26390481,-0.30137527,-0.72365677,0.62088138,0
3.6295779,0.66664678,2.8584633,0.81077808,0.14819971,0.56628239,0
-3.2996676,-2.1842332,-2.6534688,-0.81077808,-0.14819971,-0.56628239,0
-1.8719239,-3.8683472,1.0684383,-0.30137527,-0.72365677,0.62088138,0
-3.2622161,2.3149054,-3.8673403,-0.81077808,-0.14819971,-0.56628239,0
4.2776484,2.5577886,1.0348639,0.81077808,0.14819971,0.56628239,0
1.0725507,-0.29813957,4.0321798,-0.50180852,0.67406046,0.54206133,0
-1.8817155,2.3590336,-1.8484485,-0.50180852,0.67406046,0.54206133,0
-0.39805174,-2.262182,3.5787015,-0.30137527,-0.72365677,0.62088138,0
-2.5657115,1.5283024,-5.0061188,-0.81077808,-0.14819971,-0.56628239,0
3.4261403,1.9711093,2.5246708,0.81077808,0.14819971,0.56628239,0
2.7796407,-0.54564708,4.4044352,0.81077808,0.14819971,0.56628239,0
-1.8367715,2.6914809,-3.9829569,0.30137527,0.72365677,-0.62088138,0
0.3435936,-1.1919241,4.6332531,-0.50180852,0.67406046,0.54206133,0
-2.3557596,1.3223329,-5.0637217,-0.81077808,-0.14819971,-0.56628239,0
0.88245821,2.8793583,0.34482217,-0.50180852,0.67406046,0.54206133,0
-2.5377121,0.65478355,-4.5828638,-0.81077808,-0.14819971,-0.56628239,0
3.2077453,-1.1287334,3.637542,0.81077808,0.14819971,0.56628239,0
-0.47983599,2.2051666,-0.48169985,-0.50180852,0.67406046,0.54206133,0
4.3792858,0.12545395,0.87160659,0.50180852,-0.67406046,-0.54206133,0
-4.717555,-3.1612654,0.20018864,-0.30137527,-0.72365677,0.62088138,0
-3.1753943,1.7137682,-3.8876169,-0.81077808,-0.14819971,-0.56628239,0
-2.6190267,-4.2665453,0.45861411,-0.30137527,-0.72365677,0.62088138,0
-4.2451644,0.36426163,-1.8543477,-0.81077808,-0.14819971,-0.56628239,0
-3.8170347,-4.078001,-0.080418587,-0.30137527,-0.72365677,0.62088138,0
-1.1637933,3.0105004,-3.4913244,0.30137527,0.72365677,-0.62088138,0
-3.7408068,-0.35695231,-2.1819091,-0.81077808,-0.14819971,-0.56628239,0
1.9097788,-2.8039043,4.1215963,-0.30137527,-0.72365677,0.62088138,0
2.866508,-2.8062508,4.2869377,0.81077808,0.14819971,0.56628239,0
-3.1330416,-1.1786144,-3.0135989,-0.81077808,-0.14819971,-0.56628239,0
4.7066727,3.4937692,-0.22629166,0.30137527,0.72365677,-0.62088138,0
0.97814864,0.084725738,3.5034325,-0.50180852,0.67406046,0.54206133,0
2.4586427,-3.1997428,4.0362082,-0.30137527,-0.72365677,0.62088138,0
-4.4758968,-2.2915878,-1.0666676,-0.81077808,-0.14819971,-0.56628239,0
4.8500023,1.4632936,0.94875431,0.81077808,0.14819971,0.56628239,0
-0.0010985136,1.5473213,0.69446492,-0.50180852,0.67406046,0.54206133,0
-3.0581586,1.4345535,-3.6155002,-0.81077808,-0.14819971,-0.56628239,0
4.4149384,2.5445712,-1.1879489,0.30137527,0.72365677,-0.62088138,0
-2.5979829,-2.2062895,-2.3714211,0.50180852,-0.67406046,-0.54206133,0
4.0784383,1.6145941,1.9636075,0.81077808,0.14819971,0.56628239,0
-2.2217016,0.53412414,-0.2735883,-0.50180852,0.67406046,0.54206133,0
-3.4018099,-0.38373041,0.27233481,-0.50180852,0.67406046,0.54206133,0
4.325202,3.8916843,0.89236784,0.81077808,0.14819971,0.56628239,0
4.6159902,3.5993743,0.56912279,0.81077808,0.14819971,0.56628239,0
2.1227181,-0.55114859,4.8087482,0.81077808,0.14819971,0.56628239,0
0.11687851,-2.7701528,3.4056649,-0.30137527,-0.72365677,0.62088138,0
-0.92771149,3.291481,-2.7747784,0.30137527,0.72365677,-0.62088138,0
0.36996365,-3.616266,2.2233922,0.50180852,-0.67406046,-0.54206133,0
-4.7815065,-2.9512646,-0.52466917,-0.81077808,-0.14819971,-0.56628239,0
-4.4911509,-0.15251732,-1.2649703,-0.81077808,-0.14819971,-0.56628239,0
0.36842346,2.9554696,-3.099689,0.30137527,0.72365677,-0.62088138,0
1.7296138,1.7667397,-3.2436445,0.30137527,0.72365677,-0.62088138,0
3.9738169,4.0992785,1.0790048,0.81077808,0.14819971,0.56628239,0
-0.33225894,2.2769797,-3.6356325,0.30137527,0.72365677,-0.62088138,0
-2.6884794,1.8394167,-4.5240941,-0.81077808,-0.14819971,-0.56628239,0
-4.8265405,-1.1493282,-0.89027572,-0.81077808,-0.14819971,-0.56628239,0
-2.8953941,0.92127395,-1.0001335,-0.50180852,0.67406046,0.54206133,0
-3.0863419,-4.115859,0.1386652,-0.30137527,-0.72365677,0.62088138,0
-3.7563243,-3.5683296,0.2022953,-0.30137527,-0.72365677,0.62088138,0
-2.5043738,-3.1797457,-0.83208013,0.50180852,-0.67406046,-0.54206133,0
-1.1244664,3.2954016,-3.4001493,0.30137527,0.72365677,-0.62088138,0
1.0553684,2.7275393,-2.6876729,0.30137527,0.72365677,-0.62088138,0
-2.5448396,-0.28635752,-3.9514186,-0.81077808,-0.14819971,-0.56628239,0
3.286803,-0.17636263,3.021071,0.81077808,0.14819971,0.56628239,0
4.4876547,3.0513206,-0.50406265,0.30137527,0.72365677,-0.62088138,0
-1.3412905,3.1908689,-3.3542495,0.30137527,0.72365677,-0.62088138,0
-2.5754929,-0.38910937,1.0247368,-0.50180852,0.67406046,0.54206133,0
-1.8576646,-1.7962385,3.0632634,-0.50180852,0.67406046,0.54206133,0
5.071579,1.4274263,0.40789104,0.81077808,0.14819971,0.56628239,0
-3.7790744,0.11182809,-2.5680532,-0.81077808,-0.14819971,-0.56628239,0
3.82793,-0.017493129,2.814178,0.81077808,0.14819971,0.56628239,0
3.7314329,-0.54282463,3.071116,0.81077808,0.14819971,0.56628239,0
4.2933626,3.6480117,-0.24842596,0.30137527,0.72365677,-0.62088138,0
2.5637774,-2.8213379,4.3879194,-0.30137527,-0.72365677,0.62088138,0
-1.8085933,3.5426068,-3.0608962,-0.50180852,0.67406046,0.54206133,0
3.2722597,2.3535147,2.4087691,0.81077808,0.14819971,0.56628239,0
1.8959975,-3.2334843,2.9861841,0.50180852,-0.67406046,-0.54206133,0
1.5255799,-1.8898253,4.7761154,-0.30137527,-0.72365677,0.62088138,0
3.9205747,1.274869,-0.82562447,0.50180852,-0.67406046,-0.54206133,0
3.2343988,-1.1028285,3.8139417,0.81077808,0.14819971,0.56628239,0
-2.3746209,2.4333637,-2.6858423,-0.50180852,0.67406046,0.54206133,0
1.8870161,1.8078526,2.0898006,-0.50180852,0.67406046,0.54206133,0
-0.85485506,-1.6295021,4.2344365,-0.30137527,-0.72365677,0.62088138,0
-0.44145274,3.1464515,-1.8731648,-0.50180852,0.67406046,0.54206133,0
3.8079867,-0.24777627,2.2256396,0.81077808,0.14819971,0.56628239,0
-1.848456,-2.3358481,-1.9053603,0.50180852,-0.67406046,-0.54206133,0
0.43263,-0.84041762,-1.5037669,0.50180852,-0.67406046,-0.54206133,0
-4.2079248,0.1309917,-2.0501192,-0.81077808,-0.14819971,-0.56628239,0
-4.7041855,-2.8158681,-0.55741024,-0.81077808,-0.14819971,-0.56628239,0
1.8644164,0.70912349,3.6113024,-0.50180852,0.67406046,0.54206133,0
4.6254497,1.6165421,-0.78950667,0.50180852,-0.67406046,-0.54206133,0
-4.3732781,-0.41999745,-1.9148011,-0.81077808,-0.14819971,-0.56628239,0
1.8845291,2.3024192,-3.1000535,0.30137527,0.72365677,-0.62088138,0
-1.4786823,-2.2704072,3.3489516,-0.30137527,-0.72365677,0.62088138,0
0.41063353,0.61528695,2.2516303,-0.50180852,0.67406046,0.54206133,0
-2.2012563,-3.5067737,1.1954546,-0.30137527,-0.72365677,0.62088138,0
4.4611173,1.191619,1.4561005,0.81077808,0.14819971,0.56628239,0
0.50206327,-3.7058406,2.6032495,0.50180852,-0.67406046,-0.54206133,0
-2.766237,0.37024713,-0.2440716,-0.50180852,0.67406046,0.54206133,0
-1.9769828,-3.0215116,-0.47755241,0.50180852,-0.67406046,-0.54206133,0
4.0683231,0.32975149,2.1860564,0.81077808,0.14819971,0.56628239,0
-5.2931848,-2.5596585,0.87235451,-0.30137527,-0.72365677,0.62088138,0
-3.3108492,-4.6165619,-0.26463509,-0.30137527,-0.72365677,0.62088138,0
3.4483244,3.0649083,-1.3675463,0.30137527,0.72365677,-0.62088138,0
-3.1773002,2.8973558,-4.4599524,-0.81077808,-0.14819971,-0.56628239,0
0.57224822,3.2727101,-0.83345437,-0.50180852,0.67406046,0.54206133,0
-0.4884913,2.1676314,-0.56953466,-0.50180852,0.67406046,0.54206133,0
1.185313,-1.5453424,5.3110094,-0.30137527,-0.72365677,0.62088138,0
-2.3827934,-1.6812513,2.8792095,-0.50180852,0.67406046,0.54206133,0
-3.0723937,2.4336855,-4.3599429,-0.81077808,-0.14819971,-0.56628239,0
-2.6350939,2.0716271,-4.4014521,-0.81077808,-0.14819971,-0.56628239,0
-1.4779797,3.362783,-2.7376554,-0.50180852,0.67406046,0.54206133,0
-3.7465434,-4.2889981,-0.98352051,0.50180852,-0.67406046,-0.54206133,0
-3.1544895,-1.3332282,-3.3501091,-0.81077808,-0.14819971,-0.56628239,0
4.0880904,4.2145448,0.81436539,0.81077808,0.14819971,0.56628239,0
-3.064817,1.9820081,-4.4218307,-0.81077808,-0.14819971,-0.56628239,0
-4.2762704,-3.923878,0.050400257,-0.30137527,-0.72365677,0.62088138,0
0.81002378,2.5497932,-2.8243856,0.30137527,0.72365677,-0.62088138,0
-4.627862,-3.3956292,-0.31355858,-0.81077808,-0.14819971,-0.56628239,0
2.68291,3.6237645,-1.1994102,0.30137527,0.72365677,-0.62088138,0
0.83882415,-0.50883734,4.1363096,-0.50180852,0.67406046,0.54206133,0
-0.75991797,0.246786,-3.5001221,0.50180852,-0.67406046,-0.54206133,0
3.5569119,4.2949705,0.3815546,0.30137527,0.72365677,-0.62088138,0
0.2819047,-3.1749935,2.7183464,-0.30137527,-0.72365677,0.62088138,0
1.2616615,2.9538164,-2.3011768,0.30137527,0.72365677,-0.62088138,0
1.7327108,-3.031451,3.5603752,-0.30137527,-0.72365677,0.62088138,0
2.6368928,1.2670729,-2.1175988,0.50180852,-0.67406046,-0.54206133,0
3.8267109,2.3125005,-2.0679574,0.30137527,0.72365677,-0.62088138,0
0.65437442,-0.16597486,-2.0142453,0.50180852,-0.67406046,-0.54206133,0
0.71909523,2.9689744,-2.7488163,0.30137527,0.72365677,-0.62088138,0
1.2276702,1.337966,2.0802751,-0.50180852,0.67406046,0.54206133,0
3.4428928,1.4595484,2.3720722,0.81077808,0.14819971,0.56628239,0
-3.6414261,-3.9704666,0.14396381,-0.30137527,-0.72365677,0.62088138,0
-3.8956842,-4.2619133,-0.28335953,-0.30137527,-0.72365677,0.62088138,0
-1.8690658,3.021091,-4.0942512,0.30137527,0.72365677,-0.62088138,0
-4.2920494,-3.4338918,-0.90687799,-0.81077808,-0.14819971,-0.56628239,0
3.6839886,-1.0516596,1.7559355,0.50180852,-0.67406046,-0.54206133,0
-1.9758382,1.9530412,-5.0552053,0.30137527,0.72365677,-0.62088138,0
1.0797453,0.81421137,2.886425,-0.50180852,0.67406046,0.54206133,0
1.7730064,2.0999956,-3.353976,0.30137527,0.72365677,-0.62088138,0
1.761415,-1.4906448,5.3689022,-0.30137527,-0.72365677,0.62088138,0
2.6120048,-2.1359653,4.6675773,0.81077808,0.14819971,0.56628239,0
-5.2684784,-1.746681,-0.053843975,-0.81077808,-0.14819971,-0.56628239,0
3.5261431,-1.8266821,3.2233775,0.81077808,0.14819971,0.56628239,0
-3.3144884,1.6511452,-3.7417502,-0.81077808,-0.14819971,-0.56628239,0
-1.7112364,-0.7546196,1.7714425,-0.50180852,0.67406046,0.54206133,0
-0.98083436,-2.0731988,-0.95131564,0.50180852,-0.67406046,-0.54206133,0
4.2807331,2.2976348,1.5020397,0.81077808,0.14819971,0.56628239,0
-2.3150814,1.0527794,-4.6683202,-0.81077808,-0.14819971,-0.56628239,0
-4.3030944,-4.0117903,-0.42855978,-0.30137527,-0.72365677,0.62088138,0
-2.7028959,-3.064589,-1.2970569,0.50180852,-0.67406046,-0.54206133,0
3.3452973,-1.6439534,3.2974441,0.81077808,0.14819971,0.56628239,0
3.9492016,2.071727,1.78618,0.81077808,0.14819971,0.56628239,0
0.080387592,-2.7658372,3.2515659,-0.30137527,-0.72365677,0.62088138,0
3.6119905,1.6070778,2.3839927,0.81077808,0.14819971,0.56628239,0
-1.7478106,1.1051908,-0.26853752,-0.50180852,0.67406046,0.54206133,0
4.5027885,3.3070369,0.44014692,0.81077808,0.14819971,0.56628239,0
-3.2530637,0.63511068,-3.6259224,-0.81077808,-0.14819971,-0.56628239,0
0.35938954,-1.489995,4.826077,-0.30137527,-0.72365677,0.62088138,0
-0.15639067,-3.3071101,2.3085928,-0.30137527,-0.72365677,0.62088138,0
1.3480163,-3.3610678,2.8988185,-0.30137527,-0.72365677,0.62088138,0
2.7759423,-0.50943106,3.9104471,0.81077808,0.14819971,0.56628239,0
-3.3038216,-0.20343679,-3.0001941,-0.81077808,-0.14819971,-0.56628239,0
2.9002464,0.043997288,-0.32745385,0.50180852,-0.67406046,-0.54206133,0
2.6473274,0.37892818,3.9147511,0.81077808,0.14819971,0.56628239,0
-1.6466472,-1.9434881,-1.9763563,0.50180852,-0.67406046,-0.54206133,0
3.0697527,0.4229784,-0.36960304,0.50180852,-0.67406046,-0.54206133,0
0.23772034,0.31704545,2.6065867,-0.50180852,0.67406046,0.54206133,0
0.069707662,0.93425453,1.7260907,-0.50180852,0.67406046,0.54206133,0
-4.3604822,-3.1820316,0.30033112,-0.30137527,-0.72365677,0.62088138,0
1.4888499,1.1831741,-3.0990336,0.50180852,-0.67406046,-0.54206133,0
-1.0392461,-3.5864153,1.6261383,-0.30137527,-0.72365677,0.62088138,0
-0.44029903,-3.5225763,1.9942832,-0.30137527,-0.72365677,0.62088138,0
-0.1101017,-3.7129447,1.8862342,-0.30137527,-0.72365677,0.62088138,0
0.72641993,2.7408891,-2.7813234,0.30137527,0.72365677,-0.62088138,0
2.8099914,2.6158609,-2.3160353,0.30137527,0.72365677,-0.62088138,0
-4.8219023,-2.4363966,-0.31905127,-0.81077808,-0.14819971,-0.56628239,0
2.9538677,-0.95971733,4.0455203,0.81077808,0.14819971,0.56628239,0
1.9395096,2.5534501,-2.5571957,0.30137527,0.72365677,-0.62088138,0
-0.088655949,-2.7069297,3.4598756,-0.30137527,-0.72365677,0.62088138,0
-4.9471297,-1.1906736,-0.65060663,-0.81077808,-0.14819971,-0.56628239,0
-2.4771385,-4.3797693,0.36757612,-0.30137527,-0.72365677,0.62088138,0
-0.45893383,1.3065701,-5.1545196,0.50180852,-0.67406046,-0.54206133,0
4.7646952,2.8051317,-1.0545979,0.30137527,0.72365677,-0.62088138,0
-1.2368374,-2.510967,-0.83822596,0.50180852,-0.67406046,-0.54206133,0
-2.3628168,-4.2429814,0.19398999,-0.30137527,-0.72365677,0.62088138,0
-2.5062788,-1.7521482,-2.817982,0.50180852,-0.67406046,-0.54206133,0
3.1831007,2.3358665,-2.2280297,0.30137527,0.72365677,-0.62088138,0
1.0057354,-1.0747476,-0.65070075,0.50180852,-0.67406046,-0.54206133,0
2.1358979,1.5929596,-2.4940033,0.50180852,-0.67406046,-0.54206133,0
-4.4133611,-3.1782484,0.50606918,-0.30137527,-0.72365677,0.62088138,0
2.2939668,0.77203274,-1.3033085,0.50180852,-0.67406046,-0.54206133,0
-2.6514015,-0.62110019,-3.824729,-0.81077808,-0.14819971,-0.56628239,0
-3.6566205,0.12872994,-2.4327016,-0.81077808,-0.14819971,-0.56628239,0
-2.2993898,-0.5900135,-4.4774237,0.50180852,-0.67406046,-0.54206133,0
0.27478075,3.6544361,-1.4488806,-0.50180852,0.67406046,0.54206133,0
-4.6578999,-2.2505665,-0.70891786,-0.81077808,-0.14819971,-0.56628239,0
1.0623043,-2.273658,4.1189837,-0.30137527,-0.72365677,0.62088138,0
-3.3116362,-3.1134028,-2.0721717,-0.81077808,-0.14819971,-0.56628239,0
-4.1600943,-0.59445691,-2.0643818,-0.81077808,-0.14819971,-0.56628239,0
-4.1915073,-0.19159269,-1.814625,-0.81077808,-0.14819971,-0.56628239,0
-0.91872931,-3.6685853,1.5915818,-0.30137527,-0.72365677,0.62088138,0
-4.2814469,-0.99672854,-1.529144,-0.81077808,-0.14819971,-0.56628239,0
-1.3839107,-2.9015014,-0.77029777,0.50180852,-0.67406046,-0.54206133,0
-2.4464893,1.7665546,-4.8476477,-0.81077808,-0.14819971,-0.56628239,0
-4.3348751,0.26926899,-1.9729652,-0.81077808,-0.14819971,-0.56628239,0
-2.3501668,2.3484697,-2.3150659,-0.50180852,0.67406046,0.54206133,0
-4.4302688,-3.0988989,0.87417293,-0.30137527,-0.72365677,0.62088138,0
-0.58011746,-1.5424173,4.4108815,-0.50180852,0.67406046,0.54206133,0
2.4834924,3.7513683,-1.0000558,0.30137527,0.72365677,-0.62088138,0
0.85553551,0.87706161,-3.317898,0.50180852,-0.67406046,-0.54206133,0
3.8665643,1.0867703,-0.89604688,0.50180852,-0.67406046,-0.54206133,0
1.5328898,2.7709603,-2.1643891,0.30137527,0.72365677,-0.62088138,0
-4.302145,-1.4863147,-1.3763764,-0.81077808,-0.14819971,-0.56628239,0
5.1163206,2.913825,-0.24082184,0.81077808,0.14819971,0.56628239,0
0.35672998,3.6944427,-2.1488953,0.30137527,0.72365677,-0.62088138,0
1.0567408,2.9865632,-2.340585,0.30137527,0.72365677,-0.62088138,0
-4.3631058,-3.9934721,-0.3168993,-0.30137527,-0.72365677,0.62088138,0
-4.2184348,0.17647052,-1.1026471,-0.50180852,0.67406046,0.54206133,0
0.21027866,-0.45331705,-1.8726885,0.50180852,-0.67406046,-0.54206133,0
