-1.6919122,2.8562477,3.8942795,-0.0071047544,0.33185852,0.94330245,0
-1.548943,2.0797288,-5.5224113,0.0071047544,-0.33185852,-0.94330245,0
2.3229804,-1.2851645,-1.1482608,0.86608279,0.47357577,-0.16008317,0
0.962044,1.8093933,1.5287657,0.86608279,0.47357577,-0.16008317,0
-1.859128,4.3322973,-0.21030617,-0.49985021,0.81584066,-0.29078162,0
-0.18310261,2.9299281,-1.2438774,0.86608279,0.47357577,-0.16008317,0
-1.2332788,1.8701545,-5.3759003,0.0071047544,-0.33185852,-0.94330245,0
-0.22350097,4.6801262,2.541672,0.86608279,0.47357577,-0.16008317,0
0.81165671,-2.8248222,-3.8847558,0.0071047544,-0.33185852,-0.94330245,0
-2.6474764,3.3223844,-2.0475354,-0.49985021,0.81584066,-0.29078162,0
2.2138324,-0.84329003,-0.46786737,0.86608279,0.47357577,-0.16008317,0
0.050915241,0.49896622,4.511548,-0.0071047544,0.33185852,0.94330245,0
0.49611139,2.6011941,3.9395912,-0.0071047544,0.33185852,0.94330245,0
-0.85863066,1.6015949,-5.308424,0.0071047544,-0.33185852,-0.94330245,0
-2.3568277,0.10740316,-4.7939987,0.0071047544,-0.33185852,-0.94330245,0
0.41740382,-4.7678432,-1.8750179,-0.86608279,-0.47357577,0.16008317,0
1.8171804,-3.1763554,-3.5419946,0.0071047544,-0.33185852,-0.94330245,0
2.1357265,-0.34505796,5.097569,-0.0071047544,0.33185852,0.94330245,0
3.296478,-2.2263451,2.9798784,0.49985021,-0.81584066,0.29078162,0
-2.1615953,5.0933037,2.9076738,-0.0071047544,0.33185852,0.94330245,0
-1.235252,4.1639457,-1.1971045,-0.49985021,0.81584066,-0.29078162,0
-1.5672078,4.3970895,-0.80562019,-0.49985021,0.81584066,-0.29078162,0
1.178071,1.5569439,1.2827755,0.86608279,0.47357577,-0.16008317,0
-2.6229677,2.5404375,3.5768919,-0.86608279,-0.47357577,0.16008317,0
-0.32465744,0.12082863,-4.7013626,0.0071047544,-0.33185852,-0.94330245,0
-2.6991057,2.3451853,-4.4139028,-0.49985021,0.81584066,-0.29078162,0
0.42007828,-1.1190538,5.1293545,-0.0071047544,0.33185852,0.94330245,0
-3.0820327,4.4070706,1.7123542,-0.49985021,0.81584066,-0.29078162,0
-1.7305789,0.6784687,-5.003891,0.0071047544,-0.33185852,-0.94330245,0
-1.7026329,2.7597184,-5.1860952,-0.49985021,0.81584066,-0.29078162,0
-2.9286737,1.8663293,-1.780396,-0.86608279,-0.47357577,0.16008317,0
1.9182444,-3.9910429,0.69683647,0.49985021,-0.81584066,0.29078162,0
-1.2290187,-2.0466647,-4.2513266,0.0071047544,-0.33185852,-0.94330245,0
0.10167456,-1.8704309,-4.0299244,0.0071047544,-0.33185852,-0.94330245,0
-2.4599724,2.0830615,0.98560095,-0.86608279,-0.47357577,0.16008317,0
0.88985968,-5.2584429,-1.6077423,-0.86608279,-0.47357577,0.16008317,0
1.8986554,-3.4598155,3.0296252,0.49985021,-0.81584066,0.29078162,0
2.9742777,-0.77470928,3.496902,0.86608279,0.47357577,-0.16008317,0
-2.5593629,4.2436628,0.91324282,-0.49985021,0.81584066,-0.29078162,0
-3.1406434,1.8386455,-4.4028978,-0.49985021,0.81584066,-0.29078162,0
1.0840011,-0.31464958,4.8322754,-0.0071047544,0.33185852,0.94330245,0
2.1732297,-3.255955,2.5836189,0.49985021,-0.81584066,0.29078162,0
-2.7458758,2.8052778,-2.4907279,-0.49985021,0.81584066,-0.29078162,0
-1.3647408,2.3567364,-5.8212466,0.0071047544,-0.33185852,-0.94330245,0
-2.1265025,2.4625051,-5.5327001,-0.49985021,0.81584066,-0.29078162,0
-1.0016141,0.80103922,4.6664138,-0.0071047544,0.33185852,0.94330245,0
-0.25882745,2.5129547,3.7977066,-0.0071047544,0.33185852,0.94330245,0
2.5608997,-1.3904438,5.1309624,-0.0071047544,0.33185852,0.94330245,0
-3.5635622,1.501129,-4.4655204,-0.86608279,-0.47357577,0.16008317,0
1.850574,-4.5527349,-3.2300689,0.0071047544,-0.33185852,-0.94330245,0
3.3994899,-2.1394002,3.8126223,0.49985021,-0.81584066,0.29078162,0
2.2838178,-1.9837618,5.4002304,-0.0071047544,0.33185852,0.94330245,0
-3.125262,2.7822044,0.0088176727,-0.86608279,-0.47357577,0.16008317,0
2.2706172,-4.7356081,-1.8630128,0.49985021,-0.81584066,0.29078162,0
0.37924013,-4.0622048,-0.82080436,-0.86608279,-0.47357577,0.16008317,0
1.0723743,-3.1255996,4.4342918,0.49985021,-0.81584066,0.29078162,0
-2.5814514,2.6930389,-2.9866261,-0.49985021,0.81584066,-0.29078162,0
-0.78812099,3.6861374,3.5307748,-0.0071047544,0.33185852,0.94330245,0
-1.9482272,-1.0093102,-4.400013,0.0071047544,-0.33185852,-0.94330245,0
1.5769086,0.36247292,1.3005764,0.86608279,0.47357577,-0.16008317,0
3.2328925,-3.7164719,-0.47616053,0.49985021,-0.81584066,0.29078162,0
-1.5707974,5.3666787,2.4908228,-0.49985021,0.81584066,-0.29078162,0
-2.818327,1.7783782,-5.3351178,0.0071047544,-0.33185852,-0.94330245,0
-1.4823458,5.2192545,2.2795277,-0.49985021,0.81584066,-0.29078162,0
-0.54353809,0.74646139,-5.0431571,0.0071047544,-0.33185852,-0.94330245,0
1.8215489,-4.1950774,-3.3314922,0.0071047544,-0.33185852,-0.94330245,0
1.1254117,1.558362,1.3634021,0.86608279,0.47357577,-0.16008317,0
1.1090252,-3.9526577,-3.1819482,0.0071047544,-0.33185852,-0.94330245,0
-0.88699865,3.6243024,-2.8107262,0.86608279,0.47357577,-0.16008317,0
3.1979837,-2.7521019,-0.94027805,0.86608279,0.47357577,-0.16008317,0
-1.3802595,-0.26088762,-4.7985849,0.0071047544,-0.33185852,-0.94330245,0
-0.4399457,-0.83614302,-4.556076,0.0071047544,-0.33185852,-0.94330245,0
-2.3559427,2.5175214,-4.5400634,-0.49985021,0.81584066,-0.29078162,0
3.4132252,-2.3948026,3.2799449,0.49985021,-0.81584066,0.29078162,0
-2.3212442,4.3010645,0.83711672,-0.49985021,0.81584066,-0.29078162,0
0.85057807,0.52393579,-3.028718,0.86608279,0.47357577,-0.16008317,0
-0.16412735,2.3570666,-3.4124923,0.86608279,0.47357577,-0.16008317,0
0.59714842,-2.8810534,4.3551893,-0.86608279,-0.47357577,0.16008317,0
-0.46084023,1.9767807,-5.3951569,0.0071047544,-0.33185852,-0.94330245,0
-3.0216253,2.2379184,-0.70311737,-0.86608279,-0.47357577,0.16008317,0
0.48118448,-2.3337493,4.3228612,-0.86608279,-0.47357577,0.16008317,0
-0.93855,0.59086156,-5.0151334,0.0071047544,-0.33185852,-0.94330245,0
1.8167458,-0.45201325,4.9318891,-0.0071047544,0.33185852,0.94330245,0
-2.1635633,3.3430321,-1.7736473,-0.49985021,0.81584066,-0.29078162,0
-1.6353528,1.242372,4.3204994,-0.0071047544,0.33185852,0.94330245,0
1.1199039,-5.1831055,-1.5251508,0.49985021,-0.81584066,0.29078162,0
-2.160882,2.6153188,-4.6047988,-0.49985021,0.81584066,-0.29078162,0
-0.3258276,-1.1769741,4.3884706,-0.86608279,-0.47357577,0.16008317,0
-1.1340919,0.56645417,4.5757475,-0.0071047544,0.33185852,0.94330245,0
-1.6870255,-1.0009534,-3.1000566,-0.86608279,-0.47357577,0.16008317,0
0.52624655,-1.6368051,5.3387709,-0.0071047544,0.33185852,0.94330245,0
-2.2339702,1.6682769,1.9130828,-0.86608279,-0.47357577,0.16008317,0
-3.2266119,4.1913795,1.7353482,-0.49985021,0.81584066,-0.29078162,0
-1.0154843,1.5757381,4.1245518,-0.0071047544,0.33185852,0.94330245,0
-2.9289269,2.955519,-2.7259643,-0.49985021,0.81584066,-0.29078162,0
3.4014041,-1.7230837,4.3020649,0.86608279,0.47357577,-0.16008317,0
2.1091642,-3.2490714,3.3893504,0.49985021,-0.81584066,0.29078162,0
-0.0059704781,2.0895636,-4.3278775,0.86608279,0.47357577,-0.16008317,0
1.6013393,-3.3822672,3.9067907,0.49985021,-0.81584066,0.29078162,0
1.8053241,1.1086514,4.5689874,-0.0071047544,0.33185852,0.94330245,0
0.13729525,0.52047777,-4.8077888,0.0071047544,-0.33185852,-0.94330245,0
-0.60326147,0.9152894,-4.9285793,0.0071047544,-0.33185852,-0.94330245,0
2.185215,-2.570416,4.5654655,0.49985021,-0.81584066,0.29078162,0
0.0074775219,-3.5805862,-1.7641265,-0.86608279,-0.47357577,0.16008317,0
2.1524019,-1.1943976,-0.73683,0.86608279,0.47357577,-0.16008317,0
-1.1654022,1.5004706,4.0270386,-0.0071047544,0.33185852,0.94330245,0
-1.5481406,3.9628246,-1.6248698,-0.49985021,0.81584066,-0.29078162,0
0.040114403,-0.18214965,4.9455338,-0.0071047544,0.33185852,0.94330245,0
-1.7469724,5.1176271,1.8831825,-0.49985021,0.81584066,-0.29078162,0
-1.1367393,2.9662261,-4.747735,-0.49985021,0.81584066,-0.29078162,0
2.1021657,0.53200591,4.5431423,-0.0071047544,0.33185852,0.94330245,0
-2.1208942,2.2580471,3.7103629,-0.86608279,-0.47357577,0.16008317,0
-2.4508743,2.3555236,-4.5260987,-0.49985021,0.81584066,-0.29078162,0
-0.11319709,-3.6760523,-3.550333,0.0071047544,-0.33185852,-0.94330245,0
-0.16540575,0.59430218,4.6501341,-0.0071047544,0.33185852,0.94330245,0
3.3174381,-4.0102086,-1.9331546,0.49985021,-0.81584066,0.29078162,0
-0.37284184,4.435658,3.0633886,-0.0071047544,0.33185852,0.94330245,0
0.22909522,3.8021636,2.2181423,0.86608279,0.47357577,-0.16008317,0
-1.9650328,0.31077042,-0.96655989,-0.86608279,-0.47357577,0.16008317,0
-2.3392189,3.9849124,-0.8362236,-0.49985021,0.81584066,-0.29078162,0
0.58605266,-4.7605448,-1.1855905,-0.86608279,-0.47357577,0.16008317,0
1.0765761,2.2925429,2.0926914,0.86608279,0.47357577,-0.16008317,0
-1.3020306,2.0253539,3.8605862,-0.0071047544,0.33185852,0.94330245,0
-0.74138445,4.5997629,1.2092359,0.86608279,0.47357577,-0.16008317,0
1.8154712,-3.0710311,-3.8518913,0.0071047544,-0.33185852,-0.94330245,0
0.5046438,3.1037216,1.7654784,0.86608279,0.47357577,-0.16008317,0
-0.51414376,3.8491015,-0.19752359,0.86608279,0.47357577,-0.16008317,0
0.99215198,-3.9738626,2.1769569,0.49985021,-0.81584066,0.29078162,0
0.74998522,1.0802659,-2.4855838,0.86608279,0.47357577,-0.16008317,0
2.1120088,-4.7035694,-0.93146658,0.49985021,-0.81584066,0.29078162,0
0.79088533,-4.8807235,-0.42360735,-0.86608279,-0.47357577,0.16008317,0
1.390748,-1.0679178,-4.3786006,0.86608279,0.47357577,-0.16008317,0
1.7997708,-4.4319959,-0.65585136,0.49985021,-0.81584066,0.29078162,0
1.2940636,-2.5515838,5.5619502,0.49985021,-0.81584066,0.29078162,0
-3.245548,3.7384417,0.74739838,-0.49985021,0.81584066,-0.29078162,0
-1.7394438,2.6497529,-4.4040689,-0.49985021,0.81584066,-0.29078162,0
0.84818935,-3.9011643,1.9084752,-0.86608279,-0.47357577,0.16008317,0
2.4136615,-3.1803598,2.5229459,0.49985021,-0.81584066,0.29078162,0
2.1506557,-3.9350715,0.8406167,0.49985021,-0.81584066,0.29078162,0
0.34885311,-4.6193895,-2.7948623,-0.86608279,-0.47357577,0.16008317,0
-3.1757343,2.0426898,-1.2048712,-0.86608279,-0.47357577,0.16008317,0
-0.23869157,4.0370998,2.5016782,0.86608279,0.47357577,-0.16008317,0
-3.0419898,4.3647594,1.5756655,-0.49985021,0.81584066,-0.29078162,0
-0.15991664,-4.0545521,-3.1177273,-0.86608279,-0.47357577,0.16008317,0
1.4758853,-3.7897415,1.8376966,0.49985021,-0.81584066,0.29078162,0
2.3156025,-0.67672467,0.26077604,0.86608279,0.47357577,-0.16008317,0
-0.53206968,-1.9432998,-4.1455407,0.0071047544,-0.33185852,-0.94330245,0
-2.5706873,3.0151067,-2.3352625,-0.49985021,0.81584066,-0.29078162,0
1.9050221,-0.88615489,-1.4631177,0.86608279,0.47357577,-0.16008317,0
2.2906623,0.10570264,4.7201724,-0.0071047544,0.33185852,0.94330245,0
2.4043875,-2.0942876,5.5399837,0.49985021,-0.81584066,0.29078162,0
2.6606359,-2.2279885,4.8555737,0.49985021,-0.81584066,0.29078162,0
2.8126559,-4.4323215,-1.6482186,0.49985021,-0.81584066,0.29078162,0
2.8112235,-4.9465723,-2.7326555,0.49985021,-0.81584066,0.29078162,0
0.81155241,-4.278934,0.30186844,-0.86608279,-0.47357577,0.16008317,0
-1.9651432,2.8184981,-4.8231602,-0.49985021,0.81584066,-0.29078162,0
3.2548752,-2.3206534,3.8240709,0.49985021,-0.81584066,0.29078162,0
-0.72594655,-1.8105023,1.3018053,-0.86608279,-0.47357577,0.16008317,0
-1.5717219,0.82295501,2.2676997,-0.86608279,-0.47357577,0.16008317,0
2.3987417,-3.7674954,-3.5228755,0.0071047544,-0.33185852,-0.94330245,0
3.4295855,-1.2126561,5.0302353,0.86608279,0.47357577,-0.16008317,0
1.2360387,-0.8700099,-4.5213661,0.0071047544,-0.33185852,-0.94330245,0
-1.2249613,-2.5175798,-3.4579735,-0.86608279,-0.47357577,0.16008317,0
1.6680267,-4.4808578,0.49309778,0.49985021,-0.81584066,0.29078162,0
-0.45285702,4.4475107,0.2185452,0.86608279,0.47357577,-0.16008317,0
2.7333443,-2.378299,4.1891012,0.49985021,-0.81584066,0.29078162,0
-2.6898458,4.2620668,1.5753741,-0.49985021,0.81584066,-0.29078162,0
-3.0017245,3.5863919,0.17273521,-0.49985021,0.81584066,-0.29078162,0
-1.3526292,0.68852353,3.2299407,-0.86608279,-0.47357577,0.16008317,0
-0.85343313,2.8184333,3.600842,-0.0071047544,0.33185852,0.94330245,0
1.5414083,-0.63401508,-3.7820523,0.86608279,0.47357577,-0.16008317,0
0.67228675,0.96909642,-2.2337613,0.86608279,0.47357577,-0.16008317,0
-0.87279654,0.47642875,4.6742721,-0.0071047544,0.33185852,0.94330245,0
-1.5548859,3.0426793,-4.485384,-0.49985021,0.81584066,-0.29078162,0
1.0136771,-4.055161,-3.4985352,0.0071047544,-0.33185852,-0.94330245,0
2.6375582,-4.2181168,-0.8228898,0.49985021,-0.81584066,0.29078162,0
-2.5081329,1.8100154,2.1063039,-0.86608279,-0.47357577,0.16008317,0
2.0900817,-4.3203764,-3.1034274,0.0071047544,-0.33185852,-0.94330245,0
-1.466574,2.0614274,4.0574527,-0.0071047544,0.33185852,0.94330245,0
2.8403769,-3.4109678,-3.2313552,0.86608279,0.47357577,-0.16008317,0
-3.0423653,2.9988837,2.7524097,-0.86608279,-0.47357577,0.16008317,0
-2.3141065,2.5696344,-4.3643646,-0.49985021,0.81584066,-0.29078162,0
0.37408102,-4.0767136,-1.8045049,-0.86608279,-0.47357577,0.16008317,0
-1.9360263,4.3752775,0.48501015,-0.49985021,0.81584066,-0.29078162,0
1.0111952,-0.092746973,4.959208,-0.0071047544,0.33185852,0.94330245,0
1.4815767,-2.3875237,-4.0162945,0.0071047544,-0.33185852,-0.94330245,0
-1.7534255,-0.97825164,-1.7917913,-0.86608279,-0.47357577,0.16008317,0
-2.2844939,4.3083081,0.63157511,-0.49985021,0.81584066,-0.29078162,0
1.3886299,-3.0999939,4.5601754,0.49985021,-0.81584066,0.29078162,0
3.0467916,-3.0523188,1.3893876,0.49985021,-0.81584066,0.29078162,0
2.0120959,-2.7692723,3.821003,0.49985021,-0.81584066,0.29078162,0
3.1697469,-3.9349177,-3.3640542,0.0071047544,-0.33185852,-0.94330245,0
-2.2484512,3.6637039,3.3818095,-0.0071047544,0.33185852,0.94330245,0
1.8626814,0.43777037,4.7852917,-0.0071047544,0.33185852,0.94330245,0
0.54279101,1.7765608,-0.52501369,0.86608279,0.47357577,-0.16008317,0
-1.6145325,3.6507442,3.3836973,-0.0071047544,0.33185852,0.94330245,0
-0.34536588,3.9932983,1.1345026,0.86608279,0.47357577,-0.16008317,0
1.3231366,-0.58662438,-3.7173848,0.86608279,0.47357577,-0.16008317,0
0.017597198,1.4585321,-3.7374501,0.86608279,0.47357577,-0.16008317,0
1.856367,-1.0235343,-1.9434782,0.86608279,0.47357577,-0.16008317,0
-3.2766128,4.5876808,3.0860248,-0.0071047544,0.33185852,0.94330245,0
-1.8561141,0.32658994,-0.20436287,-0.86608279,-0.47357577,0.16008317,0
3.3945894,-1.5233988,5.4603634,-0.0071047544,0.33185852,0.94330245,0
0.35613394,-0.76886415,-4.551671,0.0071047544,-0.33185852,-0.94330245,0
-1.4766412,4.1230078,-0.89261389,-0.49985021,0.81584066,-0.29078162,0
1.4611602,0.17708623,4.5716591,-0.0071047544,0.33185852,0.94330245,0
-0.019865215,-3.0561037,0.18378282,-0.86608279,-0.47357577,0.16008317,0
-2.9594436,3.086391,2.1345878,-0.86608279,-0.47357577,0.16008317,0
-1.6615229,2.9977036,3.6938205,-0.0071047544,0.33185852,0.94330245,0
-3.0199926,3.106221,2.415297,-0.86608279,-0.47357577,0.16008317,0
-1.1523852,3.9954882,3.2683949,-0.0071047544,0.33185852,0.94330245,0
-0.75055885,-1.0752001,2.4984818,-0.86608279,-0.47357577,0.16008317,0
0.35560822,3.2716174,2.5356789,0.86608279,0.47357577,-0.16008317,0
-0.94796896,2.1093161,4.1361146,-0.0071047544,0.33185852,0.94330245,0
-3.1966879,4.2119718,1.7750835,-0.49985021,0.81584066,-0.29078162,0
-3.1142836,4.0053139,0.59349346,-0.49985021,0.81584066,-0.29078162,0
0.46578193,3.0613513,3.5437584,-0.0071047544,0.33185852,0.94330245,0
-1.4062226,3.2575183,-3.5220792,-0.49985021,0.81584066,-0.29078162,0
1.1290984,-0.10220683,-2.3464742,0.86608279,0.47357577,-0.16008317,0
0.52264261,-1.9191055,5.2626772,-0.0071047544,0.33185852,0.94330245,0
-2.41327,2.5792515,-4.0679064,-0.49985021,0.81584066,-0.29078162,0
2.2486229,-2.7601988,3.7059791,0.49985021,-0.81584066,0.29078162,0
-0.21214378,4.4812288,2.3903158,0.86608279,0.47357577,-0.16008317,0
1.223475,0.42320025,4.7421155,-0.0071047544,0.33185852,0.94330245,0
-0.44293451,0.82013679,4.3379569,-0.0071047544,0.33185852,0.94330245,0
0.19205284,0.95549345,-5.1228719,0.0071047544,-0.33185852,-0.94330245,0
-2.1278679,3.1488037,-2.9393761,-0.49985021,0.81584066,-0.29078162,0
-2.3219514,4.2541385,1.0786867,-0.49985021,0.81584066,-0.29078162,0
-1.4315829,2.5248983,-5.3590055,-0.49985021,0.81584066,-0.29078162,0
-2.8052268,4.4933677,1.6452637,-0.49985021,0.81584066,-0.29078162,0
0.45582676,3.431416,3.5144668,-0.0071047544,0.33185852,0.94330245,0
0.62138081,1.745298,-1.574325,0.86608279,0.47357577,-0.16008317,0
3.5138059,-1.9241238,3.6453118,0.49985021,-0.81584066,0.29078162,0
-0.05986461,3.6243222,-0.02664113,0.86608279,0.47357577,-0.16008317,0
2.2587175,-3.4997084,1.7484565,0.49985021,-0.81584066,0.29078162,0
-2.2494838,3.1061263,-3.5284741,-0.49985021,0.81584066,-0.29078162,0
1.8892908,-3.3006575,3.4549434,0.49985021,-0.81584066,0.29078162,0
-0.92913842,4.0190167,-1.3340585,0.86608279,0.47357577,-0.16008317,0
2.4981976,-0.74327272,0.98048735,0.86608279,0.47357577,-0.16008317,0
-1.7912769,-0.25573349,-4.8315978,0.0071047544,-0.33185852,-0.94330245,0
-1.8444403,3.7284141,-1.5076385,-0.49985021,0.81584066,-0.29078162,0
-3.5291691,1.9516363,-3.8020604,-0.49985021,0.81584066,-0.29078162,0
-1.1285729,2.163517,-5.490037,0.0071047544,-0.33185852,-0.94330245,0
-2.1108966,3.7363362,-1.2631235,-0.49985021,0.81584066,-0.29078162,0
-2.2133632,-0.023244563,-2.4708433,-0.86608279,-0.47357577,0.16008317,0
1.3683519,-5.1782122,-1.8884301,0.49985021,-0.81584066,0.29078162,0
1.9619069,-5.0870886,-2.8813519,0.0071047544,-0.33185852,-0.94330245,0
-2.9806464,3.7291303,0.065848351,-0.49985021,0.81584066,-0.29078162,0
0.60566401,-4.0289288,1.8048038,-0.86608279,-0.47357577,0.16008317,0
-2.8857045,2.5687215,1.9520962,-0.86608279,-0.47357577,0.16008317,0
-0.51048255,-2.9519935,-3.7201838,0.0071047544,-0.33185852,-0.94330245,0
1.6267269,-5.0326595,-0.99555874,0.49985021,-0.81584066,0.29078162,0
-0.30442238,1.53163,-5.3298354,0.86608279,0.47357577,-0.16008317,0
-2.0654953,-0.8456291,-4.423007,0.0071047544,-0.33185852,-0.94330245,0
-0.47440815,-1.3481807,-4.4725242,0.0071047544,-0.33185852,-0.94330245,0
-1.8130701,4.2282877,3.3645849,-0.0071047544,0.33185852,0.94330245,0
0.88514352,1.0942106,-1.9577484,0.86608279,0.47357577,-0.16008317,0
0.082573891,-1.0141878,-4.3669596,0.0071047544,-0.33185852,-0.94330245,0
2.7093334,-4.2886281,-0.65713072,0.49985021,-0.81584066,0.29078162,0
-1.1459427,1.3596826,4.3616891,-0.0071047544,0.33185852,0.94330245,0
0.8454423,-3.8762338,2.5135686,0.49985021,-0.81584066,0.29078162,0
1.7311957,-3.3715112,3.6780512,0.49985021,-0.81584066,0.29078162,0
-1.340066,-1.2545382,-4.3651857,0.0071047544,-0.33185852,-0.94330245,0
-1.9938159,3.710093,-1.6045218,-0.49985021,0.81584066,-0.29078162,0
2.6728382,-4.725306,-2.9683404,0.49985021,-0.81584066,0.29078162,0
2.3503468,-4.3254299,-1.2601023,0.49985021,-0.81584066,0.29078162,0
0.69635153,1.2455231,-2.3824708,0.86608279,0.47357577,-0.16008317,0
1.5481648,-0.93942463,5.225337,-0.0071047544,0.33185852,0.94330245,0
-2.5405035,2.0054159,-5.0845718,-0.49985021,0.81584066,-0.29078162,0
0.66323471,-0.49762559,5.0410843,-0.0071047544,0.33185852,0.94330245,0
2.8383241,-2.2358508,-0.09230423,0.86608279,0.47357577,-0.16008317,0
-1.0600543,3.2672586,-4.740346,-0.49985021,0.81584066,-0.29078162,0
-0.32933015,-2.8364623,0.073633552,-0.86608279,-0.47357577,0.16008317,0
-2.6715515,2.6490529,-4.0962276,-0.49985021,0.81584066,-0.29078162,0
2.0995889,0.38371155,3.0271878,0.86608279,0.47357577,-0.16008317,0
-0.40587795,-3.1496987,-1.8489357,-0.86608279,-0.47357577,0.16008317,0
-2.3206775,0.73110247,-0.44113708,-0.86608279,-0.47357577,0.16008317,0
-2.8880696,1.9834644,-4.8814526,-0.49985021,0.81584066,-0.29078162,0
-1.722103,4.9999528,1.6410289,-0.49985021,0.81584066,-0.29078162,0
-2.8304915,3.0026367,-2.5583947,-0.49985021,0.81584066,-0.29078162,0
-3.4162359,2.4991324,-0.92583275,-0.86608279,-0.47357577,0.16008317,0
0.06156373,3.1976931,-0.60631418,0.86608279,0.47357577,-0.16008317,0
-3.1680546,4.4722037,2.953186,-0.49985021,0.81584066,-0.29078162,0
3.3884325,-4.4943256,-2.9675512,0.0071047544,-0.33185852,-0.94330245,0
-0.55273342,-0.93066287,2.5344961,-0.86608279,-0.47357577,0.16008317,0
-2.7075205,0.10928816,-4.7011747,-0.86608279,-0.47357577,0.16008317,0
2.2568967,-4.1191502,0.072247982,0.49985021,-0.81584066,0.29078162,0
-1.0810122,-0.8843224,1.0573754,-0.86608279,-0.47357577,0.16008317,0
0.30567098,2.6602554,4.0263939,-0.0071047544,0.33185852,0.94330245,0
0.72656345,-4.7870026,-3.1516502,0.0071047544,-0.33185852,-0.94330245,0
0.66179276,-5.0274987,-2.9979501,0.0071047544,-0.33185852,-0.94330245,0
-0.33432817,2.0886178,-5.1157579,0.86608279,0.47357577,-0.16008317,0
2.1353898,-4.643785,-1.7277341,0.49985021,-0.81584066,0.29078162,0
-1.7874306,1.0785578,2.2966123,-0.86608279,-0.47357577,0.16008317,0
2.0168235,-3.3013077,3.2288833,0.49985021,-0.81584066,0.29078162,0
1.3810577,-3.5636439,2.9409816,0.49985021,-0.81584066,0.29078162,0
-1.6470977,4.4920702,0.33883619,-0.49985021,0.81584066,-0.29078162,0
-2.6368246,2.8684642,-2.5013542,-0.49985021,0.81584066,-0.29078162,0
0.92993617,-5.793139,-2.8554106,0.0071047544,-0.33185852,-0.94330245,0
2.2729006,-4.9660463,-2.3279247,0.49985021,-0.81584066,0.29078162,0
2.6360023,-3.3928401,-3.6124411,0.0071047544,-0.33185852,-0.94330245,0
0.70770311,-3.7586222,1.1209006,-0.86608279,-0.47357577,0.16008317,0
2.8416114,-2.5688255,-2.4780741,0.86608279,0.47357577,-0.16008317,0
1.0700288,0.92364824,-1.1251969,0.86608279,0.47357577,-0.16008317,0
-0.76539707,2.8591967,-4.2017131,0.86608279,0.47357577,-0.16008317,0
-2.1452379,0.22494055,-2.0148425,-0.86608279,-0.47357577,0.16008317,0
2.9972663,-1.6875966,2.2789092,0.86608279,0.47357577,-0.16008317,0
0.87650824,-4.4675012,-3.0853984,0.0071047544,-0.33185852,-0.94330245,0
1.6093647,-1.8323382,-3.9819093,0.0071047544,-0.33185852,-0.94330245,0
0.13329434,-3.0894444,1.7038772,-0.86608279,-0.47357577,0.16008317,0
2.678514,-4.1366301,-0.47491884,0.49985021,-0.81584066,0.29078162,0
-0.80310869,3.6256404,-3.6551244,-0.49985021,0.81584066,-0.29078162,0
2.1314187,-3.4368625,1.5095539,0.49985021,-0.81584066,0.29078162,0
-0.44178581,3.4902163,-1.0348468,0.86608279,0.47357577,-0.16008317,0
0.09157896,1.4069028,-5.0404534,0.86608279,0.47357577,-0.16008317,0
-0.49581957,-0.37665343,4.8742113,-0.0071047544,0.33185852,0.94330245,0
3.0521975,-3.4547718,-3.4354467,0.0071047544,-0.33185852,-0.94330245,0
-1.8228335,0.59571385,1.086571,-0.86608279,-0.47357577,0.16008317,0
0.53765082,-2.1549108,-4.0412679,0.0071047544,-0.33185852,-0.94330245,0
-1.4943771,2.8849359,-4.6614685,-0.49985021,0.81584066,-0.29078162,0
2.2487032,-3.8211684,0.63703966,0.49985021,-0.81584066,0.29078162,0
-0.53583312,2.8213091,3.9255695,-0.0071047544,0.33185852,0.94330245,0
1.3659546,-4.4727163,0.31906223,0.49985021,-0.81584066,0.29078162,0
-3.0458598,3.3642459,-1.4627266,-0.49985021,0.81584066,-0.29078162,0
1.7548859,-4.3966236,-3.2911539,0.0071047544,-0.33185852,-0.94330245,0
0.27484179,-3.4314325,1.1751254,-0.86608279,-0.47357577,0.16008317,0
-1.9844656,2.5524616,-5.4556704,-0.49985021,0.81584066,-0.29078162,0
1.9690404,-2.9082737,-3.9008367,0.0071047544,-0.33185852,-0.94330245,0
-1.8476962,4.9000025,1.4075909,-0.49985021,0.81584066,-0.29078162,0
-3.2432382,1.9172527,-3.9833031,-0.49985021,0.81584066,-0.29078162,0
0.63899088,0.8160032,-3.1256304,0.86608279,0.47357577,-0.16008317,0
-0.72832918,3.2959414,-4.0766764,0.86608279,0.47357577,-0.16008317,0
2.8691695,-2.9261241,2.9426849,0.49985021,-0.81584066,0.29078162,0
-1.3596215,1.3185297,-5.2804141,0.0071047544,-0.33185852,-0.94330245,0
0.64273936,1.803606,-0.71889031,0.86608279,0.47357577,-0.16008317,0
-2.804738,2.9458566,-2.6475768,-0.49985021,0.81584066,-0.29078162,0
-1.2536273,2.8650093,-5.4108782,-0.49985021,0.81584066,-0.29078162,0
2.2605801,-0.30060554,2.3922586,0.86608279,0.47357577,-0.16008317,0
-1.7086468,2.5811927,-4.9324894,-0.49985021,0.81584066,-0.29078162,0
-1.2166674,3.1504669,3.5389714,-0.0071047544,0.33185852,0.94330245,0
-2.0185525,0.74485838,0.96385467,-0.86608279,-0.47357577,0.16008317,0
3.3274305,-4.5146208,-2.6406956,0.49985021,-0.81584066,0.29078162,0
1.1166978,-2.3130894,5.4556575,-0.0071047544,0.33185852,0.94330245,0
-2.1464808,3.7078047,-0.69612265,-0.49985021,0.81584066,-0.29078162,0
-2.4525409,2.8572841,-3.8555231,-0.49985021,0.81584066,-0.29078162,0
2.3179626,-2.4895251,3.8994036,0.49985021,-0.81584066,0.29078162,0
3.3632221,-1.6280928,4.7019067,0.86608279,0.47357577,-0.16008317,0
-2.8580503,3.799747,3.5890267,-0.0071047544,0.33185852,0.94330245,0
2.9966109,-3.110275,1.7316294,0.49985021,-0.81584066,0.29078162,0
1.025597,1.6626959,0.88399678,0.86608279,0.47357577,-0.16008317,0
3.112211,-2.2795322,3.9763544,0.49985021,-0.81584066,0.29078162,0
-0.0037222207,-2.8114257,-0.059638023,-0.86608279,-0.47357577,0.16008317,0
0.43277931,-0.32566953,-4.7292662,0.0071047544,-0.33185852,-0.94330245,0
1.7041259,-1.1200609,-4.2433515,0.86608279,0.47357577,-0.16008317,0
-1.8645439,4.0285702,-0.50277615,-0.49985021,0.81584066,-0.29078162,0
-3.2052283,1.4717426,-5.4674978,0.0071047544,-0.33185852,-0.94330245,0
0.88132548,-4.1061654,1.7737246,0.49985021,-0.81584066,0.29078162,0
-2.4117656,1.9411027,0.88086057,-0.86608279,-0.47357577,0.16008317,0
2.4519985,-3.605016,1.3831353,0.49985021,-0.81584066,0.29078162,0
-1.5928584,5.0118952,3.0126047,-0.0071047544,0.33185852,0.94330245,0
-2.2442684,3.7774625,3.5025487,-0.0071047544,0.33185852,0.94330245,0
2.703784,-0.4984473,3.61643,0.86608279,0.47357577,-0.16008317,0
2.6424255,-4.4285326,-3.3354902,0.0071047544,-0.33185852,-0.94330245,0
-2.1100836,2.560411,-4.5994101,-0.49985021,0.81584066,-0.29078162,0
-3.1954665,1.8542032,-4.1001577,-0.49985021,0.81584066,-0.29078162,0
1.4986112,-4.3961868,0.3074398,0.49985021,-0.81584066,0.29078162,0
2.5711236,-3.8410225,0.8056488,0.49985021,-0.81584066,0.29078162,0
-2.381278,0.636127,-5.0402408,0.0071047544,-0.33185852,-0.94330245,0
-1.2886477,-2.3270569,-4.1438155,0.0071047544,-0.33185852,-0.94330245,0
-0.97581482,1.0146328,-5.0978894,0.0071047544,-0.33185852,-0.94330245,0
-3.133357,1.8743179,-1.8656352,-0.86608279,-0.47357577,0.16008317,0
-0.41577148,-0.10360956,4.6383009,-0.0071047544,0.33185852,0.94330245,0
2.0662551,-3.8547816,0.75149727,0.49985021,-0.81584066,0.29078162,0
2.8728352,-3.4439373,0.21636915,0.49985021,-0.81584066,0.29078162,0
2.6378727,-1.9239713,5.1139259,0.49985021,-0.81584066,0.29078162,0
2.6116273,-2.7769477,-2.2526786,0.86608279,0.47357577,-0.16008317,0
-1.5548023,4.397253,-0.97634792,-0.49985021,0.81584066,-0.29078162,0
-0.65317774,-0.91945624,4.3643808,-0.86608279,-0.47357577,0.16008317,0
-0.4466362,-1.1470882,-4.4736981,0.0071047544,-0.33185852,-0.94330245,0
-1.0382326,5.8483372,2.6469126,-0.49985021,0.81584066,-0.29078162,0
0.23186398,1.5845495,-2.3807786,0.86608279,0.47357577,-0.16008317,0
-0.33511782,-1.0339448,3.3765643,-0.86608279,-0.47357577,0.16008317,0
3.3821285,-3.5850914,-0.94289207,0.49985021,-0.81584066,0.29078162,0
1.8724482,-3.9422212,0.89514971,0.49985021,-0.81584066,0.29078162,0
0.53130674,0.47456717,-5.0211105,0.0071047544,-0.33185852,-0.94330245,0
-0.72095501,-1.4188468,1.3209107,-0.86608279,-0.47357577,0.16008317,0
2.2351561,0.38143432,4.4758081,0.86608279,0.47357577,-0.16008317,0
1.458969,0.40089071,-1.1880455,0.86608279,0.47357577,-0.16008317,0
-0.58535612,4.1464033,-1.0281606,0.86608279,0.47357577,-0.16008317,0
-1.5369592,1.5439124,4.0394173,-0.0071047544,0.33185852,0.94330245,0
1.1684591,-5.0431433,-0.71348906,0.49985021,-0.81584066,0.29078162,0
-1.1906271,-2.0685973,-4.1515412,0.0071047544,-0.33185852,-0.94330245,0
3.0450802,-3.1030886,-2.2261028,0.86608279,0.47357577,-0.16008317,0
-2.1162033,4.8383722,1.9519629,-0.49985021,0.81584066,-0.29078162,0
-2.6557987,4.9734907,2.5833015,-0.49985021,0.81584066,-0.29078162,0
0.65914404,-4.6471081,-1.3930819,-0.86608279,-0.47357577,0.16008317,0
-2.8956122,2.8504322,0.92752314,-0.86608279,-0.47357577,0.16008317,0
-1.9059711,3.5826511,-1.6950424,-0.49985021,0.81584066,-0.29078162,0
-3.5042784,4.3367743,2.550272,-0.49985021,0.81584066,-0.29078162,0
-2.2470713,3.3144543,-2.4569702,-0.49985021,0.81584066,-0.29078162,0
-1.529212,2.8942096,-4.7748213,-0.49985021,0.81584066,-0.29078162,0
2.2891269,-0.045776069,3.8967924,0.86608279,0.47357577,-0.16008317,0
-1.7442961,2.280663,-5.6316681,-0.49985021,0.81584066,-0.29078162,0
3.2192483,-3.2966256,-2.317441,0.86608279,0.47357577,-0.16008317,0
-2.8480229,2.0730536,1.1273041,-0.86608279,-0.47357577,0.16008317,0
-2.2751932,1.3613335,-5.0707088,0.0071047544,-0.33185852,-0.94330245,0
2.5543075,-0.98526287,5.2428946,-0.0071047544,0.33185852,0.94330245,0
-2.9476011,2.6934714,-2.5636771,-0.49985021,0.81584066,-0.29078162,0
1.532845,0.86166418,2.4061716,0.86608279,0.47357577,-0.16008317,0
-2.9662676,0.97718066,-4.2031608,-0.86608279,-0.47357577,0.16008317,0
1.6510363,-2.7881622,4.2900047,0.49985021,-0.81584066,0.29078162,0
-2.0792384,-0.44144055,-2.0255134,-0.86608279,-0.47357577,0.16008317,0
0.25378466,1.2428508,-4.8929014,0.86608279,0.47357577,-0.16008317,0
-3.3907497,3.065124,-0.12501621,-0.86608279,-0.47357577,0.16008317,0
1.3175373,-2.5362272,5.5567808,0.49985021,-0.81584066,0.29078162,0
-1.8456125,-0.36878037,-4.5916462,0.0071047544,-0.33185852,-0.94330245,0
-2.0067406,3.3519936,3.4375978,-0.0071047544,0.33185852,0.94330245,0
3.1552548,-1.8046511,4.8775568,0.49985021,-0.81584066,0.29078162,0
0.19498432,-2.6380458,1.5253935,-0.86608279,-0.47357577,0.16008317,0
-1.1348424,0.74448907,-4.8549457,0.0071047544,-0.33185852,-0.94330245,0
-2.9257395,2.6057873,-2.8605478,-0.49985021,0.81584066,-0.29078162,0
-1.9393818,3.6239154,-1.3828225,-0.49985021,0.81584066,-0.29078162,0
-3.4602695,2.360872,-3.0748537,-0.49985021,0.81584066,-0.29078162,0
1.6430224,-4.9009781,-0.57798386,0.49985021,-0.81584066,0.29078162,0
-1.957878,4.1341572,-0.554111,-0.49985021,0.81584066,-0.29078162,0
-1.8165746,3.9114478,3.5710986,-0.0071047544,0.33185852,0.94330245,0
2.3515561,-2.4800396,-3.7465024,0.0071047544,-0.33185852,-0.94330245,0
1.4772735,-4.02843,1.1977983,0.49985021,-0.81584066,0.29078162,0
0.60310173,-2.0159376,5.5732622,-0.0071047544,0.33185852,0.94330245,0
2.3437319,-4.0383182,0.73280382,0.49985021,-0.81584066,0.29078162,0
-0.4868741,-2.789398,-3.6636403,0.0071047544,-0.33185852,-0.94330245,0
1.5472286,-4.9790363,-0.51688528,0.49985021,-0.81584066,0.29078162,0
-2.1650765,5.1092114,2.6196585,-0.49985021,0.81584066,-0.29078162,0
-0.79360676,1.7701643,4.2628293,-0.0071047544,0.33185852,0.94330245,0
1.7019815,0.9012863,4.3680887,-0.0071047544,0.33185852,0.94330245,0
-1.2702935,2.3726954,4.0203409,-0.0071047544,0.33185852,0.94330245,0
-3.1549721,2.9677353,0.95944691,-0.86608279,-0.47357577,0.16008317,0
-2.6101322,4.1802745,3.4068952,-0.0071047544,0.33185852,0.94330245,0
-3.1265149,4.1920252,2.0475092,-0.49985021,0.81584066,-0.29078162,0
1.3668511,-4.5747285,0.28906727,0.49985021,-0.81584066,0.29078162,0
-1.4220769,5.7280922,2.370266,-0.49985021,0.81584066,-0.29078162,0
-0.21564555,3.3935945,3.7291098,-0.0071047544,0.33185852,0.94330245,0
-2.3433495,3.0695381,-3.0888376,-0.49985021,0.81584066,-0.29078162,0
2.3160505,-4.2080541,0.12133217,0.49985021,-0.81584066,0.29078162,0
2.6119494,-2.320008,4.8720636,0.49985021,-0.81584066,0.29078162,0
-2.9970307,3.8547931,-0.019545555,-0.49985021,0.81584066,-0.29078162,0
-1.967201,5.1312752,2.2202549,-0.49985021,0.81584066,-0.29078162,0
2.9908342,-2.6575484,2.2979164,0.49985021,-0.81584066,0.29078162,0
-0.31000233,-1.5106767,3.4041514,-0.86608279,-0.47357577,0.16008317,0
1.7993076,-4.7107849,-0.58964491,0.49985021,-0.81584066,0.29078162,0
-1.6315351,5.4068384,2.7103958,-0.0071047544,0.33185852,0.94330245,0
-2.526643,4.0955696,3.3574867,-0.0071047544,0.33185852,0.94330245,0
-2.7886403,3.4746761,-1.1803517,-0.49985021,0.81584066,-0.29078162,0
-1.3102521,0.32930839,2.5002522,-0.86608279,-0.47357577,0.16008317,0
0.21408939,-1.4694016,5.4990768,-0.0071047544,0.33185852,0.94330245,0
-3.157732,3.6737432,0.884202,-0.49985021,0.81584066,-0.29078162,0
1.9645557,-2.2639277,-4.1147842,0.0071047544,-0.33185852,-0.94330245,0
1.3200104,-3.6334376,3.1104152,0.49985021,-0.81584066,0.29078162,0
2.7838292,-1.0249208,1.7639694,0.86608279,0.47357577,-0.16008317,0
2.1546075,-4.9157863,-3.0408282,0.0071047544,-0.33185852,-0.94330245,0
1.0478024,1.805619,2.6116505,0.86608279,0.47357577,-0.16008317,0
0.19173193,0.24080372,4.5963507,-0.0071047544,0.33185852,0.94330245,0
-1.9791939,3.2541649,-2.674274,-0.49985021,0.81584066,-0.29078162,0
-3.3397727,2.2978578,-2.3608155,-0.86608279,-0.47357577,0.16008317,0
1.8839955,0.96157229,4.5173473,-0.0071047544,0.33185852,0.94330245,0
-1.3419161,-0.63808382,-4.353981,0.0071047544,-0.33185852,-0.94330245,0
-3.279809,2.2093449,-3.7639396,-0.49985021,0.81584066,-0.29078162,0
3.2849197,-3.6886153,-0.37981987,0.49985021,-0.81584066,0.29078162,0
-1.6938889,4.6233177,0.52311468,-0.49985021,0.81584066,-0.29078162,0
-0.78931713,0.057076931,4.7903228,-0.0071047544,0.33185852,0.94330245,0
1.1119621,-5.5790429,-1.8114986,0.49985021,-0.81584066,0.29078162,0
1.2230339,0.68554145,-0.075844705,0.86608279,0.47357577,-0.16008317,0
-3.0201683,4.3845301,1.890027,-0.49985021,0.81584066,-0.29078162,0
-2.9078357,3.6745973,-0.41002703,-0.49985021,0.81584066,-0.29078162,0
0.69099903,1.5975794,-2.0486631,0.86608279,0.47357577,-0.16008317,0
2.1591659,-4.0500612,0.30361652,0.49985021,-0.81584066,0.29078162,0
1.4309759,-5.1153221,-3.152755,0.0071047544,-0.33185852,-0.94330245,0
0.11671448,-2.4291501,3.4852364,-0.86608279,-0.47357577,0.16008317,0
3.1304803,-4.3400598,-2.6360402,0.49985021,-0.81584066,0.29078162,0
1.3479376,-0.30875695,4.9030151,-0.0071047544,0.33185852,0.94330245,0
-1.6556349,-1.0499353,-2.60833,-0.86608279,-0.47357577,0.16008317,0
-0.79897237,-3.0255418,-3.5036337,0.0071047544,-0.33185852,-0.94330245,0
-0.79674673,-2.7208509,-3.8316107,0.0071047544,-0.33185852,-0.94330245,0
2.8248816,-4.3508286,-1.4137788,0.49985021,-0.81584066,0.29078162,0
-3.3069556,2.0609443,-3.3660722,-0.49985021,0.81584066,-0.29078162,0
0.04210186,-2.1539087,2.0152283,-0.86608279,-0.47357577,0.16008317,0
0.1382575,1.0105541,-4.9260216,0.0071047544,-0.33185852,-0.94330245,0
-0.25951862,2.4542212,-3.9394696,0.86608279,0.47357577,-0.16008317,0
-2.4130633,3.342443,-2.3040986,-0.49985021,0.81584066,-0.29078162,0
-2.5847459,4.8780251,3.1505489,-0.0071047544,0.33185852,0.94330245,0
-0.5168581,-0.33855581,4.6882257,-0.0071047544,0.33185852,0.94330245,0
-0.20030808,-3.7994022,-2.0058906,-0.86608279,-0.47357577,0.16008317,0
-0.4477489,-1.3405198,2.4038906,-0.86608279,-0.47357577,0.16008317,0
-0.74775624,-1.6870764,-0.34801221,-0.86608279,-0.47357577,0.16008317,0
2.7775781,-3.1344922,1.3867121,0.49985021,-0.81584066,0.29078162,0
-2.9852657,0.94227338,-5.1008573,0.0071047544,-0.33185852,-0.94330245,0
2.4521449,-2.3809578,4.236702,0.49985021,-0.81584066,0.29078162,0
0.50494909,1.3636025,4.3521895,-0.0071047544,0.33185852,0.94330245,0
1.0645163,0.12653518,-4.0909491,0.86608279,0.47357577,-0.16008317,0
-2.0176959,4.0717616,3.1838489,-0.0071047544,0.33185852,0.94330245,0
-0.33040357,-3.5294929,-3.0674112,-0.86608279,-0.47357577,0.16008317,0
-2.7229965,3.3478932,-1.5945587,-0.49985021,0.81584066,-0.29078162,0
-0.2213707,-1.2894418,4.2498131,-0.86608279,-0.47357577,0.16008317,0
0.99791121,-5.0248737,-3.1726742,0.0071047544,-0.33185852,-0.94330245,0
1.8212333,-3.5957305,2.8232346,0.49985021,-0.81584066,0.29078162,0
-3.1891606,4.4718113,2.2789469,-0.49985021,0.81584066,-0.29078162,0
0.80885887,-1.0760386,5.1903725,-0.0071047544,0.33185852,0.94330245,0
2.8425813,-4.3717399,-1.3269496,0.49985021,-0.81584066,0.29078162,0
-1.2625852,0.28849292,4.4855018,-0.86608279,-0.47357577,0.16008317,0
0.82188296,-2.4559369,-3.8201523,0.0071047544,-0.33185852,-0.94330245,0
1.0254052,-4.4673424,0.54631281,0.49985021,-0.81584066,0.29078162,0
2.1851671,-1.1040103,0.28811121,0.86608279,0.47357577,-0.16008317,0
-2.6899557,1.0855457,-2.5778091,-0.86608279,-0.47357577,0.16008317,0
0.14827418,-3.2833052,-3.4213836,0.0071047544,-0.33185852,-0.94330245,0
-0.32488489,2.4382608,-4.687047,0.86608279,0.47357577,-0.16008317,0
1.234539,-4.0745277,2.191921,0.49985021,-0.81584066,0.29078162,0
-1.4465208,2.9673312,-5.128861,-0.49985021,0.81584066,-0.29078162,0
1.4105668,-1.3416059,5.0552735,-0.0071047544,0.33185852,0.94330245,0
0.91223472,-5.2366662,-1.1119299,0.49985021,-0.81584066,0.29078162,0
-2.8537121,2.955308,1.892767,-0.86608279,-0.47357577,0.16008317,0
-0.13126993,-3.8704538,-3.3036642,0.0071047544,-0.33185852,-0.94330245,0
2.8985229,-2.7003527,2.7224412,0.49985021,-0.81584066,0.29078162,0
1.0103457,-4.4614401,0.92719889,0.49985021,-0.81584066,0.29078162,0
-1.1523473,5.0461874,1.3062072,-0.49985021,0.81584066,-0.29078162,0
-1.451775,4.2413311,-1.2669926,-0.49985021,0.81584066,-0.29078162,0
0.73031759,0.75564551,-4.0877156,0.86608279,0.47357577,-0.16008317,0
0.0965271,0.97404408,-5.0071421,0.0071047544,-0.33185852,-0.94330245,0
1.735589,-0.45857048,-0.61688948,0.86608279,0.47357577,-0.16008317,0
2.6767275,-2.5544906,4.2256212,0.49985021,-0.81584066,0.29078162,0
-1.9587653,-1.1562637,-4.2090893,0.0071047544,-0.33185852,-0.94330245,0
-2.8646877,2.3937824,-3.2718689,-0.49985021,0.81584066,-0.29078162,0
3.3582692,-3.0634277,0.56196928,0.86608279,0.47357577,-0.16008317,0
0.35291266,-2.8887708,1.5023425,-0.86608279,-0.47357577,0.16008317,0
-0.033072472,-0.74540138,5.1459913,-0.0071047544,0.33185852,0.94330245,0
-0.18386054,2.1875401,-3.0419731,0.86608279,0.47357577,-0.16008317,0
-0.71263266,-0.74752402,2.2801337,-0.86608279,-0.47357577,0.16008317,0
0.095007181,-3.5865068,-3.2998829,0.0071047544,-0.33185852,-0.94330245,0
0.8685928,-5.2972708,-1.567574,0.49985021,-0.81584066,0.29078162,0
1.2875876,-4.0663743,2.0954213,0.49985021,-0.81584066,0.29078162,0
-1.0141406,-1.1777511,-4.4887648,0.0071047544,-0.33185852,-0.94330245,0
1.5558193,0.010542274,-0.50011027,0.86608279,0.47357577,-0.16008317,0
-2.2748988,3.235909,-2.7664196,-0.49985021,0.81584066,-0.29078162,0
-1.1639624,2.7802546,-5.3415074,-0.49985021,0.81584066,-0.29078162,0
-1.8715518,3.5072551,3.4972553,-0.0071047544,0.33185852,0.94330245,0
-0.1738534,0.09091711,4.672801,-0.0071047544,0.33185852,0.94330245,0
2.3756523,-2.6382356,3.4074016,0.49985021,-0.81584066,0.29078162,0
2.6245747,-2.5258708,-3.5882843,0.86608279,0.47357577,-0.16008317,0
2.5004115,-4.4368091,-1.3693414,0.49985021,-0.81584066,0.29078162,0
3.0109415,-2.4118123,3.2644997,0.49985021,-0.81584066,0.29078162,0
-3.2467537,3.7193723,3.2437034,-0.86608279,-0.47357577,0.16008317,0
1.6664801,-1.439909,5.2050667,-0.0071047544,0.33185852,0.94330245,0
0.23880005,2.6561639,3.8222086,-0.0071047544,0.33185852,0.94330245,0
2.6545007,-4.1081023,-0.10044193,0.49985021,-0.81584066,0.29078162,0
-0.42751431,3.3070781,-1.816462,0.86608279,0.47357577,-0.16008317,0
3.0463996,-1.9560518,2.0935063,0.86608279,0.47357577,-0.16008317,0
-0.57618427,1.4932039,-5.4695988,0.0071047544,-0.33185852,-0.94330245,0
-1.665228,-0.062024295,-0.79426873,-0.86608279,-0.47357577,0.16008317,0
2.5791287,-0.52305114,4.9377923,-0.0071047544,0.33185852,0.94330245,0
-2.8637605,2.5281987,0.81806707,-0.86608279,-0.47357577,0.16008317,0
-3.5051968,2.4295139,-1.3761854,-0.86608279,-0.47357577,0.16008317,0
1.0876901,-5.6162338,-1.8341827,0.49985021,-0.81584066,0.29078162,0
-0.13050771,3.3557568,3.4894438,-0.0071047544,0.33185852,0.94330245,0
2.0131612,-2.4390631,4.5020933,0.49985021,-0.81584066,0.29078162,0
-2.1390059,1.5096027,2.7889416,-0.86608279,-0.47357577,0.16008317,0
2.9898133,-2.0028112,4.1456227,0.49985021,-0.81584066,0.29078162,0
-0.91645706,4.3388886,-1.287159,-0.49985021,0.81584066,-0.29078162,0
1.1099422,-5.6646843,-2.9663363,0.0071047544,-0.33185852,-0.94330245,0
0.78298926,-4.1400232,0.86729264,-0.86608279,-0.47357577,0.16008317,0
1.6468408,-4.4042506,0.28215742,0.49985021,-0.81584066,0.29078162,0
1.3118274,-2.0809362,-3.8285618,0.0071047544,-0.33185852,-0.94330245,0
0.72114611,0.90535605,4.6204338,-0.0071047544,0.33185852,0.94330245,0
-1.3186616,5.5282688,2.5996594,-0.49985021,0.81584066,-0.29078162,0
-1.5382692,4.4602413,-0.22857046,-0.49985021,0.81584066,-0.29078162,0
-0.39698362,1.2434013,-5.0382619,0.0071047544,-0.33185852,-0.94330245,0
-2.5123,4.5028582,0.79510593,-0.49985021,0.81584066,-0.29078162,0
2.4950628,-3.2927904,2.3136044,0.49985021,-0.81584066,0.29078162,0
-2.8567615,3.4054484,-0.6796236,-0.49985021,0.81584066,-0.29078162,0
-3.2876637,3.5688934,2.7832909,-0.86608279,-0.47357577,0.16008317,0
1.4835498,1.9818469,3.6622169,0.86608279,0.47357577,-0.16008317,0
