-2.8876758,1.1267009,2.0804784,-0.32902706,0.57683438,0.74766535,0
-0.62606406,1.87937,2.1562681,-0.32902706,0.57683438,0.74766535,0
0.80888891,3.7737303,1.3654313,-0.32902706,0.57683438,0.74766535,0
0.68491602,-3.2860076,1.0941334,-0.42272288,-0.79796088,0.42960912,0
2.9015326,1.0846202,-0.75990951,0.84442097,-0.17470229,0.50639176,0
2.7620234,-0.10126901,-0.4570699,0.84442097,-0.17470229,0.50639176,0
-1.0928123,-3.4846673,-0.48076248,-0.42272288,-0.79796088,0.42960912,0
2.456238,0.19434464,-0.24041012,0.84442097,-0.17470229,0.50639176,0
1.2443807,-2.1794398,-1.9583019,0.32902706,-0.57683438,-0.74766535,0
-1.9132028,-1.7020626,2.0162389,-0.42272288,-0.79796088,0.42960912,0
-1.8043694,3.3095822,0.7267158,-0.32902706,0.57683438,0.74766535,0
-0.20389676,-3.4902639,-1.4140341,0.32902706,-0.57683438,-0.74766535,0
3.8053174,0.062692404,-2.3114738,0.32902706,-0.57683438,-0.74766535,0
-2.5561194,-2.5831549,-0.58471286,-0.84442097,0.17470229,-0.50639176,0
0.35756278,-1.7089076,-2.7406397,0.32902706,-0.57683438,-0.74766535,0
-1.5374917,-2.0808325,1.6496649,-0.42272288,-0.79796088,0.42960912,0
0.50029802,1.2867675,-4.3465481,0.42272288,0.79796088,-0.42960912,0
-0.70687228,1.7758157,-1.8413354,-0.84442097,0.17470229,-0.50639176,0
-2.7494729,0.98400539,1.2415129,-0.84442097,0.17470229,-0.50639176,0
-1.8122765,-1.8047322,2.0985556,-0.42272288,-0.79796088,0.42960912,0
-0.66087776,1.3254538,-2.4668741,-0.84442097,0.17470229,-0.50639176,0
-3.0613751,-0.41766298,1.3091629,-0.84442097,0.17470229,-0.50639176,0
1.5487552,-3.7692668,-0.20682311,0.32902706,-0.57683438,-0.74766535,0
2.8695605,1.2211614,-1.709461,0.42272288,0.79796088,-0.42960912,0
-1.3216438,4.2330136,-0.38203526,-0.84442097,0.17470229,-0.50639176,0
-0.37650609,-0.4879396,4.1059303,0.84442097,-0.17470229,0.50639176,0
1.7994852,-1.7977577,-1.667926,0.32902706,-0.57683438,-0.74766535,0
1.5121653,1.0151627,1.683671,0.84442097,-0.17470229,0.50639176,0
2.1558266,0.56831932,0.36488727,0.84442097,-0.17470229,0.50639176,0
1.357363,3.3868816,0.20314956,0.42272288,0.79796088,-0.42960912,0
3.3216937,0.2250309,-2.9013028,0.32902706,-0.57683438,-0.74766535,0
0.15356016,-3.7752261,-1.1036448,0.32902706,-0.57683438,-0.74766535,0
-1.4806006,-1.691422,2.8417273,-0.42272288,-0.79796088,0.42960912,0
-1.165779,-0.38353109,-1.9617825,-0.84442097,0.17470229,-0.50639176,0
-0.081232548,-2.3812692,2.5709095,-0.42272288,-0.79796088,0.42960912,0
-2.2994165,2.2013431,1.2786975,-0.32902706,0.57683438,0.74766535,0
-1.9180033,3.303901,0.54741621,-0.32902706,0.57683438,0.74766535,0
-0.73714602,1.3531448,-2.6187422,-0.84442097,0.17470229,-0.50639176,0
-0.40391731,-3.8579526,-0.83299756,-0.42272288,-0.79796088,0.42960912,0
-2.8955297,1.2750142,1.6305157,-0.32902706,0.57683438,0.74766535,0
-1.4126749,-2.8766925,-2.5526659,-0.84442097,0.17470229,-0.50639176,0
-2.4189129,0.39493906,0.52677053,-0.84442097,0.17470229,-0.50639176,0
0.89369631,-4.1338763,0.6465137,-0.42272288,-0.79796088,0.42960912,0
-0.74471843,-0.6678133,4.4513268,-0.32902706,0.57683438,0.74766535,0
-0.41238433,0.36735606,-3.1075311,-0.84442097,0.17470229,-0.50639176,0
1.8610535,-2.7086809,0.024582148,0.84442097,-0.17470229,0.50639176,0
-1.8038428,-1.0672503,3.1596227,-0.42272288,-0.79796088,0.42960912,0
-1.6830717,2.0547612,-0.75778234,-0.84442097,0.17470229,-0.50639176,0
-1.973891,-0.8780992,-0.84634727,-0.84442097,0.17470229,-0.50639176,0
-0.27631521,-3.658145,-0.50981092,-0.42272288,-0.79796088,0.42960912,0
-2.061156,-0.31226072,3.1127181,-0.32902706,0.57683438,0.74766535,0
2.2838333,-2.7685177,-1.0133848,0.32902706,-0.57683438,-0.74766535,0
-0.57863998,0.33356929,3.5155101,-0.32902706,0.57683438,0.74766535,0
2.4854198,-1.6012268,-1.8716662,0.32902706,-0.57683438,-0.74766535,0
-3.9476831,-0.31427562,2.5058172,-0.84442097,0.17470229,-0.50639176,0
0.34572101,3.2219541,1.9400837,-0.32902706,0.57683438,0.74766535,0
3.4768481,0.74117827,-1.5185337,0.84442097,-0.17470229,0.50639176,0
-0.70308399,-3.2906063,0.015919447,-0.42272288,-0.79796088,0.42960912,0
-0.19855714,2.7280092,-1.6680453,0.42272288,0.79796088,-0.42960912,0
0.42513543,1.5163264,-3.7645192,0.42272288,0.79796088,-0.42960912,0
-1.0773401,4.2703214,0.1252749,0.42272288,0.79796088,-0.42960912,0
1.2261808,-2.1511052,-1.9360303,0.32902706,-0.57683438,-0.74766535,0
-2.9320941,-1.4835862,0.5835253,-0.84442097,0.17470229,-0.50639176,0
-0.35659289,0.63498259,3.3826582,-0.32902706,0.57683438,0.74766535,0
-1.197644,-2.7860997,-2.363945,0.32902706,-0.57683438,-0.74766535,0
0.38875258,0.23181248,3.5433321,0.84442097,-0.17470229,0.50639176,0
-2.2628179,-1.7213864,1.1518888,-0.42272288,-0.79796088,0.42960912,0
2.1556273,-0.32537389,0.32128811,0.84442097,-0.17470229,0.50639176,0
-0.79289645,-0.75169551,4.2762465,-0.32902706,0.57683438,0.74766535,0
-0.91601729,-3.2656724,-0.35070157,-0.42272288,-0.79796088,0.42960912,0
-1.6004981,2.6963542,-0.50847697,-0.84442097,0.17470229,-0.50639176,0
-0.093415976,3.8071561,-0.066610575,0.42272288,0.79796088,-0.42960912,0
-0.8621099,4.012989,0.27598119,-0.32902706,0.57683438,0.74766535,0
-1.0994294,1.3860722,2.6765652,-0.32902706,0.57683438,0.74766535,0
-2.1861777,0.6077261,2.3699398,-0.32902706,0.57683438,0.74766535,0
-2.4141428,-1.4724619,1.9383616,-0.42272288,-0.79796088,0.42960912,0
-1.2074875,-2.2796915,-2.725755,0.32902706,-0.57683438,-0.74766535,0
0.042454958,4.1157179,0.36858249,0.42272288,0.79796088,-0.42960912,0
0.89534831,3.6064761,0.67443991,0.42272288,0.79796088,-0.42960912,0
-2.1906209,-2.3169739,-1.0118108,-0.84442097,0.17470229,-0.50639176,0
1.0253289,-2.4402988,-1.4598337,0.32902706,-0.57683438,-0.74766535,0
1.6932271,0.98655802,-3.0805161,0.42272288,0.79796088,-0.42960912,0
-0.45177287,-1.4312714,4.3413973,-0.42272288,-0.79796088,0.42960912,0
1.810967,-0.037589431,-3.3707757,0.32902706,-0.57683438,-0.74766535,0
-0.79940772,2.2670119,-2.0183387,-0.84442097,0.17470229,-0.50639176,0
0.0089248419,-0.35662532,-3.648798,0.32902706,-0.57683438,-0.74766535,0
3.3021948,0.56229728,-2.8506923,0.32902706,-0.57683438,-0.74766535,0
2.5769506,-1.3127791,-1.6722134,0.32902706,-0.57683438,-0.74766535,0
1.6727648,3.6091509,1.1880261,0.42272288,0.79796088,-0.42960912,0
-2.5260339,-0.67027485,0.19813979,-0.84442097,0.17470229,-0.50639176,0
-0.8870976,2.2676644,-1.4957882,-0.84442097,0.17470229,-0.50639176,0
2.7101214,0.98416638,-0.021263778,0.84442097,-0.17470229,0.50639176,0
-0.26326394,0.21053672,-3.7769799,-0.84442097,0.17470229,-0.50639176,0
-1.6071951,2.5428138,-0.40623546,-0.84442097,0.17470229,-0.50639176,0
-0.26444221,-2.0256352,-2.7364423,0.32902706,-0.57683438,-0.74766535,0
1.5707557,2.8344183,-0.21002793,0.42272288,0.79796088,-0.42960912,0
-3.7484233,-0.50808311,2.4586041,-0.84442097,0.17470229,-0.50639176,0
-2.9944417,0.82803577,1.4484017,-0.84442097,0.17470229,-0.50639176,0
-2.0445247,-0.51815569,3.4367349,-0.32902706,0.57683438,0.74766535,0
0.84041363,0.083808422,2.2445002,0.84442097,-0.17470229,0.50639176,0
-1.7547804,-2.8524079,-2.3759098,-0.84442097,0.17470229,-0.50639176,0
2.5470657,1.8532611,-0.035858631,0.84442097,-0.17470229,0.50639176,0
1.6918726,3.4741445,2.1111028,0.84442097,-0.17470229,0.50639176,0
-1.0074589,1.2541221,-2.0378492,-0.84442097,0.17470229,-0.50639176,0
-1.2112719,-1.2602646,3.7752488,-0.42272288,-0.79796088,0.42960912,0
-0.25673056,-3.317656,-1.5713416,0.32902706,-0.57683438,-0.74766535,0
-1.2209423,-3.3084731,-0.53597593,-0.42272288,-0.79796088,0.42960912,0
1.4661689,-0.8926096,-2.7207007,0.32902706,-0.57683438,-0.74766535,0
-1.8680835,3.7781055,0.17112541,-0.84442097,0.17470229,-0.50639176,0
-0.68031204,-2.9823437,0.37956572,-0.42272288,-0.79796088,0.42960912,0
-0.70592666,2.1080956,2.0785675,-0.32902706,0.57683438,0.74766535,0
1.8208168,0.056830645,-3.3316586,0.32902706,-0.57683438,-0.74766535,0
1.6136324,-0.81714571,-2.551867,0.32902706,-0.57683438,-0.74766535,0
-0.77466118,1.8547838,-1.6277623,-0.84442097,0.17470229,-0.50639176,0
-1.1526487,4.1934562,0.074971914,-0.32902706,0.57683438,0.74766535,0
1.4649997,-0.71616596,-2.7472479,0.32902706,-0.57683438,-0.74766535,0
1.8554686,2.4449828,-0.2799716,0.42272288,0.79796088,-0.42960912,0
2.7401097,-1.9036771,-1.4653543,0.84442097,-0.17470229,0.50639176,0
1.8712419,3.3951344,1.6446344,0.84442097,-0.17470229,0.50639176,0
-0.37387311,2.7964666,-1.7170854,0.42272288,0.79796088,-0.42960912,0
-1.9058849,1.7751946,1.6266651,-0.32902706,0.57683438,0.74766535,0
-3.4572859,-1.0504471,1.0676163,-0.84442097,0.17470229,-0.50639176,0
0.54474425,-3.0304811,1.6134918,-0.42272288,-0.79796088,0.42960912,0
-0.70056963,0.5100112,-2.9182417,-0.84442097,0.17470229,-0.50639176,0
1.6429019,-2.2549229,0.40970862,0.84442097,-0.17470229,0.50639176,0
3.3885758,-0.95085585,-1.7713548,0.84442097,-0.17470229,0.50639176,0
1.7366803,3.6437407,2.2185791,-0.32902706,0.57683438,0.74766535,0
-0.82881486,0.45512867,3.0689218,-0.32902706,0.57683438,0.74766535,0
0.37373772,2.0127697,-3.1753983,0.42272288,0.79796088,-0.42960912,0
0.77749133,-2.9072883,1.7837112,0.84442097,-0.17470229,0.50639176,0
-0.1055603,1.9544796,2.323595,-0.32902706,0.57683438,0.74766535,0
1.3124688,-0.12742603,-3.4219544,0.32902706,-0.57683438,-0.74766535,0
-0.81906259,-2.1328359,2.3278472,-0.42272288,-0.79796088,0.42960912,0
0.69327509,2.4913871,-1.2220607,0.42272288,0.79796088,-0.42960912,0
1.5540631,2.2661426,-1.4733769,0.42272288,0.79796088,-0.42960912,0
-1.8336315,-0.54612619,3.4179816,-0.32902706,0.57683438,0.74766535,0
2.3169794,0.76324534,-2.8424487,0.42272288,0.79796088,-0.42960912,0
0.44841599,3.1055064,-0.639256,0.42272288,0.79796088,-0.42960912,0
-0.49116731,1.9700983,-2.4546518,-0.84442097,0.17470229,-0.50639176,0
1.2463942,-1.794457,-2.1915231,0.32902706,-0.57683438,-0.74766535,0
-1.4992633,3.4949541,0.097215652,-0.84442097,0.17470229,-0.50639176,0
1.0295925,1.3662233,2.6509209,0.84442097,-0.17470229,0.50639176,0
-1.338733,-3.2763369,-0.77737379,-0.42272288,-0.79796088,0.42960912,0
-0.22263467,0.39379454,3.4600017,-0.32902706,0.57683438,0.74766535,0
-2.999052,0.77101791,2.2698507,-0.32902706,0.57683438,0.74766535,0
1.6032386,1.4990096,-2.7758803,0.42272288,0.79796088,-0.42960912,0
2.6082349,-1.316875,-0.78093398,0.84442097,-0.17470229,0.50639176,0
-1.0589857,-1.8665836,2.7063556,-0.42272288,-0.79796088,0.42960912,0
0.86347085,0.55851984,2.9978933,0.84442097,-0.17470229,0.50639176,0
-0.54429412,-2.7974901,1.1896496,-0.42272288,-0.79796088,0.42960912,0
2.3379188,1.0014,0.29615662,0.84442097,-0.17470229,0.50639176,0
-0.71981502,0.48609352,3.3586879,-0.32902706,0.57683438,0.74766535,0
0.007537365,-2.2199531,-2.5568776,0.32902706,-0.57683438,-0.74766535,0
2.622915,1.2306695,-0.034293234,0.84442097,-0.17470229,0.50639176,0
1.6736184,2.0957279,-1.6346655,0.42272288,0.79796088,-0.42960912,0
0.25137091,-3.4046321,0.5814569,-0.42272288,-0.79796088,0.42960912,0
-1.8375368,-0.24322522,3.2586915,-0.32902706,0.57683438,0.74766535,0
0.53092223,-0.23433256,2.7329912,0.84442097,-0.17470229,0.50639176,0
0.15986335,0.94474125,3.1601086,-0.32902706,0.57683438,0.74766535,0
1.0928624,3.8183413,0.88868427,0.42272288,0.79796088,-0.42960912,0
-2.8468614,-1.9250456,0.23031819,-0.84442097,0.17470229,-0.50639176,0
-1.7675052,-0.61261576,3.6914725,-0.32902706,0.57683438,0.74766535,0
-0.32509053,2.9000018,-2.1518891,0.42272288,0.79796088,-0.42960912,0
1.4018271,3.0705311,2.3303833,-0.32902706,0.57683438,0.74766535,0
-0.600878,1.952214,2.4495609,-0.32902706,0.57683438,0.74766535,0
-1.432845,-0.6673677,-2.0040636,-0.84442097,0.17470229,-0.50639176,0
0.56437588,-3.7989867,0.20591712,-0.42272288,-0.79796088,0.42960912,0
-2.6105404,-0.0024077892,0.026093766,-0.84442097,0.17470229,-0.50639176,0
-2.0335073,-1.7903154,-1.4575503,-0.84442097,0.17470229,-0.50639176,0
0.60839993,2.2697022,-2.396379,0.42272288,0.79796088,-0.42960912,0
3.8744605,0.38319695,-2.6204693,0.32902706,-0.57683438,-0.74766535,0
-1.6147802,-3.8108017,-1.6991785,-0.42272288,-0.79796088,0.42960912,0
-0.73080337,-1.672899,3.4862783,-0.42272288,-0.79796088,0.42960912,0
-1.7917266,-0.74350142,-1.0953144,-0.84442097,0.17470229,-0.50639176,0
1.4664664,1.8550117,2.5147357,0.84442097,-0.17470229,0.50639176,0
-1.9625846,-3.4220903,-1.4765354,-0.42272288,-0.79796088,0.42960912,0
1.5653614,1.5397465,2.0547068,0.84442097,-0.17470229,0.50639176,0
-0.078715563,3.206846,1.3946121,-0.32902706,0.57683438,0.74766535,0
-2.7051771,1.3490536,0.77031952,-0.84442097,0.17470229,-0.50639176,0
-1.3542609,-3.0740027,-0.26635408,-0.42272288,-0.79796088,0.42960912,0
2.6687639,0.57126427,-0.16489485,0.84442097,-0.17470229,0.50639176,0
3.3168542,0.59142619,-2.5259883,0.42272288,0.79796088,-0.42960912,0
-3.1841614,-1.2782866,1.9169823,-0.42272288,-0.79796088,0.42960912,0
2.0490055,0.1000886,-3.2829752,0.32902706,-0.57683438,-0.74766535,0
0.16383857,2.2070575,-2.6045835,0.42272288,0.79796088,-0.42960912,0
1.1256367,-0.58796191,-3.1784391,0.32902706,-0.57683438,-0.74766535,0
0.086524606,-2.555156,2.0882726,-0.42272288,-0.79796088,0.42960912,0
-1.0857463,-2.6541266,0.9085511,-0.42272288,-0.79796088,0.42960912,0
1.1460288,-3.2766864,0.88844371,0.84442097,-0.17470229,0.50639176,0
-2.3042448,-1.7205074,1.2323478,-0.42272288,-0.79796088,0.42960912,0
-0.24331176,-1.490413,-2.8472333,0.32902706,-0.57683438,-0.74766535,0
-0.84080517,-1.5144284,3.1986341,-0.42272288,-0.79796088,0.42960912,0
-3.0228279,-1.1489955,0.54014605,-0.84442097,0.17470229,-0.50639176,0
0.12762451,-1.0764097,-2.9331083,0.32902706,-0.57683438,-0.74766535,0
-2.0162873,-2.795357,0.16422534,-0.42272288,-0.79796088,0.42960912,0
0.57899749,0.83476686,-4.4994016,0.32902706,-0.57683438,-0.74766535,0
-2.6863008,-2.1653805,0.372756,-0.42272288,-0.79796088,0.42960912,0
-0.62230587,-0.35434198,4.2751307,-0.32902706,0.57683438,0.74766535,0
-0.8238132,-3.8066773,-0.69880056,-0.42272288,-0.79796088,0.42960912,0
-0.53812194,0.23953152,-2.7488647,-0.84442097,0.17470229,-0.50639176,0
-0.53190446,-0.4652369,-3.1291096,-0.84442097,0.17470229,-0.50639176,0
-2.2463694,-2.6421227,0.091722488,-0.42272288,-0.79796088,0.42960912,0
1.2516884,-0.87062025,1.5413938,0.84442097,-0.17470229,0.50639176,0
-0.39762473,4.1361523,0.19788146,0.42272288,0.79796088,-0.42960912,0
-1.6162715,-3.8646793,-1.344004,-0.42272288,-0.79796088,0.42960912,0
-0.092629597,-1.1948837,3.4515643,0.84442097,-0.17470229,0.50639176,0
1.6661994,2.9655402,1.8095173,0.84442097,-0.17470229,0.50639176,0
2.8833084,2.1409969,-0.24881876,0.42272288,0.79796088,-0.42960912,0
1.4578013,2.0751035,-1.6096907,0.42272288,0.79796088,-0.42960912,0
1.3491802,2.5160007,-0.80310655,0.42272288,0.79796088,-0.42960912,0
-3.407095,0.56173027,2.1784916,-0.84442097,0.17470229,-0.50639176,0
-0.43922877,3.7120032,0.78943062,-0.32902706,0.57683438,0.74766535,0
-1.9917748,1.1943171,2.3614109,-0.32902706,0.57683438,0.74766535,0
0.73999071,3.2334208,2.0369987,-0.32902706,0.57683438,0.74766535,0
2.4899163,0.61834002,0.27374291,0.84442097,-0.17470229,0.50639176,0
-0.00058370829,-0.52580357,3.5672245,0.84442097,-0.17470229,0.50639176,0
-1.984599,-3.2728114,-1.575563,-0.84442097,0.17470229,-0.50639176,0
-3.1933243,-0.65398568,2.7191827,-0.42272288,-0.79796088,0.42960912,0
0.44936728,1.9716789,2.6874068,-0.32902706,0.57683438,0.74766535,0
-1.0330675,-0.011178255,-2.5788624,-0.84442097,0.17470229,-0.50639176,0
-0.016898394,-0.53821921,-3.4235356,0.32902706,-0.57683438,-0.74766535,0
0.10402322,1.5321594,2.7507954,-0.32902706,0.57683438,0.74766535,0
3.1848247,-0.8372457,-1.4914365,0.84442097,-0.17470229,0.50639176,0
-0.25018108,-1.1490309,-3.4056878,0.32902706,-0.57683438,-0.74766535,0
-1.5349571,-3.2767246,-0.8133105,-0.42272288,-0.79796088,0.42960912,0
-0.57994753,0.33019853,-2.5476816,-0.84442097,0.17470229,-0.50639176,0
0.37721515,-4.3801179,-0.57819915,0.32902706,-0.57683438,-0.74766535,0
-1.3656301,-0.93081659,3.813736,-0.42272288,-0.79796088,0.42960912,0
0.48705578,-1.1613504,-2.7394524,0.32902706,-0.57683438,-0.74766535,0
1.5911634,-3.339292,0.45987177,0.84442097,-0.17470229,0.50639176,0
-1.0003951,3.4558291,-0.8117516,-0.84442097,0.17470229,-0.50639176,0
-2.7153831,1.3110898,1.2389169,-0.84442097,0.17470229,-0.50639176,0
2.8580198,0.079689562,-2.6518974,0.32902706,-0.57683438,-0.74766535,0
0.15918517,2.2686615,2.5756593,-0.32902706,0.57683438,0.74766535,0
-0.27825403,2.3626192,1.8298552,-0.32902706,0.57683438,0.74766535,0
1.3823659,-1.5176556,-2.0979548,0.32902706,-0.57683438,-0.74766535,0
-0.53416038,-0.24237227,-3.0810521,-0.84442097,0.17470229,-0.50639176,0
-0.24680775,-0.5530355,3.9870658,0.84442097,-0.17470229,0.50639176,0
-0.91914076,-1.00595,-2.4463062,-0.84442097,0.17470229,-0.50639176,0
1.9300683,3.7490635,2.0804858,-0.32902706,0.57683438,0.74766535,0
-3.3904366,-0.6414386,2.2106204,-0.42272288,-0.79796088,0.42960912,0
-0.036534667,2.3869176,-2.4256449,0.42272288,0.79796088,-0.42960912,0
-2.4199572,0.84691042,2.1897275,-0.32902706,0.57683438,0.74766535,0
0.333406,-1.4624641,3.0630789,0.84442097,-0.17470229,0.50639176,0
-1.8566025,-1.4306836,-0.98995447,-0.84442097,0.17470229,-0.50639176,0
2.2210364,2.4127634,-0.6301018,0.42272288,0.79796088,-0.42960912,0
-0.33631086,0.59266639,3.4613719,-0.32902706,0.57683438,0.74766535,0
1.7311461,0.749825,0.98502922,0.84442097,-0.17470229,0.50639176,0
0.33124983,-3.0510218,1.7693696,-0.42272288,-0.79796088,0.42960912,0
-0.21784353,4.1276765,0.23547554,0.42272288,0.79796088,-0.42960912,0
-2.1517718,-0.90661287,-0.59441304,-0.84442097,0.17470229,-0.50639176,0
0.60676599,1.2386644,-3.9629011,0.42272288,0.79796088,-0.42960912,0
-0.60437429,3.2150927,-1.9928827,0.42272288,0.79796088,-0.42960912,0
0.45614803,0.57868361,3.5700698,0.84442097,-0.17470229,0.50639176,0
1.3873981,1.2644567,2.0149436,0.84442097,-0.17470229,0.50639176,0
-1.7552514,1.4095297,-0.18224311,-0.84442097,0.17470229,-0.50639176,0
0.71571803,-4.085887,-0.68650627,0.32902706,-0.57683438,-0.74766535,0
2.1193178,-2.8022718,-0.86758673,0.32902706,-0.57683438,-0.74766535,0
-0.050397635,-2.4832201,2.4019575,-0.42272288,-0.79796088,0.42960912,0
0.18463498,-0.2698307,3.5475974,0.84442097,-0.17470229,0.50639176,0
0.67167377,3.6064844,0.34629488,0.42272288,0.79796088,-0.42960912,0
-1.6877022,2.5716319,-0.62341237,-0.84442097,0.17470229,-0.50639176,0
0.92711067,-1.3015273,-2.3659389,0.32902706,-0.57683438,-0.74766535,0
-2.8189909,-0.56723702,0.53141296,-0.84442097,0.17470229,-0.50639176,0
1.5333843,-3.4104085,-0.51002002,0.32902706,-0.57683438,-0.74766535,0
-1.8264921,0.93930185,-0.57826328,-0.84442097,0.17470229,-0.50639176,0
0.25291729,2.3600075,2.2640843,-0.32902706,0.57683438,0.74766535,0
-0.53479958,-2.977356,-1.9775686,0.32902706,-0.57683438,-0.74766535,0
-0.13351545,-1.829011,3.3591352,-0.42272288,-0.79796088,0.42960912,0
-1.1650612,2.7776089,1.4916445,-0.32902706,0.57683438,0.74766535,0
2.4823589,-1.051568,-1.8724365,0.32902706,-0.57683438,-0.74766535,0
0.44011784,4.0459442,0.84631634,0.42272288,0.79796088,-0.42960912,0
2.0451808,1.4056075,-1.8951478,0.42272288,0.79796088,-0.42960912,0
1.7583743,2.2951882,2.0640903,0.84442097,-0.17470229,0.50639176,0
1.074824,3.3003075,-0.25213623,0.42272288,0.79796088,-0.42960912,0
-1.481282,-2.8648174,-2.2481828,0.32902706,-0.57683438,-0.74766535,0
1.2374641,0.3790381,2.2042189,0.84442097,-0.17470229,0.50639176,0
-1.6555457,0.14146346,3.192173,-0.32902706,0.57683438,0.74766535,0
1.5575713,-0.40132475,-3.1263642,0.32902706,-0.57683438,-0.74766535,0
-2.1106119,2.2971091,-0.017887592,-0.84442097,0.17470229,-0.50639176,0
-0.66106963,-0.16315341,3.9474118,-0.32902706,0.57683438,0.74766535,0
0.83638191,2.7865055,2.3006475,-0.32902706,0.57683438,0.74766535,0
0.75975776,3.5896766,0.69932032,0.42272288,0.79796088,-0.42960912,0
0.226735,-0.28733635,-3.8116508,0.32902706,-0.57683438,-0.74766535,0
3.2363734,1.6710962,-1.1440523,0.42272288,0.79796088,-0.42960912,0
-1.1767364,-0.2047745,3.4818058,-0.32902706,0.57683438,0.74766535,0
-0.60739827,0.80500138,3.3408437,-0.32902706,0.57683438,0.74766535,0
-0.39394304,1.7330146,-3.0507333,-0.84442097,0.17470229,-0.50639176,0
-1.4729452,0.70724881,2.7125554,-0.32902706,0.57683438,0.74766535,0
1.6145597,2.9791069,2.0208228,0.84442097,-0.17470229,0.50639176,0
2.1110513,3.3061135,1.6394533,0.42272288,0.79796088,-0.42960912,0
2.6159482,1.1589065,-1.893038,0.42272288,0.79796088,-0.42960912,0
2.4443171,0.69034934,-3.1845672,0.42272288,0.79796088,-0.42960912,0
0.60278833,0.33016229,-3.8367283,0.32902706,-0.57683438,-0.74766535,0
1.6231127,0.38167834,1.6551166,0.84442097,-0.17470229,0.50639176,0
1.8120575,2.620132,-0.20946753,0.42272288,0.79796088,-0.42960912,0
-0.6042614,-3.8726468,-1.063087,-0.42272288,-0.79796088,0.42960912,0
0.057609916,2.5130014,-1.987541,0.42272288,0.79796088,-0.42960912,0
1.2560174,-3.5370498,0.26794124,0.84442097,-0.17470229,0.50639176,0
0.86856008,3.7536108,1.3323364,-0.32902706,0.57683438,0.74766535,0
2.0136313,-0.47539183,-2.5644693,0.32902706,-0.57683438,-0.74766535,0
0.80267143,3.9269946,1.5239236,-0.32902706,0.57683438,0.74766535,0
-0.073328733,-0.55691528,-3.634304,0.32902706,-0.57683438,-0.74766535,0
-0.60183859,-1.4236929,-3.0269852,0.32902706,-0.57683438,-0.74766535,0
-2.3720696,-2.1103232,0.9401015,-0.42272288,-0.79796088,0.42960912,0
1.1342905,2.1928282,-2.2483361,0.42272288,0.79796088,-0.42960912,0
2.1846836,2.2073345,-1.0612661,0.42272288,0.79796088,-0.42960912,0
0.30143464,-0.033907413,-3.6925225,0.32902706,-0.57683438,-0.74766535,0
-0.2378242,-4.0053859,-0.54914618,-0.42272288,-0.79796088,0.42960912,0
2.0421457,3.2682745,2.0479462,0.84442097,-0.17470229,0.50639176,0
-1.3365788,-0.79580796,4.1892977,-0.32902706,0.57683438,0.74766535,0
2.836009,-0.90735507,-1.4796588,0.84442097,-0.17470229,0.50639176,0
3.0380359,-0.31960905,-2.3251905,0.32902706,-0.57683438,-0.74766535,0
-0.088024855,0.29481721,3.8062389,-0.32902706,0.57683438,0.74766535,0
-0.3677277,-1.948339,3.393662,-0.42272288,-0.79796088,0.42960912,0
-2.4768975,0.16696346,0.26815671,-0.84442097,0.17470229,-0.50639176,0
-1.0875163,-3.2136574,-0.16890979,-0.42272288,-0.79796088,0.42960912,0
0.47822785,2.5897193,2.0928907,-0.32902706,0.57683438,0.74766535,0
0.60937452,2.2093801,2.7222657,-0.32902706,0.57683438,0.74766535,0
-2.7986321,-0.20385192,3.1791611,-0.32902706,0.57683438,0.74766535,0
0.20052385,-3.8142655,-0.13844967,-0.42272288,-0.79796088,0.42960912,0
-0.54763556,2.6769917,-2.3428717,0.42272288,0.79796088,-0.42960912,0
-0.61219883,1.6057384,2.6960442,-0.32902706,0.57683438,0.74766535,0
-0.53939915,-3.9806714,-0.66368437,-0.42272288,-0.79796088,0.42960912,0
2.0563374,2.3249161,1.1593287,0.84442097,-0.17470229,0.50639176,0
-1.9356729,1.2429799,0.02801609,-0.84442097,0.17470229,-0.50639176,0
-2.9179688,-0.60128617,2.8247049,-0.42272288,-0.79796088,0.42960912,0
2.5602722,2.6632197,0.35990572,0.42272288,0.79796088,-0.42960912,0
-2.833034,-0.54629773,3.1039779,-0.42272288,-0.79796088,0.42960912,0
-0.78560191,-2.434356,2.1117427,-0.42272288,-0.79796088,0.42960912,0
2.9768562,-0.44655478,-2.1936278,0.32902706,-0.57683438,-0.74766535,0
1.243592,0.11016917,-3.4016299,0.32902706,-0.57683438,-0.74766535,0
1.5437558,3.7880654,1.7648203,-0.32902706,0.57683438,0.74766535,0
2.0554845,-1.1572462,0.46511185,0.84442097,-0.17470229,0.50639176,0
0.77481866,-4.3423724,0.011005163,-0.42272288,-0.79796088,0.42960912,0
-0.38542354,0.5199573,3.4915917,-0.32902706,0.57683438,0.74766535,0
0.47026658,0.8339417,3.2559431,0.84442097,-0.17470229,0.50639176,0
2.213038,1.3124579,-2.2760417,0.42272288,0.79796088,-0.42960912,0
1.5621457,1.9184353,1.8723683,0.84442097,-0.17470229,0.50639176,0
0.97726291,1.2317607,-3.8820376,0.42272288,0.79796088,-0.42960912,0
0.074446678,3.2790749,-1.0104208,0.42272288,0.79796088,-0.42960912,0
-2.2477443,-1.4170252,2.2077007,-0.42272288,-0.79796088,0.42960912,0
0.34831119,3.2435212,-0.46558928,0.42272288,0.79796088,-0.42960912,0
-2.469811,-0.9935714,0.10448015,-0.84442097,0.17470229,-0.50639176,0
-2.27087,-2.7432122,-0.61880922,-0.42272288,-0.79796088,0.42960912,0
-2.7748184,1.9820929,1.2228525,-0.84442097,0.17470229,-0.50639176,0
0.21692038,1.4092309,3.2738237,-0.32902706,0.57683438,0.74766535,0
0.27838111,-3.826108,-0.0049157143,-0.42272288,-0.79796088,0.42960912,0
0.52226043,-3.1890731,-1.3011979,0.32902706,-0.57683438,-0.74766535,0
-1.6373715,-2.8070025,0.39536715,-0.42272288,-0.79796088,0.42960912,0
-2.1462898,-1.2779503,-1.156831,-0.84442097,0.17470229,-0.50639176,0
-1.2137463,-0.66791594,4.132051,-0.32902706,0.57683438,0.74766535,0
0.85561031,-1.0344957,2.0531356,0.84442097,-0.17470229,0.50639176,0
0.14318371,0.4613173,3.6829758,-0.32902706,0.57683438,0.74766535,0
-2.84835,-0.84269387,2.8317912,-0.42272288,-0.79796088,0.42960912,0
2.1320913,-0.24669421,0.00037056208,0.84442097,-0.17470229,0.50639176,0
0.8127743,1.7776066,-3.3387449,0.42272288,0.79796088,-0.42960912,0
2.0484395,-1.5738285,-2.0219741,0.32902706,-0.57683438,-0.74766535,0
-3.1908655,0.9790563,1.7683072,-0.84442097,0.17470229,-0.50639176,0
2.8820543,0.025601506,-0.99215114,0.84442097,-0.17470229,0.50639176,0
-1.9417843,-1.0660055,-0.94937646,-0.84442097,0.17470229,-0.50639176,0
-1.2956638,-1.3161242,-1.9253829,-0.84442097,0.17470229,-0.50639176,0
2.4647021,-1.8556232,-1.5883998,0.32902706,-0.57683438,-0.74766535,0
0.38808632,-2.3962121,-1.8189602,0.32902706,-0.57683438,-0.74766535,0
-3.1727004,-1.2706596,1.3616321,-0.42272288,-0.79796088,0.42960912,0
3.6958425,0.48353422,-2.3342469,0.42272288,0.79796088,-0.42960912,0
-1.1425917,0.2909205,-1.6591277,-0.84442097,0.17470229,-0.50639176,0
0.52832377,-0.36685181,-3.6921701,0.32902706,-0.57683438,-0.74766535,0
-1.5460951,2.7533579,1.3610873,-0.32902706,0.57683438,0.74766535,0
1.7414379,-2.1011555,0.22846663,0.84442097,-0.17470229,0.50639176,0
-2.694917,-0.84517813,3.1713734,-0.42272288,-0.79796088,0.42960912,0
0.74361229,-1.9325194,-2.3891032,0.32902706,-0.57683438,-0.74766535,0
1.6367087,2.0057793,-1.802757,0.42272288,0.79796088,-0.42960912,0
0.43201256,0.80177522,3.301156,0.84442097,-0.17470229,0.50639176,0
-0.92129946,0.50020111,3.1130586,-0.32902706,0.57683438,0.74766535,0
-1.4648967,3.7056036,0.50157595,-0.32902706,0.57683438,0.74766535,0
0.12628418,-1.8123871,2.8435555,0.84442097,-0.17470229,0.50639176,0
-2.0244703,0.37136918,2.6075599,-0.32902706,0.57683438,0.74766535,0
-2.00617,2.6863294,0.4568702,-0.84442097,0.17470229,-0.50639176,0
0.82166326,1.8955961,-2.6836824,0.42272288,0.79796088,-0.42960912,0
1.5825833,-0.55514491,0.75423801,0.84442097,-0.17470229,0.50639176,0
-2.2565413,-0.54669428,-0.38620153,-0.84442097,0.17470229,-0.50639176,0
-1.5501128,-3.6142173,-0.80806398,-0.42272288,-0.79796088,0.42960912,0
-1.1348066,4.100081,0.17154932,-0.32902706,0.57683438,0.74766535,0
-0.19567537,1.9777259,2.3209636,-0.32902706,0.57683438,0.74766535,0
-0.27666676,-0.22976327,-3.3756237,-0.84442097,0.17470229,-0.50639176,0
-3.3673463,0.38878715,2.1186907,-0.32902706,0.57683438,0.74766535,0
2.8897436,0.20983291,-1.1883903,0.84442097,-0.17470229,0.50639176,0
-0.68382686,2.0478492,-2.2152414,-0.84442097,0.17470229,-0.50639176,0
-0.27697515,-3.5646062,0.46931648,-0.42272288,-0.79796088,0.42960912,0
-1.8468807,0.056004941,2.9038665,-0.32902706,0.57683438,0.74766535,0
1.0710661,3.3203969,0.66279125,0.42272288,0.79796088,-0.42960912,0
0.8739742,-1.3154136,1.787887,0.84442097,-0.17470229,0.50639176,0
-1.2058935,-3.7649508,-1.0920892,-0.42272288,-0.79796088,0.42960912,0
0.18314171,3.6536915,0.21707511,0.42272288,0.79796088,-0.42960912,0
2.6056392,0.36710215,-0.17338198,0.84442097,-0.17470229,0.50639176,0
2.3243468,0.83129638,-3.1725061,0.42272288,0.79796088,-0.42960912,0
-1.6076584,-0.11601353,3.6155722,-0.32902706,0.57683438,0.74766535,0
-3.6364243,-0.69311404,2.2822449,-0.42272288,-0.79796088,0.42960912,0
1.1988552,-2.6839166,0.81055236,0.84442097,-0.17470229,0.50639176,0
1.6095481,-1.3677938,-2.009738,0.32902706,-0.57683438,-0.74766535,0
-0.44602871,2.5327845,-2.7224324,-0.84442097,0.17470229,-0.50639176,0
-0.15302062,-2.8792446,-1.8301632,0.32902706,-0.57683438,-0.74766535,0
1.8450499,1.6832464,1.328802,0.84442097,-0.17470229,0.50639176,0
-3.9068036,0.10007632,2.4628339,-0.32902706,0.57683438,0.74766535,0
3.0851605,0.92008364,-2.1233246,0.42272288,0.79796088,-0.42960912,0
0.10240078,3.1293416,-1.3210351,0.42272288,0.79796088,-0.42960912,0
0.35845506,1.1330214,3.3881216,-0.32902706,0.57683438,0.74766535,0
1.5667486,0.83533299,-3.7387941,0.42272288,0.79796088,-0.42960912,0
-1.5987936,-1.5608954,-1.6053994,-0.84442097,0.17470229,-0.50639176,0
-0.69365096,0.97403824,2.7457213,-0.32902706,0.57683438,0.74766535,0
-3.0182846,-0.84305143,0.93199849,-0.84442097,0.17470229,-0.50639176,0
0.01856637,3.4245112,-0.40949941,0.42272288,0.79796088,-0.42960912,0
1.0858097,3.9123611,1.0465558,0.42272288,0.79796088,-0.42960912,0
-2.3360376,-2.3317714,-0.77200067,-0.84442097,0.17470229,-0.50639176,0
2.6971145,-0.032988429,-0.4854224,0.84442097,-0.17470229,0.50639176,0
-1.9340717,-0.86464107,3.1685288,-0.42272288,-0.79796088,0.42960912,0
-0.85808325,-0.41964746,-2.7509439,-0.84442097,0.17470229,-0.50639176,0
-3.7713499,-0.15513086,2.6368968,-0.84442097,0.17470229,-0.50639176,0
-1.2730825,-2.2984545,1.0315652,-0.42272288,-0.79796088,0.42960912,0
1.8183328,-2.6680384,0.024009228,0.84442097,-0.17470229,0.50639176,0
2.4490798,-0.86958766,-0.19381934,0.84442097,-0.17470229,0.50639176,0
-1.1171792,3.1304059,-0.65663838,-0.84442097,0.17470229,-0.50639176,0
1.0199355,2.8941159,-0.6453793,0.42272288,0.79796088,-0.42960912,0
3.0908437,0.37856549,-2.9279387,0.32902706,-0.57683438,-0.74766535,0
-0.5322392,0.66611683,3.3994989,-0.32902706,0.57683438,0.74766535,0
-3.1925569,-0.2639232,3.0660515,-0.32902706,0.57683438,0.74766535,0
-0.2989912,-1.6292888,3.9446263,0.84442097,-0.17470229,0.50639176,0
2.9002392,-0.96339631,-1.4169182,0.84442097,-0.17470229,0.50639176,0
-1.5496645,-1.7369138,2.1285579,-0.42272288,-0.79796088,0.42960912,0
-2.8760419,-1.1752015,1.5399652,-0.42272288,-0.79796088,0.42960912,0
0.026947021,-0.47975445,-3.711184,0.32902706,-0.57683438,-0.74766535,0
-1.8397998,0.31087685,-0.48382273,-0.84442097,0.17470229,-0.50639176,0
3.3113914,0.63163388,-1.550526,0.84442097,-0.17470229,0.50639176,0
-2.7566311,0.93415236,0.62012339,-0.84442097,0.17470229,-0.50639176,0
1.5621417,-2.5052524,-1.3561813,0.32902706,-0.57683438,-0.74766535,0
1.1559116,2.5620456,2.3991432,-0.32902706,0.57683438,0.74766535,0
1.8441811,-3.6843386,-0.50408006,0.32902706,-0.57683438,-0.74766535,0
-1.3010088,-0.38346148,-1.9957401,-0.84442097,0.17470229,-0.50639176,0
3.2529879,0.78950405,-1.8985916,0.42272288,0.79796088,-0.42960912,0
-1.4562182,-1.1278764,3.9028232,-0.42272288,-0.79796088,0.42960912,0
0.97951412,-4.0961571,0.32694793,-0.42272288,-0.79796088,0.42960912,0
2.4797239,-1.7419319,-0.66629171,0.84442097,-0.17470229,0.50639176,0
2.0149686,2.1217952,-1.4975947,0.42272288,0.79796088,-0.42960912,0
3.3443649,0.68470192,-2.3719428,0.42272288,0.79796088,-0.42960912,0
0.9193148,0.58605242,2.3933983,0.84442097,-0.17470229,0.50639176,0
-0.37419701,-3.7932444,-1.5016154,0.32902706,-0.57683438,-0.74766535,0
1.880151,-0.45479119,0.39535254,0.84442097,-0.17470229,0.50639176,0
0.21607041,-2.5965071,-1.8942025,0.32902706,-0.57683438,-0.74766535,0
2.3469446,-0.29602134,-2.6601789,0.32902706,-0.57683438,-0.74766535,0
0.52138412,2.7332942,-1.3645926,0.42272288,0.79796088,-0.42960912,0
-1.7613535,-0.26650065,3.5156386,-0.32902706,0.57683438,0.74766535,0
-1.8672552,3.2761838,0.64646339,-0.84442097,0.17470229,-0.50639176,0
-1.0322251,-0.00041568279,3.6723318,-0.32902706,0.57683438,0.74766535,0
0.85175586,-3.4252963,-1.1492504,0.32902706,-0.57683438,-0.74766535,0
1.4187027,0.95882422,-3.4822943,0.42272288,0.79796088,-0.42960912,0
2.358428,-1.3098485,-0.67585725,0.84442097,-0.17470229,0.50639176,0
-3.6128373,-0.942559,1.83383,-0.84442097,0.17470229,-0.50639176,0
-0.62696075,-2.6910715,-2.390738,0.32902706,-0.57683438,-0.74766535,0
-0.85067105,-2.3511424,-2.6782527,0.32902706,-0.57683438,-0.74766535,0
2.5244524,1.5415779,-2.0575192,0.42272288,0.79796088,-0.42960912,0
0.24389923,-2.9280617,1.3871686,-0.42272288,-0.79796088,0.42960912,0
1.6876252,-0.50976765,-2.6889901,0.32902706,-0.57683438,-0.74766535,0
-3.4805896,-0.76721823,2.1313097,-0.42272288,-0.79796088,0.42960912,0
-0.41364694,-3.5506496,-0.12449574,-0.42272288,-0.79796088,0.42960912,0
-0.84419656,4.0914211,-0.66017938,0.42272288,0.79796088,-0.42960912,0
-1.3923926,-1.6934195,-1.824352,-0.84442097,0.17470229,-0.50639176,0
-2.5398831,1.58005,0.67839521,-0.84442097,0.17470229,-0.50639176,0
-0.094149113,-2.8943613,-2.0177624,0.32902706,-0.57683438,-0.74766535,0
2.4670615,-1.6536363,-0.92080677,0.84442097,-0.17470229,0.50639176,0
1.2963715,0.059880495,-3.4380562,0.32902706,-0.57683438,-0.74766535,0
0.53607196,1.3310109,-4.2615175,-0.84442097,0.17470229,-0.50639176,0
-0.39854503,3.4132462,1.1863536,-0.32902706,0.57683438,0.74766535,0
2.0175979,3.0307231,0.18170142,0.42272288,0.79796088,-0.42960912,0
0.058646441,-2.4750657,2.1297741,-0.42272288,-0.79796088,0.42960912,0
1.6334291,1.6290627,-2.1854901,0.42272288,0.79796088,-0.42960912,0
0.90411091,-2.3708863,-1.8028148,0.32902706,-0.57683438,-0.74766535,0
-0.22303748,-3.0347004,0.79451895,-0.42272288,-0.79796088,0.42960912,0
0.56740487,3.0173972,-0.77354336,0.42272288,0.79796088,-0.42960912,0
0.34022626,1.1577436,-3.7754381,-0.84442097,0.17470229,-0.50639176,0
-3.1681538,-0.63712454,2.5089493,-0.42272288,-0.79796088,0.42960912,0
3.3093333,0.68052465,-2.454627,0.42272288,0.79796088,-0.42960912,0
3.4997106,-0.57780915,-2.2684579,0.32902706,-0.57683438,-0.74766535,0
1.6566639,-3.004951,-0.96916604,0.32902706,-0.57683438,-0.74766535,0
-0.64543205,-0.33104658,4.1917372,-0.32902706,0.57683438,0.74766535,0
-0.45093155,-0.30222344,3.9017205,-0.32902706,0.57683438,0.74766535,0
3.2359991,-0.36335754,-2.5495903,0.32902706,-0.57683438,-0.74766535,0
-1.9003204,-0.7343266,3.4495945,-0.42272288,-0.79796088,0.42960912,0
-1.2496316,4.0387225,-0.39030123,0.42272288,0.79796088,-0.42960912,0
-1.8774242,-1.2621937,-1.0556289,-0.84442097,0.17470229,-0.50639176,0
1.2709638,0.41939163,1.6636935,0.84442097,-0.17470229,0.50639176,0
-1.0009041,-3.1438081,-2.1313856,0.32902706,-0.57683438,-0.74766535,0
-0.64120424,-2.9396787,1.0096996,-0.42272288,-0.79796088,0.42960912,0
-0.42977715,-2.5210681,-2.4988484,0.32902706,-0.57683438,-0.74766535,0
-2.2426496,-2.7311974,-1.2026775,-0.84442097,0.17470229,-0.50639176,0
0.3373214,1.5448593,-4.1399951,0.42272288,0.79796088,-0.42960912,0
2.6709723,-0.28027451,-0.63301492,0.84442097,-0.17470229,0.50639176,0
-0.098622471,1.8009033,-3.1755948,-0.84442097,0.17470229,-0.50639176,0
-1.3147794,1.4551448,2.0983007,-0.32902706,0.57683438,0.74766535,0
-1.6811407,2.6863365,1.4115388,-0.32902706,0.57683438,0.74766535,0
1.3339186,-2.8729,-1.3635651,0.32902706,-0.57683438,-0.74766535,0
-1.7062715,-0.87096286,-1.7724829,-0.84442097,0.17470229,-0.50639176,0
-1.4932163,-2.6968718,-2.367425,-0.84442097,0.17470229,-0.50639176,0
2.5997019,1.5547001,-1.8936253,0.42272288,0.79796088,-0.42960912,0
3.0048442,-0.32348883,-0.84919274,0.84442097,-0.17470229,0.50639176,0
1.0733778,-3.0835528,-1.3746102,0.32902706,-0.57683438,-0.74766535,0
-0.079123497,-2.933075,-1.7340419,0.32902706,-0.57683438,-0.74766535,0
-0.75188249,-1.6348145,2.9957185,-0.42272288,-0.79796088,0.42960912,0
-0.66288084,-0.99534559,4.5787444,-0.32902706,0.57683438,0.74766535,0
-0.38848495,2.0011663,2.162626,-0.32902706,0.57683438,0.74766535,0
-0.90699458,3.2125018,-1.5415678,-0.84442097,0.17470229,-0.50639176,0
-3.7105265,0.28453267,2.2620027,-0.84442097,0.17470229,-0.50639176,0
1.6799591,-3.2684674,-0.93085086,0.32902706,-0.57683438,-0.74766535,0
2.4081552,1.3589352,-2.3493867,0.42272288,0.79796088,-0.42960912,0
0.78858781,-2.5068967,1.6538274,0.84442097,-0.17470229,0.50639176,0
1.4939443,1.9425645,2.2419274,0.84442097,-0.17470229,0.50639176,0
-0.13012362,-1.8752829,-2.8424256,0.32902706,-0.57683438,-0.74766535,0
-2.3770039,-1.3539774,-0.5130704,-0.84442097,0.17470229,-0.50639176,0
0.92298746,-2.1363022,1.7837763,0.84442097,-0.17470229,0.50639176,0
-1.1422884,-2.2140269,2.1979549,-0.42272288,-0.79796088,0.42960912,0
-1.0159936,4.1750565,-0.002004385,0.42272288,0.79796088,-0.42960912,0
-1.8335462,-0.48060012,3.3534203,-0.32902706,0.57683438,0.74766535,0
-1.9602983,-3.3770442,-1.2665155,-0.42272288,-0.79796088,0.42960912,0
1.049051,-3.8229413,0.75662088,0.84442097,-0.17470229,0.50639176,0
-3.7215755,-0.51967573,2.2260008,-0.84442097,0.17470229,-0.50639176,0
-1.7020113,-1.3879275,2.3320601,-0.42272288,-0.79796088,0.42960912,0
1.3608698,-0.80017471,1.3490077,0.84442097,-0.17470229,0.50639176,0
2.4939139,2.6498001,0.81758237,0.42272288,0.79796088,-0.42960912,0
-1.900717,-1.7034371,-1.4927709,-0.84442097,0.17470229,-0.50639176,0
1.1163471,0.7582761,-4.1109409,0.42272288,0.79796088,-0.42960912,0
2.2565982,-0.076074243,-3.0140543,0.32902706,-0.57683438,-0.74766535,0
-1.4121226,-2.6172879,-2.5104868,0.32902706,-0.57683438,-0.74766535,0
-1.6774096,0.17002511,-1.4194268,-0.84442097,0.17470229,-0.50639176,0
1.7120421,2.7920308,2.4424131,0.84442097,-0.17470229,0.50639176,0
1.234046,2.1619711,-1.4697367,0.42272288,0.79796088,-0.42960912,0
-1.649579,2.6915183,1.2205164,-0.32902706,0.57683438,0.74766535,0
0.64847767,2.7452402,-1.3246317,0.42272288,0.79796088,-0.42960912,0
-3.5812061,-0.60542071,1.8349078,-0.84442097,0.17470229,-0.50639176,0
3.4323144,-0.19838226,-2.5629897,0.32902706,-0.57683438,-0.74766535,0
0.76905692,-0.30391312,2.6774259,0.84442097,-0.17470229,0.50639176,0
1.4645514,-3.9732757,0.10191607,0.84442097,-0.17470229,0.50639176,0
-0.94167423,3.5875547,0.71301508,-0.32902706,0.57683438,0.74766535,0
2.9910619,2.0503902,-0.12478769,0.84442097,-0.17470229,0.50639176,0
1.1459023,-1.1201296,-2.5549593,0.32902706,-0.57683438,-0.74766535,0
-0.080806255,1.314502,3.1725357,-0.32902706,0.57683438,0.74766535,0
1.7776756,-0.40313584,-3.0722439,0.32902706,-0.57683438,-0.74766535,0
3.5397072,0.3543337,-2.7357216,0.42272288,0.79796088,-0.42960912,0
-1.7687575,-3.4801481,-0.86548173,-0.42272288,-0.79796088,0.42960912,0
0.12226748,3.5403159,-0.062442303,0.42272288,0.79796088,-0.42960912,0
2.3078189,-2.1244757,-1.2605815,0.32902706,-0.57683438,-0.74766535,0
0.67820263,-4.1382995,-0.14316869,-0.42272288,-0.79796088,0.42960912,0
0.37985539,-0.77576661,-3.1167779,0.32902706,-0.57683438,-0.74766535,0
2.2596564,2.8004262,0.83244324,0.42272288,0.79796088,-0.42960912,0
-0.61297303,1.8133768,-2.6830359,-0.84442097,0.17470229,-0.50639176,0
1.4896741,-2.3253765,-1.5742501,0.32902706,-0.57683438,-0.74766535,0
-0.82050395,1.2672808,2.6231558,-0.32902706,0.57683438,0.74766535,0
-1.3558099,-0.39904523,-2.2161739,-0.84442097,0.17470229,-0.50639176,0
-0.35579038,-3.5954542,-0.35779881,-0.42272288,-0.79796088,0.42960912,0
1.4872363,-2.7915387,0.88658738,0.84442097,-0.17470229,0.50639176,0
0.32974207,0.92717648,3.3785825,-0.32902706,0.57683438,0.74766535,0
0.99483919,-0.68359578,-3.2405436,0.32902706,-0.57683438,-0.74766535,0
1.5517093,1.2229627,-3.2850001,0.42272288,0.79796088,-0.42960912,0
2.0883477,-0.59976631,-2.609081,0.32902706,-0.57683438,-0.74766535,0
0.54004997,-1.9492223,2.6245155,0.84442097,-0.17470229,0.50639176,0
3.1274755,0.93531984,-2.3501327,0.42272288,0.79796088,-0.42960912,0
1.9992712,-1.7143519,0.10603237,0.84442097,-0.17470229,0.50639176,0
1.3106463,1.4506522,-2.9327505,0.42272288,0.79796088,-0.42960912,0
2.3078825,1.1744385,0.80267096,0.84442097,-0.17470229,0.50639176,0
1.2632834,-1.4477141,1.6840799,0.84442097,-0.17470229,0.50639176,0
-2.5236735,-1.2465103,2.517926,-0.42272288,-0.79796088,0.42960912,0
-1.1889629,1.4287422,2.6094236,-0.32902706,0.57683438,0.74766535,0
-2.3581309,-2.8602028,-0.96866119,-0.84442097,0.17470229,-0.50639176,0
1.1676345,-2.9867139,0.74370837,0.84442097,-0.17470229,0.50639176,0
-1.5284988,-3.2497091,-0.87489057,-0.42272288,-0.79796088,0.42960912,0
2.5784738,-0.23978257,-0.15384805,0.84442097,-0.17470229,0.50639176,0
0.30329812,-1.6117783,2.8289835,0.84442097,-0.17470229,0.50639176,0
3.9432061,0.36566103,-2.4091132,0.42272288,0.79796088,-0.42960912,0
1.9722062,1.2012362,0.77526987,0.84442097,-0.17470229,0.50639176,0
-2.4600816,-1.2281721,2.3742502,-0.42272288,-0.79796088,0.42960912,0
-0.96516657,3.1634691,1.3606647,-0.32902706,0.57683438,0.74766535,0
1.240865,2.1284652,-1.4453566,0.42272288,0.79796088,-0.42960912,0
