-2.3906302,-3.3191209,-0.10100412,-0.96933925,-0.24489722,-0.020170808,0
0.40626252,-0.99569726,-2.9935112,0.22414845,-0.84759748,-0.48097399,0
-1.4310838,1.6570683,1.3966397,-0.22414845,0.84759748,0.48097399,0
-2.6076679,-2.1230097,-2.8711817,-0.96933925,-0.24489722,-0.020170808,0
-1.3218462,-3.2678795,0.67195559,0.10069245,-0.47074819,0.87650275,0
3.3526273,-1.2678957,-0.28381336,0.96933925,0.24489722,0.020170808,0
-3.3577065,0.45772529,1.3555578,-0.96933925,-0.24489722,-0.020170808,0
0.99480754,-1.2668557,-2.8721237,0.22414845,-0.84759748,-0.48097399,0
0.21515417,-3.0099535,0.78893673,0.10069245,-0.47074819,0.87650275,0
-2.6903076,1.5305843,-0.94235402,-0.10069245,0.47074819,-0.87650275,0
2.8325934,1.1715473,-0.59808898,0.96933925,0.24489722,0.020170808,0
3.0888476,-0.61535168,-0.36275709,0.96933925,0.24489722,0.020170808,0
-3.0548651,1.1547799,1.7726548,-0.22414845,0.84759748,0.48097399,0
-2.8794131,-0.78156024,0.36794066,-0.96933925,-0.24489722,-0.020170808,0
-1.6421165,2.7397621,-0.34497505,-0.22414845,0.84759748,0.48097399,0
2.982939,-1.4508443,1.262157,0.10069245,-0.47074819,0.87650275,0
-0.9336493,1.672748,-1.2312737,-0.10069245,0.47074819,-0.87650275,0
0.095185518,-1.7917897,1.1358197,0.10069245,-0.47074819,0.87650275,0
2.7479575,2.0257545,1.5461254,0.96933925,0.24489722,0.020170808,0
1.9614393,2.4637449,-1.0814414,-0.10069245,0.47074819,-0.87650275,0
3.0131178,0.89783347,-0.12404943,0.96933925,0.24489722,0.020170808,0
2.6621046,2.3432539,0.7539463,0.96933925,0.24489722,0.020170808,0
-1.5028374,-0.63575232,2.0132554,0.10069245,-0.47074819,0.87650275,0
-2.6977985,-1.7164378,-2.9826477,-0.96933925,-0.24489722,-0.020170808,0
2.2980089,1.930326,2.6511283,-0.22414845,0.84759748,0.48097399,0
0.65759015,2.1781323,-1.2887515,-0.10069245,0.47074819,-0.87650275,0
1.8718605,3.4769766,-0.67252541,-0.10069245,0.47074819,-0.87650275,0
-1.7087077,1.5959895,1.7747763,-0.22414845,0.84759748,0.48097399,0
-2.7848003,1.7495996,1.1122578,-0.22414845,0.84759748,0.48097399,0
2.2862997,1.9863632,2.4234037,-0.22414845,0.84759748,0.48097399,0
2.2977104,2.3981085,1.644001,0.96933925,0.24489722,0.020170808,0
-2.9216108,0.786439,2.1073284,-0.22414845,0.84759748,0.48097399,0
3.0917621,0.23841417,-2.6582353,0.96933925,0.24489722,0.020170808,0
-2.8550723,-0.57591891,2.2311077,-0.96933925,-0.24489722,-0.020170808,0
2.4047222,2.5834754,-1.3221905,-0.10069245,0.47074819,-0.87650275,0
-2.4297752,-2.50419,-0.44091082,-0.96933925,-0.24489722,-0.020170808,0
2.9400151,0.6342212,-1.0769658,0.96933925,0.24489722,0.020170808,0
1.3287749,-1.8565171,1.2364569,0.10069245,-0.47074819,0.87650275,0
-0.29812336,-2.6023517,-0.82428849,0.22414845,-0.84759748,-0.48097399,0
1.076828,-0.047991753,2.0447214,0.10069245,-0.47074819,0.87650275,0
3.1760626,0.44640437,-0.95607424,0.96933925,0.24489722,0.020170808,0
-0.96120834,-0.45929956,1.9504862,0.10069245,-0.47074819,0.87650275,0
-3.1791224,-0.23048294,2.3927233,-0.96933925,-0.24489722,-0.020170808,0
1.3713681,-2.2812743,0.86969483,0.10069245,-0.47074819,0.87650275,0
1.5744987,3.3458216,0.36783433,-0.22414845,0.84759748,0.48097399,0
2.2230322,2.3963134,-1.3594747,-0.10069245,0.47074819,-0.87650275,0
-1.9481153,-3.1261315,-0.73725152,0.22414845,-0.84759748,-0.48097399,0
2.3886883,-0.72707891,1.4506313,0.10069245,-0.47074819,0.87650275,0
2.4159732,2.3835931,0.029978514,0.96933925,0.24489722,0.020170808,0
-1.5888994,-3.1524029,-0.66110778,0.22414845,-0.84759748,-0.48097399,0
2.427865,0.42085314,2.1166461,0.10069245,-0.47074819,0.87650275,0
-3.3027854,1.1132772,-0.99897707,-0.96933925,-0.24489722,-0.020170808,0
-2.2059321,-2.8774128,0.75741887,-0.96933925,-0.24489722,-0.020170808,0
2.667315,2.3510914,-0.39070272,0.96933925,0.24489722,0.020170808,0
3.4549284,-1.4998435,0.17675233,0.96933925,0.24489722,0.020170808,0
2.605742,2.3069468,2.618861,0.96933925,0.24489722,0.020170808,0
-3.2132273,0.78707266,0.44855058,-0.96933925,-0.24489722,-0.020170808,0
2.5526247,0.39048922,-2.2867639,-0.10069245,0.47074819,-0.87650275,0
-2.3146384,-1.6591029,-2.8777168,-0.10069245,0.47074819,-0.87650275,0
1.8321687,1.8585578,2.4437749,-0.22414845,0.84759748,0.48097399,0
-1.2946126,-3.3231208,0.20166874,0.22414845,-0.84759748,-0.48097399,0
-3.1427808,0.44533992,0.046445608,-0.96933925,-0.24489722,-0.020170808,0
2.7484255,-1.2160453,-1.5150013,0.22414845,-0.84759748,-0.48097399,0
-0.74445605,-3.1768873,0.84383321,0.10069245,-0.47074819,0.87650275,0
1.4790683,3.6209753,-0.20473456,-0.22414845,0.84759748,0.48097399,0
-2.1841483,-2.7065001,-1.75476,0.22414845,-0.84759748,-0.48097399,0
2.1708877,1.0781195,2.835325,0.10069245,-0.47074819,0.87650275,0
2.4467268,2.9749718,-0.38231659,0.96933925,0.24489722,0.020170808,0
1.4306059,3.3218269,0.11938858,-0.22414845,0.84759748,0.48097399,0
2.0234745,3.007025,-0.98977351,-0.10069245,0.47074819,-0.87650275,0
-2.9841304,0.30722463,-0.22899532,-0.96933925,-0.24489722,-0.020170808,0
1.1991701,2.9826369,0.27334833,-0.22414845,0.84759748,0.48097399,0
0.4641521,2.5977359,0.71175241,-0.22414845,0.84759748,0.48097399,0
-1.3974631,-3.0875731,-0.058951616,0.22414845,-0.84759748,-0.48097399,0
3.2766647,-2.1866643,0.40792429,0.22414845,-0.84759748,-0.48097399,0
-0.52680135,-2.7467782,-0.69428897,0.22414845,-0.84759748,-0.48097399,0
1.7382252,3.0404401,0.34291363,-0.22414845,0.84759748,0.48097399,0
2.1217351,1.7010278,-1.7773491,-0.10069245,0.47074819,-0.87650275,0
2.3359015,3.1893144,-0.17183638,0.96933925,0.24489722,0.020170808,0
1.3184751,0.23172879,2.2585301,0.10069245,-0.47074819,0.87650275,0
-2.416852,-2.2124088,-0.082511902,-0.96933925,-0.24489722,-0.020170808,0
2.4177246,2.7354572,1.0419416,0.96933925,0.24489722,0.020170808,0
-1.8468511,-1.5322313,-2.9710407,-0.10069245,0.47074819,-0.87650275,0
1.9984331,2.5574656,-1.3102694,-0.10069245,0.47074819,-0.87650275,0
0.7528367,-2.5206339,0.90689588,0.10069245,-0.47074819,0.87650275,0
3.5142736,-1.0700281,0.30195141,0.96933925,0.24489722,0.020170808,0
2.6885259,-1.0708609,-1.7988513,0.22414845,-0.84759748,-0.48097399,0
-2.9006858,-0.13179994,-2.1594968,-0.10069245,0.47074819,-0.87650275,0
2.4434967,2.0514326,1.3139033,0.96933925,0.24489722,0.020170808,0
-2.499912,-1.9246112,-0.23986363,-0.96933925,-0.24489722,-0.020170808,0
2.5951953,0.12105632,2.2544351,0.10069245,-0.47074819,0.87650275,0
3.4752154,-1.8580253,-0.24923909,0.22414845,-0.84759748,-0.48097399,0
-1.0834026,-2.429106,-1.3931491,0.22414845,-0.84759748,-0.48097399,0
2.431345,1.4713377,-1.9131452,-0.10069245,0.47074819,-0.87650275,0
1.8515589,3.5160513,-0.37037015,-0.22414845,0.84759748,0.48097399,0
2.1664033,2.3894989,2.3409102,-0.22414845,0.84759748,0.48097399,0
-1.6606791,2.0987375,0.45538881,-0.22414845,0.84759748,0.48097399,0
1.9531114,3.2464643,0.20090652,-0.22414845,0.84759748,0.48097399,0
2.8132317,0.52455854,0.74495864,0.96933925,0.24489722,0.020170808,0
-2.8854702,2.4057679,-0.5089516,-0.10069245,0.47074819,-0.87650275,0
2.3722944,-0.19142854,-2.4545221,-0.10069245,0.47074819,-0.87650275,0
-0.030729532,1.8395321,2.066081,-0.22414845,0.84759748,0.48097399,0
0.75772291,1.2810664,-1.7937385,-0.10069245,0.47074819,-0.87650275,0
-0.13062942,1.2849643,2.6838512,-0.22414845,0.84759748,0.48097399,0
0.31471419,1.9362843,1.9884802,-0.22414845,0.84759748,0.48097399,0
2.1541927,2.7740228,0.97421312,-0.22414845,0.84759748,0.48097399,0
-1.1403877,-0.85684848,-2.7442877,-0.10069245,0.47074819,-0.87650275,0
-2.4928694,2.5936537,-0.15218927,-0.22414845,0.84759748,0.48097399,0
-2.4714475,-2.4554069,-2.0508342,0.22414845,-0.84759748,-0.48097399,0
1.6657189,-1.8565326,-0.94601071,0.22414845,-0.84759748,-0.48097399,0
-1.0753415,1.5735097,1.896426,-0.22414845,0.84759748,0.48097399,0
-0.50576067,-1.7232116,1.2655324,0.10069245,-0.47074819,0.87650275,0
-2.9819961,0.76622814,2.5335276,-0.22414845,0.84759748,0.48097399,0
1.7183783,-2.6052761,0.67997563,0.10069245,-0.47074819,0.87650275,0
-2.2389112,1.0451832,-1.4104466,-0.10069245,0.47074819,-0.87650275,0
2.5662632,2.7593086,0.97326159,0.96933925,0.24489722,0.020170808,0
-1.9353619,2.0388734,-0.98955208,-0.10069245,0.47074819,-0.87650275,0
-3.405921,0.87455177,1.8910296,-0.96933925,-0.24489722,-0.020170808,0
0.41821146,-2.8982592,0.63513458,0.10069245,-0.47074819,0.87650275,0
0.074748516,2.1505291,1.0990891,-0.22414845,0.84759748,0.48097399,0
-3.0816798,-0.32124496,-1.4244392,-0.96933925,-0.24489722,-0.020170808,0
-2.2092347,-0.46494985,-2.3963106,-0.10069245,0.47074819,-0.87650275,0
1.0152493,-1.4167995,1.6284643,0.10069245,-0.47074819,0.87650275,0
-0.64539027,-2.3572516,-1.483604,0.22414845,-0.84759748,-0.48097399,0
-1.4800336,1.3561256,-1.4807614,-0.10069245,0.47074819,-0.87650275,0
1.807409,-0.42763317,-2.9233873,-0.10069245,0.47074819,-0.87650275,0
-3.3128564,0.053964615,1.1130559,-0.96933925,-0.24489722,-0.020170808,0
-2.5768175,-2.10079,-0.62172365,-0.96933925,-0.24489722,-0.020170808,0
-3.2404857,1.0429225,-1.4747521,-0.96933925,-0.24489722,-0.020170808,0
-0.66826391,-2.1713352,1.3771822,0.10069245,-0.47074819,0.87650275,0
-3.1649935,2.0843759,-0.33617711,-0.22414845,0.84759748,0.48097399,0
1.9700261,1.4486265,-1.7510237,-0.10069245,0.47074819,-0.87650275,0
-2.2868755,-2.5761693,1.1225562,0.10069245,-0.47074819,0.87650275,0
-0.9341833,1.2415769,2.3474364,-0.22414845,0.84759748,0.48097399,0
-2.9419062,-0.15062118,-0.4948132,-0.96933925,-0.24489722,-0.020170808,0
-3.4990308,1.1158096,0.15302229,-0.96933925,-0.24489722,-0.020170808,0
2.2816222,2.7968147,0.37802505,0.96933925,0.24489722,0.020170808,0
-0.40703487,1.3041518,-1.504343,-0.10069245,0.47074819,-0.87650275,0
-2.482136,2.009306,0.34641245,-0.22414845,0.84759748,0.48097399,0
2.3722334,2.4442968,0.30800939,0.96933925,0.24489722,0.020170808,0
-2.9320862,1.598778,1.2433115,-0.22414845,0.84759748,0.48097399,0
2.4324894,1.094274,-2.0620215,-0.10069245,0.47074819,-0.87650275,0
1.1603792,2.8380449,-1.1045218,-0.10069245,0.47074819,-0.87650275,0
3.045145,-0.7222259,-2.2788081,0.22414845,-0.84759748,-0.48097399,0
2.5025725,2.8167088,0.46472955,0.96933925,0.24489722,0.020170808,0
2.9366541,-0.024469137,0.87045932,0.96933925,0.24489722,0.020170808,0
0.036096454,-0.2370429,-2.5842724,-0.10069245,0.47074819,-0.87650275,0
-2.1729999,-2.0076442,-2.281178,0.22414845,-0.84759748,-0.48097399,0
1.3441105,2.9316792,-0.92930579,-0.10069245,0.47074819,-0.87650275,0
-3.2437816,0.26191831,-1.3775752,-0.96933925,-0.24489722,-0.020170808,0
2.3880489,3.2762847,0.63422108,0.96933925,0.24489722,0.020170808,0
-3.5108182,2.3222084,-0.82145607,-0.96933925,-0.24489722,-0.020170808,0
1.2915192,-0.55040789,-2.527287,-0.10069245,0.47074819,-0.87650275,0
3.0087285,0.56008101,-1.8161037,0.96933925,0.24489722,0.020170808,0
-1.9171095,-2.9578011,-0.88144851,0.22414845,-0.84759748,-0.48097399,0
-1.2829502,-2.4418664,-1.6035168,0.22414845,-0.84759748,-0.48097399,0
-2.651026,-2.4526789,0.46696329,-0.96933925,-0.24489722,-0.020170808,0
-2.4058776,1.4362502,1.7711093,-0.22414845,0.84759748,0.48097399,0
0.96712887,-1.8935552,-1.2565042,0.22414845,-0.84759748,-0.48097399,0
-0.79546416,1.166847,-1.3866256,-0.10069245,0.47074819,-0.87650275,0
-2.8189988,2.2499888,0.12035584,-0.22414845,0.84759748,0.48097399,0
1.1165981,2.2021086,1.4862168,-0.22414845,0.84759748,0.48097399,0
2.1062074,-1.5001161,-1.6830404,0.22414845,-0.84759748,-0.48097399,0
-1.8374517,1.1766053,1.9911345,-0.22414845,0.84759748,0.48097399,0
3.175029,-2.2018104,0.2123419,0.22414845,-0.84759748,-0.48097399,0
2.0872896,3.3793015,-0.36185884,0.96933925,0.24489722,0.020170808,0
-3.2221723,-0.17601848,0.15518379,-0.96933925,-0.24489722,-0.020170808,0
1.653327,-1.0519192,-2.3827662,0.22414845,-0.84759748,-0.48097399,0
-0.45764732,-1.6554278,-2.3311753,0.22414845,-0.84759748,-0.48097399,0
3.3735147,-0.56646502,-0.26452851,0.96933925,0.24489722,0.020170808,0
-3.4253373,1.291833,0.0027782917,-0.96933925,-0.24489722,-0.020170808,0
-2.6117246,1.6256709,-1.0156317,-0.10069245,0.47074819,-0.87650275,0
0.9083041,2.0861902,1.8612307,-0.22414845,0.84759748,0.48097399,0
2.9840951,1.1320376,-1.0670888,0.96933925,0.24489722,0.020170808,0
-2.2451291,-1.2040379,-2.5046082,-0.10069245,0.47074819,-0.87650275,0
-2.4914742,-1.9499357,-1.257206,-0.96933925,-0.24489722,-0.020170808,0
3.3182449,-0.35401404,-0.67126584,0.96933925,0.24489722,0.020170808,0
-2.8806031,-0.035041571,-2.1222296,-0.10069245,0.47074819,-0.87650275,0
-0.59912503,1.7098132,1.5665969,-0.22414845,0.84759748,0.48097399,0
1.8023027,-0.79759169,1.8447033,0.10069245,-0.47074819,0.87650275,0
-2.7971711,0.055241108,-1.9803797,-0.10069245,0.47074819,-0.87650275,0
0.012737751,-2.7604127,-0.18199754,0.22414845,-0.84759748,-0.48097399,0
0.70514274,-0.12667203,1.9334404,0.10069245,-0.47074819,0.87650275,0
3.0238819,-0.1196565,-1.8870792,0.96933925,0.24489722,0.020170808,0
1.6920463,-2.4093642,-0.2684736,0.22414845,-0.84759748,-0.48097399,0
-1.0745397,-3.3610754,0.069071531,0.22414845,-0.84759748,-0.48097399,0
2.5967393,1.0782058,2.4043868,0.96933925,0.24489722,0.020170808,0
2.4105299,2.9094052,0.3827095,0.96933925,0.24489722,0.020170808,0
1.5471625,1.3837574,3.0564733,0.10069245,-0.47074819,0.87650275,0
-0.1118691,-1.9053485,-1.6048317,0.22414845,-0.84759748,-0.48097399,0
1.9343786,-1.3046365,1.3078855,0.10069245,-0.47074819,0.87650275,0
-2.5874076,0.80651546,2.62165,-0.22414845,0.84759748,0.48097399,0
3.4420309,-0.67956895,-0.76723671,0.96933925,0.24489722,0.020170808,0
1.9901941,1.9740472,2.9160542,-0.22414845,0.84759748,0.48097399,0
1.1008132,-1.7655733,1.3708273,0.10069245,-0.47074819,0.87650275,0
3.080626,-0.96990037,-1.817481,0.22414845,-0.84759748,-0.48097399,0
-3.3980668,1.5746461,0.35542202,-0.96933925,-0.24489722,-0.020170808,0
2.734776,0.11079478,-2.541131,-0.10069245,0.47074819,-0.87650275,0
1.6174611,2.4562273,1.2479858,-0.22414845,0.84759748,0.48097399,0
-2.6087027,-2.0195656,0.057765484,-0.96933925,-0.24489722,-0.020170808,0
-2.5380435,1.7386378,0.67816234,-0.22414845,0.84759748,0.48097399,0
-3.1529081,-0.37059402,-0.34816742,-0.96933925,-0.24489722,-0.020170808,0
-1.7309716,2.0082126,0.50716233,-0.22414845,0.84759748,0.48097399,0
-1.5933943,1.0427182,2.8672099,-0.22414845,0.84759748,0.48097399,0
-2.5800805,-1.8351181,-2.4973972,-0.96933925,-0.24489722,-0.020170808,0
-2.3969235,0.17276084,2.8481727,0.10069245,-0.47074819,0.87650275,0
2.8707602,1.3445444,2.3920839,0.96933925,0.24489722,0.020170808,0
0.48939776,-1.4576138,1.4554404,0.10069245,-0.47074819,0.87650275,0
-0.38815546,1.8045065,1.7395169,-0.22414845,0.84759748,0.48097399,0
-3.5955195,1.766957,0.52119982,-0.96933925,-0.24489722,-0.020170808,0
-1.8996134,2.0452898,0.70160699,-0.22414845,0.84759748,0.48097399,0
-2.679688,1.8215919,0.42339331,-0.22414845,0.84759748,0.48097399,0
2.5689158,1.6999609,-0.73641324,0.96933925,0.24489722,0.020170808,0
-0.045286894,3.1868994,-0.50872791,-0.10069245,0.47074819,-0.87650275,0
1.9676332,-1.034297,1.6226337,0.10069245,-0.47074819,0.87650275,0
-0.45065522,2.2695141,1.0149618,-0.22414845,0.84759748,0.48097399,0
-0.26464069,1.220657,2.5390019,-0.22414845,0.84759748,0.48097399,0
1.8171874,-1.6691377,1.0342132,0.10069245,-0.47074819,0.87650275,0
2.6825089,2.3874781,0.5513649,0.96933925,0.24489722,0.020170808,0
3.1018128,0.076708794,0.4551053,0.96933925,0.24489722,0.020170808,0
-2.8922486,-1.2797961,1.2982056,-0.96933925,-0.24489722,-0.020170808,0
-0.18122602,-1.4490557,-2.9109244,0.22414845,-0.84759748,-0.48097399,0
-2.810302,-0.636307,-1.8395109,-0.96933925,-0.24489722,-0.020170808,0
0.52783048,-1.2414186,-2.8825016,0.22414845,-0.84759748,-0.48097399,0
-1.7116911,-0.5071733,2.3296964,0.10069245,-0.47074819,0.87650275,0
2.4077854,2.0527725,-1.374562,0.96933925,0.24489722,0.020170808,0
2.3448708,2.1891255,2.1325738,-0.22414845,0.84759748,0.48097399,0
-3.1581249,0.61427188,1.8954884,-0.96933925,-0.24489722,-0.020170808,0
1.9369184,-1.1425295,-1.9654381,0.22414845,-0.84759748,-0.48097399,0
-2.8272424,-0.93784738,0.5426755,-0.96933925,-0.24489722,-0.020170808,0
-2.1555357,1.7132083,1.0481641,-0.22414845,0.84759748,0.48097399,0
-3.325767,0.92373419,-1.2484437,-0.96933925,-0.24489722,-0.020170808,0
-3.0080144,-0.57699072,0.78563023,-0.96933925,-0.24489722,-0.020170808,0
-1.3945498,-2.4513388,-1.8777752,0.22414845,-0.84759748,-0.48097399,0
1.7809722,-0.073862791,-2.3441761,-0.10069245,0.47074819,-0.87650275,0
2.8755217,0.76291549,0.01608777,0.96933925,0.24489722,0.020170808,0
-2.3712943,1.0663412,2.2746718,-0.22414845,0.84759748,0.48097399,0
0.01487422,2.6357369,0.45538449,-0.22414845,0.84759748,0.48097399,0
-3.2241156,-0.22060144,0.083359957,-0.96933925,-0.24489722,-0.020170808,0
-1.4659638,0.078474998,-2.0883625,-0.10069245,0.47074819,-0.87650275,0
2.0822053,0.42294586,-2.159158,-0.10069245,0.47074819,-0.87650275,0
1.7529542,0.8698051,2.5841577,0.10069245,-0.47074819,0.87650275,0
-2.6815252,0.16226649,-2.028424,-0.10069245,0.47074819,-0.87650275,0
-3.103101,0.24916267,-1.373894,-0.96933925,-0.24489722,-0.020170808,0
2.2141995,2.9823368,-1.1119702,-0.10069245,0.47074819,-0.87650275,0
1.460888,1.5680699,2.9378586,0.10069245,-0.47074819,0.87650275,0
2.6576223,1.4134322,-1.1303267,0.96933925,0.24489722,0.020170808,0
0.94094014,0.59963155,2.496161,0.10069245,-0.47074819,0.87650275,0
-2.2197075,-3.3273644,0.55045938,-0.96933925,-0.24489722,-0.020170808,0
-2.7192369,-1.7726008,-0.36281753,-0.96933925,-0.24489722,-0.020170808,0
-1.7070718,1.7843132,1.3323158,-0.22414845,0.84759748,0.48097399,0
2.9197354,-0.069611549,0.25200772,0.96933925,0.24489722,0.020170808,0
1.6451223,1.3943098,2.8507845,0.10069245,-0.47074819,0.87650275,0
-2.682435,-1.5308628,0.083151102,-0.96933925,-0.24489722,-0.020170808,0
2.0173154,1.350728,-1.8890569,-0.10069245,0.47074819,-0.87650275,0
-2.355655,-1.5039006,1.9169214,0.10069245,-0.47074819,0.87650275,0
-0.044172168,1.8570371,-1.0949035,-0.10069245,0.47074819,-0.87650275,0
-2.7294471,-0.61986816,2.4538875,0.10069245,-0.47074819,0.87650275,0
2.645638,-0.76713389,-2.7391746,0.22414845,-0.84759748,-0.48097399,0
-2.8519151,-1.6301385,0.12073803,-0.96933925,-0.24489722,-0.020170808,0
1.0513065,-0.728266,1.9760599,0.10069245,-0.47074819,0.87650275,0
-0.76838696,1.6848451,1.6611868,-0.22414845,0.84759748,0.48097399,0
-3.2598884,0.31359214,1.5285039,-0.96933925,-0.24489722,-0.020170808,0
-0.85979009,-2.5523002,-0.88723135,0.22414845,-0.84759748,-0.48097399,0
-0.59236145,1.3798245,-1.4445264,-0.10069245,0.47074819,-0.87650275,0
-1.1585196,-1.8780073,-2.1679029,0.22414845,-0.84759748,-0.48097399,0
1.6338599,-1.2644174,-2.6132746,0.22414845,-0.84759748,-0.48097399,0
1.1836996,-1.7543752,-1.2677801,0.22414845,-0.84759748,-0.48097399,0
-0.85726643,2.6108897,0.19268894,-0.22414845,0.84759748,0.48097399,0
1.7372841,2.0027895,2.0924122,-0.22414845,0.84759748,0.48097399,0
-2.8194287,1.7331334,1.2444196,-0.22414845,0.84759748,0.48097399,0
-0.81406879,-1.4242733,-2.6728053,0.22414845,-0.84759748,-0.48097399,0
3.4682441,-1.523644,-0.97710454,0.22414845,-0.84759748,-0.48097399,0
0.41523385,1.2909771,-1.416937,-0.10069245,0.47074819,-0.87650275,0
-2.8750262,-0.47111976,0.34672189,-0.96933925,-0.24489722,-0.020170808,0
-2.6718013,-1.5335449,0.52605438,-0.96933925,-0.24489722,-0.020170808,0
0.52880478,-1.8019949,-1.9995356,0.22414845,-0.84759748,-0.48097399,0
2.6840761,1.260999,-1.5503061,0.96933925,0.24489722,0.020170808,0
1.8212554,-1.4511595,1.3766625,0.10069245,-0.47074819,0.87650275,0
2.7138524,0.65458739,0.63196731,0.96933925,0.24489722,0.020170808,0
0.35592031,-2.9664018,0.449507,0.22414845,-0.84759748,-0.48097399,0
-0.26843047,1.14186,-1.7446765,-0.10069245,0.47074819,-0.87650275,0
0.58601797,0.66514337,-1.8109487,-0.10069245,0.47074819,-0.87650275,0
2.5149405,1.7107091,-0.80011845,0.96933925,0.24489722,0.020170808,0
1.2920706,-2.3714476,0.68287408,0.10069245,-0.47074819,0.87650275,0
-1.1928557,0.30333686,-1.8527555,-0.10069245,0.47074819,-0.87650275,0
-3.1207199,-0.59627068,0.60867763,-0.96933925,-0.24489722,-0.020170808,0
-0.47669864,3.0114772,-0.054610729,-0.22414845,0.84759748,0.48097399,0
-3.0529907,-0.95610058,0.78709412,-0.96933925,-0.24489722,-0.020170808,0
-2.430336,1.2220497,-1.530687,-0.10069245,0.47074819,-0.87650275,0
0.52925849,-2.3232954,0.80988783,0.10069245,-0.47074819,0.87650275,0
3.2774401,-0.1059885,0.37981009,0.96933925,0.24489722,0.020170808,0
2.8717563,1.7006835,-0.80287266,0.96933925,0.24489722,0.020170808,0
2.5796533,1.6717737,0.26284838,0.96933925,0.24489722,0.020170808,0
3.0232999,-0.57218814,-2.8953636,0.22414845,-0.84759748,-0.48097399,0
-2.8914418,-0.18511927,2.6667602,0.10069245,-0.47074819,0.87650275,0
-2.671319,-1.5154217,0.50398493,-0.96933925,-0.24489722,-0.020170808,0
2.9023201,0.93207932,1.2427301,0.96933925,0.24489722,0.020170808,0
2.6105831,1.3353049,0.76730418,0.96933925,0.24489722,0.020170808,0
-1.1343665,-3.5320015,0.57037854,0.10069245,-0.47074819,0.87650275,0
2.6386695,2.4743323,-0.14863014,0.96933925,0.24489722,0.020170808,0
-0.74028563,-2.900569,-0.58039713,0.22414845,-0.84759748,-0.48097399,0
2.9640706,-2.3627524,0.07597208,0.22414845,-0.84759748,-0.48097399,0
0.15669346,-2.5943465,-0.77736688,0.22414845,-0.84759748,-0.48097399,0
-3.2631514,0.78199703,1.8534214,-0.96933925,-0.24489722,-0.020170808,0
0.29025126,-2.1708734,-1.4794335,0.22414845,-0.84759748,-0.48097399,0
-3.1656716,0.68770033,0.78983343,-0.96933925,-0.24489722,-0.020170808,0
3.0026567,-2.0497773,0.93521082,0.10069245,-0.47074819,0.87650275,0
-2.2410855,-3.2413778,0.86549044,0.10069245,-0.47074819,0.87650275,0
-0.68253946,2.4704776,0.27299917,-0.22414845,0.84759748,0.48097399,0
-1.2282333,-0.11275411,2.5875475,0.10069245,-0.47074819,0.87650275,0
1.9920633,1.8407147,2.5068922,-0.22414845,0.84759748,0.48097399,0
-1.5260134,-0.98140836,-2.685328,-0.10069245,0.47074819,-0.87650275,0
1.2649606,-1.3477328,-2.3269677,0.22414845,-0.84759748,-0.48097399,0
1.7788612,-2.0893226,-0.7881242,0.22414845,-0.84759748,-0.48097399,0
-2.8446507,-0.27642655,-1.5509579,-0.96933925,-0.24489722,-0.020170808,0
3.1969705,-1.1455936,1.3719915,0.10069245,-0.47074819,0.87650275,0
0.027652025,1.8309131,2.2596951,-0.22414845,0.84759748,0.48097399,0
-2.0629823,-3.0054026,-0.50557637,0.22414845,-0.84759748,-0.48097399,0
2.6976879,-1.2739913,-1.5936637,0.22414845,-0.84759748,-0.48097399,0
2.4801154,0.025753856,-2.6201408,-0.10069245,0.47074819,-0.87650275,0
2.5586476,0.49048007,-2.4376261,-0.10069245,0.47074819,-0.87650275,0
0.32655692,-2.4464021,-0.77618074,0.22414845,-0.84759748,-0.48097399,0
1.001801,-0.43571186,1.9414513,0.10069245,-0.47074819,0.87650275,0
2.1272955,2.5015993,1.4471948,-0.22414845,0.84759748,0.48097399,0
-2.1757247,-2.5491407,-1.7741387,0.22414845,-0.84759748,-0.48097399,0
1.9403124,2.8480542,0.68542361,-0.22414845,0.84759748,0.48097399,0
-2.9754701,1.6360984,-0.94652534,-0.10069245,0.47074819,-0.87650275,0
2.2019615,3.3237815,-0.24973774,0.96933925,0.24489722,0.020170808,0
1.2777846,0.81920934,2.3722796,0.10069245,-0.47074819,0.87650275,0
-2.8825309,-0.68670368,0.21174717,-0.96933925,-0.24489722,-0.020170808,0
3.4550319,-2.007473,0.12706423,0.96933925,0.24489722,0.020170808,0
2.9078736,-1.1319451,1.5235682,0.10069245,-0.47074819,0.87650275,0
-1.6270406,-2.7040358,1.2348597,0.10069245,-0.47074819,0.87650275,0
1.221617,-2.6425812,0.15226567,0.22414845,-0.84759748,-0.48097399,0
-3.0031314,0.84718865,2.5384591,-0.22414845,0.84759748,0.48097399,0
2.0246425,2.7434888,-0.9680059,-0.10069245,0.47074819,-0.87650275,0
-1.3102469,1.2657719,-1.6582221,-0.10069245,0.47074819,-0.87650275,0
1.0504485,-0.007866621,2.2978578,0.10069245,-0.47074819,0.87650275,0
1.4058897,1.8233513,2.4921696,-0.22414845,0.84759748,0.48097399,0
-1.2073112,-2.7298722,0.76505637,0.10069245,-0.47074819,0.87650275,0
3.2269275,-0.67549825,0.87181902,0.96933925,0.24489722,0.020170808,0
2.8111424,0.1538372,1.90943,0.96933925,0.24489722,0.020170808,0
1.6483052,-2.6591539,0.048743755,0.22414845,-0.84759748,-0.48097399,0
-3.4655938,1.8188832,-0.47998011,-0.96933925,-0.24489722,-0.020170808,0
2.2871127,-0.44078684,-2.9887109,-0.10069245,0.47074819,-0.87650275,0
-3.1915603,2.0501547,0.080620289,-0.22414845,0.84759748,0.48097399,0
0.16791582,0.82639706,-1.8856815,-0.10069245,0.47074819,-0.87650275,0
3.3241563,-1.7220929,1.0215555,0.10069245,-0.47074819,0.87650275,0
-2.0570207,-3.2295187,-0.5644412,0.22414845,-0.84759748,-0.48097399,0
-3.4682169,1.0215645,1.4622908,-0.96933925,-0.24489722,-0.020170808,0
-2.5192645,-2.0439072,0.92434597,-0.96933925,-0.24489722,-0.020170808,0
-2.9414282,-0.48443845,1.784328,-0.96933925,-0.24489722,-0.020170808,0
2.1499195,-1.1648394,-1.7694213,0.22414845,-0.84759748,-0.48097399,0
2.6834302,1.8320328,0.62388539,0.96933925,0.24489722,0.020170808,0
1.0644822,-1.9219874,1.297206,0.10069245,-0.47074819,0.87650275,0
1.9873807,2.5519385,-1.1133351,-0.10069245,0.47074819,-0.87650275,0
3.2919803,-1.1925697,-0.76918292,0.96933925,0.24489722,0.020170808,0
2.5979009,-0.14266062,-2.4644916,-0.10069245,0.47074819,-0.87650275,0
-2.4467304,-3.1369462,0.80694151,-0.96933925,-0.24489722,-0.020170808,0
-3.1366003,0.17831576,0.80846024,-0.96933925,-0.24489722,-0.020170808,0
-0.90389013,-0.72081029,1.9013908,0.10069245,-0.47074819,0.87650275,0
1.3727807,2.5493543,1.0100842,-0.22414845,0.84759748,0.48097399,0
-2.1611774,-1.5358362,-2.8574219,-0.10069245,0.47074819,-0.87650275,0
-0.01783824,-3.0479133,0.17692709,0.22414845,-0.84759748,-0.48097399,0
-0.48687351,1.2599819,2.4397309,-0.22414845,0.84759748,0.48097399,0
0.23492202,-0.64472008,1.9449141,0.10069245,-0.47074819,0.87650275,0
1.2571267,1.608104,2.9858184,-0.22414845,0.84759748,0.48097399,0
-0.83528048,0.59909582,-1.942153,-0.10069245,0.47074819,-0.87650275,0
3.3224316,-1.8132551,0.84985781,0.10069245,-0.47074819,0.87650275,0
0.20059013,-2.5362852,-0.80276513,0.22414845,-0.84759748,-0.48097399,0
0.6390698,-2.7051272,0.11504459,0.22414845,-0.84759748,-0.48097399,0
2.080524,3.334394,-0.37636137,0.96933925,0.24489722,0.020170808,0
-0.8309927,2.982626,-0.46681857,-0.22414845,0.84759748,0.48097399,0
-0.42636442,-1.7366896,1.3861496,0.10069245,-0.47074819,0.87650275,0
-0.71417427,0.45179224,-2.0355968,-0.10069245,0.47074819,-0.87650275,0
-3.4984722,2.2470315,-0.48317981,-0.22414845,0.84759748,0.48097399,0
-2.2961962,-0.39390123,2.2799075,0.10069245,-0.47074819,0.87650275,0
0.50269699,-1.626753,-1.8659343,0.22414845,-0.84759748,-0.48097399,0
-0.098605096,-0.84323776,1.6795084,0.10069245,-0.47074819,0.87650275,0
-1.3702722,1.8365874,1.4542233,-0.22414845,0.84759748,0.48097399,0
2.4516916,2.6507781,1.7296646,-0.22414845,0.84759748,0.48097399,0
0.61430168,-2.9330781,0.76246011,0.10069245,-0.47074819,0.87650275,0
2.5681016,1.4655187,-1.0441194,0.96933925,0.24489722,0.020170808,0
0.15303874,1.7958264,2.1885116,-0.22414845,0.84759748,0.48097399,0
2.7425156,-1.1586801,-2.2913623,0.22414845,-0.84759748,-0.48097399,0
0.24056935,3.1408947,-0.59320807,-0.22414845,0.84759748,0.48097399,0
-2.6130178,-1.6530739,-0.1313622,-0.96933925,-0.24489722,-0.020170808,0
-2.7458642,1.9270402,0.33734661,-0.22414845,0.84759748,0.48097399,0
1.0708474,-1.2192869,-2.1726773,0.22414845,-0.84759748,-0.48097399,0
3.2535136,-0.5612883,-2.5338604,0.96933925,0.24489722,0.020170808,0
-2.2046304,-2.7217829,-0.59604335,-0.96933925,-0.24489722,-0.020170808,0
-1.7872064,2.3404784,-0.6966337,-0.10069245,0.47074819,-0.87650275,0
-2.8556533,-0.31943941,1.1431308,-0.96933925,-0.24489722,-0.020170808,0
0.85971844,2.1479504,2.2181962,-0.22414845,0.84759748,0.48097399,0
-3.0298357,-0.78095877,1.0844209,-0.96933925,-0.24489722,-0.020170808,0
2.814527,1.0138483,0.81611586,0.96933925,0.24489722,0.020170808,0
-0.99105489,2.1778851,0.62385654,-0.22414845,0.84759748,0.48097399,0
-1.8883775,2.0559647,1.0694983,-0.22414845,0.84759748,0.48097399,0
-0.63705587,2.8915379,-0.071185708,-0.22414845,0.84759748,0.48097399,0
-1.1083692,0.57596922,2.9189954,0.10069245,-0.47074819,0.87650275,0
3.0430012,-1.331589,-1.3624761,0.22414845,-0.84759748,-0.48097399,0
-2.8236029,-1.5585762,-0.20164824,-0.96933925,-0.24489722,-0.020170808,0
3.034843,-0.072969839,-1.375905,0.96933925,0.24489722,0.020170808,0
-1.9822972,-1.541847,-2.9806905,-0.10069245,0.47074819,-0.87650275,0
2.9052269,1.5586466,-1.2221527,0.96933925,0.24489722,0.020170808,0
0.045438349,0.4061048,2.5417657,0.10069245,-0.47074819,0.87650275,0
-0.71500784,-1.1605204,1.5342567,0.10069245,-0.47074819,0.87650275,0
-1.964587,-3.4965239,0.19516325,0.22414845,-0.84759748,-0.48097399,0
-0.84942269,-2.4102964,1.1453849,0.10069245,-0.47074819,0.87650275,0
0.78212476,-2.4340594,-0.31512773,0.22414845,-0.84759748,-0.48097399,0
3.0474741,-2.1154213,0.75338542,0.10069245,-0.47074819,0.87650275,0
1.0776489,3.0845292,-0.80865836,-0.10069245,0.47074819,-0.87650275,0
1.2765644,2.6088943,1.1099417,-0.22414845,0.84759748,0.48097399,0
3.4156327,-0.51097858,-0.77153897,0.96933925,0.24489722,0.020170808,0
-2.2110703,-3.1476431,-0.15391684,-0.96933925,-0.24489722,-0.020170808,0
1.900496,-0.30047607,1.791353,0.10069245,-0.47074819,0.87650275,0
-0.63977039,-1.5408113,-2.6740465,0.22414845,-0.84759748,-0.48097399,0
2.7362604,1.71103,0.82276869,0.96933925,0.24489722,0.020170808,0
1.866276,0.73648834,2.3576481,0.10069245,-0.47074819,0.87650275,0
-2.9384286,1.7053633,0.58711421,-0.22414845,0.84759748,0.48097399,0
-1.0685191,2.0623512,-0.96698052,-0.10069245,0.47074819,-0.87650275,0
3.4559319,-1.4197042,0.53256655,0.96933925,0.24489722,0.020170808,0
-0.58228803,-2.6229656,1.0130668,0.10069245,-0.47074819,0.87650275,0
-1.7592651,0.38062751,2.464545,0.10069245,-0.47074819,0.87650275,0
3.5206747,-0.9638648,-1.6309711,0.96933925,0.24489722,0.020170808,0
0.55465627,1.9281166,2.3471458,-0.22414845,0.84759748,0.48097399,0
-2.0228639,-3.5758901,0.060883045,-0.96933925,-0.24489722,-0.020170808,0
-3.3050218,2.2169647,0.13060057,-0.22414845,0.84759748,0.48097399,0
-0.65332603,-2.9223905,-0.18378377,0.22414845,-0.84759748,-0.48097399,0
-1.5356776,1.0200166,2.5912061,-0.22414845,0.84759748,0.48097399,0
-2.4638815,-2.1957703,-1.9570923,-0.96933925,-0.24489722,-0.020170808,0
-3.578692,1.1251168,0.75323987,-0.96933925,-0.24489722,-0.020170808,0
2.0469124,0.42717481,2.2234406,0.10069245,-0.47074819,0.87650275,0
-2.5673501,-2.2145705,-1.9028919,-0.96933925,-0.24489722,-0.020170808,0
-1.2598861,1.817939,1.1759001,-0.22414845,0.84759748,0.48097399,0
-1.949007,-3.265202,0.53235054,0.10069245,-0.47074819,0.87650275,0
2.1313932,-0.94332415,-2.4196093,0.22414845,-0.84759748,-0.48097399,0
-0.53255355,-0.1884582,2.1747808,0.10069245,-0.47074819,0.87650275,0
-2.0801923,-3.4529905,0.12836885,-0.96933925,-0.24489722,-0.020170808,0
-1.5545577,0.94606662,-1.7262682,-0.10069245,0.47074819,-0.87650275,0
2.8716834,0.31603193,1.2750707,0.96933925,0.24489722,0.020170808,0
3.7635853,-2.090378,0.40627468,0.96933925,0.24489722,0.020170808,0
0.53504586,-1.2963623,1.3199997,0.10069245,-0.47074819,0.87650275,0
-1.2426697,-1.4972069,-3.0578818,-0.10069245,0.47074819,-0.87650275,0
-1.3291228,2.6251628,0.1504187,-0.22414845,0.84759748,0.48097399,0
0.88498831,2.91852,0.15154195,-0.22414845,0.84759748,0.48097399,0
2.5068851,2.331109,-0.54268837,0.96933925,0.24489722,0.020170808,0
2.6161332,-0.71128839,-2.4691861,0.22414845,-0.84759748,-0.48097399,0
1.7325594,0.70759344,2.5136638,0.10069245,-0.47074819,0.87650275,0
-1.2357337,2.5905752,0.037841439,-0.22414845,0.84759748,0.48097399,0
-2.7162321,-0.92796463,-0.26351571,-0.96933925,-0.24489722,-0.020170808,0
2.3957911,2.7030666,0.9260323,0.96933925,0.24489722,0.020170808,0
-0.94619977,2.0022166,1.059311,-0.22414845,0.84759748,0.48097399,0
-2.6447237,-1.0209419,-0.51497245,-0.96933925,-0.24489722,-0.020170808,0
1.9360192,-1.4248918,-1.4699423,0.22414845,-0.84759748,-0.48097399,0
1.4012548,0.50991893,2.5212896,0.10069245,-0.47074819,0.87650275,0
-1.6003737,0.075707912,-1.9888563,-0.10069245,0.47074819,-0.87650275,0
-2.058445,-2.3298502,-2.1103852,0.22414845,-0.84759748,-0.48097399,0
2.2735519,-2.3032479,0.10772926,0.22414845,-0.84759748,-0.48097399,0
-3.3199685,0.54783034,-1.5936459,-0.10069245,0.47074819,-0.87650275,0
-2.7051523,-1.9123507,-2.4965942,-0.96933925,-0.24489722,-0.020170808,0
1.1514068,-2.9392152,0.17203259,0.22414845,-0.84759748,-0.48097399,0
0.50594926,2.5531707,1.0857964,-0.22414845,0.84759748,0.48097399,0
2.8406234,0.45501661,-2.2787256,0.96933925,0.24489722,0.020170808,0
-3.1733246,-0.30108547,-0.223248,-0.96933925,-0.24489722,-0.020170808,0
-2.4596181,1.4495561,-1.1197352,-0.10069245,0.47074819,-0.87650275,0
0.18350816,-2.5151343,1.0423841,0.10069245,-0.47074819,0.87650275,0
-0.061175346,2.4511118,-0.95998073,-0.10069245,0.47074819,-0.87650275,0
-3.0381541,0.22759223,-0.9204886,-0.96933925,-0.24489722,-0.020170808,0
-1.6402798,1.9180422,-1.2882328,-0.10069245,0.47074819,-0.87650275,0
-2.6334586,-2.1008251,0.92010903,-0.96933925,-0.24489722,-0.020170808,0
3.3794231,-0.72456849,-0.62665498,0.96933925,0.24489722,0.020170808,0
0.37686169,-1.126318,-2.9592667,-0.10069245,0.47074819,-0.87650275,0
1.0958574,-1.1705562,-2.2808745,0.22414845,-0.84759748,-0.48097399,0
2.9599321,1.2489437,-1.3251083,0.96933925,0.24489722,0.020170808,0
3.2886956,-0.13388586,0.66459346,0.96933925,0.24489722,0.020170808,0
-2.4402342,-3.1876366,0.79684925,-0.96933925,-0.24489722,-0.020170808,0
-2.1537585,-3.3146174,-0.094649315,-0.96933925,-0.24489722,-0.020170808,0
0.19532919,2.47686,0.68836105,-0.22414845,0.84759748,0.48097399,0
-1.4251707,-2.9311655,1.030627,0.10069245,-0.47074819,0.87650275,0
2.2285557,1.3421627,-1.9760028,-0.10069245,0.47074819,-0.87650275,0
1.7416531,-1.5558428,-1.7945657,0.22414845,-0.84759748,-0.48097399,0
-3.5624781,1.6034231,-0.14659584,-0.96933925,-0.24489722,-0.020170808,0
2.4452953,1.6771829,3.0012419,-0.22414845,0.84759748,0.48097399,0
0.68277526,2.8049507,0.93434,-0.22414845,0.84759748,0.48097399,0
-0.8516376,-1.7604346,-2.6211553,0.22414845,-0.84759748,-0.48097399,0
2.8174584,1.4811943,-0.95912576,0.96933925,0.24489722,0.020170808,0
2.9141653,-0.017653465,-0.53235149,0.96933925,0.24489722,0.020170808,0
-2.9616594,-0.028034687,-1.9491764,-0.10069245,0.47074819,-0.87650275,0
1.5016841,2.1905124,2.2137525,-0.22414845,0.84759748,0.48097399,0
2.7998753,1.6674945,0.11417127,0.96933925,0.24489722,0.020170808,0
2.4258311,2.0054319,1.5679758,0.96933925,0.24489722,0.020170808,0
-0.33012378,2.1353688,-1.3078701,-0.10069245,0.47074819,-0.87650275,0
-3.08005,0.059418201,-2.045229,-0.96933925,-0.24489722,-0.020170808,0
2.4619942,3.1907904,0.274786,0.96933925,0.24489722,0.020170808,0
0.00030183792,1.6758909,2.1694734,-0.22414845,0.84759748,0.48097399,0
-0.21366554,-0.50334454,-2.737649,-0.10069245,0.47074819,-0.87650275,0
0.22068095,2.1422193,1.3361865,-0.22414845,0.84759748,0.48097399,0
2.7146339,0.59382606,1.8708801,0.96933925,0.24489722,0.020170808,0
-3.1073673,0.59040213,2.2980027,-0.22414845,0.84759748,0.48097399,0
2.6488853,0.48021305,-2.3926625,-0.10069245,0.47074819,-0.87650275,0
2.4947276,1.757754,1.8189316,0.96933925,0.24489722,0.020170808,0
3.0574925,-0.25100815,-1.2086154,0.96933925,0.24489722,0.020170808,0
1.5016634,2.1041594,2.2627919,-0.22414845,0.84759748,0.48097399,0
1.7267346,-1.2994015,1.4599138,0.10069245,-0.47074819,0.87650275,0
-2.7891998,-2.0013814,-0.25323153,-0.96933925,-0.24489722,-0.020170808,0
1.3320198,3.3269279,0.092635155,-0.22414845,0.84759748,0.48097399,0
-0.068956271,-0.29048467,2.0921297,0.10069245,-0.47074819,0.87650275,0
-1.4867558,-3.0465343,0.72392464,0.10069245,-0.47074819,0.87650275,0
0.36696112,0.54826307,-2.2428474,-0.10069245,0.47074819,-0.87650275,0
-1.1559088,-2.9246225,-0.65558243,0.22414845,-0.84759748,-0.48097399,0
1.948629,-0.62682247,-2.9364042,-0.10069245,0.47074819,-0.87650275,0
2.2214074,-1.7772948,-1.4245222,0.22414845,-0.84759748,-0.48097399,0
0.30852187,-1.6254091,-2.5374503,0.22414845,-0.84759748,-0.48097399,0
-0.19969046,1.5047818,-1.4584008,-0.10069245,0.47074819,-0.87650275,0
1.1240344,2.9167793,0.90943956,-0.22414845,0.84759748,0.48097399,0
0.056884766,-1.3658496,1.4618104,0.10069245,-0.47074819,0.87650275,0
2.214685,-1.609849,1.2677109,0.10069245,-0.47074819,0.87650275,0
-2.7774725,-1.6256688,-1.6414013,-0.96933925,-0.24489722,-0.020170808,0
1.3404799,1.538407,-1.5742061,-0.10069245,0.47074819,-0.87650275,0
-2.5142956,-1.5558922,-2.0377262,-0.96933925,-0.24489722,-0.020170808,0
-0.9010855,-1.7402018,-2.6426606,0.22414845,-0.84759748,-0.48097399,0
3.2118683,-0.62159324,0.64254141,0.96933925,0.24489722,0.020170808,0
0.26540303,2.8117013,-0.047169924,-0.22414845,0.84759748,0.48097399,0
-0.27732766,1.0805182,3.0653093,0.10069245,-0.47074819,0.87650275,0
-2.7913713,-0.56058288,2.4099627,0.10069245,-0.47074819,0.87650275,0
3.5112691,-1.6564951,0.94809639,0.96933925,0.24489722,0.020170808,0
2.4601626,-0.084338784,-2.6019855,-0.10069245,0.47074819,-0.87650275,0
1.3362672,-1.4648367,-2.0709167,0.22414845,-0.84759748,-0.48097399,0
-3.7680027,1.8878431,-0.45723844,-0.96933925,-0.24489722,-0.020170808,0
1.0676111,1.9726075,2.4371696,-0.22414845,0.84759748,0.48097399,0
-1.5568228,0.085473776,-2.1056185,-0.10069245,0.47074819,-0.87650275,0
1.9583356,2.612267,-0.93219686,-0.10069245,0.47074819,-0.87650275,0
-2.7179122,2.393415,-0.14343375,-0.22414845,0.84759748,0.48097399,0
1.1122878,2.7583203,0.83386159,-0.22414845,0.84759748,0.48097399,0
-2.7376418,-1.6769142,-2.4570284,-0.96933925,-0.24489722,-0.020170808,0
-0.40974283,2.7051685,0.27753198,-0.22414845,0.84759748,0.48097399,0
3.0978134,-0.48194063,-2.6186192,0.96933925,0.24489722,0.020170808,0
3.3121276,-1.6350231,-0.52122319,0.22414845,-0.84759748,-0.48097399,0
-3.2904527,0.57886434,-1.0141959,-0.96933925,-0.24489722,-0.020170808,0
-0.64132243,1.1868238,-1.7391773,-0.10069245,0.47074819,-0.87650275,0
-2.3442736,-2.6660676,0.61053276,-0.96933925,-0.24489722,-0.020170808,0
2.0352719,-2.3141561,0.88364232,0.10069245,-0.47074819,0.87650275,0
0.19480824,-0.99448419,-2.9590292,0.22414845,-0.84759748,-0.48097399,0
-1.6431334,-1.6094093,1.4189316,0.10069245,-0.47074819,0.87650275,0
-2.4741483,-1.7977722,-2.3679194,-0.96933925,-0.24489722,-0.020170808,0
2.925333,0.52996296,-2.1276414,-0.10069245,0.47074819,-0.87650275,0
2.1556113,-2.4574208,0.52121389,0.10069245,-0.47074819,0.87650275,0
-2.9066269,2.4090571,-0.45923883,-0.22414845,0.84759748,0.48097399,0
-0.1477375,-3.1372118,-0.028105974,0.22414845,-0.84759748,-0.48097399,0
2.5511246,1.8107305,1.3892479,0.96933925,0.24489722,0.020170808,0
0.43884766,1.390921,2.6487515,-0.22414845,0.84759748,0.48097399,0
0.84603727,1.4325083,-1.5647485,-0.10069245,0.47074819,-0.87650275,0
2.9889486,0.31843543,-0.4121666,0.96933925,0.24489722,0.020170808,0
2.7752457,1.9146733,0.18415666,0.96933925,0.24489722,0.020170808,0
1.7508059,-1.0431781,1.4085873,0.10069245,-0.47074819,0.87650275,0
-0.25242972,2.9752498,-0.027897,-0.22414845,0.84759748,0.48097399,0
-0.16461658,2.5364857,-0.90473628,-0.10069245,0.47074819,-0.87650275,0
-0.38554215,-2.5095556,1.1798593,0.10069245,-0.47074819,0.87650275,0
2.9025798,-1.0217662,-2.3421657,0.22414845,-0.84759748,-0.48097399,0
3.4600151,-0.81255221,0.49754167,0.96933925,0.24489722,0.020170808,0
2.3436928,-0.60520685,-2.6778259,0.22414845,-0.84759748,-0.48097399,0
1.0593551,1.4170299,2.7090278,0.10069245,-0.47074819,0.87650275,0
-3.0390253,-0.1465677,0.17745471,-0.96933925,-0.24489722,-0.020170808,0
-1.4964577,1.3172082,1.7812678,-0.22414845,0.84759748,0.48097399,0
-2.9764812,-0.74296188,0.31394625,-0.96933925,-0.24489722,-0.020170808,0
-1.6729754,2.1563382,0.8039192,-0.22414845,0.84759748,0.48097399,0
-2.9494226,0.021684647,-1.0721989,-0.96933925,-0.24489722,-0.020170808,0
2.5442553,1.5243396,0.86583567,0.96933925,0.24489722,0.020170808,0
-0.89926362,2.9929409,-0.084949017,-0.22414845,0.84759748,0.48097399,0
2.777246,1.4936188,0.86205792,0.96933925,0.24489722,0.020170808,0
3.0459166,0.68648243,1.001461,0.96933925,0.24489722,0.020170808,0
-1.1822667,2.3075631,-0.79160845,-0.10069245,0.47074819,-0.87650275,0
-1.5018337,0.22406745,2.3669848,0.10069245,-0.47074819,0.87650275,0
2.8801243,-1.1685209,-1.5149853,0.22414845,-0.84759748,-0.48097399,0
2.4791446,1.8169787,0.84216261,0.96933925,0.24489722,0.020170808,0
1.6204017,-0.95490074,1.4819655,0.10069245,-0.47074819,0.87650275,0
2.4179835,1.4953108,2.6074181,0.10069245,-0.47074819,0.87650275,0
2.6253836,0.90792346,2.3189147,0.96933925,0.24489722,0.020170808,0
