4.2817736,0.097905278,0.53711462,0.94030255,-0.33996874,-0.015882254,0
3.4358382,-1.7630892,-1.7473736,0.94030255,-0.33996874,-0.015882254,0
3.9599364,-0.64509642,-0.62963223,0.94030255,-0.33996874,-0.015882254,0
-4.5171394,-0.36447549,0.83850384,-0.94030255,0.33996874,0.015882254,0
-0.30331898,0.17457068,2.8336258,0.23385799,0.61150336,0.75589281,0
-1.3807273,-1.9985504,-0.5537008,-0.23385799,-0.61150336,-0.75589281,0
-1.8205173,0.50452185,-2.5432525,-0.23385799,-0.61150336,-0.75589281,0
-3.4330466,2.0373273,-0.64075327,-0.94030255,0.33996874,0.015882254,0
4.0702085,-0.70557958,1.4320974,0.94030255,-0.33996874,-0.015882254,0
0.96383607,-0.44173101,2.7134318,0.23385799,0.61150336,0.75589281,0
1.1433358,2.2471647,0.62485945,0.23385799,0.61150336,0.75589281,0
-3.5164411,-1.206907,-0.78411007,-0.23385799,-0.61150336,-0.75589281,0
-2.3528748,2.2857971,1.2641755,0.23385799,0.61150336,0.75589281,0
-1.2531378,0.036833011,-2.0980263,-0.23385799,-0.61150336,-0.75589281,0
0.40234065,-1.1473569,-1.7800093,-0.23385799,-0.61150336,-0.75589281,0
1.8243821,1.9997991,0.54064214,0.23385799,0.61150336,0.75589281,0
-2.3713365,2.9888842,0.84172225,0.23385799,0.61150336,0.75589281,0
-4.2482243,0.28011584,-0.60279846,-0.94030255,0.33996874,0.015882254,0
3.4187942,-2.5766222,1.0683508,0.94030255,-0.33996874,-0.015882254,0
-1.6419764,-0.62492287,1.5666904,-0.24726783,-0.71448219,0.65450269,0
-0.26141858,1.9711436,1.1035773,0.23385799,0.61150336,0.75589281,0
-2.1499507,-0.51365066,-1.5843811,-0.23385799,-0.61150336,-0.75589281,0
3.7787671,-1.2821023,-0.92491484,0.94030255,-0.33996874,-0.015882254,0
-4.145278,-0.87670469,0.22814035,-0.24726783,-0.71448219,0.65450269,0
-3.1500514,-0.62515092,0.96001625,-0.24726783,-0.71448219,0.65450269,0
-0.48603725,-2.4687612,0.25954032,-0.24726783,-0.71448219,0.65450269,0
2.9362063,-3.4699922,0.054349422,0.94030255,-0.33996874,-0.015882254,0
3.8646626,-0.49075103,-1.9688513,0.94030255,-0.33996874,-0.015882254,0
-3.1724274,2.5191298,-1.2863173,-0.94030255,0.33996874,0.015882254,0
0.052324295,-1.8571558,-1.2579341,-0.23385799,-0.61150336,-0.75589281,0
-3.5493426,1.6901453,2.2277761,-0.94030255,0.33996874,0.015882254,0
0.20533776,1.122228,1.5437491,0.23385799,0.61150336,0.75589281,0
-4.1671853,0.82264864,-0.81192064,-0.94030255,0.33996874,0.015882254,0
-0.60445672,-2.3477144,0.10771996,-0.24726783,-0.71448219,0.65450269,0
-0.26570797,-0.86416835,1.7091951,-0.24726783,-0.71448219,0.65450269,0
-3.6583328,0.44219023,-1.8030598,-0.23385799,-0.61150336,-0.75589281,0
-3.5652108,1.5554035,0.027034283,-0.94030255,0.33996874,0.015882254,0
0.54763484,-1.4170004,1.7858269,-0.24726783,-0.71448219,0.65450269,0
1.4339759,1.0518746,-1.4539858,0.24726783,0.71448219,-0.65450269,0
3.8635087,-1.2597579,-1.0392826,0.94030255,-0.33996874,-0.015882254,0
-1.9475507,-0.58908308,1.4775707,-0.24726783,-0.71448219,0.65450269,0
0.45102787,-0.67026889,-2.4337234,-0.23385799,-0.61150336,-0.75589281,0
-2.5545521,2.3843517,-1.3599966,0.24726783,0.71448219,-0.65450269,0
-2.8017824,3.2609556,-0.67973828,0.24726783,0.71448219,-0.65450269,0
3.8979518,-1.2921585,0.91722536,0.94030255,-0.33996874,-0.015882254,0
-2.1357508,2.1097264,1.4875922,0.23385799,0.61150336,0.75589281,0
1.5030311,-3.2715983,-0.13703454,-0.24726783,-0.71448219,0.65450269,0
0.79355979,-1.6526357,-1.4363033,-0.23385799,-0.61150336,-0.75589281,0
-4.2908525,0.40766859,-0.30396128,-0.94030255,0.33996874,0.015882254,0
-3.7464712,1.09171,0.94213748,-0.94030255,0.33996874,0.015882254,0
-3.9068601,0.46293235,0.99878144,-0.94030255,0.33996874,0.015882254,0
3.6804376,-1.6435548,-2.3482289,0.94030255,-0.33996874,-0.015882254,0
3.5108666,-2.4927161,0.81367517,0.94030255,-0.33996874,-0.015882254,0
0.1316936,-1.3441767,-1.7860515,-0.23385799,-0.61150336,-0.75589281,0
-4.3749528,-0.065301418,-0.18043613,-0.94030255,0.33996874,0.015882254,0
4.4679618,0.13460016,0.19736433,0.94030255,-0.33996874,-0.015882254,0
3.7600393,-0.94996643,-1.6311042,0.94030255,-0.33996874,-0.015882254,0
0.89359164,-3.3364704,-0.16122162,-0.24726783,-0.71448219,0.65450269,0
3.1336973,-3.0868821,-0.030785322,0.94030255,-0.33996874,-0.015882254,0
3.7050605,-2.0669496,0.039750576,0.94030255,-0.33996874,-0.015882254,0
-3.4990764,-1.5496264,0.25738335,-0.24726783,-0.71448219,0.65450269,0
1.8184608,-1.8096063,1.9516754,-0.24726783,-0.71448219,0.65450269,0
-4.5510392,-0.72015977,0.28762054,-0.94030255,0.33996874,0.015882254,0
-3.4433115,1.6308501,2.3305762,-0.94030255,0.33996874,0.015882254,0
4.1838708,-0.19752276,1.2080197,0.94030255,-0.33996874,-0.015882254,0
-1.6173302,-1.621121,0.38189697,-0.24726783,-0.71448219,0.65450269,0
4.5768733,0.29905796,0.62879944,0.94030255,-0.33996874,-0.015882254,0
1.6288836,-1.4492728,2.3479495,-0.24726783,-0.71448219,0.65450269,0
3.3954535,-2.2051477,0.71433115,0.94030255,-0.33996874,-0.015882254,0
-3.5196137,1.7695193,1.1873543,-0.94030255,0.33996874,0.015882254,0
-1.365628,-2.3390875,0.011253476,-0.24726783,-0.71448219,0.65450269,0
0.80760211,2.345278,-0.22498655,0.24726783,0.71448219,-0.65450269,0
-3.0781565,2.9049807,0.75814009,-0.94030255,0.33996874,0.015882254,0
3.4769616,-2.0516372,0.099119425,0.94030255,-0.33996874,-0.015882254,0
3.2774596,-2.2388515,-1.9614308,0.94030255,-0.33996874,-0.015882254,0
-4.4685049,-0.684237,-0.012032986,-0.94030255,0.33996874,0.015882254,0
1.5794644,0.3221612,1.737329,0.23385799,0.61150336,0.75589281,0
-2.0150266,-1.987879,-0.15123916,-0.23385799,-0.61150336,-0.75589281,0
1.5207582,1.4173727,-0.90363562,0.24726783,0.71448219,-0.65450269,0
-1.1100229,-1.9533145,0.45186591,-0.24726783,-0.71448219,0.65450269,0
4.5632157,1.4403484,-0.0098519325,0.24726783,0.71448219,-0.65450269,0
-3.1529565,2.4858613,0.39179468,-0.94030255,0.33996874,0.015882254,0
4.0683546,-0.59436387,2.0226083,0.23385799,0.61150336,0.75589281,0
-3.903419,0.71811724,2.5688927,-0.24726783,-0.71448219,0.65450269,0
-1.8607526,-0.25335279,-2.0011365,-0.23385799,-0.61150336,-0.75589281,0
3.0169647,-1.0351733,-2.9502439,-0.23385799,-0.61150336,-0.75589281,0
3.2535791,-2.281183,1.4022615,0.94030255,-0.33996874,-0.015882254,0
-0.19921637,2.4288292,0.52218974,0.23385799,0.61150336,0.75589281,0
2.6212089,-0.40906641,2.1535554,0.23385799,0.61150336,0.75589281,0
0.36163563,-1.4515835,1.8303715,-0.24726783,-0.71448219,0.65450269,0
4.1900582,-0.51303601,1.7783341,0.94030255,-0.33996874,-0.015882254,0
-4.1182566,0.79456496,2.2104321,-0.94030255,0.33996874,0.015882254,0
3.1781209,-0.96408069,2.5906744,0.23385799,0.61150336,0.75589281,0
3.4623747,-2.0839722,0.57793164,0.94030255,-0.33996874,-0.015882254,0
1.1975753,-3.4266596,-0.079233885,-0.24726783,-0.71448219,0.65450269,0
4.4166465,0.037770987,-0.95949936,0.94030255,-0.33996874,-0.015882254,0
-2.7354994,3.2271986,-0.27346683,0.24726783,0.71448219,-0.65450269,0
-2.9577985,-1.7834035,0.23681068,-0.24726783,-0.71448219,0.65450269,0
-2.9687662,3.2609794,1.0909042,-0.94030255,0.33996874,0.015882254,0
2.2728424,1.1900058,-1.0176857,0.24726783,0.71448219,-0.65450269,0
-1.6044042,-0.47043252,2.0730162,-0.24726783,-0.71448219,0.65450269,0
2.1929162,-3.7241592,-0.29212439,-0.24726783,-0.71448219,0.65450269,0
-3.317152,2.1521549,-0.5210166,-0.94030255,0.33996874,0.015882254,0
4.0896573,1.5191944,0.24196768,0.23385799,0.61150336,0.75589281,0
-3.8978186,-0.33328009,-1.2930386,-0.23385799,-0.61150336,-0.75589281,0
-3.6605687,0.47549927,-2.159795,-0.23385799,-0.61150336,-0.75589281,0
-1.7390294,-0.21406633,-1.9830064,-0.23385799,-0.61150336,-0.75589281,0
-1.2247936,-2.1097677,0.44276929,-0.24726783,-0.71448219,0.65450269,0
1.396932,2.1311603,0.6983515,0.23385799,0.61150336,0.75589281,0
4.4764805,0.59857535,-0.68105793,0.94030255,-0.33996874,-0.015882254,0
-1.5002557,1.7387565,-1.8163224,0.24726783,0.71448219,-0.65450269,0
1.247049,0.66492128,1.8715909,0.23385799,0.61150336,0.75589281,0
-4.1375713,0.43480301,1.1534865,-0.94030255,0.33996874,0.015882254,0
-2.9609766,-2.011672,0.015675545,-0.24726783,-0.71448219,0.65450269,0
0.80536675,-2.6410069,0.42520058,-0.24726783,-0.71448219,0.65450269,0
-0.93977857,0.6834017,2.6007509,0.23385799,0.61150336,0.75589281,0
-1.6923685,-0.25035775,-2.0138783,-0.23385799,-0.61150336,-0.75589281,0
2.5398757,2.1289804,0.1248703,0.24726783,0.71448219,-0.65450269,0
3.2611618,-2.6354744,-1.2067776,0.94030255,-0.33996874,-0.015882254,0
-2.6443746,-1.7624203,-0.56633329,-0.23385799,-0.61150336,-0.75589281,0
-3.1067946,3.0088081,-0.57444239,-0.94030255,0.33996874,0.015882254,0
-2.111541,-0.83834225,-1.1167331,-0.23385799,-0.61150336,-0.75589281,0
-2.895288,-1.7185916,-0.14871144,-0.23385799,-0.61150336,-0.75589281,0
1.8490567,-2.0807369,-1.7794697,-0.23385799,-0.61150336,-0.75589281,0
0.50392747,-2.257179,-1.0632,-0.23385799,-0.61150336,-0.75589281,0
-0.16573113,1.2935429,-1.6764704,0.24726783,0.71448219,-0.65450269,0
-2.7061496,-1.23369,-0.76697993,-0.23385799,-0.61150336,-0.75589281,0
-1.1916287,-1.8872541,0.31994069,-0.24726783,-0.71448219,0.65450269,0
-4.1163459,0.48622417,1.2667954,-0.94030255,0.33996874,0.015882254,0
0.80680776,-2.8256474,0.29268783,-0.24726783,-0.71448219,0.65450269,0
0.01488328,0.16149211,-2.6487322,-0.23385799,-0.61150336,-0.75589281,0
-2.7584271,-0.092135489,-1.6093676,-0.23385799,-0.61150336,-0.75589281,0
-1.847585,-0.55322564,-1.4107552,-0.23385799,-0.61150336,-0.75589281,0
-0.24478364,-2.944386,-0.34828493,-0.23385799,-0.61150336,-0.75589281,0
2.7189984,0.31640804,-1.5418493,0.24726783,0.71448219,-0.65450269,0
-2.5541458,-1.6976513,-0.3145597,-0.23385799,-0.61150336,-0.75589281,0
-1.8553357,1.8853718,1.8042276,0.23385799,0.61150336,0.75589281,0
0.73385835,-2.0407081,-1.0495672,-0.23385799,-0.61150336,-0.75589281,0
3.6881754,-1.7200791,2.023737,0.94030255,-0.33996874,-0.015882254,0
-3.929549,-1.2663026,-0.57540607,-0.23385799,-0.61150336,-0.75589281,0
0.32607412,1.2263652,-1.7942041,0.24726783,0.71448219,-0.65450269,0
-1.8681931,0.6776762,-2.4969685,-0.23385799,-0.61150336,-0.75589281,0
-3.4737446,1.7764504,2.0345459,-0.94030255,0.33996874,0.015882254,0
2.2349267,-2.6481233,0.93980312,-0.24726783,-0.71448219,0.65450269,0
4.0807428,-0.76390326,-1.4467542,0.94030255,-0.33996874,-0.015882254,0
-0.90141273,-0.83318561,-1.8042948,-0.23385799,-0.61150336,-0.75589281,0
-1.2810961,3.258986,0.26119339,0.23385799,0.61150336,0.75589281,0
1.0774506,1.8851604,1.0502548,0.23385799,0.61150336,0.75589281,0
-1.8327273,-2.4408715,-0.16051078,-0.23385799,-0.61150336,-0.75589281,0
1.9124988,2.4662139,0.19489479,0.23385799,0.61150336,0.75589281,0
0.11885452,-2.6305509,-0.54785144,-0.23385799,-0.61150336,-0.75589281,0
-0.34337997,-2.0198359,-1.1557556,-0.23385799,-0.61150336,-0.75589281,0
-0.94976133,-2.1960406,0.097139716,-0.24726783,-0.71448219,0.65450269,0
3.5414283,-2.0478122,0.33262587,0.94030255,-0.33996874,-0.015882254,0
0.82562566,1.3274179,1.1492943,0.23385799,0.61150336,0.75589281,0
-0.21361303,-0.22856033,-2.4037318,-0.23385799,-0.61150336,-0.75589281,0
-3.1892409,2.5831702,0.95121837,-0.94030255,0.33996874,0.015882254,0
1.1659662,1.0785624,-1.4033322,0.24726783,0.71448219,-0.65450269,0
-4.0860662,0.71707129,2.3552461,-0.94030255,0.33996874,0.015882254,0
2.4469819,0.61435473,-1.3514261,0.24726783,0.71448219,-0.65450269,0
0.34042621,2.3466041,-0.50625044,0.24726783,0.71448219,-0.65450269,0
2.7820132,-1.4779235,-2.3063512,-0.23385799,-0.61150336,-0.75589281,0
-0.091667891,0.79944688,-2.3196704,0.24726783,0.71448219,-0.65450269,0
-3.402391,1.0678223,-2.3483453,-0.23385799,-0.61150336,-0.75589281,0
2.39394,-2.520602,1.4332647,-0.24726783,-0.71448219,0.65450269,0
0.23037446,2.5854516,-0.26962367,0.24726783,0.71448219,-0.65450269,0
3.8378177,-0.11940026,1.3490529,0.23385799,0.61150336,0.75589281,0
-3.2695279,-0.92186201,-0.77042079,-0.23385799,-0.61150336,-0.75589281,0
3.892437,-0.50440371,-0.33256149,0.94030255,-0.33996874,-0.015882254,0
0.026716709,-2.3164968,-0.7904985,-0.23385799,-0.61150336,-0.75589281,0
3.2729607,-0.37571937,2.109235,0.23385799,0.61150336,0.75589281,0
-2.4080813,2.3719943,-1.3399401,0.24726783,0.71448219,-0.65450269,0
-0.54649687,-0.85421658,1.8840866,-0.24726783,-0.71448219,0.65450269,0
3.2927024,-3.0176916,0.40118599,0.94030255,-0.33996874,-0.015882254,0
-4.3329263,-0.47405839,1.1583164,-0.24726783,-0.71448219,0.65450269,0
3.6874347,-1.2411243,-1.8754342,0.94030255,-0.33996874,-0.015882254,0
2.2363307,-1.861146,1.7863073,-0.24726783,-0.71448219,0.65450269,0
-0.024457097,-1.2739642,1.9076372,-0.24726783,-0.71448219,0.65450269,0
4.0513082,-0.80451691,-1.6839752,0.94030255,-0.33996874,-0.015882254,0
-3.8334551,1.2179549,1.0002005,-0.94030255,0.33996874,0.015882254,0
-3.6838963,1.796638,2.1316929,-0.94030255,0.33996874,0.015882254,0
-4.1497374,0.68808639,-0.96016979,-0.94030255,0.33996874,0.015882254,0
3.6861348,-1.6446544,-0.35851312,0.94030255,-0.33996874,-0.015882254,0
-1.9305925,0.25256395,2.4724591,-0.24726783,-0.71448219,0.65450269,0
1.035719,-0.26261646,2.4207742,0.23385799,0.61150336,0.75589281,0
-3.244576,2.7505541,-0.75630355,-0.94030255,0.33996874,0.015882254,0
-3.4213898,2.2652781,1.8684704,-0.94030255,0.33996874,0.015882254,0
-4.6060233,-1.0595198,-0.17238331,-0.94030255,0.33996874,0.015882254,0
4.046833,-0.42647898,-0.30175543,0.94030255,-0.33996874,-0.015882254,0
-3.8499875,1.634824,0.54987907,-0.94030255,0.33996874,0.015882254,0
-0.049300194,0.56337076,2.2367678,0.23385799,0.61150336,0.75589281,0
1.3503873,1.9789112,-0.29229331,0.24726783,0.71448219,-0.65450269,0
-0.35649228,2.099762,0.86565334,0.23385799,0.61150336,0.75589281,0
-0.5996778,3.3095288,0.35635686,0.23385799,0.61150336,0.75589281,0
-3.6276491,1.4795251,-0.43535423,-0.94030255,0.33996874,0.015882254,0
3.7478552,-0.30406332,-1.7226083,0.24726783,0.71448219,-0.65450269,0
4.1934595,0.30155611,0.51336336,0.94030255,-0.33996874,-0.015882254,0
1.3830061,-2.7054577,-0.83137953,-0.23385799,-0.61150336,-0.75589281,0
-0.74742872,1.6839725,-1.620276,0.24726783,0.71448219,-0.65450269,0
0.13291788,-2.504509,-0.68930858,-0.23385799,-0.61150336,-0.75589281,0
-1.1813669,-1.5703956,-0.87256634,-0.23385799,-0.61150336,-0.75589281,0
0.59066701,-0.55532086,-2.3895464,-0.23385799,-0.61150336,-0.75589281,0
-0.5846498,1.8376708,1.3996553,0.23385799,0.61150336,0.75589281,0
-3.7766891,0.91613007,1.9831412,-0.94030255,0.33996874,0.015882254,0
3.8007977,-0.77530611,-2.1691399,0.94030255,-0.33996874,-0.015882254,0
3.4778438,-1.788588,-0.50870776,0.94030255,-0.33996874,-0.015882254,0
-3.7893882,0.24083698,-1.930166,-0.23385799,-0.61150336,-0.75589281,0
-4.09305,-0.98423958,0.64031506,-0.24726783,-0.71448219,0.65450269,0
2.9494631,-3.0905914,-0.74078608,0.94030255,-0.33996874,-0.015882254,0
-3.9429147,1.2985895,-2.4788518,-0.94030255,0.33996874,0.015882254,0
2.7462494,-1.1835099,2.5505891,-0.24726783,-0.71448219,0.65450269,0
-1.5542176,-1.6147921,-0.90846026,-0.23385799,-0.61150336,-0.75589281,0
-0.84071255,1.406901,1.9550307,0.23385799,0.61150336,0.75589281,0
-0.17812991,2.1549668,1.0581832,0.23385799,0.61150336,0.75589281,0
-3.7085769,0.94156075,1.0063448,-0.94030255,0.33996874,0.015882254,0
-2.6549563,3.9270408,0.34731293,-0.94030255,0.33996874,0.015882254,0
-2.177249,1.3348341,-2.4054253,0.24726783,0.71448219,-0.65450269,0
-3.4445996,2.1701589,-1.0668733,-0.94030255,0.33996874,0.015882254,0
-1.2792847,1.093713,-2.1266992,0.24726783,0.71448219,-0.65450269,0
3.5554855,-1.8910215,-0.013758183,0.94030255,-0.33996874,-0.015882254,0
-3.5328689,1.6151772,0.50167727,-0.94030255,0.33996874,0.015882254,0
1.926311,1.4026446,0.6743741,0.23385799,0.61150336,0.75589281,0
4.2193336,-0.059270382,-0.045403481,0.94030255,-0.33996874,-0.015882254,0
-0.98205662,2.0392759,-1.3923645,0.24726783,0.71448219,-0.65450269,0
4.1637669,-0.42032945,1.7292652,0.23385799,0.61150336,0.75589281,0
-1.8263607,3.0226769,-0.1667639,0.24726783,0.71448219,-0.65450269,0
1.2188383,0.30213034,-2.4242194,0.24726783,0.71448219,-0.65450269,0
-1.5926654,2.9596729,-0.39276659,0.24726783,0.71448219,-0.65450269,0
-3.8109612,1.5344009,0.9749856,-0.94030255,0.33996874,0.015882254,0
0.59614778,-1.4885223,-1.8727798,-0.23385799,-0.61150336,-0.75589281,0
-4.6596527,-0.73478842,-0.18002701,-0.94030255,0.33996874,0.015882254,0
3.1756516,-2.7979393,-1.294699,-0.23385799,-0.61150336,-0.75589281,0
2.8507257,-2.2155819,1.9805286,-0.24726783,-0.71448219,0.65450269,0
1.8957968,1.5656259,-0.82870662,0.24726783,0.71448219,-0.65450269,0
-3.820179,1.1192079,-1.297507,-0.94030255,0.33996874,0.015882254,0
3.8024542,-1.5325764,-0.1955862,0.94030255,-0.33996874,-0.015882254,0
-2.6685362,0.12464333,2.1336823,-0.24726783,-0.71448219,0.65450269,0
2.9660358,1.3160955,0.73374033,0.23385799,0.61150336,0.75589281,0
-3.9763927,0.17708611,1.1722517,-0.94030255,0.33996874,0.015882254,0
3.6098945,-1.7169154,-2.035764,0.94030255,-0.33996874,-0.015882254,0
-3.0071418,1.8184011,-2.1150565,0.24726783,0.71448219,-0.65450269,0
4.4056439,0.58870709,0.626266,0.94030255,-0.33996874,-0.015882254,0
3.678911,-1.548403,1.7671726,0.94030255,-0.33996874,-0.015882254,0
2.0835984,-2.6984429,-1.0781972,-0.23385799,-0.61150336,-0.75589281,0
3.3560438,-2.0767293,2.0873351,-0.24726783,-0.71448219,0.65450269,0
3.7181644,-1.6244676,1.307332,0.94030255,-0.33996874,-0.015882254,0
1.3961413,1.0139709,-1.6362545,0.24726783,0.71448219,-0.65450269,0
-3.9243107,1.3527699,-0.17236996,-0.94030255,0.33996874,0.015882254,0
-0.97998905,-0.80523539,1.6317737,-0.24726783,-0.71448219,0.65450269,0
0.24761873,2.2569284,-0.40286994,0.24726783,0.71448219,-0.65450269,0
-3.5859358,1.5134722,2.4236627,-0.94030255,0.33996874,0.015882254,0
-3.7327147,1.7542994,1.9246004,-0.94030255,0.33996874,0.015882254,0
2.06848,0.41653049,1.6228703,0.23385799,0.61150336,0.75589281,0
-2.8833954,1.6147985,-2.530345,0.24726783,0.71448219,-0.65450269,0
-3.0175552,2.4123194,-1.4848814,0.24726783,0.71448219,-0.65450269,0
-0.3487733,1.2873511,-1.4838356,0.24726783,0.71448219,-0.65450269,0
3.9541445,-0.79108369,1.9002759,0.94030255,-0.33996874,-0.015882254,0
2.318475,-2.971262,0.84816694,-0.24726783,-0.71448219,0.65450269,0
3.652106,-1.6429467,-2.1626859,0.94030255,-0.33996874,-0.015882254,0
3.4618149,-2.2595575,1.3022223,0.94030255,-0.33996874,-0.015882254,0
-3.9159825,-0.73838711,0.80779839,-0.24726783,-0.71448219,0.65450269,0
-3.6464794,-1.24658,0.29038787,-0.24726783,-0.71448219,0.65450269,0
-3.7086067,1.32816,0.36124182,-0.94030255,0.33996874,0.015882254,0
4.1358409,-0.57908487,0.23045254,0.94030255,-0.33996874,-0.015882254,0
2.8782468,-3.5100379,-0.27825642,0.94030255,-0.33996874,-0.015882254,0
3.5363531,-1.4656844,-2.7604671,-0.23385799,-0.61150336,-0.75589281,0
-2.2342865,-0.93972874,-0.98394108,-0.23385799,-0.61150336,-0.75589281,0
-3.1422925,-1.6364255,-0.21898055,-0.23385799,-0.61150336,-0.75589281,0
3.4624848,-1.7882239,-0.43813109,0.94030255,-0.33996874,-0.015882254,0
-3.2927685,-0.044458628,1.6400294,-0.24726783,-0.71448219,0.65450269,0
-1.8902612,-0.75479913,-1.4832134,-0.23385799,-0.61150336,-0.75589281,0
-3.219758,2.5108833,-0.28198123,-0.94030255,0.33996874,0.015882254,0
4.3367081,0.0030584335,-0.36131763,0.94030255,-0.33996874,-0.015882254,0
-1.4862586,-0.89514554,-1.7076423,-0.23385799,-0.61150336,-0.75589281,0
3.7027936,-1.8891869,2.3035998,0.94030255,-0.33996874,-0.015882254,0
-3.0040154,-1.8398751,-0.4634037,-0.23385799,-0.61150336,-0.75589281,0
-3.3043592,2.7215171,-1.5144064,-0.94030255,0.33996874,0.015882254,0
3.1603692,1.3963374,0.39979863,0.23385799,0.61150336,0.75589281,0
3.6451397,0.53266346,0.91275549,0.23385799,0.61150336,0.75589281,0
2.9885674,-3.5147781,0.5437367,0.94030255,-0.33996874,-0.015882254,0
0.55413425,1.0491971,-1.7590351,0.24726783,0.71448219,-0.65450269,0
1.0497305,-3.1923666,0.23153687,-0.24726783,-0.71448219,0.65450269,0
-0.71328259,-2.5616059,-0.24525905,-0.23385799,-0.61150336,-0.75589281,0
-0.1842292,2.2311304,-0.42783171,0.24726783,0.71448219,-0.65450269,0
1.5111098,-2.0209956,1.135733,-0.24726783,-0.71448219,0.65450269,0
3.8425155,-0.62617749,1.2269711,0.94030255,-0.33996874,-0.015882254,0
3.7191172,0.22309232,1.3688846,0.23385799,0.61150336,0.75589281,0
-3.6881135,1.0805426,2.7804947,-0.94030255,0.33996874,0.015882254,0
-2.6369014,3.9058444,0.14454556,0.24726783,0.71448219,-0.65450269,0
4.355607,0.12724054,1.0158134,0.94030255,-0.33996874,-0.015882254,0
1.233098,-1.8001182,1.280501,-0.24726783,-0.71448219,0.65450269,0
1.7197139,-2.3294711,0.86071324,-0.24726783,-0.71448219,0.65450269,0
-4.278615,-0.24285591,-1.1130505,-0.94030255,0.33996874,0.015882254,0
1.8178821,0.28005803,-1.9488728,0.24726783,0.71448219,-0.65450269,0
-0.86572838,0.14035532,-2.2784569,-0.23385799,-0.61150336,-0.75589281,0
-3.7335515,1.6213317,1.1135695,-0.94030255,0.33996874,0.015882254,0
3.851274,0.88324332,-0.7953012,0.24726783,0.71448219,-0.65450269,0
2.6718662,-1.7015736,2.0493665,-0.24726783,-0.71448219,0.65450269,0
3.7606544,-1.4037008,2.1623659,0.94030255,-0.33996874,-0.015882254,0
-4.3436546,-0.23540008,-0.5137558,-0.94030255,0.33996874,0.015882254,0
2.7188482,0.87665826,1.0636554,0.23385799,0.61150336,0.75589281,0
3.8164971,-1.2406493,-1.8588569,0.94030255,-0.33996874,-0.015882254,0
1.7761091,-3.3092029,-0.53770137,-0.23385799,-0.61150336,-0.75589281,0
-3.4142523,2.7614093,0.41325593,-0.94030255,0.33996874,0.015882254,0
-3.1246724,3.2943158,0.76573372,0.23385799,0.61150336,0.75589281,0
4.3086157,-0.2143904,-0.11717463,0.94030255,-0.33996874,-0.015882254,0
1.6805091,1.626026,0.79979324,0.23385799,0.61150336,0.75589281,0
-3.6018536,1.5680667,2.2453697,0.23385799,0.61150336,0.75589281,0
3.7444615,-1.321193,-0.71900988,0.94030255,-0.33996874,-0.015882254,0
3.6995142,-1.4744245,1.5059783,0.94030255,-0.33996874,-0.015882254,0
2.3789082,1.0643507,-1.0347311,0.24726783,0.71448219,-0.65450269,0
0.096258283,2.3625743,-0.60238415,0.24726783,0.71448219,-0.65450269,0
-2.8688345,1.7057791,-2.4919336,0.24726783,0.71448219,-0.65450269,0
-0.23181987,1.3124264,1.7272205,0.23385799,0.61150336,0.75589281,0
-0.84727526,0.26355588,2.9171634,0.23385799,0.61150336,0.75589281,0
3.8173931,1.1619538,0.68375301,0.23385799,0.61150336,0.75589281,0
0.79489756,-2.722681,0.49003893,-0.24726783,-0.71448219,0.65450269,0
3.2851853,-2.3282149,-0.23857832,0.94030255,-0.33996874,-0.015882254,0
-0.00092613697,-2.8655107,0.049016029,-0.24726783,-0.71448219,0.65450269,0
-1.1933126,0.37485373,2.4657321,0.23385799,0.61150336,0.75589281,0
-3.8792753,1.1651106,-0.54891491,-0.94030255,0.33996874,0.015882254,0
-1.7603033,1.8243532,-1.9860563,0.24726783,0.71448219,-0.65450269,0
-1.7518265,0.23985755,2.7983129,-0.24726783,-0.71448219,0.65450269,0
-1.0716794,-0.42024064,2.0702627,-0.24726783,-0.71448219,0.65450269,0
-3.1251814,2.5387897,-0.082851171,-0.94030255,0.33996874,0.015882254,0
3.7702162,-1.3458984,-0.77158308,0.94030255,-0.33996874,-0.015882254,0
-1.3846012,2.7451944,0.75342768,0.23385799,0.61150336,0.75589281,0
3.6773448,-1.6281337,1.3116095,0.94030255,-0.33996874,-0.015882254,0
1.6236479,-1.2880402,2.3511848,-0.24726783,-0.71448219,0.65450269,0
1.7005219,-0.96098971,-2.5611355,-0.23385799,-0.61150336,-0.75589281,0
1.2567397,-0.15102012,2.388721,0.23385799,0.61150336,0.75589281,0
-0.53027642,-0.46704835,-1.9747446,-0.23385799,-0.61150336,-0.75589281,0
-4.3309441,-0.44686699,0.9069252,-0.94030255,0.33996874,0.015882254,0
2.4619179,-0.86934245,2.4066477,0.23385799,0.61150336,0.75589281,0
-3.0128045,2.4167035,1.8836033,0.23385799,0.61150336,0.75589281,0
2.6412404,-0.89636409,2.4924071,0.23385799,0.61150336,0.75589281,0
3.910501,-0.56937337,-1.3373713,0.94030255,-0.33996874,-0.015882254,0
2.8498976,-0.29633135,2.0008433,0.23385799,0.61150336,0.75589281,0
3.0516367,-3.3887827,-0.46845675,0.94030255,-0.33996874,-0.015882254,0
-3.528203,1.3459166,2.7921405,0.23385799,0.61150336,0.75589281,0
-1.4968615,-2.1929979,-0.55143976,-0.23385799,-0.61150336,-0.75589281,0
1.3063532,2.4190929,0.1778295,0.23385799,0.61150336,0.75589281,0
0.37820053,-2.7034948,-0.73417437,-0.23385799,-0.61150336,-0.75589281,0
0.83396626,2.0992897,0.45319813,0.23385799,0.61150336,0.75589281,0
4.1373925,-0.45686877,1.5837231,0.94030255,-0.33996874,-0.015882254,0
1.1674743,0.07966426,2.3508241,0.23385799,0.61150336,0.75589281,0
-1.1013957,1.079441,-2.2985835,0.24726783,0.71448219,-0.65450269,0
-2.3331287,1.8658358,1.6815876,0.23385799,0.61150336,0.75589281,0
-3.361861,2.5012319,1.1505818,-0.94030255,0.33996874,0.015882254,0
-0.88137519,-1.5374235,1.3041332,-0.24726783,-0.71448219,0.65450269,0
2.7155411,-1.1797132,-2.7181611,-0.23385799,-0.61150336,-0.75589281,0
0.13017374,-1.4930415,1.6711208,-0.24726783,-0.71448219,0.65450269,0
1.023808,1.5127192,-0.82700998,0.24726783,0.71448219,-0.65450269,0
2.0906351,-2.684943,0.94573295,-0.24726783,-0.71448219,0.65450269,0
-1.3531687,-0.50027001,-2.0155017,-0.23385799,-0.61150336,-0.75589281,0
-1.4443035,-1.2409832,1.2136766,-0.24726783,-0.71448219,0.65450269,0
3.8895779,0.078006625,1.2151134,0.23385799,0.61150336,0.75589281,0
0.60296774,1.3193926,1.414395,0.23385799,0.61150336,0.75589281,0
-3.954566,0.56430912,0.60498405,-0.94030255,0.33996874,0.015882254,0
-4.2017756,-0.052516699,-1.0794683,-0.94030255,0.33996874,0.015882254,0
-1.0763744,2.4651151,-0.97623318,0.24726783,0.71448219,-0.65450269,0
-1.7905698,0.66821599,2.5800188,0.23385799,0.61150336,0.75589281,0
2.3246238,-3.2442522,0.55585551,-0.24726783,-0.71448219,0.65450269,0
0.85345984,-1.7519826,1.4325835,-0.24726783,-0.71448219,0.65450269,0
-2.671761,-0.34881729,-1.4394717,-0.23385799,-0.61150336,-0.75589281,0
0.26881915,1.5693593,-1.3218331,0.24726783,0.71448219,-0.65450269,0
-0.39647138,2.4991324,-0.7601788,0.24726783,0.71448219,-0.65450269,0
-3.6570616,2.0568268,-1.9141734,-0.94030255,0.33996874,0.015882254,0
1.3662777,-0.86562252,2.7526374,-0.24726783,-0.71448219,0.65450269,0
4.2286162,-0.087630987,0.01183033,0.94030255,-0.33996874,-0.015882254,0
-2.8780262,2.8513179,1.3261132,0.23385799,0.61150336,0.75589281,0
-3.5184216,1.6212034,-2.180685,-0.94030255,0.33996874,0.015882254,0
0.97907269,-2.320401,1.1267757,-0.24726783,-0.71448219,0.65450269,0
2.4618485,0.017621994,-1.8209695,0.24726783,0.71448219,-0.65450269,0
-3.8244424,0.70551932,0.37484837,-0.94030255,0.33996874,0.015882254,0
-0.11582351,0.39982459,2.2576473,0.23385799,0.61150336,0.75589281,0
-1.8647453,3.2114,-0.030512094,0.24726783,0.71448219,-0.65450269,0
1.8503404,-2.6548281,-1.3158467,-0.23385799,-0.61150336,-0.75589281,0
4.4159222,0.16955793,1.0793214,0.94030255,-0.33996874,-0.015882254,0
-2.0794845,-0.4987883,-1.855267,-0.23385799,-0.61150336,-0.75589281,0
-3.4159863,2.5256984,-0.22578907,-0.94030255,0.33996874,0.015882254,0
3.8469803,-1.2557771,0.098756313,0.94030255,-0.33996874,-0.015882254,0
3.4170792,-1.4159288,2.5144782,-0.24726783,-0.71448219,0.65450269,0
-0.41910347,-2.0644116,0.81073081,-0.24726783,-0.71448219,0.65450269,0
-1.7679273,0.56720746,-2.5141792,-0.23385799,-0.61150336,-0.75589281,0
-1.1032267,1.1257592,-1.9894917,0.24726783,0.71448219,-0.65450269,0
2.1227114,-1.2814043,-2.3564398,-0.23385799,-0.61150336,-0.75589281,0
-0.22843085,-1.926641,0.8446089,-0.24726783,-0.71448219,0.65450269,0
-2.7748489,-0.80479169,-1.0200653,-0.23385799,-0.61150336,-0.75589281,0
-1.4565642,0.99828535,-2.4154663,0.24726783,0.71448219,-0.65450269,0
-3.1073761,2.6357398,-0.53894258,-0.94030255,0.33996874,0.015882254,0
-3.5622871,2.0747592,-0.38418245,-0.94030255,0.33996874,0.015882254,0
-4.0853171,0.29559946,1.4362974,-0.94030255,0.33996874,0.015882254,0
-3.1571226,2.8472099,-0.70147634,-0.94030255,0.33996874,0.015882254,0
0.65345073,-1.0631967,-1.8761671,-0.23385799,-0.61150336,-0.75589281,0
-1.335017,0.3681196,2.844866,0.23385799,0.61150336,0.75589281,0
3.205209,-2.533145,1.6846337,0.94030255,-0.33996874,-0.015882254,0
0.28094292,0.82481122,1.8913645,0.23385799,0.61150336,0.75589281,0
3.6379399,-1.3243179,0.10391641,0.94030255,-0.33996874,-0.015882254,0
3.2110054,1.7273562,0.14682603,0.24726783,0.71448219,-0.65450269,0
1.7186874,1.533957,0.8474437,0.23385799,0.61150336,0.75589281,0
1.4222299,1.371248,-1.0273566,0.24726783,0.71448219,-0.65450269,0
2.8552911,-3.6206965,-0.50854993,0.94030255,-0.33996874,-0.015882254,0
2.2185032,-2.0016954,-1.6627457,-0.23385799,-0.61150336,-0.75589281,0
2.9243755,-1.8854102,2.08602,-0.24726783,-0.71448219,0.65450269,0
-2.8910365,3.1554074,0.90144086,0.23385799,0.61150336,0.75589281,0
0.21115345,-1.4265277,1.5553533,-0.24726783,-0.71448219,0.65450269,0
-3.403986,0.80080307,-2.1270866,-0.23385799,-0.61150336,-0.75589281,0
-2.7331948,2.2489145,1.7119794,0.23385799,0.61150336,0.75589281,0
2.2903104,-2.007823,1.5584708,-0.24726783,-0.71448219,0.65450269,0
-3.4976792,-1.1816399,0.47269058,-0.24726783,-0.71448219,0.65450269,0
3.0065248,-0.23993522,2.0084031,0.23385799,0.61150336,0.75589281,0
-2.2386303,1.2115158,-2.3849106,0.24726783,0.71448219,-0.65450269,0
3.3151534,-3.1444416,0.26385045,0.94030255,-0.33996874,-0.015882254,0
-1.687812,-0.98129976,1.1855609,-0.24726783,-0.71448219,0.65450269,0
3.9619818,1.0246012,-0.63715959,0.24726783,0.71448219,-0.65450269,0
-3.6137726,1.9106735,-0.55838633,-0.94030255,0.33996874,0.015882254,0
-1.2869027,1.0750291,1.9147311,0.23385799,0.61150336,0.75589281,0
3.2483668,-2.7137218,-0.50271606,0.94030255,-0.33996874,-0.015882254,0
3.3305602,-2.2905674,-1.6351125,-0.23385799,-0.61150336,-0.75589281,0
-3.4132755,1.4211233,2.7045569,0.23385799,0.61150336,0.75589281,0
-0.83813691,1.1192528,-1.9545532,0.24726783,0.71448219,-0.65450269,0
-1.1017326,-2.5513461,-0.4394722,-0.24726783,-0.71448219,0.65450269,0
-2.6334972,2.8704262,1.0243535,0.23385799,0.61150336,0.75589281,0
0.54341269,0.61858571,2.1582503,0.23385799,0.61150336,0.75589281,0
2.0086243,-1.3737965,-2.3771689,-0.23385799,-0.61150336,-0.75589281,0
3.1417739,0.55735648,1.4198642,0.23385799,0.61150336,0.75589281,0
4.3244715,0.005759716,-1.3830884,0.24726783,0.71448219,-0.65450269,0
0.17030275,-2.6515579,0.15351464,-0.24726783,-0.71448219,0.65450269,0
-3.8938775,0.56728983,-0.87011909,-0.94030255,0.33996874,0.015882254,0
3.6356869,-1.7135136,-1.4160721,0.94030255,-0.33996874,-0.015882254,0
3.4464104,-2.7282515,0.7294302,0.94030255,-0.33996874,-0.015882254,0
-3.3234978,2.1280394,1.6802669,-0.94030255,0.33996874,0.015882254,0
2.4036169,1.7902817,0.41372609,0.23385799,0.61150336,0.75589281,0
-2.7775142,1.446727,2.496562,0.23385799,0.61150336,0.75589281,0
-2.8662057,3.5714927,0.35623145,-0.94030255,0.33996874,0.015882254,0
3.8376989,-1.6851448,1.3211246,0.94030255,-0.33996874,-0.015882254,0
2.861187,-2.0543356,2.0771725,-0.24726783,-0.71448219,0.65450269,0
-3.0628507,2.932265,0.73479295,-0.94030255,0.33996874,0.015882254,0
-3.2072442,2.7298632,-0.95516229,-0.94030255,0.33996874,0.015882254,0
1.4587221,-1.242582,-2.160202,-0.23385799,-0.61150336,-0.75589281,0
-2.4298582,1.720021,-1.8422589,0.24726783,0.71448219,-0.65450269,0
-3.2610729,2.3186483,0.025882006,-0.94030255,0.33996874,0.015882254,0
3.1594887,-2.9375858,-1.4259338,-0.23385799,-0.61150336,-0.75589281,0
-1.7206675,3.5740242,0.11233771,0.24726783,0.71448219,-0.65450269,0
-0.51652908,-1.7368425,-1.3129908,-0.23385799,-0.61150336,-0.75589281,0
1.5290749,0.18913837,1.7873192,0.23385799,0.61150336,0.75589281,0
-3.6092119,0.28174758,1.8404059,-0.24726783,-0.71448219,0.65450269,0
-1.1003178,-2.3636091,-0.088977933,-0.24726783,-0.71448219,0.65450269,0
-2.8864522,3.1166182,-0.99433112,0.24726783,0.71448219,-0.65450269,0
3.844907,-1.4291773,2.3701842,0.23385799,0.61150336,0.75589281,0
-1.9238589,1.3686985,-2.4749312,0.24726783,0.71448219,-0.65450269,0
-0.37067723,-0.60551953,2.4469588,-0.24726783,-0.71448219,0.65450269,0
3.9834168,-1.3073394,1.9117091,0.94030255,-0.33996874,-0.015882254,0
-4.1949949,0.52250659,0.63463783,-0.94030255,0.33996874,0.015882254,0
-2.1438885,-1.2698045,0.78228116,-0.24726783,-0.71448219,0.65450269,0
-2.6441398,-0.90868008,1.325711,-0.24726783,-0.71448219,0.65450269,0
-3.9114549,1.005861,1.2028768,-0.94030255,0.33996874,0.015882254,0
-0.49547148,-0.70351732,2.3869579,-0.24726783,-0.71448219,0.65450269,0
3.8659277,1.2450306,0.23711348,0.23385799,0.61150336,0.75589281,0
-3.2896311,2.772306,-0.22331047,-0.94030255,0.33996874,0.015882254,0
2.4060161,-3.1059813,-1.1386281,-0.23385799,-0.61150336,-0.75589281,0
-4.3784227,0.13042796,-0.59035063,-0.94030255,0.33996874,0.015882254,0
-0.93970323,2.6938868,0.94950056,0.23385799,0.61150336,0.75589281,0
-1.2101104,2.9388366,-0.0080031157,0.24726783,0.71448219,-0.65450269,0
-3.6669378,1.9263127,1.900521,-0.94030255,0.33996874,0.015882254,0
0.70134735,2.0666175,-0.3362726,0.24726783,0.71448219,-0.65450269,0
3.9946287,-0.88530099,1.1451659,0.94030255,-0.33996874,-0.015882254,0
-1.715759,-1.9789045,-0.53761339,-0.23385799,-0.61150336,-0.75589281,0
-3.7578626,2.0523124,-2.0477235,-0.94030255,0.33996874,0.015882254,0
-4.5595646,-0.86158919,0.063313007,-0.94030255,0.33996874,0.015882254,0
-2.9726667,3.0711236,0.84099579,-0.94030255,0.33996874,0.015882254,0
-2.5101199,2.5772388,1.0921631,0.23385799,0.61150336,0.75589281,0
0.50645351,-3.2670534,-0.38520977,-0.23385799,-0.61150336,-0.75589281,0
2.8237455,-0.009054482,1.6325381,0.23385799,0.61150336,0.75589281,0
-2.9297233,2.5773292,1.2787006,0.23385799,0.61150336,0.75589281,0
3.7056084,-1.2681916,0.46382451,0.94030255,-0.33996874,-0.015882254,0
1.999742,-3.3580809,-0.29330826,-0.23385799,-0.61150336,-0.75589281,0
0.27144304,-1.7961296,1.2133576,-0.24726783,-0.71448219,0.65450269,0
0.65806198,0.33660161,2.3430698,0.23385799,0.61150336,0.75589281,0
-3.9545913,0.90023702,-1.1449373,-0.94030255,0.33996874,0.015882254,0
-2.9745998,3.6538453,0.55319691,-0.94030255,0.33996874,0.015882254,0
4.0334616,-0.5630973,1.773139,0.94030255,-0.33996874,-0.015882254,0
3.9165564,0.59345472,0.93995571,0.23385799,0.61150336,0.75589281,0
1.1171477,-1.379187,1.994491,-0.24726783,-0.71448219,0.65450269,0
-4.1718936,0.60399127,-0.94818258,-0.94030255,0.33996874,0.015882254,0
-2.7083941,-1.7901068,0.36856008,-0.24726783,-0.71448219,0.65450269,0
-0.245157,1.4734728,1.7383575,0.23385799,0.61150336,0.75589281,0
-3.4562936,0.19519198,-1.6991556,-0.23385799,-0.61150336,-0.75589281,0
3.3778396,-2.7766373,-0.7088089,0.94030255,-0.33996874,-0.015882254,0
1.4708576,1.0386584,-1.3019165,0.24726783,0.71448219,-0.65450269,0
0.50507468,-2.6786373,0.55318558,-0.24726783,-0.71448219,0.65450269,0
-2.3825583,1.8324997,-2.2187252,0.24726783,0.71448219,-0.65450269,0
-3.6193285,1.5695558,0.18355656,-0.94030255,0.33996874,0.015882254,0
-0.54380178,-1.942963,0.89737153,-0.24726783,-0.71448219,0.65450269,0
-2.3340554,2.476608,-1.0730741,0.24726783,0.71448219,-0.65450269,0
-1.2471478,0.84558278,2.1168711,0.23385799,0.61150336,0.75589281,0
-1.0916264,2.8999419,-0.085401058,0.24726783,0.71448219,-0.65450269,0
1.278928,0.7837888,-1.5619174,0.24726783,0.71448219,-0.65450269,0
-2.3767438,1.056564,-2.6386538,-0.23385799,-0.61150336,-0.75589281,0
2.8504453,-0.3056668,-2.2122722,0.24726783,0.71448219,-0.65450269,0
-3.9320567,0.50905979,0.033857346,-0.94030255,0.33996874,0.015882254,0
3.283134,-0.74025321,2.1941206,0.23385799,0.61150336,0.75589281,0
2.3491087,0.72190267,1.3977222,0.23385799,0.61150336,0.75589281,0
2.5602937,-2.5183024,-1.161454,-0.23385799,-0.61150336,-0.75589281,0
3.7705476,-0.76666272,-0.73881483,0.94030255,-0.33996874,-0.015882254,0
0.91878915,-0.82971233,2.1953387,-0.24726783,-0.71448219,0.65450269,0
-0.76641965,1.1195874,1.9595525,0.23385799,0.61150336,0.75589281,0
2.0347779,-1.847213,-1.6919854,-0.23385799,-0.61150336,-0.75589281,0
1.7851801,-3.053555,0.1436615,-0.24726783,-0.71448219,0.65450269,0
-4.0573707,0.32909656,1.5253305,-0.94030255,0.33996874,0.015882254,0
4.4837532,0.33376312,0.25981665,0.94030255,-0.33996874,-0.015882254,0
-3.7435367,0.0058851242,-1.2429466,-0.23385799,-0.61150336,-0.75589281,0
3.7275016,-1.4610467,-0.64846563,0.94030255,-0.33996874,-0.015882254,0
-1.5198414,-1.4975049,-0.93185818,-0.23385799,-0.61150336,-0.75589281,0
0.74287546,-2.1684847,1.0932724,-0.24726783,-0.71448219,0.65450269,0
0.28331733,0.079986334,2.5803058,0.23385799,0.61150336,0.75589281,0
4.3072691,0.72999263,-0.25859785,0.94030255,-0.33996874,-0.015882254,0
1.8552942,0.79293513,-1.619879,0.24726783,0.71448219,-0.65450269,0
2.8682995,-2.9455488,-1.1399388,-0.23385799,-0.61150336,-0.75589281,0
3.2852759,-1.9658504,-2.0580788,-0.23385799,-0.61150336,-0.75589281,0
0.075333178,2.4087956,-0.43216425,0.24726783,0.71448219,-0.65450269,0
-2.8334072,0.079589427,-1.9907281,-0.23385799,-0.61150336,-0.75589281,0
4.0413914,-0.72979236,-2.1935554,0.94030255,-0.33996874,-0.015882254,0
3.5304604,-2.3865876,1.4105847,0.94030255,-0.33996874,-0.015882254,0
-0.28855193,1.0325603,-1.8380654,0.24726783,0.71448219,-0.65450269,0
4.1563501,-0.78519607,1.961324,0.94030255,-0.33996874,-0.015882254,0
3.8702033,-0.82030261,0.85046268,0.94030255,-0.33996874,-0.015882254,0
2.9009967,-3.619318,-0.027447224,0.94030255,-0.33996874,-0.015882254,0
3.0366545,0.40085864,1.3834662,0.23385799,0.61150336,0.75589281,0
-3.5257418,1.8453001,0.90304494,-0.94030255,0.33996874,0.015882254,0
1.5803382,1.5229565,1.135018,0.23385799,0.61150336,0.75589281,0
-2.3575883,-1.9708281,-0.30178428,-0.23385799,-0.61150336,-0.75589281,0
3.8306689,-1.3283956,1.3920312,0.94030255,-0.33996874,-0.015882254,0
-3.4766984,-0.34255922,-1.5562072,-0.23385799,-0.61150336,-0.75589281,0
-2.8321781,3.6207056,-0.29785657,-0.94030255,0.33996874,0.015882254,0
-0.86849594,-0.25427473,-2.1259356,-0.23385799,-0.61150336,-0.75589281,0
-0.23816824,2.2246764,0.76697457,0.23385799,0.61150336,0.75589281,0
3.6767962,-1.1076249,-2.8232317,-0.23385799,-0.61150336,-0.75589281,0
-1.1302586,0.60357159,-2.548578,-0.23385799,-0.61150336,-0.75589281,0
-0.42012334,-0.7608425,-2.0483956,-0.23385799,-0.61150336,-0.75589281,0
-3.212858,-0.64664197,0.8334043,-0.24726783,-0.71448219,0.65450269,0
1.3918593,-2.1450088,1.3873525,-0.24726783,-0.71448219,0.65450269,0
2.8618691,-2.584233,-1.3783846,-0.23385799,-0.61150336,-0.75589281,0
1.4514179,1.7177005,0.72196972,0.23385799,0.61150336,0.75589281,0
-2.0743947,2.0482159,-1.5321026,0.24726783,0.71448219,-0.65450269,0
-4.1246552,0.39348781,-1.6209531,-0.94030255,0.33996874,0.015882254,0
-4.0406799,0.76918578,2.135179,-0.94030255,0.33996874,0.015882254,0
4.1518569,-0.24811339,0.1424737,0.94030255,-0.33996874,-0.015882254,0
-2.3836541,0.85096925,-2.7777255,-0.23385799,-0.61150336,-0.75589281,0
0.109625,-1.9746084,1.2454748,-0.24726783,-0.71448219,0.65450269,0
3.6093333,-0.7147696,-2.6753097,0.24726783,0.71448219,-0.65450269,0
-2.9087427,1.9102564,-2.0123022,0.24726783,0.71448219,-0.65450269,0
3.9985547,-1.1745542,2.212075,0.94030255,-0.33996874,-0.015882254,0
-3.82335,1.4206586,-1.583822,-0.94030255,0.33996874,0.015882254,0
-2.7610376,3.6099908,0.26422548,-0.94030255,0.33996874,0.015882254,0
1.267579,-3.3246651,-0.38720995,-0.24726783,-0.71448219,0.65450269,0
-1.4162017,-1.3035867,1.3798741,-0.24726783,-0.71448219,0.65450269,0
-3.8420689,1.3339825,-1.7673717,-0.94030255,0.33996874,0.015882254,0
-2.4733865,-1.3231871,-0.69743133,-0.23385799,-0.61150336,-0.75589281,0
3.0075371,-2.4030514,-1.6759793,-0.23385799,-0.61150336,-0.75589281,0
-3.3933721,2.3775032,1.2663465,-0.94030255,0.33996874,0.015882254,0
3.077754,-2.8045857,-1.2169452,-0.23385799,-0.61150336,-0.75589281,0
1.9530618,-1.8284017,-1.9702117,-0.23385799,-0.61150336,-0.75589281,0
3.3359287,-2.799324,-0.78471136,0.94030255,-0.33996874,-0.015882254,0
-2.2494154,-1.6926991,0.41776371,-0.24726783,-0.71448219,0.65450269,0
1.8153336,-0.76940167,-2.5197303,-0.23385799,-0.61150336,-0.75589281,0
-4.6312342,-1.0148096,-0.54401398,-0.23385799,-0.61150336,-0.75589281,0
-3.7008097,2.0463474,-0.48743033,-0.94030255,0.33996874,0.015882254,0
3.9227033,0.4314152,1.2880075,0.23385799,0.61150336,0.75589281,0
-3.5093336,2.2982879,-1.2494099,-0.94030255,0.33996874,0.015882254,0
-4.4395576,-0.45705783,-0.61196327,-0.94030255,0.33996874,0.015882254,0
4.0936804,0.083297372,0.72419882,0.94030255,-0.33996874,-0.015882254,0
0.42877901,0.66057181,-2.0688584,0.24726783,0.71448219,-0.65450269,0
0.20977497,-0.016595185,2.8478737,0.23385799,0.61150336,0.75589281,0
-1.5075128,0.5260396,2.9038849,0.23385799,0.61150336,0.75589281,0
-2.5690043,-2.0570397,-0.29205966,-0.23385799,-0.61150336,-0.75589281,0
-3.6240659,1.5958281,-1.3297303,-0.94030255,0.33996874,0.015882254,0
