-1.2003787,0.0042785406,-1.9381285,-0.71340418,-0.46488461,-0.52434391,0
0.67474389,-4.2664032,-0.0044367313,-0.24720398,-0.53319502,0.80906928,0
3.0654459,-2.5755024,1.767529,0.71340418,0.46488461,0.52434391,0
-4.4402881,1.9323311,2.2951474,-0.65570146,0.70681345,0.26546234,0
3.0434589,-3.5292969,-2.4640744,0.65570146,-0.70681345,-0.26546234,0
0.090283632,-0.87020779,-3.1270084,-0.71340418,-0.46488461,-0.52434391,0
1.3699361,0.4322449,1.273765,0.71340418,0.46488461,0.52434391,0
0.069750071,-4.1102638,-0.13781953,-0.24720398,-0.53319502,0.80906928,0
-1.2575032,4.0204864,2.0236776,0.71340418,0.46488461,0.52434391,0
-4.6697598,2.4367099,0.50754166,-0.65570146,0.70681345,0.26546234,0
-0.47521973,-3.2332177,0.14764333,-0.24720398,-0.53319502,0.80906928,0
4.1896677,-0.74667346,-1.1991456,0.71340418,0.46488461,0.52434391,0
3.2320113,-1.9694833,0.83550358,0.71340418,0.46488461,0.52434391,0
4.7847385,-2.3708889,-1.4104116,0.65570146,-0.70681345,-0.26546234,0
-1.3202641,5.1152611,0.25416899,0.24720398,0.53319502,-0.80906928,0
4.2684088,-3.6328754,1.1825757,0.65570146,-0.70681345,-0.26546234,0
0.53555191,1.2085897,-1.3218608,0.24720398,0.53319502,-0.80906928,0
0.78240681,-2.7215557,0.93075514,-0.24720398,-0.53319502,0.80906928,0
-3.2536664,1.6741233,2.6020825,-0.24720398,-0.53319502,0.80906928,0
-1.2163409,-0.71314001,-1.2455229,-0.71340418,-0.46488461,-0.52434391,0
-3.6277802,3.4216573,1.5048018,-0.65570146,0.70681345,0.26546234,0
-2.4628181,4.0473332,1.6634421,-0.65570146,0.70681345,0.26546234,0
-3.0812991,3.0677757,-1.1976898,0.24720398,0.53319502,-0.80906928,0
-2.191129,3.7761526,3.4073009,0.71340418,0.46488461,0.52434391,0
-2.0604348,2.9118395,3.6098614,-0.24720398,-0.53319502,0.80906928,0
2.0357718,0.22285938,-1.7285671,0.24720398,0.53319502,-0.80906928,0
2.2941675,-3.9783759,-3.1587024,0.65570146,-0.70681345,-0.26546234,0
-4.1626134,2.444984,0.0010914803,-0.71340418,-0.46488461,-0.52434391,0
-2.3453374,-1.0605947,1.0360054,-0.24720398,-0.53319502,0.80906928,0
-2.0473483,-0.26028529,-1.1531156,-0.71340418,-0.46488461,-0.52434391,0
1.4529587,-4.2075272,0.026915312,-0.24720398,-0.53319502,0.80906928,0
1.3621433,0.23620868,1.903777,0.71340418,0.46488461,0.52434391,0
-1.1537111,2.5558743,3.2351708,0.71340418,0.46488461,0.52434391,0
1.6677771,-4.287138,-2.4940307,-0.71340418,-0.46488461,-0.52434391,0
-1.6924534,2.5084214,3.6154768,0.71340418,0.46488461,0.52434391,0
-3.8471611,3.277251,0.96294832,-0.65570146,0.70681345,0.26546234,0
-1.6457999,-1.7835534,-0.20270944,-0.71340418,-0.46488461,-0.52434391,0
2.6457226,-4.5420923,0.40988588,0.65570146,-0.70681345,-0.26546234,0
2.9639928,0.59416878,-1.0045997,0.24720398,0.53319502,-0.80906928,0
3.7315185,-0.5555461,-0.79197478,0.71340418,0.46488461,0.52434391,0
-2.8146989,0.73929971,2.0333524,-0.24720398,-0.53319502,0.80906928,0
-3.7168188,3.4580231,0.45000887,-0.65570146,0.70681345,0.26546234,0
-3.1493306,4.4680386,-0.16810513,-0.65570146,0.70681345,0.26546234,0
1.3962934,-4.9534984,-1.1690731,-0.71340418,-0.46488461,-0.52434391,0
-4.2599912,2.4384422,2.5556285,-0.65570146,0.70681345,0.26546234,0
-3.1797237,3.7060084,1.8428929,-0.65570146,0.70681345,0.26546234,0
-1.3984952,-0.21962225,1.876255,-0.24720398,-0.53319502,0.80906928,0
3.1636379,-3.9747791,-0.69974184,0.65570146,-0.70681345,-0.26546234,0
3.0423861,-1.8565484,-2.5915155,0.24720398,0.53319502,-0.80906928,0
0.059041977,2.606205,1.0866793,0.71340418,0.46488461,0.52434391,0
0.89023435,-2.1058338,-3.1939826,-0.71340418,-0.46488461,-0.52434391,0
-4.7373629,2.0011852,1.4579594,-0.65570146,0.70681345,0.26546234,0
-4.0261579,2.515353,2.0133955,-0.65570146,0.70681345,0.26546234,0
-4.6862707,1.443588,1.3757274,-0.71340418,-0.46488461,-0.52434391,0
3.1960421,-2.112319,1.6036282,0.71340418,0.46488461,0.52434391,0
-0.86771846,-2.1132789,-0.537642,-0.71340418,-0.46488461,-0.52434391,0
1.166958,-4.5297461,0.089493036,-0.24720398,-0.53319502,0.80906928,0
-2.1207004,4.4784498,0.92901635,-0.65570146,0.70681345,0.26546234,0
2.9543681,-4.1771536,-0.015707493,0.65570146,-0.70681345,-0.26546234,0
-2.8083334,3.621696,2.1949863,-0.65570146,0.70681345,0.26546234,0
0.57802629,-2.8429768,-2.0330768,-0.71340418,-0.46488461,-0.52434391,0
0.080303431,-1.4562527,-2.7735486,-0.71340418,-0.46488461,-0.52434391,0
-1.5209004,0.60540915,-2.3385031,-0.71340418,-0.46488461,-0.52434391,0
3.4778328,-0.77091676,-1.7172109,0.24720398,0.53319502,-0.80906928,0
1.1224942,-2.3142703,1.079077,-0.24720398,-0.53319502,0.80906928,0
1.3248249,-2.6426668,-3.2698367,-0.71340418,-0.46488461,-0.52434391,0
-1.9257793,2.3023102,3.5554478,-0.24720398,-0.53319502,0.80906928,0
2.4765716,1.0460783,-0.26491064,0.71340418,0.46488461,0.52434391,0
4.3125129,-1.9925106,-2.2252626,0.65570146,-0.70681345,-0.26546234,0
2.3424397,-3.9652064,-2.6400599,0.65570146,-0.70681345,-0.26546234,0
1.043215,-0.20032263,2.6608713,-0.24720398,-0.53319502,0.80906928,0
3.3135972,-2.8559065,-2.3086338,0.65570146,-0.70681345,-0.26546234,0
-2.9591107,4.4268384,0.23680592,-0.65570146,0.70681345,0.26546234,0
3.6606443,-2.051981,0.63409686,0.71340418,0.46488461,0.52434391,0
-0.54736292,1.4447972,3.0602736,0.71340418,0.46488461,0.52434391,0
-1.40573,-1.4094094,-0.799339,-0.71340418,-0.46488461,-0.52434391,0
-4.5025249,2.6478739,0.32976532,-0.65570146,0.70681345,0.26546234,0
0.092940807,3.4891367,0.0019443035,0.24720398,0.53319502,-0.80906928,0
1.3418019,-3.5879645,-2.8250959,-0.71340418,-0.46488461,-0.52434391,0
3.6839592,-3.8200328,0.069543839,0.65570146,-0.70681345,-0.26546234,0
-1.0465614,3.870791,-0.023139,0.24720398,0.53319502,-0.80906928,0
0.43853307,1.2113359,1.8840172,0.71340418,0.46488461,0.52434391,0
-1.110288,-0.64302731,1.7292573,-0.24720398,-0.53319502,0.80906928,0
-2.3615494,0.49902791,-0.9325918,-0.71340418,-0.46488461,-0.52434391,0
-2.6303926,3.6842222,3.0081422,-0.65570146,0.70681345,0.26546234,0
4.3510571,-2.542429,0.41112757,0.71340418,0.46488461,0.52434391,0
-0.65816116,2.3793252,-1.1840813,0.24720398,0.53319502,-0.80906928,0
-1.291244,3.2530799,-0.81088877,0.24720398,0.53319502,-0.80906928,0
-2.3515821,0.2409507,2.1405175,-0.24720398,-0.53319502,0.80906928,0
3.0115223,0.16530907,-0.64023578,0.71340418,0.46488461,0.52434391,0
-0.28936553,2.3896546,1.9671659,0.71340418,0.46488461,0.52434391,0
-3.3255961,3.8874688,0.54604673,-0.65570146,0.70681345,0.26546234,0
3.3438015,-2.5803571,1.5957117,0.71340418,0.46488461,0.52434391,0
2.8877292,-3.993623,0.90194893,-0.24720398,-0.53319502,0.80906928,0
2.3258357,-3.7739778,-3.0838859,0.65570146,-0.70681345,-0.26546234,0
3.0108459,-3.8645284,1.048707,-0.24720398,-0.53319502,0.80906928,0
2.12711,-0.41789997,0.97331262,0.71340418,0.46488461,0.52434391,0
2.082453,0.013507307,0.78481925,0.71340418,0.46488461,0.52434391,0
2.0667784,-1.962764,-3.2177176,0.24720398,0.53319502,-0.80906928,0
-4.6212473,0.80896389,1.7341168,-0.71340418,-0.46488461,-0.52434391,0
-2.8032522,2.5386932,-1.5639606,0.24720398,0.53319502,-0.80906928,0
2.6721535,0.17344749,-1.7023213,0.24720398,0.53319502,-0.80906928,0
1.9703476,-4.7015991,-0.95151711,0.65570146,-0.70681345,-0.26546234,0
2.2172661,-4.288558,-1.2389424,0.65570146,-0.70681345,-0.26546234,0
-1.5671329,4.4864783,1.6785028,0.71340418,0.46488461,0.52434391,0
-3.7574763,0.80053079,2.0399203,-0.24720398,-0.53319502,0.80906928,0
2.3005633,-4.4590039,-0.56790066,0.65570146,-0.70681345,-0.26546234,0
-0.048585176,2.6901581,1.627231,0.71340418,0.46488461,0.52434391,0
-3.1826122,3.1430917,3.3239255,-0.65570146,0.70681345,0.26546234,0
3.2714028,0.045588017,-0.83400643,0.71340418,0.46488461,0.52434391,0
-4.4668231,2.3194346,0.23611021,-0.71340418,-0.46488461,-0.52434391,0
-1.3793273,-1.204475,1.0118412,-0.24720398,-0.53319502,0.80906928,0
-3.7345455,2.515986,2.6781299,-0.65570146,0.70681345,0.26546234,0
-1.6542081,0.67305875,-2.359544,-0.71340418,-0.46488461,-0.52434391,0
-2.5296235,4.3682489,-0.48442554,0.24720398,0.53319502,-0.80906928,0
2.4583926,-4.1391463,-2.1556616,0.65570146,-0.70681345,-0.26546234,0
-1.4161347,4.6800275,1.6285238,0.71340418,0.46488461,0.52434391,0
-1.5007659,-2.0863068,0.60043329,-0.24720398,-0.53319502,0.80906928,0
4.290411,-2.85674,-1.1965213,0.65570146,-0.70681345,-0.26546234,0
-2.9212437,0.0017719865,0.21914721,-0.71340418,-0.46488461,-0.52434391,0
-4.6641998,1.9424062,1.5929039,-0.65570146,0.70681345,0.26546234,0
-4.1544385,3.0864396,0.49990511,-0.65570146,0.70681345,0.26546234,0
-1.2686009,-0.24325812,-1.868083,-0.71340418,-0.46488461,-0.52434391,0
4.471262,-0.94447923,-1.1594343,0.71340418,0.46488461,0.52434391,0
3.4974103,-3.8481429,0.071916103,0.65570146,-0.70681345,-0.26546234,0
2.4087541,0.71493769,-1.0205795,0.24720398,0.53319502,-0.80906928,0
1.1716121,-2.2862749,-3.2256885,-0.71340418,-0.46488461,-0.52434391,0
0.55408883,2.8259439,0.63787657,0.71340418,0.46488461,0.52434391,0
-2.9094803,0.62213951,-0.36114049,-0.71340418,-0.46488461,-0.52434391,0
-3.68574,0.13372934,1.2178047,-0.71340418,-0.46488461,-0.52434391,0
2.5433316,-4.0872173,-1.5648129,0.65570146,-0.70681345,-0.26546234,0
-2.9958987,3.5992851,2.3954401,-0.65570146,0.70681345,0.26546234,0
1.284645,-4.0507483,-2.2493274,-0.71340418,-0.46488461,-0.52434391,0
1.9582555,-2.006268,1.804477,-0.24720398,-0.53319502,0.80906928,0
-3.3105803,2.238857,-1.3163693,-0.71340418,-0.46488461,-0.52434391,0
-1.0676637,-0.72491395,-1.7788452,-0.71340418,-0.46488461,-0.52434391,0
3.7418675,-0.32404482,-1.2417523,0.71340418,0.46488461,0.52434391,0
2.3196652,-3.9921212,-3.0845165,0.65570146,-0.70681345,-0.26546234,0
2.3936346,-0.12536538,-1.8100098,0.24720398,0.53319502,-0.80906928,0
-2.1870165,4.9002419,0.37564135,-0.65570146,0.70681345,0.26546234,0
-0.7890209,2.3133311,2.710849,0.71340418,0.46488461,0.52434391,0
3.4037607,-3.3872356,-2.0387273,0.65570146,-0.70681345,-0.26546234,0
4.8606997,-1.6818805,-1.8895257,0.65570146,-0.70681345,-0.26546234,0
1.4729445,-3.1108022,-2.7764144,-0.71340418,-0.46488461,-0.52434391,0
-3.7321875,1.5054564,2.2040277,-0.24720398,-0.53319502,0.80906928,0
-1.4140587,-0.63801634,-1.1942242,-0.71340418,-0.46488461,-0.52434391,0
2.5842061,-3.7231431,-2.1372533,0.65570146,-0.70681345,-0.26546234,0
-3.9004469,0.32168972,1.6159381,-0.24720398,-0.53319502,0.80906928,0
-1.7436755,3.690763,2.5466204,0.71340418,0.46488461,0.52434391,0
-4.3874545,2.6363297,1.7296414,-0.65570146,0.70681345,0.26546234,0
-2.841249,3.8916941,1.6040967,-0.65570146,0.70681345,0.26546234,0
4.1772442,-2.4991512,-1.4608955,0.65570146,-0.70681345,-0.26546234,0
3.5099885,-3.7460594,-0.18155527,0.65570146,-0.70681345,-0.26546234,0
3.7126768,-1.0228662,-2.1325152,0.24720398,0.53319502,-0.80906928,0
-1.2554013,0.9892602,-2.2608304,0.24720398,0.53319502,-0.80906928,0
-2.7841604,0.36045972,-0.21342301,-0.71340418,-0.46488461,-0.52434391,0
-2.69628,-0.71968639,1.3788722,-0.24720398,-0.53319502,0.80906928,0
0.043853521,-3.157521,-1.266145,-0.71340418,-0.46488461,-0.52434391,0
-3.4964714,2.6202431,2.7098427,-0.65570146,0.70681345,0.26546234,0
-3.5336151,4.0163107,-0.71725512,-0.65570146,0.70681345,0.26546234,0
3.810138,-2.5813174,-2.8102496,0.65570146,-0.70681345,-0.26546234,0
2.8973145,-3.6146171,-2.5764802,0.65570146,-0.70681345,-0.26546234,0
-2.7214084,2.6061356,-1.4998775,0.24720398,0.53319502,-0.80906928,0
0.50239956,0.56036484,2.5597701,0.71340418,0.46488461,0.52434391,0
-2.3761461,3.9560363,-0.66987753,0.24720398,0.53319502,-0.80906928,0
2.7363448,-4.4513102,0.11779165,0.65570146,-0.70681345,-0.26546234,0
0.28501385,0.0094327927,-2.3099668,0.24720398,0.53319502,-0.80906928,0
-0.13042045,-2.3600111,-1.75146,-0.71340418,-0.46488461,-0.52434391,0
-2.7987738,3.0868649,3.2298965,-0.65570146,0.70681345,0.26546234,0
-1.9694273,0.16138756,1.9079101,-0.24720398,-0.53319502,0.80906928,0
-3.3185904,3.1238754,1.6348779,-0.65570146,0.70681345,0.26546234,0
-2.8598297,3.4263539,2.5079896,-0.65570146,0.70681345,0.26546234,0
-3.4961164,2.5618985,-1.5733542,-0.71340418,-0.46488461,-0.52434391,0
2.6546144,-4.0953808,-1.4680192,0.65570146,-0.70681345,-0.26546234,0
2.8442712,-2.9760787,-3.6206608,0.24720398,0.53319502,-0.80906928,0
-4.2091808,2.3213511,0.089879513,-0.71340418,-0.46488461,-0.52434391,0
4.6649146,-2.0868175,-2.3355112,0.65570146,-0.70681345,-0.26546234,0
0.34521627,-4.4259481,-0.18182516,-0.24720398,-0.53319502,0.80906928,0
-3.6433156,3.2777998,1.5116124,-0.65570146,0.70681345,0.26546234,0
1.1330638,2.4026928,-0.050907254,0.71340418,0.46488461,0.52434391,0
2.1658757,1.2203205,0.12058663,0.71340418,0.46488461,0.52434391,0
0.86591619,-3.5342207,0.49015164,-0.24720398,-0.53319502,0.80906928,0
-0.14932287,0.90852594,2.9570589,-0.24720398,-0.53319502,0.80906928,0
1.9250085,-3.0963423,-3.7703128,-0.71340418,-0.46488461,-0.52434391,0
-2.0463796,4.2307463,1.8063629,-0.65570146,0.70681345,0.26546234,0
-0.3072648,-3.4174526,-0.24620974,-0.71340418,-0.46488461,-0.52434391,0
-0.27274036,-2.8080177,0.58327842,-0.24720398,-0.53319502,0.80906928,0
2.0595472,-3.9626594,0.51235962,-0.24720398,-0.53319502,0.80906928,0
-0.65441132,-0.857952,1.5294149,-0.24720398,-0.53319502,0.80906928,0
-2.4413333,4.3948317,-0.33760595,0.24720398,0.53319502,-0.80906928,0
-1.9461269,1.1101933,2.7190909,-0.24720398,-0.53319502,0.80906928,0
-4.6780252,2.3373711,0.59093809,-0.65570146,0.70681345,0.26546234,0
-1.9521239,0.014987588,1.8328471,-0.24720398,-0.53319502,0.80906928,0
-2.8245125,0.5694592,2.2176552,-0.24720398,-0.53319502,0.80906928,0
3.0185912,-3.4331021,-1.644577,0.65570146,-0.70681345,-0.26546234,0
0.2254371,-3.0070229,0.8000561,-0.24720398,-0.53319502,0.80906928,0
-5.0647492,1.5987062,1.8727319,-0.71340418,-0.46488461,-0.52434391,0
3.172667,-2.9475045,-3.1903062,0.65570146,-0.70681345,-0.26546234,0
-1.7303815,4.9012733,0.90416646,-0.65570146,0.70681345,0.26546234,0
-0.19002151,1.449428,2.8357301,0.71340418,0.46488461,0.52434391,0
-3.0860572,3.097322,3.353869,-0.24720398,-0.53319502,0.80906928,0
-3.142983,3.9072096,-0.65807772,0.24720398,0.53319502,-0.80906928,0
4.0758023,-1.6756029,-2.3737454,0.24720398,0.53319502,-0.80906928,0
2.649498,-4.1062937,-2.0358396,0.65570146,-0.70681345,-0.26546234,0
-4.7881861,1.5896344,1.2581413,-0.71340418,-0.46488461,-0.52434391,0
-3.6044011,3.4951406,0.56652021,-0.65570146,0.70681345,0.26546234,0
-3.8398693,3.5033689,-0.66082096,-0.65570146,0.70681345,0.26546234,0
-0.51183355,-1.815052,-1.2713324,-0.71340418,-0.46488461,-0.52434391,0
0.97079498,1.6226916,-1.3421615,0.24720398,0.53319502,-0.80906928,0
2.7302036,-1.8335774,1.4005311,0.71340418,0.46488461,0.52434391,0
3.5056462,-0.93040073,-2.1988497,0.24720398,0.53319502,-0.80906928,0
0.030899286,-3.8444912,-0.13194108,-0.71340418,-0.46488461,-0.52434391,0
0.653947,-4.0899072,-0.23186445,-0.24720398,-0.53319502,0.80906928,0
1.3473643,-4.1866817,-2.1549771,-0.71340418,-0.46488461,-0.52434391,0
-1.4380881,4.4536228,1.9108207,0.71340418,0.46488461,0.52434391,0
-3.1495495,3.4633684,2.248112,-0.65570146,0.70681345,0.26546234,0
-3.054508,-0.16282582,1.6385789,-0.24720398,-0.53319502,0.80906928,0
-0.20127749,-0.80913794,-2.7897139,-0.71340418,-0.46488461,-0.52434391,0
2.892406,-3.0051577,-3.5196242,0.24720398,0.53319502,-0.80906928,0
-3.3841164,0.95490128,1.8891039,-0.24720398,-0.53319502,0.80906928,0
-2.0028923,4.2853284,2.4427679,-0.65570146,0.70681345,0.26546234,0
3.3125825,-3.3078187,-2.2540305,0.65570146,-0.70681345,-0.26546234,0
-0.21590924,-2.5687213,-1.473568,-0.71340418,-0.46488461,-0.52434391,0
4.0593529,-3.3568149,-0.26840162,0.65570146,-0.70681345,-0.26546234,0
1.4969882,-5.5757818,-0.84728289,0.65570146,-0.70681345,-0.26546234,0
4.7003555,-2.2364423,-1.5960381,0.65570146,-0.70681345,-0.26546234,0
2.429059,-4.8174801,-0.7089963,0.65570146,-0.70681345,-0.26546234,0
-1.4151686,0.13943005,-2.1160347,-0.71340418,-0.46488461,-0.52434391,0
4.1692653,-3.391511,0.18200588,0.65570146,-0.70681345,-0.26546234,0
1.9138825,-1.9810612,1.86871,-0.24720398,-0.53319502,0.80906928,0
-3.4382381,1.0935022,-0.20851564,-0.71340418,-0.46488461,-0.52434391,0
2.3597689,-1.8841282,-2.857132,0.24720398,0.53319502,-0.80906928,0
3.8753271,-3.6494489,0.92007446,0.65570146,-0.70681345,-0.26546234,0
3.6066475,-4.0419006,0.70547438,0.65570146,-0.70681345,-0.26546234,0
-1.9746376,-0.82389331,-0.13152117,-0.71340418,-0.46488461,-0.52434391,0
-2.3390648,1.3086003,2.4085643,-0.24720398,-0.53319502,0.80906928,0
2.5676279,-1.7516508,2.1782792,0.71340418,0.46488461,0.52434391,0
3.2132604,-1.3409358,0.39216471,0.71340418,0.46488461,0.52434391,0
1.0486677,-3.6791716,0.2576623,-0.24720398,-0.53319502,0.80906928,0
4.699976,-2.2332273,-1.8212564,0.65570146,-0.70681345,-0.26546234,0
-0.021078467,0.17457438,2.6895001,-0.24720398,-0.53319502,0.80906928,0
-2.0318892,-0.53945494,1.6430876,-0.24720398,-0.53319502,0.80906928,0
2.1141756,-4.7837601,-0.48165846,0.65570146,-0.70681345,-0.26546234,0
1.5618058,1.36252,-0.97798395,0.24720398,0.53319502,-0.80906928,0
-4.3321671,2.1543107,1.9314606,-0.65570146,0.70681345,0.26546234,0
2.6545033,-0.072956562,-1.48771,0.24720398,0.53319502,-0.80906928,0
-0.42653656,2.8848944,-0.49696136,0.24720398,0.53319502,-0.80906928,0
3.0916703,-3.1268411,-2.5112419,0.65570146,-0.70681345,-0.26546234,0
3.596966,-3.8067844,0.36923981,0.65570146,-0.70681345,-0.26546234,0
0.366983,-0.32498944,-2.6030035,0.24720398,0.53319502,-0.80906928,0
-1.8341508,4.9174294,0.26718998,0.24720398,0.53319502,-0.80906928,0
0.6787895,-3.3927388,-1.3770132,-0.71340418,-0.46488461,-0.52434391,0
0.24220896,2.502275,1.0562398,0.71340418,0.46488461,0.52434391,0
-2.0159538,4.573123,2.0293543,-0.65570146,0.70681345,0.26546234,0
0.18653643,-0.31755972,2.5603495,-0.24720398,-0.53319502,0.80906928,0
0.16874981,-3.8934312,-0.14923191,-0.24720398,-0.53319502,0.80906928,0
-0.55959725,-1.3880763,1.4558208,-0.24720398,-0.53319502,0.80906928,0
4.2894154,-2.4463787,-1.7036748,0.65570146,-0.70681345,-0.26546234,0
-2.1409917,-0.28228849,-0.7242372,-0.71340418,-0.46488461,-0.52434391,0
1.5357471,-5.3386917,-0.67830372,-0.24720398,-0.53319502,0.80906928,0
-4.6631656,2.6224549,-0.17383528,-0.71340418,-0.46488461,-0.52434391,0
3.0859454,-4.2362013,0.10139704,0.65570146,-0.70681345,-0.26546234,0
-4.6448579,2.3482027,1.3924322,-0.65570146,0.70681345,0.26546234,0
3.1542659,-2.6197081,1.7695625,-0.24720398,-0.53319502,0.80906928,0
-4.7433496,1.2556139,1.7488892,-0.71340418,-0.46488461,-0.52434391,0
3.0262227,-4.1127839,-0.96315765,0.65570146,-0.70681345,-0.26546234,0
0.31932306,1.7371827,-1.1397021,0.24720398,0.53319502,-0.80906928,0
2.7506127,-3.1414466,-2.9478848,0.65570146,-0.70681345,-0.26546234,0
-3.4601126,4.2681174,-0.8775382,-0.65570146,0.70681345,0.26546234,0
-1.6883054,0.12774134,-1.620883,-0.71340418,-0.46488461,-0.52434391,0
2.2515352,-4.9337635,-0.049333096,0.65570146,-0.70681345,-0.26546234,0
-3.1735277,2.4444833,3.2468634,-0.24720398,-0.53319502,0.80906928,0
-0.19404453,-2.1130996,0.91347462,-0.24720398,-0.53319502,0.80906928,0
1.9118409,-3.9116964,0.26271057,-0.24720398,-0.53319502,0.80906928,0
-3.6160984,3.6333306,0.87423754,-0.65570146,0.70681345,0.26546234,0
-2.2894135,-0.8608042,1.0656828,-0.24720398,-0.53319502,0.80906928,0
-1.6139562,3.3083577,3.084404,0.71340418,0.46488461,0.52434391,0
-2.2607527,4.4643035,1.5708416,-0.65570146,0.70681345,0.26546234,0
1.0711476,-1.7629708,-3.3439581,-0.71340418,-0.46488461,-0.52434391,0
-3.6770823,2.9756334,2.5333791,-0.65570146,0.70681345,0.26546234,0
0.025048733,3.8751752,-0.12775421,0.24720398,0.53319502,-0.80906928,0
-0.35337603,2.6212587,1.8541844,0.71340418,0.46488461,0.52434391,0
-2.7924094,3.3341975,2.8863153,-0.65570146,0.70681345,0.26546234,0
0.72471845,0.030332088,-2.148648,0.24720398,0.53319502,-0.80906928,0
2.3918686,-3.8332789,-2.9490559,0.65570146,-0.70681345,-0.26546234,0
-2.2329576,4.3243756,1.8039308,-0.65570146,0.70681345,0.26546234,0
3.42278,-3.3731284,1.4299226,-0.24720398,-0.53319502,0.80906928,0
-0.23399365,-1.1365111,-2.5956573,-0.71340418,-0.46488461,-0.52434391,0
-2.7639968,1.6867357,-1.4812105,-0.71340418,-0.46488461,-0.52434391,0
1.5978633,-0.13414133,-2.1973956,0.24720398,0.53319502,-0.80906928,0
-3.9685066,3.7538247,-1.0936561,-0.65570146,0.70681345,0.26546234,0
-1.884558,-1.6359239,0.64389551,-0.24720398,-0.53319502,0.80906928,0
2.5545077,1.3176519,-0.75330907,0.24720398,0.53319502,-0.80906928,0
3.1839032,-3.5187764,-2.3147943,0.65570146,-0.70681345,-0.26546234,0
-0.17469323,-0.21671605,2.4048829,-0.24720398,-0.53319502,0.80906928,0
-3.105108,0.29912233,-0.17858076,-0.71340418,-0.46488461,-0.52434391,0
1.3308554,-4.3833079,-2.0209739,-0.71340418,-0.46488461,-0.52434391,0
3.2208285,-1.0340791,0.27804947,0.71340418,0.46488461,0.52434391,0
-2.8696942,3.7957058,1.782531,-0.65570146,0.70681345,0.26546234,0
-1.7134949,4.0559387,-0.38038135,0.24720398,0.53319502,-0.80906928,0
-2.1565249,4.5210214,0.81830812,-0.65570146,0.70681345,0.26546234,0
-1.5696292,-0.050376415,1.9133961,-0.24720398,-0.53319502,0.80906928,0
-0.26517755,1.3829081,-1.8016365,0.24720398,0.53319502,-0.80906928,0
-4.8454437,2.1005423,1.1955531,-0.65570146,0.70681345,0.26546234,0
-3.2266774,1.5817875,-1.0080419,-0.71340418,-0.46488461,-0.52434391,0
1.4415393,0.46781373,1.3556278,0.71340418,0.46488461,0.52434391,0
-2.3201549,4.6125431,0.99302268,-0.65570146,0.70681345,0.26546234,0
3.9857459,-2.6516078,-2.1219332,0.65570146,-0.70681345,-0.26546234,0
2.8695993,0.96494806,-0.75050282,0.71340418,0.46488461,0.52434391,0
-3.4343743,2.140254,-1.0402074,-0.71340418,-0.46488461,-0.52434391,0
-1.0034999,-0.69292557,-1.5761414,-0.71340418,-0.46488461,-0.52434391,0
3.0959468,-3.9311788,-0.97244406,0.65570146,-0.70681345,-0.26546234,0
-2.9559727,0.99432188,-0.9364028,-0.71340418,-0.46488461,-0.52434391,0
2.6996927,-3.3244267,-3.3850293,0.65570146,-0.70681345,-0.26546234,0
-4.3059521,2.724606,1.0080013,-0.65570146,0.70681345,0.26546234,0
-1.2184818,2.4907491,3.4242198,0.71340418,0.46488461,0.52434391,0
0.45803154,-1.1975706,-2.8751926,0.24720398,0.53319502,-0.80906928,0
-1.4464062,-0.65707302,1.5916767,-0.24720398,-0.53319502,0.80906928,0
-4.3006592,2.5822561,1.9850397,-0.65570146,0.70681345,0.26546234,0
-1.5996344,0.82600284,2.4174523,-0.24720398,-0.53319502,0.80906928,0
-1.351365,4.9105287,0.28945136,0.24720398,0.53319502,-0.80906928,0
-3.9736433,3.5824022,-1.1904163,-0.65570146,0.70681345,0.26546234,0
-0.11789095,1.7253797,2.1541619,0.71340418,0.46488461,0.52434391,0
-3.5143709,2.580235,2.7968647,-0.65570146,0.70681345,0.26546234,0
2.0225482,-4.2681403,-1.9975502,0.65570146,-0.70681345,-0.26546234,0
-1.2446244,3.4283688,2.6093092,0.71340418,0.46488461,0.52434391,0
1.5403366,-2.3089929,1.3478146,-0.24720398,-0.53319502,0.80906928,0
0.29710853,-3.0429196,-1.3054345,-0.71340418,-0.46488461,-0.52434391,0
-3.1498201,3.4055896,2.2641399,-0.65570146,0.70681345,0.26546234,0
-3.889847,2.865159,0.99066877,-0.65570146,0.70681345,0.26546234,0
-3.0183482,0.55969799,-0.38372183,-0.71340418,-0.46488461,-0.52434391,0
-2.0508208,0.66560972,-1.4502379,-0.71340418,-0.46488461,-0.52434391,0
4.2162185,-3.2792194,-0.23008442,0.65570146,-0.70681345,-0.26546234,0
-0.52789456,0.86812401,-2.2422812,0.24720398,0.53319502,-0.80906928,0
-3.5053341,3.5078237,0.95160103,-0.65570146,0.70681345,0.26546234,0
3.8317461,-2.3216505,-2.5920596,0.65570146,-0.70681345,-0.26546234,0
3.8197012,-0.91371727,-1.9095628,0.24720398,0.53319502,-0.80906928,0
4.2657943,-1.9010178,-2.5362368,0.24720398,0.53319502,-0.80906928,0
-3.2522688,3.8220282,0.49570274,-0.65570146,0.70681345,0.26546234,0
3.9931989,-1.999033,-2.4898181,0.24720398,0.53319502,-0.80906928,0
4.3942595,-0.82221931,-1.8058462,0.24720398,0.53319502,-0.80906928,0
-1.6090276,-1.4228792,-0.15712905,-0.71340418,-0.46488461,-0.52434391,0
2.3482699,-1.7743974,2.1932521,-0.24720398,-0.53319502,0.80906928,0
3.5163598,-2.3477178,0.89059067,0.71340418,0.46488461,0.52434391,0
2.5439305,-3.8830187,0.91820002,-0.24720398,-0.53319502,0.80906928,0
4.1281772,-3.6245198,0.31847906,0.65570146,-0.70681345,-0.26546234,0
3.1287165,-3.978261,-0.31274033,0.65570146,-0.70681345,-0.26546234,0
-1.1167519,2.0074246,-1.3687742,0.24720398,0.53319502,-0.80906928,0
2.2726731,0.36626744,-1.761297,0.24720398,0.53319502,-0.80906928,0
3.3124213,-3.9623215,0.86118698,-0.24720398,-0.53319502,0.80906928,0
4.2745137,-2.2708735,-2.4307313,0.65570146,-0.70681345,-0.26546234,0
2.4585013,-4.5173855,-0.85167694,0.65570146,-0.70681345,-0.26546234,0
3.5825148,-1.2211149,-2.2140317,0.24720398,0.53319502,-0.80906928,0
1.720034,-2.9531901,-3.2285419,-0.71340418,-0.46488461,-0.52434391,0
-0.86253405,-1.4325571,-1.5278578,-0.71340418,-0.46488461,-0.52434391,0
-2.5083711,4.4821849,0.83176661,-0.65570146,0.70681345,0.26546234,0
0.76812416,-3.1076589,0.67291117,-0.24720398,-0.53319502,0.80906928,0
2.056076,-3.2893591,-3.6276093,-0.71340418,-0.46488461,-0.52434391,0
4.410573,-2.8807163,-0.35276222,0.65570146,-0.70681345,-0.26546234,0
-4.9705505,2.0582173,1.5400326,-0.65570146,0.70681345,0.26546234,0
4.4329901,-1.2324005,-0.76595235,0.71340418,0.46488461,0.52434391,0
-1.9211646,5.1207347,0.68636656,-0.65570146,0.70681345,0.26546234,0
3.6310799,-3.8940392,-0.12475204,0.65570146,-0.70681345,-0.26546234,0
2.1997142,-3.8034773,-3.4318693,0.65570146,-0.70681345,-0.26546234,0
0.48309302,-1.0791473,-2.8893981,0.24720398,0.53319502,-0.80906928,0
3.3225961,-1.6159906,0.46819782,0.71340418,0.46488461,0.52434391,0
0.011845231,-1.5021393,-2.4907715,-0.71340418,-0.46488461,-0.52434391,0
-3.9419384,2.8554277,1.3004241,-0.65570146,0.70681345,0.26546234,0
0.96567345,-1.5918036,1.4732019,-0.24720398,-0.53319502,0.80906928,0
0.066008091,0.26449084,2.4355018,-0.24720398,-0.53319502,0.80906928,0
-4.5283046,1.6843072,2.2522979,-0.24720398,-0.53319502,0.80906928,0
1.4889642,-4.9968648,-1.2180705,0.65570146,-0.70681345,-0.26546234,0
0.68690324,1.3892071,1.6534603,0.71340418,0.46488461,0.52434391,0
1.6505842,-3.1440303,0.97232938,-0.24720398,-0.53319502,0.80906928,0
3.0249875,0.30492592,-0.58018565,0.71340418,0.46488461,0.52434391,0
3.419558,-2.5407929,1.1378946,0.71340418,0.46488461,0.52434391,0
-4.6421809,2.1995606,1.0070405,-0.65570146,0.70681345,0.26546234,0
-3.0604439,3.1216822,2.6161549,-0.65570146,0.70681345,0.26546234,0
-2.6580689,0.14341462,1.9449096,-0.24720398,-0.53319502,0.80906928,0
2.3255515,-4.182066,-1.7490633,0.65570146,-0.70681345,-0.26546234,0
4.1359553,-2.9724264,-1.0736666,0.65570146,-0.70681345,-0.26546234,0
3.2368827,-1.1191393,0.57795048,0.71340418,0.46488461,0.52434391,0
-1.3783172,5.4925776,1.0436721,0.71340418,0.46488461,0.52434391,0
0.94414145,0.92393064,-1.6618471,0.24720398,0.53319502,-0.80906928,0
3.8146057,-1.2113268,-0.052154541,0.71340418,0.46488461,0.52434391,0
-3.450089,3.2731287,2.0173454,-0.65570146,0.70681345,0.26546234,0
-0.53699899,-3.2034471,-0.43238294,-0.71340418,-0.46488461,-0.52434391,0
3.1563201,-2.9411535,-2.4694989,0.65570146,-0.70681345,-0.26546234,0
1.762554,1.1356122,0.26527399,0.71340418,0.46488461,0.52434391,0
2.774364,-2.419296,1.6151049,-0.24720398,-0.53319502,0.80906928,0
2.088994,1.482651,-0.92438173,0.24720398,0.53319502,-0.80906928,0
1.8826351,-4.5648985,-1.5047774,0.65570146,-0.70681345,-0.26546234,0
-0.75637555,-0.42384756,-2.6241527,-0.71340418,-0.46488461,-0.52434391,0
2.7744312,-4.1423416,-1.589922,0.65570146,-0.70681345,-0.26546234,0
3.6487732,-1.2017684,0.15327525,0.71340418,0.46488461,0.52434391,0
-1.7200223,-0.2180509,-1.3268023,-0.71340418,-0.46488461,-0.52434391,0
-0.78930533,2.3063989,3.2229354,0.71340418,0.46488461,0.52434391,0
1.9632416,1.9479295,-0.43911195,0.71340418,0.46488461,0.52434391,0
-0.016697645,2.389514,1.9824913,0.71340418,0.46488461,0.52434391,0
-0.96849394,1.0366052,-1.8421743,0.24720398,0.53319502,-0.80906928,0
1.2338712,2.3419485,0.12241191,0.71340418,0.46488461,0.52434391,0
2.7759318,-1.8209968,1.8777835,-0.24720398,-0.53319502,0.80906928,0
-4.2558765,2.7211947,0.93542051,-0.65570146,0.70681345,0.26546234,0
1.8860334,-5.0759935,-0.28874588,0.65570146,-0.70681345,-0.26546234,0
1.1486151,2.0665941,-0.73194367,0.24720398,0.53319502,-0.80906928,0
0.48665977,2.1031337,1.3394917,0.71340418,0.46488461,0.52434391,0
2.6859136,0.45124686,-0.61841059,0.71340418,0.46488461,0.52434391,0
1.3576206,-1.7069801,-2.9552393,0.24720398,0.53319502,-0.80906928,0
4.114768,-0.85948646,-1.5816488,0.24720398,0.53319502,-0.80906928,0
-0.017808676,-3.8927844,-0.64526391,-0.71340418,-0.46488461,-0.52434391,0
4.3378916,-2.6202674,-1.862236,0.65570146,-0.70681345,-0.26546234,0
0.50497603,-3.1800196,-1.8983923,-0.71340418,-0.46488461,-0.52434391,0
2.6029487,0.7832197,-1.2301495,0.24720398,0.53319502,-0.80906928,0
2.626225,0.9925437,-0.96184415,0.24720398,0.53319502,-0.80906928,0
1.3280787,-2.0453725,-3.2349639,0.24720398,0.53319502,-0.80906928,0
-1.9490591,4.9036312,0.11744833,0.24720398,0.53319502,-0.80906928,0
0.32045197,-3.5820374,0.27250719,-0.24720398,-0.53319502,0.80906928,0
-2.3357952,3.0982952,-1.3306615,0.24720398,0.53319502,-0.80906928,0
2.3161287,-3.6240344,-2.983319,0.65570146,-0.70681345,-0.26546234,0
-2.9112873,0.54969096,2.1136174,-0.24720398,-0.53319502,0.80906928,0
2.0413668,-5.1196117,-0.3832593,0.65570146,-0.70681345,-0.26546234,0
2.2313721,-3.5745757,-3.3162446,0.65570146,-0.70681345,-0.26546234,0
0.33798766,0.68430901,2.7933526,0.71340418,0.46488461,0.52434391,0
2.8916478,-3.9694102,-1.376193,0.65570146,-0.70681345,-0.26546234,0
2.3046389,-4.4498453,0.41979027,-0.24720398,-0.53319502,0.80906928,0
-1.9866809,-0.84818387,1.4224974,-0.24720398,-0.53319502,0.80906928,0
0.87801456,-1.8956342,1.3619287,-0.24720398,-0.53319502,0.80906928,0
-0.59818673,0.92486143,-2.1585407,0.24720398,0.53319502,-0.80906928,0
-0.29930592,-3.4784379,-0.17659104,-0.71340418,-0.46488461,-0.52434391,0
1.3033835,-3.005836,1.0945027,-0.24720398,-0.53319502,0.80906928,0
-3.567481,3.2344859,-1.5644903,-0.71340418,-0.46488461,-0.52434391,0
4.5521135,-2.4008586,-0.57372093,0.71340418,0.46488461,0.52434391,0
1.4100537,-3.7102497,-2.0730271,-0.71340418,-0.46488461,-0.52434391,0
3.0839126,-0.23252559,-0.51672924,0.71340418,0.46488461,0.52434391,0
4.0441556,-3.1457562,-0.56921387,0.65570146,-0.70681345,-0.26546234,0
0.005914791,-1.3012416,1.6404562,-0.24720398,-0.53319502,0.80906928,0
-2.4570599,2.9778686,3.4630666,-0.24720398,-0.53319502,0.80906928,0
3.1563005,-3.8807559,-1.4037828,0.65570146,-0.70681345,-0.26546234,0
0.28147328,-1.8456588,-2.6320839,-0.71340418,-0.46488461,-0.52434391,0
1.8788034,-5.0496616,-0.23625565,0.65570146,-0.70681345,-0.26546234,0
3.0369656,-3.1825614,-2.4317236,0.65570146,-0.70681345,-0.26546234,0
-2.3754857,2.5826228,3.56285,-0.24720398,-0.53319502,0.80906928,0
0.52172565,0.82404053,-1.7596803,0.24720398,0.53319502,-0.80906928,0
-0.18492484,-3.2647252,-0.62486792,-0.71340418,-0.46488461,-0.52434391,0
2.2733812,-1.7580612,1.8857841,-0.24720398,-0.53319502,0.80906928,0
-2.6964452,-0.76455867,0.6721403,-0.71340418,-0.46488461,-0.52434391,0
0.46651649,-1.7095088,1.2678752,-0.24720398,-0.53319502,0.80906928,0
-2.2558584,-0.032954216,1.9071925,-0.24720398,-0.53319502,0.80906928,0
0.95934296,-5.1179538,-0.79863048,-0.71340418,-0.46488461,-0.52434391,0
-2.0612364,-0.89737076,-0.20316255,-0.71340418,-0.46488461,-0.52434391,0
-0.054182768,1.2276906,3.1077266,0.71340418,0.46488461,0.52434391,0
-2.5690355,4.4582329,0.082937241,-0.65570146,0.70681345,0.26546234,0
-2.2859447,1.1845016,2.742754,-0.24720398,-0.53319502,0.80906928,0
-0.84925425,-0.25784039,1.8856143,-0.24720398,-0.53319502,0.80906928,0
3.2272696,-3.8206987,-0.61058617,0.65570146,-0.70681345,-0.26546234,0
0.63533032,1.7894543,-1.1299989,0.24720398,0.53319502,-0.80906928,0
2.8128004,-3.3916893,-2.5992208,0.65570146,-0.70681345,-0.26546234,0
4.0279298,-1.9017639,-0.35494733,0.71340418,0.46488461,0.52434391,0
2.7436171,-3.6667776,-2.2403789,0.65570146,-0.70681345,-0.26546234,0
-4.9271278,1.2069468,1.9323838,-0.24720398,-0.53319502,0.80906928,0
0.4419024,-3.3888092,-1.7014024,-0.71340418,-0.46488461,-0.52434391,0
-0.1406548,-0.39017534,-2.5719142,0.24720398,0.53319502,-0.80906928,0
2.005389,-1.7344131,1.7368848,-0.24720398,-0.53319502,0.80906928,0
2.1587048,-4.6683016,0.22003984,-0.24720398,-0.53319502,0.80906928,0
-2.6146843,-1.2533057,0.84430707,-0.71340418,-0.46488461,-0.52434391,0
-4.417294,3.4031522,-0.84895134,-0.71340418,-0.46488461,-0.52434391,0
-3.3832278,0.43508601,0.3643353,-0.71340418,-0.46488461,-0.52434391,0
-0.19815636,3.2328463,1.0138376,0.71340418,0.46488461,0.52434391,0
2.7466033,-4.0115843,-1.5958462,0.65570146,-0.70681345,-0.26546234,0
2.2725823,-0.017904758,-1.6209617,0.24720398,0.53319502,-0.80906928,0
3.4348066,-0.80074984,-1.8359927,0.24720398,0.53319502,-0.80906928,0
-4.2139282,0.90675735,1.1818717,-0.71340418,-0.46488461,-0.52434391,0
-4.5671506,0.95532066,1.3024261,-0.71340418,-0.46488461,-0.52434391,0
-2.0713811,-0.27779818,1.7838068,-0.24720398,-0.53319502,0.80906928,0
-2.2274904,0.69064701,2.3875289,-0.24720398,-0.53319502,0.80906928,0
-3.2632885,1.12167,-0.082151175,-0.71340418,-0.46488461,-0.52434391,0
-1.2054887,-2.4201033,0.45133489,-0.24720398,-0.53319502,0.80906928,0
-0.11041832,2.7464485,1.4577125,0.71340418,0.46488461,0.52434391,0
-4.1637516,3.7570021,-0.89513731,-0.65570146,0.70681345,0.26546234,0
3.0753431,-3.6012461,-2.2175,0.65570146,-0.70681345,-0.26546234,0
-1.7934343,0.31047654,2.1762176,-0.24720398,-0.53319502,0.80906928,0
-4.8012328,1.8507524,1.818516,-0.65570146,0.70681345,0.26546234,0
-2.0326283,2.7124648,-1.3821585,0.24720398,0.53319502,-0.80906928,0
2.456234,-2.9151416,-3.8536654,0.24720398,0.53319502,-0.80906928,0
-3.170043,1.2208689,2.0984406,-0.24720398,-0.53319502,0.80906928,0
4.1014776,-3.5974922,0.80448008,0.65570146,-0.70681345,-0.26546234,0
-2.0478604,4.4794841,1.6659904,-0.65570146,0.70681345,0.26546234,0
3.9114761,-1.4282776,-0.5611248,0.71340418,0.46488461,0.52434391,0
1.2758704,-1.5958421,1.6088619,-0.24720398,-0.53319502,0.80906928,0
-3.4867201,3.785429,-0.31411123,-0.65570146,0.70681345,0.26546234,0
2.5096014,-3.8892334,-2.9433119,0.65570146,-0.70681345,-0.26546234,0
3.6462746,-1.2761958,0.27306652,0.71340418,0.46488461,0.52434391,0
2.8730156,-0.32499903,0.09523344,0.71340418,0.46488461,0.52434391,0
3.8444915,-1.0757374,-0.42584014,0.71340418,0.46488461,0.52434391,0
2.0289423,-4.6777477,0.11114645,-0.24720398,-0.53319502,0.80906928,0
0.41379309,3.0728707,0.57526338,0.71340418,0.46488461,0.52434391,0
3.4509683,-4.1954079,0.46117067,0.65570146,-0.70681345,-0.26546234,0
-2.8303761,-0.81671846,1.0921682,-0.24720398,-0.53319502,0.80906928,0
0.31387764,-2.760777,0.55126798,-0.24720398,-0.53319502,0.80906928,0
-4.5292521,3.1832719,-0.075063229,-0.65570146,0.70681345,0.26546234,0
3.4383736,-0.57453489,-1.7522784,0.24720398,0.53319502,-0.80906928,0
-1.4260151,5.2569985,0.68061328,0.24720398,0.53319502,-0.80906928,0
0.86070937,-1.9827158,1.3009607,-0.24720398,-0.53319502,0.80906928,0
-1.8829505,4.4041057,2.6396372,-0.65570146,0.70681345,0.26546234,0
1.2426937,2.4976945,0.13689369,0.71340418,0.46488461,0.52434391,0
-2.6680999,0.97931725,-0.96153665,-0.71340418,-0.46488461,-0.52434391,0
-0.42139935,-1.0171186,-2.0025706,-0.71340418,-0.46488461,-0.52434391,0
2.4658608,-4.00844,-1.6689103,0.65570146,-0.70681345,-0.26546234,0
-3.3435779,0.74217486,0.32359147,-0.71340418,-0.46488461,-0.52434391,0
2.2147303,-4.9443073,-0.6573205,0.65570146,-0.70681345,-0.26546234,0
-2.5440459,3.9761467,2.244787,-0.65570146,0.70681345,0.26546234,0
-3.8066974,1.8318658,2.6102126,-0.24720398,-0.53319502,0.80906928,0
4.4604254,-1.4521784,-1.8481123,0.24720398,0.53319502,-0.80906928,0
-0.73079419,-2.1572268,-1.0243155,-0.71340418,-0.46488461,-0.52434391,0
-2.8428826,4.2318153,-0.20604086,-0.65570146,0.70681345,0.26546234,0
-4.3817744,3.3838644,-0.63645983,-0.65570146,0.70681345,0.26546234,0
0.14511931,-2.2380815,0.8134234,-0.24720398,-0.53319502,0.80906928,0
-3.4383399,3.6611075,0.077231407,-0.65570146,0.70681345,0.26546234,0
-3.7592649,2.8879232,1.9047842,-0.65570146,0.70681345,0.26546234,0
3.3879251,-3.1172042,-2.8201485,0.65570146,-0.70681345,-0.26546234,0
-3.0480924,3.0409279,3.3593075,-0.65570146,0.70681345,0.26546234,0
2.4885726,-3.7362175,-3.1104507,0.65570146,-0.70681345,-0.26546234,0
-2.0109575,3.8392313,-0.58741665,0.24720398,0.53319502,-0.80906928,0
1.9981923,-2.2462173,1.4960811,-0.24720398,-0.53319502,0.80906928,0
-3.1868491,3.938993,-0.2651577,-0.65570146,0.70681345,0.26546234,0
3.7133427,-2.9659019,-1.8102829,0.65570146,-0.70681345,-0.26546234,0
3.9417303,-2.7908082,-1.1431234,0.65570146,-0.70681345,-0.26546234,0
-0.33946013,-2.7891665,-0.88381058,-0.71340418,-0.46488461,-0.52434391,0
-4.2159476,1.2521634,0.9034915,-0.71340418,-0.46488461,-0.52434391,0
-0.30338407,4.4782567,0.39709044,0.24720398,0.53319502,-0.80906928,0
4.784255,-2.3512206,-1.1257071,0.65570146,-0.70681345,-0.26546234,0
-4.0175414,3.04387,0.80796289,-0.65570146,0.70681345,0.26546234,0
0.25204015,-3.475934,-0.91802788,-0.71340418,-0.46488461,-0.52434391,0
3.3104208,-3.8454752,-0.80406666,0.65570146,-0.70681345,-0.26546234,0
0.20538676,-3.1373925,0.60325766,-0.24720398,-0.53319502,0.80906928,0
-2.828454,3.2048702,-1.3795228,0.24720398,0.53319502,-0.80906928,0
2.1625161,-1.4931595,1.9078602,0.71340418,0.46488461,0.52434391,0
-2.0310767,4.7482538,1.2312877,-0.65570146,0.70681345,0.26546234,0
-2.3038385,4.5520248,-0.23403931,0.24720398,0.53319502,-0.80906928,0
0.83304417,0.7217046,-1.7725242,0.24720398,0.53319502,-0.80906928,0
-1.9867159,4.9103646,0.51538134,-0.65570146,0.70681345,0.26546234,0
1.7357395,-0.86457348,-2.4912171,0.24720398,0.53319502,-0.80906928,0
-4.7158785,2.7495589,0.58757591,-0.65570146,0.70681345,0.26546234,0
1.3596298,-0.38690305,2.4994626,0.71340418,0.46488461,0.52434391,0
-0.055759668,-1.7262803,-2.1801455,-0.71340418,-0.46488461,-0.52434391,0
3.7093472,-4.0557709,0.85617495,0.65570146,-0.70681345,-0.26546234,0
-2.5384035,3.1536603,3.6124849,-0.24720398,-0.53319502,0.80906928,0
2.7792788,-3.5664279,-1.8103793,0.65570146,-0.70681345,-0.26546234,0
-4.4745712,2.2916088,2.1898048,-0.65570146,0.70681345,0.26546234,0
1.5697978,-2.5911574,-3.7290201,0.24720398,0.53319502,-0.80906928,0
-1.8997189,4.9748745,0.86524677,-0.65570146,0.70681345,0.26546234,0
-1.791664,0.96765661,-2.4704194,0.24720398,0.53319502,-0.80906928,0
-2.1405025,4.5402546,2.0518095,-0.65570146,0.70681345,0.26546234,0
2.8931742,-3.8855913,-1.203212,0.65570146,-0.70681345,-0.26546234,0
0.78219092,0.65800077,2.0995743,0.71340418,0.46488461,0.52434391,0
4.6023865,-2.380276,-1.7609181,0.65570146,-0.70681345,-0.26546234,0
-3.2811251,4.1161046,-0.38749743,-0.65570146,0.70681345,0.26546234,0
-4.6291351,2.8189635,0.30236244,-0.65570146,0.70681345,0.26546234,0
2.393549,-0.13272464,0.72652912,0.71340418,0.46488461,0.52434391,0
0.50773627,0.14440775,-2.3320708,0.24720398,0.53319502,-0.80906928,0
3.1082656,-1.8740399,1.0485458,0.71340418,0.46488461,0.52434391,0
3.4016933,-3.6823673,-1.2645516,0.65570146,-0.70681345,-0.26546234,0
-4.8919797,2.3993556,0.51974821,-0.71340418,-0.46488461,-0.52434391,0
2.1695566,-0.12464774,-1.7653773,0.24720398,0.53319502,-0.80906928,0
1.6396849,-1.7027502,-3.1541023,0.24720398,0.53319502,-0.80906928,0
-0.18919086,-3.6740212,0.038287401,-0.71340418,-0.46488461,-0.52434391,0
1.3845673,-4.2543225,-1.9583733,-0.71340418,-0.46488461,-0.52434391,0
-4.4248843,2.2628293,1.5624781,-0.65570146,0.70681345,0.26546234,0
0.87947047,2.440968,-0.36533076,0.24720398,0.53319502,-0.80906928,0
0.99264157,-3.270962,-2.1593642,-0.71340418,-0.46488461,-0.52434391,0
1.450496,1.6879195,-1.0256259,0.24720398,0.53319502,-0.80906928,0
-1.0908892,3.7355964,-0.19453549,0.24720398,0.53319502,-0.80906928,0
2.9532654,-1.1665066,-2.5683575,0.24720398,0.53319502,-0.80906928,0
-3.3841703,1.5524659,-0.69645715,-0.71340418,-0.46488461,-0.52434391,0
-2.2075572,4.6592035,1.0665209,-0.65570146,0.70681345,0.26546234,0
3.3842549,-4.0854478,-0.26027822,0.65570146,-0.70681345,-0.26546234,0
1.6212598,-1.9788256,1.9021474,-0.24720398,-0.53319502,0.80906928,0
-4.7068782,2.5473883,0.54167604,-0.65570146,0.70681345,0.26546234,0
2.3549819,-5.0332937,-0.28673172,0.65570146,-0.70681345,-0.26546234,0
3.7765396,-2.7338238,-1.6086936,0.65570146,-0.70681345,-0.26546234,0
1.2138436,-1.4989996,1.8033252,-0.24720398,-0.53319502,0.80906928,0
3.8971581,-2.9020805,0.71944809,0.71340418,0.46488461,0.52434391,0
4.3656359,-2.9813731,0.40987968,0.71340418,0.46488461,0.52434391,0
