-0.5294683,1.2152938,-3.7567308,-0.9143545,0.16899109,-0.36796451,0
2.0803239,-2.5950816,-1.0300291,0.9143545,-0.16899109,0.36796451,0
-2.7958686,0.84055328,3.0722685,-0.34979677,0.12807587,0.92802966,0
0.56076503,-2.9632807,-3.0927434,-0.20395613,-0.97726077,0.057994217,0
0.51780415,-2.0085986,2.7809768,0.9143545,-0.16899109,0.36796451,0
0.66881001,-2.5502653,-0.78808224,-0.20395613,-0.97726077,0.057994217,0
2.7848144,1.442349,-3.6196527,0.34979677,-0.12807587,-0.92802966,0
-1.2518117,-1.5019594,4.0649104,-0.34979677,0.12807587,0.92802966,0
-0.85006249,-2.0424547,4.3041587,-0.20395613,-0.97726077,0.057994217,0
1.0087303,-0.46371329,3.0831888,0.9143545,-0.16899109,0.36796451,0
-1.6669741,1.4080145,-0.4351562,-0.9143545,0.16899109,-0.36796451,0
-3.1950357,0.69878721,3.1004038,-0.34979677,0.12807587,0.92802966,0
1.2498553,0.78697419,3.1576495,0.9143545,-0.16899109,0.36796451,0
-3.0478196,0.84453756,2.887167,-0.34979677,0.12807587,0.92802966,0
-0.74742198,2.7481229,3.6011529,-0.34979677,0.12807587,0.92802966,0
0.71099138,-3.0510304,-2.5579519,-0.20395613,-0.97726077,0.057994217,0
1.006925,1.8350164,-4.0911016,0.34979677,-0.12807587,-0.92802966,0
1.0732813,0.47808683,-4.0548368,0.34979677,-0.12807587,-0.92802966,0
-1.8945303,-1.8409072,2.337774,-0.20395613,-0.97726077,0.057994217,0
-3.1560533,-0.26910329,3.1502962,-0.34979677,0.12807587,0.92802966,0
-2.7112806,-1.9243689,3.70579,-0.20395613,-0.97726077,0.057994217,0
-1.9099228,-2.1090038,3.0487111,-0.20395613,-0.97726077,0.057994217,0
-2.3743107,-0.099667013,3.4601541,-0.34979677,0.12807587,0.92802966,0
-0.091045737,-2.3321171,3.9940808,-0.20395613,-0.97726077,0.057994217,0
1.6333425,2.3512294,1.8642271,0.20395613,0.97726077,-0.057994217,0
-0.063862562,2.5331159,2.5506794,0.20395613,0.97726077,-0.057994217,0
-0.57279974,1.2595425,3.7782276,-0.34979677,0.12807587,0.92802966,0
1.8127973,0.9818176,0.84237587,0.9143545,-0.16899109,0.36796451,0
0.76238394,2.3076651,-0.43555051,0.20395613,0.97726077,-0.057994217,0
-1.3290255,0.22950101,-2.4817939,-0.9143545,0.16899109,-0.36796451,0
1.6210099,-2.1398115,0.052838027,0.9143545,-0.16899109,0.36796451,0
-2.5771494,-1.8493534,1.835499,-0.20395613,-0.97726077,0.057994217,0
2.1440153,-0.70460331,-0.43374312,0.9143545,-0.16899109,0.36796451,0
-3.0953424,1.7941525,2.5855043,-0.9143545,0.16899109,-0.36796451,0
2.1147108,1.2712526,0.46363729,0.9143545,-0.16899109,0.36796451,0
-2.9076612,-1.0625639,0.76897168,-0.9143545,0.16899109,-0.36796451,0
2.5527453,-3.2486942,-2.7215669,0.34979677,-0.12807587,-0.92802966,0
0.93434238,2.1435986,-0.90304852,0.20395613,0.97726077,-0.057994217,0
0.64182138,-2.7604761,-0.40435606,-0.20395613,-0.97726077,0.057994217,0
1.5575287,-2.835681,-1.4323425,-0.20395613,-0.97726077,0.057994217,0
-2.1467376,0.46938396,0.36047852,-0.9143545,0.16899109,-0.36796451,0
-2.8450017,-1.4933853,0.59678829,-0.9143545,0.16899109,-0.36796451,0
1.0013969,1.9910986,3.3326776,0.9143545,-0.16899109,0.36796451,0
1.9275887,-0.65964961,0.72903347,0.9143545,-0.16899109,0.36796451,0
-0.49747705,2.7369971,-1.2762824,0.20395613,0.97726077,-0.057994217,0
-1.450855,-1.9708828,1.685832,-0.20395613,-0.97726077,0.057994217,0
1.5363152,-0.95845729,0.89752781,0.9143545,-0.16899109,0.36796451,0
-2.7248759,-1.977533,0.22838295,-0.20395613,-0.97726077,0.057994217,0
3.3477969,1.7955617,-2.3688729,0.9143545,-0.16899109,0.36796451,0
0.60722816,1.5545362,-4.4396157,0.34979677,-0.12807587,-0.92802966,0
-1.1148326,2.8407974,-0.35383767,0.20395613,0.97726077,-0.057994217,0
1.1420631,2.3549755,-0.38207936,0.20395613,0.97726077,-0.057994217,0
-0.53633904,0.5172019,4.1914935,-0.34979677,0.12807587,0.92802966,0
-0.16514617,-1.1461774,4.2221174,-0.34979677,0.12807587,0.92802966,0
0.075003266,-1.0560503,4.553937,-0.34979677,0.12807587,0.92802966,0
2.5781834,1.3838449,-3.4437237,0.34979677,-0.12807587,-0.92802966,0
2.6795814,0.69281721,-1.0552855,0.9143545,-0.16899109,0.36796451,0
1.6249237,0.68024278,1.8509037,0.9143545,-0.16899109,0.36796451,0
-3.0704808,-1.0127902,2.092591,-0.9143545,0.16899109,-0.36796451,0
-2.383466,-2.0233116,3.7432432,-0.20395613,-0.97726077,0.057994217,0
-3.2311981,-1.7848754,2.2506058,-0.20395613,-0.97726077,0.057994217,0
2.3934116,-3.0031424,-1.3583031,0.9143545,-0.16899109,0.36796451,0
-0.88937497,0.54809713,-2.485949,-0.9143545,0.16899109,-0.36796451,0
-1.1289182,-1.7907271,-3.8054202,-0.9143545,0.16899109,-0.36796451,0
0.20655179,2.375649,-1.8710293,0.20395613,0.97726077,-0.057994217,0
-1.8058798,-1.8045919,3.6704626,-0.34979677,0.12807587,0.92802966,0
-2.6842549,1.3116688,2.9198606,-0.34979677,0.12807587,0.92802966,0
-2.1630599,0.76285464,0.55160129,-0.9143545,0.16899109,-0.36796451,0
-0.5441559,0.83999038,4.1710176,-0.34979677,0.12807587,0.92802966,0
-2.33268,1.9425787,3.1853585,-0.34979677,0.12807587,0.92802966,0
-0.78959608,0.71188915,3.7279339,-0.34979677,0.12807587,0.92802966,0
-2.2123718,0.80707467,0.3788687,-0.9143545,0.16899109,-0.36796451,0
-0.47827268,2.0811992,-3.1559002,-0.9143545,0.16899109,-0.36796451,0
-1.9834082,-0.96156287,-0.57929122,-0.9143545,0.16899109,-0.36796451,0
-1.748696,-0.24656796,3.7429128,-0.34979677,0.12807587,0.92802966,0
-1.0393727,0.044271469,-3.0129316,-0.9143545,0.16899109,-0.36796451,0
-1.9092169,-0.91233361,3.9140105,-0.34979677,0.12807587,0.92802966,0
1.1951718,2.6075261,3.3248527,0.20395613,0.97726077,-0.057994217,0
-0.11903024,-2.5552487,2.063756,-0.20395613,-0.97726077,0.057994217,0
0.27197295,0.48844433,4.1846018,-0.34979677,0.12807587,0.92802966,0
-0.79305768,2.6507406,0.83215761,0.20395613,0.97726077,-0.057994217,0
0.58782494,1.3313193,-4.4068832,0.34979677,-0.12807587,-0.92802966,0
-1.1795421,-0.70173407,-3.2623689,-0.9143545,0.16899109,-0.36796451,0
-1.2230885,1.5781493,-1.2336404,-0.9143545,0.16899109,-0.36796451,0
-2.2322519,1.9760028,0.70107496,-0.9143545,0.16899109,-0.36796451,0
-1.8268733,-1.9517425,0.7013824,-0.20395613,-0.97726077,0.057994217,0
3.1428726,-0.4252187,-2.9567409,0.34979677,-0.12807587,-0.92802966,0
-2.3697705,2.88394,2.8921695,-0.34979677,0.12807587,0.92802966,0
2.9036767,-0.87761992,-2.9378428,0.34979677,-0.12807587,-0.92802966,0
-1.1852005,-2.2429173,1.5545514,-0.20395613,-0.97726077,0.057994217,0
3.2517033,1.7258474,-2.2624152,0.20395613,0.97726077,-0.057994217,0
1.6811627,-2.9751606,-1.8127832,-0.20395613,-0.97726077,0.057994217,0
-2.1263604,-1.1475055,3.8247175,-0.34979677,0.12807587,0.92802966,0
1.544101,2.2251515,-1.0815964,0.20395613,0.97726077,-0.057994217,0
-2.7812095,3.0647192,2.7961695,-0.9143545,0.16899109,-0.36796451,0
-2.1701937,-1.1044395,-0.35610098,-0.9143545,0.16899109,-0.36796451,0
-1.0167556,-0.84258556,-2.86516,-0.9143545,0.16899109,-0.36796451,0
-0.65127897,-2.4236538,-1.9451067,-0.20395613,-0.97726077,0.057994217,0
1.0982964,-0.83250695,-3.6722939,0.34979677,-0.12807587,-0.92802966,0
1.3051364,-0.074215412,2.3558679,0.9143545,-0.16899109,0.36796451,0
1.4222242,0.74535429,-4.0682831,0.34979677,-0.12807587,-0.92802966,0
1.0406959,0.2084595,-4.0557041,0.34979677,-0.12807587,-0.92802966,0
1.1515142,-2.6979582,0.68482548,-0.20395613,-0.97726077,0.057994217,0
-2.3175306,-0.12746143,0.078352451,-0.9143545,0.16899109,-0.36796451,0
1.7013088,-3.0557001,-1.9968462,-0.20395613,-0.97726077,0.057994217,0
1.5885528,-0.16575229,1.0288197,0.9143545,-0.16899109,0.36796451,0
-0.44097877,-2.6992793,-3.0945399,-0.20395613,-0.97726077,0.057994217,0
-1.5948962,2.3153348,-0.33532602,-0.9143545,0.16899109,-0.36796451,0
-1.2888297,-1.7169409,4.2550597,-0.34979677,0.12807587,0.92802966,0
-0.1840831,1.3316988,3.9087038,-0.34979677,0.12807587,0.92802966,0
1.6689582,0.74110556,1.8448111,0.9143545,-0.16899109,0.36796451,0
-3.089407,2.028873,2.8811808,-0.34979677,0.12807587,0.92802966,0
-1.0918725,1.7699283,3.449528,-0.34979677,0.12807587,0.92802966,0
-3.3864205,-0.54090285,2.9077888,-0.34979677,0.12807587,0.92802966,0
0.56270146,2.5614283,1.9657075,0.20395613,0.97726077,-0.057994217,0
0.92733335,-2.7494831,1.3871806,-0.20395613,-0.97726077,0.057994217,0
-0.52484369,-0.42751336,-4.6131706,0.34979677,-0.12807587,-0.92802966,0
2.4213085,-1.4136558,-3.1119258,0.34979677,-0.12807587,-0.92802966,0
2.7083397,-1.4258834,-3.2830329,0.34979677,-0.12807587,-0.92802966,0
-0.00015258789,2.3024621,3.851593,-0.34979677,0.12807587,0.92802966,0
-3.3889198,-1.4826168,3.0418739,-0.34979677,0.12807587,0.92802966,0
-1.9506551,0.15171111,-0.47029409,-0.9143545,0.16899109,-0.36796451,0
-0.7035253,-1.6758692,-4.4397149,0.34979677,-0.12807587,-0.92802966,0
-1.4017932,-2.2742195,1.4310465,-0.20395613,-0.97726077,0.057994217,0
-0.2666167,1.5463718,3.8170691,-0.34979677,0.12807587,0.92802966,0
0.185164,-0.31912041,-4.2045393,0.34979677,-0.12807587,-0.92802966,0
0.13938642,0.66426754,4.2566519,-0.34979677,0.12807587,0.92802966,0
-1.3183177,-1.8440497,4.2527432,-0.34979677,0.12807587,0.92802966,0
-0.81739557,2.6266646,-1.9703985,0.20395613,0.97726077,-0.057994217,0
-2.1230497,1.0231323,0.57051432,-0.9143545,0.16899109,-0.36796451,0
0.10846114,-2.3760719,3.9290173,0.9143545,-0.16899109,0.36796451,0
-1.0215664,1.5399976,-1.9781939,-0.9143545,0.16899109,-0.36796451,0
1.4856701,-1.3513284,1.4908774,0.9143545,-0.16899109,0.36796451,0
1.6052766,1.9746342,-1.1893253,0.20395613,0.97726077,-0.057994217,0
-0.92895913,0.63924968,-2.6391611,-0.9143545,0.16899109,-0.36796451,0
-0.23003525,1.6777015,-4.5030103,-0.9143545,0.16899109,-0.36796451,0
3.1434751,1.0601225,-1.7997112,0.9143545,-0.16899109,0.36796451,0
0.12218893,0.83858085,-4.1898551,0.34979677,-0.12807587,-0.92802966,0
1.1291211,-1.1006521,1.9587258,0.9143545,-0.16899109,0.36796451,0
1.9189136,-1.2234089,0.60762429,0.9143545,-0.16899109,0.36796451,0
0.16292453,-2.2091484,4.4968948,0.9143545,-0.16899109,0.36796451,0
1.5153824,-3.1491435,-3.1551294,-0.20395613,-0.97726077,0.057994217,0
-2.1985252,-0.17224669,3.6693754,-0.34979677,0.12807587,0.92802966,0
-2.88305,-1.1959345,3.3933821,-0.34979677,0.12807587,0.92802966,0
-1.1668644,2.7960467,2.1077018,0.20395613,0.97726077,-0.057994217,0
-2.3715496,2.0295105,1.436089,-0.9143545,0.16899109,-0.36796451,0
0.6305629,-2.7242689,-0.40838355,-0.20395613,-0.97726077,0.057994217,0
-0.92648351,2.6494935,-1.0563271,0.20395613,0.97726077,-0.057994217,0
0.50992441,-2.8434012,-2.6530609,-0.20395613,-0.97726077,0.057994217,0
-1.0347445,2.794214,-1.6261716,0.20395613,0.97726077,-0.057994217,0
0.40564585,-2.7772102,-1.326931,-0.20395613,-0.97726077,0.057994217,0
-1.8141121,-0.42215085,-0.76531744,-0.9143545,0.16899109,-0.36796451,0
0.66195405,-2.7873764,1.1759403,-0.20395613,-0.97726077,0.057994217,0
-1.9438465,0.97820449,3.5350637,-0.34979677,0.12807587,0.92802966,0
-1.9370413,3.0992138,1.1026852,-0.9143545,0.16899109,-0.36796451,0
1.3225479,-1.2570525,-3.6878078,0.34979677,-0.12807587,-0.92802966,0
1.4285543,1.56603,2.3977599,0.9143545,-0.16899109,0.36796451,0
2.1977124,1.9079564,0.35202503,0.9143545,-0.16899109,0.36796451,0
-0.1300323,2.3042798,-1.7223287,0.20395613,0.97726077,-0.057994217,0
2.4222605,2.0243061,-0.59992242,0.20395613,0.97726077,-0.057994217,0
1.0311512,-2.5482821,0.63200366,-0.20395613,-0.97726077,0.057994217,0
2.7254686,1.6197107,-3.3374586,0.20395613,0.97726077,-0.057994217,0
0.91151381,0.97340608,-4.1814532,0.34979677,-0.12807587,-0.92802966,0
1.2547108,-1.7031074,-3.7946634,0.34979677,-0.12807587,-0.92802966,0
-0.060574293,-1.4384991,4.53615,-0.34979677,0.12807587,0.92802966,0
0.88266826,-2.3476095,-3.4610415,0.34979677,-0.12807587,-0.92802966,0
-0.29075885,2.8317916,1.0171275,0.20395613,0.97726077,-0.057994217,0
-0.74634266,-1.9711659,-4.2526827,0.34979677,-0.12807587,-0.92802966,0
0.15872157,-1.8436649,4.0133696,0.9143545,-0.16899109,0.36796451,0
-0.94387358,2.2570527,-1.6060479,-0.9143545,0.16899109,-0.36796451,0
-0.13838196,2.3716857,-3.395705,0.20395613,0.97726077,-0.057994217,0
-0.86827922,-2.4783082,1.0388943,-0.20395613,-0.97726077,0.057994217,0
0.34401464,-2.766845,-1.539541,-0.20395613,-0.97726077,0.057994217,0
-1.9163511,2.5163741,0.1489737,-0.9143545,0.16899109,-0.36796451,0
0.20354009,0.63873553,4.4277525,-0.34979677,0.12807587,0.92802966,0
-2.4800889,2.472667,1.642226,-0.9143545,0.16899109,-0.36796451,0
-2.7934022,1.9411945,2.9486904,-0.34979677,0.12807587,0.92802966,0
-0.33820462,-2.876569,-4.2077217,-0.20395613,-0.97726077,0.057994217,0
0.40167105,0.51665235,4.2378521,-0.34979677,0.12807587,0.92802966,0
-0.30830789,1.8867515,3.9784002,-0.34979677,0.12807587,0.92802966,0
-1.3158896,-2.2155809,-0.65414208,-0.20395613,-0.97726077,0.057994217,0
-0.18025589,2.447958,-1.0207853,0.20395613,0.97726077,-0.057994217,0
1.3037301,-2.7362695,0.24580677,-0.20395613,-0.97726077,0.057994217,0
-1.6963321,1.920058,-0.79442215,-0.9143545,0.16899109,-0.36796451,0
-2.4297657,-1.8299301,3.1316988,-0.20395613,-0.97726077,0.057994217,0
0.85475886,-0.67898488,2.5896883,0.9143545,-0.16899109,0.36796451,0
0.030202389,-2.5768447,-2.2587574,-0.20395613,-0.97726077,0.057994217,0
0.22016287,-0.97801876,-4.1409321,0.34979677,-0.12807587,-0.92802966,0
3.1478882,1.1393833,-1.7943208,0.9143545,-0.16899109,0.36796451,0
-1.0356674,-2.1229966,0.39107019,-0.20395613,-0.97726077,0.057994217,0
-2.0259955,-0.95919764,3.6812167,-0.34979677,0.12807587,0.92802966,0
0.56177479,-1.5411004,3.8656425,0.9143545,-0.16899109,0.36796451,0
-0.15644407,-1.929141,4.3043671,-0.34979677,0.12807587,0.92802966,0
0.38615465,2.1562665,4.1178474,-0.34979677,0.12807587,0.92802966,0
-2.3575447,2.3868427,1.8971319,-0.9143545,0.16899109,-0.36796451,0
-3.2085633,-0.13825572,3.2995386,-0.34979677,0.12807587,0.92802966,0
-0.54919726,-0.044648409,-3.7275646,-0.9143545,0.16899109,-0.36796451,0
2.6110296,-1.1375394,-1.8765283,0.9143545,-0.16899109,0.36796451,0
-1.873192,-0.025808215,-0.44027156,-0.9143545,0.16899109,-0.36796451,0
0.57618219,-0.40324843,-4.2154942,0.34979677,-0.12807587,-0.92802966,0
1.5756942,-2.8409226,0.096380174,-0.20395613,-0.97726077,0.057994217,0
-1.3457589,1.8829348,3.4276376,-0.34979677,0.12807587,0.92802966,0
1.9583251,-0.87045705,-3.2983007,0.34979677,-0.12807587,-0.92802966,0
0.39321184,-2.911473,-1.4469017,-0.20395613,-0.97726077,0.057994217,0
1.9990927,0.70739555,-3.7352443,0.34979677,-0.12807587,-0.92802966,0
0.98253584,1.5736101,-3.9815135,0.34979677,-0.12807587,-0.92802966,0
1.6046801,-2.9481349,-3.3092875,0.34979677,-0.12807587,-0.92802966,0
-1.1428719,2.8496058,2.7245371,0.20395613,0.97726077,-0.057994217,0
1.4545052,0.81486505,-3.9419584,0.34979677,-0.12807587,-0.92802966,0
2.8079534,-2.2239225,-2.1354001,0.9143545,-0.16899109,0.36796451,0
1.3020377,0.28463101,-3.6668451,0.34979677,-0.12807587,-0.92802966,0
0.52301908,1.219733,4.2586846,0.9143545,-0.16899109,0.36796451,0
3.5141292,0.17303419,-2.7469969,0.9143545,-0.16899109,0.36796451,0
-1.1310728,-2.3690829,-3.5636818,-0.20395613,-0.97726077,0.057994217,0
3.1857574,1.6873912,-2.3609324,0.20395613,0.97726077,-0.057994217,0
1.0565881,-0.86419642,1.9303601,0.9143545,-0.16899109,0.36796451,0
1.1570146,-3.0588226,-2.2191277,-0.20395613,-0.97726077,0.057994217,0
0.3016187,1.117137,4.4354744,-0.34979677,0.12807587,0.92802966,0
0.45059121,1.482415,4.1935916,-0.34979677,0.12807587,0.92802966,0
2.8435333,1.7694881,-1.8779106,0.20395613,0.97726077,-0.057994217,0
-1.1036,2.9692998,-0.36052614,0.20395613,0.97726077,-0.057994217,0
0.71321106,-0.017750621,-4.1835151,0.34979677,-0.12807587,-0.92802966,0
2.7094028,-0.17998159,-3.4392033,0.34979677,-0.12807587,-0.92802966,0
0.16278005,2.7273588,2.9199152,0.20395613,0.97726077,-0.057994217,0
-1.1364551,2.5747736,-0.85686797,0.20395613,0.97726077,-0.057994217,0
0.19560266,1.2915772,4.0807848,-0.34979677,0.12807587,0.92802966,0
0.71808177,-1.9403759,2.9528728,0.9143545,-0.16899109,0.36796451,0
1.4947042,2.1348505,-2.8981616,0.20395613,0.97726077,-0.057994217,0
3.064446,1.6342385,-1.4023263,0.9143545,-0.16899109,0.36796451,0
-0.071106672,-2.6036603,-2.0312781,-0.20395613,-0.97726077,0.057994217,0
2.0255733,1.952601,-1.2802348,0.20395613,0.97726077,-0.057994217,0
0.27024579,2.049809,-4.3906155,0.34979677,-0.12807587,-0.92802966,0
-1.2163582,0.19459391,-2.718214,-0.9143545,0.16899109,-0.36796451,0
1.0236936,-2.6555071,0.34624225,-0.20395613,-0.97726077,0.057994217,0
-1.57061,0.9140718,-1.3212408,-0.9143545,0.16899109,-0.36796451,0
-1.8326734,1.6152003,0.33740246,-0.9143545,0.16899109,-0.36796451,0
2.5530334,-0.9854151,-1.2358875,0.9143545,-0.16899109,0.36796451,0
-2.1048553,0.20439368,3.4846582,-0.34979677,0.12807587,0.92802966,0
2.4364004,0.971771,-0.18430364,0.9143545,-0.16899109,0.36796451,0
-1.0827515,-2.3718057,0.26740402,-0.20395613,-0.97726077,0.057994217,0
1.327389,-1.6643419,0.99083114,0.9143545,-0.16899109,0.36796451,0
-2.2467308,3.0784063,1.8057308,0.20395613,0.97726077,-0.057994217,0
0.27628672,1.5046221,4.0427046,-0.34979677,0.12807587,0.92802966,0
2.31599,-2.359879,-3.1701736,0.34979677,-0.12807587,-0.92802966,0
-2.8893609,-1.3403881,1.0699985,-0.9143545,0.16899109,-0.36796451,0
2.3013422,0.4901216,0.093124151,0.9143545,-0.16899109,0.36796451,0
1.6086146,1.2641935,1.6441531,0.9143545,-0.16899109,0.36796451,0
-1.5328059,0.081668556,3.5604324,-0.34979677,0.12807587,0.92802966,0
-1.602016,-2.2051234,-2.0407724,-0.20395613,-0.97726077,0.057994217,0
1.5591581,2.447639,0.530478,0.20395613,0.97726077,-0.057994217,0
-1.7572291,-2.093533,0.99829304,-0.20395613,-0.97726077,0.057994217,0
-0.96105886,-1.7493541,-3.6761785,-0.9143545,0.16899109,-0.36796451,0
0.70874166,2.6391835,1.1528246,0.20395613,0.97726077,-0.057994217,0
-0.92129862,0.19088978,3.7778375,-0.34979677,0.12807587,0.92802966,0
2.9205358,-0.80177009,-3.081059,0.34979677,-0.12807587,-0.92802966,0
-0.10848236,1.1605437,4.0215149,-0.34979677,0.12807587,0.92802966,0
-1.8159003,-0.024835788,3.4547982,-0.34979677,0.12807587,0.92802966,0
1.3056591,0.52887034,2.4828095,0.9143545,-0.16899109,0.36796451,0
-2.1929824,0.8101666,0.80474842,-0.9143545,0.16899109,-0.36796451,0
-0.85199589,1.0779492,3.633461,-0.34979677,0.12807587,0.92802966,0
-2.538867,-1.2820584,0.81858325,-0.9143545,0.16899109,-0.36796451,0
2.0563402,-2.0567324,-0.64803457,0.9143545,-0.16899109,0.36796451,0
-0.53491497,-2.6138353,-4.0699339,0.34979677,-0.12807587,-0.92802966,0
3.046669,1.8054923,-1.389389,0.20395613,0.97726077,-0.057994217,0
-2.1010292,2.8681073,1.2285774,0.20395613,0.97726077,-0.057994217,0
-1.1891885,-2.0939205,2.3089237,-0.20395613,-0.97726077,0.057994217,0
-0.6463027,3.0439184,3.151108,0.20395613,0.97726077,-0.057994217,0
-1.3980029,2.164084,3.5471802,-0.34979677,0.12807587,0.92802966,0
2.3883662,1.5590078,-3.805048,0.34979677,-0.12807587,-0.92802966,0
1.8840396,-3.1361654,-2.317265,-0.20395613,-0.97726077,0.057994217,0
2.8536177,1.9581701,-2.3019912,0.20395613,0.97726077,-0.057994217,0
-0.77149677,-2.5993931,-3.6399,-0.20395613,-0.97726077,0.057994217,0
-2.9423499,0.41973525,3.0577774,-0.34979677,0.12807587,0.92802966,0
-1.3848692,-1.3624246,-2.439646,-0.9143545,0.16899109,-0.36796451,0
1.9160542,-1.3754001,0.21923387,0.9143545,-0.16899109,0.36796451,0
-2.609376,1.856256,3.1379633,-0.34979677,0.12807587,0.92802966,0
-2.7470632,-1.985159,1.9795873,-0.20395613,-0.97726077,0.057994217,0
2.4066005,-0.015283823,-1.0925038,0.9143545,-0.16899109,0.36796451,0
-0.90345609,2.4732192,-1.3674148,0.20395613,0.97726077,-0.057994217,0
-0.25952315,-2.731868,-0.91616541,-0.20395613,-0.97726077,0.057994217,0
0.87570906,2.4788032,2.1325154,0.20395613,0.97726077,-0.057994217,0
2.2660825,-0.18306768,-0.022012234,0.9143545,-0.16899109,0.36796451,0
-2.6842546,-1.2669505,0.81557941,-0.9143545,0.16899109,-0.36796451,0
-0.36993742,2.8066928,1.3996034,0.20395613,0.97726077,-0.057994217,0
0.094099164,-1.9306426,3.9671397,0.9143545,-0.16899109,0.36796451,0
-0.51958293,-0.24648404,-3.7608478,-0.9143545,0.16899109,-0.36796451,0
-0.74325538,-2.2669575,-4.1322761,-0.9143545,0.16899109,-0.36796451,0
-2.7042365,1.7337461,2.3302214,-0.9143545,0.16899109,-0.36796451,0
0.01616478,-2.1046867,4.5861278,-0.34979677,0.12807587,0.92802966,0
1.6865512,-0.43755978,-3.5122583,0.34979677,-0.12807587,-0.92802966,0
-1.9315765,3.195616,3.0146077,-0.34979677,0.12807587,0.92802966,0
0.34097266,2.1942277,-2.3359981,0.20395613,0.97726077,-0.057994217,0
0.91533208,1.8578532,3.8092723,0.9143545,-0.16899109,0.36796451,0
-0.074055433,2.5608833,0.93277562,0.20395613,0.97726077,-0.057994217,0
-0.81747723,-2.2324693,3.7039158,-0.20395613,-0.97726077,0.057994217,0
1.2267833,-0.056016564,2.0006583,0.9143545,-0.16899109,0.36796451,0
-1.6004109,3.1938386,3.030828,0.20395613,0.97726077,-0.057994217,0
-0.36159268,-0.64681339,4.1254301,-0.34979677,0.12807587,0.92802966,0
1.4197881,-0.82774234,1.7758832,0.9143545,-0.16899109,0.36796451,0
-0.96064568,-2.2218938,1.9126623,-0.20395613,-0.97726077,0.057994217,0
1.8162436,-2.8574271,-1.3580441,-0.20395613,-0.97726077,0.057994217,0
2.45118,0.81725264,-3.6764479,0.34979677,-0.12807587,-0.92802966,0
-1.7520492,1.1357548,3.4577856,-0.34979677,0.12807587,0.92802966,0
0.53884184,-1.7919784,3.1696391,0.9143545,-0.16899109,0.36796451,0
-3.5531013,-1.6103679,3.3713088,-0.34979677,0.12807587,0.92802966,0
-0.16175258,-2.1547179,3.0677769,-0.20395613,-0.97726077,0.057994217,0
-0.046665013,-1.0523053,4.438736,-0.34979677,0.12807587,0.92802966,0
-0.67586482,-0.3376615,-3.4555242,-0.9143545,0.16899109,-0.36796451,0
0.036750674,0.68204319,4.1112976,-0.34979677,0.12807587,0.92802966,0
0.065824747,-1.8553669,-3.8764117,0.34979677,-0.12807587,-0.92802966,0
-0.14631748,2.5318565,3.8529329,-0.34979677,0.12807587,0.92802966,0
-2.5860238,-0.69281352,0.47048509,-0.9143545,0.16899109,-0.36796451,0
3.0913594,-1.0852125,-2.8359799,0.34979677,-0.12807587,-0.92802966,0
-1.3359567,1.6571091,-1.3318408,-0.9143545,0.16899109,-0.36796451,0
0.27765942,-2.4993494,0.69919449,-0.20395613,-0.97726077,0.057994217,0
-2.7784495,-0.44698083,1.1344841,-0.9143545,0.16899109,-0.36796451,0
0.67141926,0.3224194,4.0818119,0.9143545,-0.16899109,0.36796451,0
-0.74359941,-0.81822681,4.1927333,-0.34979677,0.12807587,0.92802966,0
-1.8867052,-0.74882197,-1.0635623,-0.9143545,0.16899109,-0.36796451,0
-1.958158,2.8845639,0.89708602,-0.9143545,0.16899109,-0.36796451,0
-0.70157123,-2.6706228,-3.2118921,-0.20395613,-0.97726077,0.057994217,0
-2.6314802,3.2951803,2.9557371,-0.34979677,0.12807587,0.92802966,0
0.77711701,2.6055224,4.4208584,-0.34979677,0.12807587,0.92802966,0
0.059065938,-1.5021472,-3.966341,0.34979677,-0.12807587,-0.92802966,0
0.062733889,2.6919658,1.409107,0.20395613,0.97726077,-0.057994217,0
2.0989926,2.1959934,0.75363034,0.20395613,0.97726077,-0.057994217,0
2.460537,-1.8020139,-3.3225465,0.34979677,-0.12807587,-0.92802966,0
1.952101,2.0598893,-3.6437387,0.20395613,0.97726077,-0.057994217,0
-2.3316159,3.3381073,1.7862608,0.20395613,0.97726077,-0.057994217,0
1.9927666,2.0014267,1.5271939,0.9143545,-0.16899109,0.36796451,0
-3.5934939,-1.3287777,3.057003,-0.34979677,0.12807587,0.92802966,0
1.7413235,0.70013309,1.8183832,0.9143545,-0.16899109,0.36796451,0
0.33161759,-2.7784531,0.13420561,-0.20395613,-0.97726077,0.057994217,0
2.5929074,-2.0340595,-2.8478351,0.34979677,-0.12807587,-0.92802966,0
0.95961785,2.0824554,3.8369102,0.9143545,-0.16899109,0.36796451,0
-2.2532258,-2.0898275,0.40953016,-0.20395613,-0.97726077,0.057994217,0
3.2955775,-0.4713701,-2.8491859,0.34979677,-0.12807587,-0.92802966,0
0.2924037,-2.4832954,0.79650253,-0.20395613,-0.97726077,0.057994217,0
-2.1038399,1.1911967,3.3469739,-0.34979677,0.12807587,0.92802966,0
1.5811999,-2.7475798,0.17548814,0.9143545,-0.16899109,0.36796451,0
-2.4785445,2.5843492,1.7015774,-0.9143545,0.16899109,-0.36796451,0
-3.1189165,-1.6082358,2.0728343,-0.20395613,-0.97726077,0.057994217,0
1.1538357,-2.9857075,-2.0985608,-0.20395613,-0.97726077,0.057994217,0
-2.4571033,-1.928932,0.44181204,-0.20395613,-0.97726077,0.057994217,0
-1.716987,3.0943415,2.2921572,0.20395613,0.97726077,-0.057994217,0
-0.90321952,0.84502804,-2.9742162,-0.9143545,0.16899109,-0.36796451,0
-2.443697,-0.72685122,-0.019686103,-0.9143545,0.16899109,-0.36796451,0
0.76191533,-2.3960087,2.1539166,-0.20395613,-0.97726077,0.057994217,0
-2.3965888,2.0484743,3.2490792,-0.34979677,0.12807587,0.92802966,0
-0.2114284,2.7567072,3.5723493,0.20395613,0.97726077,-0.057994217,0
-1.8533893,1.4131734,3.47964,-0.34979677,0.12807587,0.92802966,0
0.058223709,-0.61372781,4.2540083,-0.34979677,0.12807587,0.92802966,0
-0.86624473,-0.46032047,-3.6298704,-0.9143545,0.16899109,-0.36796451,0
0.97001958,2.4013424,-2.4063768,0.20395613,0.97726077,-0.057994217,0
0.92049748,-0.82196051,-3.7816246,0.34979677,-0.12807587,-0.92802966,0
-2.210238,0.49241525,3.2427893,-0.34979677,0.12807587,0.92802966,0
1.4841814,0.74224913,-4.0594144,0.34979677,-0.12807587,-0.92802966,0
-1.4508641,1.4280097,-1.2665,-0.9143545,0.16899109,-0.36796451,0
2.40133,-2.273823,-1.9357274,0.9143545,-0.16899109,0.36796451,0
1.0723362,-2.884299,0.71093291,-0.20395613,-0.97726077,0.057994217,0
2.7405658,1.4001808,-3.6506658,0.34979677,-0.12807587,-0.92802966,0
2.9272897,1.1475708,-3.3131294,0.34979677,-0.12807587,-0.92802966,0
2.1529741,-1.185719,-0.10555112,0.9143545,-0.16899109,0.36796451,0
3.5016842,-0.052559137,-3.1322865,0.34979677,-0.12807587,-0.92802966,0
-0.025554627,0.17669284,-4.256125,0.34979677,-0.12807587,-0.92802966,0
1.4784676,-0.024136543,1.8779367,0.9143545,-0.16899109,0.36796451,0
1.7231191,-3.0344698,-2.2358372,-0.20395613,-0.97726077,0.057994217,0
-1.4463826,2.8597279,-0.14845192,0.20395613,0.97726077,-0.057994217,0
0.28337669,2.1064651,-4.3101473,0.34979677,-0.12807587,-0.92802966,0
1.5569694,-2.2444398,0.78253388,0.9143545,-0.16899109,0.36796451,0
1.1825689,0.58211565,2.4401064,0.9143545,-0.16899109,0.36796451,0
3.0279758,1.131004,-1.6548791,0.9143545,-0.16899109,0.36796451,0
-0.98664546,-2.4233153,1.7909615,-0.20395613,-0.97726077,0.057994217,0
0.86625552,-0.45635331,3.2692201,0.9143545,-0.16899109,0.36796451,0
-3.1540058,-1.913506,2.9153724,-0.20395613,-0.97726077,0.057994217,0
-1.8616722,2.1086888,3.3044896,-0.34979677,0.12807587,0.92802966,0
1.0138764,-2.7662816,-0.39219427,-0.20395613,-0.97726077,0.057994217,0
-1.2373023,0.76419401,-1.8400252,-0.9143545,0.16899109,-0.36796451,0
-2.7159419,-1.841542,2.3156376,-0.20395613,-0.97726077,0.057994217,0
1.7141689,-1.6561899,-3.5320225,0.34979677,-0.12807587,-0.92802966,0
3.0057065,-0.27909088,-2.0238571,0.9143545,-0.16899109,0.36796451,0
-2.8731422,-2.0935595,0.86981201,-0.20395613,-0.97726077,0.057994217,0
0.84808075,-2.896446,-0.46017623,-0.20395613,-0.97726077,0.057994217,0
0.18324327,-1.0082854,-3.9094467,0.34979677,-0.12807587,-0.92802966,0
2.2718148,-1.7946469,-1.0023308,0.9143545,-0.16899109,0.36796451,0
1.245028,1.9928877,-2.1366489,0.20395613,0.97726077,-0.057994217,0
0.75677282,-0.46152866,3.2788312,0.9143545,-0.16899109,0.36796451,0
-0.089337826,-1.3510023,-4.0202656,0.34979677,-0.12807587,-0.92802966,0
-0.11868906,-2.2740026,-4.2297935,0.34979677,-0.12807587,-0.92802966,0
1.153033,2.1012568,-1.4210784,0.20395613,0.97726077,-0.057994217,0
2.0554328,-1.8370546,-0.77874219,0.9143545,-0.16899109,0.36796451,0
-1.515969,-2.2202115,-0.82817549,-0.20395613,-0.97726077,0.057994217,0
-0.33010626,-2.3984628,-4.0828753,0.34979677,-0.12807587,-0.92802966,0
-0.79762799,0.95335019,3.7300532,-0.34979677,0.12807587,0.92802966,0
-2.4018133,0.80827552,1.1378872,-0.9143545,0.16899109,-0.36796451,0
1.4407814,2.206305,-2.6802702,0.20395613,0.97726077,-0.057994217,0
-2.0455899,-0.68008018,-0.14054543,-0.9143545,0.16899109,-0.36796451,0
-1.9678669,-2.0258734,-1.6608179,-0.9143545,0.16899109,-0.36796451,0
2.6083879,-1.2684672,-3.1726117,0.34979677,-0.12807587,-0.92802966,0
0.87578535,2.5135591,4.2910719,0.20395613,0.97726077,-0.057994217,0
-0.22225106,2.3682885,-2.9549384,0.20395613,0.97726077,-0.057994217,0
-0.47988963,2.8225429,3.8201649,0.20395613,0.97726077,-0.057994217,0
2.8951168,1.5666471,-3.1733565,0.20395613,0.97726077,-0.057994217,0
2.4800718,0.37135521,-3.4532833,0.34979677,-0.12807587,-0.92802966,0
1.1690466,2.2705536,-0.79528904,0.20395613,0.97726077,-0.057994217,0
-2.6497743,3.106287,3.0424953,-0.34979677,0.12807587,0.92802966,0
-1.9641207,-1.6091843,3.6872134,-0.34979677,0.12807587,0.92802966,0
-1.2884421,-2.2597601,-3.710109,-0.9143545,0.16899109,-0.36796451,0
-3.2083249,-0.21952879,2.3154509,-0.9143545,0.16899109,-0.36796451,0
0.8520354,-2.8557034,0.91694963,-0.20395613,-0.97726077,0.057994217,0
0.54592288,0.16565621,-4.0795431,0.34979677,-0.12807587,-0.92802966,0
0.80187881,-1.9606957,2.2127666,0.9143545,-0.16899109,0.36796451,0
2.2870893,-1.756243,-1.257195,0.9143545,-0.16899109,0.36796451,0
1.9313074,1.1619406,1.6874874,0.9143545,-0.16899109,0.36796451,0
0.78956091,0.69989276,4.0209799,0.9143545,-0.16899109,0.36796451,0
0.98638439,1.7567363,4.2394686,-0.34979677,0.12807587,0.92802966,0
-0.41884136,2.1849678,-3.4441011,-0.9143545,0.16899109,-0.36796451,0
-1.5783131,-0.93621057,4.0203443,-0.34979677,0.12807587,0.92802966,0
-2.5758965,-1.9109253,0.77648473,-0.20395613,-0.97726077,0.057994217,0
-1.1863643,1.2811327,-2.3574944,-0.9143545,0.16899109,-0.36796451,0
0.67380834,2.361721,2.4390154,0.20395613,0.97726077,-0.057994217,0
-2.517416,-0.57655025,0.64863515,-0.9143545,0.16899109,-0.36796451,0
-2.4206653,-1.8624134,3.6025753,-0.34979677,0.12807587,0.92802966,0
1.239418,0.60452056,-4.0158172,0.34979677,-0.12807587,-0.92802966,0
2.8805025,-3.0195355,-2.8962259,0.9143545,-0.16899109,0.36796451,0
-2.5166602,1.6678712,1.8227406,-0.9143545,0.16899109,-0.36796451,0
-0.36528504,-2.1496184,3.3150184,-0.20395613,-0.97726077,0.057994217,0
0.80899477,2.2921448,-0.35233742,0.20395613,0.97726077,-0.057994217,0
3.0156898,0.34671724,-3.3420839,0.34979677,-0.12807587,-0.92802966,0
0.86068654,1.4199058,-3.9813538,0.34979677,-0.12807587,-0.92802966,0
-1.2522917,2.786305,0.59990144,0.20395613,0.97726077,-0.057994217,0
1.2364758,-2.839632,-2.2435644,-0.20395613,-0.97726077,0.057994217,0
2.1606598,-0.56905746,-3.4768934,0.34979677,-0.12807587,-0.92802966,0
0.070556611,-0.12974882,-4.2151251,0.34979677,-0.12807587,-0.92802966,0
2.2411835,1.972326,0.65216702,0.9143545,-0.16899109,0.36796451,0
1.7578459,-2.8887401,-1.9151108,-0.20395613,-0.97726077,0.057994217,0
0.68701231,-2.3904653,-3.5404553,0.34979677,-0.12807587,-0.92802966,0
0.82372832,-2.5644846,-3.7596145,0.34979677,-0.12807587,-0.92802966,0
0.44761753,2.6557775,1.8333241,0.20395613,0.97726077,-0.057994217,0
2.1718137,-1.0434241,-0.34113133,0.9143545,-0.16899109,0.36796451,0
-0.68214297,2.0081131,3.9107232,-0.34979677,0.12807587,0.92802966,0
0.68901873,2.4452934,3.6800992,0.20395613,0.97726077,-0.057994217,0
-0.42329669,-2.3008013,3.6574538,-0.20395613,-0.97726077,0.057994217,0
2.2923055,0.3228277,-0.25229549,0.9143545,-0.16899109,0.36796451,0
2.9780097,0.047377706,-1.9514019,0.9143545,-0.16899109,0.36796451,0
-1.3435559,-2.343699,-0.26068458,-0.20395613,-0.97726077,0.057994217,0
3.572834,0.9261086,-2.5506225,0.9143545,-0.16899109,0.36796451,0
2.5336986,2.0745645,-1.3368733,0.20395613,0.97726077,-0.057994217,0
3.1910357,1.8571758,-3.0769901,0.20395613,0.97726077,-0.057994217,0
0.23299575,2.1594,-4.4810677,0.34979677,-0.12807587,-0.92802966,0
1.0048709,1.6263366,3.3129838,0.9143545,-0.16899109,0.36796451,0
2.935586,-1.668561,-2.6719296,0.9143545,-0.16899109,0.36796451,0
-0.9497962,3.0309145,1.9294503,0.20395613,0.97726077,-0.057994217,0
3.4266386,-0.12403119,-3.1074338,0.34979677,-0.12807587,-0.92802966,0
-2.5673363,-0.89304006,3.3472133,-0.34979677,0.12807587,0.92802966,0
-3.309391,0.29157114,2.8774967,-0.34979677,0.12807587,0.92802966,0
1.519748,-0.28444403,-3.4965019,0.34979677,-0.12807587,-0.92802966,0
-2.2256823,-0.012148052,3.4741478,-0.34979677,0.12807587,0.92802966,0
-2.4840548,0.84088373,3.3436704,-0.34979677,0.12807587,0.92802966,0
-0.40992999,2.9119513,2.6371934,0.20395613,0.97726077,-0.057994217,0
0.25651884,0.72286212,-4.2774043,0.34979677,-0.12807587,-0.92802966,0
2.8555017,-0.99639374,-1.7411549,0.9143545,-0.16899109,0.36796451,0
-1.5798916,-1.0950832,-2.1183114,-0.9143545,0.16899109,-0.36796451,0
-2.7994463,1.8827593,3.193336,-0.34979677,0.12807587,0.92802966,0
-1.90013,0.5597806,-0.63526905,-0.9143545,0.16899109,-0.36796451,0
-1.3504183,-0.4741261,3.9137712,-0.34979677,0.12807587,0.92802966,0
-3.2262616,1.0389259,3.116148,-0.34979677,0.12807587,0.92802966,0
-2.4797189,2.2093027,3.068069,-0.34979677,0.12807587,0.92802966,0
-0.97628069,-0.93792701,-2.9633608,-0.9143545,0.16899109,-0.36796451,0
0.89976138,-1.203895,2.6432772,0.9143545,-0.16899109,0.36796451,0
2.0170572,-0.41401708,0.39277682,0.9143545,-0.16899109,0.36796451,0
-1.4015634,-0.44168639,-2.3917038,-0.9143545,0.16899109,-0.36796451,0
-2.6793611,-1.4676839,3.3276238,-0.34979677,0.12807587,0.92802966,0
-1.080158,1.764089,-1.7609978,-0.9143545,0.16899109,-0.36796451,0
1.6227219,-0.40703046,1.4306657,0.9143545,-0.16899109,0.36796451,0
0.4285382,-2.5682101,1.141668,-0.20395613,-0.97726077,0.057994217,0
1.1493318,2.4341745,1.3904328,0.20395613,0.97726077,-0.057994217,0
0.46332499,-0.42715096,4.3281279,0.9143545,-0.16899109,0.36796451,0
-0.45712006,0.1635251,-4.1674595,-0.9143545,0.16899109,-0.36796451,0
3.221756,0.69913888,-1.9663064,0.9143545,-0.16899109,0.36796451,0
1.8124614,1.4775152,1.4799157,0.9143545,-0.16899109,0.36796451,0
-2.9981413,1.6223885,2.5038853,-0.9143545,0.16899109,-0.36796451,0
-0.22971821,2.4634376,-0.25082439,0.20395613,0.97726077,-0.057994217,0
-1.7676884,2.9618182,1.3670065,0.20395613,0.97726077,-0.057994217,0
0.49310672,2.014555,-4.240222,0.34979677,-0.12807587,-0.92802966,0
-0.71148491,-2.2331429,1.8365684,-0.20395613,-0.97726077,0.057994217,0
1.3821743,0.6520741,2.7503755,0.9143545,-0.16899109,0.36796451,0
-2.4479098,-1.2818403,3.7795758,-0.34979677,0.12807587,0.92802966,0
-3.0802765,1.6171995,3.1083932,-0.34979677,0.12807587,0.92802966,0
0.25580674,-1.5643692,3.8980246,0.9143545,-0.16899109,0.36796451,0
2.4639413,-1.3027906,-1.7990429,0.9143545,-0.16899109,0.36796451,0
1.3853397,1.5866182,2.8447394,0.9143545,-0.16899109,0.36796451,0
-0.016876221,2.8370826,2.099854,0.20395613,0.97726077,-0.057994217,0
-2.5365021,1.601737,1.2211154,-0.9143545,0.16899109,-0.36796451,0
-2.329674,3.1785393,2.2759826,-0.9143545,0.16899109,-0.36796451,0
-2.0090656,1.7234282,0.12967634,-0.9143545,0.16899109,-0.36796451,0
1.8454217,1.7195686,-4.0236511,0.34979677,-0.12807587,-0.92802966,0
2.3273954,1.2201447,-3.562655,0.34979677,-0.12807587,-0.92802966,0
-2.0839057,1.5510855,3.2673616,-0.34979677,0.12807587,0.92802966,0
-1.996264,0.29173529,3.4330444,-0.34979677,0.12807587,0.92802966,0
-3.0746303,1.1859212,2.9233341,-0.34979677,0.12807587,0.92802966,0
1.2757865,-2.8076773,-0.69066083,-0.20395613,-0.97726077,0.057994217,0
1.5722194,0.082422733,1.6601024,0.9143545,-0.16899109,0.36796451,0
3.261019,0.11713934,-2.5125098,0.9143545,-0.16899109,0.36796451,0
-0.19595242,-1.1242435,-4.3369441,0.34979677,-0.12807587,-0.92802966,0
2.7065942,0.62347829,-3.1776557,0.34979677,-0.12807587,-0.92802966,0
-0.44322506,-0.19639111,4.0352411,-0.34979677,0.12807587,0.92802966,0
1.3273541,1.4454851,2.4611955,0.9143545,-0.16899109,0.36796451,0
0.41233516,2.3678291,-3.9612081,0.20395613,0.97726077,-0.057994217,0
-2.445163,3.0221455,2.5137823,-0.9143545,0.16899109,-0.36796451,0
-1.2683177,-0.80201727,4.114562,-0.34979677,0.12807587,0.92802966,0
1.9766061,-1.6607467,-0.48544133,0.9143545,-0.16899109,0.36796451,0
3.0131035,1.7222962,-1.4372072,0.9143545,-0.16899109,0.36796451,0
-1.0373816,2.8600225,-0.04347986,0.20395613,0.97726077,-0.057994217,0
-0.065176204,-0.45648873,4.4884152,-0.34979677,0.12807587,0.92802966,0
1.2237606,-2.8858259,-2.8666501,-0.20395613,-0.97726077,0.057994217,0
0.95343351,1.7663696,3.5266991,0.9143545,-0.16899109,0.36796451,0
0.29823154,0.93836117,-4.3214679,0.34979677,-0.12807587,-0.92802966,0
1.7196813,0.87292957,1.4868838,0.9143545,-0.16899109,0.36796451,0
-2.8486078,2.174386,2.1885712,-0.9143545,0.16899109,-0.36796451,0
-1.8820305,-1.2413576,-0.8431955,-0.9143545,0.16899109,-0.36796451,0
1.5557007,0.027311295,-3.645319,0.34979677,-0.12807587,-0.92802966,0
1.5834284,1.5731039,-3.9388785,0.34979677,-0.12807587,-0.92802966,0
0.24683282,0.13501275,-4.1816263,0.34979677,-0.12807587,-0.92802966,0
-1.5893483,1.7915545,3.4639673,-0.34979677,0.12807587,0.92802966,0
1.1620345,-0.66812158,2.3876233,0.9143545,-0.16899109,0.36796451,0
2.5179319,-0.40512717,-1.1209879,0.9143545,-0.16899109,0.36796451,0
1.1351459,-0.58695555,2.467983,0.9143545,-0.16899109,0.36796451,0
0.60518003,-1.0181839,3.6196167,0.9143545,-0.16899109,0.36796451,0
2.3840723,-0.92050499,-3.0898118,0.34979677,-0.12807587,-0.92802966,0
1.0477226,-2.9192696,-0.72340393,-0.20395613,-0.97726077,0.057994217,0
-0.66917586,-2.5478148,0.23571438,-0.20395613,-0.97726077,0.057994217,0
2.5440292,-0.10662115,-0.49607992,0.9143545,-0.16899109,0.36796451,0
0.74165326,0.86109358,-3.982259,0.34979677,-0.12807587,-0.92802966,0
-0.73224616,-2.3379414,-0.9634732,-0.20395613,-0.97726077,0.057994217,0
-1.4662867,2.6234319,3.2412121,-0.34979677,0.12807587,0.92802966,0
-2.55439,-1.419922,0.0086891651,-0.9143545,0.16899109,-0.36796451,0
-1.3800741,3.0522714,2.1546824,0.20395613,0.97726077,-0.057994217,0
2.4768782,1.5757399,0.28101748,0.9143545,-0.16899109,0.36796451,0
0.15490365,-2.6884892,0.95148683,-0.20395613,-0.97726077,0.057994217,0
-2.3889236,-2.0639517,2.5805938,-0.20395613,-0.97726077,0.057994217,0
2.6167078,-1.2641299,-1.2815986,0.9143545,-0.16899109,0.36796451,0
2.0209963,-1.8555026,-3.2505245,0.34979677,-0.12807587,-0.92802966,0
-0.38470316,-2.6105676,-0.12352002,-0.20395613,-0.97726077,0.057994217,0
0.097211957,-1.5133419,4.2251773,0.9143545,-0.16899109,0.36796451,0
-2.2319255,3.0999072,1.0968075,-0.9143545,0.16899109,-0.36796451,0
-1.7021215,-0.3500039,3.641942,-0.34979677,0.12807587,0.92802966,0
-1.2839861,-2.3791106,0.21530229,-0.20395613,-0.97726077,0.057994217,0
-0.19503582,-2.0647347,4.460814,-0.34979677,0.12807587,0.92802966,0
0.99192333,2.3576398,0.015982091,0.20395613,0.97726077,-0.057994217,0
-0.60107064,2.8892617,1.3638059,0.20395613,0.97726077,-0.057994217,0
3.1194251,1.7529068,-1.9862337,0.9143545,-0.16899109,0.36796451,0
-2.1609025,1.0039866,0.79298854,-0.9143545,0.16899109,-0.36796451,0
-0.6139546,1.0923958,-3.9109917,-0.9143545,0.16899109,-0.36796451,0
-3.1857448,1.3135414,2.6522372,-0.9143545,0.16899109,-0.36796451,0
2.6869745,-2.9039574,-3.0857573,0.34979677,-0.12807587,-0.92802966,0
0.10422772,1.3877263,-4.6253347,0.34979677,-0.12807587,-0.92802966,0
1.7341683,-2.9117389,-3.2107544,0.34979677,-0.12807587,-0.92802966,0
-2.2927716,-1.2347951,3.5533481,-0.34979677,0.12807587,0.92802966,0
0.81429982,2.5968339,4.0628128,-0.34979677,0.12807587,0.92802966,0
-0.22155559,2.0563431,-3.4752488,-0.9143545,0.16899109,-0.36796451,0
0.96387649,1.283077,3.9437554,0.9143545,-0.16899109,0.36796451,0
1.9405138,-1.8534828,-0.45095634,0.9143545,-0.16899109,0.36796451,0
0.92442924,0.025671005,3.4083486,0.9143545,-0.16899109,0.36796451,0
-0.60250866,-0.54253131,4.0679045,-0.34979677,0.12807587,0.92802966,0
-0.53156531,2.4239311,-3.4228511,0.20395613,0.97726077,-0.057994217,0
-3.4989777,-1.3781592,2.2846107,-0.9143545,0.16899109,-0.36796451,0
2.6120911,-1.3227285,-3.2878008,0.34979677,-0.12807587,-0.92802966,0
2.0981972,2.1387959,1.6125453,0.9143545,-0.16899109,0.36796451,0
-1.0227957,-1.2576768,4.160346,-0.34979677,0.12807587,0.92802966,0
1.5898522,0.044574738,1.9944539,0.9143545,-0.16899109,0.36796451,0
-1.3500044,-2.1731682,1.95315,-0.20395613,-0.97726077,0.057994217,0
0.79158777,-0.42857051,-3.847472,0.34979677,-0.12807587,-0.92802966,0
1.0481393,-1.2765654,2.5563629,0.9143545,-0.16899109,0.36796451,0
0.68723512,-2.0735195,2.295347,0.9143545,-0.16899109,0.36796451,0
-0.24298954,2.5090661,0.39902133,0.20395613,0.97726077,-0.057994217,0
0.31755888,-0.29027462,4.6103601,-0.34979677,0.12807587,0.92802966,0
1.5212524,-2.688669,-0.10625422,0.9143545,-0.16899109,0.36796451,0
-2.9566743,-0.85929358,3.4952631,-0.34979677,0.12807587,0.92802966,0
-3.1496673,-1.6625974,3.0161619,-0.20395613,-0.97726077,0.057994217,0
0.36540771,-2.7589989,-0.59238768,-0.20395613,-0.97726077,0.057994217,0
1.8680317,0.4021945,-3.6789846,0.34979677,-0.12807587,-0.92802966,0
1.6718216,2.4087625,0.029337406,0.20395613,0.97726077,-0.057994217,0
-1.0741078,2.6275725,0.77361202,0.20395613,0.97726077,-0.057994217,0
