-1.1923182,2.5151141,-2.5304751,-0.28805262,0.92160785,-0.26012409,0
-1.2381088,3.1460056,-0.42572999,-0.28805262,0.92160785,-0.26012409,0
-2.0620577,-1.9579049,-0.94291884,-0.59232867,-0.38491333,-0.70780522,0
-0.22464693,0.47293884,2.5217214,-0.75244415,-0.049805999,0.65677011,0
-0.82515275,3.5024559,-0.4891758,-0.28805262,0.92160785,-0.26012409,0
1.0999877,-3.1281834,0.95342374,0.28805262,-0.92160785,0.26012409,0
0.3491832,-3.2380798,-1.8837109,-0.59232867,-0.38491333,-0.70780522,0
-1.9593225,-0.0027890205,0.7756927,-0.75244415,-0.049805999,0.65677011,0
-0.90690947,-2.4434352,-1.3106239,-0.59232867,-0.38491333,-0.70780522,0
-2.372107,0.78732264,0.63981974,-0.75244415,-0.049805999,0.65677011,0
1.5974874,-2.4506769,2.5759518,0.28805262,-0.92160785,0.26012409,0
-1.5151443,1.9669142,-3.2357879,-0.59232867,-0.38491333,-0.70780522,0
-0.41161275,2.7631745,-3.1790516,-0.28805262,0.92160785,-0.26012409,0
-1.6887662,3.6305289,1.1210213,-0.28805262,0.92160785,-0.26012409,0
-0.43502378,-2.6406512,-1.501869,-0.59232867,-0.38491333,-0.70780522,0
1.1302387,-1.6213608,-1.9799035,0.75244415,0.049805999,-0.65677011,0
-1.1373751,-2.2074685,1.7984548,-0.75244415,-0.049805999,0.65677011,0
0.80878389,4.3885717,0.61861777,-0.28805262,0.92160785,-0.26012409,0
1.7083592,-3.2185602,-0.18646598,0.28805262,-0.92160785,0.26012409,0
0.68978858,-1.9111917,3.4937682,-0.75244415,-0.049805999,0.65677011,0
-1.3216898,-0.90883952,-2.0914402,-0.59232867,-0.38491333,-0.70780522,0
-2.1681049,2.1252332,-3.1049466,-0.28805262,0.92160785,-0.26012409,0
-0.89350963,3.0937011,-2.2366996,-0.28805262,0.92160785,-0.26012409,0
2.007457,1.1594847,0.97722048,0.59232867,0.38491333,0.70780522,0
0.96442646,-1.7039016,-2.2794719,0.75244415,0.049805999,-0.65677011,0
-0.800053,-3.7613666,1.3848968,0.28805262,-0.92160785,0.26012409,0
3.1598229,-0.60262513,0.26932275,0.75244415,0.049805999,-0.65677011,0
-1.8015697,-0.89779532,-1.6093364,-0.59232867,-0.38491333,-0.70780522,0
-0.48434687,0.26358068,2.3094182,-0.75244415,-0.049805999,0.65677011,0
1.3941979,-3.9116096,-1.4757352,0.28805262,-0.92160785,0.26012409,0
-0.45328534,4.0066957,1.5879378,-0.28805262,0.92160785,-0.26012409,0
0.42090535,0.45448357,2.8426261,0.59232867,0.38491333,0.70780522,0
-0.072621822,-3.4291885,-1.361799,-0.59232867,-0.38491333,-0.70780522,0
-0.47776535,-3.3849282,1.2522769,0.28805262,-0.92160785,0.26012409,0
1.8865893,3.0353646,0.55859375,0.59232867,0.38491333,0.70780522,0
3.0907357,0.43208885,0.36037463,0.75244415,0.049805999,-0.65677011,0
-0.7015661,2.9065144,-2.0369563,-0.28805262,0.92160785,-0.26012409,0
-0.52837014,-3.8031559,0.30543375,0.28805262,-0.92160785,0.26012409,0
2.6708229,-0.57522058,1.4483322,0.59232867,0.38491333,0.70780522,0
0.77448845,-2.8228271,-2.6510205,0.75244415,0.049805999,-0.65677011,0
0.70089996,3.6961236,-0.98009849,-0.28805262,0.92160785,-0.26012409,0
-1.0929943,-3.6192627,1.5298219,-0.75244415,-0.049805999,0.65677011,0
1.4266428,-3.8747168,-1.1039803,0.28805262,-0.92160785,0.26012409,0
2.5504234,-2.788718,1.2226887,0.28805262,-0.92160785,0.26012409,0
-1.4839941,-2.6593699,1.0383699,-0.75244415,-0.049805999,0.65677011,0
1.5549604,-2.6586509,1.7341599,0.28805262,-0.92160785,0.26012409,0
-1.2448534,3.0883155,-0.54924488,-0.28805262,0.92160785,-0.26012409,0
-3.7207863,1.8247496,-0.80176806,-0.75244415,-0.049805999,0.65677011,0
1.2227926,0.0066164285,2.4471304,0.59232867,0.38491333,0.70780522,0
1.4625504,-1.7208567,2.9707246,0.59232867,0.38491333,0.70780522,0
1.5272714,1.7093916,-0.96201921,0.75244415,0.049805999,-0.65677011,0
-0.63202041,-3.8047268,0.91451144,0.28805262,-0.92160785,0.26012409,0
0.45270085,-4.1440578,-1.3024919,0.28805262,-0.92160785,0.26012409,0
-2.9115882,2.64132,-0.911304,-0.28805262,0.92160785,-0.26012409,0
1.1115801,3.8869371,-0.40023351,-0.28805262,0.92160785,-0.26012409,0
-0.76881957,-1.1651255,-2.1989946,-0.59232867,-0.38491333,-0.70780522,0
1.6943114,-1.7694762,3.0539663,0.59232867,0.38491333,0.70780522,0
2.0593693,2.2060397,-0.54599023,0.75244415,0.049805999,-0.65677011,0
-0.29974341,1.5149789,-3.1610579,0.75244415,0.049805999,-0.65677011,0
-1.523087,2.5273712,-2.7670031,-0.28805262,0.92160785,-0.26012409,0
-2.7892778,2.7273622,-1.2831078,-0.28805262,0.92160785,-0.26012409,0
-0.28640401,-4.0302491,-0.37554765,0.28805262,-0.92160785,0.26012409,0
1.7251351,1.5072739,1.2502469,0.59232867,0.38491333,0.70780522,0
-3.4538774,2.0988634,-0.97101903,-0.75244415,-0.049805999,0.65677011,0
0.25544453,0.77651393,3.1694419,0.59232867,0.38491333,0.70780522,0
3.0307739,0.059957504,0.55590403,0.75244415,0.049805999,-0.65677011,0
-2.0283859,-0.92497027,-1.4547544,-0.59232867,-0.38491333,-0.70780522,0
1.8151448,-0.062283337,1.9119835,0.59232867,0.38491333,0.70780522,0
-2.1859922,0.58072829,-2.1579514,-0.59232867,-0.38491333,-0.70780522,0
-2.7922578,2.7089517,-1.0777462,-0.28805262,0.92160785,-0.26012409,0
1.6142006,2.3207762,-0.99256825,0.75244415,0.049805999,-0.65677011,0
-1.4594246,-3.4006944,-0.6407516,-0.59232867,-0.38491333,-0.70780522,0
1.9228588,-3.3609726,-0.046348333,0.28805262,-0.92160785,0.26012409,0
1.9915514,2.5132723,-0.35735464,0.75244415,0.049805999,-0.65677011,0
-0.2193087,3.6978021,0.15671587,-0.28805262,0.92160785,-0.26012409,0
1.3745141,1.2586561,1.5220549,0.59232867,0.38491333,0.70780522,0
-0.24007669,-3.5589831,1.4602973,0.28805262,-0.92160785,0.26012409,0
1.821358,2.7712729,-0.86199117,0.75244415,0.049805999,-0.65677011,0
2.4136479,-2.8357499,1.3341458,0.28805262,-0.92160785,0.26012409,0
1.7662814,-0.92540979,-0.90397513,0.75244415,0.049805999,-0.65677011,0
-3.3826799,1.578441,-1.5840707,-0.59232867,-0.38491333,-0.70780522,0
-1.1311827,-4.2377582,0.12345934,0.28805262,-0.92160785,0.26012409,0
-1.6208438,-0.59031129,1.3873682,-0.75244415,-0.049805999,0.65677011,0
0.73973,3.7065644,-1.803874,0.75244415,0.049805999,-0.65677011,0
-1.4733682,2.6354158,-2.0611525,-0.28805262,0.92160785,-0.26012409,0
-0.49271953,-2.6491969,2.5360529,-0.75244415,-0.049805999,0.65677011,0
1.0149419,1.7525654,1.5482244,0.59232867,0.38491333,0.70780522,0
-2.6215401,-0.7492938,-0.91110575,-0.59232867,-0.38491333,-0.70780522,0
1.6868403,3.0489628,-1.0299807,0.75244415,0.049805999,-0.65677011,0
-0.27536207,3.5460122,-0.93497181,-0.28805262,0.92160785,-0.26012409,0
1.4372301,-1.8752484,3.1557078,0.59232867,0.38491333,0.70780522,0
-1.5805953,3.1147537,-0.96252322,-0.28805262,0.92160785,-0.26012409,0
-1.1961207,3.0471468,-0.59218574,-0.28805262,0.92160785,-0.26012409,0
0.21531677,-0.92945671,3.1232119,-0.75244415,-0.049805999,0.65677011,0
-2.2351654,2.5317616,0.39102268,-0.75244415,-0.049805999,0.65677011,0
-2.5220916,-1.0797864,-0.99957854,-0.59232867,-0.38491333,-0.70780522,0
1.3083208,-2.8283992,2.5383317,0.28805262,-0.92160785,0.26012409,0
-1.8328189,2.8896086,-1.2540679,-0.28805262,0.92160785,-0.26012409,0
-2.4707718,0.49837887,0.4071413,-0.75244415,-0.049805999,0.65677011,0
1.8905354,0.30693579,-0.94062555,0.75244415,0.049805999,-0.65677011,0
2.9823315,0.063319921,0.58489394,0.75244415,0.049805999,-0.65677011,0
-1.2390755,-2.3021421,1.1980157,-0.75244415,-0.049805999,0.65677011,0
2.7615631,-0.25708711,1.5387115,0.59232867,0.38491333,0.70780522,0
1.6653421,0.075853556,2.149121,0.59232867,0.38491333,0.70780522,0
-0.38984454,-3.9405353,-0.68378377,0.28805262,-0.92160785,0.26012409,0
0.81597877,3.9248185,0.55323792,0.59232867,0.38491333,0.70780522,0
-1.934916,-0.83516622,0.53145862,-0.75244415,-0.049805999,0.65677011,0
-2.7430444,0.4705286,-1.7045512,-0.59232867,-0.38491333,-0.70780522,0
1.9444842,-2.4745414,-1.301041,0.75244415,0.049805999,-0.65677011,0
-1.3710809,-0.73169911,-2.0714223,-0.59232867,-0.38491333,-0.70780522,0
1.3416064,-1.7586409,3.3700438,0.59232867,0.38491333,0.70780522,0
-1.6507142,0.78972781,-2.7094216,-0.59232867,-0.38491333,-0.70780522,0
-2.6770127,2.2742033,-2.3382123,-0.28805262,0.92160785,-0.26012409,0
-0.2416234,-4.0785303,-1.2392669,-0.59232867,-0.38491333,-0.70780522,0
1.0003655,-3.1339529,0.68711662,0.28805262,-0.92160785,0.26012409,0
-2.3652365,0.54441655,0.18503657,-0.75244415,-0.049805999,0.65677011,0
-1.6768483,1.0815632,1.0202913,-0.75244415,-0.049805999,0.65677011,0
-2.2706549,3.2360353,0.17229748,-0.28805262,0.92160785,-0.26012409,0
3.5305264,-1.3052663,1.3032713,0.59232867,0.38491333,0.70780522,0
1.6573733,4.0314159,-0.48417282,-0.28805262,0.92160785,-0.26012409,0
0.61512041,3.0451455,1.3238372,0.59232867,0.38491333,0.70780522,0
2.0153213,-2.4420199,2.265301,0.28805262,-0.92160785,0.26012409,0
0.44754958,-1.5269833,3.2039766,-0.75244415,-0.049805999,0.65677011,0
-1.3379253,3.1409686,-0.70768905,-0.28805262,0.92160785,-0.26012409,0
0.78033,-3.3593268,0.74175239,0.28805262,-0.92160785,0.26012409,0
-0.38250649,-3.0249031,2.0883477,-0.75244415,-0.049805999,0.65677011,0
-2.4563,-1.1388518,-0.76613057,-0.59232867,-0.38491333,-0.70780522,0
-1.899581,-2.2455263,-0.54798424,-0.59232867,-0.38491333,-0.70780522,0
0.98742259,4.09412,0.51041079,0.59232867,0.38491333,0.70780522,0
2.0784552,0.8561666,1.4030731,0.59232867,0.38491333,0.70780522,0
2.4485054,1.0070367,0.072917342,0.75244415,0.049805999,-0.65677011,0
-1.9544971,-0.99719799,0.46365654,-0.75244415,-0.049805999,0.65677011,0
2.5930843,1.6173899,-0.077468514,0.75244415,0.049805999,-0.65677011,0
1.1995041,4.1500325,-0.44667959,-0.28805262,0.92160785,-0.26012409,0
2.5735884,-2.9721158,0.45904922,0.28805262,-0.92160785,0.26012409,0
1.5578544,-1.2162502,-1.3716187,0.75244415,0.049805999,-0.65677011,0
-3.0205708,2.2150736,-0.27225518,-0.75244415,-0.049805999,0.65677011,0
0.32490546,3.3999805,-1.6296451,-0.28805262,0.92160785,-0.26012409,0
-1.0504377,0.079481363,2.0891385,-0.75244415,-0.049805999,0.65677011,0
1.6936328,-0.42404366,-1.1142883,0.75244415,0.049805999,-0.65677011,0
-0.25435489,-3.6884937,1.0510488,0.28805262,-0.92160785,0.26012409,0
-2.4848902,2.9976084,0.031063318,-0.28805262,0.92160785,-0.26012409,0
-2.2791915,2.9468262,-0.41042042,-0.28805262,0.92160785,-0.26012409,0
-1.5668149,0.61274821,-2.6137061,-0.59232867,-0.38491333,-0.70780522,0
1.6696982,4.3703833,-0.028092861,-0.28805262,0.92160785,-0.26012409,0
1.0648425,-0.19589299,2.9995489,0.59232867,0.38491333,0.70780522,0
-1.7129667,-2.9389553,-0.37135172,-0.59232867,-0.38491333,-0.70780522,0
-3.8485227,2.0296264,-1.4233742,-0.59232867,-0.38491333,-0.70780522,0
-3.0751119,2.0673573,-0.41060495,-0.75244415,-0.049805999,0.65677011,0
0.47449923,-4.285533,-1.5478234,0.28805262,-0.92160785,0.26012409,0
0.46413147,-3.1462314,2.4591949,0.28805262,-0.92160785,0.26012409,0
0.074329615,2.0786748,-2.5098922,0.75244415,0.049805999,-0.65677011,0
1.6115665,-2.0499485,-1.5416176,0.75244415,0.049805999,-0.65677011,0
-0.68545866,-0.069162846,-2.6783509,-0.59232867,-0.38491333,-0.70780522,0
1.5609343,3.395967,-0.93453741,0.75244415,0.049805999,-0.65677011,0
1.0076718,-3.4093654,-0.16337633,0.28805262,-0.92160785,0.26012409,0
2.9205682,0.94807124,0.61543196,0.59232867,0.38491333,0.70780522,0
0.92853975,-1.5456787,3.3830962,0.59232867,0.38491333,0.70780522,0
-1.3718225,2.9362333,-1.2890787,-0.28805262,0.92160785,-0.26012409,0
-0.056494951,0.86060405,3.1044772,-0.75244415,-0.049805999,0.65677011,0
1.6402559,3.0337474,0.45276427,0.59232867,0.38491333,0.70780522,0
-1.5087845,3.4848471,1.0493872,-0.28805262,0.92160785,-0.26012409,0
-0.080242157,-2.4190907,2.5916929,-0.75244415,-0.049805999,0.65677011,0
0.85505652,-0.80968451,3.3756151,0.59232867,0.38491333,0.70780522,0
0.5976913,3.8516185,1.1336188,0.59232867,0.38491333,0.70780522,0
-0.19092917,0.86873329,-3.1740012,0.75244415,0.049805999,-0.65677011,0
-0.23710537,1.8229262,2.5643375,0.59232867,0.38491333,0.70780522,0
-0.24256718,4.1636639,1.0104613,-0.28805262,0.92160785,-0.26012409,0
1.2408699,1.9980272,-1.3776109,0.75244415,0.049805999,-0.65677011,0
2.0438757,1.1280508,1.0875274,0.59232867,0.38491333,0.70780522,0
-0.94987893,2.8677425,-2.592416,-0.28805262,0.92160785,-0.26012409,0
0.66846704,1.8740139,2.1860251,0.59232867,0.38491333,0.70780522,0
1.0533652,-3.3368754,1.1093638,0.28805262,-0.92160785,0.26012409,0
2.5005927,0.08922863,-0.41716048,0.75244415,0.049805999,-0.65677011,0
0.21961588,-3.7736087,-0.66079569,0.28805262,-0.92160785,0.26012409,0
-2.7222819,-0.82867324,-0.9290067,-0.59232867,-0.38491333,-0.70780522,0
1.2121211,3.8809547,-1.1516018,-0.28805262,0.92160785,-0.26012409,0
-1.3900141,-3.6091406,-0.13891077,-0.59232867,-0.38491333,-0.70780522,0
-2.96997,1.8505757,-0.24532914,-0.75244415,-0.049805999,0.65677011,0
-1.2298627,1.5973551,-3.1152134,-0.59232867,-0.38491333,-0.70780522,0
0.34030628,-2.2583752,-2.5435266,-0.59232867,-0.38491333,-0.70780522,0
-0.36866665,-1.5917594,-2.5346484,-0.59232867,-0.38491333,-0.70780522,0
-2.4001915,-1.2215688,-0.83559239,-0.59232867,-0.38491333,-0.70780522,0
1.2391199,-3.8976951,-1.7100153,0.28805262,-0.92160785,0.26012409,0
1.5111072,-2.7606673,2.4962695,0.28805262,-0.92160785,0.26012409,0
3.3006959,-0.86816704,0.66296995,0.75244415,0.049805999,-0.65677011,0
3.1850398,-1.7225748,0.20689189,0.75244415,0.049805999,-0.65677011,0
2.16366,-0.97716653,2.304256,0.59232867,0.38491333,0.70780522,0
-0.9633075,4.0056214,1.8504528,-0.28805262,0.92160785,-0.26012409,0
2.2256284,1.8397993,0.43126965,0.59232867,0.38491333,0.70780522,0
1.3454553,2.7937629,-1.5699732,0.75244415,0.049805999,-0.65677011,0
-2.6464794,-0.19092119,-1.1465167,-0.59232867,-0.38491333,-0.70780522,0
0.90924591,-4.1833754,-1.6412022,0.28805262,-0.92160785,0.26012409,0
0.68810761,-3.8813369,-1.74652,-0.59232867,-0.38491333,-0.70780522,0
0.39279699,-1.4142262,3.6862721,-0.75244415,-0.049805999,0.65677011,0
2.601999,1.2303097,0.49788404,0.59232867,0.38491333,0.70780522,0
0.90419406,-3.5042081,0.057214737,0.28805262,-0.92160785,0.26012409,0
-2.0397606,2.7295017,-2.0877275,-0.28805262,0.92160785,-0.26012409,0
-0.9532727,3.9418426,2.0800157,0.59232867,0.38491333,0.70780522,0
-2.4455049,1.4928255,-2.5610781,-0.59232867,-0.38491333,-0.70780522,0
0.2651403,3.7588198,1.1717122,0.59232867,0.38491333,0.70780522,0
-2.9163766,2.8008547,-0.11611915,-0.75244415,-0.049805999,0.65677011,0
-0.50155818,2.8052962,2.3502727,0.59232867,0.38491333,0.70780522,0
1.6034448,-2.6360064,2.2697656,0.28805262,-0.92160785,0.26012409,0
1.8958917,-1.8352715,3.1482537,0.59232867,0.38491333,0.70780522,0
0.98435706,-1.6739348,-2.0821271,0.75244415,0.049805999,-0.65677011,0
-1.6948776,-1.682023,-1.0583826,-0.59232867,-0.38491333,-0.70780522,0
-1.8083546,0.69649869,-2.1276126,-0.59232867,-0.38491333,-0.70780522,0
-1.7546883,-0.94705653,-1.3960145,-0.59232867,-0.38491333,-0.70780522,0
-0.3351686,-3.7710319,-1.3860314,-0.59232867,-0.38491333,-0.70780522,0
1.408865,-0.061394572,-1.4562198,0.75244415,0.049805999,-0.65677011,0
-2.0101564,2.8284678,-1.8821406,-0.28805262,0.92160785,-0.26012409,0
2.4400508,0.77101457,1.0650393,0.59232867,0.38491333,0.70780522,0
-1.355448,2.4565268,-3.0548944,-0.28805262,0.92160785,-0.26012409,0
-3.3839111,0.58750367,-0.63405538,-0.75244415,-0.049805999,0.65677011,0
1.6042293,2.7214866,0.46539235,0.59232867,0.38491333,0.70780522,0
-1.0022668,-3.7947221,1.6807132,-0.75244415,-0.049805999,0.65677011,0
-0.037339479,3.4663746,-1.1240981,-0.28805262,0.92160785,-0.26012409,0
-1.8232281,-1.564755,-1.2555835,-0.59232867,-0.38491333,-0.70780522,0
0.72729635,0.66227847,2.39189,0.59232867,0.38491333,0.70780522,0
-0.1898725,-0.76025057,-3.0658197,0.75244415,0.049805999,-0.65677011,0
0.98446465,-3.4541206,-0.52231431,0.28805262,-0.92160785,0.26012409,0
1.9230094,-0.4695158,2.2473004,0.59232867,0.38491333,0.70780522,0
-0.0097301006,2.2293141,-2.9249125,0.75244415,0.049805999,-0.65677011,0
1.3675073,1.0352893,-1.5269874,0.75244415,0.049805999,-0.65677011,0
2.8164473,-1.9200386,-0.12858403,0.75244415,0.049805999,-0.65677011,0
-1.5129466,1.0982822,-2.584815,-0.59232867,-0.38491333,-0.70780522,0
0.98453069,0.2621218,-1.5994091,0.75244415,0.049805999,-0.65677011,0
-2.6376147,-0.044246674,-0.1958584,-0.75244415,-0.049805999,0.65677011,0
-0.69295776,-4.0999074,-0.84511232,0.28805262,-0.92160785,0.26012409,0
0.84838939,-0.90792388,3.4975402,0.59232867,0.38491333,0.70780522,0
-2.5046391,1.4877489,0.39041853,-0.75244415,-0.049805999,0.65677011,0
0.24482894,3.5350325,1.3351812,0.59232867,0.38491333,0.70780522,0
1.1721623,-2.5377645,2.5808609,0.28805262,-0.92160785,0.26012409,0
0.13131905,3.1572602,1.5556437,0.59232867,0.38491333,0.70780522,0
2.1327188,-3.0142584,-0.69104385,0.75244415,0.049805999,-0.65677011,0
-2.7592239,2.2731583,-2.1194422,-0.28805262,0.92160785,-0.26012409,0
1.5363349,3.7814918,-0.82321215,0.75244415,0.049805999,-0.65677011,0
-1.8775787,2.1953437,-3.3506937,-0.59232867,-0.38491333,-0.70780522,0
-1.2045884,-2.9907017,-0.95280385,-0.59232867,-0.38491333,-0.70780522,0
3.2229178,-0.35713267,0.82483125,0.75244415,0.049805999,-0.65677011,0
-1.2126429,3.5314631,1.7418519,-0.75244415,-0.049805999,0.65677011,0
-1.2093251,-2.3006334,1.6641903,-0.75244415,-0.049805999,0.65677011,0
-2.4034567,-2.21751,0.27739787,-0.75244415,-0.049805999,0.65677011,0
-0.90583611,-2.0086405,-1.5682465,-0.59232867,-0.38491333,-0.70780522,0
-3.0015402,0.32529032,-1.0684001,-0.59232867,-0.38491333,-0.70780522,0
-1.9715736,0.23034471,-1.8596857,-0.59232867,-0.38491333,-0.70780522,0
2.8156383,0.39313388,0.96121144,0.59232867,0.38491333,0.70780522,0
-0.98358583,-3.3563774,-1.0461948,-0.59232867,-0.38491333,-0.70780522,0
-0.81085438,-0.82778144,2.1340785,-0.75244415,-0.049805999,0.65677011,0
1.5033017,-1.6729398,-1.196875,0.75244415,0.049805999,-0.65677011,0
-0.74661362,1.3053265,2.2380462,-0.75244415,-0.049805999,0.65677011,0
0.21493053,2.0097704,-2.8257267,0.75244415,0.049805999,-0.65677011,0
1.2138822,0.21287255,2.6721885,0.59232867,0.38491333,0.70780522,0
-0.80587387,1.9308727,-3.6446457,0.75244415,0.049805999,-0.65677011,0
2.4443641,-2.9977086,0.72661185,0.28805262,-0.92160785,0.26012409,0
2.2290239,-2.6804974,1.1745455,0.28805262,-0.92160785,0.26012409,0
-2.0820613,2.446826,-2.6578703,-0.28805262,0.92160785,-0.26012409,0
1.3537538,-3.1563773,0.2821722,0.28805262,-0.92160785,0.26012409,0
-2.1591811,1.9041853,0.83789182,-0.75244415,-0.049805999,0.65677011,0
-1.861797,2.6734858,1.0052664,-0.75244415,-0.049805999,0.65677011,0
-1.1230978,3.4758017,0.30594754,-0.28805262,0.92160785,-0.26012409,0
0.52901173,4.1119781,-0.21230698,-0.28805262,0.92160785,-0.26012409,0
-0.4998672,3.4770012,0.015194893,-0.28805262,0.92160785,-0.26012409,0
-1.927395,0.089537144,0.80772883,-0.75244415,-0.049805999,0.65677011,0
-0.37054729,-3.6849546,0.10384655,0.28805262,-0.92160785,0.26012409,0
0.33985317,-2.6619265,-2.2307215,-0.59232867,-0.38491333,-0.70780522,0
0.45270061,-3.8481648,-0.88389492,0.28805262,-0.92160785,0.26012409,0
-2.965503,2.0075362,-2.125138,-0.59232867,-0.38491333,-0.70780522,0
1.9609926,-0.75547862,2.4966898,0.59232867,0.38491333,0.70780522,0
1.4589756,1.1757779,1.9154632,0.59232867,0.38491333,0.70780522,0
1.134539,3.7371526,-1.0190747,-0.28805262,0.92160785,-0.26012409,0
1.5509102,4.2130995,-0.97969246,-0.28805262,0.92160785,-0.26012409,0
2.7760949,1.9530351,0.30193686,0.59232867,0.38491333,0.70780522,0
2.183042,3.7498853,-0.089862585,0.59232867,0.38491333,0.70780522,0
0.068024695,-3.5514255,1.0309832,0.28805262,-0.92160785,0.26012409,0
0.88174158,0.11159861,-2.3266325,0.75244415,0.049805999,-0.65677011,0
2.6538568,-0.9859072,1.8609411,0.59232867,0.38491333,0.70780522,0
-0.31723714,-0.90505183,2.6104894,-0.75244415,-0.049805999,0.65677011,0
-1.3854481,3.3074236,0.5255878,-0.28805262,0.92160785,-0.26012409,0
2.3472073,2.1161308,0.57506263,0.59232867,0.38491333,0.70780522,0
-0.73068237,-3.5396185,-0.8017869,-0.59232867,-0.38491333,-0.70780522,0
2.3810461,0.96781945,1.0435231,0.59232867,0.38491333,0.70780522,0
-0.69224036,2.3231549,2.255846,-0.75244415,-0.049805999,0.65677011,0
-2.0137069,0.092384815,0.45879298,-0.75244415,-0.049805999,0.65677011,0
1.9206674,-1.2139621,2.7142658,0.59232867,0.38491333,0.70780522,0
-0.24864531,-3.775382,-1.4201312,-0.59232867,-0.38491333,-0.70780522,0
-0.16575551,2.9109704,-3.1947415,0.75244415,0.049805999,-0.65677011,0
-0.45499301,0.95671582,-3.2309263,0.75244415,0.049805999,-0.65677011,0
-0.034262657,-3.556036,0.58703423,0.28805262,-0.92160785,0.26012409,0
-2.0320067,-2.7022927,-0.46330261,-0.59232867,-0.38491333,-0.70780522,0
0.78351277,-0.78736871,-2.1712558,0.75244415,0.049805999,-0.65677011,0
1.2370894,1.6593868,-1.30487,0.75244415,0.049805999,-0.65677011,0
-2.7057722,1.1832513,-1.9213643,-0.59232867,-0.38491333,-0.70780522,0
1.9413173,-2.567745,1.8664508,0.28805262,-0.92160785,0.26012409,0
-1.0373874,1.1425581,2.2044454,-0.75244415,-0.049805999,0.65677011,0
-0.44729686,0.68806404,2.514436,-0.75244415,-0.049805999,0.65677011,0
1.6604711,0.47994661,-1.1083051,0.75244415,0.049805999,-0.65677011,0
3.0197577,-1.9218435,1.7683909,0.59232867,0.38491333,0.70780522,0
2.0431497,1.3271811,-0.62481964,0.75244415,0.049805999,-0.65677011,0
-1.3201989,0.82255828,1.6134732,-0.75244415,-0.049805999,0.65677011,0
-2.5775647,-0.18191195,-1.4489948,-0.59232867,-0.38491333,-0.70780522,0
-0.38018322,-3.9763174,-0.95629668,0.28805262,-0.92160785,0.26012409,0
-0.83925676,-2.737473,-1.5544814,-0.59232867,-0.38491333,-0.70780522,0
0.66965169,3.8765864,-0.73877859,-0.28805262,0.92160785,-0.26012409,0
2.7294655,-1.9868937,2.1321635,0.59232867,0.38491333,0.70780522,0
2.602088,-2.3058565,2.0378134,0.28805262,-0.92160785,0.26012409,0
0.067361593,1.1232535,-3.020134,0.75244415,0.049805999,-0.65677011,0
2.5920777,0.7453922,0.80906236,0.59232867,0.38491333,0.70780522,0
0.13464975,-2.4004931,2.7945733,-0.75244415,-0.049805999,0.65677011,0
-1.5331438,3.4348037,0.17777848,-0.28805262,0.92160785,-0.26012409,0
-2.2074862,3.0315847,-0.56762052,-0.28805262,0.92160785,-0.26012409,0
0.89217687,1.239152,2.3840051,0.59232867,0.38491333,0.70780522,0
-1.2717493,-3.8542762,0.66696262,0.28805262,-0.92160785,0.26012409,0
2.8739357,-2.8968723,0.43170667,0.28805262,-0.92160785,0.26012409,0
0.11274219,1.6657319,2.425024,0.59232867,0.38491333,0.70780522,0
-1.2676117,2.7212753,-1.7652674,-0.28805262,0.92160785,-0.26012409,0
0.76279587,1.8550336,-1.982331,0.75244415,0.049805999,-0.65677011,0
-2.4799716,2.83989,0.14452672,-0.75244415,-0.049805999,0.65677011,0
-2.1225457,1.5302318,-2.841763,-0.59232867,-0.38491333,-0.70780522,0
-1.0956233,-4.1152864,-0.53537488,-0.59232867,-0.38491333,-0.70780522,0
1.3601494,-0.65036464,3.0015643,0.59232867,0.38491333,0.70780522,0
-0.38432074,3.0429568,-2.492806,-0.28805262,0.92160785,-0.26012409,0
3.52087,-0.66783333,0.68370724,0.75244415,0.049805999,-0.65677011,0
-3.3003488,0.13308382,-0.8500039,-0.59232867,-0.38491333,-0.70780522,0
0.35426879,-3.0703382,-2.2723331,-0.59232867,-0.38491333,-0.70780522,0
-0.06673032,3.2053885,-1.365963,-0.28805262,0.92160785,-0.26012409,0
-2.2582738,1.0504785,0.5852707,-0.75244415,-0.049805999,0.65677011,0
-2.542176,1.19004,0.3094669,-0.75244415,-0.049805999,0.65677011,0
1.5507917,2.2181602,-0.94494438,0.75244415,0.049805999,-0.65677011,0
1.3555871,1.583492,-1.5943737,0.75244415,0.049805999,-0.65677011,0
0.80523944,3.6084237,-1.5883863,-0.28805262,0.92160785,-0.26012409,0
-1.8137445,-3.1206217,-0.12975168,-0.59232867,-0.38491333,-0.70780522,0
1.0981832,-3.6151936,0.19505811,0.28805262,-0.92160785,0.26012409,0
0.57960343,-3.6699433,-0.95757675,0.28805262,-0.92160785,0.26012409,0
2.0958993,0.59613788,1.4658214,0.59232867,0.38491333,0.70780522,0
2.0329151,3.9834409,-0.076328278,0.59232867,0.38491333,0.70780522,0
-2.4265447,2.3577499,-2.3655226,-0.28805262,0.92160785,-0.26012409,0
-1.0737894,2.5278952,-3.5881901,-0.28805262,0.92160785,-0.26012409,0
-2.6632228,-0.34190822,0.25239575,-0.75244415,-0.049805999,0.65677011,0
0.42690754,2.2964222,1.9321889,0.59232867,0.38491333,0.70780522,0
1.2124306,-2.9807758,2.115397,0.28805262,-0.92160785,0.26012409,0
1.3915694,-2.0673046,3.5902326,0.59232867,0.38491333,0.70780522,0
0.68712783,-3.7203875,-2.2974749,-0.59232867,-0.38491333,-0.70780522,0
1.427109,-0.93127131,-1.3697305,0.75244415,0.049805999,-0.65677011,0
-1.1843495,-3.734448,-0.35979915,-0.59232867,-0.38491333,-0.70780522,0
2.0761361,0.92904305,-0.73568702,0.75244415,0.049805999,-0.65677011,0
2.5931952,2.1032057,0.093939304,0.59232867,0.38491333,0.70780522,0
0.16718817,-1.2255014,2.8481653,-0.75244415,-0.049805999,0.65677011,0
-2.2197056,0.17029506,-1.9645633,-0.59232867,-0.38491333,-0.70780522,0
3.1846879,-1.4970816,1.8072822,0.59232867,0.38491333,0.70780522,0
1.769757,1.4739581,-0.70135295,0.75244415,0.049805999,-0.65677011,0
-2.1649058,3.0411458,0.092676163,-0.28805262,0.92160785,-0.26012409,0
0.22128487,-1.5429996,-2.667948,-0.59232867,-0.38491333,-0.70780522,0
-2.5163109,3.020534,0.29523444,-0.75244415,-0.049805999,0.65677011,0
0.55300736,2.5284548,-2.0290134,0.75244415,0.049805999,-0.65677011,0
-1.4210107,0.085023269,-2.3008816,-0.59232867,-0.38491333,-0.70780522,0
0.87111259,3.2895913,-2.0439808,0.75244415,0.049805999,-0.65677011,0
-1.7238278,2.2502372,-3.2925634,-0.28805262,0.92160785,-0.26012409,0
1.6930164,2.4169407,-1.1141753,0.75244415,0.049805999,-0.65677011,0
0.4288913,-3.2118895,1.5973411,0.28805262,-0.92160785,0.26012409,0
-2.6007097,2.2373741,0.47398889,-0.75244415,-0.049805999,0.65677011,0
-1.0185812,1.6307149,-3.4199598,-0.59232867,-0.38491333,-0.70780522,0
-0.8439362,-3.8908687,1.3307576,0.28805262,-0.92160785,0.26012409,0
1.0333362,-0.2755307,2.6072044,0.59232867,0.38491333,0.70780522,0
-3.2020605,2.7333972,-0.66702223,-0.28805262,0.92160785,-0.26012409,0
-0.6576401,3.0196779,-1.6090536,-0.28805262,0.92160785,-0.26012409,0
1.0017468,-3.3521714,0.25017333,0.28805262,-0.92160785,0.26012409,0
2.5623462,0.099562764,1.4811304,0.59232867,0.38491333,0.70780522,0
-0.085663319,3.9125502,0.6400876,-0.28805262,0.92160785,-0.26012409,0
3.6818039,-1.0445331,1.2265593,0.75244415,0.049805999,-0.65677011,0
0.64347005,-3.9052389,-1.2884197,0.28805262,-0.92160785,0.26012409,0
1.7516806,-0.90680981,2.408416,0.59232867,0.38491333,0.70780522,0
2.1255889,-2.7000358,1.6082237,0.28805262,-0.92160785,0.26012409,0
-2.1186268,-0.018450499,0.49774367,-0.75244415,-0.049805999,0.65677011,0
-1.2973247,-0.71515191,-2.147752,-0.59232867,-0.38491333,-0.70780522,0
2.4887981,-2.9037373,0.8126092,0.28805262,-0.92160785,0.26012409,0
-3.2931333,0.990587,-0.55310452,-0.75244415,-0.049805999,0.65677011,0
0.94201446,-2.6175022,3.399893,0.28805262,-0.92160785,0.26012409,0
2.6331787,-3.0407064,-0.0020737648,0.28805262,-0.92160785,0.26012409,0
-1.0881463,-4.2441826,0.060887814,0.28805262,-0.92160785,0.26012409,0
0.13615394,-0.82445139,-2.9282513,0.75244415,0.049805999,-0.65677011,0
-0.87057441,-3.7542112,1.0100951,0.28805262,-0.92160785,0.26012409,0
-2.4499769,-0.046447158,-1.234749,-0.59232867,-0.38491333,-0.70780522,0
-0.83027101,2.8537612,2.040525,-0.75244415,-0.049805999,0.65677011,0
-1.4049494,-2.0875452,-1.2687814,-0.59232867,-0.38491333,-0.70780522,0
-1.5467362,-4.1983972,0.37966347,0.28805262,-0.92160785,0.26012409,0
2.7604907,-1.494453,0.20632339,0.75244415,0.049805999,-0.65677011,0
0.64374018,-1.5592424,3.4605722,-0.75244415,-0.049805999,0.65677011,0
-0.49552298,-3.3652565,1.3746612,0.28805262,-0.92160785,0.26012409,0
-2.2561595,2.3132212,-2.2392042,-0.28805262,0.92160785,-0.26012409,0
-0.11586428,-3.2386081,-1.5243256,-0.59232867,-0.38491333,-0.70780522,0
-1.5997522,-4.1443872,0.16968632,0.28805262,-0.92160785,0.26012409,0
-0.6577729,2.9830313,2.4928513,-0.75244415,-0.049805999,0.65677011,0
-0.64033639,3.5872533,-0.27157736,-0.28805262,0.92160785,-0.26012409,0
2.2397833,0.93186021,-0.35306776,0.75244415,0.049805999,-0.65677011,0
0.12023854,-3.8778818,-1.1704476,0.28805262,-0.92160785,0.26012409,0
-3.3847983,1.7197287,-1.5797131,-0.59232867,-0.38491333,-0.70780522,0
0.76537037,-1.4392266,3.4220333,0.59232867,0.38491333,0.70780522,0
0.54352933,3.0115018,-2.1373849,0.75244415,0.049805999,-0.65677011,0
1.4711394,-1.2607139,-1.6319101,0.75244415,0.049805999,-0.65677011,0
-3.5301538,1.3593489,-0.71107841,-0.75244415,-0.049805999,0.65677011,0
0.70371771,-2.8264403,2.633095,0.28805262,-0.92160785,0.26012409,0
-2.0312157,2.6944785,-2.1162486,-0.28805262,0.92160785,-0.26012409,0
-1.0750535,2.9605105,-2.3879499,-0.28805262,0.92160785,-0.26012409,0
1.5966465,-2.7559524,1.5446136,0.28805262,-0.92160785,0.26012409,0
-2.7545421,0.25443304,-1.1279435,-0.59232867,-0.38491333,-0.70780522,0
1.4906802,-2.4766583,3.0495543,0.28805262,-0.92160785,0.26012409,0
2.2085404,-0.29413736,1.6370207,0.59232867,0.38491333,0.70780522,0
-2.5382566,2.5987272,-0.67842197,-0.28805262,0.92160785,-0.26012409,0
1.0128305,-3.517911,0.11562276,0.28805262,-0.92160785,0.26012409,0
2.9947886,-1.6060164,1.7087278,0.59232867,0.38491333,0.70780522,0
-0.20171738,-2.4817781,2.4850621,-0.75244415,-0.049805999,0.65677011,0
0.2407086,-3.7071452,0.41913223,0.28805262,-0.92160785,0.26012409,0
0.66161656,-2.7601862,2.911334,0.28805262,-0.92160785,0.26012409,0
3.5570295,-2.324698,1.8026099,0.28805262,-0.92160785,0.26012409,0
-1.5785398,-1.4673536,-1.5142362,-0.59232867,-0.38491333,-0.70780522,0
-1.6655667,-3.4158814,-0.47048521,-0.59232867,-0.38491333,-0.70780522,0
2.4500051,-2.5742302,-0.49199414,0.75244415,0.049805999,-0.65677011,0
-2.038383,1.0536151,-2.578352,-0.59232867,-0.38491333,-0.70780522,0
1.3466462,4.0610914,0.19614697,0.59232867,0.38491333,0.70780522,0
-3.8648973,2.1960187,-1.2297194,-0.28805262,0.92160785,-0.26012409,0
0.27508664,3.5935063,-1.7912343,-0.28805262,0.92160785,-0.26012409,0
-1.026526,0.16645813,2.1503062,-0.75244415,-0.049805999,0.65677011,0
0.70629239,-1.6365104,-2.2669454,0.75244415,0.049805999,-0.65677011,0
-3.7354748,2.1043541,-1.637938,-0.28805262,0.92160785,-0.26012409,0
3.053535,-0.3117137,0.26345545,0.75244415,0.049805999,-0.65677011,0
0.044426441,0.38571417,2.8292902,-0.75244415,-0.049805999,0.65677011,0
0.79217482,3.6531291,-1.6565812,0.75244415,0.049805999,-0.65677011,0
-3.1882362,0.84530747,-0.40705693,-0.75244415,-0.049805999,0.65677011,0
1.5635573,-0.45102453,-1.4181029,0.75244415,0.049805999,-0.65677011,0
-0.52355558,-3.0293148,2.2866032,-0.75244415,-0.049805999,0.65677011,0
-0.1108923,-2.0086653,-2.1133394,-0.59232867,-0.38491333,-0.70780522,0
0.82246304,2.4205859,1.3866059,0.59232867,0.38491333,0.70780522,0
-1.7127986,-1.4370104,-1.2822384,-0.59232867,-0.38491333,-0.70780522,0
2.3806281,2.4177947,0.14163613,0.75244415,0.049805999,-0.65677011,0
-0.52292466,-1.4489393,-2.1415243,-0.59232867,-0.38491333,-0.70780522,0
1.9978046,-1.9566162,-0.84663951,0.75244415,0.049805999,-0.65677011,0
-1.1823967,-0.49738479,-2.489521,-0.59232867,-0.38491333,-0.70780522,0
-0.31453717,3.8275719,1.4893744,0.59232867,0.38491333,0.70780522,0
-1.2402954,2.3683343,-3.9270401,-0.59232867,-0.38491333,-0.70780522,0
2.2483351,-1.3180575,2.5554774,0.59232867,0.38491333,0.70780522,0
2.051353,-2.7472849,2.0248728,0.28805262,-0.92160785,0.26012409,0
2.2973595,-2.4531877,2.075943,0.28805262,-0.92160785,0.26012409,0
-0.53464562,3.3418789,-1.1755013,-0.28805262,0.92160785,-0.26012409,0
-1.1928798,3.1446381,-0.23937392,-0.28805262,0.92160785,-0.26012409,0
-2.6275475,-1.1054752,-0.63169336,-0.59232867,-0.38491333,-0.70780522,0
-0.93712038,-0.57822275,2.0895507,-0.75244415,-0.049805999,0.65677011,0
-0.41813838,3.7053084,0.00079512596,-0.28805262,0.92160785,-0.26012409,0
1.5523798,-3.5447857,-0.76843476,0.28805262,-0.92160785,0.26012409,0
1.4855394,3.5587559,0.22291398,0.59232867,0.38491333,0.70780522,0
-0.03897047,3.0438819,-2.1446335,-0.28805262,0.92160785,-0.26012409,0
-0.73991632,-0.93959463,-2.5935638,-0.59232867,-0.38491333,-0.70780522,0
-0.63496351,-0.4871935,-2.8927965,-0.59232867,-0.38491333,-0.70780522,0
0.79815155,0.41121674,-2.3054738,0.75244415,0.049805999,-0.65677011,0
-1.4690485,2.2544181,1.806975,-0.75244415,-0.049805999,0.65677011,0
-2.8005161,1.8656216,0.24315751,-0.75244415,-0.049805999,0.65677011,0
2.8765059,-2.2990654,2.2409608,0.59232867,0.38491333,0.70780522,0
-0.89913225,-2.1578376,-1.6430204,-0.59232867,-0.38491333,-0.70780522,0
0.57011372,-3.2560842,0.85460806,0.28805262,-0.92160785,0.26012409,0
1.0166006,-2.1855593,3.8931243,0.59232867,0.38491333,0.70780522,0
-2.2291481,2.7603483,-1.323077,-0.28805262,0.92160785,-0.26012409,0
-0.86864924,2.0175178,-3.7469156,0.75244415,0.049805999,-0.65677011,0
-2.1968474,2.8187313,-1.5976853,-0.28805262,0.92160785,-0.26012409,0
-2.3143792,-0.85753894,0.54116213,-0.75244415,-0.049805999,0.65677011,0
1.1462978,-3.2650964,1.0402362,0.28805262,-0.92160785,0.26012409,0
0.11681473,2.8260884,-2.8782547,0.75244415,0.049805999,-0.65677011,0
-1.936877,0.52074754,-2.020328,-0.59232867,-0.38491333,-0.70780522,0
0.042963505,-1.4529529,2.6898055,-0.75244415,-0.049805999,0.65677011,0
1.2704241,-0.47004676,2.8176351,0.59232867,0.38491333,0.70780522,0
2.0794849,-2.2796173,2.8994594,0.28805262,-0.92160785,0.26012409,0
0.034641266,-2.3266728,-2.280499,-0.59232867,-0.38491333,-0.70780522,0
-1.0390143,4.1146159,1.8416615,-0.28805262,0.92160785,-0.26012409,0
-0.8133136,-3.3522878,1.9104433,-0.75244415,-0.049805999,0.65677011,0
-1.7124929,3.3450677,-0.03600502,-0.28805262,0.92160785,-0.26012409,0
-0.225907,-3.3597789,1.2595093,0.28805262,-0.92160785,0.26012409,0
-2.2773442,3.4132245,0.77410269,-0.28805262,0.92160785,-0.26012409,0
2.2099051,2.7151654,-0.58859396,0.75244415,0.049805999,-0.65677011,0
1.3143213,-3.2041624,1.2231281,0.28805262,-0.92160785,0.26012409,0
-0.47614527,-0.35575628,-2.7720912,-0.59232867,-0.38491333,-0.70780522,0
0.59796333,-2.4176283,3.4449418,-0.75244415,-0.049805999,0.65677011,0
2.8961475,-0.30939841,0.11316639,0.75244415,0.049805999,-0.65677011,0
0.84887159,-1.4802028,-2.2240543,0.75244415,0.049805999,-0.65677011,0
0.027621508,3.1231136,1.8046553,0.59232867,0.38491333,0.70780522,0
-0.87034738,-3.5369062,1.8473802,0.28805262,-0.92160785,0.26012409,0
0.41043222,0.67591596,-2.5716336,0.75244415,0.049805999,-0.65677011,0
-2.1332181,-3.4687717,-0.07007885,-0.59232867,-0.38491333,-0.70780522,0
-1.6541892,-1.7541213,1.1249183,-0.75244415,-0.049805999,0.65677011,0
-1.908759,-0.31909537,0.62498152,-0.75244415,-0.049805999,0.65677011,0
1.1861241,-1.7557988,-2.1169541,0.75244415,0.049805999,-0.65677011,0
-2.5007467,2.8553708,-0.31429815,-0.28805262,0.92160785,-0.26012409,0
-1.842052,-1.9653401,0.84469318,-0.75244415,-0.049805999,0.65677011,0
1.2078652,-0.023569927,2.5348837,0.59232867,0.38491333,0.70780522,0
-0.54543269,4.0886331,1.0840261,-0.28805262,0.92160785,-0.26012409,0
-1.1203446,3.5504298,0.11512089,-0.28805262,0.92160785,-0.26012409,0
-2.2964485,-2.594213,-0.36354089,-0.59232867,-0.38491333,-0.70780522,0
-0.023721218,-1.42182,2.6350217,-0.75244415,-0.049805999,0.65677011,0
-0.45336279,3.754065,0.016164541,-0.28805262,0.92160785,-0.26012409,0
-3.3207531,2.3078694,-1.7160597,-0.28805262,0.92160785,-0.26012409,0
-1.3158739,3.2959514,1.9835622,-0.75244415,-0.049805999,0.65677011,0
0.58288217,1.7240803,2.0060821,0.59232867,0.38491333,0.70780522,0
-1.6155478,-0.428859,0.86476094,-0.75244415,-0.049805999,0.65677011,0
1.9822617,2.8922319,0.20952225,0.59232867,0.38491333,0.70780522,0
-0.33811998,0.75318325,2.6382086,-0.75244415,-0.049805999,0.65677011,0
1.997385,-0.26309794,1.9214966,0.59232867,0.38491333,0.70780522,0
-0.24927106,-3.5271525,1.4771793,0.28805262,-0.92160785,0.26012409,0
-2.4614503,3.3446095,0.39994121,-0.28805262,0.92160785,-0.26012409,0
1.0485528,-3.322809,-2.0260639,0.75244415,0.049805999,-0.65677011,0
-0.3639307,1.1477064,-3.5815001,0.75244415,0.049805999,-0.65677011,0
-3.1365213,0.11058187,-1.07973,-0.59232867,-0.38491333,-0.70780522,0
-0.10748911,1.0134811,2.9551101,0.59232867,0.38491333,0.70780522,0
-0.25029707,-2.4504151,-1.7093139,-0.59232867,-0.38491333,-0.70780522,0
3.2992928,-2.2925446,0.44734359,0.75244415,0.049805999,-0.65677011,0
-2.5969834,2.5005322,-2.1869924,-0.28805262,0.92160785,-0.26012409,0
1.4465969,2.2649744,1.1419432,0.59232867,0.38491333,0.70780522,0
0.59948528,-2.8773837,-2.4666073,0.75244415,0.049805999,-0.65677011,0
-2.1896832,-1.5150065,-1.0963738,-0.59232867,-0.38491333,-0.70780522,0
-2.4956675,0.95048034,0.41572583,-0.75244415,-0.049805999,0.65677011,0
-2.2118592,2.81703,0.45168328,-0.75244415,-0.049805999,0.65677011,0
-2.163919,-1.6988453,-0.97734272,-0.59232867,-0.38491333,-0.70780522,0
1.6512785,0.88119411,1.7919316,0.59232867,0.38491333,0.70780522,0
-0.7268343,1.9299781,-3.5501866,0.75244415,0.049805999,-0.65677011,0
0.7556988,-3.7953289,-0.21420598,0.28805262,-0.92160785,0.26012409,0
-1.7326827,0.61835742,1.2590626,-0.75244415,-0.049805999,0.65677011,0
0.082727492,-3.8232701,-0.41458702,0.28805262,-0.92160785,0.26012409,0
1.644948,-2.6764653,-1.6420479,0.75244415,0.049805999,-0.65677011,0
1.5112493,-3.3449571,0.48159242,0.28805262,-0.92160785,0.26012409,0
-0.22218347,3.6564794,1.7841163,0.59232867,0.38491333,0.70780522,0
-1.6703441,-3.144429,-0.19898462,-0.59232867,-0.38491333,-0.70780522,0
-2.4834895,1.2348378,0.56977218,-0.75244415,-0.049805999,0.65677011,0
-1.6878834,-2.877593,0.66337419,-0.75244415,-0.049805999,0.65677011,0
-2.2915242,1.0344859,0.23043019,-0.75244415,-0.049805999,0.65677011,0
-1.3569754,3.4143696,1.7648851,-0.75244415,-0.049805999,0.65677011,0
0.026840448,-0.94498378,-3.1325662,-0.59232867,-0.38491333,-0.70780522,0
-3.1477799,2.5786104,-1.3477359,-0.28805262,0.92160785,-0.26012409,0
-0.29836345,1.6879002,2.6340137,0.59232867,0.38491333,0.70780522,0
-0.75137806,-1.7600164,-2.1564393,-0.59232867,-0.38491333,-0.70780522,0
2.0200016,-2.5728872,2.733223,0.28805262,-0.92160785,0.26012409,0
2.8355129,-1.5054419,2.1581004,0.59232867,0.38491333,0.70780522,0
1.8844562,-1.5219581,2.8956461,0.59232867,0.38491333,0.70780522,0
1.7181987,-3.5984969,-0.50949645,0.28805262,-0.92160785,0.26012409,0
-1.8899965,-1.109534,0.81705689,-0.75244415,-0.049805999,0.65677011,0
1.0802553,0.21846569,-1.7662907,0.75244415,0.049805999,-0.65677011,0
-1.1483989,1.233115,-3.016371,-0.59232867,-0.38491333,-0.70780522,0
-2.1922619,-1.3976122,-0.92751932,-0.59232867,-0.38491333,-0.70780522,0
0.38931441,-2.878305,2.8169951,0.28805262,-0.92160785,0.26012409,0
2.0350285,-3.0679612,0.018414974,0.28805262,-0.92160785,0.26012409,0
-1.7536858,-1.8248539,0.96785212,-0.75244415,-0.049805999,0.65677011,0
2.0863664,-3.1344833,-0.77142143,0.75244415,0.049805999,-0.65677011,0
3.2626615,-0.69070685,0.96732831,0.59232867,0.38491333,0.70780522,0
-0.68631601,-0.075928688,-2.7441726,-0.59232867,-0.38491333,-0.70780522,0
0.9719075,-3.1486726,-2.3474824,0.75244415,0.049805999,-0.65677011,0
3.3799906,-0.47503161,0.76299489,0.59232867,0.38491333,0.70780522,0
-0.37582517,-1.2955515,-2.628427,-0.59232867,-0.38491333,-0.70780522,0
3.1238871,-2.3371675,1.3397875,0.28805262,-0.92160785,0.26012409,0
1.4864254,3.8873162,0.25452352,0.59232867,0.38491333,0.70780522,0
1.7076181,3.8611555,0.22366118,0.59232867,0.38491333,0.70780522,0
-1.0690567,-3.1646125,-1.1343203,-0.59232867,-0.38491333,-0.70780522,0
-0.56918168,0.18069118,-2.9911776,-0.59232867,-0.38491333,-0.70780522,0
-2.7245841,-1.0372889,-0.73544586,-0.59232867,-0.38491333,-0.70780522,0
-0.23947012,3.947556,1.3447959,-0.28805262,0.92160785,-0.26012409,0
-0.60445684,-1.4751718,2.2389913,-0.75244415,-0.049805999,0.65677011,0
-0.85446525,1.0266362,-3.4272947,-0.59232867,-0.38491333,-0.70780522,0
-1.4076555,2.5447063,-2.2680402,-0.28805262,0.92160785,-0.26012409,0
2.7434192,-2.7739952,0.15410018,0.75244415,0.049805999,-0.65677011,0
2.2767773,0.29250956,1.2448938,0.59232867,0.38491333,0.70780522,0
-1.0260327,2.6616468,-3.1564858,-0.28805262,0.92160785,-0.26012409,0
-2.0424762,3.1787329,-0.43292809,-0.28805262,0.92160785,-0.26012409,0
-0.63261843,3.5953987,-0.13282228,-0.28805262,0.92160785,-0.26012409,0
0.4485116,-2.6019945,3.1751306,0.28805262,-0.92160785,0.26012409,0
0.29445267,-1.6082026,3.5420463,-0.75244415,-0.049805999,0.65677011,0
-0.1907177,1.4064462,2.8072872,0.59232867,0.38491333,0.70780522,0
1.0206904,-0.42127967,3.0805006,0.59232867,0.38491333,0.70780522,0
0.010281086,1.141911,-2.8222961,0.75244415,0.049805999,-0.65677011,0
-0.29454529,3.1311905,-2.7202611,-0.28805262,0.92160785,-0.26012409,0
1.5648993,4.3147516,-0.63230753,-0.28805262,0.92160785,-0.26012409,0
0.10497737,-3.1502228,2.5261002,0.28805262,-0.92160785,0.26012409,0
0.18646991,3.2925706,-1.7380414,-0.28805262,0.92160785,-0.26012409,0
1.5457778,-3.4047585,-0.83907962,0.28805262,-0.92160785,0.26012409,0
