-4.2550631,0.86170805,-1.5350704,-0.98710537,0.15451619,-0.041804075,0
4.6260695,-0.91947889,-1.4042492,0.98710537,-0.15451619,0.041804075,0
-4.6137295,-1.2759122,0.87414598,-0.98710537,0.15451619,-0.041804075,0
-0.55390203,2.6102676,0.55490732,0.074656785,0.67542017,0.73364413,0
-4.8416328,-2.3054304,-0.18632936,-0.98710537,0.15451619,-0.041804075,0
4.7405009,0.46698326,1.7662737,0.074656785,0.67542017,0.73364413,0
-1.4333869,1.1677225,1.6867601,0.074656785,0.67542017,0.73364413,0
3.6558704,1.4988731,1.0117843,0.074656785,0.67542017,0.73364413,0
1.5424345,-1.7546347,2.2026856,-0.14159501,-0.7210632,0.67824662,0
2.8779793,-2.3871293,-0.98023343,-0.074656785,-0.67542017,-0.73364413,0
-1.9190319,2.2937934,0.81852734,0.074656785,0.67542017,0.73364413,0
-0.57077456,2.3542557,-1.4957485,0.14159501,0.7210632,-0.67824662,0
-0.78759885,-2.5779405,1.0588013,-0.14159501,-0.7210632,0.67824662,0
-2.4393311,-0.83748651,2.0541162,-0.14159501,-0.7210632,0.67824662,0
-1.3339852,3.0879836,-0.49191073,0.14159501,0.7210632,-0.67824662,0
-0.58808762,-0.19613624,-2.2714782,-0.074656785,-0.67542017,-0.73364413,0
-1.8484073,-0.1124208,3.2146111,0.074656785,0.67542017,0.73364413,0
-1.5093324,2.9179072,-0.88345742,0.14159501,0.7210632,-0.67824662,0
1.3838484,1.2282156,-2.0014102,0.14159501,0.7210632,-0.67824662,0
4.4353461,-1.7590696,0.5747714,0.98710537,-0.15451619,0.041804075,0
4.8069506,2.0411463,-0.61250401,0.98710537,-0.15451619,0.041804075,0
-2.0556479,2.7900867,-1.2320478,0.14159501,0.7210632,-0.67824662,0
-4.2503405,0.90897375,-1.1270833,-0.98710537,0.15451619,-0.041804075,0
-0.57521248,2.5052826,-1.3763092,0.14159501,0.7210632,-0.67824662,0
4.4539752,-0.71464491,-1.7448092,0.98710537,-0.15451619,0.041804075,0
-1.4373186,1.0824721,1.7208288,0.074656785,0.67542017,0.73364413,0
4.3072929,-1.6608213,1.7220476,0.98710537,-0.15451619,0.041804075,0
5.0786982,2.1476619,0.050141811,0.98710537,-0.15451619,0.041804075,0
-2.590672,-1.7240475,-1.0133691,-0.074656785,-0.67542017,-0.73364413,0
-4.40592,1.2008673,-0.50198793,-0.98710537,0.15451619,-0.041804075,0
4.0779614,-3.2079635,1.1636736,-0.14159501,-0.7210632,0.67824662,0
-4.3655663,0.36328155,-0.38939714,-0.98710537,0.15451619,-0.041804075,0
4.5417237,-1.5742934,-0.65932941,0.98710537,-0.15451619,0.041804075,0
0.95283437,-2.3933215,-0.72465253,-0.074656785,-0.67542017,-0.73364413,0
-4.7865629,-0.98759007,-0.055445671,-0.98710537,0.15451619,-0.041804075,0
-4.9219637,-1.8807391,0.41267395,-0.14159501,-0.7210632,0.67824662,0
-3.9864221,2.1520786,-1.740186,-0.98710537,0.15451619,-0.041804075,0
-4.6534305,-0.4854157,1.4227347,-0.98710537,0.15451619,-0.041804075,0
-1.3646623,1.1883423,1.69622,0.074656785,0.67542017,0.73364413,0
4.0175486,-3.0896301,0.7179153,0.98710537,-0.15451619,0.041804075,0
-2.327683,-2.0717161,0.83377433,-0.14159501,-0.7210632,0.67824662,0
-4.4754643,-0.55201459,-0.19838142,-0.98710537,0.15451619,-0.041804075,0
4.4847641,-1.0642755,-1.2428079,0.98710537,-0.15451619,0.041804075,0
4.6371751,0.051303558,1.3416071,0.98710537,-0.15451619,0.041804075,0
1.6767772,-1.5606337,-1.3791109,-0.074656785,-0.67542017,-0.73364413,0
-4.2276344,1.5847244,1.2907536,-0.98710537,0.15451619,-0.041804075,0
0.51459718,3.1432881,-0.39294112,0.074656785,0.67542017,0.73364413,0
-4.0026526,2.3329332,-1.8887498,0.14159501,0.7210632,-0.67824662,0
-3.7689199,0.065367222,-2.3062682,-0.074656785,-0.67542017,-0.73364413,0
2.7655706,-1.8727585,2.0126274,-0.14159501,-0.7210632,0.67824662,0
2.7194178,1.1478654,-1.9323087,0.14159501,0.7210632,-0.67824662,0
4.3414402,-1.0426806,0.13792753,0.98710537,-0.15451619,0.041804075,0
3.1969256,-2.2443151,1.9142419,-0.14159501,-0.7210632,0.67824662,0
4.1070938,-1.8605373,-0.027312994,0.98710537,-0.15451619,0.041804075,0
-0.070152283,-1.7616243,1.6481178,-0.14159501,-0.7210632,0.67824662,0
-0.74014235,-2.8549123,0.33230984,-0.14159501,-0.7210632,0.67824662,0
-4.3566227,0.87615919,1.1730394,-0.98710537,0.15451619,-0.041804075,0
-2.4343543,-2.3884356,0.70492911,-0.14159501,-0.7210632,0.67824662,0
-4.1933165,2.8862677,-0.061921835,-0.98710537,0.15451619,-0.041804075,0
1.9709346,-2.352839,1.5985174,-0.14159501,-0.7210632,0.67824662,0
-4.141046,2.1801944,-0.30468011,-0.98710537,0.15451619,-0.041804075,0
-1.1088496,2.4705272,0.5298726,0.074656785,0.67542017,0.73364413,0
-4.2002354,0.97421283,-1.3187611,-0.98710537,0.15451619,-0.041804075,0
-4.4780998,0.1319747,2.8495398,0.074656785,0.67542017,0.73364413,0
1.5860213,-2.9793167,-0.078728437,-0.074656785,-0.67542017,-0.73364413,0
-4.7546525,-0.58069438,-0.32501411,-0.98710537,0.15451619,-0.041804075,0
3.9382999,-2.1740348,1.8361001,0.98710537,-0.15451619,0.041804075,0
-2.0438652,-0.030601263,-2.7436838,-0.074656785,-0.67542017,-0.73364413,0
4.5338635,1.0636108,0.25910187,0.98710537,-0.15451619,0.041804075,0
4.1211576,1.3950619,-1.4795923,0.14159501,0.7210632,-0.67824662,0
-4.6031528,-1.5553131,-0.98903799,-0.074656785,-0.67542017,-0.73364413,0
-4.5713363,0.65077662,-0.1871438,-0.98710537,0.15451619,-0.041804075,0
-0.83126664,1.6464288,1.0820334,0.074656785,0.67542017,0.73364413,0
-4.3641415,1.3053026,-1.4623318,-0.98710537,0.15451619,-0.041804075,0
2.6139052,2.3477535,0.36260533,0.074656785,0.67542017,0.73364413,0
-4.2745705,2.3743982,-1.1254871,-0.98710537,0.15451619,-0.041804075,0
4.3872185,-0.81767106,-0.84491491,0.98710537,-0.15451619,0.041804075,0
4.2473392,-2.2083645,0.45386362,0.98710537,-0.15451619,0.041804075,0
2.9666309,-0.29361224,2.6477995,0.074656785,0.67542017,0.73364413,0
0.66371888,1.571968,1.3807915,0.074656785,0.67542017,0.73364413,0
-4.0574603,2.6411629,0.37621808,-0.98710537,0.15451619,-0.041804075,0
4.3162456,-1.3967342,2.8987622,0.98710537,-0.15451619,0.041804075,0
-0.090622142,-0.81358552,-1.7316718,-0.074656785,-0.67542017,-0.73364413,0
0.1394918,2.9054737,-0.77495706,0.14159501,0.7210632,-0.67824662,0
-0.35785711,-2.2946808,-0.59448868,-0.074656785,-0.67542017,-0.73364413,0
-4.9327269,-1.9334705,-0.23055363,-0.98710537,0.15451619,-0.041804075,0
-2.3600717,-1.143662,-1.2813828,-0.074656785,-0.67542017,-0.73364413,0
4.7393913,-0.012866497,-1.7448139,0.98710537,-0.15451619,0.041804075,0
3.9444516,2.2420468,0.38407183,0.074656785,0.67542017,0.73364413,0
-0.85243607,-2.7671716,-0.33290792,-0.074656785,-0.67542017,-0.73364413,0
3.3587947,-3.5111256,0.40848637,-0.074656785,-0.67542017,-0.73364413,0
-4.6602502,0.058133841,1.8411336,-0.98710537,0.15451619,-0.041804075,0
0.89216876,1.2102449,-2.402468,0.14159501,0.7210632,-0.67824662,0
-0.14236093,-2.6868422,-0.10546863,-0.074656785,-0.67542017,-0.73364413,0
1.4507812,0.79927254,-2.2435036,0.14159501,0.7210632,-0.67824662,0
0.26546749,-1.0411267,-2.0230961,-0.074656785,-0.67542017,-0.73364413,0
-0.61531806,-2.7866924,0.72619975,-0.14159501,-0.7210632,0.67824662,0
-4.0178075,-0.57105911,-1.8498752,-0.074656785,-0.67542017,-0.73364413,0
3.3609908,1.176986,-1.6607537,0.14159501,0.7210632,-0.67824662,0
2.6172845,-3.3584857,0.39347756,-0.14159501,-0.7210632,0.67824662,0
4.1758986,-3.1305969,0.25465155,0.98710537,-0.15451619,0.041804075,0
0.84972966,-0.72823811,-1.9060001,-0.074656785,-0.67542017,-0.73364413,0
4.5720534,1.5598797,0.59471655,0.074656785,0.67542017,0.73364413,0
-3.4541674,-0.083381176,2.9233115,-0.14159501,-0.7210632,0.67824662,0
-0.21631694,3.127501,0.082538605,0.074656785,0.67542017,0.73364413,0
-4.7372208,0.41946077,1.3941464,-0.98710537,0.15451619,-0.041804075,0
-0.69895852,1.5964793,-2.2318816,0.14159501,0.7210632,-0.67824662,0
-4.4518852,0.31089139,-0.55692387,-0.98710537,0.15451619,-0.041804075,0
1.1358004,0.52329683,-2.8509057,0.14159501,0.7210632,-0.67824662,0
-1.5091494,-0.050118208,-2.6506131,-0.074656785,-0.67542017,-0.73364413,0
-3.6233215,-2.0735195,0.47613049,-0.14159501,-0.7210632,0.67824662,0
4.389648,-1.1956239,-0.39007473,0.98710537,-0.15451619,0.041804075,0
4.0111327,-2.7872751,-0.50021935,0.98710537,-0.15451619,0.041804075,0
-3.9536343,3.4943705,-0.60111523,-0.98710537,0.15451619,-0.041804075,0
4.2570229,-1.9120435,0.028310776,0.98710537,-0.15451619,0.041804075,0
-1.4063714,3.5778155,-0.46561879,0.14159501,0.7210632,-0.67824662,0
0.41490191,-0.6194942,-2.3358603,-0.074656785,-0.67542017,-0.73364413,0
-3.5571971,1.262996,2.0110784,0.074656785,0.67542017,0.73364413,0
1.6226079,1.5001663,-1.7806083,0.14159501,0.7210632,-0.67824662,0
3.6626215,1.1778831,-1.4910684,0.14159501,0.7210632,-0.67824662,0
4.2793641,-0.60149187,2.0076189,0.98710537,-0.15451619,0.041804075,0
-0.46387923,-2.2818887,-0.5754419,-0.074656785,-0.67542017,-0.73364413,0
4.3311572,0.45052409,-2.1977158,0.14159501,0.7210632,-0.67824662,0
3.5168841,1.7518338,-0.80045009,0.14159501,0.7210632,-0.67824662,0
2.2158294,0.92979455,-2.4648957,0.14159501,0.7210632,-0.67824662,0
-4.7980466,0.0048525333,1.4748449,-0.98710537,0.15451619,-0.041804075,0
3.4999037,2.4656711,0.20131588,0.074656785,0.67542017,0.73364413,0
-3.5697627,1.3536221,-3.1168206,0.14159501,0.7210632,-0.67824662,0
-4.4896145,-0.14531064,1.9346609,-0.98710537,0.15451619,-0.041804075,0
4.5631156,0.30678153,-1.5686789,0.98710537,-0.15451619,0.041804075,0
-3.8361509,-0.51320124,-1.9990089,-0.074656785,-0.67542017,-0.73364413,0
-4.1639853,1.0350089,-1.2061596,-0.98710537,0.15451619,-0.041804075,0
4.1594133,-2.34496,0.093451977,0.98710537,-0.15451619,0.041804075,0
-1.7173831,-1.4757264,-0.95712698,-0.074656785,-0.67542017,-0.73364413,0
-1.1635277,0.66072536,2.4070122,0.074656785,0.67542017,0.73364413,0
-3.9893284,2.99582,0.23205543,-0.98710537,0.15451619,-0.041804075,0
-4.6322474,0.24741077,2.6193604,-0.98710537,0.15451619,-0.041804075,0
-2.938031,-1.8694582,-0.6458385,-0.074656785,-0.67542017,-0.73364413,0
2.9602418,-0.9232806,3.1233306,0.074656785,0.67542017,0.73364413,0
4.539587,-1.2084761,-0.53791237,0.98710537,-0.15451619,0.041804075,0
-3.7777452,1.786314,1.5945594,0.074656785,0.67542017,0.73364413,0
4.5042419,-0.72497845,0.23862267,0.98710537,-0.15451619,0.041804075,0
-4.0840664,1.9207408,-1.1314514,-0.98710537,0.15451619,-0.041804075,0
2.1107373,-3.4231563,0.24970341,-0.074656785,-0.67542017,-0.73364413,0
-3.8689408,3.1391344,-0.0032534599,-0.98710537,0.15451619,-0.041804075,0
0.36243981,-0.079791784,2.7458913,0.074656785,0.67542017,0.73364413,0
4.2029414,-2.0856473,2.5079837,0.98710537,-0.15451619,0.041804075,0
4.3814507,-2.0711498,-0.88104153,0.98710537,-0.15451619,0.041804075,0
2.0396967,-1.2763236,-1.8675631,-0.074656785,-0.67542017,-0.73364413,0
-2.2433524,-2.7488475,0.1565125,-0.14159501,-0.7210632,0.67824662,0
4.5198746,-0.85800803,1.2428608,0.98710537,-0.15451619,0.041804075,0
2.6214223,-3.5091174,0.053142309,-0.074656785,-0.67542017,-0.73364413,0
-4.4058843,-0.42021567,-1.8048723,-0.98710537,0.15451619,-0.041804075,0
4.8463936,0.79397517,0.10302067,0.98710537,-0.15451619,0.041804075,0
-4.1874518,1.1412411,-2.4960246,-0.98710537,0.15451619,-0.041804075,0
4.5349402,-0.7393626,1.0460849,0.98710537,-0.15451619,0.041804075,0
4.7488384,0.36153698,-2.3761044,0.98710537,-0.15451619,0.041804075,0
-4.1057587,2.0413272,1.5227764,0.074656785,0.67542017,0.73364413,0
4.5970893,-0.66738176,-1.3208065,0.98710537,-0.15451619,0.041804075,0
2.9718642,0.87190658,1.3546069,0.074656785,0.67542017,0.73364413,0
3.2092929,0.17125082,-2.9391024,0.14159501,0.7210632,-0.67824662,0
-2.0060673,-1.0743771,-1.5364785,-0.074656785,-0.67542017,-0.73364413,0
2.079443,-3.3440552,0.56697893,-0.14159501,-0.7210632,0.67824662,0
4.4306464,0.0047553182,1.9982412,0.98710537,-0.15451619,0.041804075,0
3.91922,1.2231861,-1.6707323,0.14159501,0.7210632,-0.67824662,0
2.6312349,-2.4392548,-0.49789476,-0.074656785,-0.67542017,-0.73364413,0
1.2044566,2.4717762,-0.53640938,0.14159501,0.7210632,-0.67824662,0
-4.278739,-1.0279971,-1.1172197,-0.074656785,-0.67542017,-0.73364413,0
-4.2547846,0.66619891,-3.1000917,-0.074656785,-0.67542017,-0.73364413,0
1.3841363,1.7754366,0.85561198,0.074656785,0.67542017,0.73364413,0
-3.9600847,-0.57169795,2.4615705,-0.14159501,-0.7210632,0.67824662,0
4.6490097,0.70212114,-0.098573208,0.98710537,-0.15451619,0.041804075,0
-4.5007191,-0.3482852,-1.8794637,-0.074656785,-0.67542017,-0.73364413,0
-4.2488689,3.0791612,-0.38939857,-0.98710537,0.15451619,-0.041804075,0
-1.5077422,-1.0854592,2.4752755,-0.14159501,-0.7210632,0.67824662,0
-1.6938472,2.03105,1.1520044,0.074656785,0.67542017,0.73364413,0
-3.5935998,-0.1514045,-2.4156933,-0.074656785,-0.67542017,-0.73364413,0
1.5468577,-1.7577238,-1.1641737,-0.074656785,-0.67542017,-0.73364413,0
-2.2750621,1.7604091,1.2570063,0.074656785,0.67542017,0.73364413,0
0.15583694,-0.31734657,2.7891164,0.074656785,0.67542017,0.73364413,0
4.7397656,0.75914782,-0.38178015,0.98710537,-0.15451619,0.041804075,0
3.1915607,-1.3973413,2.7888842,-0.14159501,-0.7210632,0.67824662,0
-1.9000289,-1.0037155,-1.7920487,-0.074656785,-0.67542017,-0.73364413,0
-3.9782383,-0.91479754,2.0104008,-0.14159501,-0.7210632,0.67824662,0
4.2966762,-1.8198814,0.13397217,0.98710537,-0.15451619,0.041804075,0
2.3576195,-0.37948513,2.9594893,0.074656785,0.67542017,0.73364413,0
1.304957,1.0075964,1.4459059,0.074656785,0.67542017,0.73364413,0
-4.5938721,1.1828094,0.7590642,-0.98710537,0.15451619,-0.041804075,0
-4.4498634,1.2495608,0.30765438,-0.98710537,0.15451619,-0.041804075,0
4.7495666,2.0030644,0.33529329,0.074656785,0.67542017,0.73364413,0
1.3559136,2.8049514,-0.13937449,0.074656785,0.67542017,0.73364413,0
-0.58566689,2.9456458,-0.52886707,0.14159501,0.7210632,-0.67824662,0
4.5756907,-1.1922286,-1.4700661,0.98710537,-0.15451619,0.041804075,0
-2.1074724,-1.2865896,1.6247308,-0.14159501,-0.7210632,0.67824662,0
1.2280402,2.7277238,0.11428404,0.074656785,0.67542017,0.73364413,0
-2.8335917,-1.0295269,2.0973961,-0.14159501,-0.7210632,0.67824662,0
-3.6042519,-0.78035235,2.3480387,-0.14159501,-0.7210632,0.67824662,0
2.4742668,-1.9078054,1.9296544,-0.14159501,-0.7210632,0.67824662,0
2.7991905,-3.3385923,0.56399965,-0.14159501,-0.7210632,0.67824662,0
-0.39449453,2.4120791,-1.3206512,0.14159501,0.7210632,-0.67824662,0
-4.6361761,0.39444876,1.605691,-0.98710537,0.15451619,-0.041804075,0
0.59601426,0.28409696,-3.0280738,0.14159501,0.7210632,-0.67824662,0
4.5428581,2.3981483,0.23753166,0.074656785,0.67542017,0.73364413,0
4.8931122,2.1415436,0.3467288,0.074656785,0.67542017,0.73364413,0
-1.9280443,0.7938112,-3.1724486,-0.074656785,-0.67542017,-0.73364413,0
1.2681975,-2.8599238,-0.285227,-0.074656785,-0.67542017,-0.73364413,0
-3.4134355,-0.2137686,-2.057076,-0.074656785,-0.67542017,-0.73364413,0
-4.4931393,-1.7047851,1.0044007,-0.14159501,-0.7210632,0.67824662,0
4.5604353,-0.25734657,0.50447464,0.98710537,-0.15451619,0.041804075,0
4.0083089,-2.2037423,0.35753226,0.98710537,-0.15451619,0.041804075,0
-4.8434854,-1.7753351,0.1920023,-0.98710537,0.15451619,-0.041804075,0
-4.8960915,-1.3927583,-0.50573158,-0.98710537,0.15451619,-0.041804075,0
2.4091048,-2.2620509,1.9461269,-0.14159501,-0.7210632,0.67824662,0
-3.3423128,1.3988947,-3.0045056,0.14159501,0.7210632,-0.67824662,0
2.2950017,-1.3934273,2.7811618,-0.14159501,-0.7210632,0.67824662,0
1.1803226,0.55145931,-2.804234,0.14159501,0.7210632,-0.67824662,0
0.54011273,2.6641521,0.044705987,0.074656785,0.67542017,0.73364413,0
-4.7914929,-0.60151428,-1.094418,-0.98710537,0.15451619,-0.041804075,0
3.9310048,1.3710308,0.99462414,0.074656785,0.67542017,0.73364413,0
-4.4474301,-0.23054615,-0.41405821,-0.98710537,0.15451619,-0.041804075,0
1.3748388,-3.4435563,0.49366924,-0.14159501,-0.7210632,0.67824662,0
-3.0855801,-1.6401434,1.0586188,-0.14159501,-0.7210632,0.67824662,0
-4.4647813,-0.33063704,0.27628994,-0.98710537,0.15451619,-0.041804075,0
-4.0354605,2.3961289,-0.38441181,-0.98710537,0.15451619,-0.041804075,0
-0.55843729,0.8441205,2.1599383,0.074656785,0.67542017,0.73364413,0
1.4586327,1.5894861,1.2571087,0.074656785,0.67542017,0.73364413,0
-4.802268,-1.4184879,-0.20811558,-0.98710537,0.15451619,-0.041804075,0
4.7516422,0.6629073,0.68152952,0.98710537,-0.15451619,0.041804075,0
-4.039609,0.3177647,-2.6554103,-0.074656785,-0.67542017,-0.73364413,0
1.6473522,1.9184028,-1.3434616,0.14159501,0.7210632,-0.67824662,0
-2.3484254,-1.3296237,1.9436507,-0.14159501,-0.7210632,0.67824662,0
-1.7288854,0.50172806,2.5579481,0.074656785,0.67542017,0.73364413,0
-4.729578,-0.80225408,0.30754566,-0.98710537,0.15451619,-0.041804075,0
0.88885045,-2.6863761,-0.10003278,-0.074656785,-0.67542017,-0.73364413,0
1.4641657,-0.94478154,3.1338985,-0.14159501,-0.7210632,0.67824662,0
-3.1463606,1.9684762,-2.0342226,0.14159501,0.7210632,-0.67824662,0
-0.52345949,-0.71711648,-1.8224965,-0.074656785,-0.67542017,-0.73364413,0
0.39576447,1.6987892,0.99100143,0.074656785,0.67542017,0.73364413,0
-2.3446164,-2.4112921,-0.03613925,-0.074656785,-0.67542017,-0.73364413,0
-0.27843928,2.5898702,-0.95271564,0.14159501,0.7210632,-0.67824662,0
0.53461719,1.7330604,-1.810389,0.14159501,0.7210632,-0.67824662,0
-2.6727228,-1.9855851,-0.61867976,-0.074656785,-0.67542017,-0.73364413,0
2.2562938,-1.6288574,-1.7217461,-0.074656785,-0.67542017,-0.73364413,0
4.1312585,-2.1388774,2.0046017,0.98710537,-0.15451619,0.041804075,0
-4.4075842,0.45193452,-0.70061564,-0.98710537,0.15451619,-0.041804075,0
-2.6856332,2.4047594,0.68397141,0.074656785,0.67542017,0.73364413,0
-0.88129485,1.5267179,-2.1495476,0.14159501,0.7210632,-0.67824662,0
-2.5449607,-1.1127985,2.1639779,-0.14159501,-0.7210632,0.67824662,0
-1.9138986,3.1940057,-0.00072920322,0.074656785,0.67542017,0.73364413,0
-1.1692749,2.7890906,-0.7302624,0.14159501,0.7210632,-0.67824662,0
1.9774158,1.378981,1.034711,0.074656785,0.67542017,0.73364413,0
-4.3293734,2.3104045,0.3405056,-0.98710537,0.15451619,-0.041804075,0
0.45758033,2.8550124,-0.43227667,0.14159501,0.7210632,-0.67824662,0
0.30563015,-0.3733778,-2.6582499,-0.074656785,-0.67542017,-0.73364413,0
-2.3994401,0.40276313,-2.6161537,-0.074656785,-0.67542017,-0.73364413,0
-4.4907856,-0.71322227,-1.0838454,-0.98710537,0.15451619,-0.041804075,0
-3.3707387,-0.98835683,-1.2781138,-0.074656785,-0.67542017,-0.73364413,0
4.3016572,-0.154622,1.451575,0.98710537,-0.15451619,0.041804075,0
-4.3138647,2.1534801,-0.34694386,-0.98710537,0.15451619,-0.041804075,0
-4.4118562,0.98997831,-0.092264175,-0.98710537,0.15451619,-0.041804075,0
-3.6229005,2.3733051,-2.0174904,0.14159501,0.7210632,-0.67824662,0
2.6788127,-2.8820448,1.0752556,-0.14159501,-0.7210632,0.67824662,0
1.0523577,0.40490723,2.3465958,0.074656785,0.67542017,0.73364413,0
-4.1858959,2.2867396,0.4716053,-0.98710537,0.15451619,-0.041804075,0
-4.0448279,1.3929279,1.8530512,0.074656785,0.67542017,0.73364413,0
-1.6401675,1.1399238,-2.9909401,0.14159501,0.7210632,-0.67824662,0
-4.4875231,-0.21496111,-1.8901722,-0.98710537,0.15451619,-0.041804075,0
-4.1089988,2.415195,-0.79494214,-0.98710537,0.15451619,-0.041804075,0
4.2863603,-2.380132,-1.0508003,-0.074656785,-0.67542017,-0.73364413,0
3.9526553,-2.6532707,1.1820488,0.98710537,-0.15451619,0.041804075,0
-4.2856092,-1.7812344,-0.88907695,-0.074656785,-0.67542017,-0.73364413,0
4.3335567,-1.4450054,-0.51793194,0.98710537,-0.15451619,0.041804075,0
1.2786775,-0.92078781,-1.919723,-0.074656785,-0.67542017,-0.73364413,0
-2.8771825,2.7944198,0.53388214,0.074656785,0.67542017,0.73364413,0
4.6709967,0.68436193,-2.2410083,0.98710537,-0.15451619,0.041804075,0
4.9844894,1.6519046,0.36538982,0.98710537,-0.15451619,0.041804075,0
-4.8449264,-0.95261621,1.5068688,-0.98710537,0.15451619,-0.041804075,0
1.2448227,-1.3486085,-1.4824122,-0.074656785,-0.67542017,-0.73364413,0
-2.5839562,-1.2557368,-1.0477973,-0.074656785,-0.67542017,-0.73364413,0
0.48810709,-1.0218306,-1.7872338,-0.074656785,-0.67542017,-0.73364413,0
-0.78079391,-2.1272626,1.4106195,-0.14159501,-0.7210632,0.67824662,0
-4.3534122,1.4105223,-0.62160587,-0.98710537,0.15451619,-0.041804075,0
4.3148055,-1.0329018,-1.5963345,0.98710537,-0.15451619,0.041804075,0
2.732662,0.70297694,1.7585621,0.074656785,0.67542017,0.73364413,0
-2.9287624,-1.0545728,1.9099534,-0.14159501,-0.7210632,0.67824662,0
-2.7540901,1.7604423,1.4908919,0.074656785,0.67542017,0.73364413,0
-4.216692,3.0419245,-1.5226674,-0.98710537,0.15451619,-0.041804075,0
-1.6888566,-1.460632,-1.308151,-0.074656785,-0.67542017,-0.73364413,0
-4.731648,-0.28321445,0.27459478,-0.98710537,0.15451619,-0.041804075,0
-4.7511997,-0.6723702,0.8714242,-0.98710537,0.15451619,-0.041804075,0
3.25137,-3.4864843,0.38521767,-0.14159501,-0.7210632,0.67824662,0
-2.7192333,-2.1751764,0.76580381,-0.14159501,-0.7210632,0.67824662,0
4.7173572,1.5195034,0.82335997,0.074656785,0.67542017,0.73364413,0
-1.0757937,-0.16312957,3.147872,0.074656785,0.67542017,0.73364413,0
-2.0649703,-0.70978165,2.3590877,-0.14159501,-0.7210632,0.67824662,0
1.2444084,2.2413816,-1.0040972,0.14159501,0.7210632,-0.67824662,0
-0.035431743,1.8403854,0.86067194,0.074656785,0.67542017,0.73364413,0
0.22171688,2.3638041,0.76817435,0.074656785,0.67542017,0.73364413,0
-4.3917522,0.56288028,2.7108221,0.074656785,0.67542017,0.73364413,0
-3.9575047,2.3424058,-1.4876776,-0.98710537,0.15451619,-0.041804075,0
-2.2320585,0.87113297,-3.291523,0.14159501,0.7210632,-0.67824662,0
4.4658079,1.5324061,-1.0669274,0.14159501,0.7210632,-0.67824662,0
-4.7276068,-1.8590149,-0.41641474,-0.074656785,-0.67542017,-0.73364413,0
4.6136436,0.99094546,1.1345587,0.074656785,0.67542017,0.73364413,0
0.35669684,1.1898642,-2.5458267,0.14159501,0.7210632,-0.67824662,0
-4.796123,-1.2654397,-0.044118404,-0.98710537,0.15451619,-0.041804075,0
-4.5626464,0.39746794,-1.5595305,-0.98710537,0.15451619,-0.041804075,0
-4.3166494,0.98102689,2.4370043,0.074656785,0.67542017,0.73364413,0
-4.5425811,-0.17102617,-0.22384596,-0.98710537,0.15451619,-0.041804075,0
-4.648541,-0.094420433,0.9282918,-0.98710537,0.15451619,-0.041804075,0
-2.5199618,-0.0050652027,3.0196631,-0.14159501,-0.7210632,0.67824662,0
4.6546679,-0.47989678,-1.8922219,0.98710537,-0.15451619,0.041804075,0
4.4609404,-1.0210749,0.50943136,0.98710537,-0.15451619,0.041804075,0
4.1659985,-1.6444362,2.0615354,0.98710537,-0.15451619,0.041804075,0
-3.2910597,1.2621381,2.0291531,0.074656785,0.67542017,0.73364413,0
-3.4348824,1.8057039,-2.6187954,0.14159501,0.7210632,-0.67824662,0
4.3672824,-1.3173884,0.51176047,0.98710537,-0.15451619,0.041804075,0
-3.2742233,-1.5177171,-0.88850117,-0.074656785,-0.67542017,-0.73364413,0
-1.7317817,2.6162467,-1.0960681,0.14159501,0.7210632,-0.67824662,0
0.27957153,-0.044253111,-2.8477461,-0.074656785,-0.67542017,-0.73364413,0
-0.79960895,-2.3594465,0.99423182,-0.14159501,-0.7210632,0.67824662,0
-4.3960986,-1.6333518,-0.66090631,-0.074656785,-0.67542017,-0.73364413,0
2.1112263,-2.1419346,1.6879668,-0.14159501,-0.7210632,0.67824662,0
-1.8956125,-2.4360459,0.89483714,-0.14159501,-0.7210632,0.67824662,0
4.1960554,-0.95818299,1.3862324,0.98710537,-0.15451619,0.041804075,0
-4.3473816,-0.25707901,-1.704416,-0.98710537,0.15451619,-0.041804075,0
1.9776517,0.71742034,-2.287199,0.14159501,0.7210632,-0.67824662,0
0.74784112,1.8648756,0.91350615,0.074656785,0.67542017,0.73364413,0
-4.3328261,1.7215872,-2.0246301,-0.98710537,0.15451619,-0.041804075,0
3.4562678,-2.8827312,1.5583155,-0.14159501,-0.7210632,0.67824662,0
4.2403975,-1.1696388,1.3954208,0.98710537,-0.15451619,0.041804075,0
-3.7886176,0.31217313,2.6614842,0.074656785,0.67542017,0.73364413,0
-4.8025832,-0.71586871,0.21459913,-0.98710537,0.15451619,-0.041804075,0
-2.0735881,-1.5920275,1.5857978,-0.14159501,-0.7210632,0.67824662,0
3.7512546,1.868423,0.84595156,0.074656785,0.67542017,0.73364413,0
-1.488938,-0.44659615,2.6090503,-0.14159501,-0.7210632,0.67824662,0
-1.2398472,0.58415961,2.4100368,0.074656785,0.67542017,0.73364413,0
3.8686984,-3.4651232,-0.17911935,-0.074656785,-0.67542017,-0.73364413,0
-4.1339188,-2.2650774,-0.1801157,-0.074656785,-0.67542017,-0.73364413,0
-4.505856,-0.14888477,2.3438926,-0.14159501,-0.7210632,0.67824662,0
4.4996257,0.64358687,0.59796381,0.98710537,-0.15451619,0.041804075,0
-4.8325901,-1.3229445,-0.55692816,-0.98710537,0.15451619,-0.041804075,0
-3.3825994,0.5823431,2.6272192,0.074656785,0.67542017,0.73364413,0
3.8046684,-3.8870254,0.49078107,-0.14159501,-0.7210632,0.67824662,0
1.0133305,2.8282738,-0.41697097,0.14159501,0.7210632,-0.67824662,0
1.5834278,-3.3034446,0.75384951,-0.14159501,-0.7210632,0.67824662,0
3.0921566,-2.4605825,1.4460791,-0.14159501,-0.7210632,0.67824662,0
3.1930585,-2.4480431,-0.92438436,-0.074656785,-0.67542017,-0.73364413,0
-3.2831812,-1.0039122,1.9716444,-0.14159501,-0.7210632,0.67824662,0
-4.5289726,0.86316538,1.4528894,-0.98710537,0.15451619,-0.041804075,0
-4.8189292,-0.785923,1.9191861,-0.98710537,0.15451619,-0.041804075,0
4.5118828,2.5677955,0.085644245,0.14159501,0.7210632,-0.67824662,0
4.7695727,0.65689915,0.80728912,0.98710537,-0.15451619,0.041804075,0
-2.0471873,1.7225661,1.0851214,0.074656785,0.67542017,0.73364413,0
-4.6848645,0.17502499,2.4940605,-0.98710537,0.15451619,-0.041804075,0
4.4420285,-0.088406861,0.51799822,0.98710537,-0.15451619,0.041804075,0
-2.1862464,-2.5027618,0.44811559,-0.14159501,-0.7210632,0.67824662,0
2.5696602,2.0470867,-0.742594,0.14159501,0.7210632,-0.67824662,0
-4.4801655,-1.1374,-1.2575138,-0.074656785,-0.67542017,-0.73364413,0
3.5692122,-2.8796563,1.3686614,-0.14159501,-0.7210632,0.67824662,0
3.9211671,1.1924524,-1.7412431,0.14159501,0.7210632,-0.67824662,0
2.4200907,-3.2623036,0.94193876,-0.14159501,-0.7210632,0.67824662,0
4.0200047,-2.7298896,1.4277108,0.98710537,-0.15451619,0.041804075,0
-4.624352,-0.81518692,-1.2937713,-0.98710537,0.15451619,-0.041804075,0
-3.7911026,-2.4947515,-0.023321152,-0.074656785,-0.67542017,-0.73364413,0
-4.5334501,0.94459891,-0.90062046,-0.98710537,0.15451619,-0.041804075,0
3.7858529,-1.432899,3.0251517,-0.14159501,-0.7210632,0.67824662,0
-3.9679699,-0.56497931,2.3105717,-0.14159501,-0.7210632,0.67824662,0
4.0303106,-1.7526414,1.4817014,0.98710537,-0.15451619,0.041804075,0
-4.8983994,-2.1058705,-0.19346189,-0.98710537,0.15451619,-0.041804075,0
2.5883846,-1.0757861,-1.8320341,-0.074656785,-0.67542017,-0.73364413,0
4.1280322,-2.5867448,1.552881,0.98710537,-0.15451619,0.041804075,0
2.9168117,-2.1365986,-0.89095974,-0.074656785,-0.67542017,-0.73364413,0
4.4646997,-0.5908277,-1.9872661,0.98710537,-0.15451619,0.041804075,0
-2.8177564,-1.0040568,-1.2997513,-0.074656785,-0.67542017,-0.73364413,0
3.9174619,-0.087166846,2.1729665,0.074656785,0.67542017,0.73364413,0
-2.6902657,3.1264014,-1.1763678,0.14159501,0.7210632,-0.67824662,0
-1.4750214,0.053538561,2.8823895,0.074656785,0.67542017,0.73364413,0
1.6216245,-2.6786242,-0.48059595,-0.074656785,-0.67542017,-0.73364413,0
-1.3160461,2.3471255,-1.7218027,0.14159501,0.7210632,-0.67824662,0
-3.0258167,1.8924905,-2.233901,0.14159501,0.7210632,-0.67824662,0
-4.0891218,2.0645435,-0.3528142,-0.98710537,0.15451619,-0.041804075,0
1.8303227,-0.84875023,3.3105345,0.074656785,0.67542017,0.73364413,0
-4.3237534,0.74684536,-2.641855,-0.98710537,0.15451619,-0.041804075,0
-4.7506833,-1.0350859,-1.27178,-0.98710537,0.15451619,-0.041804075,0
3.6796415,-1.6584523,-1.8326538,-0.074656785,-0.67542017,-0.73364413,0
2.9790981,-2.7418041,-0.58911681,-0.074656785,-0.67542017,-0.73364413,0
-3.1307297,-0.88378835,2.3125265,-0.14159501,-0.7210632,0.67824662,0
3.2267303,-0.43156409,3.0142841,0.074656785,0.67542017,0.73364413,0
-3.9363985,2.6639099,-0.67607951,-0.98710537,0.15451619,-0.041804075,0
-4.3057299,2.16398,-0.23259974,-0.98710537,0.15451619,-0.041804075,0
-3.8760676,3.3032589,0.093497515,0.074656785,0.67542017,0.73364413,0
4.3969107,0.89133239,-1.8001823,0.14159501,0.7210632,-0.67824662,0
4.4757085,0.53424478,1.192925,0.98710537,-0.15451619,0.041804075,0
4.3434372,-1.7295077,2.0546935,0.98710537,-0.15451619,0.041804075,0
-2.9538856,3.7109811,-0.46818733,0.074656785,0.67542017,0.73364413,0
-0.51648164,-2.8260171,0.55713141,-0.14159501,-0.7210632,0.67824662,0
0.13941231,-1.2349494,-1.8686376,-0.074656785,-0.67542017,-0.73364413,0
0.33795685,-0.31198716,-2.370887,-0.074656785,-0.67542017,-0.73364413,0
3.0292287,2.8947296,0.022298574,0.074656785,0.67542017,0.73364413,0
-3.8804681,-2.1381793,0.32555866,-0.14159501,-0.7210632,0.67824662,0
1.7193019,0.880597,1.9903479,0.074656785,0.67542017,0.73364413,0
-2.2559748,3.0378807,0.2761389,0.074656785,0.67542017,0.73364413,0
-0.92832053,-1.8326679,-0.75500989,-0.074656785,-0.67542017,-0.73364413,0
-4.6838999,-1.4543066,0.15308666,-0.98710537,0.15451619,-0.041804075,0
1.3231263,-2.9786193,-0.31386614,-0.074656785,-0.67542017,-0.73364413,0
-1.5328913,-0.80850232,2.3194604,-0.14159501,-0.7210632,0.67824662,0
0.87185514,0.52623296,2.3952212,0.074656785,0.67542017,0.73364413,0
-4.3027034,1.0318772,-0.50942254,-0.98710537,0.15451619,-0.041804075,0
0.53319108,0.47494268,-3.2055943,0.14159501,0.7210632,-0.67824662,0
-1.6641899,2.6634111,-1.071797,0.14159501,0.7210632,-0.67824662,0
4.3927016,-0.4115749,0.74948072,0.98710537,-0.15451619,0.041804075,0
-4.1593432,-1.4144208,-1.1622539,-0.074656785,-0.67542017,-0.73364413,0
0.33081424,-0.20301557,-2.811034,-0.074656785,-0.67542017,-0.73364413,0
-4.5567031,0.24986161,-1.1230259,-0.98710537,0.15451619,-0.041804075,0
-0.23107123,-2.417901,0.89328921,-0.14159501,-0.7210632,0.67824662,0
-4.6880054,-2.604068,0.043308258,-0.14159501,-0.7210632,0.67824662,0
-4.2669115,2.4498892,-1.2515752,-0.98710537,0.15451619,-0.041804075,0
-2.1904287,-2.0089469,-0.90481853,-0.074656785,-0.67542017,-0.73364413,0
1.8312875,0.62539744,-2.8168888,0.14159501,0.7210632,-0.67824662,0
4.7774115,1.1873889,0.35746527,0.98710537,-0.15451619,0.041804075,0
4.1567421,-2.1821535,1.0253501,0.98710537,-0.15451619,0.041804075,0
4.4267206,-1.0482323,-0.024209023,0.98710537,-0.15451619,0.041804075,0
-4.677659,0.26466513,1.3675618,-0.98710537,0.15451619,-0.041804075,0
-3.4433503,-0.06379652,3.1751211,-0.14159501,-0.7210632,0.67824662,0
2.66537,0.80686033,-2.2667673,0.14159501,0.7210632,-0.67824662,0
-3.5227032,-0.0045181513,-2.5189946,-0.074656785,-0.67542017,-0.73364413,0
-2.8242528,3.3998184,-0.19496036,0.074656785,0.67542017,0.73364413,0
4.3398638,-0.39025462,-0.23963404,0.98710537,-0.15451619,0.041804075,0
-3.2583675,1.8434199,-2.6869297,0.14159501,0.7210632,-0.67824662,0
-4.2598367,0.079130888,2.7627964,-0.14159501,-0.7210632,0.67824662,0
4.1777062,-2.7532427,-0.57114673,-0.074656785,-0.67542017,-0.73364413,0
4.2686267,-1.8571284,-0.38682795,0.98710537,-0.15451619,0.041804075,0
-4.7980351,-1.0772169,-0.3609395,-0.98710537,0.15451619,-0.041804075,0
-4.2509432,0.16038787,-2.3211706,-0.074656785,-0.67542017,-0.73364413,0
-4.7746196,-0.87423366,0.11532927,-0.98710537,0.15451619,-0.041804075,0
-4.8474388,-1.6376281,1.1895318,-0.14159501,-0.7210632,0.67824662,0
-4.1886764,1.5277607,1.4803281,0.074656785,0.67542017,0.73364413,0
-2.7931955,3.2380242,-0.62649095,0.14159501,0.7210632,-0.67824662,0
4.2298508,-1.105758,-0.72392702,0.98710537,-0.15451619,0.041804075,0
3.0687366,-1.8074815,-1.462666,-0.074656785,-0.67542017,-0.73364413,0
1.1851474,0.65736628,1.9777366,0.074656785,0.67542017,0.73364413,0
-4.2692814,1.4601119,-1.2443154,-0.98710537,0.15451619,-0.041804075,0
0.61346424,-2.6192164,-0.43615705,-0.074656785,-0.67542017,-0.73364413,0
4.04041,-2.4127293,-0.17971969,0.98710537,-0.15451619,0.041804075,0
0.53928995,-2.0723269,-0.77025604,-0.074656785,-0.67542017,-0.73364413,0
3.6013799,1.9010935,0.80374742,0.074656785,0.67542017,0.73364413,0
1.6056266,1.2106203,1.2566695,0.074656785,0.67542017,0.73364413,0
-4.3002868,1.0888977,0.9880414,-0.98710537,0.15451619,-0.041804075,0
0.71157897,0.68223989,-2.8750048,0.14159501,0.7210632,-0.67824662,0
4.6846118,1.0646485,0.5486393,0.98710537,-0.15451619,0.041804075,0
4.6131778,-0.76576972,-1.006125,0.98710537,-0.15451619,0.041804075,0
-1.9699495,-1.0477566,-1.6015911,-0.074656785,-0.67542017,-0.73364413,0
2.1599312,-1.3919582,2.9483001,-0.14159501,-0.7210632,0.67824662,0
-4.7233739,-0.12476015,2.0556021,-0.98710537,0.15451619,-0.041804075,0
0.87039685,-3.2558351,0.66933054,-0.14159501,-0.7210632,0.67824662,0
-1.1870024,-1.2680755,1.8446327,-0.14159501,-0.7210632,0.67824662,0
3.2798882,-1.1788123,-2.0607038,-0.074656785,-0.67542017,-0.73364413,0
4.6651258,-0.69802141,-0.41487026,0.98710537,-0.15451619,0.041804075,0
4.1372857,1.8061554,-0.77139091,0.14159501,0.7210632,-0.67824662,0
-3.1089911,2.5303369,-1.4956335,0.14159501,0.7210632,-0.67824662,0
0.13826895,1.0940325,-2.6693244,0.14159501,0.7210632,-0.67824662,0
-0.18669748,1.057935,-2.632297,0.14159501,0.7210632,-0.67824662,0
0.70677209,-0.96183372,-1.923106,-0.074656785,-0.67542017,-0.73364413,0
-2.3357131,-0.12559485,2.9628716,0.074656785,0.67542017,0.73364413,0
-1.6477718,1.2069287,-2.5614676,0.14159501,0.7210632,-0.67824662,0
4.4889894,0.13385272,-0.12466478,0.98710537,-0.15451619,0.041804075,0
4.6820459,2.117363,0.1411314,0.98710537,-0.15451619,0.041804075,0
-4.2462959,1.0216563,0.011744499,-0.98710537,0.15451619,-0.041804075,0
-4.5272856,-0.3945531,-1.401294,-0.98710537,0.15451619,-0.041804075,0
-1.1100621,-1.3165405,-1.3385242,-0.074656785,-0.67542017,-0.73364413,0
4.7761812,0.61735046,0.10045958,0.98710537,-0.15451619,0.041804075,0
4.0652399,1.4482133,1.0529478,0.074656785,0.67542017,0.73364413,0
4.4380236,-2.060405,-0.85526323,0.98710537,-0.15451619,0.041804075,0
-1.0969133,0.55639362,-3.287972,0.14159501,0.7210632,-0.67824662,0
2.3559599,-2.9096348,-0.50181592,-0.074656785,-0.67542017,-0.73364413,0
-0.33085823,-2.363708,1.224663,-0.14159501,-0.7210632,0.67824662,0
-4.1125913,1.3026028,-1.3769016,-0.98710537,0.15451619,-0.041804075,0
-0.3278017,-1.0957975,2.6739178,-0.14159501,-0.7210632,0.67824662,0
2.4323635,1.2280684,-2.079052,0.14159501,0.7210632,-0.67824662,0
4.4997048,-0.1095295,-0.36933994,0.98710537,-0.15451619,0.041804075,0
-4.2864194,-0.042053163,-1.9929786,-0.074656785,-0.67542017,-0.73364413,0
-3.6234827,1.5742259,1.3843825,0.074656785,0.67542017,0.73364413,0
4.1587424,0.085138321,-2.8825643,0.14159501,0.7210632,-0.67824662,0
0.13280773,-2.1861124,1.5124675,-0.14159501,-0.7210632,0.67824662,0
-4.2680407,3.0673039,-0.25537825,-0.98710537,0.15451619,-0.041804075,0
-1.9081991,-1.9922562,-0.80506158,-0.074656785,-0.67542017,-0.73364413,0
3.5216093,-0.62481326,2.8318739,0.074656785,0.67542017,0.73364413,0
4.3916893,-1.4397376,-0.75810623,0.98710537,-0.15451619,0.041804075,0
4.5854325,-0.24065454,1.8255305,0.98710537,-0.15451619,0.041804075,0
4.3425255,0.50927734,-2.4543948,0.14159501,0.7210632,-0.67824662,0
-4.4323139,0.80836606,2.3886499,-0.98710537,0.15451619,-0.041804075,0
4.622746,0.36926126,-1.4962401,0.98710537,-0.15451619,0.041804075,0
2.56422,-1.1989195,2.8686872,-0.14159501,-0.7210632,0.67824662,0
-4.3714666,1.2641151,0.8411994,-0.98710537,0.15451619,-0.041804075,0
-1.4354198,0.086468458,2.5338182,0.074656785,0.67542017,0.73364413,0
4.7779408,-0.057140112,-2.0714784,0.98710537,-0.15451619,0.041804075,0
-4.6382761,-0.054771304,-1.6783836,-0.98710537,0.15451619,-0.041804075,0
-2.465615,1.0367215,2.2572384,0.074656785,0.67542017,0.73364413,0
2.52315,2.9506073,-0.010631084,0.074656785,0.67542017,0.73364413,0
-1.442296,-2.9992139,-0.014040947,-0.074656785,-0.67542017,-0.73364413,0
0.2187264,3.2344108,-0.14636397,0.074656785,0.67542017,0.73364413,0
-4.2549734,1.4683449,-0.95151901,-0.98710537,0.15451619,-0.041804075,0
-1.7202822,1.1073786,-2.9762502,0.14159501,0.7210632,-0.67824662,0
-1.4888698,-0.1376369,3.0085859,0.074656785,0.67542017,0.73364413,0
-1.3163149,-1.799998,1.278639,-0.14159501,-0.7210632,0.67824662,0
-2.0791113,-1.0734237,2.3993063,-0.14159501,-0.7210632,0.67824662,0
4.4895792,-1.1942372,-0.96204519,0.98710537,-0.15451619,0.041804075,0
0.12725973,-1.6856573,1.8570971,-0.14159501,-0.7210632,0.67824662,0
-1.817071,2.9919977,0.23487365,0.074656785,0.67542017,0.73364413,0
-1.5820059,3.1937389,-0.36765009,0.14159501,0.7210632,-0.67824662,0
-0.16443563,-2.4834418,1.0057447,-0.14159501,-0.7210632,0.67824662,0
-1.6141578,-2.1494346,-0.46719682,-0.074656785,-0.67542017,-0.73364413,0
4.7814574,0.75258613,0.80049753,0.98710537,-0.15451619,0.041804075,0
-4.381505,1.790796,1.306108,-0.98710537,0.15451619,-0.041804075,0
-0.11483115,-0.033585548,-2.4622302,-0.074656785,-0.67542017,-0.73364413,0
-4.4154787,1.72885,-0.75142241,-0.98710537,0.15451619,-0.041804075,0
3.9481695,-2.9616737,0.19830966,0.98710537,-0.15451619,0.041804075,0
-4.3376193,1.5091445,-1.1670406,-0.98710537,0.15451619,-0.041804075,0
3.0450211,-2.6112792,-0.54194832,-0.074656785,-0.67542017,-0.73364413,0
2.0256605,1.2372847,-2.1528335,0.14159501,0.7210632,-0.67824662,0
-3.305907,3.4896007,-0.82179785,0.14159501,0.7210632,-0.67824662,0
-4.7110119,-0.57547706,0.15867329,-0.98710537,0.15451619,-0.041804075,0
0.78396988,-2.6193261,1.3155621,-0.14159501,-0.7210632,0.67824662,0
2.1555698,1.7571861,-1.5793176,0.14159501,0.7210632,-0.67824662,0
1.7074094,-1.2944732,-1.7446963,-0.074656785,-0.67542017,-0.73364413,0
-3.5074601,-0.9802947,1.7145877,-0.14159501,-0.7210632,0.67824662,0
-1.2335662,-0.19157147,3.1936302,0.074656785,0.67542017,0.73364413,0
0.27391195,1.5866778,-1.855777,0.14159501,0.7210632,-0.67824662,0
-3.724278,0.93004441,2.0306923,0.074656785,0.67542017,0.73364413,0
-2.276958,1.5273452,1.339098,0.074656785,0.67542017,0.73364413,0
-4.5488286,-0.11581826,2.4579873,-0.98710537,0.15451619,-0.041804075,0
2.2961156,-1.3124472,2.6247187,-0.14159501,-0.7210632,0.67824662,0
3.9915767,-2.176111,1.1954486,0.98710537,-0.15451619,0.041804075,0
4.7042742,-0.20756388,-2.0524826,0.98710537,-0.15451619,0.041804075,0
-2.5249236,-2.3438401,0.51499891,-0.14159501,-0.7210632,0.67824662,0
-2.6140888,3.1458819,0.13209629,0.074656785,0.67542017,0.73364413,0
4.4832044,-0.1276778,-0.34833288,0.98710537,-0.15451619,0.041804075,0
-2.3448088,2.108664,-1.977002,0.14159501,0.7210632,-0.67824662,0
-4.4214649,0.75874031,-2.0735497,-0.98710537,0.15451619,-0.041804075,0
-2.182838,2.1994238,-1.9083658,0.14159501,0.7210632,-0.67824662,0
-0.41132879,1.0160351,-2.597466,0.14159501,0.7210632,-0.67824662,0
-3.1500919,-0.14024663,2.8704562,-0.14159501,-0.7210632,0.67824662,0
-4.5385118,0.62488627,1.0577025,-0.98710537,0.15451619,-0.041804075,0
1.0884089,-2.2043118,-1.0571275,-0.074656785,-0.67542017,-0.73364413,0
4.0263805,-2.6862547,1.4247832,0.98710537,-0.15451619,0.041804075,0
4.1632538,-0.88787818,2.3852885,0.98710537,-0.15451619,0.041804075,0
4.3526959,0.25659144,1.0640132,0.98710537,-0.15451619,0.041804075,0
1.6931611,-3.0006406,1.0275896,-0.14159501,-0.7210632,0.67824662,0
-0.25827193,-1.9534653,1.7850904,-0.14159501,-0.7210632,0.67824662,0
-4.5929127,-0.70153463,1.0223904,-0.98710537,0.15451619,-0.041804075,0
1.1241595,2.2268043,0.81679004,0.074656785,0.67542017,0.73364413,0
0.1681385,-1.8047229,-1.0140095,-0.074656785,-0.67542017,-0.73364413,0
4.0854931,-1.235006,1.9724987,0.98710537,-0.15451619,0.041804075,0
4.1562204,-2.0805886,1.4908235,0.98710537,-0.15451619,0.041804075,0
-1.3985149,1.2663957,-2.6388025,0.14159501,0.7210632,-0.67824662,0
-4.4519506,0.3861773,-0.28487968,-0.98710537,0.15451619,-0.041804075,0
4.2354755,-1.5647266,2.6579607,0.98710537,-0.15451619,0.041804075,0
-1.0492659,-2.4590759,-0.61415201,-0.074656785,-0.67542017,-0.73364413,0
4.1688995,-1.232127,3.3949757,-0.14159501,-0.7210632,0.67824662,0
0.10333675,-1.5084313,-1.102337,-0.074656785,-0.67542017,-0.73364413,0
-0.24814653,-1.2367893,2.2381182,-0.14159501,-0.7210632,0.67824662,0
-2.637846,2.9859157,0.13396811,0.074656785,0.67542017,0.73364413,0
4.2717586,-1.1381963,1.0694485,0.98710537,-0.15451619,0.041804075,0
-1.1610324,-0.08052814,-2.2654693,-0.074656785,-0.67542017,-0.73364413,0
-0.076054215,2.3097157,0.46200892,0.074656785,0.67542017,0.73364413,0
4.121047,-1.8530896,-0.77668214,0.98710537,-0.15451619,0.041804075,0
4.4384527,-1.2876279,2.3782227,0.98710537,-0.15451619,0.041804075,0
1.1450338,-2.6900554,-0.6187135,-0.074656785,-0.67542017,-0.73364413,0
3.420166,-1.573293,2.4717402,-0.14159501,-0.7210632,0.67824662,0
-4.1823454,1.6807389,1.1131809,-0.98710537,0.15451619,-0.041804075,0
-0.71650362,-2.4528592,1.0766306,-0.14159501,-0.7210632,0.67824662,0
-1.4186172,3.1570616,-0.074671149,0.074656785,0.67542017,0.73364413,0
-3.7702122,-1.2532964,-1.4377351,-0.074656785,-0.67542017,-0.73364413,0
-4.3711209,0.51464272,0.76311398,-0.98710537,0.15451619,-0.041804075,0
-1.0558037,0.97271371,2.1477752,0.074656785,0.67542017,0.73364413,0
-2.1214635,3.3707085,-0.48757112,0.14159501,0.7210632,-0.67824662,0
-3.1084719,2.1233323,-2.1917892,0.14159501,0.7210632,-0.67824662,0
