-2.5872545,-0.74535,1.9661161,-0.9525615,0.26138765,0.15589462,0
0.90813023,-2.1000988,1.6105123,0.14205755,-0.07114327,0.98729855,0
-1.3693281,-1.7102497,2.2878013,0.14205755,-0.07114327,0.98729855,0
-0.56235528,-2.6118913,0.70803976,-0.26915848,-0.96260852,-0.030636311,0
1.1969858,1.233335,1.9764979,0.14205755,-0.07114327,0.98729855,0
-1.9613365,2.748425,0.39229941,-0.9525615,0.26138765,0.15589462,0
1.1864605,2.3783031,-1.3191133,0.26915848,0.96260852,0.030636311,0
2.304446,-0.89971673,-0.20615941,0.9525615,-0.26138765,-0.15589462,0
-1.4144201,3.0049224,-1.5112336,-0.14205755,0.07114327,-0.98729855,0
-2.2176247,-1.9819708,-1.5971084,-0.26915848,-0.96260852,-0.030636311,0
-1.7321312,2.9798963,-1.3526819,0.26915848,0.96260852,0.030636311,0
-0.38939613,2.8667676,-0.028899431,0.26915848,0.96260852,0.030636311,0
1.98136,2.1672382,0.39065123,0.26915848,0.96260852,0.030636311,0
-1.2455771,1.6008623,2.3959074,0.14205755,-0.07114327,0.98729855,0
-1.6171799,1.7448299,-1.5277089,-0.14205755,0.07114327,-0.98729855,0
1.8800448,-2.3030405,0.36758947,0.9525615,-0.26138765,-0.15589462,0
2.5264735,0.20921183,1.6374302,0.14205755,-0.07114327,0.98729855,0
2.3331499,0.33477473,-1.4864383,0.9525615,-0.26138765,-0.15589462,0
-0.10940943,-0.25945199,1.9418362,0.14205755,-0.07114327,0.98729855,0
0.59721369,0.46590126,-1.8808458,-0.14205755,0.07114327,-0.98729855,0
-2.6880212,-1.6283245,2.0811362,-0.9525615,0.26138765,0.15589462,0
-2.8716683,-1.958634,0.16036701,-0.26915848,-0.96260852,-0.030636311,0
2.4759259,1.9103692,-2.0593321,0.26915848,0.96260852,0.030636311,0
-1.7172682,2.7879601,-0.082405567,-0.9525615,0.26138765,0.15589462,0
1.7896066,-3.2263274,0.22951579,0.9525615,-0.26138765,-0.15589462,0
-1.2925937,-1.9168261,2.2228036,0.14205755,-0.07114327,0.98729855,0
0.98461759,1.9888406,2.0036147,0.14205755,-0.07114327,0.98729855,0
-1.8496015,1.1384856,2.2284546,-0.9525615,0.26138765,0.15589462,0
-2.8973112,-1.1969631,-1.5195853,-0.14205755,0.07114327,-0.98729855,0
-2.5741565,0.54120302,-1.3611286,-0.9525615,0.26138765,0.15589462,0
-0.65473449,0.96177375,-2.0261474,-0.14205755,0.07114327,-0.98729855,0
-0.51287723,-1.0918981,1.8734907,0.14205755,-0.07114327,0.98729855,0
3.0570259,0.87754703,0.76856863,0.9525615,-0.26138765,-0.15589462,0
1.1038401,-2.7212985,-2.4473355,-0.14205755,0.07114327,-0.98729855,0
-2.554311,-1.5121446,-1.5875906,-0.14205755,0.07114327,-0.98729855,0
0.31305516,-2.2510841,-2.2559381,-0.14205755,0.07114327,-0.98729855,0
-1.9695699,-2.0261567,-0.60928631,-0.26915848,-0.96260852,-0.030636311,0
-1.7185564,-2.2190206,-0.61124802,-0.26915848,-0.96260852,-0.030636311,0
-2.9891262,0.12067413,-1.4067253,-0.9525615,0.26138765,0.15589462,0
-1.4956591,2.2466822,2.0533683,-0.9525615,0.26138765,0.15589462,0
2.1733375,-2.2289047,1.4090466,0.9525615,-0.26138765,-0.15589462,0
-1.7449617,0.51687205,2.1125646,0.14205755,-0.07114327,0.98729855,0
1.6523134,-2.3380818,-1.9139392,0.9525615,-0.26138765,-0.15589462,0
-0.45964217,-2.1786475,-2.0531831,-0.14205755,0.07114327,-0.98729855,0
-0.27698135,-1.8555005,-2.0954669,-0.14205755,0.07114327,-0.98729855,0
2.3688457,1.1482555,-2.3467443,0.9525615,-0.26138765,-0.15589462,0
3.1129558,1.2032526,0.19506073,0.9525615,-0.26138765,-0.15589462,0
-0.022366226,1.1886299,-1.7451333,-0.14205755,0.07114327,-0.98729855,0
-0.69259012,2.6612029,-0.9479301,0.26915848,0.96260852,0.030636311,0
2.275063,-0.52418017,-2.0148818,0.9525615,-0.26138765,-0.15589462,0
0.24087486,2.6118042,-1.5166681,0.26915848,0.96260852,0.030636311,0
3.1623352,1.3387797,1.1278394,0.9525615,-0.26138765,-0.15589462,0
-2.603682,-1.6943946,2.0255878,-0.9525615,0.26138765,0.15589462,0
-1.9762712,2.650106,-1.1696329,-0.9525615,0.26138765,0.15589462,0
2.6434789,-0.33335876,1.5054736,0.9525615,-0.26138765,-0.15589462,0
2.9726193,1.0659603,0.73852706,0.9525615,-0.26138765,-0.15589462,0
-0.88191378,-2.2103298,0.12506413,-0.26915848,-0.96260852,-0.030636311,0
0.018283963,2.0927203,-1.9388864,-0.14205755,0.07114327,-0.98729855,0
2.6204293,-0.2685219,1.2409711,0.9525615,-0.26138765,-0.15589462,0
-1.4611818,-2.0333562,-0.31547332,-0.26915848,-0.96260852,-0.030636311,0
1.9737628,-2.770005,0.34137583,0.9525615,-0.26138765,-0.15589462,0
1.1159194,-2.8284669,-0.45879889,-0.26915848,-0.96260852,-0.030636311,0
2.7569225,1.9348041,0.88546467,0.26915848,0.96260852,0.030636311,0
-1.926639,2.7683525,-0.96849942,-0.9525615,0.26138765,0.15589462,0
2.4283729,1.7290819,1.8705674,0.14205755,-0.07114327,0.98729855,0
-1.3570627,1.7743284,-1.5776768,-0.14205755,0.07114327,-0.98729855,0
2.423902,0.80193436,-1.8271198,0.9525615,-0.26138765,-0.15589462,0
0.60591078,-1.915502,-2.1099579,-0.14205755,0.07114327,-0.98729855,0
-1.9212444,2.8129792,-0.68614364,-0.9525615,0.26138765,0.15589462,0
-1.3657753,1.5953817,2.4152527,0.14205755,-0.07114327,0.98729855,0
-1.4004842,-2.3056488,-1.8344554,-0.26915848,-0.96260852,-0.030636311,0
1.5253692,-3.2006397,1.283216,-0.26915848,-0.96260852,-0.030636311,0
0.84237725,-0.8935734,1.6544271,0.14205755,-0.07114327,0.98729855,0
0.42089269,-0.91498208,1.7736945,0.14205755,-0.07114327,0.98729855,0
-0.33297658,-2.4504352,0.56291771,-0.26915848,-0.96260852,-0.030636311,0
-2.4913228,-0.92394203,1.2557508,-0.9525615,0.26138765,0.15589462,0
-1.5338819,-2.4033942,1.5516572,-0.26915848,-0.96260852,-0.030636311,0
-1.0125545,-2.3967435,0.5537281,-0.26915848,-0.96260852,-0.030636311,0
2.4028203,0.76138067,-2.2013109,0.9525615,-0.26138765,-0.15589462,0
-2.746078,-1.5947785,-1.9135022,-0.14205755,0.07114327,-0.98729855,0
2.7115574,-0.74615848,1.506201,0.9525615,-0.26138765,-0.15589462,0
0.21603286,-2.6547546,0.084568977,-0.26915848,-0.96260852,-0.030636311,0
-2.7538056,-1.4598191,-1.8155816,-0.14205755,0.07114327,-0.98729855,0
-2.2791572,-0.55996263,2.2166166,-0.9525615,0.26138765,0.15589462,0
-1.4445667,1.8810695,-1.5973381,-0.14205755,0.07114327,-0.98729855,0
0.2713244,1.3410038,-2.1078386,-0.14205755,0.07114327,-0.98729855,0
0.11665961,-1.6006317,-2.3402653,-0.14205755,0.07114327,-0.98729855,0
0.017331064,2.533118,-0.41788578,0.26915848,0.96260852,0.030636311,0
2.3760419,1.7103703,0.5385282,0.26915848,0.96260852,0.030636311,0
1.2670648,-3.0624256,-1.7849152,-0.26915848,-0.96260852,-0.030636311,0
-2.6302299,0.97436714,-0.93170089,-0.9525615,0.26138765,0.15589462,0
0.29561645,0.98439193,2.1985865,0.14205755,-0.07114327,0.98729855,0
0.66799557,-3.0030355,0.52736807,-0.26915848,-0.96260852,-0.030636311,0
-3.2350864,-0.89840436,-1.4671752,-0.9525615,0.26138765,0.15589462,0
2.4399643,-0.70004416,0.32113147,0.9525615,-0.26138765,-0.15589462,0
-1.1382459,-1.1890032,2.0928817,0.14205755,-0.07114327,0.98729855,0
2.4667842,1.7685272,1.1541383,0.26915848,0.96260852,0.030636311,0
-0.52994382,-2.2470112,-0.20111775,-0.26915848,-0.96260852,-0.030636311,0
-1.5928705,2.5713286,1.9054763,-0.9525615,0.26138765,0.15589462,0
-0.41105866,2.7874026,-1.276763,0.26915848,0.96260852,0.030636311,0
-2.0971265,-0.26233029,2.4090009,-0.9525615,0.26138765,0.15589462,0
-2.4083712,-2.2016194,2.2312047,-0.26915848,-0.96260852,-0.030636311,0
1.7959368,1.9430197,-0.12344646,0.26915848,0.96260852,0.030636311,0
-1.8960532,-1.1700783,2.2752686,0.14205755,-0.07114327,0.98729855,0
1.0100746,1.1548593,-2.1711926,-0.14205755,0.07114327,-0.98729855,0
-0.55634385,-2.5550871,1.5411084,-0.26915848,-0.96260852,-0.030636311,0
2.2009857,-1.9896703,1.0611099,0.9525615,-0.26138765,-0.15589462,0
-0.46418434,2.670311,-0.63642287,0.26915848,0.96260852,0.030636311,0
-2.8736508,-0.73169535,-0.39343417,-0.9525615,0.26138765,0.15589462,0
-2.1556964,2.3210003,-1.375406,-0.9525615,0.26138765,0.15589462,0
1.8731468,-2.9850216,0.54150176,0.9525615,-0.26138765,-0.15589462,0
0.4898895,2.438226,-0.30581856,0.26915848,0.96260852,0.030636311,0
-1.9004793,-2.1634896,1.3152313,-0.26915848,-0.96260852,-0.030636311,0
2.460202,2.0562959,1.7574549,0.26915848,0.96260852,0.030636311,0
1.8534861,1.8051144,-2.1852183,-0.14205755,0.07114327,-0.98729855,0
-1.660593,2.5789921,2.3705251,-0.9525615,0.26138765,0.15589462,0
-0.39940685,-0.31199622,-2.0291061,-0.14205755,0.07114327,-0.98729855,0
2.002336,1.9413532,0.31566036,0.26915848,0.96260852,0.030636311,0
2.2397792,-1.0489421,0.53905869,0.9525615,-0.26138765,-0.15589462,0
-1.3007176,-2.1224523,0.79883051,-0.26915848,-0.96260852,-0.030636311,0
2.7524443,0.9991405,-1.0620502,0.9525615,-0.26138765,-0.15589462,0
-2.1840255,2.5087473,-1.0516009,-0.9525615,0.26138765,0.15589462,0
2.6795473,0.085772038,0.52914524,0.9525615,-0.26138765,-0.15589462,0
-0.74833161,0.69842625,2.1046855,0.14205755,-0.07114327,0.98729855,0
-0.53519416,-0.45558894,2.0810769,0.14205755,-0.07114327,0.98729855,0
-1.4068257,2.8531661,2.4033208,-0.9525615,0.26138765,0.15589462,0
-2.8289213,-0.19339597,-0.49241501,-0.9525615,0.26138765,0.15589462,0
-1.3196597,-0.14260721,-1.7633262,-0.14205755,0.07114327,-0.98729855,0
1.6444484,2.1921632,-2.1450858,-0.14205755,0.07114327,-0.98729855,0
-2.5235136,-0.26836145,2.0073242,-0.9525615,0.26138765,0.15589462,0
2.9390254,0.56035948,0.1170823,0.9525615,-0.26138765,-0.15589462,0
-1.3984503,-2.2048013,-1.7223986,-0.26915848,-0.96260852,-0.030636311,0
1.6140947,2.0141613,1.9322256,0.26915848,0.96260852,0.030636311,0
1.368207,-0.31163919,1.6326157,0.14205755,-0.07114327,0.98729855,0
-0.25461927,-1.5661759,-2.0007527,-0.14205755,0.07114327,-0.98729855,0
2.2518184,-1.5388632,-0.16030192,0.9525615,-0.26138765,-0.15589462,0
1.8926618,2.2531276,-0.67180109,0.26915848,0.96260852,0.030636311,0
-0.19229175,-1.2255137,-2.2611094,-0.14205755,0.07114327,-0.98729855,0
-0.58852583,2.8095608,-0.35640407,0.26915848,0.96260852,0.030636311,0
-1.9198581,2.9168925,-1.4291372,-0.9525615,0.26138765,0.15589462,0
1.1079386,0.40398741,-2.1799736,-0.14205755,0.07114327,-0.98729855,0
2.1661577,-0.75289392,1.6067177,0.14205755,-0.07114327,0.98729855,0
0.909554,2.4837403,1.8848474,0.26915848,0.96260852,0.030636311,0
-1.7758635,-2.1992893,-0.74366426,-0.26915848,-0.96260852,-0.030636311,0
0.18478534,-1.7370505,1.8188902,0.14205755,-0.07114327,0.98729855,0
-1.8689774,-1.5308957,2.2486529,0.14205755,-0.07114327,0.98729855,0
-2.3302414,2.1013603,-1.3693664,-0.9525615,0.26138765,0.15589462,0
-1.7865269,2.6620209,0.33650351,-0.9525615,0.26138765,0.15589462,0
-1.4670222,-1.8530626,2.1849399,0.14205755,-0.07114327,0.98729855,0
-0.3726632,-2.1314411,-2.1143506,-0.14205755,0.07114327,-0.98729855,0
-1.8740917,-1.9386059,0.089754581,-0.26915848,-0.96260852,-0.030636311,0
-1.4810874,2.8698363,-0.84360957,0.26915848,0.96260852,0.030636311,0
-2.327913,1.0964327,-0.84875274,-0.9525615,0.26138765,0.15589462,0
-0.9543736,-2.3142066,0.73777246,-0.26915848,-0.96260852,-0.030636311,0
-2.8062813,-1.7734575,-1.6622581,-0.26915848,-0.96260852,-0.030636311,0
2.0543506,-1.7538817,-0.77236974,0.9525615,-0.26138765,-0.15589462,0
1.1970012,-2.9412839,-1.8507477,-0.26915848,-0.96260852,-0.030636311,0
1.2385736,-2.1323528,1.747201,0.14205755,-0.07114327,0.98729855,0
-1.9986464,3.0553575,-1.2117355,-0.9525615,0.26138765,0.15589462,0
-0.34365571,2.8405297,-0.0043463707,0.26915848,0.96260852,0.030636311,0
-1.7883728,0.36732244,2.3828523,0.14205755,-0.07114327,0.98729855,0
0.2890524,2.5509033,-0.37469983,0.26915848,0.96260852,0.030636311,0
-0.50126284,1.174334,2.189023,0.14205755,-0.07114327,0.98729855,0
-3.0948668,-1.5196331,-0.46059299,-0.9525615,0.26138765,0.15589462,0
2.1571398,-1.6239831,0.039458513,0.9525615,-0.26138765,-0.15589462,0
-2.712903,-0.76721638,1.7951332,-0.9525615,0.26138765,0.15589462,0
-1.1061473,-2.2579,1.7381372,-0.26915848,-0.96260852,-0.030636311,0
-2.1290231,0.53316176,1.7319432,-0.9525615,0.26138765,0.15589462,0
-1.2054703,1.4362633,-1.6282822,-0.14205755,0.07114327,-0.98729855,0
0.66623628,-2.6643739,0.36449242,-0.26915848,-0.96260852,-0.030636311,0
1.5646158,2.3481975,-1.5837226,0.26915848,0.96260852,0.030636311,0
-1.0548282,-2.1820312,-0.12045455,-0.26915848,-0.96260852,-0.030636311,0
0.26265311,-2.7140322,-2.126224,-0.26915848,-0.96260852,-0.030636311,0
-1.4179261,2.7259855,2.3207622,-0.9525615,0.26138765,0.15589462,0
-1.0649223,-2.3970363,0.019659996,-0.26915848,-0.96260852,-0.030636311,0
-0.28950042,0.13183904,2.0576954,0.14205755,-0.07114327,0.98729855,0
1.7540013,-1.602717,-2.3324344,0.9525615,-0.26138765,-0.15589462,0
-1.3703096,-1.7246417,2.120342,0.14205755,-0.07114327,0.98729855,0
2.429261,0.11968708,1.7238984,0.14205755,-0.07114327,0.98729855,0
-1.9367414,2.0682175,-0.0054914951,-0.9525615,0.26138765,0.15589462,0
0.40748483,2.6432502,0.50739551,0.26915848,0.96260852,0.030636311,0
-2.9999273,-1.7479377,-1.3553245,-0.26915848,-0.96260852,-0.030636311,0
-3.1740353,-0.74220026,-1.2070816,-0.9525615,0.26138765,0.15589462,0
-2.4595866,-2.0518036,-0.60947764,-0.26915848,-0.96260852,-0.030636311,0
0.74095601,-2.5850146,-1.2713419,-0.26915848,-0.96260852,-0.030636311,0
-2.5214436,-1.9923842,0.19350767,-0.26915848,-0.96260852,-0.030636311,0
2.1010802,-2.1467545,-0.57026851,0.9525615,-0.26138765,-0.15589462,0
0.74414158,-2.619745,-0.60770082,-0.26915848,-0.96260852,-0.030636311,0
-0.059160888,1.3395379,-2.0261922,-0.14205755,0.07114327,-0.98729855,0
0.85926092,-2.6989131,0.076422691,-0.26915848,-0.96260852,-0.030636311,0
1.7710035,2.1881387,-1.0819433,0.26915848,0.96260852,0.030636311,0
-1.8397062,-2.0893893,1.3359718,-0.26915848,-0.96260852,-0.030636311,0
-0.26327103,-2.3600323,-1.0863473,-0.26915848,-0.96260852,-0.030636311,0
0.12826371,-0.95164621,1.9378008,0.14205755,-0.07114327,0.98729855,0
0.15116093,2.5810058,0.99005103,0.26915848,0.96260852,0.030636311,0
-0.45460218,-2.4346015,-1.7902675,-0.26915848,-0.96260852,-0.030636311,0
1.9773377,1.8499672,0.826527,0.26915848,0.96260852,0.030636311,0
0.28470504,0.17204964,-2.0530627,-0.14205755,0.07114327,-0.98729855,0
0.052114964,-1.9494109,1.996106,0.14205755,-0.07114327,0.98729855,0
2.4097321,2.0353198,0.68648088,0.26915848,0.96260852,0.030636311,0
-2.7876372,-0.66357636,-0.61544216,-0.9525615,0.26138765,0.15589462,0
0.63187361,-2.997993,1.2128572,-0.26915848,-0.96260852,-0.030636311,0
1.412716,-0.37457108,1.8546923,0.14205755,-0.07114327,0.98729855,0
-2.2157059,0.34801561,1.3609555,-0.9525615,0.26138765,0.15589462,0
2.6632767,0.8358351,-1.9470135,0.9525615,-0.26138765,-0.15589462,0
-3.0530317,-1.3715323,-1.0694474,-0.9525615,0.26138765,0.15589462,0
-1.7629393,2.9825816,-0.66503716,-0.9525615,0.26138765,0.15589462,0
-1.2926582,-1.2865436,-1.7717301,-0.14205755,0.07114327,-0.98729855,0
3.0158958,0.46002412,0.56060725,0.9525615,-0.26138765,-0.15589462,0
-0.28941005,-2.4501867,1.1249998,-0.26915848,-0.96260852,-0.030636311,0
-1.716926,-2.0004807,-0.58802962,-0.26915848,-0.96260852,-0.030636311,0
-1.4522957,2.8356907,0.58037186,0.26915848,0.96260852,0.030636311,0
1.1243851,1.2125309,-2.2765567,-0.14205755,0.07114327,-0.98729855,0
1.6560824,-2.3811107,-0.79523122,0.9525615,-0.26138765,-0.15589462,0
1.9608257,-2.4305029,-0.25227427,0.9525615,-0.26138765,-0.15589462,0
-2.299823,-2.0407465,0.33480382,-0.26915848,-0.96260852,-0.030636311,0
2.2681348,-1.9786549,-0.12149322,0.9525615,-0.26138765,-0.15589462,0
0.10757411,0.53914571,-1.8253959,-0.14205755,0.07114327,-0.98729855,0
0.7348454,-2.7330055,1.4107709,-0.26915848,-0.96260852,-0.030636311,0
1.9023728,-2.3445158,-0.12124014,0.9525615,-0.26138765,-0.15589462,0
-1.7294531,3.2042656,-1.4218581,0.26915848,0.96260852,0.030636311,0
1.0954518,-2.8638351,1.7784789,0.14205755,-0.07114327,0.98729855,0
1.4485111,2.1739826,0.36398911,0.26915848,0.96260852,0.030636311,0
2.1318135,0.76371634,-2.4349105,-0.14205755,0.07114327,-0.98729855,0
-2.8183987,-0.56477606,0.89192116,-0.9525615,0.26138765,0.15589462,0
-0.56299889,-2.2984352,-1.9955561,-0.26915848,-0.96260852,-0.030636311,0
0.76170397,1.5914001,1.8713419,0.14205755,-0.07114327,0.98729855,0
0.13518819,2.6497648,0.12055779,0.26915848,0.96260852,0.030636311,0
2.5447319,0.68313318,-1.9149399,0.9525615,-0.26138765,-0.15589462,0
-0.89079911,-2.3201835,1.9682877,0.14205755,-0.07114327,0.98729855,0
0.075125575,2.7376194,-0.14048958,0.26915848,0.96260852,0.030636311,0
2.3853545,-1.5463827,0.34011447,0.9525615,-0.26138765,-0.15589462,0
2.6550682,1.4797816,-1.632014,0.9525615,-0.26138765,-0.15589462,0
-0.99215722,1.571039,-1.6207463,-0.14205755,0.07114327,-0.98729855,0
0.12636349,-1.6415892,1.6998861,0.14205755,-0.07114327,0.98729855,0
0.36558539,2.665349,0.89242864,0.26915848,0.96260852,0.030636311,0
1.9986973,-1.4991063,-0.49708813,0.9525615,-0.26138765,-0.15589462,0
1.6456107,-1.427166,-2.429745,0.9525615,-0.26138765,-0.15589462,0
1.9728079,-2.6543694,0.61585784,0.9525615,-0.26138765,-0.15589462,0
0.83501363,0.71932983,-1.9910779,-0.14205755,0.07114327,-0.98729855,0
0.47255898,-1.548703,-2.3473551,-0.14205755,0.07114327,-0.98729855,0
1.2748896,2.3438873,-1.6025991,0.26915848,0.96260852,0.030636311,0
2.7442122,-0.24754381,0.96621406,0.9525615,-0.26138765,-0.15589462,0
-2.7249355,1.1469353,-1.4454039,-0.9525615,0.26138765,0.15589462,0
2.0082459,-1.0023167,-1.219358,0.9525615,-0.26138765,-0.15589462,0
1.3053415,-2.7913921,-2.0038416,-0.26915848,-0.96260852,-0.030636311,0
-1.6506624,-2.3166394,1.8146288,-0.26915848,-0.96260852,-0.030636311,0
-0.9665972,-2.3265331,0.5751133,-0.26915848,-0.96260852,-0.030636311,0
-1.8217242,0.4608587,-1.8355867,-0.14205755,0.07114327,-0.98729855,0
-2.9416533,-1.675032,-0.65095794,-0.26915848,-0.96260852,-0.030636311,0
1.8497981,0.41163111,1.6175262,0.14205755,-0.07114327,0.98729855,0
2.6859667,1.473001,-2.131474,-0.14205755,0.07114327,-0.98729855,0
-0.24387258,2.3824909,2.4304607,0.14205755,-0.07114327,0.98729855,0
-2.0894403,2.5165267,-0.31596637,-0.9525615,0.26138765,0.15589462,0
2.5780244,-0.5190289,0.58501339,0.9525615,-0.26138765,-0.15589462,0
0.23118269,-2.6486597,-0.51172113,-0.26915848,-0.96260852,-0.030636311,0
-0.60756791,0.39753628,-1.9595735,-0.14205755,0.07114327,-0.98729855,0
-2.4506166,-0.23501086,-1.7297425,-0.14205755,0.07114327,-0.98729855,0
-0.48693842,2.7913349,2.266,0.14205755,-0.07114327,0.98729855,0
-0.22584637,-2.0940197,-2.2929616,-0.14205755,0.07114327,-0.98729855,0
2.1977983,-1.5789695,1.4078671,0.14205755,-0.07114327,0.98729855,0
2.5587206,-1.2835739,1.3455697,0.9525615,-0.26138765,-0.15589462,0
3.0825329,1.1794088,0.20802307,0.9525615,-0.26138765,-0.15589462,0
1.9872112,-1.3687643,1.7030739,0.14205755,-0.07114327,0.98729855,0
1.2246737,-1.7619278,1.663188,0.14205755,-0.07114327,0.98729855,0
-2.9541354,-0.94793385,0.65412116,-0.9525615,0.26138765,0.15589462,0
-0.30775329,-1.8849695,1.7763581,0.14205755,-0.07114327,0.98729855,0
-2.7962251,0.53337443,-0.70946193,-0.9525615,0.26138765,0.15589462,0
-1.5076807,-2.1592674,1.0687943,-0.26915848,-0.96260852,-0.030636311,0
-0.67428684,1.8744342,2.3157957,0.14205755,-0.07114327,0.98729855,0
-3.1092734,-1.6331477,-1.4129243,-0.26915848,-0.96260852,-0.030636311,0
-0.94603848,-1.7132818,1.9387445,0.14205755,-0.07114327,0.98729855,0
2.8505747,1.4352101,-1.7790304,0.9525615,-0.26138765,-0.15589462,0
1.6112566,2.3401668,-0.50894189,0.26915848,0.96260852,0.030636311,0
-1.2659336,1.2043393,-1.8529173,-0.14205755,0.07114327,-0.98729855,0
-0.56573164,2.8572652,2.364305,0.26915848,0.96260852,0.030636311,0
-2.2347527,0.90034497,0.31101421,-0.9525615,0.26138765,0.15589462,0
-2.4105217,-0.91395831,-1.5789832,-0.14205755,0.07114327,-0.98729855,0
-0.063496739,-1.4296237,2.0804307,0.14205755,-0.07114327,0.98729855,0
0.2254141,-2.0187235,1.8351066,0.14205755,-0.07114327,0.98729855,0
0.97132164,-2.7127402,-1.1004572,-0.26915848,-0.96260852,-0.030636311,0
-0.20649642,2.6203303,1.0397993,0.26915848,0.96260852,0.030636311,0
0.76043868,-0.89875078,1.8171115,0.14205755,-0.07114327,0.98729855,0
-2.0590844,2.7453551,-0.65161467,-0.9525615,0.26138765,0.15589462,0
-0.0060965419,-2.7833626,-0.30467916,-0.26915848,-0.96260852,-0.030636311,0
1.9760495,-2.1941586,0.10450697,0.9525615,-0.26138765,-0.15589462,0
1.4770198,2.2173631,-0.14681578,0.26915848,0.96260852,0.030636311,0
-0.40567786,2.762125,-1.3626571,0.26915848,0.96260852,0.030636311,0
-2.5033622,-0.21706429,0.036402732,-0.9525615,0.26138765,0.15589462,0
0.76923561,-1.5921624,1.8223923,0.14205755,-0.07114327,0.98729855,0
0.44649842,-0.6064688,2.0911252,0.14205755,-0.07114327,0.98729855,0
0.52935934,0.4770565,2.0645702,0.14205755,-0.07114327,0.98729855,0
-2.3313305,1.2334795,0.18505651,-0.9525615,0.26138765,0.15589462,0
0.63676965,-1.0052502,1.8741803,0.14205755,-0.07114327,0.98729855,0
-0.38358915,2.43696,-1.7101896,-0.14205755,0.07114327,-0.98729855,0
-1.6231315,3.2406688,-0.92955375,0.26915848,0.96260852,0.030636311,0
-0.022877567,-0.3644197,-2.1005087,-0.14205755,0.07114327,-0.98729855,0
0.011562601,-1.04563,-1.9216924,-0.14205755,0.07114327,-0.98729855,0
-1.7842764,2.5848396,1.3451751,-0.9525615,0.26138765,0.15589462,0
1.4093382,-3.0050402,1.4816773,0.14205755,-0.07114327,0.98729855,0
-1.0407679,-0.92752647,-2.0644612,-0.14205755,0.07114327,-0.98729855,0
0.56941998,0.040552855,-2.0689726,-0.14205755,0.07114327,-0.98729855,0
0.84211254,2.4050784,0.013672352,0.26915848,0.96260852,0.030636311,0
1.1836517,1.5067105,2.1042662,0.14205755,-0.07114327,0.98729855,0
0.48352289,2.5129175,-0.97811723,0.26915848,0.96260852,0.030636311,0
-2.7350242,-0.96626484,0.24165857,-0.9525615,0.26138765,0.15589462,0
0.07259202,-2.5861475,1.0034666,-0.26915848,-0.96260852,-0.030636311,0
-1.0679339,-2.4896257,1.6565239,-0.26915848,-0.96260852,-0.030636311,0
-1.4442364,-2.0671177,-0.54329705,-0.26915848,-0.96260852,-0.030636311,0
-0.58695322,-2.6520219,1.0096204,-0.26915848,-0.96260852,-0.030636311,0
1.904312,-0.34149539,-2.2463458,-0.14205755,0.07114327,-0.98729855,0
-0.31663769,2.1411068,-1.8303032,-0.14205755,0.07114327,-0.98729855,0
-2.0382736,1.2580292,0.24078321,-0.9525615,0.26138765,0.15589462,0
0.34888858,0.84275889,-2.0009542,-0.14205755,0.07114327,-0.98729855,0
1.8640609,-2.8570528,0.95851827,0.9525615,-0.26138765,-0.15589462,0
-0.034712195,-1.042259,1.907998,0.14205755,-0.07114327,0.98729855,0
-2.8981693,-0.41523981,-0.38487658,-0.9525615,0.26138765,0.15589462,0
1.9972893,-1.4330939,-1.9289336,0.9525615,-0.26138765,-0.15589462,0
2.389132,1.9291806,-1.9184763,0.26915848,0.96260852,0.030636311,0
0.6740151,-0.47000086,2.0084717,0.14205755,-0.07114327,0.98729855,0
2.7129722,1.7264355,-0.54483843,0.26915848,0.96260852,0.030636311,0
0.69476235,1.7218029,-1.8370196,-0.14205755,0.07114327,-0.98729855,0
-2.2234271,1.1490606,-0.66835886,-0.9525615,0.26138765,0.15589462,0
2.4843953,-0.68540853,0.089483142,0.9525615,-0.26138765,-0.15589462,0
-0.91932553,1.7383904,2.303447,0.14205755,-0.07114327,0.98729855,0
-2.9647636,-1.4388797,1.3332157,-0.9525615,0.26138765,0.15589462,0
0.82390106,-2.9760373,-1.8150963,-0.26915848,-0.96260852,-0.030636311,0
-2.0111895,2.3545446,-0.78390098,-0.9525615,0.26138765,0.15589462,0
0.302876,-0.9417994,-2.2440305,-0.14205755,0.07114327,-0.98729855,0
-0.37282091,0.39556444,-2.0674343,-0.14205755,0.07114327,-0.98729855,0
1.3446414,-2.9624562,0.92413855,-0.26915848,-0.96260852,-0.030636311,0
2.7871845,0.28734326,1.471611,0.9525615,-0.26138765,-0.15589462,0
-2.5558808,0.82081574,-0.48394936,-0.9525615,0.26138765,0.15589462,0
-2.4269135,1.6291484,-0.47383988,-0.9525615,0.26138765,0.15589462,0
-1.5813904,3.0831685,0.092387438,-0.9525615,0.26138765,0.15589462,0
-1.5553665,2.7317851,1.2950124,-0.9525615,0.26138765,0.15589462,0
-1.1275212,-2.4274364,2.0043101,0.14205755,-0.07114327,0.98729855,0
-0.39077404,-2.3956487,-0.7939198,-0.26915848,-0.96260852,-0.030636311,0
-1.6205156,-2.2527852,0.64346051,-0.26915848,-0.96260852,-0.030636311,0
0.91884458,-2.7002749,-1.56656,-0.26915848,-0.96260852,-0.030636311,0
1.7131772,-2.9295976,0.58832407,0.9525615,-0.26138765,-0.15589462,0
2.1265457,-1.2408683,0.15860415,0.9525615,-0.26138765,-0.15589462,0
0.96068788,-1.4596107,-2.4590945,-0.14205755,0.07114327,-0.98729855,0
-2.8810248,-1.611523,1.6103473,-0.9525615,0.26138765,0.15589462,0
1.5655308,2.4051542,-1.2035837,0.26915848,0.96260852,0.030636311,0
-2.8006873,-0.45529026,-0.12623954,-0.9525615,0.26138765,0.15589462,0
1.7797474,-2.6123393,-0.47546935,0.9525615,-0.26138765,-0.15589462,0
-0.14929104,-2.8031323,1.7361815,-0.26915848,-0.96260852,-0.030636311,0
-0.26455173,-1.7508783,-1.9566417,-0.14205755,0.07114327,-0.98729855,0
2.1398015,-0.95780241,1.49007,0.14205755,-0.07114327,0.98729855,0
-0.58341122,-2.5712299,-0.15157652,-0.26915848,-0.96260852,-0.030636311,0
0.11834878,-2.7537475,-1.0750046,-0.26915848,-0.96260852,-0.030636311,0
-0.21288568,-2.4800947,-0.1546073,-0.26915848,-0.96260852,-0.030636311,0
0.57847929,-2.9474659,1.5538964,-0.26915848,-0.96260852,-0.030636311,0
2.2542586,-2.1018722,0.76520956,0.9525615,-0.26138765,-0.15589462,0
1.6499335,2.1909802,-0.26731777,0.26915848,0.96260852,0.030636311,0
-0.096564829,2.3245721,-1.7029078,-0.14205755,0.07114327,-0.98729855,0
0.2240676,2.4391639,1.3941286,0.26915848,0.96260852,0.030636311,0
-1.7763709,1.0919316,-1.7186701,-0.14205755,0.07114327,-0.98729855,0
0.11889476,-1.3843775,1.7970874,0.14205755,-0.07114327,0.98729855,0
2.2196562,-2.3114996,1.4004374,0.14205755,-0.07114327,0.98729855,0
-2.3696511,-1.6973808,-1.11842,-0.26915848,-0.96260852,-0.030636311,0
1.7429445,0.26701093,1.7852454,0.14205755,-0.07114327,0.98729855,0
-2.2704995,1.2115806,0.65450257,-0.9525615,0.26138765,0.15589462,0
-0.59524071,1.1215029,-2.0477459,-0.14205755,0.07114327,-0.98729855,0
2.4805319,-0.85021216,-0.47505912,0.9525615,-0.26138765,-0.15589462,0
0.58862144,-2.0504022,1.990743,0.14205755,-0.07114327,0.98729855,0
2.713479,0.85836112,-0.10186565,0.9525615,-0.26138765,-0.15589462,0
1.4397457,1.0776635,-2.3296771,-0.14205755,0.07114327,-0.98729855,0
2.8191659,0.86598277,-1.1249796,0.9525615,-0.26138765,-0.15589462,0
-0.62595749,-0.85877395,-2.0561664,-0.14205755,0.07114327,-0.98729855,0
2.2976704,-2.077014,1.6444591,0.9525615,-0.26138765,-0.15589462,0
0.48898295,1.3539424,-1.872815,-0.14205755,0.07114327,-0.98729855,0
-1.9372114,-2.2925138,1.7544918,-0.26915848,-0.96260852,-0.030636311,0
-2.003499,1.7761252,-0.12053192,-0.9525615,0.26138765,0.15589462,0
1.5532358,1.7568908,1.9367895,0.14205755,-0.07114327,0.98729855,0
-1.9766816,1.1266087,-1.6452227,-0.14205755,0.07114327,-0.98729855,0
-1.021574,-2.4160225,1.3096268,-0.26915848,-0.96260852,-0.030636311,0
-1.1838596,2.7865357,1.8327701,0.26915848,0.96260852,0.030636311,0
3.1313875,1.3016732,-0.0057301521,0.9525615,-0.26138765,-0.15589462,0
-0.095350623,-2.6043217,1.5788202,-0.26915848,-0.96260852,-0.030636311,0
-0.37576863,-0.096189857,1.9089923,0.14205755,-0.07114327,0.98729855,0
-0.55221504,-2.5817215,-0.32760215,-0.26915848,-0.96260852,-0.030636311,0
-2.869554,-1.4638681,-1.6325256,-0.14205755,0.07114327,-0.98729855,0
-2.3895648,0.80914783,-0.48833549,-0.9525615,0.26138765,0.15589462,0
0.12570316,-2.775435,-0.48450828,-0.26915848,-0.96260852,-0.030636311,0
-1.2331265,3.0173934,-0.53765893,0.26915848,0.96260852,0.030636311,0
1.7274528,-2.377317,-1.6854949,0.9525615,-0.26138765,-0.15589462,0
1.7436345,0.85088158,1.9034293,0.14205755,-0.07114327,0.98729855,0
-1.7796142,-2.0171456,-1.2099261,-0.26915848,-0.96260852,-0.030636311,0
-1.9432459,3.1010611,-1.7061181,-0.14205755,0.07114327,-0.98729855,0
-2.4194033,1.0276743,0.40390438,-0.9525615,0.26138765,0.15589462,0
0.64852476,1.7192885,-2.1246669,-0.14205755,0.07114327,-0.98729855,0
2.6143856,-0.59025782,0.23251525,0.9525615,-0.26138765,-0.15589462,0
-1.0507107,0.45718551,2.3392065,0.14205755,-0.07114327,0.98729855,0
2.1894433,-0.76799154,-0.95361489,0.9525615,-0.26138765,-0.15589462,0
-0.037467808,2.1332269,2.1591356,0.14205755,-0.07114327,0.98729855,0
-1.8604243,2.16471,2.2196174,-0.9525615,0.26138765,0.15589462,0
1.8851748,-3.2245903,1.4115734,0.9525615,-0.26138765,-0.15589462,0
-0.12618798,1.9328277,-1.9470526,-0.14205755,0.07114327,-0.98729855,0
-1.8879871,1.464465,0.97496682,-0.9525615,0.26138765,0.15589462,0
-0.82456434,-2.0388641,-2.0661151,-0.14205755,0.07114327,-0.98729855,0
-2.3426371,1.3412536,-0.068877578,-0.9525615,0.26138765,0.15589462,0
-1.7776799,-0.32951236,-1.7864044,-0.14205755,0.07114327,-0.98729855,0
-2.3702416,-0.8181088,2.3821836,-0.9525615,0.26138765,0.15589462,0
-1.4644792,-0.68623781,-1.9858506,-0.14205755,0.07114327,-0.98729855,0
-1.8109128,2.1801174,1.1075058,-0.9525615,0.26138765,0.15589462,0
0.41907251,2.3610425,2.2257318,0.14205755,-0.07114327,0.98729855,0
2.2113366,-1.2811219,-0.97060072,0.9525615,-0.26138765,-0.15589462,0
-1.6197354,2.3929613,1.0158777,-0.9525615,0.26138765,0.15589462,0
-1.5984836,3.0301018,-0.031204462,0.26915848,0.96260852,0.030636311,0
0.48254257,1.3381228,-2.1346147,-0.14205755,0.07114327,-0.98729855,0
-2.6487119,-1.2841356,-1.7508138,-0.14205755,0.07114327,-0.98729855,0
0.41344976,2.6177816,-1.9973662,-0.14205755,0.07114327,-0.98729855,0
0.3363629,2.6267099,1.0633458,0.26915848,0.96260852,0.030636311,0
2.626399,1.3404176,-1.0229241,0.9525615,-0.26138765,-0.15589462,0
-0.46535456,-2.6254065,0.44514251,-0.26915848,-0.96260852,-0.030636311,0
-1.6118228,-2.1921759,2.0405738,-0.26915848,-0.96260852,-0.030636311,0
-2.5622838,-1.5715756,-1.7981062,-0.14205755,0.07114327,-0.98729855,0
2.1250982,-1.3791609,1.6425222,0.14205755,-0.07114327,0.98729855,0
2.6852701,0.49119157,-1.4727504,0.9525615,-0.26138765,-0.15589462,0
1.3752408,-2.7019207,1.6857672,0.14205755,-0.07114327,0.98729855,0
-1.8423538,1.6971236,1.8976393,-0.9525615,0.26138765,0.15589462,0
2.3319678,-2.3984659,1.1015601,0.9525615,-0.26138765,-0.15589462,0
2.9005625,0.6844995,-0.16232312,0.9525615,-0.26138765,-0.15589462,0
2.1006458,-3.1389761,1.6212327,-0.26915848,-0.96260852,-0.030636311,0
0.75117266,-2.8432155,-1.9026389,-0.26915848,-0.96260852,-0.030636311,0
-2.8486099,-0.021151304,-1.2725582,-0.9525615,0.26138765,0.15589462,0
0.25433978,-0.64393783,1.942453,0.14205755,-0.07114327,0.98729855,0
0.60607052,-2.03597,1.7670314,0.14205755,-0.07114327,0.98729855,0
-1.4706101,2.869369,-1.4681132,0.26915848,0.96260852,0.030636311,0
2.0145049,-2.1402056,-0.46363962,0.9525615,-0.26138765,-0.15589462,0
-2.1818006,1.029647,2.2474608,-0.9525615,0.26138765,0.15589462,0
0.25430506,-0.30887699,-2.0100574,-0.14205755,0.07114327,-0.98729855,0
-2.9247561,-0.33154821,-1.6188574,-0.14205755,0.07114327,-0.98729855,0
1.9498014,0.31534743,1.584174,0.14205755,-0.07114327,0.98729855,0
1.1991696,2.1536126,1.5273707,0.26915848,0.96260852,0.030636311,0
-0.19319157,-0.25739384,-1.9914962,-0.14205755,0.07114327,-0.98729855,0
0.017815113,2.6131568,1.0114506,0.26915848,0.96260852,0.030636311,0
-1.5494604,-2.3225355,-0.28960776,-0.26915848,-0.96260852,-0.030636311,0
-0.72885472,-0.83085561,-2.1035762,-0.14205755,0.07114327,-0.98729855,0
2.8750613,0.15042579,0.95339215,0.9525615,-0.26138765,-0.15589462,0
-1.0472943,2.8837233,-1.433383,0.26915848,0.96260852,0.030636311,0
0.42930597,-2.3067985,-2.1859806,-0.14205755,0.07114327,-0.98729855,0
-2.9107795,-1.4033329,0.9449439,-0.9525615,0.26138765,0.15589462,0
-1.9214382,1.9074126,-0.092719913,-0.9525615,0.26138765,0.15589462,0
-0.87734294,1.3353639,-1.609217,-0.14205755,0.07114327,-0.98729855,0
-2.8603282,-0.514166,-0.79261768,-0.9525615,0.26138765,0.15589462,0
-2.6361132,-1.9324911,2.3349466,0.14205755,-0.07114327,0.98729855,0
1.3174562,2.162653,-0.96419835,0.26915848,0.96260852,0.030636311,0
-1.9447095,2.5705128,-0.45736957,-0.9525615,0.26138765,0.15589462,0
2.6603279,2.0901637,-1.7275693,0.26915848,0.96260852,0.030636311,0
0.62723392,2.4740424,-0.84630752,0.26915848,0.96260852,0.030636311,0
-1.4780315,-2.0448902,0.010632277,-0.26915848,-0.96260852,-0.030636311,0
-2.0373294,-2.2215137,1.5502717,-0.26915848,-0.96260852,-0.030636311,0
-1.1064529,2.9765933,-0.96066642,0.26915848,0.96260852,0.030636311,0
1.9916651,0.13867283,1.6126224,0.14205755,-0.07114327,0.98729855,0
-1.8183247,-1.5217128,2.3264639,0.14205755,-0.07114327,0.98729855,0
0.90425587,-2.8623333,-1.386368,-0.26915848,-0.96260852,-0.030636311,0
-0.44731471,-1.4181697,1.9180541,0.14205755,-0.07114327,0.98729855,0
2.5043254,-1.73085,1.6389353,0.14205755,-0.07114327,0.98729855,0
-0.62660176,1.3284698,2.3318985,0.14205755,-0.07114327,0.98729855,0
0.48355925,2.4840655,0.28912687,0.26915848,0.96260852,0.030636311,0
0.61558247,-2.5442116,-1.1944942,-0.26915848,-0.96260852,-0.030636311,0
0.49937299,0.070782185,-2.080394,-0.14205755,0.07114327,-0.98729855,0
-1.2869546,-1.085997,1.9695028,0.14205755,-0.07114327,0.98729855,0
-1.316784,-0.81887436,-1.6976825,-0.14205755,0.07114327,-0.98729855,0
1.9904522,-2.9283559,1.4908812,0.9525615,-0.26138765,-0.15589462,0
-2.0191336,2.6291015,0.55638742,-0.9525615,0.26138765,0.15589462,0
-2.2431636,1.1568905,-1.646685,-0.14205755,0.07114327,-0.98729855,0
-0.62966293,2.1676764,-1.5910871,-0.14205755,0.07114327,-0.98729855,0
-2.8834357,0.28612471,-1.534517,-0.9525615,0.26138765,0.15589462,0
-2.5398493,0.54151571,-1.1312748,-0.9525615,0.26138765,0.15589462,0
-2.3221843,-1.0615745,-1.8886074,-0.14205755,0.07114327,-0.98729855,0
-1.9820526,-2.1715319,-0.20174003,-0.26915848,-0.96260852,-0.030636311,0
-2.0367455,2.4493713,-1.7180834,-0.14205755,0.07114327,-0.98729855,0
1.1424867,2.3022509,-1.1574128,0.26915848,0.96260852,0.030636311,0
-2.4501138,-0.0065923929,1.5170978,-0.9525615,0.26138765,0.15589462,0
1.4875267,2.2026124,-0.70706773,0.26915848,0.96260852,0.030636311,0
2.0741851,-1.9712131,0.6176374,0.9525615,-0.26138765,-0.15589462,0
-0.97408938,-0.27787435,2.1946809,0.14205755,-0.07114327,0.98729855,0
2.4671676,0.29367781,-1.5791049,0.9525615,-0.26138765,-0.15589462,0
-1.2290876,2.5681357,-1.6665924,-0.14205755,0.07114327,-0.98729855,0
-1.7966138,1.5572698,-1.5857728,-0.14205755,0.07114327,-0.98729855,0
3.0522311,1.7932531,-0.14294457,0.9525615,-0.26138765,-0.15589462,0
2.7346997,-0.028197408,0.69879389,0.9525615,-0.26138765,-0.15589462,0
2.7499576,0.66983557,-0.41860938,0.9525615,-0.26138765,-0.15589462,0
-1.0736871,2.9448109,1.5848848,0.26915848,0.96260852,0.030636311,0
0.10982841,-2.4443779,-0.41000509,-0.26915848,-0.96260852,-0.030636311,0
-0.39874601,-0.44910538,2.1780953,0.14205755,-0.07114327,0.98729855,0
3.0137386,0.95022047,0.52599466,0.9525615,-0.26138765,-0.15589462,0
-0.080786049,-0.94483578,2.1574259,0.14205755,-0.07114327,0.98729855,0
1.2330415,-1.4713185,1.8086488,0.14205755,-0.07114327,0.98729855,0
-2.2828844,-2.0797815,-1.4893281,-0.26915848,-0.96260852,-0.030636311,0
-1.8042897,1.6636465,-1.7621819,-0.14205755,0.07114327,-0.98729855,0
-3.0637956,-0.93849558,-0.13628685,-0.9525615,0.26138765,0.15589462,0
2.1734316,-0.98776484,0.15962476,0.9525615,-0.26138765,-0.15589462,0
2.737767,-0.02500093,1.0950956,0.9525615,-0.26138765,-0.15589462,0
3.1008513,0.99369079,-0.023358226,0.9525615,-0.26138765,-0.15589462,0
0.26042941,2.5316849,-0.74428487,0.26915848,0.96260852,0.030636311,0
-2.8979177,-1.8545613,2.1468706,-0.9525615,0.26138765,0.15589462,0
0.16260827,-0.56774008,1.9513245,0.14205755,-0.07114327,0.98729855,0
-2.0092556,-1.9250408,2.1712036,0.14205755,-0.07114327,0.98729855,0
0.2447432,2.6323543,0.90266955,0.26915848,0.96260852,0.030636311,0
-1.7543067,-0.2838285,-1.810771,-0.14205755,0.07114327,-0.98729855,0
1.0214657,-1.344399,-2.4599724,-0.14205755,0.07114327,-0.98729855,0
-0.027564406,2.5246947,-0.79079986,0.26915848,0.96260852,0.030636311,0
2.0847435,-2.5319614,0.5956986,0.9525615,-0.26138765,-0.15589462,0
1.9723915,-1.4552584,-1.4145679,0.9525615,-0.26138765,-0.15589462,0
-1.0306002,1.264956,-1.683966,-0.14205755,0.07114327,-0.98729855,0
2.4903703,-1.0952493,0.59362131,0.9525615,-0.26138765,-0.15589462,0
1.5714076,2.1917844,1.7348586,0.26915848,0.96260852,0.030636311,0
-1.6557493,2.725338,1.6296489,-0.9525615,0.26138765,0.15589462,0
-0.56583202,2.8864222,1.7955998,0.26915848,0.96260852,0.030636311,0
-1.690468,-1.9464856,-0.46736157,-0.26915848,-0.96260852,-0.030636311,0
-0.56281221,-2.4872446,1.1646149,-0.26915848,-0.96260852,-0.030636311,0
1.3143709,2.3631103,-1.5321383,0.26915848,0.96260852,0.030636311,0
2.2669022,2.0087214,-1.8900375,0.26915848,0.96260852,0.030636311,0
-2.9016678,-0.24313414,-1.3148817,-0.9525615,0.26138765,0.15589462,0
-2.3413126,-1.8327885,0.88833809,-0.26915848,-0.96260852,-0.030636311,0
-2.4977825,-0.40965101,0.52532345,-0.9525615,0.26138765,0.15589462,0
0.41255432,2.3033342,0.043676615,0.26915848,0.96260852,0.030636311,0
-1.6280069,-2.0440173,1.4045687,-0.26915848,-0.96260852,-0.030636311,0
2.6155145,0.50954437,1.6686221,0.14205755,-0.07114327,0.98729855,0
-2.6574199,-1.3705084,2.4828954,0.14205755,-0.07114327,0.98729855,0
1.9726124,0.62013555,-2.1376743,-0.14205755,0.07114327,-0.98729855,0
-2.1470976,-2.071882,0.150172,-0.26915848,-0.96260852,-0.030636311,0
-0.66593432,-1.6348615,-2.0603764,-0.14205755,0.07114327,-0.98729855,0
3.1082444,0.99822521,1.1740385,0.9525615,-0.26138765,-0.15589462,0
2.2199769,-1.1520981,0.25803423,0.9525615,-0.26138765,-0.15589462,0
-2.6334486,0.98630226,-1.2259216,-0.9525615,0.26138765,0.15589462,0
-1.9356322,0.61448681,2.3029141,0.14205755,-0.07114327,0.98729855,0
0.2881133,-1.3286344,-2.0191808,-0.14205755,0.07114327,-0.98729855,0
-1.3092151,2.2572188,-1.5894394,-0.14205755,0.07114327,-0.98729855,0
-3.083169,-1.2261374,-1.6561915,-0.9525615,0.26138765,0.15589462,0
-1.4475924,-1.4810618,2.1347647,0.14205755,-0.07114327,0.98729855,0
1.4274597,-2.7232742,1.6877284,0.14205755,-0.07114327,0.98729855,0
-2.6742163,-1.9594648,-1.6385634,-0.26915848,-0.96260852,-0.030636311,0
-2.0546498,2.8001635,-1.4408212,-0.14205755,0.07114327,-0.98729855,0
2.0843732,-2.0004408,1.7138747,0.14205755,-0.07114327,0.98729855,0
-1.2808254,1.7308223,-1.8928384,-0.14205755,0.07114327,-0.98729855,0
2.1762068,-0.96238315,-1.4015174,0.9525615,-0.26138765,-0.15589462,0
1.6151413,-0.076779366,1.7299715,0.14205755,-0.07114327,0.98729855,0
-1.4070592,-1.9518108,1.9991434,0.14205755,-0.07114327,0.98729855,0
-2.4630291,0.085587353,0.84317702,-0.9525615,0.26138765,0.15589462,0
1.7304754,2.0092516,0.46162724,0.26915848,0.96260852,0.030636311,0
-3.3852541,-1.3510725,-1.3344486,-0.9525615,0.26138765,0.15589462,0
2.4962735,-0.85915792,0.063584149,0.9525615,-0.26138765,-0.15589462,0
-1.0575486,-2.1971776,-1.6848731,-0.26915848,-0.96260852,-0.030636311,0
-2.1978424,-1.9959713,2.2352974,0.14205755,-0.07114327,0.98729855,0
-2.410938,-2.0745566,0.15217137,-0.26915848,-0.96260852,-0.030636311,0
1.7496293,-2.6226509,-1.0431409,0.9525615,-0.26138765,-0.15589462,0
1.9826131,1.9717634,-1.4018579,0.26915848,0.96260852,0.030636311,0
-2.1356554,1.9189546,-0.94125128,-0.9525615,0.26138765,0.15589462,0
1.0601257,-1.3179214,-2.2034202,-0.14205755,0.07114327,-0.98729855,0
1.2507331,-2.8426759,-0.5447917,-0.26915848,-0.96260852,-0.030636311,0
-0.37768126,-0.56373858,2.224571,0.14205755,-0.07114327,0.98729855,0
-2.9047422,-1.1435641,-0.73305911,-0.9525615,0.26138765,0.15589462,0
1.1513528,-0.40849066,-2.1983452,-0.14205755,0.07114327,-0.98729855,0
-1.8374126,2.4114156,1.4271063,-0.9525615,0.26138765,0.15589462,0
-2.3559816,-0.37767017,1.020915,-0.9525615,0.26138765,0.15589462,0
-1.3702427,-2.041045,2.0154057,0.14205755,-0.07114327,0.98729855,0
2.7805815,1.1700784,-2.0615277,0.9525615,-0.26138765,-0.15589462,0
1.2260534,1.9800711,1.9609907,0.14205755,-0.07114327,0.98729855,0
1.9973984,0.70937848,-2.3902695,-0.14205755,0.07114327,-0.98729855,0
0.43307316,-2.0569334,-2.1427813,-0.14205755,0.07114327,-0.98729855,0
-2.2835293,2.4480939,-1.3436263,-0.14205755,0.07114327,-0.98729855,0
2.4829009,-0.92305398,1.5885675,0.9525615,-0.26138765,-0.15589462,0
-3.2316606,-1.4806286,-1.0622599,-0.9525615,0.26138765,0.15589462,0
-1.1233871,1.0747447,2.2188253,0.14205755,-0.07114327,0.98729855,0
-0.14654775,0.99938571,1.9387183,0.14205755,-0.07114327,0.98729855,0
-2.2926493,-2.0797257,-1.8868802,-0.26915848,-0.96260852,-0.030636311,0
-1.0817237,-1.9623882,2.0340991,0.14205755,-0.07114327,0.98729855,0
1.1056862,-2.4508536,-2.4330611,-0.14205755,0.07114327,-0.98729855,0
-2.0439696,2.0635483,-0.1031419,-0.9525615,0.26138765,0.15589462,0
-2.1703224,-1.8569436,2.0469651,-0.26915848,-0.96260852,-0.030636311,0
-0.11771089,-2.5688314,-1.3139391,-0.26915848,-0.96260852,-0.030636311,0
1.6388888,-2.8201747,1.532362,0.14205755,-0.07114327,0.98729855,0
-0.63252348,0.96863925,2.0121925,0.14205755,-0.07114327,0.98729855,0
-1.4367239,-2.3348157,2.1965411,-0.26915848,-0.96260852,-0.030636311,0
-2.4036298,-0.83790296,2.1463177,-0.9525615,0.26138765,0.15589462,0
