-3.683845,-1.8439251,-2.4171176,-0.51563251,-0.28025874,-0.80967778,0
-1.7736318,-2.6460116,-1.6865113,-0.10318267,-0.91780251,0.38339508,0
0.1954248,-0.92976582,3.1283474,-0.10318267,-0.91780251,0.38339508,0
2.3601573,1.4509099,-0.78788114,0.85057408,-0.28123569,-0.44433102,0
1.6820405,2.9412439,2.0816374,0.10318267,0.91780251,-0.38339508,0
1.3357203,1.5116553,-1.1008282,0.10318267,0.91780251,-0.38339508,0
-0.84903085,-1.3818367,1.8428149,-0.10318267,-0.91780251,0.38339508,0
2.9783964,2.23455,0.69681054,0.10318267,0.91780251,-0.38339508,0
1.9349855,2.2684257,0.54985023,0.10318267,0.91780251,-0.38339508,0
2.9643531,2.7235713,1.8445902,0.10318267,0.91780251,-0.38339508,0
0.20725009,1.3741235,4.2693806,-0.85057408,0.28123569,0.44433102,0
1.548254,0.7846036,-2.2169178,0.85057408,-0.28123569,-0.44433102,0
2.6484609,2.4629571,1.719629,0.10318267,0.91780251,-0.38339508,0
2.6046462,1.8794729,-0.20750159,0.10318267,0.91780251,-0.38339508,0
0.6396488,2.3953447,0.21410978,0.10318267,0.91780251,-0.38339508,0
0.51547283,1.3037186,4.2217131,-0.85057408,0.28123569,0.44433102,0
-2.5142288,-0.23989081,-3.6472473,-0.51563251,-0.28025874,-0.80967778,0
3.1621516,0.50570178,3.2166185,0.51563251,0.28025874,0.80967778,0
3.4507372,1.08639,3.2000198,0.51563251,0.28025874,0.80967778,0
0.78890753,-2.0789788,0.50411755,-0.10318267,-0.91780251,0.38339508,0
-2.6034081,1.7649798,-2.1423655,0.10318267,0.91780251,-0.38339508,0
4.0222406,1.7086335,2.0808568,0.85057408,-0.28123569,-0.44433102,0
-1.5242783,0.038073778,-4.3710709,-0.51563251,-0.28025874,-0.80967778,0
2.6002936,3.0112009,2.9715259,0.51563251,0.28025874,0.80967778,0
0.36083567,0.53735423,4.962842,-0.85057408,0.28123569,0.44433102,0
-2.1739416,-2.5884192,-1.4525354,-0.10318267,-0.91780251,0.38339508,0
-2.6938345,-2.3924403,-3.2593913,-0.51563251,-0.28025874,-0.80967778,0
0.81473148,-0.48640049,3.8430331,-0.10318267,-0.91780251,0.38339508,0
-3.8007133,0.7725141,-3.0210667,-0.85057408,0.28123569,0.44433102,0
-2.728318,-0.97486746,-3.6370149,-0.51563251,-0.28025874,-0.80967778,0
-0.49336636,-0.17691255,3.6601164,-0.85057408,0.28123569,0.44433102,0
-1.8538754,-0.69446373,1.5676794,-0.85057408,0.28123569,0.44433102,0
-0.33073056,0.34156334,3.3334303,-0.85057408,0.28123569,0.44433102,0
3.2128706,-1.3322697,2.5884049,-0.10318267,-0.91780251,0.38339508,0
-3.0337346,-0.032500267,-1.1912439,-0.85057408,0.28123569,0.44433102,0
-2.2599001,1.8206098,-1.7135562,0.10318267,0.91780251,-0.38339508,0
1.2068748,-0.74427396,3.6349671,-0.10318267,-0.91780251,0.38339508,0
2.9385433,-1.1918108,2.1085424,0.85057408,-0.28123569,-0.44433102,0
1.9731455,-0.76904213,4.1473002,-0.10318267,-0.91780251,0.38339508,0
1.6545255,-1.0876936,3.4328179,-0.10318267,-0.91780251,0.38339508,0
0.4276942,-2.3559265,-0.37730148,-0.10318267,-0.91780251,0.38339508,0
2.8102822,2.8715019,2.909771,0.51563251,0.28025874,0.80967778,0
2.4195745,-1.1015589,3.1732204,-0.10318267,-0.91780251,0.38339508,0
-1.2540102,-3.3235674,-3.6361046,-0.51563251,-0.28025874,-0.80967778,0
-3.8966126,-1.7377325,-2.6466861,-0.51563251,-0.28025874,-0.80967778,0
-1.5815544,-0.84316492,-4.4009204,-0.51563251,-0.28025874,-0.80967778,0
-3.0980396,0.20566297,-1.3323599,-0.85057408,0.28123569,0.44433102,0
-0.57608491,-1.7882942,-4.472959,-0.51563251,-0.28025874,-0.80967778,0
2.9814811,0.13184905,0.70381463,0.85057408,-0.28123569,-0.44433102,0
-1.895964,1.8675693,-1.3881257,0.10318267,0.91780251,-0.38339508,0
-1.6569607,-2.0207071,0.35870788,-0.10318267,-0.91780251,0.38339508,0
-1.0546498,-0.65617347,-4.4463582,-0.51563251,-0.28025874,-0.80967778,0
2.3426139,-0.14269805,4.1145029,0.51563251,0.28025874,0.80967778,0
-0.97294497,-0.78675246,-4.8649321,-0.51563251,-0.28025874,-0.80967778,0
4.0171719,1.1899949,2.2698469,0.85057408,-0.28123569,-0.44433102,0
0.80504179,-2.6240187,-1.5813205,0.85057408,-0.28123569,-0.44433102,0
-2.1834273,0.26075149,0.59860718,-0.85057408,0.28123569,0.44433102,0
-1.1328306,-2.4392695,-3.8702908,-0.51563251,-0.28025874,-0.80967778,0
-0.47818911,2.1450691,-0.70996994,0.10318267,0.91780251,-0.38339508,0
3.3947327,0.18782115,3.3159513,0.51563251,0.28025874,0.80967778,0
1.9759625,-0.39691925,-0.28323746,0.85057408,-0.28123569,-0.44433102,0
-2.9453928,0.3610692,-1.2501365,-0.85057408,0.28123569,0.44433102,0
-0.3985039,-1.8932844,0.99847907,-0.10318267,-0.91780251,0.38339508,0
0.044997215,3.1339598,2.4861903,0.10318267,0.91780251,-0.38339508,0
2.7962379,1.7705498,-0.6787774,0.85057408,-0.28123569,-0.44433102,0
-2.8628464,-0.39198411,-3.6611204,-0.51563251,-0.28025874,-0.80967778,0
-3.8454585,-1.9867064,-2.3817024,-0.51563251,-0.28025874,-0.80967778,0
-0.19151962,-3.0662346,-2.4062128,-0.10318267,-0.91780251,0.38339508,0
-0.19217026,-3.2054224,-2.7277687,-0.10318267,-0.91780251,0.38339508,0
-0.29717094,-2.9828901,-3.5693173,0.85057408,-0.28123569,-0.44433102,0
1.1056616,-1.1763542,2.616744,-0.10318267,-0.91780251,0.38339508,0
-1.9307281,-0.65703839,0.89542949,-0.85057408,0.28123569,0.44433102,0
-0.81998682,0.40560579,2.2766738,-0.85057408,0.28123569,0.44433102,0
-0.10515618,-0.59598374,4.2280664,-0.10318267,-0.91780251,0.38339508,0
-1.037667,1.5071573,-1.5999439,0.10318267,0.91780251,-0.38339508,0
-3.9254675,-1.825516,-2.5025914,-0.51563251,-0.28025874,-0.80967778,0
-1.1156888,-1.2839561,1.4349507,-0.10318267,-0.91780251,0.38339508,0
-4.3586454,-2.0561614,-2.2922616,-0.51563251,-0.28025874,-0.80967778,0
1.1821241,-0.17588311,4.7785316,-0.10318267,-0.91780251,0.38339508,0
1.0744103,0.43416315,-3.0311646,0.85057408,-0.28123569,-0.44433102,0
-3.67331,-0.66680646,-2.8703797,-0.51563251,-0.28025874,-0.80967778,0
1.8463491,-0.22376263,4.3188591,0.51563251,0.28025874,0.80967778,0
-0.12482667,1.3397422,-1.7389872,0.10318267,0.91780251,-0.38339508,0
2.1454937,-0.73462486,4.3007212,-0.10318267,-0.91780251,0.38339508,0
-0.8775838,0.43882602,2.7515073,-0.85057408,0.28123569,0.44433102,0
1.251707,-0.70034242,-1.9063703,0.85057408,-0.28123569,-0.44433102,0
-1.6271085,-3.0300124,-2.9783747,-0.10318267,-0.91780251,0.38339508,0
-1.9023257,-1.1610563,1.3719716,-0.85057408,0.28123569,0.44433102,0
1.6042757,-0.39273691,-0.94937015,0.85057408,-0.28123569,-0.44433102,0
-1.9716678,1.0644951,-2.9501979,0.10318267,0.91780251,-0.38339508,0
-0.60597539,1.7164794,-1.2363608,0.10318267,0.91780251,-0.38339508,0
0.22765052,2.7583494,3.4507966,-0.85057408,0.28123569,0.44433102,0
-3.1884327,0.60677814,-3.9720204,-0.51563251,-0.28025874,-0.80967778,0
1.8910094,-0.89963758,-0.58189911,0.85057408,-0.28123569,-0.44433102,0
1.5049357,3.162859,2.8500516,0.10318267,0.91780251,-0.38339508,0
-2.4520595,-0.99726182,0.53340822,-0.85057408,0.28123569,0.44433102,0
1.3022747,-2.3935273,0.13546586,-0.10318267,-0.91780251,0.38339508,0
-2.5926657,-1.2060302,-0.016608298,-0.85057408,0.28123569,0.44433102,0
-2.9724972,-1.3748314,-0.19887257,-0.85057408,0.28123569,0.44433102,0
-2.3948913,1.584566,-2.0691118,0.10318267,0.91780251,-0.38339508,0
-1.9710124,-1.023048,-4.1914616,-0.51563251,-0.28025874,-0.80967778,0
-0.87571573,-1.1803675,-4.5161753,-0.51563251,-0.28025874,-0.80967778,0
0.7558372,2.8856504,1.9485861,0.10318267,0.91780251,-0.38339508,0
-0.97487116,-2.7229121,-3.8865066,-0.51563251,-0.28025874,-0.80967778,0
-2.8708239,-2.7503557,-2.5555415,-0.51563251,-0.28025874,-0.80967778,0
2.2008207,0.88341832,-0.92850554,0.85057408,-0.28123569,-0.44433102,0
-1.3203759,-1.8861314,0.8253203,-0.10318267,-0.91780251,0.38339508,0
-0.5183351,-0.99469048,-4.8806782,-0.51563251,-0.28025874,-0.80967778,0
0.9074527,-1.3662963,2.1866717,-0.10318267,-0.91780251,0.38339508,0
0.033528686,-2.6605976,-1.5074303,-0.10318267,-0.91780251,0.38339508,0
1.8513163,-2.1146922,0.79861748,0.85057408,-0.28123569,-0.44433102,0
-0.59752333,-0.5634045,3.5526826,-0.10318267,-0.91780251,0.38339508,0
-0.72835124,-1.0206379,-4.8619795,-0.51563251,-0.28025874,-0.80967778,0
3.0898585,0.18801713,0.90911901,0.85057408,-0.28123569,-0.44433102,0
-3.9234877,-1.4754808,-2.5883343,-0.51563251,-0.28025874,-0.80967778,0
-1.8358486,0.086099029,-4.4759684,-0.51563251,-0.28025874,-0.80967778,0
0.95123315,-0.96133345,-2.3969815,0.85057408,-0.28123569,-0.44433102,0
0.64969492,-0.0013714731,4.952806,0.51563251,0.28025874,0.80967778,0
-2.9498134,-1.2240355,-3.1309676,-0.51563251,-0.28025874,-0.80967778,0
-4.1447225,-2.5182157,-1.6951052,-0.85057408,0.28123569,0.44433102,0
3.4859748,-0.69478178,3.539125,0.51563251,0.28025874,0.80967778,0
-3.7871673,-1.1301551,-2.9769256,-0.51563251,-0.28025874,-0.80967778,0
-2.6457248,-2.517293,-2.0121779,-0.10318267,-0.91780251,0.38339508,0
0.031263113,2.2112436,-0.18873371,0.10318267,0.91780251,-0.38339508,0
-0.20238042,-2.9371512,-1.9320509,-0.10318267,-0.91780251,0.38339508,0
-3.6517591,1.2097576,-3.6953328,0.10318267,0.91780251,-0.38339508,0
-0.9630506,0.10396904,2.1734393,-0.85057408,0.28123569,0.44433102,0
-2.7269173,-2.8987417,-2.7741227,-0.51563251,-0.28025874,-0.80967778,0
-1.5905246,-3.2828064,-3.5980422,-0.51563251,-0.28025874,-0.80967778,0
-0.62804401,1.1173416,-2.6538296,0.10318267,0.91780251,-0.38339508,0
-0.5500356,1.9210705,-0.57685554,0.10318267,0.91780251,-0.38339508,0
0.22782886,2.6828783,1.5347257,0.10318267,0.91780251,-0.38339508,0
3.0477364,-0.26785231,1.6697823,0.85057408,-0.28123569,-0.44433102,0
0.93745148,0.52152658,4.914649,0.51563251,0.28025874,0.80967778,0
-1.43433,1.0547074,-3.5944395,0.10318267,0.91780251,-0.38339508,0
1.2417102,0.26647949,4.5859523,0.51563251,0.28025874,0.80967778,0
3.2474377,-0.7563827,3.621644,0.51563251,0.28025874,0.80967778,0
1.9808654,-0.054068685,-0.72342014,0.85057408,-0.28123569,-0.44433102,0
-1.5713042,2.0414538,-0.71572202,0.10318267,0.91780251,-0.38339508,0
-0.71453321,-2.6848612,-3.9585631,-0.51563251,-0.28025874,-0.80967778,0
-2.6840405,1.2280374,-2.7125745,0.10318267,0.91780251,-0.38339508,0
1.485745,-1.3833181,2.0751467,-0.10318267,-0.91780251,0.38339508,0
-0.90164763,0.64355552,2.0621092,-0.85057408,0.28123569,0.44433102,0
-3.0838401,-2.9803193,-2.3970759,-0.10318267,-0.91780251,0.38339508,0
1.6549237,2.5651336,1.0366541,0.10318267,0.91780251,-0.38339508,0
2.3465676,-1.0333921,2.9699137,-0.10318267,-0.91780251,0.38339508,0
-0.81052172,-3.5589201,-3.2980959,-0.10318267,-0.91780251,0.38339508,0
-3.8090119,-0.21776652,-3.2431993,-0.51563251,-0.28025874,-0.80967778,0
0.057327509,2.966011,2.4156179,-0.85057408,0.28123569,0.44433102,0
2.6077085,2.7037485,2.8240695,0.51563251,0.28025874,0.80967778,0
1.7478368,-0.64306092,-0.8581385,0.85057408,-0.28123569,-0.44433102,0
4.3224363,2.0956509,2.1795301,0.85057408,-0.28123569,-0.44433102,0
-0.65935969,-1.7650023,0.64345109,-0.10318267,-0.91780251,0.38339508,0
-0.48234868,-0.97718799,2.6217873,-0.10318267,-0.91780251,0.38339508,0
1.7016485,1.8984091,3.7996356,0.51563251,0.28025874,0.80967778,0
1.385118,-0.44502652,4.2502785,-0.10318267,-0.91780251,0.38339508,0
0.1059134,0.93380958,-3.1899812,0.10318267,0.91780251,-0.38339508,0
-0.53977025,0.36350456,-4.9438457,0.10318267,0.91780251,-0.38339508,0
-0.096945405,1.5376613,-1.3303883,0.10318267,0.91780251,-0.38339508,0
3.8314598,1.8547413,2.3249979,0.51563251,0.28025874,0.80967778,0
3.2755127,-1.038904,2.7599003,0.85057408,-0.28123569,-0.44433102,0
-3.1263044,0.19101048,-1.7598746,-0.85057408,0.28123569,0.44433102,0
1.9764531,2.4259605,3.3769159,0.51563251,0.28025874,0.80967778,0
-3.5218589,-1.3876783,-2.5935559,-0.51563251,-0.28025874,-0.80967778,0
0.67557585,2.856488,1.4878422,0.10318267,0.91780251,-0.38339508,0
-2.6662979,0.22261381,-3.9055405,-0.51563251,-0.28025874,-0.80967778,0
-2.2068958,-2.7284625,-1.3999746,-0.10318267,-0.91780251,0.38339508,0
-1.870337,-2.3401408,-0.52104169,-0.10318267,-0.91780251,0.38339508,0
2.8586993,2.7503777,2.5441861,0.51563251,0.28025874,0.80967778,0
2.3663383,1.8548391,0.30246216,0.10318267,0.91780251,-0.38339508,0
-3.3206806,1.2017117,-3.08215,0.10318267,0.91780251,-0.38339508,0
0.4253453,-1.1629586,2.9838183,-0.10318267,-0.91780251,0.38339508,0
-3.7780981,-1.6923231,-2.3356242,-0.51563251,-0.28025874,-0.80967778,0
-3.6298652,0.30682683,-3.4503586,-0.51563251,-0.28025874,-0.80967778,0
-2.129137,-1.6144309,-3.7213778,-0.51563251,-0.28025874,-0.80967778,0
-0.48028493,-2.8466728,-1.5967985,-0.10318267,-0.91780251,0.38339508,0
2.5722618,-0.17375898,0.59762645,0.85057408,-0.28123569,-0.44433102,0
1.5303502,-2.1169589,0.61958152,-0.10318267,-0.91780251,0.38339508,0
-0.29975557,-0.82325137,3.3175428,-0.10318267,-0.91780251,0.38339508,0
2.7997465,0.92752481,3.6676896,0.51563251,0.28025874,0.80967778,0
-2.2238183,1.3287011,-2.8189807,0.10318267,0.91780251,-0.38339508,0
-1.3732603,-0.8657468,-4.2426062,-0.51563251,-0.28025874,-0.80967778,0
2.248704,2.9241123,2.5403118,0.10318267,0.91780251,-0.38339508,0
1.8196909,-1.3844643,2.9127374,-0.10318267,-0.91780251,0.38339508,0
-2.4868593,-2.023917,-3.5191345,-0.51563251,-0.28025874,-0.80967778,0
-0.13577116,2.4825504,2.6709311,-0.85057408,0.28123569,0.44433102,0
1.7198251,0.39615327,4.3725238,0.51563251,0.28025874,0.80967778,0
-3.7703412,-0.74059343,-1.9560668,-0.85057408,0.28123569,0.44433102,0
-2.5617208,-1.35112,0.08132714,-0.85057408,0.28123569,0.44433102,0
-2.2923014,1.7898518,-1.2325056,-0.85057408,0.28123569,0.44433102,0
1.6281693,-0.72495401,-0.62491906,0.85057408,-0.28123569,-0.44433102,0
3.4636643,2.6282568,2.6629176,0.51563251,0.28025874,0.80967778,0
1.2330134,-1.6283818,-1.2848164,0.85057408,-0.28123569,-0.44433102,0
-0.035836816,-2.5600891,-1.061415,-0.10318267,-0.91780251,0.38339508,0
1.5497054,0.68234545,-2.2392118,0.85057408,-0.28123569,-0.44433102,0
-1.0462036,-1.6258206,-4.0953078,-0.51563251,-0.28025874,-0.80967778,0
0.14061001,2.2770164,3.2561295,-0.85057408,0.28123569,0.44433102,0
-0.80070066,1.9178488,-1.1839926,0.10318267,0.91780251,-0.38339508,0
2.68048,2.7513754,2.2007484,0.10318267,0.91780251,-0.38339508,0
3.3931642,0.80837691,1.5415074,0.85057408,-0.28123569,-0.44433102,0
2.0213828,-1.6789857,0.29135728,0.85057408,-0.28123569,-0.44433102,0
2.3921599,3.1199582,2.5034425,0.10318267,0.91780251,-0.38339508,0
-1.7697034,-3.0485635,-2.4299095,-0.10318267,-0.91780251,0.38339508,0
-1.425081,-0.021634817,1.9758033,-0.85057408,0.28123569,0.44433102,0
-0.81757712,1.5513625,-2.1664829,0.10318267,0.91780251,-0.38339508,0
3.8569384,1.1730629,2.6403925,0.51563251,0.28025874,0.80967778,0
-3.6207843,-0.22879577,-2.9596362,-0.51563251,-0.28025874,-0.80967778,0
-0.88408315,-2.2858901,-0.27995268,-0.10318267,-0.91780251,0.38339508,0
0.1102314,-0.4234699,4.6906967,-0.10318267,-0.91780251,0.38339508,0
-0.26874554,-3.0271513,-2.6116366,-0.10318267,-0.91780251,0.38339508,0
-2.1335003,0.40919268,-4.5411882,-0.51563251,-0.28025874,-0.80967778,0
1.6152561,0.88039017,4.0680776,0.51563251,0.28025874,0.80967778,0
1.1848766,2.0946198,0.13414274,0.10318267,0.91780251,-0.38339508,0
-2.1840463,-0.79327571,0.56946397,-0.85057408,0.28123569,0.44433102,0
1.1523731,0.7799049,-2.4246852,0.85057408,-0.28123569,-0.44433102,0
-2.7555637,0.74577212,-1.1229274,-0.85057408,0.28123569,0.44433102,0
0.46271646,0.20573485,-4.0913715,0.85057408,-0.28123569,-0.44433102,0
2.171196,2.3043509,0.66045564,0.10318267,0.91780251,-0.38339508,0
-0.40685058,2.5555058,0.67971611,0.10318267,0.91780251,-0.38339508,0
1.35706,-1.4132607,2.3475354,-0.10318267,-0.91780251,0.38339508,0
-2.2944202,1.423133,-0.46795535,-0.85057408,0.28123569,0.44433102,0
3.1705821,-1.0970426,3.0439398,-0.10318267,-0.91780251,0.38339508,0
-1.6464131,0.13974833,-4.7844987,-0.51563251,-0.28025874,-0.80967778,0
1.2975303,3.0255389,3.7594123,0.51563251,0.28025874,0.80967778,0
-3.9207006,-0.51304483,-2.3615654,-0.85057408,0.28123569,0.44433102,0
2.4531665,3.173502,2.8830056,0.10318267,0.91780251,-0.38339508,0
3.37042,2.4625986,1.4601254,0.10318267,0.91780251,-0.38339508,0
-0.23900634,0.76511973,3.3831642,-0.85057408,0.28123569,0.44433102,0
1.5180032,0.4461385,-1.5964807,0.85057408,-0.28123569,-0.44433102,0
-2.048583,-0.62833369,-4.1320415,-0.51563251,-0.28025874,-0.80967778,0
1.1717198,-0.87633234,3.1345847,-0.10318267,-0.91780251,0.38339508,0
2.6580362,2.6635575,2.9401424,0.51563251,0.28025874,0.80967778,0
2.1957979,-1.6580316,2.2070045,-0.10318267,-0.91780251,0.38339508,0
3.3713846,-0.93510175,2.1678505,0.85057408,-0.28123569,-0.44433102,0
-1.1279823,-2.0872893,-0.10103133,-0.10318267,-0.91780251,0.38339508,0
0.51515317,0.67100972,-3.6311812,0.10318267,0.91780251,-0.38339508,0
-0.76898658,-2.2819319,-0.33105427,-0.10318267,-0.91780251,0.38339508,0
-3.9066243,-1.3848733,-2.1730285,-0.85057408,0.28123569,0.44433102,0
1.3890688,1.2138131,-2.0565562,0.10318267,0.91780251,-0.38339508,0
-1.2679379,-2.4843338,-3.9760327,-0.51563251,-0.28025874,-0.80967778,0
2.9417746,1.3880012,3.0180402,0.51563251,0.28025874,0.80967778,0
-1.6508423,-0.51727647,1.7360436,-0.85057408,0.28123569,0.44433102,0
1.6204911,2.2484162,0.90717804,0.10318267,0.91780251,-0.38339508,0
0.80115581,0.39408877,-3.2191789,0.85057408,-0.28123569,-0.44433102,0
1.6685576,2.5336974,3.6265171,0.51563251,0.28025874,0.80967778,0
-2.6033447,-2.7347174,-1.6802359,-0.10318267,-0.91780251,0.38339508,0
1.832496,-1.4661719,-0.077052414,0.85057408,-0.28123569,-0.44433102,0
-1.2901622,1.2442166,1.5609894,-0.85057408,0.28123569,0.44433102,0
1.9322333,0.51879501,3.9481823,0.51563251,0.28025874,0.80967778,0
1.1885517,1.8206093,4.0627246,0.51563251,0.28025874,0.80967778,0
0.79016399,3.0232182,3.6844039,-0.85057408,0.28123569,0.44433102,0
0.065147042,-2.3709161,-0.2471862,-0.10318267,-0.91780251,0.38339508,0
2.1713715,1.040711,3.7528331,0.51563251,0.28025874,0.80967778,0
-2.6292844,0.048544765,-3.7432697,-0.51563251,-0.28025874,-0.80967778,0
2.8704042,0.38596177,3.5442548,0.51563251,0.28025874,0.80967778,0
2.9324985,0.38048506,3.4631743,0.51563251,0.28025874,0.80967778,0
2.2546854,-0.51365948,0.36441541,0.85057408,-0.28123569,-0.44433102,0
-1.5141506,-2.5490067,-3.5475814,-0.51563251,-0.28025874,-0.80967778,0
2.3286016,-1.8347697,1.0228987,0.85057408,-0.28123569,-0.44433102,0
3.1489758,2.4488122,2.6552556,0.51563251,0.28025874,0.80967778,0
2.8638778,1.10488,0.20269156,0.85057408,-0.28123569,-0.44433102,0
-3.5706751,-1.9334273,-2.5673604,-0.51563251,-0.28025874,-0.80967778,0
3.1467443,0.070219517,1.1104943,0.85057408,-0.28123569,-0.44433102,0
3.4882355,-0.61319327,3.5401862,0.51563251,0.28025874,0.80967778,0
0.48983812,1.0156579,-2.4138629,0.10318267,0.91780251,-0.38339508,0
0.64861345,1.0682274,-2.3709786,0.10318267,0.91780251,-0.38339508,0
0.35133758,1.5059515,4.5066261,-0.85057408,0.28123569,0.44433102,0
-3.7564025,-2.6977661,-1.9949006,-0.51563251,-0.28025874,-0.80967778,0
-3.4039388,-2.7001176,-1.8450658,-0.10318267,-0.91780251,0.38339508,0
3.5212021,1.0869846,1.9741459,0.85057408,-0.28123569,-0.44433102,0
-2.3014092,0.88648319,-4.1304269,0.10318267,0.91780251,-0.38339508,0
-3.5341935,0.75282407,-2.7581677,-0.85057408,0.28123569,0.44433102,0
0.97279727,2.7005665,3.9497352,0.51563251,0.28025874,0.80967778,0
3.7720971,2.4647915,2.5253844,0.51563251,0.28025874,0.80967778,0
1.8481452,2.4209194,3.6021423,0.51563251,0.28025874,0.80967778,0
-0.66669261,-2.7120023,-1.4093125,-0.10318267,-0.91780251,0.38339508,0
-3.2908497,0.89122891,-2.3507352,-0.85057408,0.28123569,0.44433102,0
-0.78438568,1.5577581,-2.1466069,0.10318267,0.91780251,-0.38339508,0
3.8236868,0.035238504,2.6116924,0.85057408,-0.28123569,-0.44433102,0
-3.1551261,0.70652127,-3.7607021,-0.51563251,-0.28025874,-0.80967778,0
0.25967634,3.5089939,2.7375345,-0.85057408,0.28123569,0.44433102,0
3.9137144,0.88316941,2.6308155,0.85057408,-0.28123569,-0.44433102,0
3.9101028,1.6499376,2.4976459,0.51563251,0.28025874,0.80967778,0
0.81922686,-0.21856442,4.9398613,0.51563251,0.28025874,0.80967778,0
3.9392805,2.5258083,2.2700777,0.51563251,0.28025874,0.80967778,0
-3.0134735,0.28676343,-3.9115996,-0.51563251,-0.28025874,-0.80967778,0
2.0206778,-1.6188616,1.5602655,-0.10318267,-0.91780251,0.38339508,0
-1.902967,-2.5376301,-1.2203615,-0.10318267,-0.91780251,0.38339508,0
2.0045428,-0.97465169,3.1980433,-0.10318267,-0.91780251,0.38339508,0
2.6198282,0.26638949,3.7921681,0.51563251,0.28025874,0.80967778,0
-2.4726048,-0.72625613,-0.20939505,-0.85057408,0.28123569,0.44433102,0
-2.2928059,-2.0104415,0.05593425,-0.10318267,-0.91780251,0.38339508,0
-1.7052735,0.38902843,-4.7159319,-0.51563251,-0.28025874,-0.80967778,0
1.2663311,-1.8456502,1.0293274,-0.10318267,-0.91780251,0.38339508,0
1.9684985,2.2419271,3.3089426,0.51563251,0.28025874,0.80967778,0
0.86692816,-1.1868088,-1.7886864,0.85057408,-0.28123569,-0.44433102,0
0.34291089,-1.6611153,-2.6940541,0.85057408,-0.28123569,-0.44433102,0
3.1601303,-0.49184346,1.5352035,0.85057408,-0.28123569,-0.44433102,0
-1.5749085,-0.050100684,-4.6829915,-0.51563251,-0.28025874,-0.80967778,0
3.7790942,0.67382073,2.6348956,0.85057408,-0.28123569,-0.44433102,0
-3.3856287,0.49655557,-1.8867068,-0.85057408,0.28123569,0.44433102,0
1.3386306,-1.4045591,-1.4919343,0.85057408,-0.28123569,-0.44433102,0
-0.91658849,1.2196021,-2.4452152,0.10318267,0.91780251,-0.38339508,0
0.81368327,-0.6733582,-2.6353164,0.85057408,-0.28123569,-0.44433102,0
-2.9782963,-0.29959989,-1.2339722,-0.85057408,0.28123569,0.44433102,0
3.0962055,-1.3565056,2.3602562,-0.10318267,-0.91780251,0.38339508,0
-2.7222309,-2.6852198,-1.7456791,-0.10318267,-0.91780251,0.38339508,0
2.4705176,1.6267225,-0.72697741,0.10318267,0.91780251,-0.38339508,0
2.3277278,1.3920674,-0.63618684,0.85057408,-0.28123569,-0.44433102,0
-2.3572891,0.16512537,-3.9744253,-0.51563251,-0.28025874,-0.80967778,0
3.1165531,0.67450345,1.1156193,0.85057408,-0.28123569,-0.44433102,0
0.50141084,-1.4465216,2.3425136,-0.10318267,-0.91780251,0.38339508,0
-0.080753505,-2.6462002,-2.8075864,0.85057408,-0.28123569,-0.44433102,0
-0.3326478,2.1820934,-0.12324658,0.10318267,0.91780251,-0.38339508,0
-2.7804263,-2.2157049,-0.3971715,-0.10318267,-0.91780251,0.38339508,0
1.1470259,1.6266809,4.2207146,0.51563251,0.28025874,0.80967778,0
0.33186799,1.9629704,4.0271292,-0.85057408,0.28123569,0.44433102,0
-3.5284548,0.52816606,-3.4550233,-0.51563251,-0.28025874,-0.80967778,0
-2.7713804,0.25162005,-1.3067154,-0.85057408,0.28123569,0.44433102,0
3.6345012,1.3972559,2.636219,0.51563251,0.28025874,0.80967778,0
2.8554213,0.35292172,0.55439901,0.85057408,-0.28123569,-0.44433102,0
1.0564371,3.6372876,3.6748168,0.51563251,0.28025874,0.80967778,0
-2.0653832,0.17334187,-4.4893022,-0.51563251,-0.28025874,-0.80967778,0
-2.8596525,0.40309668,-3.7182169,-0.51563251,-0.28025874,-0.80967778,0
2.5288067,2.7031484,2.8807375,0.51563251,0.28025874,0.80967778,0
-0.17021871,-0.52582121,3.9319994,-0.10318267,-0.91780251,0.38339508,0
-0.74118078,0.716061,-4.0146599,0.10318267,0.91780251,-0.38339508,0
-2.2563214,0.54655123,0.22018689,-0.85057408,0.28123569,0.44433102,0
0.62681496,-0.18149316,4.7818565,-0.10318267,-0.91780251,0.38339508,0
0.63365304,2.2927444,-0.046972997,0.10318267,0.91780251,-0.38339508,0
-3.4833527,0.10794497,-3.4976938,-0.51563251,-0.28025874,-0.80967778,0
1.1005932,1.3302033,-1.5298613,0.10318267,0.91780251,-0.38339508,0
2.6582959,-0.93075895,3.9833755,-0.10318267,-0.91780251,0.38339508,0
1.0989404,0.29047596,4.9888377,0.51563251,0.28025874,0.80967778,0
1.1895387,1.6614721,-0.91428399,0.10318267,0.91780251,-0.38339508,0
-0.43929112,-2.1450169,0.16450578,-0.10318267,-0.91780251,0.38339508,0
0.66143322,-0.80771905,3.9497499,-0.10318267,-0.91780251,0.38339508,0
-3.1122718,0.66823578,-2.3018165,-0.85057408,0.28123569,0.44433102,0
0.61463845,1.3999631,-1.3339947,0.10318267,0.91780251,-0.38339508,0
-1.5194159,0.71780574,1.549881,-0.85057408,0.28123569,0.44433102,0
3.032778,0.6986618,3.5251832,0.51563251,0.28025874,0.80967778,0
-2.2863755,-2.3175488,-3.3139329,-0.51563251,-0.28025874,-0.80967778,0
-2.1496978,-2.288753,-0.49683559,-0.10318267,-0.91780251,0.38339508,0
-2.8086579,-0.76911366,-3.6679721,-0.51563251,-0.28025874,-0.80967778,0
-0.26324618,2.638088,0.71569359,0.10318267,0.91780251,-0.38339508,0
-3.7367764,0.23860693,-3.1811309,-0.51563251,-0.28025874,-0.80967778,0
1.0084819,3.0685432,2.7619269,0.10318267,0.91780251,-0.38339508,0
3.7412584,-1.0879943,3.0646729,0.85057408,-0.28123569,-0.44433102,0
0.67840576,2.776052,1.2880555,0.10318267,0.91780251,-0.38339508,0
-2.5708652,-1.8925784,-0.11404753,-0.10318267,-0.91780251,0.38339508,0
1.6492908,-1.4977975,-0.67480731,0.85057408,-0.28123569,-0.44433102,0
-0.71656322,-1.0822642,2.1888313,-0.10318267,-0.91780251,0.38339508,0
0.32422197,2.4837425,0.39417267,0.10318267,0.91780251,-0.38339508,0
-0.75706434,2.1388338,-0.65023381,0.10318267,0.91780251,-0.38339508,0
-0.46951127,-1.7383726,-4.5630484,-0.51563251,-0.28025874,-0.80967778,0
3.8437397,0.043214321,2.8031354,0.85057408,-0.28123569,-0.44433102,0
-1.5366991,-3.412123,-3.105603,-0.10318267,-0.91780251,0.38339508,0
-3.0285163,0.66270638,-3.9811003,-0.51563251,-0.28025874,-0.80967778,0
0.77124941,3.6092849,3.8327165,0.51563251,0.28025874,0.80967778,0
-0.93602157,-3.3220136,-3.3951929,-0.10318267,-0.91780251,0.38339508,0
-2.0772197,0.42946386,-4.1564617,-0.51563251,-0.28025874,-0.80967778,0
0.40605995,-1.6689401,-2.5803981,0.85057408,-0.28123569,-0.44433102,0
-1.5180135,-2.5396984,-1.3460048,-0.10318267,-0.91780251,0.38339508,0
-0.9415319,0.5642038,-4.4421563,0.10318267,0.91780251,-0.38339508,0
0.48994279,-0.41656089,4.4633431,-0.10318267,-0.91780251,0.38339508,0
2.0890613,0.3925662,3.9409225,0.51563251,0.28025874,0.80967778,0
-0.50304198,-1.7261193,1.1925191,-0.10318267,-0.91780251,0.38339508,0
1.9214189,-1.011314,0.13135511,0.85057408,-0.28123569,-0.44433102,0
-0.5687843,1.9079711,2.188077,-0.85057408,0.28123569,0.44433102,0
-1.4589889,1.777341,0.32644925,-0.85057408,0.28123569,0.44433102,0
-1.0473592,-1.2805429,1.6636569,-0.10318267,-0.91780251,0.38339508,0
-0.54926336,-0.51163101,-5.0422525,-0.51563251,-0.28025874,-0.80967778,0
-0.42079693,1.6885538,2.5680454,-0.85057408,0.28123569,0.44433102,0
3.1458983,0.22719049,3.6029632,0.51563251,0.28025874,0.80967778,0
2.2597852,3.1316273,3.1801648,0.51563251,0.28025874,0.80967778,0
2.1615512,2.5646684,3.253427,0.51563251,0.28025874,0.80967778,0
2.9206581,0.93335342,3.3264964,0.51563251,0.28025874,0.80967778,0
-0.92194575,-2.1134906,-4.2383628,-0.51563251,-0.28025874,-0.80967778,0
-3.5725074,-1.614825,-2.9647751,-0.51563251,-0.28025874,-0.80967778,0
0.68432409,2.5314028,4.0359159,-0.85057408,0.28123569,0.44433102,0
1.4380746,-1.9255353,-0.52939779,0.85057408,-0.28123569,-0.44433102,0
0.19645357,-2.3375487,-0.20188816,-0.10318267,-0.91780251,0.38339508,0
-0.66305333,1.3025467,2.4991601,-0.85057408,0.28123569,0.44433102,0
-1.270524,-0.078075886,1.9160486,-0.85057408,0.28123569,0.44433102,0
-0.415344,-0.14493509,-5.299623,0.10318267,0.91780251,-0.38339508,0
0.38413155,1.4933127,-1.2257882,0.10318267,0.91780251,-0.38339508,0
3.0293617,-0.031447649,3.5954947,0.51563251,0.28025874,0.80967778,0
2.6674299,2.7818718,1.9977524,0.10318267,0.91780251,-0.38339508,0
1.2689614,2.7491138,1.6050712,0.10318267,0.91780251,-0.38339508,0
-3.2212546,1.0837324,-2.7708726,-0.85057408,0.28123569,0.44433102,0
-0.029576123,2.6265643,3.2158012,-0.85057408,0.28123569,0.44433102,0
-1.3770146,-2.637816,-3.635478,-0.51563251,-0.28025874,-0.80967778,0
-2.1995013,1.0303888,-2.9605932,0.10318267,0.91780251,-0.38339508,0
2.6249475,2.8909619,2.4362016,0.10318267,0.91780251,-0.38339508,0
2.1494734,0.95977926,-0.80630779,0.85057408,-0.28123569,-0.44433102,0
1.3434049,0.75443208,-2.3932278,0.85057408,-0.28123569,-0.44433102,0
1.6986564,1.3571936,-1.0714831,0.10318267,0.91780251,-0.38339508,0
3.7025054,-0.54540849,3.3662181,0.51563251,0.28025874,0.80967778,0
-3.1628695,0.47621226,-3.56532,-0.51563251,-0.28025874,-0.80967778,0
-1.1722214,-1.0107239,2.40413,-0.10318267,-0.91780251,0.38339508,0
0.51552337,-0.42423767,-3.1081445,0.85057408,-0.28123569,-0.44433102,0
1.0646331,-0.92983985,3.2804692,-0.10318267,-0.91780251,0.38339508,0
-0.39150858,1.36259,2.8691542,-0.85057408,0.28123569,0.44433102,0
-3.5480049,0.2977953,-3.5086489,-0.51563251,-0.28025874,-0.80967778,0
0.049521923,0.84313428,-3.3061922,0.10318267,0.91780251,-0.38339508,0
-2.3343616,0.14736068,-4.2775745,-0.51563251,-0.28025874,-0.80967778,0
-0.75576794,1.0710402,2.767446,-0.85057408,0.28123569,0.44433102,0
0.83709157,2.9892051,2.4413555,0.10318267,0.91780251,-0.38339508,0
0.11094463,-3.031956,-2.5625052,0.85057408,-0.28123569,-0.44433102,0
-2.6132529,-1.9893095,-3.3341455,-0.51563251,-0.28025874,-0.80967778,0
-2.3894427,1.1453956,-2.6428671,0.10318267,0.91780251,-0.38339508,0
-0.85819471,0.0089428723,-5.2530675,-0.51563251,-0.28025874,-0.80967778,0
-3.4578543,-2.4853458,-2.4926143,-0.51563251,-0.28025874,-0.80967778,0
2.0473466,1.9297166,3.771584,0.51563251,0.28025874,0.80967778,0
-1.4785255,-2.4785542,-3.9824862,-0.51563251,-0.28025874,-0.80967778,0
3.5535502,0.14590406,2.2154727,0.85057408,-0.28123569,-0.44433102,0
1.1879938,2.6312594,3.8980579,0.51563251,0.28025874,0.80967778,0
2.4088402,1.7062846,-0.53442621,0.10318267,0.91780251,-0.38339508,0
-1.2778827,2.1302552,0.81562728,-0.85057408,0.28123569,0.44433102,0
-0.29318559,-1.1964829,2.0933328,-0.10318267,-0.91780251,0.38339508,0
3.8660514,-0.38322806,3.2531276,0.51563251,0.28025874,0.80967778,0
-1.8788366,1.7004985,-1.5058122,0.10318267,0.91780251,-0.38339508,0
-1.0809036,-2.3597131,-4.1206698,-0.51563251,-0.28025874,-0.80967778,0
-2.4992192,1.5019641,-1.8083323,0.10318267,0.91780251,-0.38339508,0
-1.5527288,-0.84230232,2.3009157,-0.85057408,0.28123569,0.44433102,0
-0.86780161,-1.7789245,-4.4903474,-0.51563251,-0.28025874,-0.80967778,0
-2.3626623,-2.547426,-1.5110846,-0.10318267,-0.91780251,0.38339508,0
4.1622381,2.0641632,2.3984649,0.51563251,0.28025874,0.80967778,0
0.21029365,-0.71954316,3.9157588,-0.10318267,-0.91780251,0.38339508,0
2.2084689,0.30343008,3.9361138,0.51563251,0.28025874,0.80967778,0
3.1347132,1.5960408,0.52902579,0.85057408,-0.28123569,-0.44433102,0
1.6810765,0.047250867,-1.5434341,0.85057408,-0.28123569,-0.44433102,0
-1.3556023,-0.54838449,-4.4458389,-0.51563251,-0.28025874,-0.80967778,0
-2.1818824,-2.3835104,-3.4592748,-0.51563251,-0.28025874,-0.80967778,0
0.17358816,-1.8916099,0.7663247,-0.10318267,-0.91780251,0.38339508,0
0.95259029,-1.5765384,1.6904352,-0.10318267,-0.91780251,0.38339508,0
-3.9260616,0.81347132,-3.4830532,-0.51563251,-0.28025874,-0.80967778,0
3.8062568,1.056137,2.0439372,0.85057408,-0.28123569,-0.44433102,0
1.4053686,1.4093616,-1.5418057,0.10318267,0.91780251,-0.38339508,0
-1.4279745,1.1032857,-2.7997694,0.10318267,0.91780251,-0.38339508,0
2.2977049,0.95002323,-0.85077477,0.85057408,-0.28123569,-0.44433102,0
-1.0096732,-1.5104872,0.83012342,-0.10318267,-0.91780251,0.38339508,0
-3.3238635,-2.8914485,-2.2166352,-0.10318267,-0.91780251,0.38339508,0
2.0552197,-0.53955698,-0.64800388,0.85057408,-0.28123569,-0.44433102,0
0.63504243,3.225318,2.2478185,0.10318267,0.91780251,-0.38339508,0
2.7519736,-0.57890439,0.81340802,0.85057408,-0.28123569,-0.44433102,0
-3.2823153,-2.2022893,-2.8091693,-0.51563251,-0.28025874,-0.80967778,0
-1.6443766,-3.2900157,-2.7000568,-0.10318267,-0.91780251,0.38339508,0
-3.307425,0.25559926,-3.3621068,-0.51563251,-0.28025874,-0.80967778,0
2.8664918,-0.53825641,1.1352276,0.85057408,-0.28123569,-0.44433102,0
3.1368115,0.53008866,3.3451729,0.51563251,0.28025874,0.80967778,0
1.7903383,0.5230847,4.3505201,0.51563251,0.28025874,0.80967778,0
3.7882392,-0.79156733,3.4237916,0.51563251,0.28025874,0.80967778,0
-1.4647684,1.543175,-1.574513,0.10318267,0.91780251,-0.38339508,0
-2.0186951,-2.5730209,-3.2869556,-0.51563251,-0.28025874,-0.80967778,0
-0.78361237,-2.2899718,-4.4896178,-0.51563251,-0.28025874,-0.80967778,0
0.79538333,0.3871792,-3.1578662,0.85057408,-0.28123569,-0.44433102,0
0.6650039,-1.1137886,-2.5715821,0.85057408,-0.28123569,-0.44433102,0
3.5991445,2.0866163,2.7748694,0.51563251,0.28025874,0.80967778,0
-0.005816102,0.14712982,-4.3758154,0.85057408,-0.28123569,-0.44433102,0
1.5923545,1.5527103,4.1796141,0.51563251,0.28025874,0.80967778,0
0.10325682,2.9797006,2.2898533,0.10318267,0.91780251,-0.38339508,0
1.1917008,3.0012383,2.1029792,0.10318267,0.91780251,-0.38339508,0
-0.90621239,-0.64912128,-4.9754477,-0.51563251,-0.28025874,-0.80967778,0
3.8550715,-0.43015051,3.4017549,0.51563251,0.28025874,0.80967778,0
0.35191667,-2.6271422,-1.7902117,0.85057408,-0.28123569,-0.44433102,0
-2.7976146,-0.090328455,-3.7160192,-0.51563251,-0.28025874,-0.80967778,0
-1.3188659,-2.0822697,-3.8713882,-0.51563251,-0.28025874,-0.80967778,0
1.3009472,-1.9621787,0.57513994,-0.10318267,-0.91780251,0.38339508,0
3.0211613,1.6893351,3.0794101,0.51563251,0.28025874,0.80967778,0
-0.11697125,-1.1064116,2.058892,-0.10318267,-0.91780251,0.38339508,0
-2.4554646,0.18555641,-0.17833757,-0.85057408,0.28123569,0.44433102,0
2.4929242,-1.3621261,1.1848139,0.85057408,-0.28123569,-0.44433102,0
2.6556766,-1.1927538,3.1151147,-0.10318267,-0.91780251,0.38339508,0
3.9340611,2.0914872,1.9322993,0.85057408,-0.28123569,-0.44433102,0
1.0412277,1.92107,0.16570756,0.10318267,0.91780251,-0.38339508,0
0.8482002,-2.3273821,-1.490602,0.85057408,-0.28123569,-0.44433102,0
0.082358599,-2.0757108,-3.1166248,0.85057408,-0.28123569,-0.44433102,0
3.0681603,2.8507657,2.3273082,0.10318267,0.91780251,-0.38339508,0
2.6963706,2.5636806,1.2684934,0.10318267,0.91780251,-0.38339508,0
3.8685095,0.61630797,2.8499603,0.51563251,0.28025874,0.80967778,0
2.0400684,1.4172909,-1.2992852,0.10318267,0.91780251,-0.38339508,0
-0.61604464,-2.8058093,-1.8211738,-0.10318267,-0.91780251,0.38339508,0
1.1657645,3.1621015,3.7893043,0.51563251,0.28025874,0.80967778,0
0.79988188,1.2705063,4.3756132,0.51563251,0.28025874,0.80967778,0
-1.9274817,-0.97148919,1.3935226,-0.85057408,0.28123569,0.44433102,0
-3.5814893,0.10006285,-2.6973894,-0.85057408,0.28123569,0.44433102,0
1.1048491,-0.16051257,-2.4314878,0.85057408,-0.28123569,-0.44433102,0
-1.5358144,1.1268524,0.40009332,-0.85057408,0.28123569,0.44433102,0
2.6424685,0.56140625,3.7776277,0.51563251,0.28025874,0.80967778,0
1.0803993,0.28817025,4.6351786,0.51563251,0.28025874,0.80967778,0
3.1674337,-0.94607949,2.4769995,0.85057408,-0.28123569,-0.44433102,0
-3.2589364,-0.81084561,-3.3953152,-0.51563251,-0.28025874,-0.80967778,0
1.6163428,3.077323,3.6134012,0.51563251,0.28025874,0.80967778,0
3.6982079,-0.24605989,3.2972443,0.51563251,0.28025874,0.80967778,0
-1.0597609,-0.18762219,2.6922734,-0.85057408,0.28123569,0.44433102,0
-0.90036547,-0.23330069,3.0482392,-0.85057408,0.28123569,0.44433102,0
-1.289678,-3.1101749,-2.8797011,-0.10318267,-0.91780251,0.38339508,0
3.0344667,2.0238082,2.9386396,0.51563251,0.28025874,0.80967778,0
-2.8969393,-0.3115325,-3.3878236,-0.51563251,-0.28025874,-0.80967778,0
-0.38893592,0.4724654,-4.4932852,0.10318267,0.91780251,-0.38339508,0
-0.55787706,-0.75625443,3.6803055,-0.10318267,-0.91780251,0.38339508,0
1.9042659,3.057466,3.4871683,0.51563251,0.28025874,0.80967778,0
-2.7400963,-0.83557594,-3.5909162,-0.51563251,-0.28025874,-0.80967778,0
-3.4033494,-2.6525481,-2.3334799,-0.10318267,-0.91780251,0.38339508,0
-1.5330153,0.95365214,-3.6506283,0.10318267,0.91780251,-0.38339508,0
-3.8609557,-0.099487305,-2.8972845,-0.51563251,-0.28025874,-0.80967778,0
2.841763,-0.33709288,0.84479642,0.85057408,-0.28123569,-0.44433102,0
-0.81903124,-2.2627997,-4.3532233,0.85057408,-0.28123569,-0.44433102,0
-3.5921874,0.60606766,-2.6738424,-0.85057408,0.28123569,0.44433102,0
3.1374314,2.7332201,2.173605,0.10318267,0.91780251,-0.38339508,0
3.7409902,0.92861426,2.3831124,0.85057408,-0.28123569,-0.44433102,0
-3.5061004,-0.37322521,-1.6303952,-0.85057408,0.28123569,0.44433102,0
2.221698,1.7370942,-0.43734109,0.10318267,0.91780251,-0.38339508,0
-1.6001391,-1.9525723,-3.6774087,-0.51563251,-0.28025874,-0.80967778,0
-3.0177622,1.4850428,-2.2347248,0.10318267,0.91780251,-0.38339508,0
3.2246561,-1.3862705,2.5593762,0.85057408,-0.28123569,-0.44433102,0
-2.8301203,-2.1798623,-0.61447942,-0.10318267,-0.91780251,0.38339508,0
-3.0351393,-0.5408529,-0.64557016,-0.85057408,0.28123569,0.44433102,0
1.8286015,1.6682826,3.7070758,0.51563251,0.28025874,0.80967778,0
3.3817475,1.7894115,2.9200807,0.51563251,0.28025874,0.80967778,0
-0.20355812,1.392579,2.8301396,-0.85057408,0.28123569,0.44433102,0
-0.18448502,-2.4734333,-3.1799967,0.85057408,-0.28123569,-0.44433102,0
-2.2071569,-0.40050018,0.61506552,-0.85057408,0.28123569,0.44433102,0
0.11195558,1.0566697,3.9671826,-0.85057408,0.28123569,0.44433102,0
-1.1551919,-2.4948354,-4.1339021,-0.51563251,-0.28025874,-0.80967778,0
-2.7045913,0.22413874,-3.7801354,-0.51563251,-0.28025874,-0.80967778,0
-0.81251049,-3.6519508,-3.7005208,-0.51563251,-0.28025874,-0.80967778,0
2.3012776,2.9598544,2.4099269,0.10318267,0.91780251,-0.38339508,0
0.3101027,3.3520935,2.9631755,-0.85057408,0.28123569,0.44433102,0
-2.9518442,-2.0235779,-3.1814113,-0.51563251,-0.28025874,-0.80967778,0
-3.8921723,-1.8540837,-2.1928787,-0.51563251,-0.28025874,-0.80967778,0
3.873075,2.1070175,2.2409282,0.51563251,0.28025874,0.80967778,0
-0.53981864,-0.21307799,3.7419991,-0.85057408,0.28123569,0.44433102,0
-3.4105668,-0.7234298,-3.2201862,-0.51563251,-0.28025874,-0.80967778,0
-2.6975453,-1.3137696,-3.1430244,-0.51563251,-0.28025874,-0.80967778,0
-3.1609175,-1.9031173,-0.69995248,-0.85057408,0.28123569,0.44433102,0
3.7974172,2.4430823,1.551067,0.85057408,-0.28123569,-0.44433102,0
0.72728622,1.647516,4.5651937,0.51563251,0.28025874,0.80967778,0
-0.13950598,0.0645888,-4.4964557,0.85057408,-0.28123569,-0.44433102,0
2.5664406,-1.3834815,1.6931106,0.85057408,-0.28123569,-0.44433102,0
-2.0717666,1.9725477,-0.45245314,-0.85057408,0.28123569,0.44433102,0
1.6203204,0.079527617,-1.3910481,0.85057408,-0.28123569,-0.44433102,0
0.62572742,2.8061137,1.5782609,0.10318267,0.91780251,-0.38339508,0
0.38966453,-1.7728006,1.3223448,-0.10318267,-0.91780251,0.38339508,0
2.0328598,-0.1784271,4.3068342,0.51563251,0.28025874,0.80967778,0
2.7140348,0.1848141,3.5999954,0.51563251,0.28025874,0.80967778,0
-0.11695516,3.1143789,2.5832598,-0.85057408,0.28123569,0.44433102,0
-0.82697141,-1.9154094,-4.2300272,-0.51563251,-0.28025874,-0.80967778,0
3.0172567,-0.02942872,3.5895166,0.51563251,0.28025874,0.80967778,0
-1.9532145,-0.87547302,1.3329785,-0.85057408,0.28123569,0.44433102,0
-2.3895144,-2.0376816,-3.2789161,-0.51563251,-0.28025874,-0.80967778,0
1.3563153,-2.0308614,0.92450351,-0.10318267,-0.91780251,0.38339508,0
3.8267787,1.8780613,1.3160594,0.85057408,-0.28123569,-0.44433102,0
-0.36172378,-3.0197394,-2.4727712,-0.10318267,-0.91780251,0.38339508,0
1.5513918,1.8032167,3.8411868,0.51563251,0.28025874,0.80967778,0
2.1851814,2.9988217,2.9224627,0.51563251,0.28025874,0.80967778,0
-1.5644536,1.5607643,-2.0448613,0.10318267,0.91780251,-0.38339508,0
-2.1877058,-0.1296134,-4.0484781,-0.51563251,-0.28025874,-0.80967778,0
2.7110209,-1.4858553,1.1894666,0.85057408,-0.28123569,-0.44433102,0
2.8090806,2.6059327,1.8524785,0.10318267,0.91780251,-0.38339508,0
0.28724706,2.9091399,3.0583732,-0.85057408,0.28123569,0.44433102,0
0.34862235,1.1299572,4.0080914,-0.85057408,0.28123569,0.44433102,0
2.5394354,-1.4075825,1.6801614,0.85057408,-0.28123569,-0.44433102,0
-2.2990215,-0.1315105,-4.0443368,-0.51563251,-0.28025874,-0.80967778,0
1.3574522,1.5825031,4.2559433,0.51563251,0.28025874,0.80967778,0
-2.7563729,-0.58654082,-3.374002,-0.51563251,-0.28025874,-0.80967778,0
-2.4565754,-0.57158852,-0.27766913,-0.85057408,0.28123569,0.44433102,0
0.0094804764,-2.5732079,-0.49535173,-0.10318267,-0.91780251,0.38339508,0
-1.8619534,-2.4710827,-1.6184378,-0.10318267,-0.91780251,0.38339508,0
2.0168366,-0.051048398,4.2762356,0.51563251,0.28025874,0.80967778,0
-3.0494447,-2.5173576,-1.6395895,-0.10318267,-0.91780251,0.38339508,0
0.11546862,1.6683763,-1.4931779,0.10318267,0.91780251,-0.38339508,0
-3.1376529,-2.7207179,-2.4524879,-0.51563251,-0.28025874,-0.80967778,0
-1.9200064,-1.6173772,-4.0024867,-0.51563251,-0.28025874,-0.80967778,0
-3.0501723,1.1099243,-1.6093456,-0.85057408,0.28123569,0.44433102,0
2.2587137,2.5751269,3.2820058,0.51563251,0.28025874,0.80967778,0
-0.5156666,-0.45040393,-4.9590616,-0.51563251,-0.28025874,-0.80967778,0
-0.20893401,2.2790241,2.4294395,-0.85057408,0.28123569,0.44433102,0
-2.2996745,-1.3668926,0.65431398,-0.85057408,0.28123569,0.44433102,0
1.9367745,-1.2670439,0.34008664,0.85057408,-0.28123569,-0.44433102,0
-1.6052588,2.1736798,-0.23725903,-0.85057408,0.28123569,0.44433102,0
