0.7385096,2.7967052,3.4555812,-0.83801359,0.3507452,0.41798472,0
-3.4706533,-1.704177,-2.8909349,-0.23194653,0.46439368,-0.854716,0
-3.9962127,-1.8513997,-3.0389447,-0.23194653,0.46439368,-0.854716,0
2.8874867,4.1406765,0.80943584,0.4938969,0.81321371,0.30781394,0
3.1107118,0.66129768,2.6442621,0.23194653,-0.46439368,0.854716,0
-0.18930823,-1.82406,-3.6782207,-0.23194653,0.46439368,-0.854716,0
-0.57462239,-0.86599565,2.6499045,0.23194653,-0.46439368,0.854716,0
2.6900043,3.0251145,-1.6217186,0.83801359,-0.3507452,-0.41798472,0
0.81386161,5.5231628,0.49702358,0.4938969,0.81321371,0.30781394,0
2.6409996,3.6915112,2.382304,0.4938969,0.81321371,0.30781394,0
-1.2138554,0.905514,1.5632715,-0.83801359,0.3507452,0.41798472,0
2.3135841,5.0024567,-0.9075799,0.4938969,0.81321371,0.30781394,0
-1.583083,-0.6473887,1.6943135,-0.83801359,0.3507452,0.41798472,0
3.27033,3.2260137,2.1758657,0.4938969,0.81321371,0.30781394,0
3.6471276,4.2598529,-0.81882453,0.4938969,0.81321371,0.30781394,0
1.0034482,5.4001923,0.61878681,0.4938969,0.81321371,0.30781394,0
-0.43113923,3.1030469,-0.93486094,-0.23194653,0.46439368,-0.854716,0
0.8236208,4.9994793,1.132369,0.4938969,0.81321371,0.30781394,0
3.1147594,1.8292665,-0.46446943,0.83801359,-0.3507452,-0.41798472,0
-3.1366465,-4.337945,1.2597036,0.23194653,-0.46439368,0.854716,0
-1.1371784,-3.0870581,-4.1264143,-0.23194653,0.46439368,-0.854716,0
-0.2854681,4.866075,-0.31537199,-0.23194653,0.46439368,-0.854716,0
-1.8592362,1.7067087,-0.64250922,-0.83801359,0.3507452,0.41798472,0
2.9359512,3.0836525,-1.9403965,0.83801359,-0.3507452,-0.41798472,0
1.0203042,1.7841057,3.5580747,0.23194653,-0.46439368,0.854716,0
0.97402835,-0.19770169,-3.0574327,0.83801359,-0.3507452,-0.41798472,0
-3.5134487,-3.7758291,-1.1519403,-0.4938969,-0.81321371,-0.30781394,0
-2.5269728,-0.97433257,-2.6824667,-0.23194653,0.46439368,-0.854716,0
-2.6303446,-3.0130558,-3.6242781,-0.23194653,0.46439368,-0.854716,0
-3.3706868,-3.5902965,-1.2639301,-0.4938969,-0.81321371,-0.30781394,0
-1.2014482,2.6366198,-1.1768426,-0.23194653,0.46439368,-0.854716,0
4.1486902,3.3804739,0.92647958,0.4938969,0.81321371,0.30781394,0
-4.1213422,-3.2364326,-0.5126636,-0.4938969,-0.81321371,-0.30781394,0
-2.4131265,-3.7659335,-2.2027767,-0.4938969,-0.81321371,-0.30781394,0
-4.0923963,-2.4071913,-2.7177854,-0.4938969,-0.81321371,-0.30781394,0
-0.26097417,-4.1505351,-1.437175,0.83801359,-0.3507452,-0.41798472,0
-3.4489448,-4.0782423,0.073309898,-0.4938969,-0.81321371,-0.30781394,0
1.1378063,4.3453684,2.65696,0.4938969,0.81321371,0.30781394,0
2.8334706,-0.52181494,1.617835,0.83801359,-0.3507452,-0.41798472,0
-1.4334073,-4.2682562,0.8362,0.23194653,-0.46439368,0.854716,0
-2.6636369,-4.74681,0.44277191,-0.4938969,-0.81321371,-0.30781394,0
1.7955852,4.0069561,3.1383901,0.4938969,0.81321371,0.30781394,0
-2.7594593,-4.5002441,-0.4230938,-0.4938969,-0.81321371,-0.30781394,0
-3.9787226,-3.273901,-1.4849179,-0.4938969,-0.81321371,-0.30781394,0
-0.029469565,1.9698727,2.6655231,-0.83801359,0.3507452,0.41798472,0
-2.1092637,2.0306478,-0.92958927,-0.83801359,0.3507452,0.41798472,0
-0.52810669,4.4279404,-0.54281521,-0.23194653,0.46439368,-0.854716,0
2.003459,4.4777336,1.8004959,0.4938969,0.81321371,0.30781394,0
-2.8553853,-4.6296568,0.0027341843,-0.4938969,-0.81321371,-0.30781394,0
3.8415308,3.1543541,2.0768015,0.4938969,0.81321371,0.30781394,0
1.0683978,3.3562226,-1.3051772,-0.23194653,0.46439368,-0.854716,0
-2.2609222,-3.3893161,1.7405735,0.23194653,-0.46439368,0.854716,0
0.8566491,1.1400508,3.3830612,0.23194653,-0.46439368,0.854716,0
0.98756588,0.95469975,-2.4652402,-0.23194653,0.46439368,-0.854716,0
2.3181384,4.889246,0.073848248,0.4938969,0.81321371,0.30781394,0
-2.2875178,-4.580286,-0.29568052,-0.4938969,-0.81321371,-0.30781394,0
3.2169673,4.0393929,-0.10749102,0.4938969,0.81321371,0.30781394,0
-2.8311107,0.27733099,-1.3661122,-0.83801359,0.3507452,0.41798472,0
-0.84048545,2.6356936,1.0657139,-0.83801359,0.3507452,0.41798472,0
-2.5514719,-0.54536003,-2.6635275,-0.23194653,0.46439368,-0.854716,0
2.5323339,-0.15684843,0.75385642,0.83801359,-0.3507452,-0.41798472,0
0.19741774,-2.6624889,1.6409448,0.23194653,-0.46439368,0.854716,0
-1.6292458,-2.5057838,1.9546521,0.23194653,-0.46439368,0.854716,0
1.9632437,5.0475349,0.056413174,0.4938969,0.81321371,0.30781394,0
1.2031517,4.2293453,2.7746179,0.4938969,0.81321371,0.30781394,0
3.1970074,4.2603765,-1.3407133,-0.23194653,0.46439368,-0.854716,0
3.0255265,0.97443986,0.372747,0.83801359,-0.3507452,-0.41798472,0
-3.1070046,-2.0960164,0.74580657,-0.83801359,0.3507452,0.41798472,0
-3.8901191,-2.3893347,-3.303143,-0.23194653,0.46439368,-0.854716,0
0.60231721,0.46496522,3.2452614,0.23194653,-0.46439368,0.854716,0
1.7663164,-1.0655766,-0.29901475,0.83801359,-0.3507452,-0.41798472,0
1.8062601,0.20089626,-1.4404969,0.83801359,-0.3507452,-0.41798472,0
-1.713065,-3.4045086,-4.0112095,-0.4938969,-0.81321371,-0.30781394,0
0.10897923,-3.8910928,-1.6080387,0.83801359,-0.3507452,-0.41798472,0
-1.7824953,-5.0536633,-0.53514051,-0.4938969,-0.81321371,-0.30781394,0
3.4093664,0.26192153,2.1582541,0.83801359,-0.3507452,-0.41798472,0
0.80426681,-0.69528705,2.3119767,0.23194653,-0.46439368,0.854716,0
0.0046775341,-3.6659513,0.9131906,0.23194653,-0.46439368,0.854716,0
0.44681299,0.66489661,3.1564956,0.23194653,-0.46439368,0.854716,0
0.70536613,-3.4443631,-0.65738082,0.83801359,-0.3507452,-0.41798472,0
3.4053183,3.9236367,-0.87337637,0.83801359,-0.3507452,-0.41798472,0
2.7013233,-0.94765353,1.464911,0.83801359,-0.3507452,-0.41798472,0
-1.6570114,-3.5253725,-3.8370438,-0.4938969,-0.81321371,-0.30781394,0
-0.43795729,-5.3621216,0.020195484,0.23194653,-0.46439368,0.854716,0
-3.1117001,-0.36378551,-1.2878411,-0.83801359,0.3507452,0.41798472,0
0.77966046,5.1403003,1.034914,0.4938969,0.81321371,0.30781394,0
-2.4592004,-2.8638039,2.1501198,0.23194653,-0.46439368,0.854716,0
-1.5515984,-4.4342756,-2.2863255,-0.4938969,-0.81321371,-0.30781394,0
-0.62168694,-3.7229455,1.1436946,0.23194653,-0.46439368,0.854716,0
1.0315127,3.3048019,-1.4425037,-0.23194653,0.46439368,-0.854716,0
0.31522703,1.8636009,-2.0090199,-0.23194653,0.46439368,-0.854716,0
-2.9984968,-2.55112,0.94192636,-0.83801359,0.3507452,0.41798472,0
3.1079397,4.1091528,0.67135787,0.4938969,0.81321371,0.30781394,0
-3.040729,-4.5748882,0.15526962,-0.4938969,-0.81321371,-0.30781394,0
2.2186432,0.15751743,-0.027682886,0.83801359,-0.3507452,-0.41798472,0
3.228821,2.0546746,-0.40737593,0.83801359,-0.3507452,-0.41798472,0
-0.91728258,-4.1261573,0.94519138,0.23194653,-0.46439368,0.854716,0
-1.4248607,-3.7033114,-4.3754025,0.83801359,-0.3507452,-0.41798472,0
3.3185577,4.1989226,-1.5110986,-0.23194653,0.46439368,-0.854716,0
-1.2749372,-3.9776585,-3.8508043,0.83801359,-0.3507452,-0.41798472,0
1.8375363,-1.9648132,0.88393748,0.83801359,-0.3507452,-0.41798472,0
2.5301485,2.2802761,3.6454628,0.23194653,-0.46439368,0.854716,0
1.4693844,-2.3111556,1.2613304,0.23194653,-0.46439368,0.854716,0
-1.4625192,-5.0721922,-0.51784134,-0.4938969,-0.81321371,-0.30781394,0
-1.5013711,3.3722832,-0.842309,-0.83801359,0.3507452,0.41798472,0
3.8753135,2.1065164,1.638538,0.83801359,-0.3507452,-0.41798472,0
-1.8010366,-4.859314,-0.38539696,-0.4938969,-0.81321371,-0.30781394,0
-1.854354,1.6644827,-1.4525234,-0.23194653,0.46439368,-0.854716,0
-0.058302641,3.6511683,-1.1166055,-0.23194653,0.46439368,-0.854716,0
0.55644202,-4.4139595,-0.37704277,0.83801359,-0.3507452,-0.41798472,0
-0.43311408,-2.0734458,-3.9827003,0.83801359,-0.3507452,-0.41798472,0
-4.0144567,-3.0307064,-0.53964758,-0.83801359,0.3507452,0.41798472,0
-0.37541115,2.783958,2.0075309,-0.83801359,0.3507452,0.41798472,0
-1.9659274,-4.4162536,-1.4477029,-0.4938969,-0.81321371,-0.30781394,0
-2.1333444,0.37196606,-1.9376328,-0.23194653,0.46439368,-0.854716,0
-0.65126932,-0.46813834,-2.967427,-0.23194653,0.46439368,-0.854716,0
-3.1967852,-2.9482691,-3.0855501,-0.4938969,-0.81321371,-0.30781394,0
-0.098437667,-2.4338362,-2.6308374,0.83801359,-0.3507452,-0.41798472,0
3.5161793,4.5575366,-1.2982421,0.4938969,0.81321371,0.30781394,0
3.161258,2.1607282,-0.15439796,0.83801359,-0.3507452,-0.41798472,0
4.3557167,2.5993245,1.9172635,0.83801359,-0.3507452,-0.41798472,0
1.206368,2.603317,3.7914491,0.23194653,-0.46439368,0.854716,0
-3.7431431,-3.3983355,-0.22613597,-0.83801359,0.3507452,0.41798472,0
-3.0661914,-3.6923058,-1.0194645,-0.4938969,-0.81321371,-0.30781394,0
2.2855647,4.0588207,2.1930099,0.4938969,0.81321371,0.30781394,0
2.4283476,4.7917175,0.1709094,0.4938969,0.81321371,0.30781394,0
-3.8651025,-3.3415084,-0.25725865,-0.83801359,0.3507452,0.41798472,0
-0.52757955,2.7134223,-1.3175665,-0.23194653,0.46439368,-0.854716,0
-3.5783284,-3.6477461,-0.35122943,-0.4938969,-0.81321371,-0.30781394,0
1.2475742,-1.7182984,1.5351794,0.23194653,-0.46439368,0.854716,0
-1.3168702,-0.072710752,-2.5888052,-0.23194653,0.46439368,-0.854716,0
1.7656159,1.8829741,3.4486597,0.23194653,-0.46439368,0.854716,0
3.2594106,3.7430024,0.49123621,0.4938969,0.81321371,0.30781394,0
-2.0375996,-4.4737597,-1.2205508,-0.4938969,-0.81321371,-0.30781394,0
1.4432101,4.7667313,1.5744114,0.4938969,0.81321371,0.30781394,0
-3.3525231,-3.9843516,-0.10318732,-0.4938969,-0.81321371,-0.30781394,0
4.1668768,3.0241246,1.42854,0.83801359,-0.3507452,-0.41798472,0
-2.1718848,-0.72439075,0.73174989,-0.83801359,0.3507452,0.41798472,0
3.6136448,3.4408672,1.2100759,0.4938969,0.81321371,0.30781394,0
-0.83392048,4.3914375,-0.27480984,-0.83801359,0.3507452,0.41798472,0
-1.048929,-3.9975233,0.89257264,0.23194653,-0.46439368,0.854716,0
-4.5517664,-3.0288696,-1.4747279,-0.4938969,-0.81321371,-0.30781394,0
0.26643372,3.0459321,-1.4974271,-0.23194653,0.46439368,-0.854716,0
-1.3413255,-4.6917553,0.63243723,0.23194653,-0.46439368,0.854716,0
-1.2700092,0.7866528,-2.1680737,-0.23194653,0.46439368,-0.854716,0
-2.9539931,-2.363615,0.47644162,-0.83801359,0.3507452,0.41798472,0
3.7328422,3.2312298,2.2335107,0.4938969,0.81321371,0.30781394,0
-1.5994086,0.14477637,-2.5171103,-0.23194653,0.46439368,-0.854716,0
-2.5484743,1.3995531,-1.2927428,-0.23194653,0.46439368,-0.854716,0
1.560801,3.7280235,4.2283707,0.4938969,0.81321371,0.30781394,0
-2.1225486,0.66219461,0.027952909,-0.83801359,0.3507452,0.41798472,0
-1.1363893,-2.6479831,-3.942915,-0.23194653,0.46439368,-0.854716,0
1.6870984,3.564558,4.3636627,0.4938969,0.81321371,0.30781394,0
2.7834334,5.0004301,-0.83388853,0.4938969,0.81321371,0.30781394,0
3.5229447,4.123425,-0.57454801,0.4938969,0.81321371,0.30781394,0
0.52008462,0.094949126,2.7189794,0.23194653,-0.46439368,0.854716,0
4.0056143,2.371501,3.2164917,0.23194653,-0.46439368,0.854716,0
-1.4150825,-1.9151595,2.272342,0.23194653,-0.46439368,0.854716,0
1.5370396,1.3837128,-2.409755,-0.23194653,0.46439368,-0.854716,0
2.5955863,2.1137862,-1.1147192,0.83801359,-0.3507452,-0.41798472,0
-1.3620974,-3.5969234,-4.1742344,-0.4938969,-0.81321371,-0.30781394,0
3.1795325,2.8639545,3.0782676,0.4938969,0.81321371,0.30781394,0
1.1063197,-3.5803258,0.66233373,0.23194653,-0.46439368,0.854716,0
0.82541084,-2.1191545,1.6190187,0.23194653,-0.46439368,0.854716,0
-1.4621912,-4.5508881,-2.3637521,-0.4938969,-0.81321371,-0.30781394,0
-3.5618811,-1.3529785,-1.5541353,-0.83801359,0.3507452,0.41798472,0
-2.3218126,-0.45311403,0.67769122,-0.83801359,0.3507452,0.41798472,0
3.7546034,2.6903694,0.09235239,0.83801359,-0.3507452,-0.41798472,0
0.15886641,-5.0716605,-0.30105209,0.83801359,-0.3507452,-0.41798472,0
-0.10470009,-5.0797763,-0.94822168,0.83801359,-0.3507452,-0.41798472,0
1.7381797,4.5679965,1.0621238,0.4938969,0.81321371,0.30781394,0
3.2217093,2.0535028,0.0097243786,0.83801359,-0.3507452,-0.41798472,0
-0.8592068,1.3492266,1.4700308,-0.83801359,0.3507452,0.41798472,0
-1.7010334,-0.35432935,2.064743,-0.83801359,0.3507452,0.41798472,0
0.79140264,2.2244263,4.1225057,0.23194653,-0.46439368,0.854716,0
0.95509398,3.8627887,3.1640034,-0.83801359,0.3507452,0.41798472,0
0.87238121,-1.2979647,-1.7141989,0.83801359,-0.3507452,-0.41798472,0
-2.4773426,0.66052014,-1.9301245,-0.23194653,0.46439368,-0.854716,0
-2.8162222,-2.9669991,1.913605,-0.83801359,0.3507452,0.41798472,0
-3.9424825,-2.8066804,-3.0350018,-0.4938969,-0.81321371,-0.30781394,0
1.1175669,1.8003811,3.7544522,0.23194653,-0.46439368,0.854716,0
-1.0412734,-4.7648811,-2.3310313,-0.4938969,-0.81321371,-0.30781394,0
2.32377,3.1299541,3.8051939,0.4938969,0.81321371,0.30781394,0
-3.5404601,-2.0322194,-0.85703397,-0.83801359,0.3507452,0.41798472,0
-0.7271322,-1.5020424,2.2801509,0.23194653,-0.46439368,0.854716,0
2.5651379,4.0704598,1.1192019,0.4938969,0.81321371,0.30781394,0
3.0834684,4.7752728,-0.67256212,0.4938969,0.81321371,0.30781394,0
0.25961709,5.362442,0.81629753,-0.83801359,0.3507452,0.41798472,0
2.3202009,1.90273,-1.3121433,0.83801359,-0.3507452,-0.41798472,0
-0.38358736,3.2765331,-1.0131407,-0.23194653,0.46439368,-0.854716,0
-0.35167551,3.5509393,-0.86805034,-0.23194653,0.46439368,-0.854716,0
-4.0108762,-3.5827007,-0.67520499,-0.4938969,-0.81321371,-0.30781394,0
2.2544544,4.0391154,2.457514,0.4938969,0.81321371,0.30781394,0
-3.5805185,-4.341506,0.49378753,-0.4938969,-0.81321371,-0.30781394,0
-2.8828132,-4.4635439,-0.44934034,-0.4938969,-0.81321371,-0.30781394,0
-3.5278664,-3.0463049,-2.1853118,-0.4938969,-0.81321371,-0.30781394,0
-2.9477482,-4.1171923,-0.32092977,-0.4938969,-0.81321371,-0.30781394,0
0.76325339,-0.89616251,-2.7923932,0.83801359,-0.3507452,-0.41798472,0
2.4096513,3.5724499,3.4764819,0.4938969,0.81321371,0.30781394,0
1.8355926,1.9943416,-2.507894,-0.23194653,0.46439368,-0.854716,0
-1.8185506,-2.9063869,1.7837782,0.23194653,-0.46439368,0.854716,0
-0.51048017,3.9293406,0.66807818,-0.83801359,0.3507452,0.41798472,0
2.0289304,3.9513464,2.1331308,0.4938969,0.81321371,0.30781394,0
-0.12230825,-5.2046342,-0.68506861,0.83801359,-0.3507452,-0.41798472,0
2.0884061,0.6650393,-1.1076221,0.83801359,-0.3507452,-0.41798472,0
0.0046166182,2.7792025,1.9919589,-0.83801359,0.3507452,0.41798472,0
-3.4765296,-0.65781987,-1.7061746,-0.83801359,0.3507452,0.41798472,0
-3.5963507,-4.1401052,0.31064081,-0.4938969,-0.81321371,-0.30781394,0
-3.25827,-3.4679604,-1.4964924,-0.4938969,-0.81321371,-0.30781394,0
-4.4167852,-1.5366439,-2.318152,-0.83801359,0.3507452,0.41798472,0
1.5712407,3.4917612,4.0229902,0.4938969,0.81321371,0.30781394,0
-3.3233919,-3.3265018,-1.6646152,-0.4938969,-0.81321371,-0.30781394,0
2.0561876,-0.5061658,2.0383298,0.23194653,-0.46439368,0.854716,0
-1.0671296,-2.65293,1.5477186,0.23194653,-0.46439368,0.854716,0
1.5541338,3.4638627,4.1302357,0.4938969,0.81321371,0.30781394,0
-3.2987885,-4.0156145,1.5026784,-0.83801359,0.3507452,0.41798472,0
-1.6286422,1.7944857,-1.2899847,-0.23194653,0.46439368,-0.854716,0
-1.1099832,3.0261896,-0.031170845,-0.83801359,0.3507452,0.41798472,0
-1.6278168,1.6051719,0.32849693,-0.83801359,0.3507452,0.41798472,0
-2.0271411,-3.440764,-3.3211551,-0.4938969,-0.81321371,-0.30781394,0
3.7583859,2.8932114,-0.13223147,0.83801359,-0.3507452,-0.41798472,0
2.9000497,3.5277023,2.1867151,0.4938969,0.81321371,0.30781394,0
2.1714566,0.12531829,-0.89416105,0.83801359,-0.3507452,-0.41798472,0
-1.5048259,1.5135128,-1.8965319,-0.23194653,0.46439368,-0.854716,0
4.0992203,3.4479094,1.1524336,0.4938969,0.81321371,0.30781394,0
-0.64023256,-1.9567822,2.0600049,0.23194653,-0.46439368,0.854716,0
-1.6439557,-5.0921364,0.63588381,0.23194653,-0.46439368,0.854716,0
1.6002326,3.8732004,4.0559177,0.4938969,0.81321371,0.30781394,0
0.42749715,-4.0113206,-0.87822247,0.83801359,-0.3507452,-0.41798472,0
-0.91815019,1.1244366,2.0645185,-0.83801359,0.3507452,0.41798472,0
-2.9584234,0.21268463,-2.0799327,-0.23194653,0.46439368,-0.854716,0
1.6225194,4.145155,2.6729717,0.4938969,0.81321371,0.30781394,0
-2.4577248,0.48362267,-0.8419435,-0.83801359,0.3507452,0.41798472,0
-2.6910658,-4.2335234,-1.1022148,-0.4938969,-0.81321371,-0.30781394,0
-0.39020586,-5.6192889,-0.90103102,-0.4938969,-0.81321371,-0.30781394,0
-1.6264902,-0.44721389,2.2012405,-0.83801359,0.3507452,0.41798472,0
3.0348592,0.2055887,2.1710165,0.23194653,-0.46439368,0.854716,0
-0.9034903,-2.4327075,-4.1023355,-0.23194653,0.46439368,-0.854716,0
2.7875037,3.2291589,2.9842875,0.4938969,0.81321371,0.30781394,0
-0.49265349,-2.6360364,-3.4481812,0.83801359,-0.3507452,-0.41798472,0
3.4921398,2.1932919,0.74731922,0.83801359,-0.3507452,-0.41798472,0
0.38867664,4.9408135,1.2220478,-0.83801359,0.3507452,0.41798472,0
0.018127203,1.2707195,-2.3823135,-0.23194653,0.46439368,-0.854716,0
2.8537004,0.74162757,2.6037431,0.23194653,-0.46439368,0.854716,0
0.40949893,-1.9511307,1.5589935,0.23194653,-0.46439368,0.854716,0
-2.876399,0.9425444,-1.8548276,-0.23194653,0.46439368,-0.854716,0
2.0620673,3.0194676,-2.0517006,-0.23194653,0.46439368,-0.854716,0
-2.8647904,-3.6281874,1.5544364,0.23194653,-0.46439368,0.854716,0
3.5524278,3.9225535,0.68009901,0.4938969,0.81321371,0.30781394,0
2.4196343,-1.543257,0.89146763,0.83801359,-0.3507452,-0.41798472,0
-2.5550127,-3.5516953,-3.3529825,-0.4938969,-0.81321371,-0.30781394,0
1.644267,2.316648,3.9461219,0.23194653,-0.46439368,0.854716,0
4.2581959,2.4414024,2.6041665,0.4938969,0.81321371,0.30781394,0
-1.2252419,2.6705687,-1.2413632,-0.23194653,0.46439368,-0.854716,0
-0.77499056,-0.44245815,2.9822202,0.23194653,-0.46439368,0.854716,0
1.4072444,1.724421,-2.1407535,-0.23194653,0.46439368,-0.854716,0
1.1748112,4.1195822,3.2601464,0.4938969,0.81321371,0.30781394,0
-3.3938558,-0.49291313,-1.7065738,-0.83801359,0.3507452,0.41798472,0
-2.7844229,0.56208777,-1.17231,-0.83801359,0.3507452,0.41798472,0
-0.91096222,0.23427546,-2.4554172,-0.23194653,0.46439368,-0.854716,0
0.0025119781,2.9412153,2.2511067,-0.83801359,0.3507452,0.41798472,0
-0.38304377,-4.6128945,-1.6990526,0.83801359,-0.3507452,-0.41798472,0
1.0255767,1.3525057,3.2589877,0.23194653,-0.46439368,0.854716,0
-1.0395153,-0.55361199,3.0931678,-0.83801359,0.3507452,0.41798472,0
1.2564096,-1.8662353,1.6192626,0.23194653,-0.46439368,0.854716,0
0.2089901,-2.9557471,1.2017562,0.23194653,-0.46439368,0.854716,0
2.1923561,4.9965739,0.16457319,0.4938969,0.81321371,0.30781394,0
0.77566338,-2.9876955,-0.27073407,0.83801359,-0.3507452,-0.41798472,0
-2.4230251,-0.56664109,0.44763321,-0.83801359,0.3507452,0.41798472,0
-0.79231566,1.5858868,2.0734155,-0.83801359,0.3507452,0.41798472,0
3.0977421,0.87036914,2.5152557,0.23194653,-0.46439368,0.854716,0
2.0791063,-2.0779588,0.9391824,0.83801359,-0.3507452,-0.41798472,0
-2.9243147,-4.2722211,1.180222,0.23194653,-0.46439368,0.854716,0
-1.6793098,-5.4462137,0.3092556,-0.4938969,-0.81321371,-0.30781394,0
3.4470816,0.24222338,2.0099895,0.83801359,-0.3507452,-0.41798472,0
2.6452484,1.8457365,3.0770729,0.23194653,-0.46439368,0.854716,0
-0.81681877,-3.7532177,-3.7176206,0.83801359,-0.3507452,-0.41798472,0
3.1626549,1.5421622,2.8332243,0.23194653,-0.46439368,0.854716,0
1.0835087,5.3232584,0.12547016,0.4938969,0.81321371,0.30781394,0
-2.8394089,-1.1493583,-0.12846279,-0.83801359,0.3507452,0.41798472,0
-3.5372868,-0.95189667,-2.3037598,-0.23194653,0.46439368,-0.854716,0
2.4053309,3.4232798,3.0904021,0.4938969,0.81321371,0.30781394,0
-2.8823395,-4.5732884,1.278192,0.23194653,-0.46439368,0.854716,0
3.73592,1.4175091,2.4878106,0.23194653,-0.46439368,0.854716,0
-0.72619289,-3.1177332,-3.2674391,0.83801359,-0.3507452,-0.41798472,0
0.18259811,4.7400961,-0.4198246,-0.23194653,0.46439368,-0.854716,0
-0.79282618,-3.0010147,-4.140008,-0.23194653,0.46439368,-0.854716,0
-0.026906252,-4.3102169,-1.0817459,0.83801359,-0.3507452,-0.41798472,0
2.3609266,4.5987935,0.42039204,0.4938969,0.81321371,0.30781394,0
2.4782753,1.0173187,2.8782947,0.23194653,-0.46439368,0.854716,0
-1.6807754,-5.273046,0.44173527,0.23194653,-0.46439368,0.854716,0
2.1824079,5.2807088,-0.59033966,-0.23194653,0.46439368,-0.854716,0
1.3748062,2.460078,-1.8767909,-0.23194653,0.46439368,-0.854716,0
1.4443688,-3.4878125,0.69503546,0.83801359,-0.3507452,-0.41798472,0
1.4340138,4.7019682,1.5491657,0.4938969,0.81321371,0.30781394,0
-0.58493948,-4.6448317,-2.4059308,0.83801359,-0.3507452,-0.41798472,0
-2.6132796,-3.9811044,-2.1123023,-0.4938969,-0.81321371,-0.30781394,0
3.174773,1.3246617,0.67143762,0.83801359,-0.3507452,-0.41798472,0
-0.46702635,2.4197497,1.8598511,-0.83801359,0.3507452,0.41798472,0
-0.7359314,-5.8185759,-0.19325066,0.23194653,-0.46439368,0.854716,0
-0.85290241,2.1844738,-1.4005995,-0.23194653,0.46439368,-0.854716,0
-0.93505025,-4.7307396,-1.7180829,-0.4938969,-0.81321371,-0.30781394,0
1.1858218,0.72954297,-3.0207682,-0.23194653,0.46439368,-0.854716,0
-2.4958727,-4.5499959,0.23171949,-0.4938969,-0.81321371,-0.30781394,0
-2.2216887,-3.0714812,-4.040884,-0.4938969,-0.81321371,-0.30781394,0
-3.0074949,-4.5209565,0.68873072,-0.4938969,-0.81321371,-0.30781394,0
-2.4812365,-0.80704904,-2.8349552,-0.23194653,0.46439368,-0.854716,0
0.17907619,6.0741987,0.37950993,0.4938969,0.81321371,0.30781394,0
2.2395597,2.0693731,-2.1555064,0.83801359,-0.3507452,-0.41798472,0
0.089808434,2.5917192,3.2458992,-0.83801359,0.3507452,0.41798472,0
0.51508427,4.6180334,-0.5594852,-0.23194653,0.46439368,-0.854716,0
2.1037488,1.3963116,3.047205,0.23194653,-0.46439368,0.854716,0
-2.3469524,-4.5603414,-0.31374311,-0.4938969,-0.81321371,-0.30781394,0
2.1018748,-0.86498457,2.1004269,0.23194653,-0.46439368,0.854716,0
0.67618847,5.1205144,1.0954947,0.4938969,0.81321371,0.30781394,0
-1.746819,-1.2586906,2.3995738,-0.83801359,0.3507452,0.41798472,0
-1.369298,-5.1316948,0.65241718,0.23194653,-0.46439368,0.854716,0
-0.045619965,-1.1019769,2.4386981,0.23194653,-0.46439368,0.854716,0
-0.33202171,0.47874355,3.3030677,-0.83801359,0.3507452,0.41798472,0
-2.5309403,-4.5550323,-0.67502832,-0.4938969,-0.81321371,-0.30781394,0
-3.4143114,-4.1423531,1.4416482,-0.83801359,0.3507452,0.41798472,0
0.84610868,5.0218344,2.1952333,0.4938969,0.81321371,0.30781394,0
-3.2482276,-3.6059475,-0.90063429,-0.4938969,-0.81321371,-0.30781394,0
4.0955968,3.3783875,1.2275774,0.4938969,0.81321371,0.30781394,0
1.5773133,-0.57611382,2.2260213,0.23194653,-0.46439368,0.854716,0
3.1674354,3.0112042,-1.2665578,0.83801359,-0.3507452,-0.41798472,0
0.42434108,1.9239293,3.7293324,0.23194653,-0.46439368,0.854716,0
0.51982677,0.25218117,2.8879514,0.23194653,-0.46439368,0.854716,0
1.9581115,-2.3346586,1.046365,0.23194653,-0.46439368,0.854716,0
-2.9958537,-3.0571415,-3.5757143,-0.4938969,-0.81321371,-0.30781394,0
-1.6620272,1.1778779,-1.8037814,-0.23194653,0.46439368,-0.854716,0
1.6130068,4.9803877,0.68370676,0.4938969,0.81321371,0.30781394,0
-1.1014287,-4.801877,-1.6578393,-0.4938969,-0.81321371,-0.30781394,0
-1.2973515,1.3070469,0.82466197,-0.83801359,0.3507452,0.41798472,0
2.8461585,2.9123917,3.4100528,0.4938969,0.81321371,0.30781394,0
1.7497405,4.3282766,1.8141749,0.4938969,0.81321371,0.30781394,0
-0.89122128,0.079180956,2.7959831,-0.83801359,0.3507452,0.41798472,0
2.3615823,0.5721128,-0.87446243,0.83801359,-0.3507452,-0.41798472,0
-2.3017254,-3.6427557,1.4537535,0.23194653,-0.46439368,0.854716,0
3.6820588,3.7291496,0.65288115,0.4938969,0.81321371,0.30781394,0
-0.86602187,-3.1151576,-4.303987,0.83801359,-0.3507452,-0.41798472,0
-4.4044499,-2.4594798,-2.4486444,-0.4938969,-0.81321371,-0.30781394,0
-1.2587363,-2.2043114,-3.9560032,-0.23194653,0.46439368,-0.854716,0
-3.4045229,-3.6568236,-0.48516536,-0.4938969,-0.81321371,-0.30781394,0
0.37044024,-1.7854283,1.9406967,0.23194653,-0.46439368,0.854716,0
-0.13693523,-5.2573166,-0.59901857,0.83801359,-0.3507452,-0.41798472,0
0.96840906,5.0078826,1.6997919,0.4938969,0.81321371,0.30781394,0
2.2118297,4.4222841,0.84690905,0.4938969,0.81321371,0.30781394,0
3.5290794,3.5135622,-0.37105727,0.83801359,-0.3507452,-0.41798472,0
0.16083312,-1.4153891,-3.4662268,0.83801359,-0.3507452,-0.41798472,0
-1.967399,-3.5406895,-4.0236621,-0.4938969,-0.81321371,-0.30781394,0
2.7465043,-0.67656308,2.0134723,0.23194653,-0.46439368,0.854716,0
3.3771372,1.7277572,0.98033774,0.83801359,-0.3507452,-0.41798472,0
0.72743595,-0.08291769,2.6435754,0.23194653,-0.46439368,0.854716,0
3.0802321,4.3196936,-0.091841698,0.4938969,0.81321371,0.30781394,0
-1.8233755,2.2090859,-1.367249,-0.23194653,0.46439368,-0.854716,0
-0.80292296,-5.3890667,-0.91773844,-0.4938969,-0.81321371,-0.30781394,0
-4.1676736,-2.8822608,-1.1400621,-0.83801359,0.3507452,0.41798472,0
1.6963632,-2.425493,1.0924927,0.23194653,-0.46439368,0.854716,0
-2.3156109,-4.2713547,-1.1456041,-0.4938969,-0.81321371,-0.30781394,0
-0.53314447,2.2190249,-1.7889721,-0.23194653,0.46439368,-0.854716,0
1.4537144,5.1029892,-0.016354084,0.4938969,0.81321371,0.30781394,0
-2.1742618,-4.9110546,-0.39578152,-0.4938969,-0.81321371,-0.30781394,0
3.586688,4.3205366,-1.0887365,0.4938969,0.81321371,0.30781394,0
2.0753,4.5975537,-1.0149775,-0.23194653,0.46439368,-0.854716,0
-3.6050248,-2.7860861,-2.6131859,-0.4938969,-0.81321371,-0.30781394,0
-1.6251805,-3.9687288,-3.6416914,-0.4938969,-0.81321371,-0.30781394,0
3.4074371,3.3587346,-0.75795364,0.83801359,-0.3507452,-0.41798472,0
-0.66766465,-1.1221417,-3.4574785,-0.23194653,0.46439368,-0.854716,0
-2.5225654,-0.62240601,0.72345191,-0.83801359,0.3507452,0.41798472,0
0.56784964,5.5905247,0.25680208,0.4938969,0.81321371,0.30781394,0
2.5679307,3.4053607,3.0717564,0.4938969,0.81321371,0.30781394,0
2.076129,1.6812713,-1.9009717,0.83801359,-0.3507452,-0.41798472,0
-0.5299139,-5.0673871,-1.9242277,-0.4938969,-0.81321371,-0.30781394,0
1.0674829,4.4086838,2.3970664,0.4938969,0.81321371,0.30781394,0
-3.1877925,-2.3325028,0.39218903,-0.83801359,0.3507452,0.41798472,0
-1.5052698,2.2679176,-0.3587544,-0.83801359,0.3507452,0.41798472,0
0.91928172,4.8411484,1.934392,0.4938969,0.81321371,0.30781394,0
-3.2823424,-3.5963035,1.6037803,-0.83801359,0.3507452,0.41798472,0
-1.6364527,-5.1441307,0.32834482,-0.4938969,-0.81321371,-0.30781394,0
0.99551529,-0.30615807,-2.4182901,0.83801359,-0.3507452,-0.41798472,0
1.3825548,3.9867084,3.8187768,0.4938969,0.81321371,0.30781394,0
-3.7405829,-0.69371712,-1.7626443,-0.83801359,0.3507452,0.41798472,0
-0.95041251,-2.4747181,1.7335498,0.23194653,-0.46439368,0.854716,0
1.6344938,4.6551461,1.2148576,0.4938969,0.81321371,0.30781394,0
0.22446394,0.30497587,2.8605566,0.23194653,-0.46439368,0.854716,0
3.5406682,3.9327092,0.24108076,0.4938969,0.81321371,0.30781394,0
2.2920365,0.38915253,-0.28439513,0.83801359,-0.3507452,-0.41798472,0
-2.8542712,-2.2224228,-3.2883105,-0.23194653,0.46439368,-0.854716,0
1.1460336,2.8814564,4.1302075,0.23194653,-0.46439368,0.854716,0
-0.56743705,-0.00058043003,-2.8104737,-0.23194653,0.46439368,-0.854716,0
1.6978427,3.6975446,3.2600658,0.4938969,0.81321371,0.30781394,0
2.16013,0.23902589,2.4246271,0.23194653,-0.46439368,0.854716,0
-3.559474,-2.8506842,-3.5743928,-0.4938969,-0.81321371,-0.30781394,0
1.0813241,4.0082374,3.2857082,0.4938969,0.81321371,0.30781394,0
-0.48346975,1.0517819,3.0853093,-0.83801359,0.3507452,0.41798472,0
-2.9423435,-4.4270763,-0.31968451,-0.4938969,-0.81321371,-0.30781394,0
3.5332093,3.2144485,2.0210114,0.4938969,0.81321371,0.30781394,0
-2.9045837,-3.6463652,-2.4384978,-0.4938969,-0.81321371,-0.30781394,0
1.73751,2.0363064,3.5384486,0.23194653,-0.46439368,0.854716,0
3.044214,4.6297956,-1.2357998,0.4938969,0.81321371,0.30781394,0
2.5990114,2.8450842,3.9188116,0.23194653,-0.46439368,0.854716,0
3.8198733,2.810533,3.1268251,0.4938969,0.81321371,0.30781394,0
-1.009593,-2.3112879,-3.838028,-0.23194653,0.46439368,-0.854716,0
0.7746973,4.37534,2.962019,0.4938969,0.81321371,0.30781394,0
-2.044558,-1.6855555,-3.3105321,-0.23194653,0.46439368,-0.854716,0
3.2062068,4.1874442,-0.03608799,0.4938969,0.81321371,0.30781394,0
-2.8169961,0.77197313,-1.7489173,-0.83801359,0.3507452,0.41798472,0
-2.4157538,-2.3028629,1.7987144,-0.83801359,0.3507452,0.41798472,0
1.1492341,4.7159348,1.5509109,0.4938969,0.81321371,0.30781394,0
0.86194754,3.1038015,-1.6222337,-0.23194653,0.46439368,-0.854716,0
3.1635725,3.6038928,1.9529576,0.4938969,0.81321371,0.30781394,0
-0.17741865,2.0778394,3.083014,-0.83801359,0.3507452,0.41798472,0
0.87481326,-0.66802144,-2.3611903,0.83801359,-0.3507452,-0.41798472,0
0.57750201,-1.2701963,-2.2266629,0.83801359,-0.3507452,-0.41798472,0
3.2921669,4.4699874,-0.41438842,0.4938969,0.81321371,0.30781394,0
1.8835671,5.3179002,-0.49623251,0.4938969,0.81321371,0.30781394,0
-2.1065898,-4.0061321,-2.0462334,-0.4938969,-0.81321371,-0.30781394,0
-0.086237907,3.4839039,1.8285959,-0.83801359,0.3507452,0.41798472,0
0.18084764,0.86705494,-2.5675499,-0.23194653,0.46439368,-0.854716,0
2.5383835,2.919333,-2.0070419,-0.23194653,0.46439368,-0.854716,0
0.05945909,-3.1046798,-2.4420159,0.83801359,-0.3507452,-0.41798472,0
-4.0709949,-2.6057625,-2.2715282,-0.4938969,-0.81321371,-0.30781394,0
2.5287733,3.5835266,3.0145793,0.4938969,0.81321371,0.30781394,0
-1.545572,0.074589252,1.9820884,-0.83801359,0.3507452,0.41798472,0
3.5751503,2.8434713,2.603163,0.4938969,0.81321371,0.30781394,0
-2.0545459,-4.6581531,-0.71551228,-0.4938969,-0.81321371,-0.30781394,0
-2.3727973,-3.3512354,-3.1104171,-0.4938969,-0.81321371,-0.30781394,0
0.42940927,0.35924232,2.9432275,0.23194653,-0.46439368,0.854716,0
0.589288,-4.5829649,0.2855196,0.83801359,-0.3507452,-0.41798472,0
-1.1914129,-4.3283801,0.69681001,0.23194653,-0.46439368,0.854716,0
-0.48558593,-3.6593037,1.2160933,0.23194653,-0.46439368,0.854716,0
4.5470085,2.6600256,1.8043745,0.4938969,0.81321371,0.30781394,0
2.5708218,0.24689615,2.3129961,0.23194653,-0.46439368,0.854716,0
-1.8383675,-4.1177578,-2.8184352,-0.4938969,-0.81321371,-0.30781394,0
2.7975011,4.4073238,-0.24335814,0.4938969,0.81321371,0.30781394,0
3.4010909,3.721128,1.0852361,0.4938969,0.81321371,0.30781394,0
-1.0482774,-0.45931005,-2.7221496,-0.23194653,0.46439368,-0.854716,0
2.0151398,2.7003655,4.0690975,0.23194653,-0.46439368,0.854716,0
-0.089151859,-1.8417144,1.9262053,0.23194653,-0.46439368,0.854716,0
1.6069528,-1.372404,-0.025259495,0.83801359,-0.3507452,-0.41798472,0
-2.9237852,-4.6580691,0.88343716,-0.4938969,-0.81321371,-0.30781394,0
2.0243592,3.6627226,3.5781324,0.4938969,0.81321371,0.30781394,0
0.13964701,5.4451833,-0.024244785,-0.23194653,0.46439368,-0.854716,0
-0.54728055,-4.8102179,-1.5147004,0.83801359,-0.3507452,-0.41798472,0
0.26713204,-4.1386261,-0.4771204,0.83801359,-0.3507452,-0.41798472,0
1.7675036,3.6629825,3.3948617,0.4938969,0.81321371,0.30781394,0
-2.1527479,-3.7553897,1.4751463,0.23194653,-0.46439368,0.854716,0
-0.21392775,4.888257,-0.37069607,-0.23194653,0.46439368,-0.854716,0
-1.6941888,2.1534376,-1.1626691,-0.23194653,0.46439368,-0.854716,0
-1.8888663,1.0333798,0.47370523,-0.83801359,0.3507452,0.41798472,0
2.565465,3.8672314,2.1731665,0.4938969,0.81321371,0.30781394,0
0.38314342,3.9376156,2.6037295,-0.83801359,0.3507452,0.41798472,0
0.24814451,-0.78222048,2.6613824,0.23194653,-0.46439368,0.854716,0
-2.0344148,-3.3533249,1.5999823,0.23194653,-0.46439368,0.854716,0
-1.8723028,-3.7772508,-2.8009362,-0.4938969,-0.81321371,-0.30781394,0
-2.0405831,0.64425516,0.3495824,-0.83801359,0.3507452,0.41798472,0
2.0496669,4.3590899,1.4433737,0.4938969,0.81321371,0.30781394,0
-0.83564615,-5.4330854,-0.74776125,-0.4938969,-0.81321371,-0.30781394,0
1.5021548,-0.55433565,2.2930634,0.23194653,-0.46439368,0.854716,0
3.5101149,4.3154616,-0.65727639,0.4938969,0.81321371,0.30781394,0
4.7444,2.0638652,2.8940659,0.4938969,0.81321371,0.30781394,0
-0.91621685,3.2869401,0.1120038,-0.83801359,0.3507452,0.41798472,0
-1.7528276,-0.63275433,-2.805572,-0.23194653,0.46439368,-0.854716,0
-1.7806511,-3.9049821,-2.6228204,-0.4938969,-0.81321371,-0.30781394,0
4.7597489,2.2489967,2.9192424,0.4938969,0.81321371,0.30781394,0
-0.82342792,3.0593171,-1.0240114,-0.23194653,0.46439368,-0.854716,0
2.5863323,-0.75785983,1.4577132,0.83801359,-0.3507452,-0.41798472,0
3.0551379,3.5133748,2.0693815,0.4938969,0.81321371,0.30781394,0
4.1928196,2.6492033,2.9707284,0.4938969,0.81321371,0.30781394,0
3.1165755,2.1861331,-0.25667882,0.83801359,-0.3507452,-0.41798472,0
-1.3162007,-5.1664958,-0.0028810501,-0.4938969,-0.81321371,-0.30781394,0
1.4984589,1.7253226,3.4267006,0.23194653,-0.46439368,0.854716,0
-2.0644829,-4.6720977,-0.31219101,-0.4938969,-0.81321371,-0.30781394,0
0.30049181,2.5694265,-1.5423722,-0.23194653,0.46439368,-0.854716,0
1.5668443,-1.1301033,1.800998,0.23194653,-0.46439368,0.854716,0
2.118233,1.4997538,3.1578336,0.23194653,-0.46439368,0.854716,0
0.074687004,1.547213,-2.2642107,-0.23194653,0.46439368,-0.854716,0
-0.40122843,-4.117106,0.83230233,0.23194653,-0.46439368,0.854716,0
-1.2621202,-5.2785478,-0.38056374,-0.4938969,-0.81321371,-0.30781394,0
0.416435,-4.6409359,0.14812422,0.83801359,-0.3507452,-0.41798472,0
0.22955117,-1.3438802,-3.2686596,0.83801359,-0.3507452,-0.41798472,0
3.6382327,1.1069747,1.9752474,0.83801359,-0.3507452,-0.41798472,0
2.0679846,1.3755078,-1.9719687,0.83801359,-0.3507452,-0.41798472,0
2.5131865,-1.7313178,1.2708079,0.83801359,-0.3507452,-0.41798472,0
3.3784549,4.479403,-1.3592076,0.4938969,0.81321371,0.30781394,0
1.4904959,5.3434935,0.25159454,0.4938969,0.81321371,0.30781394,0
0.7504862,2.2696223,3.931716,0.23194653,-0.46439368,0.854716,0
-0.27242208,-5.1703534,-1.0619712,0.83801359,-0.3507452,-0.41798472,0
-1.8103709,-4.3837919,-1.572562,-0.4938969,-0.81321371,-0.30781394,0
-1.9016689,-4.3194728,-2.0601726,-0.4938969,-0.81321371,-0.30781394,0
0.5267247,-0.17873979,-3.0889103,-0.23194653,0.46439368,-0.854716,0
-0.15006256,5.0436344,0.22855854,-0.83801359,0.3507452,0.41798472,0
-0.18220854,-5.601387,-0.82475376,0.83801359,-0.3507452,-0.41798472,0
0.18297243,-3.7273097,-1.5384214,0.83801359,-0.3507452,-0.41798472,0
4.4145327,2.6557894,2.4931703,0.4938969,0.81321371,0.30781394,0
-2.0739207,-4.1630893,-2.3600061,-0.4938969,-0.81321371,-0.30781394,0
-1.3832742,-1.128489,-3.1660085,-0.23194653,0.46439368,-0.854716,0
0.59164131,0.26141572,2.9912734,0.23194653,-0.46439368,0.854716,0
-3.606703,-3.6852655,-0.24470258,-0.4938969,-0.81321371,-0.30781394,0
3.5481355,1.1038961,1.1531453,0.83801359,-0.3507452,-0.41798472,0
-2.3508875,-3.2261653,1.7527159,0.23194653,-0.46439368,0.854716,0
-1.3781074,-4.2007246,-2.5585182,-0.4938969,-0.81321371,-0.30781394,0
-2.6924038,-2.2478857,-3.5715916,-0.23194653,0.46439368,-0.854716,0
-2.9379442,-3.8020205,-1.2604339,-0.4938969,-0.81321371,-0.30781394,0
1.1008306,-2.5187912,1.239177,0.23194653,-0.46439368,0.854716,0
-3.5487258,-3.5074666,-1.8859236,-0.4938969,-0.81321371,-0.30781394,0
-3.2822526,-3.3733978,-2.3718941,-0.4938969,-0.81321371,-0.30781394,0
1.02739,3.3559265,-1.4501102,-0.23194653,0.46439368,-0.854716,0
-2.7250524,-3.8280826,-1.9031467,-0.4938969,-0.81321371,-0.30781394,0
-3.0261607,-4.392664,0.70992494,-0.4938969,-0.81321371,-0.30781394,0
-3.2676077,-3.8449299,-0.27082038,-0.4938969,-0.81321371,-0.30781394,0
-0.12763095,-4.0405178,0.64532495,0.23194653,-0.46439368,0.854716,0
1.0836909,3.2637041,-1.5355666,-0.23194653,0.46439368,-0.854716,0
-0.72684669,-5.786551,-0.26961136,-0.4938969,-0.81321371,-0.30781394,0
-4.2544241,-2.645288,-1.6907282,-0.83801359,0.3507452,0.41798472,0
-1.2286482,-4.068274,-3.4002404,0.83801359,-0.3507452,-0.41798472,0
-0.849473,-5.6087885,-0.48191547,-0.4938969,-0.81321371,-0.30781394,0
-1.3131437,-4.7725048,-1.3347607,-0.4938969,-0.81321371,-0.30781394,0
1.7024871,0.74175382,-1.6003833,0.83801359,-0.3507452,-0.41798472,0
-1.9454582,-3.8871365,1.190073,0.23194653,-0.46439368,0.854716,0
-1.4842012,-3.478519,-4.3741779,-0.23194653,0.46439368,-0.854716,0
4.0770364,1.9020288,2.8988686,0.23194653,-0.46439368,0.854716,0
-0.44379783,2.9645782,0.94151402,-0.83801359,0.3507452,0.41798472,0
-0.022482395,5.2992949,0.65746498,-0.83801359,0.3507452,0.41798472,0
-3.3410182,-3.4993265,-2.2477431,-0.4938969,-0.81321371,-0.30781394,0
3.5519276,4.4859681,-1.389492,0.4938969,0.81321371,0.30781394,0
1.8227558,4.8508806,0.93553162,0.4938969,0.81321371,0.30781394,0
-0.5370028,-3.9030209,0.89691329,0.23194653,-0.46439368,0.854716,0
-2.364094,-0.28164819,-2.6483543,-0.23194653,0.46439368,-0.854716,0
2.6162841,0.16885829,0.42769983,0.83801359,-0.3507452,-0.41798472,0
-3.2768993,-4.3245659,0.7232275,-0.4938969,-0.81321371,-0.30781394,0
-1.3350629,-3.3341427,-4.5030336,-0.23194653,0.46439368,-0.854716,0
-2.5756967,-3.2890453,-3.0977042,-0.4938969,-0.81321371,-0.30781394,0
-2.0766969,-2.4917102,-3.612458,-0.23194653,0.46439368,-0.854716,0
0.38953221,2.9419506,3.342608,-0.83801359,0.3507452,0.41798472,0
-3.579145,-3.9369516,-0.067505598,-0.4938969,-0.81321371,-0.30781394,0
-2.2439084,1.4989222,-0.8022837,-0.83801359,0.3507452,0.41798472,0
-1.1736791,-3.2204604,1.3677311,0.23194653,-0.46439368,0.854716,0
-3.2693563,-3.0415716,-3.4754887,-0.4938969,-0.81321371,-0.30781394,0
-0.69461799,-5.6576676,-0.64810371,-0.4938969,-0.81321371,-0.30781394,0
2.744647,1.4854333,2.9993315,0.23194653,-0.46439368,0.854716,0
-0.2209748,-3.2533512,-2.1908214,0.83801359,-0.3507452,-0.41798472,0
3.3995607,1.2942039,2.8469331,0.23194653,-0.46439368,0.854716,0
-1.8560669,2.231354,-0.97869945,-0.23194653,0.46439368,-0.854716,0
1.7171992,4.6931019,1.7025094,0.4938969,0.81321371,0.30781394,0
3.1400485,2.9756548,3.0095,0.4938969,0.81321371,0.30781394,0
-2.0564003,-4.0614843,-1.7789829,-0.4938969,-0.81321371,-0.30781394,0
-1.6626058,-4.5786815,-1.1504536,-0.4938969,-0.81321371,-0.30781394,0
-0.77102447,4.4969416,-0.071732521,-0.83801359,0.3507452,0.41798472,0
-3.5577488,-2.714292,-2.8903823,-0.4938969,-0.81321371,-0.30781394,0
3.0303707,4.1491175,0.078717232,0.4938969,0.81321371,0.30781394,0
0.039973021,3.4162729,-0.98495364,-0.23194653,0.46439368,-0.854716,0
-1.6348031,1.1914172,-1.9670808,-0.23194653,0.46439368,-0.854716,0
4.2201996,1.9438919,2.0741034,0.83801359,-0.3507452,-0.41798472,0
-1.9008942,-4.8599315,0.58924341,0.23194653,-0.46439368,0.854716,0
0.39134765,-0.28267503,-3.090261,-0.23194653,0.46439368,-0.854716,0
-0.6570127,-5.3347631,-1.1215153,-0.4938969,-0.81321371,-0.30781394,0
3.2308536,-0.19181335,2.1272485,0.83801359,-0.3507452,-0.41798472,0
1.8294239,5.0149336,0.47225332,0.4938969,0.81321371,0.30781394,0
0.90019476,-2.9357669,-0.73076415,0.83801359,-0.3507452,-0.41798472,0
1.6223621,4.0367794,-1.2973907,-0.23194653,0.46439368,-0.854716,0
-2.4958901,-0.13868964,-0.539213,-0.83801359,0.3507452,0.41798472,0
3.183418,3.7734084,0.53108239,0.4938969,0.81321371,0.30781394,0
-3.5276661,-1.17616,-1.6352606,-0.83801359,0.3507452,0.41798472,0
-1.4370213,-4.5275016,-1.9095531,-0.4938969,-0.81321371,-0.30781394,0
0.8081398,5.6276169,0.11644506,0.4938969,0.81321371,0.30781394,0
1.0404617,1.8629295,3.7405889,0.23194653,-0.46439368,0.854716,0
1.0478642,5.1641378,0.95545101,0.4938969,0.81321371,0.30781394,0
1.223315,2.0968637,-2.125582,-0.23194653,0.46439368,-0.854716,0
-3.7473791,-2.6738977,-3.3777177,-0.23194653,0.46439368,-0.854716,0
-3.0603261,-0.87915134,-2.7103355,-0.23194653,0.46439368,-0.854716,0
-1.4567423,1.6103203,0.06011796,-0.83801359,0.3507452,0.41798472,0
0.51302958,3.1127944,-1.3753668,-0.23194653,0.46439368,-0.854716,0
2.6139693,2.7948139,-1.8948846,0.83801359,-0.3507452,-0.41798472,0
0.6268214,1.4208912,3.3903277,0.23194653,-0.46439368,0.854716,0
-2.8899884,-2.0658648,0.4123441,-0.83801359,0.3507452,0.41798472,0
2.2257998,4.0143261,1.9655883,0.4938969,0.81321371,0.30781394,0
2.3094893,1.9543678,3.5239952,0.23194653,-0.46439368,0.854716,0
1.4728583,1.4881511,-2.4362137,-0.23194653,0.46439368,-0.854716,0
-2.8919227,-4.3598619,0.41733789,-0.4938969,-0.81321371,-0.30781394,0
-2.4452326,-3.9276533,-2.1595135,-0.4938969,-0.81321371,-0.30781394,0
3.3990748,4.7094364,-1.0113759,0.4938969,0.81321371,0.30781394,0
2.3103499,3.7267373,2.4264445,0.4938969,0.81321371,0.30781394,0
-3.2334666,-1.2325549,-0.28398013,-0.83801359,0.3507452,0.41798472,0
2.5257807,4.5940814,0.25991964,0.4938969,0.81321371,0.30781394,0
-4.5840917,-1.7200276,-2.6437831,-0.83801359,0.3507452,0.41798472,0
-3.78087,-2.3679597,-0.53531909,-0.83801359,0.3507452,0.41798472,0
-2.7602348,-3.5674882,-1.7567437,-0.4938969,-0.81321371,-0.30781394,0
-2.4080229,1.1557312,-1.7661967,-0.23194653,0.46439368,-0.854716,0
3.7337246,3.0741477,2.5769506,0.4938969,0.81321371,0.30781394,0
-0.47932816,4.490448,0.31800318,-0.83801359,0.3507452,0.41798472,0
-1.248991,0.32727027,1.5295949,-0.83801359,0.3507452,0.41798472,0
-4.1273394,-3.0681925,-1.4687996,-0.4938969,-0.81321371,-0.30781394,0
-1.7508795,2.6693997,-0.77826774,-0.83801359,0.3507452,0.41798472,0
-0.42966413,3.6311264,1.2838507,-0.83801359,0.3507452,0.41798472,0
