1.8452976,-4.3462734,1.2205577,0.39335182,-0.69748139,0.59899426,0
0.24095249,3.5796688,-2.2514501,0.81598169,0.56503677,0.12209591,0
0.084824562,0.9342432,-4.7697144,0.42361331,-0.4407416,-0.7913903,0
0.12623024,3.8236341,-3.3071918,-0.39335182,0.69748139,-0.59899426,0
2.3795381,-3.6090877,-1.0929003,0.42361331,-0.4407416,-0.7913903,0
-0.22631729,-3.8388014,1.4157648,-0.81598169,-0.56503677,-0.12209591,0
2.9866936,-3.3758459,1.3319435,0.39335182,-0.69748139,0.59899426,0
2.8914843,-1.004478,-2.5619161,0.42361331,-0.4407416,-0.7913903,0
0.013650656,2.5543842,-4.5101161,-0.39335182,0.69748139,-0.59899426,0
-3.6233463,2.0161335,-2.6739838,-0.81598169,-0.56503677,-0.12209591,0
3.2962267,-1.2235506,0.90859318,0.81598169,0.56503677,0.12209591,0
-3.6926119,3.1301994,-1.5921016,-0.39335182,0.69748139,-0.59899426,0
-3.2028975,1.4973896,-1.4713488,-0.81598169,-0.56503677,-0.12209591,0
1.0777442,-5.0506148,-0.55559063,-0.81598169,-0.56503677,-0.12209591,0
-1.7692152,5.7482901,0.077942848,-0.39335182,0.69748139,-0.59899426,0
-1.9976462,2.8139973,-3.1394067,-0.39335182,0.69748139,-0.59899426,0
2.7611098,-1.0599668,2.9515431,0.81598169,0.56503677,0.12209591,0
-2.4308677,3.0664783,1.5047904,-0.42361331,0.4407416,0.7913903,0
1.4809222,-0.044255495,5.1551561,-0.42361331,0.4407416,0.7913903,0
-2.9394283,3.4894953,-1.3776722,-0.39335182,0.69748139,-0.59899426,0
0.26947141,0.43225884,-4.6618376,0.42361331,-0.4407416,-0.7913903,0
-1.3042171,4.3549299,1.1925194,-0.42361331,0.4407416,0.7913903,0
1.3114822,0.59257615,-4.2282429,0.42361331,-0.4407416,-0.7913903,0
-0.40899003,3.6942115,0.93841839,0.81598169,0.56503677,0.12209591,0
-2.7205453,-0.011709929,2.269177,-0.81598169,-0.56503677,-0.12209591,0
-0.21297348,3.8258078,-2.8101354,-0.39335182,0.69748139,-0.59899426,0
0.34222698,-3.2124741,-2.6126056,0.42361331,-0.4407416,-0.7913903,0
0.74311471,-2.2783589,-2.9432116,0.42361331,-0.4407416,-0.7913903,0
2.0759039,-3.3792617,-1.3425883,0.42361331,-0.4407416,-0.7913903,0
-0.8219142,-3.0119696,1.9948804,-0.81598169,-0.56503677,-0.12209591,0
2.900737,-4.0969577,-0.66076517,0.42361331,-0.4407416,-0.7913903,0
-2.5168297,-0.77810907,2.6542678,-0.81598169,-0.56503677,-0.12209591,0
1.763555,1.3519763,-4.051981,0.42361331,-0.4407416,-0.7913903,0
-3.2372944,4.6013947,0.13045835,-0.42361331,0.4407416,0.7913903,0
-0.36447299,-3.5736675,3.2018518,-0.81598169,-0.56503677,-0.12209591,0
3.1937943,-3.9416785,0.83507967,0.39335182,-0.69748139,0.59899426,0
-2.1775184,-0.55017972,-0.53638226,-0.81598169,-0.56503677,-0.12209591,0
-1.9619962,2.991076,-2.7056909,-0.39335182,0.69748139,-0.59899426,0
-4.3113918,3.3705769,0.25377035,-0.42361331,0.4407416,0.7913903,0
1.3854918,-5.4397454,-0.45117426,0.42361331,-0.4407416,-0.7913903,0
1.0676262,1.0153015,4.5209665,-0.42361331,0.4407416,0.7913903,0
-1.5078988,4.5500956,-0.94389153,-0.39335182,0.69748139,-0.59899426,0
1.9072073,0.9015919,-1.5982652,0.81598169,0.56503677,0.12209591,0
0.24157619,-0.15204501,4.4776034,-0.42361331,0.4407416,0.7913903,0
2.5887022,-4.581358,0.62766266,0.39335182,-0.69748139,0.59899426,0
0.3444196,-3.5638762,-1.2949435,-0.81598169,-0.56503677,-0.12209591,0
-4.5659685,3.6908941,-0.1397934,-0.39335182,0.69748139,-0.59899426,0
2.3126812,-0.64312649,3.0246136,0.81598169,0.56503677,0.12209591,0
-0.47593641,3.1148429,-3.2627711,-0.39335182,0.69748139,-0.59899426,0
-4.6454487,3.8258636,-0.25849009,-0.39335182,0.69748139,-0.59899426,0
-2.4218926,1.9960748,-3.2727668,-0.39335182,0.69748139,-0.59899426,0
3.6654034,-2.6783481,2.0110817,0.39335182,-0.69748139,0.59899426,0
1.7717128,1.6048007,-3.6275561,0.81598169,0.56503677,0.12209591,0
3.6276655,-3.1489801,1.3389387,0.39335182,-0.69748139,0.59899426,0
2.1347647,-4.4988418,0.99743414,0.39335182,-0.69748139,0.59899426,0
-3.9013,3.1895552,0.37792754,-0.42361331,0.4407416,0.7913903,0
1.8622752,0.12721229,2.1315694,0.81598169,0.56503677,0.12209591,0
4.0145173,-2.779628,1.33337,0.81598169,0.56503677,0.12209591,0
2.8854251,-4.1512218,0.76556301,0.39335182,-0.69748139,0.59899426,0
-1.7074801,3.918483,-1.8424058,-0.39335182,0.69748139,-0.59899426,0
-0.75186932,2.9893851,-3.2462287,-0.39335182,0.69748139,-0.59899426,0
-1.7707491,3.7901492,-1.7855129,-0.39335182,0.69748139,-0.59899426,0
-0.055840015,3.7112925,-3.4152303,-0.39335182,0.69748139,-0.59899426,0
-2.305752,2.8812838,1.4341823,-0.42361331,0.4407416,0.7913903,0
-1.6911881,-1.8505675,3.862942,-0.81598169,-0.56503677,-0.12209591,0
0.73262835,-1.2334651,5.3636971,0.39335182,-0.69748139,0.59899426,0
-0.85939479,-0.75596845,4.1375408,-0.42361331,0.4407416,0.7913903,0
2.1921468,-4.1336908,-0.85674071,0.42361331,-0.4407416,-0.7913903,0
-1.3642846,-1.3705193,-0.2920537,-0.81598169,-0.56503677,-0.12209591,0
-3.4425387,4.166719,0.064529419,-0.42361331,0.4407416,0.7913903,0
-0.82720542,0.92152047,3.2294593,-0.42361331,0.4407416,0.7913903,0
-2.2688255,2.0648434,2.3005121,-0.42361331,0.4407416,0.7913903,0
-2.2811627,0.50432962,2.8613064,-0.42361331,0.4407416,0.7913903,0
2.3511739,-0.32121158,2.8052363,0.81598169,0.56503677,0.12209591,0
-2.0188794,5.2741804,0.0040783882,-0.39335182,0.69748139,-0.59899426,0
0.43195695,-4.0378723,2.2438045,0.39335182,-0.69748139,0.59899426,0
-2.3490591,3.6956942,-1.3975554,-0.39335182,0.69748139,-0.59899426,0
-2.1949165,1.0940948,-4.529788,-0.39335182,0.69748139,-0.59899426,0
-3.2345803,0.29934657,2.6907582,-0.42361331,0.4407416,0.7913903,0
-3.9158001,2.4512415,0.81434238,-0.42361331,0.4407416,0.7913903,0
3.8396859,-2.1079872,-1.0071514,0.42361331,-0.4407416,-0.7913903,0
-0.79231954,-3.1503682,4.1646962,-0.81598169,-0.56503677,-0.12209591,0
1.8306458,0.083745718,3.8316026,0.81598169,0.56503677,0.12209591,0
1.0858282,1.870339,0.02968049,0.81598169,0.56503677,0.12209591,0
-0.54319429,1.8555107,2.9706514,-0.42361331,0.4407416,0.7913903,0
1.8474524,-1.9739461,3.7033899,0.39335182,-0.69748139,0.59899426,0
3.1319385,-2.1764433,2.9775984,0.39335182,-0.69748139,0.59899426,0
2.4000821,-4.2231331,1.3128071,0.39335182,-0.69748139,0.59899426,0
2.9383454,-0.35992151,-2.4626958,0.42361331,-0.4407416,-0.7913903,0
0.78879094,-2.1120632,4.5047278,0.39335182,-0.69748139,0.59899426,0
-2.1978338,3.9694405,0.90808177,-0.42361331,0.4407416,0.7913903,0
-2.8138962,0.64959717,-1.920393,-0.81598169,-0.56503677,-0.12209591,0
0.53692627,-1.3259577,-3.5569005,0.42361331,-0.4407416,-0.7913903,0
-1.969414,5.4061732,0.40828609,-0.42361331,0.4407416,0.7913903,0
0.011590004,1.9396576,-5.164762,-0.39335182,0.69748139,-0.59899426,0
-2.1591172,0.18383074,-2.446178,-0.81598169,-0.56503677,-0.12209591,0
0.36363411,1.2463796,3.9297228,-0.42361331,0.4407416,0.7913903,0
-4.2428579,2.4059961,-0.66314268,-0.81598169,-0.56503677,-0.12209591,0
2.2819045,-4.4405308,0.54282761,0.39335182,-0.69748139,0.59899426,0
0.89755821,2.8213894,-3.6714253,0.81598169,0.56503677,0.12209591,0
-3.0518608,2.7939241,-2.0240588,-0.39335182,0.69748139,-0.59899426,0
2.4291379,-3.3486004,-1.3990029,0.42361331,-0.4407416,-0.7913903,0
0.10127378,0.60468817,3.9203844,-0.42361331,0.4407416,0.7913903,0
4.0639033,-3.3170397,-0.21299481,0.42361331,-0.4407416,-0.7913903,0
4.1864238,-2.7279422,-0.42025185,0.42361331,-0.4407416,-0.7913903,0
-0.35814857,0.12020671,3.9586248,-0.42361331,0.4407416,0.7913903,0
1.4190784,1.5803714,0.4943276,0.81598169,0.56503677,0.12209591,0
-3.260941,3.1772349,-1.3525,-0.39335182,0.69748139,-0.59899426,0
0.012735814,-4.0186286,1.2648511,-0.81598169,-0.56503677,-0.12209591,0
-1.4083741,-1.6562264,4.5795326,-0.42361331,0.4407416,0.7913903,0
-1.7585006,5.4213157,0.26498795,-0.39335182,0.69748139,-0.59899426,0
3.2628672,-4.4157772,0.095065117,0.39335182,-0.69748139,0.59899426,0
0.84307766,3.0618079,-3.3533549,0.81598169,0.56503677,0.12209591,0
0.8962183,-3.6831751,2.624723,0.39335182,-0.69748139,0.59899426,0
3.6352258,-1.3425732,-1.675289,0.81598169,0.56503677,0.12209591,0
3.880131,-2.0232608,-0.70412171,0.81598169,0.56503677,0.12209591,0
-0.87098503,4.1630263,-2.0306802,-0.39335182,0.69748139,-0.59899426,0
-0.16468,-0.73354876,4.5990114,-0.42361331,0.4407416,0.7913903,0
0.49213409,-4.3501563,0.60815477,-0.81598169,-0.56503677,-0.12209591,0
-2.6041415,0.33173811,0.48068401,-0.81598169,-0.56503677,-0.12209591,0
4.14608,-2.5797951,0.88017154,0.81598169,0.56503677,0.12209591,0
-1.611536,-1.8786767,3.9672108,-0.81598169,-0.56503677,-0.12209591,0
-2.8373959,4.5081053,-0.42568254,-0.39335182,0.69748139,-0.59899426,0
-1.5026371,-0.448125,3.8536098,-0.42361331,0.4407416,0.7913903,0
-3.2409954,4.3502731,0.10932255,-0.42361331,0.4407416,0.7913903,0
-4.357728,3.4558654,-0.075113773,-0.42361331,0.4407416,0.7913903,0
0.3552227,2.535769,3.0144396,0.81598169,0.56503677,0.12209591,0
-1.4443402,-0.74429369,-4.1586742,-0.81598169,-0.56503677,-0.12209591,0
1.1726668,-2.0250039,4.1775808,0.39335182,-0.69748139,0.59899426,0
0.46792793,-3.2268944,-2.4459314,0.42361331,-0.4407416,-0.7913903,0
1.5168861,-2.8376222,-2.1775405,0.42361331,-0.4407416,-0.7913903,0
2.1494522,0.10375166,2.7339721,0.81598169,0.56503677,0.12209591,0
-0.7740643,2.0500107,-4.4322114,-0.39335182,0.69748139,-0.59899426,0
-1.7275565,0.67831624,3.292685,-0.42361331,0.4407416,0.7913903,0
2.2127349,-1.3290029,4.3198829,0.39335182,-0.69748139,0.59899426,0
2.4898701,0.018112421,-0.31626645,0.81598169,0.56503677,0.12209591,0
-0.72102332,2.9366333,-3.6162901,-0.39335182,0.69748139,-0.59899426,0
-0.79487085,2.8328438,-3.5714068,-0.39335182,0.69748139,-0.59899426,0
0.30312073,-4.3715997,2.1899519,0.39335182,-0.69748139,0.59899426,0
1.5069951,-4.2111707,1.509625,0.39335182,-0.69748139,0.59899426,0
-0.014181137,2.3188729,-5.0412359,-0.39335182,0.69748139,-0.59899426,0
1.8151042,1.156002,-0.46042168,0.81598169,0.56503677,0.12209591,0
-1.5648813,3.0264034,-2.8319054,-0.39335182,0.69748139,-0.59899426,0
-4.3091421,3.8166728,-0.29181099,-0.39335182,0.69748139,-0.59899426,0
1.420782,-3.7564354,-1.63166,0.42361331,-0.4407416,-0.7913903,0
-0.11860566,-3.3915925,0.46219301,-0.81598169,-0.56503677,-0.12209591,0
-2.1411848,5.239254,0.59451771,-0.42361331,0.4407416,0.7913903,0
-0.52379203,-2.0151975,5.2127738,0.39335182,-0.69748139,0.59899426,0
-0.33628869,-3.7978683,3.4191818,0.39335182,-0.69748139,0.59899426,0
0.065263748,-0.45971656,4.7627068,-0.42361331,0.4407416,0.7913903,0
3.5117645,-3.5434361,-0.78635812,0.42361331,-0.4407416,-0.7913903,0
-2.2608123,2.7237489,1.8163756,-0.42361331,0.4407416,0.7913903,0
3.1571074,-4.1929107,-0.30511284,0.42361331,-0.4407416,-0.7913903,0
2.1334746,0.5782733,0.8576442,0.81598169,0.56503677,0.12209591,0
-2.4263544,-0.41581833,1.3964249,-0.81598169,-0.56503677,-0.12209591,0
0.60986066,1.6150236,-4.9131393,0.42361331,-0.4407416,-0.7913903,0
1.4225596,-2.0132487,-2.5705633,0.42361331,-0.4407416,-0.7913903,0
-1.9170296,3.6973724,-1.762495,-0.39335182,0.69748139,-0.59899426,0
-1.2010911,-0.75640583,-3.7717018,-0.81598169,-0.56503677,-0.12209591,0
0.62181401,3.4453971,-3.9888492,-0.39335182,0.69748139,-0.59899426,0
-0.62059307,0.83609486,-5.0520372,0.42361331,-0.4407416,-0.7913903,0
2.1891246,-4.8790255,0.36784363,0.39335182,-0.69748139,0.59899426,0
-4.2719231,3.448807,-0.71412659,-0.39335182,0.69748139,-0.59899426,0
-1.3075886,-1.729902,-0.52215117,-0.81598169,-0.56503677,-0.12209591,0
0.57750702,-1.306844,5.3599648,0.39335182,-0.69748139,0.59899426,0
-0.3074255,-1.9085283,-3.3855124,0.42361331,-0.4407416,-0.7913903,0
0.64149308,-2.1964164,4.2096548,0.39335182,-0.69748139,0.59899426,0
3.9743896,-3.4777169,-0.39432263,0.42361331,-0.4407416,-0.7913903,0
2.7608886,-1.5101707,-2.132782,0.42361331,-0.4407416,-0.7913903,0
-1.2797055,-0.88127118,4.1971383,-0.42361331,0.4407416,0.7913903,0
-0.68240476,0.17504263,-4.6446609,0.42361331,-0.4407416,-0.7913903,0
2.0829718,-1.9105164,3.6072326,0.39335182,-0.69748139,0.59899426,0
-1.7688321,4.670383,-0.79854012,-0.39335182,0.69748139,-0.59899426,0
-0.80808949,-1.7139707,-2.8452969,-0.81598169,-0.56503677,-0.12209591,0
1.3584056,-1.9666312,-2.7926793,0.42361331,-0.4407416,-0.7913903,0
-1.7644563,2.5013316,-3.4654083,-0.39335182,0.69748139,-0.59899426,0
-0.27214834,4.131835,-0.84853888,0.81598169,0.56503677,0.12209591,0
1.4982709,1.3227087,-0.99386978,0.81598169,0.56503677,0.12209591,0
0.4313221,2.2245169,-5.340786,-0.39335182,0.69748139,-0.59899426,0
-2.1193373,4.7804451,-0.55457401,-0.39335182,0.69748139,-0.59899426,0
0.64831549,-4.4476357,-0.05115366,-0.81598169,-0.56503677,-0.12209591,0
4.2698097,-3.3293786,-0.052760363,0.42361331,-0.4407416,-0.7913903,0
0.36261082,2.4045997,-4.655406,-0.39335182,0.69748139,-0.59899426,0
3.6134336,-4.323379,-0.18436813,0.42361331,-0.4407416,-0.7913903,0
-0.07952857,3.4705496,1.8949963,0.81598169,0.56503677,0.12209591,0
-2.8398323,4.171185,-1.1032658,-0.39335182,0.69748139,-0.59899426,0
1.481782,-4.9449139,-0.70651674,0.42361331,-0.4407416,-0.7913903,0
-0.41183281,4.0090442,-2.2924161,-0.39335182,0.69748139,-0.59899426,0
0.063106775,-2.7862108,-3.068356,0.42361331,-0.4407416,-0.7913903,0
-4.4300809,3.459559,-0.29144526,-0.39335182,0.69748139,-0.59899426,0
0.92049861,1.1517069,4.4021187,-0.42361331,0.4407416,0.7913903,0
3.1454835,-1.7312102,2.8828328,0.81598169,0.56503677,0.12209591,0
2.0507774,-1.1108807,-2.7456763,0.42361331,-0.4407416,-0.7913903,0
4.3650498,-3.7155104,0.1718049,0.42361331,-0.4407416,-0.7913903,0
-2.5271695,2.7927811,1.3298283,-0.42361331,0.4407416,0.7913903,0
-2.3187799,-0.28256845,-0.055854738,-0.81598169,-0.56503677,-0.12209591,0
3.2404149,-4.099968,0.89723492,0.39335182,-0.69748139,0.59899426,0
-1.6601107,0.64752847,2.9437792,-0.42361331,0.4407416,0.7913903,0
-1.5220125,-0.11505032,-4.1786098,-0.81598169,-0.56503677,-0.12209591,0
-3.3163307,4.4575748,0.087934494,-0.39335182,0.69748139,-0.59899426,0
-0.66768384,-1.7696021,-2.206548,-0.81598169,-0.56503677,-0.12209591,0
0.63717508,-1.0386806,5.1582789,-0.42361331,0.4407416,0.7913903,0
-4.1213722,3.353919,-0.69349098,-0.39335182,0.69748139,-0.59899426,0
-1.2377787,-2.3661416,4.2172966,-0.81598169,-0.56503677,-0.12209591,0
3.7499223,-3.1460056,1.6924458,0.39335182,-0.69748139,0.59899426,0
-0.87973017,4.6767502,0.30993891,0.81598169,0.56503677,0.12209591,0
0.940171,0.99270844,4.1950312,0.81598169,0.56503677,0.12209591,0
2.0842571,-5.0559807,-0.44480801,0.42361331,-0.4407416,-0.7913903,0
1.9292314,0.35218406,3.4542289,0.81598169,0.56503677,0.12209591,0
4.1537356,-2.4379554,1.4104509,0.81598169,0.56503677,0.12209591,0
-0.97699225,-2.2725174,0.89458227,-0.81598169,-0.56503677,-0.12209591,0
-3.0525789,1.2858455,-3.009984,-0.81598169,-0.56503677,-0.12209591,0
1.3713565,-0.026948571,-3.4479747,0.42361331,-0.4407416,-0.7913903,0
0.992764,-0.97083139,5.5358658,-0.42361331,0.4407416,0.7913903,0
-0.98849463,-0.41051173,-4.8593106,0.42361331,-0.4407416,-0.7913903,0
-0.063486576,2.219207,-5.0522065,-0.39335182,0.69748139,-0.59899426,0
1.3394545,-2.9675615,-1.8315668,0.42361331,-0.4407416,-0.7913903,0
2.3127487,0.19085121,-0.87050593,0.81598169,0.56503677,0.12209591,0
-0.39650393,1.6897039,-5.3062544,-0.39335182,0.69748139,-0.59899426,0
0.81527734,-1.8314739,4.9874215,0.39335182,-0.69748139,0.59899426,0
0.3472867,2.649102,-4.3812037,-0.39335182,0.69748139,-0.59899426,0
-3.3025532,3.3264201,-1.4707255,-0.39335182,0.69748139,-0.59899426,0
-1.6025954,-2.0618906,3.1179812,-0.81598169,-0.56503677,-0.12209591,0
-1.7928373,5.325583,0.28422689,-0.42361331,0.4407416,0.7913903,0
-0.038904905,-2.6910372,-2.7963324,-0.81598169,-0.56503677,-0.12209591,0
-0.14981461,0.0038938522,4.4065804,-0.42361331,0.4407416,0.7913903,0
-0.30979729,3.3536305,2.5284047,-0.42361331,0.4407416,0.7913903,0
2.3962464,-0.64834309,3.4459293,0.81598169,0.56503677,0.12209591,0
-2.0559945,0.26132059,-4.8417692,-0.81598169,-0.56503677,-0.12209591,0
1.3870223,1.3830419,1.9840133,0.81598169,0.56503677,0.12209591,0
2.5335464,-1.1192975,4.2312851,0.81598169,0.56503677,0.12209591,0
-3.9864879,2.2624524,0.43741536,-0.81598169,-0.56503677,-0.12209591,0
-0.24032545,-2.1906557,5.371594,0.39335182,-0.69748139,0.59899426,0
-1.3695567,-2.457592,5.2771678,-0.42361331,0.4407416,0.7913903,0
1.143177,-0.69807005,5.2109008,-0.42361331,0.4407416,0.7913903,0
0.92089415,-1.8847449,5.0146728,0.39335182,-0.69748139,0.59899426,0
0.82132101,-0.060411453,5.0404148,-0.42361331,0.4407416,0.7913903,0
-2.1273732,0.77568734,2.9847448,-0.42361331,0.4407416,0.7913903,0
1.1037309,1.4730058,3.2215004,0.81598169,0.56503677,0.12209591,0
2.563977,-0.22257483,-0.10661,0.81598169,0.56503677,0.12209591,0
0.93502116,-2.0058131,4.2847118,0.39335182,-0.69748139,0.59899426,0
-1.3602011,-2.3417435,4.0361648,-0.81598169,-0.56503677,-0.12209591,0
4.023068,-4.0549078,0.30901289,0.39335182,-0.69748139,0.59899426,0
-1.2817452,0.58363253,3.3111968,-0.42361331,0.4407416,0.7913903,0
0.73365402,1.1742404,4.2587738,-0.42361331,0.4407416,0.7913903,0
0.19513488,3.6166201,-3.6318855,-0.39335182,0.69748139,-0.59899426,0
-3.3971474,2.3453813,-2.410778,-0.39335182,0.69748139,-0.59899426,0
3.8229046,-3.9344978,0.48118782,0.39335182,-0.69748139,0.59899426,0
0.9516573,2.0985594,-5.1341267,0.42361331,-0.4407416,-0.7913903,0
-0.66846657,0.57624888,-5.0631948,0.42361331,-0.4407416,-0.7913903,0
0.7803672,-4.8135443,1.3907189,0.39335182,-0.69748139,0.59899426,0
-2.5991518,1.2407479,-4.2969065,-0.39335182,0.69748139,-0.59899426,0
-0.86374104,3.2532263,-2.8904991,-0.39335182,0.69748139,-0.59899426,0
0.25689274,-3.7552524,-0.2470665,-0.81598169,-0.56503677,-0.12209591,0
-2.8439248,3.4531426,0.85191536,-0.42361331,0.4407416,0.7913903,0
0.81695414,-2.6750617,3.9550462,0.39335182,-0.69748139,0.59899426,0
1.8818877,-4.6286912,-0.77945209,0.42361331,-0.4407416,-0.7913903,0
-2.8799219,3.6526461,-1.0986233,-0.39335182,0.69748139,-0.59899426,0
-1.1157176,-0.38725519,-4.7664571,0.42361331,-0.4407416,-0.7913903,0
1.3583276,2.0571356,-2.020263,0.81598169,0.56503677,0.12209591,0
0.25381732,-3.8447673,2.8557158,0.39335182,-0.69748139,0.59899426,0
-1.5043705,-0.4815259,4.0065379,-0.42361331,0.4407416,0.7913903,0
3.7803397,-4.3101339,0.18534899,0.39335182,-0.69748139,0.59899426,0
-1.1705431,-2.6069095,2.9537189,-0.81598169,-0.56503677,-0.12209591,0
-0.93568754,3.3683593,1.9383454,-0.42361331,0.4407416,0.7913903,0
-1.4130397,-1.1430714,-1.3974755,-0.81598169,-0.56503677,-0.12209591,0
0.91152143,2.2189827,-1.0025308,0.81598169,0.56503677,0.12209591,0
-4.2178993,3.7178578,-0.65758181,-0.39335182,0.69748139,-0.59899426,0
4.0687976,-3.3564219,0.74710608,0.39335182,-0.69748139,0.59899426,0
-3.2928972,4.0126686,0.33932781,-0.42361331,0.4407416,0.7913903,0
3.9487748,-2.1496692,1.5259411,0.81598169,0.56503677,0.12209591,0
4.159852,-2.9162993,0.62342811,0.81598169,0.56503677,0.12209591,0
-0.70186901,-3.1019077,4.1347713,0.39335182,-0.69748139,0.59899426,0
-2.6151605,2.2804129,1.7171965,-0.42361331,0.4407416,0.7913903,0
-0.29971218,0.88486218,-4.9668231,0.42361331,-0.4407416,-0.7913903,0
-4.5126934,3.153049,-0.57342482,-0.81598169,-0.56503677,-0.12209591,0
-0.30543709,0.13332462,-4.5429525,0.42361331,-0.4407416,-0.7913903,0
-0.53561443,4.2764988,-1.4006724,0.81598169,0.56503677,0.12209591,0
2.3591158,-2.2194996,-1.9568927,0.42361331,-0.4407416,-0.7913903,0
1.4738252,-0.4704349,-3.5235302,0.42361331,-0.4407416,-0.7913903,0
0.41860867,1.9715619,-5.0474739,0.42361331,-0.4407416,-0.7913903,0
-0.67990828,-3.2523642,2.9491377,-0.81598169,-0.56503677,-0.12209591,0
3.7755463,-2.4365239,1.6476541,0.81598169,0.56503677,0.12209591,0
-1.2253088,2.8786678,-3.3482533,-0.39335182,0.69748139,-0.59899426,0
-1.0660733,4.6336164,0.8810091,0.81598169,0.56503677,0.12209591,0
-4.2291145,2.7356167,0.84116316,-0.42361331,0.4407416,0.7913903,0
-1.8774519,-1.1051338,3.9987652,-0.42361331,0.4407416,0.7913903,0
2.2572765,-1.1024907,-2.4988632,0.42361331,-0.4407416,-0.7913903,0
-1.1529174,-0.59884405,-4.8643212,0.42361331,-0.4407416,-0.7913903,0
0.95199156,-0.057817936,5.1419325,-0.42361331,0.4407416,0.7913903,0
0.09532547,0.76643479,-4.7794333,0.42361331,-0.4407416,-0.7913903,0
2.1663198,0.38225228,-3.5179489,0.42361331,-0.4407416,-0.7913903,0
-0.76489878,1.5860186,-5.0670204,-0.39335182,0.69748139,-0.59899426,0
2.0629489,-2.7193522,-2.0339019,0.42361331,-0.4407416,-0.7913903,0
3.5436273,-2.6030049,2.1961923,0.39335182,-0.69748139,0.59899426,0
0.019582748,1.2380874,-5.299407,0.42361331,-0.4407416,-0.7913903,0
-1.3483857,2.8429093,2.1966834,-0.42361331,0.4407416,0.7913903,0
2.0432692,-1.5729053,4.3963137,0.39335182,-0.69748139,0.59899426,0
0.8478651,2.0584731,-4.863142,0.42361331,-0.4407416,-0.7913903,0
-4.171042,3.204107,-1.2192836,-0.39335182,0.69748139,-0.59899426,0
0.45309734,0.2299974,4.6321969,-0.42361331,0.4407416,0.7913903,0
-0.26740432,2.3937242,-4.3740768,-0.39335182,0.69748139,-0.59899426,0
2.994863,-4.0845337,0.73409748,0.39335182,-0.69748139,0.59899426,0
-1.0958674,-0.48446131,-4.6808701,0.42361331,-0.4407416,-0.7913903,0
3.7713361,-3.2741914,1.3102241,0.39335182,-0.69748139,0.59899426,0
-0.11318731,3.403487,1.76767,0.81598169,0.56503677,0.12209591,0
-3.0281589,0.54291964,0.55186296,-0.81598169,-0.56503677,-0.12209591,0
-2.2405436,2.6271133,-3.2427435,-0.39335182,0.69748139,-0.59899426,0
2.0419445,1.53518,-3.9627168,0.81598169,0.56503677,0.12209591,0
-2.8213964,-0.16125679,2.4977622,-0.81598169,-0.56503677,-0.12209591,0
-1.9063123,-1.6619155,3.1851881,-0.81598169,-0.56503677,-0.12209591,0
-2.964277,2.2736297,-2.9883735,-0.39335182,0.69748139,-0.59899426,0
0.8378768,-4.7530904,-0.98917866,-0.81598169,-0.56503677,-0.12209591,0
-1.1354258,3.2873094,1.7824485,-0.42361331,0.4407416,0.7913903,0
2.9570572,-1.3696457,1.5170064,0.81598169,0.56503677,0.12209591,0
0.019519329,3.8370428,-3.2386942,-0.39335182,0.69748139,-0.59899426,0
1.0972683,0.95494795,3.5477118,0.81598169,0.56503677,0.12209591,0
-3.3823285,2.6834793,-2.28549,-0.39335182,0.69748139,-0.59899426,0
-2.5178723,1.5875316,-3.897325,-0.39335182,0.69748139,-0.59899426,0
-4.1457624,2.850544,-0.98508406,-0.81598169,-0.56503677,-0.12209591,0
-1.5133479,1.7631767,2.7810278,-0.42361331,0.4407416,0.7913903,0
-0.30775261,-2.2626348,-3.1989272,0.42361331,-0.4407416,-0.7913903,0
-2.0018835,3.5427058,1.6255028,-0.42361331,0.4407416,0.7913903,0
0.077462196,-1.0948515,5.0305872,-0.42361331,0.4407416,0.7913903,0
1.5852861,-4.8493981,1.0911779,0.39335182,-0.69748139,0.59899426,0
0.97206426,-2.5219371,3.9927406,0.39335182,-0.69748139,0.59899426,0
-1.5042086,3.5053606,-2.2627335,-0.39335182,0.69748139,-0.59899426,0
-3.2113893,1.5768173,1.8496246,-0.42361331,0.4407416,0.7913903,0
2.5968387,-3.4858642,-1.282784,0.42361331,-0.4407416,-0.7913903,0
2.7341208,-0.40224814,-2.6986594,0.42361331,-0.4407416,-0.7913903,0
-0.61562133,0.45995331,-4.7894449,0.42361331,-0.4407416,-0.7913903,0
-3.3487792,2.9846182,0.7934134,-0.42361331,0.4407416,0.7913903,0
-1.4176633,0.24675477,3.422657,-0.42361331,0.4407416,0.7913903,0
1.9048758,1.3700268,-3.7622392,0.81598169,0.56503677,0.12209591,0
0.27677202,1.3162125,-5.2089181,0.42361331,-0.4407416,-0.7913903,0
-2.1887274,3.6627574,-1.7634282,-0.39335182,0.69748139,-0.59899426,0
-1.4175189,-1.9249649,4.6923599,-0.42361331,0.4407416,0.7913903,0
1.4305291,2.1515615,-3.2001655,0.81598169,0.56503677,0.12209591,0
1.5105693,2.2526932,-4.2838931,0.81598169,0.56503677,0.12209591,0
4.1170983,-3.4320219,0.53880262,0.39335182,-0.69748139,0.59899426,0
-1.362365,-2.1570985,1.9948092,-0.81598169,-0.56503677,-0.12209591,0
-1.5039582,2.0459406,2.6691289,-0.42361331,0.4407416,0.7913903,0
-1.3556008,-2.5039961,3.762327,-0.81598169,-0.56503677,-0.12209591,0
-1.1939523,2.0560679,2.4604959,-0.42361331,0.4407416,0.7913903,0
1.4075642,-0.49357057,5.3698673,-0.42361331,0.4407416,0.7913903,0
2.8980179,-2.1308229,2.8709347,0.39335182,-0.69748139,0.59899426,0
3.484894,-1.2247592,-1.6428151,0.42361331,-0.4407416,-0.7913903,0
1.0071954,2.0707254,0.28511858,0.81598169,0.56503677,0.12209591,0
1.0663335,2.1338201,0.1881907,0.81598169,0.56503677,0.12209591,0
-0.97161078,2.1481106,-4.6557846,-0.39335182,0.69748139,-0.59899426,0
0.72692013,-1.6463709,5.1644354,0.39335182,-0.69748139,0.59899426,0
-2.0449519,-0.6862756,0.80531275,-0.81598169,-0.56503677,-0.12209591,0
0.69889653,-4.5531549,1.0850086,-0.81598169,-0.56503677,-0.12209591,0
-0.45222387,4.0228386,-0.47707701,0.81598169,0.56503677,0.12209591,0
-2.7202921,1.2117956,-3.5041163,-0.81598169,-0.56503677,-0.12209591,0
0.3241477,-1.6803865,5.4473343,0.39335182,-0.69748139,0.59899426,0
-2.3860412,0.10970044,-1.019182,-0.81598169,-0.56503677,-0.12209591,0
-1.255044,1.0693624,-5.7766085,-0.39335182,0.69748139,-0.59899426,0
-0.23876786,0.15004849,4.3809156,-0.42361331,0.4407416,0.7913903,0
1.3048177,2.0559864,-2.2236626,0.81598169,0.56503677,0.12209591,0
-0.79134947,-2.9250793,1.975898,-0.81598169,-0.56503677,-0.12209591,0
2.2531047,-1.1282401,-2.4308572,0.42361331,-0.4407416,-0.7913903,0
1.192462,-0.90230203,5.7620792,-0.42361331,0.4407416,0.7913903,0
-0.69189811,2.1827016,2.910955,-0.42361331,0.4407416,0.7913903,0
2.0565484,-4.0899663,1.6162581,0.39335182,-0.69748139,0.59899426,0
-2.3307538,1.7728682,2.1268485,-0.42361331,0.4407416,0.7913903,0
-2.6910291,3.9692888,-1.4150276,-0.39335182,0.69748139,-0.59899426,0
0.15027666,3.167717,-3.6327324,-0.39335182,0.69748139,-0.59899426,0
-2.2498021,-0.55478621,3.4085445,-0.42361331,0.4407416,0.7913903,0
2.9064322,-3.7788014,1.2653632,0.39335182,-0.69748139,0.59899426,0
-0.2191571,4.3980432,-2.4602537,-0.39335182,0.69748139,-0.59899426,0
3.674226,-2.9735005,1.6079297,0.39335182,-0.69748139,0.59899426,0
-2.1155169,-1.0009911,3.7203143,-0.42361331,0.4407416,0.7913903,0
0.39109993,-0.7362752,5.2260771,-0.42361331,0.4407416,0.7913903,0
-1.1674697,-1.0901061,4.4964857,-0.42361331,0.4407416,0.7913903,0
1.9875088,0.4416458,-3.7394562,0.42361331,-0.4407416,-0.7913903,0
-1.962515,-0.57392943,0.98499018,-0.81598169,-0.56503677,-0.12209591,0
2.7905731,-0.49574816,0.28914535,0.81598169,0.56503677,0.12209591,0
-3.5985694,1.9146473,-0.77517915,-0.81598169,-0.56503677,-0.12209591,0
-3.2917466,1.1784043,-0.037626386,-0.81598169,-0.56503677,-0.12209591,0
0.25151134,-2.856842,3.7559652,0.39335182,-0.69748139,0.59899426,0
3.2853248,-2.9056976,2.1677952,0.39335182,-0.69748139,0.59899426,0
-2.788312,2.3267393,-2.8341084,-0.39335182,0.69748139,-0.59899426,0
-1.428458,2.7306619,-3.6641507,-0.39335182,0.69748139,-0.59899426,0
-0.86108541,4.0714607,-2.3454146,-0.39335182,0.69748139,-0.59899426,0
-0.46712852,-3.6415291,3.8784046,0.39335182,-0.69748139,0.59899426,0
-2.6127048,0.13970208,-0.6750949,-0.81598169,-0.56503677,-0.12209591,0
1.792686,0.9476372,-0.61365104,0.81598169,0.56503677,0.12209591,0
-1.4352114,-2.1609783,2.5549819,-0.81598169,-0.56503677,-0.12209591,0
2.1685193,-0.42802882,4.3565488,0.81598169,0.56503677,0.12209591,0
1.9638197,-1.0932078,4.9317131,0.39335182,-0.69748139,0.59899426,0
0.78642583,1.939621,-4.8610325,0.42361331,-0.4407416,-0.7913903,0
-0.45428455,-2.7127485,-0.62369299,-0.81598169,-0.56503677,-0.12209591,0
-1.0251737,3.588084,-2.3404031,-0.39335182,0.69748139,-0.59899426,0
-0.6360786,3.9899893,-2.4686875,-0.39335182,0.69748139,-0.59899426,0
-1.922489,2.544914,1.7484661,-0.42361331,0.4407416,0.7913903,0
2.525444,-0.2908783,-2.8611042,0.42361331,-0.4407416,-0.7913903,0
-1.0502951,-2.9497688,3.0644112,-0.81598169,-0.56503677,-0.12209591,0
4.7746768,-3.5344651,-0.11252213,0.42361331,-0.4407416,-0.7913903,0
-2.3942595,-0.0016641617,-0.18299362,-0.81598169,-0.56503677,-0.12209591,0
2.151206,-0.031764507,2.9321928,0.81598169,0.56503677,0.12209591,0
0.59296429,-4.2984619,0.71152973,-0.81598169,-0.56503677,-0.12209591,0
-2.5252104,-0.19849229,0.2368798,-0.81598169,-0.56503677,-0.12209591,0
1.5059502,1.3511093,0.43130857,0.81598169,0.56503677,0.12209591,0
1.7935483,-2.0311019,3.801348,0.39335182,-0.69748139,0.59899426,0
1.988502,-0.87228131,5.3082418,0.39335182,-0.69748139,0.59899426,0
4.2458191,-3.4193215,-0.025112629,0.42361331,-0.4407416,-0.7913903,0
2.8058066,-0.57510155,-2.8293223,0.42361331,-0.4407416,-0.7913903,0
-1.5798961,4.3081303,0.97548652,-0.42361331,0.4407416,0.7913903,0
-3.2428415,4.4509392,0.11993933,-0.39335182,0.69748139,-0.59899426,0
4.1478329,-2.698221,-0.24947548,0.81598169,0.56503677,0.12209591,0
-1.2189744,-1.4047308,-3.2126381,-0.81598169,-0.56503677,-0.12209591,0
-1.1686988,4.7752557,-1.499754,-0.39335182,0.69748139,-0.59899426,0
3.3644571,-2.8401098,1.8564434,0.39335182,-0.69748139,0.59899426,0
-2.9918604,3.0785003,-2.1973705,-0.39335182,0.69748139,-0.59899426,0
0.53502786,-3.2882266,3.1981263,0.39335182,-0.69748139,0.59899426,0
1.6033307,-3.6989613,2.1255436,0.39335182,-0.69748139,0.59899426,0
0.43446946,0.71497822,-4.6769228,0.42361331,-0.4407416,-0.7913903,0
-1.2714937,-0.53728533,-4.597332,-0.81598169,-0.56503677,-0.12209591,0
-2.0470593,1.4632046,-4.3460813,-0.39335182,0.69748139,-0.59899426,0
-3.6997454,4.0134888,-0.10542393,-0.39335182,0.69748139,-0.59899426,0
-3.5040898,1.1595346,1.5781868,-0.81598169,-0.56503677,-0.12209591,0
-1.493893,5.5165825,-0.11952734,-0.39335182,0.69748139,-0.59899426,0
1.4702659,1.4398582,0.90102679,0.81598169,0.56503677,0.12209591,0
0.66500664,-2.0137491,-3.0677991,0.42361331,-0.4407416,-0.7913903,0
0.1460371,2.038137,3.2240243,-0.42361331,0.4407416,0.7913903,0
0.91559231,-3.7456131,2.7012215,0.39335182,-0.69748139,0.59899426,0
-1.6747686,-1.770959,1.6336749,-0.81598169,-0.56503677,-0.12209591,0
2.0500865,0.87798619,-0.25601739,0.81598169,0.56503677,0.12209591,0
0.84591103,-1.6937754,5.1036296,0.39335182,-0.69748139,0.59899426,0
3.2132533,-0.99522519,-1.0858368,0.81598169,0.56503677,0.12209591,0
0.7863934,-3.9014664,2.508162,0.39335182,-0.69748139,0.59899426,0
-1.2934678,-0.92867947,-4.4275279,0.42361331,-0.4407416,-0.7913903,0
-0.90495276,0.25269699,3.6743894,-0.42361331,0.4407416,0.7913903,0
-2.4437342,-0.15781248,0.49739414,-0.81598169,-0.56503677,-0.12209591,0
0.033229113,1.0807827,3.8452368,-0.42361331,0.4407416,0.7913903,0
-0.36696029,2.2405107,2.9615653,-0.42361331,0.4407416,0.7913903,0
-1.4043443,-1.6223512,-0.058123469,-0.81598169,-0.56503677,-0.12209591,0
-2.048697,0.43216848,-5.2580853,-0.81598169,-0.56503677,-0.12209591,0
-0.70657241,4.1138601,0.76541257,0.81598169,0.56503677,0.12209591,0
-3.598829,4.5277715,-0.17647314,-0.39335182,0.69748139,-0.59899426,0
-0.95203376,-3.0215642,2.9678831,-0.81598169,-0.56503677,-0.12209591,0
3.0862737,-0.83088005,-0.32564986,0.81598169,0.56503677,0.12209591,0
-2.0038776,0.25237799,-4.5400085,-0.81598169,-0.56503677,-0.12209591,0
2.111732,-4.5277863,0.8051343,0.39335182,-0.69748139,0.59899426,0
2.2129092,0.87264156,-1.5381161,0.81598169,0.56503677,0.12209591,0
-1.585767,0.15993187,3.435513,-0.42361331,0.4407416,0.7913903,0
-4.5598593,2.7820656,-0.12566972,-0.81598169,-0.56503677,-0.12209591,0
-2.0084698,4.6115084,-1.0984368,-0.39335182,0.69748139,-0.59899426,0
-3.1663208,0.83354163,-0.24447298,-0.81598169,-0.56503677,-0.12209591,0
2.1964908,-5.1209126,-0.64228487,0.42361331,-0.4407416,-0.7913903,0
-2.2258127,1.0206025,-4.9299617,-0.39335182,0.69748139,-0.59899426,0
-3.1666832,1.7236981,1.7407663,-0.42361331,0.4407416,0.7913903,0
-1.5533801,3.8432231,1.5762054,-0.42361331,0.4407416,0.7913903,0
-0.4382956,-2.4851434,-2.7507348,-0.81598169,-0.56503677,-0.12209591,0
3.8538828,-2.6029997,-0.78863144,0.42361331,-0.4407416,-0.7913903,0
2.6384006,-1.4569721,-2.202177,0.42361331,-0.4407416,-0.7913903,0
0.46382141,-3.175724,3.682909,0.39335182,-0.69748139,0.59899426,0
2.8767595,-0.10435569,-0.91858697,0.81598169,0.56503677,0.12209591,0
0.87060928,-0.037824869,4.7266684,-0.42361331,0.4407416,0.7913903,0
2.813375,-1.4403455,4.0056162,0.81598169,0.56503677,0.12209591,0
-2.2835951,-0.92691678,2.7734437,-0.81598169,-0.56503677,-0.12209591,0
-1.5087261,-0.19033141,3.5061641,-0.42361331,0.4407416,0.7913903,0
-4.2843447,3.6676273,0.032843113,-0.42361331,0.4407416,0.7913903,0
-1.3237379,-1.8430182,2.2433541,-0.81598169,-0.56503677,-0.12209591,0
0.50442231,2.6356602,-0.062639236,0.81598169,0.56503677,0.12209591,0
2.9957709,-3.5783429,1.7089133,0.39335182,-0.69748139,0.59899426,0
-2.8884516,0.90873146,-0.37735283,-0.81598169,-0.56503677,-0.12209591,0
2.7755766,-1.4890943,3.0949831,0.81598169,0.56503677,0.12209591,0
3.5542307,-3.4893255,1.2333221,0.39335182,-0.69748139,0.59899426,0
-2.3394268,2.5318992,1.8719836,-0.42361331,0.4407416,0.7913903,0
-0.76553923,-3.0520053,2.1384838,-0.81598169,-0.56503677,-0.12209591,0
-0.43612909,2.7132106,2.5911489,-0.42361331,0.4407416,0.7913903,0
3.5184216,-1.798533,0.95014262,0.81598169,0.56503677,0.12209591,0
-0.34894037,1.4848104,-5.2266293,0.42361331,-0.4407416,-0.7913903,0
1.5840523,0.64092588,2.6277781,0.81598169,0.56503677,0.12209591,0
1.4188056,-0.067521095,5.1213655,-0.42361331,0.4407416,0.7913903,0
1.8212043,-5.4889145,-0.20778131,0.39335182,-0.69748139,0.59899426,0
-1.3616552,3.3825908,-2.9910612,-0.39335182,0.69748139,-0.59899426,0
1.5415905,-2.7242815,3.550364,0.39335182,-0.69748139,0.59899426,0
-2.5192461,0.17429322,2.9475834,-0.42361331,0.4407416,0.7913903,0
0.099287987,-0.76273751,4.9833341,-0.42361331,0.4407416,0.7913903,0
1.5695536,0.25004196,4.4400539,0.81598169,0.56503677,0.12209591,0
3.2700455,-3.6316049,0.92091751,0.39335182,-0.69748139,0.59899426,0
0.26156044,2.9039822,-4.3901138,-0.39335182,0.69748139,-0.59899426,0
2.1114016,0.76541233,-0.23392212,0.81598169,0.56503677,0.12209591,0
-3.2911394,2.2776508,-2.4046113,-0.39335182,0.69748139,-0.59899426,0
0.38487244,2.5821128,-4.9274025,-0.39335182,0.69748139,-0.59899426,0
-1.6896408,2.3831587,-3.8643899,-0.39335182,0.69748139,-0.59899426,0
2.4484575,-4.8802238,0.52710295,0.39335182,-0.69748139,0.59899426,0
-3.1719577,1.0430872,0.53886938,-0.81598169,-0.56503677,-0.12209591,0
-1.1332576,3.4253669,-2.4915705,-0.39335182,0.69748139,-0.59899426,0
-0.92174375,4.8608761,-1.2286086,0.81598169,0.56503677,0.12209591,0
2.0557866,-0.46052322,-3.196842,0.42361331,-0.4407416,-0.7913903,0
-0.5308181,-2.7716122,0.487854,-0.81598169,-0.56503677,-0.12209591,0
-0.62663317,0.20961618,-4.6244202,0.42361331,-0.4407416,-0.7913903,0
2.1059322,1.4315166,-2.9339142,0.81598169,0.56503677,0.12209591,0
0.78863668,0.87394583,-4.3333697,0.42361331,-0.4407416,-0.7913903,0
-4.4605136,3.5252981,-0.034292698,-0.42361331,0.4407416,0.7913903,0
-2.8699536,0.49734747,0.28962183,-0.81598169,-0.56503677,-0.12209591,0
-1.189363,-1.3175023,-3.6617081,-0.81598169,-0.56503677,-0.12209591,0
0.20751303,-4.1112261,-0.078454494,-0.81598169,-0.56503677,-0.12209591,0
2.4256012,-0.080885589,-2.9197533,0.42361331,-0.4407416,-0.7913903,0
2.7938859,-3.0277338,-1.4318143,0.42361331,-0.4407416,-0.7913903,0
-1.2175785,-2.5065346,3.0183265,-0.81598169,-0.56503677,-0.12209591,0
1.6494031,1.3492768,-1.2155285,0.81598169,0.56503677,0.12209591,0
3.1534705,-1.1036549,0.1828475,0.81598169,0.56503677,0.12209591,0
0.26888394,2.3162525,-5.0787497,-0.39335182,0.69748139,-0.59899426,0
1.5883293,-0.75231814,5.7851481,0.39335182,-0.69748139,0.59899426,0
0.75095892,-2.5056262,-2.4314256,0.42361331,-0.4407416,-0.7913903,0
-1.3185592,-0.61531329,-3.146455,-0.81598169,-0.56503677,-0.12209591,0
-0.23262882,4.2286558,-2.5203943,-0.39335182,0.69748139,-0.59899426,0
-3.056344,3.9952486,-0.98385811,-0.39335182,0.69748139,-0.59899426,0
-2.5368361,2.6894212,1.6018807,-0.42361331,0.4407416,0.7913903,0
-1.2138234,3.0556593,-3.2984099,-0.39335182,0.69748139,-0.59899426,0
1.9677012,1.1351329,-0.44082177,0.81598169,0.56503677,0.12209591,0
-1.4190171,-2.2010236,5.006753,-0.42361331,0.4407416,0.7913903,0
1.3465014,-2.3119073,-2.3950357,0.42361331,-0.4407416,-0.7913903,0
-2.8233421,2.3313324,1.428184,-0.42361331,0.4407416,0.7913903,0
4.1897883,-3.0673854,1.0204201,0.39335182,-0.69748139,0.59899426,0
0.84965515,-1.4836525,5.3300223,0.39335182,-0.69748139,0.59899426,0
-2.1460779,4.5830903,-0.79048681,-0.39335182,0.69748139,-0.59899426,0
2.138896,-0.39773202,3.0076692,0.81598169,0.56503677,0.12209591,0
0.69781005,-3.9453135,-1.7423174,0.42361331,-0.4407416,-0.7913903,0
2.0679073,-1.9168481,4.1434507,0.39335182,-0.69748139,0.59899426,0
3.1387022,-1.3260175,0.59463429,0.81598169,0.56503677,0.12209591,0
-1.2077991,-1.752154,0.95418215,-0.81598169,-0.56503677,-0.12209591,0
1.9045448,-0.92902708,4.9355888,0.39335182,-0.69748139,0.59899426,0
-3.7099304,1.8803498,-0.013513565,-0.81598169,-0.56503677,-0.12209591,0
-0.84267282,-2.6221395,4.6790366,0.39335182,-0.69748139,0.59899426,0
-0.062952042,-2.5497074,4.5980406,0.39335182,-0.69748139,0.59899426,0
-4.4839897,3.611963,-0.069883823,-0.39335182,0.69748139,-0.59899426,0
-1.2198354,4.2980919,-1.8826737,-0.39335182,0.69748139,-0.59899426,0
-3.9607267,3.3700449,-0.8620944,-0.39335182,0.69748139,-0.59899426,0
2.3791704,-3.0034645,2.6998143,0.39335182,-0.69748139,0.59899426,0
-2.3804548,5.1527095,0.24958515,-0.39335182,0.69748139,-0.59899426,0
2.0994534,-2.0410757,3.6731834,0.39335182,-0.69748139,0.59899426,0
0.451756,1.9538679,-5.4933453,0.42361331,-0.4407416,-0.7913903,0
-0.064042091,-1.9125108,5.1389756,0.39335182,-0.69748139,0.59899426,0
3.3816297,-1.17439,-0.65056223,0.81598169,0.56503677,0.12209591,0
-3.0297327,4.5220799,-0.31478214,-0.39335182,0.69748139,-0.59899426,0
1.0758753,2.0429523,-4.799509,0.42361331,-0.4407416,-0.7913903,0
-0.40392792,3.9534967,-2.8667746,-0.39335182,0.69748139,-0.59899426,0
-3.7928748,1.8396523,-0.49946952,-0.81598169,-0.56503677,-0.12209591,0
1.2792281,-4.4618616,1.5913787,0.39335182,-0.69748139,0.59899426,0
-0.73476768,0.98447883,3.2306004,-0.42361331,0.4407416,0.7913903,0
1.6728923,1.5575851,-4.3931546,0.42361331,-0.4407416,-0.7913903,0
0.68336058,2.372689,-5.2933211,-0.39335182,0.69748139,-0.59899426,0
1.7241349,1.6510575,-4.2392664,0.42361331,-0.4407416,-0.7913903,0
-1.3345153,0.21659166,3.8302672,-0.42361331,0.4407416,0.7913903,0
-1.0998751,4.3888464,1.2722781,-0.42361331,0.4407416,0.7913903,0
2.5690737,-4.7038732,-0.32242966,0.42361331,-0.4407416,-0.7913903,0
-1.1656494,3.4345098,-2.4353743,-0.39335182,0.69748139,-0.59899426,0
-0.78156686,-3.1037829,3.5878916,-0.81598169,-0.56503677,-0.12209591,0
1.6918397,-3.4908276,2.5508289,0.39335182,-0.69748139,0.59899426,0
0.92421734,-3.8858776,-1.8244884,0.42361331,-0.4407416,-0.7913903,0
2.0692658,-0.97072411,5.1919451,0.39335182,-0.69748139,0.59899426,0
0.28444934,-2.9717789,3.7189355,0.39335182,-0.69748139,0.59899426,0
-1.8732184,5.2860661,0.59514666,-0.42361331,0.4407416,0.7913903,0
1.6187527,-5.0176363,0.65355301,0.39335182,-0.69748139,0.59899426,0
-2.2579887,-1.016704,2.499074,-0.81598169,-0.56503677,-0.12209591,0
0.4370327,-1.0532092,5.1425276,-0.42361331,0.4407416,0.7913903,0
-3.4264739,2.1232014,1.3015292,-0.42361331,0.4407416,0.7913903,0
2.9064391,-2.7591441,-1.2720923,0.42361331,-0.4407416,-0.7913903,0
-1.3801155,-0.96768045,-2.9640121,-0.81598169,-0.56503677,-0.12209591,0
-0.71418452,-0.44968718,4.358058,-0.42361331,0.4407416,0.7913903,0
-1.0857608,-1.975233,1.2562306,-0.81598169,-0.56503677,-0.12209591,0
-2.1233227,5.0111275,-0.14925575,-0.39335182,0.69748139,-0.59899426,0
-2.8748817,0.40881181,0.65888417,-0.81598169,-0.56503677,-0.12209591,0
0.66222429,-1.0936425,5.3777227,-0.42361331,0.4407416,0.7913903,0
4.2102861,-2.286288,-0.58128762,0.81598169,0.56503677,0.12209591,0
1.5037708,-2.5036604,-1.977306,0.42361331,-0.4407416,-0.7913903,0
2.7454805,-4.5031099,0.57504606,0.39335182,-0.69748139,0.59899426,0
-2.6896105,4.0608068,-0.76678133,-0.39335182,0.69748139,-0.59899426,0
3.1675105,-0.60932851,-1.7536637,0.81598169,0.56503677,0.12209591,0
0.515661,-3.8409381,-1.9833474,0.42361331,-0.4407416,-0.7913903,0
2.3024132,-2.4028563,3.3204718,0.39335182,-0.69748139,0.59899426,0
3.5154176,-3.1358421,1.4375634,0.39335182,-0.69748139,0.59899426,0
-4.2209673,3.7911139,-0.62580967,-0.39335182,0.69748139,-0.59899426,0
1.1407108,1.4095492,-4.4787207,0.42361331,-0.4407416,-0.7913903,0
1.3385677,0.85850549,3.1316881,0.81598169,0.56503677,0.12209591,0
0.47260904,1.8983049,3.4522262,-0.42361331,0.4407416,0.7913903,0
-0.27144718,2.7480965,2.8178012,-0.42361331,0.4407416,0.7913903,0
-4.2271318,3.6314824,-0.40530682,-0.39335182,0.69748139,-0.59899426,0
1.1320524,-1.7561194,-2.9348912,0.42361331,-0.4407416,-0.7913903,0
-1.8899517,3.1827679,-2.3106794,-0.39335182,0.69748139,-0.59899426,0
4.1470799,-2.5751545,-0.29245925,0.81598169,0.56503677,0.12209591,0
-4.3126326,3.4203043,-0.022370815,-0.42361331,0.4407416,0.7913903,0
-2.021445,4.2809639,0.92204952,-0.42361331,0.4407416,0.7913903,0
