1.4266599,2.0924454,-4.1752129,0.52486885,0.61170542,-0.59188604,0
-0.30535889,-5.2442122,0.055239916,0.46887493,-0.78813744,-0.3987425,0
-5.0361719,0.37541473,2.9957166,-0.46887493,0.78813744,0.3987425,0
-2.2127674,-5.0906696,0.13585615,-0.52486885,-0.61170542,0.59188604,0
-1.6894903,2.5751595,2.5862675,-0.46887493,0.78813744,0.3987425,0
3.586256,-1.5920199,-2.6979563,0.46887493,-0.78813744,-0.3987425,0
-2.7067227,-3.9572668,1.2753115,-0.52486885,-0.61170542,0.59188604,0
1.2743893,3.8677516,-2.3496428,0.52486885,0.61170542,-0.59188604,0
3.44068,0.49425936,-4.2154059,0.52486885,0.61170542,-0.59188604,0
0.57171297,-3.1947677,-2.8590765,0.46887493,-0.78813744,-0.3987425,0
-0.87510276,-0.4894011,3.5825114,0.71040058,0.068233073,0.70048213,0
4.105176,-0.75798583,-1.4072874,0.71040058,0.068233073,0.70048213,0
-3.8926051,-0.95697868,3.3660541,-0.52486885,-0.61170542,0.59188604,0
1.9576468,-4.1490197,-0.0059198141,0.46887493,-0.78813744,-0.3987425,0
-1.7612721,-0.6738975,-1.1899387,-0.71040058,-0.068233073,-0.70048213,0
-2.1090422,-4.4763041,1.1509328,-0.52486885,-0.61170542,0.59188604,0
1.4007745,0.71784079,1.2139516,0.71040058,0.068233073,0.70048213,0
2.8303897,-1.8871309,0.13810918,0.71040058,0.068233073,0.70048213,0
4.6779857,-0.090694547,-3.2263889,0.52486885,0.61170542,-0.59188604,0
2.8399282,-2.9312041,-0.81851202,0.46887493,-0.78813744,-0.3987425,0
2.0618405,5.7519655,-0.11823797,0.52486885,0.61170542,-0.59188604,0
2.0489311,-0.88401031,0.87283981,0.71040058,0.068233073,0.70048213,0
-0.3304081,5.3486667,-0.65736651,-0.46887493,0.78813744,0.3987425,0
2.3187184,-2.7660422,1.0278512,0.71040058,0.068233073,0.70048213,0
-3.8679428,1.7807418,1.5800452,-0.46887493,0.78813744,0.3987425,0
-1.4912217,2.5438161,3.4542656,-0.46887493,0.78813744,0.3987425,0
3.4098349,1.6254581,-2.6630311,0.52486885,0.61170542,-0.59188604,0
-2.9231768,3.3283577,0.26101282,-0.46887493,0.78813744,0.3987425,0
1.3622293,-3.9618719,-0.63097918,0.46887493,-0.78813744,-0.3987425,0
-1.4195049,2.5449347,3.040997,-0.46887493,0.78813744,0.3987425,0
-1.712567,-1.5187962,4.5915418,-0.52486885,-0.61170542,0.59188604,0
1.4960604,-1.8551636,-4.1674957,0.46887493,-0.78813744,-0.3987425,0
3.8274732,-2.2882824,-0.65783393,0.71040058,0.068233073,0.70048213,0
-4.9755259,-0.72750413,2.1527157,-0.71040058,-0.068233073,-0.70048213,0
1.9270159,1.0731421,-4.951704,-0.71040058,-0.068233073,-0.70048213,0
0.52144217,-2.5759068,-3.3740745,-0.71040058,-0.068233073,-0.70048213,0
-0.65549302,-5.8835092,0.45213389,0.46887493,-0.78813744,-0.3987425,0
-2.804311,-3.3914745,1.2924023,-0.52486885,-0.61170542,0.59188604,0
-3.22013,-0.1480329,4.8498459,-0.52486885,-0.61170542,0.59188604,0
1.3604659,3.8684516,-2.587687,0.52486885,0.61170542,-0.59188604,0
-1.6382798,-1.8748614,3.9216866,-0.52486885,-0.61170542,0.59188604,0
-0.55853057,-4.2361016,-2.0833235,-0.71040058,-0.068233073,-0.70048213,0
-5.1298742,-0.6268338,2.1967263,-0.71040058,-0.068233073,-0.70048213,0
-2.4719379,-0.32500982,5.3452158,-0.52486885,-0.61170542,0.59188604,0
2.6725359,3.432477,-1.5720882,0.52486885,0.61170542,-0.59188604,0
3.723449,2.4407868,-0.91442919,0.71040058,0.068233073,0.70048213,0
-1.5591255,-3.4246333,2.5424924,-0.52486885,-0.61170542,0.59188604,0
-1.8106992,1.0785533,-1.0730442,-0.71040058,-0.068233073,-0.70048213,0
-1.9352388,3.3093479,1.4962313,-0.46887493,0.78813744,0.3987425,0
-0.07297039,-5.3494511,2.0924129,-0.52486885,-0.61170542,0.59188604,0
2.5962205,-1.1836936,-4.2357016,0.46887493,-0.78813744,-0.3987425,0
-4.0914974,-0.15949845,1.5330501,-0.71040058,-0.068233073,-0.70048213,0
-0.66561729,1.5910926,-2.4416163,-0.71040058,-0.068233073,-0.70048213,0
4.4409771,-0.58572042,-1.3649669,0.71040058,0.068233073,0.70048213,0
-4.2322607,-0.47375619,1.4298494,-0.71040058,-0.068233073,-0.70048213,0
2.5447459,0.17130911,0.12645984,0.71040058,0.068233073,0.70048213,0
-2.06991,1.5060092,-0.75631726,-0.71040058,-0.068233073,-0.70048213,0
-3.6260092,-2.974679,1.2552042,-0.71040058,-0.068233073,-0.70048213,0
0.34384465,0.87441373,2.207768,0.71040058,0.068233073,0.70048213,0
-4.508626,-1.2478783,2.2998219,-0.52486885,-0.61170542,0.59188604,0
-2.9728155,0.068496346,5.2666774,-0.52486885,-0.61170542,0.59188604,0
1.7542351,4.9015293,0.59099722,0.71040058,0.068233073,0.70048213,0
-1.9171031,-5.1115808,0.35968256,-0.52486885,-0.61170542,0.59188604,0
1.5152845,-2.9399657,-2.7248652,0.46887493,-0.78813744,-0.3987425,0
2.6107252,1.8116779,-3.4688535,0.52486885,0.61170542,-0.59188604,0
-0.10125303,-2.2617035,-2.2714808,-0.71040058,-0.068233073,-0.70048213,0
1.2069615,2.0298228,-4.3090539,-0.71040058,-0.068233073,-0.70048213,0
0.30026078,3.1648431,2.1445098,0.71040058,0.068233073,0.70048213,0
-0.82051778,-3.7072122,-1.7666209,-0.71040058,-0.068233073,-0.70048213,0
-3.9295306,-0.44716892,3.6571021,-0.52486885,-0.61170542,0.59188604,0
-1.2830944,2.4217625,-1.6114253,-0.71040058,-0.068233073,-0.70048213,0
0.99343348,-4.9550333,2.1522048,0.71040058,0.068233073,0.70048213,0
0.45193934,5.8029604,-1.3611622,0.52486885,0.61170542,-0.59188604,0
2.1813922,2.8970428,0.096859694,0.71040058,0.068233073,0.70048213,0
-2.1249685,-5.3462658,-0.14729881,-0.71040058,-0.068233073,-0.70048213,0
-3.0731428,-0.60049522,0.13287663,-0.71040058,-0.068233073,-0.70048213,0
0.20900249,4.4978218,-2.6640072,0.52486885,0.61170542,-0.59188604,0
0.83979225,-4.2681828,-0.59755582,0.46887493,-0.78813744,-0.3987425,0
2.3543901,-1.2753489,-5.1687269,0.46887493,-0.78813744,-0.3987425,0
3.9151633,-0.54482996,-4.6070676,0.46887493,-0.78813744,-0.3987425,0
0.62375355,-3.4157956,2.3409009,0.71040058,0.068233073,0.70048213,0
0.75679946,3.4277418,-3.4107928,0.52486885,0.61170542,-0.59188604,0
-2.8924904,-4.2062864,0.86867142,-0.52486885,-0.61170542,0.59188604,0
-0.99145746,-4.2980952,-1.6310624,-0.71040058,-0.068233073,-0.70048213,0
3.2508931,-0.95144868,-3.8529468,0.46887493,-0.78813744,-0.3987425,0
-3.5057764,1.5802284,2.9662056,-0.46887493,0.78813744,0.3987425,0
-1.928424,-1.5170572,4.5370021,-0.52486885,-0.61170542,0.59188604,0
-1.1108203,3.3037252,2.3953507,-0.46887493,0.78813744,0.3987425,0
-3.5927994,2.204881,0.30511403,-0.71040058,-0.068233073,-0.70048213,0
2.7240753,-0.82988942,-5.1953893,0.46887493,-0.78813744,-0.3987425,0
-1.1361144,-2.5344934,3.9777608,-0.52486885,-0.61170542,0.59188604,0
0.97929788,-3.3096275,2.0880454,0.71040058,0.068233073,0.70048213,0
1.0854092,-5.5568604,2.3926525,0.46887493,-0.78813744,-0.3987425,0
3.5177326,-1.7826104,-2.4482195,0.46887493,-0.78813744,-0.3987425,0
3.1693079,-1.4407262,-3.0236781,0.46887493,-0.78813744,-0.3987425,0
-2.2771029,-2.0861487,-0.59491384,-0.71040058,-0.068233073,-0.70048213,0
4.481359,0.00036456808,-3.954349,0.52486885,0.61170542,-0.59188604,0
5.0688143,0.90250576,-2.2942681,0.52486885,0.61170542,-0.59188604,0
1.739291,-4.0569334,0.49996781,0.46887493,-0.78813744,-0.3987425,0
-0.13454425,-1.0608746,-2.7888193,-0.71040058,-0.068233073,-0.70048213,0
-0.17673028,3.4479158,-3.2034402,-0.71040058,-0.068233073,-0.70048213,0
2.34074,0.28660131,-4.9577394,0.52486885,0.61170542,-0.59188604,0
-0.7834785,0.44971478,3.4430234,0.71040058,0.068233073,0.70048213,0
3.7385328,2.3459268,-1.2141881,0.71040058,0.068233073,0.70048213,0
2.910583,-2.0847902,0.18968204,0.71040058,0.068233073,0.70048213,0
-3.5321317,1.9590119,0.50047147,-0.71040058,-0.068233073,-0.70048213,0
2.2548788,-2.1102216,-2.7900906,0.46887493,-0.78813744,-0.3987425,0
2.1121528,2.7186375,0.31454897,0.71040058,0.068233073,0.70048213,0
-1.9148434,-0.26205838,-1.1057848,-0.71040058,-0.068233073,-0.70048213,0
-2.2485211,-0.59514642,4.9060655,-0.52486885,-0.61170542,0.59188604,0
-0.24111819,-5.6566472,1.2214503,-0.52486885,-0.61170542,0.59188604,0
1.3075649,4.0358462,-2.2388058,0.52486885,0.61170542,-0.59188604,0
-0.75719863,-1.1528063,3.9814389,0.71040058,0.068233073,0.70048213,0
-0.6155749,-3.7125106,3.5296216,-0.52486885,-0.61170542,0.59188604,0
3.0859873,-1.2362994,-3.9805858,0.46887493,-0.78813744,-0.3987425,0
-2.6100554,-3.7140753,0.15796518,-0.71040058,-0.068233073,-0.70048213,0
-1.7108581,3.6675515,0.28763229,-0.46887493,0.78813744,0.3987425,0
4.4190893,0.82122672,-1.7201924,0.71040058,0.068233073,0.70048213,0
-0.87333298,-0.13439965,3.6705134,0.71040058,0.068233073,0.70048213,0
-1.230895,0.98946095,3.90835,0.71040058,0.068233073,0.70048213,0
3.7151263,2.4733019,-1.3920722,0.71040058,0.068233073,0.70048213,0
2.4268703,4.124125,-1.2031441,0.52486885,0.61170542,-0.59188604,0
-1.5631313,4.4589186,-0.44721496,-0.46887493,0.78813744,0.3987425,0
4.6028852,-0.70065987,-3.0382218,0.46887493,-0.78813744,-0.3987425,0
-0.78106993,-1.1684668,3.7156007,0.71040058,0.068233073,0.70048213,0
1.3055307,0.72352386,-4.4236374,-0.71040058,-0.068233073,-0.70048213,0
-0.19623375,-5.5136323,1.7949009,-0.52486885,-0.61170542,0.59188604,0
2.835758,-0.77677035,0.32312506,0.71040058,0.068233073,0.70048213,0
-3.304949,-2.9916782,1.3816934,-0.52486885,-0.61170542,0.59188604,0
-1.533941,2.7486849,2.8870182,-0.46887493,0.78813744,0.3987425,0
-5.0496221,0.87031507,2.8213463,-0.46887493,0.78813744,0.3987425,0
1.2527375,-3.9547062,-0.63610923,0.46887493,-0.78813744,-0.3987425,0
-3.3458014,1.2691834,3.6958084,-0.46887493,0.78813744,0.3987425,0
-2.0984843,2.5170546,-1.2561905,-0.71040058,-0.068233073,-0.70048213,0
1.7239425,0.11734045,0.84063071,0.71040058,0.068233073,0.70048213,0
-4.1129417,1.7265519,1.4926991,-0.46887493,0.78813744,0.3987425,0
-3.5840247,2.5652096,0.57571441,-0.71040058,-0.068233073,-0.70048213,0
1.3446863,3.4607997,-3.0839128,0.52486885,0.61170542,-0.59188604,0
4.0797606,0.88310993,-3.2075696,0.52486885,0.61170542,-0.59188604,0
-2.4077637,-4.5375443,0.97011852,-0.52486885,-0.61170542,0.59188604,0
-2.2000318,2.1557851,3.0812554,-0.46887493,0.78813744,0.3987425,0
-3.0357208,2.4266181,1.8361373,-0.46887493,0.78813744,0.3987425,0
-0.64992476,3.4760838,2.5769327,-0.46887493,0.78813744,0.3987425,0
2.4236932,3.5546718,-0.048169851,0.71040058,0.068233073,0.70048213,0
1.4951979,4.1873913,-2.2528129,0.52486885,0.61170542,-0.59188604,0
-3.469306,-0.54926467,3.9861727,-0.52486885,-0.61170542,0.59188604,0
0.13343841,1.611937,-3.3410287,-0.71040058,-0.068233073,-0.70048213,0
3.0944219,3.3020091,-1.5112758,0.52486885,0.61170542,-0.59188604,0
-2.0391047,2.2096782,3.1979079,-0.46887493,0.78813744,0.3987425,0
-1.2388051,2.3315098,3.5219445,-0.46887493,0.78813744,0.3987425,0
3.6637378,2.2587056,-1.788795,0.52486885,0.61170542,-0.59188604,0
4.3404884,0.34171772,-3.6105981,0.52486885,0.61170542,-0.59188604,0
1.9189277,-3.7353621,-0.14853603,0.46887493,-0.78813744,-0.3987425,0
0.1062305,-3.9047885,-2.034461,0.46887493,-0.78813744,-0.3987425,0
2.0413933,-2.5909891,0.87577587,0.71040058,0.068233073,0.70048213,0
3.0750887,-0.92352098,-4.4222918,0.46887493,-0.78813744,-0.3987425,0
-5.09515,-0.41738617,2.668982,-0.52486885,-0.61170542,0.59188604,0
-3.2816772,-0.63890183,0.47126865,-0.71040058,-0.068233073,-0.70048213,0
2.2673123,3.6492794,0.13212562,0.71040058,0.068233073,0.70048213,0
-2.8156934,-1.5910146,3.2731972,-0.52486885,-0.61170542,0.59188604,0
0.69240522,-5.0073757,2.7882814,0.71040058,0.068233073,0.70048213,0
-0.7642622,4.462738,0.57030833,-0.46887493,0.78813744,0.3987425,0
2.0649152,1.6882797,-4.0443025,0.52486885,0.61170542,-0.59188604,0
-1.8902161,-4.5295243,1.1552787,-0.52486885,-0.61170542,0.59188604,0
0.38169742,5.1155005,-2.0805278,0.52486885,0.61170542,-0.59188604,0
2.2818491,-1.7641802,-3.5021496,0.46887493,-0.78813744,-0.3987425,0
-1.4336514,-0.8522141,4.3809805,0.71040058,0.068233073,0.70048213,0
0.56702667,1.287174,1.9665378,0.71040058,0.068233073,0.70048213,0
-1.4025604,-3.141603,3.0482721,-0.52486885,-0.61170542,0.59188604,0
-0.74132228,-5.5157561,1.0338316,-0.52486885,-0.61170542,0.59188604,0
-5.4245043,-0.12462342,2.9889913,-0.52486885,-0.61170542,0.59188604,0
-1.7246623,-2.5540669,3.6216526,-0.52486885,-0.61170542,0.59188604,0
-0.54767537,4.2190332,-2.5002508,-0.71040058,-0.068233073,-0.70048213,0
1.5768094,-3.1720383,-1.8095238,0.46887493,-0.78813744,-0.3987425,0
0.34748697,-5.4407926,1.317944,0.46887493,-0.78813744,-0.3987425,0
1.3289776,-4.7782049,0.99927187,0.46887493,-0.78813744,-0.3987425,0
1.693686,3.870882,-2.059813,0.52486885,0.61170542,-0.59188604,0
-3.4737878,1.731598,2.4666998,-0.46887493,0.78813744,0.3987425,0
-1.3070695,0.66043854,-1.780968,-0.71040058,-0.068233073,-0.70048213,0
-1.7446717,-3.5891883,2.0149808,-0.52486885,-0.61170542,0.59188604,0
2.9200869,2.5678937,-0.59991908,0.71040058,0.068233073,0.70048213,0
-1.0270708,3.4265273,1.597514,-0.46887493,0.78813744,0.3987425,0
0.84341168,-4.0378318,-0.8011837,0.46887493,-0.78813744,-0.3987425,0
-1.5589626,-3.2973104,2.6099129,-0.52486885,-0.61170542,0.59188604,0
1.1049906,3.1307349,-3.1955867,0.52486885,0.61170542,-0.59188604,0
1.3261173,-0.88853204,-4.0187039,-0.71040058,-0.068233073,-0.70048213,0
-2.9728358,2.6767478,0.90460217,-0.46887493,0.78813744,0.3987425,0
3.7967668,-1.6145104,-2.3445036,0.46887493,-0.78813744,-0.3987425,0
-0.33524323,-3.3677716,3.7252021,0.71040058,0.068233073,0.70048213,0
-2.075839,-5.1485195,0.24440002,-0.52486885,-0.61170542,0.59188604,0
4.6599655,-0.87429523,-3.1659737,0.46887493,-0.78813744,-0.3987425,0
4.8290434,-0.40582854,-3.4244618,0.52486885,0.61170542,-0.59188604,0
-0.97127008,4.5736184,-0.079961538,-0.46887493,0.78813744,0.3987425,0
-0.47554839,0.40642047,-2.30967,-0.71040058,-0.068233073,-0.70048213,0
-0.54187202,4.1192045,1.4531432,-0.46887493,0.78813744,0.3987425,0
-3.1036639,2.4222701,1.501864,-0.46887493,0.78813744,0.3987425,0
-0.45312023,5.0907359,-0.28760982,-0.46887493,0.78813744,0.3987425,0
1.490644,-4.0380478,-0.21897376,0.46887493,-0.78813744,-0.3987425,0
-1.1523237,4.160224,0.44679838,-0.46887493,0.78813744,0.3987425,0
-0.6122663,-5.4502816,0.16830492,0.46887493,-0.78813744,-0.3987425,0
-3.3005998,1.5315411,3.2479305,-0.46887493,0.78813744,0.3987425,0
-4.9057846,-0.52616364,2.435266,-0.52486885,-0.61170542,0.59188604,0
1.9328102,0.40972829,0.58708245,0.71040058,0.068233073,0.70048213,0
-1.8483107,2.0883863,3.7203496,-0.46887493,0.78813744,0.3987425,0
-2.7517505,-2.7637484,-0.074750423,-0.71040058,-0.068233073,-0.70048213,0
-0.93195319,-4.340003,2.2900705,-0.52486885,-0.61170542,0.59188604,0
2.5500951,1.5311302,-3.431684,0.52486885,0.61170542,-0.59188604,0
1.1496484,4.5686655,-1.860918,0.52486885,0.61170542,-0.59188604,0
0.48897314,-3.9505515,-1.8504113,0.46887493,-0.78813744,-0.3987425,0
-3.7431395,0.82300556,3.8655291,-0.46887493,0.78813744,0.3987425,0
1.5088469,-1.9036987,1.4327352,0.71040058,0.068233073,0.70048213,0
-2.7414241,3.2498875,-0.10750458,-0.46887493,0.78813744,0.3987425,0
4.3023739,1.7181994,-1.9033909,0.52486885,0.61170542,-0.59188604,0
-2.3892519,-2.6342015,2.9734359,-0.52486885,-0.61170542,0.59188604,0
-0.0052514076,-5.8692842,1.7530727,-0.52486885,-0.61170542,0.59188604,0
-0.8885808,3.3225644,2.6070895,-0.46887493,0.78813744,0.3987425,0
2.6111133,3.3784485,-0.015180349,0.71040058,0.068233073,0.70048213,0
0.6041739,5.5646505,-0.11027145,-0.46887493,0.78813744,0.3987425,0
-0.43978167,5.7264099,-1.800446,-0.46887493,0.78813744,0.3987425,0
0.1883533,4.906538,0.46229434,-0.46887493,0.78813744,0.3987425,0
0.9346931,-4.2417407,2.5271261,0.71040058,0.068233073,0.70048213,0
2.0379889,4.9039888,-0.73991585,0.52486885,0.61170542,-0.59188604,0
1.9744091,-4.3602543,1.3794777,0.71040058,0.068233073,0.70048213,0
-2.7947288,-1.6935868,3.5793848,-0.52486885,-0.61170542,0.59188604,0
4.5933981,-1.0811819,-2.6409256,0.46887493,-0.78813744,-0.3987425,0
-0.71399713,4.3620872,-2.3190789,-0.71040058,-0.068233073,-0.70048213,0
3.2465601,-2.519207,-1.0664877,0.46887493,-0.78813744,-0.3987425,0
5.2998314,-0.36574352,-2.5688419,0.71040058,0.068233073,0.70048213,0
3.3286633,0.21027803,-4.4054403,0.52486885,0.61170542,-0.59188604,0
-1.6800053,-2.0144093,-0.8358478,-0.71040058,-0.068233073,-0.70048213,0
-2.6866727,2.5687757,1.453985,-0.46887493,0.78813744,0.3987425,0
-2.5069804,1.5296062,4.0479498,-0.46887493,0.78813744,0.3987425,0
2.6098051,3.6390219,-1.3180485,0.52486885,0.61170542,-0.59188604,0
-1.7101018,1.9788774,3.875351,-0.46887493,0.78813744,0.3987425,0
0.090467215,-3.0227709,-2.5755987,-0.71040058,-0.068233073,-0.70048213,0
-0.95356393,2.910485,2.7090054,-0.46887493,0.78813744,0.3987425,0
-1.6837573,1.6596725,4.3808527,0.71040058,0.068233073,0.70048213,0
2.0517502,-4.1264005,0.25825405,0.46887493,-0.78813744,-0.3987425,0
-1.7620623,-4.613771,1.1260505,-0.52486885,-0.61170542,0.59188604,0
4.3571677,0.77893186,-2.8948216,0.52486885,0.61170542,-0.59188604,0
-3.4856763,1.3389256,0.78020334,-0.71040058,-0.068233073,-0.70048213,0
2.9129968,1.5966237,-3.6000624,0.52486885,0.61170542,-0.59188604,0
3.3681502,-0.087712646,-0.56267452,0.71040058,0.068233073,0.70048213,0
-4.836432,-0.40719593,2.837676,-0.52486885,-0.61170542,0.59188604,0
3.0737832,-1.4536649,-3.1911924,0.46887493,-0.78813744,-0.3987425,0
-0.53850555,-4.045464,2.7745991,-0.52486885,-0.61170542,0.59188604,0
-4.1341987,-1.8973279,1.6864944,-0.52486885,-0.61170542,0.59188604,0
-3.3046389,1.6291511,3.3873968,-0.46887493,0.78813744,0.3987425,0
-0.0080254078,-1.8502657,-2.6444318,-0.71040058,-0.068233073,-0.70048213,0
-1.2778542,0.86381197,-1.6805465,-0.71040058,-0.068233073,-0.70048213,0
-1.6157739,1.9582133,-1.4854882,-0.71040058,-0.068233073,-0.70048213,0
-1.9010468,3.0767994,1.2175429,-0.46887493,0.78813744,0.3987425,0
-1.2378111,-5.6981788,0.5973959,-0.52486885,-0.61170542,0.59188604,0
4.2593899,-1.816449,-1.5809662,0.46887493,-0.78813744,-0.3987425,0
3.2421975,1.9940141,-0.42006135,0.71040058,0.068233073,0.70048213,0
2.1035869,0.6782856,-4.9605465,0.52486885,0.61170542,-0.59188604,0
-1.0725018,-3.4888229,2.9832001,-0.52486885,-0.61170542,0.59188604,0
3.5242448,1.6383169,-2.9015779,0.52486885,0.61170542,-0.59188604,0
1.4063971,-2.6803877,-2.7436302,0.46887493,-0.78813744,-0.3987425,0
5.2402935,0.50452912,-2.6780677,0.71040058,0.068233073,0.70048213,0
0.61867499,3.6925659,-3.2357697,0.52486885,0.61170542,-0.59188604,0
4.1136918,-1.1552418,-2.9429407,0.46887493,-0.78813744,-0.3987425,0
-0.70531654,-0.17013264,-1.8431623,-0.71040058,-0.068233073,-0.70048213,0
-4.4208837,1.5628026,2.2135844,-0.46887493,0.78813744,0.3987425,0
1.9596038,-1.5127425,-4.7741642,0.46887493,-0.78813744,-0.3987425,0
3.3462634,-0.039857626,-0.49146056,0.71040058,0.068233073,0.70048213,0
-0.12827921,-4.6799383,-0.66321504,0.46887493,-0.78813744,-0.3987425,0
0.57317543,5.1612067,0.56048608,-0.46887493,0.78813744,0.3987425,0
2.1972957,5.4814157,-0.21411943,0.52486885,0.61170542,-0.59188604,0
1.181277,0.80390406,-3.9693494,-0.71040058,-0.068233073,-0.70048213,0
-4.4739342,1.0928032,2.2105868,-0.46887493,0.78813744,0.3987425,0
3.9693317,2.5048275,-1.6417885,0.52486885,0.61170542,-0.59188604,0
-1.1442816,-4.9362431,1.8189802,-0.52486885,-0.61170542,0.59188604,0
2.9856954,-0.88143486,-4.4810209,0.46887493,-0.78813744,-0.3987425,0
1.3794366,2.6345057,-3.8999276,0.52486885,0.61170542,-0.59188604,0
4.7382765,0.75584805,-2.1440673,0.71040058,0.068233073,0.70048213,0
-0.96013331,4.3289485,-2.1863728,-0.71040058,-0.068233073,-0.70048213,0
2.1067233,-4.3625956,1.0499448,0.46887493,-0.78813744,-0.3987425,0
2.0879469,-4.1819353,0.57617414,0.46887493,-0.78813744,-0.3987425,0
-0.86579752,4.6689162,-0.49798799,-0.46887493,0.78813744,0.3987425,0
-1.3337631,4.4519005,-0.79074645,-0.46887493,0.78813744,0.3987425,0
-2.8382325,0.39427412,5.3751092,-0.52486885,-0.61170542,0.59188604,0
-2.1678376,3.7971513,0.27281681,-0.46887493,0.78813744,0.3987425,0
-0.25685263,-2.4204714,-2.3209789,-0.71040058,-0.068233073,-0.70048213,0
-2.1957943,0.9157927,-0.47405246,-0.71040058,-0.068233073,-0.70048213,0
3.8858252,-0.43588436,-4.3851714,0.52486885,0.61170542,-0.59188604,0
0.24380779,-5.0516553,0.43400741,0.46887493,-0.78813744,-0.3987425,0
-1.5537186,3.7452888,1.2807209,-0.46887493,0.78813744,0.3987425,0
-1.2375596,-5.2465425,1.4040027,-0.52486885,-0.61170542,0.59188604,0
-2.3952968,-1.1911678,4.1395082,-0.52486885,-0.61170542,0.59188604,0
1.1152128,2.9494739,1.3999866,0.71040058,0.068233073,0.70048213,0
-1.0909758,-3.3636565,-1.2203771,-0.71040058,-0.068233073,-0.70048213,0
1.0317181,-0.047135353,-4.0697126,-0.71040058,-0.068233073,-0.70048213,0
-3.2420866,0.61647606,0.57330084,-0.71040058,-0.068233073,-0.70048213,0
3.4415619,-0.023274958,-4.4142399,0.52486885,0.61170542,-0.59188604,0
-3.2020841,0.81979412,4.7093329,-0.46887493,0.78813744,0.3987425,0
1.4291712,5.168664,-0.99681902,0.52486885,0.61170542,-0.59188604,0
3.8352129,-1.6608841,-2.0145428,0.46887493,-0.78813744,-0.3987425,0
2.0887489,1.5322783,0.32498181,0.71040058,0.068233073,0.70048213,0
-1.9833919,-2.5591998,3.2366791,-0.52486885,-0.61170542,0.59188604,0
-3.4011381,-0.44404626,0.49322701,-0.71040058,-0.068233073,-0.70048213,0
0.4321993,-0.58730471,2.2455761,0.71040058,0.068233073,0.70048213,0
0.98980951,4.8957758,1.4930696,0.71040058,0.068233073,0.70048213,0
-1.3994703,-1.952829,4.0478044,-0.52486885,-0.61170542,0.59188604,0
2.0109613,-3.2377157,-1.1529427,0.46887493,-0.78813744,-0.3987425,0
0.62894106,-5.6977315,2.4746284,-0.52486885,-0.61170542,0.59188604,0
3.7690701,1.9382759,-2.477334,0.52486885,0.61170542,-0.59188604,0
-1.827208,4.8673682,-1.3088489,-0.71040058,-0.068233073,-0.70048213,0
-3.4125185,1.0346277,3.6562843,-0.46887493,0.78813744,0.3987425,0
0.7493155,5.2175226,-1.3211298,0.52486885,0.61170542,-0.59188604,0
-3.0186377,-1.1737468,0.53155065,-0.71040058,-0.068233073,-0.70048213,0
0.17665339,-5.5612402,1.4203947,0.46887493,-0.78813744,-0.3987425,0
5.4495759,-0.53356504,-2.6827779,0.46887493,-0.78813744,-0.3987425,0
1.4106877,-3.4745827,1.6868742,0.71040058,0.068233073,0.70048213,0
1.1215347,2.5437717,-4.0394754,0.52486885,0.61170542,-0.59188604,0
-1.9966497,1.1823345,4.9308505,0.71040058,0.068233073,0.70048213,0
3.6734765,-2.0618491,-1.6805836,0.46887493,-0.78813744,-0.3987425,0
-1.21123,-5.0997715,1.3714933,-0.52486885,-0.61170542,0.59188604,0
-1.8919246,3.2629302,1.1986856,-0.46887493,0.78813744,0.3987425,0
2.5198286,1.9548763,-3.3226843,0.52486885,0.61170542,-0.59188604,0
-2.7219331,2.5910337,1.5531508,-0.46887493,0.78813744,0.3987425,0
-0.10078907,-5.817883,0.9073534,0.46887493,-0.78813744,-0.3987425,0
3.2051802,2.5971832,-1.9257565,0.52486885,0.61170542,-0.59188604,0
-3.4390247,-0.20999682,4.5642309,-0.52486885,-0.61170542,0.59188604,0
2.76578,-3.0588722,-1.1538366,0.46887493,-0.78813744,-0.3987425,0
-0.79003286,4.4627981,0.75414413,-0.46887493,0.78813744,0.3987425,0
3.0974898,1.0504047,-3.752625,0.52486885,0.61170542,-0.59188604,0
1.2478998,5.6561937,0.39154863,-0.46887493,0.78813744,0.3987425,0
3.4801276,-1.3539357,-0.27154481,0.71040058,0.068233073,0.70048213,0
2.1652017,3.9854212,-1.8654084,0.52486885,0.61170542,-0.59188604,0
1.1695509,-3.446229,-2.0677793,0.46887493,-0.78813744,-0.3987425,0
-1.8319833,-2.7980399,2.8108354,-0.52486885,-0.61170542,0.59188604,0
2.9840577,-1.5564675,-2.9993017,0.46887493,-0.78813744,-0.3987425,0
-1.8486516,3.9506001,-1.3643758,-0.71040058,-0.068233073,-0.70048213,0
-0.97854543,-2.4342766,-1.6341143,-0.71040058,-0.068233073,-0.70048213,0
2.9862738,-2.7678421,0.0093356073,0.71040058,0.068233073,0.70048213,0
-3.0025802,-3.0670524,1.4889588,-0.52486885,-0.61170542,0.59188604,0
2.927639,-3.0002408,0.45677358,0.71040058,0.068233073,0.70048213,0
2.4563541,-3.287967,-1.0403844,0.46887493,-0.78813744,-0.3987425,0
-0.64479303,-4.9960542,-1.1955615,0.46887493,-0.78813744,-0.3987425,0
-1.6300319,-2.9106624,3.4216871,-0.52486885,-0.61170542,0.59188604,0
3.058094,-1.8398298,-0.23181659,0.71040058,0.068233073,0.70048213,0
0.44368649,-1.2720042,-2.9019618,-0.71040058,-0.068233073,-0.70048213,0
-2.4878676,-3.9146469,1.5522308,-0.52486885,-0.61170542,0.59188604,0
-3.6836066,1.6354623,2.3124373,-0.46887493,0.78813744,0.3987425,0
-3.8237333,-0.32539883,4.1293073,-0.52486885,-0.61170542,0.59188604,0
0.62290537,-2.2593322,2.268872,0.71040058,0.068233073,0.70048213,0
-3.663924,0.18813771,4.4427967,-0.52486885,-0.61170542,0.59188604,0
-0.49740744,4.8274498,-3.033052,0.52486885,0.61170542,-0.59188604,0
2.0165033,-1.787372,-3.6363156,0.46887493,-0.78813744,-0.3987425,0
-3.3653557,-1.7104938,0.62756896,-0.71040058,-0.068233073,-0.70048213,0
-0.30436969,-4.6007957,-0.87718523,0.46887493,-0.78813744,-0.3987425,0
1.7391472,-3.9650693,-0.61944968,0.46887493,-0.78813744,-0.3987425,0
1.1897988,-3.8770943,-0.77197003,0.46887493,-0.78813744,-0.3987425,0
-3.3272512,-0.78573382,4.0988293,-0.52486885,-0.61170542,0.59188604,0
1.5122063,4.7109513,-1.0585451,0.52486885,0.61170542,-0.59188604,0
1.8675756,-4.1277227,1.6421535,0.71040058,0.068233073,0.70048213,0
2.0286107,-0.85742033,0.815274,0.71040058,0.068233073,0.70048213,0
-3.6960101,2.0148306,1.2585852,-0.46887493,0.78813744,0.3987425,0
0.023712158,5.1471958,-1.9313931,0.52486885,0.61170542,-0.59188604,0
4.7416511,-1.0899423,-1.9704525,0.46887493,-0.78813744,-0.3987425,0
2.1516576,2.1675062,-3.3151407,0.52486885,0.61170542,-0.59188604,0
-1.2699217,1.4681859,-1.5180819,-0.71040058,-0.068233073,-0.70048213,0
-3.3190284,-2.0274732,0.75931787,-0.71040058,-0.068233073,-0.70048213,0
4.9151831,-0.13371921,-3.4812875,0.52486885,0.61170542,-0.59188604,0
-1.0844449,-4.121973,2.0891275,-0.52486885,-0.61170542,0.59188604,0
2.4958282,-3.765017,0.3821376,0.46887493,-0.78813744,-0.3987425,0
-2.5832396,-0.58671141,4.5714426,-0.52486885,-0.61170542,0.59188604,0
-2.0184255,-2.3721633,-0.36748624,-0.71040058,-0.068233073,-0.70048213,0
-2.1651068,-0.7635951,4.5933046,-0.52486885,-0.61170542,0.59188604,0
-1.5714709,-4.5287762,-1.0557756,-0.71040058,-0.068233073,-0.70048213,0
1.9866217,1.5507865,-3.9624782,0.52486885,0.61170542,-0.59188604,0
2.5742216,4.0856609,-0.83475113,0.52486885,0.61170542,-0.59188604,0
1.4695373,3.9039433,-2.1561551,0.52486885,0.61170542,-0.59188604,0
0.096228361,4.2053385,-2.8778028,0.52486885,0.61170542,-0.59188604,0
1.5170307,-4.9203544,1.6768558,0.46887493,-0.78813744,-0.3987425,0
3.5591555,-2.4431412,-0.26345611,0.71040058,0.068233073,0.70048213,0
2.8503039,-0.44733369,-5.3821154,0.52486885,0.61170542,-0.59188604,0
4.3322668,-0.68659306,-3.3944869,0.46887493,-0.78813744,-0.3987425,0
3.5344872,-0.76659942,-4.7067842,0.46887493,-0.78813744,-0.3987425,0
-3.289881,-3.8703022,0.59913731,-0.71040058,-0.068233073,-0.70048213,0
0.0031456947,3.7992983,2.2053208,-0.46887493,0.78813744,0.3987425,0
1.6342015,-2.6089215,-2.7468948,0.46887493,-0.78813744,-0.3987425,0
-3.0117478,-0.71513891,0.1417644,-0.71040058,-0.068233073,-0.70048213,0
-0.63610148,-5.6633906,0.037939072,0.46887493,-0.78813744,-0.3987425,0
-2.7306907,1.5740886,3.3653059,-0.46887493,0.78813744,0.3987425,0
1.3987317,-4.4253798,0.18096399,0.46887493,-0.78813744,-0.3987425,0
-0.76144052,0.18500066,-2.2976816,-0.71040058,-0.068233073,-0.70048213,0
1.3437457,-2.6118839,-3.4721909,0.46887493,-0.78813744,-0.3987425,0
-1.6749321,-3.8738973,-0.88586211,-0.71040058,-0.068233073,-0.70048213,0
-2.7604072,2.0776737,2.4792724,-0.46887493,0.78813744,0.3987425,0
-2.9772882,-3.7078981,0.8643136,-0.52486885,-0.61170542,0.59188604,0
0.35716638,-0.4278878,2.2494311,0.71040058,0.068233073,0.70048213,0
0.83363295,-2.1229739,-3.5611515,-0.71040058,-0.068233073,-0.70048213,0
0.28376201,1.8384366,-3.2211993,-0.71040058,-0.068233073,-0.70048213,0
-0.67809725,3.9768012,1.4175575,-0.46887493,0.78813744,0.3987425,0
2.0513279,3.6599019,-1.8403087,0.52486885,0.61170542,-0.59188604,0
2.1694026,3.0231471,0.3995297,0.71040058,0.068233073,0.70048213,0
-1.0548365,-3.0727689,3.667388,-0.52486885,-0.61170542,0.59188604,0
3.2278817,0.48375857,-0.23593473,0.71040058,0.068233073,0.70048213,0
1.167433,-4.1263123,2.1682565,0.71040058,0.068233073,0.70048213,0
-0.23851472,2.1718836,-2.7986169,-0.71040058,-0.068233073,-0.70048213,0
-4.42344,0.52460885,3.9301391,-0.46887493,0.78813744,0.3987425,0
-4.4683423,0.58693665,3.4043078,-0.46887493,0.78813744,0.3987425,0
1.2831014,3.4220731,-2.7314491,0.52486885,0.61170542,-0.59188604,0
-3.1263969,-2.1343884,2.2879014,-0.52486885,-0.61170542,0.59188604,0
-0.14660037,-1.2234321,-2.3976793,-0.71040058,-0.068233073,-0.70048213,0
-3.0106578,-1.8263431,3.2950234,-0.52486885,-0.61170542,0.59188604,0
-3.7529631,-1.2656512,3.2643943,-0.52486885,-0.61170542,0.59188604,0
-0.60096788,1.1251961,-2.1689904,-0.71040058,-0.068233073,-0.70048213,0
-0.30189577,1.4080973,-2.768995,-0.71040058,-0.068233073,-0.70048213,0
0.57428408,-4.4420862,-0.85728782,0.46887493,-0.78813744,-0.3987425,0
3.3290353,2.5527182,-1.7589021,0.52486885,0.61170542,-0.59188604,0
3.4561243,1.7554048,-0.97010255,0.71040058,0.068233073,0.70048213,0
-3.5142491,2.61816,0.41934758,-0.46887493,0.78813744,0.3987425,0
2.9034076,1.1576955,-0.44388151,0.71040058,0.068233073,0.70048213,0
2.8864596,-2.7324371,-1.1919487,0.46887493,-0.78813744,-0.3987425,0
-2.2169576,-4.1020465,1.1191511,-0.52486885,-0.61170542,0.59188604,0
1.9410748,-2.8313057,1.2244425,0.71040058,0.068233073,0.70048213,0
3.3261125,-1.5915467,-0.47503734,0.71040058,0.068233073,0.70048213,0
-2.8360853,1.493767,4.1565962,-0.46887493,0.78813744,0.3987425,0
2.2508068,0.26533294,-5.0602293,-0.71040058,-0.068233073,-0.70048213,0
0.45928788,-2.4654808,2.8321745,0.71040058,0.068233073,0.70048213,0
-2.2647762,-2.8666923,2.890018,-0.52486885,-0.61170542,0.59188604,0
-2.551996,-3.9646335,1.2224898,-0.52486885,-0.61170542,0.59188604,0
-3.7628415,1.4168336,2.3346949,-0.46887493,0.78813744,0.3987425,0
2.8477778,1.2456177,-4.0967965,0.52486885,0.61170542,-0.59188604,0
-1.4132142,-2.5815527,-0.89559042,-0.71040058,-0.068233073,-0.70048213,0
2.5490258,3.229857,-2.0720906,0.52486885,0.61170542,-0.59188604,0
-1.3131166,5.3436003,-2.0586824,-0.46887493,0.78813744,0.3987425,0
-3.7706344,2.4657025,0.50809526,-0.46887493,0.78813744,0.3987425,0
3.1811767,-0.99251109,-4.1354179,0.46887493,-0.78813744,-0.3987425,0
-0.026569366,-5.6018257,1.4734797,0.46887493,-0.78813744,-0.3987425,0
2.8874447,-2.5157337,-1.3868862,0.46887493,-0.78813744,-0.3987425,0
-1.993167,-5.1343536,0.65840626,-0.52486885,-0.61170542,0.59188604,0
-0.20259511,0.55853319,3.2909679,0.71040058,0.068233073,0.70048213,0
2.3198094,-2.3603377,-2.8059416,0.46887493,-0.78813744,-0.3987425,0
1.1630411,5.6388378,-0.12332773,-0.46887493,0.78813744,0.3987425,0
1.4722534,5.1185231,-1.0208049,0.52486885,0.61170542,-0.59188604,0
1.2940116,-2.5253286,-3.9855952,0.46887493,-0.78813744,-0.3987425,0
-4.5625715,-1.0492034,1.9264712,-0.71040058,-0.068233073,-0.70048213,0
0.10758018,-3.0722365,-2.7344055,-0.71040058,-0.068233073,-0.70048213,0
0.89641523,-4.0099807,-0.69440418,0.46887493,-0.78813744,-0.3987425,0
2.6954269,4.338973,-0.76280928,0.52486885,0.61170542,-0.59188604,0
1.7763257,-2.7283881,-2.3773341,0.46887493,-0.78813744,-0.3987425,0
-2.8948319,-1.408663,3.7670279,-0.52486885,-0.61170542,0.59188604,0
-3.3201926,1.9107049,2.4484591,-0.46887493,0.78813744,0.3987425,0
-4.9697456,0.92695343,2.3833573,-0.46887493,0.78813744,0.3987425,0
2.057549,-3.4154811,-0.84665209,0.46887493,-0.78813744,-0.3987425,0
-1.6579223,-4.8044972,1.0518064,-0.52486885,-0.61170542,0.59188604,0
-2.9222188,1.590583,0.19652563,-0.71040058,-0.068233073,-0.70048213,0
1.7791119,-4.2328091,1.5470846,0.71040058,0.068233073,0.70048213,0
-3.5325592,0.90545034,0.55797589,-0.71040058,-0.068233073,-0.70048213,0
1.6848896,5.6000543,-0.026778221,0.52486885,0.61170542,-0.59188604,0
-3.4564421,-2.6803677,2.0536404,-0.52486885,-0.61170542,0.59188604,0
0.7251544,5.757597,-0.22997355,-0.46887493,0.78813744,0.3987425,0
4.8708467,0.76713914,-2.5277414,0.52486885,0.61170542,-0.59188604,0
-3.661577,2.4367747,0.85779369,-0.46887493,0.78813744,0.3987425,0
-2.0436826,-2.7605278,3.167028,-0.52486885,-0.61170542,0.59188604,0
3.130048,2.4351804,-2.5449867,0.52486885,0.61170542,-0.59188604,0
-1.4015471,-0.37244368,-1.5601002,-0.71040058,-0.068233073,-0.70048213,0
1.061219,4.5424347,-1.7786107,0.52486885,0.61170542,-0.59188604,0
-3.8534071,-1.465831,2.5362687,-0.52486885,-0.61170542,0.59188604,0
0.18014789,4.664742,-2.4229031,0.52486885,0.61170542,-0.59188604,0
-2.5075381,3.5505753,-0.48804623,-0.71040058,-0.068233073,-0.70048213,0
-0.93118548,-0.46990657,3.8847635,0.71040058,0.068233073,0.70048213,0
0.77138984,-2.8583245,2.5786626,0.71040058,0.068233073,0.70048213,0
0.5583384,-3.4615993,-2.601234,0.46887493,-0.78813744,-0.3987425,0
0.72692871,5.4718189,-1.4836254,0.52486885,0.61170542,-0.59188604,0
4.2293129,-1.3695109,-1.0552716,0.71040058,0.068233073,0.70048213,0
-3.3338561,-2.1024446,2.2669969,-0.52486885,-0.61170542,0.59188604,0
0.15547049,-3.1433113,2.8675516,0.71040058,0.068233073,0.70048213,0
1.4655807,2.3032565,-4.0478282,0.52486885,0.61170542,-0.59188604,0
-3.965431,0.4621338,4.5356474,-0.52486885,-0.61170542,0.59188604,0
-0.36444235,3.8777494,1.7672477,-0.46887493,0.78813744,0.3987425,0
0.091909885,4.8563962,-2.1657743,0.52486885,0.61170542,-0.59188604,0
-3.1471767,2.3092635,2.2447004,-0.46887493,0.78813744,0.3987425,0
0.056782484,-4.1950321,2.9541297,0.71040058,0.068233073,0.70048213,0
0.22973469,1.5172393,-3.3393152,-0.71040058,-0.068233073,-0.70048213,0
-3.0426741,0.56144845,5.3258314,-0.46887493,0.78813744,0.3987425,0
4.9847679,0.011201859,-2.3780141,0.71040058,0.068233073,0.70048213,0
-1.0228529,-5.1058264,-1.1048745,0.46887493,-0.78813744,-0.3987425,0
-0.26678586,-4.2441502,-2.3288584,0.46887493,-0.78813744,-0.3987425,0
2.3374696,4.364439,-0.82300329,0.52486885,0.61170542,-0.59188604,0
-0.17707586,5.060811,-2.4561224,0.52486885,0.61170542,-0.59188604,0
1.8162627,-3.294853,-1.8610767,0.46887493,-0.78813744,-0.3987425,0
-1.3634877,3.5177815,-1.8765347,-0.71040058,-0.068233073,-0.70048213,0
-1.310271,-2.473892,3.6270738,-0.52486885,-0.61170542,0.59188604,0
1.4302983,1.75789,1.220716,0.71040058,0.068233073,0.70048213,0
2.3835502,-2.7313335,-2.1736369,0.46887493,-0.78813744,-0.3987425,0
1.7685928,-3.9586096,-0.58392453,0.46887493,-0.78813744,-0.3987425,0
3.1258302,2.3993795,-0.49856687,0.71040058,0.068233073,0.70048213,0
0.18655086,4.7102485,0.61293697,-0.46887493,0.78813744,0.3987425,0
0.71599317,-4.1810951,2.8164914,0.71040058,0.068233073,0.70048213,0
-5.5863361,0.62847817,2.6323805,-0.46887493,0.78813744,0.3987425,0
-3.4334664,-0.34650266,0.81139612,-0.71040058,-0.068233073,-0.70048213,0
-2.1187937,2.5674648,2.1559148,-0.46887493,0.78813744,0.3987425,0
-0.92564601,-3.76863,2.5649452,-0.52486885,-0.61170542,0.59188604,0
-3.4414926,-1.7349346,0.64305091,-0.71040058,-0.068233073,-0.70048213,0
0.39116001,-5.107944,0.38372612,0.46887493,-0.78813744,-0.3987425,0
-0.55092669,-5.7218361,0.27335167,0.46887493,-0.78813744,-0.3987425,0
2.0098715,-4.1968694,0.51884604,0.46887493,-0.78813744,-0.3987425,0
-2.2082145,-2.4346232,3.3850474,-0.52486885,-0.61170542,0.59188604,0
-0.70748764,1.0843153,-2.3480916,-0.71040058,-0.068233073,-0.70048213,0
-1.547965,2.9839864,2.3371127,-0.46887493,0.78813744,0.3987425,0
-0.10335422,5.6137228,-2.1345625,0.52486885,0.61170542,-0.59188604,0
2.1388338,-1.8222306,-4.3994403,0.46887493,-0.78813744,-0.3987425,0
0.96556807,4.9932737,-1.4532747,0.52486885,0.61170542,-0.59188604,0
-1.8243656,4.8863683,-1.6437361,-0.71040058,-0.068233073,-0.70048213,0
-0.19304538,4.7547789,-0.032778978,-0.46887493,0.78813744,0.3987425,0
1.5201237,5.6862345,-0.5849967,0.52486885,0.61170542,-0.59188604,0
0.069005489,5.3778887,-0.17213178,-0.46887493,0.78813744,0.3987425,0
0.085826635,5.021142,-2.0874853,0.52486885,0.61170542,-0.59188604,0
-4.9244156,-0.36328256,2.9687939,-0.52486885,-0.61170542,0.59188604,0
3.0787966,-1.0858644,-4.4639335,0.46887493,-0.78813744,-0.3987425,0
-0.20699048,-3.7415061,3.325048,-0.52486885,-0.61170542,0.59188604,0
0.74810898,0.20033681,2.0312452,0.71040058,0.068233073,0.70048213,0
0.14793921,-4.9714265,2.4399643,-0.52486885,-0.61170542,0.59188604,0
-3.2575541,-0.84650308,3.9861064,-0.52486885,-0.61170542,0.59188604,0
-2.6060002,-1.6557412,3.3288059,-0.52486885,-0.61170542,0.59188604,0
-4.6089907,1.2734587,2.1972997,-0.46887493,0.78813744,0.3987425,0
-3.2025599,1.9002364,2.8516333,-0.46887493,0.78813744,0.3987425,0
-2.9910336,-0.090151668,5.1012287,-0.52486885,-0.61170542,0.59188604,0
-0.57415628,5.3399115,-1.6170721,-0.46887493,0.78813744,0.3987425,0
2.3169587,-1.642746,-3.6469562,0.46887493,-0.78813744,-0.3987425,0
-1.0477118,4.7091665,-0.056770563,-0.46887493,0.78813744,0.3987425,0
-3.8287506,1.2156782,3.4965582,-0.46887493,0.78813744,0.3987425,0
-4.8307419,0.621068,2.9708037,-0.46887493,0.78813744,0.3987425,0
1.1909834,-2.3483706,1.8042756,0.71040058,0.068233073,0.70048213,0
-4.4461751,-1.3481686,2.0376177,-0.52486885,-0.61170542,0.59188604,0
0.48426867,-4.4049911,-0.49358976,0.46887493,-0.78813744,-0.3987425,0
0.28004503,-5.8613191,2.0722623,-0.52486885,-0.61170542,0.59188604,0
0.38135141,-1.9286938,2.804955,0.71040058,0.068233073,0.70048213,0
-0.93216097,-2.5118408,-1.5582265,-0.71040058,-0.068233073,-0.70048213,0
-0.66541874,-1.8756797,-1.9813502,-0.71040058,-0.068233073,-0.70048213,0
2.3984032,-2.7921944,-2.0913787,0.46887493,-0.78813744,-0.3987425,0
3.0180664,4.0413857,-0.97776556,0.52486885,0.61170542,-0.59188604,0
-1.4442918,1.4177402,4.3168092,0.71040058,0.068233073,0.70048213,0
1.3519908,3.6206555,-2.9624929,0.52486885,0.61170542,-0.59188604,0
1.1380873,-4.9316726,0.70992637,0.46887493,-0.78813744,-0.3987425,0
-2.8563745,-1.1712437,0.24050927,-0.71040058,-0.068233073,-0.70048213,0
-1.2131684,-4.4324088,-1.3447746,-0.71040058,-0.068233073,-0.70048213,0
-1.974498,-0.71603453,-0.49972427,-0.71040058,-0.068233073,-0.70048213,0
-1.882273,-2.4039655,3.4579048,-0.52486885,-0.61170542,0.59188604,0
-4.0866332,1.4751941,2.0548704,-0.46887493,0.78813744,0.3987425,0
-1.7103727,2.8176131,2.136102,-0.46887493,0.78813744,0.3987425,0
-2.400075,-3.1995177,-0.36311412,-0.71040058,-0.068233073,-0.70048213,0
0.55382156,5.6235137,-0.16463089,-0.46887493,0.78813744,0.3987425,0
-2.262702,3.098598,1.3661426,-0.46887493,0.78813744,0.3987425,0
-3.2953346,-1.6228677,0.83299518,-0.71040058,-0.068233073,-0.70048213,0
-4.4432478,-1.01028,2.5688987,-0.52486885,-0.61170542,0.59188604,0
-1.9922886,-1.2543774,4.2593532,-0.52486885,-0.61170542,0.59188604,0
-2.8882847,3.275938,-0.094329834,-0.71040058,-0.068233073,-0.70048213,0
1.5508635,3.6430266,-2.1260619,0.52486885,0.61170542,-0.59188604,0
1.9227891,-2.6357632,-2.2719846,0.46887493,-0.78813744,-0.3987425,0
-0.12921262,5.260675,-2.0500073,0.52486885,0.61170542,-0.59188604,0
3.1065979,1.8184845,-0.50117517,0.71040058,0.068233073,0.70048213,0
2.5208235,-3.4639955,-0.4342767,0.46887493,-0.78813744,-0.3987425,0
-0.80091524,5.1691689,-0.75212264,-0.46887493,0.78813744,0.3987425,0
1.6838154,3.8176551,-1.9721036,0.52486885,0.61170542,-0.59188604,0
0.89200211,-5.1125069,0.69333291,0.46887493,-0.78813744,-0.3987425,0
-1.124491,-5.8721652,0.40892887,-0.52486885,-0.61170542,0.59188604,0
-1.5717459,3.5687962,1.6100004,-0.46887493,0.78813744,0.3987425,0
2.0633934,0.51922965,-4.9568148,0.52486885,0.61170542,-0.59188604,0
-1.9878352,4.210669,-1.2964184,-0.71040058,-0.068233073,-0.70048213,0
-0.31389999,-4.1526957,3.3274727,-0.52486885,-0.61170542,0.59188604,0
-3.5052676,-1.7698312,0.96883893,-0.71040058,-0.068233073,-0.70048213,0
-3.0972884,2.6666288,0.95817673,-0.46887493,0.78813744,0.3987425,0
1.4453225,-3.466629,-1.90318,0.46887493,-0.78813744,-0.3987425,0
0.87702775,1.3178496,1.7661207,0.71040058,0.068233073,0.70048213,0
0.82423615,-2.6329498,2.2266376,0.71040058,0.068233073,0.70048213,0
-2.0296769,-3.1833129,-0.54227138,-0.71040058,-0.068233073,-0.70048213,0
-2.516639,-4.4824438,0.15993834,-0.71040058,-0.068233073,-0.70048213,0
-1.2842715,0.71838701,-1.5354134,-0.71040058,-0.068233073,-0.70048213,0
-3.063405,-0.82166684,4.3396821,-0.52486885,-0.61170542,0.59188604,0
0.35559154,5.4338827,-1.8660631,0.52486885,0.61170542,-0.59188604,0
-0.78792477,-5.5979452,-0.027123928,0.46887493,-0.78813744,-0.3987425,0
-2.8460927,-1.2077181,4.012742,-0.52486885,-0.61170542,0.59188604,0
-0.76709306,-3.7951217,3.0285287,-0.52486885,-0.61170542,0.59188604,0
1.0850787,-4.3683777,0.18109238,0.46887493,-0.78813744,-0.3987425,0
-1.1201863,-2.5129621,3.6777334,-0.52486885,-0.61170542,0.59188604,0
0.28687239,-4.6367807,-0.93934715,0.46887493,-0.78813744,-0.3987425,0
-3.5728121,-0.31463185,3.7878203,-0.52486885,-0.61170542,0.59188604,0
