2.7487319,-1.6230799,-2.6720231,-0.28607073,-0.1146208,-0.9513284,0
-3.5322757,-3.4713092,0.45996094,0.16877723,-0.98332489,0.067723513,0
-0.091746569,-3.090086,-0.14768445,0.16877723,-0.98332489,0.067723513,0
4.4400997,-0.07635355,-0.50604081,0.94322729,0.14118889,-0.30064583,0
1.2148955,-1.7590177,1.9199026,0.28607073,0.1146208,0.9513284,0
-2.3981545,-3.344255,0.82486725,0.16877723,-0.98332489,0.067723513,0
-3.1137564,-0.34368563,-1.1050024,-0.28607073,-0.1146208,-0.9513284,0
2.2047067,3.3432376,-0.54571223,-0.16877723,0.98332489,-0.067723513,0
-0.56276333,2.9694245,1.5592337,-0.16877723,0.98332489,-0.067723513,0
4.6483579,-0.080197573,-1.0286996,0.94322729,0.14118889,-0.30064583,0
4.2344122,0.85620987,-1.1851923,0.94322729,0.14118889,-0.30064583,0
-3.3927922,-1.9779041,3.4532368,-0.94322729,-0.14118889,0.30064583,0
3.4550595,-1.0963442,1.1637726,0.28607073,0.1146208,0.9513284,0
-4.7599812,-0.45628095,0.43525505,-0.94322729,-0.14118889,0.30064583,0
-0.22725439,-1.6020722,2.5518181,0.28607073,0.1146208,0.9513284,0
2.2160461,2.7354057,0.94095898,0.28607073,0.1146208,0.9513284,0
-3.3218229,2.6514361,1.1583589,-0.16877723,0.98332489,-0.067723513,0
-4.1273074,-3.0243449,1.0194144,-0.94322729,-0.14118889,0.30064583,0
3.859936,1.0378654,-2.5035222,0.94322729,0.14118889,-0.30064583,0
2.3369672,3.5315137,-0.1911943,-0.16877723,0.98332489,-0.067723513,0
0.99566579,3.0886438,-2.572799,-0.16877723,0.98332489,-0.067723513,0
-4.3679466,2.5167036,2.8294225,-0.94322729,-0.14118889,0.30064583,0
-1.9465909,-3.3469591,-0.81827307,0.16877723,-0.98332489,0.067723513,0
4.0221324,0.40432394,-2.2173953,0.94322729,0.14118889,-0.30064583,0
3.7548723,-2.5419521,0.61533993,0.16877723,-0.98332489,0.067723513,0
3.3440351,3.5196717,-2.3519788,-0.16877723,0.98332489,-0.067723513,0
4.3047147,3.0233352,-0.661973,0.94322729,0.14118889,-0.30064583,0
3.3552613,-2.4615722,-1.6522199,0.16877723,-0.98332489,0.067723513,0
4.9398026,0.13028574,-0.039000988,0.94322729,0.14118889,-0.30064583,0
5.1063623,-0.4174788,0.26140499,0.94322729,0.14118889,-0.30064583,0
2.1026118,-2.8542018,0.42874584,0.16877723,-0.98332489,0.067723513,0
4.4300356,-2.2586329,0.23020804,0.16877723,-0.98332489,0.067723513,0
-2.1533914,-3.3819666,-1.1909351,-0.28607073,-0.1146208,-0.9513284,0
4.3532915,2.2169936,0.2191,0.94322729,0.14118889,-0.30064583,0
0.19934249,-3.0579281,0.21836185,0.16877723,-0.98332489,0.067723513,0
4.4096179,1.3109274,0.088446379,0.94322729,0.14118889,-0.30064583,0
4.2455559,3.1145425,-0.50732422,0.94322729,0.14118889,-0.30064583,0
1.3640306,2.6453023,-2.73649,-0.28607073,-0.1146208,-0.9513284,0
-1.4364996,2.8482544,0.57488477,-0.16877723,0.98332489,-0.067723513,0
-4.2295041,1.8525372,2.2023754,-0.94322729,-0.14118889,0.30064583,0
4.5168633,1.1139872,-0.82308221,0.94322729,0.14118889,-0.30064583,0
2.6586351,-2.7290797,-0.922315,0.16877723,-0.98332489,0.067723513,0
-2.4191768,-3.1144052,3.1085472,0.16877723,-0.98332489,0.067723513,0
1.777406,-1.9433402,-2.4653037,-0.28607073,-0.1146208,-0.9513284,0
4.6882114,-0.38127947,-0.58903456,0.94322729,0.14118889,-0.30064583,0
-2.6672039,2.8447218,1.3025914,-0.16877723,0.98332489,-0.067723513,0
4.5439105,0.41146946,-1.1024411,0.94322729,0.14118889,-0.30064583,0
3.8681562,-2.3964889,-2.3733985,0.16877723,-0.98332489,0.067723513,0
-4.3087583,-2.7945335,0.21481657,-0.94322729,-0.14118889,0.30064583,0
2.3811903,-2.5688527,-0.25920483,0.16877723,-0.98332489,0.067723513,0
-1.383007,1.7421885,-1.9981061,-0.28607073,-0.1146208,-0.9513284,0
4.3288183,1.1501715,-0.19612384,0.94322729,0.14118889,-0.30064583,0
-5.1061034,1.737231,-0.27173877,-0.94322729,-0.14118889,0.30064583,0
2.44732,-2.6938777,1.6518607,0.16877723,-0.98332489,0.067723513,0
-4.0360823,-1.1663883,-0.60960841,-0.28607073,-0.1146208,-0.9513284,0
4.7718563,0.98062468,-0.13381457,0.94322729,0.14118889,-0.30064583,0
-4.065475,-1.1017863,1.5005357,-0.94322729,-0.14118889,0.30064583,0
-0.34534121,1.770012,-2.1820736,-0.28607073,-0.1146208,-0.9513284,0
4.0590725,1.9948323,-1.2640295,0.94322729,0.14118889,-0.30064583,0
3.0811772,-1.0244745,-2.9122124,-0.28607073,-0.1146208,-0.9513284,0
3.8066998,2.6879511,-1.968282,0.94322729,0.14118889,-0.30064583,0
-3.1426091,-3.3876779,2.465507,0.16877723,-0.98332489,0.067723513,0
4.2446313,3.6354835,0.32593679,0.28607073,0.1146208,0.9513284,0
-2.864352,1.9782288,2.6223478,0.28607073,0.1146208,0.9513284,0
-3.0043404,2.8480268,1.6250811,-0.16877723,0.98332489,-0.067723513,0
-4.6675076,0.56271601,0.92838049,-0.94322729,-0.14118889,0.30064583,0
-0.75445557,2.7519746,-1.8177395,-0.16877723,0.98332489,-0.067723513,0
0.83169782,-2.9361105,-0.81161213,0.16877723,-0.98332489,0.067723513,0
-4.0029869,0.21762133,-0.83189201,-0.28607073,-0.1146208,-0.9513284,0
5.0661163,-0.14454722,0.40811872,0.94322729,0.14118889,-0.30064583,0
0.97232205,-0.1463809,1.9879379,0.28607073,0.1146208,0.9513284,0
-3.8688598,-0.88841617,2.0579193,-0.94322729,-0.14118889,0.30064583,0
-4.0126133,-1.0977815,1.2026014,-0.94322729,-0.14118889,0.30064583,0
1.6776049,-2.8138349,-2.0483565,0.16877723,-0.98332489,0.067723513,0
4.9239726,-1.4720142,-0.41553807,0.94322729,0.14118889,-0.30064583,0
-3.5104036,-2.6829989,3.0888622,-0.94322729,-0.14118889,0.30064583,0
4.3082819,-0.82976335,-1.8625393,0.94322729,0.14118889,-0.30064583,0
3.6435821,3.7954264,-0.61401653,-0.16877723,0.98332489,-0.067723513,0
4.2700396,-0.48383021,1.0846626,0.28607073,0.1146208,0.9513284,0
-3.5925183,2.6149709,0.60828465,-0.16877723,0.98332489,-0.067723513,0
-0.025137424,0.80856287,-2.257026,-0.28607073,-0.1146208,-0.9513284,0
4.9260998,-2.1505783,-1.0294807,0.94322729,0.14118889,-0.30064583,0
-3.1641018,-2.9758172,-0.99512625,-0.28607073,-0.1146208,-0.9513284,0
4.1730633,3.128659,0.14125586,0.94322729,0.14118889,-0.30064583,0
1.3505661,-2.7913668,-2.2279434,0.16877723,-0.98332489,0.067723513,0
-4.2696209,-1.5596558,1.2980382,-0.94322729,-0.14118889,0.30064583,0
-3.8937268,0.65834975,2.5935931,-0.94322729,-0.14118889,0.30064583,0
4.7841568,-1.5654602,0.64225388,0.28607073,0.1146208,0.9513284,0
2.6181262,2.6159439,0.95278358,0.28607073,0.1146208,0.9513284,0
-3.9772251,-1.1516967,2.5511553,-0.94322729,-0.14118889,0.30064583,0
-2.0893157,1.0519748,-1.6975398,-0.28607073,-0.1146208,-0.9513284,0
3.1400998,2.9420118,-3.1653306,0.94322729,0.14118889,-0.30064583,0
3.9704993,3.7736597,-0.29269981,0.94322729,0.14118889,-0.30064583,0
-4.2533154,-3.5078933,-0.42836428,-0.28607073,-0.1146208,-0.9513284,0
-4.2819624,-2.6300995,-0.46624327,-0.28607073,-0.1146208,-0.9513284,0
4.8257585,0.95688796,0.14317346,0.94322729,0.14118889,-0.30064583,0
3.4103773,2.8728743,-2.6085246,0.94322729,0.14118889,-0.30064583,0
-2.5522494,2.715934,-0.095451593,-0.16877723,0.98332489,-0.067723513,0
4.749754,-1.9981046,0.83485591,0.16877723,-0.98332489,0.067723513,0
4.2858534,-1.4312577,-1.6564337,0.94322729,0.14118889,-0.30064583,0
-3.7757614,-3.5740664,1.0898266,-0.94322729,-0.14118889,0.30064583,0
0.3895936,2.7327285,-2.5414934,-0.28607073,-0.1146208,-0.9513284,0
-3.4452567,-3.0220857,2.705735,-0.94322729,-0.14118889,0.30064583,0
-0.64351773,1.3472443,-2.1695118,-0.28607073,-0.1146208,-0.9513284,0
-3.7885504,-1.813648,2.569526,-0.94322729,-0.14118889,0.30064583,0
-2.8386886,2.673964,-1.2239704,-0.16877723,0.98332489,-0.067723513,0
-0.43121505,2.4601922,-2.3430905,-0.28607073,-0.1146208,-0.9513284,0
-2.7715471,-3.6716292,0.37711287,0.16877723,-0.98332489,0.067723513,0
3.7138948,-2.0416474,1.3794382,0.28607073,0.1146208,0.9513284,0
3.6622832,1.7770964,-2.9491053,0.94322729,0.14118889,-0.30064583,0
0.54785466,3.3066404,0.19257808,-0.16877723,0.98332489,-0.067723513,0
1.1534121,-2.5011237,2.0679743,0.28607073,0.1146208,0.9513284,0
2.9013588,3.4210384,-0.85233712,-0.16877723,0.98332489,-0.067723513,0
3.9932761,-1.9073825,1.2420547,0.28607073,0.1146208,0.9513284,0
2.839529,0.0020081997,1.1448368,0.28607073,0.1146208,0.9513284,0
-4.0430903,-1.6092584,-0.56513858,-0.28607073,-0.1146208,-0.9513284,0
-1.0811028,1.0993481,-2.0349369,-0.28607073,-0.1146208,-0.9513284,0
-2.3513808,2.363066,-1.4568279,-0.16877723,0.98332489,-0.067723513,0
3.4480939,-2.47262,-1.4763603,0.16877723,-0.98332489,0.067723513,0
-0.28480411,2.9884,-0.092457771,-0.16877723,0.98332489,-0.067723513,0
1.800622,-2.7766695,0.71588099,0.16877723,-0.98332489,0.067723513,0
0.43519539,0.84031892,1.8272307,0.28607073,0.1146208,0.9513284,0
-4.2677474,1.0511941,1.9805024,-0.94322729,-0.14118889,0.30064583,0
-4.2345037,0.33192605,2.4822533,-0.94322729,-0.14118889,0.30064583,0
4.5996075,-1.5036941,-1.324873,0.94322729,0.14118889,-0.30064583,0
-5.1322403,1.144696,-0.0044028759,-0.94322729,-0.14118889,0.30064583,0
0.52559733,1.9236313,-2.6769857,-0.28607073,-0.1146208,-0.9513284,0
5.404458,-2.061343,0.50227284,0.94322729,0.14118889,-0.30064583,0
1.1758484,0.76670611,1.5841242,0.28607073,0.1146208,0.9513284,0
-4.1110845,1.9360349,2.7385345,-0.94322729,-0.14118889,0.30064583,0
0.48376417,-3.0808196,-0.23165751,0.16877723,-0.98332489,0.067723513,0
-0.3824501,-3.339978,-0.29638982,0.16877723,-0.98332489,0.067723513,0
-0.90174222,-3.3181441,-0.75307596,0.16877723,-0.98332489,0.067723513,0
-2.0157797,-0.69753933,-1.5092692,-0.28607073,-0.1146208,-0.9513284,0
3.3734045,3.7855949,0.31393147,-0.16877723,0.98332489,-0.067723513,0
-3.2670159,-2.3198016,-0.84674835,-0.28607073,-0.1146208,-0.9513284,0
4.4459791,2.603601,-0.070771694,0.94322729,0.14118889,-0.30064583,0
0.56875515,3.3381126,1.0375221,-0.16877723,0.98332489,-0.067723513,0
-4.4800792,0.8062433,1.8357728,-0.94322729,-0.14118889,0.30064583,0
5.1153884,-0.39469814,0.23673081,0.94322729,0.14118889,-0.30064583,0
4.5090666,1.3917403,-0.51878452,0.94322729,0.14118889,-0.30064583,0
-4.1501951,-1.8994998,1.1507168,-0.94322729,-0.14118889,0.30064583,0
-0.54618931,2.7773199,-1.2067243,-0.16877723,0.98332489,-0.067723513,0
1.7613744,3.4115338,0.60000491,-0.16877723,0.98332489,-0.067723513,0
0.11658478,-3.0265522,-1.4835204,0.16877723,-0.98332489,0.067723513,0
-1.2774057,-2.816288,2.7949264,0.28607073,0.1146208,0.9513284,0
4.7075343,0.64540744,0.2175386,0.94322729,0.14118889,-0.30064583,0
-3.440809,-2.4092691,2.7863076,-0.94322729,-0.14118889,0.30064583,0
1.8633618,3.1126025,-1.3244128,-0.16877723,0.98332489,-0.067723513,0
1.6496919,2.3413975,1.2982223,0.28607073,0.1146208,0.9513284,0
-0.73410618,-1.2808368,-1.6534004,-0.28607073,-0.1146208,-0.9513284,0
4.4328599,-1.7638781,-1.2352123,0.94322729,0.14118889,-0.30064583,0
-2.7940159,2.5412645,1.5349067,-0.16877723,0.98332489,-0.067723513,0
-4.4132795,2.2246315,2.2642484,-0.94322729,-0.14118889,0.30064583,0
-1.5037975,-3.3815393,1.4992263,0.16877723,-0.98332489,0.067723513,0
-3.999073,0.70417678,2.8437088,-0.94322729,-0.14118889,0.30064583,0
-4.4128709,1.3166733,1.0972135,-0.94322729,-0.14118889,0.30064583,0
-3.7705352,-0.84189421,2.3029296,-0.94322729,-0.14118889,0.30064583,0
3.2038844,0.38778591,1.2663878,0.28607073,0.1146208,0.9513284,0
4.5797148,0.57435417,-0.22724056,0.94322729,0.14118889,-0.30064583,0
-2.4969182,-3.2765045,3.0506804,0.28607073,0.1146208,0.9513284,0
-2.1360936,-3.631063,-0.89182496,0.16877723,-0.98332489,0.067723513,0
-3.4366179,2.5739815,2.5438912,-0.16877723,0.98332489,-0.067723513,0
-3.6179481,-2.4783132,2.8298204,-0.94322729,-0.14118889,0.30064583,0
0.73726273,2.0149152,-2.3895061,-0.28607073,-0.1146208,-0.9513284,0
-1.0831778,-2.1793675,2.7699389,0.28607073,0.1146208,0.9513284,0
-3.2911973,2.2933269,-0.82620209,-0.16877723,0.98332489,-0.067723513,0
4.2947946,-1.3882699,-2.1711326,0.94322729,0.14118889,-0.30064583,0
3.829062,1.6654437,-2.0486887,0.94322729,0.14118889,-0.30064583,0
-3.0394802,-0.97725344,-1.0386932,-0.28607073,-0.1146208,-0.9513284,0
-0.23859501,2.0553713,1.988822,0.28607073,0.1146208,0.9513284,0
1.1265696,3.3062444,0.22863388,-0.16877723,0.98332489,-0.067723513,0
3.7013574,-0.86291885,1.2265252,0.28607073,0.1146208,0.9513284,0
-4.9148355,2.1070385,0.056950808,-0.16877723,0.98332489,-0.067723513,0
-3.0323434,-3.3064418,1.7141895,0.16877723,-0.98332489,0.067723513,0
-1.1570477,2.9177067,2.2484055,0.28607073,0.1146208,0.9513284,0
4.401381,-2.1795623,-1.1222184,0.16877723,-0.98332489,0.067723513,0
2.2451274,0.39168024,1.3557055,0.28607073,0.1146208,0.9513284,0
4.2923875,-1.372474,-1.6708986,0.94322729,0.14118889,-0.30064583,0
0.65444756,-2.7859035,-2.1338611,-0.28607073,-0.1146208,-0.9513284,0
1.3047655,-2.6822627,-2.2280378,-0.28607073,-0.1146208,-0.9513284,0
-1.1948466,2.5361075,1.9751118,0.28607073,0.1146208,0.9513284,0
3.6671767,0.8704443,-3.1246734,0.94322729,0.14118889,-0.30064583,0
-5.1291633,1.9478822,0.32762194,-0.94322729,-0.14118889,0.30064583,0
-3.5364513,2.5013323,1.440488,-0.16877723,0.98332489,-0.067723513,0
-3.1756728,2.4464138,2.8240826,0.28607073,0.1146208,0.9513284,0
-4.401638,-0.82594681,0.60935712,-0.94322729,-0.14118889,0.30064583,0
-2.4881327,-3.5180309,-0.79257798,-0.28607073,-0.1146208,-0.9513284,0
-1.2689155,-1.8284954,2.5512276,0.28607073,0.1146208,0.9513284,0
4.1410956,1.865267,-0.76597857,0.94322729,0.14118889,-0.30064583,0
-1.6911805,-3.3798695,2.2593384,0.16877723,-0.98332489,0.067723513,0
-3.5651016,-3.5453842,2.0102496,0.16877723,-0.98332489,0.067723513,0
0.89473081,1.1998941,1.879245,0.28607073,0.1146208,0.9513284,0
2.4937418,3.4115276,-3.2404881,-0.16877723,0.98332489,-0.067723513,0
-0.82285637,-1.1984097,-1.5975997,-0.28607073,-0.1146208,-0.9513284,0
2.3008349,-2.461781,1.2002004,0.16877723,-0.98332489,0.067723513,0
-5.2625017,1.6385159,-0.3887794,-0.94322729,-0.14118889,0.30064583,0
3.8913081,-2.479178,-0.76309454,0.16877723,-0.98332489,0.067723513,0
4.0069818,-0.6167537,-2.720715,0.94322729,0.14118889,-0.30064583,0
2.9601154,3.452024,-0.0096702576,-0.16877723,0.98332489,-0.067723513,0
-3.6361256,-2.9165692,2.2679143,-0.94322729,-0.14118889,0.30064583,0
4.7617884,-0.92254806,-0.80171871,0.94322729,0.14118889,-0.30064583,0
-2.7513115,2.8329015,0.90907729,-0.16877723,0.98332489,-0.067723513,0
-1.6133924,2.2573433,2.1525114,0.28607073,0.1146208,0.9513284,0
-4.7987413,0.17214632,0.34300804,-0.94322729,-0.14118889,0.30064583,0
-1.1042539,-3.1945708,0.15627122,0.16877723,-0.98332489,0.067723513,0
4.9252253,-2.0615928,-1.0672817,0.94322729,0.14118889,-0.30064583,0
-1.8963518,-3.3897033,-1.3309762,-0.28607073,-0.1146208,-0.9513284,0
-5.0501189,1.4908364,-0.62260485,-0.94322729,-0.14118889,0.30064583,0
0.031710148,-2.959497,-1.6359522,-0.28607073,-0.1146208,-0.9513284,0
-2.9412184,-3.4976406,1.3132977,0.16877723,-0.98332489,0.067723513,0
-1.4007564,-3.3147354,2.2694595,0.16877723,-0.98332489,0.067723513,0
-4.1598611,0.67595923,2.6580133,-0.94322729,-0.14118889,0.30064583,0
-3.9861212,2.3814549,1.2012787,-0.16877723,0.98332489,-0.067723513,0
4.4539475,-1.7019353,-2.4313109,0.94322729,0.14118889,-0.30064583,0
0.23626351,3.0847235,1.5459702,-0.16877723,0.98332489,-0.067723513,0
2.2526245,-2.1989579,-2.3677902,-0.28607073,-0.1146208,-0.9513284,0
-3.4767561,-2.7212358,3.2802773,-0.94322729,-0.14118889,0.30064583,0
-4.5478683,1.2890346,1.315038,-0.94322729,-0.14118889,0.30064583,0
-4.1456985,-1.482493,1.1902797,-0.94322729,-0.14118889,0.30064583,0
1.5418041,-1.8910372,1.9246949,0.28607073,0.1146208,0.9513284,0
4.2910972,2.5345335,-0.026200771,0.94322729,0.14118889,-0.30064583,0
-3.7322409,-2.0992002,1.7600727,-0.94322729,-0.14118889,0.30064583,0
2.6115603,0.49864221,1.1538988,0.28607073,0.1146208,0.9513284,0
-4.3292379,1.1496887,2.2391627,-0.94322729,-0.14118889,0.30064583,0
-3.8789005,-1.5415027,1.72086,-0.94322729,-0.14118889,0.30064583,0
0.076306343,-0.2916559,-1.9631339,-0.28607073,-0.1146208,-0.9513284,0
4.796267,-0.63806939,-0.27372169,0.94322729,0.14118889,-0.30064583,0
4.8687539,1.1712549,0.50382662,0.94322729,0.14118889,-0.30064583,0
0.60787845,-2.8881392,0.2494173,0.16877723,-0.98332489,0.067723513,0
4.3507042,1.7957847,-1.0897021,0.94322729,0.14118889,-0.30064583,0
0.06026268,1.2291697,1.8042028,0.28607073,0.1146208,0.9513284,0
4.1268549,-0.68860865,1.1169066,0.28607073,0.1146208,0.9513284,0
2.4934049,2.4617679,1.1436875,0.28607073,0.1146208,0.9513284,0
-0.032143116,3.0583391,-0.89882374,-0.16877723,0.98332489,-0.067723513,0
-4.0080895,-3.0657578,1.2930837,-0.94322729,-0.14118889,0.30064583,0
-4.5072236,-1.2122273,-0.051132441,-0.94322729,-0.14118889,0.30064583,0
3.19749,0.65821528,-3.1041992,-0.28607073,-0.1146208,-0.9513284,0
3.464926,1.9372635,-2.7580931,0.94322729,0.14118889,-0.30064583,0
-4.5574632,-1.7496724,0.40036535,-0.94322729,-0.14118889,0.30064583,0
4.3262534,2.1905735,-0.49115753,0.94322729,0.14118889,-0.30064583,0
-3.1840265,-3.410038,3.4455447,0.28607073,0.1146208,0.9513284,0
0.88575482,-3.1604664,-1.2020631,0.16877723,-0.98332489,0.067723513,0
3.493314,-2.6198063,0.47840339,0.16877723,-0.98332489,0.067723513,0
-2.4698286,2.4571381,0.41409928,-0.16877723,0.98332489,-0.067723513,0
4.6016073,3.1043568,0.33505297,0.94322729,0.14118889,-0.30064583,0
-4.8510718,-0.54116035,-0.51338363,-0.94322729,-0.14118889,0.30064583,0
-4.5521703,2.2996807,2.2104259,-0.94322729,-0.14118889,0.30064583,0
0.14895272,-1.967994,2.4373128,0.28607073,0.1146208,0.9513284,0
-2.2348001,2.771719,1.060052,-0.16877723,0.98332489,-0.067723513,0
4.3214602,0.53276539,-1.1813707,0.94322729,0.14118889,-0.30064583,0
-4.4754515,0.20779371,-0.80845523,-0.28607073,-0.1146208,-0.9513284,0
4.1478934,-2.3616378,-0.79270005,0.16877723,-0.98332489,0.067723513,0
-4.2148504,-0.27862501,-0.99273515,-0.28607073,-0.1146208,-0.9513284,0
1.801743,-2.8369393,0.68184638,0.16877723,-0.98332489,0.067723513,0
-1.6130624,2.5747802,-0.67174268,-0.16877723,0.98332489,-0.067723513,0
3.2555127,0.34967351,1.1936837,0.28607073,0.1146208,0.9513284,0
3.9799442,0.94247532,0.95631886,0.28607073,0.1146208,0.9513284,0
0.3734237,-3.0636418,-1.4359025,0.16877723,-0.98332489,0.067723513,0
2.4258535,2.7176118,1.247647,0.28607073,0.1146208,0.9513284,0
-1.5423179,-3.2144792,-0.1804781,0.16877723,-0.98332489,0.067723513,0
-2.1122372,-0.49277282,-1.264181,-0.28607073,-0.1146208,-0.9513284,0
-4.487196,2.0860162,0.06031394,-0.16877723,0.98332489,-0.067723513,0
-4.1106615,0.96477783,3.1527109,-0.94322729,-0.14118889,0.30064583,0
4.4619513,-2.1536105,0.56505167,0.16877723,-0.98332489,0.067723513,0
1.1007602,-2.9415619,-1.6897348,0.16877723,-0.98332489,0.067723513,0
2.8869317,1.0769514,-3.0436995,-0.28607073,-0.1146208,-0.9513284,0
3.7038722,0.38111749,-2.701504,0.94322729,0.14118889,-0.30064583,0
2.671778,3.4729013,-1.1904297,-0.16877723,0.98332489,-0.067723513,0
-1.5397718,2.3861661,2.221375,0.28607073,0.1146208,0.9513284,0
1.7809421,2.9453239,1.1961308,0.28607073,0.1146208,0.9513284,0
3.9205647,-2.5977702,-3.0782061,0.16877723,-0.98332489,0.067723513,0
2.8131897,3.5432935,0.46832156,-0.16877723,0.98332489,-0.067723513,0
-4.0646949,-3.4087868,0.30983782,-0.94322729,-0.14118889,0.30064583,0
0.71577191,3.3615255,0.058731079,-0.16877723,0.98332489,-0.067723513,0
-1.5398176,-3.2093849,1.7796488,0.16877723,-0.98332489,0.067723513,0
1.1794484,3.2108064,-2.4300058,-0.16877723,0.98332489,-0.067723513,0
3.4598022,3.5390701,-1.9090619,0.94322729,0.14118889,-0.30064583,0
-3.1992013,-3.4946136,2.8758554,-0.94322729,-0.14118889,0.30064583,0
5.2516584,-1.1839859,0.34590602,0.94322729,0.14118889,-0.30064583,0
-2.0229354,-3.2293773,-0.46616292,0.16877723,-0.98332489,0.067723513,0
4.6697812,-1.4309093,-1.5525098,0.94322729,0.14118889,-0.30064583,0
4.2817616,-1.5021994,1.1619886,0.28607073,0.1146208,0.9513284,0
-1.9008741,2.9073219,0.40595376,-0.16877723,0.98332489,-0.067723513,0
3.1677301,0.18668403,-3.2724016,-0.28607073,-0.1146208,-0.9513284,0
2.8244903,3.1754229,-2.3393998,-0.16877723,0.98332489,-0.067723513,0
-1.3275471,2.6806302,-0.053733289,-0.16877723,0.98332489,-0.067723513,0
-3.7468019,-3.3112001,1.5455227,-0.94322729,-0.14118889,0.30064583,0
-4.2918634,2.4645939,1.5529143,-0.16877723,0.98332489,-0.067723513,0
4.0644536,3.4682467,0.022500992,0.94322729,0.14118889,-0.30064583,0
1.7948328,0.268318,-2.6920881,-0.28607073,-0.1146208,-0.9513284,0
4.3268013,3.5924971,-0.27816391,-0.16877723,0.98332489,-0.067723513,0
3.8081234,0.062622011,-3.1928091,0.94322729,0.14118889,-0.30064583,0
-4.647881,2.2923975,0.46624255,-0.16877723,0.98332489,-0.067723513,0
-2.7605417,2.4521272,-0.13108227,-0.16877723,0.98332489,-0.067723513,0
1.0135511,0.26986122,1.5918643,0.28607073,0.1146208,0.9513284,0
-4.027494,-0.19618738,2.0842316,-0.94322729,-0.14118889,0.30064583,0
-3.3109202,-3.2111504,3.1797056,-0.94322729,-0.14118889,0.30064583,0
-2.8979254,-3.5596228,1.4687877,0.16877723,-0.98332489,0.067723513,0
-2.6736825,-2.7186561,3.323602,0.28607073,0.1146208,0.9513284,0
-4.4713411,-0.49427915,0.5725441,-0.94322729,-0.14118889,0.30064583,0
-2.9558651,2.8159771,2.0066946,-0.16877723,0.98332489,-0.067723513,0
2.2452564,-1.5196208,-2.6994817,-0.28607073,-0.1146208,-0.9513284,0
-4.4233274,2.2627742,2.7210877,-0.94322729,-0.14118889,0.30064583,0
-3.805886,0.42158318,-1.0086008,-0.28607073,-0.1146208,-0.9513284,0
4.7510939,-0.12849188,0.57218552,0.28607073,0.1146208,0.9513284,0
4.2307539,-0.67198908,-1.8457894,0.94322729,0.14118889,-0.30064583,0
1.1949883,-2.8156037,-0.25322187,0.16877723,-0.98332489,0.067723513,0
3.9453497,3.4794693,-0.86689949,0.94322729,0.14118889,-0.30064583,0
4.8408208,-0.086341143,0.014583111,0.94322729,0.14118889,-0.30064583,0
4.8002939,0.13067627,0.55394387,0.28607073,0.1146208,0.9513284,0
-4.4200687,-0.15294933,-0.83097482,-0.28607073,-0.1146208,-0.9513284,0
2.4350338,3.3266857,-1.0022676,-0.16877723,0.98332489,-0.067723513,0
2.7071545,3.6083329,-1.2782819,-0.16877723,0.98332489,-0.067723513,0
-3.1752272,-0.65644693,-0.93717873,-0.28607073,-0.1146208,-0.9513284,0
-1.5576653,2.6870198,0.95958996,-0.16877723,0.98332489,-0.067723513,0
-4.1022758,-3.0825894,0.81254339,-0.94322729,-0.14118889,0.30064583,0
3.9815118,-1.2227731,1.0674913,0.28607073,0.1146208,0.9513284,0
-0.44725454,-2.335711,-1.5077996,-0.28607073,-0.1146208,-0.9513284,0
3.8276629,0.51604962,0.69812608,0.28607073,0.1146208,0.9513284,0
4.9650631,-1.9418995,-0.73136616,0.94322729,0.14118889,-0.30064583,0
4.24967,-1.9201431,0.86173725,0.28607073,0.1146208,0.9513284,0
-0.30250502,-2.6685758,-1.5179948,-0.28607073,-0.1146208,-0.9513284,0
-5.007266,1.9513667,-0.91926944,-0.28607073,-0.1146208,-0.9513284,0
1.4856298,-2.5669687,0.97841257,0.16877723,-0.98332489,0.067723513,0
0.29512978,2.9549034,-1.5120777,-0.16877723,0.98332489,-0.067723513,0
3.5327702,2.9032001,-2.9055188,0.94322729,0.14118889,-0.30064583,0
-4.9996896,2.2907043,-0.30102146,-0.94322729,-0.14118889,0.30064583,0
4.7603159,-2.09163,-0.067307949,0.16877723,-0.98332489,0.067723513,0
-4.8911552,0.86147738,-0.60520577,-0.94322729,-0.14118889,0.30064583,0
-4.6107206,0.36459064,0.68548083,-0.94322729,-0.14118889,0.30064583,0
0.040933132,-3.0170321,1.319837,0.16877723,-0.98332489,0.067723513,0
-3.5287714,2.2123628,-0.6368503,-0.16877723,0.98332489,-0.067723513,0
0.4459514,0.49217308,1.9618418,0.28607073,0.1146208,0.9513284,0
-4.0723052,-1.5475128,-0.87366343,-0.28607073,-0.1146208,-0.9513284,0
-3.7027044,-3.4088278,1.783843,-0.94322729,-0.14118889,0.30064583,0
4.0541973,-0.95101947,-2.2266364,0.94322729,0.14118889,-0.30064583,0
3.2064922,3.4669473,-2.5483122,-0.16877723,0.98332489,-0.067723513,0
-4.2096281,1.3138661,2.2971997,-0.94322729,-0.14118889,0.30064583,0
3.2965362,3.6396246,-1.1140065,-0.16877723,0.98332489,-0.067723513,0
3.7561617,1.8586709,0.55845833,0.28607073,0.1146208,0.9513284,0
3.5097294,1.6384155,-3.2531762,0.94322729,0.14118889,-0.30064583,0
4.4448237,-0.35206676,-0.63340092,0.94322729,0.14118889,-0.30064583,0
2.6236024,3.1717167,-2.4673328,-0.16877723,0.98332489,-0.067723513,0
-2.8625312,-3.5375953,-0.47812581,0.16877723,-0.98332489,0.067723513,0
3.6403682,3.6255009,0.17444611,-0.16877723,0.98332489,-0.067723513,0
-4.2997723,-0.98382282,0.96888685,-0.94322729,-0.14118889,0.30064583,0
2.4371212,2.3592715,-2.943059,-0.28607073,-0.1146208,-0.9513284,0
-3.7463758,-3.5010433,1.0620904,-0.94322729,-0.14118889,0.30064583,0
2.6020422,-2.6551385,-1.5771452,0.16877723,-0.98332489,0.067723513,0
0.85062551,-2.8563962,-1.1180432,0.16877723,-0.98332489,0.067723513,0
-3.9538934,2.4497652,2.4394774,-0.16877723,0.98332489,-0.067723513,0
-4.2494698,0.036711693,1.6484718,-0.94322729,-0.14118889,0.30064583,0
4.6166744,-0.96414185,-1.0894928,0.94322729,0.14118889,-0.30064583,0
-0.26229811,-2.9156291,0.65897179,0.16877723,-0.98332489,0.067723513,0
-3.8172626,-3.3867273,1.0675664,-0.94322729,-0.14118889,0.30064583,0
3.9451013,0.74678612,0.7079258,0.28607073,0.1146208,0.9513284,0
1.2952868,-2.8464656,-0.34992087,0.16877723,-0.98332489,0.067723513,0
4.0911474,2.4470305,-0.66862917,0.94322729,0.14118889,-0.30064583,0
-3.9204676,-3.6788063,0.44591093,-0.94322729,-0.14118889,0.30064583,0
4.2837095,-1.4972422,0.80784881,0.28607073,0.1146208,0.9513284,0
-2.7340503,-1.1043954,-1.3191189,-0.28607073,-0.1146208,-0.9513284,0
2.024045,-2.6892292,1.8107101,0.28607073,0.1146208,0.9513284,0
1.991329,-2.7404015,-0.23132414,0.16877723,-0.98332489,0.067723513,0
1.8576815,-2.6787777,0.93709075,0.16877723,-0.98332489,0.067723513,0
4.6338081,-2.3140695,-1.5153472,0.94322729,0.14118889,-0.30064583,0
4.1759691,0.85102487,0.91809869,0.28607073,0.1146208,0.9513284,0
-4.9010968,0.28906512,-0.051216364,-0.94322729,-0.14118889,0.30064583,0
3.1439185,-2.250802,-2.7974255,-0.28607073,-0.1146208,-0.9513284,0
-3.4187422,-2.0026577,-0.93709755,-0.28607073,-0.1146208,-0.9513284,0
4.3460584,-1.9030801,-2.6060667,0.94322729,0.14118889,-0.30064583,0
-1.9349673,-1.6263781,-1.2980998,-0.28607073,-0.1146208,-0.9513284,0
-4.0594921,2.4314036,0.55989671,-0.16877723,0.98332489,-0.067723513,0
-3.8145926,2.6758327,3.013958,0.28607073,0.1146208,0.9513284,0
3.8959494,-2.2275639,0.17309153,0.16877723,-0.98332489,0.067723513,0
0.7037456,1.6241304,-2.4363632,-0.28607073,-0.1146208,-0.9513284,0
-1.997188,2.8425663,0.81725216,-0.16877723,0.98332489,-0.067723513,0
-0.38187528,-3.1137202,1.9791387,0.16877723,-0.98332489,0.067723513,0
-4.3977928,0.046378851,0.55315733,-0.94322729,-0.14118889,0.30064583,0
-2.5809946,-2.4689121,-0.82725048,-0.28607073,-0.1146208,-0.9513284,0
2.1289513,2.0134184,1.2973272,0.28607073,0.1146208,0.9513284,0
-0.085851669,-3.1921687,-0.32966936,0.16877723,-0.98332489,0.067723513,0
4.1075721,0.54550409,0.73862791,0.28607073,0.1146208,0.9513284,0
-1.5865068,1.6137254,2.2040327,0.28607073,0.1146208,0.9513284,0
3.772609,1.6811961,-2.889771,0.94322729,0.14118889,-0.30064583,0
1.9196897,0.49663115,1.4958802,0.28607073,0.1146208,0.9513284,0
1.7389998,-0.53553581,1.5939144,0.28607073,0.1146208,0.9513284,0
3.9477844,1.2790723,-1.5148959,0.94322729,0.14118889,-0.30064583,0
3.440392,3.0286522,-3.2182307,0.94322729,0.14118889,-0.30064583,0
1.1377332,-2.880101,0.97554463,0.16877723,-0.98332489,0.067723513,0
-3.4875481,-3.2660048,2.1641836,-0.94322729,-0.14118889,0.30064583,0
5.0887852,-0.88521695,0.26263905,0.94322729,0.14118889,-0.30064583,0
-0.59648824,-2.0077085,2.3590069,0.28607073,0.1146208,0.9513284,0
4.9330993,-0.71530032,-0.2265594,0.94322729,0.14118889,-0.30064583,0
4.788743,-0.2673223,0.22416759,0.94322729,0.14118889,-0.30064583,0
-1.4227793,-3.3148549,-0.42621469,0.16877723,-0.98332489,0.067723513,0
4.7418046,0.11049461,0.12346816,0.94322729,0.14118889,-0.30064583,0
-0.14632154,3.0708334,0.83647257,-0.16877723,0.98332489,-0.067723513,0
1.3045452,3.4484844,0.16634321,-0.16877723,0.98332489,-0.067723513,0
4.0647936,-1.4396632,-2.9568722,0.94322729,0.14118889,-0.30064583,0
-1.988132,2.6107669,-0.70575327,-0.16877723,0.98332489,-0.067723513,0
-2.1071482,2.6252553,-0.08269807,-0.16877723,0.98332489,-0.067723513,0
-3.6517737,-3.2071428,1.8714719,-0.94322729,-0.14118889,0.30064583,0
2.8981407,-1.2005813,-2.6872971,-0.28607073,-0.1146208,-0.9513284,0
-0.94407338,2.3466308,2.035007,0.28607073,0.1146208,0.9513284,0
0.78439403,3.1974688,-1.4837663,-0.16877723,0.98332489,-0.067723513,0
0.62053454,-0.67575073,1.8979079,0.28607073,0.1146208,0.9513284,0
-4.4269738,-0.80107462,1.2996774,-0.94322729,-0.14118889,0.30064583,0
-0.90537858,-3.2834764,1.1842897,0.16877723,-0.98332489,0.067723513,0
-1.2056992,-3.1835382,0.18993378,0.16877723,-0.98332489,0.067723513,0
1.1692371,2.9450021,-2.7842863,-0.16877723,0.98332489,-0.067723513,0
-2.486131,2.7208495,0.49075878,-0.16877723,0.98332489,-0.067723513,0
3.9144437,2.2360051,-1.1913562,0.94322729,0.14118889,-0.30064583,0
-0.58904624,3.0891304,-0.72838891,-0.16877723,0.98332489,-0.067723513,0
2.692075,-2.5746455,-2.6706176,-0.28607073,-0.1146208,-0.9513284,0
-1.8747405,-2.1069088,-1.258393,-0.28607073,-0.1146208,-0.9513284,0
-4.5420008,-0.039511442,1.2244589,-0.94322729,-0.14118889,0.30064583,0
3.8664279,-0.66090995,-2.8188014,0.94322729,0.14118889,-0.30064583,0
3.4413016,-2.4339972,-1.1609174,0.16877723,-0.98332489,0.067723513,0
0.65018249,3.3807454,1.3655353,-0.16877723,0.98332489,-0.067723513,0
0.44668981,0.65450203,2.056298,0.28607073,0.1146208,0.9513284,0
-4.0863476,-0.75783753,1.4477401,-0.94322729,-0.14118889,0.30064583,0
-3.2550366,1.0622356,2.8138022,0.28607073,0.1146208,0.9513284,0
1.029803,3.1828671,0.9833281,-0.16877723,0.98332489,-0.067723513,0
-4.0241108,1.234462,2.2737854,-0.94322729,-0.14118889,0.30064583,0
0.81357336,-3.134697,-0.90644944,0.16877723,-0.98332489,0.067723513,0
-2.7984822,1.8249023,2.5191746,0.28607073,0.1146208,0.9513284,0
-3.2942233,-2.0370185,3.1570075,-0.94322729,-0.14118889,0.30064583,0
3.2345338,3.2601314,-2.4288347,-0.16877723,0.98332489,-0.067723513,0
0.99447823,1.6769886,1.7640452,0.28607073,0.1146208,0.9513284,0
4.0094323,-2.7053673,-2.0640953,0.16877723,-0.98332489,0.067723513,0
-4.2996168,1.8080618,2.9091012,-0.94322729,-0.14118889,0.30064583,0
-1.292376,-3.3770914,0.33548522,0.16877723,-0.98332489,0.067723513,0
-1.8001422,2.580862,0.40723854,-0.16877723,0.98332489,-0.067723513,0
4.4192224,2.4431548,0.54522848,0.94322729,0.14118889,-0.30064583,0
3.5841839,1.8120239,0.72577119,0.28607073,0.1146208,0.9513284,0
1.5593281,-2.5983286,0.56347215,0.16877723,-0.98332489,0.067723513,0
1.8471036,-0.80359674,1.6423273,0.28607073,0.1146208,0.9513284,0
-3.9149461,-0.36891127,-0.92904329,-0.28607073,-0.1146208,-0.9513284,0
-1.3244957,-0.728477,-1.7619933,-0.28607073,-0.1146208,-0.9513284,0
-2.1834507,2.6958292,0.35945901,-0.16877723,0.98332489,-0.067723513,0
4.0900803,2.4718194,-1.0591774,0.94322729,0.14118889,-0.30064583,0
3.6657305,1.0192528,0.75948238,0.28607073,0.1146208,0.9513284,0
3.5936604,1.0631278,-3.2983091,0.94322729,0.14118889,-0.30064583,0
-4.3711123,-2.0266149,-0.67616105,-0.28607073,-0.1146208,-0.9513284,0
-1.0973647,-0.59098494,2.326827,0.28607073,0.1146208,0.9513284,0
-3.3597653,-2.637953,2.8820643,-0.94322729,-0.14118889,0.30064583,0
-2.6395812,0.71903324,-1.2057031,-0.28607073,-0.1146208,-0.9513284,0
2.8336129,-2.064678,1.6195836,0.28607073,0.1146208,0.9513284,0
-5.0636849,2.1908994,-0.13108945,-0.94322729,-0.14118889,0.30064583,0
-3.2548187,2.1946702,2.9960246,0.28607073,0.1146208,0.9513284,0
4.7375708,-0.939152,0.0094466209,0.94322729,0.14118889,-0.30064583,0
1.414381,3.1360431,-2.2220252,-0.16877723,0.98332489,-0.067723513,0
4.0705833,-1.9365258,-2.5703256,0.94322729,0.14118889,-0.30064583,0
-2.9756279,-3.3320799,2.2513936,0.16877723,-0.98332489,0.067723513,0
4.1132956,3.5451634,-0.044877529,0.94322729,0.14118889,-0.30064583,0
0.00067090988,-2.9412193,0.55547643,0.16877723,-0.98332489,0.067723513,0
5.26332,-1.6419971,0.69105721,0.28607073,0.1146208,0.9513284,0
-4.3394346,-3.1387885,0.15672922,-0.94322729,-0.14118889,0.30064583,0
0.59237921,-1.8511784,-2.2240393,-0.28607073,-0.1146208,-0.9513284,0
1.9867467,-1.1987967,-2.6558254,-0.28607073,-0.1146208,-0.9513284,0
-3.8659396,-2.0381095,2.4197276,-0.94322729,-0.14118889,0.30064583,0
4.5496774,1.9479494,-0.088413715,0.94322729,0.14118889,-0.30064583,0
2.339149,0.24507153,-2.9327149,-0.28607073,-0.1146208,-0.9513284,0
4.7348127,-2.2357528,-0.98191059,0.94322729,0.14118889,-0.30064583,0
0.89075053,-2.9261234,-2.1271513,-0.28607073,-0.1146208,-0.9513284,0
1.2365786,-2.8179383,-0.94715893,0.16877723,-0.98332489,0.067723513,0
-4.2910614,1.4797177,2.2959881,-0.94322729,-0.14118889,0.30064583,0
-4.9333334,0.90376234,-0.33055234,-0.94322729,-0.14118889,0.30064583,0
1.1434777,3.0872028,-1.0760837,-0.16877723,0.98332489,-0.067723513,0
-3.508204,2.3807437,0.32731318,-0.16877723,0.98332489,-0.067723513,0
3.9000633,2.3165417,-2.0926278,0.94322729,0.14118889,-0.30064583,0
1.8018165,-2.8926554,0.61194563,0.16877723,-0.98332489,0.067723513,0
3.1098979,3.5904713,0.64218116,-0.16877723,0.98332489,-0.067723513,0
4.2314472,0.17925096,-1.1245415,0.94322729,0.14118889,-0.30064583,0
2.7440557,-2.7409794,0.1087715,0.16877723,-0.98332489,0.067723513,0
2.8891182,-1.0918406,-2.8475475,-0.28607073,-0.1146208,-0.9513284,0
2.613699,-0.72129846,1.4695852,0.28607073,0.1146208,0.9513284,0
-4.5251904,2.0782018,-0.0057330132,-0.16877723,0.98332489,-0.067723513,0
-4.157661,-2.087302,-0.43290186,-0.28607073,-0.1146208,-0.9513284,0
-2.4782393,-3.3643842,3.2152128,0.16877723,-0.98332489,0.067723513,0
4.0914221,-1.9602005,-3.0189128,0.94322729,0.14118889,-0.30064583,0
4.074604,-1.1719031,-2.2484469,0.94322729,0.14118889,-0.30064583,0
2.9158521,0.39390206,-3.0439644,-0.28607073,-0.1146208,-0.9513284,0
-1.1665418,-0.8842175,-1.7581992,-0.28607073,-0.1146208,-0.9513284,0
-4.0072298,-2.0347047,1.1741543,-0.94322729,-0.14118889,0.30064583,0
2.9663558,2.2624416,0.74134922,0.28607073,0.1146208,0.9513284,0
-4.8544002,-0.31563258,0.054069996,-0.94322729,-0.14118889,0.30064583,0
2.0911932,-2.5005989,0.58672804,0.16877723,-0.98332489,0.067723513,0
0.42106032,2.9789441,-1.6414503,-0.16877723,0.98332489,-0.067723513,0
1.5326318,-2.8351989,-0.77519774,0.16877723,-0.98332489,0.067723513,0
3.4024086,-2.093997,-2.9424829,-0.28607073,-0.1146208,-0.9513284,0
-4.4094501,0.4079268,1.5505395,-0.94322729,-0.14118889,0.30064583,0
0.33958459,2.9963422,-0.072110653,-0.16877723,0.98332489,-0.067723513,0
-3.183867,-3.613317,2.1394916,0.16877723,-0.98332489,0.067723513,0
3.9523811,1.4944094,-1.2663338,0.94322729,0.14118889,-0.30064583,0
-1.9841454,-3.4087846,1.4598854,0.16877723,-0.98332489,0.067723513,0
1.0171356,-2.4836376,2.1166921,0.28607073,0.1146208,0.9513284,0
-0.40452731,3.0902836,1.9079643,-0.16877723,0.98332489,-0.067723513,0
-4.7117801,0.42862225,-0.86093307,-0.28607073,-0.1146208,-0.9513284,0
-3.8976831,-1.8586639,1.7229471,-0.94322729,-0.14118889,0.30064583,0
-3.9307599,1.2666698,3.3112557,-0.94322729,-0.14118889,0.30064583,0
0.94704247,-2.1530387,2.0333538,0.28607073,0.1146208,0.9513284,0
3.6490304,-0.022595912,-3.1141219,0.94322729,0.14118889,-0.30064583,0
3.7365308,1.3567139,-2.844449,0.94322729,0.14118889,-0.30064583,0
3.1732595,3.2022727,-3.1586747,-0.16877723,0.98332489,-0.067723513,0
-1.2754765,-3.0715709,1.7967691,0.16877723,-0.98332489,0.067723513,0
-0.84064496,-3.1817937,-0.4018724,0.16877723,-0.98332489,0.067723513,0
0.12569523,-2.9100087,1.9092054,0.16877723,-0.98332489,0.067723513,0
3.4572148,-1.8157355,-2.7229555,-0.28607073,-0.1146208,-0.9513284,0
-1.6252538,-3.4420769,0.096154213,0.16877723,-0.98332489,0.067723513,0
0.39977646,3.3049843,0.020032644,-0.16877723,0.98332489,-0.067723513,0
-4.545682,-2.4911315,-0.30783129,-0.94322729,-0.14118889,0.30064583,0
-0.065285921,3.2315059,0.13439214,-0.16877723,0.98332489,-0.067723513,0
3.3699102,0.10303891,-2.9246795,-0.28607073,-0.1146208,-0.9513284,0
4.3063431,-0.88415599,-1.6873798,0.94322729,0.14118889,-0.30064583,0
3.4235265,-2.2949405,0.99348068,0.16877723,-0.98332489,0.067723513,0
-3.7968893,-1.7707474,-0.9070878,-0.28607073,-0.1146208,-0.9513284,0
-2.6674483,2.7663603,0.87482405,-0.16877723,0.98332489,-0.067723513,0
0.83645171,1.0182935,1.5947082,0.28607073,0.1146208,0.9513284,0
3.270129,-0.64468479,1.3691273,0.28607073,0.1146208,0.9513284,0
-0.36305094,-3.1271386,1.4290124,0.16877723,-0.98332489,0.067723513,0
3.5885441,2.7788076,-2.5763409,0.94322729,0.14118889,-0.30064583,0
-4.0016131,-3.6868682,-0.5824852,-0.28607073,-0.1146208,-0.9513284,0
-3.2328658,-3.3020344,1.707788,0.16877723,-0.98332489,0.067723513,0
-3.2307136,2.5125871,1.3008789,-0.16877723,0.98332489,-0.067723513,0
-1.0759656,2.9347429,-1.532557,-0.16877723,0.98332489,-0.067723513,0
4.5925612,-1.1673688,-0.62713742,0.94322729,0.14118889,-0.30064583,0
4.7741756,0.77202153,-0.25004244,0.94322729,0.14118889,-0.30064583,0
-1.5168118,2.7856729,1.4189398,-0.16877723,0.98332489,-0.067723513,0
1.0620323,1.4452237,1.810009,0.28607073,0.1146208,0.9513284,0
3.5276988,0.70323831,-2.9759009,0.94322729,0.14118889,-0.30064583,0
-2.8481534,2.6398795,-0.87305069,-0.16877723,0.98332489,-0.067723513,0
4.5862632,2.2315638,-0.1219821,0.94322729,0.14118889,-0.30064583,0
-2.6303732,-3.5001469,0.26871753,0.16877723,-0.98332489,0.067723513,0
-3.0027862,-2.6738803,3.3729274,0.28607073,0.1146208,0.9513284,0
0.15396738,2.8214419,-2.3327179,-0.16877723,0.98332489,-0.067723513,0
-3.368248,-3.4620297,1.924448,0.16877723,-0.98332489,0.067723513,0
2.4925385,3.4297595,0.048965216,-0.16877723,0.98332489,-0.067723513,0
-3.9977832,-0.64696068,2.5569363,-0.94322729,-0.14118889,0.30064583,0
-2.4103122,2.766583,-0.36704427,-0.16877723,0.98332489,-0.067723513,0
1.6848907,-2.6636426,0.80420262,0.16877723,-0.98332489,0.067723513,0
3.7784915,-2.4303658,-2.2747431,0.16877723,-0.98332489,0.067723513,0
-1.2400866,2.881114,-0.50705737,-0.16877723,0.98332489,-0.067723513,0
-2.4648223,2.5761538,0.87872827,-0.16877723,0.98332489,-0.067723513,0
3.3834071,1.7699594,0.84945178,0.28607073,0.1146208,0.9513284,0
-4.4987769,-0.58386278,-0.51485586,-0.28607073,-0.1146208,-0.9513284,0
-0.47583365,2.3389425,1.8822092,0.28607073,0.1146208,0.9513284,0
-4.2498322,-0.39701271,1.3726206,-0.94322729,-0.14118889,0.30064583,0
4.0559649,-0.68757844,-2.9090614,0.94322729,0.14118889,-0.30064583,0
-4.4348989,1.956395,1.3296419,-0.94322729,-0.14118889,0.30064583,0
1.0127234,-2.3884401,2.2932787,0.28607073,0.1146208,0.9513284,0
-4.3451815,-0.25979149,1.655323,-0.94322729,-0.14118889,0.30064583,0
1.4181232,1.0031382,-2.7561841,-0.28607073,-0.1146208,-0.9513284,0
4.4120526,1.5824726,-0.88472843,0.94322729,0.14118889,-0.30064583,0
2.7153585,3.7430406,0.46995878,-0.16877723,0.98332489,-0.067723513,0
-0.3407867,-1.7252465,-1.6826911,-0.28607073,-0.1146208,-0.9513284,0
-5.0406036,2.1875398,-0.083785534,-0.16877723,0.98332489,-0.067723513,0
2.155302,0.75836873,1.2072215,0.28607073,0.1146208,0.9513284,0
4.5917282,2.3657413,0.091927528,0.94322729,0.14118889,-0.30064583,0
4.1170521,-2.0947168,-2.6936626,0.94322729,0.14118889,-0.30064583,0
-3.6423326,-3.5380452,1.5691223,-0.94322729,-0.14118889,0.30064583,0
-0.35287905,3.1625862,-0.085255504,-0.16877723,0.98332489,-0.067723513,0
-4.7294207,0.53383756,0.10899901,-0.94322729,-0.14118889,0.30064583,0
-0.85033911,-0.12393498,-1.7393038,-0.28607073,-0.1146208,-0.9513284,0
4.1939564,3.3510137,0.29371929,0.94322729,0.14118889,-0.30064583,0
-2.5073342,-3.2413783,2.1119261,0.16877723,-0.98332489,0.067723513,0
-4.0153418,0.14739373,2.978056,-0.94322729,-0.14118889,0.30064583,0
3.3357534,-2.6701615,-0.44180143,0.16877723,-0.98332489,0.067723513,0
-3.8664775,-2.0658784,1.5267792,-0.94322729,-0.14118889,0.30064583,0
1.9664364,-2.8252282,-0.31887567,0.16877723,-0.98332489,0.067723513,0
-1.7105519,1.3982887,2.4557636,0.28607073,0.1146208,0.9513284,0
3.9765825,3.149014,-1.6579447,0.94322729,0.14118889,-0.30064583,0
-0.49437547,-2.1753788,-1.6115392,-0.28607073,-0.1146208,-0.9513284,0
3.0013797,-2.0300794,-2.7057889,-0.28607073,-0.1146208,-0.9513284,0
3.4591427,1.391643,0.73551559,0.28607073,0.1146208,0.9513284,0
-2.3174684,-1.8392006,2.9148357,0.28607073,0.1146208,0.9513284,0
-4.6804681,1.1704621,0.84311056,-0.94322729,-0.14118889,0.30064583,0
2.3715885,-2.4072349,1.0048327,0.16877723,-0.98332489,0.067723513,0
-2.329885,-3.3302004,2.3320937,0.16877723,-0.98332489,0.067723513,0
-3.9753623,1.6119103,2.6229033,-0.94322729,-0.14118889,0.30064583,0
-1.6068054,-3.4316638,0.72427559,0.16877723,-0.98332489,0.067723513,0
3.1819437,1.1514494,1.1900703,0.28607073,0.1146208,0.9513284,0
4.1370516,-2.4182873,-0.97326469,0.16877723,-0.98332489,0.067723513,0
-2.0043077,2.3023107,-1.7128205,-0.28607073,-0.1146208,-0.9513284,0
3.851964,-1.8328165,1.0739381,0.28607073,0.1146208,0.9513284,0
