-2.2176869,-2.4181309,-1.7273738,-0.2684297,-0.89271808,-0.36193916,0
-3.7977674,-2.3945293,-0.43590844,-0.2684297,-0.89271808,-0.36193916,0
-1.5031018,4.1021357,0.59468937,0.2684297,0.89271808,0.36193916,0
-4.0978479,-1.7979465,-2.432081,-0.2684297,-0.89271808,-0.36193916,0
-2.9786913,2.0144169,-0.40652251,-0.95784688,0.28727323,0.0018247366,0
-2.6658046,2.7331588,2.9513209,-0.95784688,0.28727323,0.0018247366,0
-3.2124872,1.584583,0.520298,-0.95784688,0.28727323,0.0018247366,0
1.6072397,0.50048375,-1.5876693,0.10234642,0.34717214,-0.9321999,0
3.4505038,2.7818265,-0.84464931,0.10234642,0.34717214,-0.9321999,0
2.3726876,-1.0458241,-2.1267169,0.10234642,0.34717214,-0.9321999,0
4.2284389,1.6568587,2.5258315,0.2684297,0.89271808,0.36193916,0
2.886276,-3.1347558,-1.6023455,0.95784688,-0.28727323,-0.0018247366,0
-1.2719704,-2.6132691,-2.6949673,-0.2684297,-0.89271808,-0.36193916,0
-0.082860947,3.4647217,1.3671942,0.2684297,0.89271808,0.36193916,0
-3.4361305,0.37629032,1.4277916,-0.95784688,0.28727323,0.0018247366,0
0.90204906,2.172308,3.0610108,-0.10234642,-0.34717214,0.9321999,0
-2.6645613,3.878583,2.168407,-0.95784688,0.28727323,0.0018247366,0
-3.4623394,0.87968475,-1.1146164,-0.95784688,0.28727323,0.0018247366,0
1.2670653,-3.6603231,-2.0737786,-0.2684297,-0.89271808,-0.36193916,0
-1.3043613,3.0874982,3.0570352,0.2684297,0.89271808,0.36193916,0
0.061573714,0.60858154,2.4196358,-0.10234642,-0.34717214,0.9321999,0
2.7958543,-2.1511271,-2.7542627,0.95784688,-0.28727323,-0.0018247366,0
-1.0182316,-2.4683087,-2.9952145,-0.2684297,-0.89271808,-0.36193916,0
-2.0758538,-2.8985872,0.68415534,-0.10234642,-0.34717214,0.9321999,0
3.7810202,1.0018682,-0.12194777,0.95784688,-0.28727323,-0.0018247366,0
0.80653238,-3.7624326,-1.0168326,-0.2684297,-0.89271808,-0.36193916,0
-0.37197018,-3.6753342,-0.32118964,-0.2684297,-0.89271808,-0.36193916,0
2.9342754,2.5200121,-1.0118464,0.10234642,0.34717214,-0.9321999,0
-2.5895555,3.663518,0.066770077,-0.95784688,0.28727323,0.0018247366,0
-3.0379536,2.0678077,-0.68560719,-0.95784688,0.28727323,0.0018247366,0
-2.0847273,3.4773657,2.9733121,0.2684297,0.89271808,0.36193916,0
-1.2801157,2.6498182,2.9637437,-0.10234642,-0.34717214,0.9321999,0
2.5540538,1.8446412,3.0406389,0.2684297,0.89271808,0.36193916,0
3.7621903,0.67441714,2.1643596,0.95784688,-0.28727323,-0.0018247366,0
2.7155337,0.010365844,2.5272555,-0.10234642,-0.34717214,0.9321999,0
2.0894547,0.26699722,2.4818835,-0.10234642,-0.34717214,0.9321999,0
-1.7837743,2.6245461,-1.3886318,0.10234642,0.34717214,-0.9321999,0
0.77195299,2.1162634,2.928448,-0.10234642,-0.34717214,0.9321999,0
-1.0438144,3.1389556,2.4418452,0.2684297,0.89271808,0.36193916,0
-3.7683101,-2.7750831,-0.16280776,-0.2684297,-0.89271808,-0.36193916,0
-1.1199541,-2.6426802,-2.863358,-0.2684297,-0.89271808,-0.36193916,0
2.0540113,2.7356076,1.2560203,0.2684297,0.89271808,0.36193916,0
-1.935082,3.689415,1.9744804,0.2684297,0.89271808,0.36193916,0
-3.2079408,1.0724884,-1.1678371,-0.95784688,0.28727323,0.0018247366,0
0.16019106,-3.1101768,-2.0682588,-0.2684297,-0.89271808,-0.36193916,0
4.0539265,2.1088803,-0.75276685,0.10234642,0.34717214,-0.9321999,0
2.090945,3.3772469,-0.22198844,0.2684297,0.89271808,0.36193916,0
1.1640344,3.1955452,1.1588466,0.2684297,0.89271808,0.36193916,0
-3.6755924,-2.8698521,-0.10333288,-0.2684297,-0.89271808,-0.36193916,0
-3.432754,-2.1438358,-1.5958784,-0.2684297,-0.89271808,-0.36193916,0
0.020456314,-2.8885942,-2.4828205,-0.2684297,-0.89271808,-0.36193916,0
1.3255975,2.4738083,-1.1611805,0.10234642,0.34717214,-0.9321999,0
-1.1347938,-3.6936109,0.40104687,-0.2684297,-0.89271808,-0.36193916,0
3.7605264,0.95057178,-0.82785761,0.95784688,-0.28727323,-0.0018247366,0
-4.1658726,-1.4816461,-1.1385417,-0.95784688,0.28727323,0.0018247366,0
-0.44779253,-3.1418841,-1.4346738,-0.2684297,-0.89271808,-0.36193916,0
-0.12507105,1.7597315,-1.3179801,0.10234642,0.34717214,-0.9321999,0
0.10391903,-2.6321859,-3.0593603,0.10234642,0.34717214,-0.9321999,0
-2.9517283,2.7630422,2.713537,-0.10234642,-0.34717214,0.9321999,0
3.364439,-1.5897546,-1.7542949,0.95784688,-0.28727323,-0.0018247366,0
-3.1401701,1.9497557,-0.32710767,-0.95784688,0.28727323,0.0018247366,0
3.3109393,-0.94073963,-2.2851131,0.10234642,0.34717214,-0.9321999,0
-2.6063447,3.4055288,2.705308,-0.95784688,0.28727323,0.0018247366,0
-1.6792142,-3.4708025,0.84467787,-0.10234642,-0.34717214,0.9321999,0
1.7560213,-4.645164,0.028064728,-0.2684297,-0.89271808,-0.36193916,0
2.6155972,-3.3296423,-2.488169,0.95784688,-0.28727323,-0.0018247366,0
2.0918889,-1.3579602,-2.390964,0.10234642,0.34717214,-0.9321999,0
2.7051375,-0.98632872,1.9547497,-0.10234642,-0.34717214,0.9321999,0
-0.85133862,4.2691569,-0.24400496,0.2684297,0.89271808,0.36193916,0
-4.0356426,-1.6034569,-3.2712672,-0.2684297,-0.89271808,-0.36193916,0
-1.1845349,-1.2117004,-2.7048602,0.10234642,0.34717214,-0.9321999,0
-2.1463199,4.4668951,0.71288109,0.2684297,0.89271808,0.36193916,0
-2.2624145,0.73191667,2.006743,-0.10234642,-0.34717214,0.9321999,0
1.2220685,3.372292,0.17654455,0.2684297,0.89271808,0.36193916,0
1.6235785,2.4576995,2.3160474,0.2684297,0.89271808,0.36193916,0
2.1719184,-1.4920199,-2.2523797,0.10234642,0.34717214,-0.9321999,0
2.5743077,3.4624968,-0.35945606,0.2684297,0.89271808,0.36193916,0
-2.616055,-3.2148719,0.34892142,-0.2684297,-0.89271808,-0.36193916,0
3.6703727,0.34896052,1.1705444,0.95784688,-0.28727323,-0.0018247366,0
-3.8386083,-2.0496874,-1.5000825,-0.2684297,-0.89271808,-0.36193916,0
-3.2646079,1.8742514,-1.2925637,-0.95784688,0.28727323,0.0018247366,0
-1.2673767,3.7200174,1.3630908,0.2684297,0.89271808,0.36193916,0
-3.5464983,-2.9648175,0.1642397,-0.2684297,-0.89271808,-0.36193916,0
-0.40728545,-3.3217106,-1.2852179,-0.2684297,-0.89271808,-0.36193916,0
4.326838,2.5511103,0.41804075,0.2684297,0.89271808,0.36193916,0
-1.5889072,-0.82167172,1.7674915,-0.10234642,-0.34717214,0.9321999,0
-0.36917377,-3.1577744,-1.1502901,-0.2684297,-0.89271808,-0.36193916,0
1.6150711,-3.0079174,-3.1168292,0.10234642,0.34717214,-0.9321999,0
2.2677367,-3.1997476,1.2610264,-0.10234642,-0.34717214,0.9321999,0
2.9919164,-1.7493453,-1.730979,0.95784688,-0.28727323,-0.0018247366,0
0.92420077,0.96069574,-1.8125684,0.10234642,0.34717214,-0.9321999,0
4.1453276,1.3165507,2.4238386,0.95784688,-0.28727323,-0.0018247366,0
0.47142625,-4.127275,0.40274167,-0.2684297,-0.89271808,-0.36193916,0
-1.6250159,-2.8577828,-1.9638394,-0.2684297,-0.89271808,-0.36193916,0
2.7269058,-2.9718018,-1.3964677,0.95784688,-0.28727323,-0.0018247366,0
-3.8970509,-0.40300703,1.623131,-0.95784688,0.28727323,0.0018247366,0
-3.9584365,-1.6576864,-2.4577403,-0.95784688,0.28727323,0.0018247366,0
1.779207,-4.3454952,-0.14623642,-0.2684297,-0.89271808,-0.36193916,0
0.42135859,2.991735,1.668661,0.2684297,0.89271808,0.36193916,0
-0.4794414,-3.427098,-0.6937716,-0.2684297,-0.89271808,-0.36193916,0
-2.1991243,-2.4717796,-2.4210391,-0.2684297,-0.89271808,-0.36193916,0
3.4076066,-1.4167445,2.0322492,0.95784688,-0.28727323,-0.0018247366,0
-3.4298317,1.1187229,0.82060504,-0.95784688,0.28727323,0.0018247366,0
4.1463819,1.6977711,2.4029067,0.95784688,-0.28727323,-0.0018247366,0
-3.021528,1.5660672,-1.7836642,-0.95784688,0.28727323,0.0018247366,0
2.8397171,-2.5070708,-2.3038819,0.95784688,-0.28727323,-0.0018247366,0
2.7652385,-1.2518893,2.1662517,-0.10234642,-0.34717214,0.9321999,0
-2.9835963,-2.1763692,-1.9633759,-0.2684297,-0.89271808,-0.36193916,0
-1.798437,-2.2223427,-2.6553359,-0.2684297,-0.89271808,-0.36193916,0
-4.2716379,-1.8301423,-2.3277693,-0.2684297,-0.89271808,-0.36193916,0
-2.2175508,-3.4574277,0.19528306,-0.2684297,-0.89271808,-0.36193916,0
-1.7471273,3.8763475,-0.73451757,0.10234642,0.34717214,-0.9321999,0
-0.52803582,1.1941292,2.4827576,-0.10234642,-0.34717214,0.9321999,0
-2.3420129,4.2742972,0.34501982,0.2684297,0.89271808,0.36193916,0
-2.1968088,-1.657531,-3.1193538,0.10234642,0.34717214,-0.9321999,0
-2.4600987,-1.4141574,1.3675801,-0.10234642,-0.34717214,0.9321999,0
-3.8983097,-2.0382991,1.0153409,-0.10234642,-0.34717214,0.9321999,0
1.7753454,2.4154005,2.0439267,0.2684297,0.89271808,0.36193916,0
-2.9238548,2.8651667,-0.061313152,-0.95784688,0.28727323,0.0018247366,0
-2.7374473,-2.4703693,-1.5928557,-0.2684297,-0.89271808,-0.36193916,0
2.6425076,2.1635513,1.9087905,0.2684297,0.89271808,0.36193916,0
-0.53032994,-0.046269655,-2.3752661,0.10234642,0.34717214,-0.9321999,0
3.6437349,3.0385678,-0.76332688,0.10234642,0.34717214,-0.9321999,0
0.45366383,-3.3614573,-2.105948,-0.2684297,-0.89271808,-0.36193916,0
1.6085732,-4.0287194,-0.85193968,-0.2684297,-0.89271808,-0.36193916,0
4.1336503,2.0064268,0.93242264,0.95784688,-0.28727323,-0.0018247366,0
-0.13913655,-2.4398923,1.2153594,-0.10234642,-0.34717214,0.9321999,0
1.7782581,1.114574,-1.5611262,0.10234642,0.34717214,-0.9321999,0
-3.0984247,-1.2857668,1.3054273,-0.10234642,-0.34717214,0.9321999,0
-0.98187447,3.2955766,2.2974167,0.2684297,0.89271808,0.36193916,0
-2.316524,-2.3626146,-1.7630026,-0.2684297,-0.89271808,-0.36193916,0
-0.6753974,-2.9722493,-1.7283423,-0.2684297,-0.89271808,-0.36193916,0
-3.3223929,1.6444353,0.81499147,-0.95784688,0.28727323,0.0018247366,0
-2.989773,1.7067587,0.039001226,-0.95784688,0.28727323,0.0018247366,0
-3.7880278,0.23255539,0.51006508,-0.95784688,0.28727323,0.0018247366,0
0.36526513,3.6811366,0.21663976,0.2684297,0.89271808,0.36193916,0
2.1180015,-3.5877225,-2.6373603,-0.2684297,-0.89271808,-0.36193916,0
-1.4300392,-3.275063,0.56114042,-0.10234642,-0.34717214,0.9321999,0
-3.3740072,-2.9365501,0.089251637,-0.2684297,-0.89271808,-0.36193916,0
-2.2564516,-1.5126841,1.152653,-0.10234642,-0.34717214,0.9321999,0
0.76034808,3.6031029,0.14699841,0.2684297,0.89271808,0.36193916,0
2.1126776,3.2006884,0.69619298,0.2684297,0.89271808,0.36193916,0
0.10826874,2.5692406,2.937855,0.2684297,0.89271808,0.36193916,0
-2.4425583,-1.7141695,-3.0435724,0.10234642,0.34717214,-0.9321999,0
-2.2282622,-3.5759127,0.31156969,-0.2684297,-0.89271808,-0.36193916,0
1.3627309,2.1234941,3.0445838,-0.10234642,-0.34717214,0.9321999,0
-0.77066636,-2.8847227,-1.5321915,-0.2684297,-0.89271808,-0.36193916,0
-1.7240307,4.5576563,-0.065930843,0.2684297,0.89271808,0.36193916,0
2.4770865,-3.907722,0.61904001,0.95784688,-0.28727323,-0.0018247366,0
-0.041382551,2.9722176,2.6822543,0.2684297,0.89271808,0.36193916,0
-3.8619654,-0.93867731,-1.5759279,-0.95784688,0.28727323,0.0018247366,0
-4.0087047,-1.1357214,-2.3295989,-0.95784688,0.28727323,0.0018247366,0
3.0777757,-2.5986626,0.10921764,0.95784688,-0.28727323,-0.0018247366,0
2.6781194,-2.7722814,-2.3610482,0.95784688,-0.28727323,-0.0018247366,0
4.0984125,1.0672761,3.0930254,-0.10234642,-0.34717214,0.9321999,0
-2.2461317,4.2175946,-0.65693951,-0.95784688,0.28727323,0.0018247366,0
3.937686,0.36316839,2.3206921,0.95784688,-0.28727323,-0.0018247366,0
-3.0580108,-2.0585327,-2.8460395,-0.2684297,-0.89271808,-0.36193916,0
3.5745482,-0.67689204,-0.90744686,0.95784688,-0.28727323,-0.0018247366,0
1.1723125,-2.186486,1.6342356,-0.10234642,-0.34717214,0.9321999,0
-0.40486905,0.96203709,2.6289558,-0.10234642,-0.34717214,0.9321999,0
3.3567333,-0.15458322,2.5167813,-0.10234642,-0.34717214,0.9321999,0
-1.4766532,-2.0120049,-3.239913,0.10234642,0.34717214,-0.9321999,0
2.6602859,-3.920898,-0.27179337,0.95784688,-0.28727323,-0.0018247366,0
-1.268895,1.0650203,-1.7524729,0.10234642,0.34717214,-0.9321999,0
4.0732932,1.6713843,3.0345604,0.2684297,0.89271808,0.36193916,0
0.029516459,-1.336992,-2.7847841,0.10234642,0.34717214,-0.9321999,0
-2.2945151,-1.5912004,-3.173224,0.10234642,0.34717214,-0.9321999,0
3.0642502,-2.1646259,-0.67549491,0.95784688,-0.28727323,-0.0018247366,0
-3.0470698,-2.7349279,0.64089388,-0.10234642,-0.34717214,0.9321999,0
3.5565143,0.80620337,-1.3932507,0.10234642,0.34717214,-0.9321999,0
-0.60625136,1.3597658,2.7568285,-0.10234642,-0.34717214,0.9321999,0
3.0707088,-2.1099291,-0.37480187,0.95784688,-0.28727323,-0.0018247366,0
2.042238,-3.4405961,-2.275449,-0.2684297,-0.89271808,-0.36193916,0
-2.7464283,2.3971865,2.0003204,-0.95784688,0.28727323,0.0018247366,0
-0.23023391,-3.5324099,0.70892024,-0.10234642,-0.34717214,0.9321999,0
-3.3629477,-0.98891401,1.6202632,-0.10234642,-0.34717214,0.9321999,0
-0.48003912,3.1623969,-0.81314588,0.10234642,0.34717214,-0.9321999,0
3.2959192,-1.6476057,0.80787277,0.95784688,-0.28727323,-0.0018247366,0
-0.36538553,-3.9330249,0.036064863,-0.2684297,-0.89271808,-0.36193916,0
-3.735774,-0.67029226,-0.44947529,-0.95784688,0.28727323,0.0018247366,0
-3.0462062,2.5463016,-0.79956675,-0.95784688,0.28727323,0.0018247366,0
2.4821792,-4.2786994,-1.0561643,-0.2684297,-0.89271808,-0.36193916,0
-0.025151849,1.6707969,-1.5762284,0.10234642,0.34717214,-0.9321999,0
0.92075408,1.2419667,2.5403318,-0.10234642,-0.34717214,0.9321999,0
-3.7844138,-0.088094771,-1.1453943,-0.95784688,0.28727323,0.0018247366,0
4.1851258,2.7580695,0.30763125,0.2684297,0.89271808,0.36193916,0
-0.4303689,3.3298035,1.3468692,0.2684297,0.89271808,0.36193916,0
0.21764302,-3.957859,-0.072174788,-0.2684297,-0.89271808,-0.36193916,0
1.7229292,-4.4796782,0.50228071,-0.10234642,-0.34717214,0.9321999,0
-1.9711342,-3.1761403,-0.53888273,-0.2684297,-0.89271808,-0.36193916,0
2.3309648,2.5587513,1.6856246,0.2684297,0.89271808,0.36193916,0
3.7255616,0.19600379,1.1342969,0.95784688,-0.28727323,-0.0018247366,0
-2.382673,3.7533538,0.43816805,-0.95784688,0.28727323,0.0018247366,0
2.9995766,0.86881185,-1.5012708,0.10234642,0.34717214,-0.9321999,0
1.0693307,0.26565409,-1.7968726,0.10234642,0.34717214,-0.9321999,0
-3.7340057,-0.39342451,1.7418128,-0.95784688,0.28727323,0.0018247366,0
-3.748934,0.20771956,-0.98782825,-0.95784688,0.28727323,0.0018247366,0
-4.1065006,-2.3882024,-0.42018402,-0.2684297,-0.89271808,-0.36193916,0
-2.3247409,2.0018764,2.5596194,-0.10234642,-0.34717214,0.9321999,0
-2.1170311,3.8857417,-0.78801727,0.10234642,0.34717214,-0.9321999,0
-1.9812105,-0.24295986,-2.4809508,0.10234642,0.34717214,-0.9321999,0
0.81160653,1.9916742,-1.2539978,0.10234642,0.34717214,-0.9321999,0
-2.2922959,-1.4748788,-2.7906842,0.10234642,0.34717214,-0.9321999,0
-1.7840869,-0.50677872,1.9638966,-0.10234642,-0.34717214,0.9321999,0
-1.0203576,-2.9150798,-1.5426142,-0.2684297,-0.89271808,-0.36193916,0
1.1935611,2.4280953,3.0821667,0.2684297,0.89271808,0.36193916,0
-3.5203252,0.58357596,1.0712523,-0.95784688,0.28727323,0.0018247366,0
0.74613476,3.3173544,0.67540431,0.2684297,0.89271808,0.36193916,0
3.0929048,1.7887018,2.4201801,0.2684297,0.89271808,0.36193916,0
-2.7253306,-2.6701941,-1.5145378,-0.2684297,-0.89271808,-0.36193916,0
1.3280737,-0.30610788,2.1385012,-0.10234642,-0.34717214,0.9321999,0
3.0947602,-1.8621424,0.47922134,0.95784688,-0.28727323,-0.0018247366,0
2.9545467,2.0017772,2.7145104,0.2684297,0.89271808,0.36193916,0
4.0991621,1.7682207,1.0311229,0.95784688,-0.28727323,-0.0018247366,0
-3.2216477,0.84586644,1.1919734,-0.95784688,0.28727323,0.0018247366,0
-0.41144013,-3.8318515,0.47413254,-0.10234642,-0.34717214,0.9321999,0
0.11903954,3.8222122,-0.27308416,0.2684297,0.89271808,0.36193916,0
-3.2494502,-3.0205779,0.74514753,-0.10234642,-0.34717214,0.9321999,0
-3.0293818,2.4891095,-0.32463408,-0.95784688,0.28727323,0.0018247366,0
0.63034797,-3.4337888,1.1488984,-0.10234642,-0.34717214,0.9321999,0
0.034607649,3.045923,1.6552569,0.2684297,0.89271808,0.36193916,0
-0.66483724,-1.6664549,1.4319022,-0.10234642,-0.34717214,0.9321999,0
-1.607718,-1.5904186,-2.9207587,0.10234642,0.34717214,-0.9321999,0
0.60901666,-3.5876245,-1.234622,-0.2684297,-0.89271808,-0.36193916,0
-2.6796641,3.394366,0.49659252,-0.95784688,0.28727323,0.0018247366,0
3.8698525,0.79867256,3.0800068,-0.10234642,-0.34717214,0.9321999,0
-4.0625596,-1.5572946,-2.337513,-0.95784688,0.28727323,0.0018247366,0
-4.1281533,-1.1598238,-0.16279888,-0.95784688,0.28727323,0.0018247366,0
1.6261985,-1.0994034,-2.2332327,0.10234642,0.34717214,-0.9321999,0
1.3077949,0.87888169,-1.8644121,0.10234642,0.34717214,-0.9321999,0
-2.5769694,4.26968,-0.91192007,-0.95784688,0.28727323,0.0018247366,0
-3.9458842,-2.5598912,-0.19580054,-0.2684297,-0.89271808,-0.36193916,0
3.0025792,-2.5198298,0.10251808,0.95784688,-0.28727323,-0.0018247366,0
-3.5895627,-1.4699757,-3.0083439,0.10234642,0.34717214,-0.9321999,0
-3.202529,1.4803748,0.1825819,-0.95784688,0.28727323,0.0018247366,0
-0.30476856,1.2519796,-1.8398932,0.10234642,0.34717214,-0.9321999,0
-1.1625402,2.6771493,-1.3062835,0.10234642,0.34717214,-0.9321999,0
-2.7113266,3.0072086,0.72221947,-0.95784688,0.28727323,0.0018247366,0
0.038982868,-3.0634239,0.86607003,-0.10234642,-0.34717214,0.9321999,0
-4.397583,-2.8474851,0.17234421,-0.95784688,0.28727323,0.0018247366,0
-2.0020509,-2.0405068,-2.6038079,-0.2684297,-0.89271808,-0.36193916,0
-2.1711543,-0.9187963,1.3741211,-0.10234642,-0.34717214,0.9321999,0
-1.2467448,-2.7422223,-2.182647,-0.2684297,-0.89271808,-0.36193916,0
0.77083516,3.2907472,-0.77636218,0.10234642,0.34717214,-0.9321999,0
0.10791206,-2.3544815,1.2044426,-0.10234642,-0.34717214,0.9321999,0
-0.60992599,3.8242362,-0.61268425,0.10234642,0.34717214,-0.9321999,0
-2.2171705,-2.5312943,-1.6773324,-0.2684297,-0.89271808,-0.36193916,0
0.16197586,-3.7165186,0.72599459,-0.10234642,-0.34717214,0.9321999,0
2.8703463,2.8098686,0.60250229,0.2684297,0.89271808,0.36193916,0
-2.792016,2.1807506,1.231981,-0.95784688,0.28727323,0.0018247366,0
1.7076735,-4.616672,0.78068876,-0.10234642,-0.34717214,0.9321999,0
-3.7667027,-0.2422519,-1.5059524,-0.95784688,0.28727323,0.0018247366,0
-0.87706876,-2.6303966,-2.640341,-0.2684297,-0.89271808,-0.36193916,0
-1.4654555,3.377866,-1.1194584,0.10234642,0.34717214,-0.9321999,0
0.25251889,-3.5106468,-1.5870819,-0.2684297,-0.89271808,-0.36193916,0
-2.9286828,-2.7299554,0.68883622,-0.10234642,-0.34717214,0.9321999,0
-3.8342867,-0.21056956,-0.95431495,-0.95784688,0.28727323,0.0018247366,0
-0.28683209,3.725378,1.2151039,0.2684297,0.89271808,0.36193916,0
2.2954991,-3.8549857,0.82137442,-0.10234642,-0.34717214,0.9321999,0
2.5140524,1.036823,-1.3546224,0.10234642,0.34717214,-0.9321999,0
4.2088847,2.1148415,-0.31307149,0.95784688,-0.28727323,-0.0018247366,0
-0.42532134,-3.8494635,0.19246244,-0.2684297,-0.89271808,-0.36193916,0
-3.5740042,0.17195582,0.61980224,-0.95784688,0.28727323,0.0018247366,0
0.5975585,-2.8510087,1.0109968,-0.10234642,-0.34717214,0.9321999,0
-4.2020082,-1.5464001,-0.92795324,-0.95784688,0.28727323,0.0018247366,0
-0.91974688,3.5563138,1.4556518,0.2684297,0.89271808,0.36193916,0
-2.8772352,3.274245,-0.99677563,-0.95784688,0.28727323,0.0018247366,0
-0.95042562,-2.5111928,-2.9531281,-0.2684297,-0.89271808,-0.36193916,0
3.2933321,-0.87080979,-1.6520567,0.95784688,-0.28727323,-0.0018247366,0
-1.3365493,-0.80251229,-2.5904794,0.10234642,0.34717214,-0.9321999,0
1.6578894,2.3489504,-1.2225136,0.10234642,0.34717214,-0.9321999,0
-2.5513043,3.7445552,2.6408052,0.2684297,0.89271808,0.36193916,0
-2.7246809,2.9697549,0.2494669,-0.95784688,0.28727323,0.0018247366,0
-4.2863894,-2.7504129,0.70084608,-0.10234642,-0.34717214,0.9321999,0
1.6802033,-2.7661109,-2.784771,0.10234642,0.34717214,-0.9321999,0
-2.6983657,-0.35645437,-2.4903755,0.10234642,0.34717214,-0.9321999,0
-1.7694495,0.81776392,-2.1685231,0.10234642,0.34717214,-0.9321999,0
-3.0085135,-3.173095,0.46456504,-0.2684297,-0.89271808,-0.36193916,0
0.11559677,3.4607887,0.69248176,0.2684297,0.89271808,0.36193916,0
-3.8261402,-1.5359483,-2.8283343,-0.2684297,-0.89271808,-0.36193916,0
-0.60587096,3.0990009,-1.0886898,0.10234642,0.34717214,-0.9321999,0
-1.6839588,-2.3771567,-2.2525954,-0.2684297,-0.89271808,-0.36193916,0
1.3921394,3.2574611,0.52299082,0.2684297,0.89271808,0.36193916,0
-1.2809813,4.474041,-0.75559378,0.2684297,0.89271808,0.36193916,0
2.6362181,3.2195294,-0.47317508,0.2684297,0.89271808,0.36193916,0
0.0091232061,1.0137732,2.725574,-0.10234642,-0.34717214,0.9321999,0
-3.4760554,-2.1977611,-1.2162776,-0.2684297,-0.89271808,-0.36193916,0
-1.0278058,-3.3455648,-1.201519,-0.2684297,-0.89271808,-0.36193916,0
3.8523769,0.62667632,0.16767073,0.95784688,-0.28727323,-0.0018247366,0
1.2958498,3.5492949,-0.23654747,0.2684297,0.89271808,0.36193916,0
-2.1326141,3.7016344,1.9783971,0.2684297,0.89271808,0.36193916,0
-0.89570212,-3.7560189,0.11063337,-0.2684297,-0.89271808,-0.36193916,0
-0.41479349,3.8325741,0.09198308,0.2684297,0.89271808,0.36193916,0
1.9581764,-4.579936,0.84041595,-0.10234642,-0.34717214,0.9321999,0
3.2916229,0.10775542,-1.5878969,0.10234642,0.34717214,-0.9321999,0
-4.0851364,-2.7111731,-0.33151758,-0.2684297,-0.89271808,-0.36193916,0
3.475661,-1.2426662,-1.2084506,0.95784688,-0.28727323,-0.0018247366,0
3.2389305,-1.2769611,-1.4286919,0.95784688,-0.28727323,-0.0018247366,0
0.24571776,2.2593307,3.1137424,-0.10234642,-0.34717214,0.9321999,0
2.2774937,-2.9245706,-2.8023088,0.10234642,0.34717214,-0.9321999,0
-0.46481442,-3.7428956,0.57737994,-0.10234642,-0.34717214,0.9321999,0
3.4500897,-1.2448926,-1.8071702,0.95784688,-0.28727323,-0.0018247366,0
-3.0891147,1.5188022,-0.7834239,-0.95784688,0.28727323,0.0018247366,0
1.1619773,-0.86640644,-2.456356,0.10234642,0.34717214,-0.9321999,0
-0.89088249,-2.536406,-3.084034,0.10234642,0.34717214,-0.9321999,0
-1.2446554,-3.6245084,0.09161365,-0.2684297,-0.89271808,-0.36193916,0
-3.4044902,1.4206668,-1.9187627,-0.95784688,0.28727323,0.0018247366,0
-0.28293824,-3.9002593,0.15429497,-0.2684297,-0.89271808,-0.36193916,0
-2.7726183,-1.3640575,-2.8275709,0.10234642,0.34717214,-0.9321999,0
4.102509,1.9579573,1.0515215,0.95784688,-0.28727323,-0.0018247366,0
2.3866284,-4.4709229,-0.12482357,-0.2684297,-0.89271808,-0.36193916,0
-1.476908,-2.8184283,-1.6334045,-0.2684297,-0.89271808,-0.36193916,0
0.39555717,3.178926,-0.96780777,0.10234642,0.34717214,-0.9321999,0
-3.0388017,-2.8278904,-0.71994436,-0.2684297,-0.89271808,-0.36193916,0
4.2094746,1.1881299,3.0853021,0.95784688,-0.28727323,-0.0018247366,0
2.3814087,-3.577599,0.34587479,0.95784688,-0.28727323,-0.0018247366,0
2.9831433,-1.6536744,-0.54458785,0.95784688,-0.28727323,-0.0018247366,0
4.0865631,2.3002439,1.088227,0.2684297,0.89271808,0.36193916,0
-3.2359347,1.185353,2.4150884,-0.10234642,-0.34717214,0.9321999,0
0.9939006,0.84454489,-1.6491115,0.10234642,0.34717214,-0.9321999,0
2.0435619,3.1209531,-0.91205025,0.10234642,0.34717214,-0.9321999,0
2.5180464,-2.9314132,1.5027618,-0.10234642,-0.34717214,0.9321999,0
-2.2002709,-1.633639,-2.9175797,0.10234642,0.34717214,-0.9321999,0
-3.4214518,0.82083952,0.095140934,-0.95784688,0.28727323,0.0018247366,0
-1.9423857,4.0450821,1.4856274,0.2684297,0.89271808,0.36193916,0
0.96190012,-0.56547272,1.9589913,-0.10234642,-0.34717214,0.9321999,0
-4.1261392,-0.86312205,-2.5836487,-0.95784688,0.28727323,0.0018247366,0
-3.7532487,-2.4285848,-0.87164271,-0.2684297,-0.89271808,-0.36193916,0
-2.604419,-2.2837229,-1.6395419,-0.2684297,-0.89271808,-0.36193916,0
-2.1818235,-1.7372636,1.0753421,-0.10234642,-0.34717214,0.9321999,0
-1.3273621,-1.0977519,1.5114042,-0.10234642,-0.34717214,0.9321999,0
2.0533955,1.0200599,2.6668015,-0.10234642,-0.34717214,0.9321999,0
0.83769095,-0.2970258,1.9564869,-0.10234642,-0.34717214,0.9321999,0
2.9137383,-0.11015463,-1.9063193,0.10234642,0.34717214,-0.9321999,0
3.9784961,1.4423897,-0.54746222,0.95784688,-0.28727323,-0.0018247366,0
1.9526191,3.1481123,0.87187713,0.2684297,0.89271808,0.36193916,0
2.4001317,2.1537178,2.3599067,0.2684297,0.89271808,0.36193916,0
0.7275272,-1.5377903,-2.4509103,0.10234642,0.34717214,-0.9321999,0
-1.6014144,0.86976171,-2.1312664,0.10234642,0.34717214,-0.9321999,0
-0.26685226,0.27811909,2.1555395,-0.10234642,-0.34717214,0.9321999,0
4.1092482,1.7929192,-0.53515637,0.95784688,-0.28727323,-0.0018247366,0
-3.4003882,-1.8981495,-1.9599319,-0.2684297,-0.89271808,-0.36193916,0
2.9672675,2.9272685,-0.54135716,0.10234642,0.34717214,-0.9321999,0
-2.7588172,-0.72005486,1.659753,-0.10234642,-0.34717214,0.9321999,0
2.1398215,-4.5873861,0.33502102,-0.2684297,-0.89271808,-0.36193916,0
-0.59775782,4.379694,-0.68065429,0.10234642,0.34717214,-0.9321999,0
3.5590072,-0.77595544,-1.0249074,0.95784688,-0.28727323,-0.0018247366,0
1.0636141,-3.6601129,-1.6462805,-0.2684297,-0.89271808,-0.36193916,0
-1.6653101,3.7507665,1.2964544,0.2684297,0.89271808,0.36193916,0
-3.5554779,0.90412784,0.86408567,-0.95784688,0.28727323,0.0018247366,0
-2.3051884,2.7242689,-1.5005534,0.10234642,0.34717214,-0.9321999,0
1.2776924,-2.8192911,-2.8449221,0.10234642,0.34717214,-0.9321999,0
3.4629951,-1.0464337,0.85939002,0.95784688,-0.28727323,-0.0018247366,0
-0.22455621,3.1106381,2.4001913,0.2684297,0.89271808,0.36193916,0
-3.161845,1.8638817,-1.6709523,-0.95784688,0.28727323,0.0018247366,0
-4.2136717,-2.8752666,0.45184398,-0.2684297,-0.89271808,-0.36193916,0
0.00022602081,4.2074709,-0.63206553,0.2684297,0.89271808,0.36193916,0
1.5167701,-3.6749487,-1.771395,-0.2684297,-0.89271808,-0.36193916,0
0.92575312,2.5546446,2.7837076,0.2684297,0.89271808,0.36193916,0
-4.0594606,-0.83695328,-2.6033278,-0.95784688,0.28727323,0.0018247366,0
-2.9485295,1.6020491,2.2532597,-0.10234642,-0.34717214,0.9321999,0
-2.618773,2.5015168,2.7660015,-0.10234642,-0.34717214,0.9321999,0
2.691488,2.9299307,0.35150036,0.2684297,0.89271808,0.36193916,0
3.2893143,1.3944798,3.0460272,-0.10234642,-0.34717214,0.9321999,0
1.0796065,0.043813944,2.4543834,-0.10234642,-0.34717214,0.9321999,0
2.33271,2.7869842,0.98652881,0.2684297,0.89271808,0.36193916,0
1.7801857,2.075702,2.9955873,-0.10234642,-0.34717214,0.9321999,0
-0.73032767,1.4996598,2.495863,-0.10234642,-0.34717214,0.9321999,0
-3.5443797,0.28645751,-2.1713648,-0.95784688,0.28727323,0.0018247366,0
-4.2198105,-1.4020075,-2.1287034,-0.95784688,0.28727323,0.0018247366,0
1.4339889,1.2861631,-1.6917536,0.10234642,0.34717214,-0.9321999,0
1.4585931,-0.75909197,1.8322245,-0.10234642,-0.34717214,0.9321999,0
2.1444693,1.2231373,2.8212805,-0.10234642,-0.34717214,0.9321999,0
-2.7881093,-1.6970947,-3.0903616,0.10234642,0.34717214,-0.9321999,0
-2.6796892,-0.44501257,1.4753124,-0.10234642,-0.34717214,0.9321999,0
-3.1534448,2.1640942,-1.2255402,-0.95784688,0.28727323,0.0018247366,0
-2.6789262,2.8974328,1.642071,-0.95784688,0.28727323,0.0018247366,0
0.56345117,-1.1761696,1.8346654,-0.10234642,-0.34717214,0.9321999,0
-2.3781145,4.0835428,-0.40063715,-0.95784688,0.28727323,0.0018247366,0
2.603868,-2.8891718,-2.7882292,0.95784688,-0.28727323,-0.0018247366,0
1.9134672,3.0006666,1.2803597,0.2684297,0.89271808,0.36193916,0
0.070024014,4.18047,-0.43808222,0.2684297,0.89271808,0.36193916,0
-0.8390224,0.36404395,2.2485397,-0.10234642,-0.34717214,0.9321999,0
3.1127346,-1.3332014,1.7373073,0.95784688,-0.28727323,-0.0018247366,0
-1.2126862,2.1511533,2.717792,-0.10234642,-0.34717214,0.9321999,0
2.4805353,-2.7418258,-2.6882384,0.10234642,0.34717214,-0.9321999,0
2.5937817,-3.9443729,-1.4333754,0.95784688,-0.28727323,-0.0018247366,0
-3.9645267,-0.46073437,-0.87468052,-0.95784688,0.28727323,0.0018247366,0
3.3885221,-0.61602557,0.93205166,0.95784688,-0.28727323,-0.0018247366,0
-1.3240184,3.0209231,2.7697849,0.2684297,0.89271808,0.36193916,0
-0.40891171,-2.9748604,1.1821449,-0.10234642,-0.34717214,0.9321999,0
-0.48249698,-2.8705258,-2.4301891,-0.2684297,-0.89271808,-0.36193916,0
-3.8511207,-1.2001655,-0.49788535,-0.95784688,0.28727323,0.0018247366,0
0.079702675,0.81933379,2.4396865,-0.10234642,-0.34717214,0.9321999,0
-1.1547823,-1.5297092,1.4174592,-0.10234642,-0.34717214,0.9321999,0
4.2990823,2.0819619,1.6900791,0.95784688,-0.28727323,-0.0018247366,0
-3.5516136,0.42732787,0.80069017,-0.95784688,0.28727323,0.0018247366,0
-0.33774686,-3.7507672,0.16006923,-0.2684297,-0.89271808,-0.36193916,0
-0.1134479,3.9056101,-0.24427891,0.2684297,0.89271808,0.36193916,0
-3.6215863,-1.8343258,-2.9891622,-0.2684297,-0.89271808,-0.36193916,0
-0.98311758,-2.740386,-2.6713614,-0.2684297,-0.89271808,-0.36193916,0
-0.87061143,-1.7971175,1.2764863,-0.10234642,-0.34717214,0.9321999,0
-2.8375001,0.16155672,1.8130943,-0.10234642,-0.34717214,0.9321999,0
-0.19789457,-4.1547241,0.43484855,-0.10234642,-0.34717214,0.9321999,0
-3.5786338,-2.9744892,-0.15550423,-0.2684297,-0.89271808,-0.36193916,0
3.236237,-2.0208437,-2.4987485,0.95784688,-0.28727323,-0.0018247366,0
-2.4440413,3.9865441,0.14117193,-0.95784688,0.28727323,0.0018247366,0
-1.9303513,4.7849417,-0.64769936,0.10234642,0.34717214,-0.9321999,0
-1.2367955,-0.72879946,-2.56388,0.10234642,0.34717214,-0.9321999,0
-0.46755552,3.5293577,1.1185315,0.2684297,0.89271808,0.36193916,0
-1.5320872,-2.3916121,-2.8726497,-0.2684297,-0.89271808,-0.36193916,0
3.0602789,-2.459173,0.07486248,0.95784688,-0.28727323,-0.0018247366,0
-3.2792442,1.7197607,1.7176065,-0.95784688,0.28727323,0.0018247366,0
-1.03951,-1.5976774,-2.9762607,0.10234642,0.34717214,-0.9321999,0
0.040472269,3.51968,1.1424694,0.2684297,0.89271808,0.36193916,0
1.9504607,-4.743197,0.50750685,-0.10234642,-0.34717214,0.9321999,0
-1.1554997,-3.0784578,-1.2526494,-0.2684297,-0.89271808,-0.36193916,0
-3.8300741,-0.83810329,-2.6748748,-0.95784688,0.28727323,0.0018247366,0
2.6394007,1.3836393,-1.3312221,0.10234642,0.34717214,-0.9321999,0
0.34044576,3.3600535,-0.83920717,0.10234642,0.34717214,-0.9321999,0
-2.0992303,0.29015446,-2.2743268,0.10234642,0.34717214,-0.9321999,0
-3.2801824,0.58249974,-2.1543758,0.10234642,0.34717214,-0.9321999,0
-0.54723549,4.3057928,-0.15531039,0.2684297,0.89271808,0.36193916,0
-3.0454042,1.7551455,-1.1565216,-0.95784688,0.28727323,0.0018247366,0
1.1923165,2.6179626,2.5948963,0.2684297,0.89271808,0.36193916,0
-0.022261918,0.76764274,-1.9563417,0.10234642,0.34717214,-0.9321999,0
-2.4396176,-1.9278836,1.2119138,-0.10234642,-0.34717214,0.9321999,0
-1.0159063,3.7246854,0.73882651,0.2684297,0.89271808,0.36193916,0
-2.8294196,2.2507005,2.5087044,-0.10234642,-0.34717214,0.9321999,0
-3.3421044,-2.0583956,-1.5701572,-0.2684297,-0.89271808,-0.36193916,0
-1.8303392,-2.8796015,0.75480473,-0.10234642,-0.34717214,0.9321999,0
3.1738529,2.0063596,2.640861,0.2684297,0.89271808,0.36193916,0
1.4491844,-3.755296,-1.9926004,-0.2684297,-0.89271808,-0.36193916,0
3.2330606,1.1205614,2.9741898,-0.10234642,-0.34717214,0.9321999,0
-0.72661364,-1.8711488,-3.1195953,0.10234642,0.34717214,-0.9321999,0
1.2924532,-2.1873455,-2.7315955,0.10234642,0.34717214,-0.9321999,0
1.3085606,-3.3402982,1.2285285,-0.10234642,-0.34717214,0.9321999,0
2.0251105,2.5538919,2.4005826,0.2684297,0.89271808,0.36193916,0
-3.9324639,-1.1195254,1.4446801,-0.95784688,0.28727323,0.0018247366,0
2.139811,2.4845123,1.9970316,0.2684297,0.89271808,0.36193916,0
3.5147829,2.6598673,0.96763432,0.2684297,0.89271808,0.36193916,0
1.2014169,-2.3307893,1.6031339,-0.10234642,-0.34717214,0.9321999,0
-1.2616171,-2.1866865,-3.0459938,-0.2684297,-0.89271808,-0.36193916,0
-4.0241094,-1.0751288,-0.82546568,-0.95784688,0.28727323,0.0018247366,0
-3.118413,-0.2381469,-2.456109,0.10234642,0.34717214,-0.9321999,0
-2.259207,4.4648027,-0.1639719,-0.95784688,0.28727323,0.0018247366,0
3.9815958,1.6373069,2.1923161,0.2684297,0.89271808,0.36193916,0
3.1937547,0.050480366,-1.8537399,0.10234642,0.34717214,-0.9321999,0
-3.1842883,-1.8272679,0.90682703,-0.10234642,-0.34717214,0.9321999,0
0.56110471,0.46997595,-1.8454812,0.10234642,0.34717214,-0.9321999,0
-3.3777096,1.3595344,-0.79119682,-0.95784688,0.28727323,0.0018247366,0
3.3008966,-1.1040953,1.9721107,0.95784688,-0.28727323,-0.0018247366,0
2.341805,-3.8607044,-1.7275257,-0.2684297,-0.89271808,-0.36193916,0
-1.2668931,-3.6290996,0.54570901,-0.2684297,-0.89271808,-0.36193916,0
4.3607283,2.6142783,0.19225287,0.2684297,0.89271808,0.36193916,0
-1.5449147,3.4722533,2.074863,0.2684297,0.89271808,0.36193916,0
2.2776022,-4.3730011,-0.58804178,-0.2684297,-0.89271808,-0.36193916,0
4.3830919,2.7563987,0.079772949,0.2684297,0.89271808,0.36193916,0
-3.5059595,0.72779888,-0.39934969,-0.95784688,0.28727323,0.0018247366,0
-0.052721366,-0.38323283,-2.4984345,0.10234642,0.34717214,-0.9321999,0
1.1575778,-3.937803,0.76129007,-0.10234642,-0.34717214,0.9321999,0
4.3179698,1.7539095,0.51875603,0.95784688,-0.28727323,-0.0018247366,0
3.1821127,-1.0997438,-2.3122098,0.10234642,0.34717214,-0.9321999,0
-2.4127197,0.023991346,1.750687,-0.10234642,-0.34717214,0.9321999,0
2.6890047,2.91225,0.82574701,0.2684297,0.89271808,0.36193916,0
1.1443672,-3.3868361,-1.9048555,-0.2684297,-0.89271808,-0.36193916,0
-3.3968449,-2.4438629,-0.81194091,-0.2684297,-0.89271808,-0.36193916,0
3.5011108,2.905478,-0.49612215,0.10234642,0.34717214,-0.9321999,0
-3.465836,0.22967136,0.10243464,-0.95784688,0.28727323,0.0018247366,0
-1.8313085,2.1128418,-1.5980301,0.10234642,0.34717214,-0.9321999,0
-2.2069578,4.2619324,0.46028566,0.2684297,0.89271808,0.36193916,0
3.3317902,-1.7734638,1.6902266,0.95784688,-0.28727323,-0.0018247366,0
4.0735369,0.83084321,2.7499108,0.95784688,-0.28727323,-0.0018247366,0
-2.3311968,-3.0149577,-0.27748084,-0.2684297,-0.89271808,-0.36193916,0
-2.4680336,-2.2409391,1.1683211,-0.10234642,-0.34717214,0.9321999,0
2.3251262,-3.6413355,0.99353313,-0.10234642,-0.34717214,0.9321999,0
1.3145614,2.6752963,2.2956767,0.2684297,0.89271808,0.36193916,0
-3.7173905,0.27067375,0.48526001,-0.95784688,0.28727323,0.0018247366,0
-3.6471038,0.41978335,1.4642546,-0.95784688,0.28727323,0.0018247366,0
-0.023738623,3.2741706,1.8515427,0.2684297,0.89271808,0.36193916,0
-1.8172483,-3.0591006,-0.92684209,-0.2684297,-0.89271808,-0.36193916,0
-2.7839589,2.4007959,0.67177057,-0.95784688,0.28727323,0.0018247366,0
-2.150619,-1.6201465,-2.8970714,0.10234642,0.34717214,-0.9321999,0
2.974267,-1.9519391,-2.2608843,0.95784688,-0.28727323,-0.0018247366,0
1.9480314,-4.1621675,-1.2158117,-0.2684297,-0.89271808,-0.36193916,0
3.6530504,-0.59686238,1.7092013,0.95784688,-0.28727323,-0.0018247366,0
-0.20408297,-3.0431399,-1.4763508,-0.2684297,-0.89271808,-0.36193916,0
3.0453084,-2.4023287,-2.3005235,0.95784688,-0.28727323,-0.0018247366,0
-2.341954,4.3914618,0.96620941,0.2684297,0.89271808,0.36193916,0
1.7564421,1.5573733,-1.2030087,0.10234642,0.34717214,-0.9321999,0
1.4342244,3.2017026,0.44071233,0.2684297,0.89271808,0.36193916,0
4.3311796,2.3790715,0.92214036,0.2684297,0.89271808,0.36193916,0
0.011494875,-2.8357797,-2.2577267,-0.2684297,-0.89271808,-0.36193916,0
2.550411,-3.8715734,-0.11930752,0.95784688,-0.28727323,-0.0018247366,0
-4.1736326,-1.388708,-1.694881,-0.95784688,0.28727323,0.0018247366,0
-3.3016882,1.2331302,0.23033476,-0.95784688,0.28727323,0.0018247366,0
2.9871271,1.374989,3.0932441,-0.10234642,-0.34717214,0.9321999,0
-3.0963376,1.3898538,0.13227868,-0.95784688,0.28727323,0.0018247366,0
-4.117208,-2.0568044,0.72966385,-0.95784688,0.28727323,0.0018247366,0
2.8093305,-0.90645444,1.9134039,-0.10234642,-0.34717214,0.9321999,0
0.81689429,-0.28864241,-2.2449675,0.10234642,0.34717214,-0.9321999,0
-2.1552815,-3.1152828,-0.21411592,-0.2684297,-0.89271808,-0.36193916,0
-4.1769824,-1.2138836,-0.088014841,-0.95784688,0.28727323,0.0018247366,0
-1.0797021,3.531085,1.3982792,0.2684297,0.89271808,0.36193916,0
0.41790128,-1.7553544,1.7196091,-0.10234642,-0.34717214,0.9321999,0
4.003665,1.3893869,-1.2126328,0.95784688,-0.28727323,-0.0018247366,0
-3.5273409,-2.9397314,0.17521191,-0.2684297,-0.89271808,-0.36193916,0
0.35673296,-1.3139582,1.8525259,-0.10234642,-0.34717214,0.9321999,0
1.8102218,-3.289866,-2.7756181,-0.2684297,-0.89271808,-0.36193916,0
0.33691978,3.5140104,0.49288082,0.2684297,0.89271808,0.36193916,0
-1.8180859,4.3490896,0.78600979,0.2684297,0.89271808,0.36193916,0
-1.8566232,4.3032923,0.36068249,0.2684297,0.89271808,0.36193916,0
-3.6610632,-2.0318105,-1.9730535,-0.2684297,-0.89271808,-0.36193916,0
-2.1091757,4.4512272,-0.69794178,0.10234642,0.34717214,-0.9321999,0
2.8559427,-3.279954,-0.30215025,0.95784688,-0.28727323,-0.0018247366,0
-1.9809511,-2.5491424,-1.7993844,-0.2684297,-0.89271808,-0.36193916,0
1.6686568,1.212652,-1.7058516,0.10234642,0.34717214,-0.9321999,0
1.8538221,1.4770881,2.847352,-0.10234642,-0.34717214,0.9321999,0
2.9493902,-2.6941028,-1.7752457,0.95784688,-0.28727323,-0.0018247366,0
3.8366461,1.9507366,1.950017,0.2684297,0.89271808,0.36193916,0
-3.9088988,-0.29448628,0.85055685,-0.95784688,0.28727323,0.0018247366,0
3.8341994,0.23944321,1.4359934,0.95784688,-0.28727323,-0.0018247366,0
-0.15008879,-3.7389851,0.75325251,-0.10234642,-0.34717214,0.9321999,0
-2.5028608,4.3867292,0.12496614,-0.95784688,0.28727323,0.0018247366,0
1.4523659,-1.5890636,-2.4975543,0.10234642,0.34717214,-0.9321999,0
2.2607117,-3.5541811,-2.7667894,-0.2684297,-0.89271808,-0.36193916,0
1.3277895,2.0978045,3.109498,0.2684297,0.89271808,0.36193916,0
-2.7138391,-2.6230812,0.68164062,-0.10234642,-0.34717214,0.9321999,0
2.49242,3.0562956,0.62017602,0.2684297,0.89271808,0.36193916,0
0.1479373,2.8502529,2.7179394,0.2684297,0.89271808,0.36193916,0
-2.8602233,1.9707408,-0.72672772,-0.95784688,0.28727323,0.0018247366,0
-3.6313918,-0.34858131,1.4705307,-0.95784688,0.28727323,0.0018247366,0
1.8361595,-4.0416875,-1.5044274,-0.2684297,-0.89271808,-0.36193916,0
-1.2343235,1.4799243,-1.7950579,0.10234642,0.34717214,-0.9321999,0
-3.8402913,-1.2809169,1.0017138,-0.95784688,0.28727323,0.0018247366,0
-3.9536898,-1.057011,-0.48809433,-0.95784688,0.28727323,0.0018247366,0
1.9172742,-3.8835726,-1.566222,-0.2684297,-0.89271808,-0.36193916,0
1.7031279,-3.2833323,-3.2309675,-0.2684297,-0.89271808,-0.36193916,0
4.3847461,2.1559086,0.67761171,0.95784688,-0.28727323,-0.0018247366,0
3.1127825,-1.2705119,-2.2522821,0.10234642,0.34717214,-0.9321999,0
-2.0557306,3.5907111,2.6385994,0.2684297,0.89271808,0.36193916,0
3.3837311,1.780992,2.481431,0.2684297,0.89271808,0.36193916,0
-2.9821472,0.51970768,2.0974259,-0.10234642,-0.34717214,0.9321999,0
-1.0451467,3.4080138,2.2527783,0.2684297,0.89271808,0.36193916,0
-1.3976963,3.8322654,1.0865972,0.2684297,0.89271808,0.36193916,0
-0.49022341,-3.8547108,-0.013341665,-0.2684297,-0.89271808,-0.36193916,0
-2.8018026,3.3864877,2.0563889,-0.95784688,0.28727323,0.0018247366,0
3.9229438,1.0856233,1.4603423,0.95784688,-0.28727323,-0.0018247366,0
-2.8975956,2.8331554,-0.79783773,-0.95784688,0.28727323,0.0018247366,0
-2.9343474,2.5658927,1.4360449,-0.95784688,0.28727323,0.0018247366,0
-2.2702208,-0.88815999,1.6492819,-0.10234642,-0.34717214,0.9321999,0
-3.3994751,0.29515266,0.58100939,-0.95784688,0.28727323,0.0018247366,0
0.41420174,-3.9628625,0.24478579,-0.2684297,-0.89271808,-0.36193916,0
2.4311638,-0.015381098,2.6074421,-0.10234642,-0.34717214,0.9321999,0
-2.2600956,3.2628708,2.9609277,-0.10234642,-0.34717214,0.9321999,0
-4.3490481,-2.0519004,-0.76927161,-0.95784688,0.28727323,0.0018247366,0
2.2822857,0.44410896,2.746819,-0.10234642,-0.34717214,0.9321999,0
2.6086488,-3.4432433,0.0060815811,0.95784688,-0.28727323,-0.0018247366,0
-2.2648408,0.21930707,-2.2004962,0.10234642,0.34717214,-0.9321999,0
-3.3204551,-2.4047806,-1.2965904,-0.2684297,-0.89271808,-0.36193916,0
-1.1423808,0.57709217,2.3015821,-0.10234642,-0.34717214,0.9321999,0
1.0530396,3.1835914,0.93762922,0.2684297,0.89271808,0.36193916,0
-0.02766633,-3.4930427,-1.4879091,-0.2684297,-0.89271808,-0.36193916,0
-2.1894288,2.9542637,2.8210647,-0.10234642,-0.34717214,0.9321999,0
-1.5364655,0.85212052,-1.7985346,0.10234642,0.34717214,-0.9321999,0
2.8908172,2.2794514,2.1170731,0.2684297,0.89271808,0.36193916,0
3.5365078,0.88021851,-1.6229239,0.10234642,0.34717214,-0.9321999,0
-1.5763462,-2.9074934,-1.8630706,-0.2684297,-0.89271808,-0.36193916,0
1.9204364,-4.5877056,0.76403284,-0.10234642,-0.34717214,0.9321999,0
0.40842104,2.0971739,-1.1981184,0.10234642,0.34717214,-0.9321999,0
-3.5860445,-1.8538222,1.2169616,-0.10234642,-0.34717214,0.9321999,0
1.542946,-1.220567,-2.5467639,0.10234642,0.34717214,-0.9321999,0
-3.2471476,-2.6232665,-0.76445341,-0.2684297,-0.89271808,-0.36193916,0
1.7747667,3.1068957,0.63123006,0.2684297,0.89271808,0.36193916,0
-1.8505163,3.2709987,-1.0642896,0.10234642,0.34717214,-0.9321999,0
-2.7602901,1.3184242,2.3426208,-0.10234642,-0.34717214,0.9321999,0
-3.1450362,-2.9450743,-0.28579649,-0.2684297,-0.89271808,-0.36193916,0
-3.8379896,-1.9016116,-2.3994105,-0.2684297,-0.89271808,-0.36193916,0
-3.8756754,-1.4541399,1.2545456,-0.10234642,-0.34717214,0.9321999,0
-4.1470776,-1.8212395,0.68172133,-0.95784688,0.28727323,0.0018247366,0
-1.1402152,0.37630343,-1.9864557,0.10234642,0.34717214,-0.9321999,0
1.1182973,-0.10858607,-1.974429,0.10234642,0.34717214,-0.9321999,0
3.3029704,1.9996572,2.2469072,0.2684297,0.89271808,0.36193916,0
