3.6263671,-4.0917659,1.1377003,0.9857505,-0.061621785,0.15652072,0
2.6909888,3.0629523,-2.7531271,0.10302556,0.95671248,-0.27218908,0
4.0333033,-2.0662699,-0.96790838,0.9857505,-0.061621785,0.15652072,0
-0.24225211,3.6798337,-2.0963883,0.10302556,0.95671248,-0.27218908,0
-3.4277554,-3.7420943,0.45682764,-0.10302556,-0.95671248,0.27218908,0
3.5703845,-2.8067749,-0.94811916,0.13297251,-0.28443611,-0.94942844,0
3.3251405,-1.2870857,2.8738189,0.9857505,-0.061621785,0.15652072,0
1.4422321,1.8611791,1.7993097,-0.13297251,0.28443611,0.94942844,0
3.4646163,-3.4903283,3.1573873,0.9857505,-0.061621785,0.15652072,0
-0.9684906,2.9336972,0.95917797,-0.13297251,0.28443611,0.94942844,0
0.86491728,0.49983978,-2.1516476,0.13297251,-0.28443611,-0.94942844,0
-2.3917036,2.3808827,0.96543711,-0.13297251,0.28443611,0.94942844,0
-4.0477972,-2.2081428,-1.5660818,-0.9857505,0.061621785,-0.15652072,0
-1.6613472,2.1075206,-3.1795769,0.13297251,-0.28443611,-0.94942844,0
2.092154,3.3055882,-2.3695765,0.10302556,0.95671248,-0.27218908,0
2.1342535,-1.6517164,2.8395419,-0.13297251,0.28443611,0.94942844,0
0.63329732,-0.24229956,2.2306108,-0.13297251,0.28443611,0.94942844,0
-2.8161824,-1.246327,-2.0464199,0.13297251,-0.28443611,-0.94942844,0
-4.2966633,1.2477038,0.83384013,-0.9857505,0.061621785,-0.15652072,0
2.8032632,-1.8537257,3.1668458,-0.13297251,0.28443611,0.94942844,0
-0.51457065,0.73593235,1.9165931,-0.13297251,0.28443611,0.94942844,0
1.3850809,0.036501408,2.486136,-0.13297251,0.28443611,0.94942844,0
4.4547186,2.7646902,-2.1252894,0.9857505,-0.061621785,0.15652072,0
4.3462815,3.0320492,-0.9464674,0.9857505,-0.061621785,0.15652072,0
-3.9463332,2.4374926,-0.0041782856,-0.9857505,0.061621785,-0.15652072,0
-4.1920538,-3.0182641,-1.317863,-0.9857505,0.061621785,-0.15652072,0
1.5366473,4.3069386,0.74958777,0.10302556,0.95671248,-0.27218908,0
4.4118705,2.0029068,-1.0080948,0.9857505,-0.061621785,0.15652072,0
-4.1874352,-1.7990499,-0.81449461,-0.9857505,0.061621785,-0.15652072,0
-3.9815595,1.3617185,-0.62520909,-0.9857505,0.061621785,-0.15652072,0
-2.6949394,-0.66340894,-2.4945297,0.13297251,-0.28443611,-0.94942844,0
2.8799803,-3.9748707,1.0839591,-0.10302556,-0.95671248,0.27218908,0
3.3540018,-4.0177536,1.7538409,-0.10302556,-0.95671248,0.27218908,0
-4.4728527,-2.0828097,1.1890626,-0.9857505,0.061621785,-0.15652072,0
0.87621927,4.3847098,0.88480902,0.10302556,0.95671248,-0.27218908,0
2.2343354,0.13152838,-1.8765938,0.13297251,-0.28443611,-0.94942844,0
-1.8082042,-4.2753778,-1.0368459,-0.10302556,-0.95671248,0.27218908,0
1.5315168,-3.976907,0.96803963,-0.10302556,-0.95671248,0.27218908,0
1.6159306,1.9489956,-2.2668433,0.13297251,-0.28443611,-0.94942844,0
3.7053123,3.964288,1.4806089,-0.13297251,0.28443611,0.94942844,0
-3.4651413,3.9513111,-1.0650344,-0.9857505,0.061621785,-0.15652072,0
-3.4788146,0.83447576,-2.4787974,-0.9857505,0.061621785,-0.15652072,0
0.37422287,2.2071049,-2.6749225,0.13297251,-0.28443611,-0.94942844,0
-3.4331846,2.5934272,-2.1882548,-0.9857505,0.061621785,-0.15652072,0
1.9208088,0.51074469,2.2842736,-0.13297251,0.28443611,0.94942844,0
4.0319514,0.79562652,1.6572118,0.9857505,-0.061621785,0.15652072,0
-1.5740643,-2.1000502,-1.7220176,0.13297251,-0.28443611,-0.94942844,0
-2.1214957,0.14031672,1.8407136,-0.13297251,0.28443611,0.94942844,0
1.9471362,-2.3800137,3.2942986,-0.13297251,0.28443611,0.94942844,0
0.34407187,4.4697313,0.78448474,0.10302556,0.95671248,-0.27218908,0
-1.1073322,3.4079614,-2.9034891,0.10302556,0.95671248,-0.27218908,0
-1.654496,0.34447682,-2.4171038,0.13297251,-0.28443611,-0.94942844,0
4.1029091,1.1929853,0.68354845,0.9857505,-0.061621785,0.15652072,0
-4.0136781,-0.9305948,-0.44513655,-0.9857505,0.061621785,-0.15652072,0
3.8315837,-2.3745546,0.88721967,0.9857505,-0.061621785,0.15652072,0
1.2490244,3.8374782,-0.69627857,0.10302556,0.95671248,-0.27218908,0
-2.5282359,-2.2445362,-1.8627768,0.13297251,-0.28443611,-0.94942844,0
3.0632284,-1.4181471,3.1412458,-0.13297251,0.28443611,0.94942844,0
-3.6573389,3.6837144,-0.85192859,-0.9857505,0.061621785,-0.15652072,0
-0.64122295,3.4570477,-2.2340224,0.10302556,0.95671248,-0.27218908,0
-3.4658525,0.48270339,-2.3064718,-0.9857505,0.061621785,-0.15652072,0
3.6407349,-3.9627421,0.83366895,0.9857505,-0.061621785,0.15652072,0
-2.4128244,1.2577088,-2.9007044,0.13297251,-0.28443611,-0.94942844,0
-2.0290928,-4.0691624,-0.29786944,-0.10302556,-0.95671248,0.27218908,0
3.9103951,-2.3843026,-0.87892294,0.13297251,-0.28443611,-0.94942844,0
-3.5664856,3.0224676,-1.7493812,-0.9857505,0.061621785,-0.15652072,0
0.40289927,3.217113,1.3098549,-0.13297251,0.28443611,0.94942844,0
-2.8436313,3.7490292,-3.3262224,0.10302556,0.95671248,-0.27218908,0
0.17726278,-4.2165298,-0.038112283,-0.10302556,-0.95671248,0.27218908,0
1.673829,-0.82423592,-1.4200006,0.13297251,-0.28443611,-0.94942844,0
-0.18163109,3.4185529,-2.7419431,0.10302556,0.95671248,-0.27218908,0
2.4347515,3.8180392,-0.2038331,0.10302556,0.95671248,-0.27218908,0
4.0442886,3.4798748,-1.0587611,0.10302556,0.95671248,-0.27218908,0
3.6307473,-2.7944498,2.1224167,0.9857505,-0.061621785,0.15652072,0
-2.049191,4.4625196,0.01286909,0.10302556,0.95671248,-0.27218908,0
-2.7177401,-1.6718324,-1.8597481,0.13297251,-0.28443611,-0.94942844,0
4.0731549,1.9996365,1.5912421,0.9857505,-0.061621785,0.15652072,0
4.0026999,1.803111,0.049129963,0.9857505,-0.061621785,0.15652072,0
3.2845924,-4.2959557,0.49296701,-0.10302556,-0.95671248,0.27218908,0
-1.4769733,-3.2516794,2.2655745,-0.10302556,-0.95671248,0.27218908,0
2.9642382,3.0917234,1.7305729,-0.13297251,0.28443611,0.94942844,0
-1.7676357,-1.9230566,2.5200176,-0.13297251,0.28443611,0.94942844,0
-4.3682628,-1.9052616,0.22759676,-0.9857505,0.061621785,-0.15652072,0
-3.4896116,2.3628964,-2.919178,-0.9857505,0.061621785,-0.15652072,0
3.8814564,0.57997346,0.1751225,0.9857505,-0.061621785,0.15652072,0
-3.7648578,4.1897526,-0.52422941,-0.9857505,0.061621785,-0.15652072,0
-2.8363879,-2.228394,2.4595461,-0.13297251,0.28443611,0.94942844,0
3.7718291,-0.47686672,1.6326549,0.9857505,-0.061621785,0.15652072,0
1.2746181,4.0511656,0.45036483,0.10302556,0.95671248,-0.27218908,0
-1.2172694,-3.3146093,2.9082479,-0.10302556,-0.95671248,0.27218908,0
-3.4077628,2.6710949,0.68933105,-0.13297251,0.28443611,0.94942844,0
1.0996187,3.7198973,-1.1405287,0.10302556,0.95671248,-0.27218908,0
-4.2096214,-2.5630684,0.45275688,-0.9857505,0.061621785,-0.15652072,0
2.2065959,0.36724091,2.3911061,-0.13297251,0.28443611,0.94942844,0
3.9608099,-0.10588884,-0.14947557,0.9857505,-0.061621785,0.15652072,0
3.478502,-3.6467824,1.6387625,0.9857505,-0.061621785,0.15652072,0
1.8720274,-3.6756763,2.2921758,-0.10302556,-0.95671248,0.27218908,0
-2.0889273,-2.0480106,2.5531526,-0.13297251,0.28443611,0.94942844,0
-0.24518538,4.4746761,0.44523215,0.10302556,0.95671248,-0.27218908,0
-2.9421175,-3.2860894,2.1339905,-0.10302556,-0.95671248,0.27218908,0
3.9841409,1.7014635,0.61153078,0.9857505,-0.061621785,0.15652072,0
0.80055285,1.5540257,-2.5008256,0.13297251,-0.28443611,-0.94942844,0
3.4789233,-2.272042,2.4751906,0.9857505,-0.061621785,0.15652072,0
3.4199324,-2.7801082,1.7158067,0.9857505,-0.061621785,0.15652072,0
-2.5555923,-3.2552934,-1.4688365,0.13297251,-0.28443611,-0.94942844,0
4.0995903,1.7280012,-0.62917805,0.9857505,-0.061621785,0.15652072,0
-0.62898827,3.2207315,-2.986659,0.10302556,0.95671248,-0.27218908,0
1.9914765,4.2331867,1.3186476,-0.13297251,0.28443611,0.94942844,0
-3.4092784,-3.7323716,-1.3885832,0.13297251,-0.28443611,-0.94942844,0
-4.1427679,1.47771,0.99433541,-0.13297251,0.28443611,0.94942844,0
-3.9127338,0.59888595,-1.5378716,-0.9857505,0.061621785,-0.15652072,0
-2.2240472,3.3441899,-3.0838308,0.10302556,0.95671248,-0.27218908,0
-1.0141134,-3.3853147,2.6222138,-0.10302556,-0.95671248,0.27218908,0
-0.64781761,1.271297,1.5569652,-0.13297251,0.28443611,0.94942844,0
-2.4237692,4.6037865,0.37597445,-0.13297251,0.28443611,0.94942844,0
-3.8423967,1.0573466,-0.17882895,-0.9857505,0.061621785,-0.15652072,0
1.9716547,3.5233288,-1.4805892,0.10302556,0.95671248,-0.27218908,0
-4.0817356,0.061983824,-0.79699326,-0.9857505,0.061621785,-0.15652072,0
4.1734695,3.2892709,-0.22685432,0.9857505,-0.061621785,0.15652072,0
-1.7034155,2.368834,-2.953007,0.13297251,-0.28443611,-0.94942844,0
-2.2539716,3.7241664,-2.5899982,0.10302556,0.95671248,-0.27218908,0
1.957588,-4.0590138,1.7508792,-0.10302556,-0.95671248,0.27218908,0
-3.486747,3.0887671,-3.3448582,-0.9857505,0.061621785,-0.15652072,0
-3.1218097,-3.6307471,0.90552378,-0.10302556,-0.95671248,0.27218908,0
-1.0661783,-3.4536464,-1.0610288,0.13297251,-0.28443611,-0.94942844,0
4.1249056,1.6356118,0.25704813,0.9857505,-0.061621785,0.15652072,0
3.181076,-2.5858893,3.2190523,-0.13297251,0.28443611,0.94942844,0
-3.914603,-3.088484,1.9935913,-0.10302556,-0.95671248,0.27218908,0
3.8316622,2.3147073,1.8077106,-0.13297251,0.28443611,0.94942844,0
4.0061512,-1.2531949,0.41948915,0.9857505,-0.061621785,0.15652072,0
3.6114683,1.5930759,2.2441673,-0.13297251,0.28443611,0.94942844,0
3.9794812,1.3882377,0.36966085,0.9857505,-0.061621785,0.15652072,0
-0.48196054,3.8112068,-0.98954833,0.10302556,0.95671248,-0.27218908,0
1.4234576,-3.4156008,3.0487504,-0.10302556,-0.95671248,0.27218908,0
-2.2041345,1.579325,1.3211843,-0.13297251,0.28443611,0.94942844,0
-2.4181514,2.501931,1.0280037,-0.13297251,0.28443611,0.94942844,0
1.4145675,-3.6668444,2.395412,-0.10302556,-0.95671248,0.27218908,0
-3.9903607,-0.74070883,0.50941324,-0.9857505,0.061621785,-0.15652072,0
3.4054456,-2.8078361,3.364264,0.9857505,-0.061621785,0.15652072,0
3.7598965,1.1415255,2.3832164,0.9857505,-0.061621785,0.15652072,0
1.8425457,-3.9584093,1.2155374,-0.10302556,-0.95671248,0.27218908,0
0.31016898,2.5998607,-2.893671,0.13297251,-0.28443611,-0.94942844,0
-3.114819,0.37070853,-2.6794453,0.13297251,-0.28443611,-0.94942844,0
-3.6424685,2.0976925,-1.119179,-0.9857505,0.061621785,-0.15652072,0
-2.1045763,3.7361493,-2.6021068,0.10302556,0.95671248,-0.27218908,0
3.4610791,3.2888799,1.6352773,-0.13297251,0.28443611,0.94942844,0
4.0182629,2.6216919,1.6729693,0.9857505,-0.061621785,0.15652072,0
-2.8819215,2.8561156,-3.460954,0.13297251,-0.28443611,-0.94942844,0
2.6573033,1.2943888,2.2805731,-0.13297251,0.28443611,0.94942844,0
-2.2586031,-3.7091517,1.2514491,-0.10302556,-0.95671248,0.27218908,0
-3.9223404,0.084662676,0.002707243,-0.9857505,0.061621785,-0.15652072,0
-3.4675672,4.6621695,-0.35581017,0.10302556,0.95671248,-0.27218908,0
-3.6549807,1.4702235,-1.954699,-0.9857505,0.061621785,-0.15652072,0
3.5247762,3.7489552,-0.6650877,0.10302556,0.95671248,-0.27218908,0
-1.2447095,4.6061497,0.3058821,0.10302556,0.95671248,-0.27218908,0
3.7364562,-3.855186,1.2155861,0.9857505,-0.061621785,0.15652072,0
3.1566505,-4.2010832,-0.59140539,0.13297251,-0.28443611,-0.94942844,0
2.4305415,3.8061829,-1.109638,0.10302556,0.95671248,-0.27218908,0
-0.69756317,-1.3470453,-1.9199997,0.13297251,-0.28443611,-0.94942844,0
2.0594909,0.30978346,2.2932286,-0.13297251,0.28443611,0.94942844,0
1.1241393,3.5652447,-2.2342906,0.10302556,0.95671248,-0.27218908,0
-0.087751865,4.2302833,0.81391144,-0.13297251,0.28443611,0.94942844,0
-4.4669485,-1.1126051,1.6475317,-0.9857505,0.061621785,-0.15652072,0
3.7049315,3.9148839,0.096921444,0.10302556,0.95671248,-0.27218908,0
-2.8742204,-3.2488074,2.6340683,-0.10302556,-0.95671248,0.27218908,0
0.41187382,3.9828949,0.17846131,0.10302556,0.95671248,-0.27218908,0
-3.0844593,1.3736212,-2.8060496,0.13297251,-0.28443611,-0.94942844,0
-0.92559958,3.998632,-1.0938199,0.10302556,0.95671248,-0.27218908,0
3.8941882,0.96563435,0.46850801,0.9857505,-0.061621785,0.15652072,0
-2.6420355,-1.2011683,-2.0774045,0.13297251,-0.28443611,-0.94942844,0
3.8254516,-3.4333878,-0.4015584,0.9857505,-0.061621785,0.15652072,0
4.2031808,0.66370487,0.016020298,0.9857505,-0.061621785,0.15652072,0
-2.2022481,-2.5777428,-1.5148644,0.13297251,-0.28443611,-0.94942844,0
-3.0880904,3.5733862,-3.3724377,0.10302556,0.95671248,-0.27218908,0
-2.3840151,-4.2843151,-0.94741392,-0.10302556,-0.95671248,0.27218908,0
3.5788469,-2.5907464,1.4117155,0.9857505,-0.061621785,0.15652072,0
1.3262088,-0.9869442,-1.6245408,0.13297251,-0.28443611,-0.94942844,0
1.342242,-3.3600919,3.0400536,-0.10302556,-0.95671248,0.27218908,0
3.7509737,-3.9602289,0.24945545,0.9857505,-0.061621785,0.15652072,0
3.6808119,-3.7127254,1.9787147,0.9857505,-0.061621785,0.15652072,0
1.1798568,-3.6393571,2.8744946,-0.10302556,-0.95671248,0.27218908,0
2.9807608,-3.7798324,2.8966639,-0.10302556,-0.95671248,0.27218908,0
3.8814511,-0.37866688,0.63933587,0.9857505,-0.061621785,0.15652072,0
-1.0901525,3.7680917,-2.2708135,0.10302556,0.95671248,-0.27218908,0
4.106461,1.8207029,-0.18911505,0.9857505,-0.061621785,0.15652072,0
-1.255619,-3.7639785,1.3233905,-0.10302556,-0.95671248,0.27218908,0
-3.0887761,0.47660431,-2.5391912,0.13297251,-0.28443611,-0.94942844,0
-3.582418,-3.825542,-0.8249135,-0.10302556,-0.95671248,0.27218908,0
-4.1467481,-1.1955075,-0.60714388,-0.9857505,0.061621785,-0.15652072,0
0.21314311,3.5909355,-1.3784152,0.10302556,0.95671248,-0.27218908,0
-3.9413104,-1.2537103,-1.9381361,-0.9857505,0.061621785,-0.15652072,0
1.4987192,-0.53110814,-1.7647488,0.13297251,-0.28443611,-0.94942844,0
2.1088409,2.5976906,-2.4254699,0.13297251,-0.28443611,-0.94942844,0
1.3736215,-0.56535673,-1.6039798,0.13297251,-0.28443611,-0.94942844,0
-4.0449181,0.94559789,0.89313269,-0.9857505,0.061621785,-0.15652072,0
-1.3204215,-0.04458642,2.0815184,-0.13297251,0.28443611,0.94942844,0
-1.7441945,3.9044735,-1.6621075,0.10302556,0.95671248,-0.27218908,0
4.5863104,1.825592,-1.3727803,0.9857505,-0.061621785,0.15652072,0
0.15293264,4.1427259,0.015804172,0.10302556,0.95671248,-0.27218908,0
-3.350553,-3.4125483,0.97694206,-0.10302556,-0.95671248,0.27218908,0
3.8755877,2.0291891,1.3681207,0.9857505,-0.061621785,0.15652072,0
-3.7445283,-1.75807,-1.4385474,-0.9857505,0.061621785,-0.15652072,0
3.6987691,0.16997764,2.0401359,0.9857505,-0.061621785,0.15652072,0
-3.8503489,1.3002033,-1.4260445,-0.9857505,0.061621785,-0.15652072,0
1.1823215,4.5013366,1.0057242,0.10302556,0.95671248,-0.27218908,0
-0.77966094,-3.4853001,2.5461159,-0.10302556,-0.95671248,0.27218908,0
-4.1956,1.0269458,0.75042653,-0.9857505,0.061621785,-0.15652072,0
3.8643656,-1.6238573,-0.16146517,0.9857505,-0.061621785,0.15652072,0
0.019456387,-3.9501965,1.541497,-0.10302556,-0.95671248,0.27218908,0
-0.29312277,-4.2550735,0.20098412,-0.10302556,-0.95671248,0.27218908,0
2.1338301,0.60873502,2.3310728,-0.13297251,0.28443611,0.94942844,0
-3.7392995,1.8901634,-1.6862729,-0.9857505,0.061621785,-0.15652072,0
3.2957859,-3.4313624,3.3488221,-0.10302556,-0.95671248,0.27218908,0
-3.7044756,-0.70853871,-2.109551,-0.9857505,0.061621785,-0.15652072,0
-0.61757684,3.4194732,-2.3479209,0.10302556,0.95671248,-0.27218908,0
-3.9238162,-2.0310664,-0.59400463,-0.9857505,0.061621785,-0.15652072,0
-2.0924904,4.2399979,-0.88157237,0.10302556,0.95671248,-0.27218908,0
-4.1030741,-1.8961644,-0.15606165,-0.9857505,0.061621785,-0.15652072,0
-3.8449173,2.7237806,0.22135711,-0.9857505,0.061621785,-0.15652072,0
-0.76108837,-3.7072384,0.79886055,-0.10302556,-0.95671248,0.27218908,0
4.4589663,2.8573196,-1.933723,0.9857505,-0.061621785,0.15652072,0
0.26363373,-3.1664588,3.0409393,-0.10302556,-0.95671248,0.27218908,0
3.8054419,-4.3155622,0.45591187,0.9857505,-0.061621785,0.15652072,0
3.8546925,-2.8055124,-0.75406075,0.9857505,-0.061621785,0.15652072,0
3.8315806,-1.1865928,0.0099635124,0.9857505,-0.061621785,0.15652072,0
-2.9383669,-4.2821341,-1.4228897,0.13297251,-0.28443611,-0.94942844,0
0.20804346,-2.143117,2.6100836,-0.13297251,0.28443611,0.94942844,0
3.1685143,0.16023564,-1.643394,0.13297251,-0.28443611,-0.94942844,0
-2.6671066,-3.6840079,-1.4505262,0.13297251,-0.28443611,-0.94942844,0
0.071934938,-3.2930741,2.8177361,-0.10302556,-0.95671248,0.27218908,0
-1.870101,4.4833264,0.42131436,0.10302556,0.95671248,-0.27218908,0
4.0215797,2.0015645,2.1011944,0.9857505,-0.061621785,0.15652072,0
-0.93414259,2.6109781,-3.1663938,0.13297251,-0.28443611,-0.94942844,0
-0.069538355,-3.5139654,1.6781433,-0.10302556,-0.95671248,0.27218908,0
3.938519,0.95635402,0.81907558,0.9857505,-0.061621785,0.15652072,0
-1.0846264,-3.1733103,2.7349353,-0.10302556,-0.95671248,0.27218908,0
-3.8011894,-1.2810547,-1.0946443,-0.9857505,0.061621785,-0.15652072,0
4.6619143,3.0792406,-1.8418031,0.10302556,0.95671248,-0.27218908,0
-1.9467034,1.8878227,-2.8386283,0.13297251,-0.28443611,-0.94942844,0
-1.1113667,0.8064431,-2.3071418,0.13297251,-0.28443611,-0.94942844,0
4.5966444,3.1297469,-2.085629,0.9857505,-0.061621785,0.15652072,0
-4.2543736,-0.66991162,1.039422,-0.9857505,0.061621785,-0.15652072,0
-0.85176122,0.5558145,1.9486835,-0.13297251,0.28443611,0.94942844,0
3.5574684,3.6552784,-0.60937881,0.10302556,0.95671248,-0.27218908,0
0.4849875,3.6895056,-1.3164307,0.10302556,0.95671248,-0.27218908,0
1.0235252,3.4294517,-2.2165267,0.10302556,0.95671248,-0.27218908,0
-4.2836738,-2.8491905,0.49961233,-0.9857505,0.061621785,-0.15652072,0
-2.6919973,3.7735507,-2.8999076,0.10302556,0.95671248,-0.27218908,0
2.7036185,3.4753006,-0.95577312,0.10302556,0.95671248,-0.27218908,0
2.2176239,0.67965055,-2.1974802,0.13297251,-0.28443611,-0.94942844,0
3.9963646,-0.63841259,0.68055463,0.9857505,-0.061621785,0.15652072,0
1.4816389,2.1418281,-2.4884899,0.13297251,-0.28443611,-0.94942844,0
4.3313684,1.9468708,-1.7293706,0.9857505,-0.061621785,0.15652072,0
1.7157531,2.20033,1.8498439,-0.13297251,0.28443611,0.94942844,0
4.0834827,3.2202973,1.6600013,-0.13297251,0.28443611,0.94942844,0
-4.0799413,-1.1482537,-0.13220024,-0.9857505,0.061621785,-0.15652072,0
-4.0989833,-0.76992846,-1.1396809,-0.9857505,0.061621785,-0.15652072,0
-4.3272138,-1.8018181,1.1723766,-0.9857505,0.061621785,-0.15652072,0
2.3097048,-3.381758,3.0032372,-0.10302556,-0.95671248,0.27218908,0
-3.4252787,1.1175599,1.1120667,-0.13297251,0.28443611,0.94942844,0
-0.80820584,3.5851061,0.7583738,-0.13297251,0.28443611,0.94942844,0
-3.8636847,1.6704576,-0.04050231,-0.9857505,0.061621785,-0.15652072,0
0.56665826,-1.8409523,-1.5875237,0.13297251,-0.28443611,-0.94942844,0
4.5563989,2.6441948,-1.8378372,0.9857505,-0.061621785,0.15652072,0
-3.4283519,-2.7443109,-1.7754884,0.13297251,-0.28443611,-0.94942844,0
-2.4992166,2.1628399,-3.0366848,0.13297251,-0.28443611,-0.94942844,0
-1.8829169,-3.1301787,2.5032768,-0.10302556,-0.95671248,0.27218908,0
-0.74038792,-4.2247782,-1.0299196,0.13297251,-0.28443611,-0.94942844,0
-1.0884609,3.5301592,-3.1352167,0.10302556,0.95671248,-0.27218908,0
-2.1062679,2.6395564,1.058804,-0.13297251,0.28443611,0.94942844,0
4.2399263,0.65123224,-1.4656157,0.9857505,-0.061621785,0.15652072,0
-1.5225682,-3.6328685,0.91983509,-0.10302556,-0.95671248,0.27218908,0
2.9498477,3.6124737,-0.98258233,0.10302556,0.95671248,-0.27218908,0
0.10151148,2.6199057,1.3717389,-0.13297251,0.28443611,0.94942844,0
-3.6243556,1.998125,-2.4973195,-0.9857505,0.061621785,-0.15652072,0
1.136512,3.4317691,-2.5944536,0.10302556,0.95671248,-0.27218908,0
0.99340224,-2.0816371,-1.5016067,0.13297251,-0.28443611,-0.94942844,0
3.0603797,3.2755926,-2.0274725,0.10302556,0.95671248,-0.27218908,0
2.9454722,-3.0273981,3.278734,-0.13297251,0.28443611,0.94942844,0
1.3618634,2.0951767,-2.631454,0.13297251,-0.28443611,-0.94942844,0
-3.6139345,3.8546245,-1.7199653,-0.9857505,0.061621785,-0.15652072,0
3.5727234,-1.6692348,3.0650008,-0.13297251,0.28443611,0.94942844,0
2.0055194,3.8430243,-0.068691254,0.10302556,0.95671248,-0.27218908,0
3.3549309,-1.8920074,3.2178142,-0.13297251,0.28443611,0.94942844,0
-3.593894,-0.24041611,-2.5097346,-0.9857505,0.061621785,-0.15652072,0
-3.9504406,-2.876291,-0.67063713,-0.9857505,0.061621785,-0.15652072,0
2.0219939,3.1955323,-2.0635428,0.10302556,0.95671248,-0.27218908,0
3.9500074,0.076614857,0.33927298,0.9857505,-0.061621785,0.15652072,0
-3.1026943,-3.8438921,0.092042923,-0.10302556,-0.95671248,0.27218908,0
3.5150638,-4.5055666,-0.0024633408,-0.10302556,-0.95671248,0.27218908,0
-4.1301551,0.8588562,-0.10704589,-0.9857505,0.061621785,-0.15652072,0
4.4468937,3.0315685,-2.4858603,0.10302556,0.95671248,-0.27218908,0
3.3345375,-2.3004785,-0.84694254,0.13297251,-0.28443611,-0.94942844,0
3.1951828,3.1834865,-1.8735704,0.10302556,0.95671248,-0.27218908,0
3.0494082,-2.6853442,-0.7233305,0.13297251,-0.28443611,-0.94942844,0
4.4192138,1.8638942,-0.94412899,0.9857505,-0.061621785,0.15652072,0
2.2537885,3.6393995,-1.4442837,0.10302556,0.95671248,-0.27218908,0
-0.65255904,3.5326328,-2.3141201,0.10302556,0.95671248,-0.27218908,0
-4.0482035,-1.5257711,0.16499567,-0.9857505,0.061621785,-0.15652072,0
-4.0582571,-1.96416,-0.17189121,-0.9857505,0.061621785,-0.15652072,0
3.7366621,-2.6931398,-0.92668772,0.13297251,-0.28443611,-0.94942844,0
1.6016723,2.2337406,-2.4857011,0.13297251,-0.28443611,-0.94942844,0
0.5232358,3.7983727,0.95698988,-0.13297251,0.28443611,0.94942844,0
-0.41370606,3.8395963,-0.89611161,0.10302556,0.95671248,-0.27218908,0
4.1025157,-0.98260999,-0.14326143,0.9857505,-0.061621785,0.15652072,0
-0.34357691,-1.9039671,-1.385963,0.13297251,-0.28443611,-0.94942844,0
-0.43219948,3.4154625,0.83659184,-0.13297251,0.28443611,0.94942844,0
4.1950274,0.22464561,-0.70840406,0.9857505,-0.061621785,0.15652072,0
-3.9147954,-0.76212507,-2.356456,-0.9857505,0.061621785,-0.15652072,0
0.31342983,-3.2219114,3.2296689,-0.13297251,0.28443611,0.94942844,0
-1.8789568,3.0643928,1.0932647,-0.13297251,0.28443611,0.94942844,0
-1.1903,-2.5781126,2.7629805,-0.13297251,0.28443611,0.94942844,0
2.4038649,-1.2605546,-1.3014297,0.13297251,-0.28443611,-0.94942844,0
3.9356468,-1.3558277,1.0985723,0.9857505,-0.061621785,0.15652072,0
1.8537545,-3.3002813,3.1058607,-0.10302556,-0.95671248,0.27218908,0
-4.0941238,0.51774812,0.078604698,-0.9857505,0.061621785,-0.15652072,0
-4.2671275,-1.8566983,1.0251989,-0.9857505,0.061621785,-0.15652072,0
4.1759496,3.261385,0.57726002,0.9857505,-0.061621785,0.15652072,0
4.0141592,2.0514317,1.284688,0.9857505,-0.061621785,0.15652072,0
4.1967611,3.0951204,-0.77141762,0.9857505,-0.061621785,0.15652072,0
0.83259058,3.683111,-1.8865328,0.10302556,0.95671248,-0.27218908,0
-1.6908336,-4.2563891,-0.39641833,-0.10302556,-0.95671248,0.27218908,0
-4.0874968,0.039772272,-0.22703695,-0.9857505,0.061621785,-0.15652072,0
-3.6333022,3.7611361,-1.9168406,-0.9857505,0.061621785,-0.15652072,0
-1.8062277,4.2130132,-0.33895165,0.10302556,0.95671248,-0.27218908,0
-4.4609857,-2.9642048,2.232758,-0.10302556,-0.95671248,0.27218908,0
3.8846204,-2.4167709,1.331583,0.9857505,-0.061621785,0.15652072,0
0.62338638,1.7657651,-2.7232304,0.13297251,-0.28443611,-0.94942844,0
-3.6675732,2.1907039,-2.6803341,-0.9857505,0.061621785,-0.15652072,0
-0.8540659,3.8748059,-1.6991981,0.10302556,0.95671248,-0.27218908,0
0.89310217,3.2182822,-2.8441315,0.13297251,-0.28443611,-0.94942844,0
4.2247477,3.1891842,-0.50845098,0.9857505,-0.061621785,0.15652072,0
-4.1544828,-0.33012247,-0.021144867,-0.9857505,0.061621785,-0.15652072,0
-0.59173298,-4.2315626,0.090111494,-0.10302556,-0.95671248,0.27218908,0
2.0670285,-1.6398981,-1.5056818,0.13297251,-0.28443611,-0.94942844,0
3.4969561,0.23568904,2.6744349,-0.13297251,0.28443611,0.94942844,0
3.8679097,0.85258651,1.3411751,0.9857505,-0.061621785,0.15652072,0
-4.1193123,-1.313132,1.7290013,-0.13297251,0.28443611,0.94942844,0
-2.068114,-2.9732397,2.5886641,-0.13297251,0.28443611,0.94942844,0
3.7808444,-1.8817953,0.8520503,0.9857505,-0.061621785,0.15652072,0
4.071568,3.311173,-1.1578879,0.10302556,0.95671248,-0.27218908,0
3.7148066,-2.7946877,1.3554951,0.9857505,-0.061621785,0.15652072,0
-3.8018565,2.7629404,-0.87774634,-0.9857505,0.061621785,-0.15652072,0
-4.4531393,-1.9883891,0.66341639,-0.9857505,0.061621785,-0.15652072,0
2.3221505,-3.2786584,-0.82727671,0.13297251,-0.28443611,-0.94942844,0
3.8882475,1.4082105,0.89991093,0.9857505,-0.061621785,0.15652072,0
-3.3720684,4.3698502,0.39110446,-0.13297251,0.28443611,0.94942844,0
-3.2801876,3.6270297,-2.2460675,-0.9857505,0.061621785,-0.15652072,0
2.5202022,4.0390744,0.77883267,0.10302556,0.95671248,-0.27218908,0
-0.35672367,2.0807104,-2.6325691,0.13297251,-0.28443611,-0.94942844,0
-4.197506,-0.20154405,0.31900406,-0.9857505,0.061621785,-0.15652072,0
-1.3744736,-3.950458,0.95705318,-0.10302556,-0.95671248,0.27218908,0
2.663065,1.9128449,-2.1945641,0.13297251,-0.28443611,-0.94942844,0
0.79574311,-0.72304356,2.4913654,-0.13297251,0.28443611,0.94942844,0
-3.6063194,2.5799067,-1.4244201,-0.9857505,0.061621785,-0.15652072,0
-2.8095365,-3.4188752,2.2458036,-0.10302556,-0.95671248,0.27218908,0
-4.0472565,-1.2795565,-1.179148,-0.9857505,0.061621785,-0.15652072,0
0.29980254,3.2778347,-2.8682892,0.13297251,-0.28443611,-0.94942844,0
-3.6051865,3.4815459,-0.9923867,-0.9857505,0.061621785,-0.15652072,0
2.8435888,2.0660045,2.0763245,-0.13297251,0.28443611,0.94942844,0
2.3828173,3.6040492,-1.7639456,0.10302556,0.95671248,-0.27218908,0
-4.3245072,-2.2133389,1.4995799,-0.9857505,0.061621785,-0.15652072,0
2.2703495,-4.4876404,0.10440531,-0.10302556,-0.95671248,0.27218908,0
3.6301143,-0.37485194,2.5627348,-0.13297251,0.28443611,0.94942844,0
-2.7510574,-3.6808693,0.40012789,-0.10302556,-0.95671248,0.27218908,0
4.3048706,3.4538445,-0.6948514,0.10302556,0.95671248,-0.27218908,0
0.052593708,-3.6348763,-1.1848466,0.13297251,-0.28443611,-0.94942844,0
4.5147314,1.5258849,-1.5470357,0.9857505,-0.061621785,0.15652072,0
-1.7549894,-3.569638,1.8299265,-0.10302556,-0.95671248,0.27218908,0
4.1534719,-0.37239122,-0.68249989,0.9857505,-0.061621785,0.15652072,0
-3.1207302,-1.4207228,-2.0415692,0.13297251,-0.28443611,-0.94942844,0
-3.8407497,0.39496779,-1.1833818,-0.9857505,0.061621785,-0.15652072,0
-4.0726304,-2.7082052,-0.70148945,-0.9857505,0.061621785,-0.15652072,0
-3.55616,-0.16885999,-2.0818827,-0.9857505,0.061621785,-0.15652072,0
-4.437788,-2.5152159,0.46475315,-0.9857505,0.061621785,-0.15652072,0
-4.2145548,-2.8950183,-1.1424618,-0.9857505,0.061621785,-0.15652072,0
3.8407023,-1.5083431,0.44782424,0.9857505,-0.061621785,0.15652072,0
-2.4083967,-3.3763804,1.8758347,-0.10302556,-0.95671248,0.27218908,0
-0.44761348,-3.8717778,1.6412507,-0.10302556,-0.95671248,0.27218908,0
0.30382037,-3.5308547,2.1623189,-0.10302556,-0.95671248,0.27218908,0
-2.9112773,0.80583858,1.4677393,-0.13297251,0.28443611,0.94942844,0
2.7419569,1.8710732,-2.242583,0.13297251,-0.28443611,-0.94942844,0
3.2170465,2.7892487,1.6583412,-0.13297251,0.28443611,0.94942844,0
-4.0765939,-1.5462245,-0.90525055,-0.9857505,0.061621785,-0.15652072,0
0.99361014,3.5907619,-1.8260319,0.10302556,0.95671248,-0.27218908,0
1.7137232,3.5819106,-0.80807495,0.10302556,0.95671248,-0.27218908,0
4.2011957,2.8560643,0.74663353,0.9857505,-0.061621785,0.15652072,0
-3.62709,0.43173805,-2.4587538,-0.9857505,0.061621785,-0.15652072,0
-1.4675047,-0.9199301,-2.0896757,0.13297251,-0.28443611,-0.94942844,0
1.0084524,1.0985222,1.7762556,-0.13297251,0.28443611,0.94942844,0
3.8101482,-0.4394494,2.2785923,0.9857505,-0.061621785,0.15652072,0
3.6458995,-1.5353918,-1.1001513,0.13297251,-0.28443611,-0.94942844,0
-0.45828295,-3.723891,-0.99695933,0.13297251,-0.28443611,-0.94942844,0
-3.8054099,3.9814193,0.3277446,-0.9857505,0.061621785,-0.15652072,0
-3.8345883,-3.4313378,1.4211988,-0.10302556,-0.95671248,0.27218908,0
0.37294888,2.5472746,-2.7304466,0.13297251,-0.28443611,-0.94942844,0
3.7094378,-1.3650764,0.48332238,0.9857505,-0.061621785,0.15652072,0
4.0096288,-2.1184332,-0.95697856,0.9857505,-0.061621785,0.15652072,0
-3.9131429,-0.93725014,-0.10473251,-0.9857505,0.061621785,-0.15652072,0
-2.4803243,-1.1937883,2.1627545,-0.13297251,0.28443611,0.94942844,0
3.3440902,-2.1391103,-0.83436799,0.13297251,-0.28443611,-0.94942844,0
3.1003442,-0.0021934509,-1.7176709,0.13297251,-0.28443611,-0.94942844,0
3.2277703,3.0471778,-2.1011577,0.10302556,0.95671248,-0.27218908,0
-1.4492273,-1.6319219,2.1980391,-0.13297251,0.28443611,0.94942844,0
3.1010718,3.1691113,-1.7747984,0.10302556,0.95671248,-0.27218908,0
2.7176821,-4.0531645,1.7195437,-0.10302556,-0.95671248,0.27218908,0
4.1059551,3.2357628,-0.24229813,0.9857505,-0.061621785,0.15652072,0
3.8589253,2.9699206,-2.449893,0.10302556,0.95671248,-0.27218908,0
-1.5342693,4.106029,-0.32375386,0.10302556,0.95671248,-0.27218908,0
-3.1789198,3.8239319,-2.0200291,0.10302556,0.95671248,-0.27218908,0
-2.7313089,2.4119558,0.8258034,-0.13297251,0.28443611,0.94942844,0
3.9530439,3.3056979,-1.7259693,0.10302556,0.95671248,-0.27218908,0
-3.6393561,0.22353414,-1.9012241,-0.9857505,0.061621785,-0.15652072,0
3.3400571,-4.0913477,1.0272039,-0.10302556,-0.95671248,0.27218908,0
0.16770744,-0.28946376,-1.8998263,0.13297251,-0.28443611,-0.94942844,0
-1.8499532,1.2591581,-2.635535,0.13297251,-0.28443611,-0.94942844,0
2.9894814,-3.569298,2.5702555,-0.10302556,-0.95671248,0.27218908,0
-3.4831173,3.0390954,-3.2914987,-0.9857505,0.061621785,-0.15652072,0
-3.6220121,2.0234363,-2.3867426,-0.9857505,0.061621785,-0.15652072,0
1.8806636,-4.2770872,0.76856935,-0.10302556,-0.95671248,0.27218908,0
-1.0462115,2.6072068,1.1969767,-0.13297251,0.28443611,0.94942844,0
3.1718006,3.7417738,-0.98287296,0.10302556,0.95671248,-0.27218908,0
-0.018600941,-3.8116665,1.3234437,-0.10302556,-0.95671248,0.27218908,0
-2.7365432,-2.1199708,-1.7179379,0.13297251,-0.28443611,-0.94942844,0
-2.5548117,0.82886887,1.6055459,-0.13297251,0.28443611,0.94942844,0
-4.4669585,-3.4868681,-0.030417919,-0.9857505,0.061621785,-0.15652072,0
1.0973203,2.5928679,-2.5827127,0.13297251,-0.28443611,-0.94942844,0
1.3702679,-2.2607532,-1.1255637,0.13297251,-0.28443611,-0.94942844,0
1.5735278,3.2646232,-2.4787493,0.10302556,0.95671248,-0.27218908,0
-1.8864723,2.6739335,0.88422942,-0.13297251,0.28443611,0.94942844,0
0.5323658,3.8320513,-1.4436239,0.10302556,0.95671248,-0.27218908,0
0.91232061,3.8269911,-0.43791842,0.10302556,0.95671248,-0.27218908,0
0.084098101,3.4184873,-2.4699497,0.10302556,0.95671248,-0.27218908,0
0.81470346,-3.1053755,-1.0389645,0.13297251,-0.28443611,-0.94942844,0
3.6509144,-0.16044545,1.5079732,0.9857505,-0.061621785,0.15652072,0
1.8389885,3.8278086,-1.0281742,0.10302556,0.95671248,-0.27218908,0
1.0869002,-4.3450847,-0.58844054,-0.10302556,-0.95671248,0.27218908,0
-1.4214469,-1.1933458,2.3203347,-0.13297251,0.28443611,0.94942844,0
0.08978796,-2.3600831,2.6285539,-0.13297251,0.28443611,0.94942844,0
3.6368935,-3.1256778,1.278782,0.9857505,-0.061621785,0.15652072,0
3.3476346,-4.3305573,0.93018413,-0.10302556,-0.95671248,0.27218908,0
1.3385444,-0.58345866,-1.8272061,0.13297251,-0.28443611,-0.94942844,0
-3.0169423,-3.8494024,0.0071105957,-0.10302556,-0.95671248,0.27218908,0
-0.24826527,3.1759708,-3.1121714,0.10302556,0.95671248,-0.27218908,0
3.9148529,2.5709262,1.1877584,0.9857505,-0.061621785,0.15652072,0
2.9114039,-4.6979942,-0.14604837,-0.10302556,-0.95671248,0.27218908,0
-2.5869696,-3.5866539,0.67787814,-0.10302556,-0.95671248,0.27218908,0
4.1421218,1.2959925,-0.016973972,0.9857505,-0.061621785,0.15652072,0
-0.039784431,4.1942544,0.69148922,-0.13297251,0.28443611,0.94942844,0
-2.1620867,-3.8869743,-0.1334331,-0.10302556,-0.95671248,0.27218908,0
-1.3885419,2.091547,-2.7458639,0.13297251,-0.28443611,-0.94942844,0
-0.49706912,3.779809,-1.9214516,0.10302556,0.95671248,-0.27218908,0
2.6979356,-0.44702935,-1.4812548,0.13297251,-0.28443611,-0.94942844,0
1.034832,3.7106259,-0.96708179,0.10302556,0.95671248,-0.27218908,0
-3.9037137,2.5364809,-0.08438015,-0.9857505,0.061621785,-0.15652072,0
1.2928605,4.2414303,1.0722818,-0.13297251,0.28443611,0.94942844,0
-1.5882431,0.92796159,1.5106381,-0.13297251,0.28443611,0.94942844,0
1.2302787,-3.6191151,-0.89535272,0.13297251,-0.28443611,-0.94942844,0
3.6917369,-2.4329691,1.6528926,0.9857505,-0.061621785,0.15652072,0
-3.6320519,1.1917568,-2.4310937,-0.9857505,0.061621785,-0.15652072,0
-0.78893709,-3.8228812,0.24812388,-0.10302556,-0.95671248,0.27218908,0
-4.057044,-0.92959237,0.81536436,-0.9857505,0.061621785,-0.15652072,0
3.8785305,-3.271862,-0.21644258,0.9857505,-0.061621785,0.15652072,0
-1.877146,-0.15641952,1.7271308,-0.13297251,0.28443611,0.94942844,0
-3.5273712,-3.8153458,0.20463848,-0.10302556,-0.95671248,0.27218908,0
-1.9778187,3.4805229,-3.1957431,0.10302556,0.95671248,-0.27218908,0
-2.3121033,-1.5272231,-2.0589135,0.13297251,-0.28443611,-0.94942844,0
-0.17147827,-4.0238118,-1.0706611,0.13297251,-0.28443611,-0.94942844,0
-2.9379992,4.0210009,-2.2047157,0.10302556,0.95671248,-0.27218908,0
0.30175185,-0.88817,-1.68911,0.13297251,-0.28443611,-0.94942844,0
4.2085724,0.40134001,-1.7801018,0.13297251,-0.28443611,-0.94942844,0
-3.7263227,3.0347703,-1.5948977,-0.9857505,0.061621785,-0.15652072,0
3.8500447,2.5632029,1.1018739,0.9857505,-0.061621785,0.15652072,0
4.0438662,0.14640093,-0.069083452,0.9857505,-0.061621785,0.15652072,0
-3.7760649,-0.14468867,-2.5342653,-0.9857505,0.061621785,-0.15652072,0
0.51929903,4.1782856,0.84489191,-0.13297251,0.28443611,0.94942844,0
0.70003533,3.3533988,-2.1517448,0.10302556,0.95671248,-0.27218908,0
-3.5043745,3.2360146,-1.0637795,-0.9857505,0.061621785,-0.15652072,0
-1.2942941,0.27571321,1.8523111,-0.13297251,0.28443611,0.94942844,0
-0.35302851,0.61517155,-2.4544513,0.13297251,-0.28443611,-0.94942844,0
2.9446416,-3.609303,2.5033517,-0.10302556,-0.95671248,0.27218908,0
-0.90329528,-3.0114217,2.7453113,-0.13297251,0.28443611,0.94942844,0
-4.2135983,-2.9689407,-0.55043507,-0.9857505,0.061621785,-0.15652072,0
3.3043258,3.6352701,-0.061028481,0.10302556,0.95671248,-0.27218908,0
1.4026747,-3.9791737,0.79252839,-0.10302556,-0.95671248,0.27218908,0
2.1509557,0.074205875,-1.8283991,0.13297251,-0.28443611,-0.94942844,0
-1.0225697,-4.2186737,-1.069808,-0.10302556,-0.95671248,0.27218908,0
-3.1786861,3.1168051,0.60159481,-0.13297251,0.28443611,0.94942844,0
4.2645149,0.64569902,-0.0074830055,0.9857505,-0.061621785,0.15652072,0
-0.62833929,-3.4396365,2.7992463,-0.10302556,-0.95671248,0.27218908,0
2.9266162,3.9978662,-0.24537373,0.10302556,0.95671248,-0.27218908,0
-1.0192136,2.6486564,-2.9190459,0.13297251,-0.28443611,-0.94942844,0
-0.38451815,-3.7472219,-0.997859,0.13297251,-0.28443611,-0.94942844,0
1.1759286,2.6780975,1.2815934,-0.13297251,0.28443611,0.94942844,0
4.3766842,2.8760555,-2.4866862,0.13297251,-0.28443611,-0.94942844,0
0.94503403,3.581867,1.3287085,-0.13297251,0.28443611,0.94942844,0
-2.7191155,-0.60324985,-2.250087,0.13297251,-0.28443611,-0.94942844,0
-1.3377119,0.33600986,-2.4263713,0.13297251,-0.28443611,-0.94942844,0
3.2480466,-4.8085079,-0.28187287,-0.10302556,-0.95671248,0.27218908,0
3.8625751,-3.8799584,0.18559432,0.9857505,-0.061621785,0.15652072,0
1.8274879,-3.7350936,2.6217713,-0.10302556,-0.95671248,0.27218908,0
-4.1780372,-2.4790072,0.55887604,-0.9857505,0.061621785,-0.15652072,0
-2.0213871,-2.4790606,-1.7859771,0.13297251,-0.28443611,-0.94942844,0
2.1816211,3.11063,1.6294677,-0.13297251,0.28443611,0.94942844,0
1.5294037,4.1031599,0.8635211,0.10302556,0.95671248,-0.27218908,0
-4.3107667,-3.0052488,1.6690936,-0.9857505,0.061621785,-0.15652072,0
2.903414,3.5736454,-0.75430012,0.10302556,0.95671248,-0.27218908,0
1.620683,-1.3958319,2.8438616,-0.13297251,0.28443611,0.94942844,0
-3.6326249,-0.086879224,-1.6635079,-0.9857505,0.061621785,-0.15652072,0
4.1513805,-2.0267155,-0.62867069,0.9857505,-0.061621785,0.15652072,0
1.5399818,-3.6293221,2.9716938,-0.10302556,-0.95671248,0.27218908,0
-4.0425782,-3.880672,-0.27008724,-0.10302556,-0.95671248,0.27218908,0
-2.279371,-3.4860563,-1.4313395,0.13297251,-0.28443611,-0.94942844,0
-4.4146252,-3.2580938,1.9536257,-0.10302556,-0.95671248,0.27218908,0
-3.8591557,0.97960544,0.066510916,-0.9857505,0.061621785,-0.15652072,0
3.2387614,-1.5109183,2.9861746,-0.13297251,0.28443611,0.94942844,0
-2.397192,0.6399278,-2.4238033,0.13297251,-0.28443611,-0.94942844,0
-0.026987791,3.7847481,-1.5465614,0.10302556,0.95671248,-0.27218908,0
4.2106771,3.413373,0.67352009,0.9857505,-0.061621785,0.15652072,0
-4.2010822,-3.663254,0.82569933,-0.10302556,-0.95671248,0.27218908,0
4.1758509,-0.49785018,-1.0228117,0.9857505,-0.061621785,0.15652072,0
3.0661004,3.8944743,-0.10124636,0.10302556,0.95671248,-0.27218908,0
-0.19877362,3.0688369,1.1239126,-0.13297251,0.28443611,0.94942844,0
-0.027505875,-3.872014,1.260082,-0.10302556,-0.95671248,0.27218908,0
-3.9802334,-3.7504244,-0.96673679,-0.9857505,0.061621785,-0.15652072,0
-0.50329781,3.7892413,-1.809122,0.10302556,0.95671248,-0.27218908,0
-2.15799,0.025564194,1.6280379,-0.13297251,0.28443611,0.94942844,0
-0.53122997,-2.8246605,-1.1762588,0.13297251,-0.28443611,-0.94942844,0
0.60446304,-0.68879843,-1.6754429,0.13297251,-0.28443611,-0.94942844,0
3.1117296,1.1671066,2.1118987,-0.13297251,0.28443611,0.94942844,0
-3.5327113,3.2222364,-1.1831193,-0.9857505,0.061621785,-0.15652072,0
4.0282931,1.570204,0.31451988,0.9857505,-0.061621785,0.15652072,0
-4.1621013,1.872277,0.66595578,-0.9857505,0.061621785,-0.15652072,0
2.731817,3.1944013,-1.7184761,0.10302556,0.95671248,-0.27218908,0
-1.4924862,3.4173701,0.94867826,-0.13297251,0.28443611,0.94942844,0
-3.9754577,1.4919178,0.33887815,-0.9857505,0.061621785,-0.15652072,0
3.4998517,1.1503661,-2.1485343,0.13297251,-0.28443611,-0.94942844,0
-3.1412659,-3.5606809,-1.408155,0.13297251,-0.28443611,-0.94942844,0
-1.9825983,3.5666795,-2.6889677,0.10302556,0.95671248,-0.27218908,0
-3.1857266,3.6870766,-2.3437753,0.10302556,0.95671248,-0.27218908,0
2.3665996,4.3528576,0.87966228,0.10302556,0.95671248,-0.27218908,0
3.684566,3.056838,-2.4137962,0.13297251,-0.28443611,-0.94942844,0
2.1884935,3.3326101,-2.2573631,0.10302556,0.95671248,-0.27218908,0
4.1821346,-0.30692124,-0.59483027,0.9857505,-0.061621785,0.15652072,0
3.8144569,-1.4626784,1.7473652,0.9857505,-0.061621785,0.15652072,0
2.7784147,0.52627933,2.3048251,-0.13297251,0.28443611,0.94942844,0
-3.3890741,4.2698269,-0.88498533,0.10302556,0.95671248,-0.27218908,0
-2.1302834,4.5501604,-0.10659498,0.10302556,0.95671248,-0.27218908,0
-2.8892281,1.3784044,1.3365455,-0.13297251,0.28443611,0.94942844,0
4.303956,0.72341108,-1.2846227,0.9857505,-0.061621785,0.15652072,0
3.5329742,-4.1930008,1.4925539,-0.10302556,-0.95671248,0.27218908,0
2.1973381,-3.9125957,2.0900521,-0.10302556,-0.95671248,0.27218908,0
-3.6538849,2.0017126,-2.1952446,-0.9857505,0.061621785,-0.15652072,0
3.932368,-0.23210931,-0.30189824,0.9857505,-0.061621785,0.15652072,0
-0.54596233,4.4740915,0.54729462,0.10302556,0.95671248,-0.27218908,0
-2.2588825,-2.2842419,-1.6815178,0.13297251,-0.28443611,-0.94942844,0
-2.878772,4.629241,0.05097574,0.10302556,0.95671248,-0.27218908,0
-2.1628151,-4.0299921,-0.10408235,-0.10302556,-0.95671248,0.27218908,0
-3.417542,-3.9910302,-1.2213354,0.13297251,-0.28443611,-0.94942844,0
1.6002166,3.8513236,-1.0159388,0.10302556,0.95671248,-0.27218908,0
-1.2494926,-3.695807,0.52308106,-0.10302556,-0.95671248,0.27218908,0
-4.0055437,-2.3984942,-1.2034936,-0.9857505,0.061621785,-0.15652072,0
-1.7509475,-4.0016966,-0.41702223,-0.10302556,-0.95671248,0.27218908,0
-1.2986791,3.9200077,-0.79336649,0.10302556,0.95671248,-0.27218908,0
3.1102824,-3.3685145,-0.47254407,0.13297251,-0.28443611,-0.94942844,0
-1.5121658,-3.2700415,-1.5050993,0.13297251,-0.28443611,-0.94942844,0
-4.1572561,-1.564286,-0.10320616,-0.9857505,0.061621785,-0.15652072,0
-1.8908961,-3.975215,-0.01093626,-0.10302556,-0.95671248,0.27218908,0
-2.3055744,3.8444328,-2.621491,0.10302556,0.95671248,-0.27218908,0
3.8703051,2.9666929,1.4493876,0.9857505,-0.061621785,0.15652072,0
-3.4622631,4.5091786,0.41547656,-0.13297251,0.28443611,0.94942844,0
1.791944,2.9413142,-2.8084574,0.13297251,-0.28443611,-0.94942844,0
-4.0711093,-1.7411923,2.1297832,-0.13297251,0.28443611,0.94942844,0
4.2955785,2.3776512,-0.87210655,0.9857505,-0.061621785,0.15652072,0
-4.0578227,-1.8763233,0.011277676,-0.9857505,0.061621785,-0.15652072,0
2.166256,-3.8436165,2.314451,-0.10302556,-0.95671248,0.27218908,0
-4.1378713,-3.7988138,-0.54397011,-0.10302556,-0.95671248,0.27218908,0
0.59148788,3.8533163,-0.68840241,0.10302556,0.95671248,-0.27218908,0
3.8234048,-2.8310685,-0.92302537,0.13297251,-0.28443611,-0.94942844,0
-3.4775286,4.2214217,-1.5802236,0.10302556,0.95671248,-0.27218908,0
-0.14541984,-1.6944385,-1.5539383,0.13297251,-0.28443611,-0.94942844,0
3.6722715,-4.4673328,0.12794363,0.9857505,-0.061621785,0.15652072,0
1.1230793,-4.5485516,-0.14227349,-0.10302556,-0.95671248,0.27218908,0
-2.9038043,3.1923373,0.75081635,-0.13297251,0.28443611,0.94942844,0
