-2.5776901,1.8033173,1.4866402,-0.5982064,0.14478673,0.78815353,0
-2.8726108,0.44595045,-2.5525823,-0.79536545,0.012620866,-0.60599887,0
2.6344771,0.73575222,3.1377816,0.79536545,-0.012620866,0.60599887,0
3.4902067,-2.5230384,-0.50289381,-0.097687766,-0.98938251,0.10760847,0
-1.7120247,2.0081403,-2.1984718,0.097687766,0.98938251,-0.10760847,0
4.2413616,1.2082469,0.99701595,0.79536545,-0.012620866,0.60599887,0
4.3805552,-0.0020239353,-0.65340137,0.5982064,-0.14478673,-0.78815353,0
2.2416174,1.7243862,-2.3270006,0.5982064,-0.14478673,-0.78815353,0
4.2926273,-0.24355337,1.1240182,0.79536545,-0.012620866,0.60599887,0
-2.1627975,-1.3562829,-3.5916746,-0.79536545,0.012620866,-0.60599887,0
-2.7076607,-2.2286506,-2.6417687,-0.097687766,-0.98938251,0.10760847,0
-3.3162041,-0.47572643,-2.2392302,-0.79536545,0.012620866,-0.60599887,0
-1.0428603,-1.7521179,1.6868153,-0.097687766,-0.98938251,0.10760847,0
-3.6250334,0.78803015,-1.9544401,-0.79536545,0.012620866,-0.60599887,0
3.3572588,0.10559473,2.2120252,0.79536545,-0.012620866,0.60599887,0
3.0028906,1.5258934,2.9545569,0.79536545,-0.012620866,0.60599887,0
-2.3126433,-1.7014713,1.9992051,-0.097687766,-0.98938251,0.10760847,0
3.9119689,1.2532557,1.4093657,0.79536545,-0.012620866,0.60599887,0
4.5741529,1.721966,0.66414118,0.79536545,-0.012620866,0.60599887,0
-2.3426838,-2.0554571,-3.5458875,-0.79536545,0.012620866,-0.60599887,0
-2.0328672,-1.5422846,-3.7929435,-0.79536545,0.012620866,-0.60599887,0
-3.284338,0.79338425,-2.0049186,-0.79536545,0.012620866,-0.60599887,0
-3.5651317,-1.5911098,0.96850038,-0.097687766,-0.98938251,0.10760847,0
-0.39242613,-1.8883939,-0.86684591,-0.097687766,-0.98938251,0.10760847,0
1.8455069,-0.0064135194,4.0052786,0.79536545,-0.012620866,0.60599887,0
3.9655962,-0.8430323,1.6524382,0.79536545,-0.012620866,0.60599887,0
-0.84986591,2.064816,1.4546804,0.097687766,0.98938251,-0.10760847,0
1.8869598,-1.1093264,-2.1881089,0.5982064,-0.14478673,-0.78815353,0
-0.18261695,-2.1684122,-2.4827023,-0.097687766,-0.98938251,0.10760847,0
-3.6405163,2.2023478,0.048386574,0.097687766,0.98938251,-0.10760847,0
0.97912455,2.1713216,2.0095456,0.097687766,0.98938251,-0.10760847,0
-0.83744121,-0.84900713,3.5124516,-0.5982064,0.14478673,0.78815353,0
-4.2878304,-1.7937512,-0.96684122,-0.79536545,0.012620866,-0.60599887,0
3.4837132,0.93902564,-1.5117921,0.5982064,-0.14478673,-0.78815353,0
1.0165216,-1.009218,-2.8155332,0.5982064,-0.14478673,-0.78815353,0
4.008779,-1.5386752,1.4592233,0.79536545,-0.012620866,0.60599887,0
5.1257501,1.2693162,-0.16329956,0.79536545,-0.012620866,0.60599887,0
-1.5345073,1.7353094,-2.8846064,0.097687766,0.98938251,-0.10760847,0
-0.099603653,-2.3804493,-3.5727069,0.5982064,-0.14478673,-0.78815353,0
-3.349633,0.56954181,-1.9711525,-0.79536545,0.012620866,-0.60599887,0
-2.2243977,-1.7108768,-3.5568576,-0.79536545,0.012620866,-0.60599887,0
1.8080937,2.0845654,1.1465523,0.097687766,0.98938251,-0.10760847,0
2.301414,1.9211488,3.3666301,0.79536545,-0.012620866,0.60599887,0
-1.3782049,-2.2257967,-2.9357157,-0.097687766,-0.98938251,0.10760847,0
4.1088252,1.582654,0.37576222,0.097687766,0.98938251,-0.10760847,0
1.7158246,-0.35012323,4.1934671,0.79536545,-0.012620866,0.60599887,0
-0.056687355,-1.2827992,4.1432095,-0.5982064,0.14478673,0.78815353,0
-0.005595088,1.5877532,-2.5689497,0.097687766,0.98938251,-0.10760847,0
-3.6611161,0.010540485,1.0821928,-0.5982064,0.14478673,0.78815353,0
2.9337246,1.5534406,2.5587771,0.79536545,-0.012620866,0.60599887,0
-1.3247781,1.676554,-4.1044855,0.097687766,0.98938251,-0.10760847,0
-0.39885545,0.128582,3.4541335,-0.5982064,0.14478673,0.78815353,0
-1.0578628,1.9248228,-0.0030599236,0.097687766,0.98938251,-0.10760847,0
4.0903506,-0.78250992,-0.51204872,0.5982064,-0.14478673,-0.78815353,0
-0.061769485,-2.1400082,-3.6669416,0.5982064,-0.14478673,-0.78815353,0
-2.9648259,-1.6341865,1.4904729,-0.097687766,-0.98938251,0.10760847,0
-3.9400392,-1.5513853,1.0225885,-0.097687766,-0.98938251,0.10760847,0
3.0718377,-1.5722183,2.26858,0.79536545,-0.012620866,0.60599887,0
4.2288685,0.063563526,1.1384001,0.79536545,-0.012620866,0.60599887,0
-1.5388608,0.15154105,-4.5216913,-0.79536545,0.012620866,-0.60599887,0
1.0969182,1.9436707,-0.48289403,0.097687766,0.98938251,-0.10760847,0
2.5366786,1.4932265,3.1604304,0.79536545,-0.012620866,0.60599887,0
3.3465154,-1.4560931,-1.0077741,0.5982064,-0.14478673,-0.78815353,0
3.8560276,-1.1231462,-0.85890007,0.5982064,-0.14478673,-0.78815353,0
1.9920465,-2.0928292,-0.00694561,-0.097687766,-0.98938251,0.10760847,0
-3.278008,-0.91558516,-2.0226624,-0.79536545,0.012620866,-0.60599887,0
1.3119334,-2.2271714,0.056123734,-0.097687766,-0.98938251,0.10760847,0
0.24553084,0.19528228,-3.7376602,0.5982064,-0.14478673,-0.78815353,0
-4.5039515,1.6223989,0.21486139,-0.5982064,0.14478673,0.78815353,0
-2.4860795,-2.0174243,-0.61969399,-0.097687766,-0.98938251,0.10760847,0
2.1979778,1.636517,-2.0420127,0.097687766,0.98938251,-0.10760847,0
1.5551982,-2.1566296,-2.1319888,0.5982064,-0.14478673,-0.78815353,0
1.7026685,1.3295351,-2.5536981,0.5982064,-0.14478673,-0.78815353,0
-2.3614645,-0.43942863,-3.6647477,-0.79536545,0.012620866,-0.60599887,0
3.9426627,1.436988,1.7748594,0.79536545,-0.012620866,0.60599887,0
-1.8127486,1.8154149,-3.2655742,0.097687766,0.98938251,-0.10760847,0
1.4526273,-2.1398344,1.3549532,-0.097687766,-0.98938251,0.10760847,0
-4.1778359,2.0497799,0.20682263,-0.5982064,0.14478673,0.78815353,0
1.3391118,1.7423298,0.078420281,0.097687766,0.98938251,-0.10760847,0
1.1565387,1.5894258,4.4424696,-0.5982064,0.14478673,0.78815353,0
2.6037984,0.53808808,2.9168062,0.79536545,-0.012620866,0.60599887,0
-4.089469,0.82201952,-1.0302942,-0.79536545,0.012620866,-0.60599887,0
2.9335656,1.0479542,-1.8489128,0.5982064,-0.14478673,-0.78815353,0
-2.2564545,1.3918993,-3.3010211,-0.79536545,0.012620866,-0.60599887,0
3.3590846,0.73444712,2.1644678,0.79536545,-0.012620866,0.60599887,0
-3.6173871,-1.8979907,-1.2602375,-0.097687766,-0.98938251,0.10760847,0
-3.7104187,-1.7580041,-1.6940494,-0.097687766,-0.98938251,0.10760847,0
1.1438158,2.2231717,3.646399,0.097687766,0.98938251,-0.10760847,0
1.9980314,1.5442722,-2.3016524,0.097687766,0.98938251,-0.10760847,0
-0.23064756,-0.0070048571,3.4076362,-0.5982064,0.14478673,0.78815353,0
-1.5214562,-1.7754322,0.43730438,-0.097687766,-0.98938251,0.10760847,0
-3.3564274,1.0022051,1.2253281,-0.5982064,0.14478673,0.78815353,0
2.5555904,1.733206,3.0729978,0.79536545,-0.012620866,0.60599887,0
0.028171301,-1.5118992,-3.5421789,0.5982064,-0.14478673,-0.78815353,0
-4.6262827,-1.1752344,-0.59927988,-0.79536545,0.012620866,-0.60599887,0
-4.3537426,0.29334608,0.4859333,-0.5982064,0.14478673,0.78815353,0
-2.4894142,1.3540186,1.6423695,-0.5982064,0.14478673,0.78815353,0
-0.41160405,1.6411504,-2.0878637,0.097687766,0.98938251,-0.10760847,0
-4.7218847,-0.54555702,-0.20110631,-0.79536545,0.012620866,-0.60599887,0
2.9620023,1.5794035,-1.391237,0.097687766,0.98938251,-0.10760847,0
2.3009052,-1.9051747,3.8481131,0.79536545,-0.012620866,0.60599887,0
1.5026473,2.0969703,0.4278208,0.097687766,0.98938251,-0.10760847,0
-1.7095573,-0.1978426,2.7869701,-0.5982064,0.14478673,0.78815353,0
1.8328321,1.668597,-2.4447742,0.097687766,0.98938251,-0.10760847,0
4.7684226,1.1478156,0.29906702,0.79536545,-0.012620866,0.60599887,0
-4.4382696,-0.33710164,0.45191383,-0.5982064,0.14478673,0.78815353,0
2.111233,1.8768169,4.0693612,0.79536545,-0.012620866,0.60599887,0
-2.8015857,-1.8487675,-1.1162844,-0.097687766,-0.98938251,0.10760847,0
1.2189511,-1.7746134,1.9888957,-0.097687766,-0.98938251,0.10760847,0
-5.0811687,0.91710705,-0.20376635,-0.79536545,0.012620866,-0.60599887,0
0.24858844,-2.2052946,-1.8735625,-0.097687766,-0.98938251,0.10760847,0
2.1907189,1.2760483,-2.4706056,0.5982064,-0.14478673,-0.78815353,0
-4.9223452,-0.36240709,0.010033607,-0.5982064,0.14478673,0.78815353,0
-4.0727034,0.52556378,0.74498343,-0.5982064,0.14478673,0.78815353,0
4.5477209,-2.3347077,0.72276568,-0.097687766,-0.98938251,0.10760847,0
2.6597471,-1.8558369,3.1449733,0.79536545,-0.012620866,0.60599887,0
-1.8219087,0.093850017,-4.1165361,-0.79536545,0.012620866,-0.60599887,0
2.6279745,2.1647048,2.4520619,0.097687766,0.98938251,-0.10760847,0
-1.0134284,1.6823934,2.7621455,-0.5982064,0.14478673,0.78815353,0
-4.4230509,-1.3073338,-0.68183851,-0.79536545,0.012620866,-0.60599887,0
-3.5037758,-0.45988625,-2.3239751,-0.79536545,0.012620866,-0.60599887,0
-3.043107,-1.8875611,-0.25557137,-0.097687766,-0.98938251,0.10760847,0
-0.32039785,-2.2028866,-3.538399,-0.097687766,-0.98938251,0.10760847,0
2.556901,-1.9373653,1.4838161,-0.097687766,-0.98938251,0.10760847,0
-3.4001875,0.30931807,1.4155824,-0.5982064,0.14478673,0.78815353,0
0.14790341,2.0011435,-1.0993013,0.097687766,0.98938251,-0.10760847,0
2.3928413,1.9655954,3.2579181,0.79536545,-0.012620866,0.60599887,0
-2.0317042,2.0881445,-1.9434659,0.097687766,0.98938251,-0.10760847,0
-1.647195,2.5085251,1.6017551,0.097687766,0.98938251,-0.10760847,0
-3.9506736,1.9661076,-1.0758078,-0.79536545,0.012620866,-0.60599887,0
0.97230577,-0.55663502,-3.1932859,0.5982064,-0.14478673,-0.78815353,0
4.3998199,-0.12854813,-0.55376005,0.5982064,-0.14478673,-0.78815353,0
2.6628149,1.2082002,3.0953002,0.79536545,-0.012620866,0.60599887,0
-4.6880379,0.22787163,-0.58554888,-0.79536545,0.012620866,-0.60599887,0
-0.86159897,-0.87211931,-4.3419819,0.5982064,-0.14478673,-0.78815353,0
-2.1989038,-1.6201084,0.59782785,-0.097687766,-0.98938251,0.10760847,0
4.3784599,-0.90627021,0.61805797,0.79536545,-0.012620866,0.60599887,0
0.82683253,-1.7840886,3.3769801,-0.097687766,-0.98938251,0.10760847,0
1.6778964,-2.3106623,-2.0325186,0.5982064,-0.14478673,-0.78815353,0
2.5128624,1.4965196,3.015425,0.79536545,-0.012620866,0.60599887,0
1.5413883,-2.1238868,1.404367,-0.097687766,-0.98938251,0.10760847,0
-1.0251684,-0.82360423,3.1046572,-0.5982064,0.14478673,0.78815353,0
0.18463874,-1.4880211,4.0423164,-0.097687766,-0.98938251,0.10760847,0
0.12887406,-2.3148475,-3.1884875,-0.097687766,-0.98938251,0.10760847,0
-2.7126002,-1.8024333,-0.82079077,-0.097687766,-0.98938251,0.10760847,0
1.8440012,-2.0089078,1.4057043,-0.097687766,-0.98938251,0.10760847,0
2.6145813,-0.96719515,2.9195573,0.79536545,-0.012620866,0.60599887,0
-4.0173054,0.42231888,0.78416729,-0.5982064,0.14478673,0.78815353,0
4.7252555,0.47434264,-0.45726919,0.5982064,-0.14478673,-0.78815353,0
-3.8961225,-0.9280014,1.1972736,-0.5982064,0.14478673,0.78815353,0
-4.6321812,-0.65299338,-0.3111093,-0.79536545,0.012620866,-0.60599887,0
-3.7376194,-0.17534029,-1.7997952,-0.79536545,0.012620866,-0.60599887,0
2.7043188,1.6275598,0.53123379,0.097687766,0.98938251,-0.10760847,0
1.302969,1.3030457,-3.1191013,0.5982064,-0.14478673,-0.78815353,0
0.81036472,-1.6568208,3.3670516,-0.097687766,-0.98938251,0.10760847,0
-4.3831749,1.3369659,-1.0170856,-0.79536545,0.012620866,-0.60599887,0
1.0343385,2.1106093,3.1984527,0.097687766,0.98938251,-0.10760847,0
1.2184134,1.7890271,0.6869458,0.097687766,0.98938251,-0.10760847,0
3.4060495,0.77215266,2.3764381,0.79536545,-0.012620866,0.60599887,0
0.31942236,2.4180243,2.1001968,0.097687766,0.98938251,-0.10760847,0
-5.0524235,-0.71659136,-0.26333237,-0.79536545,0.012620866,-0.60599887,0
-1.9462587,1.5800741,-4.3025374,-0.79536545,0.012620866,-0.60599887,0
2.2015634,-0.69233656,-1.9389215,0.5982064,-0.14478673,-0.78815353,0
4.4409146,-1.8713096,1.032413,0.79536545,-0.012620866,0.60599887,0
-4.7600536,1.4222523,-0.13840628,-0.79536545,0.012620866,-0.60599887,0
-0.0094892979,2.0208406,3.2681453,-0.5982064,0.14478673,0.78815353,0
-2.1092649,2.0349452,-3.5312781,0.097687766,0.98938251,-0.10760847,0
1.6299322,2.1926446,4.813941,-0.5982064,0.14478673,0.78815353,0
-0.086755276,1.438472,-4.1171722,0.5982064,-0.14478673,-0.78815353,0
1.9333224,2.1220632,3.2283781,0.097687766,0.98938251,-0.10760847,0
2.6480715,-2.1835444,0.9897964,-0.097687766,-0.98938251,0.10760847,0
3.0312536,0.69374514,-1.5542474,0.5982064,-0.14478673,-0.78815353,0
2.1823161,-1.7047759,-1.9549565,0.5982064,-0.14478673,-0.78815353,0
-0.95174956,-0.51058948,-4.4861336,0.5982064,-0.14478673,-0.78815353,0
0.24632454,0.69550174,3.7311194,-0.5982064,0.14478673,0.78815353,0
2.0111504,1.1166633,-2.72767,0.5982064,-0.14478673,-0.78815353,0
3.1028929,-1.0579532,-1.4813,0.5982064,-0.14478673,-0.78815353,0
3.3274181,-2.2653821,0.78539896,-0.097687766,-0.98938251,0.10760847,0
-1.3610897,-1.9044616,1.1773021,-0.097687766,-0.98938251,0.10760847,0
-3.0723004,-1.6693301,-2.3529694,-0.79536545,0.012620866,-0.60599887,0
0.62234974,2.4055095,2.630784,0.097687766,0.98938251,-0.10760847,0
2.5050583,1.705011,-0.020666122,0.097687766,0.98938251,-0.10760847,0
5.0567369,1.1568416,-0.06051445,0.79536545,-0.012620866,0.60599887,0
-4.421824,-1.0766174,-0.94616699,-0.79536545,0.012620866,-0.60599887,0
3.749156,1.0516623,-1.3273708,0.5982064,-0.14478673,-0.78815353,0
-2.6743245,-1.4555337,1.2364511,-0.097687766,-0.98938251,0.10760847,0
-1.1564392,2.3845954,1.9836637,0.097687766,0.98938251,-0.10760847,0
4.2731781,0.98254061,-0.69937396,0.5982064,-0.14478673,-0.78815353,0
4.3492274,1.7938617,0.81629181,0.79536545,-0.012620866,0.60599887,0
1.5747695,-0.89710486,4.5404692,0.79536545,-0.012620866,0.60599887,0
0.64130771,-2.1465504,-2.1568418,-0.097687766,-0.98938251,0.10760847,0
-0.27638531,1.5689842,-2.9738784,0.097687766,0.98938251,-0.10760847,0
2.3728015,0.99166101,3.7177038,0.79536545,-0.012620866,0.60599887,0
-1.010524,-0.85994321,-4.2803097,0.5982064,-0.14478673,-0.78815353,0
3.8283067,-2.3621273,-0.5532949,0.5982064,-0.14478673,-0.78815353,0
-1.10706,-2.3850989,-4.3199573,0.5982064,-0.14478673,-0.78815353,0
-4.3935413,0.10657401,0.62263846,-0.5982064,0.14478673,0.78815353,0
-4.9278855,-1.532214,-0.25256968,-0.79536545,0.012620866,-0.60599887,0
2.5498724,1.54743,-0.29042625,0.097687766,0.98938251,-0.10760847,0
-1.955255,-0.91628408,-3.9596684,-0.79536545,0.012620866,-0.60599887,0
3.8976879,0.56748259,1.6907082,0.79536545,-0.012620866,0.60599887,0
4.2168574,-1.6200868,1.0157328,0.79536545,-0.012620866,0.60599887,0
-2.1554317,1.0052719,1.857013,-0.5982064,0.14478673,0.78815353,0
-2.4437532,-1.5437146,-3.6323295,-0.79536545,0.012620866,-0.60599887,0
0.59306455,0.068019688,-3.1235635,0.5982064,-0.14478673,-0.78815353,0
-2.1011171,1.8772326,-2.6105545,0.097687766,0.98938251,-0.10760847,0
3.8781147,1.5611882,0.36034226,0.097687766,0.98938251,-0.10760847,0
3.5459173,0.44995895,2.0733929,0.79536545,-0.012620866,0.60599887,0
4.4048042,-1.1797683,-0.37147164,0.5982064,-0.14478673,-0.78815353,0
-2.7336292,-2.1382203,-3.0134625,-0.79536545,0.012620866,-0.60599887,0
4.9949093,1.0616809,-0.16363001,0.5982064,-0.14478673,-0.78815353,0
1.219346,1.8547397,-0.94887286,0.097687766,0.98938251,-0.10760847,0
-2.9894834,-1.1469252,-2.4423752,-0.79536545,0.012620866,-0.60599887,0
-2.3513536,2.387208,-0.56889224,0.097687766,0.98938251,-0.10760847,0
-3.1110084,-1.4307889,-2.5713668,-0.79536545,0.012620866,-0.60599887,0
-2.4060307,1.0699003,1.6681604,-0.5982064,0.14478673,0.78815353,0
2.831264,2.0404053,1.9589927,0.097687766,0.98938251,-0.10760847,0
-3.9374533,2.2750764,-1.2971661,-0.79536545,0.012620866,-0.60599887,0
-2.5390594,-1.7288384,1.3950245,-0.097687766,-0.98938251,0.10760847,0
-4.4245505,1.5412087,-0.46867871,-0.79536545,0.012620866,-0.60599887,0
-0.59229207,1.9877963,2.7602403,-0.5982064,0.14478673,0.78815353,0
-1.6934682,-1.5357838,1.3244388,-0.097687766,-0.98938251,0.10760847,0
1.7791713,-1.6299064,3.8052623,-0.097687766,-0.98938251,0.10760847,0
2.0277956,-0.33522457,4.0220666,0.79536545,-0.012620866,0.60599887,0
2.2886195,1.449935,-2.1940165,0.097687766,0.98938251,-0.10760847,0
-3.5250542,2.5547857,0.055891991,0.097687766,0.98938251,-0.10760847,0
-3.6991048,-1.3583162,-2.0418649,-0.79536545,0.012620866,-0.60599887,0
-2.1498494,1.4189962,-3.5639992,-0.79536545,0.012620866,-0.60599887,0
-1.0209824,-0.87763286,3.0410788,-0.5982064,0.14478673,0.78815353,0
-0.088846684,-1.9184864,2.5380988,-0.097687766,-0.98938251,0.10760847,0
2.6373744,-2.3915727,0.62444758,-0.097687766,-0.98938251,0.10760847,0
2.1654177,-0.29391831,3.7481787,0.79536545,-0.012620866,0.60599887,0
-2.353446,1.0298445,-3.679244,-0.79536545,0.012620866,-0.60599887,0
1.1873322,-0.83282888,-2.6426735,0.5982064,-0.14478673,-0.78815353,0
-1.4525962,0.23443724,2.4136825,-0.5982064,0.14478673,0.78815353,0
3.4826438,1.1282119,2.308476,0.79536545,-0.012620866,0.60599887,0
1.1668522,-1.9650257,0.73080742,-0.097687766,-0.98938251,0.10760847,0
0.78008127,-1.0872045,4.3824062,-0.5982064,0.14478673,0.78815353,0
3.1230466,1.4365667,2.5151544,0.79536545,-0.012620866,0.60599887,0
2.9355164,1.6904477,2.9372187,0.79536545,-0.012620866,0.60599887,0
-1.8017033,1.9287534,-1.5487521,0.097687766,0.98938251,-0.10760847,0
-3.8497376,1.7398415,-1.4437706,-0.79536545,0.012620866,-0.60599887,0
0.60900295,2.349865,2.2167301,0.097687766,0.98938251,-0.10760847,0
2.5925448,-2.1467559,-0.098183274,-0.097687766,-0.98938251,0.10760847,0
1.5203431,1.6594561,-0.9812609,0.097687766,0.98938251,-0.10760847,0
0.50438941,-1.9115841,2.7392473,-0.097687766,-0.98938251,0.10760847,0
-2.9114916,0.67571294,-2.967639,-0.79536545,0.012620866,-0.60599887,0
1.8815739,2.231945,4.1864514,0.097687766,0.98938251,-0.10760847,0
-2.2855704,1.7527175,-3.3153605,0.097687766,0.98938251,-0.10760847,0
-0.56260896,-0.33497801,-4.2553949,0.5982064,-0.14478673,-0.78815353,0
-0.32501554,0.44092,-4.2471957,0.5982064,-0.14478673,-0.78815353,0
1.5478266,2.139945,0.76112366,0.097687766,0.98938251,-0.10760847,0
4.3716602,-2.258831,0.25914311,-0.097687766,-0.98938251,0.10760847,0
-4.7229919,1.0868816,-0.17655563,-0.79536545,0.012620866,-0.60599887,0
3.0371969,-0.73405951,2.2851169,0.79536545,-0.012620866,0.60599887,0
2.1539612,1.8451635,-0.045213699,0.097687766,0.98938251,-0.10760847,0
1.8492517,-1.5289168,4.4597301,0.79536545,-0.012620866,0.60599887,0
-0.77188253,1.2750542,-4.5940666,0.5982064,-0.14478673,-0.78815353,0
3.9331789,-2.5745709,0.1746273,-0.097687766,-0.98938251,0.10760847,0
-4.2838917,-1.4705482,-0.061112642,-0.097687766,-0.98938251,0.10760847,0
-3.939795,-0.83205938,0.89879799,-0.5982064,0.14478673,0.78815353,0
1.1503823,2.1159122,0.2072444,0.097687766,0.98938251,-0.10760847,0
-2.4971449,0.54081595,2.0439489,-0.5982064,0.14478673,0.78815353,0
-1.4183621,-0.10137862,-4.6694326,-0.79536545,0.012620866,-0.60599887,0
-1.8149661,1.8403504,2.0817108,-0.5982064,0.14478673,0.78815353,0
-2.2037134,-0.96603346,2.3040609,-0.5982064,0.14478673,0.78815353,0
3.4073114,0.044158738,2.1369538,0.79536545,-0.012620866,0.60599887,0
3.7439275,-2.0820642,1.4366639,0.79536545,-0.012620866,0.60599887,0
-0.41241336,1.8780453,-3.357131,0.097687766,0.98938251,-0.10760847,0
1.9963171,-0.77025926,-1.9546939,0.5982064,-0.14478673,-0.78815353,0
-0.87943912,-2.1537571,-2.6270752,-0.097687766,-0.98938251,0.10760847,0
-3.6207862,2.4881637,-0.10761523,0.097687766,0.98938251,-0.10760847,0
-0.48392344,-0.90484262,3.8207879,-0.5982064,0.14478673,0.78815353,0
-1.643178,-2.1515238,-4.0961294,-0.097687766,-0.98938251,0.10760847,0
0.80856609,-1.4205471,-2.884408,0.5982064,-0.14478673,-0.78815353,0
-2.636215,-0.25231129,2.0351682,-0.5982064,0.14478673,0.78815353,0
-4.1574683,2.1863205,-0.90413523,-0.79536545,0.012620866,-0.60599887,0
4.3002701,-2.0970364,0.043878555,0.5982064,-0.14478673,-0.78815353,0
4.0303898,1.5444497,-0.26945162,0.097687766,0.98938251,-0.10760847,0
-2.8743114,-1.8391094,-2.7532706,-0.097687766,-0.98938251,0.10760847,0
-0.058696389,2.1246438,0.87339216,0.097687766,0.98938251,-0.10760847,0
1.1776171,1.7604921,-2.3833587,0.097687766,0.98938251,-0.10760847,0
-0.66910934,2.3839664,2.9600387,-0.5982064,0.14478673,0.78815353,0
0.24892598,-1.8254194,1.8091844,-0.097687766,-0.98938251,0.10760847,0
0.23850413,1.9882293,-0.8329308,0.097687766,0.98938251,-0.10760847,0
-1.3543893,1.6160316,-3.4763608,0.097687766,0.98938251,-0.10760847,0
2.6633012,-2.2342458,-1.1862726,0.5982064,-0.14478673,-0.78815353,0
-2.1384468,1.8011545,1.6639954,-0.5982064,0.14478673,0.78815353,0
-1.2462804,1.3712134,-4.9266677,-0.79536545,0.012620866,-0.60599887,0
3.2530541,1.9253904,1.8875992,0.097687766,0.98938251,-0.10760847,0
2.2290139,1.7090404,4.0086923,0.79536545,-0.012620866,0.60599887,0
-5.0801253,-1.1293199,0.29772878,-0.5982064,0.14478673,0.78815353,0
3.3614347,1.7849815,2.2210832,0.79536545,-0.012620866,0.60599887,0
3.7258303,-0.0098014995,1.9498701,0.79536545,-0.012620866,0.60599887,0
-0.51040208,-2.271812,-1.7471092,-0.097687766,-0.98938251,0.10760847,0
-0.623276,0.78619379,3.3758731,-0.5982064,0.14478673,0.78815353,0
-2.204092,0.14045233,-3.6789351,-0.79536545,0.012620866,-0.60599887,0
-4.9396615,-0.40824723,0.34454393,-0.5982064,0.14478673,0.78815353,0
-4.524447,-1.5342351,-0.44614625,-0.097687766,-0.98938251,0.10760847,0
4.3810639,-2.1211472,0.66873693,0.79536545,-0.012620866,0.60599887,0
2.6369038,1.9062421,1.789227,0.097687766,0.98938251,-0.10760847,0
4.0591726,-1.4550674,1.0750422,0.79536545,-0.012620866,0.60599887,0
1.8199614,1.7201257,-2.75825,0.097687766,0.98938251,-0.10760847,0
-0.1522665,-1.0654767,-3.586143,0.5982064,-0.14478673,-0.78815353,0
-4.9193401,-1.428251,0.40138578,-0.5982064,0.14478673,0.78815353,0
-1.925879,-2.0326228,-4.1685729,-0.79536545,0.012620866,-0.60599887,0
-0.15690219,-1.8917923,1.823491,-0.097687766,-0.98938251,0.10760847,0
1.7988594,1.8883483,0.35453594,0.097687766,0.98938251,-0.10760847,0
1.1609924,-0.63747346,4.7620764,-0.5982064,0.14478673,0.78815353,0
-3.7091649,-0.68494588,-1.7807055,-0.79536545,0.012620866,-0.60599887,0
1.2631468,1.5372081,-1.5253611,0.097687766,0.98938251,-0.10760847,0
1.7149148,1.969685,4.2284212,0.79536545,-0.012620866,0.60599887,0
3.4685736,0.340626,1.829334,0.79536545,-0.012620866,0.60599887,0
-0.22093785,2.1638343,-0.40031418,0.097687766,0.98938251,-0.10760847,0
3.9430635,-1.6808523,1.3197534,0.79536545,-0.012620866,0.60599887,0
-3.1776221,0.33977348,-2.3603239,-0.79536545,0.012620866,-0.60599887,0
-1.0374408,2.3967936,1.3611315,0.097687766,0.98938251,-0.10760847,0
0.88926649,0.38318896,4.4649367,-0.5982064,0.14478673,0.78815353,0
-0.29964542,1.7172486,3.1153045,-0.5982064,0.14478673,0.78815353,0
3.6773515,-2.315443,-0.41303396,0.5982064,-0.14478673,-0.78815353,0
2.776062,1.8482374,2.4554665,0.097687766,0.98938251,-0.10760847,0
-4.7231054,-0.60559762,-0.70598078,-0.79536545,0.012620866,-0.60599887,0
-1.6817254,0.31168273,2.4085817,-0.5982064,0.14478673,0.78815353,0
-0.14565492,0.92801619,-4.1988211,0.5982064,-0.14478673,-0.78815353,0
-4.1334834,2.1628199,-1.1173186,-0.79536545,0.012620866,-0.60599887,0
-4.7580056,-1.1710979,-0.5926342,-0.79536545,0.012620866,-0.60599887,0
-1.5154431,-2.0679705,-4.4195137,0.5982064,-0.14478673,-0.78815353,0
3.1101089,-1.6622576,2.2772112,0.79536545,-0.012620866,0.60599887,0
-1.1885204,-0.63881457,-4.4010553,0.5982064,-0.14478673,-0.78815353,0
-3.3130589,1.8635596,-2.1419222,-0.79536545,0.012620866,-0.60599887,0
3.210669,-0.028617918,2.1938312,0.79536545,-0.012620866,0.60599887,0
-3.0658252,-0.64105511,1.6243496,-0.5982064,0.14478673,0.78815353,0
-4.2163239,1.446859,-0.94686127,-0.79536545,0.012620866,-0.60599887,0
-4.9483747,-1.194895,0.028015137,-0.79536545,0.012620866,-0.60599887,0
0.71641755,0.13695991,-3.2620564,0.5982064,-0.14478673,-0.78815353,0
-3.9444656,-1.5727674,-1.3171856,-0.79536545,0.012620866,-0.60599887,0
3.2531664,1.3679152,2.6032944,0.79536545,-0.012620866,0.60599887,0
3.2812886,-1.530885,-1.1100107,0.5982064,-0.14478673,-0.78815353,0
4.8759713,0.55772483,-0.44359469,0.5982064,-0.14478673,-0.78815353,0
2.1787393,-0.10890639,3.9582376,0.79536545,-0.012620866,0.60599887,0
0.013509899,1.9083595,0.098813757,0.097687766,0.98938251,-0.10760847,0
-0.94767833,-2.2120266,-4.1661873,0.5982064,-0.14478673,-0.78815353,0
1.719707,0.67328656,-2.3718352,0.5982064,-0.14478673,-0.78815353,0
2.3130498,-2.4110038,-0.29721487,-0.097687766,-0.98938251,0.10760847,0
0.10696554,2.1533546,2.9744542,0.097687766,0.98938251,-0.10760847,0
2.4194677,0.86366642,3.6826067,0.79536545,-0.012620866,0.60599887,0
4.7820239,1.2792575,0.14611006,0.79536545,-0.012620866,0.60599887,0
2.159677,2.3073716,3.5353899,0.097687766,0.98938251,-0.10760847,0
-4.1134195,-0.47805065,-1.2242622,-0.79536545,0.012620866,-0.60599887,0
-2.1499341,-0.2999717,2.0036857,-0.5982064,0.14478673,0.78815353,0
0.24486899,-0.71595252,-3.3116384,0.5982064,-0.14478673,-0.78815353,0
1.3968775,-1.5727363,3.8579676,-0.097687766,-0.98938251,0.10760847,0
3.7657058,-1.5123423,1.3052948,0.79536545,-0.012620866,0.60599887,0
1.0497988,1.9761734,2.0157537,0.097687766,0.98938251,-0.10760847,0
-2.789402,0.84149969,-3.1416764,-0.79536545,0.012620866,-0.60599887,0
2.5408034,0.30400169,3.197098,0.79536545,-0.012620866,0.60599887,0
-0.77738857,1.9046016,-3.0677941,0.097687766,0.98938251,-0.10760847,0
0.94565177,0.27529728,-3.1920738,0.5982064,-0.14478673,-0.78815353,0
-0.6777277,-0.37181023,-4.4211473,0.5982064,-0.14478673,-0.78815353,0
-3.3049188,0.62971961,-2.5266438,-0.79536545,0.012620866,-0.60599887,0
1.5473171,-2.1508439,0.7052331,-0.097687766,-0.98938251,0.10760847,0
1.090066,-1.6410841,-2.6212819,0.5982064,-0.14478673,-0.78815353,0
4.373714,-2.4701738,0.076577663,-0.097687766,-0.98938251,0.10760847,0
-4.232811,1.8819469,-0.87478328,-0.79536545,0.012620866,-0.60599887,0
2.9465322,-0.92014802,3.0124283,0.79536545,-0.012620866,0.60599887,0
-0.3476125,-2.1645832,-1.1428878,-0.097687766,-0.98938251,0.10760847,0
0.79883957,1.4497008,4.3356123,-0.5982064,0.14478673,0.78815353,0
0.030738592,-1.2639103,3.8538971,-0.5982064,0.14478673,0.78815353,0
-4.436759,1.0959253,0.22471166,-0.5982064,0.14478673,0.78815353,0
2.9949775,1.5839878,-1.3046877,0.097687766,0.98938251,-0.10760847,0
-1.3712888,1.220019,-4.9106297,-0.79536545,0.012620866,-0.60599887,0
-3.5879369,-1.7584158,-1.0582476,-0.097687766,-0.98938251,0.10760847,0
-1.2985396,1.3672729,2.7871022,-0.5982064,0.14478673,0.78815353,0
0.60085952,1.9461489,-1.290422,0.097687766,0.98938251,-0.10760847,0
3.879627,1.3682865,-1.3312492,0.5982064,-0.14478673,-0.78815353,0
0.60272527,0.47890961,-3.3997045,0.5982064,-0.14478673,-0.78815353,0
-3.449384,-1.6663198,1.0246464,-0.097687766,-0.98938251,0.10760847,0
1.4615792,-0.95896578,-2.289747,0.5982064,-0.14478673,-0.78815353,0
2.5495839,-0.42822355,-1.9591619,0.5982064,-0.14478673,-0.78815353,0
-2.5514185,-1.1252215,2.1693423,-0.5982064,0.14478673,0.78815353,0
-1.1985903,-1.7241228,1.9398283,-0.097687766,-0.98938251,0.10760847,0
4.0287848,-1.4384154,-0.71967363,0.5982064,-0.14478673,-0.78815353,0
-3.4418993,0.19151156,-1.8716578,-0.79536545,0.012620866,-0.60599887,0
3.7715435,-1.0570877,1.332556,0.79536545,-0.012620866,0.60599887,0
-3.8083005,-0.31520569,0.72300029,-0.5982064,0.14478673,0.78815353,0
-1.4548185,-1.5305905,-4.6227565,-0.79536545,0.012620866,-0.60599887,0
4.3981185,1.4269718,-0.13503528,0.097687766,0.98938251,-0.10760847,0
0.23196864,2.2693229,3.3761957,0.097687766,0.98938251,-0.10760847,0
2.6365194,0.73942685,-1.7569799,0.5982064,-0.14478673,-0.78815353,0
-0.78642106,-1.8214355,0.58818644,-0.097687766,-0.98938251,0.10760847,0
0.26069975,-1.9456221,0.11697038,-0.097687766,-0.98938251,0.10760847,0
1.5503614,1.8331227,4.3114538,0.79536545,-0.012620866,0.60599887,0
-2.7847228,-2.1967285,-3.1389284,-0.79536545,0.012620866,-0.60599887,0
-0.63223028,0.16123974,-4.4400463,0.5982064,-0.14478673,-0.78815353,0
3.4942017,-0.75188047,-0.84496784,0.5982064,-0.14478673,-0.78815353,0
1.4828272,1.9128946,4.7474804,0.79536545,-0.012620866,0.60599887,0
1.6692092,-2.3987157,-1.4977268,-0.097687766,-0.98938251,0.10760847,0
1.2954733,-1.8658168,4.0754924,-0.097687766,-0.98938251,0.10760847,0
-3.8490958,1.1307158,-1.728931,-0.79536545,0.012620866,-0.60599887,0
2.4307628,-1.2477603,-1.9855978,0.5982064,-0.14478673,-0.78815353,0
-2.4881864,-1.9836086,-1.4858458,-0.097687766,-0.98938251,0.10760847,0
4.3062749,1.6211129,-0.37490034,0.097687766,0.98938251,-0.10760847,0
-2.6118956,-1.3876334,-3.3729405,-0.79536545,0.012620866,-0.60599887,0
1.2403815,-1.4437881,4.6044073,-0.097687766,-0.98938251,0.10760847,0
-0.33193636,1.6349034,-2.7647672,0.097687766,0.98938251,-0.10760847,0
4.6114054,0.26327503,-0.19835401,0.5982064,-0.14478673,-0.78815353,0
-2.0826755,-1.8022316,1.1212564,-0.097687766,-0.98938251,0.10760847,0
0.02295059,1.7628924,-1.6603948,0.097687766,0.98938251,-0.10760847,0
-1.0627351,-2.2311997,-1.5040647,-0.097687766,-0.98938251,0.10760847,0
-1.5252292,-0.31375077,-4.473299,-0.79536545,0.012620866,-0.60599887,0
0.55548167,-1.3441095,-3.0215468,0.5982064,-0.14478673,-0.78815353,0
-3.435277,2.1623833,-1.0952673,0.097687766,0.98938251,-0.10760847,0
2.3350661,-1.9971259,-1.4571967,0.5982064,-0.14478673,-0.78815353,0
3.6848922,-1.0180168,1.6902633,0.79536545,-0.012620866,0.60599887,0
2.8231142,0.12744673,2.6386085,0.79536545,-0.012620866,0.60599887,0
-1.4727061,-1.8282394,0.6977343,-0.097687766,-0.98938251,0.10760847,0
-3.2762616,-0.66141641,-2.2648544,-0.79536545,0.012620866,-0.60599887,0
3.3332415,0.77612907,2.4591384,0.79536545,-0.012620866,0.60599887,0
-0.38473034,0.28277642,-3.9590342,0.5982064,-0.14478673,-0.78815353,0
-0.29690742,-1.8821269,-3.5418289,0.5982064,-0.14478673,-0.78815353,0
1.8919642,-1.8263108,1.9229662,-0.097687766,-0.98938251,0.10760847,0
0.16028666,0.69575757,3.5911739,-0.5982064,0.14478673,0.78815353,0
0.15277624,-0.95534682,-3.57622,0.5982064,-0.14478673,-0.78815353,0
-1.3087914,2.1349652,-0.26721382,0.097687766,0.98938251,-0.10760847,0
0.44766462,2.273052,2.2963357,0.097687766,0.98938251,-0.10760847,0
-0.12363935,0.53269863,3.4746475,-0.5982064,0.14478673,0.78815353,0
2.7488279,-0.80910945,3.0473304,0.79536545,-0.012620866,0.60599887,0
-2.8919129,-1.9525162,-2.9282799,-0.097687766,-0.98938251,0.10760847,0
3.5049405,1.2785527,-1.5094585,0.5982064,-0.14478673,-0.78815353,0
-2.6713586,-1.6288582,-2.9832575,-0.79536545,0.012620866,-0.60599887,0
-3.6823199,-1.702306,0.85428596,-0.097687766,-0.98938251,0.10760847,0
2.7980704,0.36712587,-1.7682185,0.5982064,-0.14478673,-0.78815353,0
-0.049290419,2.0826883,3.176589,-0.5982064,0.14478673,0.78815353,0
-2.3107684,-1.100069,2.4663072,-0.5982064,0.14478673,0.78815353,0
-1.6305469,-2.0781441,-3.1104662,-0.097687766,-0.98938251,0.10760847,0
3.0296309,0.22979443,2.7967596,0.79536545,-0.012620866,0.60599887,0
0.1780681,1.9676526,-1.3869765,0.097687766,0.98938251,-0.10760847,0
-2.1246662,2.4536986,0.40051073,0.097687766,0.98938251,-0.10760847,0
2.2873609,-2.123425,-1.4526424,0.5982064,-0.14478673,-0.78815353,0
-2.5327663,-1.232641,-3.6148515,-0.79536545,0.012620866,-0.60599887,0
-3.1131406,0.63093179,-2.3476679,-0.79536545,0.012620866,-0.60599887,0
4.7599111,-2.0240488,0.53294611,0.79536545,-0.012620866,0.60599887,0
2.8632662,-1.4124161,-1.1674277,0.5982064,-0.14478673,-0.78815353,0
-3.9363179,1.3671085,-1.2182822,-0.79536545,0.012620866,-0.60599887,0
-4.8745551,0.21710844,-0.02631402,-0.5982064,0.14478673,0.78815353,0
-3.6948609,-1.5784425,-0.4283793,-0.097687766,-0.98938251,0.10760847,0
2.9863105,1.9530456,3.003861,0.79536545,-0.012620866,0.60599887,0
-0.08378005,-0.64536101,-3.8679509,0.5982064,-0.14478673,-0.78815353,0
-2.8020158,-1.5409133,0.48518813,-0.097687766,-0.98938251,0.10760847,0
-1.6287746,2.1754451,2.1453586,-0.5982064,0.14478673,0.78815353,0
1.8868754,0.057244241,-2.6018672,0.5982064,-0.14478673,-0.78815353,0
3.3929496,-2.395227,1.4568048,-0.097687766,-0.98938251,0.10760847,0
-3.4343014,-0.72131139,-2.0298417,-0.79536545,0.012620866,-0.60599887,0
2.0546679,-0.17225647,3.7604926,0.79536545,-0.012620866,0.60599887,0
0.39985943,0.92990005,-3.7759111,0.5982064,-0.14478673,-0.78815353,0
-4.0292006,-0.37505472,0.8450315,-0.5982064,0.14478673,0.78815353,0
-5.2767434,-0.33304483,0.014832973,-0.5982064,0.14478673,0.78815353,0
-1.4338486,-1.6548433,3.2029622,-0.5982064,0.14478673,0.78815353,0
0.046433926,-0.32391229,-3.5139582,0.5982064,-0.14478673,-0.78815353,0
1.6999477,1.6293499,-1.8180935,0.097687766,0.98938251,-0.10760847,0
-2.4875405,-2.1526098,-1.7705941,-0.097687766,-0.98938251,0.10760847,0
0.093108892,-1.5508957,3.6369925,-0.097687766,-0.98938251,0.10760847,0
-2.2408426,1.7270238,-3.4956112,0.097687766,0.98938251,-0.10760847,0
2.9310784,0.43541372,3.0374122,0.79536545,-0.012620866,0.60599887,0
-0.95204091,0.27579391,-4.6690888,0.5982064,-0.14478673,-0.78815353,0
4.5713234,1.4500557,-0.006061554,0.097687766,0.98938251,-0.10760847,0
0.79454994,-1.2418107,4.6752253,-0.5982064,0.14478673,0.78815353,0
1.9687506,2.0446656,3.0751257,0.097687766,0.98938251,-0.10760847,0
3.2182052,-1.9822901,-1.1128763,0.5982064,-0.14478673,-0.78815353,0
1.084949,-1.2035853,4.7214489,-0.5982064,0.14478673,0.78815353,0
-0.045934677,0.058584034,-3.7469969,0.5982064,-0.14478673,-0.78815353,0
-0.50550193,1.964125,0.18245567,0.097687766,0.98938251,-0.10760847,0
-3.6765618,-1.7558132,-0.50829673,-0.097687766,-0.98938251,0.10760847,0
1.6092615,1.5345099,-2.4769948,0.097687766,0.98938251,-0.10760847,0
1.9228704,-1.8649797,2.0963321,-0.097687766,-0.98938251,0.10760847,0
3.2551396,1.3570703,2.5040364,0.79536545,-0.012620866,0.60599887,0
-2.899755,-1.5147052,1.6064327,-0.097687766,-0.98938251,0.10760847,0
0.80444145,1.0202653,-3.6097729,0.5982064,-0.14478673,-0.78815353,0
3.1335044,1.0601063,2.2620983,0.79536545,-0.012620866,0.60599887,0
-4.772481,1.0588137,-0.33798623,-0.79536545,0.012620866,-0.60599887,0
2.0887067,2.2058811,3.5712636,0.097687766,0.98938251,-0.10760847,0
-0.17112827,-0.012718976,-3.8448274,0.5982064,-0.14478673,-0.78815353,0
2.7647202,1.5451871,-0.79594845,0.097687766,0.98938251,-0.10760847,0
-3.5308752,-0.57824081,-1.7077682,-0.79536545,0.012620866,-0.60599887,0
1.3821008,1.8423231,4.6225224,0.79536545,-0.012620866,0.60599887,0
4.5837994,1.7577096,0.62436962,0.79536545,-0.012620866,0.60599887,0
-0.76047707,-1.6664474,-4.0272808,0.5982064,-0.14478673,-0.78815353,0
1.7688054,-2.3678362,-2.2397618,0.5982064,-0.14478673,-0.78815353,0
2.548244,-0.65797985,3.379365,0.79536545,-0.012620866,0.60599887,0
0.71176481,2.1101091,1.581339,0.097687766,0.98938251,-0.10760847,0
-3.9273515,-0.30156365,-1.6891074,-0.79536545,0.012620866,-0.60599887,0
-1.0450623,-1.9446089,-1.7422101,-0.097687766,-0.98938251,0.10760847,0
-1.8483876,-2.1588535,-2.4846637,-0.097687766,-0.98938251,0.10760847,0
-0.4912889,-2.1085796,-1.4161589,-0.097687766,-0.98938251,0.10760847,0
-3.8443804,1.0324939,-1.7621446,-0.79536545,0.012620866,-0.60599887,0
0.73875308,2.2112076,3.6376181,0.097687766,0.98938251,-0.10760847,0
1.8308616,-1.5258319,4.447166,0.79536545,-0.012620866,0.60599887,0
1.5567214,-0.73121107,4.6056414,0.79536545,-0.012620866,0.60599887,0
0.59984708,-1.2980689,4.3564386,-0.5982064,0.14478673,0.78815353,0
-4.1792397,-0.94153762,0.99483538,-0.5982064,0.14478673,0.78815353,0
0.33741522,0.42185515,4.1665063,-0.5982064,0.14478673,0.78815353,0
1.3699486,2.4315205,3.5112834,0.097687766,0.98938251,-0.10760847,0
-1.6432931,-0.054520488,-4.6199069,-0.79536545,0.012620866,-0.60599887,0
-3.3619187,-0.80983984,1.2682581,-0.5982064,0.14478673,0.78815353,0
-3.7186308,-1.0549098,-1.7594595,-0.79536545,0.012620866,-0.60599887,0
2.9198606,-2.0599174,2.4922187,0.79536545,-0.012620866,0.60599887,0
-4.7103238,-1.473177,-0.16687346,-0.79536545,0.012620866,-0.60599887,0
4.7197657,1.6541004,-0.14849091,0.097687766,0.98938251,-0.10760847,0
4.7134647,-0.61880589,0.64465952,0.79536545,-0.012620866,0.60599887,0
5.0266447,-0.48173219,0.27321434,0.79536545,-0.012620866,0.60599887,0
-3.3734837,-0.43275857,-2.0148838,-0.79536545,0.012620866,-0.60599887,0
3.0708163,0.83628261,2.3824058,0.79536545,-0.012620866,0.60599887,0
0.016582966,1.6444519,-3.8725264,0.5982064,-0.14478673,-0.78815353,0
-0.55248833,-0.33468571,-4.0801401,0.5982064,-0.14478673,-0.78815353,0
-4.5776477,0.36809242,-0.67034006,-0.79536545,0.012620866,-0.60599887,0
-1.3849704,1.4896698,-4.4508724,-0.79536545,0.012620866,-0.60599887,0
-1.6036795,2.2390065,2.3073261,-0.5982064,0.14478673,0.78815353,0
-2.2186043,-1.3114083,2.1979656,-0.5982064,0.14478673,0.78815353,0
-1.9602087,0.2635994,-4.1880507,-0.79536545,0.012620866,-0.60599887,0
-2.8713887,-1.7421612,-2.9812021,-0.79536545,0.012620866,-0.60599887,0
0.096750021,-2.1134696,-1.1616313,-0.097687766,-0.98938251,0.10760847,0
2.5361533,-0.30849898,3.2310426,0.79536545,-0.012620866,0.60599887,0
1.6155838,-0.86456048,-2.6615961,0.5982064,-0.14478673,-0.78815353,0
2.2093964,0.34935731,3.6509626,0.79536545,-0.012620866,0.60599887,0
-4.517365,1.3620205,-0.88396549,-0.79536545,0.012620866,-0.60599887,0
-2.5854733,-1.5296195,1.9143732,-0.097687766,-0.98938251,0.10760847,0
-0.71945548,-1.0858631,3.5274451,-0.5982064,0.14478673,0.78815353,0
-1.4716023,1.7186729,2.3966994,-0.5982064,0.14478673,0.78815353,0
0.86659956,2.2237585,4.0813456,-0.5982064,0.14478673,0.78815353,0
0.26207662,1.0452442,3.9353869,-0.5982064,0.14478673,0.78815353,0
-4.8281851,-0.95818436,0.21137881,-0.5982064,0.14478673,0.78815353,0
3.307188,1.7320614,-0.7119385,0.097687766,0.98938251,-0.10760847,0
0.21578908,-1.7122848,3.3741844,-0.097687766,-0.98938251,0.10760847,0
0.75768447,2.0506542,-0.6302914,0.097687766,0.98938251,-0.10760847,0
1.0034795,2.3363056,3.3168042,0.097687766,0.98938251,-0.10760847,0
-3.1502101,0.75907803,-2.4063375,-0.79536545,0.012620866,-0.60599887,0
2.8405209,1.5037065,-0.83760989,0.097687766,0.98938251,-0.10760847,0
3.7632895,-0.89671558,1.8236346,0.79536545,-0.012620866,0.60599887,0
-0.48373222,1.3600906,-4.2345657,0.5982064,-0.14478673,-0.78815353,0
3.9431379,1.8058057,1.5285625,0.79536545,-0.012620866,0.60599887,0
-2.9098752,-1.7533805,-2.550797,-0.79536545,0.012620866,-0.60599887,0
3.6070809,-2.2280447,1.5917759,0.79536545,-0.012620866,0.60599887,0
1.0721829,1.9395394,-1.5859935,0.097687766,0.98938251,-0.10760847,0
3.7622712,-0.4592219,1.4030843,0.79536545,-0.012620866,0.60599887,0
1.3318434,-1.4787023,-2.6589553,0.5982064,-0.14478673,-0.78815353,0
2.6788101,1.1064644,3.3000607,0.79536545,-0.012620866,0.60599887,0
-4.5053821,0.50289983,0.47751451,-0.5982064,0.14478673,0.78815353,0
0.051069856,2.0106041,1.6912329,0.097687766,0.98938251,-0.10760847,0
3.9470327,-2.4888682,0.18343544,-0.097687766,-0.98938251,0.10760847,0
-3.1761405,-0.28929758,-2.3843269,-0.79536545,0.012620866,-0.60599887,0
-1.8048563,2.0748739,-1.2647486,0.097687766,0.98938251,-0.10760847,0
-2.9105284,-0.16732219,-2.8787365,-0.79536545,0.012620866,-0.60599887,0
-2.6539712,-1.5311013,-3.3782001,-0.79536545,0.012620866,-0.60599887,0
-4.3554101,-0.86856925,-0.91479826,-0.79536545,0.012620866,-0.60599887,0
-4.5874195,2.0246992,-0.28986883,-0.5982064,0.14478673,0.78815353,0
3.5609627,-0.71076852,2.1674786,0.79536545,-0.012620866,0.60599887,0
-2.7248635,-1.0894389,-3.0465412,-0.79536545,0.012620866,-0.60599887,0
0.71169508,-1.7740746,2.3706245,-0.097687766,-0.98938251,0.10760847,0
-0.046221852,1.8467202,-2.558156,0.097687766,0.98938251,-0.10760847,0
0.50053728,-2.1173816,-0.055997163,-0.097687766,-0.98938251,0.10760847,0
0.84916782,-1.4171927,4.877243,-0.5982064,0.14478673,0.78815353,0
-4.1381054,1.2629554,-1.3971353,-0.79536545,0.012620866,-0.60599887,0
0.2243762,1.7091225,3.5262151,-0.5982064,0.14478673,0.78815353,0
3.0372977,0.31153345,-1.7987893,0.5982064,-0.14478673,-0.78815353,0
3.6579664,-0.22592874,-1.1545556,0.5982064,-0.14478673,-0.78815353,0
-0.22606349,0.69606006,-4.0032167,0.5982064,-0.14478673,-0.78815353,0
2.6546903,1.719682,0.44015265,0.097687766,0.98938251,-0.10760847,0
2.2080507,1.1325278,3.6271222,0.79536545,-0.012620866,0.60599887,0
2.2126493,-1.6664672,3.9219084,0.79536545,-0.012620866,0.60599887,0
-1.8015361,-0.045579255,2.2675233,-0.5982064,0.14478673,0.78815353,0
-2.5344505,0.22019368,-3.5140738,-0.79536545,0.012620866,-0.60599887,0
0.79730523,-2.4734287,-1.7997082,-0.097687766,-0.98938251,0.10760847,0
-2.1622996,-0.9373163,2.5480704,-0.5982064,0.14478673,0.78815353,0
-0.056277514,-1.7258987,-3.645592,0.5982064,-0.14478673,-0.78815353,0
-1.1916422,-1.8990738,-0.49189699,-0.097687766,-0.98938251,0.10760847,0
-3.8962147,2.4077954,0.63982093,-0.5982064,0.14478673,0.78815353,0
-3.2497952,-1.1571089,1.5648642,-0.5982064,0.14478673,0.78815353,0
-2.0059741,1.2124841,2.1752205,-0.5982064,0.14478673,0.78815353,0
-4.3496895,0.64677083,-0.71080828,-0.79536545,0.012620866,-0.60599887,0
3.8716884,-1.0075623,1.7596607,0.79536545,-0.012620866,0.60599887,0
