5.786231,1.1513748,-0.64193153,0.43648696,0.87098795,-0.22551996,0
-0.98787761,-0.56599319,2.4811707,0.21673578,0.14148599,0.96592307,0
-4.2103672,-1.1212566,-0.89489651,-0.21673578,-0.14148599,-0.96592307,0
-2.7025218,5.1270237,0.54634881,-0.87321526,0.47049096,0.12701744,0
3.2808065,-3.5019705,-2.4031389,0.87321526,-0.47049096,-0.12701744,0
-2.8222029,-2.1014237,-0.92489266,-0.21673578,-0.14148599,-0.96592307,0
-3.5035303,3.7025685,2.1969538,-0.87321526,0.47049096,0.12701744,0
5.2809381,-0.89753675,-0.60669947,0.87321526,-0.47049096,-0.12701744,0
0.62665272,-4.0091953,1.5023196,-0.43648696,-0.87098795,0.22551996,0
-1.6572766,-2.6727812,2.4332926,-0.43648696,-0.87098795,0.22551996,0
-0.32688189,3.7003312,-2.1227005,0.43648696,0.87098795,-0.22551996,0
6.095644,0.7868557,0.537395,0.21673578,0.14148599,0.96592307,0
-4.6358008,2.8352757,-1.524538,-0.87321526,0.47049096,0.12701744,0
-0.60607719,3.9845364,-1.7050705,0.43648696,0.87098795,-0.22551996,0
5.8379769,0.68349075,-1.2609787,0.43648696,0.87098795,-0.22551996,0
5.6371255,0.54740179,-2.8606019,0.87321526,-0.47049096,-0.12701744,0
2.0321536,3.121088,0.920784,0.43648696,0.87098795,-0.22551996,0
-5.1923499,0.94211054,-0.15036869,-0.87321526,0.47049096,0.12701744,0
-1.9435177,-2.6785235,0.9508208,-0.43648696,-0.87098795,0.22551996,0
-5.3019886,-0.8422389,-0.71768951,-0.21673578,-0.14148599,-0.96592307,0
5.5237322,0.39717829,-2.5265121,0.87321526,-0.47049096,-0.12701744,0
-0.95940542,-1.7803773,2.5963867,0.21673578,0.14148599,0.96592307,0
-0.3276217,3.4409161,1.7146159,0.21673578,0.14148599,0.96592307,0
5.4997239,-0.34017348,-0.32439756,0.87321526,-0.47049096,-0.12701744,0
3.3503144,-4.684576,-0.54534245,0.87321526,-0.47049096,-0.12701744,0
-5.3528218,0.63213778,-0.93740749,-0.87321526,0.47049096,0.12701744,0
-2.900423,5.377717,-0.4499743,0.43648696,0.87098795,-0.22551996,0
5.4745889,-0.53251457,0.054592133,0.87321526,-0.47049096,-0.12701744,0
-4.8999114,0.76723838,1.4323549,-0.87321526,0.47049096,0.12701744,0
5.7856045,-0.21502852,0.15754747,0.87321526,-0.47049096,-0.12701744,0
-2.2163968,4.8061295,-2.0476508,0.43648696,0.87098795,-0.22551996,0
0.046679616,2.5015786,1.7819571,0.21673578,0.14148599,0.96592307,0
-4.207304,-1.9606395,-0.1035862,-0.43648696,-0.87098795,0.22551996,0
-5.4460034,0.4547627,0.75666666,-0.87321526,0.47049096,0.12701744,0
4.401484,-2.3747621,0.88958597,0.87321526,-0.47049096,-0.12701744,0
-4.607008,1.1599112,-1.1457748,-0.21673578,-0.14148599,-0.96592307,0
-1.8610871,-2.5910454,1.9472461,-0.43648696,-0.87098795,0.22551996,0
1.7984288,3.0517383,0.31097341,0.43648696,0.87098795,-0.22551996,0
-1.4193503,1.4239676,-1.7709286,-0.21673578,-0.14148599,-0.96592307,0
4.7344246,1.5182419,-0.86805916,0.43648696,0.87098795,-0.22551996,0
-5.9267964,-0.14273167,0.58032656,-0.87321526,0.47049096,0.12701744,0
-2.713726,1.6100552,-1.5031073,-0.21673578,-0.14148599,-0.96592307,0
0.16472673,3.053251,-2.4162502,-0.21673578,-0.14148599,-0.96592307,0
-3.5850501,3.8805721,-0.51717973,-0.87321526,0.47049096,0.12701744,0
-1.4034333,4.7799797,-0.61237407,0.43648696,0.87098795,-0.22551996,0
-4.9136586,0.36131746,2.913162,0.21673578,0.14148599,0.96592307,0
-4.7472143,2.4438422,-1.3899078,-0.21673578,-0.14148599,-0.96592307,0
-5.5653009,-0.4829191,2.2605815,-0.43648696,-0.87098795,0.22551996,0
5.6838017,0.3989892,0.70534992,0.21673578,0.14148599,0.96592307,0
5.0200863,-1.2755878,-1.1244011,0.87321526,-0.47049096,-0.12701744,0
5.4016428,-0.12077475,-3.1523461,0.87321526,-0.47049096,-0.12701744,0
-1.8482854,-3.003273,-0.53789175,-0.43648696,-0.87098795,0.22551996,0
-0.82289886,0.98675025,2.1610715,0.21673578,0.14148599,0.96592307,0
0.69021702,-2.6188235,-2.0297627,-0.21673578,-0.14148599,-0.96592307,0
2.8062375,-5.2306528,0.44314408,-0.43648696,-0.87098795,0.22551996,0
2.0881414,2.7991226,-0.53352726,0.43648696,0.87098795,-0.22551996,0
-2.7132654,5.571341,0.36395144,-0.87321526,0.47049096,0.12701744,0
2.4614482,-5.5305285,-1.3701322,0.87321526,-0.47049096,-0.12701744,0
-0.29419136,-3.3780093,1.3104359,-0.43648696,-0.87098795,0.22551996,0
2.3427019,-5.4477715,-0.29084086,-0.43648696,-0.87098795,0.22551996,0
0.16614842,2.8105664,1.7293316,0.21673578,0.14148599,0.96592307,0
-0.6262809,1.4304649,2.0169561,0.21673578,0.14148599,0.96592307,0
0.42820191,3.6883121,-0.26833597,0.43648696,0.87098795,-0.22551996,0
3.4919908,0.74327612,1.1291325,0.21673578,0.14148599,0.96592307,0
1.9339118,-5.0527067,-0.86097026,-0.43648696,-0.87098795,0.22551996,0
4.8779411,-1.6160853,0.75839758,0.87321526,-0.47049096,-0.12701744,0
4.45257,-0.58990097,1.0722246,0.21673578,0.14148599,0.96592307,0
4.1089711,2.0121713,0.11546803,0.43648696,0.87098795,-0.22551996,0
-0.61512661,4.5299158,0.32127386,0.43648696,0.87098795,-0.22551996,0
0.36058807,-0.43903697,-2.0251551,-0.21673578,-0.14148599,-0.96592307,0
-5.0839596,-0.77599263,3.0636725,-0.43648696,-0.87098795,0.22551996,0
2.1266513,2.5432053,-1.5853155,0.43648696,0.87098795,-0.22551996,0
1.0064254,3.2198856,-1.3817922,0.43648696,0.87098795,-0.22551996,0
3.7878003,-4.0377636,0.24902272,0.87321526,-0.47049096,-0.12701744,0
-2.232738,-2.878552,-1.3539691,-0.21673578,-0.14148599,-0.96592307,0
1.8893377,-3.8951864,-1.9235967,-0.21673578,-0.14148599,-0.96592307,0
1.1064739,-3.9648843,1.9772714,-0.43648696,-0.87098795,0.22551996,0
-4.9386644,1.9664009,-0.95723629,-0.87321526,0.47049096,0.12701744,0
-1.8289782,-1.8680079,-1.3715272,-0.21673578,-0.14148599,-0.96592307,0
4.6041937,-1.9052547,-0.58965302,0.87321526,-0.47049096,-0.12701744,0
3.2429125,2.3843536,-0.78514004,0.43648696,0.87098795,-0.22551996,0
-0.6158933,2.5836546,1.8650268,0.21673578,0.14148599,0.96592307,0
-2.103653,-0.20501041,-1.7377918,-0.21673578,-0.14148599,-0.96592307,0
3.9592366,-2.6768694,-0.96457267,0.87321526,-0.47049096,-0.12701744,0
0.6249423,-3.7054324,2.2183509,-0.43648696,-0.87098795,0.22551996,0
-1.6345053,-0.63236475,-1.5181005,-0.21673578,-0.14148599,-0.96592307,0
3.4167354,-3.7282748,-0.81244969,0.87321526,-0.47049096,-0.12701744,0
3.2098,-4.6113653,-0.019456387,0.87321526,-0.47049096,-0.12701744,0
3.2754109,-2.0191238,1.8078959,0.21673578,0.14148599,0.96592307,0
-3.5828841,-1.7281969,2.148618,-0.43648696,-0.87098795,0.22551996,0
-3.5578287,4.7434731,-1.6697426,-0.87321526,0.47049096,0.12701744,0
-0.18612313,0.82655811,-2.3306336,-0.21673578,-0.14148599,-0.96592307,0
-0.21115828,-3.8670144,-1.4881575,-0.21673578,-0.14148599,-0.96592307,0
-1.0730643,4.3839765,-0.35368669,0.43648696,0.87098795,-0.22551996,0
-1.858119,-3.0435493,-0.22583842,-0.43648696,-0.87098795,0.22551996,0
-0.81138444,4.2052608,-0.29523653,0.43648696,0.87098795,-0.22551996,0
2.0096884,2.5348368,-2.4513357,0.43648696,0.87098795,-0.22551996,0
2.0002716,1.4202666,1.2891649,0.21673578,0.14148599,0.96592307,0
3.4670501,-4.1794639,-1.0565054,0.87321526,-0.47049096,-0.12701744,0
3.0626698,-5.0314956,-0.5515573,0.87321526,-0.47049096,-0.12701744,0
-5.5051093,-0.20245647,2.3027053,-0.87321526,0.47049096,0.12701744,0
-2.3420014,-2.557143,0.40466642,-0.43648696,-0.87098795,0.22551996,0
1.2027942,2.3590302,1.28514,0.21673578,0.14148599,0.96592307,0
-3.60969,4.2911949,-0.14440966,-0.87321526,0.47049096,0.12701744,0
4.0831451,-3.7430468,1.1100805,0.87321526,-0.47049096,-0.12701744,0
4.089263,-3.2344639,1.4278967,0.87321526,-0.47049096,-0.12701744,0
5.3251777,1.362216,0.41169977,0.43648696,0.87098795,-0.22551996,0
-0.87581182,4.5136061,0.24892294,0.43648696,0.87098795,-0.22551996,0
5.2346511,0.89425969,-1.5967069,0.43648696,0.87098795,-0.22551996,0
-2.0987468,5.3349056,0.83118975,0.43648696,0.87098795,-0.22551996,0
-3.8214731,3.65237,0.43994451,-0.87321526,0.47049096,0.12701744,0
-4.2426486,-1.9490831,-0.71187544,-0.43648696,-0.87098795,0.22551996,0
-0.10438585,-1.1931189,2.158932,0.21673578,0.14148599,0.96592307,0
0.14701909,0.63444507,1.8022162,0.21673578,0.14148599,0.96592307,0
-3.3560598,0.42945722,2.6034801,0.21673578,0.14148599,0.96592307,0
0.7303586,3.3576524,-0.26744282,0.43648696,0.87098795,-0.22551996,0
-2.9849086,4.8783622,-0.13163042,-0.87321526,0.47049096,0.12701744,0
-3.0340204,3.7014458,-1.8155921,-0.21673578,-0.14148599,-0.96592307,0
5.0769687,-0.87319517,-0.3265357,0.87321526,-0.47049096,-0.12701744,0
-0.99180424,-0.94427538,-1.7817668,-0.21673578,-0.14148599,-0.96592307,0
1.5101193,-3.7753396,-1.7239916,-0.21673578,-0.14148599,-0.96592307,0
3.8338404,-3.026046,-1.7907612,0.87321526,-0.47049096,-0.12701744,0
-0.81202114,1.1295404,2.0182264,0.21673578,0.14148599,0.96592307,0
-0.43708134,4.0567565,-1.0956113,0.43648696,0.87098795,-0.22551996,0
4.2328591,1.5799557,-1.0903859,0.43648696,0.87098795,-0.22551996,0
-5.0296321,0.96400404,0.16015482,-0.87321526,0.47049096,0.12701744,0
-3.5927579,-1.6599627,2.5700426,-0.43648696,-0.87098795,0.22551996,0
3.2080734,-4.2977109,-0.83226037,0.87321526,-0.47049096,-0.12701744,0
-5.233645,0.31158417,3.0704081,0.21673578,0.14148599,0.96592307,0
5.0385518,-1.0493524,-1.5229468,0.87321526,-0.47049096,-0.12701744,0
-2.2831562,5.2561617,1.7843305,0.21673578,0.14148599,0.96592307,0
-1.7554486,5.2791395,1.5970086,0.43648696,0.87098795,-0.22551996,0
-1.9934614,5.2961416,1.5781294,0.43648696,0.87098795,-0.22551996,0
4.4459572,1.0897441,-2.783118,0.43648696,0.87098795,-0.22551996,0
-1.0441606,-1.1175336,2.496521,0.21673578,0.14148599,0.96592307,0
-0.86103535,-3.2031929,2.2281625,-0.43648696,-0.87098795,0.22551996,0
-2.8555765,2.0880237,-1.5633998,-0.21673578,-0.14148599,-0.96592307,0
1.4686166,1.024771,1.4408482,0.21673578,0.14148599,0.96592307,0
-0.65994978,-3.4065602,0.86727774,-0.43648696,-0.87098795,0.22551996,0
1.075294,-0.031487107,-2.506321,-0.21673578,-0.14148599,-0.96592307,0
-4.2633042,-1.5114954,-0.73813581,-0.21673578,-0.14148599,-0.96592307,0
-5.3048706,0.3298471,1.9497485,-0.87321526,0.47049096,0.12701744,0
-4.7669592,0.62867349,2.9421713,-0.87321526,0.47049096,0.12701744,0
-0.48433161,3.6956213,-2.278795,0.43648696,0.87098795,-0.22551996,0
1.7863297,-5.16535,-1.1809186,-0.43648696,-0.87098795,0.22551996,0
4.4452162,0.42313999,-3.2535527,-0.21673578,-0.14148599,-0.96592307,0
-0.94160104,3.6966925,1.9447562,0.21673578,0.14148599,0.96592307,0
2.7036741,0.33669639,1.2482324,0.21673578,0.14148599,0.96592307,0
0.85500646,-4.6475072,-0.96720183,-0.43648696,-0.87098795,0.22551996,0
4.4543543,-2.8277841,0.7141695,0.87321526,-0.47049096,-0.12701744,0
3.1154735,0.40629411,1.2727866,0.21673578,0.14148599,0.96592307,0
-2.4978528,-1.9751184,2.4250038,-0.43648696,-0.87098795,0.22551996,0
-3.982749,1.4233904,2.6578188,0.21673578,0.14148599,0.96592307,0
-6.1558166,-0.60201836,0.18916082,-0.87321526,0.47049096,0.12701744,0
-0.66512156,-3.5764151,0.7312746,-0.43648696,-0.87098795,0.22551996,0
-3.4431555,-2.3009489,-0.71059203,-0.43648696,-0.87098795,0.22551996,0
-4.5110536,0.45494723,3.2179036,0.21673578,0.14148599,0.96592307,0
-1.641948,-2.9791989,1.4440608,-0.43648696,-0.87098795,0.22551996,0
-3.0123301,-0.2608552,-1.153482,-0.21673578,-0.14148599,-0.96592307,0
-2.5402851,-2.1618624,-1.151989,-0.21673578,-0.14148599,-0.96592307,0
0.61747491,-0.25387406,-2.1528056,-0.21673578,-0.14148599,-0.96592307,0
-3.8070903,-2.1945062,-0.41700149,-0.43648696,-0.87098795,0.22551996,0
-3.957865,3.7983403,-0.47720528,-0.87321526,0.47049096,0.12701744,0
-2.5790281,-1.9572685,2.7279305,-0.43648696,-0.87098795,0.22551996,0
-2.6167645,5.4763479,-0.074444056,-0.87321526,0.47049096,0.12701744,0
0.61732531,2.7940786,-2.6546268,-0.21673578,-0.14148599,-0.96592307,0
-5.9056044,-0.30941176,0.21758795,-0.87321526,0.47049096,0.12701744,0
-3.2386127,0.77506208,2.6976571,0.21673578,0.14148599,0.96592307,0
-2.6773293,3.8529453,-2.0297503,-0.21673578,-0.14148599,-0.96592307,0
6.2825904,1.0535932,0.31596661,0.43648696,0.87098795,-0.22551996,0
-4.7470303,2.0240536,-0.0056881905,-0.87321526,0.47049096,0.12701744,0
6.1491156,0.60822988,-0.83065557,0.87321526,-0.47049096,-0.12701744,0
4.5236702,-2.5705185,0.48935843,0.87321526,-0.47049096,-0.12701744,0
1.4070073,0.44902992,1.6806989,0.21673578,0.14148599,0.96592307,0
-3.3023119,4.4439888,1.7751997,-0.87321526,0.47049096,0.12701744,0
-0.95981503,-1.8482194,2.7056987,0.21673578,0.14148599,0.96592307,0
-5.033771,-1.2546911,-0.86380339,-0.21673578,-0.14148599,-0.96592307,0
-4.9356933,-1.4881516,0.034152031,-0.43648696,-0.87098795,0.22551996,0
3.7309515,2.0753474,-1.0722694,0.43648696,0.87098795,-0.22551996,0
-2.1349471,5.0469322,0.50976944,0.43648696,0.87098795,-0.22551996,0
-3.5203242,3.9749305,-0.60441637,-0.87321526,0.47049096,0.12701744,0
1.9732769,-4.8765512,-0.16184497,-0.43648696,-0.87098795,0.22551996,0
1.8474739,3.2005553,0.026412368,0.43648696,0.87098795,-0.22551996,0
-4.9959803,-0.072000265,-0.79095125,-0.21673578,-0.14148599,-0.96592307,0
-3.5519259,-0.90326095,-1.0567789,-0.21673578,-0.14148599,-0.96592307,0
1.1351984,-1.824721,-1.8608389,-0.21673578,-0.14148599,-0.96592307,0
-3.6488061,3.9654169,-1.1817739,-0.87321526,0.47049096,0.12701744,0
3.016784,-4.5113277,-2.269381,-0.21673578,-0.14148599,-0.96592307,0
-2.6778202,4.5682497,2.0240536,0.21673578,0.14148599,0.96592307,0
-4.5566916,1.6477166,1.4617386,-0.87321526,0.47049096,0.12701744,0
-5.6946473,-1.085736,0.10093117,-0.43648696,-0.87098795,0.22551996,0
2.7451134,-3.3503454,2.0924478,0.21673578,0.14148599,0.96592307,0
4.9977679,-0.92537022,-2.1616421,0.87321526,-0.47049096,-0.12701744,0
1.5690882,2.8040373,-1.3381748,0.43648696,0.87098795,-0.22551996,0
-5.0164576,0.68107402,2.0034056,-0.87321526,0.47049096,0.12701744,0
1.7149112,3.4280982,0.90332103,0.43648696,0.87098795,-0.22551996,0
2.9387496,-0.67213297,1.6121218,0.21673578,0.14148599,0.96592307,0
1.7499381,0.29978818,-2.361547,-0.21673578,-0.14148599,-0.96592307,0
-4.2011037,2.233686,1.7109413,-0.87321526,0.47049096,0.12701744,0
3.4910078,-4.1836801,-1.4407387,0.87321526,-0.47049096,-0.12701744,0
-3.5273571,3.2763734,2.296994,-0.87321526,0.47049096,0.12701744,0
-3.8860359,-2.0793586,-0.31523848,-0.43648696,-0.87098795,0.22551996,0
4.4445724,-2.4314497,0.61334944,0.87321526,-0.47049096,-0.12701744,0
5.0081644,-0.73986149,-2.3683753,0.87321526,-0.47049096,-0.12701744,0
4.8468513,-1.355024,-2.3755007,0.87321526,-0.47049096,-0.12701744,0
-1.2127197,-3.4809575,-0.36269319,-0.43648696,-0.87098795,0.22551996,0
-0.053616047,-2.9438622,2.4268563,0.21673578,0.14148599,0.96592307,0
-1.0818235,-1.8479587,-1.5523136,-0.21673578,-0.14148599,-0.96592307,0
-0.77418441,-1.8371776,-1.5343668,-0.21673578,-0.14148599,-0.96592307,0
-2.4089985,5.2702069,1.7869009,-0.87321526,0.47049096,0.12701744,0
4.3748145,1.4185236,0.88751364,0.21673578,0.14148599,0.96592307,0
-3.8980775,3.6516271,-1.558548,-0.87321526,0.47049096,0.12701744,0
2.9392869,-3.589493,-2.2417238,-0.21673578,-0.14148599,-0.96592307,0
-5.2457891,0.43356085,0.13447285,-0.87321526,0.47049096,0.12701744,0
4.6022949,-0.71538997,1.1668811,0.21673578,0.14148599,0.96592307,0
-3.1380882,-1.3221576,-1.1533668,-0.21673578,-0.14148599,-0.96592307,0
-0.076655626,-0.52951205,-1.8282795,-0.21673578,-0.14148599,-0.96592307,0
-1.85636,4.4289646,-1.4005535,0.43648696,0.87098795,-0.22551996,0
-3.2732582,4.9646187,-1.8557897,-0.87321526,0.47049096,0.12701744,0
-0.48820066,4.2478886,0.39275685,0.43648696,0.87098795,-0.22551996,0
1.1849775,-4.8287392,-1.5382071,-0.43648696,-0.87098795,0.22551996,0
1.921937,-3.7307127,2.1380024,0.21673578,0.14148599,0.96592307,0
5.0976844,-0.77719307,-2.3555717,0.87321526,-0.47049096,-0.12701744,0
4.3069715,-1.9002726,-1.989109,0.87321526,-0.47049096,-0.12701744,0
-5.1768103,0.61627555,0.73433876,-0.87321526,0.47049096,0.12701744,0
0.52869701,-3.8822854,2.039747,-0.43648696,-0.87098795,0.22551996,0
-0.35710651,1.6663566,1.766225,0.21673578,0.14148599,0.96592307,0
-3.5018902,4.1305141,-0.93934107,-0.87321526,0.47049096,0.12701744,0
-0.45801067,2.7158856,-2.4533119,-0.21673578,-0.14148599,-0.96592307,0
-0.58098602,-1.962114,2.3538575,0.21673578,0.14148599,0.96592307,0
-4.6503863,0.78898716,2.916693,-0.87321526,0.47049096,0.12701744,0
2.9753351,2.4446173,1.1356649,0.21673578,0.14148599,0.96592307,0
-1.0335507,1.4567206,2.0462358,0.21673578,0.14148599,0.96592307,0
-3.8384984,-1.6611407,1.5304139,-0.43648696,-0.87098795,0.22551996,0
6.192471,0.42909527,0.39257193,0.87321526,-0.47049096,-0.12701744,0
-2.2735193,4.9084363,-0.67084098,0.43648696,0.87098795,-0.22551996,0
5.2934041,-0.78788662,-0.75343704,0.87321526,-0.47049096,-0.12701744,0
-0.58205605,3.8873217,-2.0823772,0.43648696,0.87098795,-0.22551996,0
-1.9158611,0.74618483,-1.5919425,-0.21673578,-0.14148599,-0.96592307,0
-0.470613,3.5521269,-2.3001027,0.43648696,0.87098795,-0.22551996,0
-0.68376654,1.7128602,1.781162,0.21673578,0.14148599,0.96592307,0
-0.54158211,-3.4859271,1.5932927,-0.43648696,-0.87098795,0.22551996,0
4.4794588,-1.4507568,-2.0712063,0.87321526,-0.47049096,-0.12701744,0
2.1094267,-0.58286905,1.5579377,0.21673578,0.14148599,0.96592307,0
2.4183793,-5.5889711,-0.75390577,0.87321526,-0.47049096,-0.12701744,0
2.1270711,-1.3695889,1.7252442,0.21673578,0.14148599,0.96592307,0
4.1828432,-2.5430517,1.4774756,0.21673578,0.14148599,0.96592307,0
3.7690043,-2.9159484,-2.1878335,0.87321526,-0.47049096,-0.12701744,0
4.6102486,-1.6387712,-2.1340785,0.87321526,-0.47049096,-0.12701744,0
-0.11728191,-4.0942593,-0.76650387,-0.43648696,-0.87098795,0.22551996,0
-4.0228133,3.3265817,0.82856393,-0.87321526,0.47049096,0.12701744,0
-3.9511466,3.5150838,0.74798632,-0.87321526,0.47049096,0.12701744,0
0.82289934,3.1243124,-1.4324625,0.43648696,0.87098795,-0.22551996,0
1.0727205,-4.2236357,1.3198359,-0.43648696,-0.87098795,0.22551996,0
3.4406872,-4.003459,-0.80454302,0.87321526,-0.47049096,-0.12701744,0
5.0903468,-1.7212973,0.8930192,0.87321526,-0.47049096,-0.12701744,0
-5.2364283,0.4097023,1.0227327,-0.87321526,0.47049096,0.12701744,0
-0.063529789,1.4291852,1.709403,0.21673578,0.14148599,0.96592307,0
4.5107889,-2.2945962,-1.2835498,0.87321526,-0.47049096,-0.12701744,0
-4.2560625,-1.3158151,2.442389,-0.43648696,-0.87098795,0.22551996,0
-0.44086719,-3.7150164,-0.48645622,-0.43648696,-0.87098795,0.22551996,0
-6.1581163,-0.47722197,-0.14839458,-0.87321526,0.47049096,0.12701744,0
1.3934999,-4.4207973,1.0989634,-0.43648696,-0.87098795,0.22551996,0
-2.7242165,1.5878932,-1.701653,-0.21673578,-0.14148599,-0.96592307,0
0.37734604,3.9160604,0.22080131,0.43648696,0.87098795,-0.22551996,0
-4.3029814,1.5134211,-1.2979527,-0.21673578,-0.14148599,-0.96592307,0
-5.4578705,0.51322746,-0.9573698,-0.21673578,-0.14148599,-0.96592307,0
5.4355283,-0.74822855,0.97688389,0.87321526,-0.47049096,-0.12701744,0
-5.033977,-0.095148385,3.2170465,0.21673578,0.14148599,0.96592307,0
3.9383321,1.2554939,-2.6158009,0.43648696,0.87098795,-0.22551996,0
5.701129,1.3435011,0.480093,0.43648696,0.87098795,-0.22551996,0
2.6171706,2.8390064,0.39893723,0.43648696,0.87098795,-0.22551996,0
5.0323744,1.2117226,0.67409325,0.21673578,0.14148599,0.96592307,0
-4.1746492,-0.62180424,-1.1991782,-0.21673578,-0.14148599,-0.96592307,0
-1.2308419,-3.6233368,-0.16363025,-0.43648696,-0.87098795,0.22551996,0
5.0668621,-1.3691828,1.0854931,0.87321526,-0.47049096,-0.12701744,0
1.6257865,2.6901259,-1.9256065,0.43648696,0.87098795,-0.22551996,0
-1.8122022,-3.0414426,0.18304515,-0.43648696,-0.87098795,0.22551996,0
-3.8944297,3.3585234,0.85735536,-0.87321526,0.47049096,0.12701744,0
-2.7316322,4.9468155,-0.89451003,0.43648696,0.87098795,-0.22551996,0
3.7443755,-3.7061288,-1.2814498,0.87321526,-0.47049096,-0.12701744,0
-3.9846396,3.7088268,-0.49100161,-0.87321526,0.47049096,0.12701744,0
2.5903573,0.85306311,-2.7250607,-0.21673578,-0.14148599,-0.96592307,0
-3.2755911,-1.629588,2.7447422,-0.43648696,-0.87098795,0.22551996,0
-3.366698,-1.7306504,1.589165,-0.43648696,-0.87098795,0.22551996,0
0.59205008,3.6965616,-0.46749574,0.43648696,0.87098795,-0.22551996,0
4.7908945,0.76861554,-3.0749896,0.43648696,0.87098795,-0.22551996,0
3.37994,-3.6680729,-1.9489367,0.87321526,-0.47049096,-0.12701744,0
-2.9865222,-2.3950558,1.2534432,-0.43648696,-0.87098795,0.22551996,0
1.8260438,1.9465946,-2.9037938,-0.21673578,-0.14148599,-0.96592307,0
0.28112268,1.9212285,-2.4348981,-0.21673578,-0.14148599,-0.96592307,0
5.2646885,1.3828878,-0.163064,0.43648696,0.87098795,-0.22551996,0
-5.3330412,0.0071448088,3.0382547,-0.87321526,0.47049096,0.12701744,0
2.8992455,-5.2762661,-1.2704308,0.87321526,-0.47049096,-0.12701744,0
4.5902581,0.4524312,0.84374285,0.21673578,0.14148599,0.96592307,0
-3.4478304,4.5685453,0.054758787,-0.87321526,0.47049096,0.12701744,0
6.0020938,0.33942938,-0.49709415,0.87321526,-0.47049096,-0.12701744,0
2.2867398,-3.9046764,-2.1712549,-0.21673578,-0.14148599,-0.96592307,0
-1.5100033,2.95924,-2.0170228,-0.21673578,-0.14148599,-0.96592307,0
-3.8673885,3.4698436,1.3182809,-0.87321526,0.47049096,0.12701744,0
4.1303196,0.10160381,-2.9763751,-0.21673578,-0.14148599,-0.96592307,0
-5.0697918,-1.4001248,-0.36129618,-0.43648696,-0.87098795,0.22551996,0
5.1500196,1.1694286,-1.315433,0.43648696,0.87098795,-0.22551996,0
-0.27399158,-3.7393465,1.2604594,-0.43648696,-0.87098795,0.22551996,0
-5.2356658,0.80601716,1.3554597,-0.87321526,0.47049096,0.12701744,0
-4.3914886,1.6982365,-1.5353487,-0.21673578,-0.14148599,-0.96592307,0
-2.4779375,-2.8296735,0.65928483,-0.43648696,-0.87098795,0.22551996,0
-0.63813376,4.5345888,0.63352382,0.43648696,0.87098795,-0.22551996,0
-3.671447,3.8751814,1.2884495,-0.87321526,0.47049096,0.12701744,0
-3.5976872,-1.8049223,2.1594541,-0.43648696,-0.87098795,0.22551996,0
-4.4946661,-1.8279524,-0.10750818,-0.43648696,-0.87098795,0.22551996,0
0.79421663,-4.3113494,0.7683965,-0.43648696,-0.87098795,0.22551996,0
-2.101465,-2.4770651,2.3615546,-0.43648696,-0.87098795,0.22551996,0
-6.0616345,-0.77101517,-0.15670347,-0.87321526,0.47049096,0.12701744,0
-3.2203159,4.3343315,1.9740644,0.21673578,0.14148599,0.96592307,0
2.1589842,-3.1272149,-2.1958113,-0.21673578,-0.14148599,-0.96592307,0
4.3772235,-1.6930547,-2.3011472,0.87321526,-0.47049096,-0.12701744,0
-0.0033864975,3.2843451,-2.239121,0.43648696,0.87098795,-0.22551996,0
-1.8734715,4.9759479,0.32182348,0.43648696,0.87098795,-0.22551996,0
5.4330974,1.1846461,0.29596567,0.43648696,0.87098795,-0.22551996,0
-5.2699366,-0.1896075,2.5846686,-0.87321526,0.47049096,0.12701744,0
-0.72736186,-1.5254979,-1.833171,-0.21673578,-0.14148599,-0.96592307,0
-3.8815725,3.1620278,0.62905359,-0.87321526,0.47049096,0.12701744,0
2.3830776,-4.418088,-1.9767797,-0.21673578,-0.14148599,-0.96592307,0
-0.0031433105,-4.1904488,-0.0067520216,-0.43648696,-0.87098795,0.22551996,0
-2.7356346,-2.9557877,-0.53568578,-0.43648696,-0.87098795,0.22551996,0
-2.5567584,-1.0859315,-1.3301134,-0.21673578,-0.14148599,-0.96592307,0
5.5878086,0.42771924,-2.8263464,0.87321526,-0.47049096,-0.12701744,0
3.1435626,0.89909387,-3.103024,-0.21673578,-0.14148599,-0.96592307,0
-5.641439,0.16117287,-0.55511189,-0.87321526,0.47049096,0.12701744,0
-5.1171565,0.98881555,0.95578718,-0.87321526,0.47049096,0.12701744,0
4.0300465,-2.5905275,-0.76809502,0.87321526,-0.47049096,-0.12701744,0
3.5003397,-4.9950366,1.6728563,0.87321526,-0.47049096,-0.12701744,0
3.0609753,-1.6921604,-2.5202363,-0.21673578,-0.14148599,-0.96592307,0
-2.3322711,5.3671541,1.2353719,0.43648696,0.87098795,-0.22551996,0
-5.6628208,0.29289031,0.68725014,-0.87321526,0.47049096,0.12701744,0
0.48806798,-0.2212224,1.8027896,0.21673578,0.14148599,0.96592307,0
0.73415744,0.55475247,-2.2058122,-0.21673578,-0.14148599,-0.96592307,0
-4.9754677,1.5616386,0.53445864,-0.87321526,0.47049096,0.12701744,0
-1.4085288,1.4280221,2.0812128,0.21673578,0.14148599,0.96592307,0
4.7616391,1.0463805,-1.8317442,0.43648696,0.87098795,-0.22551996,0
-0.22179627,-3.7899866,-0.18676759,-0.43648696,-0.87098795,0.22551996,0
-3.9620721,2.8461359,1.4771698,-0.87321526,0.47049096,0.12701744,0
4.9072466,1.175565,-1.768178,0.43648696,0.87098795,-0.22551996,0
0.56019163,-3.5548236,-1.6427768,-0.21673578,-0.14148599,-0.96592307,0
-4.9797001,-0.58855748,3.2484961,-0.43648696,-0.87098795,0.22551996,0
4.6194768,-1.8471837,-1.9421914,0.87321526,-0.47049096,-0.12701744,0
-2.7302978,-2.8411608,-0.70485187,-0.43648696,-0.87098795,0.22551996,0
-2.0483813,5.0855823,1.7496229,0.21673578,0.14148599,0.96592307,0
4.3864918,-2.7842059,0.83820868,0.87321526,-0.47049096,-0.12701744,0
-0.24635267,-3.568373,1.4345249,-0.43648696,-0.87098795,0.22551996,0
-1.5788321,-3.4960861,-0.58164871,-0.43648696,-0.87098795,0.22551996,0
1.774852,-4.8793564,0.071157575,-0.43648696,-0.87098795,0.22551996,0
-0.32762456,-3.6132274,-1.2693758,-0.21673578,-0.14148599,-0.96592307,0
2.8359041,2.6217356,0.65366507,0.43648696,0.87098795,-0.22551996,0
0.041648388,3.9366813,-0.025165081,0.43648696,0.87098795,-0.22551996,0
-4.8945675,0.81716973,2.5092463,-0.87321526,0.47049096,0.12701744,0
-3.9195466,3.0261807,2.0265565,-0.87321526,0.47049096,0.12701744,0
0.40200806,3.953167,1.2896613,0.43648696,0.87098795,-0.22551996,0
-1.4682597,-2.4753716,-1.296097,-0.21673578,-0.14148599,-0.96592307,0
1.931221,-4.5239992,2.0285292,-0.43648696,-0.87098795,0.22551996,0
3.844305,1.682283,-2.0745125,0.43648696,0.87098795,-0.22551996,0
3.6175244,-3.7806201,-1.6635563,0.87321526,-0.47049096,-0.12701744,0
3.6458204,-2.6339998,1.6631846,0.21673578,0.14148599,0.96592307,0
-2.6375856,3.1098428,-2.0247548,-0.21673578,-0.14148599,-0.96592307,0
1.6661427,2.66219,-1.6559494,0.43648696,0.87098795,-0.22551996,0
2.9471693,1.005774,1.2471299,0.21673578,0.14148599,0.96592307,0
-1.4648173,-3.356179,-0.65722203,-0.43648696,-0.87098795,0.22551996,0
2.4614434,-3.8894229,2.2255046,0.21673578,0.14148599,0.96592307,0
-2.0887096,4.985445,-0.68400669,0.43648696,0.87098795,-0.22551996,0
1.5998526,2.4458516,-2.6962352,-0.21673578,-0.14148599,-0.96592307,0
3.5346386,-4.4644499,0.01540637,0.87321526,-0.47049096,-0.12701744,0
4.0283375,0.35463285,1.1170251,0.21673578,0.14148599,0.96592307,0
-2.9962285,-1.8281929,2.6313052,-0.43648696,-0.87098795,0.22551996,0
-4.3593273,0.4392533,2.8269174,0.21673578,0.14148599,0.96592307,0
-0.25979471,-3.000962,2.4729381,0.21673578,0.14148599,0.96592307,0
-4.8356771,1.1573665,-1.2613974,-0.21673578,-0.14148599,-0.96592307,0
1.2249582,-1.4456854,2.0140924,0.21673578,0.14148599,0.96592307,0
-2.8684576,-0.80737346,2.7748065,0.21673578,0.14148599,0.96592307,0
-3.9406223,2.2733092,2.6125927,-0.87321526,0.47049096,0.12701744,0
2.2005179,-4.8894906,-1.789986,-0.21673578,-0.14148599,-0.96592307,0
4.1570454,-3.5446548,1.346415,0.87321526,-0.47049096,-0.12701744,0
-0.89336681,4.8015108,1.7224144,0.21673578,0.14148599,0.96592307,0
2.7077236,-1.2374277,1.8015096,0.21673578,0.14148599,0.96592307,0
-5.7012444,0.32708406,-0.32282591,-0.87321526,0.47049096,0.12701744,0
3.5273638,-4.3846478,0.4094677,0.87321526,-0.47049096,-0.12701744,0
5.2830749,-1.1911609,0.83242178,0.87321526,-0.47049096,-0.12701744,0
-3.0525699,4.9235287,-0.70321941,-0.87321526,0.47049096,0.12701744,0
-1.4701455,2.268714,1.9662004,0.21673578,0.14148599,0.96592307,0
-3.6102548,3.5717564,-0.18402481,-0.87321526,0.47049096,0.12701744,0
-3.2292805,2.5153582,-1.706197,-0.21673578,-0.14148599,-0.96592307,0
-0.47906876,4.6097116,1.4809941,0.21673578,0.14148599,0.96592307,0
-2.7406063,5.1109734,-1.9328158,0.43648696,0.87098795,-0.22551996,0
-1.4339025,1.9285805,-2.1011326,-0.21673578,-0.14148599,-0.96592307,0
1.0596154,-4.2690992,-1.6171339,-0.21673578,-0.14148599,-0.96592307,0
5.7814727,-0.0011839867,-0.17387199,0.87321526,-0.47049096,-0.12701744,0
0.8719669,-1.1061378,-1.9488617,-0.21673578,-0.14148599,-0.96592307,0
4.6892495,-2.2424591,0.73939133,0.87321526,-0.47049096,-0.12701744,0
-2.6173701,-2.301456,2.359796,-0.43648696,-0.87098795,0.22551996,0
-2.3018489,5.2718568,-0.39057159,0.43648696,0.87098795,-0.22551996,0
4.1506295,-2.6797824,0.34132099,0.87321526,-0.47049096,-0.12701744,0
-5.7819533,-0.51467609,0.92918968,-0.87321526,0.47049096,0.12701744,0
-4.9576497,-1.6980498,-0.46011209,-0.43648696,-0.87098795,0.22551996,0
3.3177419,-0.4098413,1.3145294,0.21673578,0.14148599,0.96592307,0
-3.3102429,4.057157,0.10852122,-0.87321526,0.47049096,0.12701744,0
3.6589546,-4.1435862,0.14836884,0.87321526,-0.47049096,-0.12701744,0
-5.1695981,0.88957334,-0.49648619,-0.87321526,0.47049096,0.12701744,0
0.4103651,-4.1559267,0.034365237,-0.43648696,-0.87098795,0.22551996,0
3.3423011,-5.0759683,1.1035895,0.87321526,-0.47049096,-0.12701744,0
-3.7762446,3.7859094,-0.46838832,-0.87321526,0.47049096,0.12701744,0
3.643712,2.5643733,0.96318245,0.43648696,0.87098795,-0.22551996,0
-5.1851873,1.3885493,-0.5077095,-0.87321526,0.47049096,0.12701744,0
3.3076534,-0.37772918,1.4797659,0.21673578,0.14148599,0.96592307,0
3.777631,2.0240228,-1.0753331,0.43648696,0.87098795,-0.22551996,0
-5.1280713,1.7065086,-0.9085393,-0.87321526,0.47049096,0.12701744,0
-4.8172297,1.1613454,2.7611086,-0.87321526,0.47049096,0.12701744,0
0.87337142,-0.36828935,-2.0313611,-0.21673578,-0.14148599,-0.96592307,0
-4.7186751,1.3711911,1.2945919,-0.87321526,0.47049096,0.12701744,0
-4.8320403,-1.626338,-0.91527796,-0.21673578,-0.14148599,-0.96592307,0
5.5768795,-0.84409213,0.81308556,0.87321526,-0.47049096,-0.12701744,0
-1.2918134,5.0155983,0.68506324,0.43648696,0.87098795,-0.22551996,0
3.0763922,-4.9384451,-0.94981194,0.87321526,-0.47049096,-0.12701744,0
-1.2477803,4.6126838,-0.82955265,0.43648696,0.87098795,-0.22551996,0
4.620574,-1.7703345,-0.97722816,0.87321526,-0.47049096,-0.12701744,0
-3.874409,-1.2465004,3.0412138,0.21673578,0.14148599,0.96592307,0
-4.5523329,2.1295869,0.35329247,-0.87321526,0.47049096,0.12701744,0
-0.08891803,-0.76314449,-1.8091487,-0.21673578,-0.14148599,-0.96592307,0
-0.41564298,2.0987899,1.8232528,0.21673578,0.14148599,0.96592307,0
-5.4429197,0.094182491,0.40348434,-0.87321526,0.47049096,0.12701744,0
3.0711465,-3.0951514,1.7528956,0.21673578,0.14148599,0.96592307,0
-5.8134737,-1.0616541,-0.62628794,-0.21673578,-0.14148599,-0.96592307,0
2.4706454,-3.2314553,1.9332714,0.21673578,0.14148599,0.96592307,0
3.5504622,1.6051486,1.1082077,0.21673578,0.14148599,0.96592307,0
1.1977487,3.180059,-0.19582856,0.43648696,0.87098795,-0.22551996,0
-0.85716438,-3.6896718,-1.0261619,-0.43648696,-0.87098795,0.22551996,0
-3.0296803,4.4552445,0.79030681,-0.87321526,0.47049096,0.12701744,0
-2.0424404,4.8458147,-1.2162919,0.43648696,0.87098795,-0.22551996,0
0.18411398,-3.4517455,2.4830754,-0.43648696,-0.87098795,0.22551996,0
-1.4386296,2.668211,-2.3124135,-0.21673578,-0.14148599,-0.96592307,0
-2.9831922,4.87183,1.3073239,-0.87321526,0.47049096,0.12701744,0
-4.0546103,-1.1890565,2.2755194,-0.43648696,-0.87098795,0.22551996,0
-4.1361389,2.6093161,-1.4612703,-0.21673578,-0.14148599,-0.96592307,0
-4.2593851,0.026781082,2.9443026,0.21673578,0.14148599,0.96592307,0
-0.28007984,3.983026,-0.79104078,0.43648696,0.87098795,-0.22551996,0
-2.7190685,2.1195254,2.2550786,0.21673578,0.14148599,0.96592307,0
4.4533572,-2.9319367,1.3140059,0.87321526,-0.47049096,-0.12701744,0
3.6567135,-4.1629319,0.60143852,0.87321526,-0.47049096,-0.12701744,0
3.6073041,0.14195001,-2.7432225,-0.21673578,-0.14148599,-0.96592307,0
-5.1243992,-0.95838845,1.5472617,-0.43648696,-0.87098795,0.22551996,0
-3.8318973,3.6001534,0.70549798,-0.87321526,0.47049096,0.12701744,0
1.888752,2.7103436,-2.2452705,0.43648696,0.87098795,-0.22551996,0
-2.6792517,5.5130558,1.5343223,-0.87321526,0.47049096,0.12701744,0
2.5511384,-5.2639184,-0.056272984,-0.43648696,-0.87098795,0.22551996,0
5.4015741,-0.24003458,-1.1975694,0.87321526,-0.47049096,-0.12701744,0
-3.2813966,1.1646314,-1.5201063,-0.21673578,-0.14148599,-0.96592307,0
4.2058411,-2.898962,-1.105931,0.87321526,-0.47049096,-0.12701744,0
2.3753507,-4.5269704,-1.8314745,-0.21673578,-0.14148599,-0.96592307,0
-1.0891504,3.8402708,-2.4309309,-0.21673578,-0.14148599,-0.96592307,0
0.91815972,0.96022654,-2.5961177,-0.21673578,-0.14148599,-0.96592307,0
-0.059609413,-3.3329237,2.4481297,-0.43648696,-0.87098795,0.22551996,0
-5.4785538,0.65990138,0.65678835,-0.87321526,0.47049096,0.12701744,0
4.6810026,-1.9925706,0.33615303,0.87321526,-0.47049096,-0.12701744,0
-5.9386768,-0.46670604,1.6638322,-0.87321526,0.47049096,0.12701744,0
2.874001,-0.32875848,-2.7403164,-0.21673578,-0.14148599,-0.96592307,0
0.38991117,-4.0046005,-1.6147274,-0.21673578,-0.14148599,-0.96592307,0
5.8515625,0.28511596,-1.3847299,0.87321526,-0.47049096,-0.12701744,0
-3.3342028,4.6984062,0.42915392,-0.87321526,0.47049096,0.12701744,0
-4.1476169,0.92148238,3.0630176,0.21673578,0.14148599,0.96592307,0
-3.8209419,2.7531526,1.9243469,-0.87321526,0.47049096,0.12701744,0
4.3350773,1.0026926,-2.6708119,0.43648696,0.87098795,-0.22551996,0
-0.44906998,1.8976775,-2.2132254,-0.21673578,-0.14148599,-0.96592307,0
3.6438501,-4.5554671,1.4351821,0.87321526,-0.47049096,-0.12701744,0
-4.2509508,1.3791468,-1.2370741,-0.21673578,-0.14148599,-0.96592307,0
3.0423658,2.6358979,-0.0071489811,0.43648696,0.87098795,-0.22551996,0
-1.4801812,4.8571749,0.39350057,0.43648696,0.87098795,-0.22551996,0
2.3810549,2.4537873,1.0372883,0.21673578,0.14148599,0.96592307,0
-4.7760797,-1.3036358,0.62066126,-0.43648696,-0.87098795,0.22551996,0
3.0460846,-5.2250051,-0.56802964,0.87321526,-0.47049096,-0.12701744,0
-5.721859,-0.31259346,2.5179315,-0.87321526,0.47049096,0.12701744,0
-2.2575824,-2.4485948,0.86573541,-0.43648696,-0.87098795,0.22551996,0
3.8891616,1.3406239,-2.6514275,0.43648696,0.87098795,-0.22551996,0
-1.0778451,3.9752162,-2.3790123,0.43648696,0.87098795,-0.22551996,0
-4.9526978,-1.2208283,1.2911735,-0.43648696,-0.87098795,0.22551996,0
3.5253606,-3.854264,-0.22444582,0.87321526,-0.47049096,-0.12701744,0
0.56051445,-4.5318418,-0.16024256,-0.43648696,-0.87098795,0.22551996,0
2.6590116,2.5910749,-0.83648992,0.43648696,0.87098795,-0.22551996,0
1.8563375,-3.3063335,-2.1412997,-0.21673578,-0.14148599,-0.96592307,0
-2.0072644,2.7320683,2.2947314,0.21673578,0.14148599,0.96592307,0
4.3081102,-2.2822723,-1.4232957,0.87321526,-0.47049096,-0.12701744,0
-1.0899833,3.7002258,1.6049805,0.21673578,0.14148599,0.96592307,0
-1.689708,3.0576096,-2.1938789,-0.21673578,-0.14148599,-0.96592307,0
-2.4466207,-1.9433125,2.6567588,-0.43648696,-0.87098795,0.22551996,0
3.1974301,-1.4650996,1.6473224,0.21673578,0.14148599,0.96592307,0
4.8739996,-1.4939027,-0.43834019,0.87321526,-0.47049096,-0.12701744,0
-4.4307337,2.2415345,1.3429127,-0.87321526,0.47049096,0.12701744,0
-4.9278364,-1.4945219,-0.13618946,-0.43648696,-0.87098795,0.22551996,0
4.3727598,1.492569,0.74423504,0.21673578,0.14148599,0.96592307,0
3.7435291,-3.2069695,1.5039356,0.21673578,0.14148599,0.96592307,0
2.1125255,-4.6010532,1.9361978,-0.43648696,-0.87098795,0.22551996,0
2.3384199,-1.2559018,1.9124395,0.21673578,0.14148599,0.96592307,0
4.3666487,1.6529775,-1.1022172,0.43648696,0.87098795,-0.22551996,0
5.6703386,0.4362725,-2.031611,0.87321526,-0.47049096,-0.12701744,0
1.4090002,-4.481339,0.44033587,-0.43648696,-0.87098795,0.22551996,0
4.8262486,-0.68416262,1.2555537,0.21673578,0.14148599,0.96592307,0
-5.4903364,0.010865211,1.8028793,-0.87321526,0.47049096,0.12701744,0
5.5911803,1.4313185,0.41367388,0.43648696,0.87098795,-0.22551996,0
-4.8541994,-1.1463194,2.2473292,-0.43648696,-0.87098795,0.22551996,0
-4.9742842,1.4992747,0.1890521,-0.87321526,0.47049096,0.12701744,0
-5.835557,0.3108182,-0.52709341,-0.87321526,0.47049096,0.12701744,0
-3.9741502,0.5667758,-1.1735549,-0.21673578,-0.14148599,-0.96592307,0
0.19610071,-1.6778946,2.0866041,0.21673578,0.14148599,0.96592307,0
0.79985929,-0.60659087,1.9288821,0.21673578,0.14148599,0.96592307,0
3.7698655,-3.6321387,-0.50934291,0.87321526,-0.47049096,-0.12701744,0
4.8911657,1.5506823,0.18075657,0.43648696,0.87098795,-0.22551996,0
-0.39534414,1.0998445,2.1762662,0.21673578,0.14148599,0.96592307,0
-6.0178442,-0.74291849,-0.28952408,-0.87321526,0.47049096,0.12701744,0
-0.97568607,3.5110948,-2.1878715,-0.21673578,-0.14148599,-0.96592307,0
-4.4916677,2.1637614,1.8884423,-0.87321526,0.47049096,0.12701744,0
-2.7438362,5.1454854,1.2035918,-0.87321526,0.47049096,0.12701744,0
-2.1555591,4.7224255,-0.93504751,0.43648696,0.87098795,-0.22551996,0
4.2060513,-2.7312489,0.81377554,0.87321526,-0.47049096,-0.12701744,0
-4.9699264,-0.65574646,2.756336,-0.43648696,-0.87098795,0.22551996,0
-0.83160567,-3.2356224,0.63492036,-0.43648696,-0.87098795,0.22551996,0
-4.1830072,3.0749819,-1.5817096,-0.21673578,-0.14148599,-0.96592307,0
2.89992,-5.0919271,0.79770613,-0.43648696,-0.87098795,0.22551996,0
2.866967,2.3564601,-0.47199178,0.43648696,0.87098795,-0.22551996,0
4.8455415,-1.0492454,-2.290343,0.87321526,-0.47049096,-0.12701744,0
-2.4386168,5.2718487,0.61545968,0.43648696,0.87098795,-0.22551996,0
3.7700489,-4.0001969,-0.087394238,0.87321526,-0.47049096,-0.12701744,0
3.8030624,-4.0571651,0.78620219,0.87321526,-0.47049096,-0.12701744,0
-5.2660823,0.32774913,2.2722278,-0.87321526,0.47049096,0.12701744,0
-3.0419316,4.3503799,1.6011121,-0.87321526,0.47049096,0.12701744,0
6.1026044,0.71975136,0.50570297,0.87321526,-0.47049096,-0.12701744,0
-4.5781031,2.4857292,0.2568531,-0.87321526,0.47049096,0.12701744,0
-4.2421474,-1.6980125,1.4486072,-0.43648696,-0.87098795,0.22551996,0
-2.7213984,5.2466426,0.18790364,-0.87321526,0.47049096,0.12701744,0
5.1874318,-0.9117198,-1.7955828,0.87321526,-0.47049096,-0.12701744,0
2.7914691,-2.6988144,-2.1034222,-0.21673578,-0.14148599,-0.96592307,0
2.2554841,2.7168264,-0.43624091,0.43648696,0.87098795,-0.22551996,0
5.2309999,1.5503743,0.46220827,0.43648696,0.87098795,-0.22551996,0
-2.4888997,5.5236797,1.4136367,0.43648696,0.87098795,-0.22551996,0
-0.80419397,4.0501614,-1.8711301,0.43648696,0.87098795,-0.22551996,0
1.1082726,2.8252025,-2.6896262,0.43648696,0.87098795,-0.22551996,0
5.2967215,1.1196699,-0.5678854,0.43648696,0.87098795,-0.22551996,0
-3.0982339,-1.6929536,2.7997406,-0.43648696,-0.87098795,0.22551996,0
1.1745707,-0.3682425,1.7662781,0.21673578,0.14148599,0.96592307,0
-0.034654617,-4.2281342,-0.73234123,-0.43648696,-0.87098795,0.22551996,0
-4.8607287,0.91618502,1.7908936,-0.87321526,0.47049096,0.12701744,0
5.1597857,-1.4407818,0.80460691,0.87321526,-0.47049096,-0.12701744,0
3.6036959,2.0286996,-1.4606552,0.43648696,0.87098795,-0.22551996,0
5.2004771,-0.36395037,-2.4211497,0.87321526,-0.47049096,-0.12701744,0
-0.22534376,1.3714178,2.1257999,0.21673578,0.14148599,0.96592307,0
-1.128382,4.2763662,-0.43492866,0.43648696,0.87098795,-0.22551996,0
0.46419215,-4.1338911,-1.568982,-0.21673578,-0.14148599,-0.96592307,0
-0.17855358,4.2879095,1.0479243,0.43648696,0.87098795,-0.22551996,0
-4.2426896,2.1446173,1.4209573,-0.87321526,0.47049096,0.12701744,0
0.32179475,3.8656793,0.20937017,0.43648696,0.87098795,-0.22551996,0
-4.3242683,2.9874935,-1.0693769,-0.87321526,0.47049096,0.12701744,0
1.0467982,3.2650807,-0.77461082,0.43648696,0.87098795,-0.22551996,0
-2.0366611,4.9785156,1.906002,0.21673578,0.14148599,0.96592307,0
2.3718152,2.1897547,1.268199,0.21673578,0.14148599,0.96592307,0
-3.4167409,-2.0618942,1.3258829,-0.43648696,-0.87098795,0.22551996,0
0.88867664,-4.0060434,1.7617894,-0.43648696,-0.87098795,0.22551996,0
3.5273292,-3.3051348,-2.4380751,0.87321526,-0.47049096,-0.12701744,0
-3.6380248,-2.411777,-0.5294714,-0.43648696,-0.87098795,0.22551996,0
-1.9879048,-2.3399065,-1.2064991,-0.21673578,-0.14148599,-0.96592307,0
3.6691356,-3.6454375,0.83758307,0.87321526,-0.47049096,-0.12701744,0
-0.91287136,4.5797663,0.8064025,0.43648696,0.87098795,-0.22551996,0
-4.1035423,3.0062039,1.2133992,-0.87321526,0.47049096,0.12701744,0
-5.5370398,-0.40566111,-0.75342751,-0.21673578,-0.14148599,-0.96592307,0
-2.8951061,4.948678,0.14726734,-0.87321526,0.47049096,0.12701744,0
-5.3214407,-0.50649953,-0.82364559,-0.21673578,-0.14148599,-0.96592307,0
0.71772647,-4.1146345,-1.5663531,-0.21673578,-0.14148599,-0.96592307,0
3.6460519,-4.6742091,1.7233315,0.87321526,-0.47049096,-0.12701744,0
-3.2221177,4.1549311,-1.8400304,-0.21673578,-0.14148599,-0.96592307,0
-5.4108944,0.2315309,1.4028292,-0.87321526,0.47049096,0.12701744,0
1.7720013,0.8124001,1.7458124,0.21673578,0.14148599,0.96592307,0
-2.000653,1.1215521,2.5371215,0.21673578,0.14148599,0.96592307,0
4.3757486,-2.1155541,-1.2626543,0.87321526,-0.47049096,-0.12701744,0
-0.013957262,4.2000771,0.71036756,0.43648696,0.87098795,-0.22551996,0
0.52618432,-1.186779,-1.9050963,-0.21673578,-0.14148599,-0.96592307,0
5.2597532,-0.52784884,-2.2052178,0.87321526,-0.47049096,-0.12701744,0
-3.8443789,-1.9194095,-0.064023256,-0.43648696,-0.87098795,0.22551996,0
