1.3032258,-1.2098591,3.5444632,0.97818959,-0.06749779,0.19644138,0
0.705024,-0.20381844,-3.528368,0.17060792,-0.27837113,-0.94519967,0
1.0053282,0.17596936,-3.7178409,0.17060792,-0.27837113,-0.94519967,0
-0.88046908,-0.07659471,3.7318816,-0.17060792,0.27837113,0.94519967,0
1.5674337,3.4787221,-1.6932688,0.11848241,0.95809889,-0.26078409,0
-0.84703207,-3.2609003,3.5478401,-0.11848241,-0.95809889,0.26078409,0
-1.5504661,0.33877838,-2.6726768,-0.97818959,0.06749779,-0.19644138,0
0.74145269,-4.2890377,0.53094864,-0.11848241,-0.95809889,0.26078409,0
2.554976,0.22853446,-1.6677226,0.97818959,-0.06749779,0.19644138,0
2.010066,-2.4812193,-2.8096652,0.17060792,-0.27837113,-0.94519967,0
0.79293334,3.3097858,-2.5767324,0.11848241,0.95809889,-0.26078409,0
-1.7657657,-3.4178424,-2.6410184,-0.97818959,0.06749779,-0.19644138,0
-2.9323673,-1.7417262,3.6450005,-0.17060792,0.27837113,0.94519967,0
1.7122738,-0.76901829,1.9431293,0.97818959,-0.06749779,0.19644138,0
-1.5588846,-3.3039966,-2.6672211,-0.97818959,0.06749779,-0.19644138,0
-0.81872094,-3.4134569,2.3437123,-0.11848241,-0.95809889,0.26078409,0
-0.54466772,-0.7795341,-3.7060351,0.17060792,-0.27837113,-0.94519967,0
1.3753471,-4.2548842,0.80270457,-0.11848241,-0.95809889,0.26078409,0
0.82838225,0.90645355,3.6223383,-0.17060792,0.27837113,0.94519967,0
1.423818,-1.6976908,2.6584036,0.97818959,-0.06749779,0.19644138,0
-1.1788802,1.0554411,3.3344414,-0.17060792,0.27837113,0.94519967,0
1.9226074,2.8782866,0.88168168,0.97818959,-0.06749779,0.19644138,0
0.28138924,-3.1181519,-2.5726764,0.17060792,-0.27837113,-0.94519967,0
2.2345717,-2.4330342,-2.1235271,0.97818959,-0.06749779,0.19644138,0
-2.1422937,2.8507214,2.5371144,-0.17060792,0.27837113,0.94519967,0
0.6837647,0.17026496,-3.4313447,0.17060792,-0.27837113,-0.94519967,0
1.8747473,1.4907274,1.332619,0.97818959,-0.06749779,0.19644138,0
-0.26562899,3.5171657,-1.9867485,0.11848241,0.95809889,-0.26078409,0
1.1328598,-2.6540213,4.4126396,0.97818959,-0.06749779,0.19644138,0
-0.31406355,-4.8430896,-2.2373886,-0.11848241,-0.95809889,0.26078409,0
2.5150568,0.78911734,-3.4028554,0.17060792,-0.27837113,-0.94519967,0
0.17985082,-4.2168465,0.45134187,-0.11848241,-0.95809889,0.26078409,0
1.4536023,4.1301961,0.44131041,0.11848241,0.95809889,-0.26078409,0
-0.069771886,-3.8569508,1.1657529,-0.11848241,-0.95809889,0.26078409,0
1.6198529,0.388183,2.380198,0.97818959,-0.06749779,0.19644138,0
-1.4398477,2.8157177,2.6780941,-0.17060792,0.27837113,0.94519967,0
-0.930305,-2.6708951,-3.0359449,0.17060792,-0.27837113,-0.94519967,0
1.0735927,0.94288969,-3.7157536,0.17060792,-0.27837113,-0.94519967,0
2.3120904,3.6136351,0.64086008,0.97818959,-0.06749779,0.19644138,0
-1.5438042,1.4673922,-2.7711513,-0.97818959,0.06749779,-0.19644138,0
0.12725878,1.0604216,3.2141671,-0.17060792,0.27837113,0.94519967,0
1.3607378,-2.8397975,-2.7838862,0.17060792,-0.27837113,-0.94519967,0
-2.1819987,-2.3499541,-1.0597425,-0.97818959,0.06749779,-0.19644138,0
2.0604556,-1.7199178,-2.8092957,0.17060792,-0.27837113,-0.94519967,0
-1.3390193,4.1524558,-0.20745015,0.11848241,0.95809889,-0.26078409,0
3.1248436,2.1318126,-3.7151184,0.97818959,-0.06749779,0.19644138,0
-0.046455383,2.8978112,2.644052,-0.17060792,0.27837113,0.94519967,0
2.5602438,0.18671536,-1.804855,0.97818959,-0.06749779,0.19644138,0
0.26262093,-0.31947327,-3.5379014,0.17060792,-0.27837113,-0.94519967,0
2.1896296,-2.5770102,-1.4279832,0.97818959,-0.06749779,0.19644138,0
0.44162703,4.6508527,2.2506869,-0.17060792,0.27837113,0.94519967,0
1.2587985,3.0395281,-4.3031597,0.11848241,0.95809889,-0.26078409,0
-1.584723,1.7446257,-1.5913893,-0.97818959,0.06749779,-0.19644138,0
-0.11268806,4.4637942,2.4475999,-0.17060792,0.27837113,0.94519967,0
2.3376825,0.031641722,-1.3672245,0.97818959,-0.06749779,0.19644138,0
-1.6553941,2.6300759,-1.2236195,-0.97818959,0.06749779,-0.19644138,0
-0.59795952,-4.0716972,-2.766788,0.17060792,-0.27837113,-0.94519967,0
-1.1211023,2.4257393,2.7612848,-0.17060792,0.27837113,0.94519967,0
1.8538122,3.0460477,1.9814613,0.97818959,-0.06749779,0.19644138,0
0.8708173,3.2194238,-2.5061171,0.11848241,0.95809889,-0.26078409,0
0.088606358,-4.4125018,-0.11762476,-0.11848241,-0.95809889,0.26078409,0
1.7014233,-1.9376699,0.77395761,0.97818959,-0.06749779,0.19644138,0
-0.53281689,-1.1123776,-3.4651313,0.17060792,-0.27837113,-0.94519967,0
-1.538898,-4.4650793,-1.8487608,-0.11848241,-0.95809889,0.26078409,0
1.5203314,-2.7057986,-2.8124208,0.17060792,-0.27837113,-0.94519967,0
-1.8425796,-2.9048703,-2.3092716,-0.97818959,0.06749779,-0.19644138,0
2.7967567,1.3728397,-3.8046231,0.17060792,-0.27837113,-0.94519967,0
1.9898304,-0.94492066,0.86618137,0.97818959,-0.06749779,0.19644138,0
-2.1720147,-4.2438302,-0.48360825,-0.11848241,-0.95809889,0.26078409,0
-1.5830636,2.2016857,-1.512551,-0.97818959,0.06749779,-0.19644138,0
2.0560846,3.6016059,-0.83613133,0.11848241,0.95809889,-0.26078409,0
-1.5883765,-2.4697945,-2.3651624,-0.97818959,0.06749779,-0.19644138,0
0.60116291,2.8349955,-4.3912177,0.11848241,0.95809889,-0.26078409,0
-1.9167781,-4.561492,-2.2745559,-0.97818959,0.06749779,-0.19644138,0
1.1362166,1.3793133,-4.0684457,0.17060792,-0.27837113,-0.94519967,0
1.9259933,1.6844425,-4.0107245,0.17060792,-0.27837113,-0.94519967,0
-1.8912568,4.5442405,0.67416358,-0.97818959,0.06749779,-0.19644138,0
1.3940353,3.2447233,2.9186544,-0.17060792,0.27837113,0.94519967,0
0.51387048,-0.35466698,4.0973892,-0.17060792,0.27837113,0.94519967,0
-0.63652563,-4.7345858,-1.8281212,-0.11848241,-0.95809889,0.26078409,0
2.0969086,1.9444737,-3.8172331,0.17060792,-0.27837113,-0.94519967,0
2.0123134,1.5646513,-3.746294,0.17060792,-0.27837113,-0.94519967,0
0.23761845,-3.1065118,-2.5509663,0.17060792,-0.27837113,-0.94519967,0
-0.30489182,1.1125562,-4.1743426,0.17060792,-0.27837113,-0.94519967,0
0.83809114,-0.53865469,-3.5172856,0.17060792,-0.27837113,-0.94519967,0
-2.6762726,-1.2943585,3.4585407,-0.17060792,0.27837113,0.94519967,0
2.2582943,0.60393238,-1.6116424,0.97818959,-0.06749779,0.19644138,0
-2.2856822,-0.64090657,0.75639224,-0.97818959,0.06749779,-0.19644138,0
2.5489066,1.3731134,-2.0558591,0.97818959,-0.06749779,0.19644138,0
2.7220969,-0.61126065,-3.0176957,0.97818959,-0.06749779,0.19644138,0
2.0229976,-2.4232917,-0.58009672,0.97818959,-0.06749779,0.19644138,0
-1.4992325,-2.9885929,3.6747911,-0.11848241,-0.95809889,0.26078409,0
0.5384692,-3.2255929,4.1303678,-0.11848241,-0.95809889,0.26078409,0
1.5968566,-4.1048265,0.25963664,0.97818959,-0.06749779,0.19644138,0
-1.1079338,0.86449063,3.0429757,-0.17060792,0.27837113,0.94519967,0
-2.6056504,-3.2417669,2.1176865,-0.11848241,-0.95809889,0.26078409,0
0.50241995,1.9178219,3.2593832,-0.17060792,0.27837113,0.94519967,0
-2.4681597,-3.2976131,2.8536077,-0.11848241,-0.95809889,0.26078409,0
0.29409838,2.5528996,3.197408,-0.17060792,0.27837113,0.94519967,0
-0.87425208,-0.44417417,3.8633251,-0.17060792,0.27837113,0.94519967,0
1.2656078,0.74905407,-3.629797,0.17060792,-0.27837113,-0.94519967,0
-2.4789875,-3.0117011,2.9675663,-0.11848241,-0.95809889,0.26078409,0
0.62038696,-3.7832346,1.0267227,-0.11848241,-0.95809889,0.26078409,0
-2.0568423,1.9917647,0.44982615,-0.97818959,0.06749779,-0.19644138,0
-0.75926828,-4.5191069,-1.9461491,-0.11848241,-0.95809889,0.26078409,0
1.6909729,-0.74217039,1.8115549,0.97818959,-0.06749779,0.19644138,0
-0.02798748,-4.099164,0.70617008,-0.11848241,-0.95809889,0.26078409,0
1.7457074,2.9563341,-2.9399328,0.11848241,0.95809889,-0.26078409,0
0.071362019,-2.1915429,-2.9744616,0.17060792,-0.27837113,-0.94519967,0
0.67560816,4.3671789,0.91433167,0.11848241,0.95809889,-0.26078409,0
1.9592648,3.5397396,2.549453,0.97818959,-0.06749779,0.19644138,0
1.14587,-2.6567657,3.477644,0.97818959,-0.06749779,0.19644138,0
1.2342502,-3.1308413,2.0922668,0.97818959,-0.06749779,0.19644138,0
-1.230273,3.633965,-3.120203,0.11848241,0.95809889,-0.26078409,0
-1.5389254,4.4670725,1.1051023,0.11848241,0.95809889,-0.26078409,0
0.25286674,-4.3073397,-2.4044051,0.17060792,-0.27837113,-0.94519967,0
2.1522448,-3.1915498,-1.6814332,0.97818959,-0.06749779,0.19644138,0
-1.6174073,4.3128743,0.382267,0.11848241,0.95809889,-0.26078409,0
-0.33752584,1.8303083,-4.1593866,0.17060792,-0.27837113,-0.94519967,0
1.6506999,-3.6472933,1.0500706,0.97818959,-0.06749779,0.19644138,0
-2.4023664,-2.5938778,1.650058,-0.97818959,0.06749779,-0.19644138,0
-0.92825055,3.1410148,-4.2637844,0.11848241,0.95809889,-0.26078409,0
0.98589635,1.0961852,-3.7062535,0.17060792,-0.27837113,-0.94519967,0
-0.85112619,0.96879649,-3.9716501,0.17060792,-0.27837113,-0.94519967,0
1.4847236,-1.1213274,2.274678,0.97818959,-0.06749779,0.19644138,0
2.0609727,-1.6774284,0.050942436,0.97818959,-0.06749779,0.19644138,0
-1.2948372,4.4905696,0.9894824,0.11848241,0.95809889,-0.26078409,0
1.952001,0.74697137,-3.4379272,0.17060792,-0.27837113,-0.94519967,0
1.7515218,2.5942016,1.9126571,0.97818959,-0.06749779,0.19644138,0
1.4989104,-0.64440751,2.1214309,0.97818959,-0.06749779,0.19644138,0
-0.33049965,-4.7447958,-1.8513806,-0.11848241,-0.95809889,0.26078409,0
-1.0502847,-3.4997935,1.244802,-0.11848241,-0.95809889,0.26078409,0
1.9356811,3.3241019,-2.503994,0.11848241,0.95809889,-0.26078409,0
2.2690539,2.1750724,-1.3157713,0.97818959,-0.06749779,0.19644138,0
1.5943372,-0.087717295,2.6562414,0.97818959,-0.06749779,0.19644138,0
1.5875392,1.4103379,1.9326179,0.97818959,-0.06749779,0.19644138,0
-0.52792788,0.64220661,-4.1539764,0.17060792,-0.27837113,-0.94519967,0
2.4473219,1.7116072,-3.8230922,0.17060792,-0.27837113,-0.94519967,0
2.3141618,-1.2099643,-1.7315387,0.97818959,-0.06749779,0.19644138,0
1.7481596,1.7965968,1.6998261,0.97818959,-0.06749779,0.19644138,0
0.61924267,4.5510321,1.3002725,0.11848241,0.95809889,-0.26078409,0
3.0029771,2.0039842,-3.3444886,0.97818959,-0.06749779,0.19644138,0
-0.80065036,3.3576531,-2.7846773,0.11848241,0.95809889,-0.26078409,0
1.7492898,-4.3227057,0.26479721,-0.11848241,-0.95809889,0.26078409,0
-2.0470781,2.3243337,1.5558121,-0.97818959,0.06749779,-0.19644138,0
-0.44977665,-3.0805039,-2.8704736,0.17060792,-0.27837113,-0.94519967,0
1.3916619,3.3434696,-2.4160442,0.11848241,0.95809889,-0.26078409,0
1.2374842,-1.0592299,4.2223864,-0.17060792,0.27837113,0.94519967,0
0.22854757,-0.55509865,3.8497872,-0.17060792,0.27837113,0.94519967,0
-1.8497405,-1.8985289,-2.1610026,-0.97818959,0.06749779,-0.19644138,0
-2.4382863,1.2185168,2.5058827,-0.97818959,0.06749779,-0.19644138,0
1.5677872,3.2319214,-2.7203898,0.11848241,0.95809889,-0.26078409,0
-2.0915964,0.16985345,1.0296828,-0.97818959,0.06749779,-0.19644138,0
0.25967169,-2.9830039,-2.6032841,0.17060792,-0.27837113,-0.94519967,0
-2.4282618,-3.3699079,2.1022005,-0.11848241,-0.95809889,0.26078409,0
-1.5348092,-2.6418066,4.202023,-0.11848241,-0.95809889,0.26078409,0
-1.3644092,1.4946687,-3.4204478,-0.97818959,0.06749779,-0.19644138,0
1.8813214,4.5689673,1.7539113,0.11848241,0.95809889,-0.26078409,0
2.2722471,-2.0129635,-2.67015,0.97818959,-0.06749779,0.19644138,0
1.7758489,4.1516237,0.023527622,0.11848241,0.95809889,-0.26078409,0
1.4580858,-4.6092978,-0.26551771,-0.11848241,-0.95809889,0.26078409,0
-2.0265279,3.6585617,0.39626455,-0.97818959,0.06749779,-0.19644138,0
-1.6010385,-3.6426156,1.2428956,-0.11848241,-0.95809889,0.26078409,0
0.80150032,-1.0357418,-3.1620979,0.17060792,-0.27837113,-0.94519967,0
2.7875342,2.7018471,-2.4269567,0.97818959,-0.06749779,0.19644138,0
2.2919798,-0.080153704,-3.2914462,0.17060792,-0.27837113,-0.94519967,0
-1.5192862,4.1913433,2.1779432,-0.17060792,0.27837113,0.94519967,0
-0.19503927,-3.9706471,0.23121476,-0.11848241,-0.95809889,0.26078409,0
-0.13592386,3.647743,-1.6669681,0.11848241,0.95809889,-0.26078409,0
1.6566397,-3.6788611,0.25464702,0.97818959,-0.06749779,0.19644138,0
1.052424,1.6879673,3.2212741,-0.17060792,0.27837113,0.94519967,0
-1.5819569,-2.8271132,3.6621804,-0.11848241,-0.95809889,0.26078409,0
1.5391319,-0.076337814,1.9565265,0.97818959,-0.06749779,0.19644138,0
0.21881628,2.257808,3.2237203,-0.17060792,0.27837113,0.94519967,0
1.1128775,-1.8906859,3.9519293,0.97818959,-0.06749779,0.19644138,0
1.6268868,-2.1095028,-2.9422588,0.17060792,-0.27837113,-0.94519967,0
2.1440887,3.2642746,1.2034979,0.97818959,-0.06749779,0.19644138,0
-0.92633247,3.1212058,2.5304148,-0.17060792,0.27837113,0.94519967,0
-0.01938343,0.56317455,-3.866749,0.17060792,-0.27837113,-0.94519967,0
2.2381604,-1.8546283,-1.8146017,0.97818959,-0.06749779,0.19644138,0
0.032914639,1.6143322,3.0351543,-0.17060792,0.27837113,0.94519967,0
-0.064640999,-3.9915833,0.89001036,-0.11848241,-0.95809889,0.26078409,0
0.91567612,4.3097496,1.4837019,0.11848241,0.95809889,-0.26078409,0
-0.6954565,-3.9641922,-0.12764668,-0.11848241,-0.95809889,0.26078409,0
-1.9105999,3.0802841,2.5191216,-0.17060792,0.27837113,0.94519967,0
2.59517,1.1020808,-3.6771488,0.17060792,-0.27837113,-0.94519967,0
0.89900208,-4.120389,0.28128767,-0.11848241,-0.95809889,0.26078409,0
-0.46811008,3.6254613,2.4852023,-0.17060792,0.27837113,0.94519967,0
-1.4914527,-3.5835643,1.5783896,-0.11848241,-0.95809889,0.26078409,0
0.28814316,4.6981907,1.5099287,0.11848241,0.95809889,-0.26078409,0
-1.6035906,1.8759642,-1.7820392,-0.97818959,0.06749779,-0.19644138,0
-1.5952581,-3.6954277,0.94703102,-0.11848241,-0.95809889,0.26078409,0
-1.5847554,-4.6122332,-2.633492,0.17060792,-0.27837113,-0.94519967,0
2.3417974,2.6558595,-0.18769526,0.97818959,-0.06749779,0.19644138,0
1.9084163,-4.1986694,-0.47332454,0.97818959,-0.06749779,0.19644138,0
-2.1590669,-3.3711257,-0.55696392,-0.97818959,0.06749779,-0.19644138,0
-1.3278108,2.8563468,-2.3790517,-0.97818959,0.06749779,-0.19644138,0
-1.7994266,-2.3812263,4.0527201,-0.17060792,0.27837113,0.94519967,0
-0.075738072,3.1506643,-4.4175873,0.11848241,0.95809889,-0.26078409,0
-1.7870616,1.6753492,0.043293595,-0.97818959,0.06749779,-0.19644138,0
-2.2160978,-2.7312613,4.1600742,-0.17060792,0.27837113,0.94519967,0
-2.9356599,-1.4905024,3.0196013,-0.97818959,0.06749779,-0.19644138,0
-0.71623182,-2.4840851,4.1708488,-0.17060792,0.27837113,0.94519967,0
0.36382228,-3.395364,3.4828072,-0.11848241,-0.95809889,0.26078409,0
0.49326277,1.4339067,3.4283457,-0.17060792,0.27837113,0.94519967,0
2.4809175,0.58695364,-2.5016689,0.97818959,-0.06749779,0.19644138,0
-1.6191719,4.6164656,1.4721438,0.11848241,0.95809889,-0.26078409,0
0.52963138,-3.9586649,0.43560672,-0.11848241,-0.95809889,0.26078409,0
-2.8562279,-2.5671642,3.8290868,-0.17060792,0.27837113,0.94519967,0
1.6860123,3.7655845,-0.52836823,0.11848241,0.95809889,-0.26078409,0
0.25728178,-3.0859289,-2.8099675,0.17060792,-0.27837113,-0.94519967,0
2.0117157,0.38449109,0.86495852,0.97818959,-0.06749779,0.19644138,0
-1.9285541,-4.5317707,-2.1643972,-0.11848241,-0.95809889,0.26078409,0
-2.0078716,0.90662932,3.0780385,-0.17060792,0.27837113,0.94519967,0
-1.3683815,1.2592332,-3.1447091,-0.97818959,0.06749779,-0.19644138,0
-2.5102675,-3.6060801,1.3237755,-0.11848241,-0.95809889,0.26078409,0
1.2904238,3.3846416,-2.2258937,0.11848241,0.95809889,-0.26078409,0
-2.3441103,-0.34996581,1.8961421,-0.97818959,0.06749779,-0.19644138,0
-1.6450896,1.6327959,2.990905,-0.17060792,0.27837113,0.94519967,0
-0.6266489,4.5442362,0.76224351,0.11848241,0.95809889,-0.26078409,0
-2.8536215,-2.6698382,2.3037181,-0.97818959,0.06749779,-0.19644138,0
0.73437619,1.0368053,-4.0337138,0.17060792,-0.27837113,-0.94519967,0
0.088081315,3.2706118,-2.7162986,0.11848241,0.95809889,-0.26078409,0
2.1193547,-2.610023,-2.6455917,0.17060792,-0.27837113,-0.94519967,0
-1.1357489,-4.457118,-1.9356842,-0.11848241,-0.95809889,0.26078409,0
-0.5181129,2.4267952,-4.4116182,0.17060792,-0.27837113,-0.94519967,0
1.6490057,0.62367249,1.5666211,0.97818959,-0.06749779,0.19644138,0
0.040024519,-3.8114486,0.9685092,-0.11848241,-0.95809889,0.26078409,0
-0.082965851,0.49135578,-3.7171719,0.17060792,-0.27837113,-0.94519967,0
2.0859027,3.4350648,1.4038427,0.97818959,-0.06749779,0.19644138,0
-0.85345268,-4.5219355,-1.5644135,-0.11848241,-0.95809889,0.26078409,0
-0.11430216,3.1032641,2.693028,-0.17060792,0.27837113,0.94519967,0
1.4172618,0.63708878,3.7708163,0.97818959,-0.06749779,0.19644138,0
2.494489,3.4241226,-0.92370081,0.11848241,0.95809889,-0.26078409,0
-1.7933631,-2.140681,-2.4619627,-0.97818959,0.06749779,-0.19644138,0
0.8589766,-3.90657,2.0892429,-0.11848241,-0.95809889,0.26078409,0
0.030170441,1.3830317,3.3795462,-0.17060792,0.27837113,0.94519967,0
2.0481658,-2.6678658,-2.6479263,0.17060792,-0.27837113,-0.94519967,0
-1.5829489,1.1038511,3.1433351,-0.17060792,0.27837113,0.94519967,0
-2.292233,-3.398201,-0.44060469,-0.97818959,0.06749779,-0.19644138,0
0.82456493,4.5643773,2.1458611,0.11848241,0.95809889,-0.26078409,0
1.3092628,-4.4117336,0.05108881,-0.11848241,-0.95809889,0.26078409,0
-1.9202993,-3.4147139,2.0219054,-0.11848241,-0.95809889,0.26078409,0
2.1150692,1.1214076,0.67114997,0.97818959,-0.06749779,0.19644138,0
-0.57620478,-3.3492455,-2.8163052,0.17060792,-0.27837113,-0.94519967,0
0.41623908,3.6811583,-1.8507712,0.11848241,0.95809889,-0.26078409,0
1.6470656,-2.1461616,-2.9101799,0.17060792,-0.27837113,-0.94519967,0
0.89567351,4.2306108,0.22953176,0.11848241,0.95809889,-0.26078409,0
2.0613484,-2.760752,-0.23550969,0.97818959,-0.06749779,0.19644138,0
-0.74741054,4.1940689,0.25366831,0.11848241,0.95809889,-0.26078409,0
2.2475581,1.8814036,-0.916435,0.97818959,-0.06749779,0.19644138,0
-1.809808,2.5726666,2.7901638,-0.17060792,0.27837113,0.94519967,0
-2.0293441,4.6086679,2.1050906,-0.17060792,0.27837113,0.94519967,0
-2.2111182,1.9955106,1.6763108,-0.97818959,0.06749779,-0.19644138,0
1.9543916,3.6932125,-1.0827384,0.11848241,0.95809889,-0.26078409,0
-0.74952698,4.2823873,0.0734694,0.11848241,0.95809889,-0.26078409,0
-2.400702,1.5771935,1.7365695,-0.97818959,0.06749779,-0.19644138,0
1.6692088,-0.34768558,-3.2703769,0.17060792,-0.27837113,-0.94519967,0
-2.1035964,-3.4102595,-1.8935125,-0.97818959,0.06749779,-0.19644138,0
-1.0722289,-2.6285861,-3.0867643,0.17060792,-0.27837113,-0.94519967,0
-2.8375087,-0.53189182,3.3514628,-0.97818959,0.06749779,-0.19644138,0
0.8618722,1.0840592,-3.8194351,0.17060792,-0.27837113,-0.94519967,0
1.1872091,2.6021123,3.1585538,-0.17060792,0.27837113,0.94519967,0
1.6191096,-1.0413775,-3.1232986,0.17060792,-0.27837113,-0.94519967,0
1.977927,1.0464222,1.2187545,0.97818959,-0.06749779,0.19644138,0
0.11442685,-1.9413792,4.2007227,-0.17060792,0.27837113,0.94519967,0
2.7529635,2.4794574,-3.0967126,0.97818959,-0.06749779,0.19644138,0
1.505144,-1.2715197,2.6354413,0.97818959,-0.06749779,0.19644138,0
-1.4562737,-3.156364,3.6519868,-0.11848241,-0.95809889,0.26078409,0
-0.18261194,-4.6808844,-1.5265298,-0.11848241,-0.95809889,0.26078409,0
-1.8867316,-4.4949098,-1.4908214,-0.11848241,-0.95809889,0.26078409,0
-1.8126144,-4.6832604,-2.4523716,-0.11848241,-0.95809889,0.26078409,0
1.6932294,0.50107944,1.4056978,0.97818959,-0.06749779,0.19644138,0
2.2866893,-1.9279783,-1.1720617,0.97818959,-0.06749779,0.19644138,0
-0.61281061,4.34975,2.5037584,-0.17060792,0.27837113,0.94519967,0
0.52439618,-1.5754039,4.3421388,-0.17060792,0.27837113,0.94519967,0
0.66644669,4.4901896,0.96675611,0.11848241,0.95809889,-0.26078409,0
-1.1579883,4.45332,0.6461935,0.11848241,0.95809889,-0.26078409,0
-1.5187335,-4.3757405,-0.71904683,-0.11848241,-0.95809889,0.26078409,0
0.67800778,3.0455928,-3.083498,0.11848241,0.95809889,-0.26078409,0
-1.8254395,3.9775763,2.2116158,-0.17060792,0.27837113,0.94519967,0
-1.607399,-1.1956713,-2.8381991,-0.97818959,0.06749779,-0.19644138,0
-0.23296237,0.29680336,-3.9865146,0.17060792,-0.27837113,-0.94519967,0
-1.9293612,-2.0448389,3.972599,-0.17060792,0.27837113,0.94519967,0
-2.5583785,-2.4838223,1.3275318,-0.97818959,0.06749779,-0.19644138,0
-2.2865179,-3.9976444,-0.30517006,-0.11848241,-0.95809889,0.26078409,0
-1.6384599,-0.30006194,3.5053658,-0.17060792,0.27837113,0.94519967,0
1.4872093,4.1018991,2.7194757,-0.17060792,0.27837113,0.94519967,0
0.22333801,-3.1060333,4.6068025,-0.11848241,-0.95809889,0.26078409,0
2.6741107,-1.3537362,-2.8086891,0.17060792,-0.27837113,-0.94519967,0
0.57174242,3.1530895,-3.4926109,0.11848241,0.95809889,-0.26078409,0
0.90427375,-4.1523256,-0.2718761,-0.11848241,-0.95809889,0.26078409,0
-1.4503703,4.1621857,2.0845971,-0.17060792,0.27837113,0.94519967,0
1.5600064,3.2921727,-2.065217,0.11848241,0.95809889,-0.26078409,0
-2.3119259,-1.4792311,3.6044505,-0.17060792,0.27837113,0.94519967,0
3.0016427,2.6004848,-4.1140785,0.17060792,-0.27837113,-0.94519967,0
1.6322353,-0.32892358,1.9393789,0.97818959,-0.06749779,0.19644138,0
0.28200531,1.3037157,-3.8865547,0.17060792,-0.27837113,-0.94519967,0
-0.53059196,-1.2055757,3.9570825,-0.17060792,0.27837113,0.94519967,0
1.2748212,-2.1308699,3.8204165,0.97818959,-0.06749779,0.19644138,0
-1.912873,1.8298086,-0.34968913,-0.97818959,0.06749779,-0.19644138,0
1.4664752,-1.1818247,-2.9139085,0.17060792,-0.27837113,-0.94519967,0
-0.46221733,-2.1355264,-3.1580796,0.17060792,-0.27837113,-0.94519967,0
-2.5582676,-2.3159566,2.2670391,-0.97818959,0.06749779,-0.19644138,0
2.0405664,3.9274273,-0.4128356,0.11848241,0.95809889,-0.26078409,0
-1.4605018,-1.4674314,3.7195635,-0.17060792,0.27837113,0.94519967,0
-1.9656291,-2.9083939,4.0149336,-0.11848241,-0.95809889,0.26078409,0
0.71855378,1.5226744,3.2786417,-0.17060792,0.27837113,0.94519967,0
-1.5048367,-3.6957505,1.8192565,-0.11848241,-0.95809889,0.26078409,0
2.3948615,-1.0643697,-2.397387,0.97818959,-0.06749779,0.19644138,0
0.21034813,-3.3240466,-2.5232098,0.17060792,-0.27837113,-0.94519967,0
2.0260758,0.69969022,0.98751605,0.97818959,-0.06749779,0.19644138,0
-0.20777869,-0.73511833,-3.6868773,0.17060792,-0.27837113,-0.94519967,0
-0.87656522,4.5406303,0.37662172,0.11848241,0.95809889,-0.26078409,0
2.5051799,1.4285715,-2.7733552,0.97818959,-0.06749779,0.19644138,0
0.56803703,-4.9607725,-1.9058928,-0.11848241,-0.95809889,0.26078409,0
-1.7410705,-1.2543466,-1.6315942,-0.97818959,0.06749779,-0.19644138,0
-1.3441625,-1.2079823,-3.2650836,-0.97818959,0.06749779,-0.19644138,0
-1.3752108,1.1371186,-2.0965054,-0.97818959,0.06749779,-0.19644138,0
1.3325876,-1.7992251,3.5130064,0.97818959,-0.06749779,0.19644138,0
-0.84934688,4.2338276,0.20049119,0.11848241,0.95809889,-0.26078409,0
0.0058698654,2.6921415,-4.7045045,0.17060792,-0.27837113,-0.94519967,0
0.42668867,-0.64081657,-3.5024939,0.17060792,-0.27837113,-0.94519967,0
1.2202933,-3.0113368,2.692889,0.97818959,-0.06749779,0.19644138,0
-2.0719981,-3.0385883,2.5987349,-0.11848241,-0.95809889,0.26078409,0
-1.8365791,-3.0830069,-2.2171516,-0.97818959,0.06749779,-0.19644138,0
-0.90345478,4.6520882,1.6505476,0.11848241,0.95809889,-0.26078409,0
2.0092711,2.1698744,1.7424169,0.97818959,-0.06749779,0.19644138,0
2.6149249,-1.3163643,-2.7654152,0.97818959,-0.06749779,0.19644138,0
-2.0702119,-4.2519054,-1.9336135,-0.11848241,-0.95809889,0.26078409,0
2.5149863,1.8273778,-1.8340604,0.97818959,-0.06749779,0.19644138,0
-2.2949438,-1.1897783,0.58485246,-0.97818959,0.06749779,-0.19644138,0
-1.4993546,0.058769077,-3.5595632,-0.97818959,0.06749779,-0.19644138,0
-2.0066864,-0.22004092,-0.98272765,-0.97818959,0.06749779,-0.19644138,0
-2.0426962,-3.3947921,-1.2600515,-0.97818959,0.06749779,-0.19644138,0
-2.7089069,-2.9403789,3.3776577,-0.11848241,-0.95809889,0.26078409,0
2.2604046,2.9179645,-3.2106037,0.11848241,0.95809889,-0.26078409,0
-1.4568653,-4.3654127,-1.0205607,-0.11848241,-0.95809889,0.26078409,0
2.1037407,3.6010075,-1.9027948,0.11848241,0.95809889,-0.26078409,0
-0.68950891,2.6345694,2.8245566,-0.17060792,0.27837113,0.94519967,0
-1.6077068,-2.5987415,-3.0273733,-0.97818959,0.06749779,-0.19644138,0
-2.3034723,-3.4633877,1.8963108,-0.11848241,-0.95809889,0.26078409,0
-1.6964827,-4.7566652,-2.5015612,-0.11848241,-0.95809889,0.26078409,0
2.6843588,2.7891831,-1.6963661,0.97818959,-0.06749779,0.19644138,0
-2.676156,-2.9924076,3.4570141,-0.11848241,-0.95809889,0.26078409,0
-0.63611555,-2.7989864,-3.1371224,0.17060792,-0.27837113,-0.94519967,0
-0.86585999,-3.7768273,-2.5881653,0.17060792,-0.27837113,-0.94519967,0
-0.052783728,-4.0919094,0.027529716,-0.11848241,-0.95809889,0.26078409,0
-0.6849699,4.660574,2.0853839,0.11848241,0.95809889,-0.26078409,0
-1.827682,-3.2689416,2.1343246,-0.11848241,-0.95809889,0.26078409,0
-2.8173685,-3.3965039,2.2577798,-0.11848241,-0.95809889,0.26078409,0
-1.1714673,-2.3711762,-3.3146446,0.17060792,-0.27837113,-0.94519967,0
-0.31769013,-0.77918017,3.6949158,-0.17060792,0.27837113,0.94519967,0
-0.058715343,-4.7489467,-1.5944045,-0.11848241,-0.95809889,0.26078409,0
2.0802329,-1.1572855,-1.3510855,0.97818959,-0.06749779,0.19644138,0
-1.7364537,-1.331879,-1.8221526,-0.97818959,0.06749779,-0.19644138,0
-2.067138,1.4068811,1.4823812,-0.97818959,0.06749779,-0.19644138,0
-0.053845882,4.3634048,0.49144936,0.11848241,0.95809889,-0.26078409,0
0.83726662,3.114059,-2.7892184,0.11848241,0.95809889,-0.26078409,0
2.7906866,1.9480665,-2.0707464,0.97818959,-0.06749779,0.19644138,0
-1.1247256,0.47328648,-3.5470192,-0.97818959,0.06749779,-0.19644138,0
1.1131647,0.47297835,3.8255522,-0.17060792,0.27837113,0.94519967,0
0.88933158,4.3346472,0.43684292,0.11848241,0.95809889,-0.26078409,0
1.8138469,1.4110217,1.5782765,0.97818959,-0.06749779,0.19644138,0
-1.5060067,-4.5437565,-1.4295866,-0.11848241,-0.95809889,0.26078409,0
0.69895363,-4.2818251,-2.1886075,0.17060792,-0.27837113,-0.94519967,0
2.4593253,2.748251,-2.0237162,0.97818959,-0.06749779,0.19644138,0
-2.0890355,0.74945545,1.224893,-0.97818959,0.06749779,-0.19644138,0
-0.89025927,-2.0299184,-3.252655,0.17060792,-0.27837113,-0.94519967,0
0.15205693,-4.2684002,0.056849957,-0.11848241,-0.95809889,0.26078409,0
2.1541867,1.9957695,-3.7375903,0.17060792,-0.27837113,-0.94519967,0
-1.0362701,1.0555735,3.4045761,-0.17060792,0.27837113,0.94519967,0
2.4161513,1.8217572,-1.0803714,0.97818959,-0.06749779,0.19644138,0
0.54460692,1.1837747,-3.8408208,0.17060792,-0.27837113,-0.94519967,0
-0.095597342,3.485033,-2.5876245,0.11848241,0.95809889,-0.26078409,0
-0.010752469,3.2989454,-2.8127701,0.11848241,0.95809889,-0.26078409,0
2.7780054,0.36553526,-2.6024992,0.97818959,-0.06749779,0.19644138,0
0.28551531,4.1983232,0.75257421,0.11848241,0.95809889,-0.26078409,0
0.13911772,-4.8264151,-2.1715858,-0.11848241,-0.95809889,0.26078409,0
-0.59840298,-3.9571786,-2.7717314,0.17060792,-0.27837113,-0.94519967,0
-1.4216995,-0.80874723,-2.9134183,-0.97818959,0.06749779,-0.19644138,0
-1.6187723,-3.6156068,1.7712131,-0.11848241,-0.95809889,0.26078409,0
1.6394444,-0.013021052,2.3520188,0.97818959,-0.06749779,0.19644138,0
-1.5448161,-0.54763085,-2.3199942,-0.97818959,0.06749779,-0.19644138,0
-1.1869378,4.4362421,2.3185172,-0.17060792,0.27837113,0.94519967,0
-1.0149741,2.7735097,2.7365448,-0.17060792,0.27837113,0.94519967,0
0.30896902,3.3193853,2.5701184,-0.17060792,0.27837113,0.94519967,0
2.0603104,-0.18127823,-0.035631537,0.97818959,-0.06749779,0.19644138,0
2.5567577,3.3613181,-2.06352,0.11848241,0.95809889,-0.26078409,0
-1.602855,3.0594623,-0.84973705,-0.97818959,0.06749779,-0.19644138,0
-1.9344476,-4.0994301,0.12284088,-0.11848241,-0.95809889,0.26078409,0
0.66083097,2.6872096,3.2007368,-0.17060792,0.27837113,0.94519967,0
0.70897186,3.0995936,-4.3194351,0.11848241,0.95809889,-0.26078409,0
1.6784678,-0.031271696,-3.2321355,0.17060792,-0.27837113,-0.94519967,0
0.92637372,3.2415037,-2.4733245,0.11848241,0.95809889,-0.26078409,0
0.048367143,-2.9378603,4.2073069,-0.11848241,-0.95809889,0.26078409,0
-2.203361,0.86435103,3.104908,-0.17060792,0.27837113,0.94519967,0
-2.0098114,-2.5131001,-0.81464529,-0.97818959,0.06749779,-0.19644138,0
0.59614944,1.4390314,3.506928,-0.17060792,0.27837113,0.94519967,0
2.2469168,0.85346818,-1.1381811,0.97818959,-0.06749779,0.19644138,0
0.48531127,-4.415637,-0.69913173,-0.11848241,-0.95809889,0.26078409,0
-0.38335299,-2.9288461,3.8293166,-0.11848241,-0.95809889,0.26078409,0
-1.8609908,-0.059087753,-1.3941797,-0.97818959,0.06749779,-0.19644138,0
1.3188744,-4.4957614,-1.0004539,-0.11848241,-0.95809889,0.26078409,0
-2.4278252,0.1368854,1.0671946,-0.97818959,0.06749779,-0.19644138,0
1.0988714,3.0679891,-4.1931658,0.11848241,0.95809889,-0.26078409,0
1.8922358,4.4438386,2.6615663,-0.17060792,0.27837113,0.94519967,0
-1.7690134,-4.5559425,-1.9760301,-0.11848241,-0.95809889,0.26078409,0
-1.7707987,-1.3795598,3.9545178,-0.17060792,0.27837113,0.94519967,0
-0.35431796,-3.5666337,1.8891618,-0.11848241,-0.95809889,0.26078409,0
-0.61906648,1.5610061,3.1123214,-0.17060792,0.27837113,0.94519967,0
-1.1278486,-4.8208261,-2.1604166,-0.11848241,-0.95809889,0.26078409,0
-1.9799106,4.0730052,0.59601271,-0.97818959,0.06749779,-0.19644138,0
-0.85025954,-3.8629398,1.142828,-0.11848241,-0.95809889,0.26078409,0
2.1457593,0.89308274,0.4023819,0.97818959,-0.06749779,0.19644138,0
0.54643869,-4.4956894,-1.0865386,-0.11848241,-0.95809889,0.26078409,0
0.09209156,-4.6589298,-1.2715249,-0.11848241,-0.95809889,0.26078409,0
-2.6713824,0.0021746159,2.1950905,-0.97818959,0.06749779,-0.19644138,0
-0.32841206,-3.7114968,-2.6343503,0.17060792,-0.27837113,-0.94519967,0
-0.71182442,-1.1945268,4.0079041,-0.17060792,0.27837113,0.94519967,0
2.3266549,1.9244496,-1.4062898,0.97818959,-0.06749779,0.19644138,0
-1.732728,-4.4821687,-1.6338899,-0.11848241,-0.95809889,0.26078409,0
-0.53262973,-4.1495552,-0.11627483,-0.11848241,-0.95809889,0.26078409,0
0.91514897,-3.9415648,1.1248324,-0.11848241,-0.95809889,0.26078409,0
-0.38608885,-1.9095485,4.1396914,-0.17060792,0.27837113,0.94519967,0
-1.8613842,1.0027024,-0.23983522,-0.97818959,0.06749779,-0.19644138,0
-0.43775868,1.8593941,2.9912667,-0.17060792,0.27837113,0.94519967,0
-1.4323919,-2.7753797,4.2824993,-0.17060792,0.27837113,0.94519967,0
2.1802883,-4.5780153,-1.8493789,0.97818959,-0.06749779,0.19644138,0
1.6732352,0.97250557,2.7309995,0.97818959,-0.06749779,0.19644138,0
2.373487,3.2142737,0.13876843,0.97818959,-0.06749779,0.19644138,0
1.3891027,-3.3967798,1.453779,0.97818959,-0.06749779,0.19644138,0
1.5045731,-0.92874432,2.679733,0.97818959,-0.06749779,0.19644138,0
2.1057248,0.90427518,-0.37226045,0.97818959,-0.06749779,0.19644138,0
-1.9530373,-0.31160963,-1.4133446,-0.97818959,0.06749779,-0.19644138,0
0.34637666,0.21851993,-3.5337048,0.17060792,-0.27837113,-0.94519967,0
-0.82978535,2.5268886,-4.6880555,0.17060792,-0.27837113,-0.94519967,0
-1.496137,-2.7419412,3.8205414,-0.11848241,-0.95809889,0.26078409,0
1.1350791,3.1971452,-3.6815548,0.11848241,0.95809889,-0.26078409,0
0.16323352,4.3265715,0.44765162,0.11848241,0.95809889,-0.26078409,0
-2.7415538,-3.1063752,2.8457897,-0.11848241,-0.95809889,0.26078409,0
1.2347481,0.4276163,3.8149538,-0.17060792,0.27837113,0.94519967,0
1.9264128,2.6724999,0.92495179,0.97818959,-0.06749779,0.19644138,0
-1.7709155,-0.88460267,-2.4880824,-0.97818959,0.06749779,-0.19644138,0
2.3458848,3.3854902,-2.416748,0.11848241,0.95809889,-0.26078409,0
1.1228374,-2.8663893,3.0827954,0.97818959,-0.06749779,0.19644138,0
-0.94962335,-4.4414101,-0.67141438,-0.11848241,-0.95809889,0.26078409,0
1.7482481,-2.4821935,-2.4666958,0.17060792,-0.27837113,-0.94519967,0
0.033153057,-0.21397471,3.9699922,-0.17060792,0.27837113,0.94519967,0
-0.12006783,-1.8191457,4.2312155,-0.17060792,0.27837113,0.94519967,0
-1.7169498,-1.0823812,3.7434711,-0.17060792,0.27837113,0.94519967,0
0.58050847,-1.3001287,4.3437028,-0.17060792,0.27837113,0.94519967,0
-2.0758696,-2.1410956,-0.31356263,-0.97818959,0.06749779,-0.19644138,0
-0.4007411,0.88459396,-3.9658315,0.17060792,-0.27837113,-0.94519967,0
0.72558069,-4.6695528,-1.288661,-0.11848241,-0.95809889,0.26078409,0
-0.0098321438,-4.1412406,0.13748789,-0.11848241,-0.95809889,0.26078409,0
-1.7542717,-1.4764383,-2.9156058,-0.97818959,0.06749779,-0.19644138,0
-2.4394426,-0.59457731,2.0631847,-0.97818959,0.06749779,-0.19644138,0
0.95934963,-3.7083199,-2.3574717,0.17060792,-0.27837113,-0.94519967,0
-1.8448967,-2.1690123,-1.3417418,-0.97818959,0.06749779,-0.19644138,0
-1.9420694,-2.2041407,-0.60260367,-0.97818959,0.06749779,-0.19644138,0
-1.6757334,-3.8404689,0.86419415,-0.11848241,-0.95809889,0.26078409,0
-2.0097179,-0.8765763,-1.177747,-0.97818959,0.06749779,-0.19644138,0
-1.7184196,1.4472022,-2.0989571,-0.97818959,0.06749779,-0.19644138,0
1.6584084,-0.57705605,1.5023865,0.97818959,-0.06749779,0.19644138,0
2.7013342,1.3773451,-2.13311,0.97818959,-0.06749779,0.19644138,0
1.2139904,-3.1009028,2.5287061,0.97818959,-0.06749779,0.19644138,0
0.43732238,-2.9247367,4.5687122,-0.17060792,0.27837113,0.94519967,0
2.2322607,3.6265037,-1.6339281,0.11848241,0.95809889,-0.26078409,0
-2.4737351,-0.66698694,3.4280505,-0.17060792,0.27837113,0.94519967,0
-0.15294743,-4.7760339,-1.942915,-0.11848241,-0.95809889,0.26078409,0
-0.45348504,-3.1285868,3.0936699,-0.11848241,-0.95809889,0.26078409,0
0.18125904,-3.8478956,1.3084052,-0.11848241,-0.95809889,0.26078409,0
0.58414268,-1.9767251,4.3444257,-0.17060792,0.27837113,0.94519967,0
1.5354913,3.7526891,-0.89877176,0.11848241,0.95809889,-0.26078409,0
0.21073627,0.88408887,3.3129468,-0.17060792,0.27837113,0.94519967,0
-0.88410044,-3.8960662,-2.8415327,0.17060792,-0.27837113,-0.94519967,0
2.6664822,1.8719027,-2.6606858,0.97818959,-0.06749779,0.19644138,0
-1.941484,3.6723459,1.2084401,-0.97818959,0.06749779,-0.19644138,0
0.93637013,4.3793983,0.73251486,0.11848241,0.95809889,-0.26078409,0
0.48620844,3.9528627,-0.90360546,0.11848241,0.95809889,-0.26078409,0
2.1362767,3.5310667,-1.0385821,0.11848241,0.95809889,-0.26078409,0
-1.6243811,4.8923645,1.8614982,0.11848241,0.95809889,-0.26078409,0
0.54852271,4.3083534,0.94402575,0.11848241,0.95809889,-0.26078409,0
2.5219111,0.020497561,-2.5114412,0.97818959,-0.06749779,0.19644138,0
-1.1245705,-1.9589192,3.9068565,-0.17060792,0.27837113,0.94519967,0
1.3340855,-3.6791444,1.378899,0.97818959,-0.06749779,0.19644138,0
0.73075414,2.9740303,-4.4628744,0.11848241,0.95809889,-0.26078409,0
1.9823645,3.728807,-0.1700201,0.11848241,0.95809889,-0.26078409,0
1.7165031,-4.7027287,-1.8254015,0.17060792,-0.27837113,-0.94519967,0
2.9961543,2.7148626,-3.2284386,0.97818959,-0.06749779,0.19644138,0
0.29232073,-1.0544252,-3.2844558,0.17060792,-0.27837113,-0.94519967,0
-0.11713743,-4.3179426,-0.18479037,-0.11848241,-0.95809889,0.26078409,0
1.5466893,2.194077,2.56444,0.97818959,-0.06749779,0.19644138,0
2.2789273,0.72585297,-0.52268755,0.97818959,-0.06749779,0.19644138,0
-2.4812193,-3.3921244,1.2566252,-0.11848241,-0.95809889,0.26078409,0
-1.9579568,-2.4600179,-0.3659966,-0.97818959,0.06749779,-0.19644138,0
2.6847191,1.9883692,-1.7979529,0.97818959,-0.06749779,0.19644138,0
1.6645675,-0.54191351,-3.4044604,0.17060792,-0.27837113,-0.94519967,0
-0.46089268,-0.29638159,3.7991416,-0.17060792,0.27837113,0.94519967,0
-1.1996661,-2.8306823,4.0746784,-0.11848241,-0.95809889,0.26078409,0
1.8188858,-2.8201747,-2.5454645,0.17060792,-0.27837113,-0.94519967,0
1.6262622,4.5082822,1.5292327,0.11848241,0.95809889,-0.26078409,0
0.17736173,4.0831289,0.33539367,0.11848241,0.95809889,-0.26078409,0
1.803237,0.27311945,-3.4942749,0.17060792,-0.27837113,-0.94519967,0
-0.50599253,3.9864151,-1.2891295,0.11848241,0.95809889,-0.26078409,0
-2.0375216,1.1348234,0.96818352,-0.97818959,0.06749779,-0.19644138,0
-1.9318039,0.07328105,0.26351792,-0.97818959,0.06749779,-0.19644138,0
0.97153616,3.5394988,2.8083127,-0.17060792,0.27837113,0.94519967,0
1.0458672,1.9153775,-4.0208364,0.17060792,-0.27837113,-0.94519967,0
0.86464423,3.2199492,-3.0697806,0.11848241,0.95809889,-0.26078409,0
0.47041893,3.0263026,3.0051255,-0.17060792,0.27837113,0.94519967,0
-0.58040214,3.1540847,-4.5349226,0.17060792,-0.27837113,-0.94519967,0
1.3813281,3.7926559,-0.093571424,0.11848241,0.95809889,-0.26078409,0
0.90614069,3.654084,-1.9053175,0.11848241,0.95809889,-0.26078409,0
2.193156,-0.094887972,-0.66617835,0.97818959,-0.06749779,0.19644138,0
-0.93104029,-3.6793218,-2.582417,0.17060792,-0.27837113,-0.94519967,0
1.6440911,4.4461527,2.5740285,0.97818959,-0.06749779,0.19644138,0
2.1644766,1.5242845,-0.89598823,0.97818959,-0.06749779,0.19644138,0
0.1752618,3.5498362,-1.9779041,0.11848241,0.95809889,-0.26078409,0
-1.9532833,4.2554984,0.11841488,-0.97818959,0.06749779,-0.19644138,0
0.017295122,0.77789575,-4.0187802,0.17060792,-0.27837113,-0.94519967,0
1.9201453,-3.4458888,-2.3744948,0.17060792,-0.27837113,-0.94519967,0
2.3835607,2.994107,-3.9716406,0.11848241,0.95809889,-0.26078409,0
-0.93802834,1.5882424,2.9883051,-0.17060792,0.27837113,0.94519967,0
2.1069734,3.1672764,-3.3610644,0.11848241,0.95809889,-0.26078409,0
-1.4304495,-4.0718565,-0.33194542,-0.11848241,-0.95809889,0.26078409,0
-0.013053894,-4.6328168,-2.371309,-0.11848241,-0.95809889,0.26078409,0
0.97974849,-4.1027236,1.3627384,-0.11848241,-0.95809889,0.26078409,0
0.37783718,-0.93508792,-3.2858472,0.17060792,-0.27837113,-0.94519967,0
1.6594112,1.8809108,1.9412048,0.97818959,-0.06749779,0.19644138,0
-0.20090246,-4.1744957,-0.61008143,-0.11848241,-0.95809889,0.26078409,0
0.65704548,-3.9066601,1.428442,-0.11848241,-0.95809889,0.26078409,0
-0.69898415,1.9496437,-4.4797306,0.17060792,-0.27837113,-0.94519967,0
0.74739122,3.7644238,-1.4328423,0.11848241,0.95809889,-0.26078409,0
1.2760961,-4.6702166,-0.56090498,-0.11848241,-0.95809889,0.26078409,0
-1.9286697,3.0892854,1.4027669,-0.97818959,0.06749779,-0.19644138,0
-0.90939283,4.201674,-0.11257958,0.11848241,0.95809889,-0.26078409,0
0.67166734,2.9066651,-3.9527612,0.11848241,0.95809889,-0.26078409,0
1.5664928,4.1322145,0.22051239,0.11848241,0.95809889,-0.26078409,0
-1.8660449,0.086458802,-1.2979436,-0.97818959,0.06749779,-0.19644138,0
-0.043016434,-2.2065976,4.2331076,-0.17060792,0.27837113,0.94519967,0
-0.015964031,-1.7772615,-3.2998607,0.17060792,-0.27837113,-0.94519967,0
0.75388223,2.9970191,-3.2914834,0.11848241,0.95809889,-0.26078409,0
0.37671304,3.8786016,-1.6712513,0.11848241,0.95809889,-0.26078409,0
-2.2173364,1.8712561,2.4215865,-0.97818959,0.06749779,-0.19644138,0
-1.2475879,-0.094493881,-3.5978251,-0.97818959,0.06749779,-0.19644138,0
1.4771699,0.62035465,2.054595,0.97818959,-0.06749779,0.19644138,0
-0.79106569,4.7332673,1.0056825,0.11848241,0.95809889,-0.26078409,0
0.45312965,3.7631385,-1.2849214,0.11848241,0.95809889,-0.26078409,0
-0.57655084,-3.745976,1.3716342,-0.11848241,-0.95809889,0.26078409,0
1.2272292,-0.36069155,3.0429864,0.97818959,-0.06749779,0.19644138,0
-2.6286187,-0.38418055,2.7386405,-0.97818959,0.06749779,-0.19644138,0
-0.40659618,-3.7886591,1.6453657,-0.11848241,-0.95809889,0.26078409,0
-0.15146232,1.1013777,-4.1769276,0.17060792,-0.27837113,-0.94519967,0
-0.62139034,-4.6705108,-2.2689626,-0.11848241,-0.95809889,0.26078409,0
1.6552577,0.72900319,-3.6799877,0.17060792,-0.27837113,-0.94519967,0
2.4772635,2.0627918,-1.6850419,0.97818959,-0.06749779,0.19644138,0
-1.6351204,2.1881704,-0.74079478,-0.97818959,0.06749779,-0.19644138,0
1.5203071,4.7707796,2.1333292,0.11848241,0.95809889,-0.26078409,0
-1.8944123,4.3154111,1.5192719,-0.97818959,0.06749779,-0.19644138,0
-2.3555636,-2.399369,4.010314,-0.17060792,0.27837113,0.94519967,0
-0.90037286,-3.6852372,0.98512387,-0.11848241,-0.95809889,0.26078409,0
-1.0634031,5.0752697,2.0874038,0.11848241,0.95809889,-0.26078409,0
-1.5452795,-4.4443669,-2.7140374,0.17060792,-0.27837113,-0.94519967,0
2.415014,2.4249048,-3.9943376,0.17060792,-0.27837113,-0.94519967,0
2.4396744,3.1575904,-1.7314503,0.97818959,-0.06749779,0.19644138,0
-0.44332647,-2.7216887,-3.1684952,0.17060792,-0.27837113,-0.94519967,0
2.0901902,1.7207983,-4.0095329,0.17060792,-0.27837113,-0.94519967,0
2.1662388,3.6032541,-1.7818193,0.11848241,0.95809889,-0.26078409,0
-1.3988175,1.4624057,-3.042201,-0.97818959,0.06749779,-0.19644138,0
-0.76149178,4.4237089,0.72740197,0.11848241,0.95809889,-0.26078409,0
0.5156424,-4.4050655,0.080539942,-0.11848241,-0.95809889,0.26078409,0
0.35971305,-3.4586053,2.5071919,-0.11848241,-0.95809889,0.26078409,0
-1.115345,-2.3183644,-3.3793943,0.17060792,-0.27837113,-0.94519967,0
0.5098722,-0.23559338,3.8421736,-0.17060792,0.27837113,0.94519967,0
1.4354205,4.4420691,2.385747,0.11848241,0.95809889,-0.26078409,0
1.3709407,3.2498345,-2.4826331,0.11848241,0.95809889,-0.26078409,0
-0.31414366,2.1541574,3.0259519,-0.17060792,0.27837113,0.94519967,0
-1.2206331,3.5170052,-2.3354912,0.11848241,0.95809889,-0.26078409,0
2.2658651,3.2493017,0.78911138,0.97818959,-0.06749779,0.19644138,0
-1.049026,-2.9155548,3.4402571,-0.11848241,-0.95809889,0.26078409,0
0.27452278,-3.8662724,0.64690661,-0.11848241,-0.95809889,0.26078409,0
