-1.4590003,-1.1863151,3.2238796,0.26638842,-0.32591453,0.90709257,0
-1.4121537,-0.94436401,-2.9752393,-0.53580838,-0.83236235,-0.14171195,0
0.7338388,-1.9165318,2.2025595,0.26638842,-0.32591453,0.90709257,0
-0.40019214,-2.4735513,0.81628287,-0.53580838,-0.83236235,-0.14171195,0
2.2992973,-2.9489732,-0.81461775,0.80121565,-0.44827735,-0.39635944,0
0.30442697,1.5987835,2.2937059,0.53580838,0.83236235,0.14171195,0
1.12438,-2.1535497,-3.9716642,0.80121565,-0.44827735,-0.39635944,0
3.6255584,-0.10726738,-1.3283544,0.80121565,-0.44827735,-0.39635944,0
-3.6645827,1.5297608,-0.4097265,-0.80121565,0.44827735,0.39635944,0
2.2252631,-3.7387733,0.27745247,0.80121565,-0.44827735,-0.39635944,0
-0.69942784,2.5311823,-2.0051775,-0.26638842,0.32591453,-0.90709257,0
0.13198167,1.7913264,2.2145381,0.53580838,0.83236235,0.14171195,0
0.41262603,1.8487512,2.9991124,0.53580838,0.83236235,0.14171195,0
-0.9220621,-1.766126,0.084621906,-0.53580838,-0.83236235,-0.14171195,0
2.6601508,-3.4469998,1.4313501,0.26638842,-0.32591453,0.90709257,0
-1.5376835,-0.54776382,-3.130646,-0.26638842,0.32591453,-0.90709257,0
-2.9285488,-0.59486783,3.3326702,-0.80121565,0.44827735,0.39635944,0
1.507021,-0.31226152,-3.7558365,-0.26638842,0.32591453,-0.90709257,0
-2.2835193,-0.63550925,-1.3856637,-0.53580838,-0.83236235,-0.14171195,0
-2.9964299,1.308737,1.0475729,-0.80121565,0.44827735,0.39635944,0
3.1274874,-0.10449886,2.2987559,0.53580838,0.83236235,0.14171195,0
2.4709041,-3.1388695,1.3557011,0.26638842,-0.32591453,0.90709257,0
1.5528412,0.96873808,3.2072115,0.53580838,0.83236235,0.14171195,0
3.9911504,-0.85485184,0.21569896,0.80121565,-0.44827735,-0.39635944,0
-4.085825,1.0668151,-1.9044492,-0.26638842,0.32591453,-0.90709257,0
2.6364989,0.85120761,-1.536942,0.53580838,0.83236235,0.14171195,0
-2.3751614,-0.82730281,0.43371463,-0.53580838,-0.83236235,-0.14171195,0
-2.5639019,2.8767884,0.35062611,-0.80121565,0.44827735,0.39635944,0
2.548049,-1.4269496,1.867861,0.26638842,-0.32591453,0.90709257,0
-1.2374853,-1.6557146,1.1104329,-0.53580838,-0.83236235,-0.14171195,0
-3.1298053,-0.038357079,-1.3015699,-0.53580838,-0.83236235,-0.14171195,0
3.1348262,-1.6376657,-0.85428309,0.80121565,-0.44827735,-0.39635944,0
0.77379864,1.5635506,1.0039587,0.53580838,0.83236235,0.14171195,0
0.71037579,-2.5140264,-2.1648674,-0.53580838,-0.83236235,-0.14171195,0
2.8942323,0.68516994,-3.5700819,0.80121565,-0.44827735,-0.39635944,0
-1.3398042,-0.48393631,3.5973971,0.26638842,-0.32591453,0.90709257,0
2.7132838,-1.1245731,2.0022221,0.26638842,-0.32591453,0.90709257,0
2.6930032,-2.1431274,-0.90291309,0.80121565,-0.44827735,-0.39635944,0
-2.0828993,-0.68020642,3.7936997,0.26638842,-0.32591453,0.90709257,0
-0.88566935,-1.4652712,-1.8315486,-0.53580838,-0.83236235,-0.14171195,0
-0.77353388,-1.9565479,-0.74454069,-0.53580838,-0.83236235,-0.14171195,0
0.18992651,-2.8952885,1.0955793,-0.53580838,-0.83236235,-0.14171195,0
-2.1102703,2.6232231,-1.7931857,-0.26638842,0.32591453,-0.90709257,0
2.2586823,-2.3758366,1.952247,0.26638842,-0.32591453,0.90709257,0
-2.4087024,3.7254231,-0.24223149,-0.80121565,0.44827735,0.39635944,0
-1.3806072,3.2037034,1.6392756,0.53580838,0.83236235,0.14171195,0
4.3418059,-0.91011,0.55059934,0.80121565,-0.44827735,-0.39635944,0
-1.5765206,1.4670516,4.0258532,-0.80121565,0.44827735,0.39635944,0
-1.7051297,3.2793715,0.42774463,0.53580838,0.83236235,0.14171195,0
0.11143245,-2.4584713,-1.2335875,-0.53580838,-0.83236235,-0.14171195,0
-0.17167282,2.2399909,2.8016615,0.53580838,0.83236235,0.14171195,0
3.3748803,-1.6988087,-0.026567221,0.80121565,-0.44827735,-0.39635944,0
2.384918,-0.93249029,-2.5334256,0.80121565,-0.44827735,-0.39635944,0
2.4263325,-1.6197097,2.1106138,0.26638842,-0.32591453,0.90709257,0
-1.7426407,2.4031444,3.0527725,-0.80121565,0.44827735,0.39635944,0
0.214486,1.4577019,3.6387029,0.26638842,-0.32591453,0.90709257,0
3.0302129,-2.424181,-0.091928482,0.80121565,-0.44827735,-0.39635944,0
-1.5535583,-1.3794611,0.90078866,-0.53580838,-0.83236235,-0.14171195,0
0.64384007,1.6772771,1.4342574,0.53580838,0.83236235,0.14171195,0
1.5564226,-1.8568778,-3.2328296,0.80121565,-0.44827735,-0.39635944,0
-1.8978312,2.8371372,-1.6206098,-0.26638842,0.32591453,-0.90709257,0
-1.2422862,2.0028694,3.601892,-0.80121565,0.44827735,0.39635944,0
-2.5186598,2.5869842,0.8707577,-0.80121565,0.44827735,0.39635944,0
0.4107843,-2.5707037,-1.5745552,-0.53580838,-0.83236235,-0.14171195,0
-1.0591396,-0.87129551,3.208848,0.26638842,-0.32591453,0.90709257,0
-1.6413842,-0.66048634,3.7535362,0.26638842,-0.32591453,0.90709257,0
-0.092545748,-0.54566145,3.3561194,0.26638842,-0.32591453,0.90709257,0
-2.8978527,0.65560138,1.9677629,-0.80121565,0.44827735,0.39635944,0
-2.6253452,1.9688654,1.5938005,-0.80121565,0.44827735,0.39635944,0
2.8555431,0.96144891,-2.4165378,0.53580838,0.83236235,0.14171195,0
-2.075079,2.1467116,-1.8102438,-0.26638842,0.32591453,-0.90709257,0
2.2178056,0.94896245,0.57154232,0.53580838,0.83236235,0.14171195,0
2.0921962,-0.85328996,2.3709254,0.26638842,-0.32591453,0.90709257,0
2.7879443,-2.5384579,-0.33059764,0.80121565,-0.44827735,-0.39635944,0
-2.3499844,0.5562073,-2.5267506,-0.26638842,0.32591453,-0.90709257,0
0.55925512,1.4994231,3.6557891,0.26638842,-0.32591453,0.90709257,0
-2.1618495,3.4929452,0.61922228,-0.80121565,0.44827735,0.39635944,0
2.0569253,-1.2456226,2.3061101,0.26638842,-0.32591453,0.90709257,0
3.1036265,-2.4529922,0.3812356,0.80121565,-0.44827735,-0.39635944,0
-1.6520871,3.3812132,0.68310571,0.53580838,0.83236235,0.14171195,0
-2.3959315,-0.25381398,4.09482,0.26638842,-0.32591453,0.90709257,0
2.2433562,-3.9585307,0.78968477,-0.53580838,-0.83236235,-0.14171195,0
2.6406493,-3.3736534,0.0829072,0.80121565,-0.44827735,-0.39635944,0
4.2606139,-0.43551254,1.2276157,0.53580838,0.83236235,0.14171195,0
-1.9817184,-0.90760279,-2.5699916,-0.53580838,-0.83236235,-0.14171195,0
-3.5026674,1.4556158,-0.34488511,-0.80121565,0.44827735,0.39635944,0
3.457757,0.52478206,-2.1629663,0.53580838,0.83236235,0.14171195,0
-1.0063989,-0.20194232,-3.1972742,-0.26638842,0.32591453,-0.90709257,0
-1.0969338,3.2272902,-1.0704716,0.53580838,0.83236235,0.14171195,0
-3.1512728,2.0890126,0.20228767,-0.80121565,0.44827735,0.39635944,0
-1.4923551,1.7950042,4.1746736,-0.80121565,0.44827735,0.39635944,0
1.8309031,-2.1029315,-2.6108265,0.80121565,-0.44827735,-0.39635944,0
4.3405375,-1.3850588,1.1793122,0.80121565,-0.44827735,-0.39635944,0
0.69301653,0.80941874,-3.2282548,-0.26638842,0.32591453,-0.90709257,0
-2.4570618,3.7737482,-0.84968132,-0.80121565,0.44827735,0.39635944,0
2.3087668,-3.8918614,0.56953335,-0.53580838,-0.83236235,-0.14171195,0
1.8637977,-0.14312518,-4.1197419,-0.26638842,0.32591453,-0.90709257,0
-2.0734093,-1.4292678,2.8998942,-0.53580838,-0.83236235,-0.14171195,0
-2.5314088,2.1654994,1.6375507,-0.80121565,0.44827735,0.39635944,0
-1.1063219,2.0541534,4.1008,-0.80121565,0.44827735,0.39635944,0
2.7002051,-1.3254105,2.0922847,0.26638842,-0.32591453,0.90709257,0
0.93864429,1.7955737,-0.13422793,0.53580838,0.83236235,0.14171195,0
-2.1840692,-1.0300934,3.3762753,0.26638842,-0.32591453,0.90709257,0
1.8144224,-2.6047697,-2.6246605,0.80121565,-0.44827735,-0.39635944,0
-3.1301599,-0.72907364,3.379981,-0.80121565,0.44827735,0.39635944,0
2.0929337,1.5901036,-2.5230081,0.53580838,0.83236235,0.14171195,0
-4.1169152,1.5217249,-1.0350225,-0.80121565,0.44827735,0.39635944,0
-1.7699977,2.1399469,2.7307439,-0.80121565,0.44827735,0.39635944,0
-1.7217839,1.5758169,3.0737209,-0.80121565,0.44827735,0.39635944,0
-1.3502809,2.2308605,3.4823565,-0.80121565,0.44827735,0.39635944,0
-1.6134158,-0.66734678,-2.7711554,-0.53580838,-0.83236235,-0.14171195,0
-2.8588493,0.21789241,3.1035786,-0.80121565,0.44827735,0.39635944,0
2.7352474,-1.2103858,-2.110909,0.80121565,-0.44827735,-0.39635944,0
2.4948931,-3.070133,1.4261762,0.26638842,-0.32591453,0.90709257,0
1.8617013,-1.4168468,-3.3125482,0.80121565,-0.44827735,-0.39635944,0
3.629199,-1.4935935,0.34116769,0.80121565,-0.44827735,-0.39635944,0
2.1425159,-1.3294904,-2.9183588,0.80121565,-0.44827735,-0.39635944,0
-1.6544267,0.74963808,3.8890891,0.26638842,-0.32591453,0.90709257,0
-2.2278173,1.9591969,-1.9363065,-0.26638842,0.32591453,-0.90709257,0
1.7006721,-2.5182467,-2.7392936,0.80121565,-0.44827735,-0.39635944,0
2.6682253,-2.5101278,1.7152511,0.26638842,-0.32591453,0.90709257,0
3.0386095,0.85235178,-3.1758018,0.80121565,-0.44827735,-0.39635944,0
2.7592604,-1.3864907,-1.8534389,0.80121565,-0.44827735,-0.39635944,0
-0.14509439,1.6469358,3.9686074,0.26638842,-0.32591453,0.90709257,0
1.8576646,-0.27738094,-3.9187164,-0.26638842,0.32591453,-0.90709257,0
2.4760993,-3.7247403,0.57761335,0.80121565,-0.44827735,-0.39635944,0
-3.3766024,0.28337318,-2.1316574,-0.53580838,-0.83236235,-0.14171195,0
0.83226025,-2.3647454,-3.2452073,-0.53580838,-0.83236235,-0.14171195,0
2.9263859,-0.99834919,-2.2331779,0.80121565,-0.44827735,-0.39635944,0
0.27495646,-0.87184554,2.7300158,0.26638842,-0.32591453,0.90709257,0
0.33411539,-2.6951809,1.4859499,-0.53580838,-0.83236235,-0.14171195,0
1.7937665,-3.2564588,-1.1611656,0.80121565,-0.44827735,-0.39635944,0
1.9817677,-4.0348449,0.81253302,-0.53580838,-0.83236235,-0.14171195,0
-1.861822,3.2672346,1.7534071,-0.80121565,0.44827735,0.39635944,0
3.1691887,-2.9775972,0.70440352,0.80121565,-0.44827735,-0.39635944,0
3.4154544,0.11937851,0.68132424,0.53580838,0.83236235,0.14171195,0
-2.3062129,-0.15844487,-2.5838366,-0.26638842,0.32591453,-0.90709257,0
-0.75035787,2.7929888,-0.053145289,0.53580838,0.83236235,0.14171195,0
0.51927137,-3.1472237,1.0821673,-0.53580838,-0.83236235,-0.14171195,0
1.0495126,-2.7835002,-3.0943656,-0.53580838,-0.83236235,-0.14171195,0
-0.63612795,3.0385942,-0.18197289,0.53580838,0.83236235,0.14171195,0
2.62063,-2.0352364,-0.94704545,0.80121565,-0.44827735,-0.39635944,0
2.0636036,-3.8645663,0.96704203,-0.53580838,-0.83236235,-0.14171195,0
-2.9378014,-0.032130837,2.7000108,-0.80121565,0.44827735,0.39635944,0
0.30783558,2.5203724,-1.9681172,0.53580838,0.83236235,0.14171195,0
2.732549,0.42096269,-3.5819135,0.80121565,-0.44827735,-0.39635944,0
0.3086651,-2.3598533,-0.22525677,-0.53580838,-0.83236235,-0.14171195,0
-1.8929309,-1.0088143,-2.3484719,-0.53580838,-0.83236235,-0.14171195,0
-1.6087048,2.6687274,2.9947596,-0.80121565,0.44827735,0.39635944,0
4.4182434,-0.81278634,1.4683228,0.53580838,0.83236235,0.14171195,0
-1.1117549,1.3350872,-2.5569248,-0.26638842,0.32591453,-0.90709257,0
4.5034399,-0.62064087,1.4483252,0.53580838,0.83236235,0.14171195,0
1.7084494,-0.9882381,-4.1507826,-0.26638842,0.32591453,-0.90709257,0
-3.7236292,0.23955777,-2.104032,-0.26638842,0.32591453,-0.90709257,0
3.4635568,-1.6493268,0.386011,0.80121565,-0.44827735,-0.39635944,0
-0.32685709,0.53998315,-2.9867437,-0.26638842,0.32591453,-0.90709257,0
-2.8724952,-1.2084919,3.1239858,-0.53580838,-0.83236235,-0.14171195,0
-4.352499,0.54482615,-0.098361731,-0.80121565,0.44827735,0.39635944,0
-3.5015249,2.2176552,-1.3397982,-0.26638842,0.32591453,-0.90709257,0
1.5306852,-0.37279499,-4.0983667,-0.26638842,0.32591453,-0.90709257,0
2.8296232,0.23330283,2.0820665,0.53580838,0.83236235,0.14171195,0
3.5558443,-2.5159564,1.1948671,0.26638842,-0.32591453,0.90709257,0
2.6904593,-1.531574,-1.9085076,0.80121565,-0.44827735,-0.39635944,0
-0.47280908,-1.1467795,3.1503289,0.26638842,-0.32591453,0.90709257,0
1.787019,0.052646995,-4.0094442,-0.26638842,0.32591453,-0.90709257,0
-3.4678993,-0.19464862,0.85610151,-0.53580838,-0.83236235,-0.14171195,0
-2.9073977,-1.3089489,3.4103341,-0.53580838,-0.83236235,-0.14171195,0
4.2356076,-1.212473,0.75916171,0.80121565,-0.44827735,-0.39635944,0
2.6115692,-1.5115377,-1.671849,0.80121565,-0.44827735,-0.39635944,0
-3.8594155,1.2542588,0.0028731823,-0.80121565,0.44827735,0.39635944,0
-0.70851237,-1.6010579,-1.9319928,-0.53580838,-0.83236235,-0.14171195,0
-2.9024761,-0.66776586,3.4102459,-0.80121565,0.44827735,0.39635944,0
0.41168296,-2.1397431,-3.8041904,-0.53580838,-0.83236235,-0.14171195,0
-2.9373417,0.39808083,2.4273839,-0.80121565,0.44827735,0.39635944,0
-2.2980034,-1.1029782,0.19544399,-0.53580838,-0.83236235,-0.14171195,0
2.897548,-2.9913297,0.73073256,0.80121565,-0.44827735,-0.39635944,0
0.03012383,2.15853,2.0428677,0.53580838,0.83236235,0.14171195,0
0.09655261,-2.0363154,-2.3689308,-0.53580838,-0.83236235,-0.14171195,0
0.06235671,-1.5848253,-3.6470833,-0.53580838,-0.83236235,-0.14171195,0
0.13403082,1.0456154,-2.7731094,-0.26638842,0.32591453,-0.90709257,0
0.86225235,1.9844236,-0.76481986,0.53580838,0.83236235,0.14171195,0
-1.6657312,1.7627562,3.517199,-0.80121565,0.44827735,0.39635944,0
0.11711216,1.8470099,3.1111524,0.53580838,0.83236235,0.14171195,0
-3.6006069,1.9587183,-0.80640924,-0.80121565,0.44827735,0.39635944,0
-2.3614478,4.3177814,-0.94275808,0.53580838,0.83236235,0.14171195,0
-1.3276004,1.7708611,4.0162392,-0.80121565,0.44827735,0.39635944,0
0.30221593,-0.63559955,-3.7722416,-0.26638842,0.32591453,-0.90709257,0
-1.0805144,-1.3506895,-2.3987036,-0.53580838,-0.83236235,-0.14171195,0
0.73086643,-1.4651414,-4.1765051,-0.26638842,0.32591453,-0.90709257,0
-3.0608573,-0.63076174,2.425869,-0.53580838,-0.83236235,-0.14171195,0
-0.42098108,2.4620361,2.6478446,0.53580838,0.83236235,0.14171195,0
0.98198605,-1.6518844,2.4405439,0.26638842,-0.32591453,0.90709257,0
-2.5392523,2.883678,0.061971664,-0.80121565,0.44827735,0.39635944,0
0.76074755,-2.6473794,-0.58361161,-0.53580838,-0.83236235,-0.14171195,0
-1.7468272,3.5919607,0.83411586,0.53580838,0.83236235,0.14171195,0
-3.3057156,3.1444111,-1.2906696,-0.80121565,0.44827735,0.39635944,0
-1.9293993,3.7101517,0.53074992,0.53580838,0.83236235,0.14171195,0
-2.069206,-1.6151991,2.4317508,-0.53580838,-0.83236235,-0.14171195,0
1.8617818,-3.0886636,-1.1531725,0.80121565,-0.44827735,-0.39635944,0
1.7404938,-2.1854961,1.9524856,0.26638842,-0.32591453,0.90709257,0
0.96327198,-2.9568157,0.33693826,-0.53580838,-0.83236235,-0.14171195,0
3.4626331,-2.408215,0.70861411,0.80121565,-0.44827735,-0.39635944,0
1.0160487,-2.9569981,-0.77825749,-0.53580838,-0.83236235,-0.14171195,0
-1.8758864,0.24758947,3.9103494,0.26638842,-0.32591453,0.90709257,0
-3.9824941,1.9523729,-1.0010571,-0.80121565,0.44827735,0.39635944,0
0.53262603,1.8275328,1.5953033,0.53580838,0.83236235,0.14171195,0
0.99616623,-2.9484496,2.0753479,0.26638842,-0.32591453,0.90709257,0
2.4170961,-2.3331969,-1.0579484,0.80121565,-0.44827735,-0.39635944,0
2.2056198,-3.1105173,-0.53685629,0.80121565,-0.44827735,-0.39635944,0
-3.2547221,-0.60397577,0.46704745,-0.53580838,-0.83236235,-0.14171195,0
-0.98387837,2.6104145,3.8049417,0.53580838,0.83236235,0.14171195,0
-0.69130254,-1.5204732,2.8520274,0.26638842,-0.32591453,0.90709257,0
-2.6976423,3.3549216,-0.7184639,-0.80121565,0.44827735,0.39635944,0
4.2243204,-1.0924907,1.4232676,0.80121565,-0.44827735,-0.39635944,0
2.1209764,-1.4973586,-2.8984303,0.80121565,-0.44827735,-0.39635944,0
-3.8053041,1.9328481,-1.2487832,-0.80121565,0.44827735,0.39635944,0
-0.91116571,1.3567059,-2.5858064,-0.26638842,0.32591453,-0.90709257,0
0.69975197,1.3902423,2.1158917,0.53580838,0.83236235,0.14171195,0
3.2028892,0.73217809,-3.1035438,0.80121565,-0.44827735,-0.39635944,0
-2.5214415,2.7227588,1.1208172,-0.80121565,0.44827735,0.39635944,0
1.8885809,-0.52324551,-3.9466848,-0.26638842,0.32591453,-0.90709257,0
0.96305633,-0.097276926,-3.591274,-0.26638842,0.32591453,-0.90709257,0
3.1459751,-1.0453014,-0.98858976,0.80121565,-0.44827735,-0.39635944,0
-3.0888419,-0.87418616,2.043534,-0.53580838,-0.83236235,-0.14171195,0
-1.5632691,-1.5780668,1.7787771,-0.53580838,-0.83236235,-0.14171195,0
-0.96124196,-0.32853979,-3.3047276,-0.26638842,0.32591453,-0.90709257,0
1.5343437,0.93209833,2.8178453,0.53580838,0.83236235,0.14171195,0
-1.3828276,2.8620119,2.2838211,0.53580838,0.83236235,0.14171195,0
-2.3740788,0.76460993,-2.429924,-0.26638842,0.32591453,-0.90709257,0
-2.4690437,1.2401534,-2.263324,-0.26638842,0.32591453,-0.90709257,0
-2.28351,1.8746967,2.1105514,-0.80121565,0.44827735,0.39635944,0
1.2478999,1.5461948,0.018431127,0.53580838,0.83236235,0.14171195,0
0.29934144,2.5031686,-0.8693676,0.53580838,0.83236235,0.14171195,0
1.9965456,-3.1855714,1.4466825,0.26638842,-0.32591453,0.90709257,0
-1.7388893,-0.88832384,-2.9541249,-0.26638842,0.32591453,-0.90709257,0
0.42730871,2.3308246,0.06145592,0.53580838,0.83236235,0.14171195,0
-2.2860031,2.4961579,-1.5462521,-0.26638842,0.32591453,-0.90709257,0
2.7324085,-1.7775974,-1.5125358,0.80121565,-0.44827735,-0.39635944,0
-0.61469769,-1.910059,0.38095263,-0.53580838,-0.83236235,-0.14171195,0
-0.27358663,1.9186094,3.9468281,0.26638842,-0.32591453,0.90709257,0
-1.5088331,-1.2587887,-1.9259858,-0.53580838,-0.83236235,-0.14171195,0
1.9846988,-3.23207,-0.75385916,0.80121565,-0.44827735,-0.39635944,0
-2.9296975,1.3684131,1.3446312,-0.80121565,0.44827735,0.39635944,0
0.79202962,-0.7986244,-3.8337312,-0.26638842,0.32591453,-0.90709257,0
-3.4602039,-0.23154962,0.96267319,-0.53580838,-0.83236235,-0.14171195,0
-0.52449441,2.1865549,3.9545374,0.53580838,0.83236235,0.14171195,0
-1.3703521,1.9066852,3.8261087,-0.80121565,0.44827735,0.39635944,0
-3.7810602,0.3537913,-0.58529389,-0.53580838,-0.83236235,-0.14171195,0
1.9710679,-3.8826587,1.2336298,0.26638842,-0.32591453,0.90709257,0
0.014803052,-2.7959676,1.240562,-0.53580838,-0.83236235,-0.14171195,0
-3.7588727,0.032411814,1.511611,-0.80121565,0.44827735,0.39635944,0
-1.7392349,2.3573656,-1.8278295,-0.26638842,0.32591453,-0.90709257,0
-2.4120038,3.093375,0.81809807,-0.80121565,0.44827735,0.39635944,0
-2.4036059,3.2428792,0.1480459,-0.80121565,0.44827735,0.39635944,0
0.99171758,-2.8631201,-0.045682549,-0.53580838,-0.83236235,-0.14171195,0
-0.60316139,2.3779879,2.7283311,0.53580838,0.83236235,0.14171195,0
-3.6331587,-0.17285025,1.3180621,-0.80121565,0.44827735,0.39635944,0
2.9459577,-1.5747526,-1.0298443,0.80121565,-0.44827735,-0.39635944,0
3.5553102,-0.79524243,-0.99352407,0.80121565,-0.44827735,-0.39635944,0
-3.5928237,2.1926317,-1.2974826,-0.26638842,0.32591453,-0.90709257,0
2.4061193,-0.53285354,-3.6873469,0.80121565,-0.44827735,-0.39635944,0
-1.2364624,3.1088455,-1.844763,-0.26638842,0.32591453,-0.90709257,0
0.27549225,1.8888898,1.1859168,0.53580838,0.83236235,0.14171195,0
-0.8922025,2.3490884,2.2986407,0.53580838,0.83236235,0.14171195,0
-0.51943755,2.3807819,2.2491026,0.53580838,0.83236235,0.14171195,0
-1.2253006,-1.6672614,1.4402282,-0.53580838,-0.83236235,-0.14171195,0
1.593152,-2.4656687,-2.3226676,0.80121565,-0.44827735,-0.39635944,0
-1.7418218,0.94469571,-2.3384461,-0.26638842,0.32591453,-0.90709257,0
-1.4953394,-0.088517331,-2.6889703,-0.26638842,0.32591453,-0.90709257,0
-3.7360487,1.1393582,0.24345326,-0.80121565,0.44827735,0.39635944,0
-1.0560665,0.98376739,-2.6866598,-0.26638842,0.32591453,-0.90709257,0
3.8058989,-1.1398482,0.18958569,0.80121565,-0.44827735,-0.39635944,0
-2.8524394,-0.96354198,2.6176357,-0.53580838,-0.83236235,-0.14171195,0
-2.1638465,1.4667068,2.5052354,-0.80121565,0.44827735,0.39635944,0
-2.0128109,-0.76120698,-2.5363955,-0.53580838,-0.83236235,-0.14171195,0
-4.4699335,0.65605891,-1.0803739,-0.53580838,-0.83236235,-0.14171195,0
-0.30338418,-0.93777597,-3.4033728,-0.26638842,0.32591453,-0.90709257,0
-2.0098362,2.7237866,1.6094509,-0.80121565,0.44827735,0.39635944,0
3.8830013,-0.33668196,1.7403734,0.53580838,0.83236235,0.14171195,0
-2.252851,2.9662051,-1.7799444,-0.26638842,0.32591453,-0.90709257,0
1.9734343,-1.6764214,-2.669271,0.80121565,-0.44827735,-0.39635944,0
-1.875946,4.0052266,-1.3136446,0.53580838,0.83236235,0.14171195,0
0.30220771,-0.78527987,-3.838846,-0.26638842,0.32591453,-0.90709257,0
2.9405491,-3.3029854,1.3340645,0.26638842,-0.32591453,0.90709257,0
-1.4477901,-0.82663983,-3.2552474,-0.26638842,0.32591453,-0.90709257,0
-2.8533599,-0.99342704,1.7780955,-0.53580838,-0.83236235,-0.14171195,0
-2.9853015,-0.32887715,-0.50101185,-0.53580838,-0.83236235,-0.14171195,0
4.2648039,-1.3333659,1.2123349,0.80121565,-0.44827735,-0.39635944,0
-1.7034105,-1.5447149,0.89923906,-0.53580838,-0.83236235,-0.14171195,0
-2.8836622,0.093623042,2.7689502,-0.80121565,0.44827735,0.39635944,0
-3.4695158,-0.29184473,1.9370897,-0.80121565,0.44827735,0.39635944,0
1.3226546,0.98214352,3.1561539,0.53580838,0.83236235,0.14171195,0
0.88296217,-2.6061993,-0.82903284,-0.53580838,-0.83236235,-0.14171195,0
-1.7479233,0.16189551,3.6973937,0.26638842,-0.32591453,0.90709257,0
2.8091149,0.88696826,-3.7823882,-0.26638842,0.32591453,-0.90709257,0
-2.1512973,1.826373,-1.8002081,-0.26638842,0.32591453,-0.90709257,0
0.34658706,-1.0833608,-3.6247296,-0.26638842,0.32591453,-0.90709257,0
3.2781396,-0.84769976,1.9672478,0.26638842,-0.32591453,0.90709257,0
-3.0918126,2.2098079,-0.011192083,-0.80121565,0.44827735,0.39635944,0
0.24564183,0.80460215,-2.9351048,-0.26638842,0.32591453,-0.90709257,0
1.7002666,-1.5903084,-3.3090301,0.80121565,-0.44827735,-0.39635944,0
-2.0506339,3.2449937,1.1433893,-0.80121565,0.44827735,0.39635944,0
-0.53748757,-1.820731,-0.55498898,-0.53580838,-0.83236235,-0.14171195,0
0.76872516,-1.1431088,2.7600331,0.26638842,-0.32591453,0.90709257,0
-0.24836564,-2.3603709,1.0673857,-0.53580838,-0.83236235,-0.14171195,0
-2.160722,2.3291459,-1.8130713,-0.26638842,0.32591453,-0.90709257,0
1.7629282,1.4240496,-0.74348259,0.53580838,0.83236235,0.14171195,0
2.748158,0.82647598,-1.6785405,0.53580838,0.83236235,0.14171195,0
-0.019596815,0.16854888,-3.4317622,-0.26638842,0.32591453,-0.90709257,0
1.4794731,-2.3528898,-2.9602873,0.80121565,-0.44827735,-0.39635944,0
2.5018971,0.07924819,2.6890156,0.26638842,-0.32591453,0.90709257,0
3.200563,-1.0111722,2.2014399,0.26638842,-0.32591453,0.90709257,0
-4.3978467,0.9509716,-1.2552904,-0.80121565,0.44827735,0.39635944,0
4.0856619,-1.5571755,1.6694043,0.80121565,-0.44827735,-0.39635944,0
3.0235009,0.0078350306,1.8642567,0.53580838,0.83236235,0.14171195,0
-2.4095654,3.656939,-0.28612936,-0.80121565,0.44827735,0.39635944,0
0.43231463,-2.5004191,-1.3075387,-0.53580838,-0.83236235,-0.14171195,0
-1.3530068,-0.86489081,-3.2180202,-0.53580838,-0.83236235,-0.14171195,0
-2.9921892,-0.52915847,-0.083515763,-0.53580838,-0.83236235,-0.14171195,0
-2.3787067,-0.86225623,1.325278,-0.53580838,-0.83236235,-0.14171195,0
2.5015113,1.3284752,-3.1845295,0.53580838,0.83236235,0.14171195,0
1.3006183,1.1716079,1.1145936,0.53580838,0.83236235,0.14171195,0
-3.7235782,1.1878886,-1.6441323,-0.26638842,0.32591453,-0.90709257,0
-3.028389,-0.95218325,3.683738,-0.80121565,0.44827735,0.39635944,0
4.2017803,-0.3899132,0.20162177,0.53580838,0.83236235,0.14171195,0
1.9133642,-3.831007,0.89149272,-0.53580838,-0.83236235,-0.14171195,0
1.9245245,-1.987728,-2.8579853,0.80121565,-0.44827735,-0.39635944,0
1.1341438,1.4059303,1.7719659,0.53580838,0.83236235,0.14171195,0
-3.8535979,0.29120332,-0.97079861,-0.53580838,-0.83236235,-0.14171195,0
4.0111732,-1.0545218,1.757359,0.26638842,-0.32591453,0.90709257,0
2.0507784,0.13901627,2.8077424,0.26638842,-0.32591453,0.90709257,0
2.975687,1.0959705,-2.8270044,0.53580838,0.83236235,0.14171195,0
1.6152936,-2.1556163,-2.9035385,0.80121565,-0.44827735,-0.39635944,0
-1.0704625,1.1515478,3.890728,0.26638842,-0.32591453,0.90709257,0
2.2994528,-1.5495204,-2.7182698,0.80121565,-0.44827735,-0.39635944,0
1.3030349,-2.6013243,-2.5049624,-0.53580838,-0.83236235,-0.14171195,0
-0.14240527,-0.99812472,-3.7008376,-0.26638842,0.32591453,-0.90709257,0
0.11465546,-2.1295152,-1.5067714,-0.53580838,-0.83236235,-0.14171195,0
-0.49234724,2.6441989,-2.2071121,-0.26638842,0.32591453,-0.90709257,0
-1.9378819,-1.4317498,0.61657166,-0.53580838,-0.83236235,-0.14171195,0
2.8224151,0.081439734,-2.9897661,0.80121565,-0.44827735,-0.39635944,0
4.1075592,-1.2144006,0.7879771,0.80121565,-0.44827735,-0.39635944,0
-1.4944677,1.970412,3.5795002,-0.80121565,0.44827735,0.39635944,0
0.90226626,-1.5060557,2.5818806,0.26638842,-0.32591453,0.90709257,0
2.748208,-3.6532173,0.64993775,0.80121565,-0.44827735,-0.39635944,0
2.179229,0.62186593,2.4010763,0.53580838,0.83236235,0.14171195,0
-3.4009554,-0.26652282,-0.38663304,-0.53580838,-0.83236235,-0.14171195,0
3.1632519,0.4222858,-2.7178948,0.80121565,-0.44827735,-0.39635944,0
1.5586914,-3.0083632,-1.8436518,0.80121565,-0.44827735,-0.39635944,0
3.2462549,0.21008968,-2.8864398,0.80121565,-0.44827735,-0.39635944,0
0.93752575,-2.5618145,-3.6608329,-0.53580838,-0.83236235,-0.14171195,0
-0.472938,2.1543579,2.9697268,0.53580838,0.83236235,0.14171195,0
-3.4927845,1.1363533,0.66584682,-0.80121565,0.44827735,0.39635944,0
3.3806071,0.211092,-0.45373321,0.53580838,0.83236235,0.14171195,0
-2.7781346,0.9297576,2.040117,-0.80121565,0.44827735,0.39635944,0
-0.26203918,2.1271749,-2.3535097,-0.26638842,0.32591453,-0.90709257,0
-1.2222257,0.51948386,-2.8865247,-0.26638842,0.32591453,-0.90709257,0
2.3215265,-1.0220239,2.3333101,0.26638842,-0.32591453,0.90709257,0
2.001436,-3.1445956,-1.3475134,0.80121565,-0.44827735,-0.39635944,0
3.0577557,-3.4510057,1.0083454,0.26638842,-0.32591453,0.90709257,0
-1.6602938,2.9618883,1.678412,-0.80121565,0.44827735,0.39635944,0
-2.8686192,1.1978513,2.0623355,-0.80121565,0.44827735,0.39635944,0
0.099498749,-1.7247667,2.5990429,0.26638842,-0.32591453,0.90709257,0
-1.1865196,3.2711065,-0.066501975,0.53580838,0.83236235,0.14171195,0
2.6212616,-1.4982008,-2.0644844,0.80121565,-0.44827735,-0.39635944,0
-1.9796077,-1.6781886,3.2587452,0.26638842,-0.32591453,0.90709257,0
3.9133515,-1.0753605,0.42624187,0.80121565,-0.44827735,-0.39635944,0
-1.712389,3.6968822,-1.4687283,0.53580838,0.83236235,0.14171195,0
-2.3184385,3.4356163,0.3976897,-0.80121565,0.44827735,0.39635944,0
-3.6139569,0.036681056,1.5473251,-0.80121565,0.44827735,0.39635944,0
-1.8063231,-0.98982394,-0.46665233,-0.53580838,-0.83236235,-0.14171195,0
-3.1873064,1.6522671,0.42152667,-0.80121565,0.44827735,0.39635944,0
-1.4606056,-1.0307071,-2.9559524,-0.53580838,-0.83236235,-0.14171195,0
2.6506798,1.1425937,-3.7516298,-0.26638842,0.32591453,-0.90709257,0
-2.2371213,-0.85306668,3.8774424,0.26638842,-0.32591453,0.90709257,0
2.8582113,-0.69035304,2.073329,0.26638842,-0.32591453,0.90709257,0
1.2997677,1.5942495,0.61844021,0.53580838,0.83236235,0.14171195,0
-1.9941478,2.0528526,-2.1465192,-0.26638842,0.32591453,-0.90709257,0
2.2998352,-3.1789057,-0.57184291,0.80121565,-0.44827735,-0.39635944,0
0.94194198,1.4854597,3.0827415,0.53580838,0.83236235,0.14171195,0
-1.3136609,0.32492858,3.7324648,0.26638842,-0.32591453,0.90709257,0
-1.6236391,-1.2623307,0.39876235,-0.53580838,-0.83236235,-0.14171195,0
3.9644709,0.079095483,-0.81637478,0.53580838,0.83236235,0.14171195,0
-1.3484962,2.9408166,2.2449603,0.53580838,0.83236235,0.14171195,0
-0.56447649,1.4639513,4.1319838,0.26638842,-0.32591453,0.90709257,0
-0.74182856,-1.5243872,-2.3519294,-0.53580838,-0.83236235,-0.14171195,0
0.12064099,2.6653769,-2.403729,-0.26638842,0.32591453,-0.90709257,0
-3.3060513,-0.26901042,1.1862113,-0.53580838,-0.83236235,-0.14171195,0
0.17766093,-2.489949,-1.4171797,-0.53580838,-0.83236235,-0.14171195,0
-2.7824323,3.1924536,-0.038962722,-0.80121565,0.44827735,0.39635944,0
4.1517153,-0.33433676,0.66577637,0.53580838,0.83236235,0.14171195,0
-0.75382423,0.78614992,-2.7617164,-0.26638842,0.32591453,-0.90709257,0
-0.69344246,2.4197049,2.9092858,0.53580838,0.83236235,0.14171195,0
1.347482,1.3709047,-3.1161323,-0.26638842,0.32591453,-0.90709257,0
-1.9801271,0.75406843,3.9358931,-0.80121565,0.44827735,0.39635944,0
2.149627,-0.96766639,2.1907187,0.26638842,-0.32591453,0.90709257,0
2.8988924,-2.7626262,-0.14336705,0.80121565,-0.44827735,-0.39635944,0
-3.8165658,1.7855521,-1.5639253,-0.26638842,0.32591453,-0.90709257,0
2.9794245,-2.3513405,-0.3108325,0.80121565,-0.44827735,-0.39635944,0
0.71010184,-3.2586536,1.6494211,-0.53580838,-0.83236235,-0.14171195,0
-3.3178279,-0.23635447,0.078766108,-0.53580838,-0.83236235,-0.14171195,0
-0.6044504,-1.7058262,-1.7079612,-0.53580838,-0.83236235,-0.14171195,0
3.035609,1.0104243,-3.1069136,0.53580838,0.83236235,0.14171195,0
-1.1819222,1.6065695,4.2246599,0.26638842,-0.32591453,0.90709257,0
-0.85607934,-1.4400154,-2.1796043,-0.53580838,-0.83236235,-0.14171195,0
1.5690221,-2.8612366,-2.2964122,0.80121565,-0.44827735,-0.39635944,0
-1.3825886,3.2073107,1.4104789,0.53580838,0.83236235,0.14171195,0
-2.624805,2.1638002,0.7337538,-0.80121565,0.44827735,0.39635944,0
-1.0982172,2.4079885,3.7589631,-0.80121565,0.44827735,0.39635944,0
-2.907146,2.3176861,0.021858215,-0.80121565,0.44827735,0.39635944,0
3.5937567,-1.6530945,-0.11091352,0.80121565,-0.44827735,-0.39635944,0
-2.1176858,1.5262961,2.7341187,-0.80121565,0.44827735,0.39635944,0
3.8105159,-1.1452109,0.26003432,0.80121565,-0.44827735,-0.39635944,0
-0.13164639,2.3200912,-2.4666514,-0.26638842,0.32591453,-0.90709257,0
-3.2913241,-0.039305687,2.1937921,-0.80121565,0.44827735,0.39635944,0
2.5471406,1.2943878,-2.031116,0.53580838,0.83236235,0.14171195,0
-1.8754952,3.5965376,-0.37307471,0.53580838,0.83236235,0.14171195,0
-3.3893871,2.8078129,-1.3802807,-0.80121565,0.44827735,0.39635944,0
-3.0810678,0.15951681,2.2580085,-0.80121565,0.44827735,0.39635944,0
4.2615738,-0.91528875,1.5684065,0.26638842,-0.32591453,0.90709257,0
-0.85531622,2.0738156,4.1776934,0.53580838,0.83236235,0.14171195,0
-3.5591259,2.0790551,-1.354333,-0.26638842,0.32591453,-0.90709257,0
-0.051388085,-2.2486839,-0.38412583,-0.53580838,-0.83236235,-0.14171195,0
-3.5317235,1.4570175,0.035338879,-0.80121565,0.44827735,0.39635944,0
-0.79046178,0.59614432,-2.9905427,-0.26638842,0.32591453,-0.90709257,0
-1.3884127,-1.1004751,3.4721985,0.26638842,-0.32591453,0.90709257,0
2.6929669,0.42424801,2.2678101,0.53580838,0.83236235,0.14171195,0
2.5733547,0.98237115,-0.65941262,0.53580838,0.83236235,0.14171195,0
2.8052511,-2.8601196,1.353556,0.26638842,-0.32591453,0.90709257,0
-2.2220035,3.075233,0.76973903,-0.80121565,0.44827735,0.39635944,0
0.3234477,-0.92722732,2.9960008,0.26638842,-0.32591453,0.90709257,0
-3.6087987,2.5192468,-1.5521212,-0.80121565,0.44827735,0.39635944,0
0.064038366,2.264086,1.7731947,0.53580838,0.83236235,0.14171195,0
-0.26897836,1.8514813,3.1773612,0.53580838,0.83236235,0.14171195,0
2.9464779,-2.5667109,0.53120053,0.80121565,-0.44827735,-0.39635944,0
2.0148904,-0.6218679,-3.7584531,0.80121565,-0.44827735,-0.39635944,0
-0.81213236,0.087656915,3.3903022,0.26638842,-0.32591453,0.90709257,0
0.64359868,-1.3889501,-4.1813273,-0.26638842,0.32591453,-0.90709257,0
-1.8131847,2.3360879,2.9930172,-0.80121565,0.44827735,0.39635944,0
-2.2407191,2.9837143,-1.4002603,-0.26638842,0.32591453,-0.90709257,0
1.3032507,-2.8041432,-2.6634588,0.80121565,-0.44827735,-0.39635944,0
0.71703136,2.1004953,-2.5611641,-0.26638842,0.32591453,-0.90709257,0
1.2321122,-0.60955167,-3.8974762,-0.26638842,0.32591453,-0.90709257,0
2.9995027,0.72498393,-3.6452744,0.80121565,-0.44827735,-0.39635944,0
-2.5487719,-0.31868958,3.5377281,-0.80121565,0.44827735,0.39635944,0
2.1872306,-0.69386178,2.2246099,0.26638842,-0.32591453,0.90709257,0
2.7321894,-0.5681923,-2.4138968,0.80121565,-0.44827735,-0.39635944,0
-3.424051,0.0083727837,2.0315943,-0.80121565,0.44827735,0.39635944,0
0.21173978,0.097628474,3.2583382,0.26638842,-0.32591453,0.90709257,0
0.45763457,-0.96385449,-3.9758675,-0.26638842,0.32591453,-0.90709257,0
-2.7945883,-0.61753637,0.056913376,-0.53580838,-0.83236235,-0.14171195,0
0.58990806,-2.4241383,-1.4729532,-0.53580838,-0.83236235,-0.14171195,0
2.7712388,-3.8598933,0.89744908,0.80121565,-0.44827735,-0.39635944,0
-2.7842407,-1.1924045,2.8024569,-0.53580838,-0.83236235,-0.14171195,0
0.92472696,-1.5592284,-4.2267952,-0.26638842,0.32591453,-0.90709257,0
-1.4897717,-0.35137773,3.4240439,0.26638842,-0.32591453,0.90709257,0
-2.0192366,-1.4030976,2.0594449,-0.53580838,-0.83236235,-0.14171195,0
2.1086133,-0.94221175,-3.2549086,0.80121565,-0.44827735,-0.39635944,0
2.2319312,-0.70599663,-3.1581974,0.80121565,-0.44827735,-0.39635944,0
3.4937816,0.54720509,-2.0152116,0.53580838,0.83236235,0.14171195,0
3.7834988,-1.8109745,0.69642317,0.80121565,-0.44827735,-0.39635944,0
3.4693379,-0.28878105,1.4750419,0.53580838,0.83236235,0.14171195,0
-1.8137426,2.6083899,2.4328713,-0.80121565,0.44827735,0.39635944,0
-3.4455028,-0.31889069,0.10781956,-0.53580838,-0.83236235,-0.14171195,0
1.2444048,2.0104799,-3.0518689,-0.26638842,0.32591453,-0.90709257,0
-0.0021156073,2.0650659,3.1932678,0.53580838,0.83236235,0.14171195,0
-2.8198984,2.5522547,0.49203324,-0.80121565,0.44827735,0.39635944,0
0.070338011,-2.7637696,2.2053547,0.26638842,-0.32591453,0.90709257,0
3.3487363,-0.16575819,1.82144,0.53580838,0.83236235,0.14171195,0
1.6636268,1.4670206,0.031069458,0.53580838,0.83236235,0.14171195,0
3.346256,0.53537989,-1.6704648,0.53580838,0.83236235,0.14171195,0
1.5738785,1.9816633,-3.1550493,-0.26638842,0.32591453,-0.90709257,0
-1.69019,-1.7033364,3.1679783,0.26638842,-0.32591453,0.90709257,0
-2.4620099,1.1698174,-2.1730137,-0.26638842,0.32591453,-0.90709257,0
-2.0877953,-0.27484918,-2.8477345,-0.26638842,0.32591453,-0.90709257,0
-0.80591047,-1.257643,3.111361,0.26638842,-0.32591453,0.90709257,0
3.0952041,0.50598675,0.8493948,0.53580838,0.83236235,0.14171195,0
-2.6717403,3.800138,-1.1282668,-0.80121565,0.44827735,0.39635944,0
-1.0150416,2.035372,-2.1439683,-0.26638842,0.32591453,-0.90709257,0
-1.7432982,3.617131,-0.4158951,0.53580838,0.83236235,0.14171195,0
0.69374108,2.3928356,-2.2787664,0.53580838,0.83236235,0.14171195,0
-0.29906654,-1.5396259,-2.9275041,-0.53580838,-0.83236235,-0.14171195,0
-0.20358109,-0.23670998,-3.2696633,-0.26638842,0.32591453,-0.90709257,0
0.93206215,1.6274846,0.60122967,0.53580838,0.83236235,0.14171195,0
-3.709291,1.3056102,-1.8564949,-0.26638842,0.32591453,-0.90709257,0
-0.82843208,0.65312374,-2.6706035,-0.26638842,0.32591453,-0.90709257,0
-3.1666758,0.35840935,1.5884879,-0.80121565,0.44827735,0.39635944,0
0.80673838,-2.1158786,2.2187061,0.26638842,-0.32591453,0.90709257,0
-0.38324821,-2.4319015,0.85593045,-0.53580838,-0.83236235,-0.14171195,0
-3.2803235,2.791225,-1.4591949,-0.26638842,0.32591453,-0.90709257,0
-2.4462433,3.6396358,0.122123,-0.80121565,0.44827735,0.39635944,0
-0.76226616,-1.9811835,-0.39282399,-0.53580838,-0.83236235,-0.14171195,0
2.7914531,0.98376131,-2.2325776,0.53580838,0.83236235,0.14171195,0
-2.2288418,-1.2262199,0.54376531,-0.53580838,-0.83236235,-0.14171195,0
-2.72841,1.4786904,1.4262969,-0.80121565,0.44827735,0.39635944,0
-2.943296,1.8762196,0.87084866,-0.80121565,0.44827735,0.39635944,0
2.677429,-3.6753755,0.57922459,0.80121565,-0.44827735,-0.39635944,0
1.845886,0.90315151,3.034652,0.53580838,0.83236235,0.14171195,0
3.2467427,-1.8241187,0.060010195,0.80121565,-0.44827735,-0.39635944,0
-0.59837747,-1.6709894,-3.3894529,-0.53580838,-0.83236235,-0.14171195,0
1.6094203,-1.1913049,2.4511871,0.26638842,-0.32591453,0.90709257,0
-0.66081756,2.5411909,1.2412953,0.53580838,0.83236235,0.14171195,0
0.071800828,-1.6468971,-3.8129618,-0.53580838,-0.83236235,-0.14171195,0
-1.9062634,2.9075761,2.0798645,-0.80121565,0.44827735,0.39635944,0
-2.4378605,3.2767196,0.64069951,-0.80121565,0.44827735,0.39635944,0
0.33249009,2.5762339,-1.5233512,0.53580838,0.83236235,0.14171195,0
-2.690022,-0.48424721,3.9816415,-0.80121565,0.44827735,0.39635944,0
1.3956125,0.81308061,3.1284652,0.26638842,-0.32591453,0.90709257,0
3.546706,-0.02543962,-1.2276127,0.80121565,-0.44827735,-0.39635944,0
3.0231447,-3.439121,0.93741214,0.80121565,-0.44827735,-0.39635944,0
1.9384303,1.1366692,1.1775333,0.53580838,0.83236235,0.14171195,0
-4.1834207,1.6234336,-1.4662228,-0.80121565,0.44827735,0.39635944,0
-1.6816322,-0.93905878,-2.2818551,-0.53580838,-0.83236235,-0.14171195,0
1.3918953,-3.649117,1.5602415,-0.53580838,-0.83236235,-0.14171195,0
0.81239152,-0.53074867,2.6756418,0.26638842,-0.32591453,0.90709257,0
2.134831,0.85333216,-3.5195832,-0.26638842,0.32591453,-0.90709257,0
-1.4411883,1.4820824,4.0982313,0.26638842,-0.32591453,0.90709257,0
3.0251038,-2.7722616,1.2523839,0.26638842,-0.32591453,0.90709257,0
0.1435554,2.7538493,-2.5733006,-0.26638842,0.32591453,-0.90709257,0
0.5393883,1.6122944,-3.0659971,-0.26638842,0.32591453,-0.90709257,0
-2.5241647,-0.68060875,3.8342164,0.26638842,-0.32591453,0.90709257,0
2.8036013,-2.9426694,0.17544115,0.80121565,-0.44827735,-0.39635944,0
-2.6267586,2.3505647,-1.7057657,-0.26638842,0.32591453,-0.90709257,0
-0.35691106,2.4738955,0.96802902,0.53580838,0.83236235,0.14171195,0
-1.3057779,-1.2473625,-2.7882068,-0.53580838,-0.83236235,-0.14171195,0
2.1835799,0.73434359,0.75328231,0.53580838,0.83236235,0.14171195,0
3.7612293,-1.6035372,1.609857,0.26638842,-0.32591453,0.90709257,0
-2.4148366,1.108493,2.3934236,-0.80121565,0.44827735,0.39635944,0
-0.50968397,3.0041285,-1.2324495,0.53580838,0.83236235,0.14171195,0
2.9977922,-0.11993012,2.3513489,0.26638842,-0.32591453,0.90709257,0
1.0650296,-2.9046111,-1.7351921,-0.53580838,-0.83236235,-0.14171195,0
3.5878038,0.48000813,-0.95564389,0.53580838,0.83236235,0.14171195,0
-2.9753697,-0.96469378,3.5459335,-0.80121565,0.44827735,0.39635944,0
-3.5960505,1.2561013,0.5570612,-0.80121565,0.44827735,0.39635944,0
-0.93038595,0.68078166,3.6750746,0.26638842,-0.32591453,0.90709257,0
-3.160048,-0.67052317,2.600579,-0.53580838,-0.83236235,-0.14171195,0
-1.2447066,3.3949721,-1.6820331,0.53580838,0.83236235,0.14171195,0
-2.4221063,1.9401987,1.6454396,-0.80121565,0.44827735,0.39635944,0
-2.6947126,-0.34331954,-0.6748026,-0.53580838,-0.83236235,-0.14171195,0
3.775147,-1.0279121,1.8903923,0.26638842,-0.32591453,0.90709257,0
3.5381649,-2.1953962,1.3138397,0.26638842,-0.32591453,0.90709257,0
-2.9611218,1.4684463,-2.0755317,-0.26638842,0.32591453,-0.90709257,0
-1.6147947,-1.8550391,2.4478621,-0.53580838,-0.83236235,-0.14171195,0
-2.4603133,-0.06612587,3.6208854,-0.80121565,0.44827735,0.39635944,0
-3.9828687,-0.21233475,1.498714,-0.80121565,0.44827735,0.39635944,0
0.054927111,-1.1872003,2.8507657,0.26638842,-0.32591453,0.90709257,0
3.3516612,0.25433934,1.3142395,0.53580838,0.83236235,0.14171195,0
3.3226237,-2.0744336,0.63297176,0.80121565,-0.44827735,-0.39635944,0
-1.6039653,-0.63421524,3.4011989,0.26638842,-0.32591453,0.90709257,0
3.4412179,-0.30152184,2.0543652,0.53580838,0.83236235,0.14171195,0
-1.8832994,1.9899476,2.5462985,-0.80121565,0.44827735,0.39635944,0
1.0019397,-2.7516778,-1.6872406,-0.53580838,-0.83236235,-0.14171195,0
4.2628961,-0.53031379,0.15973949,0.80121565,-0.44827735,-0.39635944,0
1.2976195,1.5263388,0.96799684,0.53580838,0.83236235,0.14171195,0
1.0406682,2.0653393,-2.0434315,0.53580838,0.83236235,0.14171195,0
2.9645081,0.34338588,1.4250338,0.53580838,0.83236235,0.14171195,0
-0.7721808,2.720629,0.73340195,0.53580838,0.83236235,0.14171195,0
3.9314647,-0.60868859,1.8142874,0.53580838,0.83236235,0.14171195,0
-0.80426931,-0.57745159,-3.4145277,-0.26638842,0.32591453,-0.90709257,0
2.538048,0.63160151,0.22853851,0.53580838,0.83236235,0.14171195,0
0.96926451,1.7038622,0.057058066,0.53580838,0.83236235,0.14171195,0
0.30707896,-0.17738023,2.9657154,0.26638842,-0.32591453,0.90709257,0
3.3571663,-2.884912,1.2865765,0.26638842,-0.32591453,0.90709257,0
-0.27977309,-2.0066631,-0.85111964,-0.53580838,-0.83236235,-0.14171195,0
1.3050699,-2.7535126,-3.2716274,0.80121565,-0.44827735,-0.39635944,0
0.34991634,1.825935,2.547941,0.53580838,0.83236235,0.14171195,0
-1.5392374,-2.0605295,2.4157124,-0.53580838,-0.83236235,-0.14171195,0
-1.9354342,0.36647922,3.881011,0.26638842,-0.32591453,0.90709257,0
1.9533288,-2.7933803,1.8349773,0.26638842,-0.32591453,0.90709257,0
-3.3270075,-0.14042914,2.0623188,-0.80121565,0.44827735,0.39635944,0
2.9883003,-1.8645962,1.6431727,0.26638842,-0.32591453,0.90709257,0
-2.4795661,1.2446189,-2.3437676,-0.26638842,0.32591453,-0.90709257,0
1.879513,0.51913083,-3.6481578,-0.26638842,0.32591453,-0.90709257,0
-0.071297765,-2.2082517,-2.2258668,-0.53580838,-0.83236235,-0.14171195,0
-1.806276,-0.96431386,3.432857,0.26638842,-0.32591453,0.90709257,0
3.548542,-0.31080562,1.4013512,0.53580838,0.83236235,0.14171195,0
1.6396987,-1.6910577,2.1243715,0.26638842,-0.32591453,0.90709257,0
-0.08217144,-2.3510985,2.3317099,0.26638842,-0.32591453,0.90709257,0
-1.8577735,1.3800522,3.7197304,-0.80121565,0.44827735,0.39635944,0
-3.0541058,-0.93904769,1.6353958,-0.53580838,-0.83236235,-0.14171195,0
1.3255106,-3.2027824,-0.35449195,-0.53580838,-0.83236235,-0.14171195,0
-3.0451772,2.9586611,-1.0213157,-0.80121565,0.44827735,0.39635944,0
2.3033423,1.1157908,-1.1433867,0.53580838,0.83236235,0.14171195,0
