0.030237436,-4.5339003,-3.1618545,0.073716082,0.20442986,-0.97610158,0
2.412683,0.98824638,2.6182778,-0.073716082,-0.20442986,0.97610158,0
1.5224315,5.1427231,-0.53630209,0.14765866,0.96573943,0.21341103,0
-2.0294909,5.1519265,1.4559741,0.14765866,0.96573943,0.21341103,0
2.4175794,-3.4989538,-1.9224902,0.98628736,-0.15986168,0.041004676,0
-0.034886852,-0.11378551,2.0803802,-0.073716082,-0.20442986,0.97610158,0
1.4569159,-5.2667136,-0.32370853,-0.14765866,-0.96573943,-0.21341103,0
-2.5150354,-4.5682411,0.75914383,-0.073716082,-0.20442986,0.97610158,0
-0.18715274,-4.5047684,-2.3893051,-0.14765866,-0.96573943,-0.21341103,0
-2.4692543,4.2336488,2.3780494,-0.98628736,0.15986168,-0.041004676,0
-2.1804893,-4.249362,-1.9714422,-0.14765866,-0.96573943,-0.21341103,0
2.3139851,-4.9626827,-1.895267,0.98628736,-0.15986168,0.041004676,0
-1.2951365,4.2794957,-1.2736983,0.073716082,0.20442986,-0.97610158,0
-3.2038283,-0.58971226,0.60055137,-0.98628736,0.15986168,-0.041004676,0
-2.8192427,1.3974438,2.0799477,-0.98628736,0.15986168,-0.041004676,0
1.4348822,-3.9408693,1.2655284,-0.073716082,-0.20442986,0.97610158,0
1.6363833,-4.9570017,-1.8989038,-0.14765866,-0.96573943,-0.21341103,0
-2.9063389,0.12769735,1.2126377,-0.98628736,0.15986168,-0.041004676,0
3.1971707,0.9254607,-0.02436173,0.98628736,-0.15986168,0.041004676,0
-0.17760289,-2.7596428,1.5460887,-0.073716082,-0.20442986,0.97610158,0
-0.56467342,4.8507671,-1.2801557,0.073716082,0.20442986,-0.97610158,0
2.8589289,-1.1854734,-1.5423555,0.98628736,-0.15986168,0.041004676,0
0.12052125,4.7511487,2.4848657,0.14765866,0.96573943,0.21341103,0
-0.6465807,5.1951122,0.01474905,0.14765866,0.96573943,0.21341103,0
3.1754975,1.7702684,0.52775931,0.98628736,-0.15986168,0.041004676,0
0.0079416037,5.1355648,-0.40581512,0.14765866,0.96573943,0.21341103,0
-3.0547781,-0.98218614,-0.90790528,-0.98628736,0.15986168,-0.041004676,0
0.57829547,-4.6160007,-2.1845322,-0.14765866,-0.96573943,-0.21341103,0
-1.9274087,-4.5723686,-0.63999939,-0.14765866,-0.96573943,-0.21341103,0
-1.142826,-4.5581441,-1.4877133,-0.14765866,-0.96573943,-0.21341103,0
2.7333586,-0.87373376,-2.0035586,0.073716082,0.20442986,-0.97610158,0
1.2132279,3.3299868,2.8816001,-0.073716082,-0.20442986,0.97610158,0
-2.9130154,-4.3028121,-2.2674141,-0.14765866,-0.96573943,-0.21341103,0
-2.1980925,5.5502729,-0.98595428,0.14765866,0.96573943,0.21341103,0
-0.93098259,4.8316088,1.3986151,0.14765866,0.96573943,0.21341103,0
-3.6322329,-3.8001704,0.31978512,-0.98628736,0.15986168,-0.041004676,0
-2.6945562,-4.0215664,-3.15151,-0.14765866,-0.96573943,-0.21341103,0
0.66233933,0.3643651,-1.8319728,0.073716082,0.20442986,-0.97610158,0
2.9141059,-0.67601299,2.1254854,0.98628736,-0.15986168,0.041004676,0
-0.95631993,0.1225276,2.1606743,-0.073716082,-0.20442986,0.97610158,0
-2.8336112,-4.5440178,-1.5234399,-0.14765866,-0.96573943,-0.21341103,0
2.8615224,4.7921276,-0.62567854,0.14765866,0.96573943,0.21341103,0
0.083883047,4.7397127,1.7284811,0.14765866,0.96573943,0.21341103,0
2.4603124,-2.1371224,0.86650848,0.98628736,-0.15986168,0.041004676,0
0.38506109,3.5838883,2.8575113,-0.073716082,-0.20442986,0.97610158,0
3.2283354,1.0783772,1.364548,0.98628736,-0.15986168,0.041004676,0
-1.9168521,-4.0706158,1.0649843,-0.073716082,-0.20442986,0.97610158,0
-2.972806,0.18191862,2.040488,-0.073716082,-0.20442986,0.97610158,0
1.3008181,3.7386656,-1.2077808,0.073716082,0.20442986,-0.97610158,0
3.1569729,0.044431925,-1.2597167,0.98628736,-0.15986168,0.041004676,0
0.15919662,-5.1738901,0.18104649,-0.14765866,-0.96573943,-0.21341103,0
1.6284852,-1.9170148,1.8355532,-0.073716082,-0.20442986,0.97610158,0
0.90946829,4.5600147,2.7452297,0.14765866,0.96573943,0.21341103,0
-2.3507841,-2.7210565,1.1202433,-0.073716082,-0.20442986,0.97610158,0
-1.0874215,-5.1597281,0.075883389,-0.14765866,-0.96573943,-0.21341103,0
-2.9487829,0.66671538,-1.8600656,-0.98628736,0.15986168,-0.041004676,0
-3.3766122,-1.4739611,-0.16956329,-0.98628736,0.15986168,-0.041004676,0
2.2511253,4.5968585,0.79506636,0.14765866,0.96573943,0.21341103,0
-3.6126633,-3.1369476,0.95884061,-0.98628736,0.15986168,-0.041004676,0
-1.2540804,-4.8990917,-0.1421876,-0.14765866,-0.96573943,-0.21341103,0
-2.6929429,2.2766414,-0.69197857,-0.98628736,0.15986168,-0.041004676,0
2.5977213,-4.1504216,-1.087801,0.98628736,-0.15986168,0.041004676,0
-1.2862418,4.8639522,2.0889752,0.14765866,0.96573943,0.21341103,0
-0.51470912,5.2185373,0.40938091,0.14765866,0.96573943,0.21341103,0
-3.5744531,-2.5459769,-1.1530402,-0.98628736,0.15986168,-0.041004676,0
3.6384366,3.1578474,0.7646966,0.98628736,-0.15986168,0.041004676,0
-3.070924,-4.3336992,-1.6697752,-0.14765866,-0.96573943,-0.21341103,0
2.7482281,-2.2384682,1.3810786,0.98628736,-0.15986168,0.041004676,0
2.7799096,-1.0165377,-1.9418318,0.98628736,-0.15986168,0.041004676,0
2.3369501,-4.3234797,-2.2539697,0.98628736,-0.15986168,0.041004676,0
-1.541434,-5.2837396,0.71565866,-0.14765866,-0.96573943,-0.21341103,0
0.29415706,4.6759496,2.7411373,0.14765866,0.96573943,0.21341103,0
-1.3766744,2.3532934,2.633045,-0.073716082,-0.20442986,0.97610158,0
2.5147791,-3.7789891,-0.41611814,0.98628736,-0.15986168,0.041004676,0
3.0393612,-1.6184242,-1.8290167,0.98628736,-0.15986168,0.041004676,0
-3.4139829,-3.1835468,-2.7501202,-0.98628736,0.15986168,-0.041004676,0
-2.87764,0.56219327,-0.95471001,-0.98628736,0.15986168,-0.041004676,0
0.34707022,2.049201,-1.4831072,0.073716082,0.20442986,-0.97610158,0
-1.7336457,-3.1234479,1.0742109,-0.073716082,-0.20442986,0.97610158,0
3.2335484,2.1799502,-1.5289552,0.073716082,0.20442986,-0.97610158,0
-0.22800505,0.66841733,2.366487,-0.073716082,-0.20442986,0.97610158,0
-0.2898117,-3.3621449,-2.6206019,0.073716082,0.20442986,-0.97610158,0
2.9011464,4.5091982,0.19572401,0.14765866,0.96573943,0.21341103,0
1.4685867,2.9468939,-1.237474,0.073716082,0.20442986,-0.97610158,0
0.85064721,-5.176229,0.11138916,-0.14765866,-0.96573943,-0.21341103,0
2.8074408,-1.1766266,-0.37107131,0.98628736,-0.15986168,0.041004676,0
3.0528851,2.6817846,2.9649141,-0.073716082,-0.20442986,0.97610158,0
-2.4448802,4.1326251,0.5182991,-0.98628736,0.15986168,-0.041004676,0
-1.2601888,-0.65163589,1.9445589,-0.073716082,-0.20442986,0.97610158,0
-0.51345956,-0.48981392,-2.3357,0.073716082,0.20442986,-0.97610158,0
3.6494467,3.4126201,-0.13288641,0.98628736,-0.15986168,0.041004676,0
1.7332468,4.4698353,1.9721127,0.14765866,0.96573943,0.21341103,0
2.4895918,4.2213349,-0.83271265,0.073716082,0.20442986,-0.97610158,0
-1.0996524,-4.8115401,-1.5558248,-0.14765866,-0.96573943,-0.21341103,0
2.1518574,4.5477667,2.1248386,0.14765866,0.96573943,0.21341103,0
1.9972323,5.1291742,-0.34346628,0.14765866,0.96573943,0.21341103,0
2.7572527,-2.9918466,-0.79284072,0.98628736,-0.15986168,0.041004676,0
-3.1656201,-0.91991508,-0.51885211,-0.98628736,0.15986168,-0.041004676,0
3.1486917,4.2800584,2.3593633,0.14765866,0.96573943,0.21341103,0
-3.1059353,-4.0689058,-3.145483,-0.14765866,-0.96573943,-0.21341103,0
1.6657342,0.61003172,2.5070987,-0.073716082,-0.20442986,0.97610158,0
-2.5519929,3.2713861,0.096951485,-0.98628736,0.15986168,-0.041004676,0
2.2932568,-2.8835263,1.640004,-0.073716082,-0.20442986,0.97610158,0
-0.18728602,5.157196,-0.66723347,0.14765866,0.96573943,0.21341103,0
-1.421802,4.7275181,2.6375289,0.14765866,0.96573943,0.21341103,0
-0.99116904,-4.8375554,-0.80103922,-0.14765866,-0.96573943,-0.21341103,0
1.7247005,3.4977672,3.055665,-0.073716082,-0.20442986,0.97610158,0
0.39845577,4.6987681,1.0242405,0.14765866,0.96573943,0.21341103,0
-2.2248697,3.3715312,-1.6934555,0.073716082,0.20442986,-0.97610158,0
-1.5811379,3.2825494,-1.3933258,0.073716082,0.20442986,-0.97610158,0
-1.4549489,5.143136,0.96983171,0.14765866,0.96573943,0.21341103,0
-1.5713267,5.0438051,1.7103086,0.14765866,0.96573943,0.21341103,0
2.3925433,-4.3991294,-0.41938734,0.98628736,-0.15986168,0.041004676,0
-2.5202045,2.7796054,1.5793732,-0.98628736,0.15986168,-0.041004676,0
2.0953474,1.8867569,-1.5411341,0.073716082,0.20442986,-0.97610158,0
-2.87621,-4.5279274,-1.8230398,-0.14765866,-0.96573943,-0.21341103,0
1.1553223,4.4113679,-0.86460543,0.073716082,0.20442986,-0.97610158,0
-2.7220197,-4.1238985,-2.0997519,-0.14765866,-0.96573943,-0.21341103,0
-0.67197371,1.3063645,2.3928919,-0.073716082,-0.20442986,0.97610158,0
-1.8289719,4.8370085,2.2461598,0.14765866,0.96573943,0.21341103,0
2.3019369,-4.3646092,-0.56296897,0.98628736,-0.15986168,0.041004676,0
0.96701831,4.7715793,0.88183165,0.14765866,0.96573943,0.21341103,0
-1.4024785,-3.5135016,1.2287853,-0.073716082,-0.20442986,0.97610158,0
1.0633078,-4.4625301,-2.8226945,0.073716082,0.20442986,-0.97610158,0
3.0574493,0.94968319,2.4427986,0.98628736,-0.15986168,0.041004676,0
0.59078479,-5.3608379,0.82165384,-0.14765866,-0.96573943,-0.21341103,0
-3.3321238,-2.5477071,-0.7827251,-0.98628736,0.15986168,-0.041004676,0
0.28293771,0.1904521,1.9069188,-0.073716082,-0.20442986,0.97610158,0
0.059423953,-0.95571268,-2.1792843,0.073716082,0.20442986,-0.97610158,0
-0.2630322,-4.29,-3.0473213,-0.14765866,-0.96573943,-0.21341103,0
-2.3722024,-4.4683495,-2.4741974,-0.14765866,-0.96573943,-0.21341103,0
-1.1842073,-4.7602882,-0.73176861,-0.14765866,-0.96573943,-0.21341103,0
-0.31569299,-4.688262,-2.7276804,-0.14765866,-0.96573943,-0.21341103,0
-0.51001477,-5.0615792,-0.60419416,-0.14765866,-0.96573943,-0.21341103,0
-2.4920616,2.460222,0.68731499,-0.98628736,0.15986168,-0.041004676,0
1.4580207,4.5717521,1.2541547,0.14765866,0.96573943,0.21341103,0
1.0799813,-5.2933774,-0.0085453987,-0.14765866,-0.96573943,-0.21341103,0
-1.7744801,5.5479479,-0.80610991,0.14765866,0.96573943,0.21341103,0
-3.4655726,-4.6858387,-0.11876965,-0.14765866,-0.96573943,-0.21341103,0
-2.011749,4.3128452,2.5982871,-0.073716082,-0.20442986,0.97610158,0
-2.1681478,5.0370784,1.3377879,0.14765866,0.96573943,0.21341103,0
0.91609216,-3.23314,1.6249244,-0.073716082,-0.20442986,0.97610158,0
0.67875266,-2.7889576,1.641371,-0.073716082,-0.20442986,0.97610158,0
3.2869029,0.81022531,0.02970314,0.98628736,-0.15986168,0.041004676,0
3.0828161,-0.14926028,-1.6929996,0.98628736,-0.15986168,0.041004676,0
1.9604704,-0.86037529,2.0610201,-0.073716082,-0.20442986,0.97610158,0
0.17766476,-5.1880341,0.48255587,-0.14765866,-0.96573943,-0.21341103,0
-2.798434,-2.6510324,-2.9810863,0.073716082,0.20442986,-0.97610158,0
-0.61127788,-1.0767089,-2.1993427,0.073716082,0.20442986,-0.97610158,0
3.6287475,4.1685152,0.70911074,0.98628736,-0.15986168,0.041004676,0
-0.0078728199,5.2921629,0.37724543,0.14765866,0.96573943,0.21341103,0
-0.67655432,-4.7933707,-2.0184686,-0.14765866,-0.96573943,-0.21341103,0
0.085825443,-5.3369293,0.98842955,-0.073716082,-0.20442986,0.97610158,0
-2.589663,2.3123701,0.59459078,-0.98628736,0.15986168,-0.041004676,0
3.6829638,3.1196568,0.15600276,0.98628736,-0.15986168,0.041004676,0
1.2463717,-5.0885839,-1.4692392,-0.14765866,-0.96573943,-0.21341103,0
3.9037709,3.8060048,-1.0516634,0.98628736,-0.15986168,0.041004676,0
-1.9341478,5.0850725,0.99984384,0.14765866,0.96573943,0.21341103,0
-2.3258095,2.119693,2.1709838,-0.073716082,-0.20442986,0.97610158,0
2.7469952,-2.645237,-1.1405872,0.98628736,-0.15986168,0.041004676,0
-1.1580639,5.0791345,0.71510053,0.14765866,0.96573943,0.21341103,0
0.68023074,-3.2226977,1.3375657,-0.073716082,-0.20442986,0.97610158,0
0.57190323,-1.7170024,-2.3590493,0.073716082,0.20442986,-0.97610158,0
2.528125,-4.0418587,0.49117064,0.98628736,-0.15986168,0.041004676,0
2.9093425,4.2138972,1.5566952,0.14765866,0.96573943,0.21341103,0
-0.64528894,-5.2311869,0.64771652,-0.14765866,-0.96573943,-0.21341103,0
-2.5768907,2.8090856,0.39514482,-0.98628736,0.15986168,-0.041004676,0
-2.7121334,0.40140533,-2.142684,-0.98628736,0.15986168,-0.041004676,0
-0.68865407,4.8148646,1.9518816,0.14765866,0.96573943,0.21341103,0
-2.0117195,0.60890985,1.8683448,-0.073716082,-0.20442986,0.97610158,0
-1.3111076,-1.3029039,1.7424318,-0.073716082,-0.20442986,0.97610158,0
3.1476681,1.5422075,1.9585245,0.98628736,-0.15986168,0.041004676,0
3.5181868,4.1305175,-1.0694847,0.073716082,0.20442986,-0.97610158,0
-0.81111819,-5.1571226,1.0721965,-0.14765866,-0.96573943,-0.21341103,0
-2.5404196,-4.5400906,-0.60301113,-0.14765866,-0.96573943,-0.21341103,0
2.9562671,-1.2525849,0.7214824,0.98628736,-0.15986168,0.041004676,0
3.7702775,4.4101429,-0.76375246,0.073716082,0.20442986,-0.97610158,0
-3.3284423,-1.0094349,-0.91531038,-0.98628736,0.15986168,-0.041004676,0
-2.1854515,4.7351518,1.2268984,-0.98628736,0.15986168,-0.041004676,0
-2.7360604,2.4070287,0.69348907,-0.98628736,0.15986168,-0.041004676,0
2.9526129,4.4885173,1.5703907,0.14765866,0.96573943,0.21341103,0
3.1962881,2.3619702,1.0286329,0.98628736,-0.15986168,0.041004676,0
3.4588585,3.0313559,1.1563497,0.98628736,-0.15986168,0.041004676,0
-1.5399312,-4.3300252,-2.9471433,-0.14765866,-0.96573943,-0.21341103,0
-2.4260783,-4.8782735,0.80160522,-0.073716082,-0.20442986,0.97610158,0
-0.93902516,5.1867485,1.0118451,0.14765866,0.96573943,0.21341103,0
-1.5001642,-2.260175,1.5127356,-0.073716082,-0.20442986,0.97610158,0
-2.5893342,-4.3144135,-1.3355041,-0.14765866,-0.96573943,-0.21341103,0
0.55045027,0.69740009,-1.8972673,0.073716082,0.20442986,-0.97610158,0
1.9932048,4.9477587,-0.37786627,0.14765866,0.96573943,0.21341103,0
-3.256253,-1.1690992,-1.286198,-0.98628736,0.15986168,-0.041004676,0
1.3452387,0.61380136,2.4519324,-0.073716082,-0.20442986,0.97610158,0
2.1662011,-4.9176297,-2.6127477,-0.14765866,-0.96573943,-0.21341103,0
-0.80036205,-5.3108854,0.95572281,-0.14765866,-0.96573943,-0.21341103,0
-2.1951327,-4.7395449,-0.41632605,-0.14765866,-0.96573943,-0.21341103,0
-0.93666148,3.8512354,-1.3340924,0.073716082,0.20442986,-0.97610158,0
-2.7783468,-4.5394382,-1.0849395,-0.14765866,-0.96573943,-0.21341103,0
-2.8926346,0.84947133,-1.7731745,-0.98628736,0.15986168,-0.041004676,0
3.5736587,4.9263997,-0.48239136,0.14765866,0.96573943,0.21341103,0
-2.5714664,2.1152039,-0.4818759,-0.98628736,0.15986168,-0.041004676,0
-0.017432511,4.5356302,2.755142,0.14765866,0.96573943,0.21341103,0
-2.885632,-4.1290298,-2.1540663,-0.14765866,-0.96573943,-0.21341103,0
-1.9856589,-5.1587515,0.47314596,-0.14765866,-0.96573943,-0.21341103,0
-3.6766236,-3.0091019,-0.66161513,-0.98628736,0.15986168,-0.041004676,0
2.2972665,-4.9251833,-1.8244035,0.98628736,-0.15986168,0.041004676,0
0.45544505,-5.5172286,0.50329018,-0.14765866,-0.96573943,-0.21341103,0
-1.788425,-4.324297,-3.2485774,-0.14765866,-0.96573943,-0.21341103,0
3.5171847,2.6495173,2.1795342,0.98628736,-0.15986168,0.041004676,0
-2.4008079,3.294261,-1.2191606,-0.98628736,0.15986168,-0.041004676,0
3.3488572,1.313193,1.9205301,0.98628736,-0.15986168,0.041004676,0
-2.7799675,0.51417428,-1.2997947,-0.98628736,0.15986168,-0.041004676,0
2.4857588,-4.5802135,-2.6687577,0.98628736,-0.15986168,0.041004676,0
-0.22949445,5.1121526,-0.85093403,0.073716082,0.20442986,-0.97610158,0
2.207011,-3.2316585,-2.5829415,0.073716082,0.20442986,-0.97610158,0
0.9573679,5.1004257,-0.88624001,0.073716082,0.20442986,-0.97610158,0
-1.9322255,1.397086,-2.074229,0.073716082,0.20442986,-0.97610158,0
0.47855926,-0.32048273,2.1015079,-0.073716082,-0.20442986,0.97610158,0
1.8509679,0.74996078,2.3579795,-0.073716082,-0.20442986,0.97610158,0
2.5259905,-0.19482076,2.16468,-0.073716082,-0.20442986,0.97610158,0
1.1054232,-5.3270984,-0.9057622,-0.14765866,-0.96573943,-0.21341103,0
-0.52851868,-5.4545875,0.7407732,-0.14765866,-0.96573943,-0.21341103,0
2.2757516,4.4655695,0.94286442,0.14765866,0.96573943,0.21341103,0
-1.5779493,-4.3821692,-1.8728778,-0.14765866,-0.96573943,-0.21341103,0
3.5401847,3.8691156,0.0089583397,0.98628736,-0.15986168,0.041004676,0
-2.8513815,0.83934951,0.14848073,-0.98628736,0.15986168,-0.041004676,0
0.35327625,-5.2332811,-0.14760351,-0.14765866,-0.96573943,-0.21341103,0
-2.6819549,2.6338232,-1.4704067,-0.98628736,0.15986168,-0.041004676,0
2.2151027,4.9149399,-0.18173838,0.14765866,0.96573943,0.21341103,0
0.83994365,-5.4779086,0.14846802,-0.14765866,-0.96573943,-0.21341103,0
-2.4314888,1.8020549,2.142767,-0.073716082,-0.20442986,0.97610158,0
-1.9799666,-4.9011693,-0.46330166,-0.14765866,-0.96573943,-0.21341103,0
-3.0735707,-1.6618867,-0.96867657,-0.98628736,0.15986168,-0.041004676,0
0.93276215,-5.212512,0.035728931,-0.14765866,-0.96573943,-0.21341103,0
-0.66314697,-4.5968499,-2.9389031,-0.14765866,-0.96573943,-0.21341103,0
-3.1857102,-4.9872656,0.87511349,-0.14765866,-0.96573943,-0.21341103,0
2.1017919,-5.5103807,0.90581703,-0.14765866,-0.96573943,-0.21341103,0
-3.1137114,-0.35699195,-1.3384953,-0.98628736,0.15986168,-0.041004676,0
-2.7785001,3.1881785,2.0430267,-0.98628736,0.15986168,-0.041004676,0
3.1179667,2.6673775,-1.3439722,0.073716082,0.20442986,-0.97610158,0
-1.724581,-2.9272878,1.410712,-0.073716082,-0.20442986,0.97610158,0
2.2194302,-4.3543091,-1.8082476,0.98628736,-0.15986168,0.041004676,0
-3.2793927,-1.7164936,0.84426332,-0.98628736,0.15986168,-0.041004676,0
-1.8927948,-4.7596226,-1.2880287,-0.14765866,-0.96573943,-0.21341103,0
2.4350235,-3.3916039,-1.6085098,0.98628736,-0.15986168,0.041004676,0
-0.94090796,5.5621209,-0.35840178,0.14765866,0.96573943,0.21341103,0
-1.4035146,-2.9257278,-2.7096777,0.073716082,0.20442986,-0.97610158,0
0.21684217,5.1151094,1.0032916,0.14765866,0.96573943,0.21341103,0
-2.9046116,-4.713594,-0.5923357,-0.14765866,-0.96573943,-0.21341103,0
0.15235293,4.9243994,1.0809412,0.14765866,0.96573943,0.21341103,0
-0.82057732,-1.7795675,1.7889869,-0.073716082,-0.20442986,0.97610158,0
-2.8931096,1.6569183,-0.24460441,-0.98628736,0.15986168,-0.041004676,0
3.3384769,2.8780961,0.65552855,0.98628736,-0.15986168,0.041004676,0
-2.9862437,0.5209496,1.1196712,-0.98628736,0.15986168,-0.041004676,0
-0.52234852,4.6475554,2.1632669,0.14765866,0.96573943,0.21341103,0
-2.44537,2.756768,0.66366267,-0.98628736,0.15986168,-0.041004676,0
3.4434311,4.9344406,-0.46589231,0.14765866,0.96573943,0.21341103,0
-3.1061957,-0.13981089,-1.2691637,-0.98628736,0.15986168,-0.041004676,0
-2.7431395,0.96766376,-2.0884063,0.073716082,0.20442986,-0.97610158,0
1.3586442,-5.3828173,0.62603188,-0.14765866,-0.96573943,-0.21341103,0
-3.0360994,0.23612368,-2.2493081,-0.98628736,0.15986168,-0.041004676,0
1.4432731,-5.4166231,0.51883602,-0.14765866,-0.96573943,-0.21341103,0
2.0551167,-5.3139544,-0.37985659,0.98628736,-0.15986168,0.041004676,0
-3.466783,-3.4786057,0.51464367,-0.98628736,0.15986168,-0.041004676,0
-2.5467696,1.5123845,2.3176348,-0.073716082,-0.20442986,0.97610158,0
-2.3997045,4.6155281,2.6256542,-0.98628736,0.15986168,-0.041004676,0
1.2211058,-4.7248416,-2.0535269,-0.14765866,-0.96573943,-0.21341103,0
3.0950446,1.0159819,-1.1338636,0.98628736,-0.15986168,0.041004676,0
3.5336142,2.5556381,1.2785017,0.98628736,-0.15986168,0.041004676,0
2.9529665,0.17302263,2.2051296,-0.073716082,-0.20442986,0.97610158,0
0.39797688,-5.0910711,-1.3727503,-0.14765866,-0.96573943,-0.21341103,0
1.9336176,-2.5372267,1.555439,-0.073716082,-0.20442986,0.97610158,0
1.8094656,-5.1473079,-1.8972535,-0.14765866,-0.96573943,-0.21341103,0
3.4155893,3.0805428,-1.0520492,0.98628736,-0.15986168,0.041004676,0
3.0384159,-0.35231745,1.8838809,0.98628736,-0.15986168,0.041004676,0
2.5572309,-4.2188911,-0.12705445,0.98628736,-0.15986168,0.041004676,0
-3.6015213,-4.0202074,-2.002876,-0.98628736,0.15986168,-0.041004676,0
1.7065128,4.7384,0.54488516,0.14765866,0.96573943,0.21341103,0
0.45935005,5.0101275,0.6986146,0.14765866,0.96573943,0.21341103,0
3.1068821,0.88931394,-1.6922388,0.98628736,-0.15986168,0.041004676,0
-2.2279601,-0.39253807,1.9403882,-0.073716082,-0.20442986,0.97610158,0
-2.2877228,5.1956396,1.3633311,0.14765866,0.96573943,0.21341103,0
3.6428645,3.9943748,2.2490873,0.14765866,0.96573943,0.21341103,0
-2.5691383,2.275629,1.2443887,-0.98628736,0.15986168,-0.041004676,0
-2.7065287,-3.1602907,1.2774026,-0.073716082,-0.20442986,0.97610158,0
1.4022731,4.8304162,-0.24808741,0.14765866,0.96573943,0.21341103,0
-1.2411175,5.5467362,-0.7979722,0.14765866,0.96573943,0.21341103,0
-0.25417787,0.44987786,-1.8148094,0.073716082,0.20442986,-0.97610158,0
-0.077541411,4.4667149,3.0649502,-0.073716082,-0.20442986,0.97610158,0
1.0947766,4.6892519,0.74439573,0.14765866,0.96573943,0.21341103,0
2.0614259,-5.2438488,-0.81792951,-0.14765866,-0.96573943,-0.21341103,0
-0.89441085,4.9231911,0.97210479,0.14765866,0.96573943,0.21341103,0
0.56652051,4.7701654,1.4629877,0.14765866,0.96573943,0.21341103,0
0.20517254,-4.2636099,1.0187078,-0.073716082,-0.20442986,0.97610158,0
1.7890751,-5.1828232,-2.0027223,-0.14765866,-0.96573943,-0.21341103,0
-1.506008,-4.2204518,-2.7320704,-0.14765866,-0.96573943,-0.21341103,0
1.6960554,-5.1121459,-0.59620738,-0.14765866,-0.96573943,-0.21341103,0
-2.8750491,0.5814268,-1.4560044,-0.98628736,0.15986168,-0.041004676,0
-3.2358921,-2.9912782,0.98284245,-0.073716082,-0.20442986,0.97610158,0
2.8663645,-1.8457048,0.27783525,0.98628736,-0.15986168,0.041004676,0
-1.5498143,-4.392354,-2.4596634,-0.14765866,-0.96573943,-0.21341103,0
2.9967628,0.2766273,0.35353351,0.98628736,-0.15986168,0.041004676,0
2.0509813,-0.27385473,2.2024369,-0.073716082,-0.20442986,0.97610158,0
-2.9359355,-0.20644772,0.27941072,-0.98628736,0.15986168,-0.041004676,0
-1.3829241,-4.4339232,1.1170239,-0.073716082,-0.20442986,0.97610158,0
-3.0460343,-0.93722308,-2.5449457,0.073716082,0.20442986,-0.97610158,0
-0.25888315,-3.3732424,-2.9183269,0.073716082,0.20442986,-0.97610158,0
-2.9787557,0.9709515,1.3840574,-0.98628736,0.15986168,-0.041004676,0
-2.5762422,3.4475119,2.193574,-0.98628736,0.15986168,-0.041004676,0
0.18240988,-3.26862,-2.8228977,0.073716082,0.20442986,-0.97610158,0
-0.116485,4.5706601,2.2281663,0.14765866,0.96573943,0.21341103,0
2.7349849,4.4736056,1.8477407,0.14765866,0.96573943,0.21341103,0
-1.1198115,5.0628633,1.3279493,0.14765866,0.96573943,0.21341103,0
-3.2501335,-0.74414349,-0.42307603,-0.98628736,0.15986168,-0.041004676,0
3.2660227,1.8026969,2.5670991,0.98628736,-0.15986168,0.041004676,0
-0.39665413,1.9355556,-1.6142147,0.073716082,0.20442986,-0.97610158,0
2.151628,4.2844968,2.8394125,0.14765866,0.96573943,0.21341103,0
-3.0528951,-0.30995965,1.8292248,-0.073716082,-0.20442986,0.97610158,0
-0.9825266,-2.464803,1.4028745,-0.073716082,-0.20442986,0.97610158,0
-3.4572201,-2.9518261,-0.42060089,-0.98628736,0.15986168,-0.041004676,0
-2.3067582,3.3998692,-0.21093416,-0.98628736,0.15986168,-0.041004676,0
-1.3940953,1.2652254,2.2801085,-0.073716082,-0.20442986,0.97610158,0
1.1012342,4.6094389,1.274473,0.14765866,0.96573943,0.21341103,0
-0.4706738,2.6520364,2.704051,-0.073716082,-0.20442986,0.97610158,0
3.5546749,2.9831142,0.70285988,0.98628736,-0.15986168,0.041004676,0
2.4458055,4.8716574,-0.0069847107,0.14765866,0.96573943,0.21341103,0
-2.9909708,-0.44277608,-1.7000947,-0.98628736,0.15986168,-0.041004676,0
1.8586078,-0.13063502,-2.1297512,0.073716082,0.20442986,-0.97610158,0
3.4025462,2.5760412,1.5992579,0.98628736,-0.15986168,0.041004676,0
2.2785287,-4.6207237,0.35098052,0.98628736,-0.15986168,0.041004676,0
2.302459,-4.219677,0.13966012,0.98628736,-0.15986168,0.041004676,0
-0.82946873,1.271776,-2.0319047,0.073716082,0.20442986,-0.97610158,0
-2.7920837,1.3393927,1.8921319,-0.98628736,0.15986168,-0.041004676,0
-2.9604931,-0.60775584,-2.1730454,-0.98628736,0.15986168,-0.041004676,0
3.6653035,2.5343342,-0.39476228,0.98628736,-0.15986168,0.041004676,0
-2.5043337,1.7918049,-1.4258211,-0.98628736,0.15986168,-0.041004676,0
2.5665057,-3.6716514,1.5057173,0.98628736,-0.15986168,0.041004676,0
1.4972734,4.9799147,0.083452702,0.14765866,0.96573943,0.21341103,0
3.4911344,1.3920536,-1.168573,0.98628736,-0.15986168,0.041004676,0
0.98047447,-0.97468138,-2.251209,0.073716082,0.20442986,-0.97610158,0
2.6295307,-3.3692193,-1.7116514,0.98628736,-0.15986168,0.041004676,0
-2.1580086,-4.9251227,0.40613556,-0.14765866,-0.96573943,-0.21341103,0
1.8967807,3.6872625,2.9007039,-0.073716082,-0.20442986,0.97610158,0
2.7148845,1.5689132,-1.659779,0.073716082,0.20442986,-0.97610158,0
1.8500023,-1.2793701,-1.982152,0.073716082,0.20442986,-0.97610158,0
-0.63920522,4.4795074,-1.3381779,0.073716082,0.20442986,-0.97610158,0
-2.4370646,4.2764769,2.4280252,-0.98628736,0.15986168,-0.041004676,0
0.57729077,4.4076715,2.7452123,0.14765866,0.96573943,0.21341103,0
1.9246465,4.7651277,0.62113476,0.14765866,0.96573943,0.21341103,0
1.0516353,1.641305,2.6140749,-0.073716082,-0.20442986,0.97610158,0
-2.927319,-0.27341124,-0.73468697,-0.98628736,0.15986168,-0.041004676,0
-0.74026322,5.1524048,0.66630268,0.14765866,0.96573943,0.21341103,0
3.5691025,4.4250708,-0.013661861,0.98628736,-0.15986168,0.041004676,0
-3.2238333,-0.48858178,0.64294076,-0.98628736,0.15986168,-0.041004676,0
2.5392213,4.2225451,3.2042701,0.14765866,0.96573943,0.21341103,0
2.8301895,-2.3638413,-2.4527373,0.073716082,0.20442986,-0.97610158,0
-1.2062871,-4.5440536,-2.1574728,-0.14765866,-0.96573943,-0.21341103,0
-1.8547654,1.6581858,2.3799045,-0.073716082,-0.20442986,0.97610158,0
1.8525624,-5.3357849,-0.66225147,-0.14765866,-0.96573943,-0.21341103,0
2.0332611,-5.4638166,-0.42595482,-0.14765866,-0.96573943,-0.21341103,0
-1.5292925,-4.566659,-1.6114464,-0.14765866,-0.96573943,-0.21341103,0
1.1832974,-3.4212232,-2.787137,0.073716082,0.20442986,-0.97610158,0
-2.5939226,3.0402,1.312678,-0.98628736,0.15986168,-0.041004676,0
-1.4608321,4.9868793,1.7819583,0.14765866,0.96573943,0.21341103,0
-3.1654067,0.17300472,-0.37023503,-0.98628736,0.15986168,-0.041004676,0
-1.4220607,-4.226141,-2.8493409,-0.14765866,-0.96573943,-0.21341103,0
0.24029261,4.2616329,3.1412191,-0.073716082,-0.20442986,0.97610158,0
-2.5512204,-5.026835,0.53032255,-0.14765866,-0.96573943,-0.21341103,0
-0.99351275,-4.6607509,0.96638775,-0.073716082,-0.20442986,0.97610158,0
-2.0148406,-4.5203338,-1.5415273,-0.14765866,-0.96573943,-0.21341103,0
-3.0813494,-3.3340821,1.1152556,-0.073716082,-0.20442986,0.97610158,0
2.353394,-4.540257,-0.054796934,0.98628736,-0.15986168,0.041004676,0
1.5578573,-5.6135726,0.018589497,-0.14765866,-0.96573943,-0.21341103,0
-0.67863286,1.1273013,-1.7135861,0.073716082,0.20442986,-0.97610158,0
0.50122368,4.5960455,2.1087542,0.14765866,0.96573943,0.21341103,0
0.46210337,-4.7749596,-1.577765,-0.14765866,-0.96573943,-0.21341103,0
1.0831031,-0.45632946,-1.9734709,0.073716082,0.20442986,-0.97610158,0
2.963522,-1.2099771,-0.56861961,0.98628736,-0.15986168,0.041004676,0
-1.8745921,-3.7227912,1.1246097,-0.073716082,-0.20442986,0.97610158,0
3.0452251,0.077014446,-1.1182375,0.98628736,-0.15986168,0.041004676,0
2.9587886,-0.46425366,1.6443648,0.98628736,-0.15986168,0.041004676,0
-1.7548234,4.9972076,2.0615513,0.14765866,0.96573943,0.21341103,0
-2.4322577,3.7186418,1.5087517,-0.98628736,0.15986168,-0.041004676,0
1.5936685,4.9464045,0.71798754,0.14765866,0.96573943,0.21341103,0
-3.4235907,-3.0917556,-2.4283133,-0.98628736,0.15986168,-0.041004676,0
-3.307514,-2.2280426,0.29964328,-0.98628736,0.15986168,-0.041004676,0
-2.5813222,2.7605247,-0.34270155,-0.98628736,0.15986168,-0.041004676,0
-1.1932817,3.9271626,-1.4742718,0.073716082,0.20442986,-0.97610158,0
-2.9784079,-3.0961127,1.3233731,-0.073716082,-0.20442986,0.97610158,0
3.0640957,-0.70205992,1.108454,0.98628736,-0.15986168,0.041004676,0
-3.8382778,-4.4375172,0.40852976,-0.98628736,0.15986168,-0.041004676,0
-1.9970913,0.27474904,-2.1946623,0.073716082,0.20442986,-0.97610158,0
0.37156534,-3.5077534,-2.8545985,0.073716082,0.20442986,-0.97610158,0
-1.2434528,5.219121,-0.2252264,0.14765866,0.96573943,0.21341103,0
-2.4823263,2.8325737,1.9977851,-0.98628736,0.15986168,-0.041004676,0
1.6321518,3.6734655,3.133286,-0.073716082,-0.20442986,0.97610158,0
-0.80971014,-5.3135204,0.92635345,-0.14765866,-0.96573943,-0.21341103,0
3.2278059,1.4977268,2.2228425,0.98628736,-0.15986168,0.041004676,0
-3.7976844,-4.5197272,0.19369173,-0.14765866,-0.96573943,-0.21341103,0
-0.58678484,1.8893248,-1.6166517,0.073716082,0.20442986,-0.97610158,0
-2.3331294,5.1609058,2.2958119,0.14765866,0.96573943,0.21341103,0
2.4551291,-2.736783,1.1426551,0.98628736,-0.15986168,0.041004676,0
-2.3524635,4.9614754,-0.75837421,-0.98628736,0.15986168,-0.041004676,0
1.0085678,-5.706708,0.84625578,-0.14765866,-0.96573943,-0.21341103,0
3.2794878,1.1164138,1.6326396,0.98628736,-0.15986168,0.041004676,0
2.5129714,-0.98474264,-1.990103,0.073716082,0.20442986,-0.97610158,0
0.62171072,0.98158717,-1.9357121,0.073716082,0.20442986,-0.97610158,0
0.69352043,-4.8143034,-1.1972637,-0.14765866,-0.96573943,-0.21341103,0
2.575623,-3.5989251,-2.498662,0.073716082,0.20442986,-0.97610158,0
1.7869573,4.235157,2.6888399,0.14765866,0.96573943,0.21341103,0
0.59138882,-5.1452847,-1.3571079,-0.14765866,-0.96573943,-0.21341103,0
2.3769226,4.5912681,1.3011732,0.14765866,0.96573943,0.21341103,0
3.6934347,3.3349812,1.1178336,0.98628736,-0.15986168,0.041004676,0
-3.545043,-3.8942575,-0.71113396,-0.98628736,0.15986168,-0.041004676,0
-3.4288216,-3.0872421,-0.5664022,-0.98628736,0.15986168,-0.041004676,0
-2.4975417,4.5501642,-0.090906382,-0.98628736,0.15986168,-0.041004676,0
-2.4074836,4.7174606,2.6075361,-0.98628736,0.15986168,-0.041004676,0
2.9292023,-1.2049414,1.6220409,0.98628736,-0.15986168,0.041004676,0
2.0687506,-3.6205931,1.3775165,-0.073716082,-0.20442986,0.97610158,0
-1.924073,-4.9459996,0.45352411,-0.14765866,-0.96573943,-0.21341103,0
-2.4859242,4.197854,1.0504475,-0.98628736,0.15986168,-0.041004676,0
-3.4652729,-3.0439386,-0.51954651,-0.98628736,0.15986168,-0.041004676,0
1.3628315,4.8400784,0.016479969,0.14765866,0.96573943,0.21341103,0
-1.6344481,-2.4340274,1.5824172,-0.073716082,-0.20442986,0.97610158,0
-3.4426839,-1.7936399,0.97452831,-0.98628736,0.15986168,-0.041004676,0
3.5101941,2.7007203,2.5174623,0.98628736,-0.15986168,0.041004676,0
3.6853094,4.6366076,-0.59075212,0.14765866,0.96573943,0.21341103,0
3.2399645,0.47753161,1.0021143,0.98628736,-0.15986168,0.041004676,0
-0.58237469,4.0102062,-1.3608983,0.073716082,0.20442986,-0.97610158,0
3.0474606,1.8088531,-1.3456678,0.073716082,0.20442986,-0.97610158,0
3.017627,0.75935006,2.2650027,0.98628736,-0.15986168,0.041004676,0
2.8327203,-2.3383982,-0.4531858,0.98628736,-0.15986168,0.041004676,0
-1.6237833,5.3877034,0.6753397,0.14765866,0.96573943,0.21341103,0
2.8031301,-0.43576765,-0.68909431,0.98628736,-0.15986168,0.041004676,0
-2.3766811,3.4998963,-1.4853337,-0.98628736,0.15986168,-0.041004676,0
-3.0354497,0.68329525,-0.99939311,-0.98628736,0.15986168,-0.041004676,0
-3.2068644,-4.2293863,-2.7049339,-0.14765866,-0.96573943,-0.21341103,0
-0.45868421,-5.1534195,0.9053483,-0.073716082,-0.20442986,0.97610158,0
-3.4362068,-1.8865185,-0.33375072,-0.98628736,0.15986168,-0.041004676,0
2.2062466,4.9430461,-0.28873539,0.14765866,0.96573943,0.21341103,0
-3.0028896,-4.6911817,0.26254606,-0.14765866,-0.96573943,-0.21341103,0
-1.6995103,2.2187319,-1.78812,0.073716082,0.20442986,-0.97610158,0
-3.3852172,-2.9998484,-0.89279008,-0.98628736,0.15986168,-0.041004676,0
-3.4261301,-2.7568171,-1.7133915,-0.98628736,0.15986168,-0.041004676,0
-2.3235531,5.2672696,0.82578468,-0.98628736,0.15986168,-0.041004676,0
-0.24141687,-5.0568571,-0.72722292,-0.14765866,-0.96573943,-0.21341103,0
-3.4360514,-2.5063605,-0.55068183,-0.98628736,0.15986168,-0.041004676,0
-1.061774,4.9275355,2.6575203,0.14765866,0.96573943,0.21341103,0
0.78899145,-4.9466772,-2.2467613,-0.14765866,-0.96573943,-0.21341103,0
-0.50200593,-5.0109391,-0.78387356,-0.14765866,-0.96573943,-0.21341103,0
0.48264432,2.5667009,-1.3888917,0.073716082,0.20442986,-0.97610158,0
-1.422271,-5.0540686,0.48629284,-0.14765866,-0.96573943,-0.21341103,0
1.4319315,4.7912626,0.5016489,0.14765866,0.96573943,0.21341103,0
-0.47443581,1.9135518,-1.5832515,0.073716082,0.20442986,-0.97610158,0
-1.119904,-5.2513013,0.31029749,-0.14765866,-0.96573943,-0.21341103,0
-1.4638349,0.7475152,2.1907408,-0.073716082,-0.20442986,0.97610158,0
1.8374445,-5.7930975,0.63533974,-0.14765866,-0.96573943,-0.21341103,0
-0.53594822,-0.76437175,-2.2056711,0.073716082,0.20442986,-0.97610158,0
0.2983911,2.3267376,2.6002114,-0.073716082,-0.20442986,0.97610158,0
2.2210422,-5.1857967,0.4886117,0.98628736,-0.15986168,0.041004676,0
-3.5311224,-4.0377097,0.13400602,-0.98628736,0.15986168,-0.041004676,0
-1.6387935,4.0960317,-1.480602,0.073716082,0.20442986,-0.97610158,0
2.0893314,-5.1844893,0.54374266,0.98628736,-0.15986168,0.041004676,0
2.0278831,5.0261264,-0.21567297,0.14765866,0.96573943,0.21341103,0
-2.8589544,-4.645247,-0.88927746,-0.14765866,-0.96573943,-0.21341103,0
-2.0989375,-4.1655049,-2.7647924,-0.14765866,-0.96573943,-0.21341103,0
1.7700313,0.29246426,2.2539797,-0.073716082,-0.20442986,0.97610158,0
-2.3241506,0.011672974,1.9083217,-0.073716082,-0.20442986,0.97610158,0
-0.29172933,-5.2002325,-0.55639553,-0.14765866,-0.96573943,-0.21341103,0
0.86693859,-5.5600924,0.54350805,-0.14765866,-0.96573943,-0.21341103,0
-2.278091,4.4159813,2.4145727,-0.98628736,0.15986168,-0.041004676,0
-1.3783076,4.7965703,2.6902294,0.14765866,0.96573943,0.21341103,0
-1.3542938,-1.35149,1.5932881,-0.073716082,-0.20442986,0.97610158,0
-0.074796557,5.0742311,0.3207345,0.14765866,0.96573943,0.21341103,0
0.14483237,-4.8295798,-0.81362772,-0.14765866,-0.96573943,-0.21341103,0
1.6493087,2.8739512,2.7358434,-0.073716082,-0.20442986,0.97610158,0
2.5558534,-3.3675261,-1.5517939,0.98628736,-0.15986168,0.041004676,0
-1.0999873,3.6061845,2.6765981,-0.073716082,-0.20442986,0.97610158,0
-0.3119489,-4.9914331,0.24454641,-0.14765866,-0.96573943,-0.21341103,0
-2.1752734,-1.1237602,-2.4562495,0.073716082,0.20442986,-0.97610158,0
3.3874681,2.0359139,-0.24701929,0.98628736,-0.15986168,0.041004676,0
-0.50304633,-0.72851753,-2.3942347,0.073716082,0.20442986,-0.97610158,0
2.8459749,2.9106102,-1.2142777,0.073716082,0.20442986,-0.97610158,0
-1.9756218,0.99819934,2.1262338,-0.073716082,-0.20442986,0.97610158,0
-0.57194448,0.71814728,-2.0291274,0.073716082,0.20442986,-0.97610158,0
-1.7248552,5.3481841,0.26258755,0.14765866,0.96573943,0.21341103,0
0.82181525,-5.3642807,0.88684845,-0.073716082,-0.20442986,0.97610158,0
0.87485909,5.0980382,0.34445333,0.14765866,0.96573943,0.21341103,0
2.8241754,1.5487247,-1.5916364,0.073716082,0.20442986,-0.97610158,0
0.66210544,3.5529654,-1.4457145,0.073716082,0.20442986,-0.97610158,0
3.5680535,4.7202191,-0.54216862,0.14765866,0.96573943,0.21341103,0
-0.75327516,5.1403847,1.4516325,0.14765866,0.96573943,0.21341103,0
2.8752806,-1.321507,-0.55277681,0.98628736,-0.15986168,0.041004676,0
-3.1590874,-4.1813436,-2.4136958,-0.14765866,-0.96573943,-0.21341103,0
0.20742452,4.2932391,2.9211555,0.14765866,0.96573943,0.21341103,0
-3.0682054,-3.4927745,-3.0068552,0.073716082,0.20442986,-0.97610158,0
3.1691008,0.091653883,0.19057381,0.98628736,-0.15986168,0.041004676,0
0.039602876,4.9928637,-1.1759028,0.073716082,0.20442986,-0.97610158,0
0.21429276,-4.9647136,-1.5774081,-0.14765866,-0.96573943,-0.21341103,0
3.5367665,2.3161411,0.21149826,0.98628736,-0.15986168,0.041004676,0
0.24495238,-0.58068109,1.9766611,-0.073716082,-0.20442986,0.97610158,0
3.0076687,-0.28176486,-1.4377214,0.98628736,-0.15986168,0.041004676,0
0.76792324,1.1714003,-1.5539041,0.073716082,0.20442986,-0.97610158,0
0.21664074,4.208755,2.8867745,-0.073716082,-0.20442986,0.97610158,0
-1.0011238,-4.7210751,-0.49669218,-0.14765866,-0.96573943,-0.21341103,0
-3.09007,-4.1511798,-1.5845873,-0.14765866,-0.96573943,-0.21341103,0
2.4577205,-4.0027542,-1.6460065,0.98628736,-0.15986168,0.041004676,0
3.5400655,4.2076426,2.5974598,0.14765866,0.96573943,0.21341103,0
-1.4026396,5.3102298,0.91696763,0.14765866,0.96573943,0.21341103,0
2.8210781,-1.6768426,-1.5098557,0.98628736,-0.15986168,0.041004676,0
-2.7668405,-3.6759298,-2.8613698,0.073716082,0.20442986,-0.97610158,0
-2.4082701,0.13641989,-2.2204525,0.073716082,0.20442986,-0.97610158,0
-1.6303675,5.334897,0.46193647,0.14765866,0.96573943,0.21341103,0
-0.27500057,5.0216479,0.47163963,0.14765866,0.96573943,0.21341103,0
0.53974128,-4.9403462,-1.0236657,-0.14765866,-0.96573943,-0.21341103,0
1.3154848,0.97310543,-1.8673193,0.073716082,0.20442986,-0.97610158,0
2.9534612,-0.67632794,-1.6814983,0.98628736,-0.15986168,0.041004676,0
0.21155584,4.7206068,2.414192,0.14765866,0.96573943,0.21341103,0
2.02281,-1.3678753,2.0303407,-0.073716082,-0.20442986,0.97610158,0
1.0763469,-4.0316458,-3.0145683,0.073716082,0.20442986,-0.97610158,0
-2.7436073,-2.8259492,-2.6916633,0.073716082,0.20442986,-0.97610158,0
2.5312974,-1.3626995,2.0292807,-0.073716082,-0.20442986,0.97610158,0
-1.2619292,-4.6368098,-2.3074832,-0.14765866,-0.96573943,-0.21341103,0
2.3633564,-3.1062908,-0.1643672,0.98628736,-0.15986168,0.041004676,0
1.7828963,-3.4044871,1.6556075,-0.073716082,-0.20442986,0.97610158,0
-1.0223234,-4.6901965,-2.3468788,-0.14765866,-0.96573943,-0.21341103,0
0.15345907,-4.2059956,1.148675,-0.073716082,-0.20442986,0.97610158,0
-3.0324166,-0.75043035,-1.0300968,-0.98628736,0.15986168,-0.041004676,0
-0.46776378,2.818296,-1.452843,0.073716082,0.20442986,-0.97610158,0
-3.0511549,0.7410056,-0.93273365,-0.98628736,0.15986168,-0.041004676,0
-3.682323,-4.4505062,-0.27352047,-0.98628736,0.15986168,-0.041004676,0
-1.0898136,-4.3649869,-2.9507766,-0.14765866,-0.96573943,-0.21341103,0
0.64409709,-5.1728883,0.46841335,-0.14765866,-0.96573943,-0.21341103,0
-2.9016626,1.5007794,1.827317,-0.98628736,0.15986168,-0.041004676,0
2.3340392,4.6051607,1.3294444,0.14765866,0.96573943,0.21341103,0
2.7349164,-0.92865193,-0.71433347,0.98628736,-0.15986168,0.041004676,0
3.0057333,-0.11230016,-1.7906425,0.98628736,-0.15986168,0.041004676,0
-0.77691984,4.0892653,-1.2828832,0.073716082,0.20442986,-0.97610158,0
2.6643794,-2.0476601,-1.1110461,0.98628736,-0.15986168,0.041004676,0
2.2316432,-4.7585545,0.35701942,0.98628736,-0.15986168,0.041004676,0
2.0523891,4.4750285,1.165206,0.14765866,0.96573943,0.21341103,0
-2.7666817,-4.1704855,-2.2760754,-0.14765866,-0.96573943,-0.21341103,0
-1.1980627,5.2894564,1.0559387,0.14765866,0.96573943,0.21341103,0
-3.4987814,-3.203285,1.1121461,-0.98628736,0.15986168,-0.041004676,0
-0.31534743,4.619113,1.9539278,0.14765866,0.96573943,0.21341103,0
2.5560384,-1.9254935,-0.39196515,0.98628736,-0.15986168,0.041004676,0
2.8426425,-1.3489951,1.0028679,0.98628736,-0.15986168,0.041004676,0
0.58697313,3.5296693,2.6364417,-0.073716082,-0.20442986,0.97610158,0
-3.4991899,-4.6007547,-0.22174168,-0.14765866,-0.96573943,-0.21341103,0
-3.3082955,-2.6243255,-1.7246193,-0.98628736,0.15986168,-0.041004676,0
-3.2576339,-4.9705648,0.48129129,-0.14765866,-0.96573943,-0.21341103,0
-2.4686563,3.6950457,-1.496053,-0.98628736,0.15986168,-0.041004676,0
-3.6851559,-3.8685079,-1.332459,-0.98628736,0.15986168,-0.041004676,0
-3.5249732,-4.0400786,-1.7103486,-0.98628736,0.15986168,-0.041004676,0
0.71701801,0.42576694,-1.8381405,0.073716082,0.20442986,-0.97610158,0
3.7285063,3.2663164,-0.87221169,0.98628736,-0.15986168,0.041004676,0
-3.6045465,-4.73417,-0.33761501,-0.14765866,-0.96573943,-0.21341103,0
-3.0898647,0.067833528,-0.3529774,-0.98628736,0.15986168,-0.041004676,0
-2.8510222,2.1823533,1.0298419,-0.98628736,0.15986168,-0.041004676,0
-0.029464245,4.7727375,-1.0361528,0.073716082,0.20442986,-0.97610158,0
3.1264765,0.44109958,1.5473955,0.98628736,-0.15986168,0.041004676,0
0.72907603,-2.0961566,1.5992119,-0.073716082,-0.20442986,0.97610158,0
-3.3720875,-4.3797088,-0.80362415,-0.14765866,-0.96573943,-0.21341103,0
1.3977118,4.7545452,0.58722067,0.14765866,0.96573943,0.21341103,0
2.0751677,3.6295352,3.0572412,-0.073716082,-0.20442986,0.97610158,0
1.3483543,-5.0681376,-1.6669688,-0.14765866,-0.96573943,-0.21341103,0
-2.8155971,1.980913,0.098861456,-0.98628736,0.15986168,-0.041004676,0
-3.6842537,-4.6893911,0.55674458,-0.14765866,-0.96573943,-0.21341103,0
-2.7311821,-4.7931433,0.6762085,-0.073716082,-0.20442986,0.97610158,0
-3.5043006,-4.4821105,-1.3498716,-0.14765866,-0.96573943,-0.21341103,0
3.1309447,4.7407045,0.46385574,0.14765866,0.96573943,0.21341103,0
0.057775769,-0.98561633,-2.376039,0.073716082,0.20442986,-0.97610158,0
-2.2356277,5.38235,1.118547,0.14765866,0.96573943,0.21341103,0
3.1968386,0.39733636,0.12415683,0.98628736,-0.15986168,0.041004676,0
-2.329627,1.1670375,2.1821027,-0.073716082,-0.20442986,0.97610158,0
2.7920837,-1.2260885,1.7278993,0.98628736,-0.15986168,0.041004676,0
-0.67576867,-4.5122833,-3.0494661,-0.14765866,-0.96573943,-0.21341103,0
2.3651783,-3.3282113,0.67764306,0.98628736,-0.15986168,0.041004676,0
-1.6200814,-4.3891063,1.1837835,-0.073716082,-0.20442986,0.97610158,0
