1.3519125,-2.7480454,1.6276209,-0.0058609024,-0.97710001,-0.2126998,0
-1.2686083,-3.1625807,2.4662163,-0.67107952,-0.15384981,0.72524631,0
-1.9680988,-2.5228205,-0.95479679,-0.0058609024,-0.97710001,-0.2126998,0
-2.438736,1.0502541,1.9230058,-0.67107952,-0.15384981,0.72524631,0
1.6777687,1.995863,-2.2797592,0.67107952,0.15384981,-0.72524631,0
-1.0099034,3.012516,-2.2251585,-0.74136209,0.14698908,-0.65481007,0
-0.16208744,-1.1783848,-3.6473227,-0.74136209,0.14698908,-0.65481007,0
-1.412204,1.8944355,3.1568599,0.0058609024,0.97710001,0.2126998,0
2.3521638,-2.4757972,0.00024628639,-0.0058609024,-0.97710001,-0.2126998,0
-2.1547327,1.7407002,2.5333343,-0.67107952,-0.15384981,0.72524631,0
0.011306643,2.3496754,0.63310522,0.0058609024,0.97710001,0.2126998,0
-3.6822567,-0.50270736,0.28201485,-0.74136209,0.14698908,-0.65481007,0
0.97455931,-1.7219399,-3.6307182,0.67107952,0.15384981,-0.72524631,0
-1.4393616,-0.088305086,-2.168313,-0.74136209,0.14698908,-0.65481007,0
0.74950147,2.5831974,-3.1031942,0.67107952,0.15384981,-0.72524631,0
2.2836556,-0.47102338,-2.2110493,0.67107952,0.15384981,-0.72524631,0
-3.5664532,1.4092004,0.53098059,-0.74136209,0.14698908,-0.65481007,0
1.3475678,1.129405,2.725517,0.74136209,-0.14698908,0.65481007,0
-0.37449837,1.9062628,3.2529273,0.0058609024,0.97710001,0.2126998,0
-0.70247829,-2.6176305,1.2189986,-0.0058609024,-0.97710001,-0.2126998,0
3.4019132,-1.9186957,-0.65798402,0.74136209,-0.14698908,0.65481007,0
-0.064493656,-2.5972834,3.2806563,0.74136209,-0.14698908,0.65481007,0
0.87321234,-1.3132291,-3.6629572,0.67107952,0.15384981,-0.72524631,0
-0.60464501,1.8712262,-2.5813699,-0.74136209,0.14698908,-0.65481007,0
-0.25464845,-1.8780966,-3.162883,-0.0058609024,-0.97710001,-0.2126998,0
-0.12916493,3.2189906,-2.5072765,0.0058609024,0.97710001,0.2126998,0
2.8556721,1.0398101,-1.1435134,0.67107952,0.15384981,-0.72524631,0
-3.4642503,-2.583483,-0.05989027,-0.0058609024,-0.97710001,-0.2126998,0
1.4230493,2.8900809,-0.99656391,0.0058609024,0.97710001,0.2126998,0
-1.7977403,1.3858895,2.830878,-0.67107952,-0.15384981,0.72524631,0
-2.4173009,-1.037537,1.8873596,-0.67107952,-0.15384981,0.72524631,0
-0.00046658516,2.3522122,1.6911863,0.0058609024,0.97710001,0.2126998,0
-2.9091983,-2.2518847,0.99878502,-0.67107952,-0.15384981,0.72524631,0
-0.94332385,1.6264291,3.4655535,-0.67107952,-0.15384981,0.72524631,0
-0.69645071,2.2060854,2.4015083,0.0058609024,0.97710001,0.2126998,0
-0.65568185,1.8606322,3.1554799,0.0058609024,0.97710001,0.2126998,0
-2.9027731,-1.3199044,-1.0519001,-0.74136209,0.14698908,-0.65481007,0
-0.11128902,-0.71684486,-3.6259458,-0.74136209,0.14698908,-0.65481007,0
1.2827768,1.9551225,-2.455152,0.67107952,0.15384981,-0.72524631,0
2.6745815,-2.0076289,0.3512609,0.74136209,-0.14698908,0.65481007,0
1.1435573,2.1964381,-2.5113637,0.67107952,0.15384981,-0.72524631,0
-0.4378224,2.4875982,0.31208512,0.0058609024,0.97710001,0.2126998,0
1.8491604,-0.79877239,-2.3809953,0.67107952,0.15384981,-0.72524631,0
2.0563333,-2.2755625,-0.87134004,-0.0058609024,-0.97710001,-0.2126998,0
3.4904921,-0.93975031,-0.84416866,0.67107952,0.15384981,-0.72524631,0
-1.6808224,0.92181313,2.5461147,-0.67107952,-0.15384981,0.72524631,0
0.52131397,2.4045274,0.94603658,0.0058609024,0.97710001,0.2126998,0
-1.6725001,-1.8945301,-2.2250245,-0.74136209,0.14698908,-0.65481007,0
0.70637035,-2.5640094,0.78242946,-0.0058609024,-0.97710001,-0.2126998,0
-2.6545496,-2.2628338,-0.97109818,-0.0058609024,-0.97710001,-0.2126998,0
0.88371086,1.7092432,3.2139816,0.74136209,-0.14698908,0.65481007,0
-2.7549741,-2.0599017,1.008888,-0.67107952,-0.15384981,0.72524631,0
0.16815877,-2.1769273,-2.6082163,-0.0058609024,-0.97710001,-0.2126998,0
1.4980967,-0.64298391,2.1852636,0.74136209,-0.14698908,0.65481007,0
3.7739897,-0.96186578,-1.0805483,0.67107952,0.15384981,-0.72524631,0
-1.7738731,1.6387986,3.0639796,-0.67107952,-0.15384981,0.72524631,0
1.9460173,-2.4661567,-1.0211651,-0.0058609024,-0.97710001,-0.2126998,0
-0.71087861,-2.047087,3.1726809,-0.67107952,-0.15384981,0.72524631,0
1.2335619,2.5966585,-0.094934464,0.0058609024,0.97710001,0.2126998,0
-2.1012859,2.3075528,-0.6947844,-0.74136209,0.14698908,-0.65481007,0
-1.4212906,2.7953231,-1.039834,0.0058609024,0.97710001,0.2126998,0
-3.2261131,0.71834266,1.0768418,-0.67107952,-0.15384981,0.72524631,0
-1.5824339,-2.8280857,1.2612429,-0.0058609024,-0.97710001,-0.2126998,0
-1.866735,2.1474583,1.4079869,0.0058609024,0.97710001,0.2126998,0
-1.3508744,-1.6292775,-2.5594504,-0.74136209,0.14698908,-0.65481007,0
-0.80800676,1.7359082,3.3176441,0.0058609024,0.97710001,0.2126998,0
0.3982538,2.0531662,1.6681839,0.0058609024,0.97710001,0.2126998,0
-1.1993378,-2.9919851,1.101198,-0.0058609024,-0.97710001,-0.2126998,0
-3.0474672,-1.348297,1.0270164,-0.67107952,-0.15384981,0.72524631,0
2.3561037,-1.4347174,0.87139535,0.74136209,-0.14698908,0.65481007,0
-3.573194,-2.1886015,-0.34733105,-0.74136209,0.14698908,-0.65481007,0
0.39320624,-2.1422524,-1.5024836,-0.0058609024,-0.97710001,-0.2126998,0
-2.7425866,1.7323868,-0.25430346,-0.74136209,0.14698908,-0.65481007,0
0.77132273,-1.0753949,-3.6193185,0.67107952,0.15384981,-0.72524631,0
-1.0974395,1.3695498,-2.2179642,-0.74136209,0.14698908,-0.65481007,0
-1.2525173,2.4213274,0.39296091,0.0058609024,0.97710001,0.2126998,0
-2.0713058,-2.7189186,1.4867454,-0.67107952,-0.15384981,0.72524631,0
2.5581167,0.80921912,-1.6029224,0.67107952,0.15384981,-0.72524631,0
1.1093054,0.65115356,2.5163493,0.74136209,-0.14698908,0.65481007,0
0.13671923,-1.7897468,-3.8794122,-0.0058609024,-0.97710001,-0.2126998,0
1.6835612,2.1830463,-1.9335506,0.67107952,0.15384981,-0.72524631,0
0.80048257,2.8551538,-0.62846625,0.0058609024,0.97710001,0.2126998,0
-2.9665458,-2.1549847,-0.95763469,-0.74136209,0.14698908,-0.65481007,0
2.8240612,-1.5980504,0.33170104,0.74136209,-0.14698908,0.65481007,0
2.8271892,1.0758814,-1.0232165,0.67107952,0.15384981,-0.72524631,0
2.2560482,0.57786715,-1.908227,0.67107952,0.15384981,-0.72524631,0
-0.40900302,1.7183464,3.5369377,0.0058609024,0.97710001,0.2126998,0
0.077362537,-0.18766677,-3.9161639,-0.74136209,0.14698908,-0.65481007,0
-1.2844784,1.94906,-1.6875906,-0.74136209,0.14698908,-0.65481007,0
-0.23118305,-1.9086324,-3.0172653,-0.0058609024,-0.97710001,-0.2126998,0
-0.77694654,-0.91112965,3.230546,-0.67107952,-0.15384981,0.72524631,0
-1.6117108,0.34183198,2.4606788,-0.67107952,-0.15384981,0.72524631,0
0.63138986,-2.7103631,2.4237666,0.74136209,-0.14698908,0.65481007,0
-0.21022129,2.8843253,-2.3838603,0.0058609024,0.97710001,0.2126998,0
0.33099842,3.1543651,-2.6881349,0.0058609024,0.97710001,0.2126998,0
-0.73797512,-0.22307381,3.4977212,-0.67107952,-0.15384981,0.72524631,0
-0.7887156,3.0988095,-2.1436367,0.0058609024,0.97710001,0.2126998,0
1.0895591,-2.2933941,-0.46052635,-0.0058609024,-0.97710001,-0.2126998,0
-0.015974998,1.5949721,4.0361276,0.74136209,-0.14698908,0.65481007,0
-3.485323,-2.2732537,0.39404964,-0.67107952,-0.15384981,0.72524631,0
2.4084239,2.2858336,1.2565076,0.0058609024,0.97710001,0.2126998,0
-0.19235277,-0.68717009,3.6283097,0.74136209,-0.14698908,0.65481007,0
0.31349897,2.40381,-3.4037552,-0.74136209,0.14698908,-0.65481007,0
3.3988233,0.19072217,0.095520258,0.74136209,-0.14698908,0.65481007,0
0.71813941,-2.6401277,1.196681,-0.0058609024,-0.97710001,-0.2126998,0
0.64015722,2.2819941,2.1895046,0.0058609024,0.97710001,0.2126998,0
3.1837528,-0.30418825,-1.3194733,0.67107952,0.15384981,-0.72524631,0
-2.353189,-0.71580309,2.0298123,-0.67107952,-0.15384981,0.72524631,0
-3.5676277,0.60275412,0.70144176,-0.67107952,-0.15384981,0.72524631,0
-3.163388,-2.1484456,0.98446465,-0.67107952,-0.15384981,0.72524631,0
-0.71760279,-2.9116466,0.96776438,-0.0058609024,-0.97710001,-0.2126998,0
-3.5527437,-0.49619961,0.74898815,-0.67107952,-0.15384981,0.72524631,0
-0.94803953,-2.7324145,2.5455868,-0.67107952,-0.15384981,0.72524631,0
3.2422779,1.1768396,-0.64257002,0.67107952,0.15384981,-0.72524631,0
3.5326457,1.7997868,-0.30391645,0.67107952,0.15384981,-0.72524631,0
-0.48180985,-2.2627077,-1.3609266,-0.0058609024,-0.97710001,-0.2126998,0
-1.5175524,-1.2251871,-2.6683116,-0.74136209,0.14698908,-0.65481007,0
2.4143484,1.9038641,1.495944,0.74136209,-0.14698908,0.65481007,0
0.43920884,-2.6242352,-0.20363283,-0.0058609024,-0.97710001,-0.2126998,0
3.0788717,2.4167299,-0.17483664,0.0058609024,0.97710001,0.2126998,0
2.6631701,2.5763712,-0.12604713,0.0058609024,0.97710001,0.2126998,0
3.5015402,0.24603896,-1.0112286,0.67107952,0.15384981,-0.72524631,0
2.9146867,-0.05048193,0.22205472,0.74136209,-0.14698908,0.65481007,0
-0.60022604,-2.8706999,1.1116282,-0.0058609024,-0.97710001,-0.2126998,0
0.78252482,-2.5496595,-0.49124247,-0.0058609024,-0.97710001,-0.2126998,0
1.9456843,2.8546631,-0.53318143,0.0058609024,0.97710001,0.2126998,0
-1.1829368,-0.91236603,2.8309681,-0.67107952,-0.15384981,0.72524631,0
0.11395741,-0.7274006,3.7150383,0.74136209,-0.14698908,0.65481007,0
-1.1940365,2.7169778,-0.40667868,0.0058609024,0.97710001,0.2126998,0
0.46963954,-1.41818,3.0693998,0.74136209,-0.14698908,0.65481007,0
1.092629,1.9761685,-2.8389473,0.67107952,0.15384981,-0.72524631,0
-2.1743321,-3.0144625,1.6467667,-0.67107952,-0.15384981,0.72524631,0
-0.97321844,0.79465473,-2.4260604,-0.74136209,0.14698908,-0.65481007,0
-3.7965145,1.2537248,0.50723457,-0.74136209,0.14698908,-0.65481007,0
-3.2860451,2.1767559,1.2638612,0.0058609024,0.97710001,0.2126998,0
3.1569018,0.89247835,-0.80968547,0.67107952,0.15384981,-0.72524631,0
1.0739622,2.2653146,0.45333976,0.0058609024,0.97710001,0.2126998,0
-0.11658704,2.1472347,2.0913434,0.0058609024,0.97710001,0.2126998,0
2.9076591,-2.046994,-0.22075033,0.74136209,-0.14698908,0.65481007,0
2.8314445,0.74720991,0.68024635,0.74136209,-0.14698908,0.65481007,0
0.30432701,0.8747552,3.8036282,0.74136209,-0.14698908,0.65481007,0
-0.61340904,-2.3168037,-1.2084879,-0.0058609024,-0.97710001,-0.2126998,0
1.4191555,-2.2706215,-1.9779489,-0.0058609024,-0.97710001,-0.2126998,0
3.3873394,0.044726521,-0.98038101,0.67107952,0.15384981,-0.72524631,0
-2.1836419,-2.6274836,0.18680573,-0.0058609024,-0.97710001,-0.2126998,0
1.787024,-2.91468,1.2247977,0.74136209,-0.14698908,0.65481007,0
1.4283085,3.0487697,-1.9750459,0.0058609024,0.97710001,0.2126998,0
1.7797048,2.6153018,-0.55911064,0.0058609024,0.97710001,0.2126998,0
-0.845191,-3.0919425,1.64402,-0.0058609024,-0.97710001,-0.2126998,0
0.10303903,1.7329669,-3.2699509,-0.74136209,0.14698908,-0.65481007,0
0.57097149,2.1477356,2.0491691,0.0058609024,0.97710001,0.2126998,0
0.66996837,-2.9528124,1.2526431,-0.0058609024,-0.97710001,-0.2126998,0
-3.2889197,-0.88246596,0.77366257,-0.67107952,-0.15384981,0.72524631,0
3.1153653,-1.8737154,-1.4443374,0.67107952,0.15384981,-0.72524631,0
1.2089275,-2.1342356,-1.8456067,-0.0058609024,-0.97710001,-0.2126998,0
-1.346627,1.8831798,3.1849077,0.0058609024,0.97710001,0.2126998,0
2.562839,2.4644697,0.59841251,0.0058609024,0.97710001,0.2126998,0
-0.697541,0.9985851,-2.6409478,-0.74136209,0.14698908,-0.65481007,0
-2.3974295,-0.96806771,-1.0391845,-0.74136209,0.14698908,-0.65481007,0
-0.51390755,2.5056598,0.67345148,0.0058609024,0.97710001,0.2126998,0
-2.4997549,-0.96223396,-1.3432226,-0.74136209,0.14698908,-0.65481007,0
3.7855501,1.3137485,0.086133003,0.74136209,-0.14698908,0.65481007,0
1.9574019,-1.1104858,-2.6010299,0.67107952,0.15384981,-0.72524631,0
3.2682171,0.97839844,0.50491834,0.74136209,-0.14698908,0.65481007,0
-0.84662604,3.0299602,-1.4858904,0.0058609024,0.97710001,0.2126998,0
0.35031414,-2.2636504,-1.7413969,-0.0058609024,-0.97710001,-0.2126998,0
-0.14806855,2.7238855,-0.37165764,0.0058609024,0.97710001,0.2126998,0
2.8059473,1.0459936,0.87350035,0.74136209,-0.14698908,0.65481007,0
-1.3412938,2.2558241,1.8343887,0.0058609024,0.97710001,0.2126998,0
-0.68354392,2.4895589,-2.6341822,-0.74136209,0.14698908,-0.65481007,0
0.14200473,1.7795143,2.8472803,0.0058609024,0.97710001,0.2126998,0
-3.532414,-1.7706358,0.30025625,-0.67107952,-0.15384981,0.72524631,0
-0.46246648,-0.34852478,3.8242142,-0.67107952,-0.15384981,0.72524631,0
-1.4078486,1.3184354,-2.1626673,-0.74136209,0.14698908,-0.65481007,0
-1.6304213,-2.5852387,-0.011210442,-0.0058609024,-0.97710001,-0.2126998,0
3.4545031,0.12625441,-0.02682209,0.74136209,-0.14698908,0.65481007,0
3.71346,2.3733525,0.3440423,0.0058609024,0.97710001,0.2126998,0
-0.26811576,2.7058394,-1.4739287,0.0058609024,0.97710001,0.2126998,0
0.8619678,3.1566377,-2.4314094,0.0058609024,0.97710001,0.2126998,0
2.0515208,-1.1037527,-2.5389838,0.67107952,0.15384981,-0.72524631,0
-0.46226668,2.0309069,2.8061318,0.0058609024,0.97710001,0.2126998,0
1.5596623,0.73143137,-2.7008374,0.67107952,0.15384981,-0.72524631,0
-0.35754418,-2.2811046,-1.7769221,-0.0058609024,-0.97710001,-0.2126998,0
1.7859573,1.5070641,2.3867383,0.74136209,-0.14698908,0.65481007,0
-3.759541,0.61552119,0.70466137,-0.67107952,-0.15384981,0.72524631,0
1.4427223,2.7151096,-1.5433073,0.0058609024,0.97710001,0.2126998,0
-1.4515326,2.0652118,1.3802912,0.0058609024,0.97710001,0.2126998,0
2.8894103,-2.0542853,0.35920048,0.74136209,-0.14698908,0.65481007,0
3.1853638,2.2037559,0.78922105,0.0058609024,0.97710001,0.2126998,0
-2.9379833,-2.3727448,0.66876197,-0.67107952,-0.15384981,0.72524631,0
3.6017702,0.25339398,-0.79718542,0.67107952,0.15384981,-0.72524631,0
0.47327232,1.0441847,3.5805073,0.74136209,-0.14698908,0.65481007,0
0.34171557,-0.60472155,-3.7587621,0.67107952,0.15384981,-0.72524631,0
-2.3941274,-2.3965039,0.14413047,-0.0058609024,-0.97710001,-0.2126998,0
-3.6660752,-1.2142241,0.35260773,-0.74136209,0.14698908,-0.65481007,0
2.578207,1.6304871,1.2833564,0.74136209,-0.14698908,0.65481007,0
1.0097196,-0.16226128,2.8069744,0.74136209,-0.14698908,0.65481007,0
2.7335458,-0.9076215,0.42059302,0.74136209,-0.14698908,0.65481007,0
-0.20972371,2.3451707,0.68585563,0.0058609024,0.97710001,0.2126998,0
-0.90067959,-0.44698235,-2.7541046,-0.74136209,0.14698908,-0.65481007,0
-1.3309379,1.1198126,3.2803323,-0.67107952,-0.15384981,0.72524631,0
-3.0412898,1.0763147,1.412056,-0.67107952,-0.15384981,0.72524631,0
2.1627007,-1.6760919,-2.516212,0.67107952,0.15384981,-0.72524631,0
0.28138828,-1.4123046,-4.097158,0.67107952,0.15384981,-0.72524631,0
2.5091941,-1.8222017,0.29233122,0.74136209,-0.14698908,0.65481007,0
-2.8878531,-0.68326801,-0.84785485,-0.74136209,0.14698908,-0.65481007,0
0.43147326,-1.6338581,-3.3202331,-0.0058609024,-0.97710001,-0.2126998,0
-2.2931364,-2.162848,-1.4945865,-0.0058609024,-0.97710001,-0.2126998,0
-2.2259114,-1.8397938,-1.5314586,-0.74136209,0.14698908,-0.65481007,0
1.9390368,-2.1722145,1.3001502,0.74136209,-0.14698908,0.65481007,0
3.6646047,-1.2611747,-0.76813555,0.67107952,0.15384981,-0.72524631,0
0.60705423,-1.8982186,-2.9748592,-0.0058609024,-0.97710001,-0.2126998,0
-0.5479126,0.8749876,3.8405843,-0.67107952,-0.15384981,0.72524631,0
-1.6191733,2.5977681,-0.84380567,0.0058609024,0.97710001,0.2126998,0
1.3941925,1.067719,-2.7173088,0.67107952,0.15384981,-0.72524631,0
-1.0970156,-1.1440673,-2.8485684,-0.74136209,0.14698908,-0.65481007,0
-0.10844684,2.0522766,2.6753025,0.0058609024,0.97710001,0.2126998,0
3.7771068,1.8305688,-0.28233862,0.67107952,0.15384981,-0.72524631,0
1.7410421,-2.7687752,1.2235333,-0.0058609024,-0.97710001,-0.2126998,0
-1.1854593,2.078722,1.3296803,0.0058609024,0.97710001,0.2126998,0
0.099276543,-2.5438414,0.61580074,-0.0058609024,-0.97710001,-0.2126998,0
-0.64000851,2.2996082,1.9286357,0.0058609024,0.97710001,0.2126998,0
3.1676903,2.5796618,-0.59312105,0.0058609024,0.97710001,0.2126998,0
-0.59965825,2.5035052,-2.6562343,-0.74136209,0.14698908,-0.65481007,0
-3.6422203,-0.81649721,0.12074089,-0.74136209,0.14698908,-0.65481007,0
-0.28865528,-1.1409069,3.7349148,-0.67107952,-0.15384981,0.72524631,0
-0.73935556,-0.53538322,-2.9549012,-0.74136209,0.14698908,-0.65481007,0
2.7236903,2.4767234,0.70112276,0.0058609024,0.97710001,0.2126998,0
0.40735412,3.1560192,-2.7509708,0.0058609024,0.97710001,0.2126998,0
1.2385983,-1.0126591,-3.2350299,0.67107952,0.15384981,-0.72524631,0
2.0892351,2.0005596,1.6846131,0.74136209,-0.14698908,0.65481007,0
0.075565338,-0.025638163,-4.1607552,0.67107952,0.15384981,-0.72524631,0
1.3440878,-2.2255309,-1.420673,-0.0058609024,-0.97710001,-0.2126998,0
-1.9139675,-1.2608069,1.9025605,-0.67107952,-0.15384981,0.72524631,0
0.47144163,-2.2499447,-0.86896777,-0.0058609024,-0.97710001,-0.2126998,0
2.0533242,2.2980666,0.32977009,0.0058609024,0.97710001,0.2126998,0
1.8131466,2.3453417,0.25510418,0.0058609024,0.97710001,0.2126998,0
-0.95076841,2.3298426,0.2239238,0.0058609024,0.97710001,0.2126998,0
1.914705,-0.25185642,1.7611421,0.74136209,-0.14698908,0.65481007,0
0.15954709,1.8818684,3.1393201,0.0058609024,0.97710001,0.2126998,0
-1.0010422,-2.9048426,0.78947425,-0.0058609024,-0.97710001,-0.2126998,0
-0.58215451,-2.1979339,-1.345636,-0.0058609024,-0.97710001,-0.2126998,0
0.054698229,-2.6385317,0.70387042,-0.0058609024,-0.97710001,-0.2126998,0
1.5429342,2.976099,-1.4352903,0.0058609024,0.97710001,0.2126998,0
-0.23359346,2.4827218,-2.9146523,-0.74136209,0.14698908,-0.65481007,0
-0.12868452,-1.8050212,-4.0434084,-0.0058609024,-0.97710001,-0.2126998,0
3.4912503,0.93969405,-0.59824324,0.67107952,0.15384981,-0.72524631,0
2.1472261,-1.556195,1.0518121,0.74136209,-0.14698908,0.65481007,0
3.0823741,-1.6702267,-0.22141814,0.74136209,-0.14698908,0.65481007,0
-1.8686204,1.2906084,-1.3937511,-0.74136209,0.14698908,-0.65481007,0
1.8089032,2.6890817,-1.4203007,0.0058609024,0.97710001,0.2126998,0
0.97564244,-3.01159,2.1079159,0.74136209,-0.14698908,0.65481007,0
-2.9699378,0.24235891,-0.26434088,-0.74136209,0.14698908,-0.65481007,0
-1.2215605,2.904613,-1.1533618,0.0058609024,0.97710001,0.2126998,0
2.5284886,-2.1050479,-1.6701388,-0.0058609024,-0.97710001,-0.2126998,0
-0.6332987,-2.4091477,-0.81734586,-0.0058609024,-0.97710001,-0.2126998,0
-1.8396842,-1.2408764,-2.1823392,-0.74136209,0.14698908,-0.65481007,0
-1.6341755,-0.83643878,-2.4191315,-0.74136209,0.14698908,-0.65481007,0
1.6604878,-2.7409828,0.63920671,-0.0058609024,-0.97710001,-0.2126998,0
-1.5472112,-0.05140622,-1.7970563,-0.74136209,0.14698908,-0.65481007,0
-0.071100235,-0.53876036,-3.8531659,-0.74136209,0.14698908,-0.65481007,0
-1.8765111,-1.2935057,-2.0466588,-0.74136209,0.14698908,-0.65481007,0
-1.0735145,-2.50719,-0.10300112,-0.0058609024,-0.97710001,-0.2126998,0
-0.12865019,-1.6604189,-3.385968,-0.0058609024,-0.97710001,-0.2126998,0
2.4900308,-2.8115699,0.29349089,-0.0058609024,-0.97710001,-0.2126998,0
2.2596216,-2.5177534,-0.071270943,-0.0058609024,-0.97710001,-0.2126998,0
-2.1267729,0.86635959,-1.1340824,-0.74136209,0.14698908,-0.65481007,0
0.43762469,-1.9187624,-3.7979269,-0.0058609024,-0.97710001,-0.2126998,0
-1.6625293,-2.3454161,-1.419175,-0.0058609024,-0.97710001,-0.2126998,0
-3.4187682,-1.0274366,0.78980541,-0.67107952,-0.15384981,0.72524631,0
-0.29456973,-2.5366054,-0.94543982,-0.0058609024,-0.97710001,-0.2126998,0
-0.39755177,-2.0481732,-2.8089056,-0.0058609024,-0.97710001,-0.2126998,0
0.86212599,-1.9493836,-2.9355354,-0.0058609024,-0.97710001,-0.2126998,0
2.8689981,-2.5708773,-0.047695398,0.74136209,-0.14698908,0.65481007,0
-0.50390863,1.3450106,3.6831884,-0.67107952,-0.15384981,0.72524631,0
-1.4198387,0.20935564,-2.0013645,-0.74136209,0.14698908,-0.65481007,0
0.74142766,0.66696703,-3.4494939,0.67107952,0.15384981,-0.72524631,0
0.87560916,0.45627898,-3.4416335,0.67107952,0.15384981,-0.72524631,0
1.0255214,2.767014,-1.5827621,0.0058609024,0.97710001,0.2126998,0
1.2928092,2.0258408,2.0995398,0.0058609024,0.97710001,0.2126998,0
1.5999916,-2.8488679,1.5055526,0.74136209,-0.14698908,0.65481007,0
-1.2078315,-2.4083247,-0.13368881,-0.0058609024,-0.97710001,-0.2126998,0
1.5465481,1.9093977,2.4303792,0.74136209,-0.14698908,0.65481007,0
0.49360228,0.88704371,-3.5957568,0.67107952,0.15384981,-0.72524631,0
1.1957083,2.4894085,-0.34371567,0.0058609024,0.97710001,0.2126998,0
0.60602665,-1.2358326,-3.7777338,0.67107952,0.15384981,-0.72524631,0
3.8561425,-2.2209187,-1.2062912,0.67107952,0.15384981,-0.72524631,0
2.9507151,0.23530135,0.65228987,0.74136209,-0.14698908,0.65481007,0
-0.24412179,-2.3203807,-1.8801756,-0.0058609024,-0.97710001,-0.2126998,0
3.3049555,1.4782635,0.6214807,0.74136209,-0.14698908,0.65481007,0
3.4626369,1.9287277,-0.7757678,0.67107952,0.15384981,-0.72524631,0
0.019057751,2.3069944,-3.5006723,-0.74136209,0.14698908,-0.65481007,0
-0.39061189,1.6384715,4.0321541,0.0058609024,0.97710001,0.2126998,0
-0.29488897,1.0552169,-3.3740652,-0.74136209,0.14698908,-0.65481007,0
3.0144095,0.84758824,0.38533378,0.74136209,-0.14698908,0.65481007,0
3.6612303,2.1431832,-0.39771128,0.67107952,0.15384981,-0.72524631,0
1.1534231,-2.820859,0.23577595,-0.0058609024,-0.97710001,-0.2126998,0
0.88201374,-1.9716891,-1.9017972,-0.0058609024,-0.97710001,-0.2126998,0
2.9181066,2.3158877,1.2109609,0.74136209,-0.14698908,0.65481007,0
0.097318292,2.8171196,-1.0295351,0.0058609024,0.97710001,0.2126998,0
1.9821169,-1.0027614,1.2352014,0.74136209,-0.14698908,0.65481007,0
-2.6812396,-1.8100499,1.4213793,-0.67107952,-0.15384981,0.72524631,0
3.2566257,-1.5078287,-0.14312387,0.74136209,-0.14698908,0.65481007,0
0.89191568,-2.0965343,-1.6805202,-0.0058609024,-0.97710001,-0.2126998,0
-2.8811023,2.5722153,0.26235628,-0.74136209,0.14698908,-0.65481007,0
1.0336571,-0.9860428,-3.22823,0.67107952,0.15384981,-0.72524631,0
-0.59979534,2.3106384,-2.5876908,-0.74136209,0.14698908,-0.65481007,0
-0.19761753,2.1678712,2.1799276,0.0058609024,0.97710001,0.2126998,0
3.024528,-1.7612629,-1.8858831,0.67107952,0.15384981,-0.72524631,0
-0.26694083,0.49054319,3.84078,-0.67107952,-0.15384981,0.72524631,0
-0.70856094,2.8973167,-0.65484852,0.0058609024,0.97710001,0.2126998,0
2.3989007,2.5692484,0.14037704,0.0058609024,0.97710001,0.2126998,0
1.9043944,-2.1208856,-1.4768157,-0.0058609024,-0.97710001,-0.2126998,0
3.5725925,1.5622742,-0.4779892,0.67107952,0.15384981,-0.72524631,0
1.9527172,0.37507266,-2.329196,0.67107952,0.15384981,-0.72524631,0
-0.93076843,2.3691921,0.44929886,0.0058609024,0.97710001,0.2126998,0
-1.6099365,-1.5396631,-2.2169671,-0.74136209,0.14698908,-0.65481007,0
0.19550678,2.3786857,0.65637666,0.0058609024,0.97710001,0.2126998,0
-1.7773124,2.617394,-0.25696027,0.0058609024,0.97710001,0.2126998,0
-3.4005866,2.118892,1.2433009,0.0058609024,0.97710001,0.2126998,0
-0.12198019,3.113343,-2.5893776,0.0058609024,0.97710001,0.2126998,0
-2.8669503,2.3367131,-0.34065723,-0.74136209,0.14698908,-0.65481007,0
-0.42552876,-0.98482394,3.3448968,-0.67107952,-0.15384981,0.72524631,0
-0.64740205,-1.7307931,-2.9329145,-0.0058609024,-0.97710001,-0.2126998,0
2.0210164,-1.5647455,-2.3992112,0.67107952,0.15384981,-0.72524631,0
0.34834433,-3.3185596,2.6649566,-0.0058609024,-0.97710001,-0.2126998,0
-1.5346849,0.31706962,-2.0210667,-0.74136209,0.14698908,-0.65481007,0
1.4064014,2.4697764,-2.385663,0.67107952,0.15384981,-0.72524631,0
2.1279504,-0.83762169,1.1989653,0.74136209,-0.14698908,0.65481007,0
0.93787503,3.0907798,-2.1698756,0.0058609024,0.97710001,0.2126998,0
0.75406909,0.40093908,-3.3345942,0.67107952,0.15384981,-0.72524631,0
3.0066102,2.5228658,-0.76437783,0.67107952,0.15384981,-0.72524631,0
-3.5911765,-1.3217902,0.25094032,-0.74136209,0.14698908,-0.65481007,0
-0.70083785,3.027452,-2.0880449,0.0058609024,0.97710001,0.2126998,0
0.88215041,-1.6873933,2.3225706,0.74136209,-0.14698908,0.65481007,0
-0.68512821,-0.99092591,-3.2394333,-0.74136209,0.14698908,-0.65481007,0
3.7757931,-2.092016,-1.1507306,0.74136209,-0.14698908,0.65481007,0
-1.9318829,-2.8331907,1.8939145,-0.67107952,-0.15384981,0.72524631,0
0.38287425,1.860889,2.8908148,0.0058609024,0.97710001,0.2126998,0
-3.6905107,-2.0517607,0.065040112,-0.74136209,0.14698908,-0.65481007,0
0.73061752,0.15749145,-3.5468934,0.67107952,0.15384981,-0.72524631,0
2.0229833,-2.5801742,-0.75077724,-0.0058609024,-0.97710001,-0.2126998,0
2.1703556,-0.99944866,1.1802227,0.74136209,-0.14698908,0.65481007,0
-1.5542128,-1.8723173,2.2765725,-0.67107952,-0.15384981,0.72524631,0
-3.0894942,0.52437103,1.4499767,-0.67107952,-0.15384981,0.72524631,0
3.4164011,-1.3759209,-1.269474,0.67107952,0.15384981,-0.72524631,0
-2.7628963,0.71290767,1.5698149,-0.67107952,-0.15384981,0.72524631,0
1.1436231,-1.2301543,-3.5004013,0.67107952,0.15384981,-0.72524631,0
-2.6881812,2.495033,0.79908872,0.0058609024,0.97710001,0.2126998,0
2.5410218,-0.97187209,0.43159771,0.74136209,-0.14698908,0.65481007,0
-0.25149322,3.0038996,-2.5183103,0.0058609024,0.97710001,0.2126998,0
2.1752262,-1.6100662,0.80873799,0.74136209,-0.14698908,0.65481007,0
-1.1061003,2.8498936,-2.068316,-0.74136209,0.14698908,-0.65481007,0
2.5678873,-1.9906902,0.36372352,0.74136209,-0.14698908,0.65481007,0
3.0514603,1.635538,-1.1562681,0.67107952,0.15384981,-0.72524631,0
1.4087608,1.8439468,-2.1873543,0.67107952,0.15384981,-0.72524631,0
-1.1700268,-1.8023682,2.7572484,-0.67107952,-0.15384981,0.72524631,0
1.0815809,0.33105141,2.4508264,0.74136209,-0.14698908,0.65481007,0
0.12536263,3.1860085,-2.6983202,0.0058609024,0.97710001,0.2126998,0
-3.6660576,-1.5619018,-0.096513748,-0.74136209,0.14698908,-0.65481007,0
1.873615,2.6602869,-0.98447347,0.0058609024,0.97710001,0.2126998,0
-2.081655,-2.3436918,-1.521897,-0.0058609024,-0.97710001,-0.2126998,0
-3.1714816,-0.73597115,-0.24620771,-0.74136209,0.14698908,-0.65481007,0
-3.8503144,-0.21510486,0.74980354,-0.67107952,-0.15384981,0.72524631,0
0.95142698,-2.0243921,2.0726471,0.74136209,-0.14698908,0.65481007,0
-2.9302123,-1.0276099,-0.47897553,-0.74136209,0.14698908,-0.65481007,0
-2.295054,1.9437454,-0.84043396,-0.74136209,0.14698908,-0.65481007,0
2.4020066,2.5557337,-1.1835515,0.67107952,0.15384981,-0.72524631,0
1.2227312,-1.3328147,-3.245718,0.67107952,0.15384981,-0.72524631,0
2.1496875,-0.52565205,1.164499,0.74136209,-0.14698908,0.65481007,0
-1.3114734,0.43064427,-2.3166974,-0.74136209,0.14698908,-0.65481007,0
-3.0117288,-2.5232525,0.81565905,-0.67107952,-0.15384981,0.72524631,0
-1.8720448,1.5029798,2.6949043,-0.67107952,-0.15384981,0.72524631,0
-0.44724685,2.2807286,1.6912622,0.0058609024,0.97710001,0.2126998,0
1.3301558,-2.7078049,1.1374676,-0.0058609024,-0.97710001,-0.2126998,0
0.84339595,-2.0373194,2.5192914,0.74136209,-0.14698908,0.65481007,0
2.1648474,1.6515372,1.6967497,0.74136209,-0.14698908,0.65481007,0
-0.40930781,2.2862942,1.1418298,0.0058609024,0.97710001,0.2126998,0
-0.83026969,-2.3237002,-0.43538541,-0.0058609024,-0.97710001,-0.2126998,0
-2.7029319,0.20355886,-0.51096249,-0.74136209,0.14698908,-0.65481007,0
2.6077356,-1.0975471,-2.2280872,0.67107952,0.15384981,-0.72524631,0
2.9631593,2.3189375,-0.78460765,0.67107952,0.15384981,-0.72524631,0
-0.58124971,3.0409584,-1.588787,0.0058609024,0.97710001,0.2126998,0
-1.2654653,0.48594093,3.0230446,-0.67107952,-0.15384981,0.72524631,0
0.24778128,0.85696489,3.7255244,0.74136209,-0.14698908,0.65481007,0
0.42318058,-0.64648259,-4.1297865,0.67107952,0.15384981,-0.72524631,0
-2.9603815,2.5253305,0.14838672,0.0058609024,0.97710001,0.2126998,0
3.2984457,1.6192006,0.39799428,0.74136209,-0.14698908,0.65481007,0
-1.2163405,-3.1274951,2.4639862,-0.0058609024,-0.97710001,-0.2126998,0
-2.683346,1.9031255,2.3181903,-0.67107952,-0.15384981,0.72524631,0
0.014097691,1.598623,-3.3032255,-0.74136209,0.14698908,-0.65481007,0
0.0080485344,-3.085418,3.2070284,0.74136209,-0.14698908,0.65481007,0
2.4022839,-0.62834698,-2.2541676,0.67107952,0.15384981,-0.72524631,0
0.3195467,0.55067098,3.3520141,0.74136209,-0.14698908,0.65481007,0
-1.6163521,-1.909694,2.2872038,-0.67107952,-0.15384981,0.72524631,0
-1.7768557,-2.7245712,1.1983268,-0.0058609024,-0.97710001,-0.2126998,0
1.7704387,1.2750287,2.3593392,0.74136209,-0.14698908,0.65481007,0
-0.26225626,2.6211514,0.18503094,0.0058609024,0.97710001,0.2126998,0
-1.2934431,-2.5181801,-0.18336701,-0.0058609024,-0.97710001,-0.2126998,0
-0.24323797,0.67252678,-3.495472,-0.74136209,0.14698908,-0.65481007,0
1.7465802,-2.0834203,-2.2427728,-0.0058609024,-0.97710001,-0.2126998,0
2.0659389,0.44405049,-2.2464237,0.67107952,0.15384981,-0.72524631,0
0.12370634,1.7983956,2.6590872,0.0058609024,0.97710001,0.2126998,0
-0.79884505,-2.0248294,-2.0084267,-0.0058609024,-0.97710001,-0.2126998,0
-0.76321959,-0.16510248,3.6310234,-0.67107952,-0.15384981,0.72524631,0
0.39396858,0.92659163,-3.3362985,0.67107952,0.15384981,-0.72524631,0
1.2137507,1.1906309,-2.6002824,0.67107952,0.15384981,-0.72524631,0
-3.6653531,-0.67408144,0.63481379,-0.67107952,-0.15384981,0.72524631,0
-2.5442209,1.6824796,-0.28766847,-0.74136209,0.14698908,-0.65481007,0
0.52894211,-0.98927122,2.8391562,0.74136209,-0.14698908,0.65481007,0
0.20367527,-1.9394424,-3.4141331,-0.0058609024,-0.97710001,-0.2126998,0
-0.90723515,-1.1806611,-2.7932978,-0.74136209,0.14698908,-0.65481007,0
-1.183954,-2.5050018,-0.92860889,-0.0058609024,-0.97710001,-0.2126998,0
1.344902,-2.0345459,-2.2534006,-0.0058609024,-0.97710001,-0.2126998,0
2.4144053,1.0690138,1.3215094,0.74136209,-0.14698908,0.65481007,0
2.389327,2.8491271,-0.91352916,0.0058609024,0.97710001,0.2126998,0
0.4616158,-2.8876851,1.1217524,-0.0058609024,-0.97710001,-0.2126998,0
0.30598891,2.4784553,-0.1305753,0.0058609024,0.97710001,0.2126998,0
1.1446364,-1.2894331,2.5217488,0.74136209,-0.14698908,0.65481007,0
2.1598363,-2.4185212,0.57199752,0.74136209,-0.14698908,0.65481007,0
1.4637606,-2.7470584,0.79088461,-0.0058609024,-0.97710001,-0.2126998,0
0.57892442,0.60597134,-3.6378884,0.67107952,0.15384981,-0.72524631,0
1.2559789,0.13005507,-3.0118937,0.67107952,0.15384981,-0.72524631,0
-0.087910175,2.8830397,-3.3519645,-0.74136209,0.14698908,-0.65481007,0
-1.0656419,-1.2163854,-2.8600805,-0.74136209,0.14698908,-0.65481007,0
1.3249469,-2.5354578,1.9743291,0.74136209,-0.14698908,0.65481007,0
-1.0428672,-0.30315921,-2.951612,-0.74136209,0.14698908,-0.65481007,0
1.0559404,1.9389739,2.1233363,0.0058609024,0.97710001,0.2126998,0
-2.8690009,-2.4509492,0.11972237,-0.0058609024,-0.97710001,-0.2126998,0
-1.7439274,-2.8892963,0.76147747,-0.0058609024,-0.97710001,-0.2126998,0
-1.2492102,2.5930262,0.47771418,0.0058609024,0.97710001,0.2126998,0
2.2685184,-2.5510366,-0.80133486,-0.0058609024,-0.97710001,-0.2126998,0
-0.21932697,-1.8287044,-2.5730345,-0.0058609024,-0.97710001,-0.2126998,0
0.25670367,2.5968819,-0.61376023,0.0058609024,0.97710001,0.2126998,0
-2.2524214,-2.7356887,1.1050758,-0.0058609024,-0.97710001,-0.2126998,0
-3.4679658,1.4691782,1.1570745,-0.67107952,-0.15384981,0.72524631,0
-3.6290085,1.577902,0.83927059,-0.67107952,-0.15384981,0.72524631,0
3.7981381,1.6664203,-0.39953184,0.67107952,0.15384981,-0.72524631,0
-2.3902771,1.9328512,-0.62248862,-0.74136209,0.14698908,-0.65481007,0
0.64964724,1.9472947,3.218344,0.0058609024,0.97710001,0.2126998,0
-2.9235229,0.74764711,1.7052138,-0.67107952,-0.15384981,0.72524631,0
-2.8367205,1.9477715,-0.12255073,-0.74136209,0.14698908,-0.65481007,0
-0.99358565,-2.4281819,-0.48003268,-0.0058609024,-0.97710001,-0.2126998,0
2.7246766,0.64935982,-1.2021365,0.67107952,0.15384981,-0.72524631,0
-2.0946097,-2.8402083,1.4674244,-0.67107952,-0.15384981,0.72524631,0
-0.60095447,2.4361408,0.53169197,0.0058609024,0.97710001,0.2126998,0
-0.1171217,-1.5631889,3.5126033,-0.67107952,-0.15384981,0.72524631,0
-1.4099642,-2.3806031,-1.4952129,-0.0058609024,-0.97710001,-0.2126998,0
0.71851659,1.9261662,2.7668598,0.0058609024,0.97710001,0.2126998,0
2.3632479,0.77745938,-1.553494,0.67107952,0.15384981,-0.72524631,0
2.3713086,-0.058549851,1.1340343,0.74136209,-0.14698908,0.65481007,0
-3.1632762,-0.64594305,-0.25883961,-0.74136209,0.14698908,-0.65481007,0
1.7463653,-1.3777279,1.4549123,0.74136209,-0.14698908,0.65481007,0
2.1237557,2.2834458,0.99508464,0.0058609024,0.97710001,0.2126998,0
-1.8777118,1.1303413,-1.4995145,-0.74136209,0.14698908,-0.65481007,0
2.3829761,-2.6163421,0.25103784,-0.0058609024,-0.97710001,-0.2126998,0
-2.604351,0.21486668,-0.88986039,-0.74136209,0.14698908,-0.65481007,0
-2.9002678,2.1702137,-0.16665506,-0.74136209,0.14698908,-0.65481007,0
1.5282393,2.262325,0.74777973,0.0058609024,0.97710001,0.2126998,0
2.0835121,-2.2753537,-0.77037454,-0.0058609024,-0.97710001,-0.2126998,0
1.2659359,2.8315127,-0.67574966,0.0058609024,0.97710001,0.2126998,0
2.8110266,2.0007265,-1.1612866,0.67107952,0.15384981,-0.72524631,0
1.235471,2.2725306,1.8647157,0.0058609024,0.97710001,0.2126998,0
3.5896981,-1.2859643,-1.0528584,0.67107952,0.15384981,-0.72524631,0
-1.3775451,-0.66918933,-2.6305249,-0.74136209,0.14698908,-0.65481007,0
0.080626965,1.2136469,-3.5921795,-0.74136209,0.14698908,-0.65481007,0
-1.0331,-2.758517,1.793258,-0.0058609024,-0.97710001,-0.2126998,0
2.0292814,-1.6332144,-2.8200154,0.67107952,0.15384981,-0.72524631,0
1.0514611,3.1144285,-2.2759068,0.67107952,0.15384981,-0.72524631,0
0.70389962,-0.1355508,-3.3462586,0.67107952,0.15384981,-0.72524631,0
1.9586357,2.7542512,-0.43005061,0.0058609024,0.97710001,0.2126998,0
-1.5608504,1.967243,2.033006,0.0058609024,0.97710001,0.2126998,0
-1.2405996,-0.41545179,-2.4080243,-0.74136209,0.14698908,-0.65481007,0
1.5035713,1.1792824,-2.426553,0.67107952,0.15384981,-0.72524631,0
-3.7106619,-1.5182941,0.11954689,-0.67107952,-0.15384981,0.72524631,0
1.8405504,-0.22857386,-2.2628548,0.67107952,0.15384981,-0.72524631,0
1.7841954,2.3590429,0.83507872,0.0058609024,0.97710001,0.2126998,0
1.2748466,-1.7753934,-3.5990834,0.67107952,0.15384981,-0.72524631,0
2.5367293,0.99108505,-1.4306238,0.67107952,0.15384981,-0.72524631,0
-2.482451,2.3937821,0.75417113,0.0058609024,0.97710001,0.2126998,0
2.727911,-1.035262,0.31267977,0.74136209,-0.14698908,0.65481007,0
-1.6230193,1.0563117,2.9403672,-0.67107952,-0.15384981,0.72524631,0
-2.9149387,-2.4691448,1.0938435,-0.67107952,-0.15384981,0.72524631,0
1.5287366,-1.3132313,1.516113,0.74136209,-0.14698908,0.65481007,0
-1.932092,1.4306875,2.7525496,-0.67107952,-0.15384981,0.72524631,0
2.2273381,0.80967951,-1.9137051,0.67107952,0.15384981,-0.72524631,0
2.8692019,2.6952112,-0.31266093,0.0058609024,0.97710001,0.2126998,0
3.9263563,0.69797492,-0.46703672,0.67107952,0.15384981,-0.72524631,0
1.4565128,-1.6849401,-3.0091064,0.67107952,0.15384981,-0.72524631,0
-3.1882608,0.79153121,1.2398629,-0.67107952,-0.15384981,0.72524631,0
-3.29812,-1.99224,0.70495415,-0.67107952,-0.15384981,0.72524631,0
1.5093446,-2.7832654,0.21455908,-0.0058609024,-0.97710001,-0.2126998,0
-2.670085,-0.50644231,-1.0637306,-0.74136209,0.14698908,-0.65481007,0
3.2193441,-0.70124489,-1.5510654,0.67107952,0.15384981,-0.72524631,0
3.1127796,1.3531319,-1.2140813,0.67107952,0.15384981,-0.72524631,0
2.8457341,1.4585601,-1.4245443,0.67107952,0.15384981,-0.72524631,0
-3.4745045,-0.28469726,0.14381218,-0.74136209,0.14698908,-0.65481007,0
1.7820446,1.0109527,1.7517989,0.74136209,-0.14698908,0.65481007,0
0.13107157,0.4580678,-3.9932501,0.67107952,0.15384981,-0.72524631,0
3.1727517,2.2005539,-1.0078721,0.67107952,0.15384981,-0.72524631,0
0.68812799,-0.29362243,-3.5262532,0.67107952,0.15384981,-0.72524631,0
-0.22633052,-1.8324625,-3.6652098,-0.0058609024,-0.97710001,-0.2126998,0
0.49311972,-0.051272631,-3.8669443,0.67107952,0.15384981,-0.72524631,0
1.8121003,1.9316252,-1.9260633,0.67107952,0.15384981,-0.72524631,0
-1.8946984,-0.34429282,-1.5821587,-0.74136209,0.14698908,-0.65481007,0
-2.1506073,-2.559911,1.7403729,-0.67107952,-0.15384981,0.72524631,0
-3.0682762,-1.9623556,-0.99414325,-0.74136209,0.14698908,-0.65481007,0
-1.7702951,-2.2631907,-2.1686087,-0.0058609024,-0.97710001,-0.2126998,0
-1.3435476,1.4228826,3.2478704,-0.67107952,-0.15384981,0.72524631,0
1.4888252,-2.2738738,-1.1215334,-0.0058609024,-0.97710001,-0.2126998,0
-3.1400609,1.6691633,0.25402236,-0.74136209,0.14698908,-0.65481007,0
2.4735048,-1.6786335,-2.2200532,0.67107952,0.15384981,-0.72524631,0
-0.33614838,-2.4901476,-0.83459097,-0.0058609024,-0.97710001,-0.2126998,0
-2.5110884,1.6931598,1.9408565,-0.67107952,-0.15384981,0.72524631,0
-1.9288343,-1.3064985,1.8340771,-0.67107952,-0.15384981,0.72524631,0
-0.72104216,1.8242739,-2.4001017,-0.74136209,0.14698908,-0.65481007,0
1.8445432,0.5246892,-2.4364054,0.67107952,0.15384981,-0.72524631,0
-2.7081771,0.63354003,-0.51451325,-0.74136209,0.14698908,-0.65481007,0
-1.8963897,2.3665276,1.5158939,0.0058609024,0.97710001,0.2126998,0
2.3650036,-0.6398806,0.69663417,0.74136209,-0.14698908,0.65481007,0
-2.7870407,-2.5884986,0.93604755,-0.0058609024,-0.97710001,-0.2126998,0
2.6828284,-2.1886241,0.36120725,0.74136209,-0.14698908,0.65481007,0
1.4362352,2.4195747,0.80185449,0.0058609024,0.97710001,0.2126998,0
2.1633143,0.95951223,-1.8973727,0.67107952,0.15384981,-0.72524631,0
-3.6824796,1.6479763,1.0597892,-0.67107952,-0.15384981,0.72524631,0
-2.3692536,-2.4617252,-0.28817916,-0.0058609024,-0.97710001,-0.2126998,0
-0.9469136,-2.6195836,0.86521459,-0.0058609024,-0.97710001,-0.2126998,0
-3.4640398,1.6561111,1.2821035,-0.67107952,-0.15384981,0.72524631,0
0.15376902,-1.1393297,-4.0294867,-0.74136209,0.14698908,-0.65481007,0
0.413589,-1.2853968,3.1155343,0.74136209,-0.14698908,0.65481007,0
2.0249186,-2.0803318,-2.0477674,-0.0058609024,-0.97710001,-0.2126998,0
0.1885283,-1.6737692,-3.4785318,-0.0058609024,-0.97710001,-0.2126998,0
-1.3066993,1.4946285,-1.7156967,-0.74136209,0.14698908,-0.65481007,0
-0.038253307,2.2439129,-3.2848277,-0.74136209,0.14698908,-0.65481007,0
0.22014439,-2.1939604,-0.92713034,-0.0058609024,-0.97710001,-0.2126998,0
0.70015717,-0.4869225,-3.8075233,0.67107952,0.15384981,-0.72524631,0
-1.2415211,0.83605218,3.11924,-0.67107952,-0.15384981,0.72524631,0
-2.4407673,-2.0702846,-1.2527155,-0.0058609024,-0.97710001,-0.2126998,0
-0.76934457,-2.7770495,0.16762006,-0.0058609024,-0.97710001,-0.2126998,0
2.9834971,1.4308581,1.0181792,0.74136209,-0.14698908,0.65481007,0
-2.8285828,-0.303873,1.4500339,-0.67107952,-0.15384981,0.72524631,0
2.7972424,-2.4754782,-0.7134769,-0.0058609024,-0.97710001,-0.2126998,0
2.2436609,-0.89049172,0.91069138,0.74136209,-0.14698908,0.65481007,0
-0.84306121,-2.9101903,1.9002705,-0.0058609024,-0.97710001,-0.2126998,0
3.2869678,2.4568489,-0.69023323,0.67107952,0.15384981,-0.72524631,0
0.84051752,-2.779814,0.76725024,-0.0058609024,-0.97710001,-0.2126998,0
-1.0029117,-2.8040955,0.87548447,-0.0058609024,-0.97710001,-0.2126998,0
1.0081856,2.7134645,-2.788959,0.67107952,0.15384981,-0.72524631,0
0.596205,-1.3059602,-3.9759192,0.67107952,0.15384981,-0.72524631,0
-2.2025464,1.2214649,2.5731878,-0.67107952,-0.15384981,0.72524631,0
1.0267889,-0.4989424,2.5885856,0.74136209,-0.14698908,0.65481007,0
-3.3795366,0.77959269,0.02417016,-0.74136209,0.14698908,-0.65481007,0
2.0405498,-0.33502811,-2.5250487,0.67107952,0.15384981,-0.72524631,0
0.54217982,2.0175114,-3.1560535,0.67107952,0.15384981,-0.72524631,0
-1.4970822,1.6458415,3.282757,-0.67107952,-0.15384981,0.72524631,0
1.8061054,1.6020327,-1.8614361,0.67107952,0.15384981,-0.72524631,0
-2.2861056,0.23745525,2.1217432,-0.67107952,-0.15384981,0.72524631,0
1.366074,-1.7573869,-3.0264013,-0.0058609024,-0.97710001,-0.2126998,0
-3.3262701,1.516649,1.1899314,-0.67107952,-0.15384981,0.72524631,0
-2.4166312,-2.51369,-0.19956279,-0.0058609024,-0.97710001,-0.2126998,0
0.11610973,-2.8807504,1.1155889,-0.0058609024,-0.97710001,-0.2126998,0
-0.25479794,0.9680838,4.3039122,-0.67107952,-0.15384981,0.72524631,0
2.1242406,2.6554048,0.20102882,0.0058609024,0.97710001,0.2126998,0
0.62150234,-2.4222913,-0.25986826,-0.0058609024,-0.97710001,-0.2126998,0
-2.4060807,-0.31054148,-1.0224483,-0.74136209,0.14698908,-0.65481007,0
0.035261631,1.3457212,4.1742988,0.74136209,-0.14698908,0.65481007,0
1.2847676,-2.8189983,1.7372984,0.74136209,-0.14698908,0.65481007,0
0.6109314,0.6621533,-3.3569627,0.67107952,0.15384981,-0.72524631,0
2.8638563,1.6539677,0.89848781,0.74136209,-0.14698908,0.65481007,0
-0.89593935,1.2634133,3.3082542,-0.67107952,-0.15384981,0.72524631,0
1.6009212,-1.8885739,-2.3981721,-0.0058609024,-0.97710001,-0.2126998,0
1.8672636,-0.45550367,1.9045742,0.74136209,-0.14698908,0.65481007,0
-1.7094631,0.99878097,-1.8147266,-0.74136209,0.14698908,-0.65481007,0
2.9886751,2.6011806,0.051656246,0.0058609024,0.97710001,0.2126998,0
-1.6373659,2.3710737,0.3811456,0.0058609024,0.97710001,0.2126998,0
-2.377317,0.054144293,-0.89216304,-0.74136209,0.14698908,-0.65481007,0
-1.5287083,0.77921504,2.7223253,-0.67107952,-0.15384981,0.72524631,0
-1.9855452,0.85619903,-1.2508733,-0.74136209,0.14698908,-0.65481007,0
-1.4318283,0.38464043,-1.9554105,-0.74136209,0.14698908,-0.65481007,0
