1.5369285,2.7387786,2.1577787,0.65453196,0.50478381,0.56283307,0
-0.0043499023,-3.4208851,-2.8419321,-0.65453196,-0.50478381,-0.56283307,0
1.4798803,-0.15550241,-1.8713557,0.65006065,0.0043471605,-0.75986981,0
-0.34294865,3.4845595,1.7921969,-0.38601679,0.86323482,-0.32529473,0
1.5923696,0.55869979,-1.6670214,0.65006065,0.0043471605,-0.75986981,0
-1.7328081,-3.5342119,-0.86631048,-0.65453196,-0.50478381,-0.56283307,0
-1.2920859,-1.1546731,-3.9702501,-0.65453196,-0.50478381,-0.56283307,0
-3.8570828,-1.6145675,-0.64020765,-0.65453196,-0.50478381,-0.56283307,0
-0.40900159,0.70020539,-3.4393053,0.65006065,0.0043471605,-0.75986981,0
-1.2276981,-2.5475371,2.4468586,-0.65006065,-0.0043471605,0.75986981,0
-1.7295197,2.6418233,1.6020405,-0.65006065,-0.0043471605,0.75986981,0
1.4361187,-0.48864639,4.6079226,-0.65006065,-0.0043471605,0.75986981,0
2.2839248,-2.1300476,-1.0765624,0.38601679,-0.86323482,0.32529473,0
-3.9021263,-1.2218239,-0.44765818,-0.65453196,-0.50478381,-0.56283307,0
-1.0553825,2.020442,2.409019,-0.65006065,-0.0043471605,0.75986981,0
0.61332518,3.0268016,-0.48440516,-0.38601679,0.86323482,-0.32529473,0
-2.3518658,1.7617555,-0.3045873,-0.38601679,0.86323482,-0.32529473,0
1.8755813,3.2860365,-1.5772119,0.65006065,0.0043471605,-0.75986981,0
-0.88998061,-0.97619909,-4.0265565,-0.65453196,-0.50478381,-0.56283307,0
0.70242101,-1.5794377,2.3635111,0.38601679,-0.86323482,0.32529473,0
-0.67092502,-3.2619119,-0.75142539,0.38601679,-0.86323482,0.32529473,0
0.44160607,1.6131783,3.7539761,-0.65006065,-0.0043471605,0.75986981,0
0.27822948,2.0881436,-2.0273044,-0.38601679,0.86323482,-0.32529473,0
-2.1354187,2.2368231,0.2923241,-0.38601679,0.86323482,-0.32529473,0
0.86693555,0.62764382,3.8643732,-0.65006065,-0.0043471605,0.75986981,0
-2.4802351,-3.0601025,-0.83756185,-0.65453196,-0.50478381,-0.56283307,0
1.260824,2.2371626,-1.9856615,0.65006065,0.0043471605,-0.75986981,0
-1.6914198,1.6607083,-1.267863,-0.38601679,0.86323482,-0.32529473,0
0.54383898,2.5702281,3.3476305,0.65453196,0.50478381,0.56283307,0
0.064479291,1.5572094,3.2475598,-0.65006065,-0.0043471605,0.75986981,0
-1.348439,1.0585515,2.1143687,-0.65006065,-0.0043471605,0.75986981,0
-1.7724859,2.1356418,0.28469449,-0.38601679,0.86323482,-0.32529473,0
-3.4220629,1.1428491,0.50883687,-0.65006065,-0.0043471605,0.75986981,0
2.7868285,2.4152441,-0.85230839,0.65006065,0.0043471605,-0.75986981,0
-0.3106693,1.4971995,2.8177519,-0.65006065,-0.0043471605,0.75986981,0
2.4050589,3.4624677,0.66756582,0.65453196,0.50478381,0.56283307,0
-3.5350723,0.91808569,0.066356778,-0.65006065,-0.0043471605,0.75986981,0
-3.3505504,-1.6376377,-0.75927031,-0.65453196,-0.50478381,-0.56283307,0
1.2275211,1.1157827,3.5781198,0.65453196,0.50478381,0.56283307,0
-0.31233203,1.2278996,2.9210584,-0.65006065,-0.0043471605,0.75986981,0
1.0286522,3.2040966,-0.41452703,-0.38601679,0.86323482,-0.32529473,0
-2.1445317,0.47471476,-4.2397728,-0.38601679,0.86323482,-0.32529473,0
-1.9537667,-0.43400609,1.802748,-0.65006065,-0.0043471605,0.75986981,0
1.550584,-0.67569697,3.6922288,0.38601679,-0.86323482,0.32529473,0
0.13409236,2.3894274,3.5989022,-0.65006065,-0.0043471605,0.75986981,0
-3.0290842,-2.3652358,0.89165753,-0.65006065,-0.0043471605,0.75986981,0
-1.2279885,-1.5441871,-3.5368726,-0.65453196,-0.50478381,-0.56283307,0
-0.44979805,1.1951487,2.7221851,-0.65006065,-0.0043471605,0.75986981,0
-2.2449377,-0.60992408,1.3405893,-0.65006065,-0.0043471605,0.75986981,0
-1.3700507,-0.46469486,-4.4024758,-0.65453196,-0.50478381,-0.56283307,0
0.79352194,-2.0385463,1.3245456,0.38601679,-0.86323482,0.32529473,0
-0.26892513,2.3922071,-1.4471667,-0.38601679,0.86323482,-0.32529473,0
-1.8569012,-3.9210804,-0.39086854,-0.65453196,-0.50478381,-0.56283307,0
3.9498622,0.42401949,1.4561973,0.65453196,0.50478381,0.56283307,0
-0.06633091,0.15346116,3.3256266,-0.65006065,-0.0043471605,0.75986981,0
0.46622396,-3.0492837,-0.56513667,0.38601679,-0.86323482,0.32529473,0
-2.0497732,2.07482,-0.29511532,-0.38601679,0.86323482,-0.32529473,0
0.87070179,2.5866337,-2.0340519,-0.38601679,0.86323482,-0.32529473,0
1.7741684,0.81480604,-1.8364851,0.65006065,0.0043471605,-0.75986981,0
-0.68271828,-2.99385,0.28331706,0.38601679,-0.86323482,0.32529473,0
-3.1153324,1.0385333,-1.048544,-0.38601679,0.86323482,-0.32529473,0
-4.008707,-1.0165589,-0.55159235,-0.65453196,-0.50478381,-0.56283307,0
-4.0831714,-1.5942324,-0.26525271,-0.65453196,-0.50478381,-0.56283307,0
1.2767665,-1.0472147,2.9920001,0.38601679,-0.86323482,0.32529473,0
0.32620347,-2.5274942,-3.2137229,0.65006065,0.0043471605,-0.75986981,0
-0.37883174,-1.5660453,-3.6714754,0.65006065,0.0043471605,-0.75986981,0
-0.94475222,-1.8666887,-3.2508371,-0.65453196,-0.50478381,-0.56283307,0
3.6208751,-0.2374405,-0.36820847,0.65006065,0.0043471605,-0.75986981,0
-0.96271539,1.9105861,2.3252974,-0.65006065,-0.0043471605,0.75986981,0
0.89015841,-0.9761768,3.5012488,0.38601679,-0.86323482,0.32529473,0
2.8697283,0.1566239,-0.77954417,0.65006065,0.0043471605,-0.75986981,0
-3.0532527,1.2308319,0.80082363,-0.65006065,-0.0043471605,0.75986981,0
2.9837098,3.0951266,-0.90085459,0.65006065,0.0043471605,-0.75986981,0
0.58490789,-2.8653409,-0.59207028,0.38601679,-0.86323482,0.32529473,0
4.0107236,-0.93457425,0.44774747,0.38601679,-0.86323482,0.32529473,0
4.064055,-0.19624147,1.3153914,0.65453196,0.50478381,0.56283307,0
4.2876687,-0.66120458,0.48506737,0.65006065,0.0043471605,-0.75986981,0
-2.0195627,-1.2783906,1.3179874,-0.65006065,-0.0043471605,0.75986981,0
2.0163772,-1.5453397,0.93231505,0.38601679,-0.86323482,0.32529473,0
-3.2110438,0.92090178,-1.8722609,-0.38601679,0.86323482,-0.32529473,0
0.99365115,-2.4970322,0.47451967,0.38601679,-0.86323482,0.32529473,0
3.1999454,-1.5965499,-0.030140102,0.38601679,-0.86323482,0.32529473,0
1.8802376,1.249575,2.9929299,0.65453196,0.50478381,0.56283307,0
0.049275875,-0.094738543,-3.2447219,0.65006065,0.0043471605,-0.75986981,0
-0.35591507,-2.7320008,-3.5941324,-0.65453196,-0.50478381,-0.56283307,0
-2.8531005,-0.62747544,-2.1544137,-0.65453196,-0.50478381,-0.56283307,0
-1.6479384,-0.61668617,-3.428854,-0.65453196,-0.50478381,-0.56283307,0
0.4007234,-1.1883378,-3.0128207,0.65006065,0.0043471605,-0.75986981,0
-2.6797323,-2.8429153,1.0132521,-0.65006065,-0.0043471605,0.75986981,0
-2.9035988,-1.5988859,-1.1374443,-0.65453196,-0.50478381,-0.56283307,0
-2.122026,-1.1017843,1.4308662,-0.65006065,-0.0043471605,0.75986981,0
2.2499146,3.1185207,0.94822299,0.65453196,0.50478381,0.56283307,0
-2.4236979,-2.8712897,1.3564434,-0.65006065,-0.0043471605,0.75986981,0
3.4411383,2.259217,0.024334311,0.65453196,0.50478381,0.56283307,0
2.0599823,-2.0065567,0.04570049,0.38601679,-0.86323482,0.32529473,0
0.14448489,3.9190872,2.1801977,-0.38601679,0.86323482,-0.32529473,0
-4.0596614,-0.16726646,-1.1617045,-0.65453196,-0.50478381,-0.56283307,0
1.5147884,-0.97369218,3.4809003,0.38601679,-0.86323482,0.32529473,0
0.69405663,2.1655467,-2.8441978,0.65006065,0.0043471605,-0.75986981,0
2.8324649,-1.3541818,-0.93643689,0.65006065,0.0043471605,-0.75986981,0
-3.5343885,0.1044091,0.42968798,-0.65006065,-0.0043471605,0.75986981,0
0.14382759,-3.5453408,-2.0767252,0.38601679,-0.86323482,0.32529473,0
-2.3439715,2.039129,0.10544169,-0.38601679,0.86323482,-0.32529473,0
1.9170914,3.2031541,-1.8318684,-0.38601679,0.86323482,-0.32529473,0
0.53906929,2.4242826,-1.8799102,-0.38601679,0.86323482,-0.32529473,0
3.1783829,0.84249014,1.4791937,0.65453196,0.50478381,0.56283307,0
0.8749693,0.61920518,4.0215983,-0.65006065,-0.0043471605,0.75986981,0
2.5198469,1.2608821,-0.9834702,0.65006065,0.0043471605,-0.75986981,0
1.1315007,2.1076779,-2.4503455,0.65006065,0.0043471605,-0.75986981,0
0.41918033,-0.44416493,-3.1125946,0.65006065,0.0043471605,-0.75986981,0
1.9462318,-1.7804579,-1.7133871,0.65006065,0.0043471605,-0.75986981,0
-0.40296805,-1.764318,2.8360569,-0.65006065,-0.0043471605,0.75986981,0
2.6600268,0.26609111,-0.76295304,0.65006065,0.0043471605,-0.75986981,0
-3.5843866,-0.85906911,0.39573854,-0.65006065,-0.0043471605,0.75986981,0
1.4423158,-2.2154081,0.11246562,0.38601679,-0.86323482,0.32529473,0
-1.1298096,-1.7809489,-3.5822935,-0.65453196,-0.50478381,-0.56283307,0
-2.6791801,-2.1172428,0.81077445,-0.65006065,-0.0043471605,0.75986981,0
-2.2843647,-3.5179825,-0.25454831,-0.65453196,-0.50478381,-0.56283307,0
-0.64077961,1.4237339,-2.5415571,-0.38601679,0.86323482,-0.32529473,0
2.8090644,1.13423,2.1744218,0.65453196,0.50478381,0.56283307,0
-1.5262648,2.1549649,2.1021769,-0.65006065,-0.0043471605,0.75986981,0
0.73778641,1.6896945,3.7758968,0.65453196,0.50478381,0.56283307,0
2.6462352,-1.6273832,0.21449828,0.38601679,-0.86323482,0.32529473,0
-0.37504691,0.34427249,3.0065854,-0.65006065,-0.0043471605,0.75986981,0
0.87169784,-1.4314119,-2.5473504,0.65006065,0.0043471605,-0.75986981,0
0.92391038,-0.04723376,-2.2504649,0.65006065,0.0043471605,-0.75986981,0
1.9350284,0.52197772,3.1870918,0.65453196,0.50478381,0.56283307,0
-4.290688,-0.16786471,-1.157805,-0.65453196,-0.50478381,-0.56283307,0
0.61958975,2.955426,-0.0005594492,-0.38601679,0.86323482,-0.32529473,0
-2.0752788,2.2360098,0.51534873,-0.38601679,0.86323482,-0.32529473,0
4.0526657,-1.1769098,0.35185671,0.38601679,-0.86323482,0.32529473,0
0.11370504,3.7809694,1.6700351,-0.38601679,0.86323482,-0.32529473,0
0.88013762,-0.98754215,3.697226,0.38601679,-0.86323482,0.32529473,0
3.9416203,1.0044663,-0.086913943,0.65006065,0.0043471605,-0.75986981,0
0.039353624,-3.6448328,-1.4571362,0.38601679,-0.86323482,0.32529473,0
3.6730711,-1.2819839,0.23212326,0.38601679,-0.86323482,0.32529473,0
-2.3068488,0.53067493,-3.51017,-0.38601679,0.86323482,-0.32529473,0
0.56480479,4.0963621,2.0134871,-0.38601679,0.86323482,-0.32529473,0
-4.0924149,0.74575448,-0.44219375,-0.65006065,-0.0043471605,0.75986981,0
3.415833,1.7988017,0.66614926,0.65453196,0.50478381,0.56283307,0
-2.1355183,2.2196858,0.37354407,-0.38601679,0.86323482,-0.32529473,0
-0.35414481,-2.2020566,2.5438788,0.38601679,-0.86323482,0.32529473,0
1.5711476,0.5937109,3.5909138,0.65453196,0.50478381,0.56283307,0
-4.501235,0.61003476,-0.36084855,-0.65006065,-0.0043471605,0.75986981,0
1.6381053,1.7804592,-1.8459792,0.65006065,0.0043471605,-0.75986981,0
-1.3618928,-3.2234507,-1.4074579,-0.65453196,-0.50478381,-0.56283307,0
-3.5505209,0.5938518,-2.0651636,-0.38601679,0.86323482,-0.32529473,0
-0.90075982,-1.8793381,-3.5487387,-0.65453196,-0.50478381,-0.56283307,0
1.4906578,-2.1337574,-1.7901083,0.65006065,0.0043471605,-0.75986981,0
-2.2773154,-3.7045965,-0.033340335,-0.65453196,-0.50478381,-0.56283307,0
3.1060147,0.90883648,1.7151896,0.65453196,0.50478381,0.56283307,0
3.0869169,-0.0078683197,-0.79718852,0.65006065,0.0043471605,-0.75986981,0
0.1771784,-3.038507,-0.51906168,0.38601679,-0.86323482,0.32529473,0
-1.1611617,-0.10697144,2.3602321,-0.65006065,-0.0043471605,0.75986981,0
-3.511781,-2.0082064,0.19338179,-0.65006065,-0.0043471605,0.75986981,0
0.17387825,-2.983753,-0.16112921,0.38601679,-0.86323482,0.32529473,0
0.45728838,2.5540185,3.4737573,0.65453196,0.50478381,0.56283307,0
0.89958733,-3.1824567,-1.82617,0.38601679,-0.86323482,0.32529473,0
3.1508741,0.027315855,2.5535469,0.65453196,0.50478381,0.56283307,0
3.033813,-0.74942738,2.4909921,0.38601679,-0.86323482,0.32529473,0
2.9775393,1.2329687,1.7556573,0.65453196,0.50478381,0.56283307,0
-2.2604165,-1.1246872,-2.6307802,-0.65453196,-0.50478381,-0.56283307,0
3.7036338,1.0063015,1.2342621,0.65453196,0.50478381,0.56283307,0
1.2125547,-1.2764282,-2.4659729,0.65006065,0.0043471605,-0.75986981,0
-3.8183074,-0.53822136,-0.98136365,-0.65453196,-0.50478381,-0.56283307,0
2.2234983,2.1417267,1.359823,0.65453196,0.50478381,0.56283307,0
2.5781863,2.046757,1.137642,0.65453196,0.50478381,0.56283307,0
3.0264606,3.6746106,-0.70975184,0.65453196,0.50478381,0.56283307,0
0.10851943,-1.4634743,3.1816685,0.38601679,-0.86323482,0.32529473,0
-0.62004828,-0.23502296,2.6197479,-0.65006065,-0.0043471605,0.75986981,0
1.4016953,3.1236107,-0.94746614,-0.38601679,0.86323482,-0.32529473,0
-1.3286805,1.4899139,-2.1297717,-0.38601679,0.86323482,-0.32529473,0
0.9541893,-2.7998168,-0.72634751,0.38601679,-0.86323482,0.32529473,0
1.8732113,-2.0861747,-0.15441361,0.38601679,-0.86323482,0.32529473,0
-2.6257832,-0.8060534,-2.5135996,-0.65453196,-0.50478381,-0.56283307,0
-3.6705236,1.2163976,0.12521416,-0.38601679,0.86323482,-0.32529473,0
-2.8822992,-0.31783912,1.011446,-0.65006065,-0.0043471605,0.75986981,0
-1.9583997,-1.5494008,-2.2663484,-0.65453196,-0.50478381,-0.56283307,0
-1.6419165,2.8446875,1.7291313,-0.65006065,-0.0043471605,0.75986981,0
-2.8717563,-0.31886822,-2.8312268,-0.65453196,-0.50478381,-0.56283307,0
-2.060375,-3.1000936,1.4411601,-0.65006065,-0.0043471605,0.75986981,0
-3.0476825,-3.532963,0.5811339,-0.65453196,-0.50478381,-0.56283307,0
0.098533079,-3.23194,-0.9146952,0.38601679,-0.86323482,0.32529473,0
0.96696079,3.1055264,-0.66843015,-0.38601679,0.86323482,-0.32529473,0
0.9585306,-2.7991905,-1.2392567,0.38601679,-0.86323482,0.32529473,0
2.167227,-0.31609243,3.766222,0.65453196,0.50478381,0.56283307,0
-3.6992264,1.1271218,-0.48936462,-0.38601679,0.86323482,-0.32529473,0
2.7680736,3.9104571,-0.57938558,0.65453196,0.50478381,0.56283307,0
-0.51434886,-3.2455359,-0.90680349,0.38601679,-0.86323482,0.32529473,0
1.3567961,0.71375519,-2.327029,0.65006065,0.0043471605,-0.75986981,0
-2.6479318,1.9051136,0.85380465,-0.65006065,-0.0043471605,0.75986981,0
-2.9816978,-2.3233929,-1.0090669,-0.65453196,-0.50478381,-0.56283307,0
-0.23495284,3.7950428,3.0713568,-0.65006065,-0.0043471605,0.75986981,0
-2.5111966,-0.88787955,1.3431897,-0.65006065,-0.0043471605,0.75986981,0
-0.44484359,3.7905262,3.0328746,-0.65006065,-0.0043471605,0.75986981,0
-0.15032256,-3.3767612,-1.1333439,0.38601679,-0.86323482,0.32529473,0
-2.6684568,-0.29530129,0.8901456,-0.65006065,-0.0043471605,0.75986981,0
0.069536865,-1.4794691,-3.3552153,0.65006065,0.0043471605,-0.75986981,0
-1.5187947,-0.077690125,-4.5418701,-0.65453196,-0.50478381,-0.56283307,0
-0.4576323,0.53062814,-3.4759803,0.65006065,0.0043471605,-0.75986981,0
-1.0409404,2.2664313,2.4010355,-0.65006065,-0.0043471605,0.75986981,0
-3.8689952,0.018160462,-1.6004639,-0.65453196,-0.50478381,-0.56283307,0
-3.9201593,-0.7938754,0.11239207,-0.65006065,-0.0043471605,0.75986981,0
-4.4728184,0.15298095,-0.56605172,-0.65006065,-0.0043471605,0.75986981,0
-0.3869774,-3.7483082,-2.3614688,0.38601679,-0.86323482,0.32529473,0
1.1732037,1.0419793,4.0729184,-0.65006065,-0.0043471605,0.75986981,0
-1.7746158,-3.646688,-0.53561234,-0.65453196,-0.50478381,-0.56283307,0
1.2796174,2.3316841,2.3164058,0.65453196,0.50478381,0.56283307,0
-4.6366167,0.18311401,-0.88247097,-0.65453196,-0.50478381,-0.56283307,0
-1.228552,2.1276176,-0.61986935,-0.38601679,0.86323482,-0.32529473,0
0.76052058,3.0839069,-0.5542919,-0.38601679,0.86323482,-0.32529473,0
2.0320234,3.8352113,-0.47899216,-0.38601679,0.86323482,-0.32529473,0
-1.2465053,-1.6722542,-2.9636855,-0.65453196,-0.50478381,-0.56283307,0
0.4789488,2.4857719,3.4645905,-0.65006065,-0.0043471605,0.75986981,0
-4.4088922,0.25470898,-0.27912343,-0.65006065,-0.0043471605,0.75986981,0
-1.4508797,-2.7050464,-1.8050542,-0.65453196,-0.50478381,-0.56283307,0
0.12441885,0.23783928,3.2293067,-0.65006065,-0.0043471605,0.75986981,0
0.42064679,2.1163518,-2.9248202,0.65006065,0.0043471605,-0.75986981,0
0.5507012,-1.0287304,3.7035885,0.38601679,-0.86323482,0.32529473,0
0.9486236,0.32277006,-2.2848079,0.65006065,0.0043471605,-0.75986981,0
-2.8904717,-2.037852,1.0453931,-0.65006065,-0.0043471605,0.75986981,0
-2.3884628,-1.813188,-2.0475268,-0.65453196,-0.50478381,-0.56283307,0
-2.2322001,-3.2053227,-1.0082859,-0.65453196,-0.50478381,-0.56283307,0
-1.4092286,-3.4103827,0.039324641,0.38601679,-0.86323482,0.32529473,0
2.988704,-1.1460978,0.59104657,0.38601679,-0.86323482,0.32529473,0
-0.73735219,1.66521,2.6489315,-0.65006065,-0.0043471605,0.75986981,0
-0.45594686,1.866214,3.0319252,-0.65006065,-0.0043471605,0.75986981,0
-2.5304606,1.6439551,1.0821841,-0.65006065,-0.0043471605,0.75986981,0
-1.9663556,2.1513271,1.4202323,-0.65006065,-0.0043471605,0.75986981,0
-2.8945038,-3.5129545,-0.05568099,-0.65453196,-0.50478381,-0.56283307,0
2.6589842,-0.52166194,-0.75822228,0.65006065,0.0043471605,-0.75986981,0
-1.2742453,-3.7461951,-1.0988815,0.38601679,-0.86323482,0.32529473,0
-2.721077,1.5522298,-0.74360257,-0.38601679,0.86323482,-0.32529473,0
3.513916,-0.082811236,2.4357214,0.65453196,0.50478381,0.56283307,0
0.91250181,3.6438279,1.252051,-0.38601679,0.86323482,-0.32529473,0
-3.0503669,0.58503592,-2.4584298,-0.38601679,0.86323482,-0.32529473,0
-3.1551268,0.62217426,0.73457736,-0.65006065,-0.0043471605,0.75986981,0
-2.1792033,-0.80291688,1.1648223,-0.65006065,-0.0043471605,0.75986981,0
-2.8067842,-0.83898258,-2.4235563,-0.65453196,-0.50478381,-0.56283307,0
-2.667279,-1.0368143,-1.9312776,-0.65453196,-0.50478381,-0.56283307,0
-0.85514832,-2.4822381,-2.8096797,-0.65453196,-0.50478381,-0.56283307,0
0.8543961,2.4174585,-1.7675261,-0.38601679,0.86323482,-0.32529473,0
-3.8047976,-0.11827095,0.079536915,-0.65006065,-0.0043471605,0.75986981,0
-0.15023988,-4.0643406,-2.5267897,-0.65453196,-0.50478381,-0.56283307,0
0.15259731,-1.1518002,3.5863471,-0.65006065,-0.0043471605,0.75986981,0
-0.5512625,-3.3229077,-2.4153874,-0.65453196,-0.50478381,-0.56283307,0
0.68147689,-1.8812861,2.2947509,0.38601679,-0.86323482,0.32529473,0
1.4442254,1.4475453,3.004529,0.65453196,0.50478381,0.56283307,0
-2.4913478,-3.8035982,-0.18491471,-0.65453196,-0.50478381,-0.56283307,0
-3.1441648,-3.1731012,0.10600948,-0.65453196,-0.50478381,-0.56283307,0
-3.5929537,0.66788292,-1.8375355,-0.38601679,0.86323482,-0.32529473,0
-2.2066815,-0.20362306,-3.7891443,-0.65453196,-0.50478381,-0.56283307,0
-3.0528681,0.777668,0.4280158,-0.65006065,-0.0043471605,0.75986981,0
2.5749726,0.33334035,3.0983021,0.65453196,0.50478381,0.56283307,0
-0.63162625,2.3158481,2.7567501,-0.65006065,-0.0043471605,0.75986981,0
1.3909074,1.5043948,2.9640021,0.65453196,0.50478381,0.56283307,0
-1.0795847,3.4299641,2.4576912,-0.65006065,-0.0043471605,0.75986981,0
0.38235039,-1.5575033,-3.0746317,0.65006065,0.0043471605,-0.75986981,0
0.30655971,1.7980483,3.4125109,-0.65006065,-0.0043471605,0.75986981,0
-2.5482092,-3.3154309,1.1545119,-0.65006065,-0.0043471605,0.75986981,0
0.44972801,-2.2105122,-3.1558032,0.65006065,0.0043471605,-0.75986981,0
-0.32342845,1.8009874,2.8124962,-0.65006065,-0.0043471605,0.75986981,0
-3.1903992,0.53701091,-1.9681693,-0.38601679,0.86323482,-0.32529473,0
-0.37008601,-3.7869711,-1.9174813,0.38601679,-0.86323482,0.32529473,0
-1.1770403,3.1689487,2.241035,-0.38601679,0.86323482,-0.32529473,0
-1.3148711,-0.78693891,-3.7590189,-0.65453196,-0.50478381,-0.56283307,0
0.10829878,2.0125608,-2.8567703,-0.38601679,0.86323482,-0.32529473,0
-0.91497642,3.2720621,2.1691098,-0.38601679,0.86323482,-0.32529473,0
0.89110267,-1.970974,1.6820486,0.38601679,-0.86323482,0.32529473,0
-0.73724902,-3.3932102,-0.85848391,0.38601679,-0.86323482,0.32529473,0
1.0824168,1.3879416,3.5690143,0.65453196,0.50478381,0.56283307,0
-0.33896723,-3.2683706,-0.68026513,0.38601679,-0.86323482,0.32529473,0
-2.0620637,-3.5829477,0.028109789,0.38601679,-0.86323482,0.32529473,0
0.63466591,3.2297235,2.3208108,0.65453196,0.50478381,0.56283307,0
-2.773983,-1.2621667,-1.8796961,-0.65453196,-0.50478381,-0.56283307,0
-1.0657046,-0.021904409,2.1324403,-0.65006065,-0.0043471605,0.75986981,0
0.85436988,2.0675471,-2.5299306,0.65006065,0.0043471605,-0.75986981,0
-1.3359046,1.793047,-1.8653867,-0.38601679,0.86323482,-0.32529473,0
0.89557272,2.054327,2.9865465,0.65453196,0.50478381,0.56283307,0
0.88584602,1.5708983,-2.6003578,0.65006065,0.0043471605,-0.75986981,0
-1.9870634,-3.0871851,-1.1262212,-0.65453196,-0.50478381,-0.56283307,0
2.6900589,1.6742644,1.6594179,0.65453196,0.50478381,0.56283307,0
-2.0480719,0.92105466,-2.3354609,-0.38601679,0.86323482,-0.32529473,0
-3.2087708,1.102612,-0.35249412,-0.38601679,0.86323482,-0.32529473,0
-2.6718872,-3.6080804,1.0727875,0.38601679,-0.86323482,0.32529473,0
0.38096178,0.60914934,-3.222826,0.65006065,0.0043471605,-0.75986981,0
-1.4447886,-2.98522,1.7910304,0.38601679,-0.86323482,0.32529473,0
0.47219384,1.6269355,3.529758,-0.65006065,-0.0043471605,0.75986981,0
-1.4946829,-3.1364465,0.81457716,0.38601679,-0.86323482,0.32529473,0
2.3535707,0.72972876,3.1257977,0.65453196,0.50478381,0.56283307,0
-3.7509878,-1.05209,-1.1527343,-0.65453196,-0.50478381,-0.56283307,0
3.4058018,0.70806968,1.6110532,0.65453196,0.50478381,0.56283307,0
2.512692,-0.47389245,3.5214305,0.65453196,0.50478381,0.56283307,0
-2.6699724,1.7480361,0.30467033,-0.38601679,0.86323482,-0.32529473,0
2.1919708,-2.1025813,-0.23143196,0.38601679,-0.86323482,0.32529473,0
-4.0919352,-0.83249158,-0.19382298,-0.65006065,-0.0043471605,0.75986981,0
-1.9762626,0.021780968,-3.8593059,-0.65453196,-0.50478381,-0.56283307,0
0.085053742,1.8343894,3.4439933,-0.65006065,-0.0043471605,0.75986981,0
-3.4837084,0.007043317,0.57123655,-0.65006065,-0.0043471605,0.75986981,0
-2.5523646,0.36351231,1.0052507,-0.65006065,-0.0043471605,0.75986981,0
-2.3867764,1.7083949,-0.60299981,-0.38601679,0.86323482,-0.32529473,0
0.69773889,-2.1853755,1.4123473,0.38601679,-0.86323482,0.32529473,0
1.8716329,0.74952149,-1.5942593,0.65006065,0.0043471605,-0.75986981,0
-1.3371651,-3.9700785,-1.2734048,0.38601679,-0.86323482,0.32529473,0
-0.56045252,1.8589698,2.784297,-0.65006065,-0.0043471605,0.75986981,0
3.5730186,2.2511549,-0.070178866,0.65453196,0.50478381,0.56283307,0
2.7682226,0.60530382,-1.1011325,0.65006065,0.0043471605,-0.75986981,0
-0.79155445,2.1509149,-1.6202821,-0.38601679,0.86323482,-0.32529473,0
3.6857257,0.74737567,-0.26650393,0.65006065,0.0043471605,-0.75986981,0
-2.3048415,-3.4643404,-0.45115089,-0.65453196,-0.50478381,-0.56283307,0
-0.88899457,-2.421154,2.2056046,0.38601679,-0.86323482,0.32529473,0
-2.0998299,1.9566247,1.4175259,-0.65006065,-0.0043471605,0.75986981,0
1.042078,0.19428903,-2.1481504,0.65006065,0.0043471605,-0.75986981,0
2.9083753,3.2514126,0.17326546,0.65453196,0.50478381,0.56283307,0
-2.5324697,0.7490015,-2.3157032,-0.38601679,0.86323482,-0.32529473,0
2.1892509,-0.39172339,3.6079698,0.38601679,-0.86323482,0.32529473,0
0.57403612,1.1743889,-2.6771145,0.65006065,0.0043471605,-0.75986981,0
1.1148355,-1.1605628,3.7822092,0.38601679,-0.86323482,0.32529473,0
-2.8669162,-0.40055281,-2.5800719,-0.65453196,-0.50478381,-0.56283307,0
1.3597292,3.4312568,1.2889673,0.65453196,0.50478381,0.56283307,0
-2.2843113,-0.9109143,1.273195,-0.65006065,-0.0043471605,0.75986981,0
4.5312948,-0.35930195,1.2921532,0.65453196,0.50478381,0.56283307,0
-3.2760365,-1.2235557,-1.1760669,-0.65453196,-0.50478381,-0.56283307,0
-3.3737288,-0.12590487,0.50638998,-0.65006065,-0.0043471605,0.75986981,0
-0.63947654,-2.235239,2.1508667,0.38601679,-0.86323482,0.32529473,0
-0.012813032,-1.7347968,-3.1061747,0.65006065,0.0043471605,-0.75986981,0
-2.7350302,-2.369302,1.020923,-0.65006065,-0.0043471605,0.75986981,0
-2.1288133,-1.5804759,-2.4360132,-0.65453196,-0.50478381,-0.56283307,0
-2.5298309,0.75391912,-3.2808743,-0.38601679,0.86323482,-0.32529473,0
0.21493149,2.4231167,-1.3444657,-0.38601679,0.86323482,-0.32529473,0
3.9818745,-0.41651031,0.076311111,0.65006065,0.0043471605,-0.75986981,0
-0.82976329,-3.4019923,-0.84499711,0.38601679,-0.86323482,0.32529473,0
2.0016968,-2.2274809,-0.27117094,0.38601679,-0.86323482,0.32529473,0
-2.1230109,1.6867056,-0.9775331,-0.38601679,0.86323482,-0.32529473,0
0.35003662,-3.3936644,-2.9743352,0.65006065,0.0043471605,-0.75986981,0
-1.4481047,2.5195303,0.31907132,-0.38601679,0.86323482,-0.32529473,0
-2.6864936,0.27338451,0.9362272,-0.65006065,-0.0043471605,0.75986981,0
-4.913877,0.56132042,-0.94096923,-0.38601679,0.86323482,-0.32529473,0
0.58606869,-1.6766777,2.4676003,0.38601679,-0.86323482,0.32529473,0
1.3559526,-0.6178298,-2.0924773,0.65006065,0.0043471605,-0.75986981,0
-0.51533651,2.0582039,-1.3618596,-0.38601679,0.86323482,-0.32529473,0
-0.21954618,-3.884974,-2.3368506,-0.65453196,-0.50478381,-0.56283307,0
3.5745661,-1.0901366,0.010021806,0.38601679,-0.86323482,0.32529473,0
3.4376435,-0.51245916,2.0708981,0.38601679,-0.86323482,0.32529473,0
-4.5897646,0.0087974295,-0.71929812,-0.65453196,-0.50478381,-0.56283307,0
-1.7354829,-1.2860844,1.9197311,-0.65006065,-0.0043471605,0.75986981,0
-0.95843977,-1.6807086,-3.2899213,-0.65453196,-0.50478381,-0.56283307,0
3.8600416,0.052117608,0.25303459,0.65006065,0.0043471605,-0.75986981,0
-1.40275,-1.8151166,1.9709423,-0.65006065,-0.0043471605,0.75986981,0
0.38801086,-3.6601171,-2.452462,0.38601679,-0.86323482,0.32529473,0
0.087267399,-0.15104598,3.4946218,-0.65006065,-0.0043471605,0.75986981,0
1.3702097,1.0814226,3.8236151,0.65453196,0.50478381,0.56283307,0
-0.57163638,3.5427663,2.9559503,-0.38601679,0.86323482,-0.32529473,0
0.26075441,-3.4362032,-1.7498907,0.38601679,-0.86323482,0.32529473,0
3.3126392,2.7400687,-0.4967941,0.65006065,0.0043471605,-0.75986981,0
0.49385911,2.8992274,-1.1438935,-0.38601679,0.86323482,-0.32529473,0
-3.1503677,1.0121527,0.5155434,-0.65006065,-0.0043471605,0.75986981,0
-2.7834108,0.43017292,-3.696553,-0.65453196,-0.50478381,-0.56283307,0
-1.3424846,-0.34764796,-4.4577541,-0.65453196,-0.50478381,-0.56283307,0
-4.4831886,0.72285271,-0.56507969,-0.65006065,-0.0043471605,0.75986981,0
2.825551,2.3421593,0.88856673,0.65453196,0.50478381,0.56283307,0
2.3341813,-2.1237814,-0.87318099,0.38601679,-0.86323482,0.32529473,0
-0.66717982,-2.0202541,2.8994234,-0.65006065,-0.0043471605,0.75986981,0
-2.2616148,1.1403489,1.6202207,-0.65006065,-0.0043471605,0.75986981,0
2.3834362,3.721447,-0.58111084,-0.38601679,0.86323482,-0.32529473,0
-1.9389302,1.2838938,-1.4970309,-0.38601679,0.86323482,-0.32529473,0
3.9982285,-1.0577582,0.60635889,0.38601679,-0.86323482,0.32529473,0
-2.9922915,-1.7524884,-0.89427161,-0.65453196,-0.50478381,-0.56283307,0
1.9938568,-1.454212,1.3673706,0.38601679,-0.86323482,0.32529473,0
-1.7811939,-0.093981683,-4.163434,-0.65453196,-0.50478381,-0.56283307,0
-0.35684639,1.8910542,2.7339811,-0.65006065,-0.0043471605,0.75986981,0
0.62656784,3.3535714,2.8312755,0.65453196,0.50478381,0.56283307,0
-3.5279307,1.0151695,0.17368942,-0.65006065,-0.0043471605,0.75986981,0
-2.9586706,-3.0031092,0.11803377,-0.65453196,-0.50478381,-0.56283307,0
2.1077673,2.7061708,1.0229465,0.65453196,0.50478381,0.56283307,0
2.0593457,-1.3924958,1.479519,0.38601679,-0.86323482,0.32529473,0
-1.3453095,1.9492197,-0.50699133,-0.38601679,0.86323482,-0.32529473,0
-2.7104394,-1.600878,-1.3802047,-0.65453196,-0.50478381,-0.56283307,0
3.3056464,2.4164047,-0.28022039,0.65006065,0.0043471605,-0.75986981,0
-2.9087939,-3.2602251,0.68962425,-0.65006065,-0.0043471605,0.75986981,0
3.5548584,1.3570142,1.2007297,0.65453196,0.50478381,0.56283307,0
-0.14098644,-2.5193715,1.3028368,0.38601679,-0.86323482,0.32529473,0
1.1388077,3.6799572,1.2454988,0.65453196,0.50478381,0.56283307,0
2.4406636,-1.4262686,0.45143098,0.38601679,-0.86323482,0.32529473,0
3.3129761,-1.3640959,0.020308912,0.38601679,-0.86323482,0.32529473,0
-0.23355132,3.2070665,0.76471502,-0.38601679,0.86323482,-0.32529473,0
-1.5041997,-3.1999826,-1.5773058,-0.65453196,-0.50478381,-0.56283307,0
-2.4929476,0.30998063,-3.3861928,-0.65453196,-0.50478381,-0.56283307,0
2.2082865,-0.38825756,-1.3879482,0.65006065,0.0043471605,-0.75986981,0
-3.2772825,-2.0531445,-0.90476167,-0.65453196,-0.50478381,-0.56283307,0
-2.6214843,-2.5983765,-1.1088773,-0.65453196,-0.50478381,-0.56283307,0
0.71301115,2.5005515,3.1393549,0.65453196,0.50478381,0.56283307,0
-2.2568245,-3.4548471,-0.682832,-0.65453196,-0.50478381,-0.56283307,0
1.1394227,1.8576533,-2.2011847,0.65006065,0.0043471605,-0.75986981,0
2.1011941,0.93789536,2.7130406,0.65453196,0.50478381,0.56283307,0
3.2681861,1.8094802,0.98277485,0.65453196,0.50478381,0.56283307,0
0.098594546,1.2940786,3.4239552,-0.65006065,-0.0043471605,0.75986981,0
3.0530431,2.2072015,0.79384935,0.65453196,0.50478381,0.56283307,0
-2.2319949,-1.4320714,-2.0585289,-0.65453196,-0.50478381,-0.56283307,0
0.18895268,-2.8499882,-0.54800248,0.38601679,-0.86323482,0.32529473,0
-2.9538505,-3.2989862,0.05439806,-0.65453196,-0.50478381,-0.56283307,0
-0.2249015,1.1830783,2.9638271,-0.65006065,-0.0043471605,0.75986981,0
1.8299794,-2.1453722,-0.6599018,0.38601679,-0.86323482,0.32529473,0
1.0175526,2.5783172,2.7345486,0.65453196,0.50478381,0.56283307,0
-3.6253159,0.95161146,-0.89449859,-0.38601679,0.86323482,-0.32529473,0
1.9229635,0.13976097,4.1292815,0.65453196,0.50478381,0.56283307,0
-3.3918548,-2.2079794,-0.44005799,-0.65453196,-0.50478381,-0.56283307,0
-0.16763961,-3.4673018,-3.2621531,-0.65453196,-0.50478381,-0.56283307,0
4.0723238,0.52030271,0.86026895,0.65453196,0.50478381,0.56283307,0
-2.2577326,-2.1107881,-1.3898522,-0.65453196,-0.50478381,-0.56283307,0
4.0414624,-0.24713904,1.5950332,0.65453196,0.50478381,0.56283307,0
-1.3048213,-1.9871023,2.0324297,-0.65006065,-0.0043471605,0.75986981,0
1.161437,0.80169022,4.3855104,0.65453196,0.50478381,0.56283307,0
0.85182726,2.9033399,-0.98018157,-0.38601679,0.86323482,-0.32529473,0
3.1843107,-1.1101744,1.4646276,0.38601679,-0.86323482,0.32529473,0
-1.4741709,-3.6184437,-0.69855857,0.38601679,-0.86323482,0.32529473,0
0.10268766,-2.5884533,1.2516934,0.38601679,-0.86323482,0.32529473,0
-3.6565211,1.0301884,-0.30304611,-0.38601679,0.86323482,-0.32529473,0
1.552346,2.8057601,1.6989049,0.65453196,0.50478381,0.56283307,0
1.0292856,3.6030302,1.4611424,0.65453196,0.50478381,0.56283307,0
1.4980943,-0.02879715,-1.975596,0.65006065,0.0043471605,-0.75986981,0
3.2558098,-1.2749447,0.22694278,0.38601679,-0.86323482,0.32529473,0
-0.46649945,1.9523377,2.8672457,-0.65006065,-0.0043471605,0.75986981,0
-1.0507081,-1.3439147,2.5123291,-0.65006065,-0.0043471605,0.75986981,0
-0.66040844,2.9608524,1.1219345,-0.38601679,0.86323482,-0.32529473,0
2.7018762,2.7731104,0.46442282,0.65453196,0.50478381,0.56283307,0
4.3362885,0.59981638,0.9268527,0.65453196,0.50478381,0.56283307,0
-0.98422873,0.59997499,2.3517518,-0.65006065,-0.0043471605,0.75986981,0
2.7702057,-0.90696269,1.4959654,0.38601679,-0.86323482,0.32529473,0
-3.6129804,-2.077724,0.25498152,-0.65006065,-0.0043471605,0.75986981,0
0.45588106,-2.3774061,-2.8602395,0.65006065,0.0043471605,-0.75986981,0
-1.579501,-2.6157346,-2.060549,-0.65453196,-0.50478381,-0.56283307,0
3.1179581,-0.48197943,2.7724304,0.65453196,0.50478381,0.56283307,0
2.2756817,2.9972053,-1.5600088,0.65006065,0.0043471605,-0.75986981,0
0.46949574,-3.6611204,-2.2862968,0.38601679,-0.86323482,0.32529473,0
-1.398157,0.79487193,-3.6551108,-0.38601679,0.86323482,-0.32529473,0
4.5510044,-0.45005137,0.36342323,0.65006065,0.0043471605,-0.75986981,0
-2.0221567,0.45122385,-3.8760364,-0.38601679,0.86323482,-0.32529473,0
2.7862308,0.35951313,2.6210575,0.65453196,0.50478381,0.56283307,0
1.4117385,-1.925679,-1.9061673,0.65006065,0.0043471605,-0.75986981,0
-0.47071719,-2.2200358,2.460247,0.38601679,-0.86323482,0.32529473,0
-4.0991211,-0.70292222,-0.64847624,-0.65453196,-0.50478381,-0.56283307,0
-1.2340186,0.19092205,2.4759018,-0.65006065,-0.0043471605,0.75986981,0
2.4037342,1.4052409,2.3723505,0.65453196,0.50478381,0.56283307,0
-0.27255782,3.2098861,3.2158136,-0.65006065,-0.0043471605,0.75986981,0
1.5872873,-0.69144666,4.2964444,0.38601679,-0.86323482,0.32529473,0
1.5896443,-2.5034173,-0.44673821,0.38601679,-0.86323482,0.32529473,0
0.83473611,-0.081791878,4.1825824,-0.65006065,-0.0043471605,0.75986981,0
-2.4870229,1.2454953,-1.9538274,-0.38601679,0.86323482,-0.32529473,0
3.9843349,-0.7783891,1.4351115,0.38601679,-0.86323482,0.32529473,0
-0.10720226,-3.7387233,-2.8776298,-0.65453196,-0.50478381,-0.56283307,0
-2.1741838,-3.899287,-0.38559318,-0.65453196,-0.50478381,-0.56283307,0
-1.6380519,-2.0501745,-2.3921573,-0.65453196,-0.50478381,-0.56283307,0
4.174664,-0.12109596,1.1332732,0.65453196,0.50478381,0.56283307,0
3.0598555,1.7133241,-0.47812414,0.65006065,0.0043471605,-0.75986981,0
-1.9040062,-0.33218482,-3.3728995,-0.65453196,-0.50478381,-0.56283307,0
-3.0372429,-2.8819327,-0.23626959,-0.65453196,-0.50478381,-0.56283307,0
2.160078,-0.44158912,4.190917,0.38601679,-0.86323482,0.32529473,0
-0.0073468685,-0.60194027,3.0517912,-0.65006065,-0.0043471605,0.75986981,0
-2.4262791,-1.1435288,-2.4547644,-0.65453196,-0.50478381,-0.56283307,0
4.2117214,0.28638166,1.3803742,0.65453196,0.50478381,0.56283307,0
-0.30039018,-1.0164471,-3.6507282,0.65006065,0.0043471605,-0.75986981,0
-3.0391221,-3.3262653,0.27563977,-0.65453196,-0.50478381,-0.56283307,0
-1.5524861,2.5134909,1.4231977,-0.38601679,0.86323482,-0.32529473,0
0.77465975,2.2768323,-2.4757962,0.65006065,0.0043471605,-0.75986981,0
-1.5978901,-3.5146971,-1.46201,-0.65453196,-0.50478381,-0.56283307,0
-2.6727543,-0.71296901,-2.1492198,-0.65453196,-0.50478381,-0.56283307,0
1.354762,-0.092980027,4.2006865,-0.65006065,-0.0043471605,0.75986981,0
3.9439445,0.85533005,0.73205876,0.65453196,0.50478381,0.56283307,0
-3.374536,1.2360775,-0.16630924,-0.38601679,0.86323482,-0.32529473,0
-2.1151965,2.1032801,1.2312012,-0.65006065,-0.0043471605,0.75986981,0
1.2269278,3.7278535,1.1856952,0.65453196,0.50478381,0.56283307,0
-1.3781538,-3.172267,1.4677196,0.38601679,-0.86323482,0.32529473,0
0.86633933,-0.62312692,-2.4642417,0.65006065,0.0043471605,-0.75986981,0
2.3761029,3.2516799,0.30715334,0.65453196,0.50478381,0.56283307,0
0.22698456,-2.05934,-3.1307564,0.65006065,0.0043471605,-0.75986981,0
-2.0000689,-2.7929688,-1.3641162,-0.65453196,-0.50478381,-0.56283307,0
2.7499137,-0.99341089,-0.92690146,0.65006065,0.0043471605,-0.75986981,0
0.71670556,-3.1914723,-2.5259604,0.65006065,0.0043471605,-0.75986981,0
-2.5836823,2.1967456,0.62639642,-0.38601679,0.86323482,-0.32529473,0
-0.69911873,1.016994,-3.6777105,0.65006065,0.0043471605,-0.75986981,0
-0.84388387,-1.2187722,-3.8624682,0.65006065,0.0043471605,-0.75986981,0
1.4540366,1.9648446,-1.9499865,0.65006065,0.0043471605,-0.75986981,0
0.70227391,2.5440934,2.8421907,0.65453196,0.50478381,0.56283307,0
-3.1763997,0.74116576,-1.552265,-0.38601679,0.86323482,-0.32529473,0
2.0684605,-0.034585953,3.9203606,0.65453196,0.50478381,0.56283307,0
-1.0760145,-3.172797,0.62699538,0.38601679,-0.86323482,0.32529473,0
3.3270211,-0.69067484,-0.67397332,0.65006065,0.0043471605,-0.75986981,0
-1.9046066,-2.7401898,-1.4515417,-0.65453196,-0.50478381,-0.56283307,0
0.97520709,3.8069396,1.4232268,0.65453196,0.50478381,0.56283307,0
0.45297444,0.66934115,-3.0404308,0.65006065,0.0043471605,-0.75986981,0
-0.019780174,3.4447372,3.0067515,0.65453196,0.50478381,0.56283307,0
1.7083557,1.5925285,3.1367173,0.65453196,0.50478381,0.56283307,0
-2.4079041,0.78688246,1.2334208,-0.65006065,-0.0043471605,0.75986981,0
-1.4271661,1.7609577,-0.70422769,-0.38601679,0.86323482,-0.32529473,0
3.4729972,-0.7028923,1.7685187,0.38601679,-0.86323482,0.32529473,0
3.8576555,0.031769216,1.4056038,0.65453196,0.50478381,0.56283307,0
3.8567688,0.98376918,0.89081669,0.65453196,0.50478381,0.56283307,0
-2.6596298,1.6269984,-0.52508622,-0.38601679,0.86323482,-0.32529473,0
4.0694337,-1.02297,0.75560248,0.38601679,-0.86323482,0.32529473,0
-1.4722991,2.4511471,0.11712293,-0.38601679,0.86323482,-0.32529473,0
-1.0990087,2.9894042,1.9160103,-0.38601679,0.86323482,-0.32529473,0
3.4305174,-0.41221833,2.2656803,0.65453196,0.50478381,0.56283307,0
-0.87126124,-2.9942374,0.68305957,0.38601679,-0.86323482,0.32529473,0
2.9013889,3.7815948,-0.24184167,0.65453196,0.50478381,0.56283307,0
3.033622,0.35055599,2.0626769,0.65453196,0.50478381,0.56283307,0
-3.0215716,-1.5113281,0.56047338,-0.65006065,-0.0043471605,0.75986981,0
3.5889277,2.2461421,-0.44890714,0.65006065,0.0043471605,-0.75986981,0
0.96540004,-1.4020913,2.6510251,0.38601679,-0.86323482,0.32529473,0
0.46660966,-1.4555328,-2.7636509,0.65006065,0.0043471605,-0.75986981,0
1.6636994,0.39491776,-1.7936831,0.65006065,0.0043471605,-0.75986981,0
0.92525238,-2.3847034,0.51563156,0.38601679,-0.86323482,0.32529473,0
-3.141062,-1.3593963,-1.1462381,-0.65453196,-0.50478381,-0.56283307,0
-4.259223,0.4757525,-1.3156333,-0.38601679,0.86323482,-0.32529473,0
-1.9926975,0.45931005,-3.5031404,-0.38601679,0.86323482,-0.32529473,0
-0.046466351,-0.68456751,3.014214,-0.65006065,-0.0043471605,0.75986981,0
1.7781845,3.1479023,-1.5161512,-0.38601679,0.86323482,-0.32529473,0
-1.7817072,-2.5759544,-1.8300285,-0.65453196,-0.50478381,-0.56283307,0
-1.3561708,1.8679937,2.0253119,-0.65006065,-0.0043471605,0.75986981,0
0.99892837,0.20459974,4.165875,-0.65006065,-0.0043471605,0.75986981,0
0.62774837,-3.014519,-2.6726904,0.65006065,0.0043471605,-0.75986981,0
-4.2310185,-1.2625431,-0.37700546,-0.65453196,-0.50478381,-0.56283307,0
-1.0561256,1.5418483,2.2502136,-0.65006065,-0.0043471605,0.75986981,0
4.1388216,0.50883561,0.0033550262,0.65006065,0.0043471605,-0.75986981,0
2.3646946,-0.57449466,2.90766,0.38601679,-0.86323482,0.32529473,0
0.059013069,3.2240286,0.44286394,-0.38601679,0.86323482,-0.32529473,0
3.3549461,0.7053079,-0.36331344,0.65006065,0.0043471605,-0.75986981,0
4.055788,0.38213146,0.27821279,0.65006065,0.0043471605,-0.75986981,0
0.5121733,0.12982953,3.7981858,-0.65006065,-0.0043471605,0.75986981,0
-0.77249527,-3.0901895,0.52777117,0.38601679,-0.86323482,0.32529473,0
1.6110044,2.1954184,2.3039658,0.65453196,0.50478381,0.56283307,0
-0.79215717,3.1323497,1.4212518,-0.38601679,0.86323482,-0.32529473,0
0.96571177,2.6792023,2.8165164,0.65453196,0.50478381,0.56283307,0
3.0321202,3.5256979,-0.70841509,0.65453196,0.50478381,0.56283307,0
-0.79795456,2.3055656,-0.59738159,-0.38601679,0.86323482,-0.32529473,0
-3.0904641,-2.6439595,-0.0766536,-0.65453196,-0.50478381,-0.56283307,0
-2.4998467,0.36543804,-3.5784042,-0.65453196,-0.50478381,-0.56283307,0
1.0737344,-1.1805763,3.5192432,0.38601679,-0.86323482,0.32529473,0
1.2079912,1.1771965,3.9050379,0.65453196,0.50478381,0.56283307,0
1.6528239,0.52872771,3.9346864,0.65453196,0.50478381,0.56283307,0
2.970412,-1.346561,0.90657771,0.38601679,-0.86323482,0.32529473,0
1.7714409,-0.38030767,4.2490406,0.38601679,-0.86323482,0.32529473,0
2.1220231,2.929378,-1.4337242,0.65006065,0.0043471605,-0.75986981,0
-2.404851,-2.9590504,-0.51083028,-0.65453196,-0.50478381,-0.56283307,0
-3.6493845,-2.2298384,0.40514374,-0.65006065,-0.0043471605,0.75986981,0
-1.0240724,1.0545313,2.4458432,-0.65006065,-0.0043471605,0.75986981,0
1.8192439,-0.43378103,4.6896191,0.65453196,0.50478381,0.56283307,0
-1.9835118,-1.0550917,-2.9958184,-0.65453196,-0.50478381,-0.56283307,0
1.7758627,2.9124284,-1.5883353,-0.38601679,0.86323482,-0.32529473,0
2.2819374,3.4417887,-1.2709481,0.65006065,0.0043471605,-0.75986981,0
2.2573402,3.6376281,0.58728504,0.65453196,0.50478381,0.56283307,0
2.8919494,2.8389215,-0.99346799,0.65006065,0.0043471605,-0.75986981,0
3.1644516,-1.6401675,0.0022469759,0.38601679,-0.86323482,0.32529473,0
2.5635829,-1.161587,2.1172576,0.38601679,-0.86323482,0.32529473,0
3.5970628,1.3258379,-0.41971844,0.65006065,0.0043471605,-0.75986981,0
1.1635075,1.8124568,3.3512387,0.65453196,0.50478381,0.56283307,0
-0.51511967,-1.5896828,-3.8425994,-0.65453196,-0.50478381,-0.56283307,0
0.15043443,1.4585897,3.3950145,-0.65006065,-0.0043471605,0.75986981,0
-1.5064586,0.72486585,2.1663988,-0.65006065,-0.0043471605,0.75986981,0
-2.7151299,-2.7955501,0.69481665,-0.65006065,-0.0043471605,0.75986981,0
-3.3923037,-1.8446605,0.43702322,-0.65006065,-0.0043471605,0.75986981,0
-3.5550971,-0.10944528,0.23178858,-0.65006065,-0.0043471605,0.75986981,0
2.5010092,1.8102477,1.5974301,0.65453196,0.50478381,0.56283307,0
-1.4226916,-3.9030874,-1.2962353,-0.65453196,-0.50478381,-0.56283307,0
-0.34468627,1.874588,-2.7105956,-0.38601679,0.86323482,-0.32529473,0
0.054979652,2.0892487,3.175818,-0.65006065,-0.0043471605,0.75986981,0
-3.0644672,-2.6313314,0.028804898,-0.65453196,-0.50478381,-0.56283307,0
2.5885525,-1.178588,-1.2678953,0.65006065,0.0043471605,-0.75986981,0
-2.0199785,-2.5688965,1.6900866,-0.65006065,-0.0043471605,0.75986981,0
3.9007697,-0.92424482,0.32455444,0.38601679,-0.86323482,0.32529473,0
-2.1823964,-2.5855453,-1.4304146,-0.65453196,-0.50478381,-0.56283307,0
-1.4639375,-0.67997247,2.291074,-0.65006065,-0.0043471605,0.75986981,0
-0.56912124,-2.2997985,-3.177906,-0.65453196,-0.50478381,-0.56283307,0
-1.3832288,0.5076946,-4.3456945,-0.38601679,0.86323482,-0.32529473,0
-3.0664377,-0.44086242,0.80884957,-0.65006065,-0.0043471605,0.75986981,0
