2.7195423,1.1452889,4.0606833,-0.23326789,-0.42030585,0.87688613,0
-2.892972,0.85144615,-3.074264,0.23326789,0.42030585,-0.87688613,0
2.2856114,-0.31613994,-2.1756299,0.23326789,0.42030585,-0.87688613,0
-2.8739135,-4.2174425,-0.081028938,-0.23326789,-0.42030585,0.87688613,0
-2.287127,1.1021466,0.54449636,-0.80032009,0.59518772,0.072383195,0
2.0710402,0.38168669,-2.1178641,0.23326789,0.42030585,-0.87688613,0
0.51741213,4.1777587,3.7959762,0.5523349,0.68490493,0.47521734,0
-2.4862456,-0.39376473,1.989249,-0.23326789,-0.42030585,0.87688613,0
3.2237756,4.0588799,-0.06833744,0.23326789,0.42030585,-0.87688613,0
0.054585099,-4.0441132,-1.5638309,0.80032009,-0.59518772,-0.072383195,0
-2.3587477,-5.0690374,-0.22732592,-0.23326789,-0.42030585,0.87688613,0
-0.29322535,-1.1783183,2.176791,-0.23326789,-0.42030585,0.87688613,0
3.0925493,2.6657991,3.3314872,0.5523349,0.68490493,0.47521734,0
-0.86181653,-3.3501952,0.87346172,-0.23326789,-0.42030585,0.87688613,0
-1.9323962,-0.66323733,-3.4589386,0.23326789,0.42030585,-0.87688613,0
-2.1533761,1.3740492,-0.76440775,-0.80032009,0.59518772,0.072383195,0
1.5531802,-0.49625921,-2.7635126,0.23326789,0.42030585,-0.87688613,0
-1.5470752,-1.5873449,1.4693664,-0.23326789,-0.42030585,0.87688613,0
-2.5170279,-1.5894794,1.4177604,-0.23326789,-0.42030585,0.87688613,0
-0.64267588,2.6495442,3.82112,-0.80032009,0.59518772,0.072383195,0
4.1235218,2.1657109,2.3916373,0.5523349,0.68490493,0.47521734,0
2.3865125,3.1077838,2.9228983,0.5523349,0.68490493,0.47521734,0
0.014852047,3.6097746,-0.90401745,0.23326789,0.42030585,-0.87688613,0
-2.6678896,-0.30520391,2.1629469,-0.23326789,-0.42030585,0.87688613,0
4.0726867,0.51250267,3.6866822,0.80032009,-0.59518772,-0.072383195,0
-0.78895199,2.9296026,0.64107561,-0.80032009,0.59518772,0.072383195,0
4.309166,3.3710666,0.95983028,0.5523349,0.68490493,0.47521734,0
3.6410823,0.79362875,0.47635794,0.80032009,-0.59518772,-0.072383195,0
4.8478999,2.7106993,1.3065314,0.5523349,0.68490493,0.47521734,0
4.4037271,1.4735603,2.922744,0.80032009,-0.59518772,-0.072383195,0
-0.47135377,3.4802656,3.1671596,-0.80032009,0.59518772,0.072383195,0
2.2753906,-0.62598014,-2.3216057,0.23326789,0.42030585,-0.87688613,0
1.5809957,-1.883888,2.2436604,-0.23326789,-0.42030585,0.87688613,0
3.8193386,0.39454055,2.9097934,0.80032009,-0.59518772,-0.072383195,0
-3.5939548,-3.2419553,-1.5080767,-0.5523349,-0.68490493,-0.47521734,0
-2.6457806,-2.3184836,-4.167367,-0.5523349,-0.68490493,-0.47521734,0
2.1397455,-0.82849574,-1.4953749,0.80032009,-0.59518772,-0.072383195,0
2.446394,-0.87206662,-0.88135052,0.80032009,-0.59518772,-0.072383195,0
-1.6672473,1.8769929,-1.2693896,-0.80032009,0.59518772,0.072383195,0
-0.34536207,-4.630918,-0.32227087,0.80032009,-0.59518772,-0.072383195,0
-1.8971944,-1.148695,-4.0801706,0.23326789,0.42030585,-0.87688613,0
-2.3073177,-4.0983868,-2.1501431,-0.5523349,-0.68490493,-0.47521734,0
4.3601198,3.0912843,-0.25524759,0.23326789,0.42030585,-0.87688613,0
-4.1091142,-2.4242387,0.82283115,-0.23326789,-0.42030585,0.87688613,0
-2.9571261,0.049145699,1.111881,-0.80032009,0.59518772,0.072383195,0
-1.7734475,0.55567741,-3.2537835,0.23326789,0.42030585,-0.87688613,0
2.5232503,-1.0821745,0.43480179,0.80032009,-0.59518772,-0.072383195,0
0.47722572,4.0000644,4.3924737,0.5523349,0.68490493,0.47521734,0
2.2026453,-1.1088829,0.79344624,0.80032009,-0.59518772,-0.072383195,0
1.8439003,2.8265729,-1.2197847,0.23326789,0.42030585,-0.87688613,0
-3.7415137,-1.6867119,0.82680678,-0.23326789,-0.42030585,0.87688613,0
-0.74875814,0.25787187,2.5991163,-0.23326789,-0.42030585,0.87688613,0
-2.4533887,-5.1191339,-0.64449406,-0.5523349,-0.68490493,-0.47521734,0
1.6757735,-2.0138121,0.55840743,0.80032009,-0.59518772,-0.072383195,0
0.067506105,-1.5374417,-3.6463869,0.23326789,0.42030585,-0.87688613,0
1.1582251,3.2504966,4.1604586,0.5523349,0.68490493,0.47521734,0
-3.1684864,-1.9753788,-3.8143318,-0.5523349,-0.68490493,-0.47521734,0
-0.13507009,-3.9436729,-4.3446035,0.80032009,-0.59518772,-0.072383195,0
3.7096136,1.1234965,4.3195715,0.5523349,0.68490493,0.47521734,0
1.8181469,3.6531167,2.7836704,0.5523349,0.68490493,0.47521734,0
-3.2127061,-2.3858254,-3.7689393,-0.5523349,-0.68490493,-0.47521734,0
-3.3401036,-2.1129491,-3.4906535,-0.5523349,-0.68490493,-0.47521734,0
2.1386719,-1.2164402,1.0380443,0.80032009,-0.59518772,-0.072383195,0
4.5606775,2.7811081,1.0963173,0.5523349,0.68490493,0.47521734,0
-0.34701014,-4.5421267,-3.2177773,0.80032009,-0.59518772,-0.072383195,0
2.1538668,2.9833426,3.5899191,0.5523349,0.68490493,0.47521734,0
-0.81456077,-5.092103,-0.26351404,0.80032009,-0.59518772,-0.072383195,0
0.76447988,-2.9930854,1.0307193,0.80032009,-0.59518772,-0.072383195,0
2.6495569,2.5639231,3.5128155,0.5523349,0.68490493,0.47521734,0
1.99722,4.2529607,-0.39823055,0.23326789,0.42030585,-0.87688613,0
-4.8873158,-2.9019673,-0.044288158,-0.23326789,-0.42030585,0.87688613,0
4.6209822,2.3932021,-0.36604357,0.80032009,-0.59518772,-0.072383195,0
0.50453675,-2.2689347,-3.5990808,0.23326789,0.42030585,-0.87688613,0
-0.046009302,2.2145054,-1.661891,0.23326789,0.42030585,-0.87688613,0
4.3070569,1.5945551,3.5824678,0.5523349,0.68490493,0.47521734,0
3.8476567,0.50188041,2.7835317,0.80032009,-0.59518772,-0.072383195,0
-0.13572419,3.6058831,0.8021524,-0.80032009,0.59518772,0.072383195,0
-1.0037811,0.28548527,2.8357916,-0.23326789,-0.42030585,0.87688613,0
-1.281945,1.0521019,-2.7264783,0.23326789,0.42030585,-0.87688613,0
0.66622561,1.8875368,-1.74116,0.23326789,0.42030585,-0.87688613,0
-3.5576663,-2.4825892,-2.8738117,-0.5523349,-0.68490493,-0.47521734,0
-1.7220398,-5.4681301,-0.46173525,-0.5523349,-0.68490493,-0.47521734,0
1.7181914,-2.0604017,0.19335949,0.80032009,-0.59518772,-0.072383195,0
1.5880156,0.38701534,-2.1860271,0.23326789,0.42030585,-0.87688613,0
-0.46589613,3.6955392,-1.3236411,-0.80032009,0.59518772,0.072383195,0
2.3839841,3.5430708,-0.34976053,0.23326789,0.42030585,-0.87688613,0
-2.1920853,-2.3125973,-4.650239,0.23326789,0.42030585,-0.87688613,0
-1.8047354,1.5130068,0.58325231,-0.80032009,0.59518772,0.072383195,0
0.57214469,2.0596476,-1.9050417,0.23326789,0.42030585,-0.87688613,0
4.8506136,2.0480447,0.79977179,0.80032009,-0.59518772,-0.072383195,0
4.1064367,1.7192419,3.1813462,0.5523349,0.68490493,0.47521734,0
0.80344367,4.8184791,1.4800382,-0.80032009,0.59518772,0.072383195,0
-0.25488234,-4.0923104,-2.0094771,0.80032009,-0.59518772,-0.072383195,0
2.0855854,3.5658474,2.8387551,0.5523349,0.68490493,0.47521734,0
0.13868678,-3.6749434,-2.5886643,0.80032009,-0.59518772,-0.072383195,0
3.7804928,2.431334,2.3357792,0.5523349,0.68490493,0.47521734,0
3.1095901,4.1603336,0.94626284,0.5523349,0.68490493,0.47521734,0
-4.6177254,-3.333504,-0.1642704,-0.5523349,-0.68490493,-0.47521734,0
1.2337432,-2.0558982,-1.9247799,0.80032009,-0.59518772,-0.072383195,0
-3.8542268,-0.64629126,-4.1976748,0.23326789,0.42030585,-0.87688613,0
1.199306,3.3748603,4.2780237,0.5523349,0.68490493,0.47521734,0
4.3968515,3.620615,0.22743654,0.23326789,0.42030585,-0.87688613,0
1.7942712,3.5619388,2.9037971,0.5523349,0.68490493,0.47521734,0
1.9527359,4.6621675,1.236269,0.5523349,0.68490493,0.47521734,0
-4.4607439,-3.2339296,-0.53878641,-0.5523349,-0.68490493,-0.47521734,0
1.0531739,4.6132159,2.8895521,0.5523349,0.68490493,0.47521734,0
-2.1664777,-2.0273147,-4.4954262,0.23326789,0.42030585,-0.87688613,0
-0.47917378,3.454165,1.9829459,-0.80032009,0.59518772,0.072383195,0
1.8055497,3.9534092,-0.47168922,0.23326789,0.42030585,-0.87688613,0
1.6382802,3.7816985,3.1773882,0.5523349,0.68490493,0.47521734,0
1.1662433,-2.5432148,1.4661443,0.80032009,-0.59518772,-0.072383195,0
-1.5297341,-5.2140331,-0.94331408,-0.5523349,-0.68490493,-0.47521734,0
0.69188744,-1.3214402,-3.4702308,0.23326789,0.42030585,-0.87688613,0
-2.9532239,-3.0600054,0.78240013,-0.23326789,-0.42030585,0.87688613,0
-2.5064826,0.97196126,-1.5545518,-0.80032009,0.59518772,0.072383195,0
-1.5577681,1.9432957,-2.4937809,0.23326789,0.42030585,-0.87688613,0
3.1669867,4.1813116,0.97850227,0.5523349,0.68490493,0.47521734,0
4.151453,2.5305543,-0.69451046,0.23326789,0.42030585,-0.87688613,0
-1.1573563,0.51481104,-2.8411088,0.23326789,0.42030585,-0.87688613,0
-3.0918221,-3.9741797,-1.0440254,-0.5523349,-0.68490493,-0.47521734,0
3.0940402,0.17569077,-0.94960785,0.80032009,-0.59518772,-0.072383195,0
-1.0295312,-3.0998962,-4.5575719,0.23326789,0.42030585,-0.87688613,0
0.6278584,0.16677976,-2.6555235,0.23326789,0.42030585,-0.87688613,0
4.1518669,1.3091106,2.6880593,0.80032009,-0.59518772,-0.072383195,0
-0.20340951,1.7855017,3.558445,-0.23326789,-0.42030585,0.87688613,0
-4.5166626,-1.9131768,-2.2897191,-0.5523349,-0.68490493,-0.47521734,0
-4.0339804,-0.91445589,-4.2438021,0.23326789,0.42030585,-0.87688613,0
3.219177,-0.45458913,2.2089496,0.80032009,-0.59518772,-0.072383195,0
3.0729618,4.0370169,1.5290451,0.5523349,0.68490493,0.47521734,0
1.212476,3.46105,-0.73536253,0.23326789,0.42030585,-0.87688613,0
2.999784,2.6985836,2.724966,0.5523349,0.68490493,0.47521734,0
-2.1058753,-2.5031099,-4.6936154,-0.5523349,-0.68490493,-0.47521734,0
1.4075235,-2.2970853,-0.18808138,0.80032009,-0.59518772,-0.072383195,0
0.69476873,2.5886862,4.4935465,-0.23326789,-0.42030585,0.87688613,0
-3.5918691,-4.1058402,-0.62442064,-0.5523349,-0.68490493,-0.47521734,0
-0.50662911,3.4486084,-1.0425832,-0.80032009,0.59518772,0.072383195,0
1.3192477,-2.3501492,-2.3034439,0.80032009,-0.59518772,-0.072383195,0
-4.1331129,-2.1350965,-2.2393112,-0.5523349,-0.68490493,-0.47521734,0
3.3270206,1.7331009,-1.2513509,0.23326789,0.42030585,-0.87688613,0
-3.1331093,0.014978975,0.25914299,-0.80032009,0.59518772,0.072383195,0
-1.6425709,-3.0826776,0.88397527,-0.23326789,-0.42030585,0.87688613,0
-1.5774567,2.2945056,-0.93487573,-0.80032009,0.59518772,0.072383195,0
-2.0070128,1.3118753,0.50549173,-0.80032009,0.59518772,0.072383195,0
-2.0836244,-2.2735701,-4.5946732,0.23326789,0.42030585,-0.87688613,0
-0.6588732,-2.7414985,-4.491775,0.23326789,0.42030585,-0.87688613,0
-4.1291876,-0.95712423,-2.4877572,-0.80032009,0.59518772,0.072383195,0
-0.72460294,-0.81916952,2.4141889,-0.23326789,-0.42030585,0.87688613,0
5.2620811,2.527802,0.15954256,0.80032009,-0.59518772,-0.072383195,0
3.6267998,0.77144194,1.0539701,0.80032009,-0.59518772,-0.072383195,0
2.6661165,2.4384036,-0.95606422,0.23326789,0.42030585,-0.87688613,0
-4.460115,-2.8093555,-1.3101344,-0.5523349,-0.68490493,-0.47521734,0
5.0910239,2.6643584,0.4367919,0.80032009,-0.59518772,-0.072383195,0
-2.1934783,-5.0774384,-0.75556946,-0.5523349,-0.68490493,-0.47521734,0
0.020393133,3.5667114,3.7425976,-0.80032009,0.59518772,0.072383195,0
2.9553835,4.0733089,1.0370932,0.5523349,0.68490493,0.47521734,0
-2.3075156,-3.3700733,0.4482193,-0.23326789,-0.42030585,0.87688613,0
-4.7625895,-1.9341594,-2.390008,-0.5523349,-0.68490493,-0.47521734,0
2.6918333,-0.70529324,-1.0407295,0.80032009,-0.59518772,-0.072383195,0
-1.11305,-3.2448664,-4.2428999,-0.5523349,-0.68490493,-0.47521734,0
-1.5114417,-4.6085439,-2.067174,-0.5523349,-0.68490493,-0.47521734,0
-3.9289622,-3.8018608,-0.1116128,-0.5523349,-0.68490493,-0.47521734,0
0.74638605,5.0880966,0.26752377,-0.80032009,0.59518772,0.072383195,0
-3.3342156,-0.19094229,-2.4884894,-0.80032009,0.59518772,0.072383195,0
0.5898459,-3.0367196,-0.68333888,0.80032009,-0.59518772,-0.072383195,0
-3.1111703,-2.1224256,-3.86256,-0.5523349,-0.68490493,-0.47521734,0
2.3147218,2.7364831,3.6701667,0.5523349,0.68490493,0.47521734,0
2.3467393,2.9176676,3.9002233,0.5523349,0.68490493,0.47521734,0
2.702801,-0.68910128,0.05011934,0.80032009,-0.59518772,-0.072383195,0
1.5123982,4.1401176,-0.53634548,0.23326789,0.42030585,-0.87688613,0
-2.578501,-3.8435745,-1.7292085,-0.5523349,-0.68490493,-0.47521734,0
-3.3467741,-0.017999142,-0.16535079,-0.80032009,0.59518772,0.072383195,0
-4.5035434,-2.2468109,-2.1614885,-0.5523349,-0.68490493,-0.47521734,0
0.39671123,4.7278066,1.4122272,-0.80032009,0.59518772,0.072383195,0
-2.855731,0.057494104,0.0086758137,-0.80032009,0.59518772,0.072383195,0
1.8670437,-1.985755,-0.14305747,0.80032009,-0.59518772,-0.072383195,0
3.4442029,2.9869547,2.3928137,0.5523349,0.68490493,0.47521734,0
3.3195229,3.3879828,1.5580921,0.5523349,0.68490493,0.47521734,0
0.65159398,3.0888848,4.4827251,-0.23326789,-0.42030585,0.87688613,0
-4.0463314,-2.7815449,-1.8596802,-0.5523349,-0.68490493,-0.47521734,0
4.1251373,1.0393584,1.5847914,0.80032009,-0.59518772,-0.072383195,0
-1.9973178,-2.9489536,-4.2356977,-0.5523349,-0.68490493,-0.47521734,0
2.3298197,-1.1594616,-0.21659023,0.80032009,-0.59518772,-0.072383195,0
-1.1547511,-5.6704559,-0.67056465,0.80032009,-0.59518772,-0.072383195,0
0.63865769,-3.0674791,-0.3011992,0.80032009,-0.59518772,-0.072383195,0
-0.7167064,-4.7098942,-3.1767573,-0.5523349,-0.68490493,-0.47521734,0
-1.5141912,2.3737338,-1.1573415,-0.80032009,0.59518772,0.072383195,0
3.2846024,3.5558701,1.7905569,0.5523349,0.68490493,0.47521734,0
3.5530913,0.36182046,1.9832629,0.80032009,-0.59518772,-0.072383195,0
-0.82462394,-5.1887217,-1.4016352,0.80032009,-0.59518772,-0.072383195,0
-1.5672369,-2.8799191,1.002059,-0.23326789,-0.42030585,0.87688613,0
-2.252775,-4.0316749,-2.3436499,-0.5523349,-0.68490493,-0.47521734,0
-1.0186352,2.8950279,-0.12357855,-0.80032009,0.59518772,0.072383195,0
3.3489892,-0.062474966,0.97229838,0.80032009,-0.59518772,-0.072383195,0
-0.70256233,3.1100857,3.2362058,-0.80032009,0.59518772,0.072383195,0
1.228032,-2.7805243,1.08548,0.80032009,-0.59518772,-0.072383195,0
-1.0190413,0.79294515,-2.8066902,0.23326789,0.42030585,-0.87688613,0
3.0639579,4.7085133,0.55989408,0.5523349,0.68490493,0.47521734,0
-2.0895548,1.3049476,0.031995624,-0.80032009,0.59518772,0.072383195,0
0.45633018,0.039811611,3.0721374,-0.23326789,-0.42030585,0.87688613,0
-2.3621359,-3.8152359,-2.0603294,-0.5523349,-0.68490493,-0.47521734,0
-1.9812174,1.7522471,-0.91875899,-0.80032009,0.59518772,0.072383195,0
-3.6479769,-2.0495908,-2.9964452,-0.5523349,-0.68490493,-0.47521734,0
-2.5126913,0.83978832,-1.0162884,-0.80032009,0.59518772,0.072383195,0
-1.5296378,2.4305296,-2.055228,-0.80032009,0.59518772,0.072383195,0
-2.0551586,-2.8426371,0.82930326,-0.23326789,-0.42030585,0.87688613,0
-0.50267243,-4.2302494,-3.5230627,-0.5523349,-0.68490493,-0.47521734,0
-0.977319,2.7238207,0.30288529,-0.80032009,0.59518772,0.072383195,0
-1.2217767,-2.5107603,1.2086999,-0.23326789,-0.42030585,0.87688613,0
2.1047697,3.1908469,3.132679,0.5523349,0.68490493,0.47521734,0
0.98865712,4.9615588,2.105906,0.5523349,0.68490493,0.47521734,0
-3.1156795,0.11385113,0.80678564,-0.80032009,0.59518772,0.072383195,0
2.6368718,1.640023,-1.4002688,0.23326789,0.42030585,-0.87688613,0
1.8139193,4.4896536,1.8546762,0.5523349,0.68490493,0.47521734,0
-0.035118818,-4.0203304,-4.5880046,0.80032009,-0.59518772,-0.072383195,0
-4.305213,-1.8364457,1.0249047,-0.23326789,-0.42030585,0.87688613,0
2.7021451,0.80792165,-1.9443712,0.23326789,0.42030585,-0.87688613,0
-0.64064693,-0.35983372,2.3116884,-0.23326789,-0.42030585,0.87688613,0
-3.8210249,-1.5064058,-4.064496,-0.5523349,-0.68490493,-0.47521734,0
-2.6067011,1.0221982,-2.4456978,-0.80032009,0.59518772,0.072383195,0
-2.3190148,1.6822908,-2.5812607,-0.80032009,0.59518772,0.072383195,0
-3.9119868,-2.427783,-2.471189,-0.5523349,-0.68490493,-0.47521734,0
-4.0462661,-2.9623625,0.57206345,-0.23326789,-0.42030585,0.87688613,0
1.6895045,2.0955372,4.2409368,-0.23326789,-0.42030585,0.87688613,0
-1.8990142,-5.2886057,-0.36739635,-0.5523349,-0.68490493,-0.47521734,0
-0.025604248,3.7642524,2.1492765,-0.80032009,0.59518772,0.072383195,0
1.2809966,-2.3664176,-2.0799518,0.80032009,-0.59518772,-0.072383195,0
1.357241,-1.7324409,-3.0009215,0.80032009,-0.59518772,-0.072383195,0
0.41144234,2.0899539,3.9157925,-0.23326789,-0.42030585,0.87688613,0
1.7869163,4.5276952,1.8101263,0.5523349,0.68490493,0.47521734,0
3.9216704,3.3867273,0.82411337,0.5523349,0.68490493,0.47521734,0
-0.05930233,3.8617392,3.0942323,-0.80032009,0.59518772,0.072383195,0
1.7445564,-1.8871399,0.47159034,0.80032009,-0.59518772,-0.072383195,0
4.0772419,1.0424521,3.2557867,0.80032009,-0.59518772,-0.072383195,0
3.6402242,2.4064918,2.9915838,0.5523349,0.68490493,0.47521734,0
4.3498015,3.5258584,0.39723301,0.5523349,0.68490493,0.47521734,0
2.4082754,2.7138014,-0.73979664,0.23326789,0.42030585,-0.87688613,0
2.5959787,2.1731663,-1.2927995,0.23326789,0.42030585,-0.87688613,0
-4.1481781,-3.2891817,-1.0704737,-0.5523349,-0.68490493,-0.47521734,0
-1.1367441,2.6160355,-0.34606719,-0.80032009,0.59518772,0.072383195,0
-3.8448288,-2.5308459,0.41777134,-0.23326789,-0.42030585,0.87688613,0
-1.2316358,-3.9083002,-3.1943607,-0.5523349,-0.68490493,-0.47521734,0
-1.0355735,-4.7074871,0.37967014,-0.23326789,-0.42030585,0.87688613,0
-3.935811,-1.7984741,-3.5279577,-0.5523349,-0.68490493,-0.47521734,0
-2.4546199,-5.0113082,-0.34716034,-0.5523349,-0.68490493,-0.47521734,0
-1.9235905,1.7685384,-0.89091682,-0.80032009,0.59518772,0.072383195,0
4.0066485,3.0493114,1.8745599,0.5523349,0.68490493,0.47521734,0
-0.47599328,-4.7450261,-1.0384879,0.80032009,-0.59518772,-0.072383195,0
0.51966357,-3.7042084,1.1686227,-0.23326789,-0.42030585,0.87688613,0
2.9557114,4.4281082,0.74887419,0.5523349,0.68490493,0.47521734,0
-0.88305652,-0.47900558,-3.1296201,0.23326789,0.42030585,-0.87688613,0
0.88215524,-2.4895597,-3.1432989,0.80032009,-0.59518772,-0.072383195,0
-4.0862784,-3.8130541,-0.12616062,-0.5523349,-0.68490493,-0.47521734,0
2.4596617,4.2124538,1.4122357,0.5523349,0.68490493,0.47521734,0
1.4952049,1.2701073,4.0393686,-0.23326789,-0.42030585,0.87688613,0
0.95272881,0.32060266,-2.2221229,0.23326789,0.42030585,-0.87688613,0
1.5179098,-2.5686917,1.2063512,0.80032009,-0.59518772,-0.072383195,0
-2.9706051,-3.2406402,-2.2858343,-0.5523349,-0.68490493,-0.47521734,0
0.69208694,-3.2012172,-1.6289625,0.80032009,-0.59518772,-0.072383195,0
2.1074898,1.8884674,-1.3819988,0.23326789,0.42030585,-0.87688613,0
-0.58384532,-2.8425992,-4.1824389,0.23326789,0.42030585,-0.87688613,0
0.77121294,-2.4893956,-3.5581651,0.80032009,-0.59518772,-0.072383195,0
-0.80951643,3.1157451,-1.7260599,-0.80032009,0.59518772,0.072383195,0
0.35951555,0.93764305,-2.4696722,0.23326789,0.42030585,-0.87688613,0
2.2484071,2.3755808,4.4093394,-0.23326789,-0.42030585,0.87688613,0
2.2884855,1.5161693,-1.3421891,0.23326789,0.42030585,-0.87688613,0
3.4970405,0.12853289,0.89015436,0.80032009,-0.59518772,-0.072383195,0
3.9915125,2.0325282,-0.70918894,0.23326789,0.42030585,-0.87688613,0
-3.5441513,-0.9784463,1.0437572,-0.80032009,0.59518772,0.072383195,0
1.4190483,1.6277509,-1.6235807,0.23326789,0.42030585,-0.87688613,0
2.8000975,-0.29336023,3.310246,-0.23326789,-0.42030585,0.87688613,0
2.0165141,3.9588423,2.7321649,0.5523349,0.68490493,0.47521734,0
0.45153999,5.1349297,-0.14558697,-0.80032009,0.59518772,0.072383195,0
3.3875403,2.1451023,3.4286692,0.5523349,0.68490493,0.47521734,0
3.3145723,0.055596352,3.2107582,0.80032009,-0.59518772,-0.072383195,0
-4.821456,-2.8009598,-1.2561169,-0.5523349,-0.68490493,-0.47521734,0
3.3565502,0.054169893,1.4703095,0.80032009,-0.59518772,-0.072383195,0
2.6658995,-0.6866709,-1.772873,0.80032009,-0.59518772,-0.072383195,0
0.69494557,1.3548894,-2.0316842,0.23326789,0.42030585,-0.87688613,0
2.3395131,4.990324,0.17052889,0.23326789,0.42030585,-0.87688613,0
-0.45660961,1.0637679,3.0881934,-0.23326789,-0.42030585,0.87688613,0
4.2584109,1.7969143,0.49492884,0.80032009,-0.59518772,-0.072383195,0
-0.29051661,-2.0660801,1.8137184,-0.23326789,-0.42030585,0.87688613,0
3.5241525,0.68915606,0.5303936,0.80032009,-0.59518772,-0.072383195,0
-1.4342506,-5.7261906,-0.4007082,-0.23326789,-0.42030585,0.87688613,0
-1.5382699,-0.041388035,-3.4644427,0.23326789,0.42030585,-0.87688613,0
-0.42452896,3.1811361,3.6262672,-0.80032009,0.59518772,0.072383195,0
-3.5282125,-2.8892026,-1.9634662,-0.5523349,-0.68490493,-0.47521734,0
-2.3992407,0.76339328,1.9562306,-0.80032009,0.59518772,0.072383195,0
-1.1007208,2.8945625,0.54341531,-0.80032009,0.59518772,0.072383195,0
-2.2701168,-0.63503504,-3.9147611,0.23326789,0.42030585,-0.87688613,0
0.30476391,-3.5392871,-1.5400171,0.80032009,-0.59518772,-0.072383195,0
4.365273,0.98739815,4.2846546,0.5523349,0.68490493,0.47521734,0
4.1523776,3.7406011,0.54300737,0.5523349,0.68490493,0.47521734,0
-3.6398203,-2.9835913,-1.8274503,-0.5523349,-0.68490493,-0.47521734,0
-4.427299,-2.5396314,-1.920094,-0.5523349,-0.68490493,-0.47521734,0
4.1615152,3.1422825,1.2813349,0.5523349,0.68490493,0.47521734,0
1.4216526,2.1046686,-1.4769015,0.23326789,0.42030585,-0.87688613,0
-2.5999055,-3.5689867,-2.5039911,-0.5523349,-0.68490493,-0.47521734,0
-3.9094732,-0.95321417,-4.4138098,0.23326789,0.42030585,-0.87688613,0
1.9487789,-1.0754368,-1.5966526,0.80032009,-0.59518772,-0.072383195,0
2.1828074,2.9872689,4.0829592,0.5523349,0.68490493,0.47521734,0
2.1117017,-0.60662746,-2.3757749,0.23326789,0.42030585,-0.87688613,0
1.1261158,4.2856464,2.8462911,0.5523349,0.68490493,0.47521734,0
-2.9629717,0.45922899,-3.351831,-0.80032009,0.59518772,0.072383195,0
0.92853594,-0.45902085,2.9592483,-0.23326789,-0.42030585,0.87688613,0
1.0700698,-2.7078326,-1.2297707,0.80032009,-0.59518772,-0.072383195,0
2.4598513,-0.075144768,-2.134557,0.23326789,0.42030585,-0.87688613,0
-3.5260301,-2.8867099,-1.9060574,-0.5523349,-0.68490493,-0.47521734,0
1.1205051,4.8946066,-0.04581213,0.23326789,0.42030585,-0.87688613,0
0.16973364,-3.7191992,-4.1627283,0.80032009,-0.59518772,-0.072383195,0
4.2931314,1.1174335,2.2287788,0.80032009,-0.59518772,-0.072383195,0
-0.97241426,-4.7643676,-2.3389907,-0.5523349,-0.68490493,-0.47521734,0
-2.1686616,1.1742343,-0.77233529,-0.80032009,0.59518772,0.072383195,0
4.5627365,3.4172497,-0.02387476,0.5523349,0.68490493,0.47521734,0
-2.6987975,-4.8536205,-0.58632374,-0.5523349,-0.68490493,-0.47521734,0
2.7817948,-0.8777262,1.1009424,0.80032009,-0.59518772,-0.072383195,0
0.044461727,-1.9306653,1.9549904,-0.23326789,-0.42030585,0.87688613,0
4.3103223,0.92816162,3.0881255,0.80032009,-0.59518772,-0.072383195,0
2.9153726,4.1798258,-0.10235977,0.23326789,0.42030585,-0.87688613,0
-0.41505575,-4.7672443,-0.90615177,0.80032009,-0.59518772,-0.072383195,0
3.9686167,0.57749271,3.1521952,0.80032009,-0.59518772,-0.072383195,0
2.1508856,4.5318842,1.2476087,0.5523349,0.68490493,0.47521734,0
-1.800933,-4.1397328,-2.1308494,-0.5523349,-0.68490493,-0.47521734,0
1.7885979,-2.0579271,-0.51371098,0.80032009,-0.59518772,-0.072383195,0
-2.2162213,0.73632836,-2.9464169,0.23326789,0.42030585,-0.87688613,0
-0.25483894,2.1194482,-1.6834257,0.23326789,0.42030585,-0.87688613,0
0.2398901,1.8939748,-1.9936261,0.23326789,0.42030585,-0.87688613,0
4.1731625,2.4840534,2.3650937,0.5523349,0.68490493,0.47521734,0
-0.89567059,0.36923409,-2.9811301,0.23326789,0.42030585,-0.87688613,0
3.2764449,4.1186948,1.1917791,0.5523349,0.68490493,0.47521734,0
1.7845463,5.0080624,1.4743056,0.5523349,0.68490493,0.47521734,0
4.6285148,1.7558817,2.3511105,0.5523349,0.68490493,0.47521734,0
-2.7759693,0.74843407,-0.21053302,-0.80032009,0.59518772,0.072383195,0
1.348766,4.5132046,2.2019591,0.5523349,0.68490493,0.47521734,0
4.1177011,2.5594873,1.6310687,0.5523349,0.68490493,0.47521734,0
3.6277835,0.43035245,2.1608446,0.80032009,-0.59518772,-0.072383195,0
-4.4423709,-3.3515418,-0.15379477,-0.23326789,-0.42030585,0.87688613,0
-1.0087047,-2.0867677,-4.0052748,0.23326789,0.42030585,-0.87688613,0
-0.39392161,3.9891529,-1.0037029,-0.80032009,0.59518772,0.072383195,0
-2.2342355,1.5899417,-2.3918233,-0.80032009,0.59518772,0.072383195,0
2.6692429,3.1919911,-0.82347965,0.23326789,0.42030585,-0.87688613,0
-0.79382366,2.7961555,2.5983171,-0.80032009,0.59518772,0.072383195,0
-4.6339355,-2.4641633,0.53052664,-0.23326789,-0.42030585,0.87688613,0
-3.1531088,0.23044991,-0.83251297,-0.80032009,0.59518772,0.072383195,0
3.3280897,2.4692333,3.4422691,0.5523349,0.68490493,0.47521734,0
-0.86662316,0.38101411,-2.7202027,0.23326789,0.42030585,-0.87688613,0
-2.8690252,-3.0942802,-2.613276,-0.5523349,-0.68490493,-0.47521734,0
4.4759445,2.6364279,1.8644309,0.5523349,0.68490493,0.47521734,0
-0.58388424,-1.6505976,2.0644338,-0.23326789,-0.42030585,0.87688613,0
3.7270212,1.2926812,3.9613607,0.5523349,0.68490493,0.47521734,0
2.6413836,1.9599357,-1.3878515,0.23326789,0.42030585,-0.87688613,0
-0.020741761,0.17156672,-2.9217267,0.23326789,0.42030585,-0.87688613,0
-1.9247367,0.68234825,2.8507307,-0.23326789,-0.42030585,0.87688613,0
-2.731544,0.45645785,-1.303653,-0.80032009,0.59518772,0.072383195,0
2.3327971,3.7177563,2.0899715,0.5523349,0.68490493,0.47521734,0
-3.1974516,0.060658544,0.2497772,-0.80032009,0.59518772,0.072383195,0
-0.99148345,1.6519988,3.4137549,-0.23326789,-0.42030585,0.87688613,0
-1.4713472,-0.95712185,2.0361001,-0.23326789,-0.42030585,0.87688613,0
-0.76477098,-4.3558264,0.65203476,-0.23326789,-0.42030585,0.87688613,0
0.68394053,-3.4801474,0.21319032,0.80032009,-0.59518772,-0.072383195,0
2.2449496,-1.2220342,1.2242684,0.80032009,-0.59518772,-0.072383195,0
-2.406718,1.1986982,-1.2519808,-0.80032009,0.59518772,0.072383195,0
1.0948435,-2.8151736,1.3386985,0.80032009,-0.59518772,-0.072383195,0
0.99714053,5.298789,1.1054249,-0.80032009,0.59518772,0.072383195,0
-3.2670441,-2.8483295,-2.4187908,-0.5523349,-0.68490493,-0.47521734,0
-1.8518181,-5.0190558,-0.2193675,-0.23326789,-0.42030585,0.87688613,0
4.3947191,1.430518,0.29874802,0.80032009,-0.59518772,-0.072383195,0
-1.5731068,1.9563084,0.27916801,-0.80032009,0.59518772,0.072383195,0
3.3637624,2.5966775,2.7761536,0.5523349,0.68490493,0.47521734,0
-4.1504898,-3.6363795,-0.073453903,-0.5523349,-0.68490493,-0.47521734,0
-3.27122,-2.7538035,0.46279621,-0.23326789,-0.42030585,0.87688613,0
-0.069775462,4.1966133,0.72074795,-0.80032009,0.59518772,0.072383195,0
3.9401109,1.2957884,0.25483656,0.80032009,-0.59518772,-0.072383195,0
0.25685549,-0.4998858,-3.0286746,0.23326789,0.42030585,-0.87688613,0
-4.2390146,-1.5775752,-3.1399705,-0.5523349,-0.68490493,-0.47521734,0
-0.4532432,0.59263611,-2.6284657,0.23326789,0.42030585,-0.87688613,0
3.2234635,1.7305851,4.5868902,0.5523349,0.68490493,0.47521734,0
-1.7882105,-3.6876609,-2.8951516,-0.5523349,-0.68490493,-0.47521734,0
-2.9077983,-3.5622616,0.46181774,-0.23326789,-0.42030585,0.87688613,0
3.2252727,3.4065197,1.8815885,0.5523349,0.68490493,0.47521734,0
-3.6282601,-0.48524117,-2.6201828,-0.80032009,0.59518772,0.072383195,0
-2.2539482,-2.7462153,-3.6592836,-0.5523349,-0.68490493,-0.47521734,0
4.0635886,1.345747,3.7186637,0.5523349,0.68490493,0.47521734,0
-2.380599,-2.8300171,-3.9465263,-0.5523349,-0.68490493,-0.47521734,0
-2.8210797,-3.0745053,-3.0201001,-0.5523349,-0.68490493,-0.47521734,0
-4.1879892,-3.7928104,-0.49566031,-0.5523349,-0.68490493,-0.47521734,0
-3.1709309,-2.9699924,-2.7546253,-0.5523349,-0.68490493,-0.47521734,0
1.6567937,-1.867543,-2.1884875,0.80032009,-0.59518772,-0.072383195,0
-3.1170959,0.18339634,-3.382659,0.23326789,0.42030585,-0.87688613,0
0.14276294,1.5301352,3.8403258,-0.23326789,-0.42030585,0.87688613,0
-4.4654355,-3.0206356,-1.2161674,-0.5523349,-0.68490493,-0.47521734,0
-0.36515296,3.219728,2.8720124,-0.80032009,0.59518772,0.072383195,0
1.5665011,2.6963544,4.3952332,-0.23326789,-0.42030585,0.87688613,0
-2.1551604,-2.5146723,-4.7850733,-0.5523349,-0.68490493,-0.47521734,0
-0.43217075,3.6903322,1.0384822,-0.80032009,0.59518772,0.072383195,0
3.4079196,3.367456,1.6291842,0.5523349,0.68490493,0.47521734,0
-0.27697936,0.38845539,2.7762287,-0.23326789,-0.42030585,0.87688613,0
3.1297321,3.9603553,1.2819033,0.5523349,0.68490493,0.47521734,0
-4.8815565,-2.6110411,0.20284748,-0.23326789,-0.42030585,0.87688613,0
0.16410363,2.3130336,-1.7029088,0.23326789,0.42030585,-0.87688613,0
1.0848844,4.1889458,-0.52279902,0.23326789,0.42030585,-0.87688613,0
1.0246763,-3.1247849,0.19400167,0.80032009,-0.59518772,-0.072383195,0
2.4510746,4.1777592,1.3226423,0.5523349,0.68490493,0.47521734,0
3.0834706,1.8948493,4.4364309,0.5523349,0.68490493,0.47521734,0
1.1890732,4.7883406,2.6573019,0.5523349,0.68490493,0.47521734,0
4.4429283,1.898397,-0.64289522,0.80032009,-0.59518772,-0.072383195,0
1.8219813,-1.6724195,0.30626678,0.80032009,-0.59518772,-0.072383195,0
-0.35054159,-4.1288333,-3.4711351,0.80032009,-0.59518772,-0.072383195,0
-2.0209908,-3.1013918,-3.3978267,-0.5523349,-0.68490493,-0.47521734,0
1.8613496,4.8137913,1.2839561,0.5523349,0.68490493,0.47521734,0
-3.598474,-1.3319293,1.2698941,-0.23326789,-0.42030585,0.87688613,0
-1.0892406,2.95663,-0.43846035,-0.80032009,0.59518772,0.072383195,0
3.6761768,3.6902194,0.99747133,0.5523349,0.68490493,0.47521734,0
1.6076019,5.1525955,-0.048799515,0.23326789,0.42030585,-0.87688613,0
-1.6098583,-3.3811135,-4.180378,-0.5523349,-0.68490493,-0.47521734,0
2.6451936,4.0737615,-0.19593382,0.23326789,0.42030585,-0.87688613,0
-3.5525432,-0.22601509,-2.4553742,-0.80032009,0.59518772,0.072383195,0
-3.8709903,-4.1732111,-0.35881615,-0.5523349,-0.68490493,-0.47521734,0
4.5594058,1.373261,2.2059216,0.80032009,-0.59518772,-0.072383195,0
-0.55469215,-3.7438798,-4.5494685,-0.5523349,-0.68490493,-0.47521734,0
0.50850952,4.9434028,1.967936,-0.80032009,0.59518772,0.072383195,0
0.1815995,-3.8935313,-0.51735353,0.80032009,-0.59518772,-0.072383195,0
2.4779406,2.8169899,3.2352357,0.5523349,0.68490493,0.47521734,0
-1.3526884,-4.5978508,-2.4591594,-0.5523349,-0.68490493,-0.47521734,0
1.5099922,-2.0151918,0.3255496,0.80032009,-0.59518772,-0.072383195,0
-2.4674685,-4.3720803,-1.2980523,-0.5523349,-0.68490493,-0.47521734,0
3.7894084,1.0349044,0.75239277,0.80032009,-0.59518772,-0.072383195,0
-2.4665101,-4.8409023,-0.93223524,-0.5523349,-0.68490493,-0.47521734,0
-1.7525164,-1.6234572,1.4853506,-0.23326789,-0.42030585,0.87688613,0
3.0098481,4.4443712,0.45261383,0.5523349,0.68490493,0.47521734,0
2.7194188,3.8512025,1.399848,0.5523349,0.68490493,0.47521734,0
-2.0207255,-3.388561,-3.0111117,-0.5523349,-0.68490493,-0.47521734,0
-3.7951751,-0.6669457,-2.9204557,-0.80032009,0.59518772,0.072383195,0
-1.9945298,-1.1374488,-3.7273774,0.23326789,0.42030585,-0.87688613,0
1.3193665,4.424881,2.8810215,0.5523349,0.68490493,0.47521734,0
-1.0688633,-5.2411327,-2.0359187,-0.5523349,-0.68490493,-0.47521734,0
-1.3117033,2.3531332,-1.5859053,-0.80032009,0.59518772,0.072383195,0
-1.791548,1.5549667,-0.68263954,-0.80032009,0.59518772,0.072383195,0
-0.76553118,3.0909431,1.4971201,-0.80032009,0.59518772,0.072383195,0
0.032457709,3.2259073,-1.1763065,0.23326789,0.42030585,-0.87688613,0
0.38388681,4.5515184,-0.25456762,-0.80032009,0.59518772,0.072383195,0
1.6216131,4.7865939,-0.29288721,0.23326789,0.42030585,-0.87688613,0
-3.0578947,-1.4580131,-4.4872828,-0.5523349,-0.68490493,-0.47521734,0
-0.40648586,-1.7838768,1.6618149,-0.23326789,-0.42030585,0.87688613,0
2.8666151,3.7910938,2.0080328,0.5523349,0.68490493,0.47521734,0
2.6006961,2.6055708,-0.93473029,0.23326789,0.42030585,-0.87688613,0
-3.8520784,-1.1462803,-4.1409702,-0.5523349,-0.68490493,-0.47521734,0
0.73375762,-1.1779268,2.5459087,-0.23326789,-0.42030585,0.87688613,0
2.8884606,4.1355467,1.4020238,0.5523349,0.68490493,0.47521734,0
-1.7649852,-4.7189193,-1.419663,-0.5523349,-0.68490493,-0.47521734,0
-3.7618284,-0.53520823,-2.2372723,-0.80032009,0.59518772,0.072383195,0
0.84042031,1.7181801,-1.7447335,0.23326789,0.42030585,-0.87688613,0
1.2719638,2.2238426,-1.5727717,0.23326789,0.42030585,-0.87688613,0
-1.1160593,2.6615744,-1.4613112,-0.80032009,0.59518772,0.072383195,0
-3.3282998,-0.11291504,-3.0900207,-0.80032009,0.59518772,0.072383195,0
-2.573375,0.5746969,-0.74169266,-0.80032009,0.59518772,0.072383195,0
2.4491119,-0.73620129,-1.941937,0.80032009,-0.59518772,-0.072383195,0
4.5860038,1.6033366,2.6281688,0.5523349,0.68490493,0.47521734,0
-3.2244673,-4.0879574,-0.77223349,-0.5523349,-0.68490493,-0.47521734,0
-1.8664143,1.41688,-0.40178069,-0.80032009,0.59518772,0.072383195,0
2.3023374,4.7466145,0.61008167,0.5523349,0.68490493,0.47521734,0
2.5102229,4.7463169,0.73714828,0.5523349,0.68490493,0.47521734,0
1.3988335,4.2954392,2.7254577,0.5523349,0.68490493,0.47521734,0
-1.9735937,-2.3355987,-4.4423132,0.23326789,0.42030585,-0.87688613,0
0.24406691,-1.5752041,-3.4356337,0.23326789,0.42030585,-0.87688613,0
1.2294101,5.2962198,1.5672722,0.5523349,0.68490493,0.47521734,0
4.5542674,1.4536135,3.0352395,0.5523349,0.68490493,0.47521734,0
-3.3093722,-0.10844517,-2.618639,-0.80032009,0.59518772,0.072383195,0
2.5371799,3.476131,-0.53216076,0.23326789,0.42030585,-0.87688613,0
1.5419098,0.38755035,-2.2252045,0.23326789,0.42030585,-0.87688613,0
1.4452051,5.143857,1.6360607,0.5523349,0.68490493,0.47521734,0
-0.47894883,3.4333858,0.67142081,-0.80032009,0.59518772,0.072383195,0
-3.7930119,-3.9663005,-0.35095501,-0.5523349,-0.68490493,-0.47521734,0
1.6516036,2.8824842,4.5157681,0.5523349,0.68490493,0.47521734,0
-4.1383247,-1.4952745,-3.7538714,-0.5523349,-0.68490493,-0.47521734,0
-1.7684146,-3.7414756,0.42655611,-0.23326789,-0.42030585,0.87688613,0
-4.0901132,-0.4899168,-4.0617542,-0.80032009,0.59518772,0.072383195,0
-1.6344373,1.5824878,1.8749461,-0.80032009,0.59518772,0.072383195,0
-3.6910005,-3.5547128,-1.0104375,-0.5523349,-0.68490493,-0.47521734,0
1.848768,-1.9745103,0.55135351,0.80032009,-0.59518772,-0.072383195,0
-1.0914911,-4.8579407,-2.4082823,-0.5523349,-0.68490493,-0.47521734,0
-3.7503643,-3.135149,-1.4547448,-0.5523349,-0.68490493,-0.47521734,0
1.5587015,5.5123549,0.53998947,0.5523349,0.68490493,0.47521734,0
1.7605648,5.383666,0.90288925,0.5523349,0.68490493,0.47521734,0
-0.14945227,-3.3267503,-4.3854737,0.23326789,0.42030585,-0.87688613,0
1.8734933,4.026794,2.9133382,0.5523349,0.68490493,0.47521734,0
3.0309606,3.7303352,1.5296974,0.5523349,0.68490493,0.47521734,0
-3.0270724,0.1584996,-1.1308255,-0.80032009,0.59518772,0.072383195,0
-3.1157331,-0.0075413585,-0.22716475,-0.80032009,0.59518772,0.072383195,0
-0.28511167,-4.4296889,-2.8461027,0.80032009,-0.59518772,-0.072383195,0
0.11623931,-4.0201674,-2.9086709,0.80032009,-0.59518772,-0.072383195,0
-0.35535842,-3.7633274,-4.6575384,-0.5523349,-0.68490493,-0.47521734,0
-0.59964013,-5.1380935,0.071784496,0.80032009,-0.59518772,-0.072383195,0
1.3739603,5.0837326,1.5423675,0.5523349,0.68490493,0.47521734,0
-0.19128096,-4.4513435,-2.4714079,0.80032009,-0.59518772,-0.072383195,0
3.8255477,3.6144228,0.89005041,0.5523349,0.68490493,0.47521734,0
1.9216928,-1.407795,0.82056969,0.80032009,-0.59518772,-0.072383195,0
1.2226486,-2.0962038,-3.1467381,0.80032009,-0.59518772,-0.072383195,0
0.87101042,5.1873207,2.4256554,0.5523349,0.68490493,0.47521734,0
-2.5636911,0.2807405,2.3010001,-0.80032009,0.59518772,0.072383195,0
1.2534125,1.6579709,-1.9411783,0.23326789,0.42030585,-0.87688613,0
-3.0503931,0.39884377,-3.4786901,-0.80032009,0.59518772,0.072383195,0
-0.55668557,-4.53689,-1.6359386,0.80032009,-0.59518772,-0.072383195,0
-3.2631526,-0.67962527,1.5625143,-0.80032009,0.59518772,0.072383195,0
1.2749304,4.1520958,3.0582685,0.5523349,0.68490493,0.47521734,0
4.827755,1.8771778,2.4678693,0.80032009,-0.59518772,-0.072383195,0
2.2672937,1.8610973,4.2363129,-0.23326789,-0.42030585,0.87688613,0
-2.3059268,-4.5842447,-1.3904057,-0.5523349,-0.68490493,-0.47521734,0
-0.76522839,-0.15565634,-3.1828375,0.23326789,0.42030585,-0.87688613,0
4.2430763,1.150768,1.0729365,0.80032009,-0.59518772,-0.072383195,0
-4.5463643,-2.4400063,-1.3014283,-0.5523349,-0.68490493,-0.47521734,0
0.16932696,0.45721507,-2.7849364,0.23326789,0.42030585,-0.87688613,0
-2.3260498,1.2257392,-0.025333762,-0.80032009,0.59518772,0.072383195,0
-0.2895357,-2.2708199,-4.0674858,0.23326789,0.42030585,-0.87688613,0
3.2379293,2.7278049,2.8490648,0.5523349,0.68490493,0.47521734,0
3.9423738,2.5058935,2.4688253,0.5523349,0.68490493,0.47521734,0
-3.4484587,-4.2390471,-0.75499105,-0.5523349,-0.68490493,-0.47521734,0
2.841507,3.7531576,2.0658798,0.5523349,0.68490493,0.47521734,0
-0.67498219,-5.1544476,-1.4850898,0.80032009,-0.59518772,-0.072383195,0
-1.196254,-5.928597,-0.21530724,0.80032009,-0.59518772,-0.072383195,0
3.8676095,3.4985461,1.0947948,0.5523349,0.68490493,0.47521734,0
-0.24820459,-2.5075731,-3.9289725,0.23326789,0.42030585,-0.87688613,0
2.9388237,-0.4191637,2.764158,0.80032009,-0.59518772,-0.072383195,0
-2.9965305,0.40374696,-1.4479415,-0.80032009,0.59518772,0.072383195,0
2.5289075,4.8016243,0.36099625,0.5523349,0.68490493,0.47521734,0
2.0859513,-1.1837094,-1.42071,0.80032009,-0.59518772,-0.072383195,0
-4.4202833,-2.1260154,-2.2713757,-0.5523349,-0.68490493,-0.47521734,0
2.5455215,-1.1626458,2.0373271,0.80032009,-0.59518772,-0.072383195,0
1.7702533,1.3331637,4.1821928,-0.23326789,-0.42030585,0.87688613,0
-1.9058868,-4.5488625,-1.8882799,-0.5523349,-0.68490493,-0.47521734,0
-1.7156341,-4.4343677,0.11179781,-0.23326789,-0.42030585,0.87688613,0
-1.2121426,-5.3758845,0.014202118,-0.23326789,-0.42030585,0.87688613,0
-4.1158295,-1.8646731,0.99502826,-0.23326789,-0.42030585,0.87688613,0
2.1954238,-1.5202731,0.073485792,0.80032009,-0.59518772,-0.072383195,0
3.6916897,0.42803055,0.75731683,0.80032009,-0.59518772,-0.072383195,0
0.90763503,1.3638256,-1.955564,0.23326789,0.42030585,-0.87688613,0
-2.083986,1.7698684,-1.264213,-0.80032009,0.59518772,0.072383195,0
0.70420766,3.5248041,-1.1081092,0.23326789,0.42030585,-0.87688613,0
0.765131,-3.0624566,1.7555799,-0.23326789,-0.42030585,0.87688613,0
-4.7408762,-3.2902014,0.11604929,-0.5523349,-0.68490493,-0.47521734,0
-2.9559822,-3.3610642,-1.8727217,-0.5523349,-0.68490493,-0.47521734,0
-0.5291518,3.6718559,-0.48278284,-0.80032009,0.59518772,0.072383195,0
-3.1879349,-3.8429036,0.075721264,-0.23326789,-0.42030585,0.87688613,0
1.760654,5.4941306,0.97334671,0.5523349,0.68490493,0.47521734,0
2.1126571,5.3846464,0.68052197,0.5523349,0.68490493,0.47521734,0
4.0123715,2.3070571,2.5969195,0.5523349,0.68490493,0.47521734,0
-1.8615649,-4.3621426,-2.4000072,-0.5523349,-0.68490493,-0.47521734,0
1.8698878,2.1262028,-1.3977025,0.23326789,0.42030585,-0.87688613,0
1.671778,3.622735,3.6588726,0.5523349,0.68490493,0.47521734,0
-1.2354641,2.5796261,2.1899884,-0.80032009,0.59518772,0.072383195,0
2.9712329,2.3548808,-1.0339212,0.23326789,0.42030585,-0.87688613,0
-1.6977727,-5.7776985,-0.61388302,-0.5523349,-0.68490493,-0.47521734,0
1.884825,-1.8540598,-0.28438187,0.80032009,-0.59518772,-0.072383195,0
4.3980274,2.0041299,-0.52114582,0.23326789,0.42030585,-0.87688613,0
-1.2437353,-4.7169151,-2.0611897,-0.5523349,-0.68490493,-0.47521734,0
-3.7924266,-0.45493937,-4.0062513,0.23326789,0.42030585,-0.87688613,0
3.9338605,3.4703584,0.54690218,0.5523349,0.68490493,0.47521734,0
-2.4622853,0.41182184,1.6961148,-0.80032009,0.59518772,0.072383195,0
-1.8469659,0.55397272,-3.1455405,0.23326789,0.42030585,-0.87688613,0
0.00094008446,-1.7104883,1.9496607,-0.23326789,-0.42030585,0.87688613,0
2.3726094,-0.95123553,-0.53737497,0.80032009,-0.59518772,-0.072383195,0
-2.6403985,-0.22688675,-3.6419649,0.23326789,0.42030585,-0.87688613,0
4.6325712,2.7573032,-0.14619923,0.23326789,0.42030585,-0.87688613,0
-4.1868219,-1.4755845,-1.1394835,-0.80032009,0.59518772,0.072383195,0
-3.6064939,-3.4965506,0.27224445,-0.23326789,-0.42030585,0.87688613,0
-2.3274455,-1.0119646,1.8386427,-0.23326789,-0.42030585,0.87688613,0
2.6438808,3.6976445,1.7537694,0.5523349,0.68490493,0.47521734,0
0.68320709,3.8172245,4.0643544,0.5523349,0.68490493,0.47521734,0
1.8640183,2.0850172,-1.4346931,0.23326789,0.42030585,-0.87688613,0
3.6048446,2.5670011,-0.5739336,0.23326789,0.42030585,-0.87688613,0
-4.0325828,-0.97286177,-3.668447,-0.80032009,0.59518772,0.072383195,0
3.5296457,0.37934494,4.115334,-0.23326789,-0.42030585,0.87688613,0
0.55829406,-2.3116748,2.0956557,-0.23326789,-0.42030585,0.87688613,0
-1.8363473,-4.4155631,-2.3366055,-0.5523349,-0.68490493,-0.47521734,0
-2.9280529,-3.5511913,-1.8410354,-0.5523349,-0.68490493,-0.47521734,0
1.6865807,1.4069257,-1.7802464,0.23326789,0.42030585,-0.87688613,0
-2.692251,-2.8957944,-2.9169183,-0.5523349,-0.68490493,-0.47521734,0
-4.5396791,-1.5592561,-3.2934542,-0.80032009,0.59518772,0.072383195,0
-3.2822213,0.17046118,-1.0632002,-0.80032009,0.59518772,0.072383195,0
-0.87280142,-3.593766,1.1189747,-0.23326789,-0.42030585,0.87688613,0
-0.046460629,-4.2515168,0.87828493,0.80032009,-0.59518772,-0.072383195,0
2.6690075,3.2951117,2.6895313,0.5523349,0.68490493,0.47521734,0
1.6084793,3.5820837,3.7019048,0.5523349,0.68490493,0.47521734,0
-2.8585167,0.23682725,-0.80768311,-0.80032009,0.59518772,0.072383195,0
