-0.25612879,1.2482107,-3.0531564,-0.8395654,0.11741281,-0.53041875,0
3.8182111,0.59173167,-3.7922039,0.52590632,-0.069139943,-0.84772754,0
-2.6461954,0.34270549,4.0220275,-0.52590632,0.069139943,0.84772754,0
-2.1489165,-4.2990937,3.6467052,-0.13620734,-0.99067342,-0.0037006438,0
1.3850203,4.5447626,-5.1794596,0.13620734,0.99067342,0.0037006438,0
1.259038,-4.7827334,-0.36251688,-0.13620734,-0.99067342,-0.0037006438,0
0.088137507,-0.1724031,-3.7909334,-0.8395654,0.11741281,-0.53041875,0
-3.6478095,1.8413858,2.2223029,-0.8395654,0.11741281,-0.53041875,0
1.9557362,2.5505812,1.0102892,0.8395654,-0.11741281,0.53041875,0
1.1197734,-4.8948412,1.1028681,-0.13620734,-0.99067342,-0.0037006438,0
-2.2245886,0.3758688,4.4115648,-0.52590632,0.069139943,0.84772754,0
-3.556164,1.1036823,1.7577586,-0.8395654,0.11741281,-0.53041875,0
-2.7205215,0.11560094,4.0911937,-0.52590632,0.069139943,0.84772754,0
-3.0315623,-2.5278697,4.1197906,-0.52590632,0.069139943,0.84772754,0
-2.4342697,-2.6835051,4.5516748,-0.52590632,0.069139943,0.84772754,0
-0.46011901,-2.5493948,4.1985321,0.8395654,-0.11741281,0.53041875,0
2.8969734,1.5232435,-4.2514133,0.52590632,-0.069139943,-0.84772754,0
-0.47780323,1.1211314,5.1479321,0.8395654,-0.11741281,0.53041875,0
-0.98787951,-4.4534674,-0.98163593,-0.13620734,-0.99067342,-0.0037006438,0
-0.065608144,-2.2838941,-3.8220463,-0.8395654,0.11741281,-0.53041875,0
-1.6064487,4.7677965,2.5228872,0.13620734,0.99067342,0.0037006438,0
4.0614429,4.1581702,-3.5297954,0.52590632,-0.069139943,-0.84772754,0
-0.47110316,-0.65717244,-3.1453316,-0.8395654,0.11741281,-0.53041875,0
4.2246547,-1.6100551,-3.0777326,0.8395654,-0.11741281,0.53041875,0
-2.8618712,3.3984931,1.6258588,-0.8395654,0.11741281,-0.53041875,0
-1.9103707,-3.7921808,-1.5097489,-0.8395654,0.11741281,-0.53041875,0
-1.9128828,-3.3108692,4.9026752,-0.52590632,0.069139943,0.84772754,0
1.3523083,1.2514243,-5.2157121,0.52590632,-0.069139943,-0.84772754,0
2.4112306,4.2323923,-4.860796,0.13620734,0.99067342,0.0037006438,0
3.6533573,3.5849109,-3.8120947,0.52590632,-0.069139943,-0.84772754,0
-2.0557933,4.3506727,0.17783666,-0.8395654,0.11741281,-0.53041875,0
-4.5589614,-0.68697131,3.3115501,-0.52590632,0.069139943,0.84772754,0
1.6050692,4.4968953,-2.538435,0.13620734,0.99067342,0.0037006438,0
1.8968033,1.8813095,-5.083642,0.52590632,-0.069139943,-0.84772754,0
0.6587956,2.0666769,-4.4337277,-0.8395654,0.11741281,-0.53041875,0
3.402658,-2.8080592,-3.7607598,0.52590632,-0.069139943,-0.84772754,0
-2.931777,3.9836659,3.6906071,-0.52590632,0.069139943,0.84772754,0
-3.687403,3.9358695,3.4154334,-0.52590632,0.069139943,0.84772754,0
1.3011253,-4.718257,-4.1643543,-0.13620734,-0.99067342,-0.0037006438,0
0.18025923,-4.633604,-4.4382892,-0.13620734,-0.99067342,-0.0037006438,0
1.6371968,-2.9349489,0.65773153,0.8395654,-0.11741281,0.53041875,0
-3.0372641,4.8053279,2.7766843,0.13620734,0.99067342,0.0037006438,0
-3.2561562,5.1049776,2.9072208,0.13620734,0.99067342,0.0037006438,0
-3.5864451,1.493175,1.9361806,-0.8395654,0.11741281,-0.53041875,0
-2.4550853,-4.361413,3.2500527,-0.13620734,-0.99067342,-0.0037006438,0
2.6451857,3.4050093,-4.3080463,0.52590632,-0.069139943,-0.84772754,0
-0.69684029,4.5434098,3.7755365,0.13620734,0.99067342,0.0037006438,0
1.890317,4.2790256,-1.2856858,0.13620734,0.99067342,0.0037006438,0
2.6740079,-0.69653702,-0.6345768,0.8395654,-0.11741281,0.53041875,0
-2.446629,2.1309261,0.82637,-0.8395654,0.11741281,-0.53041875,0
0.85360628,-2.0735846,-5.3834324,0.52590632,-0.069139943,-0.84772754,0
-2.2366366,0.55875456,4.5081444,-0.52590632,0.069139943,0.84772754,0
0.82715988,-2.0008807,-5.1922483,0.52590632,-0.069139943,-0.84772754,0
3.2580009,-4.3445435,-2.3129396,0.8395654,-0.11741281,0.53041875,0
-4.3979311,-3.7878737,2.4538705,-0.8395654,0.11741281,-0.53041875,0
1.5572815,-0.9466666,-4.8692851,0.52590632,-0.069139943,-0.84772754,0
-3.4895046,2.0195043,2.535995,-0.8395654,0.11741281,-0.53041875,0
0.56391466,2.9003723,3.4540603,0.8395654,-0.11741281,0.53041875,0
-4.5416698,-3.8066165,2.8507533,-0.13620734,-0.99067342,-0.0037006438,0
1.2155626,4.2773986,-0.77152258,0.13620734,0.99067342,0.0037006438,0
3.1722856,-1.1338912,-3.6971431,0.52590632,-0.069139943,-0.84772754,0
3.9894741,-0.75522435,-3.5216422,0.52590632,-0.069139943,-0.84772754,0
2.9645104,3.3896585,-0.24740934,0.8395654,-0.11741281,0.53041875,0
-2.1545491,4.6588573,2.6243629,0.13620734,0.99067342,0.0037006438,0
1.3217003,-4.7959337,-4.7822695,-0.13620734,-0.99067342,-0.0037006438,0
-2.5877256,1.9308829,0.41233373,-0.8395654,0.11741281,-0.53041875,0
0.37883997,3.8686686,-3.2101398,-0.8395654,0.11741281,-0.53041875,0
0.61310363,2.5355418,3.6251295,0.8395654,-0.11741281,0.53041875,0
4.4760623,2.7066283,-3.1072683,0.52590632,-0.069139943,-0.84772754,0
0.1261642,4.5166516,2.1173551,0.13620734,0.99067342,0.0037006438,0
1.6726472,-0.74552798,1.0454953,0.8395654,-0.11741281,0.53041875,0
-3.3520405,-3.9708476,4.1925044,-0.52590632,0.069139943,0.84772754,0
-4.0835032,-0.50065577,3.6317945,-0.52590632,0.069139943,0.84772754,0
-1.8688469,-3.7276897,4.866765,-0.52590632,0.069139943,0.84772754,0
0.65507936,4.2786636,0.018972516,0.13620734,0.99067342,0.0037006438,0
3.6274595,-0.97273767,-3.5532627,0.52590632,-0.069139943,-0.84772754,0
2.0442166,-2.9807069,-4.5027199,0.52590632,-0.069139943,-0.84772754,0
-2.7044096,5.1055331,2.2377992,0.13620734,0.99067342,0.0037006438,0
1.7520095,-2.2750933,-4.5897975,0.52590632,-0.069139943,-0.84772754,0
4.676496,2.2554579,-2.9639397,0.52590632,-0.069139943,-0.84772754,0
2.8727531,2.2092097,-4.3714247,0.52590632,-0.069139943,-0.84772754,0
3.2030294,-3.9958696,-2.1559143,0.8395654,-0.11741281,0.53041875,0
1.3056333,-4.7489152,-4.2792912,-0.13620734,-0.99067342,-0.0037006438,0
0.63238764,4.292881,-1.1839354,0.13620734,0.99067342,0.0037006438,0
-2.4343438,-3.40137,-0.75259238,-0.8395654,0.11741281,-0.53041875,0
-4.0360317,-3.1779685,2.0523849,-0.8395654,0.11741281,-0.53041875,0
0.94770956,4.4279094,0.959342,0.13620734,0.99067342,0.0037006438,0
0.8556245,-0.30971837,2.6327519,0.8395654,-0.11741281,0.53041875,0
-4.0355463,1.3178072,3.364655,-0.52590632,0.069139943,0.84772754,0
-0.70293999,4.6157179,-0.06940794,0.13620734,0.99067342,0.0037006438,0
1.8617587,4.4827032,-4.2924156,0.13620734,0.99067342,0.0037006438,0
2.6026437,3.593998,-4.606636,0.52590632,-0.069139943,-0.84772754,0
-3.6107514,4.3008661,3.1063132,-0.52590632,0.069139943,0.84772754,0
-2.1650405,-4.1733441,-1.0791466,-0.13620734,-0.99067342,-0.0037006438,0
-1.6964221,-4.3418221,0.83637702,-0.13620734,-0.99067342,-0.0037006438,0
-1.4095674,-4.4899035,2.0077987,-0.13620734,-0.99067342,-0.0037006438,0
1.8578025,2.3348656,1.3327891,0.8395654,-0.11741281,0.53041875,0
3.0376923,-3.8004262,-3.5253038,0.52590632,-0.069139943,-0.84772754,0
-1.8157516,-4.4393024,3.2369723,-0.13620734,-0.99067342,-0.0037006438,0
0.34187353,-1.1864311,-4.356905,-0.8395654,0.11741281,-0.53041875,0
-3.9965096,-3.888206,3.582695,-0.52590632,0.069139943,0.84772754,0
3.3998623,3.7133076,-3.9073286,0.52590632,-0.069139943,-0.84772754,0
0.017632246,4.6639957,2.9675012,0.13620734,0.99067342,0.0037006438,0
0.5892415,-4.7600551,-4.908905,-0.13620734,-0.99067342,-0.0037006438,0
-0.41638279,1.573056,-2.8270178,-0.8395654,0.11741281,-0.53041875,0
-1.8704913,-2.1266029,-1.3983808,-0.8395654,0.11741281,-0.53041875,0
-1.4276326,4.6996665,4.4925218,-0.52590632,0.069139943,0.84772754,0
1.4527807,-4.1744742,0.85387111,0.8395654,-0.11741281,0.53041875,0
-0.97909021,-4.393362,3.6807923,-0.13620734,-0.99067342,-0.0037006438,0
-3.5503781,1.7213213,1.9818373,-0.8395654,0.11741281,-0.53041875,0
-0.25419235,-0.86500812,-3.2610228,-0.8395654,0.11741281,-0.53041875,0
0.76378429,-2.7695274,-5.0415115,0.52590632,-0.069139943,-0.84772754,0
1.3726943,-2.5378735,-4.6727724,0.52590632,-0.069139943,-0.84772754,0
-4.5534906,-2.8210971,2.952867,-0.8395654,0.11741281,-0.53041875,0
-0.96585643,0.94771838,-2.240396,-0.8395654,0.11741281,-0.53041875,0
-1.4997365,4.7570925,2.5958834,0.13620734,0.99067342,0.0037006438,0
-2.1465065,-4.1398458,1.3165607,-0.13620734,-0.99067342,-0.0037006438,0
-2.1340513,-1.8199461,4.8356748,-0.52590632,0.069139943,0.84772754,0
0.57927394,-3.4080384,2.2928839,0.8395654,-0.11741281,0.53041875,0
-1.7031524,3.4834795,4.3740454,-0.52590632,0.069139943,0.84772754,0
-1.0599155,-4.2345304,3.007853,-0.13620734,-0.99067342,-0.0037006438,0
-2.7760308,-3.9529467,4.2664285,-0.52590632,0.069139943,0.84772754,0
2.4366951,2.0250509,-4.7731633,0.52590632,-0.069139943,-0.84772754,0
-3.3197982,-4.2317524,2.6995873,-0.13620734,-0.99067342,-0.0037006438,0
0.16945124,4.2113347,-2.8048005,-0.8395654,0.11741281,-0.53041875,0
2.34232,0.7928257,0.29432523,0.8395654,-0.11741281,0.53041875,0
1.0943485,0.75234032,-5.0350523,-0.8395654,0.11741281,-0.53041875,0
2.8713679,1.2452817,-4.2078242,0.52590632,-0.069139943,-0.84772754,0
2.245923,-4.8895597,-1.1116805,0.8395654,-0.11741281,0.53041875,0
-3.4883585,-0.33487403,3.8958282,-0.52590632,0.069139943,0.84772754,0
-2.1198106,-3.7652235,4.921524,-0.52590632,0.069139943,0.84772754,0
0.75930876,-1.6098294,-5.4925919,0.52590632,-0.069139943,-0.84772754,0
-0.38272572,3.5153341,-2.0468948,-0.8395654,0.11741281,-0.53041875,0
0.53010416,4.3023467,-3.9433894,-0.8395654,0.11741281,-0.53041875,0
-2.087666,-4.383522,-0.20354664,-0.13620734,-0.99067342,-0.0037006438,0
3.4381037,-2.185925,-3.7686205,0.52590632,-0.069139943,-0.84772754,0
-3.5390892,-0.71696949,1.5319929,-0.8395654,0.11741281,-0.53041875,0
-3.8985901,-4.1180902,1.708533,-0.13620734,-0.99067342,-0.0037006438,0
-4.2031817,-3.21737,2.2173414,-0.8395654,0.11741281,-0.53041875,0
-2.4629874,-0.35826886,0.13082767,-0.8395654,0.11741281,-0.53041875,0
2.1795249,-4.6184096,-4.3631344,0.52590632,-0.069139943,-0.84772754,0
-2.7566674,4.6382909,3.770309,-0.52590632,0.069139943,0.84772754,0
-0.56872392,-4.4636569,-1.7439206,-0.13620734,-0.99067342,-0.0037006438,0
-1.5907798,4.8466182,4.3415728,0.13620734,0.99067342,0.0037006438,0
1.0812877,-0.32450914,-5.2536345,0.52590632,-0.069139943,-0.84772754,0
3.7973621,3.6960893,-4.0214233,0.52590632,-0.069139943,-0.84772754,0
3.9848619,1.0260872,-3.5003333,0.52590632,-0.069139943,-0.84772754,0
4.0022249,3.6746128,-3.6094675,0.52590632,-0.069139943,-0.84772754,0
-0.14711666,-3.8211017,-4.1359382,-0.8395654,0.11741281,-0.53041875,0
3.6535621,3.8712878,-2.7097843,0.13620734,0.99067342,0.0037006438,0
3.4058349,1.9990985,-0.87140203,0.8395654,-0.11741281,0.53041875,0
-0.12657595,-4.337276,2.3868659,-0.13620734,-0.99067342,-0.0037006438,0
-1.5989158,-3.2024517,5.2226052,-0.52590632,0.069139943,0.84772754,0
-2.3676949,-3.1219816,-0.63440061,-0.8395654,0.11741281,-0.53041875,0
1.5638714,1.3197365,-4.9440403,0.52590632,-0.069139943,-0.84772754,0
-3.0282013,-4.2788382,3.1121373,-0.13620734,-0.99067342,-0.0037006438,0
1.036546,2.7263248,-4.5666509,-0.8395654,0.11741281,-0.53041875,0
1.8996403,-1.9856054,-4.7838016,0.52590632,-0.069139943,-0.84772754,0
-4.5256758,-3.666559,3.2902102,-0.52590632,0.069139943,0.84772754,0
-3.465817,-2.6801229,4.1614676,-0.52590632,0.069139943,0.84772754,0
1.1165466,-2.441422,1.3828108,0.8395654,-0.11741281,0.53041875,0
3.7525818,-3.5220644,-3.1449423,0.8395654,-0.11741281,0.53041875,0
-3.6054597,-4.2393427,2.9826009,-0.13620734,-0.99067342,-0.0037006438,0
-2.2350991,1.3485216,4.6370463,-0.52590632,0.069139943,0.84772754,0
-0.71928811,4.515604,2.8752923,0.13620734,0.99067342,0.0037006438,0
0.27641821,-1.5524023,3.3206513,0.8395654,-0.11741281,0.53041875,0
-0.26322091,0.65374279,-3.5152946,-0.8395654,0.11741281,-0.53041875,0
0.93421483,4.5163431,2.2396593,0.13620734,0.99067342,0.0037006438,0
2.1099324,3.5842175,-4.9673657,0.52590632,-0.069139943,-0.84772754,0
0.33561635,4.3431783,3.0130618,0.13620734,0.99067342,0.0037006438,0
-3.3599901,-0.50404578,3.9469905,-0.52590632,0.069139943,0.84772754,0
-1.6639669,-3.349308,4.9277415,-0.52590632,0.069139943,0.84772754,0
-0.035254717,1.5286672,-3.4102273,-0.8395654,0.11741281,-0.53041875,0
-0.88342476,3.2800012,-1.4156702,-0.8395654,0.11741281,-0.53041875,0
-2.2023196,3.06738,4.2506166,-0.52590632,0.069139943,0.84772754,0
0.16129971,-3.8886497,-4.9153337,-0.8395654,0.11741281,-0.53041875,0
-3.6729238,0.27515656,3.726552,-0.52590632,0.069139943,0.84772754,0
-1.8130519,-3.1576419,5.0961962,-0.52590632,0.069139943,0.84772754,0
-2.4811122,4.8382449,1.528451,0.13620734,0.99067342,0.0037006438,0
3.5576448,1.7653328,-1.3380537,0.8395654,-0.11741281,0.53041875,0
0.18519258,1.4802938,-3.3770058,-0.8395654,0.11741281,-0.53041875,0
0.7616024,-4.6951632,-1.681514,-0.13620734,-0.99067342,-0.0037006438,0
-0.92520237,4.6572223,3.0271811,0.13620734,0.99067342,0.0037006438,0
-0.084794521,-4.7124152,-0.44887912,-0.13620734,-0.99067342,-0.0037006438,0
1.5953739,4.4432597,2.1870112,0.13620734,0.99067342,0.0037006438,0
3.2950368,-0.73707175,-3.8782668,0.52590632,-0.069139943,-0.84772754,0
2.1681535,0.47315907,-4.5438566,0.52590632,-0.069139943,-0.84772754,0
3.9600472,-0.100633,-2.8630762,0.8395654,-0.11741281,0.53041875,0
-0.14703035,-4.5130444,2.6177604,-0.13620734,-0.99067342,-0.0037006438,0
1.4929008,4.245265,2.5780537,0.8395654,-0.11741281,0.53041875,0
-3.1073041,-1.1011971,1.0313745,-0.8395654,0.11741281,-0.53041875,0
1.6264077,-2.5059724,-4.5703626,0.52590632,-0.069139943,-0.84772754,0
3.855907,3.3575199,-1.6433733,0.8395654,-0.11741281,0.53041875,0
1.8646228,4.3561954,-2.2839572,0.13620734,0.99067342,0.0037006438,0
2.8933733,-3.7030823,-3.7996845,0.52590632,-0.069139943,-0.84772754,0
-1.6471893,-1.3231251,4.9815388,-0.52590632,0.069139943,0.84772754,0
3.3922198,1.1032711,-0.99045324,0.8395654,-0.11741281,0.53041875,0
-0.062606096,4.4973269,2.3542192,0.13620734,0.99067342,0.0037006438,0
-1.0245583,4.8674183,3.8738832,0.13620734,0.99067342,0.0037006438,0
1.5110475,-2.0588093,-4.9901967,0.52590632,-0.069139943,-0.84772754,0
-2.9859612,1.9291738,3.6861825,-0.52590632,0.069139943,0.84772754,0
3.5932553,4.2521901,-4.058867,0.52590632,-0.069139943,-0.84772754,0
-2.3990629,4.0817099,0.77831936,-0.8395654,0.11741281,-0.53041875,0
-1.6321397,-4.3771,1.9164331,-0.13620734,-0.99067342,-0.0037006438,0
3.50403,-2.9219122,-2.3393869,0.8395654,-0.11741281,0.53041875,0
-2.6120884,-4.0662556,2.9659839,-0.13620734,-0.99067342,-0.0037006438,0
-0.40062129,-0.58408809,4.2182841,0.8395654,-0.11741281,0.53041875,0
0.68573403,4.3293982,1.6182642,0.13620734,0.99067342,0.0037006438,0
-0.45141006,4.4338236,2.8114767,0.13620734,0.99067342,0.0037006438,0
3.8052516,-1.3211329,-2.886683,0.8395654,-0.11741281,0.53041875,0
-2.6863098,-4.285181,4.0440245,-0.13620734,-0.99067342,-0.0037006438,0
2.2838175,-3.3155839,-0.56092906,0.8395654,-0.11741281,0.53041875,0
-1.4056383,-0.1804781,5.1781454,-0.52590632,0.069139943,0.84772754,0
3.7703929,-0.49187142,-3.6518669,0.52590632,-0.069139943,-0.84772754,0
1.4781883,-1.6185496,-4.7238417,0.52590632,-0.069139943,-0.84772754,0
-0.56792116,-4.0783372,-3.924392,-0.8395654,0.11741281,-0.53041875,0
0.88496852,4.4007883,0.77479565,0.13620734,0.99067342,0.0037006438,0
0.79303455,-3.1114759,1.8282459,0.8395654,-0.11741281,0.53041875,0
-1.0038795,0.081001759,-2.0255446,-0.8395654,0.11741281,-0.53041875,0
-2.2726502,1.1868486,4.3871226,-0.52590632,0.069139943,0.84772754,0
2.4707913,3.2915158,0.50056195,0.8395654,-0.11741281,0.53041875,0
-0.32685757,4.4803472,-1.1645896,0.13620734,0.99067342,0.0037006438,0
3.6755223,-3.3453999,-3.3066993,0.52590632,-0.069139943,-0.84772754,0
1.0692453,-4.7375727,-3.8583446,-0.13620734,-0.99067342,-0.0037006438,0
-3.6293838,-4.1845555,1.6034434,-0.13620734,-0.99067342,-0.0037006438,0
2.6482162,-3.068068,-4.2156091,0.52590632,-0.069139943,-0.84772754,0
-3.8608053,0.87042505,3.3487988,-0.52590632,0.069139943,0.84772754,0
4.0992656,3.3276563,-1.9506581,0.8395654,-0.11741281,0.53041875,0
1.5790348,4.3818121,-3.2848229,0.13620734,0.99067342,0.0037006438,0
-1.0988702,-2.6583221,-2.7259054,-0.8395654,0.11741281,-0.53041875,0
0.65144682,-4.2823834,1.6093519,0.8395654,-0.11741281,0.53041875,0
2.7634768,-1.8112828,-0.66299486,0.8395654,-0.11741281,0.53041875,0
-0.37001276,4.4672532,0.25073981,0.13620734,0.99067342,0.0037006438,0
-3.6652474,-1.3975787,3.5920587,-0.52590632,0.069139943,0.84772754,0
-4.7855415,-2.7900369,3.2214303,-0.52590632,0.069139943,0.84772754,0
-0.9838078,-4.4014206,0.89496875,-0.13620734,-0.99067342,-0.0037006438,0
4.6754694,1.8158212,-3.3547568,0.52590632,-0.069139943,-0.84772754,0
0.43472838,4.3931274,2.5981317,0.13620734,0.99067342,0.0037006438,0
1.4018551,1.1442075,-4.9066672,0.52590632,-0.069139943,-0.84772754,0
-0.46982861,-1.6756713,3.898165,0.8395654,-0.11741281,0.53041875,0
-3.3525059,-1.9388011,1.3173943,-0.8395654,0.11741281,-0.53041875,0
-3.4846344,0.38714489,3.643786,-0.52590632,0.069139943,0.84772754,0
-0.34520674,-4.346457,1.5016692,-0.13620734,-0.99067342,-0.0037006438,0
4.124104,-1.7631454,-2.9123755,0.8395654,-0.11741281,0.53041875,0
-2.1708398,-4.4141369,-0.79281145,-0.13620734,-0.99067342,-0.0037006438,0
4.3482032,4.1069021,-2.5560687,0.8395654,-0.11741281,0.53041875,0
-1.7107928,-4.2858872,3.3559508,-0.13620734,-0.99067342,-0.0037006438,0
1.2005239,4.4348946,-4.1920195,0.13620734,0.99067342,0.0037006438,0
-1.1549065,-4.214747,1.9660854,-0.13620734,-0.99067342,-0.0037006438,0
-3.2518923,-0.092806935,1.3628459,-0.8395654,0.11741281,-0.53041875,0
1.6013603,-2.7602487,0.39345002,0.8395654,-0.11741281,0.53041875,0
0.78111488,0.77878261,2.4504461,0.8395654,-0.11741281,0.53041875,0
-0.32332981,-0.91853321,-3.1023536,-0.8395654,0.11741281,-0.53041875,0
-0.10574865,-4.6503544,2.605233,-0.13620734,-0.99067342,-0.0037006438,0
0.97795796,4.001308,3.1272964,0.8395654,-0.11741281,0.53041875,0
2.8944085,-4.8482084,-3.4915462,-0.13620734,-0.99067342,-0.0037006438,0
0.11987233,1.8900733,-3.3930478,-0.8395654,0.11741281,-0.53041875,0
0.93839461,2.1078625,2.9056623,0.8395654,-0.11741281,0.53041875,0
-3.5185685,1.2589452,3.8209715,-0.52590632,0.069139943,0.84772754,0
-4.5741835,-2.4795597,3.1000609,-0.8395654,0.11741281,-0.53041875,0
0.69191957,4.572835,2.7371416,0.13620734,0.99067342,0.0037006438,0
2.557091,-4.7687125,-2.4352965,-0.13620734,-0.99067342,-0.0037006438,0
1.1857915,2.3798575,2.7089822,0.8395654,-0.11741281,0.53041875,0
3.3044479,0.60020071,-3.885386,0.52590632,-0.069139943,-0.84772754,0
0.11666822,-4.5321369,-1.30846,-0.13620734,-0.99067342,-0.0037006438,0
0.26481509,-0.96286082,2.9430876,0.8395654,-0.11741281,0.53041875,0
2.1004837,-2.4578176,-0.4356811,0.8395654,-0.11741281,0.53041875,0
4.6189642,1.7049371,-3.3289161,0.52590632,-0.069139943,-0.84772754,0
0.76558399,-4.3322029,1.6297572,0.8395654,-0.11741281,0.53041875,0
-2.970299,-3.569736,4.5211134,-0.52590632,0.069139943,0.84772754,0
2.9595854,1.7540032,-4.3353386,0.52590632,-0.069139943,-0.84772754,0
-4.240726,1.7903029,3.3132095,-0.52590632,0.069139943,0.84772754,0
2.9735262,-4.601768,-2.0590816,0.8395654,-0.11741281,0.53041875,0
2.3649671,4.2857981,-0.97795117,0.13620734,0.99067342,0.0037006438,0
-3.6116138,-2.3032286,3.6369567,-0.52590632,0.069139943,0.84772754,0
3.7486613,2.9237134,-3.9362335,0.52590632,-0.069139943,-0.84772754,0
-0.72651339,4.7623887,0.24466753,0.13620734,0.99067342,0.0037006438,0
0.98454523,-4.5790772,0.67196071,-0.13620734,-0.99067342,-0.0037006438,0
-1.3122528,0.36836576,-1.8383186,-0.8395654,0.11741281,-0.53041875,0
0.98304844,-4.6367707,0.640311,-0.13620734,-0.99067342,-0.0037006438,0
1.2068667,-4.8192873,-1.1907814,-0.13620734,-0.99067342,-0.0037006438,0
-0.51000977,-4.5145645,-0.68348289,-0.13620734,-0.99067342,-0.0037006438,0
0.77533031,-3.3037627,-5.0870781,0.52590632,-0.069139943,-0.84772754,0
1.9341369,4.4254689,-3.8209302,0.13620734,0.99067342,0.0037006438,0
-3.9089487,1.9783349,2.6730194,-0.8395654,0.11741281,-0.53041875,0
-3.8992059,3.2077334,3.1012731,-0.52590632,0.069139943,0.84772754,0
-3.9005935,-4.1587992,1.4117715,-0.13620734,-0.99067342,-0.0037006438,0
2.7406983,-2.7428622,-3.9827943,0.52590632,-0.069139943,-0.84772754,0
3.7042704,2.7795281,-1.3321424,0.8395654,-0.11741281,0.53041875,0
-1.2520438,3.3394539,5.0528073,-0.52590632,0.069139943,0.84772754,0
0.93762016,4.2711015,-4.3909597,0.13620734,0.99067342,0.0037006438,0
-0.85961479,2.541497,5.2566018,-0.52590632,0.069139943,0.84772754,0
-2.0169024,-2.9929953,-1.2914801,-0.8395654,0.11741281,-0.53041875,0
-1.3039229,-3.6594822,5.1305304,0.8395654,-0.11741281,0.53041875,0
-0.031264305,4.5188684,-0.72548413,0.13620734,0.99067342,0.0037006438,0
-4.5952115,-3.0505624,2.6076818,-0.8395654,0.11741281,-0.53041875,0
-4.8022337,-3.4697051,3.4329376,-0.52590632,0.069139943,0.84772754,0
-3.4336865,1.9574138,3.5617633,-0.52590632,0.069139943,0.84772754,0
-2.0226247,-0.43315792,4.7632694,-0.52590632,0.069139943,0.84772754,0
-0.79394293,0.20599222,-2.1380324,-0.8395654,0.11741281,-0.53041875,0
2.0242784,4.2866669,-2.553261,0.13620734,0.99067342,0.0037006438,0
-1.3887022,-3.6014233,4.9697704,0.8395654,-0.11741281,0.53041875,0
1.696063,-4.9310255,-2.211576,-0.13620734,-0.99067342,-0.0037006438,0
1.6999371,2.7584503,-5.2692528,0.52590632,-0.069139943,-0.84772754,0
-1.662446,3.4714942,-0.53667009,-0.8395654,0.11741281,-0.53041875,0
3.5608139,1.860908,-1.6207607,0.8395654,-0.11741281,0.53041875,0
-1.3066564,-3.2384791,-2.7756112,-0.8395654,0.11741281,-0.53041875,0
2.4574857,4.3125768,0.1642655,0.13620734,0.99067342,0.0037006438,0
-0.28670698,2.1896544,4.4200993,0.8395654,-0.11741281,0.53041875,0
3.9717412,4.109633,-3.3091781,0.13620734,0.99067342,0.0037006438,0
0.8808434,-4.4698973,-4.8454313,-0.13620734,-0.99067342,-0.0037006438,0
-2.1399889,1.6171395,-0.058508396,-0.8395654,0.11741281,-0.53041875,0
-2.5834255,-0.30267203,0.015733004,-0.8395654,0.11741281,-0.53041875,0
-3.6317053,0.73783505,3.6892452,-0.52590632,0.069139943,0.84772754,0
-4.23384,-1.9024053,3.5563765,-0.52590632,0.069139943,0.84772754,0
-3.0943825,-3.0620589,0.1131072,-0.8395654,0.11741281,-0.53041875,0
4.0664558,0.14917392,-2.3995962,0.8395654,-0.11741281,0.53041875,0
4.3163514,3.46418,-3.7306509,0.52590632,-0.069139943,-0.84772754,0
-2.3025372,1.4989798,4.3666954,-0.52590632,0.069139943,0.84772754,0
3.1012993,4.2475343,-0.88945711,0.13620734,0.99067342,0.0037006438,0
2.683841,4.1429472,-2.5389159,0.13620734,0.99067342,0.0037006438,0
2.7822456,1.3729335,-4.176331,0.52590632,-0.069139943,-0.84772754,0
-1.7483866,4.8797636,1.8896298,0.13620734,0.99067342,0.0037006438,0
-2.7358088,-0.35832405,4.3651428,-0.52590632,0.069139943,0.84772754,0
-3.4102652,1.4182208,1.8854475,-0.8395654,0.11741281,-0.53041875,0
-1.3029253,0.054052353,4.9314322,-0.52590632,0.069139943,0.84772754,0
-2.725368,0.57372361,4.259769,-0.52590632,0.069139943,0.84772754,0
-1.6750776,-3.4678702,-1.6308776,-0.8395654,0.11741281,-0.53041875,0
-3.4755991,1.0164053,2.2183952,-0.8395654,0.11741281,-0.53041875,0
1.288909,4.3404241,-0.8791256,0.13620734,0.99067342,0.0037006438,0
1.1888883,-3.5239863,0.7796573,0.8395654,-0.11741281,0.53041875,0
4.1882772,2.9232688,-2.4895155,0.8395654,-0.11741281,0.53041875,0
-1.911854,-4.1893845,3.2967944,-0.13620734,-0.99067342,-0.0037006438,0
2.3653376,4.1260734,0.5951606,0.8395654,-0.11741281,0.53041875,0
-1.0968065,-1.6587825,5.1269636,-0.52590632,0.069139943,0.84772754,0
-0.64998966,-0.15180993,4.4023504,0.8395654,-0.11741281,0.53041875,0
-2.3063314,4.7087741,3.8040638,0.13620734,0.99067342,0.0037006438,0
3.2863357,-0.61645728,-1.7621887,0.8395654,-0.11741281,0.53041875,0
0.4076243,1.9448659,3.4131281,0.8395654,-0.11741281,0.53041875,0
1.1453056,-4.8089571,0.18945765,-0.13620734,-0.99067342,-0.0037006438,0
2.1571591,4.1815691,-2.5552964,0.13620734,0.99067342,0.0037006438,0
-1.7999058,-4.2948446,2.6619456,-0.13620734,-0.99067342,-0.0037006438,0
4.7281055,3.459691,-3.1241703,0.52590632,-0.069139943,-0.84772754,0
4.1557178,0.1524585,-3.2172298,0.52590632,-0.069139943,-0.84772754,0
-0.1231792,4.6906033,3.2150955,0.13620734,0.99067342,0.0037006438,0
-0.062401056,-2.8748062,-4.3254147,-0.8395654,0.11741281,-0.53041875,0
2.6430221,-4.7021298,-1.7254457,-0.13620734,-0.99067342,-0.0037006438,0
-0.29381084,4.5836029,-0.75043076,0.13620734,0.99067342,0.0037006438,0
0.094206333,4.5991907,0.74700785,0.13620734,0.99067342,0.0037006438,0
1.8826056,4.1337423,-0.049998406,0.13620734,0.99067342,0.0037006438,0
-0.3427701,2.6957662,-2.4299552,-0.8395654,0.11741281,-0.53041875,0
-3.7979383,0.91575557,3.4131122,-0.52590632,0.069139943,0.84772754,0
-2.1899505,-3.9565132,4.8571253,-0.52590632,0.069139943,0.84772754,0
0.79432642,-2.1651793,-5.173996,-0.8395654,0.11741281,-0.53041875,0
-0.837924,-4.5817161,2.7849448,-0.13620734,-0.99067342,-0.0037006438,0
2.5759563,-0.2199378,-0.030520201,0.8395654,-0.11741281,0.53041875,0
4.1103544,0.21354645,-3.3614683,0.52590632,-0.069139943,-0.84772754,0
-3.1816518,-3.7631962,4.4430614,-0.52590632,0.069139943,0.84772754,0
-2.1818404,3.9538884,0.64366055,-0.8395654,0.11741281,-0.53041875,0
0.85860848,-3.0741727,-4.9440122,0.52590632,-0.069139943,-0.84772754,0
1.8579392,-4.6895208,-0.3909235,-0.13620734,-0.99067342,-0.0037006438,0
0.27981925,2.9755428,3.9742651,0.8395654,-0.11741281,0.53041875,0
0.33411932,4.3446112,2.4007723,0.13620734,0.99067342,0.0037006438,0
-1.8777523,-1.2327287,4.8970976,-0.52590632,0.069139943,0.84772754,0
-1.9448204,4.2862854,4.1655173,-0.52590632,0.069139943,0.84772754,0
3.1925559,-1.9817176,-2.0341353,0.8395654,-0.11741281,0.53041875,0
-0.97915912,-2.0816236,4.7777414,0.8395654,-0.11741281,0.53041875,0
1.0876367,-4.3718834,-4.6558981,0.52590632,-0.069139943,-0.84772754,0
-1.5879707,-4.3108802,0.76187271,-0.13620734,-0.99067342,-0.0037006438,0
1.8008573,0.96293044,-4.815701,0.52590632,-0.069139943,-0.84772754,0
-1.8127,0.71616173,4.5673966,-0.52590632,0.069139943,0.84772754,0
-0.68286145,0.49888444,4.5872526,0.8395654,-0.11741281,0.53041875,0
1.8239164,1.1811347,1.2230885,0.8395654,-0.11741281,0.53041875,0
3.0881362,4.22053,-4.4533095,0.13620734,0.99067342,0.0037006438,0
-2.4126937,3.2455664,4.3591552,-0.52590632,0.069139943,0.84772754,0
3.2645214,0.56789988,-4.0880222,0.52590632,-0.069139943,-0.84772754,0
0.85379767,-2.8591273,1.912715,0.8395654,-0.11741281,0.53041875,0
-2.1163361,-4.4003501,3.9420092,-0.13620734,-0.99067342,-0.0037006438,0
-4.2956562,-1.508637,3.5911503,-0.52590632,0.069139943,0.84772754,0
4.1264486,3.5355844,-3.4507718,0.52590632,-0.069139943,-0.84772754,0
3.2068903,2.2075272,-1.1059871,0.8395654,-0.11741281,0.53041875,0
3.2014651,-2.7178612,-3.6596279,0.52590632,-0.069139943,-0.84772754,0
-4.3248377,-2.2951095,2.4527931,-0.8395654,0.11741281,-0.53041875,0
1.5940619,-3.4206767,-4.5172076,0.52590632,-0.069139943,-0.84772754,0
0.44244099,0.90360904,3.4874353,0.8395654,-0.11741281,0.53041875,0
-0.70649958,-4.6600523,3.9108157,-0.13620734,-0.99067342,-0.0037006438,0
-0.72460914,-4.5104613,-0.53052163,-0.13620734,-0.99067342,-0.0037006438,0
-2.9914,4.4137998,3.645431,-0.52590632,0.069139943,0.84772754,0
1.4160266,-4.8584166,-1.5667396,-0.13620734,-0.99067342,-0.0037006438,0
0.31492925,-2.0749085,2.7386479,0.8395654,-0.11741281,0.53041875,0
-3.7183855,1.854073,3.2745762,-0.52590632,0.069139943,0.84772754,0
-3.2126241,-2.2278485,0.86086726,-0.8395654,0.11741281,-0.53041875,0
-1.2855623,-1.5546831,-2.3241572,-0.8395654,0.11741281,-0.53041875,0
-0.46661687,-4.3956742,-3.6552711,-0.13620734,-0.99067342,-0.0037006438,0
-0.48179758,1.9464693,4.8676977,0.8395654,-0.11741281,0.53041875,0
-0.2970891,-0.4020319,4.2828517,0.8395654,-0.11741281,0.53041875,0
-4.7036853,-1.908165,3.1095071,-0.52590632,0.069139943,0.84772754,0
3.5030296,-1.3505864,-1.8703356,0.8395654,-0.11741281,0.53041875,0
-0.16108567,1.7926414,4.3294773,0.8395654,-0.11741281,0.53041875,0
-3.6883082,2.5055766,2.5571465,-0.8395654,0.11741281,-0.53041875,0
-1.8475266,-2.4848659,4.9277658,-0.52590632,0.069139943,0.84772754,0
3.3322325,1.9462509,-0.89014149,0.8395654,-0.11741281,0.53041875,0
-1.0072234,-4.248807,0.49664158,-0.13620734,-0.99067342,-0.0037006438,0
2.0812247,4.0900373,-3.9102666,0.13620734,0.99067342,0.0037006438,0
-3.9377668,1.8243883,3.3302279,-0.52590632,0.069139943,0.84772754,0
2.1102934,-1.7164164,-0.31902838,0.8395654,-0.11741281,0.53041875,0
-1.8534036,-0.16138804,-0.54634821,-0.8395654,0.11741281,-0.53041875,0
3.1466231,3.7162566,-0.13108444,0.8395654,-0.11741281,0.53041875,0
0.073427439,2.6029172,-3.0639572,-0.8395654,0.11741281,-0.53041875,0
0.60722268,-2.4795976,-5.0909123,-0.8395654,0.11741281,-0.53041875,0
-2.3691573,-4.3605204,4.2905288,-0.13620734,-0.99067342,-0.0037006438,0
0.80983305,-4.7195663,0.43984175,-0.13620734,-0.99067342,-0.0037006438,0
-2.3621771,-2.2446914,-0.2618269,-0.8395654,0.11741281,-0.53041875,0
1.3667519,1.535702,-5.3476081,0.52590632,-0.069139943,-0.84772754,0
-3.5635071,0.62243527,2.0812831,-0.8395654,0.11741281,-0.53041875,0
-1.9214128,-3.0094094,-1.5295154,-0.8395654,0.11741281,-0.53041875,0
0.49456191,-2.9185362,-5.1438503,0.52590632,-0.069139943,-0.84772754,0
-0.12319136,-3.9408038,2.9312408,0.8395654,-0.11741281,0.53041875,0
3.8643403,3.4352665,-1.6938388,0.8395654,-0.11741281,0.53041875,0
2.7667882,-4.1215954,-1.2879477,0.8395654,-0.11741281,0.53041875,0
-1.6844369,-1.9261508,-1.3392187,-0.8395654,0.11741281,-0.53041875,0
-2.336241,4.9785504,3.4326124,0.13620734,0.99067342,0.0037006438,0
-0.15310717,4.4362402,-2.7757721,0.13620734,0.99067342,0.0037006438,0
3.704026,-2.5528386,-3.280787,0.52590632,-0.069139943,-0.84772754,0
2.254005,2.000849,-4.5075226,0.52590632,-0.069139943,-0.84772754,0
2.0686045,-3.0678174,-4.2120271,0.52590632,-0.069139943,-0.84772754,0
-1.2847266,2.2013702,-1.2039001,-0.8395654,0.11741281,-0.53041875,0
1.6731365,-4.8480654,-4.1524968,-0.13620734,-0.99067342,-0.0037006438,0
0.60232973,4.3065639,2.6017275,0.13620734,0.99067342,0.0037006438,0
3.0825527,-0.86864883,-4.0005045,0.52590632,-0.069139943,-0.84772754,0
1.7476616,4.2621279,-4.0216103,0.13620734,0.99067342,0.0037006438,0
2.4261212,-2.3815794,-4.0226359,0.52590632,-0.069139943,-0.84772754,0
3.1556606,3.3450906,-4.0495949,0.52590632,-0.069139943,-0.84772754,0
-4.2732468,-0.40214616,2.9432673,-0.8395654,0.11741281,-0.53041875,0
0.98617506,-4.6141067,1.070338,-0.13620734,-0.99067342,-0.0037006438,0
1.0837381,1.311439,1.9963583,0.8395654,-0.11741281,0.53041875,0
3.5042965,4.126689,-3.9587295,0.13620734,0.99067342,0.0037006438,0
1.6932141,0.61079168,-4.8326535,0.52590632,-0.069139943,-0.84772754,0
-0.32909268,-0.4496572,-3.2579339,-0.8395654,0.11741281,-0.53041875,0
-3.3460317,1.7419474,3.9095874,-0.52590632,0.069139943,0.84772754,0
3.669934,1.1725311,-3.8227782,0.52590632,-0.069139943,-0.84772754,0
1.2940342,4.2787008,2.595495,0.13620734,0.99067342,0.0037006438,0
0.233356,4.6337214,-0.26385605,0.13620734,0.99067342,0.0037006438,0
1.2199383,-3.2506697,1.2368102,0.8395654,-0.11741281,0.53041875,0
2.686857,-2.7332902,-1.2172716,0.8395654,-0.11741281,0.53041875,0
-1.6725825,0.68158054,4.7083936,-0.52590632,0.069139943,0.84772754,0
-1.9924309,-0.006688118,4.7613573,-0.52590632,0.069139943,0.84772754,0
0.95905733,4.4994416,-1.4740683,0.13620734,0.99067342,0.0037006438,0
-0.14355707,4.4636478,0.10633576,0.13620734,0.99067342,0.0037006438,0
-3.1353898,0.85062474,3.7950678,-0.52590632,0.069139943,0.84772754,0
-1.3182268,-4.5527701,2.529058,-0.13620734,-0.99067342,-0.0037006438,0
2.6038074,-4.9151387,-2.8150711,-0.13620734,-0.99067342,-0.0037006438,0
-4.4278679,-1.2105387,3.3421993,-0.52590632,0.069139943,0.84772754,0
2.8693826,1.9578615,-0.69194889,0.8395654,-0.11741281,0.53041875,0
-0.62310386,-4.3915048,-0.65238392,-0.13620734,-0.99067342,-0.0037006438,0
2.4222441,2.6501441,-4.4669023,0.52590632,-0.069139943,-0.84772754,0
-0.73501557,1.3807871,4.9091678,0.8395654,-0.11741281,0.53041875,0
1.8043045,2.4649391,1.2108544,0.8395654,-0.11741281,0.53041875,0
0.70077825,3.3702307,3.0660067,0.8395654,-0.11741281,0.53041875,0
2.6280627,-1.9021618,-0.4346683,0.8395654,-0.11741281,0.53041875,0
-4.0108562,-1.0370176,3.2815208,-0.52590632,0.069139943,0.84772754,0
-0.58295107,4.134922,-1.6568737,-0.8395654,0.11741281,-0.53041875,0
1.1587536,-0.55639434,1.5762751,0.8395654,-0.11741281,0.53041875,0
-1.6250579,-4.1933184,-0.33124727,-0.13620734,-0.99067342,-0.0037006438,0
3.84129,0.17531997,-2.0562901,0.8395654,-0.11741281,0.53041875,0
-3.0568752,1.6609297,1.6796756,-0.8395654,0.11741281,-0.53041875,0
-4.1092782,-2.2182407,2.3179779,-0.8395654,0.11741281,-0.53041875,0
-2.5053194,-2.4544306,-0.54531091,-0.8395654,0.11741281,-0.53041875,0
0.39935303,2.6675284,-3.7420626,-0.8395654,0.11741281,-0.53041875,0
-2.7967048,2.0057998,1.093792,-0.8395654,0.11741281,-0.53041875,0
1.8888535,4.1807756,-1.5657778,0.13620734,0.99067342,0.0037006438,0
-0.28894806,2.4990935,-2.8090768,-0.8395654,0.11741281,-0.53041875,0
1.9944649,1.9974334,1.028622,0.8395654,-0.11741281,0.53041875,0
1.6118731,4.2193637,0.62161559,0.13620734,0.99067342,0.0037006438,0
3.5681217,3.014359,-1.5326347,0.8395654,-0.11741281,0.53041875,0
3.2787945,-3.8337269,-3.5646811,0.52590632,-0.069139943,-0.84772754,0
-1.0519295,-4.5222235,1.9664426,-0.13620734,-0.99067342,-0.0037006438,0
-2.621376,0.72440553,4.0077753,-0.52590632,0.069139943,0.84772754,0
-1.658673,3.1733298,4.7013731,-0.52590632,0.069139943,0.84772754,0
0.93953657,-4.3557134,-4.8546214,0.52590632,-0.069139943,-0.84772754,0
0.15038276,4.4477577,1.0199909,0.13620734,0.99067342,0.0037006438,0
1.6785557,-4.8661695,-4.5008612,0.52590632,-0.069139943,-0.84772754,0
-3.4291668,2.5457385,3.5426416,-0.52590632,0.069139943,0.84772754,0
-2.9684622,0.23692107,4.0509977,-0.52590632,0.069139943,0.84772754,0
-1.6735287,-4.296689,-1.0295492,-0.13620734,-0.99067342,-0.0037006438,0
-0.54398632,-4.6012053,2.0067539,-0.13620734,-0.99067342,-0.0037006438,0
2.9077549,-4.9684863,-3.4733577,0.52590632,-0.069139943,-0.84772754,0
2.5426247,-4.6362476,-1.350739,0.8395654,-0.11741281,0.53041875,0
-0.34575474,2.0539489,4.9371791,0.8395654,-0.11741281,0.53041875,0
0.30406404,-4.3709369,-4.8427863,-0.13620734,-0.99067342,-0.0037006438,0
-3.0352342,-4.3026285,2.9775407,-0.13620734,-0.99067342,-0.0037006438,0
-3.3043737,0.29330668,3.85465,-0.52590632,0.069139943,0.84772754,0
0.25090885,-4.5522428,0.55326605,-0.13620734,-0.99067342,-0.0037006438,0
0.71253443,4.3003583,-0.87507391,0.13620734,0.99067342,0.0037006438,0
1.3250463,4.5181799,2.0154648,0.13620734,0.99067342,0.0037006438,0
0.1311326,4.4531097,1.9042847,0.13620734,0.99067342,0.0037006438,0
-3.108948,1.7512691,3.9935699,-0.52590632,0.069139943,0.84772754,0
0.011402965,-2.9386044,-4.2678351,-0.8395654,0.11741281,-0.53041875,0
-1.5157104,-4.4342432,4.2208729,-0.13620734,-0.99067342,-0.0037006438,0
-2.4559171,4.1937633,4.1547976,-0.52590632,0.069139943,0.84772754,0
-0.29388595,-4.6187668,-4.1932139,-0.13620734,-0.99067342,-0.0037006438,0
-2.8514078,4.7636986,3.699194,-0.52590632,0.069139943,0.84772754,0
2.4665926,-2.983532,-1.1519372,0.8395654,-0.11741281,0.53041875,0
0.10084581,4.3859334,2.1552892,0.13620734,0.99067342,0.0037006438,0
1.75867,0.64857817,-5.0888004,0.52590632,-0.069139943,-0.84772754,0
-4.3094606,-0.12824216,3.1043067,-0.8395654,0.11741281,-0.53041875,0
0.26336432,4.6864152,1.3608673,0.13620734,0.99067342,0.0037006438,0
0.74343777,4.3560824,0.44224834,0.13620734,0.99067342,0.0037006438,0
-3.8847685,-4.1852612,1.3151114,-0.13620734,-0.99067342,-0.0037006438,0
-0.88197291,3.2975075,5.1189537,-0.52590632,0.069139943,0.84772754,0
0.19658661,-4.5532093,-3.7233005,-0.13620734,-0.99067342,-0.0037006438,0
-1.0776739,-3.580359,4.3525443,0.8395654,-0.11741281,0.53041875,0
3.5463896,0.70577538,-3.8111992,0.52590632,-0.069139943,-0.84772754,0
-0.61042333,1.7752185,-2.2234728,-0.8395654,0.11741281,-0.53041875,0
2.094218,-3.9233794,-0.34425497,0.8395654,-0.11741281,0.53041875,0
-0.88606954,-3.8375711,-3.1524243,-0.8395654,0.11741281,-0.53041875,0
1.7132413,-0.33196759,-4.7049975,0.52590632,-0.069139943,-0.84772754,0
0.66478467,-4.622406,-3.936069,-0.13620734,-0.99067342,-0.0037006438,0
1.3042274,4.4568443,0.9578681,0.13620734,0.99067342,0.0037006438,0
0.57079887,-0.64931703,2.5481844,0.8395654,-0.11741281,0.53041875,0
-0.9790802,0.19094396,5.2465353,-0.52590632,0.069139943,0.84772754,0
-4.3052049,-2.2724533,2.8028021,-0.8395654,0.11741281,-0.53041875,0
-1.3114917,4.528441,4.0325651,0.13620734,0.99067342,0.0037006438,0
-3.6168904,-4.1290464,2.645704,-0.13620734,-0.99067342,-0.0037006438,0
-0.53831095,0.71011591,4.9867272,0.8395654,-0.11741281,0.53041875,0
2.3830583,4.3071394,-2.6759682,0.13620734,0.99067342,0.0037006438,0
2.5542274,2.0253172,0.29398161,0.8395654,-0.11741281,0.53041875,0
-1.5378547,-4.4846878,4.1697326,-0.13620734,-0.99067342,-0.0037006438,0
1.3536603,4.3986282,0.21236283,0.13620734,0.99067342,0.0037006438,0
-3.9013042,1.1431777,3.2162304,-0.52590632,0.069139943,0.84772754,0
2.026351,-3.5251775,-4.3630595,0.52590632,-0.069139943,-0.84772754,0
-3.7428226,-3.0333557,3.6126394,-0.52590632,0.069139943,0.84772754,0
-0.12445128,0.33718634,-3.3706014,-0.8395654,0.11741281,-0.53041875,0
-1.0482302,4.7906051,0.41602921,0.13620734,0.99067342,0.0037006438,0
-3.8114462,4.8337688,3.1363478,-0.8395654,0.11741281,-0.53041875,0
2.300607,2.6265755,0.49993873,0.8395654,-0.11741281,0.53041875,0
-3.0011444,-3.6869979,4.1264048,-0.52590632,0.069139943,0.84772754,0
-3.0946329,-1.0281733,4.2371907,-0.52590632,0.069139943,0.84772754,0
-3.3804312,1.0293958,3.9198298,-0.52590632,0.069139943,0.84772754,0
-2.4179692,-4.173583,4.2268791,-0.13620734,-0.99067342,-0.0037006438,0
-0.62119865,-2.40956,4.4950876,0.8395654,-0.11741281,0.53041875,0
-2.746778,-4.1430054,-0.1578812,-0.13620734,-0.99067342,-0.0037006438,0
-2.7947919,4.0051136,1.1997843,-0.8395654,0.11741281,-0.53041875,0
1.704025,3.1054118,-5.0820947,0.52590632,-0.069139943,-0.84772754,0
-3.6832857,2.2912171,2.4356623,-0.8395654,0.11741281,-0.53041875,0
-2.6717701,-0.61391199,0.688977,-0.8395654,0.11741281,-0.53041875,0
-4.1409378,-3.8380678,3.5538025,-0.52590632,0.069139943,0.84772754,0
1.363975,-4.0855627,0.3448137,0.8395654,-0.11741281,0.53041875,0
-3.156306,-3.203207,4.1739879,-0.52590632,0.069139943,0.84772754,0
-2.8861258,4.583652,3.6953664,-0.52590632,0.069139943,0.84772754,0
3.728519,-2.8876662,-3.035346,0.8395654,-0.11741281,0.53041875,0
-1.3979921,-0.75878167,5.0851789,-0.52590632,0.069139943,0.84772754,0
0.87856293,4.2354279,-0.76554048,0.13620734,0.99067342,0.0037006438,0
-1.9622123,-0.26895547,4.8482943,-0.52590632,0.069139943,0.84772754,0
0.14335883,2.255444,4.1984801,0.8395654,-0.11741281,0.53041875,0
-1.2280992,2.6515839,4.6984391,-0.52590632,0.069139943,0.84772754,0
0.60036635,4.4038868,1.7954121,0.13620734,0.99067342,0.0037006438,0
3.786469,4.0174532,-1.8709815,0.13620734,0.99067342,0.0037006438,0
1.2341011,4.4810185,0.4415679,0.13620734,0.99067342,0.0037006438,0
-1.5717001,4.5832944,3.3119087,0.13620734,0.99067342,0.0037006438,0
1.3446765,-4.7294264,0.22127461,-0.13620734,-0.99067342,-0.0037006438,0
-1.3429093,3.6379936,-1.0331072,-0.8395654,0.11741281,-0.53041875,0
3.7758393,-3.9905775,-3.0065999,0.8395654,-0.11741281,0.53041875,0
-0.81165767,1.7745783,-2.1297882,-0.8395654,0.11741281,-0.53041875,0
1.1551189,-4.8790245,-3.5384316,-0.13620734,-0.99067342,-0.0037006438,0
-1.4570699,4.6985316,1.1297526,0.13620734,0.99067342,0.0037006438,0
-1.0703433,-4.3440781,-1.548236,-0.13620734,-0.99067342,-0.0037006438,0
1.8399391,4.3311977,-4.827199,0.13620734,0.99067342,0.0037006438,0
-1.3460121,4.5843248,1.5066409,0.13620734,0.99067342,0.0037006438,0
-3.4398823,2.7911091,3.4704595,-0.52590632,0.069139943,0.84772754,0
2.5221007,4.0422673,-2.6344178,0.13620734,0.99067342,0.0037006438,0
0.40671778,4.4593592,-2.0884275,0.13620734,0.99067342,0.0037006438,0
3.636467,-1.868708,-3.7084932,0.52590632,-0.069139943,-0.84772754,0
0.0288589,-0.64953423,3.663568,0.8395654,-0.11741281,0.53041875,0
-0.013306379,-4.3649468,-3.1698778,-0.13620734,-0.99067342,-0.0037006438,0
1.5151005,-0.44081092,-4.7810984,0.52590632,-0.069139943,-0.84772754,0
-0.48886442,4.6239347,1.2461839,0.13620734,0.99067342,0.0037006438,0
-2.4190433,-3.4894121,-0.8801899,-0.8395654,0.11741281,-0.53041875,0
-2.1300499,-3.6532054,4.8964148,-0.52590632,0.069139943,0.84772754,0
3.7266302,3.566958,-3.7876434,0.52590632,-0.069139943,-0.84772754,0
3.5161657,-1.4858686,-3.5306597,0.52590632,-0.069139943,-0.84772754,0
