5.0483432,0.18135786,0.10327458,0.88728356,-0.2435725,0.39166343,0
4.3637967,-0.83903337,0.63258028,0.88728356,-0.2435725,0.39166343,0
3.1024647,1.4019846,-0.62389845,0.34516639,0.91391385,-0.21359202,0
4.1578264,-2.8888369,0.20358229,0.88728356,-0.2435725,0.39166343,0
3.6071124,-1.1570489,2.5695562,0.88728356,-0.2435725,0.39166343,0
-0.47250473,3.1318462,0.40304112,0.34516639,0.91391385,-0.21359202,0
-2.4673705,-1.7081282,0.36172989,-0.34516639,-0.91391385,0.21359202,0
3.2616508,-0.49985409,3.9434226,0.88728356,-0.2435725,0.39166343,0
-4.3681121,2.6959295,0.09126687,-0.88728356,0.2435725,-0.39166343,0
3.1262875,0.55722749,3.8175869,-0.30592152,0.32470578,0.89497387,0
-3.4827719,0.81871271,1.1631328,-0.30592152,0.32470578,0.89497387,0
2.374373,1.5942169,-0.12170684,0.34516639,0.91391385,-0.21359202,0
-2.6072659,0.25300986,-3.6284299,0.30592152,-0.32470578,-0.89497387,0
2.9913218,0.070088148,-1.6248386,0.30592152,-0.32470578,-0.89497387,0
-3.1569848,-1.7205764,-1.069967,-0.34516639,-0.91391385,0.21359202,0
-4.4005256,-0.49000502,-1.6822484,-0.88728356,0.2435725,-0.39166343,0
5.4571552,-0.11485052,-0.46525717,0.88728356,-0.2435725,0.39166343,0
4.1716399,-0.66855407,1.4321401,0.88728356,-0.2435725,0.39166343,0
-3.6933379,0.34561631,-3.4082661,-0.88728356,0.2435725,-0.39166343,0
0.41846323,2.0593481,-1.6144896,0.34516639,0.91391385,-0.21359202,0
-3.1373203,-2.04563,-2.4905078,-0.34516639,-0.91391385,0.21359202,0
-3.4137726,-1.199007,1.2805971,-0.34516639,-0.91391385,0.21359202,0
3.1044354,1.8854153,0.75719225,0.34516639,0.91391385,-0.21359202,0
-0.84340823,-2.8465977,-2.0619545,0.30592152,-0.32470578,-0.89497387,0
0.42017472,2.4178116,-1.0105036,0.34516639,0.91391385,-0.21359202,0
-3.2850792,2.9186416,-1.7258842,-0.88728356,0.2435725,-0.39166343,0
1.2052886,-2.4400461,3.412185,-0.34516639,-0.91391385,0.21359202,0
-3.4733863,1.316853,-2.6697071,-0.88728356,0.2435725,-0.39166343,0
-4.198122,2.0010648,-1.1144085,-0.88728356,0.2435725,-0.39166343,0
0.023215771,-3.0132067,-0.66205478,-0.34516639,-0.91391385,0.21359202,0
4.6552148,-2.1435544,-0.28276467,0.88728356,-0.2435725,0.39166343,0
-0.62385488,-2.6634469,0.0646348,-0.34516639,-0.91391385,0.21359202,0
-4.0916286,-0.0039759874,-1.848861,-0.88728356,0.2435725,-0.39166343,0
4.7611947,1.0233315,1.1843997,0.88728356,-0.2435725,0.39166343,0
0.76569378,2.1930196,-0.40653729,0.34516639,0.91391385,-0.21359202,0
-4.7671537,1.3289442,-0.34446335,-0.88728356,0.2435725,-0.39166343,0
-0.92731845,3.2322447,1.1127139,-0.30592152,0.32470578,0.89497387,0
-3.2895489,2.9158173,-2.6086724,-0.88728356,0.2435725,-0.39166343,0
-1.8311971,1.4110019,-4.0273476,0.30592152,-0.32470578,-0.89497387,0
-1.967561,3.1201286,1.2090938,-0.30592152,0.32470578,0.89497387,0
-0.84587359,-2.2892361,-0.38123319,-0.34516639,-0.91391385,0.21359202,0
-3.8326089,-1.3344271,-0.026218534,-0.34516639,-0.91391385,0.21359202,0
4.2548566,-2.3015983,0.1174593,0.88728356,-0.2435725,0.39166343,0
-4.7358913,-1.2038933,-0.57314205,-0.34516639,-0.91391385,0.21359202,0
-4.2239037,-0.86946607,1.5238764,-0.34516639,-0.91391385,0.21359202,0
-0.025584757,3.3043399,1.7972735,0.34516639,0.91391385,-0.21359202,0
2.3893752,-2.8081667,3.8340855,0.88728356,-0.2435725,0.39166343,0
-2.2477074,-1.2749274,2.5027483,-0.34516639,-0.91391385,0.21359202,0
-3.0407486,-1.7093217,-3.296593,0.30592152,-0.32470578,-0.89497387,0
2.2477143,1.6361561,-0.7618652,0.34516639,0.91391385,-0.21359202,0
-0.48136753,2.931911,1.6934003,-0.30592152,0.32470578,0.89497387,0
-3.4015551,2.2281561,-2.0127666,-0.88728356,0.2435725,-0.39166343,0
3.3525074,-2.0687516,-0.69861531,0.30592152,-0.32470578,-0.89497387,0
2.6580796,0.76695585,3.4340796,-0.30592152,0.32470578,0.89497387,0
1.2926086,-0.17052174,-2.510936,0.30592152,-0.32470578,-0.89497387,0
-3.5310769,1.6109254,1.0176481,-0.30592152,0.32470578,0.89497387,0
0.45973468,-2.4316638,2.5385718,-0.34516639,-0.91391385,0.21359202,0
-3.6632583,3.805985,0.11994839,-0.30592152,0.32470578,0.89497387,0
3.4393907,-1.0626822,2.7703962,0.88728356,-0.2435725,0.39166343,0
3.7943866,-2.6631777,-0.42378974,0.30592152,-0.32470578,-0.89497387,0
-0.92945373,1.632853,2.0916376,-0.30592152,0.32470578,0.89497387,0
4.023489,0.38171542,2.6402617,0.88728356,-0.2435725,0.39166343,0
3.5207019,-3.304739,1.8042243,0.88728356,-0.2435725,0.39166343,0
-3.2007003,-1.1382712,1.0620525,-0.34516639,-0.91391385,0.21359202,0
-4.0592341,-1.3530091,-1.5219712,-0.34516639,-0.91391385,0.21359202,0
0.42354345,2.1387897,-1.5262671,0.34516639,0.91391385,-0.21359202,0
4.936614,-0.45748234,-0.36996531,0.88728356,-0.2435725,0.39166343,0
-4.1905303,-0.94574314,-2.8297601,-0.88728356,0.2435725,-0.39166343,0
-3.6426482,-0.61674929,-3.5649981,-0.88728356,0.2435725,-0.39166343,0
4.8313165,0.95265985,-0.49389815,0.34516639,0.91391385,-0.21359202,0
3.7104003,-3.9506464,0.29089117,0.88728356,-0.2435725,0.39166343,0
2.9048874,0.66356242,3.616487,-0.30592152,0.32470578,0.89497387,0
-2.8193631,-1.2746049,-3.4547384,0.30592152,-0.32470578,-0.89497387,0
1.2676628,2.4054489,2.5690989,-0.30592152,0.32470578,0.89497387,0
-4.3106985,3.3243616,0.17768836,-0.30592152,0.32470578,0.89497387,0
-0.88599706,2.5171857,-2.4040556,0.34516639,0.91391385,-0.21359202,0
-0.33781242,1.2369275,-3.3843372,0.30592152,-0.32470578,-0.89497387,0
-2.9388328,-1.481573,-3.4456124,0.30592152,-0.32470578,-0.89497387,0
-3.0878885,-1.8659451,-1.6293457,-0.34516639,-0.91391385,0.21359202,0
-4.8617759,1.0856032,0.29948378,-0.88728356,0.2435725,-0.39166343,0
2.4686196,0.18500894,3.3678041,-0.30592152,0.32470578,0.89497387,0
-3.3958735,2.8399124,0.52809,-0.30592152,0.32470578,0.89497387,0
-3.4486492,3.4619496,-1.225162,-0.88728356,0.2435725,-0.39166343,0
-4.5443454,-1.1944745,-0.322577,-0.34516639,-0.91391385,0.21359202,0
2.046334,-2.7277451,3.5317662,-0.34516639,-0.91391385,0.21359202,0
2.1230016,1.5688951,-2.2921796,0.34516639,0.91391385,-0.21359202,0
-1.9620876,-2.1380417,-0.18199676,-0.34516639,-0.91391385,0.21359202,0
0.75084138,2.8405621,2.1560555,-0.30592152,0.32470578,0.89497387,0
4.3903718,0.068063974,-1.4695944,0.30592152,-0.32470578,-0.89497387,0
-2.5359409,0.83294553,-3.7390232,0.30592152,-0.32470578,-0.89497387,0
4.8556538,1.1410471,1.0789114,0.88728356,-0.2435725,0.39166343,0
2.5122035,-3.7803757,-0.39059138,-0.34516639,-0.91391385,0.21359202,0
-3.4438515,-1.8915805,-2.4689364,-0.34516639,-0.91391385,0.21359202,0
4.6117826,1.6124942,2.4933789,0.88728356,-0.2435725,0.39166343,0
3.6560268,-1.8956206,2.0704856,0.88728356,-0.2435725,0.39166343,0
0.49224213,-2.1827853,-1.7093751,0.30592152,-0.32470578,-0.89497387,0
1.3092086,1.0386237,-2.7643852,0.30592152,-0.32470578,-0.89497387,0
3.5295179,-0.10589497,3.5040426,0.88728356,-0.2435725,0.39166343,0
3.7866592,-1.9009588,2.1485932,0.88728356,-0.2435725,0.39166343,0
-2.9847007,0.63192105,1.547364,-0.30592152,0.32470578,0.89497387,0
3.7938612,1.0300767,-1.5155164,0.34516639,0.91391385,-0.21359202,0
-3.7933185,1.2040943,-1.7599714,-0.88728356,0.2435725,-0.39166343,0
-0.10781914,-2.3995538,-1.9112082,0.30592152,-0.32470578,-0.89497387,0
5.2950764,0.35838509,-0.39309239,0.88728356,-0.2435725,0.39166343,0
0.32834935,-1.2023047,3.4572425,-0.30592152,0.32470578,0.89497387,0
-2.8314247,-1.0920036,1.7507455,-0.34516639,-0.91391385,0.21359202,0
-4.1934862,2.8922617,0.075748205,-0.88728356,0.2435725,-0.39166343,0
3.8790462,1.5613983,1.7308153,0.34516639,0.91391385,-0.21359202,0
0.30543303,2.6120114,0.50245667,0.34516639,0.91391385,-0.21359202,0
-4.3261204,1.2399085,-0.94883633,-0.88728356,0.2435725,-0.39166343,0
-1.0202686,-2.5505695,-1.6002492,-0.34516639,-0.91391385,0.21359202,0
-4.1822929,1.0564408,-0.8913703,-0.88728356,0.2435725,-0.39166343,0
-0.51500177,-0.8629536,2.8788509,-0.30592152,0.32470578,0.89497387,0
-0.75287354,2.8655655,-1.5912006,0.34516639,0.91391385,-0.21359202,0
2.3910584,-1.3785553,4.1497049,-0.30592152,0.32470578,0.89497387,0
-2.9078383,-1.7428139,-3.3556042,0.30592152,-0.32470578,-0.89497387,0
0.12687755,0.171188,2.8713815,-0.30592152,0.32470578,0.89497387,0
5.0326114,-0.38523936,-0.14970517,0.88728356,-0.2435725,0.39166343,0
2.400032,-1.1776063,3.9558358,-0.30592152,0.32470578,0.89497387,0
3.0296795,2.0975018,2.1702933,0.34516639,0.91391385,-0.21359202,0
2.0676987,0.83076632,-2.1662629,0.30592152,-0.32470578,-0.89497387,0
-2.2426951,2.623287,-3.8718481,0.34516639,0.91391385,-0.21359202,0
3.9465137,-0.62658954,1.9921067,0.88728356,-0.2435725,0.39166343,0
0.1478188,-2.0894856,2.2471609,-0.34516639,-0.91391385,0.21359202,0
1.7775054,-0.3662163,3.7164199,-0.30592152,0.32470578,0.89497387,0
1.8185089,-0.48146665,3.8117266,-0.30592152,0.32470578,0.89497387,0
2.3482869,-2.6865706,3.0726755,-0.34516639,-0.91391385,0.21359202,0
-3.9680347,0.79618299,-2.2607999,-0.88728356,0.2435725,-0.39166343,0
4.0240936,1.5161111,3.647531,0.88728356,-0.2435725,0.39166343,0
-2.8911619,-2.1230433,-1.2168224,-0.34516639,-0.91391385,0.21359202,0
-4.1921759,0.82254457,-1.4518011,-0.88728356,0.2435725,-0.39166343,0
-3.3593762,1.7439878,-2.8698997,-0.88728356,0.2435725,-0.39166343,0
2.6533289,-3.1973791,1.8267996,-0.34516639,-0.91391385,0.21359202,0
3.422004,1.6044466,-0.22304106,0.34516639,0.91391385,-0.21359202,0
3.5254905,1.8233373,2.641356,0.34516639,0.91391385,-0.21359202,0
2.1014271,-2.4799421,4.0714626,-0.34516639,-0.91391385,0.21359202,0
-3.9322515,0.80595231,-2.5189924,-0.88728356,0.2435725,-0.39166343,0
0.84526825,-0.6420964,-2.3738782,0.30592152,-0.32470578,-0.89497387,0
1.7551086,1.7600957,-1.3758738,0.34516639,0.91391385,-0.21359202,0
-3.7698536,-2.2174592,-2.9999754,-0.34516639,-0.91391385,0.21359202,0
4.0666823,1.1534593,-0.24587607,0.34516639,0.91391385,-0.21359202,0
-2.0482645,2.8972473,-2.7556233,0.34516639,0.91391385,-0.21359202,0
3.9126847,0.60259211,2.4920082,0.88728356,-0.2435725,0.39166343,0
-3.767385,0.60356224,-2.5296903,-0.88728356,0.2435725,-0.39166343,0
1.132815,-3.2762623,-1.3982214,0.30592152,-0.32470578,-0.89497387,0
4.918478,-0.79768515,-0.54127526,0.88728356,-0.2435725,0.39166343,0
0.16957521,2.499023,-1.1728804,0.34516639,0.91391385,-0.21359202,0
-2.5844655,0.81852353,-3.8512826,0.30592152,-0.32470578,-0.89497387,0
-3.2009425,-1.8992529,-2.4689803,-0.34516639,-0.91391385,0.21359202,0
-3.9657624,-0.55383217,-3.1079123,-0.88728356,0.2435725,-0.39166343,0
4.2861619,-0.97236323,-0.92720783,0.30592152,-0.32470578,-0.89497387,0
0.50234693,-2.0669229,-1.6659377,0.30592152,-0.32470578,-0.89497387,0
-2.5451355,2.4583545,-3.7811837,-0.88728356,0.2435725,-0.39166343,0
-3.140265,-0.80676931,-3.6870217,0.30592152,-0.32470578,-0.89497387,0
1.2106917,0.59187901,-2.4126005,0.30592152,-0.32470578,-0.89497387,0
0.85263264,2.5095737,1.2122507,0.34516639,0.91391385,-0.21359202,0
-0.77258056,2.7494326,1.471939,-0.30592152,0.32470578,0.89497387,0
-1.8575203,-2.495538,-1.7397641,-0.34516639,-0.91391385,0.21359202,0
-1.6561842,2.7635193,-2.2659316,0.34516639,0.91391385,-0.21359202,0
-4.1683211,-1.1694973,0.87434793,-0.34516639,-0.91391385,0.21359202,0
1.7007823,-2.4825833,3.7191269,-0.34516639,-0.91391385,0.21359202,0
1.7504497,1.5085623,-1.8012044,0.34516639,0.91391385,-0.21359202,0
4.2711124,-3.5644946,0.011867523,0.88728356,-0.2435725,0.39166343,0
-2.6831832,-1.3392246,0.90094256,-0.34516639,-0.91391385,0.21359202,0
4.8332372,-0.91396832,0.40271807,0.88728356,-0.2435725,0.39166343,0
3.9082446,-0.058382988,2.8291917,0.88728356,-0.2435725,0.39166343,0
3.2299986,2.206917,2.6551151,0.34516639,0.91391385,-0.21359202,0
1.6395708,-2.7381294,2.5005558,-0.34516639,-0.91391385,0.21359202,0
-4.3401823,0.54176998,0.94742429,-0.30592152,0.32470578,0.89497387,0
2.1798258,-3.2012765,1.7441509,-0.34516639,-0.91391385,0.21359202,0
-1.816592,2.8902133,-1.5148375,0.34516639,0.91391385,-0.21359202,0
0.16868663,2.0624874,-2.951025,0.34516639,0.91391385,-0.21359202,0
-3.5963335,-1.8294709,-1.5067246,-0.34516639,-0.91391385,0.21359202,0
3.6986279,-2.2919688,-0.85359859,0.30592152,-0.32470578,-0.89497387,0
-1.617451,0.35280561,2.2098861,-0.30592152,0.32470578,0.89497387,0
-5.1852627,-0.56953454,0.20737839,-0.88728356,0.2435725,-0.39166343,0
1.4444153,-2.4716358,3.9045541,-0.34516639,-0.91391385,0.21359202,0
-5.2412167,-0.24511695,0.52676344,-0.88728356,0.2435725,-0.39166343,0
5.1623077,0.26171017,-0.25221562,0.88728356,-0.2435725,0.39166343,0
1.7174121,2.2733917,0.28837538,0.34516639,0.91391385,-0.21359202,0
0.31252766,0.94900191,-3.1039915,0.30592152,-0.32470578,-0.89497387,0
-1.1997833,-2.4109209,-0.82756776,-0.34516639,-0.91391385,0.21359202,0
-1.9901916,2.5959883,-3.2032285,0.34516639,0.91391385,-0.21359202,0
4.4227099,-1.1876745,1.2337329,0.88728356,-0.2435725,0.39166343,0
1.8049204,1.486468,-1.5457658,0.34516639,0.91391385,-0.21359202,0
2.0728142,-3.4513988,-0.1718967,-0.34516639,-0.91391385,0.21359202,0
-2.0273304,-1.4141835,2.0662489,-0.34516639,-0.91391385,0.21359202,0
4.905755,0.0021100044,0.15366507,0.88728356,-0.2435725,0.39166343,0
3.1187596,2.1865439,2.5566003,0.34516639,0.91391385,-0.21359202,0
-3.5295637,-0.00052725524,-3.9788156,-0.88728356,0.2435725,-0.39166343,0
-2.7742755,3.3677845,0.66877913,-0.30592152,0.32470578,0.89497387,0
-2.519119,3.0070984,0.8428514,-0.30592152,0.32470578,0.89497387,0
-4.4559417,-0.088278294,-1.4181149,-0.88728356,0.2435725,-0.39166343,0
1.020514,2.1191697,-1.5258342,0.34516639,0.91391385,-0.21359202,0
-4.8984652,1.495173,0.50090098,-0.88728356,0.2435725,-0.39166343,0
-0.76818454,3.1391404,0.021004438,0.34516639,0.91391385,-0.21359202,0
4.0717149,0.7760185,2.5071435,0.88728356,-0.2435725,0.39166343,0
1.2676233,0.75305581,-2.636436,0.30592152,-0.32470578,-0.89497387,0
1.6533825,-0.20507532,3.3074906,-0.30592152,0.32470578,0.89497387,0
-3.0348918,3.4727147,-0.90681672,0.34516639,0.91391385,-0.21359202,0
-1.2977109,3.0641003,1.299033,-0.30592152,0.32470578,0.89497387,0
4.2784619,-0.80808568,-0.84801078,0.30592152,-0.32470578,-0.89497387,0
-2.6867352,2.243964,-3.8945243,-0.88728356,0.2435725,-0.39166343,0
-4.5441585,-1.2624435,-1.2452953,-0.34516639,-0.91391385,0.21359202,0
-3.966279,-1.5084,-3.6065218,-0.88728356,0.2435725,-0.39166343,0
-0.99695551,0.51874042,-3.3144078,0.30592152,-0.32470578,-0.89497387,0
-4.5215335,0.12165856,-1.2008486,-0.88728356,0.2435725,-0.39166343,0
0.04236269,-0.092085242,-2.5881546,0.30592152,-0.32470578,-0.89497387,0
4.4858561,-0.72584414,0.75588965,0.88728356,-0.2435725,0.39166343,0
-0.66992539,1.0125293,2.3530872,-0.30592152,0.32470578,0.89497387,0
-1.2881596,2.3128538,1.3411397,-0.30592152,0.32470578,0.89497387,0
-3.4374213,1.666012,1.1562268,-0.30592152,0.32470578,0.89497387,0
-0.549312,-2.5229061,0.064455986,-0.34516639,-0.91391385,0.21359202,0
-3.1768923,0.068180822,-3.7667665,0.30592152,-0.32470578,-0.89497387,0
-4.486465,1.2461231,-0.37667751,-0.88728356,0.2435725,-0.39166343,0
1.3310926,1.640017,-2.6101141,0.34516639,0.91391385,-0.21359202,0
4.6146469,-2.4229538,-0.053826094,0.88728356,-0.2435725,0.39166343,0
-1.4575915,-2.4132991,-2.3822594,0.30592152,-0.32470578,-0.89497387,0
-3.8768191,3.3975968,-0.39648819,-0.88728356,0.2435725,-0.39166343,0
-3.7485461,1.7312002,0.67946196,-0.30592152,0.32470578,0.89497387,0
-0.42404914,2.4121723,-2.4104362,0.34516639,0.91391385,-0.21359202,0
2.3877859,-1.7097974,4.3348923,-0.30592152,0.32470578,0.89497387,0
-3.9687662,-1.7415832,-2.321023,-0.34516639,-0.91391385,0.21359202,0
4.1873474,-0.25858831,1.3426392,0.88728356,-0.2435725,0.39166343,0
0.11566305,2.1551089,1.9800009,-0.30592152,0.32470578,0.89497387,0
3.6371684,-0.4903447,3.0233552,0.88728356,-0.2435725,0.39166343,0
2.7972701,-1.222075,-1.233789,0.30592152,-0.32470578,-0.89497387,0
2.0857413,-2.9518518,-0.91621327,0.30592152,-0.32470578,-0.89497387,0
1.654294,2.5212653,1.0417337,0.34516639,0.91391385,-0.21359202,0
-0.38504314,-2.6877601,-0.28336203,-0.34516639,-0.91391385,0.21359202,0
5.0292015,0.79680705,0.73331571,0.88728356,-0.2435725,0.39166343,0
-2.6248751,3.6870379,0.49126768,0.34516639,0.91391385,-0.21359202,0
-3.76578,1.2060003,0.92899108,-0.30592152,0.32470578,0.89497387,0
1.2678491,2.4414835,-0.093209386,0.34516639,0.91391385,-0.21359202,0
-4.3172011,0.26325428,-1.5760186,-0.88728356,0.2435725,-0.39166343,0
-2.0280857,-1.648093,1.4921539,-0.34516639,-0.91391385,0.21359202,0
0.37727159,2.8485451,1.6235631,0.34516639,0.91391385,-0.21359202,0
0.47458386,-2.4330802,2.3652081,-0.34516639,-0.91391385,0.21359202,0
0.52943802,-0.81537867,-2.3430097,0.30592152,-0.32470578,-0.89497387,0
-3.5974126,-0.36665559,1.6112353,-0.30592152,0.32470578,0.89497387,0
1.214041,-0.567514,3.5402215,-0.30592152,0.32470578,0.89497387,0
4.8532043,0.24108553,0.64113903,0.88728356,-0.2435725,0.39166343,0
-3.0932178,0.36114407,1.6622902,-0.30592152,0.32470578,0.89497387,0
4.0980349,-0.1393702,-1.32796,0.30592152,-0.32470578,-0.89497387,0
-1.3379205,1.087658,2.1277449,-0.30592152,0.32470578,0.89497387,0
-2.5936236,1.8449509,-4.1030788,-0.88728356,0.2435725,-0.39166343,0
-5.0698805,-0.87569642,-0.25359011,-0.88728356,0.2435725,-0.39166343,0
-3.22896,-1.7904927,-3.248472,0.30592152,-0.32470578,-0.89497387,0
1.0879517,0.43554747,-2.5818925,0.30592152,-0.32470578,-0.89497387,0
-0.13094199,-3.1186662,-1.2328732,-0.34516639,-0.91391385,0.21359202,0
-2.0181627,3.3507066,0.92544734,-0.30592152,0.32470578,0.89497387,0
-1.2230352,1.7121575,1.5748791,-0.30592152,0.32470578,0.89497387,0
3.2413335,-4.0303793,-0.1370821,-0.34516639,-0.91391385,0.21359202,0
-1.9777114,3.4858584,-0.21581316,0.34516639,0.91391385,-0.21359202,0
2.7989781,-2.9492321,3.6349921,0.88728356,-0.2435725,0.39166343,0
1.768564,-3.0261981,-1.2841611,0.30592152,-0.32470578,-0.89497387,0
3.7280807,2.0276618,2.7297676,0.34516639,0.91391385,-0.21359202,0
5.0543714,-0.58943677,-0.50776744,0.88728356,-0.2435725,0.39166343,0
-3.3659761,-1.5922405,-1.4812493,-0.34516639,-0.91391385,0.21359202,0
-3.7518513,1.4219877,-1.9577072,-0.88728356,0.2435725,-0.39166343,0
-4.4921927,0.69852328,-0.56535912,-0.88728356,0.2435725,-0.39166343,0
0.75550073,0.30027878,2.7857313,-0.30592152,0.32470578,0.89497387,0
3.8102987,1.6095285,1.5192606,0.34516639,0.91391385,-0.21359202,0
-1.0778053,2.5487521,1.6299062,-0.30592152,0.32470578,0.89497387,0
3.3580914,-0.39503214,3.8179681,0.88728356,-0.2435725,0.39166343,0
-4.7573256,0.66823578,0.83926415,-0.30592152,0.32470578,0.89497387,0
3.6464643,-0.87974,-1.0529996,0.30592152,-0.32470578,-0.89497387,0
0.17757559,-2.8271947,-0.49307168,-0.34516639,-0.91391385,0.21359202,0
-1.9675008,-2.3183029,-0.85178888,-0.34516639,-0.91391385,0.21359202,0
1.7947026,2.014138,-0.10043183,0.34516639,0.91391385,-0.21359202,0
3.4040422,1.7009223,1.6549408,0.34516639,0.91391385,-0.21359202,0
2.9931064,1.9235961,1.7060249,0.34516639,0.91391385,-0.21359202,0
2.84676,-1.6565174,4.0307102,0.88728356,-0.2435725,0.39166343,0
3.6341994,0.62494648,3.2137613,0.88728356,-0.2435725,0.39166343,0
3.8517098,-1.110376,2.454663,0.88728356,-0.2435725,0.39166343,0
3.1807058,-2.9529042,2.3025022,0.88728356,-0.2435725,0.39166343,0
-2.4595079,3.6225672,-1.0507562,0.34516639,0.91391385,-0.21359202,0
1.1470712,-3.0386953,0.42030168,-0.34516639,-0.91391385,0.21359202,0
-2.4864364,-1.5575792,0.17390847,-0.34516639,-0.91391385,0.21359202,0
0.34633744,-0.70325106,3.280163,-0.30592152,0.32470578,0.89497387,0
4.4068594,0.58444041,2.257766,0.88728356,-0.2435725,0.39166343,0
0.97979486,2.8079123,2.308928,-0.30592152,0.32470578,0.89497387,0
4.6226387,1.4547446,1.5311767,0.34516639,0.91391385,-0.21359202,0
3.33779,1.3790267,-0.72965991,0.34516639,0.91391385,-0.21359202,0
-1.6846434,-2.2723272,-0.92029005,-0.34516639,-0.91391385,0.21359202,0
3.2385468,-0.72960144,4.0048923,0.88728356,-0.2435725,0.39166343,0
4.2408972,0.85621142,2.6454444,0.88728356,-0.2435725,0.39166343,0
-2.0390286,-2.3096161,-0.5378499,-0.34516639,-0.91391385,0.21359202,0
3.4830289,-0.41532403,2.8569586,0.88728356,-0.2435725,0.39166343,0
3.4540293,-3.3187671,1.2686706,0.88728356,-0.2435725,0.39166343,0
0.62482947,2.847997,1.3781722,0.34516639,0.91391385,-0.21359202,0
3.3398986,-1.9049842,-0.83269536,0.30592152,-0.32470578,-0.89497387,0
4.3136511,0.34554148,2.2227848,0.88728356,-0.2435725,0.39166343,0
5.0690026,0.79523873,0.46653247,0.88728356,-0.2435725,0.39166343,0
1.9275317,1.5477623,-2.591876,0.34516639,0.91391385,-0.21359202,0
-4.0253034,-1.5355821,-2.9972486,-0.88728356,0.2435725,-0.39166343,0
-1.9028189,3.5023739,0.7039578,-0.30592152,0.32470578,0.89497387,0
-3.6166239,3.7644601,-0.8179245,-0.88728356,0.2435725,-0.39166343,0
2.3514993,0.79630208,-2.3063786,0.30592152,-0.32470578,-0.89497387,0
-3.4673824,3.4585991,-1.9522529,-0.88728356,0.2435725,-0.39166343,0
-3.2359281,3.2170537,0.47634459,-0.30592152,0.32470578,0.89497387,0
4.6751328,1.5305521,2.1926317,0.88728356,-0.2435725,0.39166343,0
-5.3273668,-0.14471197,-0.0036606789,-0.88728356,0.2435725,-0.39166343,0
-4.7301393,1.8957517,0.27393222,-0.88728356,0.2435725,-0.39166343,0
-0.18285382,0.1713028,-3.1074846,0.30592152,-0.32470578,-0.89497387,0
5.0154014,-1.1564708,-0.68912315,0.88728356,-0.2435725,0.39166343,0
-2.9703732,2.9585767,-2.600533,-0.88728356,0.2435725,-0.39166343,0
3.4630656,-0.088814914,3.3766255,0.88728356,-0.2435725,0.39166343,0
3.808238,-0.16401148,2.8744853,0.88728356,-0.2435725,0.39166343,0
-1.5283391,-2.2587368,-2.6731019,0.30592152,-0.32470578,-0.89497387,0
-2.1877131,2.5983613,-3.4647989,0.34516639,0.91391385,-0.21359202,0
-4.3024988,0.29457581,-1.9253881,-0.88728356,0.2435725,-0.39166343,0
3.2954741,-1.0257295,2.9084487,0.88728356,-0.2435725,0.39166343,0
-0.3496201,-1.7374562,3.1915665,-0.30592152,0.32470578,0.89497387,0
4.8733096,0.32770634,0.55034614,0.88728356,-0.2435725,0.39166343,0
2.4751709,0.931036,-2.4507868,0.30592152,-0.32470578,-0.89497387,0
-2.2763536,2.3382597,1.2232137,-0.30592152,0.32470578,0.89497387,0
2.0100861,1.9113709,-0.87000662,0.34516639,0.91391385,-0.21359202,0
-1.3552163,3.5116725,1.1089947,0.34516639,0.91391385,-0.21359202,0
-2.3124292,-1.2647896,2.5357003,-0.30592152,0.32470578,0.89497387,0
-3.4447145,1.321311,-2.9961979,-0.88728356,0.2435725,-0.39166343,0
-2.2845788,2.7609468,-3.1836548,0.34516639,0.91391385,-0.21359202,0
-3.8305244,-0.72881186,-3.6704602,-0.88728356,0.2435725,-0.39166343,0
5.5420527,0.38069177,-0.51762438,0.88728356,-0.2435725,0.39166343,0
-4.9429889,0.40404558,-0.03259182,-0.88728356,0.2435725,-0.39166343,0
-2.9187446,2.336266,1.0531962,-0.30592152,0.32470578,0.89497387,0
-1.9720424,3.3776562,-0.74757552,0.34516639,0.91391385,-0.21359202,0
-4.1513743,1.4975264,-0.85512185,-0.88728356,0.2435725,-0.39166343,0
1.8807539,-3.1703267,-0.85501838,0.30592152,-0.32470578,-0.89497387,0
-4.5247564,-0.74407792,-1.5112121,-0.88728356,0.2435725,-0.39166343,0
0.48751688,1.2877939,-3.2663131,0.30592152,-0.32470578,-0.89497387,0
3.9112587,0.30721045,3.2256317,0.88728356,-0.2435725,0.39166343,0
4.34795,-0.28611374,1.0299332,0.88728356,-0.2435725,0.39166343,0
-1.8901129,3.2592566,-1.1074936,0.34516639,0.91391385,-0.21359202,0
-3.0308673,1.147853,-3.4075785,-0.88728356,0.2435725,-0.39166343,0
4.1174498,-0.90407228,-1.0098721,0.30592152,-0.32470578,-0.89497387,0
2.1656685,-1.4714935,-1.5228566,0.30592152,-0.32470578,-0.89497387,0
1.3706017,-2.3560548,3.4857781,-0.34516639,-0.91391385,0.21359202,0
-3.2171488,3.4869313,-1.6530168,-0.88728356,0.2435725,-0.39166343,0
-0.64687562,0.50839484,2.5119162,-0.30592152,0.32470578,0.89497387,0
-2.7812464,1.746318,-3.8703487,-0.88728356,0.2435725,-0.39166343,0
-3.2735698,1.2495687,-3.1165605,-0.88728356,0.2435725,-0.39166343,0
0.30585468,-2.8664165,-0.038652062,-0.34516639,-0.91391385,0.21359202,0
4.0264521,-0.10868454,1.9968944,0.88728356,-0.2435725,0.39166343,0
2.2513404,-1.0677063,-1.6140162,0.30592152,-0.32470578,-0.89497387,0
-3.5684714,0.76428664,-3.07549,-0.88728356,0.2435725,-0.39166343,0
2.9671092,-1.0414667,4.3430614,-0.30592152,0.32470578,0.89497387,0
-3.2089126,-1.6900896,-0.21633035,-0.34516639,-0.91391385,0.21359202,0
3.992147,1.3546818,0.59870946,0.34516639,0.91391385,-0.21359202,0
4.5976243,-1.986407,-0.06758976,0.88728356,-0.2435725,0.39166343,0
-2.5685773,3.5340335,0.13062477,0.34516639,0.91391385,-0.21359202,0
-4.1859102,2.5796349,-0.16287446,-0.88728356,0.2435725,-0.39166343,0
3.9461813,-2.3925085,0.7928021,0.88728356,-0.2435725,0.39166343,0
3.4170809,-1.0945823,2.7700393,0.88728356,-0.2435725,0.39166343,0
0.69062316,0.57903719,3.0000198,-0.30592152,0.32470578,0.89497387,0
1.1663388,0.39597869,-2.42294,0.30592152,-0.32470578,-0.89497387,0
-3.9299259,-1.1431454,-3.0088391,-0.88728356,0.2435725,-0.39166343,0
-2.6235073,2.2087874,-4.0662098,-0.88728356,0.2435725,-0.39166343,0
-3.4784684,-0.78596079,-3.5015686,0.30592152,-0.32470578,-0.89497387,0
-2.057117,-0.94994891,2.3533218,-0.30592152,0.32470578,0.89497387,0
4.1570311,-3.6953659,0.095586777,0.88728356,-0.2435725,0.39166343,0
3.5955873,0.30080947,3.5386,0.88728356,-0.2435725,0.39166343,0
-4.1912861,-0.31149638,-1.7638476,-0.88728356,0.2435725,-0.39166343,0
-1.3550258,2.5500674,-2.725275,0.34516639,0.91391385,-0.21359202,0
-1.9103711,-1.958837,-2.8123832,0.30592152,-0.32470578,-0.89497387,0
0.10759997,-1.2793329,3.2976832,-0.30592152,0.32470578,0.89497387,0
0.26401973,2.2887435,-2.1526132,0.34516639,0.91391385,-0.21359202,0
4.3135858,0.8003127,1.9537146,0.88728356,-0.2435725,0.39166343,0
-1.6234455,-1.4078971,2.3341193,-0.34516639,-0.91391385,0.21359202,0
-3.105823,1.5836957,1.0360751,-0.30592152,0.32470578,0.89497387,0
-4.8100882,0.24232483,-0.75042629,-0.88728356,0.2435725,-0.39166343,0
-1.3803058,-0.50202513,2.3076272,-0.30592152,0.32470578,0.89497387,0
-1.1845896,0.59120476,2.0402122,-0.30592152,0.32470578,0.89497387,0
5.3125033,-0.086889744,-0.79524446,0.88728356,-0.2435725,0.39166343,0
3.8902063,0.89259821,2.8104978,0.88728356,-0.2435725,0.39166343,0
-2.6427016,-1.1999949,1.5446298,-0.34516639,-0.91391385,0.21359202,0
3.8326795,-0.061680079,3.1931331,0.88728356,-0.2435725,0.39166343,0
-2.4383576,0.24701643,2.0697794,-0.30592152,0.32470578,0.89497387,0
-0.26433301,3.1122501,0.71087027,0.34516639,0.91391385,-0.21359202,0
-2.8613806,1.7343016,-4.3752422,-0.88728356,0.2435725,-0.39166343,0
3.5276704,0.37818468,3.5270138,0.88728356,-0.2435725,0.39166343,0
3.6255295,0.51392537,3.2290163,0.88728356,-0.2435725,0.39166343,0
0.17914999,2.2308321,-1.123855,0.34516639,0.91391385,-0.21359202,0
-0.83245969,1.4595495,-3.5415146,0.30592152,-0.32470578,-0.89497387,0
-3.2479758,1.6063362,-2.8899398,-0.88728356,0.2435725,-0.39166343,0
0.38743985,-0.053513765,-2.4280207,0.30592152,-0.32470578,-0.89497387,0
-3.3324382,3.5077195,-1.3295424,-0.88728356,0.2435725,-0.39166343,0
-3.7579188,1.095091,-2.267277,-0.88728356,0.2435725,-0.39166343,0
-0.29431155,-1.390275,-2.4363108,0.30592152,-0.32470578,-0.89497387,0
-4.204525,2.4284995,-0.54822707,-0.88728356,0.2435725,-0.39166343,0
-2.6965151,3.1066885,-2.8973272,0.34516639,0.91391385,-0.21359202,0
2.8028393,-1.6767051,4.4069805,0.88728356,-0.2435725,0.39166343,0
-0.056117773,2.3739297,-1.690981,0.34516639,0.91391385,-0.21359202,0
-0.59287429,3.0742953,0.53379881,0.34516639,0.91391385,-0.21359202,0
-3.7045698,1.4326705,-2.2795434,-0.88728356,0.2435725,-0.39166343,0
3.4254885,1.348436,-0.92053998,0.34516639,0.91391385,-0.21359202,0
3.4793372,-1.6052403,2.4425011,0.88728356,-0.2435725,0.39166343,0
2.6466618,-0.18956304,-1.9442567,0.30592152,-0.32470578,-0.89497387,0
2.848664,-1.381914,4.09832,0.88728356,-0.2435725,0.39166343,0
-3.3950365,-0.61412901,-3.6742961,0.30592152,-0.32470578,-0.89497387,0
-2.5717573,-1.8973355,-1.1335372,-0.34516639,-0.91391385,0.21359202,0
-0.85913116,3.4355114,1.0202839,0.34516639,0.91391385,-0.21359202,0
0.29201996,-2.6883562,0.020477533,-0.34516639,-0.91391385,0.21359202,0
-4.2086582,1.0508103,1.0700488,-0.30592152,0.32470578,0.89497387,0
-2.7213547,2.1566262,-3.7057302,-0.88728356,0.2435725,-0.39166343,0
4.556777,-1.5356963,-0.023106098,0.88728356,-0.2435725,0.39166343,0
-2.9306803,1.3046782,1.2414285,-0.30592152,0.32470578,0.89497387,0
-3.6196852,0.62501127,-2.8306651,-0.88728356,0.2435725,-0.39166343,0
3.1064577,-1.4681319,3.6485143,0.88728356,-0.2435725,0.39166343,0
-3.7833314,1.256386,-1.6640964,-0.88728356,0.2435725,-0.39166343,0
-1.0019803,0.1528511,2.2157388,-0.30592152,0.32470578,0.89497387,0
4.9299526,0.38527274,0.70485878,0.88728356,-0.2435725,0.39166343,0
-2.952955,3.7084002,0.19882131,0.34516639,0.91391385,-0.21359202,0
2.2628901,2.4324977,2.307301,0.34516639,0.91391385,-0.21359202,0
4.4680748,0.050109148,1.3003848,0.88728356,-0.2435725,0.39166343,0
3.5477312,-0.9299345,3.2578504,0.88728356,-0.2435725,0.39166343,0
1.002215,-2.9492316,1.3188758,-0.34516639,-0.91391385,0.21359202,0
3.1620169,-2.3114901,2.5597484,0.88728356,-0.2435725,0.39166343,0
5.1718745,-0.24374795,-0.33707261,0.88728356,-0.2435725,0.39166343,0
4.4031353,-1.3659515,0.68469572,0.88728356,-0.2435725,0.39166343,0
2.8329213,-2.9169536,3.3769276,-0.34516639,-0.91391385,0.21359202,0
-3.4927664,1.4213673,-2.5035682,-0.88728356,0.2435725,-0.39166343,0
3.529742,-0.8747704,-1.2436093,0.30592152,-0.32470578,-0.89497387,0
3.3497505,2.0249975,3.0048046,-0.30592152,0.32470578,0.89497387,0
1.3279719,-1.5743393,3.890182,-0.30592152,0.32470578,0.89497387,0
0.38670111,-2.5973852,1.6118129,-0.34516639,-0.91391385,0.21359202,0
-2.836652,3.7897034,0.0026371479,0.34516639,0.91391385,-0.21359202,0
3.4321737,-1.758759,2.2054515,0.88728356,-0.2435725,0.39166343,0
5.0523729,-0.42744875,-0.64483166,0.88728356,-0.2435725,0.39166343,0
-3.6663542,-0.066638231,1.7751637,-0.30592152,0.32470578,0.89497387,0
-4.2132907,0.056788325,-1.5954792,-0.88728356,0.2435725,-0.39166343,0
2.3837509,1.9669216,0.97688198,0.34516639,0.91391385,-0.21359202,0
-1.2511091,-1.2507277,-2.8693545,0.30592152,-0.32470578,-0.89497387,0
5.234108,0.97672582,0.2754252,0.34516639,0.91391385,-0.21359202,0
4.0013843,-1.7280002,-0.75424671,0.30592152,-0.32470578,-0.89497387,0
-3.914156,-1.3056757,-0.15477657,-0.34516639,-0.91391385,0.21359202,0
-0.2412411,-0.50833929,-2.5498652,0.30592152,-0.32470578,-0.89497387,0
2.4658751,-2.8303876,3.7178357,0.88728356,-0.2435725,0.39166343,0
0.094731808,-0.34350383,-2.6790755,0.30592152,-0.32470578,-0.89497387,0
-3.7255883,-0.29997361,-2.948245,-0.88728356,0.2435725,-0.39166343,0
-1.4770856,-2.2360768,0.40340945,-0.34516639,-0.91391385,0.21359202,0
-2.0688577,-2.4117925,-1.4374009,-0.34516639,-0.91391385,0.21359202,0
-1.5867368,2.7486053,-2.6140914,0.34516639,0.91391385,-0.21359202,0
-4.3712392,-0.55107605,-1.5924668,-0.88728356,0.2435725,-0.39166343,0
-2.5322633,-2.1837773,-3.010906,0.30592152,-0.32470578,-0.89497387,0
-2.8776226,-1.5386451,-3.2879677,0.30592152,-0.32470578,-0.89497387,0
-4.2590518,-0.75818014,-2.2353911,-0.88728356,0.2435725,-0.39166343,0
3.1120491,-3.19626,-0.47520661,0.30592152,-0.32470578,-0.89497387,0
2.7988267,1.6622305,-0.52150393,0.34516639,0.91391385,-0.21359202,0
-4.6686411,-0.67884481,-1.1566045,-0.88728356,0.2435725,-0.39166343,0
-4.4689264,2.3170867,-0.21636105,-0.88728356,0.2435725,-0.39166343,0
-1.2910414,1.4564067,1.9278669,-0.30592152,0.32470578,0.89497387,0
-5.4581518,-0.31639075,0.86428142,-0.88728356,0.2435725,-0.39166343,0
-3.9919138,3.2418108,0.27018428,-0.30592152,0.32470578,0.89497387,0
0.087908149,-2.5285931,-1.6878628,0.30592152,-0.32470578,-0.89497387,0
-2.0191014,2.6436751,-2.9283388,0.34516639,0.91391385,-0.21359202,0
-0.25427485,2.5370932,-1.6886828,0.34516639,0.91391385,-0.21359202,0
-2.7657938,1.9647171,-3.8956025,-0.88728356,0.2435725,-0.39166343,0
-0.94372374,-2.8322334,-1.430218,-0.34516639,-0.91391385,0.21359202,0
-2.2364631,1.2139184,-4.0712342,0.30592152,-0.32470578,-0.89497387,0
-3.1677814,0.95680463,-3.2775204,-0.88728356,0.2435725,-0.39166343,0
-4.4853101,-1.2524585,-1.955551,-0.88728356,0.2435725,-0.39166343,0
-4.3576288,-0.03843987,-1.4408324,-0.88728356,0.2435725,-0.39166343,0
-3.6203513,3.6527348,-1.019042,-0.88728356,0.2435725,-0.39166343,0
-3.2685852,-1.3975873,1.2694409,-0.34516639,-0.91391385,0.21359202,0
-1.8082908,3.03231,-0.93606043,0.34516639,0.91391385,-0.21359202,0
-3.95679,3.3618793,-0.29635906,-0.88728356,0.2435725,-0.39166343,0
2.9481544,0.59838694,3.6803854,-0.30592152,0.32470578,0.89497387,0
1.3288174,-2.8353722,0.78770852,-0.34516639,-0.91391385,0.21359202,0
3.5798979,-0.72789812,3.2838972,0.88728356,-0.2435725,0.39166343,0
1.0307503,2.2362659,-0.55770862,0.34516639,0.91391385,-0.21359202,0
0.74662614,-2.679827,1.8007902,-0.34516639,-0.91391385,0.21359202,0
3.960155,-3.7619097,0.50088978,0.88728356,-0.2435725,0.39166343,0
-3.6606693,-1.2818868,0.64391315,-0.34516639,-0.91391385,0.21359202,0
-3.769073,-1.9318144,-1.8759238,-0.34516639,-0.91391385,0.21359202,0
4.3885417,-2.4244723,0.21665192,0.88728356,-0.2435725,0.39166343,0
-1.1643616,-1.3574629,-2.6398473,0.30592152,-0.32470578,-0.89497387,0
-0.18875778,2.6902187,-0.63026929,0.34516639,0.91391385,-0.21359202,0
0.9216584,-3.3038878,-1.0951297,-0.34516639,-0.91391385,0.21359202,0
4.0370002,-0.39431226,2.1954305,0.88728356,-0.2435725,0.39166343,0
4.3402715,1.2682073,1.6653746,0.34516639,0.91391385,-0.21359202,0
-3.3752108,1.1262751,1.1900549,-0.30592152,0.32470578,0.89497387,0
-2.2137656,-1.3893182,1.8391354,-0.34516639,-0.91391385,0.21359202,0
1.5100433,-2.6533837,3.3109031,-0.34516639,-0.91391385,0.21359202,0
-4.3825068,2.2673364,-0.07019043,-0.88728356,0.2435725,-0.39166343,0
4.984004,0.35145211,0.22467113,0.88728356,-0.2435725,0.39166343,0
0.4874723,-2.469223,1.4178038,-0.34516639,-0.91391385,0.21359202,0
2.4437568,-2.5537186,3.858803,-0.34516639,-0.91391385,0.21359202,0
-2.0862749,-2.3275895,-1.9487062,-0.34516639,-0.91391385,0.21359202,0
0.11345363,1.7526119,-3.5439277,0.30592152,-0.32470578,-0.89497387,0
-4.484633,-0.69548297,1.3237932,-0.34516639,-0.91391385,0.21359202,0
1.8977302,1.7445841,-1.3416959,0.34516639,0.91391385,-0.21359202,0
-4.321619,2.5884762,0.42453861,-0.30592152,0.32470578,0.89497387,0
0.86391401,-2.9708047,0.63643956,-0.34516639,-0.91391385,0.21359202,0
-2.3034368,2.4514105,-4.3525925,0.30592152,-0.32470578,-0.89497387,0
-2.6457238,-1.6530901,-3.0068138,0.30592152,-0.32470578,-0.89497387,0
-2.1386778,0.43164405,-3.8196783,0.30592152,-0.32470578,-0.89497387,0
2.5287728,1.8819764,3.0000086,-0.30592152,0.32470578,0.89497387,0
3.5935578,1.8375248,1.241793,0.34516639,0.91391385,-0.21359202,0
-5.20397,-0.035197735,0.44447589,-0.88728356,0.2435725,-0.39166343,0
1.9495237,-3.5896537,-0.16125083,-0.34516639,-0.91391385,0.21359202,0
-2.220027,1.0064006,-4.0711427,0.30592152,-0.32470578,-0.89497387,0
-3.8826981,-1.2681897,0.38652706,-0.34516639,-0.91391385,0.21359202,0
-0.17058527,2.6027224,-0.98188102,0.34516639,0.91391385,-0.21359202,0
-4.0513821,0.30948997,-1.6878526,-0.88728356,0.2435725,-0.39166343,0
-3.0511675,0.55369139,-3.8282003,-0.88728356,0.2435725,-0.39166343,0
1.1697943,2.7359366,2.0643587,0.34516639,0.91391385,-0.21359202,0
0.83316123,2.6666069,0.40859413,0.34516639,0.91391385,-0.21359202,0
0.28704429,0.80081356,-3.0590897,0.30592152,-0.32470578,-0.89497387,0
-2.6179652,3.729197,-0.56393981,0.34516639,0.91391385,-0.21359202,0
2.9769456,-1.3428886,4.1190019,-0.30592152,0.32470578,0.89497387,0
1.5366092,-0.28589946,3.5692663,-0.30592152,0.32470578,0.89497387,0
3.611058,-1.5210576,-1.0712388,0.30592152,-0.32470578,-0.89497387,0
1.1090611,2.5277157,2.4107161,-0.30592152,0.32470578,0.89497387,0
3.14223,-2.0196426,3.6242201,0.88728356,-0.2435725,0.39166343,0
-0.83239079,0.61654812,-3.3134899,0.30592152,-0.32470578,-0.89497387,0
0.92001235,-1.501165,3.5960395,-0.30592152,0.32470578,0.89497387,0
-3.9531209,1.3495286,1.1557349,-0.30592152,0.32470578,0.89497387,0
-1.9336965,0.22163486,1.8777245,-0.30592152,0.32470578,0.89497387,0
-1.0724993,1.7001451,1.7050574,-0.30592152,0.32470578,0.89497387,0
4.3086715,-2.3913543,0.36678815,0.88728356,-0.2435725,0.39166343,0
3.341311,-1.2230202,2.7617102,0.88728356,-0.2435725,0.39166343,0
1.6218593,1.3757157,-2.4153457,0.34516639,0.91391385,-0.21359202,0
1.7175349,-0.64886338,3.6161685,-0.30592152,0.32470578,0.89497387,0
1.6632719,-0.22018909,-2.1033449,0.30592152,-0.32470578,-0.89497387,0
-3.3357143,-1.6674513,-0.25954086,-0.34516639,-0.91391385,0.21359202,0
-4.1254191,-1.5981945,-1.9131446,-0.34516639,-0.91391385,0.21359202,0
4.2732539,-1.0572793,0.65563154,0.88728356,-0.2435725,0.39166343,0
-0.0081040859,2.1838608,-2.3507264,0.34516639,0.91391385,-0.21359202,0
0.79619884,2.346976,-1.287145,0.34516639,0.91391385,-0.21359202,0
2.2010162,1.209378,-2.0619442,0.34516639,0.91391385,-0.21359202,0
1.0571376,-2.7188053,-1.3673022,0.30592152,-0.32470578,-0.89497387,0
1.8871489,-0.79066539,3.7411737,-0.30592152,0.32470578,0.89497387,0
2.1146364,-3.4118552,0.35944891,-0.34516639,-0.91391385,0.21359202,0
-0.89913338,-2.6268454,-1.7176161,-0.34516639,-0.91391385,0.21359202,0
-3.2711139,3.0913711,-1.81569,-0.88728356,0.2435725,-0.39166343,0
3.0620055,0.27283281,3.6716192,-0.30592152,0.32470578,0.89497387,0
3.1792903,-3.5373502,1.402812,-0.34516639,-0.91391385,0.21359202,0
0.15632081,-2.3688071,2.7472858,-0.34516639,-0.91391385,0.21359202,0
-3.4216011,2.6083529,-2.0183077,-0.88728356,0.2435725,-0.39166343,0
1.1354682,-0.04875946,-2.5009727,0.30592152,-0.32470578,-0.89497387,0
-4.0046997,-1.3723861,-3.3933706,-0.88728356,0.2435725,-0.39166343,0
0.77780533,0.27205813,2.7923627,-0.30592152,0.32470578,0.89497387,0
-2.5675416,-0.54457271,-3.5445824,0.30592152,-0.32470578,-0.89497387,0
3.8126953,-1.808071,1.303582,0.88728356,-0.2435725,0.39166343,0
3.7542086,0.087766051,2.5435317,0.88728356,-0.2435725,0.39166343,0
-1.4207846,2.6214542,-2.6985335,0.34516639,0.91391385,-0.21359202,0
-0.48764944,2.3644676,-2.4414332,0.34516639,0.91391385,-0.21359202,0
0.86623549,-0.21562696,3.1000006,-0.30592152,0.32470578,0.89497387,0
-0.98990643,2.1789746,1.7162715,-0.30592152,0.32470578,0.89497387,0
2.5202079,-3.6782532,-0.2531054,-0.34516639,-0.91391385,0.21359202,0
-3.405127,0.67415226,-3.2537425,-0.88728356,0.2435725,-0.39166343,0
-3.8361089,3.1320627,-0.39498711,-0.88728356,0.2435725,-0.39166343,0
-1.4023502,-2.2844718,-2.6476188,0.30592152,-0.32470578,-0.89497387,0
-1.5099785,0.96492612,1.8323103,-0.30592152,0.32470578,0.89497387,0
-2.0239925,2.76808,-3.3626425,0.34516639,0.91391385,-0.21359202,0
0.62516773,-2.6620278,1.1123959,-0.34516639,-0.91391385,0.21359202,0
-0.58409029,3.0666504,1.6684011,-0.30592152,0.32470578,0.89497387,0
4.3780317,0.96155334,-0.2221452,0.34516639,0.91391385,-0.21359202,0
4.2915764,-1.1983726,1.220448,0.88728356,-0.2435725,0.39166343,0
1.4640968,-2.3925533,3.892483,-0.34516639,-0.91391385,0.21359202,0
-4.3480611,-1.4924991,-2.5351329,-0.88728356,0.2435725,-0.39166343,0
-3.4620335,2.859468,-1.9376385,-0.88728356,0.2435725,-0.39166343,0
1.3924803,-3.3034191,-1.1079971,-0.34516639,-0.91391385,0.21359202,0
1.2652152,-1.7526543,-1.6237019,0.30592152,-0.32470578,-0.89497387,0
1.1493979,-3.1538136,-0.65817344,-0.34516639,-0.91391385,0.21359202,0
-0.091139555,2.3223743,-2.4588141,0.34516639,0.91391385,-0.21359202,0
1.9899755,-2.9162784,1.8148427,-0.34516639,-0.91391385,0.21359202,0
-3.7748566,4.0623693,-0.73610592,-0.88728356,0.2435725,-0.39166343,0
0.13165271,2.5443802,1.7867217,-0.30592152,0.32470578,0.89497387,0
-1.4281691,-2.6812496,-1.1926394,-0.34516639,-0.91391385,0.21359202,0
4.9670706,-0.72101712,-0.029924154,0.88728356,-0.2435725,0.39166343,0
-3.1323879,2.0281925,-3.6215954,-0.88728356,0.2435725,-0.39166343,0
4.0116968,1.4614031,3.78861,0.88728356,-0.2435725,0.39166343,0
2.6690829,2.0190883,2.9818847,-0.30592152,0.32470578,0.89497387,0
-0.295542,1.3086489,-3.1925948,0.30592152,-0.32470578,-0.89497387,0
-3.3652182,-1.993561,-2.1329601,-0.34516639,-0.91391385,0.21359202,0
-4.4474406,0.050698519,-1.7987881,-0.88728356,0.2435725,-0.39166343,0
-5.2637434,-0.67083502,0.72481298,-0.34516639,-0.91391385,0.21359202,0
2.3611188,-3.3906555,-0.60621452,0.30592152,-0.32470578,-0.89497387,0
-3.0623834,2.0981741,-3.6685472,-0.88728356,0.2435725,-0.39166343,0
-3.9637737,0.50485086,-2.6905231,-0.88728356,0.2435725,-0.39166343,0
-4.4081349,-1.6763031,-2.0410457,-0.88728356,0.2435725,-0.39166343,0
3.8559501,-1.3883271,-0.81078863,0.30592152,-0.32470578,-0.89497387,0
-5.0574331,0.030474424,0.19421458,-0.88728356,0.2435725,-0.39166343,0
-4.1746631,0.75710022,-1.3378143,-0.88728356,0.2435725,-0.39166343,0
-3.1494601,2.1429477,-3.4386227,-0.88728356,0.2435725,-0.39166343,0
