1.5444233,-0.27454114,-3.6133497,-0.37403446,0.33530807,-0.86467731,0
-3.8874726,-0.81363243,2.6098716,-0.82295913,0.30986917,0.47615063,0
4.25208,0.60394263,0.58703876,0.42759407,0.88969082,0.16004306,0
-1.3280725,3.4944236,0.98596442,0.42759407,0.88969082,0.16004306,0
-4.2389383,2.042505,-0.027504683,-0.82295913,0.30986917,0.47615063,0
2.261179,-0.92382884,1.341913,0.37403446,-0.33530807,0.86467731,0
3.802346,-1.7297132,-0.80955744,0.82295913,-0.30986917,-0.47615063,0
3.4449105,0.64772892,1.7317766,0.37403446,-0.33530807,0.86467731,0
-2.6105528,-2.1510153,2.6964643,-0.42759407,-0.88969082,-0.16004306,0
-3.0645726,2.6159582,-0.33342075,-0.37403446,0.33530807,-0.86467731,0
-3.8738797,-0.065252185,1.7804368,-0.82295913,0.30986917,0.47615063,0
3.6850777,1.2899387,-1.8828552,0.42759407,0.88969082,0.16004306,0
0.36549163,-3.0379744,0.68792081,-0.42759407,-0.88969082,-0.16004306,0
-1.7375599,2.009788,4.3837152,-0.82295913,0.30986917,0.47615063,0
-4.3260765,0.7697258,0.079960346,-0.82295913,0.30986917,0.47615063,0
4.0970387,-1.6969316,-0.042058229,0.82295913,-0.30986917,-0.47615063,0
-3.9266908,2.7128081,0.0037388802,-0.82295913,0.30986917,0.47615063,0
4.1565599,0.49588704,-1.2937922,0.82295913,-0.30986917,-0.47615063,0
-2.1412287,3.8043773,1.2426922,0.42759407,0.88969082,0.16004306,0
-2.0216146,-1.3525033,-1.5791605,-0.42759407,-0.88969082,-0.16004306,0
4.0271616,-1.0537786,-1.0213802,0.82295913,-0.30986917,-0.47615063,0
0.96160746,0.15987992,2.5611784,0.37403446,-0.33530807,0.86467731,0
4.5664606,-0.099157333,-0.67011237,0.82295913,-0.30986917,-0.47615063,0
-1.1252959,1.6441889,-1.8045609,-0.37403446,0.33530807,-0.86467731,0
-0.51329935,0.65198576,3.3197398,0.37403446,-0.33530807,0.86467731,0
-0.62762547,-2.3064203,-0.32759976,-0.42759407,-0.88969082,-0.16004306,0
-1.3039589,3.093435,0.86310875,0.42759407,0.88969082,0.16004306,0
1.1297932,2.068208,1.6230654,0.42759407,0.88969082,0.16004306,0
1.4215552,-0.55172765,-3.7595863,-0.37403446,0.33530807,-0.86467731,0
-2.2954335,3.9972539,-0.46691251,0.42759407,0.88969082,0.16004306,0
-1.4264659,-0.82321775,3.3297536,0.37403446,-0.33530807,0.86467731,0
-1.6437547,3.6673529,0.024908423,0.42759407,0.88969082,0.16004306,0
-3.0886865,0.39796564,2.7687469,-0.82295913,0.30986917,0.47615063,0
3.7336338,1.4331646,-1.3893974,0.42759407,0.88969082,0.16004306,0
-0.45042253,2.0370903,-1.7994843,-0.37403446,0.33530807,-0.86467731,0
2.0350916,2.0479169,-1.4974744,0.42759407,0.88969082,0.16004306,0
-0.1457364,-1.1411927,-3.4374862,-0.37403446,0.33530807,-0.86467731,0
3.2708514,-3.4745436,-0.14886975,0.82295913,-0.30986917,-0.47615063,0
1.3028257,2.7227519,-1.8583388,0.42759407,0.88969082,0.16004306,0
2.2302616,-3.657599,-0.14018834,-0.42759407,-0.88969082,-0.16004306,0
3.322763,0.75155282,-3.2471218,0.82295913,-0.30986917,-0.47615063,0
1.9857106,-2.41394,-3.5492623,0.82295913,-0.30986917,-0.47615063,0
3.2811446,1.3040786,-1.0410805,0.42759407,0.88969082,0.16004306,0
2.0216014,-2.8615098,-2.9494588,0.82295913,-0.30986917,-0.47615063,0
-1.2028422,-2.4460075,-0.0056862831,-0.42759407,-0.88969082,-0.16004306,0
0.70359206,-2.9215412,-2.3165438,-0.42759407,-0.88969082,-0.16004306,0
-2.6222208,0.41696498,3.6651824,-0.82295913,0.30986917,0.47615063,0
4.1786013,0.64248872,-0.28070307,0.42759407,0.88969082,0.16004306,0
-3.2427988,3.4995627,0.18066883,-0.82295913,0.30986917,0.47615063,0
-0.8575666,3.2099643,-1.0456499,-0.37403446,0.33530807,-0.86467731,0
-3.5584111,-0.56907022,2.2271416,-0.82295913,0.30986917,0.47615063,0
4.374445,0.65087366,-1.2520833,0.82295913,-0.30986917,-0.47615063,0
2.9717908,-0.59789252,1.2769008,0.37403446,-0.33530807,0.86467731,0
-3.3024161,-1.3826855,0.7952621,-0.42759407,-0.88969082,-0.16004306,0
-3.6782038,2.9228201,-0.26423168,-0.82295913,0.30986917,0.47615063,0
3.5441902,-2.4795995,-0.60998321,0.82295913,-0.30986917,-0.47615063,0
4.1088123,-0.58715343,-1.2372601,0.82295913,-0.30986917,-0.47615063,0
-1.3808285,-1.8212591,-1.966238,-0.42759407,-0.88969082,-0.16004306,0
1.691714,-3.4686403,0.82020181,0.37403446,-0.33530807,0.86467731,0
0.50210506,1.3213927,3.1607094,0.37403446,-0.33530807,0.86467731,0
-1.3314803,-1.4336698,-2.8603356,-0.42759407,-0.88969082,-0.16004306,0
3.6023617,1.4380224,-1.1630962,0.42759407,0.88969082,0.16004306,0
-4.2139769,1.084537,0.63572693,-0.82295913,0.30986917,0.47615063,0
-0.51106143,2.7486324,1.1854994,0.42759407,0.88969082,0.16004306,0
-4.1112256,0.17382622,1.4730785,-0.82295913,0.30986917,0.47615063,0
4.8590193,-0.17361879,-0.21813917,0.82295913,-0.30986917,-0.47615063,0
0.60638022,2.0587378,1.6672295,0.42759407,0.88969082,0.16004306,0
4.1911359,0.50447607,-1.300868,0.82295913,-0.30986917,-0.47615063,0
3.1631672,-0.70819998,1.0247529,0.37403446,-0.33530807,0.86467731,0
-0.35151458,2.8527999,-1.4820359,-0.37403446,0.33530807,-0.86467731,0
3.8536947,-0.15614152,-1.494997,0.82295913,-0.30986917,-0.47615063,0
-0.53102905,-1.2686634,-3.0591331,-0.37403446,0.33530807,-0.86467731,0
-3.7353892,1.0384202,0.96781492,-0.82295913,0.30986917,0.47615063,0
0.82170379,-1.8744516,1.7714927,0.37403446,-0.33530807,0.86467731,0
-2.810298,1.7798907,2.280822,-0.82295913,0.30986917,0.47615063,0
-3.8290093,-0.71318388,2.4887223,-0.82295913,0.30986917,0.47615063,0
-2.0562835,2.7679029,2.9112058,-0.82295913,0.30986917,0.47615063,0
-2.1571932,3.2166305,2.2891548,0.42759407,0.88969082,0.16004306,0
2.9890633,-1.6549215,-1.7981392,0.82295913,-0.30986917,-0.47615063,0
-4.1264319,1.3022366,0.81796575,-0.82295913,0.30986917,0.47615063,0
-4.3658428,-0.47118616,-1.1894133,-0.37403446,0.33530807,-0.86467731,0
-3.7195871,1.2146227,-0.95682383,-0.37403446,0.33530807,-0.86467731,0
1.8966014,-2.3836443,-3.2349255,0.82295913,-0.30986917,-0.47615063,0
2.3207321,-3.5001328,-2.3832643,0.82295913,-0.30986917,-0.47615063,0
-3.1192591,0.95601296,-1.3080903,-0.37403446,0.33530807,-0.86467731,0
-1.9503057,2.0666473,3.5081687,-0.82295913,0.30986917,0.47615063,0
-2.3638501,3.8950624,0.77660871,0.42759407,0.88969082,0.16004306,0
2.2334051,-3.4675443,-1.6255399,-0.42759407,-0.88969082,-0.16004306,0
-1.8003625,2.0951107,3.8739598,-0.82295913,0.30986917,0.47615063,0
-3.7953753,2.6349158,-0.081028938,-0.82295913,0.30986917,0.47615063,0
4.350193,1.0652612,-1.804579,0.82295913,-0.30986917,-0.47615063,0
-2.6736875,3.0466723,1.9715767,-0.82295913,0.30986917,0.47615063,0
0.12159574,0.68247843,-2.6003404,-0.37403446,0.33530807,-0.86467731,0
-3.7936449,-0.083082795,1.7444172,-0.82295913,0.30986917,0.47615063,0
-1.5725216,2.4590864,-1.1345233,-0.37403446,0.33530807,-0.86467731,0
-4.4092174,-0.59960437,-0.51378727,-0.42759407,-0.88969082,-0.16004306,0
0.27349615,2.4282279,2.2120562,0.42759407,0.88969082,0.16004306,0
1.007745,2.1317804,1.7159514,0.42759407,0.88969082,0.16004306,0
1.3596177,-1.359377,-4.1815634,-0.37403446,0.33530807,-0.86467731,0
-0.9896872,-2.0563862,2.6225395,0.37403446,-0.33530807,0.86467731,0
-0.47228432,-2.0076246,2.2226417,0.37403446,-0.33530807,0.86467731,0
-1.0533242,3.5186138,-1.2112013,-0.37403446,0.33530807,-0.86467731,0
-0.49764109,3.0482109,-1.132237,0.42759407,0.88969082,0.16004306,0
0.51720369,2.1195736,3.0101151,0.42759407,0.88969082,0.16004306,0
-0.54379106,-0.69563258,2.961477,0.37403446,-0.33530807,0.86467731,0
1.2587471,-3.3356035,-0.34840387,-0.42759407,-0.88969082,-0.16004306,0
-1.9946738,-1.3266625,-1.6885748,-0.42759407,-0.88969082,-0.16004306,0
-2.547359,-1.8802819,1.8161246,-0.42759407,-0.88969082,-0.16004306,0
-4.8035755,0.2920928,-0.35070658,-0.82295913,0.30986917,0.47615063,0
0.066538692,2.1649876,3.2842727,0.42759407,0.88969082,0.16004306,0
2.2394159,2.1377878,-1.4856704,0.42759407,0.88969082,0.16004306,0
3.1506903,1.9992152,-3.2928231,0.42759407,0.88969082,0.16004306,0
1.5754533,-2.6035004,-3.6836281,0.82295913,-0.30986917,-0.47615063,0
-3.227674,0.16931793,3.0908861,-0.82295913,0.30986917,0.47615063,0
-1.4620001,2.9507558,1.8900919,0.42759407,0.88969082,0.16004306,0
1.7894239,0.98202085,2.3926959,0.37403446,-0.33530807,0.86467731,0
1.2576523,-3.5642955,0.84312826,0.37403446,-0.33530807,0.86467731,0
0.97336555,1.6698854,-2.8800266,-0.37403446,0.33530807,-0.86467731,0
3.1473663,0.83753633,1.5017232,0.42759407,0.88969082,0.16004306,0
0.81471854,0.54457188,2.6214106,0.37403446,-0.33530807,0.86467731,0
-1.1060367,-1.2061543,2.8791978,0.37403446,-0.33530807,0.86467731,0
3.6788135,1.8090019,-3.1276317,0.42759407,0.88969082,0.16004306,0
-4.3088074,-0.63921833,1.3835087,-0.82295913,0.30986917,0.47615063,0
1.1690122,-0.34152269,2.1611171,0.37403446,-0.33530807,0.86467731,0
0.065315306,1.2644633,3.5550508,0.37403446,-0.33530807,0.86467731,0
-3.8707418,-1.2029757,2.1730247,-0.82295913,0.30986917,0.47615063,0
-3.5356174,2.8520923,0.85206628,-0.82295913,0.30986917,0.47615063,0
-1.220432,2.8967912,2.7644744,0.42759407,0.88969082,0.16004306,0
-3.8679833,0.23246598,1.835398,-0.82295913,0.30986917,0.47615063,0
-1.6525706,2.3050411,4.4080567,-0.82295913,0.30986917,0.47615063,0
4.4467888,-0.89280868,-0.23362708,0.82295913,-0.30986917,-0.47615063,0
2.7968135,-2.6559787,-1.4865916,0.82295913,-0.30986917,-0.47615063,0
-1.6738546,-2.0676253,0.053984642,-0.42759407,-0.88969082,-0.16004306,0
-1.4893208,3.3102283,-0.91605228,-0.37403446,0.33530807,-0.86467731,0
2.6932054,-1.9632983,0.90610313,0.37403446,-0.33530807,0.86467731,0
4.6289978,-0.021609783,-0.092441559,0.82295913,-0.30986917,-0.47615063,0
-0.69630456,-2.7231305,2.2000911,0.37403446,-0.33530807,0.86467731,0
-2.7569072,-1.4503907,-0.12154412,-0.42759407,-0.88969082,-0.16004306,0
3.6406548,-2.7435093,-0.35878921,0.82295913,-0.30986917,-0.47615063,0
2.6618376,1.6133698,-3.5581839,-0.37403446,0.33530807,-0.86467731,0
0.085432529,2.7022262,-0.72006607,0.42759407,0.88969082,0.16004306,0
-1.7694025,3.3830447,1.7900478,0.42759407,0.88969082,0.16004306,0
-2.983592,3.0367546,-0.32294536,-0.37403446,0.33530807,-0.86467731,0
3.9276426,-0.1276226,-1.4964142,0.82295913,-0.30986917,-0.47615063,0
0.63641548,2.1410451,2.2238464,0.42759407,0.88969082,0.16004306,0
-3.9406738,2.1681926,-0.065101862,-0.82295913,0.30986917,0.47615063,0
0.69360042,0.99434304,3.0158143,0.37403446,-0.33530807,0.86467731,0
1.7641478,2.2276042,-2.0672083,0.42759407,0.88969082,0.16004306,0
-3.6446712,2.2522659,0.77328753,-0.82295913,0.30986917,0.47615063,0
0.74583137,-1.3604383,1.8345549,0.37403446,-0.33530807,0.86467731,0
-0.46209204,-1.4168639,-3.3229246,-0.37403446,0.33530807,-0.86467731,0
-0.81065631,2.8846958,2.8502965,0.42759407,0.88969082,0.16004306,0
2.5894463,-2.8264132,-1.6863586,0.82295913,-0.30986917,-0.47615063,0
-2.8786697,2.9538431,1.6619411,-0.82295913,0.30986917,0.47615063,0
1.9713796,-2.9938052,-3.1471436,0.82295913,-0.30986917,-0.47615063,0
-0.1283567,-2.6211176,-1.7374092,-0.42759407,-0.88969082,-0.16004306,0
-4.410964,-0.47707415,0.93374085,-0.82295913,0.30986917,0.47615063,0
0.39091039,-2.4039006,-3.3015034,-0.42759407,-0.88969082,-0.16004306,0
-2.6436374,-2.276387,3.1791477,-0.42759407,-0.88969082,-0.16004306,0
4.607276,0.19528151,1.1161525,0.37403446,-0.33530807,0.86467731,0
-2.110136,1.6138847,-1.4237688,-0.37403446,0.33530807,-0.86467731,0
2.1440921,-3.6126227,0.51892424,0.37403446,-0.33530807,0.86467731,0
-3.4319575,2.2081926,1.317837,-0.82295913,0.30986917,0.47615063,0
-3.7049599,-1.0528889,-0.14819288,-0.42759407,-0.88969082,-0.16004306,0
-0.66843438,-2.7576988,0.52906227,-0.42759407,-0.88969082,-0.16004306,0
3.0272219,-3.4457076,-1.270341,0.82295913,-0.30986917,-0.47615063,0
2.1972117,-3.4777794,-1.8491228,-0.42759407,-0.88969082,-0.16004306,0
-3.7866096,-1.3509758,2.7993813,-0.82295913,0.30986917,0.47615063,0
-3.1106286,-1.5985242,1.5081327,-0.42759407,-0.88969082,-0.16004306,0
4.8447928,0.27826333,-0.33300114,0.82295913,-0.30986917,-0.47615063,0
0.083875418,-2.334177,-3.0750537,-0.42759407,-0.88969082,-0.16004306,0
2.418694,1.8190205,-1.4659859,0.42759407,0.88969082,0.16004306,0
-0.35039401,-2.3639131,-2.5415459,-0.42759407,-0.88969082,-0.16004306,0
-2.1313224,-1.060928,3.3113925,0.37403446,-0.33530807,0.86467731,0
1.6234058,0.89605689,-3.0804448,-0.37403446,0.33530807,-0.86467731,0
1.8207887,-2.2672331,1.1220469,0.37403446,-0.33530807,0.86467731,0
-3.8425648,-1.1511002,2.3899703,-0.82295913,0.30986917,0.47615063,0
-3.7516906,-0.14498448,2.1509476,-0.82295913,0.30986917,0.47615063,0
-2.7550497,2.8592732,1.9871895,-0.82295913,0.30986917,0.47615063,0
2.6005754,-3.6301098,0.14239168,0.37403446,-0.33530807,0.86467731,0
-2.0330026,-1.7101116,0.17379534,-0.42759407,-0.88969082,-0.16004306,0
-3.4263093,1.7139926,-0.92629719,-0.37403446,0.33530807,-0.86467731,0
1.5759673,2.6322672,-2.4494619,0.42759407,0.88969082,0.16004306,0
-4.4886227,0.81682992,0.28862691,-0.82295913,0.30986917,0.47615063,0
0.57946754,2.4436803,1.4156175,0.42759407,0.88969082,0.16004306,0
2.7765722,1.7769589,-2.1705174,0.42759407,0.88969082,0.16004306,0
3.2406301,-3.8724179,-0.68645549,0.82295913,-0.30986917,-0.47615063,0
-4.583529,0.69122744,-0.11959958,-0.82295913,0.30986917,0.47615063,0
4.5875087,0.59382272,0.021729946,0.42759407,0.88969082,0.16004306,0
-3.7047875,-1.056994,-0.69599676,-0.42759407,-0.88969082,-0.16004306,0
1.3287265,2.2127309,-0.59222698,0.42759407,0.88969082,0.16004306,0
-3.5473194,-0.021810174,2.6187756,-0.82295913,0.30986917,0.47615063,0
0.30370772,1.0193086,3.1377563,0.37403446,-0.33530807,0.86467731,0
-1.6166384,-0.35656595,-2.4204164,-0.37403446,0.33530807,-0.86467731,0
-1.1701745,-0.15663373,3.2777598,0.37403446,-0.33530807,0.86467731,0
-1.9839268,-0.83407354,-2.3555663,-0.37403446,0.33530807,-0.86467731,0
2.8857794,-0.95655489,-2.8263392,0.82295913,-0.30986917,-0.47615063,0
-1.8128563,-1.6254847,-0.58244002,-0.42759407,-0.88969082,-0.16004306,0
3.6575844,-2.5693088,-0.68751907,0.82295913,-0.30986917,-0.47615063,0
-3.1736822,0.2472043,2.3945794,-0.82295913,0.30986917,0.47615063,0
-1.983377,-0.045312881,3.7435045,0.37403446,-0.33530807,0.86467731,0
4.7539287,-0.87644672,0.29439902,0.82295913,-0.30986917,-0.47615063,0
-1.4636927,3.7156842,-0.64902586,0.42759407,0.88969082,0.16004306,0
-3.969255,0.55403233,-1.1894729,-0.37403446,0.33530807,-0.86467731,0
-3.8894091,-0.23330903,1.884747,-0.82295913,0.30986917,0.47615063,0
3.0161376,0.2715131,-3.2290075,0.82295913,-0.30986917,-0.47615063,0
-1.4818904,3.0506206,2.6525035,0.42759407,0.88969082,0.16004306,0
-0.53484869,-0.67405272,3.0306997,0.37403446,-0.33530807,0.86467731,0
-0.061098576,2.8364241,-0.32970318,0.42759407,0.88969082,0.16004306,0
-4.4187036,-0.18351483,1.2647135,-0.82295913,0.30986917,0.47615063,0
3.3170285,0.4767592,-2.5989645,0.82295913,-0.30986917,-0.47615063,0
-2.0729194,-0.44866157,-2.2490542,-0.37403446,0.33530807,-0.86467731,0
-4.8744254,-0.62046456,0.32277536,-0.42759407,-0.88969082,-0.16004306,0
1.9025123,-3.3089769,-1.2986253,-0.42759407,-0.88969082,-0.16004306,0
1.9174999,1.6901017,2.0274024,0.42759407,0.88969082,0.16004306,0
3.260272,-1.9282485,-1.0997882,0.82295913,-0.30986917,-0.47615063,0
3.1206069,-3.5922551,-0.96024728,0.82295913,-0.30986917,-0.47615063,0
3.7153852,-0.015051007,-2.2095063,0.82295913,-0.30986917,-0.47615063,0
-2.4046495,0.71525979,3.4974813,-0.82295913,0.30986917,0.47615063,0
2.6442785,0.76679409,-3.7820616,-0.37403446,0.33530807,-0.86467731,0
-1.4412334,1.0655322,-1.6902045,-0.37403446,0.33530807,-0.86467731,0
-2.4322624,3.2316952,-0.79060161,-0.37403446,0.33530807,-0.86467731,0
-3.218946,1.8979553,1.4854009,-0.82295913,0.30986917,0.47615063,0
-0.82474339,2.5307107,2.7430427,0.42759407,0.88969082,0.16004306,0
-3.4476442,-0.38812649,2.3685968,-0.82295913,0.30986917,0.47615063,0
1.1880931,1.730275,2.5779538,0.42759407,0.88969082,0.16004306,0
-1.2687881,-2.4813411,1.7532958,-0.42759407,-0.88969082,-0.16004306,0
4.2034435,0.70959473,-0.56568789,0.42759407,0.88969082,0.16004306,0
1.0431652,-0.84630084,2.0798345,0.37403446,-0.33530807,0.86467731,0
0.35964549,0.44246709,-2.837939,-0.37403446,0.33530807,-0.86467731,0
2.5743728,-1.6180292,-2.6627367,0.82295913,-0.30986917,-0.47615063,0
0.34487939,2.4232347,2.3423734,0.42759407,0.88969082,0.16004306,0
0.17275524,-1.96174,2.1240344,0.37403446,-0.33530807,0.86467731,0
2.5535197,-3.3665659,-2.2144327,0.82295913,-0.30986917,-0.47615063,0
0.88692367,-1.3716035,2.1301043,0.37403446,-0.33530807,0.86467731,0
-3.1384873,-1.1665006,-0.96797276,-0.42759407,-0.88969082,-0.16004306,0
-3.1508927,0.65967774,2.8791595,-0.82295913,0.30986917,0.47615063,0
-2.3329039,-1.6130135,-0.38779068,-0.42759407,-0.88969082,-0.16004306,0
2.538105,-2.2271385,1.0024428,0.37403446,-0.33530807,0.86467731,0
-0.45594704,1.5596364,3.8846838,0.37403446,-0.33530807,0.86467731,0
-2.3678873,3.3111107,-0.47931862,-0.37403446,0.33530807,-0.86467731,0
-2.0676091,3.0277972,2.6757636,-0.82295913,0.30986917,0.47615063,0
0.56871986,1.5213109,3.2606783,0.37403446,-0.33530807,0.86467731,0
1.6712606,1.227627,2.5018938,0.37403446,-0.33530807,0.86467731,0
2.7110345,-0.36238432,1.7669773,0.37403446,-0.33530807,0.86467731,0
0.099901199,-2.9066765,-0.35031521,-0.42759407,-0.88969082,-0.16004306,0
3.4288228,-0.69462943,1.0538869,0.37403446,-0.33530807,0.86467731,0
-0.93308294,-2.0109971,-1.6520857,-0.42759407,-0.88969082,-0.16004306,0
4.6818805,0.46210551,-0.16153526,0.42759407,0.88969082,0.16004306,0
1.2525256,0.26992726,2.4540966,0.37403446,-0.33530807,0.86467731,0
4.2321091,-1.6074169,0.26629829,0.37403446,-0.33530807,0.86467731,0
1.0732789,-2.9458013,1.209277,0.37403446,-0.33530807,0.86467731,0
4.8624682,0.00090503693,0.21920013,0.82295913,-0.30986917,-0.47615063,0
2.9179394,-2.1622384,-2.0245161,0.82295913,-0.30986917,-0.47615063,0
-2.3789139,-1.7583556,0.028730154,-0.42759407,-0.88969082,-0.16004306,0
-1.0072577,2.2144468,-1.7386408,-0.37403446,0.33530807,-0.86467731,0
-0.44715452,3.0589991,-0.31316069,0.42759407,0.88969082,0.16004306,0
1.5170228,-2.398787,-4.2804193,0.82295913,-0.30986917,-0.47615063,0
3.0433974,-3.1370263,0.46089411,0.37403446,-0.33530807,0.86467731,0
-3.2943709,-1.2303315,3.6718764,-0.82295913,0.30986917,0.47615063,0
-2.64957,-0.48082525,3.851074,-0.82295913,0.30986917,0.47615063,0
-1.1134682,-1.8590058,-2.5412288,-0.42759407,-0.88969082,-0.16004306,0
-2.1697452,-2.2043512,2.2960453,-0.42759407,-0.88969082,-0.16004306,0
0.62424636,-2.2542768,1.616977,0.37403446,-0.33530807,0.86467731,0
0.83098543,-2.5037069,-4.1062131,-0.42759407,-0.88969082,-0.16004306,0
-0.51470327,-2.028537,-2.3155875,-0.42759407,-0.88969082,-0.16004306,0
-3.7508278,1.8629842,1.0934329,-0.82295913,0.30986917,0.47615063,0
-3.0690885,-1.4507821,1.0316868,-0.42759407,-0.88969082,-0.16004306,0
-2.5892532,-1.2351916,-1.7713889,-0.42759407,-0.88969082,-0.16004306,0
-0.60901296,2.4944265,2.8253508,0.42759407,0.88969082,0.16004306,0
3.2838829,-2.0817423,-1.7811949,0.82295913,-0.30986917,-0.47615063,0
3.6604702,0.020537734,-2.1153774,0.82295913,-0.30986917,-0.47615063,0
-4.1596766,1.5056937,-0.044106722,-0.82295913,0.30986917,0.47615063,0
1.3062904,-3.544805,0.84315574,-0.42759407,-0.88969082,-0.16004306,0
-2.8514936,3.5058527,1.2800872,-0.82295913,0.30986917,0.47615063,0
1.5580895,1.2451742,-2.8897152,-0.37403446,0.33530807,-0.86467731,0
-4.3149738,-0.083627462,0.93087482,-0.82295913,0.30986917,0.47615063,0
2.8209324,-0.040951133,-3.9030344,0.82295913,-0.30986917,-0.47615063,0
4.9036522,-0.69653082,0.54566717,0.37403446,-0.33530807,0.86467731,0
-0.0855124,-1.9588134,2.3386109,0.37403446,-0.33530807,0.86467731,0
-1.321725,2.0579033,-1.6536326,-0.37403446,0.33530807,-0.86467731,0
3.8166549,0.42806363,-2.0631089,0.82295913,-0.30986917,-0.47615063,0
4.1216707,-1.7519007,-0.32489824,0.82295913,-0.30986917,-0.47615063,0
3.5057378,-1.1286587,-1.9656851,0.82295913,-0.30986917,-0.47615063,0
-3.8744936,1.1334872,-0.6894834,-0.37403446,0.33530807,-0.86467731,0
2.6740541,0.020546794,-4.0129681,0.82295913,-0.30986917,-0.47615063,0
1.0621586,2.2675178,-0.7480526,0.42759407,0.88969082,0.16004306,0
1.3980271,-0.79865551,1.90051,0.37403446,-0.33530807,0.86467731,0
2.6163003,2.1562471,-2.170629,0.42759407,0.88969082,0.16004306,0
0.22885132,-0.36522555,2.5760114,0.37403446,-0.33530807,0.86467731,0
-2.5997646,0.46614218,-1.534416,-0.37403446,0.33530807,-0.86467731,0
1.6969764,2.0145824,-2.6322415,-0.37403446,0.33530807,-0.86467731,0
3.274735,-0.48053944,-2.2489574,0.82295913,-0.30986917,-0.47615063,0
-2.961241,3.1843734,-0.51232481,-0.37403446,0.33530807,-0.86467731,0
1.039927,2.4687014,-0.72922057,0.42759407,0.88969082,0.16004306,0
2.5493412,1.0124102,2.3199747,0.37403446,-0.33530807,0.86467731,0
-4.5463533,0.45089126,-0.091167927,-0.82295913,0.30986917,0.47615063,0
-0.43139195,-2.7260606,-0.23516893,-0.42759407,-0.88969082,-0.16004306,0
1.7615628,2.2411723,-2.6260102,-0.37403446,0.33530807,-0.86467731,0
3.45402,-2.5261641,-1.1659248,0.82295913,-0.30986917,-0.47615063,0
0.97250354,-1.5317026,-4.0130534,-0.37403446,0.33530807,-0.86467731,0
-3.3740916,0.47680533,2.5988815,-0.82295913,0.30986917,0.47615063,0
2.6646235,-2.3234088,-1.8998371,0.82295913,-0.30986917,-0.47615063,0
4.8893247,-0.45471239,0.62511945,0.82295913,-0.30986917,-0.47615063,0
-0.24948192,2.3141346,-2.0591655,-0.37403446,0.33530807,-0.86467731,0
2.1686742,1.4219699,1.8026936,0.42759407,0.88969082,0.16004306,0
-2.8959742,3.0359378,1.4675796,-0.82295913,0.30986917,0.47615063,0
-4.7722168,-0.43809891,0.73842335,-0.82295913,0.30986917,0.47615063,0
3.4625618,-3.3303759,0.32809925,0.37403446,-0.33530807,0.86467731,0
-1.0960237,2.8005905,2.2043765,0.42759407,0.88969082,0.16004306,0
3.6443145,-1.9528921,-0.55140162,0.82295913,-0.30986917,-0.47615063,0
-4.2533398,1.8759556,-0.12783623,-0.82295913,0.30986917,0.47615063,0
-3.6107595,0.53044116,1.6865673,-0.82295913,0.30986917,0.47615063,0
3.8910072,0.97787452,-0.37444949,0.42759407,0.88969082,0.16004306,0
3.7240279,-1.4862339,-0.71817565,0.82295913,-0.30986917,-0.47615063,0
2.3153791,1.3529539,0.70681477,0.42759407,0.88969082,0.16004306,0
-1.0177691,2.1003137,4.3310866,0.37403446,-0.33530807,0.86467731,0
2.6623788,1.6016576,-1.4024922,0.42759407,0.88969082,0.16004306,0
1.7677555,-0.27514505,-3.9482231,-0.37403446,0.33530807,-0.86467731,0
-0.28516486,0.45459557,3.1895256,0.37403446,-0.33530807,0.86467731,0
-1.0427423,-0.81267226,3.0829027,0.37403446,-0.33530807,0.86467731,0
0.22598255,0.60902643,-2.85642,-0.37403446,0.33530807,-0.86467731,0
0.2020607,-1.4985213,2.2553339,0.37403446,-0.33530807,0.86467731,0
4.5691342,0.7860055,0.044632435,0.42759407,0.88969082,0.16004306,0
-1.3415135,0.0012667179,-2.0845904,-0.37403446,0.33530807,-0.86467731,0
-2.9551539,-1.3180995,-1.5347972,-0.42759407,-0.88969082,-0.16004306,0
3.9075971,-1.5480392,-1.0555575,0.82295913,-0.30986917,-0.47615063,0
-2.4596157,0.32336378,-1.7778752,-0.37403446,0.33530807,-0.86467731,0
3.8158784,1.5426518,-1.9379084,0.42759407,0.88969082,0.16004306,0
-3.1874723,-1.0273411,3.9534044,-0.82295913,0.30986917,0.47615063,0
2.658493,1.571859,-3.6310301,-0.37403446,0.33530807,-0.86467731,0
-3.5603437,2.6655109,0.43534517,-0.82295913,0.30986917,0.47615063,0
1.8780413,-3.3959389,-0.84811974,-0.42759407,-0.88969082,-0.16004306,0
-2.0650556,3.5458856,-0.8119657,-0.37403446,0.33530807,-0.86467731,0
4.2587514,-0.99892402,0.43716478,0.37403446,-0.33530807,0.86467731,0
1.9960363,-3.7212191,-0.82294476,-0.42759407,-0.88969082,-0.16004306,0
1.8823946,1.5143673,2.3003776,0.42759407,0.88969082,0.16004306,0
1.7983749,-2.4383554,-3.8652043,0.82295913,-0.30986917,-0.47615063,0
0.16957939,1.1379685,-2.3753595,-0.37403446,0.33530807,-0.86467731,0
-0.75141335,2.8619394,1.475415,0.42759407,0.88969082,0.16004306,0
-2.2213056,-0.75460434,-2.1772556,-0.37403446,0.33530807,-0.86467731,0
-3.7244613,-1.1311221,2.3798828,-0.82295913,0.30986917,0.47615063,0
-2.8586493,3.7498398,1.1662501,0.42759407,0.88969082,0.16004306,0
-3.810698,0.46737528,1.2438111,-0.82295913,0.30986917,0.47615063,0
-3.1120358,0.97313321,2.7509761,-0.82295913,0.30986917,0.47615063,0
-3.0216284,0.063664883,3.0584092,-0.82295913,0.30986917,0.47615063,0
-0.62387085,-2.310168,-1.753095,-0.42759407,-0.88969082,-0.16004306,0
2.3464861,-0.71280026,-4.0867157,0.82295913,-0.30986917,-0.47615063,0
-3.2552004,-0.84786564,3.6536212,-0.82295913,0.30986917,0.47615063,0
-3.8770497,0.68213201,1.1946783,-0.82295913,0.30986917,0.47615063,0
2.0170639,0.35895777,-3.5697947,-0.37403446,0.33530807,-0.86467731,0
-2.5669682,-1.8522115,1.2680535,-0.42759407,-0.88969082,-0.16004306,0
-3.7961564,3.0916419,-0.21142459,-0.37403446,0.33530807,-0.86467731,0
0.61551714,-3.3372178,1.1944165,0.37403446,-0.33530807,0.86467731,0
0.17656791,-1.2092524,2.4381044,0.37403446,-0.33530807,0.86467731,0
-1.843514,0.010536909,-2.0545616,-0.37403446,0.33530807,-0.86467731,0
-3.2670305,-0.86198264,3.125515,-0.82295913,0.30986917,0.47615063,0
-0.17192578,-1.7626566,2.1310008,0.37403446,-0.33530807,0.86467731,0
-3.2307496,-0.088236332,-1.5818638,-0.37403446,0.33530807,-0.86467731,0
0.22308683,-2.3892579,1.9492611,0.37403446,-0.33530807,0.86467731,0
-3.3670018,-1.290911,3.4413667,-0.82295913,0.30986917,0.47615063,0
0.87944722,2.3026915,-2.2855816,-0.37403446,0.33530807,-0.86467731,0
-3.6938829,0.038560987,2.2000854,-0.82295913,0.30986917,0.47615063,0
-1.2981224,1.4005425,-1.8514524,-0.37403446,0.33530807,-0.86467731,0
4.599309,-0.20923328,-0.345819,0.82295913,-0.30986917,-0.47615063,0
0.24787545,1.6719546,-2.3383219,-0.37403446,0.33530807,-0.86467731,0
-1.8031805,-2.0638547,2.7659245,0.37403446,-0.33530807,0.86467731,0
3.6698141,0.90854478,1.0222125,0.42759407,0.88969082,0.16004306,0
-4.2366099,-0.33026981,1.5826471,-0.82295913,0.30986917,0.47615063,0
4.9162302,0.36245012,0.64842534,0.42759407,0.88969082,0.16004306,0
-1.219969,1.9123743,4.0774417,0.37403446,-0.33530807,0.86467731,0
0.33298135,2.8567333,-2.1330893,-0.37403446,0.33530807,-0.86467731,0
-2.1967545,-0.62607884,-2.2879572,-0.37403446,0.33530807,-0.86467731,0
-0.43223739,0.88918757,-2.5343008,-0.37403446,0.33530807,-0.86467731,0
3.0455201,-2.9128547,-1.0819259,0.82295913,-0.30986917,-0.47615063,0
-2.1925592,3.514945,-0.64055014,-0.37403446,0.33530807,-0.86467731,0
3.1065428,0.1723008,-3.3704221,0.82295913,-0.30986917,-0.47615063,0
4.1109095,-0.75238752,0.90306854,0.37403446,-0.33530807,0.86467731,0
-1.7300706,3.5575089,0.14295876,0.42759407,0.88969082,0.16004306,0
-1.1070716,3.6053307,-0.78813869,0.42759407,0.88969082,0.16004306,0
-1.8700688,0.51100647,4.0817537,0.37403446,-0.33530807,0.86467731,0
-1.4655337,-2.21909,1.6423637,-0.42759407,-0.88969082,-0.16004306,0
-3.4044433,2.6477158,-0.16412377,-0.37403446,0.33530807,-0.86467731,0
-2.3965111,2.8322492,-0.598912,-0.37403446,0.33530807,-0.86467731,0
4.5284896,-1.0583944,0.41856694,0.82295913,-0.30986917,-0.47615063,0
-3.4785123,1.9445531,0.85046649,-0.82295913,0.30986917,0.47615063,0
4.9833879,-0.26072502,0.51162124,0.37403446,-0.33530807,0.86467731,0
-1.5896137,0.65174675,-1.7230254,-0.37403446,0.33530807,-0.86467731,0
-3.400912,-0.44219774,2.9160218,-0.82295913,0.30986917,0.47615063,0
3.1413236,-3.8615031,-0.48047805,0.82295913,-0.30986917,-0.47615063,0
-1.3548617,1.1549102,3.8718519,0.37403446,-0.33530807,0.86467731,0
-4.2435942,0.29488254,0.89445615,-0.82295913,0.30986917,0.47615063,0
3.6087627,-2.2634315,0.35880041,0.37403446,-0.33530807,0.86467731,0
-1.7376465,-0.43209672,3.5717771,0.37403446,-0.33530807,0.86467731,0
0.027084231,-0.88731086,-3.091392,-0.37403446,0.33530807,-0.86467731,0
-1.3560305,-1.3523691,3.1594534,0.37403446,-0.33530807,0.86467731,0
-2.5073137,3.5290101,1.4768076,0.42759407,0.88969082,0.16004306,0
1.7086005,-0.36542773,2.0426309,0.37403446,-0.33530807,0.86467731,0
2.2019565,1.8663011,-0.78205216,0.42759407,0.88969082,0.16004306,0
4.5838833,-0.091810703,-0.29186535,0.82295913,-0.30986917,-0.47615063,0
0.42992616,-3.1656861,1.0291275,-0.42759407,-0.88969082,-0.16004306,0
-0.62359834,3.1770425,-0.53108484,0.42759407,0.88969082,0.16004306,0
3.2927594,-2.4968281,-1.2679842,0.82295913,-0.30986917,-0.47615063,0
-2.9772675,-0.9050746,-1.9502609,-0.37403446,0.33530807,-0.86467731,0
-0.4268387,0.24045753,3.1807585,0.37403446,-0.33530807,0.86467731,0
-3.4716384,3.5072339,0.0045206547,-0.37403446,0.33530807,-0.86467731,0
-1.2903807,2.5865684,-1.2226909,-0.37403446,0.33530807,-0.86467731,0
4.0219092,0.37194049,-1.4677706,0.82295913,-0.30986917,-0.47615063,0
3.8636699,-1.3769276,-1.0570335,0.82295913,-0.30986917,-0.47615063,0
-2.0931394,2.7144625,2.7041068,-0.82295913,0.30986917,0.47615063,0
-0.2703588,-2.0960975,-2.4712834,-0.42759407,-0.88969082,-0.16004306,0
5.0887284,0.30359793,0.82697773,0.42759407,0.88969082,0.16004306,0
-0.78416026,2.5276392,3.4063087,0.42759407,0.88969082,0.16004306,0
-4.3612227,0.61550808,0.43995476,-0.82295913,0.30986917,0.47615063,0
-2.6581852,-0.7626164,-2.2559958,-0.37403446,0.33530807,-0.86467731,0
0.89652866,0.71637654,2.7405641,0.37403446,-0.33530807,0.86467731,0
-2.2826929,3.2610018,2.0939233,-0.82295913,0.30986917,0.47615063,0
2.3002975,-0.49267578,-3.9061267,0.82295913,-0.30986917,-0.47615063,0
-0.87697357,0.87815928,-2.1485891,-0.37403446,0.33530807,-0.86467731,0
-1.4796519,2.6428699,3.8860421,0.42759407,0.88969082,0.16004306,0
3.4091051,0.87517881,0.56016564,0.42759407,0.88969082,0.16004306,0
4.0981479,-1.0049386,-1.0252488,0.82295913,-0.30986917,-0.47615063,0
-1.490057,-1.9188559,-0.20505619,-0.42759407,-0.88969082,-0.16004306,0
2.5393229,-3.7120848,0.46673334,0.37403446,-0.33530807,0.86467731,0
0.032865524,2.9179409,-1.5752524,-0.37403446,0.33530807,-0.86467731,0
-3.4909821,2.8630977,0.31209755,-0.82295913,0.30986917,0.47615063,0
0.038144827,-1.4095812,2.3508768,0.37403446,-0.33530807,0.86467731,0
-1.694376,-2.2397003,1.0767579,-0.42759407,-0.88969082,-0.16004306,0
-0.9752357,2.7712822,3.1237805,0.42759407,0.88969082,0.16004306,0
-0.76804495,-1.5456945,2.4961722,0.37403446,-0.33530807,0.86467731,0
-2.9690495,-0.37241054,3.1410682,-0.82295913,0.30986917,0.47615063,0
3.401068,-2.3472207,-1.2117641,0.82295913,-0.30986917,-0.47615063,0
-3.6743383,-1.4487354,1.9248312,-0.42759407,-0.88969082,-0.16004306,0
3.3227887,-1.6207266,-1.3134861,0.82295913,-0.30986917,-0.47615063,0
-0.87397814,-2.7400961,2.2243364,0.37403446,-0.33530807,0.86467731,0
-3.1732016,1.7925836,2.0438848,-0.82295913,0.30986917,0.47615063,0
0.70858622,-1.8677053,1.8798554,0.37403446,-0.33530807,0.86467731,0
-0.83100855,-0.2192471,3.0144124,0.37403446,-0.33530807,0.86467731,0
-0.40490556,-1.6739382,2.2917192,0.37403446,-0.33530807,0.86467731,0
-0.6216495,1.4373908,-2.2506673,-0.37403446,0.33530807,-0.86467731,0
1.2578337,-0.66444349,2.1704612,0.37403446,-0.33530807,0.86467731,0
-1.9572334,-1.2367885,-2.3295863,-0.37403446,0.33530807,-0.86467731,0
-2.6871614,-1.2450242,-1.5584249,-0.42759407,-0.88969082,-0.16004306,0
-1.9879465,-1.4646308,-1.3909781,-0.42759407,-0.88969082,-0.16004306,0
4.4577632,0.17385101,0.82236266,0.37403446,-0.33530807,0.86467731,0
-0.94307184,-1.9973617,2.3563337,0.37403446,-0.33530807,0.86467731,0
2.2310991,2.1204667,-1.2189274,0.42759407,0.88969082,0.16004306,0
-4.0411925,0.77261877,1.0068793,-0.82295913,0.30986917,0.47615063,0
-2.4983823,-1.8206277,1.976104,-0.42759407,-0.88969082,-0.16004306,0
-1.3507142,-2.1236744,0.86644077,-0.42759407,-0.88969082,-0.16004306,0
1.6146938,0.37470627,2.5309348,0.37403446,-0.33530807,0.86467731,0
-2.6601934,0.46451882,3.7709534,-0.82295913,0.30986917,0.47615063,0
-0.14368248,-2.7977967,1.196851,-0.42759407,-0.88969082,-0.16004306,0
-0.52588463,-2.2914631,-1.633046,-0.42759407,-0.88969082,-0.16004306,0
-2.232518,0.43389714,4.0439887,0.37403446,-0.33530807,0.86467731,0
4.5122309,0.45769596,0.2092545,0.42759407,0.88969082,0.16004306,0
0.31967473,2.715405,-1.9084148,-0.37403446,0.33530807,-0.86467731,0
4.2564526,-1.8875027,0.35308719,0.82295913,-0.30986917,-0.47615063,0
1.7604501,-3.2518337,-2.6690168,-0.42759407,-0.88969082,-0.16004306,0
-5.3345699,-0.33259392,-0.55844212,-0.82295913,0.30986917,0.47615063,0
4.2094951,0.93240845,-2.0306768,0.82295913,-0.30986917,-0.47615063,0
3.1351829,0.28969923,-2.8737769,0.82295913,-0.30986917,-0.47615063,0
-4.502481,0.15104342,0.85405445,-0.82295913,0.30986917,0.47615063,0
2.3814151,-1.9990845,-3.2618642,0.82295913,-0.30986917,-0.47615063,0
3.1104589,-1.3740063,0.95662785,0.37403446,-0.33530807,0.86467731,0
-4.1452661,-0.78634214,-0.51456618,-0.42759407,-0.88969082,-0.16004306,0
-3.3414478,-1.2751215,3.5665164,-0.82295913,0.30986917,0.47615063,0
-3.5239215,1.0798436,1.99594,-0.82295913,0.30986917,0.47615063,0
-1.6398835,3.2221422,-1.0384216,-0.37403446,0.33530807,-0.86467731,0
-2.628973,-1.0450063,-2.0778184,-0.37403446,0.33530807,-0.86467731,0
0.23441553,-1.8349643,-3.6700168,-0.37403446,0.33530807,-0.86467731,0
-3.7503488,2.3651409,0.17379546,-0.82295913,0.30986917,0.47615063,0
-3.897645,-0.66658664,-0.50112295,-0.42759407,-0.88969082,-0.16004306,0
-3.4749925,2.3893628,-0.39220476,-0.37403446,0.33530807,-0.86467731,0
-3.1612701,3.4806952,0.97012043,-0.82295913,0.30986917,0.47615063,0
-0.37397212,1.0570506,3.4773011,0.37403446,-0.33530807,0.86467731,0
-0.095123529,2.7397006,1.406065,0.42759407,0.88969082,0.16004306,0
3.4860604,0.74674278,-2.8069327,0.82295913,-0.30986917,-0.47615063,0
-4.167614,-0.68157721,0.44070482,-0.42759407,-0.88969082,-0.16004306,0
0.54532194,1.1201587,3.226377,0.37403446,-0.33530807,0.86467731,0
-1.8260142,-1.6936167,-0.28749573,-0.42759407,-0.88969082,-0.16004306,0
-2.467092,-1.4529289,-0.13374972,-0.42759407,-0.88969082,-0.16004306,0
4.0668297,1.0386475,-1.878741,0.82295913,-0.30986917,-0.47615063,0
1.8159401,-3.4187365,-2.6369152,-0.42759407,-0.88969082,-0.16004306,0
1.6269141,-2.0802166,1.2187728,0.37403446,-0.33530807,0.86467731,0
-1.7990643,-1.7952563,-0.24961698,-0.42759407,-0.88969082,-0.16004306,0
-0.45135856,-1.6562921,-3.5010881,-0.37403446,0.33530807,-0.86467731,0
-2.2478173,0.95379913,3.6211298,-0.82295913,0.30986917,0.47615063,0
-2.1693139,-0.86419153,-2.1158864,-0.37403446,0.33530807,-0.86467731,0
-2.4882395,2.0436959,-0.95739245,-0.37403446,0.33530807,-0.86467731,0
-3.27842,2.3920894,1.4908779,-0.82295913,0.30986917,0.47615063,0
-2.6593328,-2.0965884,3.0396779,0.37403446,-0.33530807,0.86467731,0
3.176991,-0.90925175,-2.5359054,0.82295913,-0.30986917,-0.47615063,0
2.8804889,-2.8343093,0.44862652,0.37403446,-0.33530807,0.86467731,0
-1.3975846,-1.4581959,-2.979502,-0.42759407,-0.88969082,-0.16004306,0
2.1645033,-0.086847067,1.7204257,0.37403446,-0.33530807,0.86467731,0
-1.0616602,2.9413188,2.9652047,0.42759407,0.88969082,0.16004306,0
3.2489285,-0.56846201,-2.2584686,0.82295913,-0.30986917,-0.47615063,0
0.48861003,-2.4051781,1.5989208,0.37403446,-0.33530807,0.86467731,0
-2.5082583,-1.7461461,1.1226839,-0.42759407,-0.88969082,-0.16004306,0
1.7863579,-2.3218315,-4.083909,0.82295913,-0.30986917,-0.47615063,0
3.8007998,-2.4435966,-0.21569204,0.82295913,-0.30986917,-0.47615063,0
2.9553823,-3.9253464,-0.37379956,0.82295913,-0.30986917,-0.47615063,0
-2.3858256,2.3087142,3.123157,-0.82295913,0.30986917,0.47615063,0
0.21971083,2.9289908,-1.4285794,0.42759407,0.88969082,0.16004306,0
4.0315228,0.72896671,0.82409978,0.42759407,0.88969082,0.16004306,0
-3.868598,2.4694419,0.39659023,-0.82295913,0.30986917,0.47615063,0
-2.7854838,0.60635257,2.9534318,-0.82295913,0.30986917,0.47615063,0
0.66816521,2.6847394,-1.5055463,0.42759407,0.88969082,0.16004306,0
-2.7329988,-1.0139682,-1.676144,-0.42759407,-0.88969082,-0.16004306,0
-3.0825663,4.223403,0.23267269,0.42759407,0.88969082,0.16004306,0
2.7622793,1.338393,-3.4690809,-0.37403446,0.33530807,-0.86467731,0
-4.0755754,-0.063251495,1.7796268,-0.82295913,0.30986917,0.47615063,0
4.2641363,0.87672448,-0.31776834,0.42759407,0.88969082,0.16004306,0
0.80555105,-3.2352395,1.0848266,0.37403446,-0.33530807,0.86467731,0
2.4039383,-0.26813781,-4.02493,0.82295913,-0.30986917,-0.47615063,0
-1.4362838,3.5222294,-1.0703514,-0.37403446,0.33530807,-0.86467731,0
3.7958226,0.82593268,-2.7934771,0.82295913,-0.30986917,-0.47615063,0
-0.99584293,-1.4431285,2.5750043,0.37403446,-0.33530807,0.86467731,0
4.9000411,-0.018540859,0.83988476,0.37403446,-0.33530807,0.86467731,0
-1.9265097,-1.8285236,-0.73996425,-0.42759407,-0.88969082,-0.16004306,0
0.060352564,-0.50792289,2.8362706,0.37403446,-0.33530807,0.86467731,0
-2.8944688,2.8360875,-0.70833492,-0.37403446,0.33530807,-0.86467731,0
-4.4171348,-0.63725257,1.161979,-0.82295913,0.30986917,0.47615063,0
4.288084,0.33434129,-1.4686427,0.82295913,-0.30986917,-0.47615063,0
0.67153054,0.11022139,2.4314208,0.37403446,-0.33530807,0.86467731,0
3.7411823,-0.62857461,0.89999485,0.37403446,-0.33530807,0.86467731,0
-3.9322999,1.3775649,0.60296345,-0.82295913,0.30986917,0.47615063,0
1.3756959,-2.5400257,1.1555922,0.37403446,-0.33530807,0.86467731,0
2.3949766,1.8324077,0.056066513,0.42759407,0.88969082,0.16004306,0
1.780934,1.5618666,1.3003843,0.42759407,0.88969082,0.16004306,0
-3.4906425,-0.098301947,2.8402469,-0.82295913,0.30986917,0.47615063,0
3.6512804,-0.71159756,-1.3657744,0.82295913,-0.30986917,-0.47615063,0
-0.79538941,3.3220997,-0.91109055,0.42759407,0.88969082,0.16004306,0
-0.70259792,-0.39704967,-2.5872214,-0.37403446,0.33530807,-0.86467731,0
1.8942621,1.6876237,-2.841023,-0.37403446,0.33530807,-0.86467731,0
-2.8806758,0.68850279,3.3870487,-0.82295913,0.30986917,0.47615063,0
2.4056718,-1.9656229,-2.7948015,0.82295913,-0.30986917,-0.47615063,0
-3.7644403,0.016048908,-1.3040545,-0.37403446,0.33530807,-0.86467731,0
-2.9508247,-1.0852804,-0.94182086,-0.42759407,-0.88969082,-0.16004306,0
-3.3469625,0.47951615,2.4005926,-0.82295913,0.30986917,0.47615063,0
1.5678923,-3.3574331,-2.170079,-0.42759407,-0.88969082,-0.16004306,0
-4.0970364,-0.87202978,0.86492801,-0.42759407,-0.88969082,-0.16004306,0
-3.2000277,2.5904369,1.3905728,-0.82295913,0.30986917,0.47615063,0
-0.95722377,2.4109101,4.1135492,0.37403446,-0.33530807,0.86467731,0
-3.3149354,-1.3962026,3.3063583,-0.82295913,0.30986917,0.47615063,0
-1.0855796,-2.5252399,1.8847816,-0.42759407,-0.88969082,-0.16004306,0
-0.19759679,-2.7472146,0.3837685,-0.42759407,-0.88969082,-0.16004306,0
2.6659017,-2.8536499,-1.650967,0.82295913,-0.30986917,-0.47615063,0
-1.799613,3.3502543,0.59164333,0.42759407,0.88969082,0.16004306,0
4.1711254,1.1999704,-1.3833892,0.42759407,0.88969082,0.16004306,0
-2.1298704,2.295198,-1.0609348,-0.37403446,0.33530807,-0.86467731,0
1.9524407,2.3548093,-2.7278819,0.42759407,0.88969082,0.16004306,0
2.487628,0.1597963,-3.8235981,-0.37403446,0.33530807,-0.86467731,0
-3.3485994,0.73628664,-1.064394,-0.37403446,0.33530807,-0.86467731,0
-2.928282,-1.8203549,3.2953587,0.37403446,-0.33530807,0.86467731,0
0.13344097,0.21414328,-2.8619757,-0.37403446,0.33530807,-0.86467731,0
-2.8012829,0.22959051,3.2487173,-0.82295913,0.30986917,0.47615063,0
2.6315811,-3.7586663,-1.5163141,0.82295913,-0.30986917,-0.47615063,0
3.1779776,-2.8469248,0.6027174,0.37403446,-0.33530807,0.86467731,0
-0.33872348,1.2534114,3.5113339,0.37403446,-0.33530807,0.86467731,0
-3.8739786,0.70888925,1.6234033,-0.82295913,0.30986917,0.47615063,0
-0.25710106,-2.7261589,1.9917282,0.37403446,-0.33530807,0.86467731,0
0.43683219,2.453476,0.33672625,0.42759407,0.88969082,0.16004306,0
-0.10304236,2.540427,2.661654,0.42759407,0.88969082,0.16004306,0
3.574265,-2.6710699,-0.63074183,0.82295913,-0.30986917,-0.47615063,0
-0.80456507,2.6179874,4.2763715,0.42759407,0.88969082,0.16004306,0
-4.2703676,0.32812834,1.201582,-0.82295913,0.30986917,0.47615063,0
-3.527566,1.568646,1.4637806,-0.82295913,0.30986917,0.47615063,0
3.8260226,0.13664174,-1.915864,0.82295913,-0.30986917,-0.47615063,0
2.1559515,0.97037852,-3.2257357,-0.37403446,0.33530807,-0.86467731,0
-0.078641891,-2.6616366,-0.26226413,-0.42759407,-0.88969082,-0.16004306,0
4.0917449,1.0313809,-0.22264123,0.42759407,0.88969082,0.16004306,0
2.4276106,-0.26588678,-4.1583576,-0.37403446,0.33530807,-0.86467731,0
2.715487,0.68253183,2.0417609,0.37403446,-0.33530807,0.86467731,0
-3.1060984,-1.2082649,3.9790287,0.37403446,-0.33530807,0.86467731,0
0.50107837,2.6926427,0.22730726,0.42759407,0.88969082,0.16004306,0
-1.9403185,3.2724683,2.4211228,0.42759407,0.88969082,0.16004306,0
0.10958242,2.4026062,2.8629298,0.42759407,0.88969082,0.16004306,0
3.4632835,-2.756681,0.2778759,0.37403446,-0.33530807,0.86467731,0
-1.3149219,0.59111071,-1.9134942,-0.37403446,0.33530807,-0.86467731,0
-3.7801661,1.0649571,-0.72288442,-0.37403446,0.33530807,-0.86467731,0
3.763854,-0.37769651,1.2602482,0.37403446,-0.33530807,0.86467731,0
