4.1462526,-3.2844834,-0.18665552,0.98461008,-0.16997218,0.040651917,0
4.885119,1.9870944,-0.53027296,0.98461008,-0.16997218,0.040651917,0
-4.2962842,1.9395683,-1.3830771,-0.98461008,0.16997218,-0.040651917,0
4.5541296,3.6398644,-0.15343058,0.16532195,0.98128551,0.098729342,0
-2.3298171,2.1550934,-2.0537875,0.056672275,0.090489149,-0.99428368,0
-0.40758699,1.3914819,-1.734724,0.056672275,0.090489149,-0.99428368,0
3.2871623,-1.5885489,2.003953,-0.056672275,-0.090489149,0.99428368,0
-2.6763859,-1.2530732,1.8755529,-0.056672275,-0.090489149,0.99428368,0
-2.0747271,4.982924,-1.3517551,0.16532195,0.98128551,0.098729342,0
4.5544462,0.079789907,-1.5268905,0.98461008,-0.16997218,0.040651917,0
4.8445425,1.5911777,0.98871469,0.98461008,-0.16997218,0.040651917,0
-3.1607141,-3.7271917,-2.3968689,-0.16532195,-0.98128551,-0.098729342,0
-2.5934029,-0.1613006,1.705592,-0.056672275,-0.090489149,0.99428368,0
-3.5815163,-3.560498,1.5478103,-0.056672275,-0.090489149,0.99428368,0
2.6328001,4.3892112,-0.7784723,0.16532195,0.98128551,0.098729342,0
2.0659604,4.5242958,-0.92949641,0.16532195,0.98128551,0.098729342,0
2.8336339,-5.058898,-1.4034066,-0.16532195,-0.98128551,-0.098729342,0
0.84796643,-1.2418746,-1.8853242,0.056672275,0.090489149,-0.99428368,0
-4.0687294,3.4718752,0.83416653,-0.98461008,0.16997218,-0.040651917,0
-0.49054965,-0.99931431,1.958547,-0.056672275,-0.090489149,0.99428368,0
-3.8286481,4.8829384,-0.3722043,-0.98461008,0.16997218,-0.040651917,0
-4.5122743,-0.86825693,-0.58614826,-0.98461008,0.16997218,-0.040651917,0
-5.0603423,-3.0225019,-0.18067479,-0.98461008,0.16997218,-0.040651917,0
2.2666461,1.2022346,-1.8675621,0.056672275,0.090489149,-0.99428368,0
3.0652299,-0.2153483,-1.8936322,0.056672275,0.090489149,-0.99428368,0
-0.61068511,-4.4583359,0.58018839,-0.16532195,-0.98128551,-0.098729342,0
4.5930924,-0.68840319,-0.96821499,0.98461008,-0.16997218,0.040651917,0
0.95251656,-4.1184893,-2.4060564,0.056672275,0.090489149,-0.99428368,0
-4.1903791,1.3630762,0.2206521,-0.98461008,0.16997218,-0.040651917,0
4.8002095,0.68723845,-0.047371626,0.98461008,-0.16997218,0.040651917,0
-0.4794836,-2.8581581,-2.4488521,0.056672275,0.090489149,-0.99428368,0
1.3202488,-1.7451203,1.9613329,-0.056672275,-0.090489149,0.99428368,0
2.6856499,-0.35599208,2.319469,-0.056672275,-0.090489149,0.99428368,0
1.4062941,4.204895,-1.4356401,0.056672275,0.090489149,-0.99428368,0
3.8907664,-3.1819072,-1.716608,0.98461008,-0.16997218,0.040651917,0
4.0029178,4.0288153,-1.210145,0.16532195,0.98128551,0.098729342,0
1.1465535,1.7146436,-1.5933127,0.056672275,0.090489149,-0.99428368,0
-4.2591672,1.6339011,0.57530308,-0.98461008,0.16997218,-0.040651917,0
0.34310389,-4.8870735,1.3511083,-0.16532195,-0.98128551,-0.098729342,0
-2.5623536,-1.8717368,-2.5241148,0.056672275,0.090489149,-0.99428368,0
4.2772193,3.462501,2.5822332,-0.056672275,-0.090489149,0.99428368,0
-2.951232,4.9591937,-0.76982164,0.16532195,0.98128551,0.098729342,0
-1.0353878,-4.6536412,1.0248001,-0.16532195,-0.98128551,-0.098729342,0
3.2137628,-4.7986274,-1.6901503,-0.16532195,-0.98128551,-0.098729342,0
1.1322461,0.91989851,-1.6718084,0.056672275,0.090489149,-0.99428368,0
0.98893869,-0.61259866,-2.2114458,0.056672275,0.090489149,-0.99428368,0
-0.79770267,0.92158473,2.0053008,-0.056672275,-0.090489149,0.99428368,0
4.3795967,-1.2829006,1.3642282,0.98461008,-0.16997218,0.040651917,0
-5.0333977,-2.9059179,0.93385792,-0.98461008,0.16997218,-0.040651917,0
-4.6718884,-3.6847801,-0.60577011,-0.16532195,-0.98128551,-0.098729342,0
3.8133595,-4.6095371,0.2788496,0.98461008,-0.16997218,0.040651917,0
-4.779614,-1.5843544,-2.4589264,-0.98461008,0.16997218,-0.040651917,0
3.3194048,-5.4036546,0.80773687,-0.16532195,-0.98128551,-0.098729342,0
3.9325118,-3.3309362,-0.93966198,0.98461008,-0.16997218,0.040651917,0
2.9684446,4.1086044,0.84583008,0.16532195,0.98128551,0.098729342,0
3.7059462,-4.0682383,-2.1774416,0.056672275,0.090489149,-0.99428368,0
-1.9378436,2.491267,2.0786846,-0.056672275,-0.090489149,0.99428368,0
-1.451057,4.6230297,0.30150318,0.16532195,0.98128551,0.098729342,0
5.0021667,2.7817993,1.7751398,0.98461008,-0.16997218,0.040651917,0
-4.5843115,-3.8942666,0.41208196,-0.16532195,-0.98128551,-0.098729342,0
3.616776,1.5712123,2.2163982,-0.056672275,-0.090489149,0.99428368,0
1.8310483,4.2421608,1.0804933,0.16532195,0.98128551,0.098729342,0
0.83335209,4.7288966,-0.93946803,0.16532195,0.98128551,0.098729342,0
5.1424842,3.5653818,0.15999675,0.16532195,0.98128551,0.098729342,0
-4.9912796,-2.0923145,-1.4822495,-0.98461008,0.16997218,-0.040651917,0
0.19592118,4.0338407,-1.5527334,0.056672275,0.090489149,-0.99428368,0
-3.0067313,-4.0546317,0.37449545,-0.16532195,-0.98128551,-0.098729342,0
2.170727,3.8708119,2.2234485,0.16532195,0.98128551,0.098729342,0
-5.1854982,-3.3084843,-1.6141258,-0.98461008,0.16997218,-0.040651917,0
-3.8959227,3.5380774,-1.5749288,-0.98461008,0.16997218,-0.040651917,0
1.4160266,4.5594015,-0.70252597,0.16532195,0.98128551,0.098729342,0
-3.8331089,2.3256543,-1.9523129,0.056672275,0.090489149,-0.99428368,0
4.0017843,-4.837029,-2.0059614,0.98461008,-0.16997218,0.040651917,0
4.4226279,-0.95618439,1.7328818,0.98461008,-0.16997218,0.040651917,0
3.0540311,-5.0123286,-0.50075769,-0.16532195,-0.98128551,-0.098729342,0
3.4249868,3.8541243,1.6189061,0.16532195,0.98128551,0.098729342,0
1.6882615,-1.2223388,-1.990141,0.056672275,0.090489149,-0.99428368,0
-0.53521323,4.6477976,-1.5681419,0.16532195,0.98128551,0.098729342,0
2.6208301,4.1487083,-1.3585454,0.16532195,0.98128551,0.098729342,0
-0.066769123,4.543416,0.67715001,0.16532195,0.98128551,0.098729342,0
-4.10671,-4.1231523,0.66524476,-0.16532195,-0.98128551,-0.098729342,0
0.48950958,-4.6694746,-1.9751596,-0.16532195,-0.98128551,-0.098729342,0
-2.3174136,-2.2497132,-2.2441821,0.056672275,0.090489149,-0.99428368,0
-4.6114964,-0.75304329,-0.30017042,-0.98461008,0.16997218,-0.040651917,0
-1.8738402,4.8931236,-1.5329633,0.16532195,0.98128551,0.098729342,0
-4.7423687,-0.11875993,1.6339598,-0.98461008,0.16997218,-0.040651917,0
-1.8057916,-2.1869912,1.8131471,-0.056672275,-0.090489149,0.99428368,0
-3.1755404,5.1640582,-1.1174068,0.16532195,0.98128551,0.098729342,0
-4.5750055,-1.2421271,-0.60855532,-0.98461008,0.16997218,-0.040651917,0
5.0085006,3.5537219,1.7771215,0.16532195,0.98128551,0.098729342,0
-4.6305895,-3.9555702,1.3754623,-0.056672275,-0.090489149,0.99428368,0
-1.1004734,4.6374507,2.1374824,0.16532195,0.98128551,0.098729342,0
-2.8052514,0.48005128,-2.2522392,0.056672275,0.090489149,-0.99428368,0
-4.4111381,2.278024,1.1450801,-0.98461008,0.16997218,-0.040651917,0
-4.1458087,2.825141,1.3879046,-0.98461008,0.16997218,-0.040651917,0
0.24208426,0.87980497,-2.0891442,0.056672275,0.090489149,-0.99428368,0
4.9125757,3.5538428,2.2537079,0.98461008,-0.16997218,0.040651917,0
0.015113831,-4.6746621,0.93382454,-0.16532195,-0.98128551,-0.098729342,0
3.9210196,-3.0079243,-1.7019815,0.98461008,-0.16997218,0.040651917,0
-1.6299839,5.0323567,-0.16767263,0.16532195,0.98128551,0.098729342,0
-0.51126218,0.61525238,2.147773,-0.056672275,-0.090489149,0.99428368,0
0.19592214,-1.4911008,-1.9877167,0.056672275,0.090489149,-0.99428368,0
1.850522,2.5641997,2.4052293,-0.056672275,-0.090489149,0.99428368,0
3.8264904,2.3426991,2.4088726,-0.056672275,-0.090489149,0.99428368,0
2.9182363,-2.8203487,2.0585248,-0.056672275,-0.090489149,0.99428368,0
0.010278344,0.41616952,2.0629249,-0.056672275,-0.090489149,0.99428368,0
3.319479,-5.0275989,0.019123554,-0.16532195,-0.98128551,-0.098729342,0
4.9130373,3.5940425,0.71291006,0.16532195,0.98128551,0.098729342,0
1.3657172,-4.8654065,-0.36682367,-0.16532195,-0.98128551,-0.098729342,0
4.5063462,-0.5227623,1.6593275,0.98461008,-0.16997218,0.040651917,0
-2.1060269,4.6788015,1.7903829,0.16532195,0.98128551,0.098729342,0
-2.1347163,-1.9769748,-2.1255782,0.056672275,0.090489149,-0.99428368,0
-0.27419186,4.6937771,-1.4647312,0.16532195,0.98128551,0.098729342,0
-4.5200353,-3.6061373,-0.42204535,-0.16532195,-0.98128551,-0.098729342,0
-4.3051019,0.97197187,0.16677427,-0.98461008,0.16997218,-0.040651917,0
-4.7719626,-1.6871412,0.2464869,-0.98461008,0.16997218,-0.040651917,0
-0.012063861,0.22730613,1.9925007,-0.056672275,-0.090489149,0.99428368,0
0.37020242,3.4617963,-1.5325599,0.056672275,0.090489149,-0.99428368,0
1.6235266,-4.8240461,-1.7810929,-0.16532195,-0.98128551,-0.098729342,0
0.15983427,-0.035370111,2.0608768,-0.056672275,-0.090489149,0.99428368,0
3.0426588,-5.2388206,-0.40939951,-0.16532195,-0.98128551,-0.098729342,0
3.9181535,1.7280566,-1.7080989,0.056672275,0.090489149,-0.99428368,0
-0.14302373,3.0817254,2.2356796,-0.056672275,-0.090489149,0.99428368,0
0.64949632,4.6984305,-0.76864457,0.16532195,0.98128551,0.098729342,0
-3.2383957,-3.3998332,-2.5185671,0.056672275,0.090489149,-0.99428368,0
4.2048311,-2.9949107,-0.89913416,0.98461008,-0.16997218,0.040651917,0
4.6758018,0.59115171,-1.445214,0.98461008,-0.16997218,0.040651917,0
-3.9196923,2.8451242,0.069375515,-0.98461008,0.16997218,-0.040651917,0
-4.9083729,-1.3736629,-2.0803587,-0.98461008,0.16997218,-0.040651917,0
4.9944181,2.9265559,-1.3215585,0.056672275,0.090489149,-0.99428368,0
-4.5648694,-1.259284,-1.5613809,-0.98461008,0.16997218,-0.040651917,0
-4.6933651,-1.8139937,-1.175163,-0.98461008,0.16997218,-0.040651917,0
-3.5408511,1.5549753,1.8586228,-0.056672275,-0.090489149,0.99428368,0
-2.4764767,0.72715986,1.7810872,-0.056672275,-0.090489149,0.99428368,0
-1.6792159,4.9441648,0.077756882,0.16532195,0.98128551,0.098729342,0
-4.4035339,1.5890037,1.3763714,-0.98461008,0.16997218,-0.040651917,0
-2.9408543,1.6046828,2.1176813,-0.056672275,-0.090489149,0.99428368,0
-4.48915,-0.18476522,-0.098207474,-0.98461008,0.16997218,-0.040651917,0
-2.1422515,3.0247326,2.1414256,-0.056672275,-0.090489149,0.99428368,0
3.6687896,3.9670565,1.3966472,0.16532195,0.98128551,0.098729342,0
-4.9034829,-1.5734406,-1.4554527,-0.98461008,0.16997218,-0.040651917,0
-4.6314793,-0.073172927,0.10571241,-0.98461008,0.16997218,-0.040651917,0
-4.8823195,-3.6632838,0.10747695,-0.16532195,-0.98128551,-0.098729342,0
-3.909404,3.2636719,-1.5763292,-0.98461008,0.16997218,-0.040651917,0
-2.0670774,-3.3396101,-2.5970287,0.056672275,0.090489149,-0.99428368,0
4.9193621,0.79208082,-0.99823213,0.98461008,-0.16997218,0.040651917,0
-0.84696221,-4.4185338,0.90099216,-0.16532195,-0.98128551,-0.098729342,0
4.0614195,3.9233522,-0.71695137,0.16532195,0.98128551,0.098729342,0
-4.2516384,1.3370301,1.2163138,-0.98461008,0.16997218,-0.040651917,0
1.9059737,-4.8071499,-1.5408416,-0.16532195,-0.98128551,-0.098729342,0
-2.8645391,-1.8424504,-2.4481921,0.056672275,0.090489149,-0.99428368,0
-1.13972,-4.5308466,0.89245415,-0.16532195,-0.98128551,-0.098729342,0
-4.4697561,-3.9236014,0.15083957,-0.16532195,-0.98128551,-0.098729342,0
2.9141417,-4.3330526,1.8405619,-0.056672275,-0.090489149,0.99428368,0
-5.2419987,-3.3346648,0.35583782,-0.98461008,0.16997218,-0.040651917,0
-3.9427993,-0.50858575,1.8541172,-0.056672275,-0.090489149,0.99428368,0
-5.0427256,-2.6930456,-1.688659,-0.98461008,0.16997218,-0.040651917,0
-5.0592737,-3.7076325,-1.5124931,-0.16532195,-0.98128551,-0.098729342,0
-3.8571961,2.9445691,-0.96075296,-0.98461008,0.16997218,-0.040651917,0
3.3306246,1.3044925,2.5067935,-0.056672275,-0.090489149,0.99428368,0
-4.1946802,0.13056615,1.7022953,-0.056672275,-0.090489149,0.99428368,0
0.9277463,-4.7409511,0.30935431,-0.16532195,-0.98128551,-0.098729342,0
1.1761742,4.3732734,-0.85858953,0.16532195,0.98128551,0.098729342,0
3.1323457,1.2022862,-1.7026737,0.056672275,0.090489149,-0.99428368,0
0.30988908,4.7112975,-0.21974087,0.16532195,0.98128551,0.098729342,0
4.5122724,3.7029383,0.8651917,0.16532195,0.98128551,0.098729342,0
4.0989785,-2.1373949,1.5078831,0.98461008,-0.16997218,0.040651917,0
0.5163033,-3.2555647,1.7677165,-0.056672275,-0.090489149,0.99428368,0
5.0401068,3.7385721,1.0383809,0.16532195,0.98128551,0.098729342,0
3.849009,3.8274827,-0.38650876,0.16532195,0.98128551,0.098729342,0
-1.9142666,4.808569,2.1407652,0.16532195,0.98128551,0.098729342,0
-5.0610523,-2.9437571,-1.4994256,-0.98461008,0.16997218,-0.040651917,0
4.8181009,0.59172511,-0.98730063,0.98461008,-0.16997218,0.040651917,0
-4.6186104,-0.2064867,-0.49659395,-0.98461008,0.16997218,-0.040651917,0
1.9780388,1.8200556,-1.871632,0.056672275,0.090489149,-0.99428368,0
-4.8435044,-3.5743592,-0.81241989,-0.16532195,-0.98128551,-0.098729342,0
0.76595068,3.8246942,-1.6358814,0.056672275,0.090489149,-0.99428368,0
4.5885839,1.4711699,2.082521,0.98461008,-0.16997218,0.040651917,0
3.0943274,3.7744124,1.0865777,0.16532195,0.98128551,0.098729342,0
-4.1947765,3.5919349,1.8482533,-0.98461008,0.16997218,-0.040651917,0
0.77200937,4.4954166,0.94674456,0.16532195,0.98128551,0.098729342,0
-2.7389185,-4.0545025,0.37250006,-0.16532195,-0.98128551,-0.098729342,0
-4.4395857,1.0097604,1.5317059,-0.98461008,0.16997218,-0.040651917,0
-3.5646279,-4.0758648,0.53749418,-0.16532195,-0.98128551,-0.098729342,0
5.2431555,3.4316821,-1.5549371,0.056672275,0.090489149,-0.99428368,0
-2.3339305,2.7384944,-1.9263897,0.056672275,0.090489149,-0.99428368,0
-3.9223669,3.8529756,0.73464584,-0.98461008,0.16997218,-0.040651917,0
4.4569364,1.8012769,2.5778847,-0.056672275,-0.090489149,0.99428368,0
4.1006737,-2.673243,1.7414279,0.98461008,-0.16997218,0.040651917,0
-4.3635488,0.59137625,0.75301981,-0.98461008,0.16997218,-0.040651917,0
-4.9330621,-2.6298964,-2.1057796,-0.98461008,0.16997218,-0.040651917,0
-4.8335528,-0.37590933,0.4911046,-0.98461008,0.16997218,-0.040651917,0
-1.7721887,4.8314543,1.3522758,0.16532195,0.98128551,0.098729342,0
3.286531,3.8021474,-1.420346,0.056672275,0.090489149,-0.99428368,0
1.4834551,3.8275652,-1.5901055,0.056672275,0.090489149,-0.99428368,0
-2.5332112,0.93000841,-2.0293479,0.056672275,0.090489149,-0.99428368,0
-0.81455582,-2.3032966,1.7606105,-0.056672275,-0.090489149,0.99428368,0
-4.7415562,-2.2608414,1.3852189,-0.056672275,-0.090489149,0.99428368,0
1.525212,-1.0197402,-2.1875024,0.056672275,0.090489149,-0.99428368,0
-1.5542006,-4.2576113,-1.9265637,-0.16532195,-0.98128551,-0.098729342,0
-2.2561395,-4.1261492,0.19426644,-0.16532195,-0.98128551,-0.098729342,0
0.96860766,-1.7695307,-2.067528,0.056672275,0.090489149,-0.99428368,0
3.8577533,-2.090096,2.1801922,-0.056672275,-0.090489149,0.99428368,0
4.995008,2.0424016,1.3568103,0.98461008,-0.16997218,0.040651917,0
-4.5635691,0.45676136,-2.2893791,0.056672275,0.090489149,-0.99428368,0
0.92566562,-4.5238571,-0.56877017,-0.16532195,-0.98128551,-0.098729342,0
3.5370452,3.7482347,1.719036,0.16532195,0.98128551,0.098729342,0
-4.3928652,-3.8053422,-1.6783053,-0.16532195,-0.98128551,-0.098729342,0
-4.4408455,-3.9425621,0.36057329,-0.16532195,-0.98128551,-0.098729342,0
4.1091332,-0.23410253,-1.8364296,0.056672275,0.090489149,-0.99428368,0
4.819231,1.9413064,1.3220036,0.98461008,-0.16997218,0.040651917,0
-1.5943713,5.0037384,-0.13002872,0.16532195,0.98128551,0.098729342,0
3.6691861,-3.7988043,1.4575071,0.98461008,-0.16997218,0.040651917,0
-4.5285158,0.0010734797,0.61650491,-0.98461008,0.16997218,-0.040651917,0
-3.3879128,-1.0236602,-2.4156609,0.056672275,0.090489149,-0.99428368,0
3.8956976,-2.5667281,1.1241417,0.98461008,-0.16997218,0.040651917,0
-0.73396391,2.4044964,-1.8639953,0.056672275,0.090489149,-0.99428368,0
-3.5386796,4.9872818,-0.9026804,-0.98461008,0.16997218,-0.040651917,0
-0.43545443,2.1574991,-2.0402367,0.056672275,0.090489149,-0.99428368,0
-0.81577826,3.4278677,2.1393518,-0.056672275,-0.090489149,0.99428368,0
4.3553333,-0.68971169,-0.67726469,0.98461008,-0.16997218,0.040651917,0
-3.7412417,3.93138,0.12091303,-0.98461008,0.16997218,-0.040651917,0
3.1661074,-4.8227043,-1.2880335,-0.16532195,-0.98128551,-0.098729342,0
4.9866982,3.6333523,1.8643012,0.16532195,0.98128551,0.098729342,0
-3.8056612,0.84964323,-2.2136874,0.056672275,0.090489149,-0.99428368,0
-4.851306,-1.1297867,0.75097942,-0.98461008,0.16997218,-0.040651917,0
-0.67191219,-4.3141365,-2.4308512,0.056672275,0.090489149,-0.99428368,0
1.7525063,4.2317181,0.2057637,0.16532195,0.98128551,0.098729342,0
2.9035738,-4.9123931,-0.42868137,-0.16532195,-0.98128551,-0.098729342,0
-2.5982506,-1.0617363,-2.456095,0.056672275,0.090489149,-0.99428368,0
-5.0659018,-2.2585917,-1.1524768,-0.98461008,0.16997218,-0.040651917,0
-3.9965568,2.5733852,-1.6791625,-0.98461008,0.16997218,-0.040651917,0
-4.690661,-1.4370818,-2.1494877,-0.98461008,0.16997218,-0.040651917,0
-4.7685337,-3.6281543,0.012741327,-0.16532195,-0.98128551,-0.098729342,0
5.2086215,3.8344612,0.50051665,0.98461008,-0.16997218,0.040651917,0
-0.66400909,4.3919353,1.4017348,0.16532195,0.98128551,0.098729342,0
1.8801025,-0.13675368,-1.8757659,0.056672275,0.090489149,-0.99428368,0
1.4539671,3.303175,2.2627575,-0.056672275,-0.090489149,0.99428368,0
-4.3222728,1.7060462,0.25121737,-0.98461008,0.16997218,-0.040651917,0
-0.381906,1.6247832,-1.9295901,0.056672275,0.090489149,-0.99428368,0
5.0975099,3.576556,0.26322746,0.98461008,-0.16997218,0.040651917,0
-5.1886187,-3.2736959,0.53193378,-0.98461008,0.16997218,-0.040651917,0
-0.40649486,-3.012033,-2.2077801,0.056672275,0.090489149,-0.99428368,0
-3.1049092,5.140614,-0.75288725,0.16532195,0.98128551,0.098729342,0
4.118041,3.5644684,2.6864676,-0.056672275,-0.090489149,0.99428368,0
-3.8441825,4.7578259,-0.50546741,-0.98461008,0.16997218,-0.040651917,0
-3.3226719,-0.82379484,-2.3385217,0.056672275,0.090489149,-0.99428368,0
-3.8354936,-2.4423964,1.7224857,-0.056672275,-0.090489149,0.99428368,0
-4.795435,-2.5446188,-2.160471,-0.98461008,0.16997218,-0.040651917,0
-4.527493,0.29523158,1.228898,-0.98461008,0.16997218,-0.040651917,0
2.197175,4.0208549,-1.5181783,0.056672275,0.090489149,-0.99428368,0
-4.0483441,2.9172556,-1.7360215,-0.98461008,0.16997218,-0.040651917,0
3.8299785,-3.6040406,-1.4260063,0.98461008,-0.16997218,0.040651917,0
3.9191885,-1.3596923,2.2143817,-0.056672275,-0.090489149,0.99428368,0
-3.4816403,5.0967407,0.3561101,0.16532195,0.98128551,0.098729342,0
-3.9436002,3.1389701,-1.8956537,-0.98461008,0.16997218,-0.040651917,0
-3.7369647,4.8528152,1.4515767,-0.98461008,0.16997218,-0.040651917,0
-4.4510927,-0.2112813,-0.24239588,-0.98461008,0.16997218,-0.040651917,0
-1.8817046,-4.3493104,-0.52993649,-0.16532195,-0.98128551,-0.098729342,0
2.1582615,1.7607191,2.4347301,-0.056672275,-0.090489149,0.99428368,0
-2.2567177,4.3454189,2.4462163,-0.056672275,-0.090489149,0.99428368,0
2.715632,3.0125728,-1.6311895,0.056672275,0.090489149,-0.99428368,0
-5.0155354,-3.8969116,1.4875247,-0.056672275,-0.090489149,0.99428368,0
4.2971206,-2.1670346,-1.4376087,0.98461008,-0.16997218,0.040651917,0
2.655076,-3.3481083,1.6937294,-0.056672275,-0.090489149,0.99428368,0
1.5460269,-4.9298778,-0.85620308,-0.16532195,-0.98128551,-0.098729342,0
2.789144,0.32104886,-2.0144174,0.056672275,0.090489149,-0.99428368,0
-3.8246336,2.9712029,-1.073029,-0.98461008,0.16997218,-0.040651917,0
-4.6725602,0.41289902,0.23923826,-0.98461008,0.16997218,-0.040651917,0
3.322885,-1.5746303,2.0229611,-0.056672275,-0.090489149,0.99428368,0
-1.92783,-4.0507426,-2.0294099,-0.16532195,-0.98128551,-0.098729342,0
-1.1313283,-1.9056029,1.5901049,-0.056672275,-0.090489149,0.99428368,0
2.4307799,4.0621929,1.88515,0.16532195,0.98128551,0.098729342,0
-3.6989365,4.3715434,-1.0109429,-0.98461008,0.16997218,-0.040651917,0
-4.8491812,-2.384058,-1.1703994,-0.98461008,0.16997218,-0.040651917,0
3.154526,-1.6284099,1.8814323,-0.056672275,-0.090489149,0.99428368,0
4.8407483,1.3506911,0.80138087,0.98461008,-0.16997218,0.040651917,0
-0.035196781,1.0823253,2.1738179,-0.056672275,-0.090489149,0.99428368,0
-2.8413708,-3.3646169,-2.343992,0.056672275,0.090489149,-0.99428368,0
1.5076249,-3.4781752,1.8626211,-0.056672275,-0.090489149,0.99428368,0
-2.4359441,0.31922507,-2.0283055,0.056672275,0.090489149,-0.99428368,0
1.4259634,4.0706935,2.0188348,0.16532195,0.98128551,0.098729342,0
-3.2698643,0.19547009,1.7321126,-0.056672275,-0.090489149,0.99428368,0
2.1451924,-0.91494489,-2.1118646,0.056672275,0.090489149,-0.99428368,0
-0.97903252,0.76328695,2.1987355,-0.056672275,-0.090489149,0.99428368,0
2.1723881,4.2365465,-0.88506228,0.16532195,0.98128551,0.098729342,0
-1.461198,1.9831851,-2.1128631,0.056672275,0.090489149,-0.99428368,0
-2.8309224,-3.9836953,-1.2229784,-0.16532195,-0.98128551,-0.098729342,0
-3.2165258,3.7026286,-1.8930478,0.056672275,0.090489149,-0.99428368,0
1.9572353,4.4022393,0.52162731,0.16532195,0.98128551,0.098729342,0
3.7140398,-3.6339631,0.82821369,0.98461008,-0.16997218,0.040651917,0
-1.2295169,0.58069301,-2.2045662,0.056672275,0.090489149,-0.99428368,0
2.8055873,4.0859766,0.39651838,0.16532195,0.98128551,0.098729342,0
-4.0310974,-3.5343091,-1.8189605,-0.16532195,-0.98128551,-0.098729342,0
-4.9232769,-4.0104685,0.90080523,-0.16532195,-0.98128551,-0.098729342,0
-3.1102424,-3.5382173,-2.4050546,0.056672275,0.090489149,-0.99428368,0
-5.1059475,-2.9458416,-1.9062787,-0.98461008,0.16997218,-0.040651917,0
1.2364528,-1.2941921,1.7876916,-0.056672275,-0.090489149,0.99428368,0
3.0292857,3.6279283,2.3336112,-0.056672275,-0.090489149,0.99428368,0
2.8165171,-4.8472676,-1.1117091,-0.16532195,-0.98128551,-0.098729342,0
4.0671902,-2.6376648,1.0615273,0.98461008,-0.16997218,0.040651917,0
-1.2358351,-4.2718511,-1.9727025,-0.16532195,-0.98128551,-0.098729342,0
-0.95190811,-0.64596438,-2.2257922,0.056672275,0.090489149,-0.99428368,0
0.50753307,4.531559,1.6806659,0.16532195,0.98128551,0.098729342,0
3.5790732,3.6584144,1.491348,0.16532195,0.98128551,0.098729342,0
2.2985413,-1.0350108,-1.9921516,0.056672275,0.090489149,-0.99428368,0
2.7871056,3.8621202,2.6162949,-0.056672275,-0.090489149,0.99428368,0
-5.0279255,-3.7585869,0.11617112,-0.16532195,-0.98128551,-0.098729342,0
-3.5683057,0.40030336,-2.1559365,0.056672275,0.090489149,-0.99428368,0
-2.9542055,-4.2098451,-0.13814837,-0.16532195,-0.98128551,-0.098729342,0
3.4529524,4.0001135,-0.60456884,0.16532195,0.98128551,0.098729342,0
-2.0475731,0.81292057,-1.9322011,0.056672275,0.090489149,-0.99428368,0
0.84539938,-4.8590727,1.2873328,-0.16532195,-0.98128551,-0.098729342,0
-4.5115147,1.2620823,0.37670612,-0.98461008,0.16997218,-0.040651917,0
-5.1394601,-2.6370304,0.53989077,-0.98461008,0.16997218,-0.040651917,0
0.31970882,4.3611422,0.730968,0.16532195,0.98128551,0.098729342,0
-4.5765076,0.29068625,0.071988583,-0.98461008,0.16997218,-0.040651917,0
-0.94445109,4.671082,-1.2824001,0.16532195,0.98128551,0.098729342,0
-3.9061844,-3.8591297,-1.2161338,-0.16532195,-0.98128551,-0.098729342,0
4.1049209,-2.5660837,1.6052594,0.98461008,-0.16997218,0.040651917,0
-2.4145606,1.8673608,1.870379,-0.056672275,-0.090489149,0.99428368,0
-3.358988,4.4908676,-1.8534765,0.056672275,0.090489149,-0.99428368,0
1.7895973,-1.41793,-1.9830946,0.056672275,0.090489149,-0.99428368,0
0.91213441,-4.7545257,0.26285744,-0.16532195,-0.98128551,-0.098729342,0
1.5503905,3.2895453,2.4454606,-0.056672275,-0.090489149,0.99428368,0
-1.3106912,1.2979325,-1.8918241,0.056672275,0.090489149,-0.99428368,0
5.2237382,3.1793823,0.65298653,0.98461008,-0.16997218,0.040651917,0
-0.18231368,2.3572829,2.3418884,-0.056672275,-0.090489149,0.99428368,0
1.69098,-4.5235248,-1.7830355,-0.16532195,-0.98128551,-0.098729342,0
-2.028609,4.0391359,-1.7454908,0.056672275,0.090489149,-0.99428368,0
4.5210037,-1.4459913,-0.91519356,0.98461008,-0.16997218,0.040651917,0
4.1172976,-0.80114567,-1.9438052,0.056672275,0.090489149,-0.99428368,0
4.4828238,-1.8637035,-1.2900739,0.98461008,-0.16997218,0.040651917,0
-3.8154922,3.5670516,-1.7127199,-0.98461008,0.16997218,-0.040651917,0
3.2148969,4.1766548,-0.22788589,0.16532195,0.98128551,0.098729342,0
4.2228765,3.9438503,0.3735112,0.16532195,0.98128551,0.098729342,0
-2.7457054,-0.9366498,-2.2590098,0.056672275,0.090489149,-0.99428368,0
5.2998681,3.0535631,-1.0461066,0.98461008,-0.16997218,0.040651917,0
-3.0546,5.2915592,-0.35242176,0.16532195,0.98128551,0.098729342,0
-4.2717571,1.8971629,0.39574623,-0.98461008,0.16997218,-0.040651917,0
4.0488539,-2.1033943,1.8941317,0.98461008,-0.16997218,0.040651917,0
3.5565648,-5.4045515,1.5399108,-0.16532195,-0.98128551,-0.098729342,0
0.22393417,-4.2893562,-2.353688,-0.16532195,-0.98128551,-0.098729342,0
-3.0849433,3.2375131,2.0544853,-0.056672275,-0.090489149,0.99428368,0
3.0460651,3.0544133,2.5292222,-0.056672275,-0.090489149,0.99428368,0
-3.4616399,5.1051993,0.37393761,0.16532195,0.98128551,0.098729342,0
-4.7466311,-1.8184209,1.0079713,-0.98461008,0.16997218,-0.040651917,0
4.1600552,-1.1552696,-1.7545605,0.056672275,0.090489149,-0.99428368,0
-5.0403438,-3.3845098,-1.4254206,-0.98461008,0.16997218,-0.040651917,0
1.2572067,-4.6878328,0.82787132,-0.16532195,-0.98128551,-0.098729342,0
3.8761766,-0.97938955,-2.0303569,0.056672275,0.090489149,-0.99428368,0
-3.7204006,5.1113954,2.3782387,0.16532195,0.98128551,0.098729342,0
4.9190798,2.1828008,-1.6765254,0.056672275,0.090489149,-0.99428368,0
1.778018,-3.5731411,1.8445385,-0.056672275,-0.090489149,0.99428368,0
3.8363047,-4.3372631,0.75279284,0.98461008,-0.16997218,0.040651917,0
-2.7973399,2.0433402,2.134552,-0.056672275,-0.090489149,0.99428368,0
-3.8224885,4.9825106,-0.7243371,-0.98461008,0.16997218,-0.040651917,0
4.7383342,0.90964055,-0.26290178,0.98461008,-0.16997218,0.040651917,0
-1.3070353,-0.49934101,-2.2725415,0.056672275,0.090489149,-0.99428368,0
3.6197822,1.2969611,-1.7898157,0.056672275,0.090489149,-0.99428368,0
-3.6930878,0.14191175,-2.0818095,0.056672275,0.090489149,-0.99428368,0
3.6447501,3.9827847,0.012535691,0.16532195,0.98128551,0.098729342,0
-1.7176499,-2.3872421,-2.2383559,0.056672275,0.090489149,-0.99428368,0
-1.3477905,0.9170506,-1.8465548,0.056672275,0.090489149,-0.99428368,0
3.3279638,3.999172,-0.31753829,0.16532195,0.98128551,0.098729342,0
1.7757533,4.3962884,-0.95343739,0.16532195,0.98128551,0.098729342,0
2.7161803,2.6781387,2.457485,-0.056672275,-0.090489149,0.99428368,0
-0.26584005,4.7078662,-0.7556901,0.16532195,0.98128551,0.098729342,0
-0.019797981,-1.9857272,1.8329471,-0.056672275,-0.090489149,0.99428368,0
-4.3646688,2.3421307,1.0851469,-0.98461008,0.16997218,-0.040651917,0
4.6077013,0.79604888,-0.69892073,0.98461008,-0.16997218,0.040651917,0
-1.9769468,-4.0923376,-2.2983718,-0.16532195,-0.98128551,-0.098729342,0
-4.2085133,2.0451553,-1.1718774,-0.98461008,0.16997218,-0.040651917,0
-2.6802108,5.2398539,-1.3298354,0.16532195,0.98128551,0.098729342,0
4.2528067,-2.2529409,1.6529589,0.98461008,-0.16997218,0.040651917,0
4.8639407,0.36500156,-0.8316462,0.98461008,-0.16997218,0.040651917,0
-4.4898343,-1.9036721,1.5634904,-0.056672275,-0.090489149,0.99428368,0
4.0592794,-2.8080916,0.42454433,0.98461008,-0.16997218,0.040651917,0
4.7314634,1.8474804,0.6642468,0.98461008,-0.16997218,0.040651917,0
3.2593811,1.5772721,-1.5649719,0.056672275,0.090489149,-0.99428368,0
2.3229206,4.1772814,0.087410212,0.16532195,0.98128551,0.098729342,0
-3.9649601,2.7193534,-0.6791563,-0.98461008,0.16997218,-0.040651917,0
-0.66446567,-4.0239067,1.5768642,-0.056672275,-0.090489149,0.99428368,0
-3.3528624,2.477473,-2.056545,0.056672275,0.090489149,-0.99428368,0
4.0262804,3.6985404,2.1149862,0.16532195,0.98128551,0.098729342,0
-4.7378054,-1.1099784,-2.149096,-0.98461008,0.16997218,-0.040651917,0
-4.9210105,-1.4555258,0.0061957836,-0.98461008,0.16997218,-0.040651917,0
-2.2875679,3.3272824,2.22472,-0.056672275,-0.090489149,0.99428368,0
-4.6695786,0.36468363,1.303616,-0.98461008,0.16997218,-0.040651917,0
-2.5344882,5.1257868,0.89392281,0.16532195,0.98128551,0.098729342,0
-1.5519638,4.5269918,2.1741078,0.16532195,0.98128551,0.098729342,0
-4.2841778,1.2184808,-0.97298956,-0.98461008,0.16997218,-0.040651917,0
1.4434316,-3.5056829,1.7464933,-0.056672275,-0.090489149,0.99428368,0
2.586319,-5.2314668,1.2506566,-0.16532195,-0.98128551,-0.098729342,0
0.4216817,-0.73639154,1.9974952,-0.056672275,-0.090489149,0.99428368,0
-4.2640224,2.8776841,0.98410559,-0.98461008,0.16997218,-0.040651917,0
1.4581246,4.403235,-1.0981653,0.16532195,0.98128551,0.098729342,0
-4.73452,-1.599664,-1.4681835,-0.98461008,0.16997218,-0.040651917,0
4.3460703,-2.3724375,0.091666698,0.98461008,-0.16997218,0.040651917,0
0.50590408,1.5411776,-1.8796084,0.056672275,0.090489149,-0.99428368,0
-0.7771492,4.66189,2.5186481,0.16532195,0.98128551,0.098729342,0
-0.11374784,4.5845995,-0.6985321,0.16532195,0.98128551,0.098729342,0
4.8286176,3.4627416,2.7856545,-0.056672275,-0.090489149,0.99428368,0
1.3079685,2.3715639,-1.7635443,0.056672275,0.090489149,-0.99428368,0
-0.87420797,4.5733299,-0.096610069,0.16532195,0.98128551,0.098729342,0
1.2102017,-4.6346273,-1.0097098,-0.16532195,-0.98128551,-0.098729342,0
-4.4436684,0.7671349,0.70488977,-0.98461008,0.16997218,-0.040651917,0
0.84358692,1.5864555,2.2285252,-0.056672275,-0.090489149,0.99428368,0
1.4910364,-4.8850975,-0.40798187,-0.16532195,-0.98128551,-0.098729342,0
4.8090382,1.2432722,0.6341908,0.98461008,-0.16997218,0.040651917,0
-4.1312337,3.4054949,2.0037851,-0.98461008,0.16997218,-0.040651917,0
-4.3266449,2.7322733,1.3371205,-0.98461008,0.16997218,-0.040651917,0
-1.1591692,-1.4350311,-2.0243044,0.056672275,0.090489149,-0.99428368,0
4.960484,2.8970675,0.21151066,0.98461008,-0.16997218,0.040651917,0
0.11252916,-0.097568512,-2.0107412,0.056672275,0.090489149,-0.99428368,0
2.3506229,-4.8460765,-1.3795815,-0.16532195,-0.98128551,-0.098729342,0
0.91457808,-1.5346985,1.8628259,-0.056672275,-0.090489149,0.99428368,0
1.20171,-4.6571441,0.16998053,-0.16532195,-0.98128551,-0.098729342,0
1.6703293,-4.9429626,0.94083118,-0.16532195,-0.98128551,-0.098729342,0
-2.9979396,2.339643,-2.0718048,0.056672275,0.090489149,-0.99428368,0
-4.9384804,-1.8950831,0.82871461,-0.98461008,0.16997218,-0.040651917,0
-3.1088078,3.5657687,2.2879362,-0.056672275,-0.090489149,0.99428368,0
-4.4411688,0.1438117,-1.8207395,-0.98461008,0.16997218,-0.040651917,0
-0.87539673,-2.4673967,-2.3887053,0.056672275,0.090489149,-0.99428368,0
3.1090508,3.7725987,2.1863782,0.16532195,0.98128551,0.098729342,0
3.5680752,4.1378655,-1.3412842,0.056672275,0.090489149,-0.99428368,0
-3.0969572,-2.8116779,1.6216643,-0.056672275,-0.090489149,0.99428368,0
-4.3666286,1.6461178,0.6610136,-0.98461008,0.16997218,-0.040651917,0
-3.7649205,4.5678687,-1.3460846,-0.98461008,0.16997218,-0.040651917,0
4.3050561,-1.6882814,-0.58530235,0.98461008,-0.16997218,0.040651917,0
-4.640995,0.17261052,-0.089306831,-0.98461008,0.16997218,-0.040651917,0
4.8629532,0.89563894,-1.5185223,0.98461008,-0.16997218,0.040651917,0
-4.5069685,-3.6337926,-1.7609749,-0.16532195,-0.98128551,-0.098729342,0
-3.5209427,2.0328386,2.0241327,-0.056672275,-0.090489149,0.99428368,0
1.4317515,-4.8274612,-1.0068207,-0.16532195,-0.98128551,-0.098729342,0
1.6909807,4.162539,0.26634133,0.16532195,0.98128551,0.098729342,0
1.465192,1.2787241,2.0430675,-0.056672275,-0.090489149,0.99428368,0
4.0090451,3.5487359,2.0877051,0.16532195,0.98128551,0.098729342,0
1.8234377,2.53267,-1.8057727,0.056672275,0.090489149,-0.99428368,0
-4.6244421,-0.0568645,-0.21472311,-0.98461008,0.16997218,-0.040651917,0
-4.5740504,-0.067768455,0.82269168,-0.98461008,0.16997218,-0.040651917,0
3.7189448,0.32518053,2.2402439,-0.056672275,-0.090489149,0.99428368,0
2.8921058,-4.7563214,-1.4238367,-0.16532195,-0.98128551,-0.098729342,0
0.3200469,4.4365153,2.6224039,0.16532195,0.98128551,0.098729342,0
-1.8435385,3.9584386,-1.9561086,0.056672275,0.090489149,-0.99428368,0
3.8155291,-4.7253122,-1.7488265,0.98461008,-0.16997218,0.040651917,0
3.037755,0.42709494,2.3768272,-0.056672275,-0.090489149,0.99428368,0
-3.7186899,4.5736079,0.30975199,-0.98461008,0.16997218,-0.040651917,0
0.94709611,-4.6156549,-0.0057115555,-0.16532195,-0.98128551,-0.098729342,0
3.1525304,3.9860897,2.5730491,0.16532195,0.98128551,0.098729342,0
2.5999546,3.9692721,-1.6920042,0.056672275,0.090489149,-0.99428368,0
-0.027617216,-4.3782368,-0.014759541,-0.16532195,-0.98128551,-0.098729342,0
0.11921978,-1.8817391,-2.3088851,0.056672275,0.090489149,-0.99428368,0
-2.5353839,-2.8396592,-2.583847,0.056672275,0.090489149,-0.99428368,0
2.5876184,-5.2398596,1.4502802,-0.16532195,-0.98128551,-0.098729342,0
1.3885343,-4.6376691,-0.44941854,-0.16532195,-0.98128551,-0.098729342,0
-0.71479475,1.4470193,-1.9758474,0.056672275,0.090489149,-0.99428368,0
4.1584606,-2.4395261,-0.93342113,0.98461008,-0.16997218,0.040651917,0
4.9721456,2.4967659,-0.25096512,0.98461008,-0.16997218,0.040651917,0
-1.4385442,2.3854229,-1.6933298,0.056672275,0.090489149,-0.99428368,0
1.5851626,-4.6120772,-0.68542624,-0.16532195,-0.98128551,-0.098729342,0
-2.6427808,-4.1675386,1.4188342,-0.16532195,-0.98128551,-0.098729342,0
-3.9341331,2.5842111,-0.75899887,-0.98461008,0.16997218,-0.040651917,0
-4.8503623,-2.6470318,-2.4237905,0.056672275,0.090489149,-0.99428368,0
1.5450794,-0.3807559,-2.081732,0.056672275,0.090489149,-0.99428368,0
-4.1594005,0.52590322,-2.151093,0.056672275,0.090489149,-0.99428368,0
4.44805,-0.45615792,0.41970158,0.98461008,-0.16997218,0.040651917,0
1.3395877,-4.8098955,-0.64240456,-0.16532195,-0.98128551,-0.098729342,0
3.7962286,-4.5327663,1.5546031,0.98461008,-0.16997218,0.040651917,0
-3.383327,-4.1369982,0.78209972,-0.16532195,-0.98128551,-0.098729342,0
3.4231055,-4.8466387,-2.0953498,-0.16532195,-0.98128551,-0.098729342,0
-4.884542,-3.7983935,0.89231884,-0.16532195,-0.98128551,-0.098729342,0
-3.9962993,-4.0256495,0.88959086,-0.16532195,-0.98128551,-0.098729342,0
-0.78309488,-4.2405014,-2.1232576,-0.16532195,-0.98128551,-0.098729342,0
-4.1967936,0.36028337,-2.3496702,0.056672275,0.090489149,-0.99428368,0
-1.4633186,-4.3577905,-0.85412335,-0.16532195,-0.98128551,-0.098729342,0
2.4273834,0.11292112,-1.7281401,0.056672275,0.090489149,-0.99428368,0
-4.4577284,-0.21655011,-1.7056334,-0.98461008,0.16997218,-0.040651917,0
2.9815381,4.0070314,1.5650113,0.16532195,0.98128551,0.098729342,0
4.2350931,-0.54992199,2.1696041,0.98461008,-0.16997218,0.040651917,0
-0.037415981,-1.1124513,-2.1502512,0.056672275,0.090489149,-0.99428368,0
0.60558265,-2.6853848,1.6446449,-0.056672275,-0.090489149,0.99428368,0
-3.042033,3.6861243,-1.8950095,0.056672275,0.090489149,-0.99428368,0
-4.5530138,-3.7804799,-1.8594497,-0.16532195,-0.98128551,-0.098729342,0
1.9658939,-4.953166,1.5352941,-0.16532195,-0.98128551,-0.098729342,0
-2.2657673,-4.2406363,-1.0997266,-0.16532195,-0.98128551,-0.098729342,0
0.46991158,4.2874684,1.5899152,0.16532195,0.98128551,0.098729342,0
1.4618467,-4.2186198,1.6444495,-0.056672275,-0.090489149,0.99428368,0
-0.54739285,4.6437387,0.059994459,0.16532195,0.98128551,0.098729342,0
-4.6915321,0.082028866,1.0395179,-0.98461008,0.16997218,-0.040651917,0
0.24191284,-4.5291891,-1.804034,-0.16532195,-0.98128551,-0.098729342,0
3.6439919,-5.4017491,1.7789569,0.98461008,-0.16997218,0.040651917,0
-4.6229205,-1.3145852,0.29345679,-0.98461008,0.16997218,-0.040651917,0
4.6195774,-0.27267373,-0.37652159,0.98461008,-0.16997218,0.040651917,0
-2.8817348,-3.1379867,-2.398834,0.056672275,0.090489149,-0.99428368,0
-4.1240602,-3.5612452,-2.2899654,-0.16532195,-0.98128551,-0.098729342,0
-3.1096675,3.6091163,-2.0228477,0.056672275,0.090489149,-0.99428368,0
-0.63541389,-0.63517046,-1.9668521,0.056672275,0.090489149,-0.99428368,0
3.4391692,1.9996859,-1.4352424,0.056672275,0.090489149,-0.99428368,0
1.4573529,-4.6823521,0.088498116,-0.16532195,-0.98128551,-0.098729342,0
0.1977067,4.5663214,0.8491323,0.16532195,0.98128551,0.098729342,0
-1.6834702,-4.1575928,-1.1098132,-0.16532195,-0.98128551,-0.098729342,0
-4.2075958,-3.4361227,-2.4513726,0.056672275,0.090489149,-0.99428368,0
-3.8395452,-4.0110273,-0.32938957,-0.16532195,-0.98128551,-0.098729342,0
4.358654,-1.3333948,1.1062865,0.98461008,-0.16997218,0.040651917,0
-2.8770335,-1.9403908,-2.5282001,0.056672275,0.090489149,-0.99428368,0
-2.0251715,-4.2875776,-0.74451399,-0.16532195,-0.98128551,-0.098729342,0
-3.5401912,-3.2118735,-2.5013514,0.056672275,0.090489149,-0.99428368,0
-0.23202735,0.72143233,-2.0760493,0.056672275,0.090489149,-0.99428368,0
1.46387,-3.0260267,1.6698852,-0.056672275,-0.090489149,0.99428368,0
-3.4777055,-3.9602199,0.76097488,-0.16532195,-0.98128551,-0.098729342,0
2.3279459,4.1075172,0.27206671,0.16532195,0.98128551,0.098729342,0
-0.19012511,-0.24082959,-1.8913207,0.056672275,0.090489149,-0.99428368,0
0.13837123,4.7203188,-0.9369266,0.16532195,0.98128551,0.098729342,0
-3.914346,3.6404696,-0.21612787,-0.98461008,0.16997218,-0.040651917,0
4.4147849,-0.88189101,-0.075454712,0.98461008,-0.16997218,0.040651917,0
3.4633913,-5.3426757,1.5762444,0.98461008,-0.16997218,0.040651917,0
2.3193212,0.21214616,-1.9010227,0.056672275,0.090489149,-0.99428368,0
-4.1939478,2.7951014,1.132369,-0.98461008,0.16997218,-0.040651917,0
-0.43292809,-4.1898174,-1.9339675,-0.16532195,-0.98128551,-0.098729342,0
5.058816,3.6020992,1.0006127,0.98461008,-0.16997218,0.040651917,0
-2.8244495,-4.2997241,1.5524734,-0.16532195,-0.98128551,-0.098729342,0
-3.7158718,4.3169937,-0.32730818,-0.98461008,0.16997218,-0.040651917,0
-4.4278889,0.0077319145,-2.1258709,-0.98461008,0.16997218,-0.040651917,0
-4.6484776,0.61890644,0.92559052,-0.98461008,0.16997218,-0.040651917,0
-4.4002938,1.7476549,-1.4455261,-0.98461008,0.16997218,-0.040651917,0
5.0896897,1.9408426,-1.3437786,0.98461008,-0.16997218,0.040651917,0
-4.4746923,0.20562124,1.2745974,-0.98461008,0.16997218,-0.040651917,0
-4.1702952,3.1245861,-0.65197659,-0.98461008,0.16997218,-0.040651917,0
-0.039755344,-4.4110961,-0.97335339,-0.16532195,-0.98128551,-0.098729342,0
0.78523874,-4.5492239,-2.1830866,-0.16532195,-0.98128551,-0.098729342,0
-0.21110582,3.2407079,-1.8824997,0.056672275,0.090489149,-0.99428368,0
1.5332572,-4.9455428,1.3699825,-0.16532195,-0.98128551,-0.098729342,0
-3.4911213,4.2855606,2.0035224,-0.056672275,-0.090489149,0.99428368,0
-4.4362488,0.19836366,0.24226713,-0.98461008,0.16997218,-0.040651917,0
2.8757427,0.65342259,2.431458,-0.056672275,-0.090489149,0.99428368,0
-0.46908689,-1.1316932,-2.2142487,0.056672275,0.090489149,-0.99428368,0
4.0217776,-3.6401143,-0.053705692,0.98461008,-0.16997218,0.040651917,0
2.6672513,0.46832597,-1.6308358,0.056672275,0.090489149,-0.99428368,0
-0.81984782,4.6598129,0.93212724,0.16532195,0.98128551,0.098729342,0
0.2467885,-4.321763,-1.0934091,-0.16532195,-0.98128551,-0.098729342,0
-3.0781434,-3.2930889,1.6182233,-0.056672275,-0.090489149,0.99428368,0
-1.6552995,-2.0124464,1.7245584,-0.056672275,-0.090489149,0.99428368,0
5.4058123,3.8370147,-0.95674753,0.16532195,0.98128551,0.098729342,0
4.2666535,-1.4703499,0.1591363,0.98461008,-0.16997218,0.040651917,0
2.3765531,2.5478039,-1.7537545,0.056672275,0.090489149,-0.99428368,0
-3.4174914,0.58609152,-2.2288523,0.056672275,0.090489149,-0.99428368,0
1.0130267,4.5029845,1.1103015,0.16532195,0.98128551,0.098729342,0
-2.9464862,5.1733494,-1.2635579,0.16532195,0.98128551,0.098729342,0
-0.35921812,4.7600999,0.46393132,0.16532195,0.98128551,0.098729342,0
0.58355469,-1.9300915,2.0586607,-0.056672275,-0.090489149,0.99428368,0
-0.48120594,4.4668236,1.9286819,0.16532195,0.98128551,0.098729342,0
-2.1392984,-4.34445,-0.11064011,-0.16532195,-0.98128551,-0.098729342,0
5.0673904,3.6322756,-0.49162912,0.16532195,0.98128551,0.098729342,0
-4.2241745,2.6732309,-2.0260377,-0.98461008,0.16997218,-0.040651917,0
1.3448627,-3.7790883,-2.4187846,0.056672275,0.090489149,-0.99428368,0
-0.10648799,-0.72884786,1.7740166,-0.056672275,-0.090489149,0.99428368,0
-3.9171538,1.5125142,1.8128989,-0.056672275,-0.090489149,0.99428368,0
3.689184,3.6432757,2.7104385,-0.056672275,-0.090489149,0.99428368,0
4.0131931,-0.97461486,-1.8346825,0.056672275,0.090489149,-0.99428368,0
-0.9335866,4.4656324,2.1800175,-0.056672275,-0.090489149,0.99428368,0
-4.5636196,-2.4680512,-2.6590462,0.056672275,0.090489149,-0.99428368,0
1.0787301,4.0134454,2.2338362,0.16532195,0.98128551,0.098729342,0
2.8090911,1.3489499,2.235683,-0.056672275,-0.090489149,0.99428368,0
-2.9850631,-3.2075434,1.5020404,-0.056672275,-0.090489149,0.99428368,0
3.8925996,-4.5723467,1.0122375,0.98461008,-0.16997218,0.040651917,0
1.8609693,-4.5592494,-2.2265871,-0.16532195,-0.98128551,-0.098729342,0
3.2078571,1.3107203,-1.8270338,0.056672275,0.090489149,-0.99428368,0
-2.3618879,-4.2033052,0.3919768,-0.16532195,-0.98128551,-0.098729342,0
-0.16480017,-4.3074851,-1.8517647,-0.16532195,-0.98128551,-0.098729342,0
4.4943924,-1.2003403,1.3378725,0.98461008,-0.16997218,0.040651917,0
4.6068954,0.59107214,-1.6636314,0.056672275,0.090489149,-0.99428368,0
