-1.0656073,-0.92422128,-2.0607088,-0.21925563,-0.13559455,-0.9661994,0
-0.60805345,2.5895233,2.3234696,-0.66734403,0.74325681,0.047130466,0
-0.77238148,-2.6995478,0.47761059,-0.71174371,-0.65512097,0.25345141,0
-1.9378427,0.23636101,-2.1144187,-0.21925563,-0.13559455,-0.9661994,0
-0.47256994,2.2588315,2.5393353,0.21925563,0.13559455,0.9661994,0
1.7735949,-1.9137934,-1.8424027,0.66734403,-0.74325681,-0.047130466,0
-3.4327583,-0.50769389,-1.5295992,-0.71174371,-0.65512097,0.25345141,0
-2.2400057,1.1680526,0.67435896,-0.66734403,0.74325681,0.047130466,0
2.6584544,-1.0516897,1.8847754,0.66734403,-0.74325681,-0.047130466,0
-0.12674427,3.2968097,2.0531511,0.21925563,0.13559455,0.9661994,0
2.7458956,-0.0083261728,-2.8203583,0.71174371,0.65512097,-0.25345141,0
2.0377355,1.5154445,1.8161149,0.21925563,0.13559455,0.9661994,0
-0.83103293,3.0094886,-2.5811632,-0.66734403,0.74325681,0.047130466,0
2.1590681,0.2532084,-2.5978947,0.71174371,0.65512097,-0.25345141,0
1.100538,3.017643,1.3878372,0.71174371,0.65512097,-0.25345141,0
-3.149199,-0.60970438,-0.21949577,-0.71174371,-0.65512097,0.25345141,0
1.507498,-0.40506065,-2.7547331,-0.21925563,-0.13559455,-0.9661994,0
-1.7149296,-0.87013835,2.9246764,-0.71174371,-0.65512097,0.25345141,0
1.595629,2.5219758,1.4622071,0.71174371,0.65512097,-0.25345141,0
1.4456265,-2.2744269,0.49383593,0.66734403,-0.74325681,-0.047130466,0
0.11283278,3.3251684,0.42373681,-0.66734403,0.74325681,0.047130466,0
3.6018605,-0.085973799,1.5392292,0.66734403,-0.74325681,-0.047130466,0
1.0907308,-2.2188888,-1.9430317,0.66734403,-0.74325681,-0.047130466,0
-0.64417386,-1.2620947,-2.1739466,-0.21925563,-0.13559455,-0.9661994,0
1.6175138,0.22255984,1.9914026,0.21925563,0.13559455,0.9661994,0
2.7637062,-0.67700475,0.17652428,0.66734403,-0.74325681,-0.047130466,0
2.5185037,1.773235,1.3736053,0.71174371,0.65512097,-0.25345141,0
-0.91675746,-2.0820444,2.5873666,-0.71174371,-0.65512097,0.25345141,0
2.1568403,-1.5885794,-1.3335645,0.66734403,-0.74325681,-0.047130466,0
-0.52798092,-2.9935148,0.25430846,-0.71174371,-0.65512097,0.25345141,0
-3.1873448,-0.61866194,-0.26373386,-0.71174371,-0.65512097,0.25345141,0
1.4258584,2.3800113,0.72164643,0.71174371,0.65512097,-0.25345141,0
1.272476,-2.2649317,1.4091055,0.66734403,-0.74325681,-0.047130466,0
-1.3830729,-2.7585099,-1.4200805,-0.71174371,-0.65512097,0.25345141,0
-3.0734775,0.58690917,-1.6029272,-0.66734403,0.74325681,0.047130466,0
0.96496165,1.582779,-2.8875937,0.71174371,0.65512097,-0.25345141,0
1.4763315,0.18998106,2.0938058,0.21925563,0.13559455,0.9661994,0
-0.54548359,-0.76818907,-2.3130202,-0.21925563,-0.13559455,-0.9661994,0
2.2634304,0.38067678,2.1659279,0.21925563,0.13559455,0.9661994,0
-0.57489359,-0.31722069,-2.2149875,-0.21925563,-0.13559455,-0.9661994,0
-3.3227525,-0.88328779,-1.4061289,-0.71174371,-0.65512097,0.25345141,0
2.8094985,0.92999023,1.928582,0.21925563,0.13559455,0.9661994,0
-2.690624,-0.91732562,0.18279195,-0.71174371,-0.65512097,0.25345141,0
0.26456031,-3.214644,0.87909907,0.66734403,-0.74325681,-0.047130466,0
1.5529511,-1.9516008,0.54147124,0.66734403,-0.74325681,-0.047130466,0
-2.2093999,1.34361,1.9880214,-0.66734403,0.74325681,0.047130466,0
-0.21792603,-2.6708045,-2.0162582,-0.21925563,-0.13559455,-0.9661994,0
-2.434051,1.2191234,0.22741616,-0.66734403,0.74325681,0.047130466,0
-1.3586571,1.9532834,-2.5126679,-0.21925563,-0.13559455,-0.9661994,0
2.2921667,0.84171706,-0.54632497,0.71174371,0.65512097,-0.25345141,0
-0.99315858,-2.0317349,-2.037286,-0.21925563,-0.13559455,-0.9661994,0
-2.4404969,-1.4722421,-0.94116628,-0.71174371,-0.65512097,0.25345141,0
0.26938963,-3.2311044,-0.98449469,0.66734403,-0.74325681,-0.047130466,0
2.4291983,1.3153118,1.0199667,0.71174371,0.65512097,-0.25345141,0
-1.9520172,1.56679,-2.0973434,-0.66734403,0.74325681,0.047130466,0
-3.3142467,0.56200063,-1.6913151,-0.66734403,0.74325681,0.047130466,0
-0.98095,-1.9576626,1.7950436,-0.71174371,-0.65512097,0.25345141,0
-0.71617055,1.3614695,2.7496877,0.21925563,0.13559455,0.9661994,0
0.27059388,-1.7334352,-2.2848594,-0.21925563,-0.13559455,-0.9661994,0
-3.1035311,0.53791583,1.2497048,-0.66734403,0.74325681,0.047130466,0
0.83587801,0.39465368,-2.8215652,-0.21925563,-0.13559455,-0.9661994,0
0.27944255,-1.2830454,-2.6450958,-0.21925563,-0.13559455,-0.9661994,0
-0.31555629,-3.7979007,-1.1606246,0.66734403,-0.74325681,-0.047130466,0
-3.0643177,-0.51923895,0.58303761,-0.71174371,-0.65512097,0.25345141,0
-1.2159516,1.9406278,2.3838913,-0.66734403,0.74325681,0.047130466,0
1.6902261,-2.0179322,1.7152207,0.66734403,-0.74325681,-0.047130466,0
2.7129266,-0.11567354,-3.086237,-0.21925563,-0.13559455,-0.9661994,0
-0.14876044,3.2507455,0.3196193,-0.66734403,0.74325681,0.047130466,0
0.46482158,-1.3356423,2.6150808,0.21925563,0.13559455,0.9661994,0
-3.1062827,0.63350809,1.6070874,-0.66734403,0.74325681,0.047130466,0
-3.8475652,-0.063927233,-1.3050214,-0.71174371,-0.65512097,0.25345141,0
1.8921149,-1.7394167,0.91258293,0.66734403,-0.74325681,-0.047130466,0
0.54891682,-0.32039821,-2.6764069,-0.21925563,-0.13559455,-0.9661994,0
0.99849796,2.3582313,1.9873369,0.21925563,0.13559455,0.9661994,0
2.5500741,0.85074818,-1.1484945,0.71174371,0.65512097,-0.25345141,0
2.3146563,0.72465736,1.9499019,0.21925563,0.13559455,0.9661994,0
-1.7324325,1.9198587,-1.4901502,-0.66734403,0.74325681,0.047130466,0
-0.82350469,1.8805535,-2.7383187,-0.21925563,-0.13559455,-0.9661994,0
2.1498759,0.40702569,-2.9572153,0.71174371,0.65512097,-0.25345141,0
-1.444694,0.51754379,2.7423189,0.21925563,0.13559455,0.9661994,0
-0.46400428,0.57196498,-2.5581937,-0.21925563,-0.13559455,-0.9661994,0
-1.1013497,2.1197996,2.4402132,-0.66734403,0.74325681,0.047130466,0
0.41450039,3.0332642,-1.2958533,0.71174371,0.65512097,-0.25345141,0
2.8865366,-1.0197307,1.2817409,0.66734403,-0.74325681,-0.047130466,0
-2.2045417,1.4291884,-1.4467595,-0.66734403,0.74325681,0.047130466,0
-0.85319889,2.4096792,1.0307331,-0.66734403,0.74325681,0.047130466,0
1.9267433,1.2584978,-0.7654531,0.71174371,0.65512097,-0.25345141,0
2.1714702,1.2000241,1.9894967,0.21925563,0.13559455,0.9661994,0
0.91556251,1.872402,-1.9521757,0.71174371,0.65512097,-0.25345141,0
-3.2888415,0.12695777,0.24033403,-0.66734403,0.74325681,0.047130466,0
3.1076083,0.54528975,0.14707923,0.71174371,0.65512097,-0.25345141,0
-3.6641946,0.35909218,-1.4922955,-0.66734403,0.74325681,0.047130466,0
-0.82237238,2.4825025,0.46238625,-0.66734403,0.74325681,0.047130466,0
-2.4859877,1.1090724,-1.2404913,-0.66734403,0.74325681,0.047130466,0
-2.8595419,0.90899909,-1.1729791,-0.66734403,0.74325681,0.047130466,0
-0.94488919,2.2827203,0.60741013,-0.66734403,0.74325681,0.047130466,0
2.4151423,0.37504828,-2.8041759,0.71174371,0.65512097,-0.25345141,0
-1.0495937,0.40372288,2.7752433,0.21925563,0.13559455,0.9661994,0
2.36871,-0.93062472,-2.6536255,0.66734403,-0.74325681,-0.047130466,0
-2.3899546,1.4079059,-0.79280037,-0.66734403,0.74325681,0.047130466,0
-2.2591324,-0.92331034,-1.8567191,-0.21925563,-0.13559455,-0.9661994,0
-0.78591913,2.7662294,-2.4640021,-0.66734403,0.74325681,0.047130466,0
-0.66402322,2.5329514,0.46781105,-0.66734403,0.74325681,0.047130466,0
-1.6481652,-2.3307076,-1.4134476,-0.71174371,-0.65512097,0.25345141,0
0.99398851,0.88459581,2.0572729,0.21925563,0.13559455,0.9661994,0
-1.3371899,-1.425591,-2.2244079,-0.21925563,-0.13559455,-0.9661994,0
1.032653,-2.5035274,-2.3581583,0.66734403,-0.74325681,-0.047130466,0
-2.0726588,1.3358387,-1.2878616,-0.66734403,0.74325681,0.047130466,0
-2.1334665,-0.45604265,2.4845901,-0.71174371,-0.65512097,0.25345141,0
0.066273808,-3.3507602,-1.0037398,0.66734403,-0.74325681,-0.047130466,0
1.4682148,-1.9336569,0.19166106,0.66734403,-0.74325681,-0.047130466,0
-2.1842332,1.1005597,2.3732443,-0.66734403,0.74325681,0.047130466,0
2.9470589,-0.64293373,-2.3857861,0.66734403,-0.74325681,-0.047130466,0
-2.4880967,0.18021095,2.9427414,0.21925563,0.13559455,0.9661994,0
-1.6795588,-0.66752875,2.9945192,0.21925563,0.13559455,0.9661994,0
-0.80313969,-0.74332708,3.0554833,0.21925563,0.13559455,0.9661994,0
-0.41874909,-0.67118865,-2.4322469,-0.21925563,-0.13559455,-0.9661994,0
0.74908996,-2.82021,1.5017028,0.66734403,-0.74325681,-0.047130466,0
0.9092176,2.7294226,1.9650822,0.21925563,0.13559455,0.9661994,0
-2.0196655,1.6739193,-1.178753,-0.66734403,0.74325681,0.047130466,0
3.6286578,0.021687746,1.6536767,0.66734403,-0.74325681,-0.047130466,0
2.8086839,-1.1034665,-0.045018911,0.66734403,-0.74325681,-0.047130466,0
1.1414173,-2.1871109,-1.2814265,0.66734403,-0.74325681,-0.047130466,0
-3.319077,-0.80652529,-1.3182577,-0.71174371,-0.65512097,0.25345141,0
0.38990077,-2.8992481,1.3958507,0.66734403,-0.74325681,-0.047130466,0
1.5241904,-1.8370981,-1.0006647,0.66734403,-0.74325681,-0.047130466,0
0.22944632,-3.4546943,0.80560654,-0.71174371,-0.65512097,0.25345141,0
-1.4712572,-2.8307219,-0.91662246,-0.71174371,-0.65512097,0.25345141,0
3.2284636,-0.16207433,-1.1717842,0.71174371,0.65512097,-0.25345141,0
-0.39489025,-2.334177,2.0938454,-0.71174371,-0.65512097,0.25345141,0
2.0998654,1.7513924,-0.032811165,0.71174371,0.65512097,-0.25345141,0
-2.6155825,0.23079127,-2.060365,-0.21925563,-0.13559455,-0.9661994,0
-3.443109,-0.12535673,-0.78050017,-0.71174371,-0.65512097,0.25345141,0
-1.4163983,1.8191321,0.25479412,-0.66734403,0.74325681,0.047130466,0
-0.52124316,2.8653715,-2.0566719,-0.66734403,0.74325681,0.047130466,0
-0.48541355,2.9849966,1.0527444,-0.66734403,0.74325681,0.047130466,0
3.0177352,-0.47239292,-2.321785,0.66734403,-0.74325681,-0.047130466,0
-0.51251197,2.8758121,2.2389815,-0.66734403,0.74325681,0.047130466,0
0.84904313,-2.8153887,-0.73266208,0.66734403,-0.74325681,-0.047130466,0
0.061482906,-3.1715989,-1.164122,0.66734403,-0.74325681,-0.047130466,0
-3.0996599,0.45154411,-1.3861294,-0.66734403,0.74325681,0.047130466,0
-2.7426944,1.2441146,-1.2247556,-0.66734403,0.74325681,0.047130466,0
-1.1009439,-2.5252602,0.96122754,-0.71174371,-0.65512097,0.25345141,0
-1.0603238,-2.2439704,0.81138635,-0.71174371,-0.65512097,0.25345141,0
2.2152166,1.9621196,0.87087429,0.71174371,0.65512097,-0.25345141,0
-1.2379012,2.288456,-2.1117144,-0.66734403,0.74325681,0.047130466,0
1.7274529,-2.1008117,0.73369795,0.66734403,-0.74325681,-0.047130466,0
-0.1543588,-2.9547927,1.1366818,-0.71174371,-0.65512097,0.25345141,0
-0.93057323,-0.59768701,-2.4107499,-0.21925563,-0.13559455,-0.9661994,0
0.48848319,3.548696,0.44519395,-0.66734403,0.74325681,0.047130466,0
-1.1090157,2.5021942,-0.062159635,-0.66734403,0.74325681,0.047130466,0
2.3129239,-1.0102859,-0.32642996,0.66734403,-0.74325681,-0.047130466,0
-3.1054361,0.55831122,1.4065926,-0.66734403,0.74325681,0.047130466,0
-1.1660568,-0.85096943,3.0879974,0.21925563,0.13559455,0.9661994,0
-0.22360682,-1.8682399,3.0971003,0.21925563,0.13559455,0.9661994,0
1.7151158,-2.0720456,0.30178523,0.66734403,-0.74325681,-0.047130466,0
-2.126265,0.8401072,2.9188778,0.21925563,0.13559455,0.9661994,0
1.7499539,-1.7713754,-0.7368741,0.66734403,-0.74325681,-0.047130466,0
1.4324464,2.2469656,-0.18922293,0.71174371,0.65512097,-0.25345141,0
-0.63016438,-1.4221716,-2.3289561,-0.21925563,-0.13559455,-0.9661994,0
-1.2115132,-0.62932914,-2.0559425,-0.21925563,-0.13559455,-0.9661994,0
0.26454711,-2.159873,-2.541223,-0.21925563,-0.13559455,-0.9661994,0
-1.6587002,-2.3776083,-0.37980938,-0.71174371,-0.65512097,0.25345141,0
-2.1457288,-2.1570404,-1.1451025,-0.71174371,-0.65512097,0.25345141,0
1.0382848,1.5848324,1.9839203,0.21925563,0.13559455,0.9661994,0
2.0689449,0.030451059,-2.9212141,-0.21925563,-0.13559455,-0.9661994,0
2.0819502,0.62685883,1.902868,0.21925563,0.13559455,0.9661994,0
3.0968647,-0.45394528,-2.2103252,0.66734403,-0.74325681,-0.047130466,0
3.0477865,1.035512,1.3440369,0.71174371,0.65512097,-0.25345141,0
-0.63017976,-3.4452264,-0.10128307,-0.71174371,-0.65512097,0.25345141,0
0.91976476,2.3875425,2.1447563,0.21925563,0.13559455,0.9661994,0
0.83200181,-2.5851479,-1.9366055,0.66734403,-0.74325681,-0.047130466,0
2.8565373,0.49353415,-0.26178026,0.71174371,0.65512097,-0.25345141,0
1.6492902,2.0748966,0.15496588,0.71174371,0.65512097,-0.25345141,0
-1.9864216,-1.6418639,-1.8479631,-0.21925563,-0.13559455,-0.9661994,0
-1.059094,2.7595801,-1.4094144,-0.66734403,0.74325681,0.047130466,0
-1.9192364,0.3118186,3.0811505,0.21925563,0.13559455,0.9661994,0
-1.7226206,-0.86533266,-1.8730839,-0.21925563,-0.13559455,-0.9661994,0
-2.6309264,-1.0944757,-0.5876286,-0.71174371,-0.65512097,0.25345141,0
0.91113728,-2.6650059,2.4391432,0.66734403,-0.74325681,-0.047130466,0
-0.13990307,-2.0627248,-2.3379092,-0.21925563,-0.13559455,-0.9661994,0
-2.1751115,-2.0659924,-1.9397092,-0.71174371,-0.65512097,0.25345141,0
-1.9411037,-1.3733021,-2.1370659,-0.21925563,-0.13559455,-0.9661994,0
1.3039443,1.4240465,-1.9310232,0.71174371,0.65512097,-0.25345141,0
0.28245819,-2.8321326,-0.85473561,0.66734403,-0.74325681,-0.047130466,0
-2.2259398,1.4384913,-2.2297659,-0.66734403,0.74325681,0.047130466,0
1.8435776,-1.6828153,-0.43999368,0.66734403,-0.74325681,-0.047130466,0
-2.3217621,1.3476344,1.5386659,-0.66734403,0.74325681,0.047130466,0
-1.3639352,2.0966511,1.7495676,-0.66734403,0.74325681,0.047130466,0
1.0310984,2.48312,2.0986104,0.21925563,0.13559455,0.9661994,0
-0.89970899,-3.4072697,-1.463513,-0.71174371,-0.65512097,0.25345141,0
-3.1694911,0.50102866,2.2259622,-0.71174371,-0.65512097,0.25345141,0
-0.95917082,-2.6039095,-0.28791952,-0.71174371,-0.65512097,0.25345141,0
-3.4997106,-0.4809821,-1.1483687,-0.71174371,-0.65512097,0.25345141,0
-1.5223067,2.309829,-2.0430591,-0.66734403,0.74325681,0.047130466,0
-0.27068257,2.8621264,-2.9109008,-0.21925563,-0.13559455,-0.9661994,0
0.060825408,-3.5689709,0.78830028,0.66734403,-0.74325681,-0.047130466,0
-0.53557843,-2.5331528,2.3386617,-0.71174371,-0.65512097,0.25345141,0
0.4742161,-2.7318087,2.9406035,0.21925563,0.13559455,0.9661994,0
-1.0193685,-2.3350918,0.35043848,-0.71174371,-0.65512097,0.25345141,0
2.0073822,0.089831829,-3.0528295,-0.21925563,-0.13559455,-0.9661994,0
3.1545391,0.78713709,0.69376194,0.71174371,0.65512097,-0.25345141,0
2.9782896,0.029180288,-1.5038352,0.71174371,0.65512097,-0.25345141,0
-1.5854268,-1.3958204,2.3157277,-0.71174371,-0.65512097,0.25345141,0
-0.55658364,-2.2099586,1.9122665,-0.71174371,-0.65512097,0.25345141,0
2.9024477,-0.93673939,0.39674449,0.66734403,-0.74325681,-0.047130466,0
1.0577939,-2.546418,2.2704268,0.66734403,-0.74325681,-0.047130466,0
-0.55425644,-3.5769253,-1.7438538,0.66734403,-0.74325681,-0.047130466,0
-2.9698126,0.95741451,0.053946853,-0.66734403,0.74325681,0.047130466,0
0.22455215,1.9215517,-2.949528,-0.21925563,-0.13559455,-0.9661994,0
1.1773267,3.2150095,1.9686673,0.21925563,0.13559455,0.9661994,0
1.2421837,2.1696973,2.0167394,0.21925563,0.13559455,0.9661994,0
-0.99085426,0.47373605,2.5637136,0.21925563,0.13559455,0.9661994,0
-2.89785,0.40524077,2.5294909,-0.66734403,0.74325681,0.047130466,0
0.82775921,-2.4612865,-1.2259136,0.66734403,-0.74325681,-0.047130466,0
-0.84679353,2.9331877,-2.1219075,-0.66734403,0.74325681,0.047130466,0
0.98773396,-2.7252843,0.93758625,0.66734403,-0.74325681,-0.047130466,0
1.670413,0.18428624,-3.0527387,-0.21925563,-0.13559455,-0.9661994,0
-0.14338088,-3.4310458,0.066041231,-0.71174371,-0.65512097,0.25345141,0
0.060101271,-0.18042564,-2.6038678,-0.21925563,-0.13559455,-0.9661994,0
2.4232175,0.81196672,2.1094279,0.21925563,0.13559455,0.9661994,0
-2.1895714,0.1628392,-1.9763408,-0.21925563,-0.13559455,-0.9661994,0
2.922092,-0.52293503,-1.0867319,0.66734403,-0.74325681,-0.047130466,0
-2.5671797,0.97520781,1.2689128,-0.66734403,0.74325681,0.047130466,0
1.3045542,-0.38533852,2.1749792,0.21925563,0.13559455,0.9661994,0
1.7781456,-1.7822304,-0.24984121,0.66734403,-0.74325681,-0.047130466,0
1.6492865,1.252703,1.8583159,0.21925563,0.13559455,0.9661994,0
2.3407147,1.3143498,-0.47715616,0.71174371,0.65512097,-0.25345141,0
-3.0282733,-0.59636557,-0.5235883,-0.71174371,-0.65512097,0.25345141,0
-0.46802568,-0.64365017,-2.2492428,-0.21925563,-0.13559455,-0.9661994,0
-2.2110438,-0.62255955,1.5670216,-0.71174371,-0.65512097,0.25345141,0
1.0056484,-2.4327993,-0.38844928,0.66734403,-0.74325681,-0.047130466,0
-0.2073009,-0.85830462,-2.4838808,-0.21925563,-0.13559455,-0.9661994,0
-0.65895891,1.0494038,2.4922016,0.21925563,0.13559455,0.9661994,0
-2.7877526,0.73409325,-0.086933136,-0.66734403,0.74325681,0.047130466,0
3.1328106,-0.075061083,-1.9477243,0.71174371,0.65512097,-0.25345141,0
2.014899,1.9600739,0.085737109,0.71174371,0.65512097,-0.25345141,0
-1.124673,-2.046417,1.8352737,-0.71174371,-0.65512097,0.25345141,0
1.3713846,-1.973397,0.29982394,0.66734403,-0.74325681,-0.047130466,0
-0.1265907,3.3037312,-1.0000722,-0.66734403,0.74325681,0.047130466,0
1.5768809,-1.7914846,1.4921956,0.66734403,-0.74325681,-0.047130466,0
2.8648336,-0.17156816,-1.7151477,0.71174371,0.65512097,-0.25345141,0
-2.3881536,-1.3219393,0.027517319,-0.71174371,-0.65512097,0.25345141,0
0.69587493,2.2172518,2.0479908,0.21925563,0.13559455,0.9661994,0
1.7880327,-1.0565857,2.1302581,0.21925563,0.13559455,0.9661994,0
-2.5628707,-0.36189234,2.12918,-0.71174371,-0.65512097,0.25345141,0
3.789659,0.18621254,0.98593473,0.71174371,0.65512097,-0.25345141,0
-2.6286659,-1.4943514,-1.3184936,-0.71174371,-0.65512097,0.25345141,0
2.7760086,-1.1416041,1.3050354,0.66734403,-0.74325681,-0.047130466,0
-2.6826465,-1.3473688,-1.2553691,-0.71174371,-0.65512097,0.25345141,0
0.54941881,0.33472031,-2.9525802,-0.21925563,-0.13559455,-0.9661994,0
-2.4811234,0.81794846,1.5493211,-0.66734403,0.74325681,0.047130466,0
1.6890155,0.14532208,2.3068147,0.21925563,0.13559455,0.9661994,0
2.8594365,-0.84475231,0.62094426,0.66734403,-0.74325681,-0.047130466,0
-1.943151,1.7266372,-0.49586737,-0.66734403,0.74325681,0.047130466,0
3.4075854,0.57540739,1.1663016,0.71174371,0.65512097,-0.25345141,0
-0.22358775,3.1377399,0.60785741,-0.66734403,0.74325681,0.047130466,0
1.5842264,2.0864422,0.43756855,0.71174371,0.65512097,-0.25345141,0
-1.6806381,0.6558969,-2.2294624,-0.21925563,-0.13559455,-0.9661994,0
-0.97135603,2.4801209,0.82697731,-0.66734403,0.74325681,0.047130466,0
-2.534699,0.89291513,2.4964123,-0.66734403,0.74325681,0.047130466,0
-0.86711502,2.3117924,2.2789733,-0.66734403,0.74325681,0.047130466,0
-1.8161138,1.7968904,2.3607836,-0.66734403,0.74325681,0.047130466,0
-0.2408731,-3.2828336,-0.5665946,0.66734403,-0.74325681,-0.047130466,0
2.60886,-0.24612093,-2.9300041,0.71174371,0.65512097,-0.25345141,0
-0.89651752,1.1649398,2.5269799,0.21925563,0.13559455,0.9661994,0
-2.618865,0.99725807,3.0431857,0.21925563,0.13559455,0.9661994,0
-0.52861208,2.776803,-1.8470813,-0.66734403,0.74325681,0.047130466,0
2.6435122,1.1795353,0.26299667,0.71174371,0.65512097,-0.25345141,0
-0.75080007,-2.0685387,3.1128116,-0.71174371,-0.65512097,0.25345141,0
-1.6372187,0.48257089,3.0794232,0.21925563,0.13559455,0.9661994,0
-3.800179,0.08214134,-0.881899,-0.66734403,0.74325681,0.047130466,0
3.093606,0.17117512,1.7099233,0.21925563,0.13559455,0.9661994,0
0.057023019,-3.1696372,1.0889426,0.66734403,-0.74325681,-0.047130466,0
0.76292664,-2.8106651,0.28987738,0.66734403,-0.74325681,-0.047130466,0
-0.13500246,-2.9139109,1.4731226,-0.71174371,-0.65512097,0.25345141,0
-1.2323773,-2.3343725,1.1113244,-0.71174371,-0.65512097,0.25345141,0
3.0821736,0.28160238,-0.58713269,0.71174371,0.65512097,-0.25345141,0
3.4831402,-0.4662798,0.75908935,0.66734403,-0.74325681,-0.047130466,0
-1.6217563,-1.3254331,2.3590682,-0.71174371,-0.65512097,0.25345141,0
-1.4454896,1.0686061,-2.2785056,-0.21925563,-0.13559455,-0.9661994,0
-2.6489687,1.274792,-0.7493912,-0.66734403,0.74325681,0.047130466,0
1.3750162,2.2603304,-0.45854759,0.71174371,0.65512097,-0.25345141,0
3.2106462,0.73687744,1.9321241,0.21925563,0.13559455,0.9661994,0
3.4373021,-0.4362722,0.88780296,0.66734403,-0.74325681,-0.047130466,0
0.016353369,-2.7715943,-2.1268618,-0.21925563,-0.13559455,-0.9661994,0
-2.1607578,0.50257146,-2.1689367,-0.21925563,-0.13559455,-0.9661994,0
-0.57144988,-2.901334,0.58356917,-0.71174371,-0.65512097,0.25345141,0
1.6121715,2.3041887,0.99940163,0.71174371,0.65512097,-0.25345141,0
1.5721959,-2.2330177,0.39456058,0.66734403,-0.74325681,-0.047130466,0
-1.2406425,-2.6259556,-1.8510207,-0.21925563,-0.13559455,-0.9661994,0
1.445074,-2.2981164,1.1249815,0.66734403,-0.74325681,-0.047130466,0
-0.00081324577,2.0628023,2.2418768,0.21925563,0.13559455,0.9661994,0
-0.29309329,-2.9452925,1.9920701,-0.71174371,-0.65512097,0.25345141,0
1.6804285,-1.8672744,-0.45116162,0.66734403,-0.74325681,-0.047130466,0
-2.5696065,0.84354758,-0.24920392,-0.66734403,0.74325681,0.047130466,0
1.8263773,0.89457715,-2.3521776,0.71174371,0.65512097,-0.25345141,0
2.3814881,-1.0834804,2.0021274,0.21925563,0.13559455,0.9661994,0
-1.7087395,1.9519428,-1.6461191,-0.66734403,0.74325681,0.047130466,0
0.8075521,1.452971,2.3218577,0.21925563,0.13559455,0.9661994,0
-0.14343834,2.3405952,-3.0773518,-0.21925563,-0.13559455,-0.9661994,0
-0.93160087,-2.4058795,0.36747789,-0.71174371,-0.65512097,0.25345141,0
-0.73528004,2.6097867,-2.5977252,-0.21925563,-0.13559455,-0.9661994,0
-0.76737666,-1.3479352,-2.0574367,-0.21925563,-0.13559455,-0.9661994,0
0.38553858,-2.1299982,2.6209702,0.21925563,0.13559455,0.9661994,0
-0.23708278,3.1227391,-1.6950408,-0.66734403,0.74325681,0.047130466,0
-2.5430546,0.16053069,2.6446536,-0.71174371,-0.65512097,0.25345141,0
2.9098177,0.53101099,-0.7753377,0.71174371,0.65512097,-0.25345141,0
-1.5324184,-0.90038049,3.0451427,-0.71174371,-0.65512097,0.25345141,0
1.9304134,1.8652928,0.25394058,0.71174371,0.65512097,-0.25345141,0
-1.1921077,-0.89927077,-2.3428133,-0.21925563,-0.13559455,-0.9661994,0
0.35117185,-2.9109521,-0.15358904,0.66734403,-0.74325681,-0.047130466,0
2.2171197,0.38880372,-2.3585677,0.71174371,0.65512097,-0.25345141,0
1.522778,2.3357639,0.49293268,0.71174371,0.65512097,-0.25345141,0
2.7073565,-0.96124101,-0.54214108,0.66734403,-0.74325681,-0.047130466,0
1.8079016,-1.6633596,-0.38384038,0.66734403,-0.74325681,-0.047130466,0
2.793365,-0.47895232,1.8662682,0.21925563,0.13559455,0.9661994,0
0.10603738,3.4388552,1.602318,-0.66734403,0.74325681,0.047130466,0
-1.5502388,1.7091441,0.46215349,-0.66734403,0.74325681,0.047130466,0
-2.0060356,1.2126712,-2.4593234,-0.21925563,-0.13559455,-0.9661994,0
1.7421316,-1.6337154,-2.1848147,0.66734403,-0.74325681,-0.047130466,0
-3.1508975,0.64076173,2.5394092,-0.71174371,-0.65512097,0.25345141,0
-0.13009238,2.4214971,2.2868123,0.21925563,0.13559455,0.9661994,0
-1.4872195,0.059895173,-2.150104,-0.21925563,-0.13559455,-0.9661994,0
0.95252514,1.4634511,-2.7661695,0.71174371,0.65512097,-0.25345141,0
2.9933579,-0.45551348,-2.1283488,0.66734403,-0.74325681,-0.047130466,0
-1.1120629,-1.6090775,2.4904552,-0.71174371,-0.65512097,0.25345141,0
-0.71906054,-2.1709096,1.8506771,-0.71174371,-0.65512097,0.25345141,0
-3.0792532,0.44736838,1.2428722,-0.66734403,0.74325681,0.047130466,0
-1.0040441,-3.1161058,-1.222846,-0.71174371,-0.65512097,0.25345141,0
-2.1519511,-1.24858,0.18399549,-0.71174371,-0.65512097,0.25345141,0
-0.81061655,2.716491,-2.2352057,-0.66734403,0.74325681,0.047130466,0
-1.3965421,2.0674601,-1.9446485,-0.66734403,0.74325681,0.047130466,0
0.96150219,-0.19225729,-2.6425416,-0.21925563,-0.13559455,-0.9661994,0
-0.37409663,-1.8586762,-2.4043403,-0.21925563,-0.13559455,-0.9661994,0
1.4199226,-1.7260151,-2.8344541,0.66734403,-0.74325681,-0.047130466,0
2.3285518,-1.3840274,-1.6690481,0.66734403,-0.74325681,-0.047130466,0
0.54076666,2.5145102,-1.1443537,0.71174371,0.65512097,-0.25345141,0
-0.47692469,-2.3089366,2.0520287,-0.71174371,-0.65512097,0.25345141,0
1.8371103,-1.6226614,0.33172458,0.66734403,-0.74325681,-0.047130466,0
0.10340762,-2.0558214,-2.1493757,-0.21925563,-0.13559455,-0.9661994,0
0.80076569,2.5714746,-0.44708228,0.71174371,0.65512097,-0.25345141,0
-0.7891537,2.1706395,-2.6134529,-0.21925563,-0.13559455,-0.9661994,0
3.4735198,0.31586462,1.9251084,0.21925563,0.13559455,0.9661994,0
-1.3705757,2.300339,-2.2978704,-0.66734403,0.74325681,0.047130466,0
1.9150479,-0.86696935,-2.7603767,-0.21925563,-0.13559455,-0.9661994,0
-0.6312058,-3.8666694,-1.7548954,0.66734403,-0.74325681,-0.047130466,0
-2.9388118,-0.34796,0.035663128,-0.71174371,-0.65512097,0.25345141,0
0.49581361,2.6310203,2.0465302,0.21925563,0.13559455,0.9661994,0
-1.2565795,2.064266,1.6456199,-0.66734403,0.74325681,0.047130466,0
1.8329813,1.9247609,1.9493403,0.21925563,0.13559455,0.9661994,0
0.88087296,2.3779192,1.8590481,0.21925563,0.13559455,0.9661994,0
-3.0654173,0.41244078,1.6967118,-0.71174371,-0.65512097,0.25345141,0
-3.7231917,-0.39356667,-1.3472596,-0.71174371,-0.65512097,0.25345141,0
-1.8688287,1.8989439,0.12228823,-0.66734403,0.74325681,0.047130466,0
1.4624978,-1.745569,-1.1017513,0.66734403,-0.74325681,-0.047130466,0
2.1187015,-1.8667048,2.3494484,0.66734403,-0.74325681,-0.047130466,0
-0.78200793,3.0025411,-3.0152934,-0.21925563,-0.13559455,-0.9661994,0
0.5515579,3.4893904,0.50878441,0.71174371,0.65512097,-0.25345141,0
0.24489871,2.9947009,-0.94329703,0.71174371,0.65512097,-0.25345141,0
-0.14355326,3.4590578,0.61193562,-0.66734403,0.74325681,0.047130466,0
-0.41633713,-3.1007919,0.027724147,-0.71174371,-0.65512097,0.25345141,0
0.13921034,-3.1141222,2.8666863,-0.71174371,-0.65512097,0.25345141,0
0.95919096,-1.4136026,2.4102569,0.21925563,0.13559455,0.9661994,0
-0.39061213,-3.7117574,-1.7857734,0.66734403,-0.74325681,-0.047130466,0
0.81270158,0.58168417,-2.9197168,-0.21925563,-0.13559455,-0.9661994,0
-1.9999602,-1.6094509,-0.016648173,-0.71174371,-0.65512097,0.25345141,0
2.3812661,1.3401413,0.22628725,0.71174371,0.65512097,-0.25345141,0
-2.6448932,0.97634238,-0.97899002,-0.66734403,0.74325681,0.047130466,0
0.42731628,-3.2586424,2.287904,0.66734403,-0.74325681,-0.047130466,0
0.7501331,-2.5240569,-0.079160452,0.66734403,-0.74325681,-0.047130466,0
-0.6226449,-3.473079,-1.0482996,-0.71174371,-0.65512097,0.25345141,0
3.0307884,0.051333308,-1.8498073,0.71174371,0.65512097,-0.25345141,0
-1.3167939,2.3061585,-0.49240667,-0.66734403,0.74325681,0.047130466,0
-2.0973375,-1.6764655,0.13478661,-0.71174371,-0.65512097,0.25345141,0
2.3723233,0.81603837,-1.7692914,0.71174371,0.65512097,-0.25345141,0
2.1100707,-1.4608872,-1.4668065,0.66734403,-0.74325681,-0.047130466,0
-0.37713808,-2.3097615,2.1803565,-0.71174371,-0.65512097,0.25345141,0
1.4079201,-2.1222425,-1.4157696,0.66734403,-0.74325681,-0.047130466,0
1.0027854,-2.5086884,-0.67893636,0.66734403,-0.74325681,-0.047130466,0
-0.11378801,3.3195333,0.53205848,-0.66734403,0.74325681,0.047130466,0
1.679055,0.59165144,-3.1250019,-0.21925563,-0.13559455,-0.9661994,0
1.4317762,-0.44748509,-2.8552995,-0.21925563,-0.13559455,-0.9661994,0
2.6408825,-1.1221004,0.29381895,0.66734403,-0.74325681,-0.047130466,0
-2.7918925,0.77589238,1.3187642,-0.66734403,0.74325681,0.047130466,0
-0.78097272,-2.7432849,-1.907778,-0.21925563,-0.13559455,-0.9661994,0
-3.2893915,0.4788096,-0.73449135,-0.66734403,0.74325681,0.047130466,0
3.0085473,0.76668084,0.776739,0.71174371,0.65512097,-0.25345141,0
2.689744,1.3018672,1.2138565,0.71174371,0.65512097,-0.25345141,0
-0.93407989,2.4668617,-1.4253926,-0.66734403,0.74325681,0.047130466,0
0.83485365,3.6620283,1.3224807,0.71174371,0.65512097,-0.25345141,0
-1.6363451,-2.427187,-0.43008447,-0.71174371,-0.65512097,0.25345141,0
1.6679093,-2.2113841,1.9104019,0.66734403,-0.74325681,-0.047130466,0
-1.6685829,-2.0360448,-1.8205742,-0.21925563,-0.13559455,-0.9661994,0
2.2637079,-0.89571309,-2.947279,-0.21925563,-0.13559455,-0.9661994,0
0.8448627,-0.21509862,-2.8643038,-0.21925563,-0.13559455,-0.9661994,0
-1.2679462,2.442306,-2.0701826,-0.66734403,0.74325681,0.047130466,0
2.272253,0.19473457,-3.2533247,-0.21925563,-0.13559455,-0.9661994,0
0.78946018,0.28371912,2.1970491,0.21925563,0.13559455,0.9661994,0
-0.65982294,-0.1126895,-2.5842791,-0.21925563,-0.13559455,-0.9661994,0
0.41581482,3.1710105,-0.75032985,0.71174371,0.65512097,-0.25345141,0
2.4545317,-1.2111564,1.9428737,0.66734403,-0.74325681,-0.047130466,0
-1.3990356,2.1479967,-1.9087909,-0.66734403,0.74325681,0.047130466,0
0.78351486,3.1440961,-0.20481074,0.71174371,0.65512097,-0.25345141,0
-2.305656,-1.0169897,1.2269635,-0.71174371,-0.65512097,0.25345141,0
-1.3240614,2.5463016,-1.8144128,-0.66734403,0.74325681,0.047130466,0
0.77784824,3.3382432,0.95940346,0.71174371,0.65512097,-0.25345141,0
-2.5667267,-1.2605506,-1.3847005,-0.71174371,-0.65512097,0.25345141,0
-1.3867713,0.36546952,-2.2839751,-0.21925563,-0.13559455,-0.9661994,0
-2.5089221,-0.27109498,-2.0522702,-0.21925563,-0.13559455,-0.9661994,0
-1.0836946,0.76801085,2.6647394,0.21925563,0.13559455,0.9661994,0
1.9993156,1.3120161,-1.2016778,0.71174371,0.65512097,-0.25345141,0
-1.6298971,-2.1375203,0.12793577,-0.71174371,-0.65512097,0.25345141,0
1.8873558,-1.876591,0.1668874,0.66734403,-0.74325681,-0.047130466,0
-2.0841911,1.1657294,2.0344706,-0.66734403,0.74325681,0.047130466,0
-0.51408988,-2.2615216,3.2245865,0.21925563,0.13559455,0.9661994,0
-0.25879431,2.2325535,2.1553037,0.21925563,0.13559455,0.9661994,0
2.9556768,0.29103297,-0.16718531,0.71174371,0.65512097,-0.25345141,0
1.8219345,-0.66733706,2.4372599,0.21925563,0.13559455,0.9661994,0
1.4590021,-1.7101015,-2.5298471,0.66734403,-0.74325681,-0.047130466,0
0.89249587,-1.8946141,2.823055,0.21925563,0.13559455,0.9661994,0
-0.60255766,-2.2746642,1.8115994,-0.71174371,-0.65512097,0.25345141,0
0.38529348,-1.5315208,2.9185467,0.21925563,0.13559455,0.9661994,0
-2.8310075,0.72337437,-0.0030802488,-0.66734403,0.74325681,0.047130466,0
0.20028353,-2.9020486,-1.1806982,0.66734403,-0.74325681,-0.047130466,0
-2.7040524,-0.1678309,-1.9070578,-0.21925563,-0.13559455,-0.9661994,0
-0.46162999,-0.13875282,2.5941467,0.21925563,0.13559455,0.9661994,0
0.82316715,2.6965537,-0.22494197,0.71174371,0.65512097,-0.25345141,0
1.8498037,1.5893534,1.9963974,0.21925563,0.13559455,0.9661994,0
-1.9890902,-1.005736,1.7602803,-0.71174371,-0.65512097,0.25345141,0
-0.58261633,2.7241488,1.815806,-0.66734403,0.74325681,0.047130466,0
-2.2210398,-1.1264478,0.45306826,-0.71174371,-0.65512097,0.25345141,0
-0.21273756,-3.5682781,-1.4411933,0.66734403,-0.74325681,-0.047130466,0
-3.9687748,-0.072773576,-0.97138405,-0.71174371,-0.65512097,0.25345141,0
1.1921022,1.5756006,-2.2382011,0.71174371,0.65512097,-0.25345141,0
1.2556131,-2.0039122,-1.9452547,0.66734403,-0.74325681,-0.047130466,0
-1.9396878,1.6647092,-1.5198432,-0.66734403,0.74325681,0.047130466,0
-1.6254227,-2.5163586,-1.0160247,-0.71174371,-0.65512097,0.25345141,0
0.24105763,-3.0599172,-1.9998741,0.66734403,-0.74325681,-0.047130466,0
-2.5469632,1.3015077,-0.77822345,-0.66734403,0.74325681,0.047130466,0
-0.75845778,2.1798239,-2.7569566,-0.21925563,-0.13559455,-0.9661994,0
3.5734801,0.026849508,1.2114911,0.66734403,-0.74325681,-0.047130466,0
1.241213,2.1989474,-0.92191529,0.71174371,0.65512097,-0.25345141,0
-1.1808102,-2.0219941,1.784194,-0.71174371,-0.65512097,0.25345141,0
-0.80339968,-3.445549,-0.64877313,-0.71174371,-0.65512097,0.25345141,0
-0.39344108,-0.79946989,2.6817391,0.21925563,0.13559455,0.9661994,0
-0.047659695,3.2798605,-1.7315737,-0.66734403,0.74325681,0.047130466,0
0.045575619,-0.53555924,-2.6341934,-0.21925563,-0.13559455,-0.9661994,0
0.35042471,-3.084502,2.6153994,0.66734403,-0.74325681,-0.047130466,0
0.33360144,2.6285841,-2.3039682,0.71174371,0.65512097,-0.25345141,0
0.40012139,2.6382706,-1.6558403,0.71174371,0.65512097,-0.25345141,0
-3.1002698,0.636518,1.254962,-0.66734403,0.74325681,0.047130466,0
-2.048094,-1.5678093,-0.17034531,-0.71174371,-0.65512097,0.25345141,0
1.3686907,-0.9915427,-2.7685096,-0.21925563,-0.13559455,-0.9661994,0
3.526226,0.58408546,1.2137183,0.71174371,0.65512097,-0.25345141,0
1.7719756,1.7467568,-1.072419,0.71174371,0.65512097,-0.25345141,0
1.5663958,2.4431889,0.71132553,0.71174371,0.65512097,-0.25345141,0
0.51865566,-2.8350067,-0.79524612,0.66734403,-0.74325681,-0.047130466,0
1.96411,-1.6150625,2.1761436,0.21925563,0.13559455,0.9661994,0
1.6680316,-1.8963661,-0.04442215,0.66734403,-0.74325681,-0.047130466,0
-2.0629406,-0.028056577,-1.9151508,-0.21925563,-0.13559455,-0.9661994,0
1.983525,1.3847885,0.036282063,0.71174371,0.65512097,-0.25345141,0
-1.2458344,2.4128575,-1.2588304,-0.66734403,0.74325681,0.047130466,0
-2.7695091,0.84504855,0.33144319,-0.66734403,0.74325681,0.047130466,0
-1.7866261,-1.3214115,-1.8090963,-0.21925563,-0.13559455,-0.9661994,0
2.9863219,-0.63675857,-2.5651927,0.71174371,0.65512097,-0.25345141,0
-2.1979241,1.6808684,-1.9400988,-0.66734403,0.74325681,0.047130466,0
0.58070636,3.4117584,1.8839517,0.21925563,0.13559455,0.9661994,0
-1.2246265,-3.1494248,-1.5004494,-0.71174371,-0.65512097,0.25345141,0
2.5793638,-1.0907245,-2.0200038,0.66734403,-0.74325681,-0.047130466,0
-1.5911071,-2.3165491,-1.9598086,-0.21925563,-0.13559455,-0.9661994,0
0.81540179,2.9020963,2.0704057,0.21925563,0.13559455,0.9661994,0
1.0056901,-2.7899222,1.9557421,0.66734403,-0.74325681,-0.047130466,0
1.1413647,-1.4399194,2.4938378,0.21925563,0.13559455,0.9661994,0
-2.6789441,0.91655838,-0.79894859,-0.66734403,0.74325681,0.047130466,0
-0.40265274,2.7005048,0.75701833,-0.66734403,0.74325681,0.047130466,0
-1.3692729,-2.311553,-0.52210712,-0.71174371,-0.65512097,0.25345141,0
-1.9910569,-1.9878316,-1.7988448,-0.21925563,-0.13559455,-0.9661994,0
-1.366293,-2.5053532,-0.65020466,-0.71174371,-0.65512097,0.25345141,0
-2.2845192,1.4460183,1.0292375,-0.66734403,0.74325681,0.047130466,0
1.5421026,2.4564197,1.0956924,0.71174371,0.65512097,-0.25345141,0
-3.0915875,0.52937555,1.4815333,-0.66734403,0.74325681,0.047130466,0
2.6388488,0.58012307,-1.4004302,0.71174371,0.65512097,-0.25345141,0
-1.4477717,1.9683963,-1.0465953,-0.66734403,0.74325681,0.047130466,0
1.033102,2.5515087,-0.21276295,0.71174371,0.65512097,-0.25345141,0
-1.5046301,2.1315427,0.2701093,-0.66734403,0.74325681,0.047130466,0
0.35246879,-3.1115062,0.029061019,0.66734403,-0.74325681,-0.047130466,0
-2.9654853,-0.4904927,0.83221197,-0.71174371,-0.65512097,0.25345141,0
-0.189216,-2.7963042,1.860804,-0.71174371,-0.65512097,0.25345141,0
-3.6568332,-0.32395533,-1.1567366,-0.71174371,-0.65512097,0.25345141,0
2.5517695,-0.18010688,-2.5632343,0.71174371,0.65512097,-0.25345141,0
1.847005,0.64148015,-2.7314401,0.71174371,0.65512097,-0.25345141,0
2.1236615,0.83142644,2.0666301,0.21925563,0.13559455,0.9661994,0
-2.2801423,-1.6717873,-0.39014614,-0.71174371,-0.65512097,0.25345141,0
-3.408843,0.34080267,-0.22646832,-0.66734403,0.74325681,0.047130466,0
0.020929337,-0.65920603,2.7317858,0.21925563,0.13559455,0.9661994,0
-0.53388631,-3.5372379,-0.2540729,-0.71174371,-0.65512097,0.25345141,0
2.8874366,-0.88821614,0.073742747,0.66734403,-0.74325681,-0.047130466,0
1.5532072,2.6339104,1.2072614,0.71174371,0.65512097,-0.25345141,0
-2.3546305,-0.71002579,1.0387526,-0.71174371,-0.65512097,0.25345141,0
-2.8328137,-1.2414752,-1.4509434,-0.71174371,-0.65512097,0.25345141,0
0.77859342,-1.3545718,2.7664211,0.21925563,0.13559455,0.9661994,0
1.2341172,1.0670058,-2.8322382,-0.21925563,-0.13559455,-0.9661994,0
-0.72378635,-2.826524,0.85302305,-0.71174371,-0.65512097,0.25345141,0
0.67404866,-0.25501037,-2.8187938,-0.21925563,-0.13559455,-0.9661994,0
0.30903304,-3.1964881,-1.1648413,0.66734403,-0.74325681,-0.047130466,0
-3.0141497,-1.2755831,-1.6468143,-0.71174371,-0.65512097,0.25345141,0
-0.39414695,-2.719213,1.440536,-0.71174371,-0.65512097,0.25345141,0
-2.4742861,0.7202338,2.9059334,-0.66734403,0.74325681,0.047130466,0
-0.7828176,-0.27539659,2.710505,0.21925563,0.13559455,0.9661994,0
-3.4785719,0.094424844,-0.22936511,-0.71174371,-0.65512097,0.25345141,0
0.23546481,3.2080913,1.8874452,0.21925563,0.13559455,0.9661994,0
1.3816979,3.0869002,1.8138584,0.71174371,0.65512097,-0.25345141,0
-0.75744784,2.4006984,1.4855013,-0.66734403,0.74325681,0.047130466,0
-3.9045761,-0.11886412,-0.9816103,-0.66734403,0.74325681,0.047130466,0
3.2064023,-0.49558175,-0.89640808,0.66734403,-0.74325681,-0.047130466,0
-1.4641615,2.1147294,1.1947107,-0.66734403,0.74325681,0.047130466,0
-1.0051847,-1.2243288,-2.3062882,-0.21925563,-0.13559455,-0.9661994,0
-0.90818077,2.5673041,-0.2671012,-0.66734403,0.74325681,0.047130466,0
-2.3184032,1.3175553,-2.1517177,-0.66734403,0.74325681,0.047130466,0
-1.9522872,1.5832112,-0.6482861,-0.66734403,0.74325681,0.047130466,0
-0.073041558,0.19922525,2.4603615,0.21925563,0.13559455,0.9661994,0
0.13465309,-1.3385864,2.8014572,0.21925563,0.13559455,0.9661994,0
1.8461326,-1.2694871,2.285558,0.21925563,0.13559455,0.9661994,0
3.0719616,0.23096931,-0.80201721,0.71174371,0.65512097,-0.25345141,0
-2.8191688,0.84073198,-1.4287165,-0.66734403,0.74325681,0.047130466,0
0.70648873,-2.7070708,-1.925861,0.66734403,-0.74325681,-0.047130466,0
0.12500179,-1.4732761,2.8096828,0.21925563,0.13559455,0.9661994,0
2.4009562,1.7567315,1.5155702,0.71174371,0.65512097,-0.25345141,0
-0.65842581,2.9086106,-2.348449,-0.66734403,0.74325681,0.047130466,0
0.30640697,3.6947484,1.3272465,-0.66734403,0.74325681,0.047130466,0
1.6413356,1.6627613,-0.47809529,0.71174371,0.65512097,-0.25345141,0
3.4049187,-0.011066675,0.39280748,0.71174371,0.65512097,-0.25345141,0
-3.553998,0.17299515,-1.6159651,-0.66734403,0.74325681,0.047130466,0
2.4613881,0.91178054,-0.093845129,0.71174371,0.65512097,-0.25345141,0
-1.9739177,-0.72493243,2.3568995,-0.71174371,-0.65512097,0.25345141,0
-0.59909987,-3.8256793,-1.4421803,0.66734403,-0.74325681,-0.047130466,0
-0.39499331,-1.5921476,-2.1149166,-0.21925563,-0.13559455,-0.9661994,0
-3.7622895,0.1111055,-1.2776866,-0.66734403,0.74325681,0.047130466,0
-1.7274379,-0.53222764,2.9901667,0.21925563,0.13559455,0.9661994,0
-2.8976436,-0.231355,-1.7544365,-0.21925563,-0.13559455,-0.9661994,0
-1.6945494,-1.9287221,0.77135003,-0.71174371,-0.65512097,0.25345141,0
2.5944901,-1.1008224,-0.91206598,0.66734403,-0.74325681,-0.047130466,0
-1.7391977,2.1209137,-1.8206418,-0.66734403,0.74325681,0.047130466,0
1.9403907,-1.8934826,1.9812388,0.66734403,-0.74325681,-0.047130466,0
-0.88380206,-2.6574421,0.12725174,-0.71174371,-0.65512097,0.25345141,0
-2.775805,-0.39214301,0.82953906,-0.71174371,-0.65512097,0.25345141,0
-1.919778,1.6159782,2.7519717,-0.66734403,0.74325681,0.047130466,0
2.9802539,0.025984764,-0.63989925,0.71174371,0.65512097,-0.25345141,0
0.29331386,-1.8623505,2.9173994,0.21925563,0.13559455,0.9661994,0
1.7631099,-1.1598656,2.326088,0.21925563,0.13559455,0.9661994,0
3.2168183,1.1886338,1.5386486,0.71174371,0.65512097,-0.25345141,0
0.54046321,3.5869834,1.9992633,0.21925563,0.13559455,0.9661994,0
-1.0376781,2.6353481,0.69117248,-0.66734403,0.74325681,0.047130466,0
0.24499047,-3.3280973,-1.0820527,0.66734403,-0.74325681,-0.047130466,0
-0.59155834,3.0389118,-1.8278861,-0.66734403,0.74325681,0.047130466,0
-1.6271877,-2.0399733,-2.0528102,-0.21925563,-0.13559455,-0.9661994,0
0.4323225,1.5620766,2.1840115,0.21925563,0.13559455,0.9661994,0
-1.9843894,1.5029601,2.2949743,-0.66734403,0.74325681,0.047130466,0
-0.38725805,-1.3465072,2.993413,0.21925563,0.13559455,0.9661994,0
3.0856805,-0.41499126,0.31176972,0.66734403,-0.74325681,-0.047130466,0
0.041924119,-2.7536125,2.0791681,-0.71174371,-0.65512097,0.25345141,0
0.94581264,2.434108,-1.6801074,0.71174371,0.65512097,-0.25345141,0
-2.5667038,-1.1885853,-1.9580829,-0.21925563,-0.13559455,-0.9661994,0
-0.12142652,2.8642395,-2.2771862,0.71174371,0.65512097,-0.25345141,0
2.0938754,1.8070698,0.46047449,0.71174371,0.65512097,-0.25345141,0
1.4020653,0.065838933,-2.8636751,-0.21925563,-0.13559455,-0.9661994,0
-1.935267,1.7893167,-1.927212,-0.66734403,0.74325681,0.047130466,0
-3.0701573,-1.2003129,-1.314027,-0.71174371,-0.65512097,0.25345141,0
-0.53295636,-3.5732961,-1.0155373,0.66734403,-0.74325681,-0.047130466,0
1.4177346,-2.2424397,-0.33470997,0.66734403,-0.74325681,-0.047130466,0
-1.0038429,0.20349491,-2.3669662,-0.21925563,-0.13559455,-0.9661994,0
-1.4867084,1.7609644,2.0939322,-0.66734403,0.74325681,0.047130466,0
0.79113197,1.494566,1.9971104,0.21925563,0.13559455,0.9661994,0
-2.4166899,-0.58796054,1.7781672,-0.71174371,-0.65512097,0.25345141,0
0.39229298,3.3939736,1.9446259,0.21925563,0.13559455,0.9661994,0
-1.6045432,-2.2126367,-1.7185264,-0.21925563,-0.13559455,-0.9661994,0
0.16670847,1.4369427,-2.9970036,-0.21925563,-0.13559455,-0.9661994,0
-0.29094231,3.0475383,-2.2066996,0.71174371,0.65512097,-0.25345141,0
0.6246438,-2.3925989,-2.2213035,-0.21925563,-0.13559455,-0.9661994,0
