-0.62438357,2.9710848,-1.2454723,0.3036477,0.40081137,-0.86437738,0
-4.0187454,-4.3202929,-2.2500553,-0.011333585,-0.90562826,-0.42392078,0
4.588119,2.8002877,3.5082788,0.95271695,-0.1385192,0.27044934,0
-1.9818678,2.9234912,3.0902176,-0.3036477,-0.40081137,0.86437738,0
-3.6302614,-4.1789112,-3.0803118,-0.011333585,-0.90562826,-0.42392078,0
-2.3096695,5.0408187,0.99195743,0.011333585,0.90562826,0.42392078,0
4.1543159,2.5170825,4.4479542,0.95271695,-0.1385192,0.27044934,0
4.1879106,-2.4767206,2.1964991,0.95271695,-0.1385192,0.27044934,0
-0.17674541,4.8586473,1.0558761,0.011333585,0.90562826,0.42392078,0
-3.7100711,-1.9568653,0.10616112,-0.3036477,-0.40081137,0.86437738,0
-4.7685409,-2.387713,-0.3853569,-0.3036477,-0.40081137,0.86437738,0
0.50588751,-5.0952058,-0.46495557,-0.011333585,-0.90562826,-0.42392078,0
1.1974554,-3.8903501,-3.1967833,-0.011333585,-0.90562826,-0.42392078,0
0.76543617,4.6160865,1.51966,0.011333585,0.90562826,0.42392078,0
-3.2094474,3.2907763,-1.7183988,0.3036477,0.40081137,-0.86437738,0
-1.3689466,-3.6183751,-3.8342063,-0.011333585,-0.90562826,-0.42392078,0
3.2084303,-4.5760002,-2.0213447,-0.011333585,-0.90562826,-0.42392078,0
-4.1463985,-1.2185044,-3.7925429,-0.95271695,0.1385192,-0.27044934,0
0.87432075,-0.082266569,2.66715,-0.3036477,-0.40081137,0.86437738,0
0.55393934,-3.960063,-3.6702058,-0.011333585,-0.90562826,-0.42392078,0
-0.53139687,-3.8399963,-3.8058133,-0.011333585,-0.90562826,-0.42392078,0
3.4890544,2.864181,4.8887615,-0.3036477,-0.40081137,0.86437738,0
-1.7006805,-3.4437404,0.024660587,-0.3036477,-0.40081137,0.86437738,0
4.8854737,0.060843468,0.61962795,0.95271695,-0.1385192,0.27044934,0
4.4190555,3.9487178,3.4137077,0.011333585,0.90562826,0.42392078,0
1.2365227,4.9292784,1.4129629,0.011333585,0.90562826,0.42392078,0
4.9982882,-3.7767744,-1.3609778,0.95271695,-0.1385192,0.27044934,0
-5.163641,3.1108403,1.7294408,-0.95271695,0.1385192,-0.27044934,0
-1.9983802,-3.3777161,-4.5307045,-0.011333585,-0.90562826,-0.42392078,0
1.0638466,1.9643939,-1.1149088,0.3036477,0.40081137,-0.86437738,0
1.5812244,4.4415483,2.0573428,0.011333585,0.90562826,0.42392078,0
-3.5093157,2.2856526,-2.6539977,0.3036477,0.40081137,-0.86437738,0
-2.6612406,-4.6109886,-0.72023702,-0.3036477,-0.40081137,0.86437738,0
-1.6074278,-4.891592,-1.566119,-0.011333585,-0.90562826,-0.42392078,0
4.7339745,1.2904195,3.1619239,0.95271695,-0.1385192,0.27044934,0
4.7650819,-4.2215066,-0.55389333,0.95271695,-0.1385192,0.27044934,0
4.0857587,3.8827863,0.93480015,0.3036477,0.40081137,-0.86437738,0
-4.6524358,4.4619651,-0.44728303,-0.95271695,0.1385192,-0.27044934,0
-1.3635478,2.204035,-1.6129841,0.3036477,0.40081137,-0.86437738,0
4.5507174,-5.3286848,0.43859458,0.95271695,-0.1385192,0.27044934,0
2.8550382,-1.4715614,2.6991527,-0.3036477,-0.40081137,0.86437738,0
0.6400795,4.3556361,2.6740327,0.011333585,0.90562826,0.42392078,0
-5.3818555,-2.5075734,-1.5056186,-0.95271695,0.1385192,-0.27044934,0
-1.39622,1.4526986,2.4622831,-0.3036477,-0.40081137,0.86437738,0
0.76399088,4.9740405,1.4044244,0.011333585,0.90562826,0.42392078,0
-1.4829602,-3.7570457,-3.3283405,-0.011333585,-0.90562826,-0.42392078,0
-4.4759893,-4.4055495,-1.9210906,-0.011333585,-0.90562826,-0.42392078,0
-4.8390303,1.1418617,-0.49132586,-0.95271695,0.1385192,-0.27044934,0
-3.944988,5.6003046,-0.36853504,0.011333585,0.90562826,0.42392078,0
4.58463,-3.8651981,0.57094884,0.95271695,-0.1385192,0.27044934,0
-2.1596351,1.9013981,2.5215833,-0.3036477,-0.40081137,0.86437738,0
-2.4692936,-3.7299385,-4.0488844,-0.011333585,-0.90562826,-0.42392078,0
-3.7077248,4.0468893,-1.7772987,0.3036477,0.40081137,-0.86437738,0
5.3929739,-4.4328642,-2.3908939,0.95271695,-0.1385192,0.27044934,0
-4.6562138,3.3464279,-0.22421002,-0.95271695,0.1385192,-0.27044934,0
-4.4712262,-2.0525243,-4.2947659,-0.95271695,0.1385192,-0.27044934,0
-5.3757887,-1.6074185,-0.30002356,-0.3036477,-0.40081137,0.86437738,0
-2.0013781,5.5027161,0.071943477,0.011333585,0.90562826,0.42392078,0
-4.290967,3.6771176,-1.3205791,-0.95271695,0.1385192,-0.27044934,0
5.2779493,-4.8652039,-1.9274216,0.95271695,-0.1385192,0.27044934,0
3.7266645,-2.2963681,-2.0078292,0.3036477,0.40081137,-0.86437738,0
-0.13940907,5.4786477,0.02211237,0.3036477,0.40081137,-0.86437738,0
2.7303185,2.244194,-0.46349263,0.3036477,0.40081137,-0.86437738,0
4.8281388,-0.39922047,1.1614285,0.95271695,-0.1385192,0.27044934,0
-0.65722752,-4.6277699,-2.2151961,-0.011333585,-0.90562826,-0.42392078,0
3.1602859,-3.8069158,-2.8959541,0.3036477,0.40081137,-0.86437738,0
-3.7423706,-3.9263957,-0.79599762,-0.3036477,-0.40081137,0.86437738,0
4.4619837,3.3792787,3.9334331,0.95271695,-0.1385192,0.27044934,0
0.96830225,-4.6541634,-1.7323351,-0.011333585,-0.90562826,-0.42392078,0
4.3858018,-4.4780474,0.87651658,0.95271695,-0.1385192,0.27044934,0
1.1712551,0.33524144,-1.5781759,0.3036477,0.40081137,-0.86437738,0
4.961504,-0.2070334,0.48799276,0.95271695,-0.1385192,0.27044934,0
4.2203369,-4.5925422,0.65160704,0.95271695,-0.1385192,0.27044934,0
0.8087368,5.2548084,0.74187779,0.011333585,0.90562826,0.42392078,0
-1.4857922,5.1475854,-0.33489096,0.3036477,0.40081137,-0.86437738,0
-0.60973442,-0.20329082,2.0442076,-0.3036477,-0.40081137,0.86437738,0
-5.2184567,-0.44162869,-0.48640823,-0.95271695,0.1385192,-0.27044934,0
-2.5279102,4.2803063,2.7790492,0.011333585,0.90562826,0.42392078,0
-4.7078543,1.8302313,-0.61725473,-0.95271695,0.1385192,-0.27044934,0
3.3040922,-1.1457481,-1.8400095,0.3036477,0.40081137,-0.86437738,0
0.73457682,0.14503419,-2.1715143,0.3036477,0.40081137,-0.86437738,0
-0.98795748,3.718632,3.4766359,0.011333585,0.90562826,0.42392078,0
-1.2370086,4.2647705,2.627878,0.011333585,0.90562826,0.42392078,0
4.6216402,1.9592552,2.7128401,0.95271695,-0.1385192,0.27044934,0
3.8195453,-1.1552544,-1.4468973,0.3036477,0.40081137,-0.86437738,0
-2.9916162,3.655689,3.0970507,-0.3036477,-0.40081137,0.86437738,0
4.3762569,-5.6532736,-0.10940385,0.95271695,-0.1385192,0.27044934,0
1.0943899,3.1216986,-0.63458884,0.3036477,0.40081137,-0.86437738,0
-1.1767876,-4.4341769,-0.1312778,-0.3036477,-0.40081137,0.86437738,0
-4.8265648,-1.3279471,-1.8185091,-0.95271695,0.1385192,-0.27044934,0
-4.297811,-2.3441205,-3.8522623,-0.95271695,0.1385192,-0.27044934,0
5.5852766,4.4164467,1.636704,0.95271695,-0.1385192,0.27044934,0
4.5477905,0.89759994,3.5867333,0.95271695,-0.1385192,0.27044934,0
3.6679139,-4.4582896,-2.026372,-0.011333585,-0.90562826,-0.42392078,0
-4.4475045,5.1791759,1.1415049,0.011333585,0.90562826,0.42392078,0
4.9043398,-1.4218991,0.030642509,0.95271695,-0.1385192,0.27044934,0
-3.1519337,4.3940334,2.3694334,0.011333585,0.90562826,0.42392078,0
-0.18599701,-4.315958,-2.6882963,-0.011333585,-0.90562826,-0.42392078,0
-4.2135148,-3.1857235,-0.86101198,-0.3036477,-0.40081137,0.86437738,0
0.88836932,-1.9202906,-3.1163316,0.3036477,0.40081137,-0.86437738,0
3.7971816,-3.2688413,-2.5441809,0.3036477,0.40081137,-0.86437738,0
5.2338438,1.8657486,1.1069441,0.95271695,-0.1385192,0.27044934,0
-2.6394801,4.7324839,1.8930897,0.011333585,0.90562826,0.42392078,0
-2.8048911,4.9115562,0.99767965,0.011333585,0.90562826,0.42392078,0
4.0057187,-4.1361361,1.773901,-0.3036477,-0.40081137,0.86437738,0
2.9235179,-5.6737981,0.1417588,-0.011333585,-0.90562826,-0.42392078,0
1.6827662,-4.16714,0.96176231,-0.3036477,-0.40081137,0.86437738,0
-4.4680338,4.928627,1.0381774,0.011333585,0.90562826,0.42392078,0
1.3480337,-1.3126391,2.2120953,-0.3036477,-0.40081137,0.86437738,0
-4.9294081,1.1002014,-1.1549399,-0.95271695,0.1385192,-0.27044934,0
-2.2307425,-3.6714215,-3.8006678,-0.011333585,-0.90562826,-0.42392078,0
4.555707,-2.1647861,0.593894,0.95271695,-0.1385192,0.27044934,0
-1.6425786,0.73528588,2.2085805,-0.3036477,-0.40081137,0.86437738,0
1.7255235,4.4319539,2.6732488,0.011333585,0.90562826,0.42392078,0
-4.696476,0.59575129,-1.5155776,-0.95271695,0.1385192,-0.27044934,0
4.6490917,-2.4092782,1.294368,0.95271695,-0.1385192,0.27044934,0
-0.19909,-3.8515491,-3.8370395,-0.011333585,-0.90562826,-0.42392078,0
0.58234119,4.9888296,1.4037454,0.011333585,0.90562826,0.42392078,0
-3.0865192,5.1002083,1.4003855,0.011333585,0.90562826,0.42392078,0
1.8067656,1.6853739,-1.007846,0.3036477,0.40081137,-0.86437738,0
-1.5104136,4.2083669,2.6525748,0.011333585,0.90562826,0.42392078,0
-1.6372066,-4.9063907,-1.6752121,-0.011333585,-0.90562826,-0.42392078,0
2.3263533,-1.9765766,-2.6373167,0.3036477,0.40081137,-0.86437738,0
-1.9660302,2.5081086,-1.7979901,0.3036477,0.40081137,-0.86437738,0
-3.8293397,-0.99959898,0.58616781,-0.3036477,-0.40081137,0.86437738,0
-3.2207797,0.015419394,-3.3712056,0.3036477,0.40081137,-0.86437738,0
-2.8316517,5.7466021,-0.037025452,0.011333585,0.90562826,0.42392078,0
-4.1176867,-2.0204265,-4.3941607,-0.95271695,0.1385192,-0.27044934,0
-5.0286741,-2.661551,-1.8740997,-0.95271695,0.1385192,-0.27044934,0
-2.971751,-4.8572817,-0.85002136,-0.3036477,-0.40081137,0.86437738,0
-2.9489799,-4.697948,-1.699199,-0.011333585,-0.90562826,-0.42392078,0
-0.14552391,3.00441,-0.91136396,0.3036477,0.40081137,-0.86437738,0
-5.3091397,1.076633,0.83897209,-0.95271695,0.1385192,-0.27044934,0
-1.2276015,4.3668423,2.0901392,0.011333585,0.90562826,0.42392078,0
2.622272,0.59223175,-0.89436841,0.3036477,0.40081137,-0.86437738,0
-3.8429866,5.0315065,0.97378254,0.011333585,0.90562826,0.42392078,0
5.0393658,0.087404251,0.36646032,0.95271695,-0.1385192,0.27044934,0
0.19981503,-4.848855,0.062758207,-0.3036477,-0.40081137,0.86437738,0
4.0505786,0.053279161,3.6698151,0.95271695,-0.1385192,0.27044934,0
4.8805628,-3.7516551,-0.48796368,0.95271695,-0.1385192,0.27044934,0
-5.4124441,3.0095234,1.4155443,-0.95271695,0.1385192,-0.27044934,0
4.8663626,2.4904675,2.7675333,0.95271695,-0.1385192,0.27044934,0
0.31786871,-4.1058931,-3.0991991,-0.011333585,-0.90562826,-0.42392078,0
4.8353081,1.4048682,2.5355301,0.95271695,-0.1385192,0.27044934,0
1.320194,4.6546931,1.426589,0.011333585,0.90562826,0.42392078,0
-0.086847305,-4.7563705,-1.6822985,-0.011333585,-0.90562826,-0.42392078,0
0.34513617,4.809463,1.9224581,0.011333585,0.90562826,0.42392078,0
-3.4450903,4.9834356,1.5428596,0.011333585,0.90562826,0.42392078,0
-2.8661792,4.6652937,-1.0821509,0.3036477,0.40081137,-0.86437738,0
-3.5550315,5.4853926,0.45697868,0.011333585,0.90562826,0.42392078,0
0.24667501,2.9776874,3.7142432,-0.3036477,-0.40081137,0.86437738,0
3.156616,-5.6929765,-0.14744872,-0.011333585,-0.90562826,-0.42392078,0
0.45606637,-5.0847554,0.28784478,-0.3036477,-0.40081137,0.86437738,0
1.2845345,-4.7728968,-1.6017979,-0.011333585,-0.90562826,-0.42392078,0
1.9808407,-4.2871389,-3.0551658,-0.011333585,-0.90562826,-0.42392078,0
-0.62319541,-0.41964269,-2.8199117,0.3036477,0.40081137,-0.86437738,0
-5.1152954,3.3630528,1.2600195,-0.95271695,0.1385192,-0.27044934,0
-0.9678489,-0.015513062,1.7938067,-0.3036477,-0.40081137,0.86437738,0
4.2467184,1.1869061,3.9782212,0.95271695,-0.1385192,0.27044934,0
-1.9509175,-4.4295197,-2.4190989,-0.011333585,-0.90562826,-0.42392078,0
-3.9420996,5.054738,1.3299313,0.011333585,0.90562826,0.42392078,0
3.2005613,-5.6931953,0.31004286,-0.011333585,-0.90562826,-0.42392078,0
-4.8545742,3.7363877,0.2179234,-0.95271695,0.1385192,-0.27044934,0
-0.64905787,-4.8436937,-1.0283628,-0.011333585,-0.90562826,-0.42392078,0
-4.3920064,3.8504517,-0.39101577,-0.95271695,0.1385192,-0.27044934,0
-0.33770537,-0.86860412,-3.0549784,0.3036477,0.40081137,-0.86437738,0
-4.3639059,3.3387535,-1.0523183,-0.95271695,0.1385192,-0.27044934,0
5.2999239,-1.6620831,-0.57108951,0.95271695,-0.1385192,0.27044934,0
-5.024013,4.6322932,2.3333812,0.011333585,0.90562826,0.42392078,0
4.4752512,-2.4230812,1.0251603,0.95271695,-0.1385192,0.27044934,0
4.2091031,-4.7345619,-1.5875075,-0.011333585,-0.90562826,-0.42392078,0
-4.1875062,-4.743803,-1.5970359,-0.011333585,-0.90562826,-0.42392078,0
-0.81124949,-4.9178839,-0.18978453,-0.3036477,-0.40081137,0.86437738,0
2.6076624,4.6536531,0.88115263,0.3036477,0.40081137,-0.86437738,0
1.0690525,-0.025206089,-1.9615489,0.3036477,0.40081137,-0.86437738,0
4.9458456,0.21690106,1.2409592,0.95271695,-0.1385192,0.27044934,0
1.0152284,0.25922847,-1.6460524,0.3036477,0.40081137,-0.86437738,0
4.9252567,0.579777,1.9744048,0.95271695,-0.1385192,0.27044934,0
-4.3748646,0.8600837,-3.1379185,-0.95271695,0.1385192,-0.27044934,0
2.676199,4.7033143,1.4817309,0.011333585,0.90562826,0.42392078,0
2.2135305,2.2215629,-0.29928422,0.3036477,0.40081137,-0.86437738,0
5.4177175,-1.589334,-0.67801285,0.95271695,-0.1385192,0.27044934,0
-1.6413054,-4.5329804,-0.57881594,-0.3036477,-0.40081137,0.86437738,0
4.6621766,-1.0948508,0.92556071,0.95271695,-0.1385192,0.27044934,0
5.0988269,4.525218,1.4627671,0.3036477,0.40081137,-0.86437738,0
2.7036481,4.1953611,3.2034707,0.011333585,0.90562826,0.42392078,0
0.78555334,0.76057422,-1.8645124,0.3036477,0.40081137,-0.86437738,0
3.7276645,4.3907495,2.1455221,0.011333585,0.90562826,0.42392078,0
-0.70835876,1.5367686,-1.9177282,0.3036477,0.40081137,-0.86437738,0
-1.8502936,-3.351516,-4.3028326,-0.011333585,-0.90562826,-0.42392078,0
-0.18805352,1.517121,-1.6605549,0.3036477,0.40081137,-0.86437738,0
0.67001295,-4.4750042,0.62287581,-0.3036477,-0.40081137,0.86437738,0
-5.0181055,0.48743892,-0.54494238,-0.95271695,0.1385192,-0.27044934,0
5.1316266,-2.4169164,-1.8218477,0.3036477,0.40081137,-0.86437738,0
0.61860418,-5.1633587,-0.47194564,-0.011333585,-0.90562826,-0.42392078,0
-4.0494366,4.1851797,2.8477211,0.011333585,0.90562826,0.42392078,0
0.28303003,-0.82172394,-2.5678849,0.3036477,0.40081137,-0.86437738,0
-4.1855612,3.5230057,2.4374642,-0.3036477,-0.40081137,0.86437738,0
-3.2961335,-2.1584284,-4.4941664,0.3036477,0.40081137,-0.86437738,0
-5.1992893,0.44923425,0.028084755,-0.95271695,0.1385192,-0.27044934,0
0.30714703,-4.1381378,-3.2100348,-0.011333585,-0.90562826,-0.42392078,0
0.36300278,-5.270421,-0.84779024,-0.011333585,-0.90562826,-0.42392078,0
4.4345684,-1.1045616,2.6285672,0.95271695,-0.1385192,0.27044934,0
0.81781054,4.1267967,2.526933,0.011333585,0.90562826,0.42392078,0
-4.7605062,0.95217443,-1.6509192,-0.95271695,0.1385192,-0.27044934,0
4.2606153,2.5866663,4.7374535,0.95271695,-0.1385192,0.27044934,0
4.7827101,2.1682997,2.299293,0.95271695,-0.1385192,0.27044934,0
4.8836031,-0.39588213,0.91986179,0.95271695,-0.1385192,0.27044934,0
2.5732248,-5.1302667,0.65043414,-0.3036477,-0.40081137,0.86437738,0
-0.07516408,-4.0730042,0.20376468,-0.3036477,-0.40081137,0.86437738,0
-4.12463,-3.8155034,-3.1046424,-0.011333585,-0.90562826,-0.42392078,0
-4.6216769,0.17176795,0.99348235,-0.3036477,-0.40081137,0.86437738,0
0.38890466,-1.835113,1.669229,-0.3036477,-0.40081137,0.86437738,0
4.9364634,-3.1135402,-0.45105934,0.95271695,-0.1385192,0.27044934,0
-1.644825,3.9726732,3.0582511,0.011333585,0.90562826,0.42392078,0
5.0226564,-3.9257381,-1.5338616,0.95271695,-0.1385192,0.27044934,0
1.8663402,-0.79867691,2.5620513,-0.3036477,-0.40081137,0.86437738,0
-0.57461929,-3.6802478,-3.985074,-0.011333585,-0.90562826,-0.42392078,0
0.11109495,4.0471382,2.7987785,0.011333585,0.90562826,0.42392078,0
-0.93507242,-3.7870755,0.16588438,-0.3036477,-0.40081137,0.86437738,0
-1.8676696,1.6365229,-2.1099062,0.3036477,0.40081137,-0.86437738,0
4.9382219,3.698271,2.5841913,0.95271695,-0.1385192,0.27044934,0
4.1018152,-4.336205,1.1466883,0.95271695,-0.1385192,0.27044934,0
-4.8057556,-1.0650873,-1.5107265,-0.95271695,0.1385192,-0.27044934,0
2.6170363,-3.9724908,-3.0621524,-0.011333585,-0.90562826,-0.42392078,0
-4.5863409,-1.5685008,-3.7638566,-0.95271695,0.1385192,-0.27044934,0
-2.9396257,-1.2941294,-4.0260496,0.3036477,0.40081137,-0.86437738,0
3.1141448,3.5631387,3.6403697,0.011333585,0.90562826,0.42392078,0
3.8293691,-5.7650867,0.52863777,-0.011333585,-0.90562826,-0.42392078,0
4.5816226,3.0637538,3.413527,0.95271695,-0.1385192,0.27044934,0
4.6637235,-4.5944881,-1.7917333,-0.011333585,-0.90562826,-0.42392078,0
-1.28543,-4.3189225,-2.3947651,-0.011333585,-0.90562826,-0.42392078,0
-0.30175114,5.6550436,0.0017496347,0.011333585,0.90562826,0.42392078,0
5.1257577,4.2690973,2.2389889,0.95271695,-0.1385192,0.27044934,0
4.6035519,-2.5508027,1.1023943,0.95271695,-0.1385192,0.27044934,0
-1.6756845,3.1965573,3.3276322,-0.3036477,-0.40081137,0.86437738,0
4.7671914,-0.59052074,1.5185359,0.95271695,-0.1385192,0.27044934,0
0.34002686,-5.326498,-0.84310651,-0.011333585,-0.90562826,-0.42392078,0
1.4108129,4.9625349,1.1354547,0.011333585,0.90562826,0.42392078,0
1.2637367,4.1190095,3.3376725,0.011333585,0.90562826,0.42392078,0
-4.7293463,3.38955,0.1541996,-0.95271695,0.1385192,-0.27044934,0
-3.8151526,-3.2537878,-0.45153093,-0.3036477,-0.40081137,0.86437738,0
4.383904,-4.6357164,0.75969887,0.95271695,-0.1385192,0.27044934,0
0.048924208,0.71005541,-1.7459856,0.3036477,0.40081137,-0.86437738,0
-5.2432594,-2.5535264,-1.0401225,-0.95271695,0.1385192,-0.27044934,0
4.0498333,4.2490067,2.9435191,0.011333585,0.90562826,0.42392078,0
-1.1855186,-2.1314876,1.1164424,-0.3036477,-0.40081137,0.86437738,0
0.73043585,3.1565623,3.9646487,-0.3036477,-0.40081137,0.86437738,0
4.8602767,-4.5606527,-1.8209209,-0.011333585,-0.90562826,-0.42392078,0
3.2415175,2.6713626,0.01633811,0.3036477,0.40081137,-0.86437738,0
4.6056237,0.46993816,3.0704,0.95271695,-0.1385192,0.27044934,0
-0.2233057,-4.9635415,-1.2388428,-0.011333585,-0.90562826,-0.42392078,0
4.8374085,2.1401668,2.2082605,0.95271695,-0.1385192,0.27044934,0
-3.5082827,-3.1745958,-4.7893834,-0.011333585,-0.90562826,-0.42392078,0
-4.3698287,-2.9471846,-4.6817017,-0.95271695,0.1385192,-0.27044934,0
-4.5995984,0.88063371,-2.2232981,-0.95271695,0.1385192,-0.27044934,0
0.92099047,4.2252932,-0.11547589,0.3036477,0.40081137,-0.86437738,0
-4.3178477,-3.0225565,-5.1873136,-0.95271695,0.1385192,-0.27044934,0
-1.8374075,2.4192171,-1.9349186,0.3036477,0.40081137,-0.86437738,0
-2.2799416,-5.0185342,-0.90110111,-0.011333585,-0.90562826,-0.42392078,0
-4.3841419,-2.7440746,-4.0944586,-0.95271695,0.1385192,-0.27044934,0
5.1548719,-2.8514602,-1.0611668,0.95271695,-0.1385192,0.27044934,0
-4.6468716,4.1087813,-0.034274578,-0.95271695,0.1385192,-0.27044934,0
3.797507,-0.45440674,-1.1972675,0.3036477,0.40081137,-0.86437738,0
5.0238714,3.5918729,3.0114741,0.95271695,-0.1385192,0.27044934,0
1.2304769,1.2532789,3.1603069,-0.3036477,-0.40081137,0.86437738,0
4.6102872,-2.8054905,0.96205878,0.95271695,-0.1385192,0.27044934,0
1.9112329,-5.6331048,-0.19900686,-0.011333585,-0.90562826,-0.42392078,0
-5.3019171,-0.1027422,0.26623774,-0.95271695,0.1385192,-0.27044934,0
1.7615461,5.120934,0.92823434,0.011333585,0.90562826,0.42392078,0
-5.0535269,-1.4001095,-1.8526573,-0.95271695,0.1385192,-0.27044934,0
3.2644551,-4.780798,1.1572266,-0.3036477,-0.40081137,0.86437738,0
-4.525929,-4.4724121,-1.8161926,-0.011333585,-0.90562826,-0.42392078,0
2.5249858,-0.069643982,3.1259975,-0.3036477,-0.40081137,0.86437738,0
2.640573,-0.19260025,3.0414724,-0.3036477,-0.40081137,0.86437738,0
-4.383358,-2.1529503,-3.8766165,-0.95271695,0.1385192,-0.27044934,0
-0.11864042,2.8870316,3.4182081,-0.3036477,-0.40081137,0.86437738,0
-2.315186,-4.4765468,-2.1570694,-0.011333585,-0.90562826,-0.42392078,0
0.50239253,1.9351814,3.1912849,-0.3036477,-0.40081137,0.86437738,0
4.7827291,1.7146956,2.2467666,0.95271695,-0.1385192,0.27044934,0
-3.1876738,-4.3662982,-2.0706317,-0.011333585,-0.90562826,-0.42392078,0
4.1446562,-5.6146812,0.17773449,-0.011333585,-0.90562826,-0.42392078,0
-3.185142,-5.0162692,-1.4060373,-0.011333585,-0.90562826,-0.42392078,0
4.0508404,3.5966275,3.7064819,0.011333585,0.90562826,0.42392078,0
-4.0646467,-4.1358757,-2.9472351,-0.011333585,-0.90562826,-0.42392078,0
-4.7746825,4.3898249,0.13408947,-0.95271695,0.1385192,-0.27044934,0
-1.5339794,3.9749575,2.9337387,0.011333585,0.90562826,0.42392078,0
-5.188427,2.9397969,1.5191815,-0.95271695,0.1385192,-0.27044934,0
4.0573301,-0.040671289,3.8865039,-0.3036477,-0.40081137,0.86437738,0
-5.1402159,3.4011152,0.63126421,-0.95271695,0.1385192,-0.27044934,0
-3.4086621,-3.662257,-3.8989062,-0.011333585,-0.90562826,-0.42392078,0
0.66829109,-3.985739,-2.9338915,-0.011333585,-0.90562826,-0.42392078,0
4.4972034,-1.0445397,2.0069327,0.95271695,-0.1385192,0.27044934,0
-4.3411093,2.5384738,-1.3072414,-0.95271695,0.1385192,-0.27044934,0
4.3171391,-1.7140454,2.8916805,0.95271695,-0.1385192,0.27044934,0
-4.7511096,4.2009602,0.12222171,-0.95271695,0.1385192,-0.27044934,0
-3.3024833,2.6632738,-2.2316256,0.3036477,0.40081137,-0.86437738,0
-2.4418879,-1.8751205,0.38734865,-0.3036477,-0.40081137,0.86437738,0
4.1970472,-4.5479693,0.86388874,0.95271695,-0.1385192,0.27044934,0
2.0889921,-4.7813292,-1.8592002,-0.011333585,-0.90562826,-0.42392078,0
-5.1723433,-2.1581147,-0.71988678,-0.3036477,-0.40081137,0.86437738,0
-4.35497,-3.670285,-3.8139114,-0.011333585,-0.90562826,-0.42392078,0
-3.8619201,-4.7192078,-1.6499219,-0.011333585,-0.90562826,-0.42392078,0
4.6148601,-4.8999147,-1.4765294,-0.011333585,-0.90562826,-0.42392078,0
-2.295192,-4.7498326,-1.4758825,-0.011333585,-0.90562826,-0.42392078,0
-4.4590626,1.6557462,-1.6970949,-0.95271695,0.1385192,-0.27044934,0
-2.0600853,-3.676919,-4.3270378,-0.011333585,-0.90562826,-0.42392078,0
-3.3761005,5.1798086,0.67382687,0.011333585,0.90562826,0.42392078,0
-0.13496828,4.5297861,1.92123,0.011333585,0.90562826,0.42392078,0
-3.593662,-1.2697247,-4.0091133,0.3036477,0.40081137,-0.86437738,0
-4.7632723,1.1875799,-0.54222274,-0.95271695,0.1385192,-0.27044934,0
-4.5205045,0.038536429,-2.9969139,-0.95271695,0.1385192,-0.27044934,0
-4.4505682,5.027401,-0.92654538,-0.95271695,0.1385192,-0.27044934,0
0.94469547,-4.7864113,-1.7504811,-0.011333585,-0.90562826,-0.42392078,0
0.41586757,-0.57340205,-2.3742857,0.3036477,0.40081137,-0.86437738,0
-4.5895042,3.7820711,2.5011659,-0.3036477,-0.40081137,0.86437738,0
-5.0314207,1.2952948,-0.82115769,-0.95271695,0.1385192,-0.27044934,0
-5.0631394,4.4259548,2.1332517,-0.95271695,0.1385192,-0.27044934,0
4.56563,-2.1797245,1.3777423,0.95271695,-0.1385192,0.27044934,0
-2.3330038,-3.4669671,-4.2546482,-0.011333585,-0.90562826,-0.42392078,0
-4.6925163,4.9481864,-0.13196802,-0.95271695,0.1385192,-0.27044934,0
-5.0224128,-1.7553244,-2.2330356,-0.95271695,0.1385192,-0.27044934,0
-3.7175775,4.4750476,2.4061618,0.011333585,0.90562826,0.42392078,0
-5.051507,1.2587082,0.0063140392,-0.95271695,0.1385192,-0.27044934,0
4.7820244,-1.6201551,1.4848175,0.95271695,-0.1385192,0.27044934,0
-5.1391106,4.4380622,2.3654318,0.011333585,0.90562826,0.42392078,0
1.9849827,2.5382056,4.2282166,-0.3036477,-0.40081137,0.86437738,0
4.5841994,-3.2143404,1.4199998,0.95271695,-0.1385192,0.27044934,0
-5.141202,1.2192323,-0.47088933,-0.95271695,0.1385192,-0.27044934,0
0.60333776,-4.9281411,-0.91521609,-0.011333585,-0.90562826,-0.42392078,0
5.0773668,-1.2336378,0.53578806,0.95271695,-0.1385192,0.27044934,0
5.2384052,-2.6859703,-1.8824896,0.3036477,0.40081137,-0.86437738,0
-4.1276636,3.9344766,2.7466071,-0.3036477,-0.40081137,0.86437738,0
5.1504879,1.4750092,1.5035691,0.95271695,-0.1385192,0.27044934,0
-5.0550489,4.6273155,2.2687154,0.011333585,0.90562826,0.42392078,0
-2.7328672,4.5294886,2.150275,0.011333585,0.90562826,0.42392078,0
-2.8032293,-4.1091261,-2.8615417,-0.011333585,-0.90562826,-0.42392078,0
-3.6007366,4.8046937,1.1992664,0.011333585,0.90562826,0.42392078,0
3.2007933,-4.0942297,-3.1496363,0.3036477,0.40081137,-0.86437738,0
-2.0770867,1.1579435,2.0927825,-0.3036477,-0.40081137,0.86437738,0
2.7935793,-0.60024399,2.7988327,-0.3036477,-0.40081137,0.86437738,0
1.7332048,-0.074614614,2.7433538,-0.3036477,-0.40081137,0.86437738,0
-4.7472448,-0.32850158,-2.2408071,-0.95271695,0.1385192,-0.27044934,0
-4.8859787,-2.7066624,-2.0597157,-0.95271695,0.1385192,-0.27044934,0
-3.3343954,-0.64069295,0.9492774,-0.3036477,-0.40081137,0.86437738,0
4.2201924,-2.7529044,1.7172282,0.95271695,-0.1385192,0.27044934,0
0.31359339,-4.9480391,-1.4830288,-0.011333585,-0.90562826,-0.42392078,0
-5.3869414,-4.4628043,-1.663414,-0.95271695,0.1385192,-0.27044934,0
-0.93491554,4.6894617,2.2088418,0.011333585,0.90562826,0.42392078,0
1.501348,1.6153898,3.5685773,-0.3036477,-0.40081137,0.86437738,0
5.1211333,0.11583591,1.1848831,0.95271695,-0.1385192,0.27044934,0
-2.3120756,1.9369447,2.1750309,-0.3036477,-0.40081137,0.86437738,0
4.2345324,4.7150574,1.8388896,0.011333585,0.90562826,0.42392078,0
2.1720908,1.5358584,3.8949559,-0.3036477,-0.40081137,0.86437738,0
4.5836773,1.2681748,3.4194148,0.95271695,-0.1385192,0.27044934,0
-5.0876288,1.2452226,-0.0067234039,-0.95271695,0.1385192,-0.27044934,0
1.0271263,-3.8831739,0.77920085,-0.3036477,-0.40081137,0.86437738,0
1.1873884,-4.1171741,-3.4593613,-0.011333585,-0.90562826,-0.42392078,0
-5.1581726,4.2917743,1.792734,-0.95271695,0.1385192,-0.27044934,0
4.7506075,-3.0563307,-0.38175321,0.95271695,-0.1385192,0.27044934,0
4.5549226,1.8132085,2.6523538,0.95271695,-0.1385192,0.27044934,0
3.8927908,4.7214251,1.5678258,0.011333585,0.90562826,0.42392078,0
-4.685153,3.4654353,0.109478,-0.95271695,0.1385192,-0.27044934,0
3.0469933,0.81505609,-0.89769387,0.3036477,0.40081137,-0.86437738,0
-4.2222571,-0.62409896,-3.3673029,-0.95271695,0.1385192,-0.27044934,0
-5.3018432,1.8036842,0.6980865,-0.95271695,0.1385192,-0.27044934,0
-3.7126169,-1.3625522,0.54256678,-0.3036477,-0.40081137,0.86437738,0
0.43424165,2.2404175,-0.92953861,0.3036477,0.40081137,-0.86437738,0
-5.2625594,-2.5226426,-1.05373,-0.95271695,0.1385192,-0.27044934,0
-2.0394316,3.689621,3.5007987,0.011333585,0.90562826,0.42392078,0
3.3462965,3.504931,0.36516333,0.3036477,0.40081137,-0.86437738,0
4.2677555,-0.25350583,2.9725926,0.95271695,-0.1385192,0.27044934,0
0.33540583,-4.5119371,0.36696398,-0.3036477,-0.40081137,0.86437738,0
4.6110692,-2.5203242,0.4520812,0.95271695,-0.1385192,0.27044934,0
-2.6782644,-1.7059587,-4.1921959,0.3036477,0.40081137,-0.86437738,0
-5.1247377,-1.1268079,-1.6143541,-0.95271695,0.1385192,-0.27044934,0
0.21501923,-4.015614,-3.4120829,-0.011333585,-0.90562826,-0.42392078,0
4.4687099,-5.2755189,0.35631728,0.95271695,-0.1385192,0.27044934,0
-1.7098567,-4.4176555,-0.45290899,-0.3036477,-0.40081137,0.86437738,0
3.9060075,3.5568004,4.5170937,0.011333585,0.90562826,0.42392078,0
-4.9685335,2.1095369,-0.46729326,-0.95271695,0.1385192,-0.27044934,0
5.1748767,-4.2643828,-2.4889073,-0.011333585,-0.90562826,-0.42392078,0
4.300622,-2.6566253,1.7414722,0.95271695,-0.1385192,0.27044934,0
-3.1842973,-0.20907831,1.2489475,-0.3036477,-0.40081137,0.86437738,0
-3.2686605,3.3836939,2.9172864,-0.3036477,-0.40081137,0.86437738,0
1.4704362,2.3324747,-0.90260684,0.3036477,0.40081137,-0.86437738,0
4.1435194,-1.9164414,2.7850895,-0.3036477,-0.40081137,0.86437738,0
-0.93821812,3.5953639,-1.2074094,0.3036477,0.40081137,-0.86437738,0
5.2226534,0.22890663,-0.28584337,0.95271695,-0.1385192,0.27044934,0
-2.1087797,2.1025066,-2.004241,0.3036477,0.40081137,-0.86437738,0
1.0303421,3.1850333,4.3055987,-0.3036477,-0.40081137,0.86437738,0
-3.9513998,0.40031004,1.0278168,-0.3036477,-0.40081137,0.86437738,0
-4.6613946,4.7646465,1.8110838,0.011333585,0.90562826,0.42392078,0
-4.6188598,-3.7766094,-3.5054131,-0.95271695,0.1385192,-0.27044934,0
4.5703845,-2.0392053,1.5921686,0.95271695,-0.1385192,0.27044934,0
2.5801177,-3.94771,-3.203217,0.3036477,0.40081137,-0.86437738,0
-1.4049921,-3.569056,-3.7029786,-0.011333585,-0.90562826,-0.42392078,0
-3.8842993,0.66679716,1.1177042,-0.3036477,-0.40081137,0.86437738,0
-3.9597528,-3.4603083,-4.3395147,-0.011333585,-0.90562826,-0.42392078,0
5.1225357,-3.2233534,-1.7357564,0.95271695,-0.1385192,0.27044934,0
-2.9356701,5.6785545,0.042903483,0.011333585,0.90562826,0.42392078,0
4.7505612,2.6178467,3.3944893,0.95271695,-0.1385192,0.27044934,0
-4.3278298,3.9272509,2.388366,-0.3036477,-0.40081137,0.86437738,0
1.9628506,-4.0000648,-3.4256144,-0.011333585,-0.90562826,-0.42392078,0
-3.2521203,-5.0375967,-1.3765378,-0.011333585,-0.90562826,-0.42392078,0
-2.341666,-4.4440541,-1.992975,-0.011333585,-0.90562826,-0.42392078,0
1.8221463,0.43507433,-1.6503042,0.3036477,0.40081137,-0.86437738,0
3.8814027,3.1840923,0.43415356,0.3036477,0.40081137,-0.86437738,0
2.2508664,0.91265643,3.3415794,-0.3036477,-0.40081137,0.86437738,0
-5.0806437,-2.8673997,-2.5471311,-0.95271695,0.1385192,-0.27044934,0
4.8253913,-4.9516096,-0.35455513,0.95271695,-0.1385192,0.27044934,0
0.53080463,-3.96351,-3.7827294,-0.011333585,-0.90562826,-0.42392078,0
1.4930682,3.775557,0.11753941,0.3036477,0.40081137,-0.86437738,0
0.20705128,3.8655744,3.8315005,0.011333585,0.90562826,0.42392078,0
-1.3010054,4.7281551,1.3940513,0.011333585,0.90562826,0.42392078,0
-4.0526128,1.5308013,1.7597067,-0.3036477,-0.40081137,0.86437738,0
-1.7540648,-4.4400234,-2.7137504,-0.011333585,-0.90562826,-0.42392078,0
1.3547027,1.3138862,3.2642064,-0.3036477,-0.40081137,0.86437738,0
4.5531635,3.0375962,0.76116323,0.3036477,0.40081137,-0.86437738,0
-4.4919243,-3.5894656,-1.0310497,-0.3036477,-0.40081137,0.86437738,0
4.1055322,-3.4363925,1.8816025,0.95271695,-0.1385192,0.27044934,0
1.6820428,-3.1528103,1.3513309,-0.3036477,-0.40081137,0.86437738,0
-1.0836644,3.6996713,3.5434899,0.011333585,0.90562826,0.42392078,0
-4.7826228,2.124135,-0.14986277,-0.95271695,0.1385192,-0.27044934,0
0.6222685,-0.70840371,2.3665133,-0.3036477,-0.40081137,0.86437738,0
-4.4929185,-4.6744161,-1.3584013,-0.011333585,-0.90562826,-0.42392078,0
-5.2166548,0.84435749,0.72232795,-0.95271695,0.1385192,-0.27044934,0
3.1619058,3.5577693,3.8046088,0.011333585,0.90562826,0.42392078,0
-3.6214049,-4.4197993,-1.0577431,-0.3036477,-0.40081137,0.86437738,0
5.246129,-3.0899305,-0.8792448,0.95271695,-0.1385192,0.27044934,0
4.167469,3.2826905,4.8033848,0.011333585,0.90562826,0.42392078,0
0.016886234,4.7887774,1.2933015,0.011333585,0.90562826,0.42392078,0
3.8697286,3.1421967,0.7305789,0.3036477,0.40081137,-0.86437738,0
-5.2501402,3.7908762,2.1307588,-0.95271695,0.1385192,-0.27044934,0
4.6473513,-3.6535225,0.22100115,0.95271695,-0.1385192,0.27044934,0
1.8150878,5.0117702,0.93238187,0.011333585,0.90562826,0.42392078,0
1.2527521,5.1674547,0.37621188,0.3036477,0.40081137,-0.86437738,0
0.033916712,0.27878064,2.3295498,-0.3036477,-0.40081137,0.86437738,0
4.8716602,3.5878444,2.7151446,0.95271695,-0.1385192,0.27044934,0
4.3212724,-0.048327684,3.552084,0.95271695,-0.1385192,0.27044934,0
1.9227271,4.2823386,2.3347223,0.011333585,0.90562826,0.42392078,0
-4.0095854,-1.9713838,-4.4129705,0.3036477,0.40081137,-0.86437738,0
-3.3122258,-2.2465916,0.21583462,-0.3036477,-0.40081137,0.86437738,0
-5.3675222,-3.5579805,-1.3382907,-0.95271695,0.1385192,-0.27044934,0
4.3762059,-2.3911822,-1.8698792,0.3036477,0.40081137,-0.86437738,0
-0.025021553,4.5878654,1.5638583,0.011333585,0.90562826,0.42392078,0
0.042940617,2.776886,3.7070763,-0.3036477,-0.40081137,0.86437738,0
-1.5782661,-3.8262618,-4.0347667,-0.011333585,-0.90562826,-0.42392078,0
0.092110634,4.8457184,0.98757374,0.011333585,0.90562826,0.42392078,0
1.7603933,-3.4574003,1.406364,-0.3036477,-0.40081137,0.86437738,0
3.5574908,4.1593981,2.5814075,0.011333585,0.90562826,0.42392078,0
-0.88224143,0.68016565,-2.2942283,0.3036477,0.40081137,-0.86437738,0
4.8736148,1.4703618,2.266664,0.95271695,-0.1385192,0.27044934,0
0.096084356,3.4803817,-0.51413363,0.3036477,0.40081137,-0.86437738,0
-0.80065155,4.886878,1.2712548,0.011333585,0.90562826,0.42392078,0
-1.5426583,4.4041371,2.2359128,0.011333585,0.90562826,0.42392078,0
-0.3842454,4.7640457,1.8094438,0.011333585,0.90562826,0.42392078,0
4.3969378,2.3238187,4.0188317,0.95271695,-0.1385192,0.27044934,0
1.4163477,1.55357,-0.98785836,0.3036477,0.40081137,-0.86437738,0
-1.0332413,-5.0655046,-1.0266082,-0.011333585,-0.90562826,-0.42392078,0
3.8453059,-5.0670571,-1.201507,-0.011333585,-0.90562826,-0.42392078,0
0.55664301,3.8228569,3.1598058,0.011333585,0.90562826,0.42392078,0
4.430512,-0.77387476,2.0890944,0.95271695,-0.1385192,0.27044934,0
0.8425014,2.1579914,3.5120788,-0.3036477,-0.40081137,0.86437738,0
4.2115412,-5.1499348,1.3601246,0.95271695,-0.1385192,0.27044934,0
-5.0208998,-2.4399855,-1.9459248,-0.95271695,0.1385192,-0.27044934,0
-4.442132,-3.0899444,-4.6384878,-0.95271695,0.1385192,-0.27044934,0
3.9838386,4.576673,1.7257371,0.011333585,0.90562826,0.42392078,0
4.4638734,3.4663701,4.2145529,0.011333585,0.90562826,0.42392078,0
0.2634902,-5.4496288,-0.12601626,-0.011333585,-0.90562826,-0.42392078,0
4.4195294,-4.3809066,-2.55321,-0.011333585,-0.90562826,-0.42392078,0
-2.0940399,1.2520607,2.1220233,-0.3036477,-0.40081137,0.86437738,0
-3.9510121,-4.6290445,-1.4044967,-0.011333585,-0.90562826,-0.42392078,0
4.5722528,-2.4483652,1.3254578,0.95271695,-0.1385192,0.27044934,0
5.0440025,-1.8373836,0.33555269,0.95271695,-0.1385192,0.27044934,0
-4.3554153,2.970696,-1.7645056,-0.95271695,0.1385192,-0.27044934,0
1.0856872,-4.7034578,0.39010179,-0.3036477,-0.40081137,0.86437738,0
4.3195028,3.4706573,4.310411,0.95271695,-0.1385192,0.27044934,0
-4.3504348,5.2833128,0.057093024,-0.95271695,0.1385192,-0.27044934,0
0.72991055,0.67150879,-1.8631141,0.3036477,0.40081137,-0.86437738,0
3.7878549,-5.9658566,0.53632855,-0.011333585,-0.90562826,-0.42392078,0
2.0141978,-4.0953393,-3.4999804,-0.011333585,-0.90562826,-0.42392078,0
-1.0034566,4.175004,2.9228501,0.011333585,0.90562826,0.42392078,0
-0.18560076,4.1395063,3.3116477,0.011333585,0.90562826,0.42392078,0
5.205534,0.60029149,-0.2481432,0.3036477,0.40081137,-0.86437738,0
4.9977412,-0.96216059,-0.11566281,0.95271695,-0.1385192,0.27044934,0
-3.5624762,5.3866262,0.40719563,0.011333585,0.90562826,0.42392078,0
4.5170388,-3.7307377,1.2153845,0.95271695,-0.1385192,0.27044934,0
-5.0752611,-2.2581487,-0.68690395,-0.3036477,-0.40081137,0.86437738,0
-0.22428274,-2.2848592,-3.3664141,0.3036477,0.40081137,-0.86437738,0
-4.7618961,1.7464529,-1.4578435,-0.95271695,0.1385192,-0.27044934,0
2.0424573,3.8729553,3.3971162,0.011333585,0.90562826,0.42392078,0
-5.2233009,-1.3609085,-0.94685507,-0.95271695,0.1385192,-0.27044934,0
-3.2675743,5.4243784,0.087662101,0.011333585,0.90562826,0.42392078,0
5.0276794,-3.9993582,-1.7760605,0.95271695,-0.1385192,0.27044934,0
1.1904404,3.415134,-0.30704248,0.3036477,0.40081137,-0.86437738,0
-1.3284106,-3.5843468,-4.205626,-0.011333585,-0.90562826,-0.42392078,0
2.0208821,3.816927,3.992969,0.011333585,0.90562826,0.42392078,0
0.49250698,-4.3559642,-2.5919361,-0.011333585,-0.90562826,-0.42392078,0
0.62281847,2.6601114,3.8866827,-0.3036477,-0.40081137,0.86437738,0
-0.09663105,-4.6163173,-1.6273717,-0.011333585,-0.90562826,-0.42392078,0
5.3947697,3.837086,1.4281192,0.95271695,-0.1385192,0.27044934,0
1.354845,4.6718574,1.9007602,0.011333585,0.90562826,0.42392078,0
4.5791068,1.9012665,3.5352187,0.95271695,-0.1385192,0.27044934,0
1.8551233,-0.022392482,2.8130207,-0.3036477,-0.40081137,0.86437738,0
-1.2244306,-4.6150837,-2.195133,-0.011333585,-0.90562826,-0.42392078,0
2.2331891,-2.388196,-2.5713573,0.3036477,0.40081137,-0.86437738,0
-5.3424654,-4.6976323,-1.7437205,-0.95271695,0.1385192,-0.27044934,0
-4.2773666,1.6327904,-2.3551226,-0.95271695,0.1385192,-0.27044934,0
-4.5921259,5.0930138,1.4237978,0.011333585,0.90562826,0.42392078,0
-2.3605638,-4.0257831,-3.0819705,-0.011333585,-0.90562826,-0.42392078,0
1.1440806,3.7272096,3.5878849,0.011333585,0.90562826,0.42392078,0
4.2190323,-5.403975,-0.00078642368,-0.011333585,-0.90562826,-0.42392078,0
3.4781151,-1.2841475,-1.6366339,0.3036477,0.40081137,-0.86437738,0
-1.9371203,-0.96747422,-3.598628,0.3036477,0.40081137,-0.86437738,0
-2.9285219,5.6615372,-0.18565655,0.011333585,0.90562826,0.42392078,0
2.5777802,3.751581,3.3148799,0.011333585,0.90562826,0.42392078,0
-4.1152744,4.4661527,1.9894184,0.011333585,0.90562826,0.42392078,0
5.3895726,3.247709,0.97716045,0.95271695,-0.1385192,0.27044934,0
-3.6246109,4.8686023,1.8525521,0.011333585,0.90562826,0.42392078,0
2.6073802,-5.2292113,0.85864282,-0.3036477,-0.40081137,0.86437738,0
1.2849734,4.8099418,1.8567412,0.011333585,0.90562826,0.42392078,0
5.2006397,0.15829539,-0.082471848,0.95271695,-0.1385192,0.27044934,0
-4.8674335,-0.52959204,-1.8176618,-0.95271695,0.1385192,-0.27044934,0
1.4394541,-4.725575,-2.0177946,-0.011333585,-0.90562826,-0.42392078,0
-2.4230106,-4.5915136,-2.023073,-0.011333585,-0.90562826,-0.42392078,0
4.722147,-0.59368801,2.1619651,0.95271695,-0.1385192,0.27044934,0
-4.7401695,0.96267819,-0.82810998,-0.95271695,0.1385192,-0.27044934,0
-0.30795479,-4.125597,-3.2511106,-0.011333585,-0.90562826,-0.42392078,0
-4.6292405,-1.7137934,-3.281652,-0.95271695,0.1385192,-0.27044934,0
1.6237326,-4.9600081,-1.1771861,-0.011333585,-0.90562826,-0.42392078,0
-4.9909739,-2.0477259,-1.463994,-0.95271695,0.1385192,-0.27044934,0
-1.1604674,2.8235517,-1.3465365,0.3036477,0.40081137,-0.86437738,0
0.30524105,-2.5706086,1.2315788,-0.3036477,-0.40081137,0.86437738,0
-0.056530952,4.6909266,1.4763548,0.011333585,0.90562826,0.42392078,0
-5.0031137,-0.73549986,-1.4599319,-0.95271695,0.1385192,-0.27044934,0
-5.2806215,3.2036064,1.4211838,-0.95271695,0.1385192,-0.27044934,0
-4.5460377,-2.4666367,-3.10782,-0.95271695,0.1385192,-0.27044934,0
-4.7573605,3.7603638,-0.36592722,-0.95271695,0.1385192,-0.27044934,0
3.0526886,1.8147395,-0.23994303,0.3036477,0.40081137,-0.86437738,0
4.0880728,2.0231819,0.2159586,0.3036477,0.40081137,-0.86437738,0
-3.976388,-3.37639,-4.5204906,-0.011333585,-0.90562826,-0.42392078,0
-0.506567,-4.4595833,-2.1493921,-0.011333585,-0.90562826,-0.42392078,0
-2.687634,0.65069366,1.5388894,-0.3036477,-0.40081137,0.86437738,0
3.6191258,-4.446456,-2.702282,-0.011333585,-0.90562826,-0.42392078,0
-1.4215746,3.5947406,-1.0504861,0.3036477,0.40081137,-0.86437738,0
-1.7296176,5.0344429,0.75050211,0.011333585,0.90562826,0.42392078,0
-0.6448102,2.6534269,3.3214221,-0.3036477,-0.40081137,0.86437738,0
-1.015636,5.3482699,0.59263116,0.011333585,0.90562826,0.42392078,0
-3.8663898,-3.4401436,-4.420414,-0.011333585,-0.90562826,-0.42392078,0
1.9164859,-3.0107336,1.5438502,-0.3036477,-0.40081137,0.86437738,0
4.9637885,0.53558016,0.66909313,0.95271695,-0.1385192,0.27044934,0
-2.2582741,-0.57224035,-3.4369249,0.3036477,0.40081137,-0.86437738,0
-4.8384366,-0.58550406,-2.1337705,-0.95271695,0.1385192,-0.27044934,0
-4.1416235,-3.6202929,-4.0299678,-0.011333585,-0.90562826,-0.42392078,0
-0.5358758,-2.3262186,-3.6682072,0.3036477,0.40081137,-0.86437738,0
-0.52633524,-3.5146513,-4.1468425,0.3036477,0.40081137,-0.86437738,0
-2.032424,3.1678505,3.2452841,-0.3036477,-0.40081137,0.86437738,0
1.2183232,3.8028626,3.8374724,0.011333585,0.90562826,0.42392078,0
-2.1172152,4.0495095,3.1396713,0.011333585,0.90562826,0.42392078,0
0.1699791,-1.8619602,-3.2323554,0.3036477,0.40081137,-0.86437738,0
-2.7865767,-1.3062401,-3.945821,0.3036477,0.40081137,-0.86437738,0
3.3575468,0.042775631,-1.1780077,0.3036477,0.40081137,-0.86437738,0
-4.5439968,-4.001132,-3.2554526,-0.011333585,-0.90562826,-0.42392078,0
0.62209177,-5.0440559,-1.1001457,-0.011333585,-0.90562826,-0.42392078,0
4.3970428,2.6229084,4.7807927,0.95271695,-0.1385192,0.27044934,0
-4.8178492,3.2031777,-0.36280155,-0.95271695,0.1385192,-0.27044934,0
4.9331803,-2.5973454,-0.47041082,0.95271695,-0.1385192,0.27044934,0
1.8858564,-2.8912363,1.7134616,-0.3036477,-0.40081137,0.86437738,0
5.0209961,-1.0717657,0.32668924,0.95271695,-0.1385192,0.27044934,0
0.32217717,0.55177259,2.4560335,-0.3036477,-0.40081137,0.86437738,0
0.2718761,-1.7313411,-3.139416,0.3036477,0.40081137,-0.86437738,0
-1.4254026,4.7681999,2.1028495,0.011333585,0.90562826,0.42392078,0
5.0009594,3.6991069,2.1980872,0.95271695,-0.1385192,0.27044934,0
1.815238,4.0025673,3.3438137,0.011333585,0.90562826,0.42392078,0
-3.1725006,4.9973917,1.209828,0.011333585,0.90562826,0.42392078,0
5.0553694,-3.3493669,-1.8786581,0.3036477,0.40081137,-0.86437738,0
-3.6841712,4.9198747,1.6748396,0.011333585,0.90562826,0.42392078,0
5.1601896,-1.7026033,-1.4483836,0.3036477,0.40081137,-0.86437738,0
2.3016648,0.9673419,-1.1899055,0.3036477,0.40081137,-0.86437738,0
-4.335465,-0.37494498,-3.7353179,-0.95271695,0.1385192,-0.27044934,0
-2.763423,5.7822866,-0.035748184,0.011333585,0.90562826,0.42392078,0
-4.6006021,-3.354089,-3.3311687,-0.95271695,0.1385192,-0.27044934,0
1.649441,4.0402789,2.8944261,0.011333585,0.90562826,0.42392078,0
5.1173267,-1.3643496,-1.1633289,0.3036477,0.40081137,-0.86437738,0
-4.8158131,2.9000206,0.12368941,-0.95271695,0.1385192,-0.27044934,0
-0.1701355,-5.1648035,-0.9210633,-0.011333585,-0.90562826,-0.42392078,0
4.9220567,-4.7648025,-0.99049222,0.95271695,-0.1385192,0.27044934,0
