3.7352877,-1.3236749,1.7911712,0.8655318,-0.47855496,0.14778429,0
-0.68550324,2.0022824,-4.9300485,0.2863239,0.23067425,-0.92995071,0
-0.23996663,-2.0621176,4.6408181,-0.2863239,-0.23067425,0.92995071,0
2.4322095,-2.7142005,2.7087977,0.8655318,-0.47855496,0.14778429,0
3.8050876,-1.3901057,0.74300206,0.8655318,-0.47855496,0.14778429,0
0.99696434,2.4484766,-4.532866,0.2863239,0.23067425,-0.92995071,0
4.1755786,-0.73186004,1.455816,0.8655318,-0.47855496,0.14778429,0
2.9047787,1.8379191,-2.2381499,0.41094244,0.84721577,0.33667758,0
1.508646,-1.386052,5.4053564,-0.2863239,-0.23067425,0.92995071,0
-4.3270969,-0.23511386,-0.34701991,-0.41094244,-0.84721577,-0.33667758,0
-3.9406714,-0.77530921,4.1721215,-0.2863239,-0.23067425,0.92995071,0
3.4047346,1.6870389,-4.0662131,0.2863239,0.23067425,-0.92995071,0
-1.7541029,-2.4999886,2.0281301,-0.41094244,-0.84721577,-0.33667758,0
-0.21282887,-0.77334189,-4.0492191,-0.41094244,-0.84721577,-0.33667758,0
4.9046602,-0.22727257,-2.7415447,0.8655318,-0.47855496,0.14778429,0
-0.91587663,0.13977742,-5.2748952,-0.41094244,-0.84721577,-0.33667758,0
-1.4678159,0.54102468,-5.3487124,-0.41094244,-0.84721577,-0.33667758,0
-1.5545068,4.2373104,-3.2300766,0.41094244,0.84721577,0.33667758,0
4.1428642,-0.94534457,0.98049587,0.8655318,-0.47855496,0.14778429,0
-2.2758329,-1.1448989,4.5474706,-0.2863239,-0.23067425,0.92995071,0
-2.4508452,2.393085,-3.7224188,-0.8655318,0.47855496,-0.14778429,0
-3.0833228,-2.3362448,3.7685795,-0.2863239,-0.23067425,0.92995071,0
2.3959677,1.5566783,-4.3919711,0.2863239,0.23067425,-0.92995071,0
-3.5849304,0.87646723,-2.6808653,-0.8655318,0.47855496,-0.14778429,0
-3.8399673,0.84233916,-1.7520949,-0.8655318,0.47855496,-0.14778429,0
2.3273811,-0.26137507,3.4173541,0.41094244,0.84721577,0.33667758,0
-1.0868125,4.4422174,-3.7433336,0.41094244,0.84721577,0.33667758,0
-2.6318045,-1.0676174,4.3925214,-0.2863239,-0.23067425,0.92995071,0
0.2222172,-2.5488787,0.33328855,-0.41094244,-0.84721577,-0.33667758,0
-0.93200576,-0.74683392,-3.3962023,-0.41094244,-0.84721577,-0.33667758,0
2.4661999,-2.5395463,5.3933249,0.8655318,-0.47855496,0.14778429,0
-4.2594519,-0.89640415,3.7067027,-0.2863239,-0.23067425,0.92995071,0
1.7368116,-3.0918837,4.9334769,-0.2863239,-0.23067425,0.92995071,0
2.2650685,-3.8583341,1.6651825,0.8655318,-0.47855496,0.14778429,0
3.1808829,0.52703559,0.47794092,0.41094244,0.84721577,0.33667758,0
2.66134,0.045619369,2.3401189,0.41094244,0.84721577,0.33667758,0
3.2158232,-1.5262971,1.9748304,0.8655318,-0.47855496,0.14778429,0
1.8185655,-1.1403393,-4.6981163,-0.41094244,-0.84721577,-0.33667758,0
-2.308784,1.668823,-5.7850461,0.2863239,0.23067425,-0.92995071,0
3.8536639,1.84047,-2.8309307,0.41094244,0.84721577,0.33667758,0
-3.6423345,1.5388714,0.45375419,-0.8655318,0.47855496,-0.14778429,0
-4.0711913,-0.11712754,-0.19870675,-0.41094244,-0.84721577,-0.33667758,0
4.5714445,-0.33557767,-1.7326131,0.8655318,-0.47855496,0.14778429,0
0.79424882,-1.3484223,5.482336,-0.2863239,-0.23067425,0.92995071,0
-0.59675682,-2.5115094,4.6610699,-0.2863239,-0.23067425,0.92995071,0
4.8699169,0.58727551,-1.9506741,0.41094244,0.84721577,0.33667758,0
-1.9789283,0.68063784,4.8324118,-0.2863239,-0.23067425,0.92995071,0
-0.75512224,-2.0398297,-0.12338358,-0.41094244,-0.84721577,-0.33667758,0
3.6574087,-2.4588375,-1.4337418,0.8655318,-0.47855496,0.14778429,0
4.0481329,1.2447029,-3.6820331,0.2863239,0.23067425,-0.92995071,0
-2.4618235,2.0439887,-5.5549936,0.2863239,0.23067425,-0.92995071,0
1.2306125,-0.70982432,-5.1946645,-0.41094244,-0.84721577,-0.33667758,0
-2.5824211,1.7352166,4.6894698,0.41094244,0.84721577,0.33667758,0
-4.2729883,0.6797083,4.0435009,-0.2863239,-0.23067425,0.92995071,0
1.2611361,0.12312174,4.5002866,0.41094244,0.84721577,0.33667758,0
-3.1019731,-2.053576,2.7798052,-0.41094244,-0.84721577,-0.33667758,0
-2.3079412,0.60911369,-4.9356594,-0.41094244,-0.84721577,-0.33667758,0
-3.3259125,1.8740251,-1.1845418,-0.8655318,0.47855496,-0.14778429,0
2.7822309,-1.4693339,6.0595765,-0.2863239,-0.23067425,0.92995071,0
-2.3105745,3.0549641,1.5897102,0.41094244,0.84721577,0.33667758,0
1.6539292,-1.2607087,5.7104816,-0.2863239,-0.23067425,0.92995071,0
-1.1829913,-3.4571462,4.236609,-0.2863239,-0.23067425,0.92995071,0
0.51114166,-1.4324296,-2.6121359,-0.41094244,-0.84721577,-0.33667758,0
1.8530962,1.9791555,-4.2828045,0.2863239,0.23067425,-0.92995071,0
2.0954251,-3.8727124,1.5599811,0.8655318,-0.47855496,0.14778429,0
-3.8803008,-0.30539072,-0.44945753,-0.41094244,-0.84721577,-0.33667758,0
0.83889127,0.55050135,-4.9229007,0.2863239,0.23067425,-0.92995071,0
1.7865794,-2.0030844,-2.9804575,-0.41094244,-0.84721577,-0.33667758,0
-5.1628351,-0.97233397,2.5511842,-0.41094244,-0.84721577,-0.33667758,0
0.86814225,3.2345805,-3.3439176,0.41094244,0.84721577,0.33667758,0
-4.6309538,0.92280418,1.7986274,-0.8655318,0.47855496,-0.14778429,0
1.8262596,0.16519284,3.1066566,0.41094244,0.84721577,0.33667758,0
-1.9362006,1.5651544,4.7458324,0.41094244,0.84721577,0.33667758,0
-2.0444024,-0.60411781,4.4448118,-0.2863239,-0.23067425,0.92995071,0
-4.107729,0.69756675,-1.5738237,-0.8655318,0.47855496,-0.14778429,0
-2.5501306,3.1709452,1.5548837,0.41094244,0.84721577,0.33667758,0
5.0111084,-0.17003447,-2.282465,0.8655318,-0.47855496,0.14778429,0
-0.20544946,-0.12902343,-4.7957416,-0.41094244,-0.84721577,-0.33667758,0
-3.8551559,-0.32059181,0.061768293,-0.41094244,-0.84721577,-0.33667758,0
-3.3823531,0.46793804,4.6564779,-0.2863239,-0.23067425,0.92995071,0
0.42097282,3.5953388,-4.5156159,0.2863239,0.23067425,-0.92995071,0
2.5145946,-2.743511,-2.2193179,-0.41094244,-0.84721577,-0.33667758,0
-3.8949778,1.560698,0.60675001,-0.8655318,0.47855496,-0.14778429,0
-0.21352148,-2.974596,1.9164441,-0.41094244,-0.84721577,-0.33667758,0
-2.4555395,1.4154617,4.9393005,-0.2863239,-0.23067425,0.92995071,0
4.0454502,-1.3567613,-4.4124217,0.2863239,0.23067425,-0.92995071,0
3.5661139,-1.7493081,0.71884203,0.8655318,-0.47855496,0.14778429,0
-2.520148,-1.3455048,0.23214555,-0.41094244,-0.84721577,-0.33667758,0
-0.34031665,1.2596099,2.9119813,0.41094244,0.84721577,0.33667758,0
3.7472937,-1.8223779,-0.26038134,0.8655318,-0.47855496,0.14778429,0
1.6597433,-4.1638517,4.7097764,0.8655318,-0.47855496,0.14778429,0
-2.3828812,3.1170318,-1.7670283,-0.8655318,0.47855496,-0.14778429,0
2.132154,0.49360269,-4.6593575,0.2863239,0.23067425,-0.92995071,0
-3.758806,2.2720253,2.4384658,-0.8655318,0.47855496,-0.14778429,0
0.29434967,-0.0045425892,5.5399356,-0.2863239,-0.23067425,0.92995071,0
1.1838647,1.6479809,-4.659523,0.2863239,0.23067425,-0.92995071,0
2.0630476,0.66363251,1.5408295,0.41094244,0.84721577,0.33667758,0
1.7275109,-3.7536018,4.3271761,0.8655318,-0.47855496,0.14778429,0
0.30177951,3.1433899,-4.6538382,0.2863239,0.23067425,-0.92995071,0
0.34462404,0.75457728,3.4062853,0.41094244,0.84721577,0.33667758,0
3.3855453,-0.6645751,-4.3336535,0.2863239,0.23067425,-0.92995071,0
-4.3183002,-0.10622835,-0.36693704,-0.41094244,-0.84721577,-0.33667758,0
5.2654839,0.2476719,-3.3176007,0.8655318,-0.47855496,0.14778429,0
-3.998049,-0.97976208,3.9371772,-0.2863239,-0.23067425,0.92995071,0
4.2925835,-1.5644569,-3.1297941,0.8655318,-0.47855496,0.14778429,0
-2.6289392,-1.2100753,0.40741336,-0.41094244,-0.84721577,-0.33667758,0
3.9999387,-1.1383915,-4.5823097,0.2863239,0.23067425,-0.92995071,0
3.940244,-1.1130209,-0.80406094,0.8655318,-0.47855496,0.14778429,0
5.3001652,0.36762804,-3.2136273,0.8655318,-0.47855496,0.14778429,0
3.8539369,-1.2077895,-0.68192625,0.8655318,-0.47855496,0.14778429,0
-0.91670012,-0.65332198,5.0189624,-0.2863239,-0.23067425,0.92995071,0
2.4791379,-3.7743073,0.98767173,0.8655318,-0.47855496,0.14778429,0
2.033257,-1.2214484,-4.9733996,0.2863239,0.23067425,-0.92995071,0
-1.3196146,1.5663764,3.3853765,0.41094244,0.84721577,0.33667758,0
-1.4704974,-2.8425124,4.3294311,-0.2863239,-0.23067425,0.92995071,0
-0.53022599,-1.1650423,-2.8677526,-0.41094244,-0.84721577,-0.33667758,0
-1.2948837,4.5500059,-4.2211423,0.41094244,0.84721577,0.33667758,0
-3.6294498,1.5903997,-1.5327741,-0.8655318,0.47855496,-0.14778429,0
2.6707573,-3.5312583,0.47834718,0.8655318,-0.47855496,0.14778429,0
1.8266549,-3.5892563,3.5287538,0.8655318,-0.47855496,0.14778429,0
0.68719959,-4.3210416,4.3364153,-0.41094244,-0.84721577,-0.33667758,0
-2.952517,-1.8726857,2.9333091,-0.41094244,-0.84721577,-0.33667758,0
-1.7692957,-0.19968605,-3.2128515,-0.41094244,-0.84721577,-0.33667758,0
2.0914278,-2.5587168,5.5767126,0.8655318,-0.47855496,0.14778429,0
-1.2689121,1.8760113,-5.277936,0.2863239,0.23067425,-0.92995071,0
-1.7436433,3.0746257,-5.028214,0.2863239,0.23067425,-0.92995071,0
0.73815477,3.0964541,-4.5203609,0.2863239,0.23067425,-0.92995071,0
1.1739224,1.3282661,-4.5184131,0.2863239,0.23067425,-0.92995071,0
1.2416886,2.653496,-2.3446262,0.41094244,0.84721577,0.33667758,0
3.0432782,-3.0334463,-1.3741379,0.8655318,-0.47855496,0.14778429,0
2.2638845,-3.7996628,0.8304612,0.8655318,-0.47855496,0.14778429,0
4.9459729,-0.26804441,-3.6285944,0.8655318,-0.47855496,0.14778429,0
-2.8107805,1.3155751,-5.5242009,-0.8655318,0.47855496,-0.14778429,0
4.5851417,0.36019528,-0.53977561,0.41094244,0.84721577,0.33667758,0
1.5998464,-4.1777706,2.9900081,-0.41094244,-0.84721577,-0.33667758,0
-2.8770266,1.4744712,-5.2020426,-0.8655318,0.47855496,-0.14778429,0
-1.5216894,0.29752088,-4.7378178,-0.41094244,-0.84721577,-0.33667758,0
0.0042631626,-3.6541462,4.3873892,-0.2863239,-0.23067425,0.92995071,0
-2.7003269,0.73318571,4.8261461,-0.2863239,-0.23067425,0.92995071,0
-3.6203918,2.1525545,1.8720214,-0.8655318,0.47855496,-0.14778429,0
-4.5109062,0.58113599,2.3417468,-0.8655318,0.47855496,-0.14778429,0
-0.68223941,-0.87456989,5.0413518,-0.2863239,-0.23067425,0.92995071,0
-3.8457098,0.9878037,-1.195204,-0.8655318,0.47855496,-0.14778429,0
-1.7301211,-0.35285532,4.7631712,-0.2863239,-0.23067425,0.92995071,0
-1.8881903,-1.9753162,1.6623409,-0.41094244,-0.84721577,-0.33667758,0
-1.063518,4.1246657,-3.7210512,0.41094244,0.84721577,0.33667758,0
-0.99134243,-3.1668913,4.4140143,-0.2863239,-0.23067425,0.92995071,0
-2.8026032,3.1561499,0.52998447,-0.8655318,0.47855496,-0.14778429,0
2.9253664,-2.2163234,2.1681104,0.8655318,-0.47855496,0.14778429,0
-3.8091047,1.6628244,0.77696133,-0.8655318,0.47855496,-0.14778429,0
-2.7831335,-2.4581449,3.3661809,-0.41094244,-0.84721577,-0.33667758,0
-4.0366349,-0.39478767,-0.30314171,-0.41094244,-0.84721577,-0.33667758,0
-2.3034987,0.67696738,-5.3743324,-0.41094244,-0.84721577,-0.33667758,0
2.9662242,-2.2820446,-3.4267673,-0.41094244,-0.84721577,-0.33667758,0
3.4364204,-2.650703,-3.4932518,-0.41094244,-0.84721577,-0.33667758,0
3.1965494,-2.0328419,1.0276591,0.8655318,-0.47855496,0.14778429,0
-4.4481497,1.1474565,4.1279802,-0.2863239,-0.23067425,0.92995071,0
-2.4765959,2.6648161,-3.2508049,-0.8655318,0.47855496,-0.14778429,0
5.2988868,0.2176488,-3.116437,0.8655318,-0.47855496,0.14778429,0
2.5400746,1.9837468,-4.0047445,0.2863239,0.23067425,-0.92995071,0
4.3359385,-0.68050933,-1.55247,0.8655318,-0.47855496,0.14778429,0
1.4124243,0.14448607,3.9373162,0.41094244,0.84721577,0.33667758,0
3.2986302,-1.204388,2.8590121,0.8655318,-0.47855496,0.14778429,0
0.70568895,3.3845968,-4.1910348,0.2863239,0.23067425,-0.92995071,0
-2.430151,3.3320761,-1.1971177,-0.8655318,0.47855496,-0.14778429,0
3.5428858,-1.173732,3.2589078,0.8655318,-0.47855496,0.14778429,0
-1.0601315,-3.4462507,4.1612959,-0.2863239,-0.23067425,0.92995071,0
0.45617998,1.4468365,-4.9004979,0.2863239,0.23067425,-0.92995071,0
0.6758399,-3.3790593,2.0901194,-0.41094244,-0.84721577,-0.33667758,0
2.2590759,-0.071053267,3.2122028,0.41094244,0.84721577,0.33667758,0
-2.845686,2.9867926,-0.59787011,-0.8655318,0.47855496,-0.14778429,0
3.7527976,-2.0025156,-0.50463092,0.8655318,-0.47855496,0.14778429,0
2.1910515,1.7936907,-1.7060595,0.41094244,0.84721577,0.33667758,0
-3.1350732,3.3395119,0.76290095,-0.8655318,0.47855496,-0.14778429,0
3.4861736,-1.4505265,1.5496238,0.8655318,-0.47855496,0.14778429,0
1.1779772,2.1785798,-0.45235753,0.41094244,0.84721577,0.33667758,0
2.3529508,-0.68394184,4.5235224,0.41094244,0.84721577,0.33667758,0
2.6397505,-3.3187566,-1.1465634,-0.41094244,-0.84721577,-0.33667758,0
-4.3233914,1.2196561,4.4110126,-0.2863239,-0.23067425,0.92995071,0
-1.0843662,-3.4959455,4.2368259,-0.2863239,-0.23067425,0.92995071,0
0.28601289,-0.67473376,5.1711402,-0.2863239,-0.23067425,0.92995071,0
-2.4891562,2.3251643,-4.3430901,-0.8655318,0.47855496,-0.14778429,0
-4.6689038,0.10578531,1.8392282,-0.8655318,0.47855496,-0.14778429,0
-1.3563232,2.0714662,-5.2129426,0.2863239,0.23067425,-0.92995071,0
-4.0209084,1.3504109,4.3888774,-0.2863239,-0.23067425,0.92995071,0
-1.296963,0.50656247,-5.5444779,0.2863239,0.23067425,-0.92995071,0
-3.2285171,1.9759886,-2.3234951,-0.8655318,0.47855496,-0.14778429,0
0.68543291,-4.4966593,4.1239457,-0.41094244,-0.84721577,-0.33667758,0
-1.1843276,3.6358325,-4.6498957,0.2863239,0.23067425,-0.92995071,0
4.08603,-2.0291243,-4.5841813,0.8655318,-0.47855496,0.14778429,0
3.3306572,-2.98561,-2.5255196,0.8655318,-0.47855496,0.14778429,0
-4.2555194,-0.21220624,4.2225165,-0.2863239,-0.23067425,0.92995071,0
2.2976022,-2.9582062,4.2020311,0.8655318,-0.47855496,0.14778429,0
3.2440572,-0.70672488,4.2732048,0.41094244,0.84721577,0.33667758,0
-3.8061981,0.69015658,-1.6045128,-0.8655318,0.47855496,-0.14778429,0
-3.0464029,-0.41993999,4.320354,-0.2863239,-0.23067425,0.92995071,0
-3.9138455,1.001003,-0.07967329,-0.8655318,0.47855496,-0.14778429,0
0.83998919,-2.7168958,0.097106248,-0.41094244,-0.84721577,-0.33667758,0
0.93431091,-4.5884829,4.3297653,-0.2863239,-0.23067425,0.92995071,0
-4.9969883,0.45985726,2.810607,-0.8655318,0.47855496,-0.14778429,0
-2.2784781,3.1182868,-4.2576995,-0.8655318,0.47855496,-0.14778429,0
3.172179,0.33389613,-4.2639494,0.2863239,0.23067425,-0.92995071,0
4.2924004,-1.029139,-0.25260711,0.8655318,-0.47855496,0.14778429,0
-1.6414397,-1.8872656,0.63131762,-0.41094244,-0.84721577,-0.33667758,0
-2.2691855,2.9314497,-3.3345907,-0.8655318,0.47855496,-0.14778429,0
4.9026604,-0.47368011,-2.5449743,0.8655318,-0.47855496,0.14778429,0
-1.8972681,-0.932881,-1.4395628,-0.41094244,-0.84721577,-0.33667758,0
5.1749983,-0.49684855,-3.9564171,0.2863239,0.23067425,-0.92995071,0
3.3570187,-1.3637344,-4.697648,0.2863239,0.23067425,-0.92995071,0
-0.033192158,-3.4609456,4.4696302,-0.2863239,-0.23067425,0.92995071,0
-0.53828931,1.1390092,-5.3524227,0.2863239,0.23067425,-0.92995071,0
-1.6649718,-1.3057903,4.4215989,-0.2863239,-0.23067425,0.92995071,0
3.4928291,-2.7283068,-2.7614055,0.8655318,-0.47855496,0.14778429,0
-1.2352481,0.71173036,5.3059549,-0.2863239,-0.23067425,0.92995071,0
-2.0354807,-1.0168743,4.3643336,-0.2863239,-0.23067425,0.92995071,0
4.762547,-0.56184173,-4.071384,0.2863239,0.23067425,-0.92995071,0
3.052279,-1.5979683,4.8399658,0.8655318,-0.47855496,0.14778429,0
5.1033392,0.56216741,-1.6799254,0.8655318,-0.47855496,0.14778429,0
4.415781,-0.076686382,0.69926155,0.8655318,-0.47855496,0.14778429,0
1.1913406,1.2279412,-4.5535941,0.2863239,0.23067425,-0.92995071,0
2.6121545,-2.5078244,3.4604623,0.8655318,-0.47855496,0.14778429,0
1.3240883,0.762115,2.4852123,0.41094244,0.84721577,0.33667758,0
2.7122765,-2.3804455,2.8694351,0.8655318,-0.47855496,0.14778429,0
-2.2869797,0.72199845,-4.9767523,-0.41094244,-0.84721577,-0.33667758,0
3.7280216,1.8905655,-3.8449974,0.2863239,0.23067425,-0.92995071,0
-0.23014148,1.0437092,3.0928712,0.41094244,0.84721577,0.33667758,0
-4.9654989,0.18125933,1.8941426,-0.8655318,0.47855496,-0.14778429,0
2.2347958,-0.41734737,-4.8210502,0.2863239,0.23067425,-0.92995071,0
-0.06732893,2.1013246,-5.0714049,0.2863239,0.23067425,-0.92995071,0
1.2680492,-3.785171,2.2587142,-0.41094244,-0.84721577,-0.33667758,0
-1.3693326,-2.4562135,4.4302583,-0.2863239,-0.23067425,0.92995071,0
-0.44773078,2.2782574,-5.1251044,0.2863239,0.23067425,-0.92995071,0
0.63150007,0.59820449,-4.9480557,0.2863239,0.23067425,-0.92995071,0
-4.0100231,2.357152,4.4178743,0.41094244,0.84721577,0.33667758,0
-2.8367069,-2.1244986,3.8424459,-0.2863239,-0.23067425,0.92995071,0
-4.6167226,0.51570982,1.5044591,-0.8655318,0.47855496,-0.14778429,0
-3.2105393,2.6700573,0.77558589,-0.8655318,0.47855496,-0.14778429,0
-3.7805424,1.3191895,-0.6709528,-0.8655318,0.47855496,-0.14778429,0
-1.0758173,1.8098965,2.2108693,0.41094244,0.84721577,0.33667758,0
-1.9592059,-3.2414541,4.1496677,-0.2863239,-0.23067425,0.92995071,0
-0.32526278,-2.3699327,0.9537822,-0.41094244,-0.84721577,-0.33667758,0
-1.9115281,-0.0088675022,-3.9906988,-0.41094244,-0.84721577,-0.33667758,0
0.85478461,1.0515438,2.7601233,0.41094244,0.84721577,0.33667758,0
-2.3538079,3.1108589,-2.0462503,-0.8655318,0.47855496,-0.14778429,0
0.23973703,0.96312499,3.2018695,0.41094244,0.84721577,0.33667758,0
3.5956836,-2.0687931,-1.734525,0.8655318,-0.47855496,0.14778429,0
-4.4987912,0.026751518,-1.0296293,-0.8655318,0.47855496,-0.14778429,0
-5.69238,-0.71352571,3.2441201,-0.2863239,-0.23067425,0.92995071,0
3.450841,-2.5122111,-1.7047071,0.8655318,-0.47855496,0.14778429,0
-2.4149547,3.2840757,-2.7453151,-0.8655318,0.47855496,-0.14778429,0
-3.254303,0.21438184,4.2526917,-0.2863239,-0.23067425,0.92995071,0
-0.95899719,0.2732625,4.9582686,-0.2863239,-0.23067425,0.92995071,0
-2.7889829,1.5555499,4.9578986,-0.2863239,-0.23067425,0.92995071,0
4.2042804,-1.0180976,0.076262355,0.8655318,-0.47855496,0.14778429,0
-2.5395985,3.1890306,-1.1251876,-0.8655318,0.47855496,-0.14778429,0
1.8605151,1.1188281,-4.4196181,0.2863239,0.23067425,-0.92995071,0
-2.7850208,2.6132102,-3.2406211,-0.8655318,0.47855496,-0.14778429,0
4.4209347,-0.55359548,-1.2354691,0.8655318,-0.47855496,0.14778429,0
-3.1643887,-1.2214733,4.0504265,-0.2863239,-0.23067425,0.92995071,0
3.1244802,-2.7806025,0.79280072,0.8655318,-0.47855496,0.14778429,0
2.2651749,-3.9920287,0.81168318,0.8655318,-0.47855496,0.14778429,0
-5.3915071,-0.69412768,3.5900421,-0.2863239,-0.23067425,0.92995071,0
-2.5584562,-2.1665208,2.4503922,-0.41094244,-0.84721577,-0.33667758,0
2.0059323,-3.082382,4.2387447,0.8655318,-0.47855496,0.14778429,0
-2.7795115,-1.5710912,1.7284861,-0.41094244,-0.84721577,-0.33667758,0
0.47379279,2.634584,-4.6946855,0.2863239,0.23067425,-0.92995071,0
3.2255914,-2.937171,-2.4164958,0.8655318,-0.47855496,0.14778429,0
1.7271399,-4.4196358,2.7842655,0.8655318,-0.47855496,0.14778429,0
-2.2339211,1.0156577,-5.4275312,-0.41094244,-0.84721577,-0.33667758,0
3.0156493,1.3854278,-1.5101504,0.41094244,0.84721577,0.33667758,0
-4.8419733,0.050094247,1.4028211,-0.8655318,0.47855496,-0.14778429,0
0.32591605,-2.5173049,5.0659957,-0.2863239,-0.23067425,0.92995071,0
0.99556339,-0.59425032,-5.0922761,0.2863239,0.23067425,-0.92995071,0
-1.7337127,1.6314772,4.1064048,0.41094244,0.84721577,0.33667758,0
0.30847692,0.75076735,3.6785405,0.41094244,0.84721577,0.33667758,0
-3.725584,1.5211045,-1.4961737,-0.8655318,0.47855496,-0.14778429,0
-5.0579395,-0.1175127,1.2090151,-0.8655318,0.47855496,-0.14778429,0
0.19699168,3.2736073,-4.5925322,0.2863239,0.23067425,-0.92995071,0
-3.0683718,2.7619548,0.74002147,-0.8655318,0.47855496,-0.14778429,0
0.93612003,1.5301987,-4.5018802,0.2863239,0.23067425,-0.92995071,0
-1.0839621,-2.4270103,1.3623183,-0.41094244,-0.84721577,-0.33667758,0
-3.9184599,-1.039444,3.9851785,-0.2863239,-0.23067425,0.92995071,0
-0.53045928,0.73883522,4.581574,0.41094244,0.84721577,0.33667758,0
-3.6994743,1.8255055,-0.45578337,-0.8655318,0.47855496,-0.14778429,0
3.1322012,-1.7671196,3.1931744,0.8655318,-0.47855496,0.14778429,0
-3.4427748,2.3154917,-0.08039093,-0.8655318,0.47855496,-0.14778429,0
4.3212004,0.13795257,-3.9143729,0.2863239,0.23067425,-0.92995071,0
1.4516842,2.1926589,-4.2373657,0.2863239,0.23067425,-0.92995071,0
0.10114646,2.3539076,-4.6482968,0.2863239,0.23067425,-0.92995071,0
-0.51178581,0.33545172,5.1636019,-0.2863239,-0.23067425,0.92995071,0
2.0494177,0.24860305,-4.5893373,0.2863239,0.23067425,-0.92995071,0
-1.9847779,2.4033146,-5.2052588,0.2863239,0.23067425,-0.92995071,0
0.37859899,-1.671491,-1.7777706,-0.41094244,-0.84721577,-0.33667758,0
-2.3653541,3.4732146,-0.98927271,-0.8655318,0.47855496,-0.14778429,0
-2.0385871,-0.25879705,4.6479378,-0.2863239,-0.23067425,0.92995071,0
0.73630655,-0.97725546,-4.6202016,-0.41094244,-0.84721577,-0.33667758,0
2.9052391,-1.5193806,5.8859787,0.8655318,-0.47855496,0.14778429,0
-3.1865771,3.1241753,0.60484052,-0.8655318,0.47855496,-0.14778429,0
-1.0868893,1.4720871,-5.4103079,0.2863239,0.23067425,-0.92995071,0
-0.50400805,-2.5957065,4.6542234,-0.2863239,-0.23067425,0.92995071,0
0.13908744,2.8423405,-4.4418979,0.2863239,0.23067425,-0.92995071,0
0.7490077,-4.3832712,4.5763917,-0.2863239,-0.23067425,0.92995071,0
2.970335,-2.2529275,2.739943,0.8655318,-0.47855496,0.14778429,0
-0.25939703,-2.3157508,4.802351,-0.2863239,-0.23067425,0.92995071,0
0.64439821,-1.9567115,-1.6603479,-0.41094244,-0.84721577,-0.33667758,0
0.3617242,-0.64356363,-4.9790525,-0.41094244,-0.84721577,-0.33667758,0
2.9300413,-0.83693075,-4.7003517,0.2863239,0.23067425,-0.92995071,0
1.2833281,-4.4350233,3.5216994,-0.41094244,-0.84721577,-0.33667758,0
3.4439721,-2.4810135,-3.4374108,-0.41094244,-0.84721577,-0.33667758,0
2.6772668,2.0878878,-2.9752631,0.41094244,0.84721577,0.33667758,0
1.5411911,-3.906153,4.7735543,0.8655318,-0.47855496,0.14778429,0
2.272593,-3.4594507,-0.5297972,-0.41094244,-0.84721577,-0.33667758,0
1.5376842,1.6028576,-0.497594,0.41094244,0.84721577,0.33667758,0
-4.9200754,0.18443674,2.9060946,-0.8655318,0.47855496,-0.14778429,0
3.1953969,-1.7040666,2.1177812,0.8655318,-0.47855496,0.14778429,0
-3.8850751,1.5985285,4.3923383,-0.2863239,-0.23067425,0.92995071,0
-1.3031899,1.0007633,5.4063921,0.41094244,0.84721577,0.33667758,0
0.18584406,1.9626776,0.71229988,0.41094244,0.84721577,0.33667758,0
-2.7081304,0.3370738,-3.8685029,-0.41094244,-0.84721577,-0.33667758,0
3.2673564,-0.43406987,3.405859,0.41094244,0.84721577,0.33667758,0
1.7790825,-3.6358128,0.90831476,-0.41094244,-0.84721577,-0.33667758,0
4.7235403,0.14935231,-0.56428146,0.41094244,0.84721577,0.33667758,0
-5.472434,-0.62649786,3.5119724,-0.2863239,-0.23067425,0.92995071,0
-3.8247924,-0.28425157,-0.6419391,-0.41094244,-0.84721577,-0.33667758,0
-4.2706971,1.200712,4.3775258,-0.2863239,-0.23067425,0.92995071,0
1.4666185,-2.7661431,-0.935534,-0.41094244,-0.84721577,-0.33667758,0
-2.1905084,2.8636231,-4.840991,-0.8655318,0.47855496,-0.14778429,0
-3.5618103,-1.5447638,3.8712678,-0.2863239,-0.23067425,0.92995071,0
-3.2860024,2.044976,-0.064618707,-0.8655318,0.47855496,-0.14778429,0
1.7864285,-1.3896847,5.5359039,-0.2863239,-0.23067425,0.92995071,0
0.80905151,-1.0046329,5.5266018,-0.2863239,-0.23067425,0.92995071,0
-1.9681132,-0.79340327,-1.9365507,-0.41094244,-0.84721577,-0.33667758,0
-2.8943381,1.6111982,-5.0770159,-0.8655318,0.47855496,-0.14778429,0
-1.6287928,4.2824478,-3.848567,-0.8655318,0.47855496,-0.14778429,0
4.1672754,-1.0575421,-0.090038896,0.8655318,-0.47855496,0.14778429,0
4.8136654,-0.19731504,-2.1664562,0.8655318,-0.47855496,0.14778429,0
1.1788638,1.5594494,0.83407944,0.41094244,0.84721577,0.33667758,0
2.494025,-2.3568366,-2.8099909,-0.41094244,-0.84721577,-0.33667758,0
-3.1434531,1.5099403,4.6335402,-0.2863239,-0.23067425,0.92995071,0
3.8218806,-0.83473969,1.0254579,0.8655318,-0.47855496,0.14778429,0
-3.2035818,2.9539955,1.9579902,-0.8655318,0.47855496,-0.14778429,0
-2.386467,2.6390142,-4.5482693,-0.8655318,0.47855496,-0.14778429,0
-2.9081492,2.5150666,-3.1148009,-0.8655318,0.47855496,-0.14778429,0
-1.3076992,1.8966789,-5.3957734,0.2863239,0.23067425,-0.92995071,0
-2.5790572,3.2984898,-0.51964962,-0.8655318,0.47855496,-0.14778429,0
1.32937,-2.3922653,5.3259845,-0.2863239,-0.23067425,0.92995071,0
-3.2766948,1.8750474,-1.4605589,-0.8655318,0.47855496,-0.14778429,0
4.921464,0.47950321,-3.8704176,0.2863239,0.23067425,-0.92995071,0
-4.5577049,1.2647437,4.3948646,-0.2863239,-0.23067425,0.92995071,0
2.4959555,-2.3204517,4.1630516,0.8655318,-0.47855496,0.14778429,0
5.0076704,-0.86371493,-3.742116,0.8655318,-0.47855496,0.14778429,0
-2.0384192,4.1679358,-2.422461,-0.8655318,0.47855496,-0.14778429,0
2.8967547,1.1193455,-4.3006449,0.2863239,0.23067425,-0.92995071,0
2.4740081,1.7513757,-1.0165043,0.41094244,0.84721577,0.33667758,0
-5.0572252,0.11687434,2.0475812,-0.8655318,0.47855496,-0.14778429,0
0.14963281,-2.3426223,-0.39742497,-0.41094244,-0.84721577,-0.33667758,0
1.6555521,2.9707308,-4.0566497,0.2863239,0.23067425,-0.92995071,0
-2.6673808,2.4988146,-2.3341336,-0.8655318,0.47855496,-0.14778429,0
0.51297843,0.6537298,4.1031151,0.41094244,0.84721577,0.33667758,0
2.7396135,-2.4773989,3.6537168,0.8655318,-0.47855496,0.14778429,0
-4.2805986,0.48243904,-0.91839427,-0.8655318,0.47855496,-0.14778429,0
-3.4970818,2.3696442,0.70856988,-0.8655318,0.47855496,-0.14778429,0
-1.460197,2.0913343,-5.4633846,0.2863239,0.23067425,-0.92995071,0
-3.6710894,2.4872308,2.1380699,-0.8655318,0.47855496,-0.14778429,0
1.6753297,1.9579134,-4.2065511,0.2863239,0.23067425,-0.92995071,0
-4.8911657,-0.59802401,1.7039609,-0.41094244,-0.84721577,-0.33667758,0
-0.014653921,-1.4517095,5.2067599,-0.2863239,-0.23067425,0.92995071,0
-3.6477423,1.9905441,4.5651703,-0.2863239,-0.23067425,0.92995071,0
4.645854,0.62702882,-1.1070943,0.41094244,0.84721577,0.33667758,0
3.5387177,-2.1230154,-0.94180894,0.8655318,-0.47855496,0.14778429,0
-4.4407501,0.86212885,0.56578374,-0.8655318,0.47855496,-0.14778429,0
-4.7776599,-0.1874522,0.59519672,-0.8655318,0.47855496,-0.14778429,0
-4.9681206,-0.21446443,1.7024057,-0.8655318,0.47855496,-0.14778429,0
4.0519552,-2.1781204,-2.5064719,0.8655318,-0.47855496,0.14778429,0
-3.4167457,1.1985312,-4.112021,-0.8655318,0.47855496,-0.14778429,0
-1.4573408,-1.9977087,4.6272798,-0.2863239,-0.23067425,0.92995071,0
-5.3694429,-0.051370144,3.0820556,-0.8655318,0.47855496,-0.14778429,0
3.5110626,-2.9442945,-2.6687148,0.8655318,-0.47855496,0.14778429,0
0.65187287,3.0647416,-4.5884395,0.2863239,0.23067425,-0.92995071,0
5.5842161,0.61309612,-2.9088626,0.8655318,-0.47855496,0.14778429,0
4.0266967,-2.0593705,-4.6281624,0.2863239,0.23067425,-0.92995071,0
3.3800979,0.4973864,-4.0946121,0.2863239,0.23067425,-0.92995071,0
-4.3173647,0.7819519,1.4996195,-0.8655318,0.47855496,-0.14778429,0
-3.6096032,-0.84143436,0.8772459,-0.41094244,-0.84721577,-0.33667758,0
-2.6480832,1.7572466,-5.5801783,-0.8655318,0.47855496,-0.14778429,0
-2.0688665,0.26178253,4.8501544,-0.2863239,-0.23067425,0.92995071,0
4.7669868,0.021604538,0.041157246,0.8655318,-0.47855496,0.14778429,0
0.2988143,-3.8477407,4.3882246,-0.2863239,-0.23067425,0.92995071,0
3.7679365,0.56161404,0.13055193,0.41094244,0.84721577,0.33667758,0
-4.0644345,0.72399533,-1.293607,-0.8655318,0.47855496,-0.14778429,0
0.84342325,1.9677159,0.12437451,0.41094244,0.84721577,0.33667758,0
1.3309784,-1.3424779,5.4422245,-0.2863239,-0.23067425,0.92995071,0
4.5694876,-0.60367548,-0.41761208,0.8655318,-0.47855496,0.14778429,0
3.0102763,-1.7245932,3.9826286,0.8655318,-0.47855496,0.14778429,0
3.5209761,-2.2247488,-4.3844051,-0.41094244,-0.84721577,-0.33667758,0
-5.5940981,-0.55612981,3.2524672,-0.8655318,0.47855496,-0.14778429,0
-0.13086128,3.6875434,-4.3884187,0.2863239,0.23067425,-0.92995071,0
-3.5149555,2.5319285,4.4403181,0.41094244,0.84721577,0.33667758,0
-4.1203036,-0.53784806,3.8790216,-0.2863239,-0.23067425,0.92995071,0
4.7012024,0.59108859,-3.7881885,0.2863239,0.23067425,-0.92995071,0
-1.0498737,-1.1184213,-2.0323067,-0.41094244,-0.84721577,-0.33667758,0
4.7022204,-0.02625072,-0.83984709,0.8655318,-0.47855496,0.14778429,0
-3.4983468,1.6399517,-2.3048611,-0.8655318,0.47855496,-0.14778429,0
1.2173419,1.0693713,-4.8397393,0.2863239,0.23067425,-0.92995071,0
5.2523117,0.38519573,-1.740294,0.8655318,-0.47855496,0.14778429,0
1.0058506,2.9369578,-4.2044482,0.2863239,0.23067425,-0.92995071,0
-4.7921152,0.98788869,2.9613986,-0.8655318,0.47855496,-0.14778429,0
4.896225,0.14498782,-0.61402726,0.8655318,-0.47855496,0.14778429,0
2.6296768,-1.1745694,-4.8124022,0.2863239,0.23067425,-0.92995071,0
-0.60413587,-2.2302899,0.57132757,-0.41094244,-0.84721577,-0.33667758,0
0.36335409,-1.9434403,-1.1871303,-0.41094244,-0.84721577,-0.33667758,0
3.7994809,-2.6194611,-3.3014164,0.8655318,-0.47855496,0.14778429,0
1.1708384,3.2620013,-3.1829731,0.41094244,0.84721577,0.33667758,0
-0.29324389,4.0972223,-4.2764025,0.41094244,0.84721577,0.33667758,0
-4.2022939,1.3144813,0.75243974,-0.8655318,0.47855496,-0.14778429,0
3.2232265,-1.8856926,2.3479776,0.8655318,-0.47855496,0.14778429,0
-3.9695306,2.3778367,3.6876569,-0.8655318,0.47855496,-0.14778429,0
4.6339855,0.35025698,-3.924417,0.2863239,0.23067425,-0.92995071,0
3.9955449,-1.2718074,0.60574317,0.8655318,-0.47855496,0.14778429,0
-0.39662802,-3.1459727,2.116375,-0.41094244,-0.84721577,-0.33667758,0
1.871912,-4.1052346,2.3791463,0.8655318,-0.47855496,0.14778429,0
2.2820306,-2.1077623,-3.1392343,-0.41094244,-0.84721577,-0.33667758,0
0.044170856,-3.1721234,2.1908131,-0.41094244,-0.84721577,-0.33667758,0
-3.0942125,3.0990832,0.19567358,-0.8655318,0.47855496,-0.14778429,0
-4.5420647,0.93081903,4.0785427,-0.2863239,-0.23067425,0.92995071,0
4.4950776,-0.79410821,-2.2960615,0.8655318,-0.47855496,0.14778429,0
1.6786823,-3.0383639,5.282136,-0.2863239,-0.23067425,0.92995071,0
-1.4595408,2.3926222,-5.0588617,0.2863239,0.23067425,-0.92995071,0
-0.20400739,3.9527779,-4.6012568,0.2863239,0.23067425,-0.92995071,0
2.6283576,1.5991169,-1.6908343,0.41094244,0.84721577,0.33667758,0
4.2916708,-1.0525063,-1.4903076,0.8655318,-0.47855496,0.14778429,0
-2.8247995,1.8964969,4.3153052,0.41094244,0.84721577,0.33667758,0
-2.1613145,3.6231055,-3.4773402,-0.8655318,0.47855496,-0.14778429,0
3.4529529,-0.78500772,3.1215489,0.41094244,0.84721577,0.33667758,0
2.5328681,-0.49190003,-4.7011003,0.2863239,0.23067425,-0.92995071,0
-4.3510199,-1.4691292,3.7334433,-0.2863239,-0.23067425,0.92995071,0
2.0284772,-4.0378642,2.7290657,0.8655318,-0.47855496,0.14778429,0
-2.6856184,-1.7562997,1.7220976,-0.41094244,-0.84721577,-0.33667758,0
2.5832376,1.2506146,-4.3609204,0.2863239,0.23067425,-0.92995071,0
0.26723886,3.7551537,-4.174633,0.41094244,0.84721577,0.33667758,0
5.2421045,0.11065984,-3.4340296,0.8655318,-0.47855496,0.14778429,0
0.74829698,-2.7110367,4.8406892,-0.2863239,-0.23067425,0.92995071,0
-0.85065413,2.3785305,1.3267152,0.41094244,0.84721577,0.33667758,0
2.5914235,-0.88444811,-4.7509065,0.2863239,0.23067425,-0.92995071,0
-3.6382954,-1.2470874,1.9820108,-0.41094244,-0.84721577,-0.33667758,0
2.197494,-3.552475,3.9709888,0.8655318,-0.47855496,0.14778429,0
-3.5309739,-0.77604932,3.9984117,-0.2863239,-0.23067425,0.92995071,0
-1.5293261,-1.5712712,4.6431804,-0.2863239,-0.23067425,0.92995071,0
-1.1704617,2.8928456,0.63136083,0.41094244,0.84721577,0.33667758,0
3.3623023,-1.193686,3.4259465,0.8655318,-0.47855496,0.14778429,0
-3.6192067,-0.58061731,4.2629514,-0.2863239,-0.23067425,0.92995071,0
4.5440373,1.4326025,-3.7474155,0.2863239,0.23067425,-0.92995071,0
-0.83688647,-2.7245088,1.6499689,-0.41094244,-0.84721577,-0.33667758,0
-4.6442323,-0.22709,0.82253242,-0.41094244,-0.84721577,-0.33667758,0
-0.32373357,-3.2633376,4.3130808,-0.2863239,-0.23067425,0.92995071,0
-0.34935093,3.0903957,-1.045727,0.41094244,0.84721577,0.33667758,0
-2.285212,3.7623816,-1.4623632,-0.8655318,0.47855496,-0.14778429,0
0.30191737,-0.71069753,-5.0127201,-0.41094244,-0.84721577,-0.33667758,0
3.1791806,-1.5446498,3.8207867,0.8655318,-0.47855496,0.14778429,0
-1.9093046,3.0903146,0.95147097,0.41094244,0.84721577,0.33667758,0
-0.85281086,4.5555372,-4.6325808,0.41094244,0.84721577,0.33667758,0
-1.5474246,3.9207506,-2.116076,0.41094244,0.84721577,0.33667758,0
-2.035825,-0.54121017,-2.3942728,-0.41094244,-0.84721577,-0.33667758,0
3.5060425,-2.2925518,-0.52703381,0.8655318,-0.47855496,0.14778429,0
3.0382664,-2.5832138,-0.33096564,0.8655318,-0.47855496,0.14778429,0
-3.3987644,2.0700991,0.32888687,-0.8655318,0.47855496,-0.14778429,0
1.4203783,2.274775,-4.2299194,0.2863239,0.23067425,-0.92995071,0
5.1483665,0.31241846,-2.1905355,0.8655318,-0.47855496,0.14778429,0
-4.3672743,-0.13156986,-0.49117231,-0.41094244,-0.84721577,-0.33667758,0
-3.3144014,-0.61661935,0.010894418,-0.41094244,-0.84721577,-0.33667758,0
5.4585595,0.93660009,-3.5957561,0.2863239,0.23067425,-0.92995071,0
2.9400473,-0.55471617,-4.5142655,0.2863239,0.23067425,-0.92995071,0
-3.7295732,2.5356994,2.9368651,-0.8655318,0.47855496,-0.14778429,0
-1.014627,0.039747238,-4.7064114,-0.41094244,-0.84721577,-0.33667758,0
-5.277226,-0.31135994,2.6329832,-0.8655318,0.47855496,-0.14778429,0
-2.0740976,0.57081938,-4.5003195,-0.41094244,-0.84721577,-0.33667758,0
3.1088309,-2.3850129,2.1655145,0.8655318,-0.47855496,0.14778429,0
-0.215698,0.89241374,-5.3077698,0.2863239,0.23067425,-0.92995071,0
-3.3042667,-0.53542769,-0.08191967,-0.41094244,-0.84721577,-0.33667758,0
2.6026974,-0.64380574,4.5689082,0.41094244,0.84721577,0.33667758,0
-4.123312,1.6833383,2.4417641,-0.8655318,0.47855496,-0.14778429,0
0.16634387,-2.0553043,-1.0032943,-0.41094244,-0.84721577,-0.33667758,0
-4.172544,-0.86894411,1.2580996,-0.41094244,-0.84721577,-0.33667758,0
-2.2269993,2.0772786,-5.4045568,0.2863239,0.23067425,-0.92995071,0
1.0335083,-3.373323,4.6830854,-0.2863239,-0.23067425,0.92995071,0
-1.438714,-1.2534257,4.784225,-0.2863239,-0.23067425,0.92995071,0
-0.50475383,2.4769328,0.49865386,0.41094244,0.84721577,0.33667758,0
-1.425734,4.1069407,-4.6918139,0.2863239,0.23067425,-0.92995071,0
-4.1133108,-0.88899732,3.8424807,-0.2863239,-0.23067425,0.92995071,0
3.3185863,-2.512995,-1.6929822,0.8655318,-0.47855496,0.14778429,0
-0.61992979,-3.5640011,4.4882951,-0.2863239,-0.23067425,0.92995071,0
-3.5714622,1.2989327,-3.2540932,-0.8655318,0.47855496,-0.14778429,0
-3.5365155,2.4664071,0.92960858,-0.8655318,0.47855496,-0.14778429,0
-0.25166869,2.9035993,-4.6193299,0.2863239,0.23067425,-0.92995071,0
1.964045,-3.0770078,5.22154,-0.2863239,-0.23067425,0.92995071,0
-1.9704275,-0.15696383,-3.5322931,-0.41094244,-0.84721577,-0.33667758,0
-2.8005767,3.036622,-1.9393387,-0.8655318,0.47855496,-0.14778429,0
-1.4561502,-1.2613335,-1.1601118,-0.41094244,-0.84721577,-0.33667758,0
-2.4592009,2.3652475,-4.3607354,-0.8655318,0.47855496,-0.14778429,0
-4.4728279,1.2671328,2.0391436,-0.8655318,0.47855496,-0.14778429,0
5.3574567,0.75302136,-2.9185109,0.41094244,0.84721577,0.33667758,0
2.9617021,1.5681022,-1.9457092,0.41094244,0.84721577,0.33667758,0
0.44062179,-0.34697127,-5.2909513,0.2863239,0.23067425,-0.92995071,0
4.6122122,-0.35807127,-1.7121313,0.8655318,-0.47855496,0.14778429,0
4.4519558,-1.364537,-2.5279398,0.8655318,-0.47855496,0.14778429,0
-3.2091622,1.066787,4.4554734,-0.2863239,-0.23067425,0.92995071,0
3.2307749,-1.8374593,2.9409509,0.8655318,-0.47855496,0.14778429,0
-0.50700259,-3.5777133,4.2425408,-0.41094244,-0.84721577,-0.33667758,0
-2.9467282,1.4307024,4.6691976,-0.2863239,-0.23067425,0.92995071,0
0.74451441,1.1506665,2.2920771,0.41094244,0.84721577,0.33667758,0
-2.6067104,3.6412635,-0.70527422,-0.8655318,0.47855496,-0.14778429,0
-3.0654187,-0.75917423,4.2770019,-0.2863239,-0.23067425,0.92995071,0
1.0459507,2.0719664,-4.6037831,0.2863239,0.23067425,-0.92995071,0
-1.0251353,-1.7518554,-0.32891271,-0.41094244,-0.84721577,-0.33667758,0
-3.6839972,-0.10371146,4.4074545,-0.2863239,-0.23067425,0.92995071,0
-4.0302372,2.1053264,4.4890699,-0.8655318,0.47855496,-0.14778429,0
0.42678237,-0.16829133,5.3048658,-0.2863239,-0.23067425,0.92995071,0
-3.8237257,0.036967725,4.0736923,-0.2863239,-0.23067425,0.92995071,0
-4.5123696,0.10271227,0.44071698,-0.8655318,0.47855496,-0.14778429,0
3.6727462,0.59796071,0.43267286,0.41094244,0.84721577,0.33667758,0
1.7876068,0.57198679,-4.5029225,0.2863239,0.23067425,-0.92995071,0
3.3421359,-0.2006714,-4.5305834,0.2863239,0.23067425,-0.92995071,0
-1.5421588,-0.5741955,-2.2340589,-0.41094244,-0.84721577,-0.33667758,0
0.2267288,0.38493514,-5.337934,0.2863239,0.23067425,-0.92995071,0
2.6026411,-1.4796951,5.6719599,-0.2863239,-0.23067425,0.92995071,0
-4.5375443,0.8267262,1.5307996,-0.8655318,0.47855496,-0.14778429,0
-0.9498148,4.396853,-4.4254923,0.2863239,0.23067425,-0.92995071,0
-1.5986221,-0.17064404,-4.1318007,-0.41094244,-0.84721577,-0.33667758,0
0.88022089,-3.6587863,2.2512898,-0.41094244,-0.84721577,-0.33667758,0
-1.0400336,0.78275776,-5.5914574,0.2863239,0.23067425,-0.92995071,0
-0.21229291,4.3104568,-4.5781603,0.2863239,0.23067425,-0.92995071,0
-2.221786,2.7080388,-4.8547049,-0.8655318,0.47855496,-0.14778429,0
-0.19661903,2.3661938,-4.8877764,0.2863239,0.23067425,-0.92995071,0
1.2039527,-2.1551731,-2.3290558,-0.41094244,-0.84721577,-0.33667758,0
-2.207725,1.1184897,-5.8035502,0.2863239,0.23067425,-0.92995071,0
-4.3855276,-0.058453918,-0.22173417,-0.41094244,-0.84721577,-0.33667758,0
-4.5352678,0.44962084,-0.36003637,-0.8655318,0.47855496,-0.14778429,0
-1.1008983,4.0975966,-3.3299286,0.41094244,0.84721577,0.33667758,0
3.4704342,-2.4387782,-1.6797104,0.8655318,-0.47855496,0.14778429,0
-2.5549743,0.61411631,4.8019223,-0.2863239,-0.23067425,0.92995071,0
0.55288005,-3.0553999,4.9859562,-0.2863239,-0.23067425,0.92995071,0
2.511832,-1.0581458,-4.9052873,0.2863239,0.23067425,-0.92995071,0
1.635838,-2.723021,5.0895662,-0.2863239,-0.23067425,0.92995071,0
2.4756503,2.4574018,-3.6885891,0.41094244,0.84721577,0.33667758,0
3.5588145,-2.0097613,-4.6339951,0.2863239,0.23067425,-0.92995071,0
-2.5444043,-1.3561103,4.2487912,-0.2863239,-0.23067425,0.92995071,0
2.1108391,2.0687895,-4.0097251,0.2863239,0.23067425,-0.92995071,0
-0.91587293,-3.0886459,3.2408311,-0.41094244,-0.84721577,-0.33667758,0
-0.70455194,0.79618478,5.3284822,0.41094244,0.84721577,0.33667758,0
2.5197806,-0.54351908,-4.6609178,0.2863239,0.23067425,-0.92995071,0
5.340519,0.77720517,-2.6988983,0.8655318,-0.47855496,0.14778429,0
-1.5673203,3.8444834,-4.5445046,-0.8655318,0.47855496,-0.14778429,0
-4.2593055,1.1085178,2.0248222,-0.8655318,0.47855496,-0.14778429,0
-3.6350064,2.1044915,0.017263651,-0.8655318,0.47855496,-0.14778429,0
-2.4323549,-0.28721583,-2.5954623,-0.41094244,-0.84721577,-0.33667758,0
-3.8885603,-1.5363054,2.8442235,-0.41094244,-0.84721577,-0.33667758,0
2.8822906,-3.1867113,-1.3766315,0.8655318,-0.47855496,0.14778429,0
2.5092888,2.3882256,-2.9001002,0.41094244,0.84721577,0.33667758,0
-0.66590464,0.94882739,4.2858353,0.41094244,0.84721577,0.33667758,0
-0.83075118,-1.956414,0.31042719,-0.41094244,-0.84721577,-0.33667758,0
-0.862638,-1.8723475,4.8507795,-0.2863239,-0.23067425,0.92995071,0
-4.9418535,-0.99488032,3.0630636,-0.41094244,-0.84721577,-0.33667758,0
4.2381716,-0.87602413,-0.63331032,0.8655318,-0.47855496,0.14778429,0
1.5721146,3.0771227,-3.1705127,0.41094244,0.84721577,0.33667758,0
0.21348548,3.1490316,-2.6240189,0.41094244,0.84721577,0.33667758,0
0.64165306,3.6161017,-4.4528027,0.2863239,0.23067425,-0.92995071,0
-1.7465181,3.9598808,-3.2172339,-0.8655318,0.47855496,-0.14778429,0
-3.1184409,-0.80458045,4.4020419,-0.2863239,-0.23067425,0.92995071,0
0.36771631,-1.4734664,5.0709982,-0.2863239,-0.23067425,0.92995071,0
1.0609522,-3.3780942,1.0201905,-0.41094244,-0.84721577,-0.33667758,0
3.5255289,-0.75970674,3.1371477,0.41094244,0.84721577,0.33667758,0
-3.6045208,1.5552385,-1.9014561,-0.8655318,0.47855496,-0.14778429,0
-3.087079,3.3471251,0.51589406,-0.8655318,0.47855496,-0.14778429,0
-1.5872982,0.67635775,5.1062236,-0.2863239,-0.23067425,0.92995071,0
-1.0729954,2.9029124,-0.21375208,0.41094244,0.84721577,0.33667758,0
1.7792997,2.5481014,-3.9916754,0.2863239,0.23067425,-0.92995071,0
-2.7593541,-1.2391968,0.61812377,-0.41094244,-0.84721577,-0.33667758,0
-3.3443689,1.4179466,-4.0814223,-0.8655318,0.47855496,-0.14778429,0
1.3106174,-2.6178284,-0.44233972,-0.41094244,-0.84721577,-0.33667758,0
-4.241993,0.92434108,0.77273607,-0.8655318,0.47855496,-0.14778429,0
0.2270155,-3.1117473,4.5086513,-0.2863239,-0.23067425,0.92995071,0
-1.5224757,3.1968851,-4.8995886,0.2863239,0.23067425,-0.92995071,0
2.5152326,-3.4078856,2.1751759,0.8655318,-0.47855496,0.14778429,0
-0.51196504,2.8005931,-4.8705153,0.2863239,0.23067425,-0.92995071,0
4.3024015,-1.5191696,-2.9456568,0.8655318,-0.47855496,0.14778429,0
1.8543589,-0.63209391,5.1239758,0.41094244,0.84721577,0.33667758,0
4.1512814,-1.0482501,-1.5529017,0.8655318,-0.47855496,0.14778429,0
1.7336228,2.1479137,-4.4929638,0.2863239,0.23067425,-0.92995071,0
-0.26287007,2.9892724,-4.5503831,0.2863239,0.23067425,-0.92995071,0
