-1.4702507,-3.9037304,0.93429899,-0.79385018,-0.59563315,0.12256867,0
-2.9076095,-0.77208996,2.7506793,0.11093286,0.056330323,0.9922303,0
-4.1667495,0.76168519,-2.0488689,-0.11093286,-0.056330323,-0.9922303,0
-1.9860163,-2.5723531,1.7820545,-0.79385018,-0.59563315,0.12256867,0
-4.4321594,1.0948355,-1.3791277,-0.59790957,0.80127907,0.021357417,0
-4.443243,-0.073489547,-0.15570199,-0.79385018,-0.59563315,0.12256867,0
2.1916833,2.5068018,-1.144621,0.79385018,0.59563315,-0.12256867,0
-1.4869571,-2.6040363,-2.1571276,-0.11093286,-0.056330323,-0.9922303,0
3.8084736,-1.3434045,-2.1538482,0.59790957,-0.80127907,-0.021357417,0
2.1685078,2.9114418,0.26070249,0.79385018,0.59563315,-0.12256867,0
-2.50422,-2.0031691,1.1200786,-0.79385018,-0.59563315,0.12256867,0
3.0484996,2.1964819,1.2798734,0.79385018,0.59563315,-0.12256867,0
-2.6367083,1.1432052,-2.2056534,-0.11093286,-0.056330323,-0.9922303,0
-2.3675723,-2.7983408,0.10571146,-0.79385018,-0.59563315,0.12256867,0
1.3424047,4.7294192,1.585727,0.79385018,0.59563315,-0.12256867,0
-0.17430735,-4.6583481,1.7511172,0.59790957,-0.80127907,-0.021357417,0
-2.801358,-2.3925066,-0.49952382,-0.79385018,-0.59563315,0.12256867,0
-0.062614202,-3.0868752,2.5475302,0.11093286,0.056330323,0.9922303,0
1.6659753,-3.2850337,2.4245632,0.59790957,-0.80127907,-0.021357417,0
-3.117918,1.85304,0.71098471,-0.59790957,0.80127907,0.021357417,0
-1.2510822,-4.4607091,-0.19243169,-0.79385018,-0.59563315,0.12256867,0
1.4294373,4.2348561,1.4589641,0.79385018,0.59563315,-0.12256867,0
-2.4489934,2.601305,-0.74170661,-0.59790957,0.80127907,0.021357417,0
4.9329405,-0.69855422,0.95340133,0.59790957,-0.80127907,-0.021357417,0
0.58955634,5.0072556,0.94179773,-0.59790957,0.80127907,0.021357417,0
-1.0813365,3.5344846,-0.096335173,-0.59790957,0.80127907,0.021357417,0
-2.8357658,-1.8199154,1.7405137,-0.79385018,-0.59563315,0.12256867,0
-3.8297024,1.3614067,-2.0236681,-0.59790957,0.80127907,0.021357417,0
0.83889377,-2.8902357,-2.3754826,-0.11093286,-0.056330323,-0.9922303,0
3.2473056,-2.1536496,0.3938427,0.59790957,-0.80127907,-0.021357417,0
-0.45786703,4.0444841,0.10130596,-0.59790957,0.80127907,0.021357417,0
-2.141427,0.7305969,-2.2318766,-0.11093286,-0.056330323,-0.9922303,0
-2.1699615,-3.1887701,-0.83265769,-0.79385018,-0.59563315,0.12256867,0
-4.0144377,1.3134961,-2.0493071,-0.59790957,0.80127907,0.021357417,0
2.8659501,-2.3360252,-0.44096589,0.59790957,-0.80127907,-0.021357417,0
-0.060475349,-4.4928646,0.47960186,0.59790957,-0.80127907,-0.021357417,0
-0.814803,-4.8540215,-1.1316948,-0.79385018,-0.59563315,0.12256867,0
1.4676245,-3.5369964,2.2124596,0.59790957,-0.80127907,-0.021357417,0
-3.502039,0.75581527,2.8148038,0.11093286,0.056330323,0.9922303,0
-2.822608,2.053504,2.509584,-0.59790957,0.80127907,0.021357417,0
4.3148351,-0.47753549,-1.3633077,0.79385018,0.59563315,-0.12256867,0
4.6494584,-1.1338078,1.8668203,0.59790957,-0.80127907,-0.021357417,0
1.6566094,3.8141208,1.5439326,0.79385018,0.59563315,-0.12256867,0
-3.1833215,1.7352906,-2.0782273,-0.11093286,-0.056330323,-0.9922303,0
1.1152396,-3.5945008,0.93474936,0.59790957,-0.80127907,-0.021357417,0
2.6109562,-2.3589797,1.8825781,0.59790957,-0.80127907,-0.021357417,0
-2.2519326,0.98542452,2.8709958,0.11093286,0.056330323,0.9922303,0
3.491755,1.1514071,-1.8879905,0.79385018,0.59563315,-0.12256867,0
-1.0726887,3.414753,1.454798,-0.59790957,0.80127907,0.021357417,0
0.5869869,4.7263417,-0.33780146,0.79385018,0.59563315,-0.12256867,0
0.74705255,-3.73139,1.0425224,0.59790957,-0.80127907,-0.021357417,0
-0.43318474,-0.56520796,-2.5012617,-0.11093286,-0.056330323,-0.9922303,0
-2.4983635,-2.888423,-1.5107054,-0.79385018,-0.59563315,0.12256867,0
-1.3543282,-3.1174524,3.0345078,0.11093286,0.056330323,0.9922303,0
0.69180292,-3.5680432,-2.0535774,0.59790957,-0.80127907,-0.021357417,0
0.5099982,4.669241,-1.3787227,-0.59790957,0.80127907,0.021357417,0
0.71711516,-3.7865424,-1.7044578,0.59790957,-0.80127907,-0.021357417,0
-2.4938128,-3.1749821,-1.7530416,-0.79385018,-0.59563315,0.12256867,0
1.8849986,-3.1119103,1.179822,0.59790957,-0.80127907,-0.021357417,0
-4.6295166,0.47116399,0.4161489,-0.79385018,-0.59563315,0.12256867,0
-0.86855805,-0.11143756,-2.3670642,-0.11093286,-0.056330323,-0.9922303,0
-2.7515867,0.0192554,2.6901174,0.11093286,0.056330323,0.9922303,0
-2.2377067,-2.3325408,1.1259485,-0.79385018,-0.59563315,0.12256867,0
0.48974216,4.6982727,-0.10400581,-0.59790957,0.80127907,0.021357417,0
-4.7443671,0.3495481,0.12848067,-0.79385018,-0.59563315,0.12256867,0
1.0159205,2.0870483,2.3830047,0.11093286,0.056330323,0.9922303,0
-2.5993042,2.109808,-2.4344993,-0.11093286,-0.056330323,-0.9922303,0
-1.1167752,3.4434719,1.7486997,-0.59790957,0.80127907,0.021357417,0
-0.35080051,-0.70165706,2.7592046,0.11093286,0.056330323,0.9922303,0
-0.30837196,-3.9128227,-2.272893,-0.11093286,-0.056330323,-0.9922303,0
-1.7005332,-3.5438001,-1.0895803,-0.79385018,-0.59563315,0.12256867,0
2.286088,-2.5834723,2.2223201,0.59790957,-0.80127907,-0.021357417,0
-1.3255175,-4.1685815,1.3369498,-0.79385018,-0.59563315,0.12256867,0
3.83395,-1.6816232,1.6510601,0.59790957,-0.80127907,-0.021357417,0
2.6218939,-2.4099712,1.8735921,0.59790957,-0.80127907,-0.021357417,0
-2.045692,-2.8209262,2.453558,-0.79385018,-0.59563315,0.12256867,0
-1.0687557,3.6794436,-0.21450925,-0.59790957,0.80127907,0.021357417,0
3.3208268,-1.6700215,-2.6543093,0.59790957,-0.80127907,-0.021357417,0
1.5485027,-3.462204,2.4638865,0.59790957,-0.80127907,-0.021357417,0
2.3902583,2.3708711,-2.5081553,0.79385018,0.59563315,-0.12256867,0
-0.40123749,-4.6332192,0.62661362,0.59790957,-0.80127907,-0.021357417,0
0.74187732,4.1640749,-2.7255573,0.79385018,0.59563315,-0.12256867,0
0.52651739,0.77280259,2.3523049,0.11093286,0.056330323,0.9922303,0
0.58380711,-0.10766435,-2.4993587,-0.11093286,-0.056330323,-0.9922303,0
-0.83250856,2.1052918,2.4370997,0.11093286,0.056330323,0.9922303,0
2.3395524,-2.4159956,1.1145067,0.59790957,-0.80127907,-0.021357417,0
0.0050151944,-4.4161792,-2.1311345,0.59790957,-0.80127907,-0.021357417,0
2.3694971,3.4082837,1.8366616,0.79385018,0.59563315,-0.12256867,0
-3.3422401,1.6978612,-1.3012407,-0.59790957,0.80127907,0.021357417,0
0.89456594,0.50767326,2.4587517,0.11093286,0.056330323,0.9922303,0
-1.1204489,-0.047667027,-2.2998626,-0.11093286,-0.056330323,-0.9922303,0
1.9853858,-2.8374295,1.8518064,0.59790957,-0.80127907,-0.021357417,0
0.19544363,2.2010393,-2.5804117,-0.11093286,-0.056330323,-0.9922303,0
-0.016293287,4.2879119,-2.6795001,-0.11093286,-0.056330323,-0.9922303,0
1.6083732,-0.39664364,2.4159813,0.11093286,0.056330323,0.9922303,0
1.6282017,-3.1863785,1.4857295,0.59790957,-0.80127907,-0.021357417,0
-1.8525327,3.0901508,2.0517139,-0.59790957,0.80127907,0.021357417,0
1.5276606,-2.744344,2.3105898,0.11093286,0.056330323,0.9922303,0
-2.8333907,-2.4483461,-0.61087519,-0.79385018,-0.59563315,0.12256867,0
-0.73619783,-3.448638,-2.4305761,-0.11093286,-0.056330323,-0.9922303,0
-0.42987889,3.8351736,1.9217741,-0.59790957,0.80127907,0.021357417,0
3.6905746,-1.5412928,-1.1775531,0.59790957,-0.80127907,-0.021357417,0
-1.2257568,-3.9528728,1.2369809,-0.79385018,-0.59563315,0.12256867,0
-4.4150462,-0.052885901,-1.1089334,-0.79385018,-0.59563315,0.12256867,0
-1.3446739,3.5339453,2.4595447,-0.59790957,0.80127907,0.021357417,0
-1.409054,-3.8337598,1.7707214,-0.79385018,-0.59563315,0.12256867,0
-2.9153357,-2.2060306,-0.54616189,-0.79385018,-0.59563315,0.12256867,0
1.5835074,-3.4413285,1.9086289,0.59790957,-0.80127907,-0.021357417,0
-4.5430212,1.0349122,-1.4213929,-0.59790957,0.80127907,0.021357417,0
-4.4930506,0.51964474,2.3134363,-0.79385018,-0.59563315,0.12256867,0
-0.91063142,-4.8133473,-0.76620841,0.59790957,-0.80127907,-0.021357417,0
0.47680017,-3.7891939,-0.52866244,0.59790957,-0.80127907,-0.021357417,0
2.3647795,2.4888861,-0.97017932,0.79385018,0.59563315,-0.12256867,0
2.3449826,2.5393932,-0.8856014,0.79385018,0.59563315,-0.12256867,0
-2.1168964,1.5164008,2.7556124,0.11093286,0.056330323,0.9922303,0
-0.35812306,-3.0065897,2.6769149,0.11093286,0.056330323,0.9922303,0
1.8214079,3.0172925,-1.2173219,0.79385018,0.59563315,-0.12256867,0
-3.9427292,-0.4567045,0.010028362,-0.79385018,-0.59563315,0.12256867,0
-2.7626872,-2.4186254,-1.0839359,-0.79385018,-0.59563315,0.12256867,0
-1.4841751,3.2301288,1.3801486,-0.59790957,0.80127907,0.021357417,0
3.1929028,1.1003258,-2.6352701,0.79385018,0.59563315,-0.12256867,0
-3.4399261,-0.69678783,1.6683285,-0.79385018,-0.59563315,0.12256867,0
2.6333659,2.3934093,-1.4666816,0.79385018,0.59563315,-0.12256867,0
-2.2153201,-1.3818779,2.8725328,0.11093286,0.056330323,0.9922303,0
0.18301487,-1.3888474,2.4652314,0.11093286,0.056330323,0.9922303,0
4.0528798,-1.088608,-1.7034016,0.59790957,-0.80127907,-0.021357417,0
-4.4758577,0.8559401,2.0854084,-0.59790957,0.80127907,0.021357417,0
5.1676965,-0.66091239,0.3621397,0.79385018,0.59563315,-0.12256867,0
1.178617,4.6855011,1.2302761,0.79385018,0.59563315,-0.12256867,0
4.7194843,-0.29831272,0.57410073,0.79385018,0.59563315,-0.12256867,0
-4.5588541,0.14493746,-1.7336454,-0.79385018,-0.59563315,0.12256867,0
0.58313161,-3.9489214,0.62550426,0.59790957,-0.80127907,-0.021357417,0
-3.7691741,-0.13209844,3.1158357,0.11093286,0.056330323,0.9922303,0
-1.2633386,-2.0984745,2.9056878,0.11093286,0.056330323,0.9922303,0
2.4258971,-1.5521014,2.183599,0.11093286,0.056330323,0.9922303,0
4.0220962,-1.5036421,0.31083202,0.59790957,-0.80127907,-0.021357417,0
3.9252231,-1.1442513,2.1965387,0.11093286,0.056330323,0.9922303,0
-3.9472382,1.4381946,0.56712246,-0.59790957,0.80127907,0.021357417,0
-3.4027393,1.8732053,0.7157228,-0.59790957,0.80127907,0.021357417,0
4.5733838,-0.66477466,-2.9570653,0.79385018,0.59563315,-0.12256867,0
-0.71119058,-4.5477257,0.60378361,-0.79385018,-0.59563315,0.12256867,0
3.0736852,2.1840031,1.6467099,0.79385018,0.59563315,-0.12256867,0
-1.9601083,3.1450839,-0.68503761,-0.59790957,0.80127907,0.021357417,0
2.109087,3.4132414,1.2355797,0.79385018,0.59563315,-0.12256867,0
1.076978,-3.4466295,-1.7394147,0.59790957,-0.80127907,-0.021357417,0
1.6739258,-3.3255806,1.799701,0.59790957,-0.80127907,-0.021357417,0
-1.6680559,-3.2577777,2.4977987,-0.79385018,-0.59563315,0.12256867,0
4.0991464,0.64061302,0.09448266,0.79385018,0.59563315,-0.12256867,0
-1.0221694,0.0046114922,2.8324587,0.11093286,0.056330323,0.9922303,0
-0.81605721,-4.9129291,-0.88722706,0.59790957,-0.80127907,-0.021357417,0
-0.40115297,-2.9546144,2.6189635,0.11093286,0.056330323,0.9922303,0
-0.94042116,-5.0334148,-2.0901461,0.59790957,-0.80127907,-0.021357417,0
0.57811677,3.2455068,2.3209748,0.11093286,0.056330323,0.9922303,0
0.92205483,-2.0350296,-2.4408219,-0.11093286,-0.056330323,-0.9922303,0
4.3431692,0.39704275,1.8667043,0.79385018,0.59563315,-0.12256867,0
4.5441594,-0.45172882,-1.7326639,0.79385018,0.59563315,-0.12256867,0
-1.2662456,1.7437007,-2.3562639,-0.11093286,-0.056330323,-0.9922303,0
-3.4191775,-1.4618932,-0.56334233,-0.79385018,-0.59563315,0.12256867,0
-3.0087485,-1.7594333,-0.1700342,-0.79385018,-0.59563315,0.12256867,0
1.1559929,4.2712588,0.31439757,0.79385018,0.59563315,-0.12256867,0
-1.1474097,-4.1662178,2.2173839,-0.79385018,-0.59563315,0.12256867,0
-3.471478,-1.4232085,-0.74496436,-0.79385018,-0.59563315,0.12256867,0
-1.3251806,-0.63358951,2.7904575,0.11093286,0.056330323,0.9922303,0
2.6638241,2.5478261,0.11507082,0.79385018,0.59563315,-0.12256867,0
-0.22631353,4.0826168,0.41399407,-0.59790957,0.80127907,0.021357417,0
-1.3177148,-1.4015554,-2.347044,-0.11093286,-0.056330323,-0.9922303,0
-1.4588451,3.4293764,-1.2194934,-0.59790957,0.80127907,0.021357417,0
-3.0233607,-2.2583911,-1.5057151,-0.79385018,-0.59563315,0.12256867,0
3.4447136,-0.47203249,2.1978397,0.11093286,0.056330323,0.9922303,0
1.8290583,-2.7825122,-2.369926,0.59790957,-0.80127907,-0.021357417,0
-1.7443225,-1.1906669,2.8155684,0.11093286,0.056330323,0.9922303,0
2.7192731,2.2824028,1.5120654,0.79385018,0.59563315,-0.12256867,0
-2.3019519,2.7968645,1.1224184,-0.59790957,0.80127907,0.021357417,0
0.45044935,-3.6169002,2.8589516,0.11093286,0.056330323,0.9922303,0
3.0175583,-2.0947602,-2.6309144,0.59790957,-0.80127907,-0.021357417,0
3.7333069,0.84442604,-1.3641365,0.79385018,0.59563315,-0.12256867,0
3.4458518,-1.8857176,-1.6418872,0.59790957,-0.80127907,-0.021357417,0
0.37068495,-4.2952418,-1.4689431,0.59790957,-0.80127907,-0.021357417,0
1.0289034,4.0438757,-2.1100433,0.79385018,0.59563315,-0.12256867,0
-3.075927,1.7773132,1.9441001,-0.59790957,0.80127907,0.021357417,0
-0.31194532,4.2871723,-1.2886009,-0.59790957,0.80127907,0.021357417,0
1.0156754,4.5579734,-1.1196337,0.79385018,0.59563315,-0.12256867,0
-3.1278682,1.0853214,2.8234618,0.11093286,0.056330323,0.9922303,0
-3.7116127,-1.6151869,-1.7160141,-0.79385018,-0.59563315,0.12256867,0
2.418283,-2.4975162,1.4372826,0.59790957,-0.80127907,-0.021357417,0
0.18255228,-4.3632326,-1.5082116,0.59790957,-0.80127907,-0.021357417,0
0.64728522,-3.93132,-1.5108654,0.59790957,-0.80127907,-0.021357417,0
-1.1788026,-3.851614,2.0481091,-0.79385018,-0.59563315,0.12256867,0
2.5255229,2.2087264,-0.20460224,0.79385018,0.59563315,-0.12256867,0
-2.9660308,-1.7080849,1.2651237,-0.79385018,-0.59563315,0.12256867,0
-1.7559547,2.9535055,-1.3207541,-0.59790957,0.80127907,0.021357417,0
-4.7591343,0.60409319,-0.68661165,-0.79385018,-0.59563315,0.12256867,0
-3.9138246,1.1740003,-2.0504684,-0.11093286,-0.056330323,-0.9922303,0
-2.3219681,2.5201547,-1.1104434,-0.59790957,0.80127907,0.021357417,0
-2.0728886,-0.80711842,-2.178627,-0.11093286,-0.056330323,-0.9922303,0
0.17197508,-0.86071575,2.4501448,0.11093286,0.056330323,0.9922303,0
3.473105,1.5146142,2.201098,0.11093286,0.056330323,0.9922303,0
0.056779087,-0.55082202,-2.3318577,-0.11093286,-0.056330323,-0.9922303,0
-0.60646588,3.9163175,1.6100676,-0.59790957,0.80127907,0.021357417,0
3.0177426,1.2090505,-1.980359,0.79385018,0.59563315,-0.12256867,0
-1.8378601,-3.1261201,0.42383051,-0.79385018,-0.59563315,0.12256867,0
-0.1461308,-3.8318481,2.8778374,0.11093286,0.056330323,0.9922303,0
0.59165502,2.6224146,2.3773677,0.11093286,0.056330323,0.9922303,0
4.4842196,-0.09577179,-1.3978415,0.79385018,0.59563315,-0.12256867,0
5.0787067,-0.78821188,1.8334026,0.11093286,0.056330323,0.9922303,0
-1.2978919,0.20278883,2.4991617,0.11093286,0.056330323,0.9922303,0
0.24681081,-2.8356872,-2.533499,-0.11093286,-0.056330323,-0.9922303,0
-3.0419278,2.3287718,-0.51790953,-0.59790957,0.80127907,0.021357417,0
-1.8664261,-0.59174085,-2.40084,-0.11093286,-0.056330323,-0.9922303,0
-2.1947994,-2.6786313,0.61519635,-0.79385018,-0.59563315,0.12256867,0
3.5547926,-1.4529326,-2.7224574,0.59790957,-0.80127907,-0.021357417,0
2.5924726,2.4672041,0.25849068,0.79385018,0.59563315,-0.12256867,0
5.0075221,-0.45077747,1.6761205,0.59790957,-0.80127907,-0.021357417,0
3.6842415,-1.5869106,-1.2092266,0.59790957,-0.80127907,-0.021357417,0
-2.8181314,2.2918479,-2.2673066,-0.59790957,0.80127907,0.021357417,0
2.4141126,3.0844307,0.55022812,0.79385018,0.59563315,-0.12256867,0
0.66247809,-3.7671838,1.6074014,0.59790957,-0.80127907,-0.021357417,0
-0.54555845,4.2409539,-1.740355,-0.59790957,0.80127907,0.021357417,0
0.76868266,4.8592539,1.6683905,-0.59790957,0.80127907,0.021357417,0
-4.7156162,0.94880056,1.3251853,-0.79385018,-0.59563315,0.12256867,0
4.5116873,0.38634047,1.4397895,0.79385018,0.59563315,-0.12256867,0
3.2352686,1.1454965,2.0660412,0.11093286,0.056330323,0.9922303,0
1.5315118,3.5434887,-0.25442982,0.79385018,0.59563315,-0.12256867,0
0.3621133,-0.44754386,-2.3627646,-0.11093286,-0.056330323,-0.9922303,0
0.00075805187,2.8657756,-2.6094832,-0.11093286,-0.056330323,-0.9922303,0
-3.6711948,1.4043198,2.8762252,-0.59790957,0.80127907,0.021357417,0
3.1061628,0.73692036,-2.8289063,-0.11093286,-0.056330323,-0.9922303,0
1.0679598,-0.42303848,-2.4994826,-0.11093286,-0.056330323,-0.9922303,0
-1.4365036,-3.4805348,2.4879248,-0.79385018,-0.59563315,0.12256867,0
2.5212135,2.3459458,0.080652475,0.79385018,0.59563315,-0.12256867,0
-5.0378108,0.73193896,-0.46739364,-0.59790957,0.80127907,0.021357417,0
3.0072575,-2.2957363,-1.6191446,0.59790957,-0.80127907,-0.021357417,0
-0.077758312,-0.69460499,2.6251287,0.11093286,0.056330323,0.9922303,0
-3.5239539,-1.0032945,0.69242799,-0.79385018,-0.59563315,0.12256867,0
4.2459793,-0.46837902,-3.0860171,-0.11093286,-0.056330323,-0.9922303,0
1.495609,3.624918,-0.085233688,0.79385018,0.59563315,-0.12256867,0
4.4866228,-1.1636447,-0.47679353,0.59790957,-0.80127907,-0.021357417,0
1.5351602,3.6527708,0.25989532,0.79385018,0.59563315,-0.12256867,0
-3.6084979,-1.2073445,-1.7845118,-0.79385018,-0.59563315,0.12256867,0
1.1237478,2.567235,2.2601473,0.11093286,0.056330323,0.9922303,0
0.83687961,4.5529852,-0.95903015,0.79385018,0.59563315,-0.12256867,0
0.58802843,4.7936544,1.03441,-0.59790957,0.80127907,0.021357417,0
-3.620153,0.76257008,-2.2252815,-0.11093286,-0.056330323,-0.9922303,0
1.8982965,2.3486819,2.249227,0.11093286,0.056330323,0.9922303,0
3.6409822,-0.23184729,2.3088903,0.11093286,0.056330323,0.9922303,0
-0.84195304,-2.5989714,-2.1857147,-0.11093286,-0.056330323,-0.9922303,0
-0.51663899,-4.8760405,-1.0206368,0.59790957,-0.80127907,-0.021357417,0
4.6016812,-0.60895228,-1.1083118,0.79385018,0.59563315,-0.12256867,0
-0.62377751,3.7764564,-1.7515006,-0.59790957,0.80127907,0.021357417,0
-1.2440964,-2.7808032,2.8642697,0.11093286,0.056330323,0.9922303,0
2.3379993,-1.6847429,-2.5651183,-0.11093286,-0.056330323,-0.9922303,0
3.6232672,-1.6580685,0.45712304,0.59790957,-0.80127907,-0.021357417,0
-1.3012252,-3.9611323,1.5005984,-0.79385018,-0.59563315,0.12256867,0
-1.0710067,-3.9745834,1.3926756,-0.79385018,-0.59563315,0.12256867,0
0.096328974,4.5269537,0.72004819,-0.59790957,0.80127907,0.021357417,0
-0.017721742,-4.2723637,-2.3895626,-0.11093286,-0.056330323,-0.9922303,0
2.0992336,-2.5618558,-0.073709965,0.59790957,-0.80127907,-0.021357417,0
3.6455531,0.82153386,-0.83706337,0.79385018,0.59563315,-0.12256867,0
-3.2019994,2.1518722,-0.45945573,-0.59790957,0.80127907,0.021357417,0
-0.60703433,3.1600163,-2.8083155,-0.11093286,-0.056330323,-0.9922303,0
0.80870342,4.5550957,-2.5600309,0.79385018,0.59563315,-0.12256867,0
0.97295493,-2.3880155,2.5527635,0.11093286,0.056330323,0.9922303,0
1.7965814,3.3258889,-2.2854629,0.79385018,0.59563315,-0.12256867,0
-0.38058591,-4.6275988,-0.42262053,0.59790957,-0.80127907,-0.021357417,0
1.4230332,3.6944261,-0.79165006,0.79385018,0.59563315,-0.12256867,0
-3.7281353,-0.87044305,-1.8640201,-0.11093286,-0.056330323,-0.9922303,0
2.9645553,-1.9597781,0.31794071,0.59790957,-0.80127907,-0.021357417,0
0.16464156,-4.3525553,-1.393074,0.59790957,-0.80127907,-0.021357417,0
4.6980286,0.19151846,1.1824901,0.79385018,0.59563315,-0.12256867,0
-3.8559811,1.2443395,1.8132319,-0.59790957,0.80127907,0.021357417,0
3.1512175,-1.7995892,2.4600658,0.11093286,0.056330323,0.9922303,0
-1.8723029,2.9594164,0.64507341,-0.59790957,0.80127907,0.021357417,0
-2.2253506,-3.141346,-0.57390642,-0.79385018,-0.59563315,0.12256867,0
3.0487292,1.4200984,-0.29547015,0.79385018,0.59563315,-0.12256867,0
2.6780643,1.3730979,-2.8265078,-0.11093286,-0.056330323,-0.9922303,0
4.012794,0.92121351,0.33107477,0.79385018,0.59563315,-0.12256867,0
1.0763608,-3.3902116,-1.218425,0.59790957,-0.80127907,-0.021357417,0
0.3211987,0.35912871,2.6027498,0.11093286,0.056330323,0.9922303,0
4.5350895,-0.074975967,2.0417845,0.79385018,0.59563315,-0.12256867,0
0.83056736,-3.528249,-0.38412046,0.59790957,-0.80127907,-0.021357417,0
-1.7375474,-3.2247052,0.41073751,-0.79385018,-0.59563315,0.12256867,0
-0.80647171,-4.5951195,-0.057192802,-0.79385018,-0.59563315,0.12256867,0
-0.98380518,-4.1281233,2.0395129,-0.79385018,-0.59563315,0.12256867,0
-1.6564331,-2.9771435,2.4089243,-0.79385018,-0.59563315,0.12256867,0
1.0984781,-3.277575,-2.463922,-0.11093286,-0.056330323,-0.9922303,0
3.0238442,-2.1396887,2.0727468,0.59790957,-0.80127907,-0.021357417,0
-1.0143924,-3.7306995,-2.0330329,-0.11093286,-0.056330323,-0.9922303,0
2.1394725,1.5315945,-2.8596902,-0.11093286,-0.056330323,-0.9922303,0
1.2014567,-2.6603816,2.3964968,0.11093286,0.056330323,0.9922303,0
1.2331893,3.8765855,-0.87817526,0.79385018,0.59563315,-0.12256867,0
0.28892446,2.0518546,2.1953948,0.11093286,0.056330323,0.9922303,0
-1.385813,-4.1405706,-1.9128051,-0.79385018,-0.59563315,0.12256867,0
-2.7720399,2.4421065,1.1546104,-0.59790957,0.80127907,0.021357417,0
-2.1047816,2.713501,0.0027661324,-0.59790957,0.80127907,0.021357417,0
-2.6413417,1.9725846,-2.2881446,-0.11093286,-0.056330323,-0.9922303,0
1.2964633,-3.5395284,1.0326767,0.59790957,-0.80127907,-0.021357417,0
3.8908131,0.15961123,-2.6304107,0.79385018,0.59563315,-0.12256867,0
-3.5412018,-0.66627395,0.91218531,-0.79385018,-0.59563315,0.12256867,0
1.557128,2.4180923,-2.6362453,-0.11093286,-0.056330323,-0.9922303,0
2.9735107,-0.90104127,-2.6760514,-0.11093286,-0.056330323,-0.9922303,0
4.1583843,0.47015023,-0.86698878,0.79385018,0.59563315,-0.12256867,0
-1.3198178,-3.4887402,2.8728702,0.11093286,0.056330323,0.9922303,0
-3.563998,-0.65518999,1.9505253,-0.79385018,-0.59563315,0.12256867,0
4.2613716,-1.0940197,2.0865021,0.11093286,0.056330323,0.9922303,0
2.5816143,-0.42326903,2.0745549,0.11093286,0.056330323,0.9922303,0
0.99403071,-3.4818611,-2.4656365,0.59790957,-0.80127907,-0.021357417,0
-0.41323519,-4.8465919,-0.44855213,0.59790957,-0.80127907,-0.021357417,0
3.7116649,1.5100701,1.3466527,0.79385018,0.59563315,-0.12256867,0
1.6308112,3.5635815,2.2316928,0.11093286,0.056330323,0.9922303,0
-3.1832752,-1.4915545,-2.1956823,-0.11093286,-0.056330323,-0.9922303,0
-1.4041039,-3.7542605,2.1291931,-0.79385018,-0.59563315,0.12256867,0
-0.96234095,1.9350939,2.490649,0.11093286,0.056330323,0.9922303,0
-4.4650302,1.2532842,0.5624063,-0.59790957,0.80127907,0.021357417,0
4.3559217,-0.78800488,-2.5897517,0.79385018,0.59563315,-0.12256867,0
0.062654614,4.1633015,0.97641659,-0.59790957,0.80127907,0.021357417,0
2.7478232,-0.58739817,2.4258635,0.11093286,0.056330323,0.9922303,0
3.2117834,1.6445293,-0.43600416,0.79385018,0.59563315,-0.12256867,0
0.26229006,-3.9755878,-1.56147,0.59790957,-0.80127907,-0.021357417,0
-2.6566081,2.5662408,-1.2650928,-0.59790957,0.80127907,0.021357417,0
-4.5129519,1.0059748,-1.8217826,-0.59790957,0.80127907,0.021357417,0
0.72580886,2.2412162,2.1615803,0.11093286,0.056330323,0.9922303,0
-1.0185966,3.7316875,1.2042012,-0.59790957,0.80127907,0.021357417,0
-0.68667555,3.6265264,-0.64088202,-0.59790957,0.80127907,0.021357417,0
1.2397554,1.5141674,2.3696539,0.11093286,0.056330323,0.9922303,0
0.72574031,-3.1165075,-2.3274491,-0.11093286,-0.056330323,-0.9922303,0
-4.2229128,1.3886206,2.3246367,-0.59790957,0.80127907,0.021357417,0
2.3944106,-2.3802166,0.80201507,0.59790957,-0.80127907,-0.021357417,0
-2.5514479,2.3932235,1.754969,-0.59790957,0.80127907,0.021357417,0
0.44337773,2.1321251,-2.780329,-0.11093286,-0.056330323,-0.9922303,0
-3.4433336,-0.69647765,2.9970431,-0.79385018,-0.59563315,0.12256867,0
-0.088847339,-4.3363705,-1.4769394,0.59790957,-0.80127907,-0.021357417,0
-0.44690225,4.046577,1.9591498,-0.59790957,0.80127907,0.021357417,0
-1.8965459,-3.6268394,-0.074105024,-0.79385018,-0.59563315,0.12256867,0
0.20848823,4.6923862,-2.6288366,-0.59790957,0.80127907,0.021357417,0
-4.4070172,1.3125511,-0.59546518,-0.59790957,0.80127907,0.021357417,0
-4.0062666,1.6343209,-1.0110452,-0.59790957,0.80127907,0.021357417,0
0.31471348,-2.4994426,2.6267822,0.11093286,0.056330323,0.9922303,0
-1.7267778,-2.9559283,1.9815564,-0.79385018,-0.59563315,0.12256867,0
1.9744809,2.948483,-0.11949849,0.79385018,0.59563315,-0.12256867,0
-2.6322217,1.7562058,-2.2941585,-0.11093286,-0.056330323,-0.9922303,0
3.7803504,-0.62013215,2.0038366,0.11093286,0.056330323,0.9922303,0
4.648972,0.2436682,1.6859057,0.79385018,0.59563315,-0.12256867,0
-4.1112857,0.068877935,1.2202441,-0.79385018,-0.59563315,0.12256867,0
-1.9089489,3.1247554,0.66767168,-0.59790957,0.80127907,0.021357417,0
-3.0525107,-1.8445164,-1.9845382,-0.11093286,-0.056330323,-0.9922303,0
4.0697846,0.021456122,-0.60817754,0.79385018,0.59563315,-0.12256867,0
4.8018727,-0.68717813,-0.86269724,0.79385018,0.59563315,-0.12256867,0
1.2696869,-3.4930525,-1.3297744,0.59790957,-0.80127907,-0.021357417,0
1.5653553,-3.3655603,-1.0656009,0.59790957,-0.80127907,-0.021357417,0
1.2344474,-3.5790162,2.305171,0.59790957,-0.80127907,-0.021357417,0
4.3514814,-1.0806758,-2.5577581,0.59790957,-0.80127907,-0.021357417,0
-1.6330893,3.3176346,-2.6555994,-0.11093286,-0.056330323,-0.9922303,0
-4.4316578,0.84075689,1.1345062,-0.59790957,0.80127907,0.021357417,0
-2.2721415,0.33798623,2.9452355,0.11093286,0.056330323,0.9922303,0
1.3451875,1.4724237,-2.9069824,-0.11093286,-0.056330323,-0.9922303,0
-1.4685626,1.4854546,-2.3445354,-0.11093286,-0.056330323,-0.9922303,0
-0.87880158,-3.9114103,2.7672751,0.11093286,0.056330323,0.9922303,0
-3.0937746,0.91345501,2.7428722,0.11093286,0.056330323,0.9922303,0
2.5422587,1.9192157,-2.1669195,0.79385018,0.59563315,-0.12256867,0
-3.5012844,1.8285333,-0.93887115,-0.59790957,0.80127907,0.021357417,0
3.0684166,-1.286135,2.1961536,0.11093286,0.056330323,0.9922303,0
-1.8841292,-3.125711,0.95422459,-0.79385018,-0.59563315,0.12256867,0
-2.0575867,1.1461728,2.6688766,0.11093286,0.056330323,0.9922303,0
-1.9119065,-3.1963167,0.52805161,-0.79385018,-0.59563315,0.12256867,0
-2.2579031,1.0405335,2.6109955,0.11093286,0.056330323,0.9922303,0
1.6582038,-3.0317597,-2.1286187,0.59790957,-0.80127907,-0.021357417,0
-1.737617,2.9586756,-2.6374817,-0.11093286,-0.056330323,-0.9922303,0
-0.49605036,3.0262878,-2.6205099,-0.11093286,-0.056330323,-0.9922303,0
1.0417633,4.2812023,-0.18190193,0.79385018,0.59563315,-0.12256867,0
-4.3327265,-0.48628733,-1.4681057,-0.79385018,-0.59563315,0.12256867,0
-0.027991533,-3.764684,2.8200436,0.11093286,0.056330323,0.9922303,0
4.3638916,-1.1017145,-0.87564707,0.59790957,-0.80127907,-0.021357417,0
-0.0011001825,1.6552573,-2.5045409,-0.11093286,-0.056330323,-0.9922303,0
-2.9300907,2.1853094,-0.24263573,-0.59790957,0.80127907,0.021357417,0
3.419914,1.7195634,0.78632063,0.79385018,0.59563315,-0.12256867,0
-4.0704389,-0.15394592,2.4233391,-0.79385018,-0.59563315,0.12256867,0
4.1225963,0.51083279,0.98590374,0.79385018,0.59563315,-0.12256867,0
1.5464973,3.02509,-2.9113531,0.79385018,0.59563315,-0.12256867,0
1.1249946,1.7540644,-2.7066374,-0.11093286,-0.056330323,-0.9922303,0
4.0208697,0.19526339,-1.8330961,0.79385018,0.59563315,-0.12256867,0
1.2695808,-2.023587,2.5379264,0.11093286,0.056330323,0.9922303,0
-3.5997701,-0.97582334,0.85740817,-0.79385018,-0.59563315,0.12256867,0
0.1154511,4.4924221,-1.1662259,-0.59790957,0.80127907,0.021357417,0
2.0355906,3.0052097,-1.8739405,0.79385018,0.59563315,-0.12256867,0
-1.6544904,3.2909646,-1.8083811,-0.59790957,0.80127907,0.021357417,0
-1.8541855,-3.0320885,1.9704598,-0.79385018,-0.59563315,0.12256867,0
-1.1570261,-4.7597475,-1.2286627,-0.79385018,-0.59563315,0.12256867,0
2.1697674,-1.3440142,2.5078902,0.11093286,0.056330323,0.9922303,0
-3.2808638,1.7831802,-1.4103603,-0.59790957,0.80127907,0.021357417,0
0.75844908,4.8663454,-0.48108339,-0.59790957,0.80127907,0.021357417,0
-1.129235,-0.43720579,2.7602768,0.11093286,0.056330323,0.9922303,0
-0.714715,1.9307042,-2.3895683,-0.11093286,-0.056330323,-0.9922303,0
1.8521729,-2.8209853,-0.9204371,0.59790957,-0.80127907,-0.021357417,0
3.1810436,2.1841748,1.0513097,0.79385018,0.59563315,-0.12256867,0
-2.5079343,-2.8956509,-1.1280169,-0.79385018,-0.59563315,0.12256867,0
-2.1982088,-2.1091142,3.0025492,0.11093286,0.056330323,0.9922303,0
4.5268745,-1.2048876,1.8926985,0.59790957,-0.80127907,-0.021357417,0
1.2566108,2.5416965,2.2737777,0.11093286,0.056330323,0.9922303,0
2.5776258,2.2502069,-0.99973941,0.79385018,0.59563315,-0.12256867,0
-4.310966,-0.10855853,-0.86201847,-0.79385018,-0.59563315,0.12256867,0
-2.1086116,2.6220396,-1.5609648,-0.59790957,0.80127907,0.021357417,0
4.1064453,0.42426586,-1.0475726,0.79385018,0.59563315,-0.12256867,0
2.4741037,-2.2934957,-0.37549996,0.59790957,-0.80127907,-0.021357417,0
-2.8442922,2.0710273,0.1362288,-0.59790957,0.80127907,0.021357417,0
-4.8229485,0.13080564,-1.5575767,-0.79385018,-0.59563315,0.12256867,0
0.048161268,4.6856985,-2.2022343,-0.59790957,0.80127907,0.021357417,0
0.10037875,0.20906806,2.4355547,0.11093286,0.056330323,0.9922303,0
-0.74817282,-4.8835773,-1.6328952,0.59790957,-0.80127907,-0.021357417,0
2.5237277,-1.4305003,-2.5805147,-0.11093286,-0.056330323,-0.9922303,0
-1.5304151,-3.990943,-2.025506,-0.79385018,-0.59563315,0.12256867,0
2.6244802,1.0692818,2.144573,0.11093286,0.056330323,0.9922303,0
2.936357,0.87629151,-2.9746518,-0.11093286,-0.056330323,-0.9922303,0
-4.6834536,0.52230889,-0.40466285,-0.79385018,-0.59563315,0.12256867,0
3.6688242,0.46653986,-1.6465528,0.79385018,0.59563315,-0.12256867,0
3.11304,1.4495063,-2.3864,0.79385018,0.59563315,-0.12256867,0
-1.4863619,-4.1502399,0.042739868,-0.79385018,-0.59563315,0.12256867,0
2.212363,3.4333191,0.88199437,0.79385018,0.59563315,-0.12256867,0
1.7406404,-2.1831219,-2.6152043,-0.11093286,-0.056330323,-0.9922303,0
3.2335174,-1.1616578,-3.0058031,-0.11093286,-0.056330323,-0.9922303,0
-3.5098109,-0.52592158,3.0791476,0.11093286,0.056330323,0.9922303,0
0.085370898,-1.8374152,2.5908093,0.11093286,0.056330323,0.9922303,0
2.9273138,2.2329373,0.8365947,0.79385018,0.59563315,-0.12256867,0
-0.90110064,-4.5794277,1.6968174,-0.79385018,-0.59563315,0.12256867,0
4.6172476,-0.72709656,-1.9095038,0.59790957,-0.80127907,-0.021357417,0
1.418291,3.622951,-0.6966784,0.79385018,0.59563315,-0.12256867,0
-3.0482559,-1.6969596,1.8742734,-0.79385018,-0.59563315,0.12256867,0
-4.1461387,1.344257,0.93804622,-0.59790957,0.80127907,0.021357417,0
4.6873541,-0.97866297,-2.8984718,0.59790957,-0.80127907,-0.021357417,0
-1.0908308,-4.1033506,2.3645957,-0.79385018,-0.59563315,0.12256867,0
1.595297,3.8264289,-0.25950861,0.79385018,0.59563315,-0.12256867,0
-2.0239506,-1.7799273,2.7215509,0.11093286,0.056330323,0.9922303,0
-2.9427288,-1.6781842,-2.1279712,-0.11093286,-0.056330323,-0.9922303,0
-2.7304678,0.45730305,2.9325213,0.11093286,0.056330323,0.9922303,0
0.8781774,3.0441389,-2.9320934,-0.11093286,-0.056330323,-0.9922303,0
2.529722,-2.2122054,-1.0698454,0.59790957,-0.80127907,-0.021357417,0
-3.664484,0.69968033,2.7867939,0.11093286,0.056330323,0.9922303,0
0.88914096,-3.8279569,-0.46731329,0.59790957,-0.80127907,-0.021357417,0
3.1633193,-1.3916402,-2.6823478,-0.11093286,-0.056330323,-0.9922303,0
1.1692331,-0.54559231,-2.6923313,-0.11093286,-0.056330323,-0.9922303,0
3.7295094,-1.6708504,-0.80261683,0.59790957,-0.80127907,-0.021357417,0
2.436476,-0.36246109,-2.6658468,-0.11093286,-0.056330323,-0.9922303,0
-3.8913379,-0.94908947,-1.7709104,-0.79385018,-0.59563315,0.12256867,0
-0.57565403,-4.876946,1.6106672,-0.79385018,-0.59563315,0.12256867,0
1.5575466,-3.2898028,-0.71138883,0.59790957,-0.80127907,-0.021357417,0
1.2798085,0.87454522,2.3373578,0.11093286,0.056330323,0.9922303,0
1.7504981,-3.0756779,1.0155718,0.59790957,-0.80127907,-0.021357417,0
1.5981352,1.2137678,2.2255516,0.11093286,0.056330323,0.9922303,0
-0.34080815,-4.7427516,1.752131,-0.79385018,-0.59563315,0.12256867,0
1.5443243,3.2195172,-1.6944814,0.79385018,0.59563315,-0.12256867,0
-4.6997294,0.46797657,0.99663186,-0.79385018,-0.59563315,0.12256867,0
0.51423597,-3.7471516,-2.2722774,-0.11093286,-0.056330323,-0.9922303,0
-3.6778622,1.6573238,-1.6943552,-0.59790957,0.80127907,0.021357417,0
-4.9463201,0.67918956,-0.11092186,-0.59790957,0.80127907,0.021357417,0
2.7499056,-0.55324543,2.3896449,0.11093286,0.056330323,0.9922303,0
2.6246312,2.6044638,0.35419965,0.79385018,0.59563315,-0.12256867,0
-4.0831504,-0.8040188,-1.0727506,-0.79385018,-0.59563315,0.12256867,0
-0.89157403,2.2052507,2.4617071,0.11093286,0.056330323,0.9922303,0
1.7078347,3.7443347,0.096819639,0.79385018,0.59563315,-0.12256867,0
3.837842,-1.369612,1.9913378,0.11093286,0.056330323,0.9922303,0
1.6561415,0.98988295,2.2702131,0.11093286,0.056330323,0.9922303,0
2.2999115,-0.55794382,-2.9260097,-0.11093286,-0.056330323,-0.9922303,0
0.73227477,1.2733128,-2.6475749,-0.11093286,-0.056330323,-0.9922303,0
4.3933077,-0.88479447,-0.86977828,0.59790957,-0.80127907,-0.021357417,0
2.9565339,-1.3860116,-2.6718984,-0.11093286,-0.056330323,-0.9922303,0
3.5658374,1.0263522,-0.32290256,0.79385018,0.59563315,-0.12256867,0
3.9883637,-1.1954178,1.7977657,0.59790957,-0.80127907,-0.021357417,0
-2.3785276,2.644697,1.5474453,-0.59790957,0.80127907,0.021357417,0
1.7137448,3.4842193,0.28239655,0.79385018,0.59563315,-0.12256867,0
1.2601436,0.086200953,-2.5366545,-0.11093286,-0.056330323,-0.9922303,0
3.3883045,-0.80892122,2.0689774,0.11093286,0.056330323,0.9922303,0
-2.1450171,-0.4195857,2.9545867,0.11093286,0.056330323,0.9922303,0
2.6563885,-2.3609843,2.3803105,0.11093286,0.056330323,0.9922303,0
-0.24854124,-0.32177782,2.6291611,0.11093286,0.056330323,0.9922303,0
3.8790667,0.35015726,-2.8087306,0.79385018,0.59563315,-0.12256867,0
-1.9251692,2.9107523,-0.61938262,-0.59790957,0.80127907,0.021357417,0
1.8055321,-1.0163198,-2.573168,-0.11093286,-0.056330323,-0.9922303,0
0.4537456,2.6116238,-2.6496861,-0.11093286,-0.056330323,-0.9922303,0
-0.22010195,4.0773768,-1.8568182,-0.59790957,0.80127907,0.021357417,0
-1.1361786,-4.1938262,-0.031056404,-0.79385018,-0.59563315,0.12256867,0
2.0687799,-2.7620411,1.4085457,0.59790957,-0.80127907,-0.021357417,0
-0.017255306,-3.9769154,2.5886793,0.11093286,0.056330323,0.9922303,0
0.43052417,0.56918216,2.2507191,0.11093286,0.056330323,0.9922303,0
1.7801706,-2.9574549,2.332346,0.59790957,-0.80127907,-0.021357417,0
-2.1007671,-3.0723743,-0.76624429,-0.79385018,-0.59563315,0.12256867,0
-0.83338153,0.13936162,2.4430089,0.11093286,0.056330323,0.9922303,0
0.90172911,4.8387318,-0.82188988,0.79385018,0.59563315,-0.12256867,0
0.86652058,-3.8894939,1.232151,0.59790957,-0.80127907,-0.021357417,0
-3.7004166,0.24622869,2.7399356,0.11093286,0.056330323,0.9922303,0
0.11617374,4.3768601,0.50685,-0.59790957,0.80127907,0.021357417,0
4.7611909,-0.50872207,-0.027984381,0.79385018,0.59563315,-0.12256867,0
-0.61306649,-0.63043404,-2.4467189,-0.11093286,-0.056330323,-0.9922303,0
-4.0947294,-0.91122389,-1.7190734,-0.79385018,-0.59563315,0.12256867,0
-2.4122887,-2.717773,0.64928627,-0.79385018,-0.59563315,0.12256867,0
-1.328932,-1.1777465,-2.3242776,-0.11093286,-0.056330323,-0.9922303,0
4.0598726,0.6828478,-0.2124939,0.79385018,0.59563315,-0.12256867,0
-0.47510421,-0.871387,2.714421,0.11093286,0.056330323,0.9922303,0
-2.6476309,1.7072444,2.7498388,0.11093286,0.056330323,0.9922303,0
-1.1864564,-3.8119588,1.206933,-0.79385018,-0.59563315,0.12256867,0
1.8639386,-2.3999317,2.5523524,0.11093286,0.056330323,0.9922303,0
-1.0733202,-4.520669,1.2078094,-0.79385018,-0.59563315,0.12256867,0
2.2306604,-2.8666019,-1.8232701,0.59790957,-0.80127907,-0.021357417,0
1.9232368,-3.0317221,-1.6370518,0.59790957,-0.80127907,-0.021357417,0
-0.77441221,0.23503828,-2.5272822,-0.11093286,-0.056330323,-0.9922303,0
3.1092052,-0.14849234,2.3187351,0.11093286,0.056330323,0.9922303,0
-4.5005717,0.92082846,-1.2524326,-0.59790957,0.80127907,0.021357417,0
1.7333927,3.4498088,-1.7815068,0.79385018,0.59563315,-0.12256867,0
2.1788843,-0.64794016,-2.6854835,-0.11093286,-0.056330323,-0.9922303,0
-0.85997027,3.6481688,-0.59008384,-0.59790957,0.80127907,0.021357417,0
-3.3487644,1.9458981,0.32144451,-0.59790957,0.80127907,0.021357417,0
0.40333331,1.2360324,-2.6212828,-0.11093286,-0.056330323,-0.9922303,0
-0.36706102,-2.6987789,2.5463622,0.11093286,0.056330323,0.9922303,0
1.778443,1.2635858,-2.6341872,-0.11093286,-0.056330323,-0.9922303,0
4.4478092,-0.027296305,0.55719435,0.79385018,0.59563315,-0.12256867,0
1.3251103,-2.4152553,2.5784607,0.11093286,0.056330323,0.9922303,0
1.9859248,-3.0965111,-0.48576331,0.59790957,-0.80127907,-0.021357417,0
-3.2297201,0.75939572,-2.2988443,-0.11093286,-0.056330323,-0.9922303,0
-2.0131617,3.1575298,-1.8059146,-0.59790957,0.80127907,0.021357417,0
1.0442631,-0.85321259,-2.4126358,-0.11093286,-0.056330323,-0.9922303,0
4.9780807,-0.62312025,2.0098944,0.11093286,0.056330323,0.9922303,0
-2.3581877,1.3972472,-2.2674828,-0.11093286,-0.056330323,-0.9922303,0
1.3416694,-2.0615373,2.6668773,0.11093286,0.056330323,0.9922303,0
-0.43016434,-1.8126998,2.490855,0.11093286,0.056330323,0.9922303,0
-0.91606736,-3.8438914,2.9809506,0.11093286,0.056330323,0.9922303,0
0.7543515,-3.7387075,1.4598637,0.59790957,-0.80127907,-0.021357417,0
-1.8678802,-2.9688225,0.6507895,-0.79385018,-0.59563315,0.12256867,0
0.083899617,-2.6176045,2.7543714,0.11093286,0.056330323,0.9922303,0
4.4964185,-0.44855618,-0.67386508,0.79385018,0.59563315,-0.12256867,0
0.70599461,4.4668326,-1.6807437,0.79385018,0.59563315,-0.12256867,0
4.3779664,-1.1333654,-2.3975852,0.59790957,-0.80127907,-0.021357417,0
1.7923515,3.9878047,1.3697861,0.79385018,0.59563315,-0.12256867,0
2.1751864,3.0230799,-1.2951899,0.79385018,0.59563315,-0.12256867,0
-0.60176373,-1.4034325,2.6539636,0.11093286,0.056330323,0.9922303,0
0.8000834,3.7579882,-2.9163172,-0.11093286,-0.056330323,-0.9922303,0
0.97324663,-2.3240097,2.4243569,0.11093286,0.056330323,0.9922303,0
0.31180966,-1.6309574,2.4446759,0.11093286,0.056330323,0.9922303,0
3.717602,0.41682792,-1.2625338,0.79385018,0.59563315,-0.12256867,0
-4.6102371,1.0197673,1.7951044,-0.59790957,0.80127907,0.021357417,0
-2.3668628,1.2200081,-2.4963827,-0.11093286,-0.056330323,-0.9922303,0
4.2363501,0.34497076,0.3187356,0.79385018,0.59563315,-0.12256867,0
0.85984445,2.0634472,-2.7379947,-0.11093286,-0.056330323,-0.9922303,0
-3.3564816,1.9661641,2.0694737,-0.59790957,0.80127907,0.021357417,0
1.7195096,3.7266765,0.2358892,0.79385018,0.59563315,-0.12256867,0
-3.3962944,-0.052452803,-2.3253074,-0.11093286,-0.056330323,-0.9922303,0
4.8160253,-0.52494204,0.87430573,0.79385018,0.59563315,-0.12256867,0
0.36788261,2.641113,-2.5259452,-0.11093286,-0.056330323,-0.9922303,0
-1.2586606,3.4318919,2.4964869,-0.59790957,0.80127907,0.021357417,0
-0.57784367,-4.7533655,2.1477141,-0.79385018,-0.59563315,0.12256867,0
-2.7865047,2.1943479,0.73322558,-0.59790957,0.80127907,0.021357417,0
-2.7160811,-1.6656985,2.0255725,-0.79385018,-0.59563315,0.12256867,0
-0.0344944,-1.0000005,2.7706802,0.11093286,0.056330323,0.9922303,0
-0.64082187,-4.605547,-1.673347,0.59790957,-0.80127907,-0.021357417,0
4.5570951,-0.61820126,-1.7169321,0.79385018,0.59563315,-0.12256867,0
-1.3081352,-3.7356992,2.0714107,-0.79385018,-0.59563315,0.12256867,0
-0.34466362,-4.4194722,-1.7365718,0.59790957,-0.80127907,-0.021357417,0
-2.0732846,-2.0765824,2.8212621,0.11093286,0.056330323,0.9922303,0
-2.2375059,-2.7636015,0.20833707,-0.79385018,-0.59563315,0.12256867,0
4.4700303,-0.53099871,1.9754431,0.11093286,0.056330323,0.9922303,0
-1.8497369,-0.68690968,2.8099275,0.11093286,0.056330323,0.9922303,0
-0.72810644,3.678477,1.4966631,-0.59790957,0.80127907,0.021357417,0
0.95576531,-1.0046029,-2.556407,-0.11093286,-0.056330323,-0.9922303,0
2.5931373,1.6273031,-2.7036085,0.79385018,0.59563315,-0.12256867,0
1.8016505,-2.9874368,2.2791719,0.59790957,-0.80127907,-0.021357417,0
0.75273037,-3.5872221,-0.17577767,0.59790957,-0.80127907,-0.021357417,0
1.9746196,-2.707521,1.4851713,0.59790957,-0.80127907,-0.021357417,0
3.1977434,1.3638719,-1.9542419,0.79385018,0.59563315,-0.12256867,0
3.4740429,-1.9110537,-1.6218358,0.59790957,-0.80127907,-0.021357417,0
0.59075606,2.6159577,2.3140497,0.11093286,0.056330323,0.9922303,0
-2.0653543,-2.8652289,2.125561,-0.79385018,-0.59563315,0.12256867,0
0.38497615,4.8680382,-1.0573487,-0.59790957,0.80127907,0.021357417,0
-1.4567719,0.11423159,2.4789317,0.11093286,0.056330323,0.9922303,0
-0.43880332,4.1886163,-1.0629282,-0.59790957,0.80127907,0.021357417,0
-1.1626315,3.4585726,-2.7105651,-0.11093286,-0.056330323,-0.9922303,0
2.5093493,2.7221367,1.7813994,0.79385018,0.59563315,-0.12256867,0
2.0079947,-2.161375,2.4547734,0.11093286,0.056330323,0.9922303,0
-2.5008807,-1.903226,1.5427723,-0.79385018,-0.59563315,0.12256867,0
2.3093524,2.9520354,-0.58431244,0.79385018,0.59563315,-0.12256867,0
-3.521637,-1.1435688,1.2354393,-0.79385018,-0.59563315,0.12256867,0
2.6185014,2.0452015,-0.3055138,0.79385018,0.59563315,-0.12256867,0
4.1570692,-1.3459475,-2.0623226,0.59790957,-0.80127907,-0.021357417,0
2.4302368,2.1426134,-2.7207754,-0.11093286,-0.056330323,-0.9922303,0
2.558356,2.4273233,-0.25454831,0.79385018,0.59563315,-0.12256867,0
