-4.1824117,0.27394032,-3.3191736,-0.33554217,-0.53737581,-0.7737174,0
-1.5103967,-1.0672216,-3.974071,-0.33554217,-0.53737581,-0.7737174,0
-3.0463164,-1.8199949,-0.433846,-0.88743514,-0.095217109,0.45099065,0
-0.56818795,-3.8947749,2.1115565,0.31602252,-0.83795041,0.44493684,0
-2.7640235,3.8271775,0.6134665,-0.31602252,0.83795041,-0.44493684,0
2.6569924,-4.1527815,-0.37753963,0.31602252,-0.83795041,0.44493684,0
-0.9974978,-4.1946826,-2.0186033,-0.33554217,-0.53737581,-0.7737174,0
2.56212,1.145034,0.0060870647,0.88743514,0.095217109,-0.45099065,0
-2.4602852,1.0741677,-4.9218383,-0.33554217,-0.53737581,-0.7737174,0
2.020581,2.2291644,2.7937922,0.33554217,0.53737581,0.7737174,0
-1.9448975,0.80936503,1.7391398,-0.88743514,-0.095217109,0.45099065,0
-0.33833718,2.2226708,-4.1557136,-0.31602252,0.83795041,-0.44493684,0
3.8192263,0.64645553,3.2812526,0.33554217,0.53737581,0.7737174,0
4.3289733,-1.3262806,3.7336965,0.31602252,-0.83795041,0.44493684,0
2.5072613,4.4209023,1.0204635,0.33554217,0.53737581,0.7737174,0
-0.54329419,5.1722655,1.4081204,-0.31602252,0.83795041,-0.44493684,0
-1.9640143,0.69243324,-4.6176209,-0.33554217,-0.53737581,-0.7737174,0
-2.9974029,2.8864739,0.59366441,-0.88743514,-0.095217109,0.45099065,0
0.47887242,-0.041739702,-4.946353,0.88743514,0.095217109,-0.45099065,0
-2.7014766,0.92269444,0.7723639,-0.88743514,-0.095217109,0.45099065,0
1.7533062,5.5861688,-0.026455402,-0.31602252,0.83795041,-0.44493684,0
-0.77490854,4.7620182,2.356668,0.33554217,0.53737581,0.7737174,0
1.752408,-1.4551084,4.885201,0.31602252,-0.83795041,0.44493684,0
1.8091221,-5.1491394,-2.5310221,-0.33554217,-0.53737581,-0.7737174,0
-2.0049391,3.4970813,-1.2277386,-0.31602252,0.83795041,-0.44493684,0
1.430223,1.8541491,3.1767974,0.33554217,0.53737581,0.7737174,0
-1.5891261,0.21260326,-4.3950462,-0.33554217,-0.53737581,-0.7737174,0
-2.3709326,3.4908504,-0.59695899,-0.31602252,0.83795041,-0.44493684,0
-1.0430655,-2.1094418,-3.2704659,-0.33554217,-0.53737581,-0.7737174,0
0.16669518,-2.1784678,-3.7231379,-0.33554217,-0.53737581,-0.7737174,0
0.74978662,-5.0551958,-1.3323593,0.31602252,-0.83795041,0.44493684,0
0.75957155,-1.2331698,5.9324727,0.33554217,0.53737581,0.7737174,0
1.7464204,-2.0738308,3.8303177,0.31602252,-0.83795041,0.44493684,0
-1.7362677,-1.7504231,1.5428377,-0.88743514,-0.095217109,0.45099065,0
-1.3155453,5.1481538,2.2241278,0.33554217,0.53737581,0.7737174,0
-1.6662886,5.243494,2.3770938,0.33554217,0.53737581,0.7737174,0
-1.9307532,4.2728319,0.097723007,-0.31602252,0.83795041,-0.44493684,0
0.11030531,-4.884129,0.044803619,0.31602252,-0.83795041,0.44493684,0
-4.4111857,1.5822241,-2.9647758,-0.88743514,-0.095217109,0.45099065,0
1.1419461,2.6321268,-3.159519,0.88743514,0.095217109,-0.45099065,0
-1.8517368,1.1553857,2.5577905,-0.88743514,-0.095217109,0.45099065,0
-2.9164448,-0.27829695,-3.762073,-0.33554217,-0.53737581,-0.7737174,0
3.3064075,2.8849013,1.5292473,0.33554217,0.53737581,0.7737174,0
-4.1303673,0.41416478,-2.545275,-0.88743514,-0.095217109,0.45099065,0
3.2508159,-3.0761571,1.0028809,0.31602252,-0.83795041,0.44493684,0
-3.1835809,1.4869583,-4.3231411,-0.31602252,0.83795041,-0.44493684,0
-1.8590441,2.0077918,-3.708133,-0.31602252,0.83795041,-0.44493684,0
0.2257185,-1.3316443,5.4610605,-0.88743514,-0.095217109,0.45099065,0
-1.5435284,-3.3051071,2.0092876,-0.88743514,-0.095217109,0.45099065,0
0.31148195,-1.7677659,5.2492771,0.31602252,-0.83795041,0.44493684,0
-4.291347,1.2746842,-3.2143712,-0.31602252,0.83795041,-0.44493684,0
2.3426788,-4.3329954,-1.6930349,0.88743514,0.095217109,-0.45099065,0
-3.8995032,1.1605166,-3.9933228,-0.31602252,0.83795041,-0.44493684,0
-4.0449739,1.0944684,-2.2275431,-0.88743514,-0.095217109,0.45099065,0
-3.5318632,-0.57353246,-3.2836578,-0.33554217,-0.53737581,-0.7737174,0
1.427773,0.50589776,-2.8855488,0.88743514,0.095217109,-0.45099065,0
0.23844481,2.7274423,-4.1407356,-0.31602252,0.83795041,-0.44493684,0
-1.4467959,4.2617488,0.043501377,-0.31602252,0.83795041,-0.44493684,0
1.4793274,4.3832865,-1.4174649,-0.31602252,0.83795041,-0.44493684,0
1.3607876,3.809814,2.1446157,0.33554217,0.53737581,0.7737174,0
1.8998717,-1.3141656,-2.4869754,0.88743514,0.095217109,-0.45099065,0
1.680629,1.909095,-1.7300032,0.88743514,0.095217109,-0.45099065,0
2.8259053,-3.8573334,-0.17187119,0.31602252,-0.83795041,0.44493684,0
0.40555167,3.5455792,2.7229052,0.33554217,0.53737581,0.7737174,0
-1.9312813,-5.2062249,0.61586571,0.31602252,-0.83795041,0.44493684,0
-0.37089348,0.28757286,4.5023069,-0.88743514,-0.095217109,0.45099065,0
2.0918162,-2.7904179,-1.8253176,0.88743514,0.095217109,-0.45099065,0
-0.81165242,0.5521636,3.8283157,-0.88743514,-0.095217109,0.45099065,0
-2.0917664,-2.1286364,-2.5963612,-0.33554217,-0.53737581,-0.7737174,0
-0.66051459,4.6742864,0.65359092,-0.31602252,0.83795041,-0.44493684,0
0.4415465,-2.9516628,-3.436275,-0.33554217,-0.53737581,-0.7737174,0
1.1903591,-2.1525061,-3.8515127,0.88743514,0.095217109,-0.45099065,0
-2.2760084,-1.5737681,0.5725292,-0.88743514,-0.095217109,0.45099065,0
-2.9039192,1.5487243,-4.3473721,-0.31602252,0.83795041,-0.44493684,0
0.77106857,-0.015084982,-4.305337,0.88743514,0.095217109,-0.45099065,0
-0.89471304,2.3086228,3.8687487,0.33554217,0.53737581,0.7737174,0
-0.41591358,-0.19493473,4.2952251,-0.88743514,-0.095217109,0.45099065,0
3.4273028,-2.0785902,2.9700449,0.31602252,-0.83795041,0.44493684,0
-1.6921432,4.1419168,0.023620009,-0.31602252,0.83795041,-0.44493684,0
2.9313724,-1.7103257,-0.0016217828,0.88743514,0.095217109,-0.45099065,0
-4.3473287,1.5959275,-2.9793437,-0.31602252,0.83795041,-0.44493684,0
-0.00085711479,3.2713847,-2.6997061,-0.31602252,0.83795041,-0.44493684,0
1.8964863,-2.2753174,3.4774349,0.31602252,-0.83795041,0.44493684,0
-0.78393745,-1.7289264,3.5103688,-0.88743514,-0.095217109,0.45099065,0
1.4703482,0.47101128,-2.5219378,0.88743514,0.095217109,-0.45099065,0
4.6247721,-0.92086148,3.2676435,0.88743514,0.095217109,-0.45099065,0
1.6128813,3.4957552,-1.3846226,0.88743514,0.095217109,-0.45099065,0
0.34106207,-2.6447423,-3.4311132,-0.33554217,-0.53737581,-0.7737174,0
0.17168951,-5.269031,-1.4291558,-0.33554217,-0.53737581,-0.7737174,0
0.7170912,0.83544946,-4.0455608,0.88743514,0.095217109,-0.45099065,0
2.3012459,2.2687109,-0.70153755,0.88743514,0.095217109,-0.45099065,0
-0.094137669,2.4679284,-4.7243643,-0.31602252,0.83795041,-0.44493684,0
-3.0550566,3.5365639,0.17731011,-0.31602252,0.83795041,-0.44493684,0
-1.6206566,-5.2520618,-0.91053963,-0.33554217,-0.53737581,-0.7737174,0
-0.81869304,-3.685745,-2.0409188,-0.33554217,-0.53737581,-0.7737174,0
1.8070955,-2.0781875,-2.3540893,0.88743514,0.095217109,-0.45099065,0
-0.72907043,-5.0049405,-1.1958575,-0.33554217,-0.53737581,-0.7737174,0
1.7206368,-1.8711797,4.0259533,0.31602252,-0.83795041,0.44493684,0
-1.9561226,-4.6172523,1.0344949,-0.88743514,-0.095217109,0.45099065,0
1.1273632,-2.4275975,-3.8655453,0.88743514,0.095217109,-0.45099065,0
-3.4665256,1.9729514,-0.95012951,-0.88743514,-0.095217109,0.45099065,0
0.88962221,-1.6525764,4.8015609,0.31602252,-0.83795041,0.44493684,0
0.92444456,4.904201,1.5512552,0.33554217,0.53737581,0.7737174,0
-1.4803258,1.4923725,2.8566117,-0.88743514,-0.095217109,0.45099065,0
-2.4750934,-2.4563653,0.1060555,-0.88743514,-0.095217109,0.45099065,0
-3.3792391,0.051567912,-3.9039335,-0.33554217,-0.53737581,-0.7737174,0
3.4461708,2.6186612,1.7641745,0.88743514,0.095217109,-0.45099065,0
2.3813043,-3.0134499,1.7180976,0.31602252,-0.83795041,0.44493684,0
3.0271556,-3.6028471,-0.14649689,0.31602252,-0.83795041,0.44493684,0
-2.5750327,3.0906143,-1.6378334,-0.31602252,0.83795041,-0.44493684,0
3.599335,2.351454,1.742923,0.33554217,0.53737581,0.7737174,0
2.8015962,-0.4009614,-0.54160154,0.88743514,0.095217109,-0.45099065,0
1.8529363,-4.18787,0.072663546,0.31602252,-0.83795041,0.44493684,0
1.3377422,1.1881979,-2.5875363,0.88743514,0.095217109,-0.45099065,0
1.718215,2.1742942,3.0098124,0.33554217,0.53737581,0.7737174,0
0.29282227,-2.304148,-3.831903,-0.33554217,-0.53737581,-0.7737174,0
-1.3918002,5.02461,2.4715328,0.33554217,0.53737581,0.7737174,0
2.2129521,4.5980134,1.238862,0.33554217,0.53737581,0.7737174,0
0.27782774,-3.2823594,-2.8465304,-0.33554217,-0.53737581,-0.7737174,0
-0.53371572,-2.9136844,-3.1597204,-0.33554217,-0.53737581,-0.7737174,0
3.8415725,-2.5518453,1.1300673,0.88743514,0.095217109,-0.45099065,0
-3.503396,-0.94994509,-2.8784518,-0.33554217,-0.53737581,-0.7737174,0
1.513751,-1.8391509,4.5920763,0.31602252,-0.83795041,0.44493684,0
2.4332957,-1.3266619,4.9237299,0.33554217,0.53737581,0.7737174,0
-1.4756439,4.8095956,2.5880098,0.33554217,0.53737581,0.7737174,0
0.22903585,4.3692503,-0.84599757,-0.31602252,0.83795041,-0.44493684,0
3.6344113,0.72885859,2.8769052,0.33554217,0.53737581,0.7737174,0
4.1394711,-2.1217723,2.3304839,0.31602252,-0.83795041,0.44493684,0
-3.0343699,1.1345785,-0.5707913,-0.88743514,-0.095217109,0.45099065,0
1.8522724,-2.3910382,-2.2398968,0.88743514,0.095217109,-0.45099065,0
-0.12716055,-4.6003089,0.65022838,0.31602252,-0.83795041,0.44493684,0
-1.0336108,4.8567648,1.0522025,-0.31602252,0.83795041,-0.44493684,0
-0.56391788,-4.1155949,1.6690301,0.31602252,-0.83795041,0.44493684,0
1.8819813,3.8257687,1.5988579,0.33554217,0.53737581,0.7737174,0
4.589818,-0.1668365,3.4002635,0.33554217,0.53737581,0.7737174,0
-1.2174869,-0.57001728,-4.1612282,-0.33554217,-0.53737581,-0.7737174,0
-0.20644966,-2.9005356,-3.2218599,-0.33554217,-0.53737581,-0.7737174,0
2.3435237,5.4131184,0.46806097,0.33554217,0.53737581,0.7737174,0
-0.52652276,1.576767,4.2233973,0.33554217,0.53737581,0.7737174,0
-0.31449378,-1.10537,-4.3015971,-0.33554217,-0.53737581,-0.7737174,0
0.95067883,0.87158644,4.2601123,0.33554217,0.53737581,0.7737174,0
2.6252687,1.063629,3.3311017,0.33554217,0.53737581,0.7737174,0
-0.82184196,-2.8424857,3.4070334,-0.88743514,-0.095217109,0.45099065,0
-2.205024,2.7786906,1.4358208,-0.88743514,-0.095217109,0.45099065,0
0.28564537,-0.61764073,-5.1030564,-0.33554217,-0.53737581,-0.7737174,0
2.2726989,-2.4279795,3.0237434,0.31602252,-0.83795041,0.44493684,0
3.7096629,1.2310733,2.8046141,0.33554217,0.53737581,0.7737174,0
0.37334377,2.3747993,3.2225339,0.33554217,0.53737581,0.7737174,0
-2.0881701,0.71964157,-4.732852,-0.33554217,-0.53737581,-0.7737174,0
-1.1508063,1.1467199,3.1994047,-0.88743514,-0.095217109,0.45099065,0
3.0696099,-2.1385932,2.5742595,0.31602252,-0.83795041,0.44493684,0
2.9431531,2.9266238,1.6225455,0.33554217,0.53737581,0.7737174,0
-1.1557167,-2.1741867,-3.2197833,-0.33554217,-0.53737581,-0.7737174,0
-2.1366601,-1.0362722,1.0738852,-0.88743514,-0.095217109,0.45099065,0
-1.9350489,-5.3456287,-0.069355249,0.31602252,-0.83795041,0.44493684,0
-1.2584112,-3.7900009,2.0418117,-0.88743514,-0.095217109,0.45099065,0
0.3430295,-2.5259328,4.168479,0.31602252,-0.83795041,0.44493684,0
2.7600152,-0.020317078,4.1338797,0.33554217,0.53737581,0.7737174,0
0.63963461,2.7368872,-3.4810858,0.88743514,0.095217109,-0.45099065,0
1.7495372,4.560359,-1.4986589,0.88743514,0.095217109,-0.45099065,0
-2.3672237,1.9747013,-3.8141541,-0.31602252,0.83795041,-0.44493684,0
-1.1055999,2.5968699,-3.4795027,-0.31602252,0.83795041,-0.44493684,0
-2.0441604,3.8379545,-0.26595259,-0.31602252,0.83795041,-0.44493684,0
-2.0387385,-0.17716527,1.5271477,-0.88743514,-0.095217109,0.45099065,0
1.0555965,4.8652186,1.2854915,0.33554217,0.53737581,0.7737174,0
-0.71630716,5.1275463,1.2730687,-0.31602252,0.83795041,-0.44493684,0
-1.2892003,2.0115082,3.669296,-0.88743514,-0.095217109,0.45099065,0
-0.64103675,-2.7980609,3.7007899,-0.88743514,-0.095217109,0.45099065,0
2.0126824,-3.9269319,-2.3801253,0.88743514,0.095217109,-0.45099065,0
1.5068378,4.6312342,-1.4124777,-0.31602252,0.83795041,-0.44493684,0
3.7673995,0.86267591,3.185617,0.33554217,0.53737581,0.7737174,0
1.5523258,0.92443132,-2.1557937,0.88743514,0.095217109,-0.45099065,0
-2.4256697,-3.413594,0.035938978,-0.88743514,-0.095217109,0.45099065,0
-0.94550145,-3.6845884,-2.4310455,-0.33554217,-0.53737581,-0.7737174,0
-2.8606632,-2.8350382,-1.1082814,-0.88743514,-0.095217109,0.45099065,0
1.9583342,-3.8458297,-2.4090824,0.88743514,0.095217109,-0.45099065,0
4.3140373,-1.9318912,2.3408685,0.88743514,0.095217109,-0.45099065,0
0.55129194,-4.581356,-0.25094628,0.31602252,-0.83795041,0.44493684,0
2.6078336,0.7301423,3.7296839,0.33554217,0.53737581,0.7737174,0
1.1439346,3.1197937,2.5116916,0.33554217,0.53737581,0.7737174,0
2.3184464,2.0271819,2.9949174,0.33554217,0.53737581,0.7737174,0
-0.07674861,5.2905412,0.81514692,-0.31602252,0.83795041,-0.44493684,0
2.6035311,1.0514766,0.0036016703,0.88743514,0.095217109,-0.45099065,0
1.5424342,-2.3143308,3.9227059,0.31602252,-0.83795041,0.44493684,0
-0.32919344,-2.6849008,-3.130187,-0.33554217,-0.53737581,-0.7737174,0
1.8127644,-4.7259016,-1.4978504,0.31602252,-0.83795041,0.44493684,0
0.81639707,0.79314977,4.0327177,0.33554217,0.53737581,0.7737174,0
-1.7392443,-1.4071085,1.8584884,-0.88743514,-0.095217109,0.45099065,0
-2.0217173,4.0922127,2.0021367,-0.88743514,-0.095217109,0.45099065,0
3.4925122,-1.2892065,0.73039782,0.88743514,0.095217109,-0.45099065,0
0.53085566,-1.1969746,5.6045132,0.33554217,0.53737581,0.7737174,0
-3.5317831,-0.53081119,-3.0985301,-0.33554217,-0.53737581,-0.7737174,0
0.64304781,-3.4734697,1.7633781,0.31602252,-0.83795041,0.44493684,0
0.65739679,-2.8701987,-3.6507859,-0.33554217,-0.53737581,-0.7737174,0
3.7589507,-1.1348089,3.7626836,0.31602252,-0.83795041,0.44493684,0
-0.58295417,0.90875143,-5.7309151,-0.33554217,-0.53737581,-0.7737174,0
2.8868089,-0.44351536,4.323863,0.33554217,0.53737581,0.7737174,0
-0.81825542,2.7583823,-3.5045855,-0.31602252,0.83795041,-0.44493684,0
1.1262903,3.7163644,-2.6083992,0.88743514,0.095217109,-0.45099065,0
3.6316741,0.029435635,3.5706816,0.33554217,0.53737581,0.7737174,0
1.6996131,0.63716137,3.948925,0.33554217,0.53737581,0.7737174,0
-1.7941766,2.7224514,-2.9635525,-0.31602252,0.83795041,-0.44493684,0
-4.2675982,1.3376195,-2.8080008,-0.88743514,-0.095217109,0.45099065,0
-0.67209816,4.0301352,-0.93941522,-0.31602252,0.83795041,-0.44493684,0
3.7443728,-1.2794622,3.9829984,0.31602252,-0.83795041,0.44493684,0
1.2882375,2.6402113,-2.2761953,0.88743514,0.095217109,-0.45099065,0
0.8271035,2.9531386,2.9853678,0.33554217,0.53737581,0.7737174,0
3.6864018,-1.1057544,4.1219053,0.31602252,-0.83795041,0.44493684,0
-2.7182236,-0.80265117,-3.4749873,-0.33554217,-0.53737581,-0.7737174,0
-0.1367631,4.111774,2.247117,0.33554217,0.53737581,0.7737174,0
-1.7886713,-2.6835322,1.3800638,-0.88743514,-0.095217109,0.45099065,0
-1.4869515,-1.6721443,-3.1182883,-0.33554217,-0.53737581,-0.7737174,0
-1.3304739,-4.7410879,1.0777746,0.31602252,-0.83795041,0.44493684,0
-0.90687561,3.8641658,2.9205871,0.33554217,0.53737581,0.7737174,0
-0.91426373,4.4271932,0.013505459,-0.31602252,0.83795041,-0.44493684,0
2.2934999,-2.1688585,-1.2298355,0.88743514,0.095217109,-0.45099065,0
-1.2077239,-4.9520378,0.75684905,0.31602252,-0.83795041,0.44493684,0
3.9208531,-1.8091152,3.2151005,0.31602252,-0.83795041,0.44493684,0
-0.91758817,-2.0944114,-3.4649463,-0.33554217,-0.53737581,-0.7737174,0
-1.809762,-4.8403187,-1.2376885,-0.33554217,-0.53737581,-0.7737174,0
-2.0784507,3.6509774,2.0672784,-0.88743514,-0.095217109,0.45099065,0
-1.96434,-0.83369982,1.3712261,-0.88743514,-0.095217109,0.45099065,0
-0.19361162,2.2616534,-4.8602247,-0.31602252,0.83795041,-0.44493684,0
0.44114685,-4.1511927,1.0250715,0.31602252,-0.83795041,0.44493684,0
-0.91458774,-4.9537864,0.49982381,0.31602252,-0.83795041,0.44493684,0
3.2274628,-0.068762779,0.4861747,0.88743514,0.095217109,-0.45099065,0
-2.1410861,-1.4590381,-2.9860215,-0.33554217,-0.53737581,-0.7737174,0
0.012626171,0.97770119,-5.4704294,0.88743514,0.095217109,-0.45099065,0
-1.3425696,-0.41396284,2.6710868,-0.88743514,-0.095217109,0.45099065,0
1.982198,-3.8045199,0.59154701,0.31602252,-0.83795041,0.44493684,0
2.9443371,-1.5329714,-0.16895391,0.88743514,0.095217109,-0.45099065,0
3.9114704,1.195164,2.8118095,0.33554217,0.53737581,0.7737174,0
-1.0021908,2.948024,3.4358177,0.33554217,0.53737581,0.7737174,0
-1.867702,3.5792351,2.5357137,-0.88743514,-0.095217109,0.45099065,0
-0.33381963,-4.9199347,-1.6362934,-0.33554217,-0.53737581,-0.7737174,0
-1.2376235,-4.9018903,0.78294086,0.31602252,-0.83795041,0.44493684,0
-3.0635529,2.3145936,-2.589591,-0.31602252,0.83795041,-0.44493684,0
1.4719882,-4.6452594,-2.6172156,-0.33554217,-0.53737581,-0.7737174,0
0.055687428,3.9863644,-1.6971165,-0.31602252,0.83795041,-0.44493684,0
-0.60646927,1.4325125,4.4710603,0.33554217,0.53737581,0.7737174,0
0.27175713,3.0863433,-3.1949244,-0.31602252,0.83795041,-0.44493684,0
-4.6377439,0.55148482,-3.5459013,-0.88743514,-0.095217109,0.45099065,0
-2.6161647,-1.6270609,0.23477447,-0.88743514,-0.095217109,0.45099065,0
1.9691176,-4.9513826,-1.7843468,0.31602252,-0.83795041,0.44493684,0
-1.4534876,-4.1806231,1.3752817,-0.88743514,-0.095217109,0.45099065,0
1.8005559,-0.80467463,-2.4178939,0.88743514,0.095217109,-0.45099065,0
-3.0662401,-1.903334,-1.2996159,-0.88743514,-0.095217109,0.45099065,0
-1.6262922,1.8914542,-4.4492788,-0.31602252,0.83795041,-0.44493684,0
1.999342,-1.5545557,4.3616567,0.31602252,-0.83795041,0.44493684,0
-3.1697631,-0.83656907,-0.54167688,-0.88743514,-0.095217109,0.45099065,0
0.90079904,-0.57360137,4.937479,0.33554217,0.53737581,0.7737174,0
-2.9471633,3.1808538,-0.53859556,-0.31602252,0.83795041,-0.44493684,0
-0.40113881,1.4723797,4.3858256,0.33554217,0.53737581,0.7737174,0
-4.3556347,1.6405697,-3.006465,-0.31602252,0.83795041,-0.44493684,0
3.448009,-2.9461546,1.3116908,0.31602252,-0.83795041,0.44493684,0
-2.1288633,-2.5972066,0.75506485,-0.88743514,-0.095217109,0.45099065,0
1.5753756,1.8519552,-2.3681011,0.88743514,0.095217109,-0.45099065,0
-1.6492376,-0.11766195,1.943069,-0.88743514,-0.095217109,0.45099065,0
-1.3246796,3.2065904,-1.7468753,-0.31602252,0.83795041,-0.44493684,0
-1.877142,1.6794801,1.9500777,-0.88743514,-0.095217109,0.45099065,0
-0.066994011,3.0113561,2.940424,0.33554217,0.53737581,0.7737174,0
1.1195161,3.5137198,2.2729716,0.33554217,0.53737581,0.7737174,0
-1.8239937,-5.3524008,0.62041521,0.31602252,-0.83795041,0.44493684,0
0.53532994,1.2548994,4.0819883,0.33554217,0.53737581,0.7737174,0
2.6004362,3.1403074,0.50992489,0.88743514,0.095217109,-0.45099065,0
2.9166486,-1.4181731,-0.54350495,0.88743514,0.095217109,-0.45099065,0
2.1614878,-3.6931624,-2.3893888,0.88743514,0.095217109,-0.45099065,0
-2.9891717,-2.1489408,-2.2084627,-0.33554217,-0.53737581,-0.7737174,0
-0.10238242,-4.7096014,-1.6905642,-0.33554217,-0.53737581,-0.7737174,0
1.038525,-0.90901423,-3.4509761,0.88743514,0.095217109,-0.45099065,0
-2.515485,3.0564401,1.0150445,-0.88743514,-0.095217109,0.45099065,0
1.2786279,-3.1459336,1.9406277,0.31602252,-0.83795041,0.44493684,0
-0.027870953,-1.6632653,-3.9493065,-0.33554217,-0.53737581,-0.7737174,0
-2.3747613,-0.2977519,1.1798463,-0.88743514,-0.095217109,0.45099065,0
-1.6859207,-4.6022167,-1.2253132,-0.33554217,-0.53737581,-0.7737174,0
-1.5412575,-3.044138,-2.1685324,-0.33554217,-0.53737581,-0.7737174,0
0.034523487,3.4738104,-2.8222704,-0.31602252,0.83795041,-0.44493684,0
3.1257472,1.2053715,2.7259533,0.33554217,0.53737581,0.7737174,0
-2.1282959,-0.62938905,1.5979886,-0.88743514,-0.095217109,0.45099065,0
-1.487303,1.0675628,-5.0125227,-0.33554217,-0.53737581,-0.7737174,0
-1.7861516,-0.028122902,1.9758576,-0.88743514,-0.095217109,0.45099065,0
-1.0263166,5.0055079,2.0003152,0.33554217,0.53737581,0.7737174,0
-1.9917707,-5.1448097,-0.70458412,-0.33554217,-0.53737581,-0.7737174,0
2.4961443,3.2428801,1.6138351,0.33554217,0.53737581,0.7737174,0
-0.96142697,-5.1458974,0.2766118,0.31602252,-0.83795041,0.44493684,0
0.93685555,-2.0553815,-3.7991989,0.88743514,0.095217109,-0.45099065,0
-3.1550393,2.208461,0.10404167,-0.88743514,-0.095217109,0.45099065,0
-2.7328184,1.7783608,0.77717167,-0.88743514,-0.095217109,0.45099065,0
-3.1025252,-1.182672,-3.1602192,-0.33554217,-0.53737581,-0.7737174,0
-1.9003909,5.0691404,2.2218184,-0.31602252,0.83795041,-0.44493684,0
-0.90595824,-2.5805411,-3.1048775,-0.33554217,-0.53737581,-0.7737174,0
-2.2477479,0.95167112,-4.9895964,-0.33554217,-0.53737581,-0.7737174,0
2.4694712,-0.99047709,4.6497469,0.33554217,0.53737581,0.7737174,0
-1.6170642,-1.3420637,-3.3034015,-0.33554217,-0.53737581,-0.7737174,0
-2.3780723,-3.958878,-1.3262115,-0.33554217,-0.53737581,-0.7737174,0
2.4194782,-3.7988634,-1.7819231,0.88743514,0.095217109,-0.45099065,0
-3.8942537,0.85468745,-1.9408474,-0.88743514,-0.095217109,0.45099065,0
0.88511759,-2.0806954,-3.8766539,-0.33554217,-0.53737581,-0.7737174,0
1.1032526,1.5561988,-3.4572964,0.88743514,0.095217109,-0.45099065,0
-0.33887291,1.0808893,-5.7049327,-0.33554217,-0.53737581,-0.7737174,0
-0.38604999,-4.6441226,-1.6124678,-0.33554217,-0.53737581,-0.7737174,0
-0.32939237,1.049099,4.5555673,0.33554217,0.53737581,0.7737174,0
3.9735546,1.0293057,2.2980139,0.88743514,0.095217109,-0.45099065,0
-3.6325104,1.3462706,-1.3014964,-0.88743514,-0.095217109,0.45099065,0
2.7315006,-0.20243055,4.1197777,0.33554217,0.53737581,0.7737174,0
2.8547099,-3.1037462,-0.17184091,0.88743514,0.095217109,-0.45099065,0
1.7322552,-4.5208044,-1.0066681,0.31602252,-0.83795041,0.44493684,0
-3.4771922,1.3658168,-0.76171923,-0.88743514,-0.095217109,0.45099065,0
-0.24005353,3.2015376,2.9419651,0.33554217,0.53737581,0.7737174,0
0.53067684,-4.9733329,-0.42635655,0.31602252,-0.83795041,0.44493684,0
0.55856383,-3.0703106,-3.4652438,-0.33554217,-0.53737581,-0.7737174,0
1.3958509,-3.9523149,0.4972508,0.31602252,-0.83795041,0.44493684,0
-1.2846479,1.8659475,-4.5688348,-0.31602252,0.83795041,-0.44493684,0
1.8501973,-2.1328521,-2.1366589,0.88743514,0.095217109,-0.45099065,0
3.8918471,-1.403237,3.4556503,0.31602252,-0.83795041,0.44493684,0
1.2121308,-4.4462347,0.012901306,0.31602252,-0.83795041,0.44493684,0
2.034483,-2.3399272,2.9102864,0.31602252,-0.83795041,0.44493684,0
-0.38510799,-5.3509626,-1.315526,-0.33554217,-0.53737581,-0.7737174,0
3.4325538,1.6659278,2.7024016,0.33554217,0.53737581,0.7737174,0
1.6418042,-3.4460576,-3.4119358,0.88743514,0.095217109,-0.45099065,0
2.6711493,-1.1521616,-0.55330539,0.88743514,0.095217109,-0.45099065,0
-3.6822951,-1.5649203,-1.9016161,-0.88743514,-0.095217109,0.45099065,0
0.90164566,-1.9550452,4.7404585,0.31602252,-0.83795041,0.44493684,0
-1.5652019,3.0946014,3.3249376,-0.88743514,-0.095217109,0.45099065,0
0.10444832,-4.8509712,0.22841811,0.31602252,-0.83795041,0.44493684,0
1.4261942,-1.4361452,5.3172703,0.31602252,-0.83795041,0.44493684,0
-0.36008596,2.6659572,3.4762945,0.33554217,0.53737581,0.7737174,0
-1.5021718,-0.00085619092,-4.5339732,-0.33554217,-0.53737581,-0.7737174,0
-0.9308778,-0.75875545,3.9027476,-0.88743514,-0.095217109,0.45099065,0
-2.3661435,-4.4781766,0.26570749,-0.88743514,-0.095217109,0.45099065,0
0.83648944,-4.8637195,-2.0670094,-0.33554217,-0.53737581,-0.7737174,0
-3.0923758,-3.1878269,-0.8907032,-0.88743514,-0.095217109,0.45099065,0
-3.8313766,2.5816355,-1.4922177,-0.31602252,0.83795041,-0.44493684,0
0.98368526,5.2155905,0.27768326,-0.31602252,0.83795041,-0.44493684,0
-2.218564,1.885797,1.3834742,-0.88743514,-0.095217109,0.45099065,0
-1.6969028,3.4330397,-1.7122294,-0.31602252,0.83795041,-0.44493684,0
1.6939082,-2.9390953,2.5360599,0.31602252,-0.83795041,0.44493684,0
0.11095786,3.2874479,-2.945318,-0.31602252,0.83795041,-0.44493684,0
2.0253649,-2.8189983,2.2073817,0.31602252,-0.83795041,0.44493684,0
0.99830616,3.6338177,2.3379631,0.33554217,0.53737581,0.7737174,0
-1.2461975,2.3160553,-3.3581443,-0.31602252,0.83795041,-0.44493684,0
2.9020977,-2.6332717,1.9771204,0.31602252,-0.83795041,0.44493684,0
-2.4629407,4.4492173,1.5946052,-0.88743514,-0.095217109,0.45099065,0
1.8626468,5.1290264,-0.70393062,-0.31602252,0.83795041,-0.44493684,0
-3.2092614,2.0958776,-3.1594064,-0.31602252,0.83795041,-0.44493684,0
-4.0318699,0.96221948,-2.591615,-0.88743514,-0.095217109,0.45099065,0
-1.2909205,-5.229363,-0.85023499,-0.33554217,-0.53737581,-0.7737174,0
-1.827118,1.347595,2.56494,-0.88743514,-0.095217109,0.45099065,0
-2.2581091,-2.6358707,0.22091794,-0.88743514,-0.095217109,0.45099065,0
-1.9008965,-2.2542732,1.5902729,-0.88743514,-0.095217109,0.45099065,0
0.078019559,-2.779381,-3.3968916,-0.33554217,-0.53737581,-0.7737174,0
3.7190044,-0.55942059,4.0153246,0.33554217,0.53737581,0.7737174,0
-1.4319682,1.6941165,-4.7761288,-0.31602252,0.83795041,-0.44493684,0
2.7528377,0.92316425,-0.2795729,0.88743514,0.095217109,-0.45099065,0
0.5321629,-3.2971232,2.0679624,0.31602252,-0.83795041,0.44493684,0
-0.10823321,-1.1996468,5.1251507,-0.88743514,-0.095217109,0.45099065,0
-0.74019599,-4.241076,-2.0350947,-0.33554217,-0.53737581,-0.7737174,0
-1.2994624,-2.2260678,-3.2184901,-0.33554217,-0.53737581,-0.7737174,0
3.1938734,-0.49960279,0.82640004,0.88743514,0.095217109,-0.45099065,0
1.8279808,0.71900833,-1.7699249,0.88743514,0.095217109,-0.45099065,0
0.98106813,0.21814823,4.4919934,0.33554217,0.53737581,0.7737174,0
-1.6860507,-5.3575144,0.36072516,0.31602252,-0.83795041,0.44493684,0
1.379014,-3.9897394,0.55049509,0.31602252,-0.83795041,0.44493684,0
3.1026397,2.4337118,2.294199,0.33554217,0.53737581,0.7737174,0
1.9906464,-1.9568787,-2.3814979,0.88743514,0.095217109,-0.45099065,0
-0.36170149,-4.6386147,-1.6896648,-0.33554217,-0.53737581,-0.7737174,0
-0.9535116,-4.6701646,-1.5566101,-0.33554217,-0.53737581,-0.7737174,0
0.8242389,0.70564216,4.4308052,0.33554217,0.53737581,0.7737174,0
0.21258736,2.5034566,-4.6347041,-0.31602252,0.83795041,-0.44493684,0
-1.1353076,-2.8425486,-2.6239462,-0.33554217,-0.53737581,-0.7737174,0
0.19419765,-3.3702393,2.5226083,0.31602252,-0.83795041,0.44493684,0
-0.64127743,2.03495,4.101614,0.33554217,0.53737581,0.7737174,0
-0.27904636,-2.5885544,-3.2159276,-0.33554217,-0.53737581,-0.7737174,0
-1.5279568,-2.5476091,-2.4826481,-0.33554217,-0.53737581,-0.7737174,0
-0.78254104,-2.2601891,3.2439411,-0.88743514,-0.095217109,0.45099065,0
0.18368673,3.8229785,-1.8778329,-0.31602252,0.83795041,-0.44493684,0
-4.7021523,0.84561849,-3.9279366,-0.31602252,0.83795041,-0.44493684,0
-3.3179004,3.5724323,0.2112534,-0.88743514,-0.095217109,0.45099065,0
-1.150812,-3.6678667,-2.183701,-0.33554217,-0.53737581,-0.7737174,0
0.84002852,-4.2430491,0.25476563,0.31602252,-0.83795041,0.44493684,0
-2.0017943,3.8187594,-0.12716758,-0.31602252,0.83795041,-0.44493684,0
3.2040982,-1.1403294,4.3656321,0.33554217,0.53737581,0.7737174,0
2.0891702,-4.1990185,-2.310317,0.88743514,0.095217109,-0.45099065,0
-0.9236955,-0.11492634,3.6140065,-0.88743514,-0.095217109,0.45099065,0
2.2463059,4.3990183,-0.22839713,0.88743514,0.095217109,-0.45099065,0
2.1118159,1.2180505,3.5418577,0.33554217,0.53737581,0.7737174,0
-0.82143819,-0.61183333,3.3920765,-0.88743514,-0.095217109,0.45099065,0
1.5984429,0.010130167,-2.4191368,0.88743514,0.095217109,-0.45099065,0
1.5774174,2.1209905,3.2188015,0.33554217,0.53737581,0.7737174,0
-1.0369635,1.4545738,-5.4815817,-0.31602252,0.83795041,-0.44493684,0
-0.54521227,0.039642096,-4.9204431,-0.33554217,-0.53737581,-0.7737174,0
1.1014161,-4.0004911,0.33326507,0.31602252,-0.83795041,0.44493684,0
3.8697896,-0.53591251,1.623059,0.88743514,0.095217109,-0.45099065,0
-2.6077907,-2.5138981,-2.0563054,-0.33554217,-0.53737581,-0.7737174,0
1.2994547,-1.1125219,-3.6452355,0.88743514,0.095217109,-0.45099065,0
2.088623,3.2972982,-0.46647716,0.88743514,0.095217109,-0.45099065,0
-0.68207192,4.1649971,2.4835243,0.33554217,0.53737581,0.7737174,0
1.124896,-4.2119579,-2.8711338,-0.33554217,-0.53737581,-0.7737174,0
0.39499426,4.6138287,-0.27946234,-0.31602252,0.83795041,-0.44493684,0
-3.25243,-2.5272665,-1.2732422,-0.88743514,-0.095217109,0.45099065,0
-1.4854803,-0.10494411,-4.6503768,-0.33554217,-0.53737581,-0.7737174,0
1.8221838,-4.1026525,-0.10283482,0.31602252,-0.83795041,0.44493684,0
2.5545406,-0.052507401,3.8617928,0.33554217,0.53737581,0.7737174,0
-0.34118941,-2.842366,-2.8706877,-0.33554217,-0.53737581,-0.7737174,0
-0.32165432,2.8767753,-3.2749772,-0.31602252,0.83795041,-0.44493684,0
-2.894794,2.1751289,-3.2862606,-0.31602252,0.83795041,-0.44493684,0
-2.0290246,2.7065663,-2.5364769,-0.31602252,0.83795041,-0.44493684,0
-1.0337658,-5.5399957,-0.82278585,0.31602252,-0.83795041,0.44493684,0
-0.24700379,-4.8823404,0.21894574,0.31602252,-0.83795041,0.44493684,0
4.1677551,-1.5513418,2.6639426,0.31602252,-0.83795041,0.44493684,0
2.1293526,2.4054155,-1.0334144,0.88743514,0.095217109,-0.45099065,0
-2.069839,1.4668391,-4.5206966,-0.31602252,0.83795041,-0.44493684,0
0.82706165,-2.5157948,4.0805264,0.31602252,-0.83795041,0.44493684,0
-3.2139831,-3.0128684,-1.6710792,-0.33554217,-0.53737581,-0.7737174,0
-1.1409569,-3.2469811,3.0438032,-0.88743514,-0.095217109,0.45099065,0
-3.4804995,2.6934695,-0.94953471,-0.88743514,-0.095217109,0.45099065,0
0.79541701,-2.9211822,-3.2588718,-0.33554217,-0.53737581,-0.7737174,0
-1.8019605,1.7214968,2.222738,-0.88743514,-0.095217109,0.45099065,0
-0.30561447,-4.6534009,-1.6240673,-0.33554217,-0.53737581,-0.7737174,0
1.142633,-0.79974663,5.3936005,0.33554217,0.53737581,0.7737174,0
-1.8240696,2.5909102,2.1668832,-0.88743514,-0.095217109,0.45099065,0
1.5978682,-2.2730191,3.2418957,0.31602252,-0.83795041,0.44493684,0
-1.3642983,3.4988017,-1.158239,-0.31602252,0.83795041,-0.44493684,0
3.0195315,1.4523258,0.38538039,0.88743514,0.095217109,-0.45099065,0
1.7598667,-4.3521109,-0.11550736,0.31602252,-0.83795041,0.44493684,0
-0.70350718,-1.8515396,3.4487033,-0.88743514,-0.095217109,0.45099065,0
2.3477066,-4.025003,-0.38715374,0.31602252,-0.83795041,0.44493684,0
-3.1564488,-1.0569446,-2.9650023,-0.33554217,-0.53737581,-0.7737174,0
2.4795225,-3.5230503,-1.8047037,0.88743514,0.095217109,-0.45099065,0
-3.1410685,0.51818871,-4.0921187,-0.33554217,-0.53737581,-0.7737174,0
-1.9245033,3.3540726,-1.3936758,-0.31602252,0.83795041,-0.44493684,0
3.8300111,-0.69862795,1.5504242,0.88743514,0.095217109,-0.45099065,0
0.098977566,-3.9067454,1.6807001,0.31602252,-0.83795041,0.44493684,0
2.3250012,0.75291425,3.6163585,0.33554217,0.53737581,0.7737174,0
1.0126257,1.9603508,3.3888245,0.33554217,0.53737581,0.7737174,0
0.13867831,-4.6921501,0.19763255,0.31602252,-0.83795041,0.44493684,0
-0.98199725,-0.00057077408,-4.7994208,-0.33554217,-0.53737581,-0.7737174,0
0.32899785,-5.0862608,-0.77942467,0.31602252,-0.83795041,0.44493684,0
-1.7667751,-1.8089321,-2.8957705,-0.33554217,-0.53737581,-0.7737174,0
-0.4421339,-4.5804515,-1.8525944,-0.33554217,-0.53737581,-0.7737174,0
-3.442615,-2.5100629,-2.0411739,-0.88743514,-0.095217109,0.45099065,0
-0.18888435,-1.9729046,-3.4806652,-0.33554217,-0.53737581,-0.7737174,0
-2.2724409,3.1276827,-1.5948561,-0.31602252,0.83795041,-0.44493684,0
2.8591838,3.0798333,1.5492747,0.33554217,0.53737581,0.7737174,0
-2.268944,-4.4599428,-1.2123194,-0.33554217,-0.53737581,-0.7737174,0
-1.69997,1.75208,2.7099717,-0.88743514,-0.095217109,0.45099065,0
1.2276239,2.9905131,2.3156807,0.33554217,0.53737581,0.7737174,0
0.13852447,1.644853,3.7149556,0.33554217,0.53737581,0.7737174,0
0.85586393,1.8863109,-3.1060457,0.88743514,0.095217109,-0.45099065,0
-3.2015319,1.2204415,-4.0412855,-0.31602252,0.83795041,-0.44493684,0
-1.145232,0.49885464,3.1432538,-0.88743514,-0.095217109,0.45099065,0
0.88276529,-0.8414132,5.1343307,0.33554217,0.53737581,0.7737174,0
0.38197517,-2.9717159,2.8151395,0.31602252,-0.83795041,0.44493684,0
-0.21615863,4.8626628,1.9131866,0.33554217,0.53737581,0.7737174,0
2.3559725,-4.6377459,-1.1056325,0.31602252,-0.83795041,0.44493684,0
0.57925677,4.4246297,-1.4831477,-0.31602252,0.83795041,-0.44493684,0
-2.450515,3.7807448,1.5096185,-0.88743514,-0.095217109,0.45099065,0
-3.0330586,2.7298691,-1.3229543,-0.31602252,0.83795041,-0.44493684,0
0.20438671,4.2938108,-1.4277176,-0.31602252,0.83795041,-0.44493684,0
2.0166931,-1.9630226,4.1578102,0.31602252,-0.83795041,0.44493684,0
-3.0734544,-3.2294164,-1.0136933,-0.88743514,-0.095217109,0.45099065,0
1.2788157,4.4885058,1.6680303,0.33554217,0.53737581,0.7737174,0
-1.6794332,-4.1247096,-1.4257336,-0.33554217,-0.53737581,-0.7737174,0
-4.2747769,0.22255993,-3.0761039,-0.88743514,-0.095217109,0.45099065,0
-1.7971208,-2.9521017,1.537816,-0.88743514,-0.095217109,0.45099065,0
1.943176,1.5342591,3.0653923,0.33554217,0.53737581,0.7737174,0
2.543654,1.0731695,3.463469,0.33554217,0.53737581,0.7737174,0
3.3247566,-1.7225168,0.3563875,0.88743514,0.095217109,-0.45099065,0
0.3728745,3.023644,-3.1112001,-0.31602252,0.83795041,-0.44493684,0
-3.0791888,3.0730751,-1.3202176,-0.31602252,0.83795041,-0.44493684,0
4.3487506,-1.8402171,2.2171848,0.88743514,0.095217109,-0.45099065,0
-0.24652076,3.8932202,-1.227753,-0.31602252,0.83795041,-0.44493684,0
1.4047172,-3.5450182,0.9815076,0.31602252,-0.83795041,0.44493684,0
-1.5836848,-0.014866829,2.4777379,-0.88743514,-0.095217109,0.45099065,0
-1.383455,2.0249536,-3.8263774,-0.31602252,0.83795041,-0.44493684,0
1.2857041,-0.74256968,-2.8953228,0.88743514,0.095217109,-0.45099065,0
-2.1705637,-0.70959896,-3.712364,-0.33554217,-0.53737581,-0.7737174,0
-3.0933225,-3.1905942,-1.5971193,-0.33554217,-0.53737581,-0.7737174,0
0.1352632,0.70231318,-4.7030182,0.88743514,0.095217109,-0.45099065,0
-3.7061539,-1.6883957,-2.2565763,-0.88743514,-0.095217109,0.45099065,0
-1.0485358,2.6775825,3.7619443,-0.88743514,-0.095217109,0.45099065,0
1.6303265,-4.9446449,-2.6213055,-0.33554217,-0.53737581,-0.7737174,0
2.2945926,3.1864712,-0.24307466,0.88743514,0.095217109,-0.45099065,0
1.5951548,-2.4972961,3.2709494,0.31602252,-0.83795041,0.44493684,0
2.2683687,4.6161404,0.94789505,0.33554217,0.53737581,0.7737174,0
3.851023,-0.078223467,1.9283221,0.88743514,0.095217109,-0.45099065,0
2.7996922,3.1749945,0.93846393,0.88743514,0.095217109,-0.45099065,0
-0.58994842,-5.0164108,-1.611784,-0.33554217,-0.53737581,-0.7737174,0
-2.2196786,-1.9791141,-2.6005418,-0.33554217,-0.53737581,-0.7737174,0
0.78506589,-5.002264,-0.83566642,0.31602252,-0.83795041,0.44493684,0
-1.834548,2.0038428,-3.5306375,-0.31602252,0.83795041,-0.44493684,0
-2.1899109,-5.1025829,-0.53587508,-0.33554217,-0.53737581,-0.7737174,0
2.7050989,1.4632504,-0.30463791,0.88743514,0.095217109,-0.45099065,0
0.41302228,0.072966099,-5.0682797,0.88743514,0.095217109,-0.45099065,0
0.5718503,-3.5032458,2.0566113,0.31602252,-0.83795041,0.44493684,0
2.0013998,-2.4936681,2.6453397,0.31602252,-0.83795041,0.44493684,0
0.7443378,4.8400865,-0.14465332,-0.31602252,0.83795041,-0.44493684,0
0.66257596,5.1930838,0.082881689,-0.31602252,0.83795041,-0.44493684,0
-2.6026206,-3.0894763,-0.51000667,-0.88743514,-0.095217109,0.45099065,0
-0.73177505,5.0049639,0.97533989,-0.31602252,0.83795041,-0.44493684,0
-2.4042478,2.1373799,1.2704422,-0.88743514,-0.095217109,0.45099065,0
-2.8988385,0.14067268,-0.43913519,-0.88743514,-0.095217109,0.45099065,0
-1.1511077,-0.52898574,3.5645828,-0.88743514,-0.095217109,0.45099065,0
2.3830252,-2.414979,-1.2216001,0.88743514,0.095217109,-0.45099065,0
-0.36146855,-5.014564,-0.059749603,0.31602252,-0.83795041,0.44493684,0
3.6107347,-1.8857,0.91831619,0.88743514,0.095217109,-0.45099065,0
-1.2420979,3.2324812,-1.5816989,-0.31602252,0.83795041,-0.44493684,0
-3.4430189,1.2904987,-0.85314465,-0.88743514,-0.095217109,0.45099065,0
2.324574,-4.4522734,-1.9476285,0.88743514,0.095217109,-0.45099065,0
-0.1525774,3.1185246,-2.6909413,-0.31602252,0.83795041,-0.44493684,0
-2.1706867,3.2723505,-0.96489632,-0.31602252,0.83795041,-0.44493684,0
0.85232162,-5.1709523,-1.7487626,-0.33554217,-0.53737581,-0.7737174,0
3.0374546,2.7297144,2.0598984,0.33554217,0.53737581,0.7737174,0
-1.7045035,-0.19906759,2.3820429,-0.88743514,-0.095217109,0.45099065,0
-1.6440454,2.6423254,-3.1746573,-0.31602252,0.83795041,-0.44493684,0
-1.0042601,1.2554557,3.7472439,-0.88743514,-0.095217109,0.45099065,0
2.0735481,2.9372444,2.0737982,0.33554217,0.53737581,0.7737174,0
1.4021847,3.8677497,-1.8940966,0.88743514,0.095217109,-0.45099065,0
0.19481111,5.0639415,0.51851964,-0.31602252,0.83795041,-0.44493684,0
-0.29965878,2.0922949,-5.2309332,-0.31602252,0.83795041,-0.44493684,0
0.36173773,-1.1356519,5.7494931,0.33554217,0.53737581,0.7737174,0
-3.1531084,-0.98911947,-3.0125878,-0.33554217,-0.53737581,-0.7737174,0
-1.6404822,-4.1274576,-1.6750484,-0.33554217,-0.53737581,-0.7737174,0
-0.27274656,-2.5924449,4.4712367,0.31602252,-0.83795041,0.44493684,0
1.0588455,-0.11588836,-3.5558403,0.88743514,0.095217109,-0.45099065,0
-2.3124132,2.5951881,-2.0904603,-0.31602252,0.83795041,-0.44493684,0
2.4625826,4.2929363,0.4974041,0.88743514,0.095217109,-0.45099065,0
-2.3277888,2.4278793,-2.7067614,-0.31602252,0.83795041,-0.44493684,0
-1.0048695,-4.2155924,1.9156063,0.31602252,-0.83795041,0.44493684,0
3.4603872,-0.9295727,4.4330301,0.33554217,0.53737581,0.7737174,0
1.5653991,0.62793648,-2.5502892,0.88743514,0.095217109,-0.45099065,0
1.9639932,1.77759,2.924859,0.33554217,0.53737581,0.7737174,0
-0.059991382,2.3480525,3.8081646,0.33554217,0.53737581,0.7737174,0
-2.1831751,4.7019529,1.7442131,-0.31602252,0.83795041,-0.44493684,0
1.570909,-3.2724137,1.3754469,0.31602252,-0.83795041,0.44493684,0
-2.2374651,-3.405549,0.48656642,-0.88743514,-0.095217109,0.45099065,0
-1.9280546,-5.5921731,0.073288202,0.31602252,-0.83795041,0.44493684,0
1.9524589,4.302609,1.1972961,0.33554217,0.53737581,0.7737174,0
2.3125501,-3.7422969,-1.5583565,0.88743514,0.095217109,-0.45099065,0
-2.8583488,-1.9879935,-0.3265326,-0.88743514,-0.095217109,0.45099065,0
0.71202374,-3.8766968,1.4075568,0.31602252,-0.83795041,0.44493684,0
-1.7706456,4.0164208,3.0348511,0.33554217,0.53737581,0.7737174,0
-0.15647149,-4.8369799,-1.5780287,-0.33554217,-0.53737581,-0.7737174,0
-2.0841281,-2.433578,-2.5968397,-0.33554217,-0.53737581,-0.7737174,0
-1.7761207,1.4247454,-4.9672966,-0.31602252,0.83795041,-0.44493684,0
1.7604256,-1.1302574,-2.5031071,0.88743514,0.095217109,-0.45099065,0
-2.1365237,2.164762,-3.2904716,-0.31602252,0.83795041,-0.44493684,0
-0.98337626,-4.8933039,0.34348345,0.31602252,-0.83795041,0.44493684,0
1.4759609,0.82405555,-2.0924642,0.88743514,0.095217109,-0.45099065,0
-1.5504454,3.1949112,3.3674564,0.33554217,0.53737581,0.7737174,0
-3.1741087,2.7979798,0.093971133,-0.88743514,-0.095217109,0.45099065,0
1.3171918,0.30464411,-2.4512563,0.88743514,0.095217109,-0.45099065,0
-1.8225479,5.1472526,1.5896816,-0.31602252,0.83795041,-0.44493684,0
-0.11140698,-1.4808688,-4.3018408,-0.33554217,-0.53737581,-0.7737174,0
-1.9509802,-1.802561,0.88769305,-0.88743514,-0.095217109,0.45099065,0
2.633203,-3.7944491,-0.036547661,0.31602252,-0.83795041,0.44493684,0
3.1842399,-2.6840363,0.2426381,0.88743514,0.095217109,-0.45099065,0
-1.6131363,2.6886094,-2.5727215,-0.31602252,0.83795041,-0.44493684,0
-2.5410094,1.1823727,-4.7365761,-0.31602252,0.83795041,-0.44493684,0
-0.3473891,0.15263414,5.0710711,-0.88743514,-0.095217109,0.45099065,0
-2.8569174,1.3490342,-4.0719028,-0.31602252,0.83795041,-0.44493684,0
1.470909,2.3719096,2.6571012,0.33554217,0.53737581,0.7737174,0
-3.3291101,3.3598526,-0.47938445,-0.31602252,0.83795041,-0.44493684,0
0.61568779,3.5061502,2.4143019,0.33554217,0.53737581,0.7737174,0
1.2218354,-4.2104368,-2.5871758,-0.33554217,-0.53737581,-0.7737174,0
-1.7539406,3.4426508,-1.4791019,-0.31602252,0.83795041,-0.44493684,0
0.18827774,-1.8946629,-4.0694389,-0.33554217,-0.53737581,-0.7737174,0
1.1718411,-4.721983,-2.1875234,-0.33554217,-0.53737581,-0.7737174,0
-3.9570854,0.98622751,-2.4554236,-0.88743514,-0.095217109,0.45099065,0
-4.0708742,-0.59579325,-2.6046031,-0.88743514,-0.095217109,0.45099065,0
-1.4902594,4.3365984,0.24000216,-0.31602252,0.83795041,-0.44493684,0
1.0800176,-2.2173409,3.8164237,0.31602252,-0.83795041,0.44493684,0
-2.1069424,-1.0804803,-3.3439314,-0.33554217,-0.53737581,-0.7737174,0
1.0884488,5.2512689,0.37780237,-0.31602252,0.83795041,-0.44493684,0
3.1022613,0.71046573,3.4348319,0.33554217,0.53737581,0.7737174,0
2.9770679,-0.61323023,4.1996098,0.33554217,0.53737581,0.7737174,0
0.74087483,-2.4794633,-4.0091796,-0.33554217,-0.53737581,-0.7737174,0
-3.3255205,0.80974865,-0.41765153,-0.88743514,-0.095217109,0.45099065,0
-0.7124753,4.8472009,0.21223998,-0.31602252,0.83795041,-0.44493684,0
-1.2218008,-0.81089491,-4.2001081,-0.33554217,-0.53737581,-0.7737174,0
-3.0878456,-1.8201653,-0.94039464,-0.88743514,-0.095217109,0.45099065,0
1.6014528,-2.6657703,-2.8267663,0.88743514,0.095217109,-0.45099065,0
-3.6312132,-0.78670585,-1.6655562,-0.88743514,-0.095217109,0.45099065,0
