-2.6514962,4.0200682,-0.045885742,-0.55324125,0.55657941,0.61979294,0
-2.4279063,2.7531581,0.90557432,-0.55324125,0.55657941,0.61979294,0
2.7008576,2.9703243,-3.9701602,0.3778542,0.83075523,-0.40874416,0
1.6546226,3.1671705,-4.6533275,0.3778542,0.83075523,-0.40874416,0
-1.7224659,-3.9313865,2.7643433,-0.3778542,-0.83075523,0.40874416,0
0.018768311,-1.7691572,-3.7544036,0.55324125,-0.55657941,-0.61979294,0
-0.083896577,3.898174,-3.774364,-0.74239486,0.0080572963,-0.66991401,0
1.1875463,-0.48853004,-4.2390132,0.55324125,-0.55657941,-0.61979294,0
0.105479,5.110209,-1.7093196,0.3778542,0.83075523,-0.40874416,0
-2.093245,-2.2417479,5.2582703,-0.3778542,-0.83075523,0.40874416,0
1.9037099,2.3519683,-5.3241882,0.3778542,0.83075523,-0.40874416,0
2.6673236,1.3300662,0.9005971,0.74239486,-0.0080572963,0.66991401,0
5.4837613,2.1111054,-2.2466569,0.74239486,-0.0080572963,0.66991401,0
-3.602695,1.4931803,0.33931839,-0.74239486,0.0080572963,-0.66991401,0
1.7196305,1.5493553,-5.3780432,0.55324125,-0.55657941,-0.61979294,0
2.1600547,3.5227671,-2.9483807,0.3778542,0.83075523,-0.40874416,0
2.6289225,3.7593226,0.60384464,0.74239486,-0.0080572963,0.66991401,0
2.5039911,3.634814,-2.2082648,0.3778542,0.83075523,-0.40874416,0
0.57222813,-2.1021473,3.0094872,0.74239486,-0.0080572963,0.66991401,0
4.2520566,1.736274,-1.1887808,0.74239486,-0.0080572963,0.66991401,0
-1.4176782,2.0263278,-1.9912516,-0.74239486,0.0080572963,-0.66991401,0
1.5641391,5.4236159,-0.053666115,0.3778542,0.83075523,-0.40874416,0
-3.3310966,-3.4168739,2.5550399,-0.3778542,-0.83075523,0.40874416,0
1.572023,1.3807144,1.7150626,0.74239486,-0.0080572963,0.66991401,0
-0.70014334,4.4374418,0.89149249,-0.55324125,0.55657941,0.61979294,0
1.9448571,-3.5850973,-0.67110455,0.55324125,-0.55657941,-0.61979294,0
1.6750765,-3.9537756,-0.63634557,0.55324125,-0.55657941,-0.61979294,0
2.4728749,0.6713686,-4.1885104,0.55324125,-0.55657941,-0.61979294,0
3.0597308,-1.713227,0.54329193,0.74239486,-0.0080572963,0.66991401,0
4.3892498,3.4132471,-1.535758,0.3778542,0.83075523,-0.40874416,0
1.1271257,-1.5134313,-3.2507558,0.55324125,-0.55657941,-0.61979294,0
1.0339108,-3.9225218,-1.3783008,0.55324125,-0.55657941,-0.61979294,0
2.7203097,3.3972616,0.54387999,0.74239486,-0.0080572963,0.66991401,0
0.86822319,-0.42223173,-4.6170487,0.55324125,-0.55657941,-0.61979294,0
-1.2570262,-3.1850569,-2.5965562,-0.74239486,0.0080572963,-0.66991401,0
-1.0124087,5.8097649,-0.44315577,-0.55324125,0.55657941,0.61979294,0
-0.72641695,-1.8910728,4.2182465,0.74239486,-0.0080572963,0.66991401,0
-1.877587,1.8011739,-1.61798,-0.74239486,0.0080572963,-0.66991401,0
3.8296497,1.3564599,-0.52483797,0.74239486,-0.0080572963,0.66991401,0
1.0026522,-4.6960716,-0.2320689,0.55324125,-0.55657941,-0.61979294,0
-1.3868494,2.3314223,2.1703105,-0.55324125,0.55657941,0.61979294,0
0.30900717,1.6074547,3.3483536,0.74239486,-0.0080572963,0.66991401,0
-1.6041031,4.1134477,-1.6921524,-0.74239486,0.0080572963,-0.66991401,0
-3.6557744,-2.5507739,0.3182857,-0.74239486,0.0080572963,-0.66991401,0
-3.8393531,-3.1798365,1.825701,-0.3778542,-0.83075523,0.40874416,0
0.54971886,-1.6834142,-3.4657869,0.55324125,-0.55657941,-0.61979294,0
-2.5138028,-2.9769099,4.2645659,-0.3778542,-0.83075523,0.40874416,0
0.98140955,-3.7995024,-1.2786214,0.55324125,-0.55657941,-0.61979294,0
0.16623735,-2.0517678,-3.6896014,-0.74239486,0.0080572963,-0.66991401,0
0.0095944405,-3.1615195,-2.9039724,0.55324125,-0.55657941,-0.61979294,0
1.3790598,3.7336683,2.1688743,0.74239486,-0.0080572963,0.66991401,0
4.4255214,0.37367487,-1.9404373,0.55324125,-0.55657941,-0.61979294,0
3.3951068,1.7849292,-4.3681335,0.55324125,-0.55657941,-0.61979294,0
2.9447322,0.25716019,-3.1712739,0.55324125,-0.55657941,-0.61979294,0
0.68199825,-5.7501912,1.3941779,-0.3778542,-0.83075523,0.40874416,0
-3.8343954,1.4643145,1.0850768,-0.55324125,0.55657941,0.61979294,0
0.04257226,-0.093925834,-3.9515281,-0.74239486,0.0080572963,-0.66991401,0
0.12972975,5.6238103,1.0163481,-0.55324125,0.55657941,0.61979294,0
0.031670094,-4.3034711,-1.7921503,0.55324125,-0.55657941,-0.61979294,0
-3.6458662,1.8012941,1.078926,-0.55324125,0.55657941,0.61979294,0
-3.9978437,-3.5216124,1.5720434,-0.3778542,-0.83075523,0.40874416,0
-3.6700687,-3.55302,1.7444594,-0.3778542,-0.83075523,0.40874416,0
-1.7742677,5.9210677,-1.7530994,0.3778542,0.83075523,-0.40874416,0
3.9211373,-0.59212518,-1.631533,0.55324125,-0.55657941,-0.61979294,0
2.1527526,-3.0308151,-1.0861421,0.55324125,-0.55657941,-0.61979294,0
4.0436015,-1.7424471,-0.63513386,0.74239486,-0.0080572963,0.66991401,0
-3.1610317,0.61543489,-0.27508402,-0.74239486,0.0080572963,-0.66991401,0
-3.5199707,0.99284983,0.31696975,-0.74239486,0.0080572963,-0.66991401,0
-4.0069842,0.9670794,1.0642782,-0.55324125,0.55657941,0.61979294,0
2.4073713,-1.2016976,0.9506802,0.74239486,-0.0080572963,0.66991401,0
2.4976907,-4.5497255,1.0586514,0.74239486,-0.0080572963,0.66991401,0
-2.113194,-5.4292812,-0.79009891,-0.3778542,-0.83075523,0.40874416,0
-0.84542632,-4.8051534,1.8114963,-0.3778542,-0.83075523,0.40874416,0
-2.9742141,0.16394663,-0.71371531,-0.74239486,0.0080572963,-0.66991401,0
0.95272207,-0.60812682,-4.3900299,0.55324125,-0.55657941,-0.61979294,0
-5.3502417,-2.4473572,2.0663276,-0.3778542,-0.83075523,0.40874416,0
-1.4079757,2.6914933,2.2689981,-0.55324125,0.55657941,0.61979294,0
0.76186621,4.3433371,-2.7513783,0.3778542,0.83075523,-0.40874416,0
1.754673,4.7754755,1.8855815,0.74239486,-0.0080572963,0.66991401,0
1.0801818,-5.475008,2.176806,-0.3778542,-0.83075523,0.40874416,0
-1.9757613,0.78586197,-1.5672792,-0.74239486,0.0080572963,-0.66991401,0
1.1622517,-2.0789814,-2.4246054,0.55324125,-0.55657941,-0.61979294,0
2.8178916,-3.9219792,0.38116142,0.74239486,-0.0080572963,0.66991401,0
2.7108412,-1.7743726,0.87885654,0.74239486,-0.0080572963,0.66991401,0
4.0502558,0.77230239,-2.5219634,0.55324125,-0.55657941,-0.61979294,0
-2.4197683,-2.6732888,4.843524,-0.3778542,-0.83075523,0.40874416,0
1.0655925,1.7940426,2.4154568,0.74239486,-0.0080572963,0.66991401,0
5.017118,2.5794485,-2.0070553,0.3778542,0.83075523,-0.40874416,0
2.4460778,4.7773881,1.1101322,0.74239486,-0.0080572963,0.66991401,0
-0.71763778,-5.0212278,0.95032501,-0.3778542,-0.83075523,0.40874416,0
-3.2628155,-4.2635355,0.2277689,-0.3778542,-0.83075523,0.40874416,0
0.92710519,3.3076582,-4.4541388,0.3778542,0.83075523,-0.40874416,0
-2.9905753,-3.9307718,1.0528607,-0.3778542,-0.83075523,0.40874416,0
1.731869,-3.9864147,1.5461683,0.74239486,-0.0080572963,0.66991401,0
-2.2106874,-3.8507109,2.401613,-0.3778542,-0.83075523,0.40874416,0
-5.4713116,-1.906723,2.1872582,-0.74239486,0.0080572963,-0.66991401,0
-0.83075547,-0.93414795,-2.6406405,-0.74239486,0.0080572963,-0.66991401,0
-2.068341,-1.1696316,4.806716,-0.55324125,0.55657941,0.61979294,0
5.2672377,2.2564368,-1.8195176,0.74239486,-0.0080572963,0.66991401,0
2.9603844,-0.66701078,0.71902156,0.74239486,-0.0080572963,0.66991401,0
-0.89546084,5.5603747,-1.6988465,0.3778542,0.83075523,-0.40874416,0
-3.3662975,-2.2873156,-0.018012524,-0.74239486,0.0080572963,-0.66991401,0
4.7334275,0.77241087,-2.0855069,0.55324125,-0.55657941,-0.61979294,0
3.794301,-2.0635378,-0.40082192,0.74239486,-0.0080572963,0.66991401,0
-5.0390739,-1.2132134,2.4211555,-0.55324125,0.55657941,0.61979294,0
-3.7536817,-1.2160211,0.49168277,-0.74239486,0.0080572963,-0.66991401,0
0.93162966,-5.9651933,0.79955769,0.55324125,-0.55657941,-0.61979294,0
2.532882,-2.3463392,-1.557718,0.55324125,-0.55657941,-0.61979294,0
0.44494915,5.6853628,1.2446687,-0.55324125,0.55657941,0.61979294,0
0.30285645,3.1070704,3.0776701,-0.55324125,0.55657941,0.61979294,0
3.4118948,0.61835027,-3.4138885,0.55324125,-0.55657941,-0.61979294,0
2.3781309,-4.2812777,0.3203218,0.55324125,-0.55657941,-0.61979294,0
-0.69714737,0.0096781254,4.2088518,0.74239486,-0.0080572963,0.66991401,0
-2.8801076,-4.2609353,0.9110322,-0.3778542,-0.83075523,0.40874416,0
-3.7516599,1.7427454,0.50196278,-0.74239486,0.0080572963,-0.66991401,0
-4.0959549,-0.91802192,2.5141387,-0.55324125,0.55657941,0.61979294,0
-3.1087849,-4.4642639,-0.54927254,-0.74239486,0.0080572963,-0.66991401,0
-1.0426133,5.2833629,-2.0260696,0.3778542,0.83075523,-0.40874416,0
0.35449696,2.4821441,3.3084812,0.74239486,-0.0080572963,0.66991401,0
-3.6075332,-3.3548896,1.8133132,-0.3778542,-0.83075523,0.40874416,0
-1.7425413,-5.8386893,-1.6513734,0.55324125,-0.55657941,-0.61979294,0
-0.88910359,3.221766,-2.9529853,-0.74239486,0.0080572963,-0.66991401,0
-3.710665,-3.3191295,1.7577794,-0.3778542,-0.83075523,0.40874416,0
0.89437866,1.3715069,-4.9586849,-0.74239486,0.0080572963,-0.66991401,0
-0.38368344,-5.161252,1.3677318,-0.3778542,-0.83075523,0.40874416,0
-0.52187634,2.8077765,2.9694514,-0.55324125,0.55657941,0.61979294,0
1.8764408,-5.4634976,1.3912716,0.74239486,-0.0080572963,0.66991401,0
-2.6231637,1.9304528,1.7746193,-0.55324125,0.55657941,0.61979294,0
2.3967054,2.699646,-4.3611231,0.3778542,0.83075523,-0.40874416,0
-2.3583798,-1.5636195,4.8112016,-0.55324125,0.55657941,0.61979294,0
1.4890525,1.0055622,-5.0776629,-0.74239486,0.0080572963,-0.66991401,0
-2.5352206,2.4793327,-1.0503378,-0.74239486,0.0080572963,-0.66991401,0
-4.1854353,-0.77441549,2.8206871,-0.55324125,0.55657941,0.61979294,0
1.8277638,4.2503643,-1.6831,0.3778542,0.83075523,-0.40874416,0
-0.54764187,-3.6127396,4.0620174,0.74239486,-0.0080572963,0.66991401,0
2.9285679,4.8402982,0.33906221,0.74239486,-0.0080572963,0.66991401,0
0.79572117,-3.1826043,2.5756013,0.74239486,-0.0080572963,0.66991401,0
3.6280532,-0.71675658,-1.6823004,0.55324125,-0.55657941,-0.61979294,0
-1.7485137,-4.0174112,2.1191392,-0.3778542,-0.83075523,0.40874416,0
-3.1749735,-3.8638558,1.592304,-0.3778542,-0.83075523,0.40874416,0
4.3367624,2.6951556,-3.0819535,0.3778542,0.83075523,-0.40874416,0
2.3961694,-1.4101498,0.85359633,0.74239486,-0.0080572963,0.66991401,0
-3.1280112,0.46114922,2.6754637,-0.55324125,0.55657941,0.61979294,0
0.37171865,0.59726644,-4.1512856,-0.74239486,0.0080572963,-0.66991401,0
-2.6559834,-3.9711697,2.1724265,-0.3778542,-0.83075523,0.40874416,0
-1.0886455,5.3135638,-0.36120391,-0.55324125,0.55657941,0.61979294,0
-2.8188121,3.2556009,0.4069109,-0.55324125,0.55657941,0.61979294,0
1.4877527,3.6171284,-3.9070265,0.3778542,0.83075523,-0.40874416,0
1.2850649,0.086180732,-4.3007541,0.55324125,-0.55657941,-0.61979294,0
2.3882282,4.2446938,-1.8399029,0.3778542,0.83075523,-0.40874416,0
-2.4674459,-0.088131189,3.5646992,-0.55324125,0.55657941,0.61979294,0
-2.0633106,-3.2565951,3.3383558,-0.3778542,-0.83075523,0.40874416,0
1.1090045,-1.4111996,-3.6564476,0.55324125,-0.55657941,-0.61979294,0
-1.5549769,-0.30616307,-1.9287814,-0.74239486,0.0080572963,-0.66991401,0
0.4142772,2.3033733,-4.3120303,-0.74239486,0.0080572963,-0.66991401,0
4.4002271,1.2203927,-2.8799205,0.55324125,-0.55657941,-0.61979294,0
2.7288392,1.1521873,0.72370052,0.74239486,-0.0080572963,0.66991401,0
-3.552402,-0.19922161,0.0025815964,-0.74239486,0.0080572963,-0.66991401,0
2.452899,-4.5799065,0.90435809,0.55324125,-0.55657941,-0.61979294,0
-2.2948744,2.4118023,1.5071081,-0.55324125,0.55657941,0.61979294,0
-3.0888176,2.7075307,0.42428267,-0.55324125,0.55657941,0.61979294,0
-1.2651956,-2.2284508,-2.3434129,-0.74239486,0.0080572963,-0.66991401,0
-4.8995724,-2.7451034,2.3496037,-0.3778542,-0.83075523,0.40874416,0
2.7196403,-3.7966447,0.41630229,0.74239486,-0.0080572963,0.66991401,0
-2.8836875,-0.77032268,3.9323759,-0.55324125,0.55657941,0.61979294,0
3.9915724,3.4151521,-0.8500123,0.74239486,-0.0080572963,0.66991401,0
-3.3937178,0.88888335,0.20318949,-0.74239486,0.0080572963,-0.66991401,0
0.64892846,-3.8018484,3.0903077,0.74239486,-0.0080572963,0.66991401,0
-2.6572251,-3.8741021,1.9447103,-0.3778542,-0.83075523,0.40874416,0
-5.5207253,-2.1096387,2.3818936,-0.3778542,-0.83075523,0.40874416,0
-2.2706983,2.8199089,1.3740537,-0.55324125,0.55657941,0.61979294,0
2.4543765,4.9286227,-0.093416691,0.3778542,0.83075523,-0.40874416,0
-2.1535819,-2.916008,-1.4242768,-0.74239486,0.0080572963,-0.66991401,0
1.191726,-0.84667468,2.4964466,0.74239486,-0.0080572963,0.66991401,0
3.6425049,0.96841884,-0.038285255,0.74239486,-0.0080572963,0.66991401,0
-0.56246567,-3.5724075,-3.2564487,0.55324125,-0.55657941,-0.61979294,0
-0.3672483,-5.202908,1.15165,-0.3778542,-0.83075523,0.40874416,0
3.0894339,-2.7035856,0.038648188,0.74239486,-0.0080572963,0.66991401,0
1.6389898,-2.9813018,1.9615071,0.74239486,-0.0080572963,0.66991401,0
-3.2838366,2.6360788,-0.066871226,-0.74239486,0.0080572963,-0.66991401,0
3.7158802,-1.5770528,-0.94787908,0.55324125,-0.55657941,-0.61979294,0
1.7977445,-1.400654,1.5648352,0.74239486,-0.0080572963,0.66991401,0
1.0050932,-2.1404393,2.8790615,0.74239486,-0.0080572963,0.66991401,0
-0.39033842,4.6860976,-3.2317142,0.3778542,0.83075523,-0.40874416,0
3.3479948,3.456264,-1.8287048,0.3778542,0.83075523,-0.40874416,0
-1.0374317,5.9157281,-1.6488402,0.3778542,0.83075523,-0.40874416,0
1.9845881,1.4770352,1.7226431,0.74239486,-0.0080572963,0.66991401,0
-1.2314274,-2.6037509,-2.5449238,-0.74239486,0.0080572963,-0.66991401,0
2.9544942,-0.14076161,-3.1573963,0.55324125,-0.55657941,-0.61979294,0
0.72369361,0.91430497,2.7459397,0.74239486,-0.0080572963,0.66991401,0
-1.7809492,-1.4450731,-1.7118056,-0.74239486,0.0080572963,-0.66991401,0
0.4483223,-2.5044818,-2.8237643,0.55324125,-0.55657941,-0.61979294,0
-3.6559889,-4.2365575,0.42696333,-0.3778542,-0.83075523,0.40874416,0
4.8591495,0.72430563,-1.418452,0.74239486,-0.0080572963,0.66991401,0
3.7115645,1.7865117,-4.1561174,0.55324125,-0.55657941,-0.61979294,0
-1.5107485,2.9427664,-1.7686448,-0.74239486,0.0080572963,-0.66991401,0
2.4404373,-1.0272447,-2.2433879,0.55324125,-0.55657941,-0.61979294,0
2.4072952,-2.8873122,0.89705014,0.74239486,-0.0080572963,0.66991401,0
-0.60252714,5.8980503,-0.51790905,0.3778542,0.83075523,-0.40874416,0
3.8485997,-0.40494466,-1.5955422,0.55324125,-0.55657941,-0.61979294,0
0.38883114,0.93815291,-4.1931038,-0.74239486,0.0080572963,-0.66991401,0
-4.6900592,-0.37251854,1.1964052,-0.74239486,0.0080572963,-0.66991401,0
2.4363744,0.89993012,-4.0237031,0.55324125,-0.55657941,-0.61979294,0
-4.0004296,-3.1637595,1.9449649,-0.3778542,-0.83075523,0.40874416,0
-0.69137335,1.8415039,3.2475162,-0.55324125,0.55657941,0.61979294,0
-1.0579104,-5.8333435,-1.6201849,0.55324125,-0.55657941,-0.61979294,0
-1.5801895,1.8811661,2.3415914,-0.55324125,0.55657941,0.61979294,0
-1.1575127,4.9609938,0.055518985,-0.55324125,0.55657941,0.61979294,0
4.5161767,2.3942523,-3.0894084,0.3778542,0.83075523,-0.40874416,0
-2.2372782,-5.1492572,0.091676712,-0.3778542,-0.83075523,0.40874416,0
-2.4040222,-2.3674805,-1.085804,-0.74239486,0.0080572963,-0.66991401,0
-5.102581,-2.4653902,2.1508231,-0.74239486,0.0080572963,-0.66991401,0
4.3026161,3.0733206,-1.8420405,0.3778542,0.83075523,-0.40874416,0
-3.9576721,-0.84083962,0.42521191,-0.74239486,0.0080572963,-0.66991401,0
3.6700366,0.72190142,-0.11577678,0.74239486,-0.0080572963,0.66991401,0
1.7145314,0.11491126,-4.482543,0.55324125,-0.55657941,-0.61979294,0
0.76644516,4.8557253,-1.4866338,0.3778542,0.83075523,-0.40874416,0
0.23087889,-3.641629,3.274981,0.74239486,-0.0080572963,0.66991401,0
2.4346688,-0.42097664,-3.0245419,0.55324125,-0.55657941,-0.61979294,0
2.9781027,-1.5476121,-1.3258108,0.55324125,-0.55657941,-0.61979294,0
-0.039337635,2.2976565,3.8675175,-0.55324125,0.55657941,0.61979294,0
-3.2761149,0.032852173,-0.046537876,-0.74239486,0.0080572963,-0.66991401,0
-1.9872408,-4.0316434,1.9790897,-0.3778542,-0.83075523,0.40874416,0
0.64542782,-2.3915627,3.2041278,0.74239486,-0.0080572963,0.66991401,0
-3.3638487,-3.009407,2.7864602,-0.3778542,-0.83075523,0.40874416,0
2.8771682,-0.24227905,-2.876421,0.55324125,-0.55657941,-0.61979294,0
4.4446683,1.2076313,-1.1673667,0.74239486,-0.0080572963,0.66991401,0
3.6360722,1.4956131,-3.6881866,0.55324125,-0.55657941,-0.61979294,0
1.4514136,5.4337173,0.069946766,0.3778542,0.83075523,-0.40874416,0
-1.1510818,-4.0904813,3.240346,-0.3778542,-0.83075523,0.40874416,0
0.6829977,-0.88947964,-4.4106493,0.55324125,-0.55657941,-0.61979294,0
-1.6210093,5.8068781,-1.9708642,0.3778542,0.83075523,-0.40874416,0
-1.8454206,-1.5234528,5.3635702,-0.55324125,0.55657941,0.61979294,0
3.4186988,4.037096,-0.67492199,0.3778542,0.83075523,-0.40874416,0
0.19361424,-5.255971,1.4399066,-0.3778542,-0.83075523,0.40874416,0
1.9342895,3.6463475,1.9032137,0.74239486,-0.0080572963,0.66991401,0
0.95434391,0.15323579,2.6652584,0.74239486,-0.0080572963,0.66991401,0
-3.7308857,1.2678978,0.46143019,-0.74239486,0.0080572963,-0.66991401,0
-3.3378341,0.39539814,2.6133795,-0.55324125,0.55657941,0.61979294,0
4.8706307,2.1169419,-1.4953461,0.74239486,-0.0080572963,0.66991401,0
-1.9997346,-3.057272,-1.6474285,-0.74239486,0.0080572963,-0.66991401,0
0.79746008,5.6786065,-0.4370811,0.3778542,0.83075523,-0.40874416,0
-0.1513505,-5.529912,-0.74236679,0.55324125,-0.55657941,-0.61979294,0
5.5933595,2.0920353,-2.1434669,0.74239486,-0.0080572963,0.66991401,0
-2.0206168,3.0765936,1.019008,-0.55324125,0.55657941,0.61979294,0
-0.30402398,4.73314,-2.8404932,0.3778542,0.83075523,-0.40874416,0
-3.1766591,-2.4486642,4.2385769,-0.3778542,-0.83075523,0.40874416,0
3.7664218,1.7878528,-4.0044503,0.55324125,-0.55657941,-0.61979294,0
1.0388474,5.9666653,0.63587046,0.3778542,0.83075523,-0.40874416,0
-0.67559719,5.2024245,-2.2785735,0.3778542,0.83075523,-0.40874416,0
2.9338939,2.9403234,0.44684982,0.74239486,-0.0080572963,0.66991401,0
-0.56936693,-4.1049528,3.4142923,-0.3778542,-0.83075523,0.40874416,0
4.4923477,2.7504358,-1.2665586,0.74239486,-0.0080572963,0.66991401,0
4.219821,3.3213503,-1.526988,0.3778542,0.83075523,-0.40874416,0
0.63834524,3.3077869,3.1932812,0.74239486,-0.0080572963,0.66991401,0
4.7955689,3.0129466,-1.5290723,0.3778542,0.83075523,-0.40874416,0
3.5328012,4.0872908,-1.1131473,0.3778542,0.83075523,-0.40874416,0
-0.9182533,-4.6371565,2.3412323,-0.3778542,-0.83075523,0.40874416,0
0.3929944,4.8561096,1.8550664,-0.55324125,0.55657941,0.61979294,0
-2.59986,4.9436159,-1.077986,-0.74239486,0.0080572963,-0.66991401,0
1.6060395,-3.2717555,-1.4237087,0.55324125,-0.55657941,-0.61979294,0
1.6659567,1.2668715,-5.5721588,0.55324125,-0.55657941,-0.61979294,0
-2.2130344,-2.4500191,-1.5340708,-0.74239486,0.0080572963,-0.66991401,0
1.3291086,4.5098467,-1.8364837,0.3778542,0.83075523,-0.40874416,0
-3.182019,2.1062553,1.1083896,-0.55324125,0.55657941,0.61979294,0
-4.537468,-2.8133626,1.9231405,-0.3778542,-0.83075523,0.40874416,0
1.6957784,5.8712592,1.7073019,0.3778542,0.83075523,-0.40874416,0
0.068220139,3.7696233,2.4656641,-0.55324125,0.55657941,0.61979294,0
-4.2939835,-0.12108922,2.0382462,-0.55324125,0.55657941,0.61979294,0
5.4496007,2.0355444,-2.4634967,0.74239486,-0.0080572963,0.66991401,0
0.45281506,-6.0428586,0.27848649,-0.3778542,-0.83075523,0.40874416,0
2.5970373,0.81218481,1.0769426,0.74239486,-0.0080572963,0.66991401,0
2.9140172,2.8496766,-4.0773697,0.3778542,0.83075523,-0.40874416,0
-1.967802,5.8242459,-1.3782082,-0.55324125,0.55657941,0.61979294,0
-2.7548501,2.9953146,0.60132039,-0.55324125,0.55657941,0.61979294,0
-1.4823582,-3.4448488,3.5013714,-0.3778542,-0.83075523,0.40874416,0
-3.8248358,-2.6046906,3.6420014,-0.3778542,-0.83075523,0.40874416,0
-2.9362159,-4.7279115,0.14047813,-0.3778542,-0.83075523,0.40874416,0
0.79077578,4.4039822,-2.684438,0.3778542,0.83075523,-0.40874416,0
2.6014345,4.5262337,-0.43169403,0.3778542,0.83075523,-0.40874416,0
-1.2178131,1.5187827,-2.1220319,-0.74239486,0.0080572963,-0.66991401,0
5.3564816,2.6239605,-2.2514834,0.3778542,0.83075523,-0.40874416,0
2.600781,-1.5635543,0.74352163,0.74239486,-0.0080572963,0.66991401,0
-2.6892767,-5.4392991,-0.8520422,-0.3778542,-0.83075523,0.40874416,0
0.71782589,-2.8851678,-2.6359873,0.55324125,-0.55657941,-0.61979294,0
1.5441358,1.6896243,2.0394292,0.74239486,-0.0080572963,0.66991401,0
-1.8435521,-0.6766057,-1.9690876,-0.74239486,0.0080572963,-0.66991401,0
0.11483717,0.58562917,-3.7798929,-0.74239486,0.0080572963,-0.66991401,0
4.0304751,3.0929084,-1.8181126,0.3778542,0.83075523,-0.40874416,0
-3.9319782,0.24317789,1.6225548,-0.55324125,0.55657941,0.61979294,0
-3.0747979,1.1907454,-0.043724537,-0.74239486,0.0080572963,-0.66991401,0
2.6170619,-1.6697556,-1.9121299,0.55324125,-0.55657941,-0.61979294,0
-1.0002484,-2.3273611,-2.4911294,-0.74239486,0.0080572963,-0.66991401,0
1.8176899,2.7520218,1.9183593,0.74239486,-0.0080572963,0.66991401,0
-0.73262954,-3.6239743,4.3743038,0.74239486,-0.0080572963,0.66991401,0
-3.8199108,-0.79819441,3.0403664,-0.55324125,0.55657941,0.61979294,0
2.2602859,2.8385754,1.5312314,0.74239486,-0.0080572963,0.66991401,0
0.3990151,3.3755918,-3.8653574,-0.74239486,0.0080572963,-0.66991401,0
3.3235705,4.4863625,0.22515774,0.74239486,-0.0080572963,0.66991401,0
-1.0118546,-5.3424149,-1.6396616,0.55324125,-0.55657941,-0.61979294,0
-0.03826046,1.3153577,-3.9105101,-0.74239486,0.0080572963,-0.66991401,0
-3.6721869,-4.0013752,1.11691,-0.3778542,-0.83075523,0.40874416,0
3.454248,0.47232556,-0.067590952,0.74239486,-0.0080572963,0.66991401,0
-4.4819307,-2.0219111,3.6699872,-0.55324125,0.55657941,0.61979294,0
-2.3174827,4.4272594,-1.1585749,-0.74239486,0.0080572963,-0.66991401,0
2.366713,-1.8685217,0.96690023,0.74239486,-0.0080572963,0.66991401,0
5.0905032,1.7797737,-1.9559605,0.74239486,-0.0080572963,0.66991401,0
5.3488522,2.3927593,-2.4340801,0.3778542,0.83075523,-0.40874416,0
-0.12802404,2.2473829,-3.3898075,-0.74239486,0.0080572963,-0.66991401,0
3.3723488,0.66580415,0.15475512,0.74239486,-0.0080572963,0.66991401,0
-1.9521427,5.1134624,-0.40995085,-0.55324125,0.55657941,0.61979294,0
-3.9710779,-2.2693496,0.60089874,-0.74239486,0.0080572963,-0.66991401,0
-1.4780848,-4.5805321,1.2019255,-0.3778542,-0.83075523,0.40874416,0
3.4574733,-2.0661752,-0.14591014,0.74239486,-0.0080572963,0.66991401,0
0.5666194,6.1495838,0.75003219,-0.55324125,0.55657941,0.61979294,0
2.7283142,4.6625929,0.030418396,0.3778542,0.83075523,-0.40874416,0
4.0187826,-1.4443567,-0.74483585,0.74239486,-0.0080572963,0.66991401,0
-2.5065773,-3.2163458,3.7698956,-0.3778542,-0.83075523,0.40874416,0
-4.906714,-2.7616591,2.0428538,-0.3778542,-0.83075523,0.40874416,0
1.6589568,-3.3646612,1.607447,0.74239486,-0.0080572963,0.66991401,0
-2.6111071,-2.2767203,-0.67374396,-0.74239486,0.0080572963,-0.66991401,0
-1.990551,3.0401194,1.0662966,-0.55324125,0.55657941,0.61979294,0
-0.33649588,5.8062434,-0.52227998,0.3778542,0.83075523,-0.40874416,0
0.022631645,-2.7076826,-3.1125193,0.55324125,-0.55657941,-0.61979294,0
-3.6268411,0.57610488,2.1403003,-0.55324125,0.55657941,0.61979294,0
-0.89142221,-3.5302196,3.9871726,-0.3778542,-0.83075523,0.40874416,0
-0.43930125,-2.6870952,4.4249668,0.74239486,-0.0080572963,0.66991401,0
-3.5523121,-3.3634012,0.27398062,-0.74239486,0.0080572963,-0.66991401,0
1.2673111,5.0259237,2.132,-0.55324125,0.55657941,0.61979294,0
-4.0187526,-1.7736754,0.62795472,-0.74239486,0.0080572963,-0.66991401,0
3.2752638,4.4257612,0.087292194,0.3778542,0.83075523,-0.40874416,0
1.677954,4.1008759,-2.2304993,0.3778542,0.83075523,-0.40874416,0
4.1725693,3.319454,-1.6817389,0.3778542,0.83075523,-0.40874416,0
0.27320766,2.2145205,3.5983248,0.74239486,-0.0080572963,0.66991401,0
-1.409142,-1.0157681,5.3111157,-0.55324125,0.55657941,0.61979294,0
-0.17904675,-4.4003921,3.1219096,-0.3778542,-0.83075523,0.40874416,0
2.7866757,1.9304529,-5.0581279,0.55324125,-0.55657941,-0.61979294,0
-0.54943681,-4.7474365,2.1325397,-0.3778542,-0.83075523,0.40874416,0
-4.0269055,1.7542069,0.73941255,-0.55324125,0.55657941,0.61979294,0
1.4722017,-3.0786262,1.8847313,0.74239486,-0.0080572963,0.66991401,0
-3.1058941,-3.231262,2.4105034,-0.3778542,-0.83075523,0.40874416,0
-3.0406547,-4.0138197,-0.46862268,-0.74239486,0.0080572963,-0.66991401,0
-0.95768678,-4.4829321,2.5535073,-0.3778542,-0.83075523,0.40874416,0
-0.75354576,-4.5885735,-2.3156896,0.55324125,-0.55657941,-0.61979294,0
-0.29611754,-0.34293139,3.9349785,0.74239486,-0.0080572963,0.66991401,0
4.5836654,0.43412209,-1.8010345,0.55324125,-0.55657941,-0.61979294,0
3.056699,2.4804895,0.40747476,0.74239486,-0.0080572963,0.66991401,0
3.3448403,0.020269871,-2.9965703,0.55324125,-0.55657941,-0.61979294,0
-2.0029931,-4.3702717,1.3837295,-0.3778542,-0.83075523,0.40874416,0
-2.2876852,3.7615414,-1.2972205,-0.74239486,0.0080572963,-0.66991401,0
-4.9940505,-1.9186785,2.8943458,-0.55324125,0.55657941,0.61979294,0
0.60846376,-4.2397394,3.2197938,0.74239486,-0.0080572963,0.66991401,0
-4.490077,-2.732995,2.4623396,-0.3778542,-0.83075523,0.40874416,0
-4.0087867,-2.1594377,0.77494049,-0.74239486,0.0080572963,-0.66991401,0
2.5911105,-1.4812216,-2.0833635,0.55324125,-0.55657941,-0.61979294,0
3.6770465,3.5201423,-0.55544519,0.74239486,-0.0080572963,0.66991401,0
0.85807085,6.160542,1.0112221,-0.55324125,0.55657941,0.61979294,0
-2.09004,-2.3162892,5.9574299,-0.3778542,-0.83075523,0.40874416,0
-2.933944,1.1712065,1.78694,-0.55324125,0.55657941,0.61979294,0
2.0386295,1.9090711,1.7713176,0.74239486,-0.0080572963,0.66991401,0
0.72740811,3.3469324,-4.3635135,0.3778542,0.83075523,-0.40874416,0
0.44026303,2.1352706,-3.9033849,-0.74239486,0.0080572963,-0.66991401,0
2.3161643,2.7101679,-4.7508879,0.3778542,0.83075523,-0.40874416,0
4.0027103,3.7372794,-0.92049932,0.3778542,0.83075523,-0.40874416,0
3.3431892,2.4780822,-0.040508032,0.74239486,-0.0080572963,0.66991401,0
3.2108836,-1.6911995,0.082012773,0.74239486,-0.0080572963,0.66991401,0
-2.544966,1.5793118,-1.1007384,-0.74239486,0.0080572963,-0.66991401,0
3.2079604,2.5859299,-3.9150147,0.3778542,0.83075523,-0.40874416,0
-3.8847117,-3.7836025,0.65511799,-0.74239486,0.0080572963,-0.66991401,0
-1.56145,-6.0161428,-1.8019662,0.55324125,-0.55657941,-0.61979294,0
1.2810073,-4.2035742,-1.0513211,0.55324125,-0.55657941,-0.61979294,0
4.0595798,3.1035635,-1.7227416,0.3778542,0.83075523,-0.40874416,0
4.8449278,2.0891428,-1.5186114,0.74239486,-0.0080572963,0.66991401,0
-1.5056795,-2.7691293,5.0513206,-0.3778542,-0.83075523,0.40874416,0
2.8007023,0.14196396,-3.1647635,0.55324125,-0.55657941,-0.61979294,0
2.8745794,-2.0278628,0.70204699,0.74239486,-0.0080572963,0.66991401,0
1.5697417,-4.0404282,-0.5742439,0.55324125,-0.55657941,-0.61979294,0
0.042248726,-0.13750088,3.7765951,0.74239486,-0.0080572963,0.66991401,0
0.63031435,-5.2451601,-0.60396957,0.55324125,-0.55657941,-0.61979294,0
-2.3453267,-4.9726038,-0.0022192001,-0.3778542,-0.83075523,0.40874416,0
-1.8412926,-3.0482976,-1.6284453,-0.74239486,0.0080572963,-0.66991401,0
1.7398961,3.4030683,1.9299113,0.74239486,-0.0080572963,0.66991401,0
-4.9498024,-1.2127497,2.615911,-0.55324125,0.55657941,0.61979294,0
0.56362933,-1.3660172,2.9531915,0.74239486,-0.0080572963,0.66991401,0
2.6766996,-2.7553678,-1.1040823,0.55324125,-0.55657941,-0.61979294,0
-4.2701406,-2.5965779,2.634944,-0.3778542,-0.83075523,0.40874416,0
0.99361992,-5.2830043,-0.037602425,0.55324125,-0.55657941,-0.61979294,0
3.6028311,3.6971359,-1.2501698,0.3778542,0.83075523,-0.40874416,0
-0.27380824,-4.9135847,2.4405029,-0.3778542,-0.83075523,0.40874416,0
3.5620561,0.89954782,-3.3923783,0.55324125,-0.55657941,-0.61979294,0
-1.6685824,-6.0058246,-1.6581438,0.55324125,-0.55657941,-0.61979294,0
-3.1000199,-0.3541739,3.3012013,-0.55324125,0.55657941,0.61979294,0
-1.1451541,1.6536871,-2.7218599,-0.74239486,0.0080572963,-0.66991401,0
-0.67214167,-3.2958832,4.6542702,-0.3778542,-0.83075523,0.40874416,0
-3.5774212,0.0041902065,0.43294525,-0.74239486,0.0080572963,-0.66991401,0
5.3766723,1.5198879,-2.2933187,0.74239486,-0.0080572963,0.66991401,0
1.1618464,-3.2769678,2.6716285,0.74239486,-0.0080572963,0.66991401,0
0.99745131,3.7640388,2.9372604,0.74239486,-0.0080572963,0.66991401,0
-0.72206771,-2.4087341,4.3746176,0.74239486,-0.0080572963,0.66991401,0
0.079031944,-2.6677995,3.5022912,0.74239486,-0.0080572963,0.66991401,0
-1.4715383,5.0517807,-1.7792368,-0.74239486,0.0080572963,-0.66991401,0
-0.91969979,4.0623841,-2.9501858,-0.74239486,0.0080572963,-0.66991401,0
4.4221039,1.2718666,-2.8493557,0.55324125,-0.55657941,-0.61979294,0
-5.0247397,-2.200331,2.0683665,-0.74239486,0.0080572963,-0.66991401,0
2.7527661,-0.27294123,-2.8968232,0.55324125,-0.55657941,-0.61979294,0
-4.2874918,-3.3362608,1.8820825,-0.3778542,-0.83075523,0.40874416,0
1.5532622,-2.2980134,-2.2209265,0.55324125,-0.55657941,-0.61979294,0
-1.8419268,-2.8191311,-1.8629122,-0.74239486,0.0080572963,-0.66991401,0
-1.2148085,3.2771544,1.8521408,-0.55324125,0.55657941,0.61979294,0
-0.85226154,5.510004,-1.8748015,0.3778542,0.83075523,-0.40874416,0
1.0570612,4.7566795,2.3917317,-0.55324125,0.55657941,0.61979294,0
2.6342316,2.2553878,-4.9160943,0.3778542,0.83075523,-0.40874416,0
4.892662,2.5631156,-2.2272782,0.3778542,0.83075523,-0.40874416,0
-1.9182825,4.0235896,0.072601855,-0.55324125,0.55657941,0.61979294,0
4.1982799,1.1255209,-1.1843264,0.74239486,-0.0080572963,0.66991401,0
0.74808407,5.0493078,-1.4777675,0.3778542,0.83075523,-0.40874416,0
-3.043189,3.1285372,0.43663639,-0.55324125,0.55657941,0.61979294,0
-0.28769851,-4.235559,3.7243886,-0.3778542,-0.83075523,0.40874416,0
1.0516882,-2.9977212,-1.78074,0.55324125,-0.55657941,-0.61979294,0
-0.50125766,-0.52921605,-3.2670279,-0.74239486,0.0080572963,-0.66991401,0
3.2092009,1.1212186,-3.7030265,0.55324125,-0.55657941,-0.61979294,0
-2.3960607,2.4174209,-1.2117794,-0.74239486,0.0080572963,-0.66991401,0
-3.0367403,-2.0192327,-0.33570647,-0.74239486,0.0080572963,-0.66991401,0
1.1062059,-6.0698357,1.2206919,-0.3778542,-0.83075523,0.40874416,0
5.075201,2.6211715,-2.0549526,0.3778542,0.83075523,-0.40874416,0
2.6634631,3.0275309,0.98060822,0.74239486,-0.0080572963,0.66991401,0
-0.65581417,-1.4572061,-2.9886556,-0.74239486,0.0080572963,-0.66991401,0
-3.8401339,-3.5563548,1.2414212,-0.3778542,-0.83075523,0.40874416,0
1.2437692,3.0412402,2.3580587,0.74239486,-0.0080572963,0.66991401,0
2.2142317,1.3478897,1.0289056,0.74239486,-0.0080572963,0.66991401,0
1.0201154,-1.9724095,-3.1698081,0.55324125,-0.55657941,-0.61979294,0
-1.889256,-4.4311042,-1.9342873,-0.74239486,0.0080572963,-0.66991401,0
-5.3642287,-1.7685518,2.0305634,-0.74239486,0.0080572963,-0.66991401,0
-0.73437405,-5.4420667,0.1249187,-0.3778542,-0.83075523,0.40874416,0
-0.64317894,0.60445148,4.5534124,0.74239486,-0.0080572963,0.66991401,0
3.2392886,-0.67818689,-2.3755403,0.55324125,-0.55657941,-0.61979294,0
3.2327781,0.88383055,-3.4093757,0.55324125,-0.55657941,-0.61979294,0
2.8248744,4.4389696,0.76704645,0.74239486,-0.0080572963,0.66991401,0
-2.5405874,-5.2676945,-0.69550562,-0.3778542,-0.83075523,0.40874416,0
-3.8656592,0.74200368,1.2268479,-0.55324125,0.55657941,0.61979294,0
-0.57766294,3.7650361,2.0635777,-0.55324125,0.55657941,0.61979294,0
3.7771678,3.4996281,-1.9702923,0.3778542,0.83075523,-0.40874416,0
2.4890842,-4.54845,0.56372726,0.55324125,-0.55657941,-0.61979294,0
1.400806,4.830647,-0.79248071,0.3778542,0.83075523,-0.40874416,0
-2.0654845,-2.4926443,-1.400133,-0.74239486,0.0080572963,-0.66991401,0
-0.88998318,-5.9259963,-0.95323849,-0.3778542,-0.83075523,0.40874416,0
3.7488248,2.3518333,-3.9454231,0.3778542,0.83075523,-0.40874416,0
-2.7487471,-0.81921005,-0.94254398,-0.74239486,0.0080572963,-0.66991401,0
4.0990043,2.4652145,-3.5600965,0.3778542,0.83075523,-0.40874416,0
-4.4413342,-2.1504686,3.3612399,-0.3778542,-0.83075523,0.40874416,0
-0.93877518,4.1395354,-2.5036564,-0.74239486,0.0080572963,-0.66991401,0
-1.0526688,3.7729995,-2.4123428,-0.74239486,0.0080572963,-0.66991401,0
1.553296,2.5939717,-5.1712093,0.3778542,0.83075523,-0.40874416,0
0.26809126,4.2986102,-3.5930562,0.3778542,0.83075523,-0.40874416,0
-0.70457095,-3.8278689,3.7592022,-0.3778542,-0.83075523,0.40874416,0
3.9402046,2.6230543,-0.38018799,0.74239486,-0.0080572963,0.66991401,0
1.4416556,2.0391498,-5.3362885,-0.74239486,0.0080572963,-0.66991401,0
1.7583325,0.28786135,1.9744232,0.74239486,-0.0080572963,0.66991401,0
1.2371165,4.1298923,-2.8492966,0.3778542,0.83075523,-0.40874416,0
-2.3976865,-1.3361387,4.7801156,-0.55324125,0.55657941,0.61979294,0
0.16296339,1.4829955,3.327795,0.74239486,-0.0080572963,0.66991401,0
-4.498867,0.24796247,1.5030501,-0.55324125,0.55657941,0.61979294,0
-0.35830641,-4.4946108,-1.9114662,0.55324125,-0.55657941,-0.61979294,0
0.98890066,-2.0049171,-2.9647853,0.55324125,-0.55657941,-0.61979294,0
-4.0461979,-3.1933565,0.86771727,-0.74239486,0.0080572963,-0.66991401,0
1.1378975,-5.2916884,0.068274736,0.55324125,-0.55657941,-0.61979294,0
2.1768827,-4.0663881,1.129724,0.74239486,-0.0080572963,0.66991401,0
-0.16467524,-4.2701349,-1.7221763,0.55324125,-0.55657941,-0.61979294,0
-1.7735705,-5.2638235,-1.8665323,-0.74239486,0.0080572963,-0.66991401,0
-2.1179781,-4.784061,0.98618436,-0.3778542,-0.83075523,0.40874416,0
0.60363412,0.35951617,-4.3907232,-0.74239486,0.0080572963,-0.66991401,0
0.43884254,-2.8473322,3.3280933,0.74239486,-0.0080572963,0.66991401,0
-0.61460304,-4.8792081,1.8920066,-0.3778542,-0.83075523,0.40874416,0
2.7142177,-3.316278,0.69905764,0.74239486,-0.0080572963,0.66991401,0
1.0564499,-1.5091925,2.5175538,0.74239486,-0.0080572963,0.66991401,0
-3.3389266,-4.0868754,0.73336267,-0.3778542,-0.83075523,0.40874416,0
2.0360162,-5.3445301,1.2504655,0.55324125,-0.55657941,-0.61979294,0
-3.6577854,1.3117278,1.4468405,-0.55324125,0.55657941,0.61979294,0
0.36689815,-3.1674318,3.0791302,0.74239486,-0.0080572963,0.66991401,0
-2.326288,-4.2500372,-1.1341004,-0.74239486,0.0080572963,-0.66991401,0
0.28121042,4.10147,-3.8055286,0.3778542,0.83075523,-0.40874416,0
1.0065145,2.3906674,2.4778993,0.74239486,-0.0080572963,0.66991401,0
2.0391567,-2.5934494,1.6322532,0.74239486,-0.0080572963,0.66991401,0
1.659955,2.5065737,1.6612538,0.74239486,-0.0080572963,0.66991401,0
2.2070429,3.9354246,-1.8962865,0.3778542,0.83075523,-0.40874416,0
-1.3999286,4.1837316,0.5485785,-0.55324125,0.55657941,0.61979294,0
-4.37117,-2.9127164,2.404345,-0.3778542,-0.83075523,0.40874416,0
0.01910758,-3.3277564,3.6143639,0.74239486,-0.0080572963,0.66991401,0
-2.7449586,-2.9937932,-0.5089345,-0.74239486,0.0080572963,-0.66991401,0
4.2651091,0.3409059,-2.316102,0.55324125,-0.55657941,-0.61979294,0
1.7889242,-1.545054,-2.7996728,0.55324125,-0.55657941,-0.61979294,0
-0.019834548,-2.8587224,3.6282952,0.74239486,-0.0080572963,0.66991401,0
2.0596027,-1.8139529,-2.0328534,0.55324125,-0.55657941,-0.61979294,0
-1.4630708,-4.6173248,1.6537647,-0.3778542,-0.83075523,0.40874416,0
-4.4460673,-1.4565315,1.4221697,-0.74239486,0.0080572963,-0.66991401,0
2.8053546,-2.2639234,0.64409178,0.74239486,-0.0080572963,0.66991401,0
-1.6633445,-3.3547003,4.1752825,-0.3778542,-0.83075523,0.40874416,0
-1.6277685,2.2536206,-1.8329859,-0.74239486,0.0080572963,-0.66991401,0
-1.9407787,-2.9530549,-1.8547801,-0.74239486,0.0080572963,-0.66991401,0
-1.9120054,0.80175114,3.1677806,-0.55324125,0.55657941,0.61979294,0
1.1285824,3.7948196,-3.7042618,0.3778542,0.83075523,-0.40874416,0
-2.7789497,-5.0936651,-0.34223795,-0.3778542,-0.83075523,0.40874416,0
0.51463413,5.4116001,-0.36692142,0.3778542,0.83075523,-0.40874416,0
-0.41305828,5.2601404,0.83779621,-0.55324125,0.55657941,0.61979294,0
-2.7913482,2.8585906,-0.50326729,-0.74239486,0.0080572963,-0.66991401,0
-0.18945861,-0.48141396,3.7307243,0.74239486,-0.0080572963,0.66991401,0
2.971055,3.872138,-1.717659,0.3778542,0.83075523,-0.40874416,0
-1.8057774,3.2541499,-1.7542508,-0.74239486,0.0080572963,-0.66991401,0
-4.2610855,-2.8026526,2.2685044,-0.3778542,-0.83075523,0.40874416,0
-0.36534166,5.592308,0.58213282,-0.55324125,0.55657941,0.61979294,0
1.6809366,0.88458937,-4.6413226,0.55324125,-0.55657941,-0.61979294,0
-3.280216,1.782413,0.17542708,-0.74239486,0.0080572963,-0.66991401,0
3.7485182,2.8117318,-3.525737,0.3778542,0.83075523,-0.40874416,0
2.534472,2.2286689,-5.2829285,0.3778542,0.83075523,-0.40874416,0
1.2017801,-5.6125937,2.2677724,-0.3778542,-0.83075523,0.40874416,0
-2.1558106,0.46203399,3.5939474,-0.55324125,0.55657941,0.61979294,0
2.9483933,0.3794837,0.36946869,0.74239486,-0.0080572963,0.66991401,0
-1.6299582,1.7105783,2.6776147,-0.55324125,0.55657941,0.61979294,0
2.3380337,3.1004198,1.0216615,0.74239486,-0.0080572963,0.66991401,0
2.082557,2.5975876,-5.4726138,0.3778542,0.83075523,-0.40874416,0
0.028909683,-5.6896877,0.9082222,-0.3778542,-0.83075523,0.40874416,0
5.3123789,1.8457923,-2.1342425,0.74239486,-0.0080572963,0.66991401,0
3.0749879,1.2379832,-4.1126695,0.55324125,-0.55657941,-0.61979294,0
2.4598584,3.7413158,1.2981501,0.74239486,-0.0080572963,0.66991401,0
2.2200446,-5.4506416,1.1606979,0.55324125,-0.55657941,-0.61979294,0
0.65230322,2.1781912,3.0923631,0.74239486,-0.0080572963,0.66991401,0
2.1645157,-0.60111403,1.1883264,0.74239486,-0.0080572963,0.66991401,0
0.96609223,-1.3410424,2.4171669,0.74239486,-0.0080572963,0.66991401,0
2.4895456,-2.3064823,-1.6473924,0.55324125,-0.55657941,-0.61979294,0
-2.7603803,-1.156657,-0.93520021,-0.74239486,0.0080572963,-0.66991401,0
2.2071598,-2.680059,-1.2165362,0.55324125,-0.55657941,-0.61979294,0
1.5392983,5.284761,-0.47433519,0.3778542,0.83075523,-0.40874416,0
0.97222137,-2.9828982,-2.2262933,0.55324125,-0.55657941,-0.61979294,0
-1.4520063,-5.1243281,-1.92922,-0.74239486,0.0080572963,-0.66991401,0
-0.057225227,-1.5271914,-3.9123006,-0.74239486,0.0080572963,-0.66991401,0
2.6870966,-4.2200003,0.33468229,0.55324125,-0.55657941,-0.61979294,0
-3.2498753,0.53220105,2.2745457,-0.55324125,0.55657941,0.61979294,0
-0.48813629,-3.9877145,-2.6855826,0.55324125,-0.55657941,-0.61979294,0
1.0529571,-5.1610742,-0.0075678825,0.55324125,-0.55657941,-0.61979294,0
-2.6056983,-5.1929035,-0.40338802,-0.3778542,-0.83075523,0.40874416,0
-0.82379079,-1.9943892,4.3285632,0.74239486,-0.0080572963,0.66991401,0
4.3053708,2.8223619,-2.5234303,0.3778542,0.83075523,-0.40874416,0
3.0681789,-1.4962814,-1.5248864,0.55324125,-0.55657941,-0.61979294,0
4.7708831,2.9822917,-2.1644607,0.3778542,0.83075523,-0.40874416,0
3.1414032,-0.98831916,-2.164731,0.55324125,-0.55657941,-0.61979294,0
-2.6579599,2.2039766,-1.0184094,-0.74239486,0.0080572963,-0.66991401,0
3.5854459,2.4595938,-4.243525,0.3778542,0.83075523,-0.40874416,0
1.5857357,1.1470587,2.1565299,0.74239486,-0.0080572963,0.66991401,0
2.9182935,4.4470186,-0.15877295,0.3778542,0.83075523,-0.40874416,0
0.70713329,4.6393337,2.2512326,-0.55324125,0.55657941,0.61979294,0
3.4307933,0.91285872,0.12769222,0.74239486,-0.0080572963,0.66991401,0
2.6175942,4.5521574,-0.95527411,0.3778542,0.83075523,-0.40874416,0
1.9951367,-3.5192666,1.3556172,0.74239486,-0.0080572963,0.66991401,0
0.19308949,5.6163826,-0.64595652,0.3778542,0.83075523,-0.40874416,0
1.5603402,-1.169273,2.1599798,0.74239486,-0.0080572963,0.66991401,0
2.9776835,2.5540414,0.66066456,0.74239486,-0.0080572963,0.66991401,0
-2.4762738,-5.1494436,-0.91398954,-0.3778542,-0.83075523,0.40874416,0
-0.96161729,1.7060094,-2.7173762,-0.74239486,0.0080572963,-0.66991401,0
-0.21182871,-5.0885801,-1.0147574,0.55324125,-0.55657941,-0.61979294,0
-2.9031212,0.16205025,-0.66947734,-0.74239486,0.0080572963,-0.66991401,0
3.2828085,-0.12015128,-2.8647974,0.55324125,-0.55657941,-0.61979294,0
1.2761828,4.4125509,-2.1762094,0.3778542,0.83075523,-0.40874416,0
-3.9914482,-1.1871555,3.3834059,-0.55324125,0.55657941,0.61979294,0
0.41817284,4.7910109,1.8967531,-0.55324125,0.55657941,0.61979294,0
1.8558295,4.1840782,-2.2168555,0.3778542,0.83075523,-0.40874416,0
-2.1027949,-4.4582291,0.79782915,-0.3778542,-0.83075523,0.40874416,0
-0.49494076,0.82683569,4.3234978,0.74239486,-0.0080572963,0.66991401,0
0.85905814,0.2780799,-4.8976126,-0.74239486,0.0080572963,-0.66991401,0
-2.4478178,-3.2583754,3.3658283,-0.3778542,-0.83075523,0.40874416,0
0.40733653,3.5460119,-4.2865019,-0.74239486,0.0080572963,-0.66991401,0
-1.2268481,-1.5334643,5.1630454,0.74239486,-0.0080572963,0.66991401,0
3.2908592,-0.055657625,-0.065667629,0.74239486,-0.0080572963,0.66991401,0
-0.04371202,-1.9711834,3.7567868,0.74239486,-0.0080572963,0.66991401,0
-2.7170215,-3.1309252,3.7688203,-0.3778542,-0.83075523,0.40874416,0
-1.5577898,-3.4059169,3.3939676,-0.3778542,-0.83075523,0.40874416,0
-0.53197956,5.1122313,-2.5554492,0.3778542,0.83075523,-0.40874416,0
2.0406086,4.2552381,-1.9407218,0.3778542,0.83075523,-0.40874416,0
1.2265635,-5.5689092,0.34756231,0.55324125,-0.55657941,-0.61979294,0
-0.37508798,-4.7816076,2.2236524,-0.3778542,-0.83075523,0.40874416,0
1.0691481,4.2099352,2.5648782,0.74239486,-0.0080572963,0.66991401,0
