-5.3350406,0.83739471,0.53268051,-0.95890343,-0.23153761,-0.16399491,0
-4.8455768,-1.381454,-0.37949181,-0.95890343,-0.23153761,-0.16399491,0
0.10691917,1.2951245,2.3212049,-0.24440059,0.38043344,0.89192963,0
-0.81714112,1.3324668,-3.5741181,-0.14412624,0.89535487,-0.42138708,0
5.2982635,-1.7192836,0.71910477,0.95890343,0.23153761,0.16399491,0
-2.1835289,-2.521764,2.139606,0.14412624,-0.89535487,0.42138708,0
1.1714177,2.8296881,1.8426886,-0.24440059,0.38043344,0.89192963,0
1.4748437,-2.8811917,0.46095371,0.14412624,-0.89535487,0.42138708,0
4.1453338,4.100451,0.27224398,-0.14412624,0.89535487,-0.42138708,0
4.8362436,1.3895025,-0.18458748,0.95890343,0.23153761,0.16399491,0
0.81702971,-2.3090227,-1.7454737,0.24440059,-0.38043344,-0.89192963,0
-4.6362877,-3.1356101,0.20473909,-0.95890343,-0.23153761,-0.16399491,0
2.7457571,4.0687804,0.45308352,-0.14412624,0.89535487,-0.42138708,0
-4.2260318,-3.2930729,-0.17573071,-0.95890343,-0.23153761,-0.16399491,0
4.4809017,3.1040394,1.0119104,0.95890343,0.23153761,0.16399491,0
2.0452197,1.4206471,-3.0123315,0.24440059,-0.38043344,-0.89192963,0
-0.34796453,-3.3477132,-0.085924149,0.14412624,-0.89535487,0.42138708,0
3.3247635,3.9860644,2.0144701,-0.24440059,0.38043344,0.89192963,0
-4.690084,-3.0303769,0.016800404,-0.95890343,-0.23153761,-0.16399491,0
-3.2901859,2.4671552,-0.95681763,-0.14412624,0.89535487,-0.42138708,0
5.1560116,2.6556029,-2.526989,0.95890343,0.23153761,0.16399491,0
0.28665352,1.8773233,2.0243587,-0.24440059,0.38043344,0.89192963,0
-3.4697254,-2.6187956,2.7052035,0.14412624,-0.89535487,0.42138708,0
1.2010899,-3.1358304,-1.3593624,0.24440059,-0.38043344,-0.89192963,0
-3.7719696,-4.841445,-1.6710968,0.24440059,-0.38043344,-0.89192963,0
-5.3142385,-0.39586115,1.3667057,-0.95890343,-0.23153761,-0.16399491,0
5.6702085,-1.5392394,-0.33319163,0.95890343,0.23153761,0.16399491,0
4.8780184,2.6234262,-0.54438019,0.95890343,0.23153761,0.16399491,0
4.6354456,-1.3746109,-0.88793349,0.24440059,-0.38043344,-0.89192963,0
5.5600424,-2.1985612,0.22542262,0.95890343,0.23153761,0.16399491,0
4.8327346,0.7191422,0.22230816,0.95890343,0.23153761,0.16399491,0
5.367373,-1.733345,-0.81645536,0.24440059,-0.38043344,-0.89192963,0
3.4753881,1.6215878,-2.5581832,0.24440059,-0.38043344,-0.89192963,0
-1.8150487,-1.7077857,-2.3547592,0.24440059,-0.38043344,-0.89192963,0
1.1329166,-2.0115743,2.587115,0.14412624,-0.89535487,0.42138708,0
-4.1478267,-3.37655,-2.1567416,-0.95890343,-0.23153761,-0.16399491,0
-4.6028962,0.68885088,-4.0851116,-0.14412624,0.89535487,-0.42138708,0
-3.5192876,2.1373403,1.08234,-0.24440059,0.38043344,0.89192963,0
-1.9564359,0.37030029,-3.2896013,0.24440059,-0.38043344,-0.89192963,0
-0.14181834,-0.75956535,3.1158929,-0.24440059,0.38043344,0.89192963,0
-4.5413656,-0.15365762,-2.8898156,-0.95890343,-0.23153761,-0.16399491,0
4.9078555,2.146466,-1.1794286,0.95890343,0.23153761,0.16399491,0
2.6643014,-2.4843431,-1.1434357,0.24440059,-0.38043344,-0.89192963,0
3.579886,3.2361021,2.2131414,-0.24440059,0.38043344,0.89192963,0
2.9799364,-1.4683419,3.1414893,0.14412624,-0.89535487,0.42138708,0
-4.9507089,-1.0794702,-0.88492346,-0.95890343,-0.23153761,-0.16399491,0
-1.073576,-0.38417149,-3.1143775,0.24440059,-0.38043344,-0.89192963,0
4.2519708,-1.6407177,1.9865965,0.14412624,-0.89535487,0.42138708,0
3.8750532,0.094026089,3.7311573,-0.24440059,0.38043344,0.89192963,0
-5.1113391,-2.3465774,1.995759,-0.95890343,-0.23153761,-0.16399491,0
2.1812999,0.92936063,-2.6965506,0.24440059,-0.38043344,-0.89192963,0
3.0466223,-0.86699605,3.8935692,0.14412624,-0.89535487,0.42138708,0
-1.8356438,-2.912631,-1.8766146,0.24440059,-0.38043344,-0.89192963,0
4.2489371,2.8862538,0.60617113,0.95890343,0.23153761,0.16399491,0
4.7564893,0.62525558,-1.6815517,0.24440059,-0.38043344,-0.89192963,0
2.1350799,-0.40134573,-1.8761768,0.24440059,-0.38043344,-0.89192963,0
-0.61035931,1.7102631,-2.9650662,-0.14412624,0.89535487,-0.42138708,0
-0.87734365,0.024853706,-2.983495,0.24440059,-0.38043344,-0.89192963,0
1.6545764,-1.700779,3.137465,0.14412624,-0.89535487,0.42138708,0
-1.1372249,-2.9742987,1.4336989,0.14412624,-0.89535487,0.42138708,0
-5.0590672,-2.3198433,1.755404,-0.95890343,-0.23153761,-0.16399491,0
-2.9808502,-0.92661917,-3.0747523,0.24440059,-0.38043344,-0.89192963,0
0.31527805,-3.2644339,0.21349311,0.14412624,-0.89535487,0.42138708,0
5.6871214,-1.4225175,-0.16849089,0.95890343,0.23153761,0.16399491,0
-5.6146278,0.61157656,0.53067398,-0.95890343,-0.23153761,-0.16399491,0
3.2925191,2.8730521,2.6163297,-0.24440059,0.38043344,0.89192963,0
0.6131618,3.1956363,-0.8062892,-0.14412624,0.89535487,-0.42138708,0
0.13157129,-2.6592453,1.7703285,0.14412624,-0.89535487,0.42138708,0
-4.6871853,-0.11619066,-3.2660506,-0.95890343,-0.23153761,-0.16399491,0
2.7506292,-1.0900545,-1.6528518,0.24440059,-0.38043344,-0.89192963,0
-4.4505038,2.1409435,-1.074828,-0.14412624,0.89535487,-0.42138708,0
1.9262583,3.9410064,0.4542594,-0.14412624,0.89535487,-0.42138708,0
4.9090219,-0.54046756,2.3469117,0.95890343,0.23153761,0.16399491,0
0.30626059,3.077024,-0.72173059,-0.14412624,0.89535487,-0.42138708,0
-4.1782274,2.2884319,-0.80964458,-0.14412624,0.89535487,-0.42138708,0
4.0110607,3.3866627,1.702457,0.95890343,0.23153761,0.16399491,0
-0.55433476,1.3065915,1.9678873,-0.24440059,0.38043344,0.89192963,0
-4.0758815,-3.9821153,-1.0248504,-0.95890343,-0.23153761,-0.16399491,0
2.8765254,3.5332136,2.0265639,-0.24440059,0.38043344,0.89192963,0
-3.5942922,-3.5940359,0.62968779,0.14412624,-0.89535487,0.42138708,0
-4.3421817,-0.8461746,-3.5338569,-0.95890343,-0.23153761,-0.16399491,0
-5.1822157,-0.022423267,0.72726488,-0.95890343,-0.23153761,-0.16399491,0
-4.6555667,-1.1429685,-2.1399071,-0.95890343,-0.23153761,-0.16399491,0
4.4077168,2.1923645,0.63203001,0.95890343,0.23153761,0.16399491,0
0.94808769,-0.23559189,-2.5853825,0.24440059,-0.38043344,-0.89192963,0
3.0333426,2.2816608,-2.8668118,0.24440059,-0.38043344,-0.89192963,0
4.490025,-0.216676,3.9045429,-0.24440059,0.38043344,0.89192963,0
-1.489795,1.4019604,-3.9411769,0.24440059,-0.38043344,-0.89192963,0
3.2556548,-1.2185349,3.8093104,0.14412624,-0.89535487,0.42138708,0
-2.2683766,2.7792778,-0.38985831,-0.14412624,0.89535487,-0.42138708,0
-3.880177,1.9277787,0.7250458,-0.24440059,0.38043344,0.89192963,0
-0.47456503,-2.6141846,1.5781821,0.14412624,-0.89535487,0.42138708,0
4.3719215,2.5615866,0.60756254,0.95890343,0.23153761,0.16399491,0
-0.94394255,-3.9951668,-0.65018749,0.14412624,-0.89535487,0.42138708,0
3.8500485,-1.5649881,-1.0020423,0.24440059,-0.38043344,-0.89192963,0
-5.2542315,-0.18676734,-0.15157509,-0.95890343,-0.23153761,-0.16399491,0
-4.5398722,-2.0302536,-1.131072,-0.95890343,-0.23153761,-0.16399491,0
2.2628889,-1.6675917,2.65294,0.14412624,-0.89535487,0.42138708,0
5.8756433,-2.2827566,-0.3758173,0.24440059,-0.38043344,-0.89192963,0
1.1923447,-2.9618697,0.18877542,0.14412624,-0.89535487,0.42138708,0
-2.1712606,-3.0863051,1.5150239,0.14412624,-0.89535487,0.42138708,0
-3.8156772,0.77922332,-4.1075277,-0.14412624,0.89535487,-0.42138708,0
-2.7301493,0.73579121,1.6227667,-0.24440059,0.38043344,0.89192963,0
-3.758831,-3.3936415,1.577065,0.14412624,-0.89535487,0.42138708,0
2.0360718,-1.1499295,-1.917878,0.24440059,-0.38043344,-0.89192963,0
4.0115967,-1.1807718,3.051584,0.14412624,-0.89535487,0.42138708,0
2.4548707,-1.0213087,3.9052882,-0.24440059,0.38043344,0.89192963,0
1.5052693,3.1814854,-1.111639,-0.14412624,0.89535487,-0.42138708,0
-4.550272,-0.089087039,-2.6311519,-0.95890343,-0.23153761,-0.16399491,0
1.4253862,-2.9846985,-0.17304355,0.14412624,-0.89535487,0.42138708,0
-4.8616395,0.93737411,-2.8577015,-0.95890343,-0.23153761,-0.16399491,0
4.5067978,2.9623747,-0.80443239,0.95890343,0.23153761,0.16399491,0
2.1773188,2.4637685,-3.0653348,-0.14412624,0.89535487,-0.42138708,0
-1.7298362,-3.3316741,0.43152738,0.14412624,-0.89535487,0.42138708,0
-2.5798273,-1.6212761,-2.8065796,0.24440059,-0.38043344,-0.89192963,0
-2.4717772,0.60876048,-3.754288,0.24440059,-0.38043344,-0.89192963,0
1.972518,2.5834527,-2.4426401,-0.14412624,0.89535487,-0.42138708,0
2.5992155,1.3064375,-2.533484,0.24440059,-0.38043344,-0.89192963,0
1.6341289,-2.0525174,-1.2728947,0.24440059,-0.38043344,-0.89192963,0
-3.1647987,-0.49433982,-3.2830939,0.24440059,-0.38043344,-0.89192963,0
1.6222675,-2.0708852,2.2116628,0.14412624,-0.89535487,0.42138708,0
5.9289346,-2.5379615,-0.02991128,0.24440059,-0.38043344,-0.89192963,0
-5.1024389,-2.3434277,2.1893196,-0.95890343,-0.23153761,-0.16399491,0
-5.5119648,-0.38963556,1.310549,-0.95890343,-0.23153761,-0.16399491,0
-1.1873521,-2.1336691,3.0804484,0.14412624,-0.89535487,0.42138708,0
2.8931828,3.2477789,-0.8751564,-0.14412624,0.89535487,-0.42138708,0
-3.9838204,2.6515987,-0.5649606,-0.14412624,0.89535487,-0.42138708,0
4.872961,0.60216165,1.3727405,0.95890343,0.23153761,0.16399491,0
-4.1067877,-2.8485718,2.307224,0.14412624,-0.89535487,0.42138708,0
-5.1699724,-0.018087149,-0.23560762,-0.95890343,-0.23153761,-0.16399491,0
-5.0514231,1.9931586,0.35356283,-0.24440059,0.38043344,0.89192963,0
4.2725935,3.9077091,-0.011796474,0.95890343,0.23153761,0.16399491,0
-2.7192438,-4.4781976,-1.5225105,0.14412624,-0.89535487,0.42138708,0
-5.2784567,2.3734772,-0.62756228,-0.14412624,0.89535487,-0.42138708,0
-4.8443298,-3.0353057,1.3250194,-0.95890343,-0.23153761,-0.16399491,0
-1.8144088,1.1853322,-3.6731019,0.24440059,-0.38043344,-0.89192963,0
4.4949951,1.3056364,2.0040958,0.95890343,0.23153761,0.16399491,0
-3.0144453,3.0843074,0.36068368,-0.14412624,0.89535487,-0.42138708,0
-4.7662864,-1.0141652,-0.26263189,-0.95890343,-0.23153761,-0.16399491,0
3.9471931,-2.6964011,-0.57907069,0.24440059,-0.38043344,-0.89192963,0
-4.4582996,-1.9172139,-0.99849415,-0.95890343,-0.23153761,-0.16399491,0
-1.437376,0.89952111,-3.7429729,0.24440059,-0.38043344,-0.89192963,0
-5.0489817,0.96890235,-1.338062,-0.95890343,-0.23153761,-0.16399491,0
0.12893295,-3.6755803,-0.45784354,0.14412624,-0.89535487,0.42138708,0
-3.9498076,-3.6629281,0.66421652,0.14412624,-0.89535487,0.42138708,0
-2.5360785,-2.7485032,-2.3911357,0.24440059,-0.38043344,-0.89192963,0
5.0756507,-2.5204735,0.2441628,0.14412624,-0.89535487,0.42138708,0
4.5154953,-1.4073365,2.5866978,0.14412624,-0.89535487,0.42138708,0
-0.023121834,-3.963325,-1.2408071,0.24440059,-0.38043344,-0.89192963,0
-3.0000095,-1.7562994,-3.0635171,0.24440059,-0.38043344,-0.89192963,0
5.555737,-1.8637521,0.53775549,0.95890343,0.23153761,0.16399491,0
5.1438398,-0.95139921,2.5213375,0.95890343,0.23153761,0.16399491,0
-2.2271807,-2.9352939,-2.0550559,0.24440059,-0.38043344,-0.89192963,0
2.7644472,-2.3449283,0.77274084,0.14412624,-0.89535487,0.42138708,0
3.8691583,3.712142,-0.24783039,-0.14412624,0.89535487,-0.42138708,0
2.594532,-1.0746877,3.9004512,-0.24440059,0.38043344,0.89192963,0
-5.1225052,0.85707784,-0.63081789,-0.95890343,-0.23153761,-0.16399491,0
-4.0320015,-3.6460905,-0.58966017,-0.95890343,-0.23153761,-0.16399491,0
2.21732,-1.928659,-1.5176634,0.24440059,-0.38043344,-0.89192963,0
1.5389516,-2.4100521,1.4607621,0.14412624,-0.89535487,0.42138708,0
-5.1116209,1.1970692,1.0818131,-0.24440059,0.38043344,0.89192963,0
3.3058541,3.8280852,0.13322115,-0.14412624,0.89535487,-0.42138708,0
-4.9375572,-0.17414618,-1.2539041,-0.95890343,-0.23153761,-0.16399491,0
-5.4320002,0.74234653,-0.66299081,-0.95890343,-0.23153761,-0.16399491,0
-4.1268978,-3.3507667,-0.45113277,-0.95890343,-0.23153761,-0.16399491,0
-1.5063226,-3.4125733,-0.088450193,0.14412624,-0.89535487,0.42138708,0
0.84074473,2.4842892,2.1722836,-0.24440059,0.38043344,0.89192963,0
3.8948092,3.1189756,-1.6908789,-0.14412624,0.89535487,-0.42138708,0
-4.5578074,1.350083,-2.6900601,-0.14412624,0.89535487,-0.42138708,0
-4.7324557,-3.0635259,1.5687895,-0.95890343,-0.23153761,-0.16399491,0
-2.2023599,-4.077497,-0.74555683,0.14412624,-0.89535487,0.42138708,0
-5.0858707,-0.90770388,0.21091509,-0.95890343,-0.23153761,-0.16399491,0
-4.1950488,1.1947937,0.93901122,-0.24440059,0.38043344,0.89192963,0
4.9140463,-1.0131201,3.6983528,0.14412624,-0.89535487,0.42138708,0
2.1900499,0.62352538,-2.500345,0.24440059,-0.38043344,-0.89192963,0
-1.9415601,-1.1246703,2.8018517,-0.24440059,0.38043344,0.89192963,0
2.0986283,-1.9005724,2.3953016,0.14412624,-0.89535487,0.42138708,0
-3.8445346,-2.4308412,2.8411291,0.14412624,-0.89535487,0.42138708,0
-2.5174932,-2.1379967,2.846143,-0.24440059,0.38043344,0.89192963,0
-2.960578,-2.9524267,2.1504462,0.14412624,-0.89535487,0.42138708,0
0.77520537,2.4799252,-1.9334574,-0.14412624,0.89535487,-0.42138708,0
-3.4180431,2.5201445,0.73541445,-0.24440059,0.38043344,0.89192963,0
-3.8784003,1.7818004,-2.0112834,-0.14412624,0.89535487,-0.42138708,0
-2.0141511,-4.4138837,-1.4270813,0.24440059,-0.38043344,-0.89192963,0
-2.3397775,2.0548019,-1.5816747,-0.14412624,0.89535487,-0.42138708,0
0.51625621,0.36780477,2.846776,-0.24440059,0.38043344,0.89192963,0
-0.3180809,2.5624375,1.5082221,-0.24440059,0.38043344,0.89192963,0
-4.9183311,0.39479327,-2.7884529,-0.95890343,-0.23153761,-0.16399491,0
-5.317657,1.0932703,-0.49449611,-0.95890343,-0.23153761,-0.16399491,0
-1.9544535,-2.9764318,-2.130641,0.24440059,-0.38043344,-0.89192963,0
-2.3056309,-0.22228312,-3.3348911,0.24440059,-0.38043344,-0.89192963,0
3.5140016,-2.1059084,1.0686779,0.14412624,-0.89535487,0.42138708,0
5.0355959,0.043541431,0.44723701,0.95890343,0.23153761,0.16399491,0
0.26719883,-0.14363694,-2.6582575,0.24440059,-0.38043344,-0.89192963,0
4.8024187,0.55061507,2.584038,0.95890343,0.23153761,0.16399491,0
-2.4908876,-3.7644398,-0.27690077,0.14412624,-0.89535487,0.42138708,0
-5.2093968,0.22407174,-0.49636626,-0.95890343,-0.23153761,-0.16399491,0
-3.8240774,1.2562571,-2.8054564,-0.14412624,0.89535487,-0.42138708,0
4.7493987,2.9836099,-1.9367867,0.95890343,0.23153761,0.16399491,0
-4.5256219,0.90429461,-3.770323,-0.14412624,0.89535487,-0.42138708,0
4.8272257,-1.3924755,2.4406929,0.14412624,-0.89535487,0.42138708,0
4.0895944,2.4143472,2.9789853,0.95890343,0.23153761,0.16399491,0
-5.3431344,0.77182531,0.49051523,-0.95890343,-0.23153761,-0.16399491,0
3.9051831,1.2484312,-2.428225,0.24440059,-0.38043344,-0.89192963,0
-0.082321644,-3.8497581,-1.1191292,0.24440059,-0.38043344,-0.89192963,0
-5.0389967,-1.1755848,1.3129468,-0.95890343,-0.23153761,-0.16399491,0
-3.5238032,2.7043829,-0.046557724,-0.14412624,0.89535487,-0.42138708,0
1.2041361,0.045896769,-2.4173284,0.24440059,-0.38043344,-0.89192963,0
3.908963,0.31579006,3.917614,-0.24440059,0.38043344,0.89192963,0
2.1432228,0.28430247,3.3203707,-0.24440059,0.38043344,0.89192963,0
3.0214548,0.68300128,-2.1323528,0.24440059,-0.38043344,-0.89192963,0
4.9636946,-2.3146434,0.63430023,0.14412624,-0.89535487,0.42138708,0
3.5712748,-1.9383531,1.7948698,0.14412624,-0.89535487,0.42138708,0
4.1010232,3.5211022,-1.3864899,-0.14412624,0.89535487,-0.42138708,0
3.7013688,-2.9074593,-0.1210109,0.14412624,-0.89535487,0.42138708,0
0.35808533,0.97212863,-3.2347624,0.24440059,-0.38043344,-0.89192963,0
-0.63609266,2.8264208,1.2880142,-0.24440059,0.38043344,0.89192963,0
4.7611723,-0.10861993,1.8214622,0.95890343,0.23153761,0.16399491,0
-4.530045,-1.630134,-2.1234074,-0.95890343,-0.23153761,-0.16399491,0
-2.7687933,2.0287836,-1.7018067,-0.14412624,0.89535487,-0.42138708,0
-5.4741449,2.3670828,-0.36195874,-0.14412624,0.89535487,-0.42138708,0
4.5376148,2.064157,-2.429878,0.24440059,-0.38043344,-0.89192963,0
-0.78945339,1.8154554,1.6099195,-0.24440059,0.38043344,0.89192963,0
-2.9777756,-1.3127449,2.5115025,-0.24440059,0.38043344,0.89192963,0
4.5559359,1.8357195,1.4913974,0.95890343,0.23153761,0.16399491,0
2.816704,-3.0222883,-0.48755378,0.14412624,-0.89535487,0.42138708,0
-0.40538335,2.7476974,-0.69600272,-0.14412624,0.89535487,-0.42138708,0
-5.2343955,-0.20999956,-0.18144894,-0.95890343,-0.23153761,-0.16399491,0
-3.9474268,-1.1886656,-3.2356205,0.24440059,-0.38043344,-0.89192963,0
-5.0660982,0.95017004,0.92719984,-0.24440059,0.38043344,0.89192963,0
4.7096934,-0.51735705,3.6023369,0.95890343,0.23153761,0.16399491,0
5.0402498,1.9817247,-1.183362,0.95890343,0.23153761,0.16399491,0
-4.8692212,-2.8034797,1.9545732,-0.95890343,-0.23153761,-0.16399491,0
-4.9406157,0.72582173,-3.6784756,-0.95890343,-0.23153761,-0.16399491,0
-1.2774171,-2.4386315,2.6845613,0.14412624,-0.89535487,0.42138708,0
-5.4596815,1.8217093,-1.7052746,-0.14412624,0.89535487,-0.42138708,0
0.54727316,-3.5717456,-1.1336551,0.24440059,-0.38043344,-0.89192963,0
0.99886101,1.5802786,-3.3891211,0.24440059,-0.38043344,-0.89192963,0
4.7765722,3.3037488,-1.1363025,0.95890343,0.23153761,0.16399491,0
4.6230431,-0.24370086,3.805167,0.95890343,0.23153761,0.16399491,0
-3.9644346,-3.245883,-1.9305205,-0.95890343,-0.23153761,-0.16399491,0
3.2315352,-2.1988537,1.7397779,0.14412624,-0.89535487,0.42138708,0
-2.262176,2.282635,1.1776177,-0.24440059,0.38043344,0.89192963,0
-1.5647168,-2.9832032,1.342128,0.14412624,-0.89535487,0.42138708,0
-2.0499728,3.4487419,0.8808372,-0.14412624,0.89535487,-0.42138708,0
5.4917526,0.35567522,-1.2256815,0.95890343,0.23153761,0.16399491,0
-5.2013321,0.59598708,-1.0806017,-0.95890343,-0.23153761,-0.16399491,0
2.0782633,-1.6692529,-1.6784134,0.24440059,-0.38043344,-0.89192963,0
1.3369,2.7238829,-1.5925038,-0.14412624,0.89535487,-0.42138708,0
3.6444907,-2.1349118,1.4258449,0.14412624,-0.89535487,0.42138708,0
0.34358406,1.2929854,-3.4373043,0.24440059,-0.38043344,-0.89192963,0
0.21825504,-2.9586463,1.230877,0.14412624,-0.89535487,0.42138708,0
4.6761875,0.12581432,2.1320491,0.95890343,0.23153761,0.16399491,0
3.0824113,-1.6828623,2.9094157,0.14412624,-0.89535487,0.42138708,0
4.8146491,2.5001955,-0.64234972,0.95890343,0.23153761,0.16399491,0
2.2007596,1.5156084,2.8688946,-0.24440059,0.38043344,0.89192963,0
-1.6748023,-3.5621662,-1.8901536,0.24440059,-0.38043344,-0.89192963,0
-5.4285784,0.99591112,0.85892773,-0.95890343,-0.23153761,-0.16399491,0
4.4711947,0.8789978,2.421761,0.95890343,0.23153761,0.16399491,0
-1.6824082,1.4690216,1.5040894,-0.24440059,0.38043344,0.89192963,0
5.4597583,-0.21662235,0.085918427,0.95890343,0.23153761,0.16399491,0
2.4886012,3.8313391,0.53069925,-0.14412624,0.89535487,-0.42138708,0
5.3462324,-0.49359941,-0.67227244,0.95890343,0.23153761,0.16399491,0
2.9637315,2.1247582,2.8149819,-0.24440059,0.38043344,0.89192963,0
4.9254217,2.7340269,-1.5102773,0.95890343,0.23153761,0.16399491,0
-1.1153924,1.9135165,-2.3493707,-0.14412624,0.89535487,-0.42138708,0
0.4331556,0.04593277,-2.5656409,0.24440059,-0.38043344,-0.89192963,0
-2.0556641,2.7928157,-0.72306335,-0.14412624,0.89535487,-0.42138708,0
-2.4278917,0.36245966,1.8484845,-0.24440059,0.38043344,0.89192963,0
0.54702139,3.3759208,-0.006955862,-0.14412624,0.89535487,-0.42138708,0
4.0570621,0.95782518,-1.9371901,0.24440059,-0.38043344,-0.89192963,0
4.2926807,-2.8392031,-0.34391427,0.14412624,-0.89535487,0.42138708,0
5.1441898,-1.0631899,2.7245467,0.95890343,0.23153761,0.16399491,0
-1.6793774,1.9075475,-2.3159537,-0.14412624,0.89535487,-0.42138708,0
-0.25545752,1.6167331,-3.2215803,-0.14412624,0.89535487,-0.42138708,0
4.0204058,-0.77495843,4.1074595,-0.24440059,0.38043344,0.89192963,0
-3.2807393,-4.2294173,-0.88822412,0.14412624,-0.89535487,0.42138708,0
2.3657956,-2.4132638,1.4372878,0.14412624,-0.89535487,0.42138708,0
1.7763501,-0.79168415,-1.8378085,0.24440059,-0.38043344,-0.89192963,0
1.8519164,-0.3030715,-2.0913782,0.24440059,-0.38043344,-0.89192963,0
-3.4211388,2.3296721,-1.3041499,-0.14412624,0.89535487,-0.42138708,0
3.6175654,-1.9853175,-0.82392025,0.24440059,-0.38043344,-0.89192963,0
1.9387015,1.0357734,2.9580398,-0.24440059,0.38043344,0.89192963,0
-0.25608373,-3.6744053,-1.4925096,0.24440059,-0.38043344,-0.89192963,0
-4.6521516,0.34231019,-4.2060785,-0.95890343,-0.23153761,-0.16399491,0
1.9209234,2.417491,-2.1748142,-0.14412624,0.89535487,-0.42138708,0
3.9077158,-1.4873292,2.869967,0.14412624,-0.89535487,0.42138708,0
2.1140342,-2.6649435,0.90004194,0.14412624,-0.89535487,0.42138708,0
5.820859,-2.523422,-0.0047540665,0.24440059,-0.38043344,-0.89192963,0
-4.5189714,-0.16607422,-3.7212801,-0.95890343,-0.23153761,-0.16399491,0
4.6589599,1.0914478,1.4552097,0.95890343,0.23153761,0.16399491,0
2.2358139,-0.51220584,-1.8654332,0.24440059,-0.38043344,-0.89192963,0
4.6228671,1.7652535,-2.4546287,0.24440059,-0.38043344,-0.89192963,0
4.4658399,2.1382244,1.4354239,0.95890343,0.23153761,0.16399491,0
5.1756525,-0.41099215,0.65773797,0.95890343,0.23153761,0.16399491,0
4.8815646,2.7796748,-2.4151511,-0.14412624,0.89535487,-0.42138708,0
-5.0397301,-2.7964137,2.4363079,-0.95890343,-0.23153761,-0.16399491,0
0.87369585,-3.5460341,-0.88861156,0.14412624,-0.89535487,0.42138708,0
1.8128202,1.5619376,2.548558,-0.24440059,0.38043344,0.89192963,0
3.9734397,-1.870203,-1.0892178,0.24440059,-0.38043344,-0.89192963,0
-5.422102,-0.23141432,1.4125838,-0.95890343,-0.23153761,-0.16399491,0
0.52481771,-3.4550502,-0.70571065,0.14412624,-0.89535487,0.42138708,0
2.9403079,3.7120049,0.20895576,-0.14412624,0.89535487,-0.42138708,0
0.57047153,-1.9541107,2.3934727,0.14412624,-0.89535487,0.42138708,0
-4.3870621,-1.0578599,1.8745604,-0.24440059,0.38043344,0.89192963,0
-4.7391248,-0.88021541,-0.46806288,-0.95890343,-0.23153761,-0.16399491,0
-4.4868078,-0.63903356,-2.7059081,-0.95890343,-0.23153761,-0.16399491,0
-4.810554,-2.7621002,2.0463943,-0.95890343,-0.23153761,-0.16399491,0
4.5616598,-1.0195236,3.2853215,0.14412624,-0.89535487,0.42138708,0
4.6404071,-1.7665846,1.9705483,0.14412624,-0.89535487,0.42138708,0
-0.94225907,-1.6527728,-2.4180739,0.24440059,-0.38043344,-0.89192963,0
2.0103612,-1.5807785,3.4125347,0.14412624,-0.89535487,0.42138708,0
-3.8817766,-2.3463194,2.6686828,-0.24440059,0.38043344,0.89192963,0
-2.2052076,-3.3184483,0.71644688,0.14412624,-0.89535487,0.42138708,0
-4.6519885,1.6923735,-1.9142408,-0.14412624,0.89535487,-0.42138708,0
-3.0402074,1.1065834,-3.565237,-0.14412624,0.89535487,-0.42138708,0
-4.7966661,0.39814711,-4.139823,-0.95890343,-0.23153761,-0.16399491,0
3.838779,2.2687626,3.0252695,-0.24440059,0.38043344,0.89192963,0
4.6311831,1.3844181,2.6379991,0.95890343,0.23153761,0.16399491,0
-4.6642237,-1.6790893,-0.34761667,-0.95890343,-0.23153761,-0.16399491,0
-4.7712002,-0.98398817,-1.1057112,-0.95890343,-0.23153761,-0.16399491,0
-0.42531896,2.5253105,1.7899212,-0.24440059,0.38043344,0.89192963,0
2.8164461,3.9435859,2.005455,-0.24440059,0.38043344,0.89192963,0
-4.5878367,-0.72075564,-2.1781576,-0.95890343,-0.23153761,-0.16399491,0
-1.4903831,-2.0522416,-2.3551686,0.24440059,-0.38043344,-0.89192963,0
5.035306,2.6826828,-1.6824722,0.95890343,0.23153761,0.16399491,0
-3.915261,2.5051227,-0.91492933,-0.14412624,0.89535487,-0.42138708,0
-1.7446659,3.107703,-0.064487398,-0.14412624,0.89535487,-0.42138708,0
-3.8092241,-2.9832633,-2.735935,0.24440059,-0.38043344,-0.89192963,0
-1.4752367,1.3268317,-3.8519206,0.24440059,-0.38043344,-0.89192963,0
5.0261278,2.8562756,-2.4515238,0.95890343,0.23153761,0.16399491,0
5.035903,0.54037714,-1.6303971,0.24440059,-0.38043344,-0.89192963,0
2.9923658,-0.13495886,3.8002994,-0.24440059,0.38043344,0.89192963,0
-5.2011008,-1.6629267,1.0827928,-0.95890343,-0.23153761,-0.16399491,0
-3.5739722,-3.1118574,-2.5880632,0.24440059,-0.38043344,-0.89192963,0
2.6223989,-1.7542113,2.5632803,0.14412624,-0.89535487,0.42138708,0
-2.5456545,-3.6277223,-1.862097,0.24440059,-0.38043344,-0.89192963,0
4.3818889,3.886447,-0.12087679,0.95890343,0.23153761,0.16399491,0
-0.33318925,-3.6065943,-0.55729771,0.14412624,-0.89535487,0.42138708,0
5.028194,2.6232872,-2.1400957,0.95890343,0.23153761,0.16399491,0
-4.1602292,-2.23785,-2.7487981,-0.95890343,-0.23153761,-0.16399491,0
-0.8800981,1.5878522,1.8449124,-0.24440059,0.38043344,0.89192963,0
3.3136139,-0.27719045,-1.6566087,0.24440059,-0.38043344,-0.89192963,0
-4.5875649,-1.4767115,-1.9990008,-0.95890343,-0.23153761,-0.16399491,0
-5.2130857,0.46450329,-1.1845136,-0.95890343,-0.23153761,-0.16399491,0
5.5290413,-0.67357707,0.063819885,0.95890343,0.23153761,0.16399491,0
-3.1315956,2.0264225,0.90861154,-0.24440059,0.38043344,0.89192963,0
-1.3091395,0.35650492,-3.5175095,0.24440059,-0.38043344,-0.89192963,0
-4.3199463,-3.7832637,0.91128492,0.14412624,-0.89535487,0.42138708,0
-5.3232846,1.7588563,-1.4543571,-0.14412624,0.89535487,-0.42138708,0
-2.4147298,3.119853,0.52683192,-0.14412624,0.89535487,-0.42138708,0
-2.6311274,-4.6276793,-1.4904304,0.14412624,-0.89535487,0.42138708,0
-2.9732177,-0.4799087,-3.4165521,0.24440059,-0.38043344,-0.89192963,0
1.3489897,-1.6930273,-1.7255225,0.24440059,-0.38043344,-0.89192963,0
-1.9779415,-3.7019701,-0.19396353,0.14412624,-0.89535487,0.42138708,0
0.27986312,3.4145141,-0.14296484,-0.14412624,0.89535487,-0.42138708,0
-4.8557281,-0.82386637,0.28474188,-0.95890343,-0.23153761,-0.16399491,0
-2.3532286,0.90654075,-3.6344674,0.24440059,-0.38043344,-0.89192963,0
4.8698964,0.99331611,1.6520534,0.95890343,0.23153761,0.16399491,0
-4.7421484,-1.6267376,-1.674901,-0.95890343,-0.23153761,-0.16399491,0
-2.8648608,-1.5918217,2.8390956,-0.24440059,0.38043344,0.89192963,0
4.9057231,0.91867018,-0.44878483,0.95890343,0.23153761,0.16399491,0
-5.7099204,1.9246535,-0.50976348,-0.95890343,-0.23153761,-0.16399491,0
5.0239754,2.690496,-1.4914255,0.95890343,0.23153761,0.16399491,0
0.58150929,0.30678844,-2.7505157,0.24440059,-0.38043344,-0.89192963,0
-2.7313631,2.8405704,-0.4579536,-0.14412624,0.89535487,-0.42138708,0
3.043777,3.0770724,2.4166477,-0.24440059,0.38043344,0.89192963,0
1.0448816,2.6413288,1.9681259,-0.24440059,0.38043344,0.89192963,0
-1.9157274,1.0011406,1.7294877,-0.24440059,0.38043344,0.89192963,0
4.8522425,2.6976409,-2.127635,0.95890343,0.23153761,0.16399491,0
1.167001,-3.3380198,-0.23905957,0.14412624,-0.89535487,0.42138708,0
-0.92424393,1.4330971,1.9253461,-0.24440059,0.38043344,0.89192963,0
-4.8730683,-1.2697921,2.1870534,-0.24440059,0.38043344,0.89192963,0
5.2402287,-0.99115419,-0.76492596,0.24440059,-0.38043344,-0.89192963,0
5.1966991,0.69186306,-0.32293749,0.95890343,0.23153761,0.16399491,0
1.9049242,-2.8370829,0.28296795,0.14412624,-0.89535487,0.42138708,0
-3.195487,-3.7984099,0.57429361,0.14412624,-0.89535487,0.42138708,0
4.3991699,2.8706193,0.65718269,0.95890343,0.23153761,0.16399491,0
-5.6217513,1.3397362,-0.079561234,-0.95890343,-0.23153761,-0.16399491,0
3.1499412,-2.5881,0.76295722,0.14412624,-0.89535487,0.42138708,0
5.6880846,-2.2179093,0.024798632,0.95890343,0.23153761,0.16399491,0
3.7147644,2.7946959,-2.1100743,-0.14412624,0.89535487,-0.42138708,0
-4.741322,-1.5188816,-1.3220048,-0.95890343,-0.23153761,-0.16399491,0
-1.6049101,0.49331689,2.0327196,-0.24440059,0.38043344,0.89192963,0
4.709075,0.31963265,2.4509165,0.95890343,0.23153761,0.16399491,0
0.039713264,1.7090147,-3.3177118,-0.14412624,0.89535487,-0.42138708,0
2.0965385,-2.1540692,-1.357546,0.24440059,-0.38043344,-0.89192963,0
3.7351241,-0.92601359,3.4165044,0.14412624,-0.89535487,0.42138708,0
1.0403026,2.2123485,1.9910374,-0.24440059,0.38043344,0.89192963,0
-3.4792647,-0.34242821,2.142992,-0.24440059,0.38043344,0.89192963,0
1.7092574,-3.2506425,-0.48629749,0.14412624,-0.89535487,0.42138708,0
-0.89854431,-3.4948916,0.30609894,0.14412624,-0.89535487,0.42138708,0
-4.4811602,0.69545674,-4.4511294,-0.14412624,0.89535487,-0.42138708,0
-2.3843694,2.5669246,-0.39310661,-0.14412624,0.89535487,-0.42138708,0
3.259711,2.4281378,-2.9129632,0.24440059,-0.38043344,-0.89192963,0
2.9490843,2.5861101,2.4134703,-0.24440059,0.38043344,0.89192963,0
-2.3514037,-4.3679323,-1.1221223,0.14412624,-0.89535487,0.42138708,0
3.2645965,-3.0070469,-0.18876958,0.14412624,-0.89535487,0.42138708,0
5.34375,1.0813932,-1.5242715,0.95890343,0.23153761,0.16399491,0
3.7589445,-1.7057359,-1.012235,0.24440059,-0.38043344,-0.89192963,0
5.0032682,-0.23236823,1.0349729,0.95890343,0.23153761,0.16399491,0
-1.8256772,-4.2739596,-1.5828581,0.24440059,-0.38043344,-0.89192963,0
3.0085423,3.9797068,-0.16272163,-0.14412624,0.89535487,-0.42138708,0
-1.397536,1.5833832,-3.0903816,-0.14412624,0.89535487,-0.42138708,0
-0.58884168,3.6032925,0.56990314,-0.14412624,0.89535487,-0.42138708,0
-5.0796976,0.50369251,-2.2293966,-0.95890343,-0.23153761,-0.16399491,0
-2.4837711,-3.3868265,0.8732729,0.14412624,-0.89535487,0.42138708,0
-2.5881112,2.8275986,-0.34841284,-0.14412624,0.89535487,-0.42138708,0
-2.6185515,-2.3106055,2.9913907,-0.24440059,0.38043344,0.89192963,0
-2.1729331,-2.7743452,2.3482292,0.14412624,-0.89535487,0.42138708,0
0.0017137527,3.5359545,1.4246649,-0.24440059,0.38043344,0.89192963,0
-4.2172508,1.3857011,-2.3785133,-0.14412624,0.89535487,-0.42138708,0
-1.9454993,1.985384,-2.6172528,-0.14412624,0.89535487,-0.42138708,0
-4.9206233,-1.0194834,-0.96657133,-0.95890343,-0.23153761,-0.16399491,0
-4.7845359,-0.80074525,-0.38000822,-0.95890343,-0.23153761,-0.16399491,0
3.7860932,4.3267155,0.51879692,-0.14412624,0.89535487,-0.42138708,0
2.3226347,1.9142193,2.7122488,-0.24440059,0.38043344,0.89192963,0
-4.6326532,0.60153675,-3.1734362,-0.95890343,-0.23153761,-0.16399491,0
-4.7523961,-2.0471594,0.19981909,-0.95890343,-0.23153761,-0.16399491,0
-4.2812309,-1.5572484,-3.3648233,0.24440059,-0.38043344,-0.89192963,0
0.63182974,3.3232677,0.1972301,-0.14412624,0.89535487,-0.42138708,0
3.0335555,-1.5452847,2.3434074,0.14412624,-0.89535487,0.42138708,0
-2.3875208,-1.440976,-2.978343,0.24440059,-0.38043344,-0.89192963,0
-4.4208145,-1.1848154,2.2201152,-0.24440059,0.38043344,0.89192963,0
-3.8163681,-4.3776217,-1.7243476,-0.95890343,-0.23153761,-0.16399491,0
4.7347517,2.9099402,-1.7278352,0.95890343,0.23153761,0.16399491,0
4.6125507,2.0920577,-0.55785656,0.95890343,0.23153761,0.16399491,0
-5.1108437,-0.11459303,-1.0189052,-0.95890343,-0.23153761,-0.16399491,0
-5.7503595,2.2296813,-0.18382859,-0.14412624,0.89535487,-0.42138708,0
3.9084151,4.0749636,1.1098342,0.95890343,0.23153761,0.16399491,0
-2.5790606,0.99344993,-3.8667331,-0.14412624,0.89535487,-0.42138708,0
0.95921063,-3.6868119,-0.77099192,0.14412624,-0.89535487,0.42138708,0
-4.4011879,-2.651454,2.7884233,0.14412624,-0.89535487,0.42138708,0
0.24432969,-3.7830625,-0.94689476,0.14412624,-0.89535487,0.42138708,0
2.9766879,-1.1354806,4.1147223,0.14412624,-0.89535487,0.42138708,0
4.5957828,2.469502,-0.19044495,0.95890343,0.23153761,0.16399491,0
-1.731892,0.73057294,-3.7674043,0.24440059,-0.38043344,-0.89192963,0
-1.8986902,-2.8653631,-1.8812537,0.24440059,-0.38043344,-0.89192963,0
0.0096507072,-2.9004633,1.0711602,0.14412624,-0.89535487,0.42138708,0
-3.0451436,1.2051808,-3.8117406,-0.14412624,0.89535487,-0.42138708,0
5.5783424,-1.8585248,1.0898154,0.95890343,0.23153761,0.16399491,0
-3.9335232,-4.060822,-1.1382422,-0.95890343,-0.23153761,-0.16399491,0
-0.16666555,1.8432513,-3.1026108,-0.14412624,0.89535487,-0.42138708,0
-3.4212179,-4.7158394,-1.7823644,0.24440059,-0.38043344,-0.89192963,0
-2.8711851,-4.5905213,-1.4869819,0.24440059,-0.38043344,-0.89192963,0
4.7775288,3.1154921,-2.3964849,0.95890343,0.23153761,0.16399491,0
-2.5198603,-2.9201646,1.9495385,0.14412624,-0.89535487,0.42138708,0
-4.8590541,-1.6538277,1.3524251,-0.95890343,-0.23153761,-0.16399491,0
4.7450762,1.1237817,-2.1268337,0.24440059,-0.38043344,-0.89192963,0
-4.6420569,-1.3146266,-0.93381739,-0.95890343,-0.23153761,-0.16399491,0
-4.4060097,-2.8568432,-1.4527612,-0.95890343,-0.23153761,-0.16399491,0
4.9204254,0.799824,1.374809,0.95890343,0.23153761,0.16399491,0
5.144948,-0.18573976,1.3089607,0.95890343,0.23153761,0.16399491,0
-5.0413942,2.4163523,0.39204645,-0.24440059,0.38043344,0.89192963,0
-0.62555373,0.87937331,-3.4819739,0.24440059,-0.38043344,-0.89192963,0
-0.81474662,2.5099244,-1.0517175,-0.14412624,0.89535487,-0.42138708,0
4.5816736,-1.7496493,-0.95926964,0.24440059,-0.38043344,-0.89192963,0
3.5441771,4.1112833,0.84108496,-0.14412624,0.89535487,-0.42138708,0
1.3606176,-1.8357344,3.0257301,0.14412624,-0.89535487,0.42138708,0
-2.968457,2.2551198,-1.724152,-0.14412624,0.89535487,-0.42138708,0
4.5180354,2.467031,0.44792557,0.95890343,0.23153761,0.16399491,0
-3.3785696,0.74193621,1.7611576,-0.24440059,0.38043344,0.89192963,0
-2.3123145,2.2142844,-1.5217627,-0.14412624,0.89535487,-0.42138708,0
-4.0368571,2.3096783,-0.49111521,-0.14412624,0.89535487,-0.42138708,0
-3.058969,-0.35553479,2.0249817,-0.24440059,0.38043344,0.89192963,0
1.4659494,-1.0590417,-2.0939269,0.24440059,-0.38043344,-0.89192963,0
-1.9604316,-3.0658703,1.2471611,0.14412624,-0.89535487,0.42138708,0
3.5361059,-0.36068892,-1.5083833,0.24440059,-0.38043344,-0.89192963,0
4.5394263,2.0737808,0.80092907,0.95890343,0.23153761,0.16399491,0
-4.1604509,-3.2657504,2.0186133,0.14412624,-0.89535487,0.42138708,0
-2.6258695,-1.1609492,2.5520134,-0.24440059,0.38043344,0.89192963,0
-4.6211019,-2.8169198,0.10785532,-0.95890343,-0.23153761,-0.16399491,0
-3.9273927,-3.3579235,-1.6557188,-0.95890343,-0.23153761,-0.16399491,0
4.5355525,1.4631156,1.8241792,0.95890343,0.23153761,0.16399491,0
4.5085087,2.6858511,-0.6175971,0.95890343,0.23153761,0.16399491,0
-4.542264,-0.88400418,-2.830353,-0.95890343,-0.23153761,-0.16399491,0
-4.8765736,-2.1428328,1.0279036,-0.95890343,-0.23153761,-0.16399491,0
-1.5991074,1.7346528,-3.3559842,-0.14412624,0.89535487,-0.42138708,0
-0.84014797,2.6789856,1.2382625,-0.24440059,0.38043344,0.89192963,0
-4.378005,2.7329161,0.069344878,-0.14412624,0.89535487,-0.42138708,0
0.36975646,2.679832,1.7714382,-0.24440059,0.38043344,0.89192963,0
-0.48737866,-0.61915255,2.8716784,-0.24440059,0.38043344,0.89192963,0
-4.9466963,-1.9432788,2.1262665,-0.95890343,-0.23153761,-0.16399491,0
-3.2082982,-4.0049524,-0.48007298,0.14412624,-0.89535487,0.42138708,0
-4.494873,-1.2739625,2.2825322,-0.24440059,0.38043344,0.89192963,0
1.650048,-1.3500359,-1.9906332,0.24440059,-0.38043344,-0.89192963,0
4.6816807,-2.3725309,0.53881323,0.14412624,-0.89535487,0.42138708,0
-2.3355174,2.5308816,-0.74126017,-0.14412624,0.89535487,-0.42138708,0
3.9413731,-0.79256523,4.2511349,0.14412624,-0.89535487,0.42138708,0
-4.4092078,-1.9543808,-1.1910968,-0.95890343,-0.23153761,-0.16399491,0
4.8162422,0.13970649,1.8978591,0.95890343,0.23153761,0.16399491,0
3.9111009,3.7680712,1.1185164,0.95890343,0.23153761,0.16399491,0
-1.8897349,2.655283,-0.73739439,-0.14412624,0.89535487,-0.42138708,0
1.4224951,-2.8818514,0.65270454,0.14412624,-0.89535487,0.42138708,0
-5.2428684,1.4815941,-1.9874532,-0.95890343,-0.23153761,-0.16399491,0
4.6680651,-0.47503486,3.1749182,0.95890343,0.23153761,0.16399491,0
-4.9298,-0.3562088,-0.0065422058,-0.95890343,-0.23153761,-0.16399491,0
-1.2074673,-2.8764749,1.406774,0.14412624,-0.89535487,0.42138708,0
-5.0386891,-1.968894,1.6724272,-0.95890343,-0.23153761,-0.16399491,0
-5.2925301,1.2680883,-1.873857,-0.95890343,-0.23153761,-0.16399491,0
4.4707818,2.34413,1.8252311,0.95890343,0.23153761,0.16399491,0
-4.7959533,-2.2792854,0.6915288,-0.95890343,-0.23153761,-0.16399491,0
3.1101584,4.6089272,1.5670776,-0.14412624,0.89535487,-0.42138708,0
-4.5907311,-2.0256665,-1.5822234,-0.95890343,-0.23153761,-0.16399491,0
-2.1546016,-2.578249,-2.3322194,0.24440059,-0.38043344,-0.89192963,0
-4.664299,0.82060707,-3.7518039,-0.95890343,-0.23153761,-0.16399491,0
4.8001857,1.3470411,0.40853786,0.95890343,0.23153761,0.16399491,0
-4.4853029,-2.1829991,-0.0032758713,-0.95890343,-0.23153761,-0.16399491,0
-5.1358833,1.3775833,-1.9514453,-0.95890343,-0.23153761,-0.16399491,0
-1.9668247,2.2008176,-1.3265276,-0.14412624,0.89535487,-0.42138708,0
4.7233534,-0.74407291,-1.0037329,0.24440059,-0.38043344,-0.89192963,0
5.075922,1.014998,-1.9990859,0.24440059,-0.38043344,-0.89192963,0
-1.6114464,-3.9782329,-0.71913385,0.14412624,-0.89535487,0.42138708,0
4.6993976,0.99764919,1.4527013,0.95890343,0.23153761,0.16399491,0
4.0957794,2.8368297,-2.8823316,-0.14412624,0.89535487,-0.42138708,0
-5.4613695,0.199049,1.1236,-0.24440059,0.38043344,0.89192963,0
-0.9492712,1.9363184,-2.750073,-0.14412624,0.89535487,-0.42138708,0
-3.3416443,-3.4885261,0.59119892,0.14412624,-0.89535487,0.42138708,0
-1.1669378,0.14081001,2.3223083,-0.24440059,0.38043344,0.89192963,0
4.8912883,1.0845187,0.38810587,0.95890343,0.23153761,0.16399491,0
5.4161525,-0.11446524,-0.72333837,0.95890343,0.23153761,0.16399491,0
5.2009873,-0.96944505,2.3270841,0.95890343,0.23153761,0.16399491,0
-0.55777359,-0.49456382,-2.7822952,0.24440059,-0.38043344,-0.89192963,0
-3.0564914,-0.27722311,-3.4062114,0.24440059,-0.38043344,-0.89192963,0
-4.6935673,-1.7913659,0.51973867,-0.95890343,-0.23153761,-0.16399491,0
0.7229352,-3.4226747,-0.39909041,0.14412624,-0.89535487,0.42138708,0
3.6236522,2.0546122,2.8073897,-0.24440059,0.38043344,0.89192963,0
0.99076033,3.3131485,-0.13716936,-0.14412624,0.89535487,-0.42138708,0
0.0097773075,-2.4582341,1.8096436,0.14412624,-0.89535487,0.42138708,0
-1.0300148,-0.79632688,2.6979563,-0.24440059,0.38043344,0.89192963,0
-0.58659124,-0.93088984,-2.7737706,0.24440059,-0.38043344,-0.89192963,0
4.3611407,3.1936703,-0.15918684,0.95890343,0.23153761,0.16399491,0
0.14867795,-1.9762857,3.3351853,0.14412624,-0.89535487,0.42138708,0
2.1047728,4.0597429,0.99448919,-0.14412624,0.89535487,-0.42138708,0
3.3442495,0.14873683,3.6975045,-0.24440059,0.38043344,0.89192963,0
-2.852227,0.93406737,-3.8877692,-0.14412624,0.89535487,-0.42138708,0
4.1557903,4.3762465,0.9229455,0.95890343,0.23153761,0.16399491,0
4.2028112,-1.1955091,2.7156541,0.14412624,-0.89535487,0.42138708,0
5.2167425,0.18288469,-0.55572987,0.95890343,0.23153761,0.16399491,0
4.6150064,0.68420571,2.746407,0.95890343,0.23153761,0.16399491,0
5.2388067,-1.2876371,1.710129,0.95890343,0.23153761,0.16399491,0
0.065745354,2.6066236,-1.4717807,-0.14412624,0.89535487,-0.42138708,0
2.9205401,3.8604128,0.011007309,-0.14412624,0.89535487,-0.42138708,0
5.2485104,-1.3439839,0.62213302,0.95890343,0.23153761,0.16399491,0
2.36818,2.9212999,-1.6418042,-0.14412624,0.89535487,-0.42138708,0
-1.1171715,-4.1043386,-1.2328589,0.24440059,-0.38043344,-0.89192963,0
1.4215398,-1.444448,-1.6864574,0.24440059,-0.38043344,-0.89192963,0
5.1690707,-0.64036083,0.35895085,0.95890343,0.23153761,0.16399491,0
4.0333118,2.8825879,2.3402472,0.95890343,0.23153761,0.16399491,0
5.3126264,-1.553385,-0.62511706,0.24440059,-0.38043344,-0.89192963,0
3.1103354,3.4571319,-0.71427774,-0.14412624,0.89535487,-0.42138708,0
2.7847493,-0.0096533298,-1.9039563,0.24440059,-0.38043344,-0.89192963,0
2.0199065,3.2379453,-1.0095577,-0.14412624,0.89535487,-0.42138708,0
-3.050983,2.5924571,0.96980125,-0.24440059,0.38043344,0.89192963,0
0.11469615,-1.0854862,-2.2951932,0.24440059,-0.38043344,-0.89192963,0
-1.5531838,1.6926,-2.8224139,-0.14412624,0.89535487,-0.42138708,0
-5.5468307,2.3543065,-0.22200727,-0.14412624,0.89535487,-0.42138708,0
4.6306071,3.4684331,-1.584444,0.95890343,0.23153761,0.16399491,0
0.49741495,-1.5707395,3.5198498,0.14412624,-0.89535487,0.42138708,0
-4.8539562,-1.3253634,0.40208149,-0.95890343,-0.23153761,-0.16399491,0
1.3174723,0.17249703,-2.7321949,0.24440059,-0.38043344,-0.89192963,0
-3.1291103,-3.9894156,-0.52947712,0.14412624,-0.89535487,0.42138708,0
-4.487505,-2.2308474,-0.197855,-0.95890343,-0.23153761,-0.16399491,0
3.4633131,-0.88106602,3.8227901,0.14412624,-0.89535487,0.42138708,0
-5.2167463,-0.42733049,0.98403239,-0.95890343,-0.23153761,-0.16399491,0
5.4049439,1.2413754,-1.7983561,0.95890343,0.23153761,0.16399491,0
1.2757897,3.7620325,0.70354843,-0.14412624,0.89535487,-0.42138708,0
2.7745819,-2.9620743,0.047531895,0.14412624,-0.89535487,0.42138708,0
1.2172236,-0.20785379,3.4254777,-0.24440059,0.38043344,0.89192963,0
1.855597,1.6564093,-2.9862494,0.24440059,-0.38043344,-0.89192963,0
5.5970063,-0.18261242,-0.95489264,0.95890343,0.23153761,0.16399491,0
-3.0650973,-4.4767232,-1.494823,0.14412624,-0.89535487,0.42138708,0
5.0512667,-1.1962333,2.5937033,0.95890343,0.23153761,0.16399491,0
-2.0740962,-2.5311453,2.2665679,0.14412624,-0.89535487,0.42138708,0
4.9406238,1.0994782,1.0750518,0.95890343,0.23153761,0.16399491,0
-0.60039198,1.5016108,2.1781585,-0.24440059,0.38043344,0.89192963,0
1.4855722,0.11242938,3.3509789,-0.24440059,0.38043344,0.89192963,0
-1.1366606,-2.8284945,1.595751,0.14412624,-0.89535487,0.42138708,0
4.0581656,4.5176492,1.0671639,0.95890343,0.23153761,0.16399491,0
-1.4690593,1.9196128,-2.8587098,-0.14412624,0.89535487,-0.42138708,0
-0.48362017,-3.2580237,0.44362235,0.14412624,-0.89535487,0.42138708,0
-3.6777117,2.9157915,-0.091190517,-0.14412624,0.89535487,-0.42138708,0
0.66674089,3.4354086,1.4377844,-0.24440059,0.38043344,0.89192963,0
-3.3431001,-3.1554234,-2.2098343,0.24440059,-0.38043344,-0.89192963,0
