3.7025723,1.3323164,-3.3650651,0.71360719,0.60676748,-0.35013986,0
5.0261345,0.11262822,-1.9719276,0.71360719,0.60676748,-0.35013986,0
2.5921795,4.7167234,0.9815011,0.71360719,0.60676748,-0.35013986,0
3.9979291,1.5195856,-2.2079148,0.71360719,0.60676748,-0.35013986,0
-2.5040684,-4.1871076,0.59919643,-0.71360719,-0.60676748,0.35013986,0
-3.8219666,-0.62833953,4.0933328,-0.71360719,-0.60676748,0.35013986,0
4.5038538,0.96000183,-1.6484034,0.71360719,0.60676748,-0.35013986,0
-3.276304,-0.30966771,-0.83738446,-0.54107618,0.159913,-0.82562965,0
2.7255812,-2.9750028,0.68783414,0.54107618,-0.159913,0.82562965,0
2.0990779,-3.3374379,0.92919242,0.54107618,-0.159913,0.82562965,0
-1.603521,2.8351765,1.3069804,-0.44497335,0.77862763,0.44242248,0
-4.3881092,0.92940271,2.1270406,-0.44497335,0.77862763,0.44242248,0
-4.7932005,-0.2330083,0.19698,-0.54107618,0.159913,-0.82562965,0
-2.3724089,-0.21570241,-1.3439046,-0.54107618,0.159913,-0.82562965,0
3.0575743,-1.7498372,-2.1449931,0.44497335,-0.77862763,-0.44242248,0
2.1343365,1.5477028,-3.9783826,-0.54107618,0.159913,-0.82562965,0
-0.67901236,4.2936249,-1.6530876,-0.54107618,0.159913,-0.82562965,0
-2.3115058,-3.7246792,1.5442238,-0.71360719,-0.60676748,0.35013986,0
-0.84355444,-4.1228518,2.7438016,0.54107618,-0.159913,0.82562965,0
0.66848636,3.3106313,2.8379796,-0.44497335,0.77862763,0.44242248,0
0.26291084,2.2620149,-2.6800671,-0.54107618,0.159913,-0.82562965,0
-1.7506604,-5.2255659,-0.64733124,0.44497335,-0.77862763,-0.44242248,0
-5.8091688,0.25680232,0.95664835,-0.54107618,0.159913,-0.82562965,0
-3.192322,-3.7958276,-1.7734671,-0.54107618,0.159913,-0.82562965,0
-0.055168867,2.165499,-2.7266212,-0.54107618,0.159913,-0.82562965,0
-0.25281543,-2.702873,2.7540472,0.54107618,-0.159913,0.82562965,0
-4.9457083,-0.23280215,-0.022769451,-0.54107618,0.159913,-0.82562965,0
-0.11823493,-3.761538,2.5980031,0.54107618,-0.159913,0.82562965,0
-2.0102675,-3.5780523,-2.5945499,-0.54107618,0.159913,-0.82562965,0
-4.1949792,-0.64039922,3.6262753,-0.71360719,-0.60676748,0.35013986,0
-2.8863592,-4.5026693,-0.31688976,-0.71360719,-0.60676748,0.35013986,0
2.5149722,4.5741935,0.60556936,0.71360719,0.60676748,-0.35013986,0
3.0572591,1.5952251,-4.3851619,0.71360719,0.60676748,-0.35013986,0
2.9689908,3.6457531,1.7294059,0.54107618,-0.159913,0.82562965,0
4.2520185,0.62548161,0.37073541,0.54107618,-0.159913,0.82562965,0
1.345742,5.2571363,-0.51820993,0.71360719,0.60676748,-0.35013986,0
-4.4432492,1.1365798,0.11810017,-0.54107618,0.159913,-0.82562965,0
1.7935205,-0.55422306,-4.3405542,-0.54107618,0.159913,-0.82562965,0
2.5382519,2.6628644,-2.9513268,0.71360719,0.60676748,-0.35013986,0
-0.35155171,-4.183259,2.6059835,0.54107618,-0.159913,0.82562965,0
-1.3626796,3.5338655,0.3812443,-0.44497335,0.77862763,0.44242248,0
-0.39954233,2.5431728,2.8426907,-0.44497335,0.77862763,0.44242248,0
-5.0329208,-1.3463956,0.27737093,-0.71360719,-0.60676748,0.35013986,0
-1.7512025,-2.5472481,3.5017052,0.54107618,-0.159913,0.82562965,0
-1.9920571,3.0367358,-0.98783618,-0.54107618,0.159913,-0.82562965,0
-0.92993212,1.8498945,3.7167237,-0.44497335,0.77862763,0.44242248,0
4.7426834,-0.074635029,-2.8527272,0.71360719,0.60676748,-0.35013986,0
2.9751019,3.2390699,-0.9483819,0.71360719,0.60676748,-0.35013986,0
3.9048028,0.60258198,-3.970397,0.71360719,0.60676748,-0.35013986,0
-1.3426559,4.4478092,-1.0081916,-0.44497335,0.77862763,0.44242248,0
5.3189392,-0.44279748,-1.6712058,0.44497335,-0.77862763,-0.44242248,0
0.78055263,-2.9965823,-1.5021166,0.44497335,-0.77862763,-0.44242248,0
1.3813921,-0.0031061172,1.9785669,0.54107618,-0.159913,0.82562965,0
4.008708,1.7552065,-1.1259379,0.71360719,0.60676748,-0.35013986,0
-5.5248427,-0.395439,0.59271145,-0.54107618,0.159913,-0.82562965,0
0.5373491,0.38193297,2.6620405,0.54107618,-0.159913,0.82562965,0
2.7045386,1.8159671,1.622956,0.54107618,-0.159913,0.82562965,0
0.24202415,-2.7672749,2.4339108,0.54107618,-0.159913,0.82562965,0
3.2257156,-1.9284954,-0.91187698,0.44497335,-0.77862763,-0.44242248,0
-3.7693152,-0.71223164,3.780947,-0.71360719,-0.60676748,0.35013986,0
2.9934831,0.11925554,-5.1204481,-0.54107618,0.159913,-0.82562965,0
0.43889287,5.0594497,-2.4902456,-0.54107618,0.159913,-0.82562965,0
-3.1100194,-2.827693,-1.3291183,-0.54107618,0.159913,-0.82562965,0
3.1861198,-1.7312105,0.38055784,0.54107618,-0.159913,0.82562965,0
3.3035734,-2.3187099,-0.16722554,0.44497335,-0.77862763,-0.44242248,0
-1.2041594,3.8073101,-0.1798346,-0.44497335,0.77862763,0.44242248,0
3.9200644,1.0097923,-3.0057437,0.71360719,0.60676748,-0.35013986,0
-3.9441118,0.15105462,3.3570251,-0.44497335,0.77862763,0.44242248,0
-0.96285558,-5.5031872,0.45485687,0.44497335,-0.77862763,-0.44242248,0
-1.1815348,-4.8968439,2.1019087,-0.71360719,-0.60676748,0.35013986,0
-1.5357198,-3.9353437,2.4896634,-0.71360719,-0.60676748,0.35013986,0
2.3444033,-1.4917933,-2.8484156,0.44497335,-0.77862763,-0.44242248,0
2.8166113,-1.0740271,-3.5504961,0.44497335,-0.77862763,-0.44242248,0
-2.0926738,-4.6093702,0.68419075,-0.71360719,-0.60676748,0.35013986,0
-2.3066742,0.98481107,4.1898384,-0.44497335,0.77862763,0.44242248,0
3.1879869,-0.67511797,-3.6474633,0.44497335,-0.77862763,-0.44242248,0
0.33799744,5.7707572,-1.6394563,-0.44497335,0.77862763,0.44242248,0
-4.7845664,-0.78315222,1.9764712,-0.71360719,-0.60676748,0.35013986,0
-1.9464207,0.05270052,4.4671831,0.54107618,-0.159913,0.82562965,0
-3.8955145,-0.22113752,4.2337232,-0.44497335,0.77862763,0.44242248,0
5.1888437,-0.19093186,-0.41491008,0.54107618,-0.159913,0.82562965,0
2.6769328,4.3800926,2.2559667,0.54107618,-0.159913,0.82562965,0
-1.905037,-4.6914668,0.84053993,-0.71360719,-0.60676748,0.35013986,0
3.0407138,-1.3070506,0.62215269,0.54107618,-0.159913,0.82562965,0
-5.1941547,-1.020767,-0.026820183,-0.54107618,0.159913,-0.82562965,0
-0.56282544,-3.9657662,-1.9239135,0.44497335,-0.77862763,-0.44242248,0
2.0913157,3.2856202,-2.3285904,0.71360719,0.60676748,-0.35013986,0
1.4591005,4.235043,1.8264666,-0.44497335,0.77862763,0.44242248,0
1.8568428,2.3637292,-3.8372822,-0.54107618,0.159913,-0.82562965,0
-1.7143855,-3.1681771,3.3464239,-0.71360719,-0.60676748,0.35013986,0
-3.7531288,-2.8793488,0.60063362,-0.71360719,-0.60676748,0.35013986,0
-1.0683922,3.0228601,1.3118552,-0.44497335,0.77862763,0.44242248,0
4.9370103,1.9271874,0.28894806,0.71360719,0.60676748,-0.35013986,0
1.1610792,-3.883244,-0.033182859,0.44497335,-0.77862763,-0.44242248,0
-1.3726882,-0.021227121,-1.933169,-0.54107618,0.159913,-0.82562965,0
1.6053835,5.3170004,0.17789698,0.71360719,0.60676748,-0.35013986,0
-0.3429637,2.6226199,2.6555119,-0.44497335,0.77862763,0.44242248,0
1.8918076,-0.97724903,1.75159,0.54107618,-0.159913,0.82562965,0
5.5574355,0.012671262,-0.61928415,0.54107618,-0.159913,0.82562965,0
-2.0137315,-4.8663144,0.16126823,-0.71360719,-0.60676748,0.35013986,0
-1.2703135,3.9065409,-0.24247956,-0.44497335,0.77862763,0.44242248,0
-5.6124458,-0.12486998,0.39134073,-0.54107618,0.159913,-0.82562965,0
-1.8924214,2.8913383,0.92855501,-0.44497335,0.77862763,0.44242248,0
3.6183491,1.4675014,-2.4543619,0.71360719,0.60676748,-0.35013986,0
-3.5559158,-0.41167259,4.8584046,-0.44497335,0.77862763,0.44242248,0
-3.4986892,-1.2536938,4.0812426,-0.71360719,-0.60676748,0.35013986,0
-3.246871,-1.6222992,3.7932129,-0.71360719,-0.60676748,0.35013986,0
1.3334444,4.3842201,-2.1578097,0.71360719,0.60676748,-0.35013986,0
-2.9571767,-4.7522001,-1.2600126,-0.71360719,-0.60676748,0.35013986,0
1.9162927,-3.0815678,-0.66583377,0.44497335,-0.77862763,-0.44242248,0
1.8097162,3.9507875,-2.3346395,0.71360719,0.60676748,-0.35013986,0
1.9551786,4.5185351,-1.5980082,0.71360719,0.60676748,-0.35013986,0
-1.0755169,-4.9816923,1.4870992,-0.71360719,-0.60676748,0.35013986,0
2.0042074,4.7198744,1.6590381,-0.44497335,0.77862763,0.44242248,0
0.29904103,-4.2603908,0.078094244,0.44497335,-0.77862763,-0.44242248,0
4.5125279,0.61978173,-3.0744057,0.71360719,0.60676748,-0.35013986,0
-3.3403904,-1.3656855,3.9287455,-0.71360719,-0.60676748,0.35013986,0
-2.7298682,0.73091078,4.1245813,-0.44497335,0.77862763,0.44242248,0
1.6739788,5.1596851,-0.13406849,0.71360719,0.60676748,-0.35013986,0
1.6597277,-2.9949441,-0.80626035,0.44497335,-0.77862763,-0.44242248,0
-2.4580901,-3.2190685,2.4821174,-0.71360719,-0.60676748,0.35013986,0
-1.0465606,0.030905962,-2.3830445,-0.54107618,0.159913,-0.82562965,0
-0.21258092,-3.9612043,-1.3147602,0.44497335,-0.77862763,-0.44242248,0
-5.5708933,0.094536304,1.8254805,-0.71360719,-0.60676748,0.35013986,0
1.5713433,2.5008729,2.4823112,0.54107618,-0.159913,0.82562965,0
2.6141453,4.0791245,2.2613325,0.54107618,-0.159913,0.82562965,0
-0.061990246,3.5566783,-2.2765849,-0.54107618,0.159913,-0.82562965,0
-2.8258047,-4.7957344,-1.8945394,0.44497335,-0.77862763,-0.44242248,0
3.5376754,-0.65332532,-3.3335056,0.44497335,-0.77862763,-0.44242248,0
5.69487,0.029333532,-1.3535457,0.71360719,0.60676748,-0.35013986,0
3.3156171,-0.39100152,0.77698636,0.54107618,-0.159913,0.82562965,0
-3.5027702,-2.378792,-1.0975838,-0.54107618,0.159913,-0.82562965,0
0.10294843,1.8336987,3.4988973,0.54107618,-0.159913,0.82562965,0
4.4928169,-1.0201621,-0.15011883,0.54107618,-0.159913,0.82562965,0
4.4055467,1.6615033,0.56893253,0.54107618,-0.159913,0.82562965,0
3.6771624,-1.5383729,-1.5423615,0.44497335,-0.77862763,-0.44242248,0
1.0276244,2.7514999,-3.1520748,-0.54107618,0.159913,-0.82562965,0
1.2665614,-3.7709146,1.5444163,0.54107618,-0.159913,0.82562965,0
-1.9374125,-0.97416532,-2.058836,-0.54107618,0.159913,-0.82562965,0
0.87293339,-2.4931145,-2.6640608,0.44497335,-0.77862763,-0.44242248,0
-2.0556254,-4.6150427,-1.7280498,0.44497335,-0.77862763,-0.44242248,0
1.7578557,0.42529488,-4.0137944,-0.54107618,0.159913,-0.82562965,0
-3.805243,-0.48781055,-0.85766101,-0.54107618,0.159913,-0.82562965,0
-0.9936223,-4.4805832,-1.2722535,0.44497335,-0.77862763,-0.44242248,0
-2.7537544,-4.0576401,-0.024167538,-0.71360719,-0.60676748,0.35013986,0
0.50530171,-1.2422051,-3.4904423,-0.54107618,0.159913,-0.82562965,0
-2.9120085,-4.6736841,-0.75144958,-0.71360719,-0.60676748,0.35013986,0
-2.2200403,2.3003628,-0.96706116,-0.54107618,0.159913,-0.82562965,0
4.3693151,1.9211465,-0.52475214,0.71360719,0.60676748,-0.35013986,0
-1.8608339,0.55709934,4.4777908,0.54107618,-0.159913,0.82562965,0
-1.0150385,2.3037844,3.0226178,-0.44497335,0.77862763,0.44242248,0
-0.31582916,0.062948465,-3.0279517,-0.54107618,0.159913,-0.82562965,0
-0.45019901,-4.5388179,-0.56476068,0.44497335,-0.77862763,-0.44242248,0
1.8329803,2.4563482,-3.5219979,-0.54107618,0.159913,-0.82562965,0
-1.8661027,2.2035525,2.5927606,-0.44497335,0.77862763,0.44242248,0
-5.4032416,-0.50989485,1.4094877,-0.71360719,-0.60676748,0.35013986,0
-0.12744153,4.5756059,-0.1204958,-0.44497335,0.77862763,0.44242248,0
-1.5915751,-3.2169464,-2.6715491,-0.54107618,0.159913,-0.82562965,0
-4.956151,0.61545706,1.5086901,-0.44497335,0.77862763,0.44242248,0
-2.7492979,2.970427,-0.42483452,-0.54107618,0.159913,-0.82562965,0
1.6686231,2.5238838,-3.6698985,-0.54107618,0.159913,-0.82562965,0
-0.95486951,-5.6869988,0.70925903,0.44497335,-0.77862763,-0.44242248,0
0.80731463,2.9719679,3.0455475,0.54107618,-0.159913,0.82562965,0
4.1751351,2.4765058,0.14287949,0.71360719,0.60676748,-0.35013986,0
0.49768436,-1.4416993,2.5990283,0.54107618,-0.159913,0.82562965,0
1.496165,3.9616458,-2.9809642,0.71360719,0.60676748,-0.35013986,0
-3.7637279,-3.1313672,-0.20046663,-0.71360719,-0.60676748,0.35013986,0
-1.3593509,2.1595917,2.498507,-0.44497335,0.77862763,0.44242248,0
2.3415136,-1.9224408,1.1571524,0.54107618,-0.159913,0.82562965,0
2.5935984,4.3160882,-0.10838509,0.71360719,0.60676748,-0.35013986,0
-4.4125805,-2.2855978,0.085953712,-0.71360719,-0.60676748,0.35013986,0
0.41003484,5.5644202,-1.5248241,-0.44497335,0.77862763,0.44242248,0
1.8330289,3.4926963,-2.7013328,0.71360719,0.60676748,-0.35013986,0
2.24384,5.3177328,1.2596416,-0.44497335,0.77862763,0.44242248,0
4.2657938,0.82035947,-3.2950428,0.71360719,0.60676748,-0.35013986,0
0.3246882,-2.4163666,-3.4513066,0.44497335,-0.77862763,-0.44242248,0
3.0370679,-0.42462635,-4.4994793,0.44497335,-0.77862763,-0.44242248,0
-0.89513481,1.0667372,-2.4627783,-0.54107618,0.159913,-0.82562965,0
1.5893182,5.295186,0.13834524,-0.44497335,0.77862763,0.44242248,0
-3.3275313,-2.0443542,3.0519233,-0.71360719,-0.60676748,0.35013986,0
-2.6224277,-1.7396286,4.2060928,0.54107618,-0.159913,0.82562965,0
0.034579158,-4.7801785,1.9245985,0.54107618,-0.159913,0.82562965,0
-4.0713887,-0.020001411,3.6727133,-0.44497335,0.77862763,0.44242248,0
-3.8836684,-1.3046916,2.1288447,-0.71360719,-0.60676748,0.35013986,0
-1.6758671,-4.3257875,1.5489879,-0.71360719,-0.60676748,0.35013986,0
-0.014143825,-4.6511755,1.9230673,0.54107618,-0.159913,0.82562965,0
-2.9633098,-4.8213682,-1.8374748,-0.71360719,-0.60676748,0.35013986,0
-2.9541035,0.19138145,4.9033012,0.54107618,-0.159913,0.82562965,0
3.477246,4.3045421,1.2729721,0.71360719,0.60676748,-0.35013986,0
-4.0126829,-2.3432498,1.1501651,-0.71360719,-0.60676748,0.35013986,0
4.0654278,-0.17206144,-3.8546145,0.44497335,-0.77862763,-0.44242248,0
0.074181423,3.8620548,-2.4162455,-0.54107618,0.159913,-0.82562965,0
-3.2337205,-3.7965379,-0.25756836,-0.71360719,-0.60676748,0.35013986,0
-2.1797342,3.557735,-0.55558658,-0.44497335,0.77862763,0.44242248,0
3.0555692,-2.4162226,-0.17965916,0.44497335,-0.77862763,-0.44242248,0
3.2774265,1.5338538,-3.6517253,0.71360719,0.60676748,-0.35013986,0
0.36756158,4.5024791,0.12315083,-0.44497335,0.77862763,0.44242248,0
2.3589036,4.8647537,0.90288973,0.71360719,0.60676748,-0.35013986,0
-5.4379377,-0.78522849,0.3606081,-0.71360719,-0.60676748,0.35013986,0
1.5424409,2.8834877,2.7310593,0.54107618,-0.159913,0.82562965,0
2.3831282,3.8397272,-1.0173535,0.71360719,0.60676748,-0.35013986,0
1.25508,4.628808,-1.9902248,0.71360719,0.60676748,-0.35013986,0
3.3319206,2.8566856,-0.63021851,0.71360719,0.60676748,-0.35013986,0
0.41409087,-3.8584981,-0.44514537,0.44497335,-0.77862763,-0.44242248,0
-2.7095098,0.69756866,3.9990466,-0.44497335,0.77862763,0.44242248,0
2.2350698,0.41013277,1.6559958,0.54107618,-0.159913,0.82562965,0
-5.2791038,0.27351779,0.46932817,-0.54107618,0.159913,-0.82562965,0
-1.6226901,2.7275844,1.6120136,-0.44497335,0.77862763,0.44242248,0
3.2499855,-2.1961458,0.66215169,0.54107618,-0.159913,0.82562965,0
0.45704699,-2.796567,-2.9626002,0.44497335,-0.77862763,-0.44242248,0
-2.1220462,-3.2476153,2.7070799,-0.71360719,-0.60676748,0.35013986,0
2.3873544,2.0594137,2.0829046,0.54107618,-0.159913,0.82562965,0
1.7851179,3.3530731,2.5412083,0.54107618,-0.159913,0.82562965,0
1.334627,-3.2436845,1.4748366,0.54107618,-0.159913,0.82562965,0
0.56722057,-3.7042394,-0.4244349,0.44497335,-0.77862763,-0.44242248,0
-1.5633162,-4.3548937,2.1847267,-0.71360719,-0.60676748,0.35013986,0
2.867986,2.696404,-2.6213338,0.71360719,0.60676748,-0.35013986,0
0.93896842,1.8441072,-3.0843067,-0.54107618,0.159913,-0.82562965,0
0.010105193,-4.0802794,2.4022906,0.54107618,-0.159913,0.82562965,0
5.0337276,0.91766465,-1.0081048,0.71360719,0.60676748,-0.35013986,0
-3.4372425,1.3201356,1.8980967,-0.44497335,0.77862763,0.44242248,0
0.40064096,0.94531083,2.8930833,0.54107618,-0.159913,0.82562965,0
0.96481907,0.93889749,2.4503193,0.54107618,-0.159913,0.82562965,0
-2.5467372,-3.7169333,1.120894,-0.71360719,-0.60676748,0.35013986,0
-2.803587,1.7574954,1.798213,-0.44497335,0.77862763,0.44242248,0
1.7022794,2.9396629,2.2896786,0.54107618,-0.159913,0.82562965,0
2.950804,-3.0630536,0.15892717,0.44497335,-0.77862763,-0.44242248,0
-1.1807234,-0.76913464,-2.2324548,-0.54107618,0.159913,-0.82562965,0
3.4254215,0.98921418,-4.4594421,0.71360719,0.60676748,-0.35013986,0
-3.0100925,-1.9930968,2.8503091,-0.71360719,-0.60676748,0.35013986,0
-2.4425611,-1.8792613,4.1402073,0.54107618,-0.159913,0.82562965,0
-5.7686014,0.033958718,0.58707857,-0.71360719,-0.60676748,0.35013986,0
3.7507644,1.5258012,-2.911314,0.71360719,0.60676748,-0.35013986,0
-5.087389,-0.24647808,2.0983179,-0.71360719,-0.60676748,0.35013986,0
2.3282127,3.2119551,-3.0019209,0.71360719,0.60676748,-0.35013986,0
-0.99492884,-0.79547143,3.5091512,0.54107618,-0.159913,0.82562965,0
-5.321147,0.10026807,0.62002707,-0.54107618,0.159913,-0.82562965,0
0.32271266,4.2259197,0.97937107,-0.44497335,0.77862763,0.44242248,0
1.9986612,4.4744792,1.7722893,-0.44497335,0.77862763,0.44242248,0
-4.1668029,-2.1831851,0.44754744,-0.71360719,-0.60676748,0.35013986,0
2.5995677,3.9609606,1.9091229,0.54107618,-0.159913,0.82562965,0
1.7944932,-0.22909141,1.9644909,0.54107618,-0.159913,0.82562965,0
-2.2417684,-2.8160493,-1.9196148,-0.54107618,0.159913,-0.82562965,0
2.3544083,-3.1475315,-0.24501657,0.44497335,-0.77862763,-0.44242248,0
3.091156,2.5217874,1.5476961,0.54107618,-0.159913,0.82562965,0
-0.074680686,-0.56508374,2.929441,0.54107618,-0.159913,0.82562965,0
-0.34005582,4.4386072,-0.18400002,-0.44497335,0.77862763,0.44242248,0
2.4108443,2.35426,2.002332,0.54107618,-0.159913,0.82562965,0
-5.2206917,0.023967028,0.1879034,-0.54107618,0.159913,-0.82562965,0
-0.71040535,1.9463804,3.7430458,-0.44497335,0.77862763,0.44242248,0
-0.60268748,-4.3079929,-0.59002829,0.44497335,-0.77862763,-0.44242248,0
2.6249681,-2.5602126,0.88287693,0.54107618,-0.159913,0.82562965,0
-4.0012865,-2.8786891,0.19900274,-0.71360719,-0.60676748,0.35013986,0
-2.5266328,-2.327426,-2.057116,-0.54107618,0.159913,-0.82562965,0
-2.6553085,-1.8945165,-1.4989872,-0.54107618,0.159913,-0.82562965,0
-0.67762339,4.836339,-1.0854123,-0.44497335,0.77862763,0.44242248,0
0.12293839,3.8592973,1.2104404,-0.44497335,0.77862763,0.44242248,0
-0.21885324,0.6819129,-2.6857617,-0.54107618,0.159913,-0.82562965,0
-1.7449517,0.97190595,4.2105923,0.54107618,-0.159913,0.82562965,0
0.48581326,4.9593062,-0.34903622,-0.44497335,0.77862763,0.44242248,0
-3.1918917,-1.1757636,4.7819643,-0.71360719,-0.60676748,0.35013986,0
0.82240736,-0.06603241,2.2462518,0.54107618,-0.159913,0.82562965,0
-4.8135152,0.0017230511,2.5456612,-0.71360719,-0.60676748,0.35013986,0
2.6190119,2.0098197,-4.3528752,0.71360719,0.60676748,-0.35013986,0
2.0969594,4.69664,-0.43622398,0.71360719,0.60676748,-0.35013986,0
1.6586643,0.56166732,1.8260725,0.54107618,-0.159913,0.82562965,0
2.8222485,3.5194628,-0.93028069,0.71360719,0.60676748,-0.35013986,0
-1.2250636,-0.81863451,-2.400569,-0.54107618,0.159913,-0.82562965,0
-3.156461,-4.5381188,-1.8006163,-0.71360719,-0.60676748,0.35013986,0
4.1309633,-0.24851251,-3.1375504,0.44497335,-0.77862763,-0.44242248,0
1.3553393,3.940203,-3.0568309,-0.54107618,0.159913,-0.82562965,0
-3.0419791,-2.093328,2.7419674,-0.71360719,-0.60676748,0.35013986,0
-3.0789158,-2.3705907,1.9334955,-0.71360719,-0.60676748,0.35013986,0
3.8047023,-0.21871662,-3.2945213,0.44497335,-0.77862763,-0.44242248,0
-3.9595485,-1.5879602,-0.8678565,-0.54107618,0.159913,-0.82562965,0
1.0061908,2.1188271,-3.5073957,-0.54107618,0.159913,-0.82562965,0
-3.5030577,-2.309763,1.8265543,-0.71360719,-0.60676748,0.35013986,0
3.9715881,0.40215015,0.5253911,0.54107618,-0.159913,0.82562965,0
1.5932708,5.4403858,-0.16389561,-0.44497335,0.77862763,0.44242248,0
-3.9687424,-1.2812265,-0.54483986,-0.54107618,0.159913,-0.82562965,0
-2.8061676,-3.3559947,1.4300356,-0.71360719,-0.60676748,0.35013986,0
4.2143431,-1.2596331,-1.329808,0.44497335,-0.77862763,-0.44242248,0
1.4541955,3.9248219,2.3886383,-0.44497335,0.77862763,0.44242248,0
0.37818348,4.0063858,0.82566166,-0.44497335,0.77862763,0.44242248,0
1.5558026,4.1327586,-1.9691319,0.71360719,0.60676748,-0.35013986,0
-1.2098836,1.922919,-2.0958683,-0.54107618,0.159913,-0.82562965,0
3.5681615,1.2303364,-3.4492276,0.71360719,0.60676748,-0.35013986,0
0.25109887,-1.6637235,-3.5293047,-0.54107618,0.159913,-0.82562965,0
0.56952584,4.6587291,0.5785141,-0.44497335,0.77862763,0.44242248,0
0.59003711,-4.7800193,1.2647934,0.44497335,-0.77862763,-0.44242248,0
5.4863162,-0.16989386,-2.4951532,0.44497335,-0.77862763,-0.44242248,0
-3.354142,-3.4526463,-0.52722311,-0.71360719,-0.60676748,0.35013986,0
1.7857896,4.9768572,1.1378794,-0.44497335,0.77862763,0.44242248,0
0.5688982,5.4677038,-1.088614,-0.44497335,0.77862763,0.44242248,0
1.0992473,-0.80283964,1.9852887,0.54107618,-0.159913,0.82562965,0
2.1945634,4.7018518,-0.65964937,0.71360719,0.60676748,-0.35013986,0
-3.1108036,-3.3644481,0.65070581,-0.71360719,-0.60676748,0.35013986,0
2.5456877,2.3651373,-3.2709732,0.71360719,0.60676748,-0.35013986,0
-4.5210052,0.37677169,2.8404877,-0.44497335,0.77862763,0.44242248,0
2.7071548,-2.162945,-1.1354334,0.44497335,-0.77862763,-0.44242248,0
-4.9777479,0.10065913,2.5933502,-0.71360719,-0.60676748,0.35013986,0
3.3272917,2.8809531,-0.73873186,0.71360719,0.60676748,-0.35013986,0
-4.0875649,-2.1502748,0.61702585,-0.71360719,-0.60676748,0.35013986,0
-1.6474451,-4.2687368,2.5614119,-0.71360719,-0.60676748,0.35013986,0
1.7789744,-3.0071163,1.4917523,0.54107618,-0.159913,0.82562965,0
3.9935679,2.3220291,-0.69157934,0.71360719,0.60676748,-0.35013986,0
4.4615936,-0.25322533,-2.5542033,0.44497335,-0.77862763,-0.44242248,0
2.2355752,-0.71154499,-3.9746501,0.44497335,-0.77862763,-0.44242248,0
4.6098232,0.34296432,-0.10705996,0.54107618,-0.159913,0.82562965,0
4.4715853,-1.346956,-0.87409854,0.44497335,-0.77862763,-0.44242248,0
-3.5331118,-1.2135251,3.1134777,-0.71360719,-0.60676748,0.35013986,0
0.63455707,-3.1475258,1.847281,0.54107618,-0.159913,0.82562965,0
-3.1972334,-0.61935902,5.009234,-0.71360719,-0.60676748,0.35013986,0
3.9986539,1.347486,-2.1813407,0.71360719,0.60676748,-0.35013986,0
0.65347576,-0.7061758,2.3143592,0.54107618,-0.159913,0.82562965,0
-3.700114,-1.7658942,2.0824943,-0.71360719,-0.60676748,0.35013986,0
-1.8218932,2.2509861,2.0989072,-0.44497335,0.77862763,0.44242248,0
-0.67535281,-0.13788104,3.3693075,0.54107618,-0.159913,0.82562965,0
3.3901052,3.9829497,0.72662354,0.71360719,0.60676748,-0.35013986,0
-1.7700601,-4.1708984,-2.4910388,0.44497335,-0.77862763,-0.44242248,0
2.535862,4.5066662,0.16572142,0.71360719,0.60676748,-0.35013986,0
3.3871224,-0.51593018,-3.6885083,0.44497335,-0.77862763,-0.44242248,0
-1.1666605,4.6166906,-1.089056,-0.44497335,0.77862763,0.44242248,0
-2.0064337,3.2530744,-1.3153508,-0.54107618,0.159913,-0.82562965,0
-3.9666576,0.55257332,-0.49979901,-0.54107618,0.159913,-0.82562965,0
-2.2514815,3.0083899,-0.03802532,-0.44497335,0.77862763,0.44242248,0
3.295198,0.94521111,1.2250979,0.54107618,-0.159913,0.82562965,0
-5.9728613,0.4088442,1.1250949,-0.54107618,0.159913,-0.82562965,0
-3.0572124,-3.7463923,-0.11968803,-0.71360719,-0.60676748,0.35013986,0
3.5596237,0.056378126,-4.0615177,0.44497335,-0.77862763,-0.44242248,0
0.97359729,-1.4445269,-3.9694395,0.44497335,-0.77862763,-0.44242248,0
2.6579647,-2.5701981,-1.0616798,0.44497335,-0.77862763,-0.44242248,0
0.2714808,3.7519271,1.1748314,-0.44497335,0.77862763,0.44242248,0
1.0189173,-1.8975763,-3.4039013,0.44497335,-0.77862763,-0.44242248,0
1.8655308,3.6532183,-2.3699353,0.71360719,0.60676748,-0.35013986,0
-1.2422625,-5.3234949,1.587328,-0.71360719,-0.60676748,0.35013986,0
1.9151061,-3.5349307,0.64898312,0.44497335,-0.77862763,-0.44242248,0
-3.9638124,1.9164023,0.58183587,-0.44497335,0.77862763,0.44242248,0
-3.7660165,0.45996594,2.9016953,-0.44497335,0.77862763,0.44242248,0
5.1135473,0.12124711,-0.45207024,0.54107618,-0.159913,0.82562965,0
-0.18194914,-3.8285236,-1.0339663,0.44497335,-0.77862763,-0.44242248,0
-2.8477535,-1.0787325,-1.4029129,-0.54107618,0.159913,-0.82562965,0
3.9459,3.3617201,0.58238602,0.71360719,0.60676748,-0.35013986,0
2.5225592,4.5232773,0.62422371,0.71360719,0.60676748,-0.35013986,0
5.2568278,-0.9405213,-1.1546402,0.44497335,-0.77862763,-0.44242248,0
-1.7431618,-2.3792377,-2.5735745,-0.54107618,0.159913,-0.82562965,0
1.7322936,4.4385123,1.5256333,-0.44497335,0.77862763,0.44242248,0
-0.27247709,3.1412339,-2.0535698,-0.54107618,0.159913,-0.82562965,0
-4.7003393,-0.6163646,1.8785973,-0.71360719,-0.60676748,0.35013986,0
4.8331513,-0.99294603,-1.0661786,0.44497335,-0.77862763,-0.44242248,0
-2.0970159,-4.6842451,0.47170925,-0.71360719,-0.60676748,0.35013986,0
-2.7916155,-4.2369328,-0.10530949,-0.71360719,-0.60676748,0.35013986,0
2.517267,-1.3288178,-3.2217891,0.44497335,-0.77862763,-0.44242248,0
2.8353627,1.3787572,-4.4078197,-0.54107618,0.159913,-0.82562965,0
-1.916312,2.1507015,2.1239512,-0.44497335,0.77862763,0.44242248,0
-1.3550087,-4.9625568,-0.81176186,0.44497335,-0.77862763,-0.44242248,0
-2.2690744,-2.821104,3.0290165,-0.71360719,-0.60676748,0.35013986,0
4.3117433,0.7451055,-2.5006192,0.71360719,0.60676748,-0.35013986,0
-3.3716187,-4.1080422,-1.7477145,-0.54107618,0.159913,-0.82562965,0
-1.1758802,0.28206849,-2.005022,-0.54107618,0.159913,-0.82562965,0
-0.037759364,2.7047524,-2.320112,-0.54107618,0.159913,-0.82562965,0
-4.1219187,0.42750025,3.050133,-0.44497335,0.77862763,0.44242248,0
-0.12722003,4.9596472,-1.1212907,-0.44497335,0.77862763,0.44242248,0
-1.0991082,-3.9143026,-2.576968,0.44497335,-0.77862763,-0.44242248,0
2.9457376,-2.7168884,-0.27583364,0.44497335,-0.77862763,-0.44242248,0
-1.1520765,-4.3883772,2.8099592,0.54107618,-0.159913,0.82562965,0
3.4456382,-2.2424574,-0.25154006,0.44497335,-0.77862763,-0.44242248,0
-3.380322,-3.7411175,-0.90668583,-0.71360719,-0.60676748,0.35013986,0
-3.9558935,-2.2579918,0.7957654,-0.71360719,-0.60676748,0.35013986,0
-0.0044674873,1.2509484,-2.6140306,-0.54107618,0.159913,-0.82562965,0
1.0712199,-4.0265675,1.546819,0.54107618,-0.159913,0.82562965,0
-3.5236812,-2.8652015,-1.4626703,-0.54107618,0.159913,-0.82562965,0
-0.16866636,1.169024,3.504447,0.54107618,-0.159913,0.82562965,0
-1.6811023,-1.8700813,-2.3165648,-0.54107618,0.159913,-0.82562965,0
3.4783974,2.9787636,-0.52239609,0.71360719,0.60676748,-0.35013986,0
-1.7111827,-4.7229729,0.75435495,-0.71360719,-0.60676748,0.35013986,0
-4.1692395,-1.129943,2.4809463,-0.71360719,-0.60676748,0.35013986,0
-4.5941014,-0.44006503,2.4359827,-0.71360719,-0.60676748,0.35013986,0
1.0218325,-2.7424786,-2.2846456,0.44497335,-0.77862763,-0.44242248,0
2.197377,4.3322339,-0.62815857,0.71360719,0.60676748,-0.35013986,0
0.38697636,-5.0016408,1.2032068,0.44497335,-0.77862763,-0.44242248,0
-0.81816626,-3.5618143,-2.9124188,0.44497335,-0.77862763,-0.44242248,0
-0.72802174,-0.13186908,-2.4011424,-0.54107618,0.159913,-0.82562965,0
-2.2722263,-3.2964067,2.6510222,-0.71360719,-0.60676748,0.35013986,0
2.7331121,-1.9380751,0.81125051,0.54107618,-0.159913,0.82562965,0
0.83582711,-2.2529843,-2.8456874,0.44497335,-0.77862763,-0.44242248,0
-5.5546784,0.46652716,1.3835726,-0.44497335,0.77862763,0.44242248,0
-1.9750574,-1.5069699,4.1577458,0.54107618,-0.159913,0.82562965,0
4.6290183,-1.2865208,-0.097706556,0.54107618,-0.159913,0.82562965,0
1.4521685,5.2069273,0.43895245,-0.44497335,0.77862763,0.44242248,0
2.8774321,4.0472956,-0.27879286,0.71360719,0.60676748,-0.35013986,0
1.5407059,-1.7602751,-3.1288557,0.44497335,-0.77862763,-0.44242248,0
2.8023448,2.9442816,-2.5999908,0.71360719,0.60676748,-0.35013986,0
-5.4666433,-0.81308562,0.733953,-0.71360719,-0.60676748,0.35013986,0
-1.8399279,2.8553927,-1.2271891,-0.54107618,0.159913,-0.82562965,0
-5.2601719,0.025666669,0.50172615,-0.54107618,0.159913,-0.82562965,0
-1.7375959,-1.2282401,-1.8873421,-0.54107618,0.159913,-0.82562965,0
4.8639374,0.5604223,-1.7808001,0.71360719,0.60676748,-0.35013986,0
0.18967199,-1.9783292,-3.7487581,-0.54107618,0.159913,-0.82562965,0
-2.4461107,0.55444384,4.7223058,-0.44497335,0.77862763,0.44242248,0
3.035836,1.9479811,-2.7348368,0.71360719,0.60676748,-0.35013986,0
2.4005573,3.5478177,-2.009912,0.71360719,0.60676748,-0.35013986,0
1.5657289,-2.449029,-1.5777997,0.44497335,-0.77862763,-0.44242248,0
4.4618134,1.2469833,-1.2915916,0.71360719,0.60676748,-0.35013986,0
-1.5391449,-3.1285591,-2.432621,-0.54107618,0.159913,-0.82562965,0
-3.5691016,-0.091019154,4.720962,-0.44497335,0.77862763,0.44242248,0
-2.4450786,-5.1800518,-1.6322837,0.44497335,-0.77862763,-0.44242248,0
-2.8103135,-1.0987248,-1.427937,-0.54107618,0.159913,-0.82562965,0
-0.94034141,-5.3305717,1.8927078,-0.71360719,-0.60676748,0.35013986,0
-0.40658855,-2.404377,2.7946949,0.54107618,-0.159913,0.82562965,0
2.3282845,4.6858931,-0.15631723,0.71360719,0.60676748,-0.35013986,0
-1.1474462,-0.24753785,-2.340672,-0.54107618,0.159913,-0.82562965,0
4.8720865,-1.0112563,-1.0077133,0.44497335,-0.77862763,-0.44242248,0
-3.2966256,1.7131023,1.3596077,-0.44497335,0.77862763,0.44242248,0
1.8288529,0.96369886,1.9503256,0.54107618,-0.159913,0.82562965,0
1.2390072,-3.5588775,0.031017303,0.44497335,-0.77862763,-0.44242248,0
-3.6692169,1.9163173,-0.1809231,-0.54107618,0.159913,-0.82562965,0
-5.1554317,-1.4829843,0.073871613,-0.71360719,-0.60676748,0.35013986,0
1.6916806,5.0029187,1.1969266,-0.44497335,0.77862763,0.44242248,0
4.4699388,-1.7881207,-0.52408683,0.44497335,-0.77862763,-0.44242248,0
-2.3403251,-4.8928061,-0.33030939,-0.71360719,-0.60676748,0.35013986,0
1.9140036,-0.7493571,1.4932269,0.54107618,-0.159913,0.82562965,0
-3.9009094,0.41983235,-0.42677712,-0.54107618,0.159913,-0.82562965,0
-2.6835022,-2.2187841,4.0609574,-0.71360719,-0.60676748,0.35013986,0
-3.7942786,-1.9822769,-0.83477545,-0.54107618,0.159913,-0.82562965,0
-3.5063338,-1.8690231,2.6836326,-0.71360719,-0.60676748,0.35013986,0
3.8483026,-0.19328427,-3.7109632,0.44497335,-0.77862763,-0.44242248,0
4.8397684,-0.37802732,-2.4796777,0.44497335,-0.77862763,-0.44242248,0
-5.5142736,-0.28016007,1.4166903,-0.71360719,-0.60676748,0.35013986,0
-4.8093452,-1.4283098,1.0428371,-0.71360719,-0.60676748,0.35013986,0
-2.9192367,2.2923274,1.0023009,-0.44497335,0.77862763,0.44242248,0
0.97847903,4.1596193,1.421339,-0.44497335,0.77862763,0.44242248,0
-3.8921535,1.0418384,-0.41356969,-0.54107618,0.159913,-0.82562965,0
2.1696763,4.9604702,1.1717553,-0.44497335,0.77862763,0.44242248,0
2.0834064,2.3906944,1.9517074,0.54107618,-0.159913,0.82562965,0
-1.2882915,-2.9152749,-2.6800122,-0.54107618,0.159913,-0.82562965,0
2.3031368,3.9009759,2.1431518,0.54107618,-0.159913,0.82562965,0
-0.4749456,4.1251855,-1.9060388,-0.54107618,0.159913,-0.82562965,0
-4.5409107,-1.4713728,1.0354428,-0.71360719,-0.60676748,0.35013986,0
4.3777866,-1.7027644,-0.31735528,0.44497335,-0.77862763,-0.44242248,0
3.335829,2.6000853,-1.987915,0.71360719,0.60676748,-0.35013986,0
5.9412847,-0.38016754,-1.3481092,0.44497335,-0.77862763,-0.44242248,0
0.053325057,4.6221552,-2.1126223,-0.54107618,0.159913,-0.82562965,0
2.754462,0.88295531,1.3629184,0.54107618,-0.159913,0.82562965,0
-0.83648932,3.9464359,-1.6608126,-0.54107618,0.159913,-0.82562965,0
-3.3825462,0.16994882,3.9202523,-0.44497335,0.77862763,0.44242248,0
0.6384955,5.0629873,-2.3658981,0.71360719,0.60676748,-0.35013986,0
-1.0494308,-3.409194,-2.8332758,0.44497335,-0.77862763,-0.44242248,0
-2.986789,-1.9424123,-1.2291145,-0.54107618,0.159913,-0.82562965,0
5.0111504,-1.4907584,-0.67092991,0.44497335,-0.77862763,-0.44242248,0
-0.021362543,-2.4833798,-3.6055341,0.44497335,-0.77862763,-0.44242248,0
-4.2907581,-2.4171758,-0.26458359,-0.71360719,-0.60676748,0.35013986,0
1.9124231,-2.1935303,-2.4147477,0.44497335,-0.77862763,-0.44242248,0
0.044710845,-3.648387,2.442157,0.54107618,-0.159913,0.82562965,0
-2.8997934,1.3469347,2.8659909,-0.44497335,0.77862763,0.44242248,0
0.41136378,5.225831,-1.2438955,-0.44497335,0.77862763,0.44242248,0
4.9213848,0.77116269,-1.447753,0.71360719,0.60676748,-0.35013986,0
-1.5350565,-4.4779863,2.3739548,-0.71360719,-0.60676748,0.35013986,0
-0.44907457,4.8802915,-1.8852668,-0.54107618,0.159913,-0.82562965,0
2.1067138,5.0810227,-0.13429117,0.71360719,0.60676748,-0.35013986,0
1.6283774,-1.508214,-3.1742024,0.44497335,-0.77862763,-0.44242248,0
4.0804152,-1.0729005,-2.3708606,0.44497335,-0.77862763,-0.44242248,0
2.4488034,2.8322697,-2.7536409,0.71360719,0.60676748,-0.35013986,0
1.8519359,-3.9675496,0.95289683,0.54107618,-0.159913,0.82562965,0
-4.1897507,1.0724255,2.1109552,-0.44497335,0.77862763,0.44242248,0
5.0288897,0.67875612,-1.9599724,0.71360719,0.60676748,-0.35013986,0
-1.571756,-0.69877887,-2.1869972,-0.54107618,0.159913,-0.82562965,0
3.0286684,4.7256942,1.471869,0.71360719,0.60676748,-0.35013986,0
1.9240506,-2.6418324,-0.98177952,0.44497335,-0.77862763,-0.44242248,0
-3.5000012,-3.5842218,-0.61506557,-0.71360719,-0.60676748,0.35013986,0
-2.9696426,2.9387422,0.11528146,-0.44497335,0.77862763,0.44242248,0
0.76483136,4.0123134,-2.9358442,-0.54107618,0.159913,-0.82562965,0
-1.0144466,3.5724535,0.96502829,-0.44497335,0.77862763,0.44242248,0
2.2610514,-1.2144828,-3.1908493,0.44497335,-0.77862763,-0.44242248,0
2.5683773,-3.2686563,0.68685234,0.44497335,-0.77862763,-0.44242248,0
-2.2332373,1.2084219,3.7342405,-0.44497335,0.77862763,0.44242248,0
-3.6506801,0.51830792,3.2744927,-0.44497335,0.77862763,0.44242248,0
-2.1823051,-4.7173243,0.27108097,-0.71360719,-0.60676748,0.35013986,0
4.2060919,1.8105832,-0.58863592,0.71360719,0.60676748,-0.35013986,0
-5.4528313,-0.28550136,0.57119846,-0.54107618,0.159913,-0.82562965,0
-1.8861091,2.7340422,-1.2301416,-0.54107618,0.159913,-0.82562965,0
-3.9528253,-0.61651254,4.2831125,-0.71360719,-0.60676748,0.35013986,0
0.39766026,4.8507867,-0.62798023,-0.44497335,0.77862763,0.44242248,0
3.4481084,2.4819262,-1.1340871,0.71360719,0.60676748,-0.35013986,0
0.78513658,-3.0355694,1.8164471,0.54107618,-0.159913,0.82562965,0
4.4141669,-1.7406375,-0.48778021,0.44497335,-0.77862763,-0.44242248,0
5.4863443,0.028910398,-2.0247087,0.71360719,0.60676748,-0.35013986,0
0.070491314,-1.3202758,-3.4827409,-0.54107618,0.159913,-0.82562965,0
-1.8596925,2.1705074,-1.5400212,-0.54107618,0.159913,-0.82562965,0
-1.1289297,1.3046882,-1.8179525,-0.54107618,0.159913,-0.82562965,0
1.8052878,-3.8316827,0.58835196,0.44497335,-0.77862763,-0.44242248,0
1.9718498,4.753871,1.9692302,-0.44497335,0.77862763,0.44242248,0
-1.1678641,-1.3228812,3.3558743,0.54107618,-0.159913,0.82562965,0
-1.4865918,-0.1102798,3.7613714,0.54107618,-0.159913,0.82562965,0
4.4807148,0.76745546,-2.4208782,0.71360719,0.60676748,-0.35013986,0
3.8897047,1.0028117,-2.9119167,0.71360719,0.60676748,-0.35013986,0
-3.8094444,-1.328213,3.2682669,-0.71360719,-0.60676748,0.35013986,0
2.3372507,-3.4255149,0.51362526,0.44497335,-0.77862763,-0.44242248,0
-1.8991292,-5.2907991,-0.16116095,-0.71360719,-0.60676748,0.35013986,0
1.2557946,-2.9896777,1.7595512,0.54107618,-0.159913,0.82562965,0
-4.5976653,1.6687012,0.45492578,-0.44497335,0.77862763,0.44242248,0
-2.3907709,-5.1441665,-1.5053802,-0.71360719,-0.60676748,0.35013986,0
-0.31968713,-5.453073,1.3470435,0.44497335,-0.77862763,-0.44242248,0
1.713387,5.2211218,-0.30459547,0.71360719,0.60676748,-0.35013986,0
-2.6249053,-3.0781891,2.1307678,-0.71360719,-0.60676748,0.35013986,0
-2.8760624,-3.3780072,1.1820612,-0.71360719,-0.60676748,0.35013986,0
3.6353874,2.0353122,-1.7297978,0.71360719,0.60676748,-0.35013986,0
0.69095182,-2.790314,-2.1015778,0.44497335,-0.77862763,-0.44242248,0
0.30655032,-5.0925169,1.5146255,0.44497335,-0.77862763,-0.44242248,0
-3.9285324,-1.4040501,2.6868095,-0.71360719,-0.60676748,0.35013986,0
3.7094741,0.6115675,-4.630311,0.71360719,0.60676748,-0.35013986,0
-4.3570938,-0.89820218,2.8645954,-0.71360719,-0.60676748,0.35013986,0
3.5528879,0.49269408,0.60725427,0.54107618,-0.159913,0.82562965,0
5.1408782,1.1003593,-0.48691559,0.71360719,0.60676748,-0.35013986,0
1.3025873,-0.034487724,-4.1246386,-0.54107618,0.159913,-0.82562965,0
-2.8434243,-1.9938271,-1.6877739,-0.54107618,0.159913,-0.82562965,0
-0.5331018,-5.0374966,0.17132425,0.44497335,-0.77862763,-0.44242248,0
-1.8379511,-4.7654705,-1.5463386,0.44497335,-0.77862763,-0.44242248,0
0.20865166,1.3376822,-2.9202321,-0.54107618,0.159913,-0.82562965,0
-1.0637053,1.5920023,-2.1372056,-0.54107618,0.159913,-0.82562965,0
-2.9303474,1.0651014,3.083096,-0.44497335,0.77862763,0.44242248,0
-0.6352756,1.5139554,3.5752268,0.54107618,-0.159913,0.82562965,0
3.4886062,1.6717732,-2.5479002,0.71360719,0.60676748,-0.35013986,0
-5.1651092,-0.66849744,1.3945413,-0.71360719,-0.60676748,0.35013986,0
-4.4478273,-1.4158363,1.391118,-0.71360719,-0.60676748,0.35013986,0
3.2121227,1.7732258,-3.275141,0.71360719,0.60676748,-0.35013986,0
2.6289968,-0.95281351,1.2384374,0.54107618,-0.159913,0.82562965,0
-3.2349656,0.55235791,3.3162863,-0.44497335,0.77862763,0.44242248,0
-0.71068859,3.8293538,0.078421354,-0.44497335,0.77862763,0.44242248,0
5.3165112,-0.64842927,-1.8132663,0.44497335,-0.77862763,-0.44242248,0
-3.5153768,0.48075652,3.8439641,-0.44497335,0.77862763,0.44242248,0
4.0365305,2.7752707,0.4034667,0.71360719,0.60676748,-0.35013986,0
-4.3626294,-1.3824738,1.9908843,-0.71360719,-0.60676748,0.35013986,0
0.96177053,4.3052435,1.6451783,-0.44497335,0.77862763,0.44242248,0
-0.85071492,2.9479158,1.6628368,-0.44497335,0.77862763,0.44242248,0
-3.5332556,2.0111701,1.0813291,-0.44497335,0.77862763,0.44242248,0
4.3821783,1.8402562,-0.170825,0.71360719,0.60676748,-0.35013986,0
-3.4941101,1.3179932,2.0302503,-0.44497335,0.77862763,0.44242248,0
1.7552328,-1.4723487,-3.5426013,0.44497335,-0.77862763,-0.44242248,0
0.89911109,-3.0241752,1.85043,0.54107618,-0.159913,0.82562965,0
-1.8731889,-0.93882966,-2.1333945,-0.54107618,0.159913,-0.82562965,0
0.97322392,4.6041346,0.76308537,-0.44497335,0.77862763,0.44242248,0
-3.8195343,1.9571447,0.37761295,-0.44497335,0.77862763,0.44242248,0
-1.4193583,3.0905128,-1.564158,-0.54107618,0.159913,-0.82562965,0
1.2557459,-3.0825875,-1.6438961,0.44497335,-0.77862763,-0.44242248,0
1.5624379,-0.041149616,2.1243143,0.54107618,-0.159913,0.82562965,0
2.6333206,-1.1510334,-2.8842211,0.44497335,-0.77862763,-0.44242248,0
1.6392543,-1.736472,-2.8692832,0.44497335,-0.77862763,-0.44242248,0
4.5004234,1.7290666,-1.1302118,0.71360719,0.60676748,-0.35013986,0
-1.2453763,1.7509181,3.4573641,-0.44497335,0.77862763,0.44242248,0
2.8863826,1.7443628,-3.401634,0.71360719,0.60676748,-0.35013986,0
-2.109462,-5.0195122,-0.60907745,-0.71360719,-0.60676748,0.35013986,0
1.3868716,-1.7358766,-3.530144,0.44497335,-0.77862763,-0.44242248,0
2.4852672,-0.81279039,-4.38169,0.44497335,-0.77862763,-0.44242248,0
0.77464032,-2.7976613,-1.9604051,0.44497335,-0.77862763,-0.44242248,0
-1.0791495,-3.6256776,-2.488698,0.44497335,-0.77862763,-0.44242248,0
4.5351505,-0.061528683,-2.8652794,0.44497335,-0.77862763,-0.44242248,0
4.3611832,-0.14187551,-3.3970833,0.44497335,-0.77862763,-0.44242248,0
5.409122,0.059777468,-0.65811157,0.54107618,-0.159913,0.82562965,0
-0.89652115,-3.3655782,2.7816989,0.54107618,-0.159913,0.82562965,0
-0.47651172,-1.32024,2.9356127,0.54107618,-0.159913,0.82562965,0
-4.822475,-0.80588341,1.738735,-0.71360719,-0.60676748,0.35013986,0
-5.4383154,-0.95446956,0.15786171,-0.54107618,0.159913,-0.82562965,0
-0.70086616,-3.6432967,2.874377,0.54107618,-0.159913,0.82562965,0
0.71417689,1.2104635,2.7567048,0.54107618,-0.159913,0.82562965,0
3.8575029,-0.70314717,-2.7529602,0.44497335,-0.77862763,-0.44242248,0
3.5301747,0.61602116,-4.1672516,0.71360719,0.60676748,-0.35013986,0
-3.2668071,-2.4221728,2.2331083,-0.71360719,-0.60676748,0.35013986,0
3.3619452,0.3468461,-4.8001328,0.44497335,-0.77862763,-0.44242248,0
4.2973533,0.40800834,-2.9209378,0.71360719,0.60676748,-0.35013986,0
-1.9805133,3.368274,-0.29179585,-0.44497335,0.77862763,0.44242248,0
-1.9089081,0.51804638,4.3811975,0.54107618,-0.159913,0.82562965,0
2.1588995,3.6400218,-2.0414028,0.71360719,0.60676748,-0.35013986,0
-1.7159545,1.9568976,3.0689063,-0.44497335,0.77862763,0.44242248,0
1.7856693,-2.9885831,-1.2589808,0.44497335,-0.77862763,-0.44242248,0
-0.16863605,-4.8123755,2.1111009,0.54107618,-0.159913,0.82562965,0
-0.76901698,2.5551147,2.9601529,-0.44497335,0.77862763,0.44242248,0
1.5079987,-3.9054408,1.121856,0.54107618,-0.159913,0.82562965,0
-2.5150652,-5.1265268,-0.74250698,-0.71360719,-0.60676748,0.35013986,0
3.2394569,2.5602655,-1.7561893,0.71360719,0.60676748,-0.35013986,0
-2.7199657,-3.1809833,2.3321996,-0.71360719,-0.60676748,0.35013986,0
2.8262656,4.8018894,0.98271608,0.71360719,0.60676748,-0.35013986,0
-3.0830529,-3.8336773,-0.10203695,-0.71360719,-0.60676748,0.35013986,0
1.3810694,-2.656693,-2.1599088,0.44497335,-0.77862763,-0.44242248,0
3.3347363,3.937619,0.55550003,0.71360719,0.60676748,-0.35013986,0
4.4892263,1.6344432,-0.74933434,0.71360719,0.60676748,-0.35013986,0
-2.501689,2.9951413,0.10049278,-0.44497335,0.77862763,0.44242248,0
-1.629547,0.38480318,-1.6477864,-0.54107618,0.159913,-0.82562965,0
-3.3605711,-0.16882563,4.4082718,-0.44497335,0.77862763,0.44242248,0
