2.7245531,1.5310943,-0.30579287,0.9782486,-0.1006968,-0.1813553,0
1.8993516,-4.3496838,-0.092145443,0.9782486,-0.1006968,-0.1813553,0
2.0024395,-2.8146741,-2.3508997,0.9782486,-0.1006968,-0.1813553,0
-3.0059299,0.0087907314,-1.3895268,-0.9782486,0.1006968,0.1813553,0
-0.93679786,-1.9714265,2.6983645,0.14521015,-0.29190782,0.94535899,0
-0.43522954,-3.1970973,-2.8991756,-0.14813372,-0.95113081,-0.27093613,0
-2.67817,1.080801,-1.4359539,-0.9782486,0.1006968,0.1813553,0
3.3148024,1.6007464,2.6772146,0.9782486,-0.1006968,-0.1813553,0
1.6515641,-2.8754914,-2.8591876,0.9782486,-0.1006968,-0.1813553,0
-2.3650351,2.9615433,0.023426533,-0.9782486,0.1006968,0.1813553,0
-0.52650547,3.9787443,1.8013673,0.14813372,0.95113081,0.27093613,0
1.4702675,-4.5099831,0.3279767,-0.14813372,-0.95113081,-0.27093613,0
0.33800197,-1.2712642,2.6651773,0.14521015,-0.29190782,0.94535899,0
2.0932529,2.4728422,3.5572748,0.14521015,-0.29190782,0.94535899,0
-2.9461517,-3.3719535,-0.95898438,-0.14813372,-0.95113081,-0.27093613,0
1.7212956,-1.0353312,-3.2831244,0.9782486,-0.1006968,-0.1813553,0
1.229596,-3.0817051,2.1340752,0.14521015,-0.29190782,0.94535899,0
-1.2618626,-1.6592063,2.9468188,0.14521015,-0.29190782,0.94535899,0
1.1370302,-3.8495388,-1.7775517,-0.14813372,-0.95113081,-0.27093613,0
1.7061981,-3.4002104,-2.6751242,0.9782486,-0.1006968,-0.1813553,0
0.54845333,3.6247671,-1.9297613,-0.14521015,0.29190782,-0.94535899,0
-1.7711647,3.3751013,2.0131326,-0.9782486,0.1006968,0.1813553,0
-1.4441421,-2.1357064,-3.486474,-0.14521015,0.29190782,-0.94535899,0
-1.7593068,1.6776686,2.514677,-0.9782486,0.1006968,0.1813553,0
2.857121,1.231035,3.0420883,0.14521015,-0.29190782,0.94535899,0
-0.1098423,3.4727311,2.8750832,0.14813372,0.95113081,0.27093613,0
1.3195529,4.4147272,-1.2886512,0.14813372,0.95113081,0.27093613,0
1.0059197,-1.3128984,-3.5290847,-0.14521015,0.29190782,-0.94535899,0
-0.78247476,-0.3109808,-3.3451159,-0.14521015,0.29190782,-0.94535899,0
-0.97666287,1.4851197,-2.6053083,-0.14521015,0.29190782,-0.94535899,0
-2.8413098,-0.095824718,-2.481154,-0.9782486,0.1006968,0.1813553,0
2.2316556,3.4664371,1.9700923,0.14813372,0.95113081,0.27093613,0
1.7383964,-3.1684456,-3.3840976,0.9782486,-0.1006968,-0.1813553,0
-0.50116301,-3.5946162,-1.4892938,-0.14813372,-0.95113081,-0.27093613,0
-0.2571063,-3.1945963,-3.7444,-0.14813372,-0.95113081,-0.27093613,0
-2.9785657,-0.5833323,-1.708217,-0.9782486,0.1006968,0.1813553,0
-0.7495445,-4.0325756,2.0218389,0.14521015,-0.29190782,0.94535899,0
0.76288986,3.1322935,3.7097652,0.14813372,0.95113081,0.27093613,0
-1.7290496,-2.9468911,2.6450007,0.14521015,-0.29190782,0.94535899,0
-0.7482338,3.6796603,1.9041491,0.14813372,0.95113081,0.27093613,0
0.61750996,3.7358212,0.70308757,0.14813372,0.95113081,0.27093613,0
-1.4044365,3.0902295,-1.8198879,-0.14521015,0.29190782,-0.94535899,0
-1.805494,-3.7320457,-0.11081314,-0.14813372,-0.95113081,-0.27093613,0
-2.0225465,-3.1871696,-2.0048079,-0.14813372,-0.95113081,-0.27093613,0
2.3630219,-1.3383536,-0.39042354,0.9782486,-0.1006968,-0.1813553,0
0.61950612,3.5099173,1.5114188,0.14813372,0.95113081,0.27093613,0
-1.428829,2.1516197,4.225832,0.14521015,-0.29190782,0.94535899,0
-0.60629702,4.499301,-0.4181118,0.14813372,0.95113081,0.27093613,0
-0.3103447,2.9809589,3.9683056,0.14521015,-0.29190782,0.94535899,0
-1.2849202,-3.2856386,-3.2205691,-0.14813372,-0.95113081,-0.27093613,0
2.4017072,1.7118211,-2.7593176,0.9782486,-0.1006968,-0.1813553,0
-2.31304,2.1318984,-0.78582883,-0.9782486,0.1006968,0.1813553,0
-1.2425885,3.1384876,-1.8981202,-0.14521015,0.29190782,-0.94535899,0
2.5342565,0.72403455,-0.38022706,0.9782486,-0.1006968,-0.1813553,0
1.1465278,3.8677883,1.0187297,0.14813372,0.95113081,0.27093613,0
1.8437576,3.2686324,-2.3767807,-0.14521015,0.29190782,-0.94535899,0
1.1401172,-2.7109251,-4.3620868,-0.14521015,0.29190782,-0.94535899,0
-2.489279,4.0703611,-1.1571078,-0.9782486,0.1006968,0.1813553,0
2.2667496,0.42212927,-1.3012599,0.9782486,-0.1006968,-0.1813553,0
2.4278982,-0.39654469,2.6884718,0.14521015,-0.29190782,0.94535899,0
-1.0920758,-3.1175144,-3.0884855,-0.14813372,-0.95113081,-0.27093613,0
2.0487368,0.57843876,2.8711786,0.14521015,-0.29190782,0.94535899,0
-1.6794844,1.6347307,3.5246029,-0.9782486,0.1006968,0.1813553,0
3.0718808,2.6592822,1.4739201,0.9782486,-0.1006968,-0.1813553,0
-0.46253252,3.6849771,2.6997838,0.14813372,0.95113081,0.27093613,0
2.6444659,3.6061888,1.2618866,0.14813372,0.95113081,0.27093613,0
1.2810974,-4.5227537,0.34193468,-0.14813372,-0.95113081,-0.27093613,0
2.0504415,-1.6144571,2.2386043,0.14521015,-0.29190782,0.94535899,0
-0.14367419,-4.2669606,-0.43750668,-0.14813372,-0.95113081,-0.27093613,0
0.36497402,2.8343222,-2.4960201,-0.14521015,0.29190782,-0.94535899,0
-2.4283206,1.6799192,-2.4231811,-0.14521015,0.29190782,-0.94535899,0
-0.31173992,-2.214272,-3.9304974,-0.14521015,0.29190782,-0.94535899,0
2.0850897,3.5987158,1.0215831,0.14813372,0.95113081,0.27093613,0
2.4967499,3.4965692,1.2753665,0.14813372,0.95113081,0.27093613,0
1.8896127,-4.2802477,-0.33803225,0.9782486,-0.1006968,-0.1813553,0
-2.3472075,-4.4957848,2.0720987,-0.14813372,-0.95113081,-0.27093613,0
-2.3731513,2.8157387,-0.7203722,-0.9782486,0.1006968,0.1813553,0
1.5406063,0.1350947,-3.4783983,-0.14521015,0.29190782,-0.94535899,0
3.2380116,1.1782308,3.2096367,0.14521015,-0.29190782,0.94535899,0
2.9826536,2.8252378,0.95245838,0.9782486,-0.1006968,-0.1813553,0
-1.763255,-3.6956921,-0.18095326,-0.14813372,-0.95113081,-0.27093613,0
-3.0375969,-1.655067,-2.4458742,-0.9782486,0.1006968,0.1813553,0
-2.3949842,2.3344297,-0.53222013,-0.9782486,0.1006968,0.1813553,0
2.4009812,1.9014285,3.1830411,0.14521015,-0.29190782,0.94535899,0
0.27653074,1.2697864,3.3495395,0.14521015,-0.29190782,0.94535899,0
-2.6547008,-4.1450624,0.75478673,-0.14813372,-0.95113081,-0.27093613,0
1.5408168,-2.7165632,2.2166901,0.14521015,-0.29190782,0.94535899,0
-0.24342245,4.0094013,0.23745203,0.14813372,0.95113081,0.27093613,0
-0.68817616,-0.55956471,-3.097693,-0.14521015,0.29190782,-0.94535899,0
-2.9117868,-3.6130791,0.72105289,-0.9782486,0.1006968,0.1813553,0
0.096322536,2.6661305,3.8383579,0.14521015,-0.29190782,0.94535899,0
-0.061162829,-4.7650657,1.7007513,-0.14813372,-0.95113081,-0.27093613,0
-2.4082296,2.267266,-1.0810182,-0.9782486,0.1006968,0.1813553,0
1.3538945,0.55674106,-3.3669705,-0.14521015,0.29190782,-0.94535899,0
1.9803118,2.2879908,-2.7212131,-0.14521015,0.29190782,-0.94535899,0
-3.085923,-1.2988224,-2.8406708,-0.9782486,0.1006968,0.1813553,0
0.49982655,3.718744,1.1703024,0.14813372,0.95113081,0.27093613,0
0.33283454,4.4304886,-0.69409275,0.14813372,0.95113081,0.27093613,0
-0.19427204,1.99656,4.0170002,0.14521015,-0.29190782,0.94535899,0
3.0245266,2.9267411,-0.18455052,0.9782486,-0.1006968,-0.1813553,0
3.0018144,1.2149968,2.0331655,0.9782486,-0.1006968,-0.1813553,0
-0.032722414,-4.1504974,-0.063397884,-0.14813372,-0.95113081,-0.27093613,0
2.2674854,2.6941833,-2.7785983,-0.14521015,0.29190782,-0.94535899,0
0.38056511,-4.8140025,1.4458275,-0.14813372,-0.95113081,-0.27093613,0
-2.0553274,0.043711185,2.8943586,-0.9782486,0.1006968,0.1813553,0
0.1827296,-4.5163155,0.31988096,-0.14813372,-0.95113081,-0.27093613,0
2.3771448,0.92995143,3.0606575,0.14521015,-0.29190782,0.94535899,0
0.11762953,4.2366538,-1.7756555,-0.14521015,0.29190782,-0.94535899,0
-0.9276228,-1.7489827,2.8824873,0.14521015,-0.29190782,0.94535899,0
1.1437116,-3.1709132,2.0131955,0.14521015,-0.29190782,0.94535899,0
-0.08865276,4.6168165,-0.95004225,0.14813372,0.95113081,0.27093613,0
2.6856112,2.4723382,3.4167476,0.14521015,-0.29190782,0.94535899,0
-0.25069392,-3.8383088,1.8713815,0.14521015,-0.29190782,0.94535899,0
-0.47443604,-0.2143825,3.3700125,0.14521015,-0.29190782,0.94535899,0
0.67242187,3.8907218,0.38287735,0.14813372,0.95113081,0.27093613,0
0.40721685,-4.6443553,1.4000812,-0.14813372,-0.95113081,-0.27093613,0
-1.0839986,-4.5342388,1.3927565,-0.14813372,-0.95113081,-0.27093613,0
-1.1136867,4.1290932,0.3226862,0.14813372,0.95113081,0.27093613,0
-1.6518861,4.7039852,-1.1368775,0.14813372,0.95113081,0.27093613,0
-1.8512361,-3.1837413,-2.4674845,-0.14813372,-0.95113081,-0.27093613,0
0.87622595,3.1827753,3.7075124,0.14813372,0.95113081,0.27093613,0
1.4610572,1.6309345,3.3436589,0.14521015,-0.29190782,0.94535899,0
1.320995,4.3275008,-0.75105715,0.14813372,0.95113081,0.27093613,0
-1.9032629,2.4500117,1.9215109,-0.9782486,0.1006968,0.1813553,0
2.6954608,4.0146279,-0.50903249,0.14813372,0.95113081,0.27093613,0
2.4536805,1.0424385,-1.7090266,0.9782486,-0.1006968,-0.1813553,0
-1.2872509,3.3450325,-2.123878,-0.14521015,0.29190782,-0.94535899,0
2.8699384,3.5521054,0.75083065,0.14813372,0.95113081,0.27093613,0
2.0229418,3.9906178,-0.25940609,0.14813372,0.95113081,0.27093613,0
-2.2732921,3.6316597,-0.65072298,-0.9782486,0.1006968,0.1813553,0
0.90212226,3.0120497,-2.5741265,-0.14521015,0.29190782,-0.94535899,0
2.9413114,1.3478489,2.369041,0.9782486,-0.1006968,-0.1813553,0
-3.0651283,-0.2621851,-2.9493432,-0.9782486,0.1006968,0.1813553,0
-2.5008762,-0.18470407,0.098291814,-0.9782486,0.1006968,0.1813553,0
0.48540878,-3.1192317,-3.9240639,-0.14813372,-0.95113081,-0.27093613,0
2.7483959,3.1638398,-1.2190955,0.9782486,-0.1006968,-0.1813553,0
-1.6814225,0.37530255,-2.9306858,-0.14521015,0.29190782,-0.94535899,0
2.5195203,-1.6445844,1.6748606,0.9782486,-0.1006968,-0.1813553,0
-0.48967457,-1.5510736,-3.3859224,-0.14521015,0.29190782,-0.94535899,0
-1.3010124,-3.6221206,-1.4527471,-0.14813372,-0.95113081,-0.27093613,0
-1.5776598,-3.0913043,-2.428652,-0.14813372,-0.95113081,-0.27093613,0
2.9392757,-0.22327685,2.6886547,0.14521015,-0.29190782,0.94535899,0
-0.59408998,-3.3736615,-2.7758181,-0.14813372,-0.95113081,-0.27093613,0
-2.6718497,3.5575845,-1.5290344,-0.9782486,0.1006968,0.1813553,0
-1.7647827,-1.1607831,3.0753078,0.14521015,-0.29190782,0.94535899,0
2.4940064,-2.6746764,1.1938672,0.9782486,-0.1006968,-0.1813553,0
3.1480246,2.5241909,1.2812785,0.9782486,-0.1006968,-0.1813553,0
-0.22417307,-3.2046909,-2.7839181,-0.14813372,-0.95113081,-0.27093613,0
3.3672793,2.9261839,1.6919568,0.9782486,-0.1006968,-0.1813553,0
-2.1635613,-4.4737263,1.4070904,-0.14813372,-0.95113081,-0.27093613,0
-2.3536296,3.7026165,-0.33836985,-0.9782486,0.1006968,0.1813553,0
1.2640588,-3.6693962,-2.7814426,-0.14813372,-0.95113081,-0.27093613,0
-1.8138433,0.039015889,3.3997827,0.14521015,-0.29190782,0.94535899,0
1.2510171,2.5938919,3.657414,0.14521015,-0.29190782,0.94535899,0
3.1151812,1.2648067,2.8633158,0.9782486,-0.1006968,-0.1813553,0
0.16422844,-1.7315938,2.7989147,0.14521015,-0.29190782,0.94535899,0
-2.4502041,-0.045479059,0.15739089,-0.9782486,0.1006968,0.1813553,0
2.4604247,1.8323381,-1.2462713,0.9782486,-0.1006968,-0.1813553,0
1.7465819,-4.5679197,0.80296421,-0.14813372,-0.95113081,-0.27093613,0
-2.209363,3.2357216,-0.44641376,-0.9782486,0.1006968,0.1813553,0
-2.9492569,-2.4386308,-1.3161151,-0.9782486,0.1006968,0.1813553,0
-0.30023277,-3.6451457,2.1036325,0.14521015,-0.29190782,0.94535899,0
-0.87006021,0.94358802,3.3890891,0.14521015,-0.29190782,0.94535899,0
-1.4905986,-2.8248405,2.6727579,0.14521015,-0.29190782,0.94535899,0
-2.0738275,1.6348236,-2.3537984,-0.14521015,0.29190782,-0.94535899,0
-1.7756081,-1.7797295,-3.5911407,-0.14521015,0.29190782,-0.94535899,0
-2.7335048,-4.0639729,0.29913402,-0.14813372,-0.95113081,-0.27093613,0
0.12945533,3.4889503,-2.2759006,-0.14521015,0.29190782,-0.94535899,0
2.8692679,3.4893627,-1.3119777,0.9782486,-0.1006968,-0.1813553,0
2.3687513,-2.9653089,-0.081016779,0.9782486,-0.1006968,-0.1813553,0
1.2491087,-4.2875328,1.6824768,0.14521015,-0.29190782,0.94535899,0
0.73454285,-1.0355821,-3.4196553,-0.14521015,0.29190782,-0.94535899,0
0.33555079,2.2422214,3.9529083,0.14521015,-0.29190782,0.94535899,0
-2.7688446,1.2598188,-0.9647857,-0.9782486,0.1006968,0.1813553,0
-2.0000424,-2.4833901,2.6557479,0.14521015,-0.29190782,0.94535899,0
-1.5640988,0.46573764,3.6905463,0.14521015,-0.29190782,0.94535899,0
-0.3967135,-0.59594417,-3.20277,-0.14521015,0.29190782,-0.94535899,0
1.9925145,-2.749994,-2.1873257,0.9782486,-0.1006968,-0.1813553,0
1.1291547,-3.1143367,-3.7942288,-0.14813372,-0.95113081,-0.27093613,0
1.8221258,3.4901366,-2.220912,-0.14521015,0.29190782,-0.94535899,0
0.1117959,-3.3685141,-2.4629123,-0.14813372,-0.95113081,-0.27093613,0
-0.56405497,-0.39478326,-3.2667418,-0.14521015,0.29190782,-0.94535899,0
1.3746728,-3.9758241,-1.8866577,-0.14813372,-0.95113081,-0.27093613,0
2.5309296,-1.9451132,1.9811435,0.9782486,-0.1006968,-0.1813553,0
2.5602343,-0.3107717,0.063316345,0.9782486,-0.1006968,-0.1813553,0
-1.1500267,-2.8626406,2.4519022,0.14521015,-0.29190782,0.94535899,0
-1.7353699,1.8550084,2.5669487,-0.9782486,0.1006968,0.1813553,0
-0.82188034,-2.7924132,-3.9196048,-0.14813372,-0.95113081,-0.27093613,0
-1.8341787,2.4460745,3.0167036,-0.9782486,0.1006968,0.1813553,0
0.22965646,-1.6633338,2.8211401,0.14521015,-0.29190782,0.94535899,0
-1.1893342,-3.5574374,-1.9551373,-0.14813372,-0.95113081,-0.27093613,0
2.3962164,4.0892372,-1.399013,0.14813372,0.95113081,0.27093613,0
1.5731239,-3.7402642,1.8709376,0.14521015,-0.29190782,0.94535899,0
-1.949505,4.3864222,0.75228405,0.14813372,0.95113081,0.27093613,0
-2.2420106,-2.455905,2.8291328,0.14521015,-0.29190782,0.94535899,0
-0.78994036,2.206769,3.7873561,0.14521015,-0.29190782,0.94535899,0
-1.1830797,4.0132923,1.5411668,0.14813372,0.95113081,0.27093613,0
-2.5283391,3.3812244,-1.0173774,-0.9782486,0.1006968,0.1813553,0
0.91367769,1.3674309,3.6061072,0.14521015,-0.29190782,0.94535899,0
1.5080209,-3.0697169,2.1360822,0.14521015,-0.29190782,0.94535899,0
0.64801955,-4.5273228,1.5538545,0.14521015,-0.29190782,0.94535899,0
-0.3729887,0.13715747,3.3771305,0.14521015,-0.29190782,0.94535899,0
-0.12622786,-0.61595398,2.8831954,0.14521015,-0.29190782,0.94535899,0
2.7168479,2.6411841,-1.6076336,0.9782486,-0.1006968,-0.1813553,0
-2.4632392,-3.6510003,-0.21417665,-0.14813372,-0.95113081,-0.27093613,0
-2.4737704,-3.2410738,1.1567132,-0.9782486,0.1006968,0.1813553,0
-2.7962584,-1.021045,-2.8584442,-0.14521015,0.29190782,-0.94535899,0
2.4181085,4.0707493,-2.1049275,-0.14521015,0.29190782,-0.94535899,0
-2.5951819,0.99910808,-2.6421411,-0.14521015,0.29190782,-0.94535899,0
1.623304,-3.7873323,1.8397462,0.14521015,-0.29190782,0.94535899,0
0.60963535,-1.820452,2.5473108,0.14521015,-0.29190782,0.94535899,0
2.3902681,-2.3845527,1.9921528,0.14521015,-0.29190782,0.94535899,0
0.43562925,-4.7423654,1.6932905,0.14521015,-0.29190782,0.94535899,0
2.1365404,-2.5066595,-0.43563843,0.9782486,-0.1006968,-0.1813553,0
0.062850952,3.2912879,-2.3548727,-0.14521015,0.29190782,-0.94535899,0
-0.29706228,-4.1788874,-0.44812965,-0.14813372,-0.95113081,-0.27093613,0
1.8268669,-2.5955994,-2.2226532,0.9782486,-0.1006968,-0.1813553,0
1.4828789,-0.44824386,2.8940659,0.14521015,-0.29190782,0.94535899,0
-2.1050293,-0.44988,2.0339222,-0.9782486,0.1006968,0.1813553,0
1.7721761,2.1753821,-2.6972759,-0.14521015,0.29190782,-0.94535899,0
-0.60797793,-4.211772,0.73708797,-0.14813372,-0.95113081,-0.27093613,0
-2.9484234,-2.6372547,-1.7269948,-0.9782486,0.1006968,0.1813553,0
3.2107072,3.0426478,1.6499078,0.9782486,-0.1006968,-0.1813553,0
-1.5023086,-3.4112573,-1.4170394,-0.14813372,-0.95113081,-0.27093613,0
-1.7582645,4.0044947,1.1909633,0.14813372,0.95113081,0.27093613,0
3.552973,2.9799948,2.8899393,0.14813372,0.95113081,0.27093613,0
1.7824939,-3.0348973,-1.4073393,0.9782486,-0.1006968,-0.1813553,0
-1.2092526,3.616282,2.3959928,0.14813372,0.95113081,0.27093613,0
-1.8830662,-3.05812,-3.3271627,-0.14813372,-0.95113081,-0.27093613,0
0.66893601,0.97758567,3.4795692,0.14521015,-0.29190782,0.94535899,0
-1.7177103,-3.3290906,-1.6682422,-0.14813372,-0.95113081,-0.27093613,0
-2.5867202,-0.80326271,-2.8403792,-0.14521015,0.29190782,-0.94535899,0
2.6368327,4.0690088,-2.11778,0.9782486,-0.1006968,-0.1813553,0
-2.5481265,-3.7492604,-0.068770409,-0.14813372,-0.95113081,-0.27093613,0
1.0966904,-4.4725676,1.7948704,0.14521015,-0.29190782,0.94535899,0
-2.7074721,0.11339426,-2.7245202,-0.14521015,0.29190782,-0.94535899,0
-1.1624265,0.54072797,-2.7917013,-0.14521015,0.29190782,-0.94535899,0
2.042393,-3.8515167,-0.39223528,0.9782486,-0.1006968,-0.1813553,0
-2.8122702,-4.000639,1.3480983,-0.9782486,0.1006968,0.1813553,0
-1.4368207,1.0218558,3.6034036,0.14521015,-0.29190782,0.94535899,0
-0.79032761,-3.9553885,-0.55143833,-0.14813372,-0.95113081,-0.27093613,0
-3.2312214,-2.8493876,-1.0255022,-0.9782486,0.1006968,0.1813553,0
-2.239933,-0.51150084,-2.8384936,-0.14521015,0.29190782,-0.94535899,0
2.3553386,1.879956,-1.3611305,0.9782486,-0.1006968,-0.1813553,0
1.9367218,-0.59395576,-3.5127811,0.9782486,-0.1006968,-0.1813553,0
2.9406199,1.6300805,0.53557062,0.9782486,-0.1006968,-0.1813553,0
2.1551428,-2.5171089,-1.4910371,0.9782486,-0.1006968,-0.1813553,0
-2.1915157,4.9423237,-1.4509225,-0.14521015,0.29190782,-0.94535899,0
-2.3038099,3.7695358,-0.96503687,-0.9782486,0.1006968,0.1813553,0
1.2741977,2.2795053,-2.6232579,-0.14521015,0.29190782,-0.94535899,0
-0.60352355,-4.311378,1.1027272,-0.14813372,-0.95113081,-0.27093613,0
-1.3880638,-2.8411145,2.5312176,0.14521015,-0.29190782,0.94535899,0
-1.9878289,-1.9569085,2.9680333,0.14521015,-0.29190782,0.94535899,0
1.6848377,-1.6040642,-2.7181783,0.9782486,-0.1006968,-0.1813553,0
-1.3480837,4.4431386,-0.083477974,0.14813372,0.95113081,0.27093613,0
-0.11346102,-1.9259484,2.4620016,0.14521015,-0.29190782,0.94535899,0
-2.1507812,-3.3871984,-1.0298223,-0.14813372,-0.95113081,-0.27093613,0
-1.6977313,2.9267924,2.9419451,-0.9782486,0.1006968,0.1813553,0
-1.4360522,-2.2742383,2.6158819,0.14521015,-0.29190782,0.94535899,0
-1.3021746,-0.58967006,3.3105783,0.14521015,-0.29190782,0.94535899,0
-1.9177464,4.5349612,-0.72317791,0.14813372,0.95113081,0.27093613,0
0.13694631,4.300581,-0.29286051,0.14813372,0.95113081,0.27093613,0
-0.34687042,-2.8848319,-3.9999461,-0.14813372,-0.95113081,-0.27093613,0
-1.3923039,-2.9222636,-3.6422355,-0.14813372,-0.95113081,-0.27093613,0
-2.5068269,0.23089099,-0.80479896,-0.9782486,0.1006968,0.1813553,0
0.73177683,-4.6933975,1.8014317,0.14521015,-0.29190782,0.94535899,0
-0.41244578,-0.12856463,3.2336717,0.14521015,-0.29190782,0.94535899,0
-1.4920352,3.7618029,2.9061341,-0.9782486,0.1006968,0.1813553,0
-2.599081,-4.0230217,0.45350838,-0.14813372,-0.95113081,-0.27093613,0
0.13230014,-0.28500378,3.2316763,0.14521015,-0.29190782,0.94535899,0
-3.1414106,-3.2388644,-2.062125,-0.9782486,0.1006968,0.1813553,0
-1.051373,4.2353473,-0.25472975,0.14813372,0.95113081,0.27093613,0
-2.3665133,3.1295321,-1.7579718,-0.14521015,0.29190782,-0.94535899,0
2.6978719,-0.18081331,1.1985898,0.9782486,-0.1006968,-0.1813553,0
-1.6483245,-2.8734295,-3.1351545,-0.14813372,-0.95113081,-0.27093613,0
-2.6572998,-2.8330758,1.3631132,-0.9782486,0.1006968,0.1813553,0
-0.98764658,-0.32914013,3.3849289,0.14521015,-0.29190782,0.94535899,0
-0.14022756,-3.304424,-2.6581213,-0.14813372,-0.95113081,-0.27093613,0
0.51516473,3.6280522,1.2996483,0.14813372,0.95113081,0.27093613,0
0.81929207,-4.8961053,1.7007866,-0.14813372,-0.95113081,-0.27093613,0
-0.90121317,-1.7774676,-3.7884665,-0.14521015,0.29190782,-0.94535899,0
-0.47649217,-0.27832299,3.3427355,0.14521015,-0.29190782,0.94535899,0
1.4813272,3.6548288,0.79113865,0.14813372,0.95113081,0.27093613,0
-1.9639583,2.6917443,2.366888,-0.9782486,0.1006968,0.1813553,0
-2.3483312,4.8575487,-1.1445842,0.14813372,0.95113081,0.27093613,0
-1.8120594,2.7577412,3.1604016,-0.9782486,0.1006968,0.1813553,0
0.93540025,-1.5911604,-3.8987808,-0.14521015,0.29190782,-0.94535899,0
0.77925158,-3.8634911,-1.8422728,-0.14813372,-0.95113081,-0.27093613,0
-2.9917216,-3.2376223,-0.76827335,-0.9782486,0.1006968,0.1813553,0
3.1346836,2.353827,0.78928101,0.9782486,-0.1006968,-0.1813553,0
-2.0035717,1.7030876,-2.4968817,-0.14521015,0.29190782,-0.94535899,0
0.82561111,-0.33990812,3.0651991,0.14521015,-0.29190782,0.94535899,0
-3.4317486,-2.4713309,-2.5672731,-0.9782486,0.1006968,0.1813553,0
-2.1543751,0.12185657,2.613214,-0.9782486,0.1006968,0.1813553,0
0.14264631,-0.80168021,3.048851,0.14521015,-0.29190782,0.94535899,0
-0.46606517,-1.9934274,2.5119209,0.14521015,-0.29190782,0.94535899,0
2.4442327,0.032667637,-1.3861511,0.9782486,-0.1006968,-0.1813553,0
1.5586963,3.1894665,2.2678833,0.14813372,0.95113081,0.27093613,0
1.9739971,-3.6666768,-0.36282492,0.9782486,-0.1006968,-0.1813553,0
0.19216973,-4.2700062,0.53151464,-0.14813372,-0.95113081,-0.27093613,0
2.1514945,-0.85577595,-1.642453,0.9782486,-0.1006968,-0.1813553,0
0.30864277,4.4817982,-0.89826441,0.14813372,0.95113081,0.27093613,0
2.173367,-0.50241458,-2.5934885,0.9782486,-0.1006968,-0.1813553,0
1.1169369,1.0498163,-3.071754,-0.14521015,0.29190782,-0.94535899,0
0.42529655,-1.3199875,-3.6171529,-0.14521015,0.29190782,-0.94535899,0
-2.7712953,-1.262356,-3.0331285,-0.14521015,0.29190782,-0.94535899,0
-0.78428578,1.9124947,3.8455207,0.14521015,-0.29190782,0.94535899,0
1.2324507,-0.17077971,-3.4389617,-0.14521015,0.29190782,-0.94535899,0
-1.6144261,-3.8736825,-0.37159491,-0.14813372,-0.95113081,-0.27093613,0
-2.0684998,-3.2230411,-3.0258155,-0.14813372,-0.95113081,-0.27093613,0
2.4277008,3.6909153,-2.0895538,0.9782486,-0.1006968,-0.1813553,0
-1.1445763,1.6208653,-2.6648798,-0.14521015,0.29190782,-0.94535899,0
2.2645426,4.1013341,-1.0940888,0.14813372,0.95113081,0.27093613,0
-2.3201842,-4.2666974,2.0163295,-0.14813372,-0.95113081,-0.27093613,0
-2.2212505,4.9242287,-1.0216975,0.14813372,0.95113081,0.27093613,0
-1.3776848,-4.4084272,1.5197701,-0.14813372,-0.95113081,-0.27093613,0
0.74876559,-4.2561979,-0.48444033,-0.14813372,-0.95113081,-0.27093613,0
0.083254576,4.4582567,-1.5012708,0.14813372,0.95113081,0.27093613,0
-2.3436267,-3.8623784,2.3560433,0.14521015,-0.29190782,0.94535899,0
-2.0974507,4.313673,-0.60750771,-0.9782486,0.1006968,0.1813553,0
1.6754651,-1.7950597,2.5000665,0.14521015,-0.29190782,0.94535899,0
0.0083198547,-4.6264505,1.0954056,-0.14813372,-0.95113081,-0.27093613,0
0.11875415,-3.7284806,-2.4021673,-0.14813372,-0.95113081,-0.27093613,0
-3.3242965,-2.9162512,-2.2402341,-0.14813372,-0.95113081,-0.27093613,0
2.6480222,3.8284473,-1.5701389,0.9782486,-0.1006968,-0.1813553,0
-1.0648563,0.29654074,-2.9993207,-0.14521015,0.29190782,-0.94535899,0
2.7767868,-0.65353966,1.3205287,0.9782486,-0.1006968,-0.1813553,0
-3.0829935,-3.18612,-1.8410404,-0.14813372,-0.95113081,-0.27093613,0
0.80877364,2.6085103,-2.6251209,-0.14521015,0.29190782,-0.94535899,0
2.3377845,0.70142281,-0.99276972,0.9782486,-0.1006968,-0.1813553,0
2.6885505,1.2110951,1.1235995,0.9782486,-0.1006968,-0.1813553,0
-2.287617,4.5822668,-0.66464186,-0.9782486,0.1006968,0.1813553,0
-2.2751937,1.6734583,0.96997404,-0.9782486,0.1006968,0.1813553,0
-1.7093033,1.1108457,2.9678683,-0.9782486,0.1006968,0.1813553,0
3.2651224,1.9424219,3.3239293,0.14521015,-0.29190782,0.94535899,0
-0.17438173,-3.3490696,-3.1693742,-0.14813372,-0.95113081,-0.27093613,0
-1.3919535,-1.3852578,3.0352607,0.14521015,-0.29190782,0.94535899,0
-1.7045897,2.1507552,-2.1409988,-0.14521015,0.29190782,-0.94535899,0
-2.4167669,-2.8225775,2.1646671,-0.9782486,0.1006968,0.1813553,0
1.579571,3.7561498,0.49032331,0.14813372,0.95113081,0.27093613,0
-0.3063798,-4.474339,0.67331839,-0.14813372,-0.95113081,-0.27093613,0
2.2517037,4.4920492,-2.1229582,0.14813372,0.95113081,0.27093613,0
-0.96259141,-1.4765821,3.0219665,0.14521015,-0.29190782,0.94535899,0
-1.5378683,0.34616566,-2.8682082,-0.14521015,0.29190782,-0.94535899,0
2.6230159,-2.9626729,2.0629601,0.14521015,-0.29190782,0.94535899,0
2.0254421,3.8874307,0.01734376,0.14813372,0.95113081,0.27093613,0
2.3288629,0.27649164,-1.5965673,0.9782486,-0.1006968,-0.1813553,0
1.9466405,-4.1167545,-1.041244,0.9782486,-0.1006968,-0.1813553,0
-1.466692,-1.0742679,-3.0704832,-0.14521015,0.29190782,-0.94535899,0
-1.9828581,2.1114445,2.4846461,-0.9782486,0.1006968,0.1813553,0
-2.9790595,0.86908984,-1.7927465,-0.9782486,0.1006968,0.1813553,0
3.0483069,-1.0917027,2.3735244,0.9782486,-0.1006968,-0.1813553,0
2.5937204,-0.60209489,1.3570305,0.9782486,-0.1006968,-0.1813553,0
-0.033998966,2.1974592,-2.4228978,-0.14521015,0.29190782,-0.94535899,0
-2.5778754,0.79202557,-0.81295437,-0.9782486,0.1006968,0.1813553,0
0.30537194,-4.5556245,0.80279875,-0.14813372,-0.95113081,-0.27093613,0
0.47351527,-4.045341,-0.95186138,-0.14813372,-0.95113081,-0.27093613,0
1.8547947,-3.6382928,1.9708939,0.14521015,-0.29190782,0.94535899,0
-2.2764411,0.7331748,0.19049168,-0.9782486,0.1006968,0.1813553,0
2.1271722,-2.0297747,-0.47498584,0.9782486,-0.1006968,-0.1813553,0
1.7389457,-0.97057939,2.6457145,0.14521015,-0.29190782,0.94535899,0
2.0848513,-0.0184021,-1.6132174,0.9782486,-0.1006968,-0.1813553,0
-1.9208093,-3.4399073,-1.2400656,-0.14813372,-0.95113081,-0.27093613,0
1.7562749,-2.3353248,-1.9417346,0.9782486,-0.1006968,-0.1813553,0
-2.0559382,3.0427284,0.57029796,-0.9782486,0.1006968,0.1813553,0
3.1011848,2.69716,0.57370377,0.9782486,-0.1006968,-0.1813553,0
2.7689281,-1.6527216,2.1205909,0.14521015,-0.29190782,0.94535899,0
-0.39854908,3.0895801,3.607233,0.14813372,0.95113081,0.27093613,0
-0.87152219,0.8806963,-2.7094717,-0.14521015,0.29190782,-0.94535899,0
-1.9153893,2.9227915,1.0410106,-0.9782486,0.1006968,0.1813553,0
2.7247808,1.2547063,-0.1941573,0.9782486,-0.1006968,-0.1813553,0
2.5071828,2.6127436,-2.1811426,0.9782486,-0.1006968,-0.1813553,0
2.6129346,3.7979951,-1.0193579,0.9782486,-0.1006968,-0.1813553,0
1.0665669,-2.4513667,2.3070216,0.14521015,-0.29190782,0.94535899,0
-1.8370602,-4.1390285,1.4525974,-0.14813372,-0.95113081,-0.27093613,0
2.0617032,0.22238457,-3.0849035,0.9782486,-0.1006968,-0.1813553,0
-1.7133653,3.3818011,-1.903662,-0.14521015,0.29190782,-0.94535899,0
-3.0250711,-0.54802871,-2.9093163,-0.14521015,0.29190782,-0.94535899,0
1.5600188,0.18631232,-3.3865986,-0.14521015,0.29190782,-0.94535899,0
2.3006563,-2.7412798,0.7610929,0.9782486,-0.1006968,-0.1813553,0
-2.1813393,-4.3898449,1.4509645,-0.14813372,-0.95113081,-0.27093613,0
-0.30751991,-2.4921601,-3.8522339,-0.14521015,0.29190782,-0.94535899,0
-0.70366836,4.4904389,-0.4237299,0.14813372,0.95113081,0.27093613,0
0.013670921,3.3583107,2.7888739,0.14813372,0.95113081,0.27093613,0
2.4637642,-3.3102696,1.543932,0.9782486,-0.1006968,-0.1813553,0
2.7063839,1.8417628,3.5021801,0.14521015,-0.29190782,0.94535899,0
-1.5128593,3.1930315,3.9772882,-0.9782486,0.1006968,0.1813553,0
1.3312019,4.3184433,-1.9740582,-0.14521015,0.29190782,-0.94535899,0
-0.11064577,-0.025063515,-2.9582281,-0.14521015,0.29190782,-0.94535899,0
2.8777726,-0.72339845,2.52812,0.14521015,-0.29190782,0.94535899,0
1.387723,4.0950217,-0.37326694,0.14813372,0.95113081,0.27093613,0
-0.51399016,-3.8080029,-1.8385448,-0.14813372,-0.95113081,-0.27093613,0
-0.67228627,-0.782893,-3.2320702,-0.14521015,0.29190782,-0.94535899,0
-3.0344341,-3.5932963,-0.64840221,-0.9782486,0.1006968,0.1813553,0
-1.6303396,-3.7969987,2.4021697,0.14521015,-0.29190782,0.94535899,0
-1.2414308,0.44156694,3.4323058,0.14521015,-0.29190782,0.94535899,0
0.88919592,-3.5043781,-2.5996079,-0.14813372,-0.95113081,-0.27093613,0
1.6080348,-1.226373,-3.7647295,-0.14521015,0.29190782,-0.94535899,0
-3.2538614,-2.70976,-3.6090593,-0.14813372,-0.95113081,-0.27093613,0
-2.4549375,-2.4644802,2.6834223,-0.9782486,0.1006968,0.1813553,0
0.90921807,3.3003721,3.13555,0.14813372,0.95113081,0.27093613,0
2.177037,4.376102,-1.9520857,0.14813372,0.95113081,0.27093613,0
0.099790812,-4.2339163,-0.55281925,-0.14813372,-0.95113081,-0.27093613,0
0.65714407,-3.879847,1.9606035,0.14521015,-0.29190782,0.94535899,0
3.187887,1.6509757,1.6255302,0.9782486,-0.1006968,-0.1813553,0
-1.6967256,1.2485566,-2.5211368,-0.14521015,0.29190782,-0.94535899,0
0.98092532,2.6773376,-2.5280843,-0.14521015,0.29190782,-0.94535899,0
-1.7981508,-3.7236767,-0.040878057,-0.14813372,-0.95113081,-0.27093613,0
2.4717772,-1.9457748,0.50323558,0.9782486,-0.1006968,-0.1813553,0
-2.4522326,1.0938272,0.85567701,-0.9782486,0.1006968,0.1813553,0
-1.486691,-0.55242962,3.1028399,0.14521015,-0.29190782,0.94535899,0
-0.99419582,3.8771477,-1.7413642,-0.14521015,0.29190782,-0.94535899,0
-3.1355722,-1.9143424,-3.2675476,-0.14521015,0.29190782,-0.94535899,0
-2.3810833,-3.7495422,-0.62739778,-0.14813372,-0.95113081,-0.27093613,0
1.8575025,3.3240981,-2.5395267,-0.14521015,0.29190782,-0.94535899,0
-0.83520424,-4.5097508,0.86749363,-0.14813372,-0.95113081,-0.27093613,0
-1.467936,1.6955715,4.120604,0.14521015,-0.29190782,0.94535899,0
2.7107143,3.0205054,0.23480535,0.9782486,-0.1006968,-0.1813553,0
-0.010019302,3.9284887,1.0588889,0.14813372,0.95113081,0.27093613,0
0.17182446,3.2723188,3.7066042,0.14813372,0.95113081,0.27093613,0
-2.5350902,2.4167295,-1.0407722,-0.9782486,0.1006968,0.1813553,0
-0.21730709,0.5415442,3.5149374,0.14521015,-0.29190782,0.94535899,0
1.9346831,2.9671779,-2.4597001,-0.14521015,0.29190782,-0.94535899,0
-3.0211253,-1.2514355,-1.1508405,-0.9782486,0.1006968,0.1813553,0
-0.16206348,-3.9504523,-0.62383175,-0.14813372,-0.95113081,-0.27093613,0
-2.1567323,2.0641646,1.0284638,-0.9782486,0.1006968,0.1813553,0
-1.213419,-2.8400586,-3.7769849,-0.14521015,0.29190782,-0.94535899,0
1.2822919,2.3377309,-2.5059142,-0.14521015,0.29190782,-0.94535899,0
-0.46966314,0.5336948,3.5670907,0.14521015,-0.29190782,0.94535899,0
1.1105109,-4.5504112,1.7496607,0.14521015,-0.29190782,0.94535899,0
-2.2266071,1.9145333,1.6321101,-0.9782486,0.1006968,0.1813553,0
-0.64396048,3.0848413,3.8460197,0.14813372,0.95113081,0.27093613,0
0.18261519,-4.3311238,0.0053596497,-0.14813372,-0.95113081,-0.27093613,0
1.8413411,-4.8350191,1.602386,0.14521015,-0.29190782,0.94535899,0
1.0253308,-0.42391551,2.8912055,0.14521015,-0.29190782,0.94535899,0
-2.228807,-1.2267516,-3.2106347,-0.14521015,0.29190782,-0.94535899,0
2.8817701,3.5541425,1.0303295,0.14813372,0.95113081,0.27093613,0
1.0194579,4.23037,-0.014405251,0.14813372,0.95113081,0.27093613,0
1.5466192,-4.3236246,-1.0559354,-0.14813372,-0.95113081,-0.27093613,0
2.7045381,-1.0562854,2.340754,0.14521015,-0.29190782,0.94535899,0
1.349509,-0.77269936,2.5587356,0.14521015,-0.29190782,0.94535899,0
2.0850062,-3.7945054,-1.250298,0.9782486,-0.1006968,-0.1813553,0
-2.2210307,1.3818226,-2.4330389,-0.14521015,0.29190782,-0.94535899,0
2.1541185,-0.89631295,-0.68461096,0.9782486,-0.1006968,-0.1813553,0
-1.7877504,3.7265449,2.70644,0.14813372,0.95113081,0.27093613,0
-0.87041855,3.4697797,3.2220662,0.14813372,0.95113081,0.27093613,0
0.79346991,-3.5256438,-3.1309776,-0.14813372,-0.95113081,-0.27093613,0
-1.0903776,-1.484201,-3.439606,-0.14521015,0.29190782,-0.94535899,0
-2.072067,-3.3011684,-1.744143,-0.14813372,-0.95113081,-0.27093613,0
-2.715487,-0.40025306,-1.1948967,-0.9782486,0.1006968,0.1813553,0
2.468776,-3.8478122,1.4137073,0.14521015,-0.29190782,0.94535899,0
-3.2276506,-0.71357799,-2.3056004,-0.9782486,0.1006968,0.1813553,0
-2.0663133,-2.4251757,2.6596253,0.14521015,-0.29190782,0.94535899,0
2.7626729,-0.54712677,1.6822598,0.9782486,-0.1006968,-0.1813553,0
-2.3346031,1.0759089,-0.47836757,-0.9782486,0.1006968,0.1813553,0
2.1745601,1.1423156,3.3517387,0.14521015,-0.29190782,0.94535899,0
-3.1105433,-1.5412874,-3.284868,-0.14521015,0.29190782,-0.94535899,0
2.3330257,-4.3657179,0.48948431,0.9782486,-0.1006968,-0.1813553,0
0.13310605,-4.4005556,-0.072532177,-0.14813372,-0.95113081,-0.27093613,0
1.4424245,-0.50113696,-3.3785062,-0.14521015,0.29190782,-0.94535899,0
-2.3862739,1.7312043,-0.97190869,-0.9782486,0.1006968,0.1813553,0
2.2692354,3.1431184,-2.4324462,-0.14521015,0.29190782,-0.94535899,0
1.5265265,-1.4078751,2.6762948,0.14521015,-0.29190782,0.94535899,0
-0.083268642,-3.1500318,-3.7937682,-0.14813372,-0.95113081,-0.27093613,0
-0.021103859,1.0111388,-2.9562116,-0.14521015,0.29190782,-0.94535899,0
-3.272254,-1.4181104,-2.9506927,-0.9782486,0.1006968,0.1813553,0
-0.10600662,-3.3231447,-2.9020858,-0.14813372,-0.95113081,-0.27093613,0
-0.76888037,1.939988,4.1019816,0.14521015,-0.29190782,0.94535899,0
2.102046,-1.7126524,2.5170441,0.14521015,-0.29190782,0.94535899,0
-0.99629402,3.0687113,4.1890764,0.14813372,0.95113081,0.27093613,0
2.682404,-2.1907792,1.0617998,0.9782486,-0.1006968,-0.1813553,0
1.1975291,-4.3696423,1.6844096,0.14521015,-0.29190782,0.94535899,0
-0.79740167,3.5377221,2.8306556,0.14813372,0.95113081,0.27093613,0
-0.4580456,4.1473789,0.85150146,0.14813372,0.95113081,0.27093613,0
-1.9938749,1.8107489,2.2362587,-0.9782486,0.1006968,0.1813553,0
2.8474236,2.4974489,0.12116206,0.9782486,-0.1006968,-0.1813553,0
2.3964663,-2.9666121,0.49444866,0.9782486,-0.1006968,-0.1813553,0
-0.27668703,-3.1216888,2.2806227,0.14521015,-0.29190782,0.94535899,0
2.2736375,-1.7257648,2.4254727,0.14521015,-0.29190782,0.94535899,0
0.3829478,3.9960747,-0.080284119,0.14813372,0.95113081,0.27093613,0
2.1516373,-0.96205711,2.3805003,0.14521015,-0.29190782,0.94535899,0
2.9512606,1.1246939,1.6558199,0.9782486,-0.1006968,-0.1813553,0
2.3843608,1.4201381,-0.84237367,0.9782486,-0.1006968,-0.1813553,0
-2.2634706,-1.5034678,2.9949212,0.14521015,-0.29190782,0.94535899,0
2.4401317,0.9504844,-0.67321968,0.9782486,-0.1006968,-0.1813553,0
-2.7807932,0.71517634,-2.6389527,-0.14521015,0.29190782,-0.94535899,0
0.20797873,-3.2449148,-2.9573343,-0.14813372,-0.95113081,-0.27093613,0
0.79855442,-3.5616074,-3.3185635,-0.14813372,-0.95113081,-0.27093613,0
1.4041805,-2.4504585,-4.1355338,-0.14521015,0.29190782,-0.94535899,0
0.57144153,-4.1270018,-1.3200488,-0.14813372,-0.95113081,-0.27093613,0
-1.2655541,4.6945715,-1.6516809,-0.14521015,0.29190782,-0.94535899,0
-2.8422327,-1.0200601,-1.4689946,-0.9782486,0.1006968,0.1813553,0
-2.0066481,3.2940218,0.51898432,-0.9782486,0.1006968,0.1813553,0
-3.2009053,-3.3189945,-1.5679424,-0.14813372,-0.95113081,-0.27093613,0
3.2101793,2.3116035,1.6791348,0.9782486,-0.1006968,-0.1813553,0
2.5000567,3.0487213,-2.6094496,0.9782486,-0.1006968,-0.1813553,0
2.5914233,2.8229947,3.3088288,0.14813372,0.95113081,0.27093613,0
-2.0583365,-4.2950921,0.75900173,-0.14813372,-0.95113081,-0.27093613,0
-2.0646758,-1.4116266,2.6807563,-0.9782486,0.1006968,0.1813553,0
2.6776786,3.9239864,-0.83372712,0.14813372,0.95113081,0.27093613,0
-3.1262865,-0.62802029,-2.9956374,-0.9782486,0.1006968,0.1813553,0
2.5934994,-1.5317781,1.2898219,0.9782486,-0.1006968,-0.1813553,0
1.7151628,-2.0170119,-3.7368407,0.9782486,-0.1006968,-0.1813553,0
0.40173006,2.3240108,3.9881873,0.14521015,-0.29190782,0.94535899,0
-0.062051058,-3.4178424,-2.0414298,-0.14813372,-0.95113081,-0.27093613,0
-1.9188294,4.4477353,-0.02550602,0.14813372,0.95113081,0.27093613,0
2.0499573,-2.3886781,-0.89679098,0.9782486,-0.1006968,-0.1813553,0
-2.681771,-3.4060895,-1.7498674,-0.14813372,-0.95113081,-0.27093613,0
-2.1589289,3.1052485,-0.35956812,-0.9782486,0.1006968,0.1813553,0
1.9950805,2.738682,3.690335,0.14521015,-0.29190782,0.94535899,0
-0.9492712,3.0806155,4.2210455,0.14521015,-0.29190782,0.94535899,0
-0.22671461,2.7389178,4.2397785,0.14521015,-0.29190782,0.94535899,0
0.036789894,-2.6372912,-3.9414814,-0.14521015,0.29190782,-0.94535899,0
1.3182203,-4.042655,-1.6581721,-0.14813372,-0.95113081,-0.27093613,0
-0.53149056,1.1431481,-2.8491616,-0.14521015,0.29190782,-0.94535899,0
-1.6581944,4.216363,0.87167692,0.14813372,0.95113081,0.27093613,0
0.59362924,-3.9322481,-1.0965991,-0.14813372,-0.95113081,-0.27093613,0
-2.337889,4.0010753,-0.26459694,-0.9782486,0.1006968,0.1813553,0
-1.9232352,1.9876063,1.9915915,-0.9782486,0.1006968,0.1813553,0
-2.0775082,-3.7731941,0.082963705,-0.14813372,-0.95113081,-0.27093613,0
-1.8650701,-2.8596892,2.7046075,0.14521015,-0.29190782,0.94535899,0
-0.095142782,3.9839466,0.18896914,0.14813372,0.95113081,0.27093613,0
-2.6231511,-1.9106194,1.6671596,-0.9782486,0.1006968,0.1813553,0
-1.282388,1.9473716,3.8595464,0.14521015,-0.29190782,0.94535899,0
2.7767394,2.7761881,-1.176403,0.9782486,-0.1006968,-0.1813553,0
1.9057757,1.1597161,-3.1775155,-0.14521015,0.29190782,-0.94535899,0
2.5995102,1.0178974,3.287631,0.14521015,-0.29190782,0.94535899,0
2.7427757,-2.3264813,1.2296498,0.9782486,-0.1006968,-0.1813553,0
1.9050491,-2.8912473,-1.4561362,0.9782486,-0.1006968,-0.1813553,0
-0.24914742,-3.2948313,-3.0620916,-0.14813372,-0.95113081,-0.27093613,0
0.44042063,3.6405005,1.4792702,0.14813372,0.95113081,0.27093613,0
-0.38448238,-3.6410146,-2.3257363,-0.14813372,-0.95113081,-0.27093613,0
2.7439616,3.7340453,-0.54941726,0.14813372,0.95113081,0.27093613,0
2.0737476,0.29133809,-2.8769519,0.9782486,-0.1006968,-0.1813553,0
-2.075964,-1.4804969,3.0899506,0.14521015,-0.29190782,0.94535899,0
-0.19935632,-0.08673501,-3.1111379,-0.14521015,0.29190782,-0.94535899,0
-2.4588425,1.3589759,-1.1813233,-0.9782486,0.1006968,0.1813553,0
0.31439841,-3.9405341,1.9214163,0.14521015,-0.29190782,0.94535899,0
-2.3342083,3.2361813,-1.0642056,-0.9782486,0.1006968,0.1813553,0
0.75061798,-3.9761333,-1.004302,-0.14813372,-0.95113081,-0.27093613,0
1.0242832,-3.7990036,-2.4303336,-0.14813372,-0.95113081,-0.27093613,0
-2.1329916,-1.2948055,2.5556653,-0.9782486,0.1006968,0.1813553,0
-2.3294408,-4.3277597,1.0950825,-0.14813372,-0.95113081,-0.27093613,0
-2.0587964,-2.5971453,2.5228527,0.14521015,-0.29190782,0.94535899,0
1.0965154,-3.5742269,-3.185813,-0.14813372,-0.95113081,-0.27093613,0
-2.4470603,1.0959361,-0.93693447,-0.9782486,0.1006968,0.1813553,0
-2.9351678,0.019237757,-1.1968066,-0.9782486,0.1006968,0.1813553,0
0.87061024,-0.62257814,2.7881818,0.14521015,-0.29190782,0.94535899,0
-2.0785964,-3.180347,-2.127629,-0.14813372,-0.95113081,-0.27093613,0
-1.6939341,3.0960178,2.6640074,-0.9782486,0.1006968,0.1813553,0
-1.4138745,3.6157267,2.180521,0.14813372,0.95113081,0.27093613,0
1.8480008,3.2845881,1.7047389,0.14813372,0.95113081,0.27093613,0
2.7631352,-0.84901953,2.3590889,0.14521015,-0.29190782,0.94535899,0
-0.34888053,3.1431518,3.3564777,0.14813372,0.95113081,0.27093613,0
-0.7908771,3.443347,2.7247803,0.14813372,0.95113081,0.27093613,0
-1.9660866,3.3994296,1.6394577,-0.9782486,0.1006968,0.1813553,0
1.8530519,-0.65904665,2.6765919,0.14521015,-0.29190782,0.94535899,0
2.5734661,2.9983997,2.966815,0.14813372,0.95113081,0.27093613,0
-0.35732007,-3.0942459,-3.0165622,-0.14813372,-0.95113081,-0.27093613,0
2.9455006,1.2822542,0.45533395,0.9782486,-0.1006968,-0.1813553,0
0.46058345,-0.51975012,-3.3943462,-0.14521015,0.29190782,-0.94535899,0
-2.5358377,-2.2455018,0.58239818,-0.9782486,0.1006968,0.1813553,0
-2.5708158,-1.4283804,1.6778957,-0.9782486,0.1006968,0.1813553,0
2.4766164,0.58114696,0.34486181,0.9782486,-0.1006968,-0.1813553,0
-2.9473648,-1.8799337,-0.18539,-0.9782486,0.1006968,0.1813553,0
0.54321599,-0.39789617,2.8156903,0.14521015,-0.29190782,0.94535899,0
-0.39302337,4.0379748,1.3243723,0.14813372,0.95113081,0.27093613,0
-0.90608412,-4.0910044,0.19781303,-0.14813372,-0.95113081,-0.27093613,0
1.849568,4.2449856,-1.6544673,0.14813372,0.95113081,0.27093613,0
2.7860615,0.49744225,2.0483088,0.9782486,-0.1006968,-0.1813553,0
2.0755203,-4.0168839,0.66888952,0.9782486,-0.1006968,-0.1813553,0
-0.54823071,4.5016279,-1.1688595,0.14813372,0.95113081,0.27093613,0
-1.8377316,4.5203414,-0.74080896,0.14813372,0.95113081,0.27093613,0
-2.7380905,-2.7318177,1.5050263,-0.9782486,0.1006968,0.1813553,0
2.6608405,-0.05070734,1.1762781,0.9782486,-0.1006968,-0.1813553,0
-0.64110994,-3.1552577,-3.5433106,-0.14813372,-0.95113081,-0.27093613,0
1.2645411,3.1760664,3.402775,0.14813372,0.95113081,0.27093613,0
-2.1730945,4.4722843,-1.0935678,-0.9782486,0.1006968,0.1813553,0
3.2956495,2.9344606,2.9168012,0.9782486,-0.1006968,-0.1813553,0
-1.9829701,0.98861516,2.457885,-0.9782486,0.1006968,0.1813553,0
-1.3846869,1.0919396,-2.4977407,-0.14521015,0.29190782,-0.94535899,0
-1.2663517,0.35592771,-2.8303726,-0.14521015,0.29190782,-0.94535899,0
1.1236155,-3.5664148,-3.1769171,-0.14813372,-0.95113081,-0.27093613,0
2.5936809,3.0015755,3.4387305,0.14813372,0.95113081,0.27093613,0
-1.653935,2.4194422,-2.3093112,-0.14521015,0.29190782,-0.94535899,0
2.3746881,3.8277488,-2.4085357,0.9782486,-0.1006968,-0.1813553,0
0.33622742,3.0699229,3.7119513,0.14813372,0.95113081,0.27093613,0
0.31151056,2.9526901,3.7755163,0.14813372,0.95113081,0.27093613,0
2.4302635,-3.6915522,1.4574182,0.9782486,-0.1006968,-0.1813553,0
1.7950721,0.12941808,-3.5025465,-0.14521015,0.29190782,-0.94535899,0
-1.8360753,-3.7043948,2.2399025,0.14521015,-0.29190782,0.94535899,0
-2.3532217,-3.8581901,-0.037029505,-0.14813372,-0.95113081,-0.27093613,0
