-2.4322658,2.4839685,-2.2129078,-0.29093915,-0.12799478,-0.94814122,0
1.7154257,1.4317808,2.0614476,0.29093915,0.12799478,0.94814122,0
-4.8654394,-2.0704446,0.98108816,-0.26868403,-0.94019872,0.20936882,0
-2.8779807,0.88437724,3.4359584,0.29093915,0.12799478,0.94814122,0
2.9698875,-2.2149115,-2.9809604,0.91823924,-0.31566402,-0.2391504,0
-2.9910724,1.4722002,3.3091903,-0.91823924,0.31566402,0.2391504,0
1.3214262,-4.2945085,-0.88202977,-0.26868403,-0.94019872,0.20936882,0
1.9688745,1.6565396,1.7513176,0.29093915,0.12799478,0.94814122,0
0.83412504,-4.2283654,-2.0191386,-0.26868403,-0.94019872,0.20936882,0
2.2937019,-3.7985778,-2.3169217,0.91823924,-0.31566402,-0.2391504,0
2.4670389,2.9543593,-0.35079956,0.26868403,0.94019872,-0.20936882,0
2.4896951,-4.5621572,-0.92501044,0.91823924,-0.31566402,-0.2391504,0
0.51892567,1.2109178,-2.7572036,-0.29093915,-0.12799478,-0.94814122,0
5.1450758,1.8082476,0.060101032,0.91823924,-0.31566402,-0.2391504,0
1.7146531,-1.9322498,2.4328666,0.29093915,0.12799478,0.94814122,0
-5.0499964,-0.87983364,-0.74046469,-0.91823924,0.31566402,0.2391504,0
5.0078039,1.10393,1.0682225,0.91823924,-0.31566402,-0.2391504,0
-4.4215188,-0.8193984,0.41529083,-0.91823924,0.31566402,0.2391504,0
1.1308596,-4.2690158,-1.1800427,-0.26868403,-0.94019872,0.20936882,0
-0.34163904,-4.157475,-2.0054049,-0.29093915,-0.12799478,-0.94814122,0
3.6435182,2.5292244,-0.64372635,0.26868403,0.94019872,-0.20936882,0
4.6560354,1.5395527,-0.60916424,0.91823924,-0.31566402,-0.2391504,0
-3.7582326,0.66407043,-1.5657811,-0.29093915,-0.12799478,-0.94814122,0
-4.5609803,-0.47950655,-1.0140066,-0.29093915,-0.12799478,-0.94814122,0
-0.43989003,1.8103857,2.5989189,0.29093915,0.12799478,0.94814122,0
-3.6307559,-2.9600813,-0.42047524,-0.26868403,-0.94019872,0.20936882,0
-3.9589016,-1.3651474,3.9690509,-0.91823924,0.31566402,0.2391504,0
-0.32287431,-1.3948805,-2.3108895,-0.29093915,-0.12799478,-0.94814122,0
2.3557963,-3.3379138,2.4447882,0.29093915,0.12799478,0.94814122,0
-3.5896962,0.5572722,1.9703825,-0.91823924,0.31566402,0.2391504,0
0.90034318,2.9787281,-1.726491,0.26868403,0.94019872,-0.20936882,0
3.1756711,-1.7031778,2.0861771,0.29093915,0.12799478,0.94814122,0
-2.9123139,4.3586779,-1.089924,0.26868403,0.94019872,-0.20936882,0
-1.7323084,-0.97649455,-2.0800076,-0.29093915,-0.12799478,-0.94814122,0
-1.6969671,-2.6804793,2.5621092,-0.26868403,-0.94019872,0.20936882,0
3.6354892,-0.6134156,-1.5191731,0.91823924,-0.31566402,-0.2391504,0
3.6175022,2.0606484,-2.866827,0.26868403,0.94019872,-0.20936882,0
2.6255753,2.8284416,0.16109729,0.26868403,0.94019872,-0.20936882,0
2.782145,-4.2154722,1.8394744,-0.26868403,-0.94019872,0.20936882,0
3.2671492,2.2832141,-1.7616556,0.26868403,0.94019872,-0.20936882,0
-2.1123848,4.6658745,1.1837461,0.26868403,0.94019872,-0.20936882,0
2.5016685,-2.1746929,-2.9364333,-0.29093915,-0.12799478,-0.94814122,0
2.4666007,-4.3545613,-1.1315656,0.91823924,-0.31566402,-0.2391504,0
0.59144592,3.8129716,0.75888455,0.26868403,0.94019872,-0.20936882,0
3.9046094,-1.0891985,-0.35302305,0.91823924,-0.31566402,-0.2391504,0
1.2021732,-4.1115398,-2.347867,-0.29093915,-0.12799478,-0.94814122,0
-1.580265,-3.4756272,-0.61591756,-0.26868403,-0.94019872,0.20936882,0
-0.9844861,-3.5835748,-0.20919967,-0.26868403,-0.94019872,0.20936882,0
4.1868405,1.098639,-2.4648972,0.91823924,-0.31566402,-0.2391504,0
-2.9764431,2.2976532,2.3934808,-0.91823924,0.31566402,0.2391504,0
-0.24548483,3.4105582,-0.89234,0.26868403,0.94019872,-0.20936882,0
0.04925704,3.3175414,-2.2082982,0.26868403,0.94019872,-0.20936882,0
-2.0747254,-2.8972514,0.77411413,-0.26868403,-0.94019872,0.20936882,0
-0.50906634,4.0120463,0.64890647,0.26868403,0.94019872,-0.20936882,0
3.6402595,-3.0473557,1.7608435,0.91823924,-0.31566402,-0.2391504,0
-3.8466628,1.4324731,-0.72383571,-0.91823924,0.31566402,0.2391504,0
-3.5425467,3.3391342,-0.9388628,-0.91823924,0.31566402,0.2391504,0
1.9242935,-3.9321578,1.1618805,-0.26868403,-0.94019872,0.20936882,0
-1.2315717,0.33969188,-2.4808769,-0.29093915,-0.12799478,-0.94814122,0
3.1078422,1.0212414,-3.7465777,-0.29093915,-0.12799478,-0.94814122,0
-3.9469402,1.9925017,-0.464288,-0.91823924,0.31566402,0.2391504,0
4.3061361,-0.17998785,-0.38449478,0.91823924,-0.31566402,-0.2391504,0
-3.0079546,1.3684015,3.146652,-0.91823924,0.31566402,0.2391504,0
-2.5374587,2.7423689,2.5809977,-0.91823924,0.31566402,0.2391504,0
-2.7107799,2.7468233,2.4442239,-0.91823924,0.31566402,0.2391504,0
-4.2058582,-1.8570378,2.1844873,-0.26868403,-0.94019872,0.20936882,0
-3.7769341,2.8009441,-1.5423844,-0.91823924,0.31566402,0.2391504,0
-3.7261152,-1.4629223,3.6554036,-0.91823924,0.31566402,0.2391504,0
-4.0097299,-0.69109344,2.7956681,-0.91823924,0.31566402,0.2391504,0
2.8271027,-3.6956575,-0.56818175,0.91823924,-0.31566402,-0.2391504,0
-3.3476477,2.9187121,0.18537211,-0.91823924,0.31566402,0.2391504,0
-0.19753814,-3.4596872,0.49347261,-0.26868403,-0.94019872,0.20936882,0
-2.6942914,2.1022227,3.0903807,0.29093915,0.12799478,0.94814122,0
-1.6322474,3.7642612,-0.95391655,0.26868403,0.94019872,-0.20936882,0
2.8566709,-2.5944889,-2.8996191,0.91823924,-0.31566402,-0.2391504,0
-4.0512891,-2.1368637,1.9598556,-0.26868403,-0.94019872,0.20936882,0
1.8832054,-4.3248715,-0.20808029,-0.26868403,-0.94019872,0.20936882,0
3.4702725,-1.8835334,-0.25906062,0.91823924,-0.31566402,-0.2391504,0
3.6909523,0.024773359,-2.4926763,0.91823924,-0.31566402,-0.2391504,0
-1.8617136,4.4626679,0.30481529,0.26868403,0.94019872,-0.20936882,0
-2.4633522,4.4910798,1.443541,-0.91823924,0.31566402,0.2391504,0
2.5621912,-4.3994327,0.0047740936,-0.26868403,-0.94019872,0.20936882,0
-0.52391934,-0.39890122,2.9467134,0.29093915,0.12799478,0.94814122,0
-1.4880934,2.7651463,2.7372215,0.29093915,0.12799478,0.94814122,0
1.686964,-2.4798667,-2.9748759,-0.29093915,-0.12799478,-0.94814122,0
3.5849504,-3.4383774,1.2770994,0.91823924,-0.31566402,-0.2391504,0
-3.1826243,2.0443952,2.2759387,-0.91823924,0.31566402,0.2391504,0
2.0407956,-4.0575652,1.5462289,-0.26868403,-0.94019872,0.20936882,0
-0.4873507,-1.593681,3.0161886,0.29093915,0.12799478,0.94814122,0
1.0095822,-0.068425655,2.232214,0.29093915,0.12799478,0.94814122,0
-2.7419448,-1.2419925,-1.8266431,-0.29093915,-0.12799478,-0.94814122,0
0.24897027,-1.5075448,-2.4151523,-0.29093915,-0.12799478,-0.94814122,0
1.2493922,-0.79491436,2.4124141,0.29093915,0.12799478,0.94814122,0
-2.6731498,-3.2928371,-1.1588174,-0.26868403,-0.94019872,0.20936882,0
-2.4796605,-2.9761009,-0.60790491,-0.26868403,-0.94019872,0.20936882,0
-4.912746,-2.0923917,0.084563732,-0.91823924,0.31566402,0.2391504,0
1.5088325,3.428793,1.8887177,0.29093915,0.12799478,0.94814122,0
0.46863437,3.5063405,0.16549438,0.26868403,0.94019872,-0.20936882,0
2.1133533,2.5181499,-2.4024675,0.26868403,0.94019872,-0.20936882,0
-4.1056724,-2.7843809,-0.82413697,-0.29093915,-0.12799478,-0.94814122,0
2.6069508,-2.2842853,-3.0923367,-0.29093915,-0.12799478,-0.94814122,0
-3.1167059,0.78824532,-1.6697747,-0.29093915,-0.12799478,-0.94814122,0
1.765784,3.2579074,-0.32944894,0.26868403,0.94019872,-0.20936882,0
3.6054428,2.3193693,-1.2371387,0.26868403,0.94019872,-0.20936882,0
-2.3607583,-0.45620358,-1.8256989,-0.29093915,-0.12799478,-0.94814122,0
4.5165391,-0.083744884,1.3935986,0.29093915,0.12799478,0.94814122,0
1.3224974,-3.3754983,-2.756763,-0.29093915,-0.12799478,-0.94814122,0
-4.1261907,-0.37714624,1.0574846,-0.91823924,0.31566402,0.2391504,0
-4.0236807,-2.7911491,-1.0155933,-0.26868403,-0.94019872,0.20936882,0
2.4737251,-3.4594345,-2.4679508,0.91823924,-0.31566402,-0.2391504,0
-3.8412714,1.3408382,-0.56462669,-0.91823924,0.31566402,0.2391504,0
3.6791346,-0.1197269,-2.7343254,0.91823924,-0.31566402,-0.2391504,0
-2.0921347,-3.2379642,-0.72088516,-0.26868403,-0.94019872,0.20936882,0
-2.7256567,-3.1282406,-1.269974,-0.26868403,-0.94019872,0.20936882,0
2.1558175,-4.0952587,1.1834433,-0.26868403,-0.94019872,0.20936882,0
0.027385473,3.1125116,-2.3138297,0.26868403,0.94019872,-0.20936882,0
1.3885646,2.0125151,1.7282487,0.29093915,0.12799478,0.94814122,0
3.3189209,-3.6511941,0.51988482,0.91823924,-0.31566402,-0.2391504,0
2.1514158,1.007761,1.7912073,0.29093915,0.12799478,0.94814122,0
-0.83348256,1.8096026,-2.7382369,-0.29093915,-0.12799478,-0.94814122,0
1.5765269,-1.5010777,2.3961921,0.29093915,0.12799478,0.94814122,0
-2.4305072,-2.2962413,3.3210371,-0.26868403,-0.94019872,0.20936882,0
4.0355549,-1.7015202,1.2352176,0.91823924,-0.31566402,-0.2391504,0
3.0687399,2.5942068,1.4072354,0.29093915,0.12799478,0.94814122,0
0.62074488,-1.141811,2.3970423,0.29093915,0.12799478,0.94814122,0
-2.4343038,3.0716677,2.7612257,0.29093915,0.12799478,0.94814122,0
-0.4392488,-2.8974526,3.1630201,0.29093915,0.12799478,0.94814122,0
0.31119114,-0.46775627,-2.7928865,-0.29093915,-0.12799478,-0.94814122,0
-4.795743,-0.7332685,-0.20511436,-0.91823924,0.31566402,0.2391504,0
-3.6392727,2.6416726,-1.3904028,-0.91823924,0.31566402,0.2391504,0
-1.8391128,1.612442,3.163383,0.29093915,0.12799478,0.94814122,0
-3.8125305,-0.60926473,-1.3998942,-0.29093915,-0.12799478,-0.94814122,0
-3.8134952,-2.2557268,0.79665375,-0.26868403,-0.94019872,0.20936882,0
0.86354297,0.37000227,-2.9839969,-0.29093915,-0.12799478,-0.94814122,0
-0.95189571,-2.9913783,2.5337677,-0.26868403,-0.94019872,0.20936882,0
-2.5116546,-1.793089,-1.5230715,-0.29093915,-0.12799478,-0.94814122,0
4.9657507,1.3089094,0.38862848,0.91823924,-0.31566402,-0.2391504,0
-3.6908128,-2.8546939,-0.91312766,-0.29093915,-0.12799478,-0.94814122,0
-3.8634996,-0.7216382,2.14925,-0.91823924,0.31566402,0.2391504,0
-3.7493403,-2.2332251,2.7102685,-0.26868403,-0.94019872,0.20936882,0
-3.5000114,-0.54909539,-1.4766402,-0.29093915,-0.12799478,-0.94814122,0
0.058516681,0.067917347,-2.6435761,-0.29093915,-0.12799478,-0.94814122,0
-1.210772,4.4087076,1.5855289,0.26868403,0.94019872,-0.20936882,0
4.2673035,1.8471632,-2.2034311,0.26868403,0.94019872,-0.20936882,0
1.1802385,-0.98454046,-2.8307517,-0.29093915,-0.12799478,-0.94814122,0
4.3909416,0.46209621,-1.2199402,0.91823924,-0.31566402,-0.2391504,0
-1.1496127,-2.2602706,3.2513599,0.29093915,0.12799478,0.94814122,0
2.4169345,-4.2691722,-2.3565602,0.91823924,-0.31566402,-0.2391504,0
2.7722676,-4.4938021,0.06793952,0.91823924,-0.31566402,-0.2391504,0
1.4776996,-2.1344714,-2.8238134,-0.29093915,-0.12799478,-0.94814122,0
-1.2242446,-3.5128052,-0.79691517,-0.26868403,-0.94019872,0.20936882,0
2.3461914,1.0510542,-3.5513084,-0.29093915,-0.12799478,-0.94814122,0
4.49439,0.3545197,-0.36469841,0.91823924,-0.31566402,-0.2391504,0
1.4640045,-3.6269383,2.6117196,-0.26868403,-0.94019872,0.20936882,0
-0.84516478,1.3065321,2.6919446,0.29093915,0.12799478,0.94814122,0
0.36048138,-0.82815456,-2.811456,-0.29093915,-0.12799478,-0.94814122,0
-1.8993175,4.5334616,0.96452272,0.26868403,0.94019872,-0.20936882,0
2.54844,-1.1495779,-3.4300673,-0.29093915,-0.12799478,-0.94814122,0
-2.6015368,3.8676593,2.2951503,-0.91823924,0.31566402,0.2391504,0
2.8525023,-3.3882058,-0.60732818,0.91823924,-0.31566402,-0.2391504,0
1.0471888,2.6788487,-2.5387559,0.26868403,0.94019872,-0.20936882,0
2.26562,1.8412569,-3.5432453,-0.29093915,-0.12799478,-0.94814122,0
-0.77289319,4.1818566,1.1713638,0.26868403,0.94019872,-0.20936882,0
-0.67538095,3.9884295,0.68517613,0.26868403,0.94019872,-0.20936882,0
4.4341574,2.5844221,0.21683359,0.26868403,0.94019872,-0.20936882,0
-4.2553973,-1.5086772,1.6194372,-0.91823924,0.31566402,0.2391504,0
4.320281,2.0559955,-2.3735571,0.26868403,0.94019872,-0.20936882,0
0.72826695,1.9231306,-3.1977487,-0.29093915,-0.12799478,-0.94814122,0
-2.4542685,-2.6229153,2.075247,-0.26868403,-0.94019872,0.20936882,0
-0.65735292,3.5394518,-1.4523258,0.26868403,0.94019872,-0.20936882,0
3.2045267,2.4888854,-1.1050527,0.26868403,0.94019872,-0.20936882,0
-1.4263926,3.5802557,-2.2534435,0.26868403,0.94019872,-0.20936882,0
4.3341799,0.87500471,1.1876822,0.29093915,0.12799478,0.94814122,0
2.9164476,-3.3992696,2.1855524,0.29093915,0.12799478,0.94814122,0
0.57999367,1.0240362,-3.1066637,-0.29093915,-0.12799478,-0.94814122,0
-1.0681217,4.1170406,2.304188,0.29093915,0.12799478,0.94814122,0
-3.4920926,1.8622408,0.44721842,-0.91823924,0.31566402,0.2391504,0
3.3488889,-4.2776361,2.1262918,0.29093915,0.12799478,0.94814122,0
0.45390344,2.1101623,2.3358324,0.29093915,0.12799478,0.94814122,0
-1.4436929,4.2503796,0.78143239,0.26868403,0.94019872,-0.20936882,0
5.2834091,2.0092735,0.31004095,0.91823924,-0.31566402,-0.2391504,0
-3.5939884,-2.1403201,-1.3925169,-0.29093915,-0.12799478,-0.94814122,0
4.059535,-1.7699006,0.60564566,0.91823924,-0.31566402,-0.2391504,0
-3.5708036,0.16278875,-1.6721184,-0.29093915,-0.12799478,-0.94814122,0
-0.203578,-3.7684734,-0.90941644,-0.26868403,-0.94019872,0.20936882,0
-1.8329723,-3.1941659,-0.15233469,-0.26868403,-0.94019872,0.20936882,0
-3.2392979,2.9639482,0.70733905,-0.91823924,0.31566402,0.2391504,0
-3.7739964,3.1499348,-1.4303012,-0.91823924,0.31566402,0.2391504,0
1.7817645,0.22930622,-3.2014086,-0.29093915,-0.12799478,-0.94814122,0
-2.2510884,-3.1254935,0.59513044,-0.26868403,-0.94019872,0.20936882,0
-2.9501786,3.5296087,0.40527129,-0.91823924,0.31566402,0.2391504,0
3.51933,-3.0008106,2.041955,0.29093915,0.12799478,0.94814122,0
3.820044,1.4608581,-3.8244371,0.91823924,-0.31566402,-0.2391504,0
-0.072847843,-4.0187554,-0.56678796,-0.26868403,-0.94019872,0.20936882,0
2.5869534,-4.0474148,-1.5578918,0.91823924,-0.31566402,-0.2391504,0
2.8951371,2.632298,1.2619591,0.29093915,0.12799478,0.94814122,0
-2.3963757,4.0957484,2.3240345,-0.91823924,0.31566402,0.2391504,0
3.019304,-3.6607029,-0.013753891,0.91823924,-0.31566402,-0.2391504,0
-3.6245568,-1.7925351,3.8051896,0.29093915,0.12799478,0.94814122,0
-3.6218541,1.732414,0.81931281,-0.91823924,0.31566402,0.2391504,0
-0.65797365,-1.8843108,2.9053104,0.29093915,0.12799478,0.94814122,0
-0.79353523,3.4175551,-1.4426897,0.26868403,0.94019872,-0.20936882,0
3.5371444,-4.3074617,1.9021641,0.91823924,-0.31566402,-0.2391504,0
4.1338925,2.5756035,-0.55686617,0.26868403,0.94019872,-0.20936882,0
4.0345659,-0.98990667,0.044944286,0.91823924,-0.31566402,-0.2391504,0
-4.2133684,-0.92436922,2.0759001,-0.91823924,0.31566402,0.2391504,0
-3.9884644,0.91192448,-1.5243402,-0.29093915,-0.12799478,-0.94814122,0
0.59818912,2.8599648,-2.4333792,0.26868403,0.94019872,-0.20936882,0
-1.7199705,3.8964841,-1.2204224,0.26868403,0.94019872,-0.20936882,0
0.45692408,-0.50306225,2.3872368,0.29093915,0.12799478,0.94814122,0
-0.67131734,3.7442186,-0.65123278,0.26868403,0.94019872,-0.20936882,0
-1.0473895,3.3174829,-2.3493567,0.26868403,0.94019872,-0.20936882,0
3.6608973,-0.48933816,-1.5769668,0.91823924,-0.31566402,-0.2391504,0
3.2583559,-3.5565667,2.0975785,0.29093915,0.12799478,0.94814122,0
2.8617601,-4.2952886,0.26172733,0.91823924,-0.31566402,-0.2391504,0
2.7798426,-2.6657362,2.1911221,0.29093915,0.12799478,0.94814122,0
0.62237334,2.1249495,2.2901535,0.29093915,0.12799478,0.94814122,0
-2.5141754,-0.84604752,-1.7901077,-0.29093915,-0.12799478,-0.94814122,0
0.75148106,3.5709739,-0.65639544,0.26868403,0.94019872,-0.20936882,0
-4.6134195,-0.20301795,-0.87825584,-0.91823924,0.31566402,0.2391504,0
4.1942129,-0.16718841,-0.91993189,0.91823924,-0.31566402,-0.2391504,0
-2.9590819,-0.28854513,3.7029009,0.29093915,0.12799478,0.94814122,0
3.2493949,-1.0387986,-2.8646269,0.91823924,-0.31566402,-0.2391504,0
4.5659137,0.22174746,1.2700958,0.29093915,0.12799478,0.94814122,0
-0.30514956,3.4641218,2.3520689,0.29093915,0.12799478,0.94814122,0
1.9460136,-2.9626713,-2.6553495,-0.29093915,-0.12799478,-0.94814122,0
-1.0262779,-1.6743987,3.3547697,0.29093915,0.12799478,0.94814122,0
3.3251569,0.29235125,-3.7687535,-0.29093915,-0.12799478,-0.94814122,0
-0.16854811,-3.7931149,0.14929226,-0.26868403,-0.94019872,0.20936882,0
-2.0818136,4.3777742,0.5921247,0.26868403,0.94019872,-0.20936882,0
-2.189045,4.3128138,-0.81381643,0.26868403,0.94019872,-0.20936882,0
4.910769,1.6160774,0.57306767,0.91823924,-0.31566402,-0.2391504,0
-2.4165342,-2.3527665,-1.4714909,-0.29093915,-0.12799478,-0.94814122,0
4.1271353,1.0123484,-2.5114231,0.91823924,-0.31566402,-0.2391504,0
-3.9071686,-2.1278396,2.1837254,-0.26868403,-0.94019872,0.20936882,0
-1.1019752,1.381577,-2.4717693,-0.29093915,-0.12799478,-0.94814122,0
-0.18790483,-3.0800827,2.2095752,-0.26868403,-0.94019872,0.20936882,0
0.44445705,-3.640986,-2.2856205,-0.29093915,-0.12799478,-0.94814122,0
-2.0775549,1.9790204,2.8434262,0.29093915,0.12799478,0.94814122,0
1.1223032,1.4804151,1.945467,0.29093915,0.12799478,0.94814122,0
3.3938744,2.1879601,-2.6654382,0.26868403,0.94019872,-0.20936882,0
0.83223963,2.932641,-2.8123956,0.26868403,0.94019872,-0.20936882,0
1.7316911,-1.1688949,2.2872229,0.29093915,0.12799478,0.94814122,0
3.8999829,0.10861301,-1.8714323,0.91823924,-0.31566402,-0.2391504,0
2.5017276,1.7750108,-3.5667312,-0.29093915,-0.12799478,-0.94814122,0
0.27447033,3.8158522,0.071428895,0.26868403,0.94019872,-0.20936882,0
-2.4646647,4.506145,-0.52157819,0.26868403,0.94019872,-0.20936882,0
4.4007611,1.7847769,1.226306,0.29093915,0.12799478,0.94814122,0
-2.896718,4.5154624,-0.34475827,-0.91823924,0.31566402,0.2391504,0
4.227767,0.49456191,-1.746665,0.91823924,-0.31566402,-0.2391504,0
-0.50474977,3.4288251,2.4325027,0.29093915,0.12799478,0.94814122,0
3.0108199,-3.1036801,-1.076617,0.91823924,-0.31566402,-0.2391504,0
1.8625653,3.0262823,-1.5457437,0.26868403,0.94019872,-0.20936882,0
2.7726007,-3.9556632,-1.2934477,0.91823924,-0.31566402,-0.2391504,0
3.6853247,1.4115138,-4.0460305,-0.29093915,-0.12799478,-0.94814122,0
-3.5254855,4.3267946,-2.0557117,-0.91823924,0.31566402,0.2391504,0
-4.3617191,0.55357134,-1.1783667,-0.91823924,0.31566402,0.2391504,0
-0.34653762,-0.30616522,2.7045643,0.29093915,0.12799478,0.94814122,0
1.3697097,2.9957671,1.9413339,0.29093915,0.12799478,0.94814122,0
0.8870995,-2.6368518,-2.713371,-0.29093915,-0.12799478,-0.94814122,0
0.38428688,2.97668,-2.191335,0.26868403,0.94019872,-0.20936882,0
1.6054517,1.1036198,-3.478024,-0.29093915,-0.12799478,-0.94814122,0
3.7857411,0.39494085,-2.7170501,0.91823924,-0.31566402,-0.2391504,0
-0.2137804,-3.6431174,-0.4700101,-0.26868403,-0.94019872,0.20936882,0
4.321702,1.2787849,-1.7482777,0.91823924,-0.31566402,-0.2391504,0
-1.7404463,-2.5821152,3.3026853,-0.26868403,-0.94019872,0.20936882,0
2.7129464,-4.2330828,-0.77886438,0.91823924,-0.31566402,-0.2391504,0
2.6416445,2.283324,-2.6743457,0.26868403,0.94019872,-0.20936882,0
-0.19843435,-3.9241707,-0.52956361,-0.26868403,-0.94019872,0.20936882,0
2.850347,-3.4877498,-1.8528242,0.91823924,-0.31566402,-0.2391504,0
1.9176435,-3.2017603,-2.7771852,-0.29093915,-0.12799478,-0.94814122,0
2.5060515,0.33187747,1.996031,0.29093915,0.12799478,0.94814122,0
-0.29048777,3.2671072,-2.9883478,0.26868403,0.94019872,-0.20936882,0
-3.6780467,-1.2826822,3.5495563,-0.91823924,0.31566402,0.2391504,0
3.0267675,2.8321419,-0.69883108,0.26868403,0.94019872,-0.20936882,0
-2.0815668,3.1783545,2.9498315,0.29093915,0.12799478,0.94814122,0
3.9780471,2.1484101,-1.9726686,0.26868403,0.94019872,-0.20936882,0
3.5764604,-3.6495214,2.1946731,0.29093915,0.12799478,0.94814122,0
1.7556534,2.1184261,1.6132935,0.29093915,0.12799478,0.94814122,0
0.4999094,-3.7731409,0.88191068,-0.26868403,-0.94019872,0.20936882,0
3.3806598,-2.4108095,-1.0798414,0.91823924,-0.31566402,-0.2391504,0
3.9281468,-1.1914982,-0.70865631,0.91823924,-0.31566402,-0.2391504,0
1.8478804,-3.8697026,1.6814481,-0.26868403,-0.94019872,0.20936882,0
-2.3048072,4.0207238,-1.1661036,0.26868403,0.94019872,-0.20936882,0
0.067000151,-1.2917613,2.7967532,0.29093915,0.12799478,0.94814122,0
-4.157568,0.85248524,-0.30677605,-0.91823924,0.31566402,0.2391504,0
4.7760706,2.1433754,-0.41385269,0.26868403,0.94019872,-0.20936882,0
-3.1488981,2.3877604,-2.0875134,-0.29093915,-0.12799478,-0.94814122,0
-1.0143466,-3.7134438,-1.2553118,-0.26868403,-0.94019872,0.20936882,0
-4.2043643,-2.1910133,0.72054768,-0.26868403,-0.94019872,0.20936882,0
-1.8542273,4.1764493,0.5237,0.26868403,0.94019872,-0.20936882,0
4.2940259,-0.17882693,1.4707971,0.29093915,0.12799478,0.94814122,0
3.5931454,2.0178607,-3.2346964,0.26868403,0.94019872,-0.20936882,0
0.73433518,3.0279083,-1.5650393,0.26868403,0.94019872,-0.20936882,0
2.7238629,2.3969107,-2.958354,0.26868403,0.94019872,-0.20936882,0
-3.0801508,3.671968,-0.27153492,-0.91823924,0.31566402,0.2391504,0
-2.2364879,1.5231757,2.9739137,0.29093915,0.12799478,0.94814122,0
-0.96064758,4.4740639,1.5100963,0.26868403,0.94019872,-0.20936882,0
-1.7451904,3.929738,-1.6052902,0.26868403,0.94019872,-0.20936882,0
-1.6614892,3.9925017,-1.2758913,0.26868403,0.94019872,-0.20936882,0
-3.5143783,-1.5475179,-1.4396408,-0.29093915,-0.12799478,-0.94814122,0
2.8771398,2.9795232,-0.56608057,0.26868403,0.94019872,-0.20936882,0
1.4760566,1.5170379,-3.2157905,-0.29093915,-0.12799478,-0.94814122,0
-1.670929,3.9554458,2.6261616,0.29093915,0.12799478,0.94814122,0
-4.5083694,-1.8892365,1.959856,-0.91823924,0.31566402,0.2391504,0
-1.1918075,-1.2042596,3.3552351,0.29093915,0.12799478,0.94814122,0
-1.0865643,3.5774884,-2.7919745,0.26868403,0.94019872,-0.20936882,0
0.33817387,3.743598,0.32420549,0.26868403,0.94019872,-0.20936882,0
0.92031717,-2.9937048,-2.7071838,-0.29093915,-0.12799478,-0.94814122,0
-2.7742176,-2.8394115,1.1011765,-0.26868403,-0.94019872,0.20936882,0
-1.5424023,-2.8263814,2.272819,-0.26868403,-0.94019872,0.20936882,0
3.2358546,-2.9945319,-0.11929774,0.91823924,-0.31566402,-0.2391504,0
3.298466,-1.6269028,-1.8308885,0.91823924,-0.31566402,-0.2391504,0
-3.150727,-2.4302025,0.90172982,-0.26868403,-0.94019872,0.20936882,0
2.7502084,-2.8548534,-1.6432323,0.91823924,-0.31566402,-0.2391504,0
3.2380257,-3.9225104,0.62326384,0.91823924,-0.31566402,-0.2391504,0
0.65001798,2.9313338,2.2071114,0.29093915,0.12799478,0.94814122,0
1.9228967,0.35798717,-3.4163857,-0.29093915,-0.12799478,-0.94814122,0
0.31580782,3.803952,2.1863046,0.29093915,0.12799478,0.94814122,0
-3.2173786,1.4251366,1.755496,-0.91823924,0.31566402,0.2391504,0
2.1094646,-3.9130809,1.3704963,-0.26868403,-0.94019872,0.20936882,0
-0.53794897,-1.3740816,-2.4780669,-0.29093915,-0.12799478,-0.94814122,0
-4.5098648,0.10461998,-1.2064183,-0.91823924,0.31566402,0.2391504,0
3.0127492,-2.3133578,1.91085,0.29093915,0.12799478,0.94814122,0
-0.21602631,3.1742229,-2.9465494,0.26868403,0.94019872,-0.20936882,0
1.9772372,2.7277119,-2.5181694,0.26868403,0.94019872,-0.20936882,0
-4.0414405,-1.3983262,3.878016,-0.91823924,0.31566402,0.2391504,0
1.104691,-2.4972484,2.7489924,0.29093915,0.12799478,0.94814122,0
4.0497179,0.050547421,-0.63032961,0.91823924,-0.31566402,-0.2391504,0
-4.1436129,-2.6027467,0.33171654,-0.26868403,-0.94019872,0.20936882,0
3.0290446,-0.25739539,1.6628418,0.29093915,0.12799478,0.94814122,0
3.6577475,2.6194782,-0.28789139,0.26868403,0.94019872,-0.20936882,0
3.0291896,-4.1708579,1.1686094,-0.26868403,-0.94019872,0.20936882,0
-0.80540633,-3.2945156,0.12657249,-0.26868403,-0.94019872,0.20936882,0
-2.8149388,2.5549791,3.0250635,-0.91823924,0.31566402,0.2391504,0
0.57491803,-3.6568058,0.23403059,-0.26868403,-0.94019872,0.20936882,0
1.3854098,2.4888644,-3.2088113,0.26868403,0.94019872,-0.20936882,0
-1.2185535,-2.365623,3.5087037,0.29093915,0.12799478,0.94814122,0
3.4512074,-2.9934034,1.8069741,0.29093915,0.12799478,0.94814122,0
-1.9773953,-2.3276746,2.7817817,-0.26868403,-0.94019872,0.20936882,0
4.0390363,1.7101853,-3.0378428,0.26868403,0.94019872,-0.20936882,0
0.52557731,2.8803406,-2.1534047,0.26868403,0.94019872,-0.20936882,0
3.7466002,-0.75270051,1.6222804,0.29093915,0.12799478,0.94814122,0
3.2405477,-1.9060857,-2.0892961,0.91823924,-0.31566402,-0.2391504,0
1.9394433,-4.0918374,1.734143,-0.26868403,-0.94019872,0.20936882,0
-3.6516426,-2.2150004,1.9532871,-0.26868403,-0.94019872,0.20936882,0
0.62278903,-1.9455893,-2.6333649,-0.29093915,-0.12799478,-0.94814122,0
1.1611199,-2.7915168,-2.5025413,-0.29093915,-0.12799478,-0.94814122,0
2.1755393,2.0102568,-3.7169623,-0.29093915,-0.12799478,-0.94814122,0
-2.8364682,0.20780075,-1.7933153,-0.29093915,-0.12799478,-0.94814122,0
0.69786024,-4.1889038,-2.2325315,-0.29093915,-0.12799478,-0.94814122,0
3.5636618,2.5079718,-0.63492823,0.26868403,0.94019872,-0.20936882,0
-2.2256992,-2.562484,2.8928411,-0.26868403,-0.94019872,0.20936882,0
3.1958587,-2.4748182,-1.0015523,0.91823924,-0.31566402,-0.2391504,0
3.9444084,0.20188248,1.2183452,0.29093915,0.12799478,0.94814122,0
3.4030623,-3.092907,0.04152298,0.91823924,-0.31566402,-0.2391504,0
-4.0986347,-0.10374701,-1.2685823,-0.29093915,-0.12799478,-0.94814122,0
-3.7804475,2.9720767,-1.547142,-0.91823924,0.31566402,0.2391504,0
-1.526679,4.7809019,2.0970492,0.26868403,0.94019872,-0.20936882,0
3.5569129,-2.6072855,1.1328061,0.91823924,-0.31566402,-0.2391504,0
3.6785181,2.6078911,-0.85776424,0.26868403,0.94019872,-0.20936882,0
-2.8167534,3.0839782,1.8342559,-0.91823924,0.31566402,0.2391504,0
1.1898451,-0.33465672,-2.9510756,-0.29093915,-0.12799478,-0.94814122,0
4.2057977,1.4922485,-2.7929668,0.91823924,-0.31566402,-0.2391504,0
-3.9654562,0.022907495,1.8917179,-0.91823924,0.31566402,0.2391504,0
2.3901801,3.0994227,1.6061968,0.29093915,0.12799478,0.94814122,0
4.1511374,1.0265044,-1.4827628,0.91823924,-0.31566402,-0.2391504,0
-4.2837553,-1.4828432,1.4202962,-0.91823924,0.31566402,0.2391504,0
-4.8379936,-2.3953788,-0.17114162,-0.26868403,-0.94019872,0.20936882,0
-3.8028581,3.3795528,-1.7588067,-0.91823924,0.31566402,0.2391504,0
-1.5199592,1.9831581,2.8910174,0.29093915,0.12799478,0.94814122,0
2.8510709,-4.1628757,-0.52618122,0.91823924,-0.31566402,-0.2391504,0
4.303812,1.4373195,-1.7542529,0.91823924,-0.31566402,-0.2391504,0
-2.2929089,-1.5280185,3.5826752,0.29093915,0.12799478,0.94814122,0
0.81416154,3.3650742,-1.110301,0.26868403,0.94019872,-0.20936882,0
-3.1961889,-1.9805622,3.7861464,-0.26868403,-0.94019872,0.20936882,0
4.1743994,0.59206027,-0.92063093,0.91823924,-0.31566402,-0.2391504,0
-3.7149069,-2.9680681,-1.0821953,-0.26868403,-0.94019872,0.20936882,0
-1.5649681,3.9432273,-1.6914958,0.26868403,0.94019872,-0.20936882,0
-2.2292666,-2.2699611,3.7588966,0.29093915,0.12799478,0.94814122,0
0.54451561,3.2791114,-0.72623235,0.26868403,0.94019872,-0.20936882,0
-0.93123341,4.4202938,2.3528483,0.29093915,0.12799478,0.94814122,0
0.27045679,-3.5169883,0.45735204,-0.26868403,-0.94019872,0.20936882,0
-1.7751937,-2.5971355,3.0028155,-0.26868403,-0.94019872,0.20936882,0
-3.6407468,-0.14735961,3.3664298,-0.91823924,0.31566402,0.2391504,0
1.5544076,-3.976974,0.50124669,-0.26868403,-0.94019872,0.20936882,0
3.812448,2.3932872,-1.3491244,0.26868403,0.94019872,-0.20936882,0
3.9268351,1.692482,-3.0649838,0.91823924,-0.31566402,-0.2391504,0
-3.1417608,1.4873652,2.8723938,-0.91823924,0.31566402,0.2391504,0
-3.1637139,-2.4877439,1.8843307,-0.26868403,-0.94019872,0.20936882,0
3.5622501,-2.643384,0.32176995,0.91823924,-0.31566402,-0.2391504,0
4.6628766,0.683559,0.70083857,0.91823924,-0.31566402,-0.2391504,0
-1.0658276,3.7365088,-0.90931618,0.26868403,0.94019872,-0.20936882,0
3.1610231,-2.2518194,-2.4230275,0.91823924,-0.31566402,-0.2391504,0
-4.1381068,-0.58962679,2.1541486,-0.91823924,0.31566402,0.2391504,0
4.0274959,2.2286975,-1.2711787,0.26868403,0.94019872,-0.20936882,0
-3.7569427,-0.92465401,3.062336,-0.91823924,0.31566402,0.2391504,0
-0.84101355,1.1783108,-2.7413614,-0.29093915,-0.12799478,-0.94814122,0
-3.7991397,0.20404863,1.8340855,-0.91823924,0.31566402,0.2391504,0
-2.3601758,-1.8024653,-1.5426663,-0.29093915,-0.12799478,-0.94814122,0
3.9990349,-1.1238914,0.038050175,0.91823924,-0.31566402,-0.2391504,0
-0.96446609,0.78653848,-2.5053461,-0.29093915,-0.12799478,-0.94814122,0
-2.6925199,3.6717777,2.2356932,-0.91823924,0.31566402,0.2391504,0
3.5606716,2.7333987,0.76959682,0.26868403,0.94019872,-0.20936882,0
4.8654175,1.4910604,0.26809692,0.91823924,-0.31566402,-0.2391504,0
1.0039468,-4.6225286,-2.0850811,-0.26868403,-0.94019872,0.20936882,0
3.7064698,-2.6483929,0.20577478,0.91823924,-0.31566402,-0.2391504,0
-3.6671553,-2.3888199,1.7411828,-0.26868403,-0.94019872,0.20936882,0
-1.492542,3.9240227,-0.80013669,0.26868403,0.94019872,-0.20936882,0
0.15948629,3.3510592,-2.2691131,0.26868403,0.94019872,-0.20936882,0
4.0123415,2.4951551,0.89922357,0.29093915,0.12799478,0.94814122,0
3.3409011,-0.14532948,-3.0764911,0.91823924,-0.31566402,-0.2391504,0
-4.1898093,-0.5020808,0.86295605,-0.91823924,0.31566402,0.2391504,0
4.2151775,-0.1859802,-0.9288373,0.91823924,-0.31566402,-0.2391504,0
-0.031358719,-3.3356347,-2.3637087,-0.29093915,-0.12799478,-0.94814122,0
-3.2084911,2.406918,1.7546668,-0.91823924,0.31566402,0.2391504,0
0.36130905,3.0749741,-2.2055254,0.26868403,0.94019872,-0.20936882,0
-0.80403852,3.4533825,-2.5409486,0.26868403,0.94019872,-0.20936882,0
4.2685876,-0.25261652,0.76581144,0.91823924,-0.31566402,-0.2391504,0
2.0674105,-2.4856632,-2.9087286,-0.29093915,-0.12799478,-0.94814122,0
-2.4083323,-2.3423903,3.3257346,-0.26868403,-0.94019872,0.20936882,0
2.0606399,3.2520311,0.11469913,0.26868403,0.94019872,-0.20936882,0
-4.5521059,0.26978004,-1.2151222,-0.91823924,0.31566402,0.2391504,0
4.8921442,2.5678813,0.40302229,0.26868403,0.94019872,-0.20936882,0
-4.9911532,-1.9687753,-0.6529603,-0.29093915,-0.12799478,-0.94814122,0
-0.36720729,0.56281638,-2.3900187,-0.29093915,-0.12799478,-0.94814122,0
-4.050478,-0.57561231,2.4536591,-0.91823924,0.31566402,0.2391504,0
2.5053928,-4.4807196,-1.6440506,0.91823924,-0.31566402,-0.2391504,0
3.9335577,2.8355947,0.21636152,0.26868403,0.94019872,-0.20936882,0
3.8498979,-1.0866821,-0.39290953,0.91823924,-0.31566402,-0.2391504,0
-4.0398216,0.9933666,-0.63248253,-0.91823924,0.31566402,0.2391504,0
3.434516,-1.9704205,-1.2848313,0.91823924,-0.31566402,-0.2391504,0
3.1252363,-2.992527,-1.3079989,0.91823924,-0.31566402,-0.2391504,0
2.8113391,-4.3756409,0.49427414,-0.26868403,-0.94019872,0.20936882,0
0.86233664,-2.9466193,-2.3883338,-0.29093915,-0.12799478,-0.94814122,0
4.244709,1.9734249,1.0610161,0.29093915,0.12799478,0.94814122,0
-2.9259343,3.867384,-2.3761194,0.26868403,0.94019872,-0.20936882,0
2.374727,-3.3260336,-2.7573655,0.91823924,-0.31566402,-0.2391504,0
1.8715546,2.6156566,1.6850125,0.29093915,0.12799478,0.94814122,0
3.1173806,0.5391078,1.5801806,0.29093915,0.12799478,0.94814122,0
4.8372197,1.0521176,0.18627357,0.91823924,-0.31566402,-0.2391504,0
-0.30784655,-3.7655234,-1.5162687,-0.26868403,-0.94019872,0.20936882,0
-2.1714787,1.3617752,-2.197161,-0.29093915,-0.12799478,-0.94814122,0
2.4019425,-4.458559,-1.1297956,-0.26868403,-0.94019872,0.20936882,0
-3.5217352,3.5797505,-1.4885125,-0.91823924,0.31566402,0.2391504,0
2.9411218,-2.9081659,-1.2385728,0.91823924,-0.31566402,-0.2391504,0
-2.5557938,-2.1645257,3.4298756,-0.26868403,-0.94019872,0.20936882,0
-0.41774392,1.9692311,2.4716029,0.29093915,0.12799478,0.94814122,0
1.9867721,3.3616681,1.7719049,0.29093915,0.12799478,0.94814122,0
-2.6405683,4.2856646,0.73363543,-0.91823924,0.31566402,0.2391504,0
-0.65133226,-1.233839,2.8745761,0.29093915,0.12799478,0.94814122,0
-3.8613706,1.006075,0.17322874,-0.91823924,0.31566402,0.2391504,0
-2.5047894,0.46185946,3.255712,0.29093915,0.12799478,0.94814122,0
2.0357509,2.7815659,-1.471585,0.26868403,0.94019872,-0.20936882,0
0.43854284,-4.0489287,-1.4188249,-0.26868403,-0.94019872,0.20936882,0
1.0194674,3.9191713,1.8054217,0.29093915,0.12799478,0.94814122,0
-3.4209962,2.9147053,-0.36428165,-0.91823924,0.31566402,0.2391504,0
-2.0962124,-2.2077258,3.6384299,-0.26868403,-0.94019872,0.20936882,0
1.5948348,2.3209105,1.7288669,0.29093915,0.12799478,0.94814122,0
1.2077479,-4.3863525,-0.4798975,-0.26868403,-0.94019872,0.20936882,0
-4.5064387,-2.1314063,0.52834225,-0.26868403,-0.94019872,0.20936882,0
2.4928613,-1.5083373,2.2332737,0.29093915,0.12799478,0.94814122,0
3.2526028,-0.20702004,-3.2747729,0.91823924,-0.31566402,-0.2391504,0
-2.4602654,0.82037497,-1.7861634,-0.29093915,-0.12799478,-0.94814122,0
0.33311176,-3.2538569,1.6870725,-0.26868403,-0.94019872,0.20936882,0
-4.0831432,-0.98943186,3.1006665,-0.91823924,0.31566402,0.2391504,0
3.9345758,0.16834021,-2.4785409,0.91823924,-0.31566402,-0.2391504,0
3.5939393,-3.257849,1.0229583,0.91823924,-0.31566402,-0.2391504,0
-1.5166101,4.2419291,0.65042162,0.26868403,0.94019872,-0.20936882,0
-1.7347269,-2.0057468,-1.9802327,-0.29093915,-0.12799478,-0.94814122,0
0.99367642,2.6450596,-2.873239,0.26868403,0.94019872,-0.20936882,0
0.90963316,-2.969171,-2.3963168,-0.29093915,-0.12799478,-0.94814122,0
3.6574011,-1.3343157,1.5427535,0.29093915,0.12799478,0.94814122,0
2.7078023,0.34172487,-3.6715155,-0.29093915,-0.12799478,-0.94814122,0
3.8106985,-1.1328394,0.026153564,0.91823924,-0.31566402,-0.2391504,0
-4.1718149,-2.1751671,1.5306144,-0.26868403,-0.94019872,0.20936882,0
4.4406271,2.1395476,-0.76352596,0.26868403,0.94019872,-0.20936882,0
2.6040046,-0.56412661,2.0243447,0.29093915,0.12799478,0.94814122,0
1.5174766,-4.2269368,-0.68321466,-0.26868403,-0.94019872,0.20936882,0
-0.28017473,4.4186673,2.2561743,0.29093915,0.12799478,0.94814122,0
2.1734645,3.0523024,1.5444542,0.29093915,0.12799478,0.94814122,0
-3.0617902,-2.5845454,1.0379987,-0.26868403,-0.94019872,0.20936882,0
1.1405241,-3.7059803,1.2754034,-0.26868403,-0.94019872,0.20936882,0
-0.056955338,-3.8291245,0.073991597,-0.26868403,-0.94019872,0.20936882,0
1.4575131,-4.4476881,-0.81181335,-0.26868403,-0.94019872,0.20936882,0
-2.6014605,-1.66677,3.7774498,0.29093915,0.12799478,0.94814122,0
3.8021598,-2.3188753,0.72064781,0.91823924,-0.31566402,-0.2391504,0
2.5288563,-2.8855138,-2.5359433,0.91823924,-0.31566402,-0.2391504,0
0.86758757,-3.2625294,2.3626294,-0.26868403,-0.94019872,0.20936882,0
-2.7512269,0.74236906,-1.7803321,-0.29093915,-0.12799478,-0.94814122,0
2.2834082,-3.7352092,2.0426884,-0.26868403,-0.94019872,0.20936882,0
2.7635403,-3.8009076,-1.7345548,0.91823924,-0.31566402,-0.2391504,0
2.0638778,2.1199336,1.6424251,0.29093915,0.12799478,0.94814122,0
-3.2042351,3.6531897,-0.58152342,-0.91823924,0.31566402,0.2391504,0
-2.4361989,4.0443778,2.4083774,-0.91823924,0.31566402,0.2391504,0
-2.5827942,-3.3619251,-1.1138872,-0.26868403,-0.94019872,0.20936882,0
2.8333392,-2.8074892,-1.4114459,0.91823924,-0.31566402,-0.2391504,0
-2.0477872,1.7430805,-2.3858676,-0.29093915,-0.12799478,-0.94814122,0
-4.1222353,0.954373,-1.6178515,-0.29093915,-0.12799478,-0.94814122,0
-0.21911794,0.042610884,2.6526992,0.29093915,0.12799478,0.94814122,0
-0.93024927,0.4586575,2.924767,0.29093915,0.12799478,0.94814122,0
3.4844611,0.14866877,-3.8467765,0.91823924,-0.31566402,-0.2391504,0
-4.1947713,1.1461166,-1.414999,-0.91823924,0.31566402,0.2391504,0
-2.3294792,0.74207246,-2.2167933,-0.29093915,-0.12799478,-0.94814122,0
2.7053652,3.2445109,0.84584427,0.26868403,0.94019872,-0.20936882,0
2.6964762,2.1766653,-2.6456282,0.26868403,0.94019872,-0.20936882,0
0.56719875,3.8058422,0.53132612,0.26868403,0.94019872,-0.20936882,0
-5.0330963,-2.0671191,0.3365159,-0.91823924,0.31566402,0.2391504,0
3.6410196,2.5622745,0.34288287,0.26868403,0.94019872,-0.20936882,0
3.3473811,2.2486939,-1.9439108,0.26868403,0.94019872,-0.20936882,0
2.4731927,-4.551949,0.011666298,-0.26868403,-0.94019872,0.20936882,0
1.3786684,-1.9324074,-2.9371982,-0.29093915,-0.12799478,-0.94814122,0
-2.0606155,-3.1361563,-0.084763288,-0.26868403,-0.94019872,0.20936882,0
-2.4465663,3.1668608,2.5962303,-0.91823924,0.31566402,0.2391504,0
4.1832738,0.66498494,-1.1401134,0.91823924,-0.31566402,-0.2391504,0
1.571815,-2.8597219,2.4571822,0.29093915,0.12799478,0.94814122,0
2.8187182,2.3894451,-1.8216999,0.26868403,0.94019872,-0.20936882,0
3.7111459,-2.6039846,0.3154583,0.91823924,-0.31566402,-0.2391504,0
-2.6617653,3.8145428,-2.3953414,-0.29093915,-0.12799478,-0.94814122,0
1.9893923,3.1553984,1.6906694,0.29093915,0.12799478,0.94814122,0
3.2759893,-2.7080781,0.12405944,0.91823924,-0.31566402,-0.2391504,0
-3.2018375,3.7359686,-0.94796467,-0.91823924,0.31566402,0.2391504,0
1.4720178,3.5153923,1.3644814,0.26868403,0.94019872,-0.20936882,0
4.0000405,0.98204112,-2.348268,0.91823924,-0.31566402,-0.2391504,0
4.595376,0.91582698,-0.50285006,0.91823924,-0.31566402,-0.2391504,0
-1.5193932,-2.6514747,2.8017788,-0.26868403,-0.94019872,0.20936882,0
-2.9050791,4.3822193,-0.05186224,-0.91823924,0.31566402,0.2391504,0
-0.70045257,1.65064,-2.8263099,-0.29093915,-0.12799478,-0.94814122,0
4.1968498,-1.4480689,0.55044746,0.91823924,-0.31566402,-0.2391504,0
-2.9218743,2.843092,2.3075693,-0.91823924,0.31566402,0.2391504,0
2.9616814,-4.3090219,0.57662845,0.91823924,-0.31566402,-0.2391504,0
-2.6610711,4.6411061,0.86709309,-0.91823924,0.31566402,0.2391504,0
-3.3920553,2.2701449,0.9411068,-0.91823924,0.31566402,0.2391504,0
4.1144924,1.9015659,0.91751814,0.29093915,0.12799478,0.94814122,0
-1.0027847,-2.9844964,2.4611306,-0.26868403,-0.94019872,0.20936882,0
-2.5172141,-1.9143643,-1.5299513,-0.29093915,-0.12799478,-0.94814122,0
-3.9019027,2.3889678,-0.69656587,-0.91823924,0.31566402,0.2391504,0
3.3930361,-2.4639993,-0.1784668,0.91823924,-0.31566402,-0.2391504,0
0.51761842,3.3231971,-0.44849485,0.26868403,0.94019872,-0.20936882,0
3.0167892,-2.8851199,-0.91462994,0.91823924,-0.31566402,-0.2391504,0
-2.8154948,2.547822,2.7324083,-0.91823924,0.31566402,0.2391504,0
0.80646968,-3.5534153,2.0507674,-0.26868403,-0.94019872,0.20936882,0
-1.6859226,2.4501305,2.6358361,0.29093915,0.12799478,0.94814122,0
2.6572011,-4.3267879,-1.3944933,0.91823924,-0.31566402,-0.2391504,0
0.76905423,-1.7560076,2.7653124,0.29093915,0.12799478,0.94814122,0
-0.25004625,3.3139999,-2.6450226,0.26868403,0.94019872,-0.20936882,0
3.2655394,-3.723927,0.93056464,0.91823924,-0.31566402,-0.2391504,0
3.8475223,0.039796591,-2.2698007,0.91823924,-0.31566402,-0.2391504,0
-4.6227894,-1.4091892,1.1034598,-0.91823924,0.31566402,0.2391504,0
4.889957,1.3681992,0.57319593,0.91823924,-0.31566402,-0.2391504,0
-0.59293818,2.4439273,2.4898505,0.29093915,0.12799478,0.94814122,0
-2.1697707,-2.2549338,2.9247715,-0.26868403,-0.94019872,0.20936882,0
-3.4922714,2.9075761,-1.7988678,-0.29093915,-0.12799478,-0.94814122,0
-1.6121156,1.9794233,-2.2196887,-0.29093915,-0.12799478,-0.94814122,0
-2.7875738,-1.3112131,-1.8023053,-0.29093915,-0.12799478,-0.94814122,0
0.21502733,-3.3680472,1.6354893,-0.26868403,-0.94019872,0.20936882,0
-1.4110426,3.4419632,-2.2283926,0.26868403,0.94019872,-0.20936882,0
-4.1663828,2.0185347,-1.161381,-0.91823924,0.31566402,0.2391504,0
-0.44476604,4.0189829,0.81625414,0.26868403,0.94019872,-0.20936882,0
-2.8452997,2.661803,3.1134574,-0.91823924,0.31566402,0.2391504,0
-0.31557107,2.4127972,2.3610907,0.29093915,0.12799478,0.94814122,0
-0.7835269,2.2746444,2.673528,0.29093915,0.12799478,0.94814122,0
-1.4180031,-3.8862371,-1.6856159,-0.26868403,-0.94019872,0.20936882,0
-1.4373705,3.6841359,-2.4633727,0.26868403,0.94019872,-0.20936882,0
-2.7990634,-2.2682538,3.1853602,-0.26868403,-0.94019872,0.20936882,0
-0.46749753,-0.076009512,-2.4346764,-0.29093915,-0.12799478,-0.94814122,0
-0.88791823,-0.071573734,-2.4829547,-0.29093915,-0.12799478,-0.94814122,0
-4.642693,-1.0606358,0.38282013,-0.91823924,0.31566402,0.2391504,0
0.03536129,3.3106549,-1.8127046,0.26868403,0.94019872,-0.20936882,0
-4.6221161,-2.1941359,1.0128422,-0.26868403,-0.94019872,0.20936882,0
-4.4238677,-1.5513322,1.0157046,-0.91823924,0.31566402,0.2391504,0
0.81464195,3.8962569,0.87634426,0.26868403,0.94019872,-0.20936882,0
-3.909621,-2.2438297,1.4764442,-0.26868403,-0.94019872,0.20936882,0
1.5653067,2.5966308,-3.4654508,0.26868403,0.94019872,-0.20936882,0
-2.1849384,-2.2611923,-1.6177456,-0.29093915,-0.12799478,-0.94814122,0
1.6538126,1.6389153,1.8509611,0.29093915,0.12799478,0.94814122,0
2.1106045,3.3591077,0.75181484,0.26868403,0.94019872,-0.20936882,0
2.4882207,-4.1510754,-1.8055015,0.91823924,-0.31566402,-0.2391504,0
4.0216808,0.86588633,-1.6961317,0.91823924,-0.31566402,-0.2391504,0
1.9657265,-2.3069119,-3.0860901,-0.29093915,-0.12799478,-0.94814122,0
-3.348968,2.9860899,0.43208718,-0.91823924,0.31566402,0.2391504,0
-2.6806679,4.0635366,0.986871,-0.91823924,0.31566402,0.2391504,0
-0.47176957,-2.7976339,3.111145,0.29093915,0.12799478,0.94814122,0
3.0136318,-4.3477783,1.6958268,-0.26868403,-0.94019872,0.20936882,0
-1.5495634,2.9443972,2.7067771,0.29093915,0.12799478,0.94814122,0
4.0303135,-0.96117294,0.19390345,0.91823924,-0.31566402,-0.2391504,0
-1.5745564,-3.480062,-1.3892488,-0.26868403,-0.94019872,0.20936882,0
2.0194986,-4.0241704,0.77781904,-0.26868403,-0.94019872,0.20936882,0
