-1.4036677,1.7259021,1.9272394,-0.23879623,0.94482172,0.22425154,0
0.17659092,2.6602736,-3.5674741,-0.39962843,0.11485407,-0.90945351,0
-2.0976305,0.86773872,-2.6935368,-0.39962843,0.11485407,-0.90945351,0
-1.6664286,1.7743478,-2.9678023,-0.39962843,0.11485407,-0.90945351,0
2.242676,-2.1313207,2.562511,0.39962843,-0.11485407,0.90945351,0
-1.3247539,2.3607416,-2.7903421,-0.39962843,0.11485407,-0.90945351,0
1.2369605,2.1117897,3.7003362,0.39962843,-0.11485407,0.90945351,0
0.79033124,-2.2456148,-1.3034627,0.23879623,-0.94482172,-0.22425154,0
-1.283669,2.8174808,-2.6451633,-0.23879623,0.94482172,0.22425154,0
-1.213918,-1.735834,3.5810895,-0.88502765,-0.30679137,0.35015079,0
1.3600338,1.1749048,-3.8376348,0.88502765,0.30679137,-0.35015079,0
-2.0466852,-2.183404,1.6559637,-0.88502765,-0.30679137,0.35015079,0
-3.7951443,0.35263515,-0.31038213,-0.88502765,-0.30679137,0.35015079,0
-2.302737,-3.192477,-0.87073988,0.23879623,-0.94482172,-0.22425154,0
2.7975073,-1.9349897,0.28140032,0.23879623,-0.94482172,-0.22425154,0
-0.19221616,-3.4677193,3.6402936,0.39962843,-0.11485407,0.90945351,0
-0.098037839,0.42743027,-3.8473911,-0.39962843,0.11485407,-0.90945351,0
-2.5394466,-0.28976536,1.744884,-0.88502765,-0.30679137,0.35015079,0
0.49765611,-2.697087,1.481343,0.23879623,-0.94482172,-0.22425154,0
-2.3303571,1.0544534,3.6388941,-0.23879623,0.94482172,0.22425154,0
-1.0090598,2.4755955,-2.9905541,-0.39962843,0.11485407,-0.90945351,0
-3.7403617,-1.1981413,-2.0820787,-0.88502765,-0.30679137,0.35015079,0
2.2988768,-1.4435308,-2.5678022,0.23879623,-0.94482172,-0.22425154,0
-2.0399158,-2.6920178,-1.9275451,0.23879623,-0.94482172,-0.22425154,0
1.2097304,-1.8413911,-2.6520426,0.23879623,-0.94482172,-0.22425154,0
-2.5690613,1.709909,0.64543474,-0.23879623,0.94482172,0.22425154,0
1.1051552,-2.7418971,2.4597735,0.23879623,-0.94482172,-0.22425154,0
-1.176887,-2.1960108,3.7199662,-0.88502765,-0.30679137,0.35015079,0
-3.7538958,0.84717298,-2.0009608,-0.39962843,0.11485407,-0.90945351,0
3.8713675,-2.0153694,2.0207553,0.39962843,-0.11485407,0.90945351,0
-2.1681862,1.6551275,2.0348287,-0.23879623,0.94482172,0.22425154,0
-0.1194979,1.1441698,3.8586247,0.39962843,-0.11485407,0.90945351,0
1.7938533,2.663002,1.4203215,-0.23879623,0.94482172,0.22425154,0
-2.1860287,1.9478078,1.3028802,-0.23879623,0.94482172,0.22425154,0
-2.5598965,0.7714932,-2.5154452,-0.39962843,0.11485407,-0.90945351,0
3.0074029,0.96379071,-0.5280574,0.88502765,0.30679137,-0.35015079,0
1.1350659,-2.3671095,0.80861908,0.23879623,-0.94482172,-0.22425154,0
3.6992986,0.52917922,1.1966902,0.88502765,0.30679137,-0.35015079,0
-1.8394973,1.9796515,0.4294363,-0.23879623,0.94482172,0.22425154,0
-1.563606,1.9466813,-2.8185072,-0.39962843,0.11485407,-0.90945351,0
2.0080233,-0.14556646,-3.5827203,0.88502765,0.30679137,-0.35015079,0
0.78231448,-2.1389799,-0.62408972,0.23879623,-0.94482172,-0.22425154,0
-3.6950827,2.1199365,-1.3551905,-0.23879623,0.94482172,0.22425154,0
-0.66187757,-0.13249171,-3.6388955,-0.39962843,0.11485407,-0.90945351,0
3.9461758,-0.94241738,0.59011734,0.88502765,0.30679137,-0.35015079,0
4.0699182,-1.1305819,0.62438154,0.88502765,0.30679137,-0.35015079,0
-4.4735765,1.0589442,-1.8326019,-0.39962843,0.11485407,-0.90945351,0
-4.0447245,0.9149642,-0.82832944,-0.88502765,-0.30679137,0.35015079,0
-1.8888934,0.16132188,3.4444013,-0.88502765,-0.30679137,0.35015079,0
1.8792822,-2.2484038,-0.28885543,0.23879623,-0.94482172,-0.22425154,0
2.9246442,-1.5111091,-1.63561,0.23879623,-0.94482172,-0.22425154,0
4.2174644,-1.2670302,0.47950304,0.88502765,0.30679137,-0.35015079,0
2.2243164,1.2900683,2.8655255,0.39962843,-0.11485407,0.90945351,0
-3.4280851,0.41123962,0.58933699,-0.88502765,-0.30679137,0.35015079,0
0.091974497,-2.7872164,1.5712354,0.23879623,-0.94482172,-0.22425154,0
-2.3312747,-0.25131226,2.1316969,-0.88502765,-0.30679137,0.35015079,0
-1.2528664,2.9371526,-2.4247983,-0.23879623,0.94482172,0.22425154,0
-1.8787298,-2.5120556,-2.2317617,0.23879623,-0.94482172,-0.22425154,0
-0.49229693,3.180454,-1.9983616,-0.23879623,0.94482172,0.22425154,0
-3.406379,-1.5631171,-0.97387898,-0.88502765,-0.30679137,0.35015079,0
-2.2619305,-1.4862512,1.143523,-0.88502765,-0.30679137,0.35015079,0
-2.2290585,-2.9125187,0.20038331,-0.88502765,-0.30679137,0.35015079,0
-2.01963,1.7368932,2.4163628,-0.23879623,0.94482172,0.22425154,0
-0.97945774,2.8626626,-1.3287157,-0.23879623,0.94482172,0.22425154,0
3.1728594,-2.1575277,1.9179093,0.23879623,-0.94482172,-0.22425154,0
0.34504575,-0.25439286,3.5312154,0.39962843,-0.11485407,0.90945351,0
1.806453,-1.2546635,-3.8053844,0.23879623,-0.94482172,-0.22425154,0
0.84337747,-3.0511887,1.8470967,0.23879623,-0.94482172,-0.22425154,0
0.41614556,1.8903079,-3.8019276,-0.39962843,0.11485407,-0.90945351,0
3.3996208,1.1934592,0.85082984,0.88502765,0.30679137,-0.35015079,0
-1.9811927,1.701643,1.550571,-0.23879623,0.94482172,0.22425154,0
0.68385822,-0.58776104,3.6349907,0.39962843,-0.11485407,0.90945351,0
1.9896675,-1.6646595,-1.2664714,0.23879623,-0.94482172,-0.22425154,0
-1.5008392,-3.3368962,0.4914096,0.23879623,-0.94482172,-0.22425154,0
-0.18666542,0.76565689,-3.4603117,-0.39962843,0.11485407,-0.90945351,0
-1.0430145,1.8516324,2.7754533,-0.23879623,0.94482172,0.22425154,0
-3.7460935,2.0072,-1.5627774,-0.23879623,0.94482172,0.22425154,0
-1.0485977,1.4772844,-3.2613702,-0.39962843,0.11485407,-0.90945351,0
1.7230217,1.8534089,-2.4507916,0.88502765,0.30679137,-0.35015079,0
-2.6014261,-0.41999263,1.2862449,-0.88502765,-0.30679137,0.35015079,0
2.2251961,-2.6033292,1.521234,0.23879623,-0.94482172,-0.22425154,0
-2.1587162,-2.0521255,-3.1112626,-0.39962843,0.11485407,-0.90945351,0
3.384397,-2.4599655,2.1304805,0.23879623,-0.94482172,-0.22425154,0
-3.5980856,1.6892359,0.071233869,-0.23879623,0.94482172,0.22425154,0
0.19700992,-0.7187345,-4.1347504,-0.39962843,0.11485407,-0.90945351,0
0.11052823,-2.7850704,0.4862408,0.23879623,-0.94482172,-0.22425154,0
1.1907272,3.4728045,-2.2292075,-0.23879623,0.94482172,0.22425154,0
0.84173369,0.95199788,-4.1413913,-0.39962843,0.11485407,-0.90945351,0
1.9501646,3.0168753,-1.4224012,0.88502765,0.30679137,-0.35015079,0
1.2881776,-1.6099441,-2.9214218,0.23879623,-0.94482172,-0.22425154,0
-2.7539783,1.9460506,0.63728714,-0.23879623,0.94482172,0.22425154,0
-2.2783084,2.4336882,-2.5300269,-0.39962843,0.11485407,-0.90945351,0
-2.1606479,1.5774257,1.743008,-0.23879623,0.94482172,0.22425154,0
-1.055609,2.0599284,0.93680549,-0.23879623,0.94482172,0.22425154,0
-0.45388699,1.5366015,-3.3302803,-0.39962843,0.11485407,-0.90945351,0
2.79761,1.6554179,0.21683431,0.88502765,0.30679137,-0.35015079,0
1.7882907,2.0528374,-1.9830583,0.88502765,0.30679137,-0.35015079,0
-2.2677808,2.6757815,-2.226871,-0.23879623,0.94482172,0.22425154,0
0.0083348155,-2.1259589,-1.3579268,0.23879623,-0.94482172,-0.22425154,0
2.3296609,1.201666,-1.8879428,0.88502765,0.30679137,-0.35015079,0
-1.1371663,2.4656143,-0.018522263,-0.23879623,0.94482172,0.22425154,0
-2.930398,-3.0696359,-1.1605504,-0.88502765,-0.30679137,0.35015079,0
-1.4204965,0.77820063,4.519383,0.39962843,-0.11485407,0.90945351,0
-1.8316371,0.50037527,4.037684,-0.88502765,-0.30679137,0.35015079,0
-1.8427269,-2.9417486,-0.13107616,0.23879623,-0.94482172,-0.22425154,0
1.3903794,2.4143696,-3.3540833,0.88502765,0.30679137,-0.35015079,0
-0.62687725,2.7790143,-0.76671088,-0.23879623,0.94482172,0.22425154,0
0.9235878,2.4380634,-3.6783247,0.88502765,0.30679137,-0.35015079,0
1.236109,-0.79049611,-4.3289776,-0.39962843,0.11485407,-0.90945351,0
-1.7915094,-1.1070755,-3.0065684,-0.39962843,0.11485407,-0.90945351,0
1.7079061,-1.2484467,-3.6359997,0.23879623,-0.94482172,-0.22425154,0
2.2807238,-0.23707741,2.9283078,0.39962843,-0.11485407,0.90945351,0
-1.7498758,2.9206007,-2.6460285,-0.23879623,0.94482172,0.22425154,0
-2.7377691,-1.1754622,0.83929253,-0.88502765,-0.30679137,0.35015079,0
-2.4730892,-1.8844486,0.47546351,-0.88502765,-0.30679137,0.35015079,0
-1.7976093,-0.22399831,3.7644186,-0.88502765,-0.30679137,0.35015079,0
4.0792923,0.46796656,1.9400007,0.39962843,-0.11485407,0.90945351,0
3.1174757,-0.95626831,-1.1554378,0.88502765,0.30679137,-0.35015079,0
-3.0773494,-1.1708539,-0.11546135,-0.88502765,-0.30679137,0.35015079,0
-3.018723,-1.4714726,-2.4909456,-0.39962843,0.11485407,-0.90945351,0
-1.3872199,1.3271784,-2.9602571,-0.39962843,0.11485407,-0.90945351,0
2.1553981,-1.5433301,2.7856896,0.39962843,-0.11485407,0.90945351,0
2.3236918,-0.098729372,2.7509546,0.39962843,-0.11485407,0.90945351,0
2.8682461,-2.5053787,1.7790246,0.23879623,-0.94482172,-0.22425154,0
1.9255984,2.0506916,3.1648102,0.39962843,-0.11485407,0.90945351,0
3.7588115,-0.19109213,0.25896108,0.88502765,0.30679137,-0.35015079,0
-4.1360397,2.0004852,-1.011905,-0.23879623,0.94482172,0.22425154,0
1.9962715,-2.4069016,1.633582,0.23879623,-0.94482172,-0.22425154,0
-2.8174257,1.8570516,-0.23188031,-0.23879623,0.94482172,0.22425154,0
-2.3498366,-2.4365036,0.41984588,-0.88502765,-0.30679137,0.35015079,0
1.9246514,1.7111272,-2.2508111,0.88502765,0.30679137,-0.35015079,0
-2.8644896,0.23046839,1.1899196,-0.88502765,-0.30679137,0.35015079,0
0.17547393,3.3478184,-3.6261001,-0.39962843,0.11485407,-0.90945351,0
-4.2746253,1.8733931,-1.1625603,-0.88502765,-0.30679137,0.35015079,0
-2.2199466,-1.069005,2.1797309,-0.88502765,-0.30679137,0.35015079,0
0.32588077,-2.5293911,0.61118424,0.23879623,-0.94482172,-0.22425154,0
-3.5622115,0.75850892,0.23936403,-0.88502765,-0.30679137,0.35015079,0
-3.6749265,0.72604012,-0.51645911,-0.88502765,-0.30679137,0.35015079,0
-3.5909164,-0.97999907,-1.4870969,-0.88502765,-0.30679137,0.35015079,0
-1.5056863,1.680748,2.6412721,-0.23879623,0.94482172,0.22425154,0
-3.4626184,-1.0876117,-0.68429816,-0.88502765,-0.30679137,0.35015079,0
-2.9620531,0.81849885,1.5990789,-0.88502765,-0.30679137,0.35015079,0
-3.5321872,-1.9168332,-1.7949796,-0.88502765,-0.30679137,0.35015079,0
-3.1819732,0.37029243,1.367781,-0.88502765,-0.30679137,0.35015079,0
-1.7066334,1.2520077,3.5039949,-0.23879623,0.94482172,0.22425154,0
1.4593837,-0.6581409,-4.3754988,-0.39962843,0.11485407,-0.90945351,0
-3.3764262,-2.5396566,-2.0551925,-0.88502765,-0.30679137,0.35015079,0
-0.87345076,-2.737011,-0.45870298,0.23879623,-0.94482172,-0.22425154,0
0.74937844,2.941503,0.041355565,-0.23879623,0.94482172,0.22425154,0
2.1673305,-2.6597993,2.5998588,0.23879623,-0.94482172,-0.22425154,0
4.3301125,-1.4104731,0.6648314,0.88502765,0.30679137,-0.35015079,0
-1.6037636,1.6087084,2.7343457,-0.23879623,0.94482172,0.22425154,0
-0.8139627,-2.1995635,3.7761798,0.39962843,-0.11485407,0.90945351,0
1.6075711,3.4032936,-0.77462077,-0.23879623,0.94482172,0.22425154,0
1.2555513,2.6766968,-3.3951864,0.88502765,0.30679137,-0.35015079,0
-0.75259107,2.5473478,-0.41646013,-0.23879623,0.94482172,0.22425154,0
1.7342318,-2.6398065,2.7124248,0.39962843,-0.11485407,0.90945351,0
-3.1399431,-0.76679188,0.5263688,-0.88502765,-0.30679137,0.35015079,0
1.930614,2.4533319,3.1324656,-0.23879623,0.94482172,0.22425154,0
-0.090497851,-2.4170697,-1.5198743,0.23879623,-0.94482172,-0.22425154,0
-2.0415556,-2.2960637,-3.2447915,-0.39962843,0.11485407,-0.90945351,0
1.1507893,2.7093549,-3.6101472,0.88502765,0.30679137,-0.35015079,0
-3.0278006,1.9784253,-0.97851789,-0.23879623,0.94482172,0.22425154,0
-4.4904423,1.2689276,-1.7277251,-0.39962843,0.11485407,-0.90945351,0
-3.5837712,-1.6836151,-2.1168859,-0.88502765,-0.30679137,0.35015079,0
2.9700375,-0.71097541,-1.2458285,0.88502765,0.30679137,-0.35015079,0
-3.283428,0.16160965,0.31509697,-0.88502765,-0.30679137,0.35015079,0
2.7775643,2.6608169,0.50598693,0.88502765,0.30679137,-0.35015079,0
2.8775415,-1.6657755,-1.9458151,0.23879623,-0.94482172,-0.22425154,0
1.4272006,-0.083215833,-4.3193245,-0.39962843,0.11485407,-0.90945351,0
0.1188606,-0.24974656,-3.8096468,-0.39962843,0.11485407,-0.90945351,0
-2.1753762,2.104883,-2.5875087,-0.39962843,0.11485407,-0.90945351,0
3.6207464,-1.6860948,0.090510011,0.23879623,-0.94482172,-0.22425154,0
4.046773,0.77327627,1.7941177,0.88502765,0.30679137,-0.35015079,0
2.3070838,-2.3862982,2.0557752,0.23879623,-0.94482172,-0.22425154,0
0.3890959,-2.8000276,0.72122777,0.23879623,-0.94482172,-0.22425154,0
-0.71260357,-0.51161635,4.0386276,0.39962843,-0.11485407,0.90945351,0
-2.8826442,-0.044689,-2.456522,-0.39962843,0.11485407,-0.90945351,0
-3.3912406,-0.18335569,-0.26890969,-0.88502765,-0.30679137,0.35015079,0
1.4804437,0.70019346,3.2521098,0.39962843,-0.11485407,0.90945351,0
2.0864303,-0.90530038,-4.3611054,0.88502765,0.30679137,-0.35015079,0
-2.0724802,-0.61304533,-3.2247057,-0.39962843,0.11485407,-0.90945351,0
-1.3112032,-2.7763648,2.5926852,-0.88502765,-0.30679137,0.35015079,0
-4.2743301,1.9928048,-1.5447359,-0.23879623,0.94482172,0.22425154,0
0.66104496,-3.1907706,2.1733506,0.23879623,-0.94482172,-0.22425154,0
0.73417926,1.0911617,3.6892614,0.39962843,-0.11485407,0.90945351,0
2.3131106,-0.81656361,-3.5113311,0.88502765,0.30679137,-0.35015079,0
0.62356406,-1.5066333,-4.2331796,0.23879623,-0.94482172,-0.22425154,0
-1.6617448,1.8872547,0.53608984,-0.23879623,0.94482172,0.22425154,0
2.6571178,0.037781179,2.6567333,0.39962843,-0.11485407,0.90945351,0
-3.4813805,-2.5040593,-2.3672075,-0.88502765,-0.30679137,0.35015079,0
0.042665482,-2.8991153,1.6714629,0.23879623,-0.94482172,-0.22425154,0
-1.5514177,2.0101092,0.30874813,-0.23879623,0.94482172,0.22425154,0
3.5171592,-0.67353082,-0.38329446,0.88502765,0.30679137,-0.35015079,0
3.3265877,2.622081,2.3149815,0.88502765,0.30679137,-0.35015079,0
-1.7398977,-2.0724502,1.9016566,-0.88502765,-0.30679137,0.35015079,0
1.7139859,0.28614986,3.1556633,0.39962843,-0.11485407,0.90945351,0
-0.16513705,2.3343101,-3.655993,-0.39962843,0.11485407,-0.90945351,0
-1.6529043,-1.5610367,-3.2702246,-0.39962843,0.11485407,-0.90945351,0
1.1839633,2.5356174,1.0094919,-0.23879623,0.94482172,0.22425154,0
-0.87815619,-2.2628679,3.7467446,0.39962843,-0.11485407,0.90945351,0
3.8214784,0.65016705,2.1017838,0.39962843,-0.11485407,0.90945351,0
-1.2655706,-2.5555308,-1.0466915,0.23879623,-0.94482172,-0.22425154,0
-1.2257304,-0.68713057,-3.2745512,-0.39962843,0.11485407,-0.90945351,0
2.4862251,2.231734,3.2250459,0.39962843,-0.11485407,0.90945351,0
3.3199553,1.6826954,1.7454748,0.88502765,0.30679137,-0.35015079,0
3.1873472,2.5560408,2.9301224,0.39962843,-0.11485407,0.90945351,0
3.1828494,-0.65236235,-0.64470321,0.88502765,0.30679137,-0.35015079,0
0.68508065,0.82192266,3.76438,0.39962843,-0.11485407,0.90945351,0
0.2353673,-3.5866868,3.3597126,0.23879623,-0.94482172,-0.22425154,0
1.1476793,3.2306695,-3.0602918,0.88502765,0.30679137,-0.35015079,0
-3.6289537,-0.63558602,-2.2372456,-0.39962843,0.11485407,-0.90945351,0
-2.3463504,-2.7231688,0.63888538,-0.88502765,-0.30679137,0.35015079,0
0.45212126,-1.7029526,3.2630486,0.39962843,-0.11485407,0.90945351,0
0.44281149,-3.0234175,3.4637659,0.39962843,-0.11485407,0.90945351,0
-3.7473578,-1.3662331,-2.1294069,-0.88502765,-0.30679137,0.35015079,0
0.98685861,2.4047699,-3.9438939,0.88502765,0.30679137,-0.35015079,0
-2.3034601,-2.9485931,-1.5724781,0.23879623,-0.94482172,-0.22425154,0
2.1492345,-1.9129636,0.012959599,0.23879623,-0.94482172,-0.22425154,0
-0.39366561,2.1689365,2.326194,-0.23879623,0.94482172,0.22425154,0
3.0455008,0.8556816,0.067854047,0.88502765,0.30679137,-0.35015079,0
4.0313559,-1.1613932,0.88693738,0.88502765,0.30679137,-0.35015079,0
-1.6527197,2.2835522,-0.043700755,-0.23879623,0.94482172,0.22425154,0
0.087498784,2.6555202,-0.6545682,-0.23879623,0.94482172,0.22425154,0
-1.5187885,-2.0595522,-3.6240926,-0.39962843,0.11485407,-0.90945351,0
3.2901478,-0.95193768,-1.3473358,0.88502765,0.30679137,-0.35015079,0
1.1480596,-1.7094846,-1.9002664,0.23879623,-0.94482172,-0.22425154,0
2.2475848,-1.5462551,-2.0414853,0.23879623,-0.94482172,-0.22425154,0
1.7313964,0.89088649,-3.8495669,0.88502765,0.30679137,-0.35015079,0
-2.7051504,0.11443639,1.8733833,-0.88502765,-0.30679137,0.35015079,0
0.55486524,2.2641871,1.8361762,-0.23879623,0.94482172,0.22425154,0
-0.9155103,2.1465709,1.447679,-0.23879623,0.94482172,0.22425154,0
-0.16843602,2.2264407,2.1324637,-0.23879623,0.94482172,0.22425154,0
-1.2654481,-3.1999993,1.795675,0.23879623,-0.94482172,-0.22425154,0
-0.19549286,-2.2732174,-1.1097804,0.23879623,-0.94482172,-0.22425154,0
3.2249949,-0.57310104,-0.36019778,0.88502765,0.30679137,-0.35015079,0
1.7164989,-2.5002201,2.6731298,0.39962843,-0.11485407,0.90945351,0
3.7968669,-1.059741,1.8356459,0.39962843,-0.11485407,0.90945351,0
-0.34627628,-3.5197968,3.7751267,0.39962843,-0.11485407,0.90945351,0
-2.288218,-1.6712911,1.5443437,-0.88502765,-0.30679137,0.35015079,0
-0.50515777,1.0309541,-3.5595822,-0.39962843,0.11485407,-0.90945351,0
0.97177207,-2.8416588,1.9084171,0.23879623,-0.94482172,-0.22425154,0
-3.5769684,1.559191,1.2074226,-0.23879623,0.94482172,0.22425154,0
-1.426771,1.8532133,1.2823098,-0.23879623,0.94482172,0.22425154,0
1.5047454,-1.3857546,-4.237555,0.23879623,-0.94482172,-0.22425154,0
0.1512084,-0.52909744,3.8253255,0.39962843,-0.11485407,0.90945351,0
1.741776,2.4568927,-1.5575218,0.88502765,0.30679137,-0.35015079,0
1.55983,2.7550933,1.7692055,-0.23879623,0.94482172,0.22425154,0
1.6765981,2.9336677,1.3025461,-0.23879623,0.94482172,0.22425154,0
4.1667957,-0.056119084,1.9733236,0.39962843,-0.11485407,0.90945351,0
-3.3508096,1.6513877,-2.2022765,-0.39962843,0.11485407,-0.90945351,0
-1.2330654,-0.24424219,-3.2342439,-0.39962843,0.11485407,-0.90945351,0
0.16525912,1.9707489,3.5479543,-0.23879623,0.94482172,0.22425154,0
2.013196,1.6256615,-2.25912,0.88502765,0.30679137,-0.35015079,0
2.1154752,0.20548037,3.1407385,0.39962843,-0.11485407,0.90945351,0
1.5546803,0.26558495,-4.6554203,-0.39962843,0.11485407,-0.90945351,0
1.9125165,-0.84683114,3.1180148,0.39962843,-0.11485407,0.90945351,0
2.5476122,-1.9299049,-0.69066387,0.23879623,-0.94482172,-0.22425154,0
2.074646,1.370708,3.0561969,0.39962843,-0.11485407,0.90945351,0
1.9753891,-1.6089784,2.7160037,0.39962843,-0.11485407,0.90945351,0
2.6258779,-0.5873735,-2.2682374,0.88502765,0.30679137,-0.35015079,0
2.9810658,-0.8749572,2.2670867,0.39962843,-0.11485407,0.90945351,0
1.8759491,-1.6675746,-2.7932167,0.23879623,-0.94482172,-0.22425154,0
2.4956994,-0.5127306,-2.1969993,0.88502765,0.30679137,-0.35015079,0
-1.6862181,0.46651012,-3.0911403,-0.39962843,0.11485407,-0.90945351,0
-1.7715389,2.6347783,-1.2798131,-0.23879623,0.94482172,0.22425154,0
-3.8851233,1.6514773,0.23243499,-0.23879623,0.94482172,0.22425154,0
-2.6542082,-1.1907687,-2.7993467,-0.39962843,0.11485407,-0.90945351,0
-1.8672464,1.0208758,-2.9735651,-0.39962843,0.11485407,-0.90945351,0
0.238199,-3.3601286,2.5723982,0.23879623,-0.94482172,-0.22425154,0
-4.362319,0.48448229,-1.886559,-0.88502765,-0.30679137,0.35015079,0
2.6306028,1.4469945,2.9124436,0.39962843,-0.11485407,0.90945351,0
-2.8455575,1.9780576,0.53507996,-0.23879623,0.94482172,0.22425154,0
2.8144207,-1.2012558,2.3371172,0.39962843,-0.11485407,0.90945351,0
1.3692446,1.7067044,-3.739255,0.88502765,0.30679137,-0.35015079,0
-3.1344936,-2.3431215,-0.96609294,-0.88502765,-0.30679137,0.35015079,0
0.655334,1.0720117,-4.001462,-0.39962843,0.11485407,-0.90945351,0
0.84866822,-0.036304384,3.4472449,0.39962843,-0.11485407,0.90945351,0
-1.5839863,-1.0822748,-3.2353132,-0.39962843,0.11485407,-0.90945351,0
0.61338496,-1.596164,-4.0360956,0.23879623,-0.94482172,-0.22425154,0
1.0570273,0.4975723,3.5663521,0.39962843,-0.11485407,0.90945351,0
-0.79325998,-1.6111989,-3.4963934,-0.39962843,0.11485407,-0.90945351,0
-1.019866,1.9566228,1.1459963,-0.23879623,0.94482172,0.22425154,0
1.0752401,2.208853,-3.8475575,0.88502765,0.30679137,-0.35015079,0
-3.4003613,-2.0842628,-2.1730051,-0.88502765,-0.30679137,0.35015079,0
-0.97878194,-2.2954731,-1.9862522,0.23879623,-0.94482172,-0.22425154,0
2.8050399,1.938049,3.0316486,0.39962843,-0.11485407,0.90945351,0
2.9093618,0.4687804,-1.1483637,0.88502765,0.30679137,-0.35015079,0
-1.7749286,1.6840785,2.3978682,-0.23879623,0.94482172,0.22425154,0
0.57815826,1.706022,3.7148991,0.39962843,-0.11485407,0.90945351,0
-0.69232517,-1.3304296,-3.8888166,-0.39962843,0.11485407,-0.90945351,0
1.7252969,-1.721576,-2.7098522,0.23879623,-0.94482172,-0.22425154,0
2.8001554,0.81892687,-0.78879011,0.88502765,0.30679137,-0.35015079,0
-3.284122,0.072054505,0.42111921,-0.88502765,-0.30679137,0.35015079,0
-3.7426434,0.35498977,-0.27673459,-0.88502765,-0.30679137,0.35015079,0
2.8713865,-0.42231226,-1.1686589,0.88502765,0.30679137,-0.35015079,0
0.49396873,3.5603745,-2.7547519,-0.23879623,0.94482172,0.22425154,0
1.1542709,2.9357371,-0.23397976,-0.23879623,0.94482172,0.22425154,0
2.5108984,1.011452,-1.1789451,0.88502765,0.30679137,-0.35015079,0
-0.99252391,-3.1278274,0.77788949,0.23879623,-0.94482172,-0.22425154,0
-2.6595998,2.0863905,-2.5394487,-0.39962843,0.11485407,-0.90945351,0
-1.7894977,2.0862727,-0.35376042,-0.23879623,0.94482172,0.22425154,0
2.7812562,-2.0042679,-0.43673807,0.23879623,-0.94482172,-0.22425154,0
3.2824697,-2.1254096,0.75009823,0.23879623,-0.94482172,-0.22425154,0
1.8633125,2.6930747,1.256525,-0.23879623,0.94482172,0.22425154,0
1.1618114,1.3940609,-4.1054673,0.88502765,0.30679137,-0.35015079,0
-2.9691916,-1.9540918,-0.87287557,-0.88502765,-0.30679137,0.35015079,0
0.56880522,2.834542,-1.0188801,-0.23879623,0.94482172,0.22425154,0
2.8894913,-0.92728662,-2.0432806,0.88502765,0.30679137,-0.35015079,0
3.2827139,0.74590594,2.3697519,0.39962843,-0.11485407,0.90945351,0
-2.5048783,0.10100639,2.327863,-0.88502765,-0.30679137,0.35015079,0
1.9959576,-0.84710932,-4.4031305,0.88502765,0.30679137,-0.35015079,0
3.089649,1.6876491,2.5619659,0.39962843,-0.11485407,0.90945351,0
2.1676464,1.8382739,3.1035457,0.39962843,-0.11485407,0.90945351,0
3.0500317,-0.16113329,2.3202343,0.39962843,-0.11485407,0.90945351,0
-2.8950529,1.928808,0.18216503,-0.23879623,0.94482172,0.22425154,0
-3.2163312,-0.78402174,-0.25466263,-0.88502765,-0.30679137,0.35015079,0
-2.4411445,-0.79298437,1.9348034,-0.88502765,-0.30679137,0.35015079,0
-2.4533939,0.52939105,-2.8296313,-0.39962843,0.11485407,-0.90945351,0
3.2321217,0.62299061,2.631356,0.39962843,-0.11485407,0.90945351,0
-1.0447114,-1.7927107,3.8645988,0.39962843,-0.11485407,0.90945351,0
2.8342814,0.61945492,-1.3512709,0.88502765,0.30679137,-0.35015079,0
-1.7031503,-1.4981129,2.7015979,-0.88502765,-0.30679137,0.35015079,0
-2.2827775,0.41113353,3.5900855,-0.88502765,-0.30679137,0.35015079,0
0.84378117,0.28687751,3.6420302,0.39962843,-0.11485407,0.90945351,0
-1.8040023,-1.9929441,2.7635949,-0.88502765,-0.30679137,0.35015079,0
-0.86707449,-1.0929078,4.1461196,0.39962843,-0.11485407,0.90945351,0
-0.90573561,-2.5634432,-2.0648303,0.23879623,-0.94482172,-0.22425154,0
3.0516787,1.4187555,0.53769696,0.88502765,0.30679137,-0.35015079,0
2.3652217,1.6597753,-1.6082718,0.88502765,0.30679137,-0.35015079,0
2.9673591,-1.7540901,0.13416553,0.23879623,-0.94482172,-0.22425154,0
-2.2382052,1.0982537,3.3818421,-0.88502765,-0.30679137,0.35015079,0
2.5275555,0.2965489,2.7050605,0.39962843,-0.11485407,0.90945351,0
1.3462101,-1.4513727,3.278296,0.39962843,-0.11485407,0.90945351,0
-2.6705298,-2.8994355,-0.81552744,-0.88502765,-0.30679137,0.35015079,0
-3.901509,0.46077573,-2.1183739,-0.39962843,0.11485407,-0.90945351,0
3.1506557,0.58904624,2.7179785,0.39962843,-0.11485407,0.90945351,0
-3.8151793,1.6849344,-0.59833002,-0.23879623,0.94482172,0.22425154,0
-2.9304817,0.11725903,1.8259751,-0.88502765,-0.30679137,0.35015079,0
-1.8764257,-0.72650707,2.9212143,-0.88502765,-0.30679137,0.35015079,0
-2.2685556,0.14841533,3.242089,-0.88502765,-0.30679137,0.35015079,0
2.5061343,1.9359213,-0.43799859,0.88502765,0.30679137,-0.35015079,0
-0.54407144,2.0755248,1.8094999,-0.23879623,0.94482172,0.22425154,0
0.28180742,-2.2156141,3.2963703,0.39962843,-0.11485407,0.90945351,0
-2.731051,-0.12075719,-2.7231426,-0.39962843,0.11485407,-0.90945351,0
0.12504709,2.5317745,1.1919537,-0.23879623,0.94482172,0.22425154,0
1.8375542,1.8386996,-2.5789337,0.88502765,0.30679137,-0.35015079,0
0.81525016,2.3898597,2.7490039,-0.23879623,0.94482172,0.22425154,0
-1.2304549,-2.5790431,-2.1565294,0.23879623,-0.94482172,-0.22425154,0
-1.8826699,-2.2545869,2.0290303,-0.88502765,-0.30679137,0.35015079,0
-4.3452892,1.8341367,-0.8880806,-0.23879623,0.94482172,0.22425154,0
3.8100312,-0.097025275,2.174149,0.39962843,-0.11485407,0.90945351,0
-0.16979308,-1.2517681,-3.7194395,-0.39962843,0.11485407,-0.90945351,0
-2.6427569,0.38214111,2.271018,-0.88502765,-0.30679137,0.35015079,0
1.0427597,-1.8936024,-2.892797,0.23879623,-0.94482172,-0.22425154,0
4.1248617,-0.27713227,2.2038255,0.39962843,-0.11485407,0.90945351,0
-0.63298047,3.3984165,-3.2183897,-0.39962843,0.11485407,-0.90945351,0
-2.5586894,0.72355604,2.558814,-0.88502765,-0.30679137,0.35015079,0
-1.7152534,-1.2593658,3.6655807,-0.88502765,-0.30679137,0.35015079,0
-0.035004854,-2.4786344,-1.1464328,0.23879623,-0.94482172,-0.22425154,0
-3.1530154,-1.2532995,-0.013706565,-0.88502765,-0.30679137,0.35015079,0
-0.83865333,0.26807368,4.1349211,0.39962843,-0.11485407,0.90945351,0
2.1525025,-1.6212151,-1.9735796,0.23879623,-0.94482172,-0.22425154,0
1.77004,-0.23583817,-4.2979798,0.88502765,0.30679137,-0.35015079,0
0.63707566,-0.0050734282,-4.1649542,-0.39962843,0.11485407,-0.90945351,0
1.1294105,-1.1086721,-4.4542141,0.23879623,-0.94482172,-0.22425154,0
-3.3845441,1.5134263,0.59097439,-0.23879623,0.94482172,0.22425154,0
-3.9425135,1.281636,-0.19675589,-0.88502765,-0.30679137,0.35015079,0
1.3690155,-0.12862426,3.124541,0.39962843,-0.11485407,0.90945351,0
2.8183966,0.44389749,-1.6218532,0.88502765,0.30679137,-0.35015079,0
-4.0342369,-0.073348284,-2.1118608,-0.39962843,0.11485407,-0.90945351,0
1.5072637,0.40203217,3.1002607,0.39962843,-0.11485407,0.90945351,0
-0.64456522,-2.1343455,-2.1873207,0.23879623,-0.94482172,-0.22425154,0
2.7199974,1.9825041,0.44371611,0.88502765,0.30679137,-0.35015079,0
-1.133837,-2.7364304,-1.2441784,0.23879623,-0.94482172,-0.22425154,0
1.0061466,-0.81653142,-4.3477392,-0.39962843,0.11485407,-0.90945351,0
1.6615953,0.89783478,-4.0935354,0.88502765,0.30679137,-0.35015079,0
1.370451,2.3550088,3.3842976,0.39962843,-0.11485407,0.90945351,0
2.3043737,1.5420693,-1.6139723,0.88502765,0.30679137,-0.35015079,0
2.6571627,1.3938851,-0.87963486,0.88502765,0.30679137,-0.35015079,0
-2.8000746,0.47723341,-2.3386223,-0.39962843,0.11485407,-0.90945351,0
3.0077426,-0.25726676,-0.91757613,0.88502765,0.30679137,-0.35015079,0
4.6284189,-1.1449428,1.8483822,0.39962843,-0.11485407,0.90945351,0
-3.697192,1.049238,0.37156117,-0.88502765,-0.30679137,0.35015079,0
1.3827281,2.1449196,3.2462487,-0.23879623,0.94482172,0.22425154,0
-3.236474,-1.2460589,-2.5033298,-0.39962843,0.11485407,-0.90945351,0
-2.7492244,-1.466747,0.064359546,-0.88502765,-0.30679137,0.35015079,0
-2.1596398,1.7476431,-2.616004,-0.39962843,0.11485407,-0.90945351,0
1.0281928,-0.1607331,-4.4620838,-0.39962843,0.11485407,-0.90945351,0
-0.095897555,0.5184021,-3.8399363,-0.39962843,0.11485407,-0.90945351,0
-3.7222238,-1.0207669,-1.3090347,-0.88502765,-0.30679137,0.35015079,0
2.5878541,3.0919633,1.1967248,0.88502765,0.30679137,-0.35015079,0
1.5592446,0.18772125,-4.5160294,-0.39962843,0.11485407,-0.90945351,0
2.7548313,-1.8854616,-1.0521634,0.23879623,-0.94482172,-0.22425154,0
0.6955595,2.5002513,1.0423378,-0.23879623,0.94482172,0.22425154,0
-1.5363622,-3.2432923,0.40874019,0.23879623,-0.94482172,-0.22425154,0
1.0268388,2.5243087,2.0161629,-0.23879623,0.94482172,0.22425154,0
1.3381698,1.7394389,-3.4846196,0.88502765,0.30679137,-0.35015079,0
1.0564771,-2.6766901,1.7164719,0.23879623,-0.94482172,-0.22425154,0
0.40054607,3.4045405,-2.8215349,-0.23879623,0.94482172,0.22425154,0
3.0607629,-0.4400028,2.4114304,0.39962843,-0.11485407,0.90945351,0
-2.577914,0.66467285,2.8224692,-0.88502765,-0.30679137,0.35015079,0
-0.40606833,-0.36876011,3.7773266,0.39962843,-0.11485407,0.90945351,0
-1.5672135,-0.14483307,-3.0254388,-0.39962843,0.11485407,-0.90945351,0
0.27520263,-1.4618316,-4.1678162,-0.39962843,0.11485407,-0.90945351,0
1.5623338,-1.4887458,3.1138651,0.39962843,-0.11485407,0.90945351,0
0.7778914,2.2367175,3.2489011,-0.23879623,0.94482172,0.22425154,0
-0.15843678,-1.305052,3.9645734,0.39962843,-0.11485407,0.90945351,0
1.1925733,2.8483622,0.39459848,-0.23879623,0.94482172,0.22425154,0
-3.6039431,-1.1585963,-1.4914311,-0.88502765,-0.30679137,0.35015079,0
3.07705,0.017380953,-0.50640094,0.88502765,0.30679137,-0.35015079,0
2.9583564,-0.8870194,2.5529163,0.39962843,-0.11485407,0.90945351,0
3.1411271,-0.42759418,-0.67669111,0.88502765,0.30679137,-0.35015079,0
1.9971237,3.1607966,-0.56559074,-0.23879623,0.94482172,0.22425154,0
0.15458345,2.3284166,0.66776496,-0.23879623,0.94482172,0.22425154,0
-4.4300466,1.8287194,-1.6822566,-0.23879623,0.94482172,0.22425154,0
0.55092692,2.59108,0.37221926,-0.23879623,0.94482172,0.22425154,0
-2.6119123,-3.1242864,-1.2538028,0.23879623,-0.94482172,-0.22425154,0
-0.33281815,-2.2416177,-2.6990712,0.23879623,-0.94482172,-0.22425154,0
1.521971,3.4699688,-1.4923706,-0.23879623,0.94482172,0.22425154,0
-0.048203826,0.039266348,3.6711051,0.39962843,-0.11485407,0.90945351,0
-4.08848,0.30380738,-2.2028985,-0.39962843,0.11485407,-0.90945351,0
-3.8311009,-0.58984751,-1.6536658,-0.88502765,-0.30679137,0.35015079,0
2.2356329,0.67119014,2.8318031,0.39962843,-0.11485407,0.90945351,0
1.326879,-1.7726467,-2.8119583,0.23879623,-0.94482172,-0.22425154,0
-1.0624932,-2.5271568,-1.7314303,0.23879623,-0.94482172,-0.22425154,0
-1.8544676,-1.7514919,-3.1562853,-0.39962843,0.11485407,-0.90945351,0
-2.2430103,1.7311009,-2.4454544,-0.39962843,0.11485407,-0.90945351,0
2.2237096,0.19560325,-2.967021,0.88502765,0.30679137,-0.35015079,0
3.5909386,-0.97801876,2.1873369,0.39962843,-0.11485407,0.90945351,0
1.1494774,0.8252691,3.5893438,0.39962843,-0.11485407,0.90945351,0
3.2777238,-0.78814077,-1.08409,0.88502765,0.30679137,-0.35015079,0
-1.9532256,-2.7089677,1.0679736,-0.88502765,-0.30679137,0.35015079,0
3.9196424,1.1542987,2.4141326,0.39962843,-0.11485407,0.90945351,0
-0.33094168,-3.3615527,3.3955123,0.39962843,-0.11485407,0.90945351,0
3.3375998,-1.6505091,-0.81493914,0.23879623,-0.94482172,-0.22425154,0
3.0035305,-1.6423035,-1.053576,0.23879623,-0.94482172,-0.22425154,0
0.42857906,0.070962906,3.6018622,0.39962843,-0.11485407,0.90945351,0
1.9726589,2.0457575,-1.6876038,0.88502765,0.30679137,-0.35015079,0
-2.0971665,1.6545238,1.6536522,-0.23879623,0.94482172,0.22425154,0
3.6080866,1.1921083,2.5923724,0.39962843,-0.11485407,0.90945351,0
-4.2242737,0.53178978,-1.787742,-0.88502765,-0.30679137,0.35015079,0
-0.72895038,2.2168713,-3.4048655,-0.39962843,0.11485407,-0.90945351,0
2.3980165,-1.6083786,-2.1298699,0.23879623,-0.94482172,-0.22425154,0
1.6284289,-1.1486495,-4.4872961,0.23879623,-0.94482172,-0.22425154,0
-1.3948336,-3.3201003,2.2791588,-0.88502765,-0.30679137,0.35015079,0
-0.11626315,-3.0370097,2.1186576,0.23879623,-0.94482172,-0.22425154,0
-3.7150073,-0.18355125,-2.2967057,-0.39962843,0.11485407,-0.90945351,0
2.2787066,1.2778829,-1.3491561,0.88502765,0.30679137,-0.35015079,0
-2.5157235,1.3572172,-2.4977543,-0.39962843,0.11485407,-0.90945351,0
3.9350624,-0.05349052,2.145066,0.39962843,-0.11485407,0.90945351,0
1.6611984,-1.8679643,-1.9783206,0.23879623,-0.94482172,-0.22425154,0
2.9452434,-0.52323198,-1.5702798,0.88502765,0.30679137,-0.35015079,0
3.8635762,0.75593007,1.6708866,0.88502765,0.30679137,-0.35015079,0
2.9973986,-1.6141834,2.3678751,0.39962843,-0.11485407,0.90945351,0
-1.9053133,-3.1957915,1.450623,-0.88502765,-0.30679137,0.35015079,0
-2.8623877,-0.45218414,1.3673778,-0.88502765,-0.30679137,0.35015079,0
-0.46398914,2.9664237,-2.3187003,-0.23879623,0.94482172,0.22425154,0
-1.7267034,-1.0627773,-3.0057523,-0.39962843,0.11485407,-0.90945351,0
1.4332013,0.98044038,3.3569324,0.39962843,-0.11485407,0.90945351,0
-1.2523849,0.51113498,-3.059252,-0.39962843,0.11485407,-0.90945351,0
-2.1304829,-3.0878744,-0.9389987,0.23879623,-0.94482172,-0.22425154,0
2.8368773,-1.9648023,0.87988257,0.23879623,-0.94482172,-0.22425154,0
-0.1655035,-2.2112241,-2.5254014,0.23879623,-0.94482172,-0.22425154,0
0.12604606,0.12721562,-3.7710218,-0.39962843,0.11485407,-0.90945351,0
0.79232627,0.84628606,3.6733952,0.39962843,-0.11485407,0.90945351,0
3.7866354,0.06287396,2.1353571,0.39962843,-0.11485407,0.90945351,0
-0.06683898,0.59543699,-3.669301,-0.39962843,0.11485407,-0.90945351,0
-0.39589441,2.7455165,-3.1394057,-0.39962843,0.11485407,-0.90945351,0
-3.5761774,0.90776873,-2.0097842,-0.39962843,0.11485407,-0.90945351,0
0.11826521,-2.4811215,-0.87894404,0.23879623,-0.94482172,-0.22425154,0
-1.0338104,1.7425072,1.8609779,-0.23879623,0.94482172,0.22425154,0
2.9124398,-0.55612803,-1.7462041,0.88502765,0.30679137,-0.35015079,0
3.8896916,-0.15426922,0.85644901,0.88502765,0.30679137,-0.35015079,0
0.21935916,-1.9556143,3.5987103,0.39962843,-0.11485407,0.90945351,0
0.4392693,2.1407812,-3.5691113,-0.39962843,0.11485407,-0.90945351,0
1.795846,-2.3242435,-0.028811693,0.23879623,-0.94482172,-0.22425154,0
-2.5612817,0.46450007,-2.4849231,-0.39962843,0.11485407,-0.90945351,0
-0.22350478,0.18620723,-3.6127412,-0.39962843,0.11485407,-0.90945351,0
-2.3069515,-1.9364032,1.1498898,-0.88502765,-0.30679137,0.35015079,0
-0.66304564,-0.2072491,-3.7590714,-0.39962843,0.11485407,-0.90945351,0
1.3319571,-1.8527284,-1.5212576,0.23879623,-0.94482172,-0.22425154,0
-1.408283,-0.97893757,3.8281577,-0.88502765,-0.30679137,0.35015079,0
2.1749096,-1.5098071,-1.7661583,0.23879623,-0.94482172,-0.22425154,0
-1.4268973,-3.1447644,1.6815534,-0.88502765,-0.30679137,0.35015079,0
-3.1014454,-2.2842503,-1.4348081,-0.88502765,-0.30679137,0.35015079,0
2.1664925,3.2759578,0.21426964,0.88502765,0.30679137,-0.35015079,0
-2.6876287,-2.7856829,-1.1369487,-0.88502765,-0.30679137,0.35015079,0
2.0258725,2.0360298,-1.5544178,0.88502765,0.30679137,-0.35015079,0
-0.87756515,2.2963066,0.37042594,-0.23879623,0.94482172,0.22425154,0
2.9708235,-2.1399376,0.85421765,0.23879623,-0.94482172,-0.22425154,0
1.3264203,3.2513316,-1.9213874,-0.23879623,0.94482172,0.22425154,0
2.800524,-1.3528359,-1.8594356,0.23879623,-0.94482172,-0.22425154,0
2.6051662,-2.6880906,2.1380782,0.23879623,-0.94482172,-0.22425154,0
-0.49681288,2.2623215,0.74273688,-0.23879623,0.94482172,0.22425154,0
-1.8705082,1.9069226,0.40576187,-0.23879623,0.94482172,0.22425154,0
0.36310542,-1.6298459,-3.663301,0.23879623,-0.94482172,-0.22425154,0
2.011425,2.1746564,3.1138558,0.39962843,-0.11485407,0.90945351,0
-2.1268647,-2.2057099,1.2516303,-0.88502765,-0.30679137,0.35015079,0
-3.1378937,2.3344533,-1.9217287,-0.23879623,0.94482172,0.22425154,0
-3.4190681,1.0315943,0.91527641,-0.88502765,-0.30679137,0.35015079,0
1.809641,-2.1349494,0.0077996254,0.23879623,-0.94482172,-0.22425154,0
-3.577198,0.63439763,-2.1255145,-0.39962843,0.11485407,-0.90945351,0
1.3513128,-2.1376798,-1.2949798,0.23879623,-0.94482172,-0.22425154,0
1.8465469,-2.1876574,0.2750926,0.23879623,-0.94482172,-0.22425154,0
2.1196563,1.0557317,-2.722641,0.88502765,0.30679137,-0.35015079,0
2.0135658,0.4356302,-3.5516939,0.88502765,0.30679137,-0.35015079,0
-2.9989851,1.7727597,0.43933749,-0.23879623,0.94482172,0.22425154,0
-0.77629817,0.49051094,-3.5181336,-0.39962843,0.11485407,-0.90945351,0
-2.6347041,-0.89941108,-3.0139923,-0.39962843,0.11485407,-0.90945351,0
-2.4372482,-0.87825704,1.6418868,-0.88502765,-0.30679137,0.35015079,0
3.8209879,1.1131216,2.3933835,0.39962843,-0.11485407,0.90945351,0
2.7585144,-0.33531988,2.4172649,0.39962843,-0.11485407,0.90945351,0
3.0346649,-0.14202452,-1.5752621,0.88502765,0.30679137,-0.35015079,0
1.9868891,0.24387634,-3.8941402,0.88502765,0.30679137,-0.35015079,0
0.54024601,1.9066597,-3.6657941,-0.39962843,0.11485407,-0.90945351,0
4.1992044,-1.3603201,1.0921811,0.88502765,0.30679137,-0.35015079,0
1.9028032,0.59403193,3.3051608,0.39962843,-0.11485407,0.90945351,0
3.1099319,-0.96722984,2.1477768,0.39962843,-0.11485407,0.90945351,0
-0.55034149,1.9566388,2.1641762,-0.23879623,0.94482172,0.22425154,0
3.2804084,0.40888995,-0.365641,0.88502765,0.30679137,-0.35015079,0
-2.1746027,1.9233766,-2.6288688,-0.39962843,0.11485407,-0.90945351,0
-0.16204484,1.7483914,3.4029274,-0.23879623,0.94482172,0.22425154,0
0.54488194,-2.7758982,1.6007878,0.23879623,-0.94482172,-0.22425154,0
2.9287546,-1.5351436,-0.70488417,0.23879623,-0.94482172,-0.22425154,0
-0.33574605,-3.3809352,1.9994271,0.23879623,-0.94482172,-0.22425154,0
-1.7776299,-3.1702399,1.1982942,-0.88502765,-0.30679137,0.35015079,0
-0.83262348,-0.90484649,3.9223938,0.39962843,-0.11485407,0.90945351,0
1.4186344,-2.5491476,0.99685115,0.23879623,-0.94482172,-0.22425154,0
-1.4924787,-2.3139601,-2.8805931,0.23879623,-0.94482172,-0.22425154,0
0.32594562,-3.1111741,3.4622643,0.39962843,-0.11485407,0.90945351,0
2.8220546,2.9970975,1.2909217,0.88502765,0.30679137,-0.35015079,0
2.4508092,1.4515489,-0.64157611,0.88502765,0.30679137,-0.35015079,0
-3.2482493,-1.9009657,-0.989712,-0.88502765,-0.30679137,0.35015079,0
1.3396209,-1.8507936,-1.4148552,0.23879623,-0.94482172,-0.22425154,0
0.38628089,2.5728669,1.0803472,-0.23879623,0.94482172,0.22425154,0
-3.0592351,-0.065720558,0.83709562,-0.88502765,-0.30679137,0.35015079,0
-0.41855705,3.0115104,-1.4682329,-0.23879623,0.94482172,0.22425154,0
-3.8978901,0.51427865,-0.68582702,-0.88502765,-0.30679137,0.35015079,0
-2.9867334,-0.064205229,-2.464663,-0.39962843,0.11485407,-0.90945351,0
-3.6898043,-1.4354897,-2.2863908,-0.88502765,-0.30679137,0.35015079,0
0.42651629,2.311537,1.0431477,-0.23879623,0.94482172,0.22425154,0
-2.1030214,0.35989404,3.1792099,-0.88502765,-0.30679137,0.35015079,0
-0.81239998,1.8284019,-3.3838613,-0.39962843,0.11485407,-0.90945351,0
-1.0785627,3.2198312,-2.8913713,-0.39962843,0.11485407,-0.90945351,0
-1.0229347,-2.5307219,-0.72203475,0.23879623,-0.94482172,-0.22425154,0
-2.3737864,0.50237489,-2.8051357,-0.39962843,0.11485407,-0.90945351,0
0.4564274,-0.93729728,3.4826653,0.39962843,-0.11485407,0.90945351,0
3.1341913,0.81247169,0.31776917,0.88502765,0.30679137,-0.35015079,0
2.4732816,-2.5014205,2.2617671,0.39962843,-0.11485407,0.90945351,0
-2.4046905,1.0664017,3.9673514,-0.88502765,-0.30679137,0.35015079,0
-2.1757877,-2.240191,0.94632041,-0.88502765,-0.30679137,0.35015079,0
4.188014,0.54978776,2.1932397,0.88502765,0.30679137,-0.35015079,0
-0.93348241,2.6369808,-0.43769607,-0.23879623,0.94482172,0.22425154,0
1.0567844,-1.2646294,-3.9628391,0.23879623,-0.94482172,-0.22425154,0
-1.3753297,-2.3208339,3.4483185,-0.88502765,-0.30679137,0.35015079,0
-1.5985045,-1.5391032,-3.2143447,-0.39962843,0.11485407,-0.90945351,0
0.010537624,-0.14917272,3.7482767,0.39962843,-0.11485407,0.90945351,0
1.2371362,-2.1917696,2.818692,0.39962843,-0.11485407,0.90945351,0
-0.90945864,0.38336527,4.1923623,0.39962843,-0.11485407,0.90945351,0
-0.68493271,1.436713,4.1417985,-0.23879623,0.94482172,0.22425154,0
-3.4124117,0.056976914,-0.19968081,-0.88502765,-0.30679137,0.35015079,0
0.05992794,3.2706165,-3.2556443,-0.39962843,0.11485407,-0.90945351,0
2.2893076,2.696589,-0.32407245,0.88502765,0.30679137,-0.35015079,0
0.15700936,2.920527,-1.3203968,-0.23879623,0.94482172,0.22425154,0
3.067013,3.0338774,1.9527819,-0.23879623,0.94482172,0.22425154,0
-1.6324735,-2.2793097,2.9553304,-0.88502765,-0.30679137,0.35015079,0
1.1754696,2.8544459,0.1128203,-0.23879623,0.94482172,0.22425154,0
-1.2511857,1.1546533,-3.3059535,-0.39962843,0.11485407,-0.90945351,0
0.61458409,0.015072465,3.3908412,0.39962843,-0.11485407,0.90945351,0
1.2927747,1.6064723,3.4517386,0.39962843,-0.11485407,0.90945351,0
2.9617853,1.986937,2.6953535,0.39962843,-0.11485407,0.90945351,0
2.3418577,0.099951595,2.6633003,0.39962843,-0.11485407,0.90945351,0
-2.2001414,-2.2069688,0.93710065,-0.88502765,-0.30679137,0.35015079,0
1.7752743,0.00010192394,-3.6046834,0.88502765,0.30679137,-0.35015079,0
4.5297332,-1.3847494,1.2044117,0.88502765,0.30679137,-0.35015079,0
-0.48947933,2.5174353,0.37918633,-0.23879623,0.94482172,0.22425154,0
-1.7466326,-1.3740389,2.8817039,-0.88502765,-0.30679137,0.35015079,0
1.6743736,1.555818,-3.4430554,0.88502765,0.30679137,-0.35015079,0
-0.009272337,2.7969868,-0.19471534,-0.23879623,0.94482172,0.22425154,0
-2.5538924,0.3472805,2.0846393,-0.88502765,-0.30679137,0.35015079,0
-0.95295954,-3.014447,0.44276944,0.23879623,-0.94482172,-0.22425154,0
-2.8125293,-1.1200678,0.3617059,-0.88502765,-0.30679137,0.35015079,0
-1.9488516,1.7988297,-2.5580087,-0.39962843,0.11485407,-0.90945351,0
