-4.6267271,4.7610521,-2.6605077,0.020226598,0.99884129,0.043670863,0
3.3624239,0.61950272,2.9290154,-0.14179137,-0.040372431,0.98907298,0
-0.88532686,3.7575278,2.4453893,-0.14179137,-0.040372431,0.98907298,0
-0.18391705,4.4221582,0.6915102,0.020226598,0.99884129,0.043670863,0
5.0641093,-2.1101985,-1.899683,0.14179137,0.040372431,-0.98907298,0
-0.12863779,4.5610666,1.9518725,0.020226598,0.99884129,0.043670863,0
-4.9850984,-3.0905771,0.3644886,-0.98968995,0.026197731,-0.14081043,0
4.7765865,1.6139978,3.1616578,0.98968995,-0.026197731,0.14081043,0
4.6503129,-2.1640372,1.8673387,0.98968995,-0.026197731,0.14081043,0
-4.1164036,4.203845,-2.9590638,0.14179137,0.040372431,-0.98907298,0
4.9787264,-1.857177,-0.56396222,0.98968995,-0.026197731,0.14081043,0
-3.9531343,4.2838626,2.2794094,-0.14179137,-0.040372431,0.98907298,0
-2.9259582,2.1962829,2.059768,-0.14179137,-0.040372431,0.98907298,0
-4.2673416,4.7752581,-1.4621199,0.020226598,0.99884129,0.043670863,0
5.051044,-4.1577373,0.6183722,0.98968995,-0.026197731,0.14081043,0
1.4410172,-4.6888709,0.5890404,-0.020226598,-0.99884129,-0.043670863,0
0.11536336,-4.4370589,1.3673966,-0.020226598,-0.99884129,-0.043670863,0
-4.487093,1.6702402,-2.8337777,-0.98968995,0.026197731,-0.14081043,0
-0.046884954,0.8276211,-2.5456266,0.14179137,0.040372431,-0.98907298,0
-1.6003985,3.3328209,2.3691564,-0.14179137,-0.040372431,0.98907298,0
1.8147216,-2.2757578,-2.3977211,0.14179137,0.040372431,-0.98907298,0
-2.2532096,-4.3112969,-1.4180329,-0.020226598,-0.99884129,-0.043670863,0
5.0734491,-4.3004642,-1.3572811,0.98968995,-0.026197731,0.14081043,0
5.1962252,4.5364418,-0.51425028,0.98968995,-0.026197731,0.14081043,0
4.7356324,-3.7587786,0.55036545,0.98968995,-0.026197731,0.14081043,0
3.8420014,-4.85988,2.5391467,-0.020226598,-0.99884129,-0.043670863,0
-3.7950962,-4.3834662,1.4229455,-0.020226598,-0.99884129,-0.043670863,0
-4.6955934,1.6382673,-2.829185,-0.98968995,0.026197731,-0.14081043,0
-2.1525578,-4.4651423,-2.6313374,-0.020226598,-0.99884129,-0.043670863,0
3.9563918,-4.6195478,-0.77985716,-0.020226598,-0.99884129,-0.043670863,0
-0.63403583,-4.0513992,2.132441,-0.14179137,-0.040372431,0.98907298,0
4.0183377,-2.7692151,-1.8794112,0.14179137,0.040372431,-0.98907298,0
1.378953,4.5648842,-1.2429359,0.020226598,0.99884129,0.043670863,0
3.4307818,-0.38621402,-1.9786016,0.14179137,0.040372431,-0.98907298,0
-4.9511662,0.051113129,-1.2268505,-0.98968995,0.026197731,-0.14081043,0
-3.130615,-4.546032,1.7931085,-0.14179137,-0.040372431,0.98907298,0
3.6720753,-4.6719909,2.7554469,-0.020226598,-0.99884129,-0.043670863,0
2.0492039,-3.9650614,2.7206373,-0.14179137,-0.040372431,0.98907298,0
5.0401263,3.8468759,-0.33933258,0.98968995,-0.026197731,0.14081043,0
5.2283101,4.2863097,0.29137754,0.98968995,-0.026197731,0.14081043,0
5.2113905,3.0397449,-0.56060314,0.98968995,-0.026197731,0.14081043,0
0.49070883,4.6783266,0.32683015,0.020226598,0.99884129,0.043670863,0
3.7959347,-0.95776641,2.8886089,-0.14179137,-0.040372431,0.98907298,0
-1.541575,-4.2584815,-3.0843329,0.14179137,0.040372431,-0.98907298,0
-1.2295108,-1.9546419,-2.6624303,0.14179137,0.040372431,-0.98907298,0
-5.1769342,-4.3758926,-0.37404966,-0.98968995,0.026197731,-0.14081043,0
-4.6144915,3.4803934,-1.893357,-0.98968995,0.026197731,-0.14081043,0
-2.8846612,-4.6657062,1.4779298,-0.020226598,-0.99884129,-0.043670863,0
-4.1662102,-2.1265569,1.8517013,-0.14179137,-0.040372431,0.98907298,0
2.48125,4.5237746,1.3384557,0.020226598,0.99884129,0.043670863,0
5.3451462,-4.231802,-1.6618764,0.98968995,-0.026197731,0.14081043,0
-4.4128599,1.9215574,-2.9985781,0.14179137,0.040372431,-0.98907298,0
-2.7232533,4.3202972,1.1881015,0.020226598,0.99884129,0.043670863,0
1.9175222,-4.4626808,0.99504358,-0.020226598,-0.99884129,-0.043670863,0
-5.0199013,-1.0028079,-1.0230956,-0.98968995,0.026197731,-0.14081043,0
-3.0840616,-4.5914326,0.89859676,-0.020226598,-0.99884129,-0.043670863,0
-0.63720179,1.4634589,2.5625272,-0.14179137,-0.040372431,0.98907298,0
-5.382226,4.3047476,2.1039872,-0.98968995,0.026197731,-0.14081043,0
-5.0418081,3.5829294,-0.1920855,-0.98968995,0.026197731,-0.14081043,0
3.402091,4.3844686,0.8228488,0.020226598,0.99884129,0.043670863,0
3.3815668,-4.4720769,1.7130307,-0.020226598,-0.99884129,-0.043670863,0
-2.6398311,-2.0949335,2.0870311,-0.14179137,-0.040372431,0.98907298,0
1.2936478,-4.5357623,0.98834115,-0.020226598,-0.99884129,-0.043670863,0
4.9432211,-0.055692911,-0.52317858,0.98968995,-0.026197731,0.14081043,0
0.40380573,4.6298337,1.1698976,0.020226598,0.99884129,0.043670863,0
4.5974126,-1.5917143,2.0962303,0.98968995,-0.026197731,0.14081043,0
4.4920077,-4.622057,-1.586745,-0.020226598,-0.99884129,-0.043670863,0
1.9685884,-4.6502342,-2.0851531,-0.020226598,-0.99884129,-0.043670863,0
1.2136095,4.5936203,-1.7665992,0.020226598,0.99884129,0.043670863,0
-4.966857,3.5805454,1.4044688,-0.98968995,0.026197731,-0.14081043,0
4.9144578,-2.5487642,0.041169643,0.98968995,-0.026197731,0.14081043,0
4.8311477,-2.5484023,1.8920631,0.98968995,-0.026197731,0.14081043,0
2.465034,4.5830927,-1.3893671,0.020226598,0.99884129,0.043670863,0
5.1244736,-0.16523743,-1.9635646,0.14179137,0.040372431,-0.98907298,0
5.0875111,0.96894693,-1.3357553,0.98968995,-0.026197731,0.14081043,0
2.9961505,-4.6621923,1.4570675,-0.020226598,-0.99884129,-0.043670863,0
4.4986863,-1.5643272,-2.1269739,0.14179137,0.040372431,-0.98907298,0
-1.8859946,-0.6666714,-2.9939988,0.14179137,0.040372431,-0.98907298,0
0.92668676,1.1846495,2.7742629,-0.14179137,-0.040372431,0.98907298,0
3.5202446,2.6505504,3.2752244,-0.14179137,-0.040372431,0.98907298,0
0.79889643,3.5375719,-2.3509252,0.14179137,0.040372431,-0.98907298,0
0.82016325,-4.4698362,-0.81684017,-0.020226598,-0.99884129,-0.043670863,0
-3.7252088,-1.8141141,-3.1026111,0.14179137,0.040372431,-0.98907298,0
-1.4619834,2.7032146,2.2691989,-0.14179137,-0.040372431,0.98907298,0
-4.8104711,0.66005492,-2.8276975,-0.98968995,0.026197731,-0.14081043,0
4.9002419,0.0022799969,2.1597521,0.98968995,-0.026197731,0.14081043,0
0.07524395,4.4393902,0.4409312,0.020226598,0.99884129,0.043670863,0
4.5818357,-2.5665622,2.7035978,0.98968995,-0.026197731,0.14081043,0
0.95670652,1.9080836,2.8621855,-0.14179137,-0.040372431,0.98907298,0
5.2170463,-1.5101602,-1.656482,0.14179137,0.040372431,-0.98907298,0
-0.49925232,-1.3291122,-2.7759757,0.14179137,0.040372431,-0.98907298,0
-4.8132639,-2.99262,-1.9344506,-0.98968995,0.026197731,-0.14081043,0
-1.6185021,-0.72903705,2.1297221,-0.14179137,-0.040372431,0.98907298,0
5.2231426,3.4236445,0.29088402,0.98968995,-0.026197731,0.14081043,0
-4.899034,3.3581223,-0.39655185,-0.98968995,0.026197731,-0.14081043,0
-3.3642344,-1.6126814,2.1071458,-0.14179137,-0.040372431,0.98907298,0
2.7051802,-0.61861736,2.9105635,-0.14179137,-0.040372431,0.98907298,0
3.9278355,-1.0866003,-2.1550481,0.14179137,0.040372431,-0.98907298,0
5.2086997,-0.29218149,-0.95243835,0.98968995,-0.026197731,0.14081043,0
2.012831,4.5302858,-0.46732974,0.020226598,0.99884129,0.043670863,0
2.7377853,4.5307307,1.9280229,0.020226598,0.99884129,0.043670863,0
-0.12325525,-3.6403222,2.5349514,-0.14179137,-0.040372431,0.98907298,0
-4.9815569,-3.0125246,-1.1644635,-0.98968995,0.026197731,-0.14081043,0
4.7367744,-0.82321823,3.0792284,0.98968995,-0.026197731,0.14081043,0
0.61718369,-0.77059269,-2.661232,0.14179137,0.040372431,-0.98907298,0
-1.6851246,4.5843978,-2.149091,0.020226598,0.99884129,0.043670863,0
5.1576405,4.2183971,0.42186689,0.98968995,-0.026197731,0.14081043,0
-0.14052534,4.3412395,2.4082646,0.020226598,0.99884129,0.043670863,0
-3.3002193,-2.3672941,-3.020422,0.14179137,0.040372431,-0.98907298,0
-5.0866661,1.091315,0.03578043,-0.98968995,0.026197731,-0.14081043,0
4.7317414,3.9939947,2.1347723,0.98968995,-0.026197731,0.14081043,0
4.669558,2.519634,2.1965737,0.98968995,-0.026197731,0.14081043,0
4.7099404,1.1810336,2.1916933,0.98968995,-0.026197731,0.14081043,0
-3.0824714,3.359406,-2.7307568,0.14179137,0.040372431,-0.98907298,0
-4.8267117,2.8253436,-2.4375176,-0.98968995,0.026197731,-0.14081043,0
4.702002,1.3694685,3.2186952,0.98968995,-0.026197731,0.14081043,0
-4.803709,-1.4085093,-2.8589315,-0.98968995,0.026197731,-0.14081043,0
0.74591541,4.4739046,0.036176205,0.020226598,0.99884129,0.043670863,0
5.2604403,-0.49693918,-0.27879238,0.98968995,-0.026197731,0.14081043,0
-3.338141,-4.4120827,0.87409067,-0.020226598,-0.99884129,-0.043670863,0
-3.0385168,-2.510709,1.9993091,-0.14179137,-0.040372431,0.98907298,0
-5.0584788,1.0445917,1.3569772,-0.98968995,0.026197731,-0.14081043,0
-0.60188937,-2.5074511,-2.6431143,0.14179137,0.040372431,-0.98907298,0
-4.8342166,2.650018,-1.7668407,-0.98968995,0.026197731,-0.14081043,0
-0.75606346,-2.0095315,2.5110519,-0.14179137,-0.040372431,0.98907298,0
0.22146749,-4.4279194,0.10030746,-0.020226598,-0.99884129,-0.043670863,0
-1.2616297,-3.6264091,2.0594847,-0.14179137,-0.040372431,0.98907298,0
5.3743706,4.5031199,-0.023237228,0.98968995,-0.026197731,0.14081043,0
-3.290287,4.6537309,2.3296525,0.020226598,0.99884129,0.043670863,0
4.4949403,-4.4599514,2.3301506,0.98968995,-0.026197731,0.14081043,0
1.3953204,4.550828,2.2819147,0.020226598,0.99884129,0.043670863,0
-1.8791897,-4.5264087,1.4103222,-0.020226598,-0.99884129,-0.043670863,0
-2.7545502,-4.2338729,-0.91528034,-0.020226598,-0.99884129,-0.043670863,0
5.152442,4.564827,-1.4921298,0.020226598,0.99884129,0.043670863,0
3.861717,-4.8004436,1.7428539,-0.020226598,-0.99884129,-0.043670863,0
4.7314692,-0.45827764,2.3705523,0.98968995,-0.026197731,0.14081043,0
1.9218841,4.4494381,-0.32254076,0.020226598,0.99884129,0.043670863,0
-3.7986834,-4.5759373,-1.0878935,-0.020226598,-0.99884129,-0.043670863,0
-4.7425795,-1.5780861,-1.9461422,-0.98968995,0.026197731,-0.14081043,0
5.421454,-1.2397099,-1.5348113,0.98968995,-0.026197731,0.14081043,0
-0.8261137,-0.7928164,2.4570169,-0.14179137,-0.040372431,0.98907298,0
2.8405485,-0.050891876,-1.960194,0.14179137,0.040372431,-0.98907298,0
-0.13243294,-3.4316146,-2.8344741,0.14179137,0.040372431,-0.98907298,0
3.088109,4.5434046,-0.90065145,0.020226598,0.99884129,0.043670863,0
-4.974721,-0.34405541,0.23244762,-0.98968995,0.026197731,-0.14081043,0
-0.99814105,3.4013836,-2.3755701,0.14179137,0.040372431,-0.98907298,0
-5.2726898,-1.2264049,0.68174505,-0.98968995,0.026197731,-0.14081043,0
-3.4361415,4.5861058,-1.0434206,0.020226598,0.99884129,0.043670863,0
5.2184663,2.9365518,-0.68871975,0.98968995,-0.026197731,0.14081043,0
-5.3413172,-0.37060928,1.7362514,-0.14179137,-0.040372431,0.98907298,0
0.077985287,0.41041446,-2.6490269,0.14179137,0.040372431,-0.98907298,0
-2.7752295,4.5503588,0.61179501,0.020226598,0.99884129,0.043670863,0
2.4409966,-4.6884899,-0.49111328,-0.020226598,-0.99884129,-0.043670863,0
5.0095758,-3.9697776,0.8735528,0.98968995,-0.026197731,0.14081043,0
0.21721971,-0.02001071,-2.2986081,0.14179137,0.040372431,-0.98907298,0
-0.14195681,4.2673197,1.0634601,0.020226598,0.99884129,0.043670863,0
2.2756193,2.6091106,-2.1608906,0.14179137,0.040372431,-0.98907298,0
-4.821435,1.0535614,-2.5051508,-0.98968995,0.026197731,-0.14081043,0
-5.2359133,2.8533807,1.5506854,-0.98968995,0.026197731,-0.14081043,0
4.2247524,4.1451077,2.9127579,0.020226598,0.99884129,0.043670863,0
4.574697,-2.8898785,1.8047166,0.98968995,-0.026197731,0.14081043,0
4.6518593,1.1461085,1.6313791,0.98968995,-0.026197731,0.14081043,0
5.0505009,3.662293,1.243135,0.98968995,-0.026197731,0.14081043,0
4.2291331,-1.8313653,-1.8301479,0.14179137,0.040372431,-0.98907298,0
3.7261496,4.556509,1.0497379,0.020226598,0.99884129,0.043670863,0
4.5587378,-4.5717688,1.8434572,-0.020226598,-0.99884129,-0.043670863,0
-3.9486635,-4.5034409,-0.2596612,-0.020226598,-0.99884129,-0.043670863,0
-1.2417369,0.0090910196,-2.5471039,0.14179137,0.040372431,-0.98907298,0
2.6304798,-3.0330329,2.7641127,-0.14179137,-0.040372431,0.98907298,0
-5.0273728,-1.4746737,-0.027383327,-0.98968995,0.026197731,-0.14081043,0
3.7394705,-4.5490174,-1.1473435,-0.020226598,-0.99884129,-0.043670863,0
3.5939534,4.3894958,1.5205245,0.020226598,0.99884129,0.043670863,0
-5.2399602,-2.673028,0.34790611,-0.98968995,0.026197731,-0.14081043,0
4.7081165,-3.0842414,2.3601406,0.98968995,-0.026197731,0.14081043,0
-5.1170282,4.4611092,0.17905879,-0.98968995,0.026197731,-0.14081043,0
3.3319991,-4.70222,2.7982435,-0.14179137,-0.040372431,0.98907298,0
-2.4840624,-2.8159719,-2.9153078,0.14179137,0.040372431,-0.98907298,0
-5.2924547,4.1917729,1.3642375,-0.98968995,0.026197731,-0.14081043,0
-4.6597166,2.1667252,-2.5559793,-0.98968995,0.026197731,-0.14081043,0
-0.45033741,4.4309359,2.1348403,0.020226598,0.99884129,0.043670863,0
3.5313592,4.349113,2.3698325,0.020226598,0.99884129,0.043670863,0
-2.75564,-4.5521879,1.9961779,-0.020226598,-0.99884129,-0.043670863,0
5.0396872,-2.62692,0.1130805,0.98968995,-0.026197731,0.14081043,0
5.2555051,4.1795502,-1.4284177,0.98968995,-0.026197731,0.14081043,0
-1.1853133,-0.91179252,-2.562115,0.14179137,0.040372431,-0.98907298,0
3.0612812,4.3756046,-0.026329994,0.020226598,0.99884129,0.043670863,0
1.473413,-4.4849215,0.23608261,-0.020226598,-0.99884129,-0.043670863,0
4.8364334,-2.9886792,0.33745384,0.98968995,-0.026197731,0.14081043,0
-1.091608,4.7777281,-2.3759418,0.020226598,0.99884129,0.043670863,0
-0.4836939,0.74671912,-2.4997039,0.14179137,0.040372431,-0.98907298,0
-5.2073102,3.5235968,1.0590932,-0.98968995,0.026197731,-0.14081043,0
1.3979629,-3.6034539,2.68751,-0.14179137,-0.040372431,0.98907298,0
-0.75957012,3.0489907,2.4903362,-0.14179137,-0.040372431,0.98907298,0
-2.511138,4.7292442,-1.8491986,0.020226598,0.99884129,0.043670863,0
1.71486,1.9332252,-2.403914,0.14179137,0.040372431,-0.98907298,0
-4.3356261,1.5164335,1.9741008,-0.14179137,-0.040372431,0.98907298,0
2.2233305,-4.4390054,1.339673,-0.020226598,-0.99884129,-0.043670863,0
-3.7505903,-2.5826299,1.9025686,-0.14179137,-0.040372431,0.98907298,0
0.46908033,0.78054082,2.5616105,-0.14179137,-0.040372431,0.98907298,0
-4.6713943,-2.0408032,-2.1959968,-0.98968995,0.026197731,-0.14081043,0
-3.6868448,-4.4665184,0.64538527,-0.020226598,-0.99884129,-0.043670863,0
-4.683898,-2.1300793,-2.8432918,-0.98968995,0.026197731,-0.14081043,0
-1.393784,-4.3731265,-0.82082415,-0.020226598,-0.99884129,-0.043670863,0
-3.1406286,2.5352757,2.0211375,-0.14179137,-0.040372431,0.98907298,0
1.4631462,4.710856,-0.88967037,0.020226598,0.99884129,0.043670863,0
-4.4042211,-2.0386326,1.9240077,-0.14179137,-0.040372431,0.98907298,0
-2.4118178,4.6015716,-0.92489672,0.020226598,0.99884129,0.043670863,0
4.9396758,-4.3596349,-0.25857401,0.98968995,-0.026197731,0.14081043,0
1.0642247,-4.5029297,0.52186948,-0.020226598,-0.99884129,-0.043670863,0
-1.6510488,1.6518238,-2.6270709,0.14179137,0.040372431,-0.98907298,0
-2.6958709,-4.6324892,1.4074132,-0.020226598,-0.99884129,-0.043670863,0
-4.0161324,-1.8225327,2.0058479,-0.14179137,-0.040372431,0.98907298,0
3.5383546,-4.5737867,1.7248769,-0.020226598,-0.99884129,-0.043670863,0
0.95066357,-2.6242898,2.6916704,-0.14179137,-0.040372431,0.98907298,0
-4.0354137,1.1810303,-2.9586477,0.14179137,0.040372431,-0.98907298,0
-0.10570192,-4.4101176,2.2281184,-0.14179137,-0.040372431,0.98907298,0
-1.9152741,4.4103994,2.2287033,0.020226598,0.99884129,0.043670863,0
2.5858042,2.8012333,-2.043112,0.14179137,0.040372431,-0.98907298,0
-4.2715297,-4.3421016,0.59088802,-0.020226598,-0.99884129,-0.043670863,0
1.8219669,-4.378685,0.4098371,-0.020226598,-0.99884129,-0.043670863,0
3.6071033,1.4124115,3.191534,-0.14179137,-0.040372431,0.98907298,0
-4.9740067,-2.2568357,-1.6785994,-0.98968995,0.026197731,-0.14081043,0
-0.014145374,4.7062669,-1.4842217,0.020226598,0.99884129,0.043670863,0
-3.0176845,-4.3777084,-2.3416481,-0.020226598,-0.99884129,-0.043670863,0
-3.5230782,3.52267,2.3074796,-0.14179137,-0.040372431,0.98907298,0
-4.9087005,-0.70002508,1.7759039,-0.14179137,-0.040372431,0.98907298,0
-5.239922,3.1961236,1.6873081,-0.98968995,0.026197731,-0.14081043,0
-2.6043377,0.044644833,2.0930834,-0.14179137,-0.040372431,0.98907298,0
-4.9326868,3.3458617,-0.16446161,-0.98968995,0.026197731,-0.14081043,0
1.6359497,-0.73391986,-2.1751542,0.14179137,0.040372431,-0.98907298,0
-1.5774184,-0.95097089,2.0681498,-0.14179137,-0.040372431,0.98907298,0
-4.1819754,4.6660061,-3.0198936,0.14179137,0.040372431,-0.98907298,0
1.1092064,4.5693331,-0.29177189,0.020226598,0.99884129,0.043670863,0
-1.0920615,4.6168399,0.28505683,0.020226598,0.99884129,0.043670863,0
5.3077312,2.7022243,-0.28785944,0.98968995,-0.026197731,0.14081043,0
4.8224745,-2.7462268,0.95153427,0.98968995,-0.026197731,0.14081043,0
-1.0407252,-0.5680728,2.4847186,-0.14179137,-0.040372431,0.98907298,0
3.6674685,2.6132853,-1.911649,0.14179137,0.040372431,-0.98907298,0
-1.7787814,1.0593473,-2.7920113,0.14179137,0.040372431,-0.98907298,0
4.7466488,0.74068463,0.9813509,0.98968995,-0.026197731,0.14081043,0
2.964026,-3.9448714,2.8085654,-0.14179137,-0.040372431,0.98907298,0
-0.76676273,-3.4843085,-2.7217371,0.14179137,0.040372431,-0.98907298,0
4.9905438,-4.1580887,-0.80236936,0.98968995,-0.026197731,0.14081043,0
-4.8626614,-0.23148203,-1.793443,-0.98968995,0.026197731,-0.14081043,0
2.4279301,4.3203588,1.3134968,0.020226598,0.99884129,0.043670863,0
-4.8193111,-0.92334914,-0.60488939,-0.98968995,0.026197731,-0.14081043,0
5.1345067,3.5947411,-0.86594629,0.98968995,-0.026197731,0.14081043,0
-4.4447737,-4.3391752,1.3318119,-0.020226598,-0.99884129,-0.043670863,0
5.0176091,-1.4228795,-0.88300633,0.98968995,-0.026197731,0.14081043,0
4.9834633,-4.3273735,0.08683753,0.98968995,-0.026197731,0.14081043,0
-2.5586903,0.86166787,2.0038886,-0.14179137,-0.040372431,0.98907298,0
4.3980675,1.0382011,3.331995,-0.14179137,-0.040372431,0.98907298,0
4.6486945,-0.53792679,3.0882199,-0.14179137,-0.040372431,0.98907298,0
0.9668051,2.7651081,-2.24962,0.14179137,0.040372431,-0.98907298,0
-2.6045117,4.5101752,2.404994,-0.14179137,-0.040372431,0.98907298,0
-1.9162107,4.2794733,1.4912885,0.020226598,0.99884129,0.043670863,0
5.188446,-2.3856559,-0.38884401,0.98968995,-0.026197731,0.14081043,0
-5.2788877,-4.4570904,-0.35217571,-0.98968995,0.026197731,-0.14081043,0
-2.1504583,-3.0305734,2.2309794,-0.14179137,-0.040372431,0.98907298,0
-4.941637,-1.5843236,-2.2140098,-0.98968995,0.026197731,-0.14081043,0
4.9077587,-0.18338823,1.7858567,0.98968995,-0.026197731,0.14081043,0
-0.1983335,0.60020161,2.6290302,-0.14179137,-0.040372431,0.98907298,0
-2.1058855,4.5531178,2.1554246,0.020226598,0.99884129,0.043670863,0
4.9783049,-0.036006451,0.85183573,0.98968995,-0.026197731,0.14081043,0
-2.3868155,-4.3752737,0.98936915,-0.020226598,-0.99884129,-0.043670863,0
4.8569131,-1.8054262,-0.014059067,0.98968995,-0.026197731,0.14081043,0
5.133853,4.1146951,0.95489979,0.98968995,-0.026197731,0.14081043,0
3.2299905,-3.1987002,-2.0372562,0.14179137,0.040372431,-0.98907298,0
-4.4188652,0.26559925,2.0494478,-0.14179137,-0.040372431,0.98907298,0
-5.4472957,-0.56098509,1.3923149,-0.98968995,0.026197731,-0.14081043,0
1.8976259,-4.5188599,2.3552699,-0.020226598,-0.99884129,-0.043670863,0
-0.29825974,-4.1800461,-2.8781245,0.14179137,0.040372431,-0.98907298,0
-2.1890483,4.4883323,2.2683535,0.020226598,0.99884129,0.043670863,0
3.5952487,-4.4047508,-0.13126445,-0.020226598,-0.99884129,-0.043670863,0
0.89135408,4.274972,0.90781164,0.020226598,0.99884129,0.043670863,0
-1.3891706,-4.5654373,0.048480749,-0.020226598,-0.99884129,-0.043670863,0
4.9736829,-4.5727663,-1.589922,-0.020226598,-0.99884129,-0.043670863,0
3.0518336,-4.5451975,0.90719295,-0.020226598,-0.99884129,-0.043670863,0
5.108202,-2.4073455,-1.8592889,0.98968995,-0.026197731,0.14081043,0
-0.033559322,-4.3519497,-1.3858466,-0.020226598,-0.99884129,-0.043670863,0
5.0198326,-1.1143324,-0.47262526,0.98968995,-0.026197731,0.14081043,0
4.9118881,-0.38796842,2.238189,0.98968995,-0.026197731,0.14081043,0
-2.276171,3.227495,2.3427463,-0.14179137,-0.040372431,0.98907298,0
-4.5817418,2.3694475,-2.3833232,-0.98968995,0.026197731,-0.14081043,0
-1.5631617,-0.64495063,2.1432781,-0.14179137,-0.040372431,0.98907298,0
4.9044337,0.26419544,-0.22264671,0.98968995,-0.026197731,0.14081043,0
0.33627462,-4.3910565,-0.10114002,-0.020226598,-0.99884129,-0.043670863,0
2.8628693,1.9351807,-2.2098465,0.14179137,0.040372431,-0.98907298,0
-0.73246384,-3.6995649,2.1280556,-0.14179137,-0.040372431,0.98907298,0
4.4830074,-4.5002146,-1.8042505,-0.020226598,-0.99884129,-0.043670863,0
-3.2150538,0.5564568,2.2495909,-0.14179137,-0.040372431,0.98907298,0
-3.5869541,-4.6065602,1.4696293,-0.020226598,-0.99884129,-0.043670863,0
4.9848719,0.38277483,-1.9845555,0.14179137,0.040372431,-0.98907298,0
2.49124,-0.55113482,2.692678,-0.14179137,-0.040372431,0.98907298,0
0.89487171,-4.2739987,-2.4585075,-0.020226598,-0.99884129,-0.043670863,0
1.046401,4.7214437,-1.7839055,0.020226598,0.99884129,0.043670863,0
4.944468,0.80403948,-0.38397312,0.98968995,-0.026197731,0.14081043,0
0.1215601,-4.5072842,-0.54640114,-0.020226598,-0.99884129,-0.043670863,0
-4.2660713,3.8402557,-3.1758275,0.14179137,0.040372431,-0.98907298,0
3.6619961,-4.63377,1.8932395,-0.020226598,-0.99884129,-0.043670863,0
-2.1343365,4.6549616,1.2259433,0.020226598,0.99884129,0.043670863,0
3.1932993,4.3173103,2.6916447,0.020226598,0.99884129,0.043670863,0
0.4776783,4.6902099,-0.57551622,0.020226598,0.99884129,0.043670863,0
-1.1500349,4.5485444,-1.0310088,0.020226598,0.99884129,0.043670863,0
0.6935606,-4.426949,-1.151527,-0.020226598,-0.99884129,-0.043670863,0
-3.1833167,-1.4870065,-3.169328,0.14179137,0.040372431,-0.98907298,0
0.87520105,-0.70918059,2.7916481,-0.14179137,-0.040372431,0.98907298,0
4.8984966,-1.5890112,1.1432691,0.98968995,-0.026197731,0.14081043,0
-1.6527156,2.1730134,-2.8139195,0.14179137,0.040372431,-0.98907298,0
4.0965548,4.4220953,1.5401311,0.020226598,0.99884129,0.043670863,0
5.219183,0.27851391,-0.7949872,0.98968995,-0.026197731,0.14081043,0
-2.9309545,-4.1795406,-3.0333114,0.14179137,0.040372431,-0.98907298,0
5.2811985,-0.72781467,-1.3452678,0.98968995,-0.026197731,0.14081043,0
4.1665368,-4.6062298,0.41641939,-0.020226598,-0.99884129,-0.043670863,0
-3.6362963,-1.561537,-2.919559,0.14179137,0.040372431,-0.98907298,0
4.959374,2.0367391,1.8459492,0.98968995,-0.026197731,0.14081043,0
4.9982266,0.050014973,-0.85535765,0.98968995,-0.026197731,0.14081043,0
4.9304943,2.8936832,0.049136639,0.98968995,-0.026197731,0.14081043,0
0.28263545,4.7492595,-1.8846754,0.020226598,0.99884129,0.043670863,0
-5.3126993,3.380712,1.3583436,-0.98968995,0.026197731,-0.14081043,0
-1.239675,-4.2789164,-0.30181289,-0.020226598,-0.99884129,-0.043670863,0
-4.9044952,3.4981914,-0.4735992,-0.98968995,0.026197731,-0.14081043,0
5.0801067,3.9995823,0.1741991,0.98968995,-0.026197731,0.14081043,0
-1.859376,-4.5130043,-1.776896,-0.020226598,-0.99884129,-0.043670863,0
3.4681151,4.5244355,-0.17704821,0.020226598,0.99884129,0.043670863,0
-5.0833573,1.310986,1.8520839,-0.98968995,0.026197731,-0.14081043,0
-3.9462345,4.6383743,1.0614114,0.020226598,0.99884129,0.043670863,0
0.6737324,0.50983822,2.5546727,-0.14179137,-0.040372431,0.98907298,0
4.7665553,4.3394508,-1.8068018,0.14179137,0.040372431,-0.98907298,0
-1.3603024,4.407042,2.3118997,0.020226598,0.99884129,0.043670863,0
-1.1475837,4.7324429,-1.2756842,0.020226598,0.99884129,0.043670863,0
4.5871916,1.9632223,-1.8075938,0.14179137,0.040372431,-0.98907298,0
-3.7789321,2.1504622,2.024816,-0.14179137,-0.040372431,0.98907298,0
3.6780968,1.1693323,3.1571441,-0.14179137,-0.040372431,0.98907298,0
2.4826508,3.3561673,2.9551084,-0.14179137,-0.040372431,0.98907298,0
-4.7211561,-2.1198411,-2.9340963,-0.98968995,0.026197731,-0.14081043,0
1.7732162,4.0026054,3.0428059,-0.14179137,-0.040372431,0.98907298,0
0.54692531,4.1688919,-2.2589717,0.14179137,0.040372431,-0.98907298,0
-4.723608,4.3521609,-0.48360515,-0.98968995,0.026197731,-0.14081043,0
4.7079506,-4.6618385,-1.1169931,-0.020226598,-0.99884129,-0.043670863,0
-0.65761006,3.1125836,-2.3612752,0.14179137,0.040372431,-0.98907298,0
-1.94539,-3.9123743,2.0637786,-0.14179137,-0.040372431,0.98907298,0
1.5119557,-4.5437169,-2.0282941,-0.020226598,-0.99884129,-0.043670863,0
-5.1408982,-2.1153021,0.79467201,-0.98968995,0.026197731,-0.14081043,0
0.40816736,4.7166481,-2.2290759,0.020226598,0.99884129,0.043670863,0
-3.460597,-4.2565374,-1.4762483,-0.020226598,-0.99884129,-0.043670863,0
-5.0527892,-1.9659147,0.4784317,-0.98968995,0.026197731,-0.14081043,0
2.2268343,-3.2188654,-2.3890312,0.14179137,0.040372431,-0.98907298,0
3.3782291,-0.22034007,2.8456416,-0.14179137,-0.040372431,0.98907298,0
-4.6373405,3.5236316,-2.0700748,-0.98968995,0.026197731,-0.14081043,0
-2.9074557,3.1545093,2.3001864,-0.14179137,-0.040372431,0.98907298,0
4.666584,-3.4528382,0.86821461,0.98968995,-0.026197731,0.14081043,0
4.2559299,2.1735039,3.2907979,-0.14179137,-0.040372431,0.98907298,0
-4.2155175,-0.64886236,1.7260938,-0.14179137,-0.040372431,0.98907298,0
-3.6887534,-4.2685986,-3.1614876,-0.020226598,-0.99884129,-0.043670863,0
-4.6538191,3.5289328,-0.97672462,-0.98968995,0.026197731,-0.14081043,0
2.420886,-3.9384286,2.8293762,-0.14179137,-0.040372431,0.98907298,0
2.3078694,4.4298582,1.6868215,0.020226598,0.99884129,0.043670863,0
1.3616276,4.5337496,2.7707262,0.020226598,0.99884129,0.043670863,0
0.15450859,0.97639763,2.4536672,-0.14179137,-0.040372431,0.98907298,0
-3.0056543,-2.97995,2.1451681,-0.14179137,-0.040372431,0.98907298,0
-4.8308077,4.3863497,1.9797024,0.020226598,0.99884129,0.043670863,0
-4.9106736,-2.3787241,-0.98752975,-0.98968995,0.026197731,-0.14081043,0
-4.8132868,3.1398184,-1.2690611,-0.98968995,0.026197731,-0.14081043,0
3.0969203,-4.4445825,1.596578,-0.020226598,-0.99884129,-0.043670863,0
0.56048441,4.6170969,-1.8439808,0.020226598,0.99884129,0.043670863,0
0.9434371,-4.6252732,1.7168288,-0.020226598,-0.99884129,-0.043670863,0
5.3581462,1.7505307,-0.52006435,0.98968995,-0.026197731,0.14081043,0
-5.3206882,-1.243659,1.1470938,-0.98968995,0.026197731,-0.14081043,0
-4.7840238,-4.2227612,-1.3865423,-0.98968995,0.026197731,-0.14081043,0
5.4976249,3.4918687,-1.1143918,0.98968995,-0.026197731,0.14081043,0
-5.3268456,4.3256502,1.4166801,-0.98968995,0.026197731,-0.14081043,0
-1.4578743,4.6744785,0.24827665,0.020226598,0.99884129,0.043670863,0
-0.74947548,-4.2750621,-2.1224802,-0.020226598,-0.99884129,-0.043670863,0
3.8307793,-4.3797622,-0.81055474,-0.020226598,-0.99884129,-0.043670863,0
-4.5994611,1.3753653,-2.9766912,-0.98968995,0.026197731,-0.14081043,0
-0.33065152,2.0885253,2.5054834,-0.14179137,-0.040372431,0.98907298,0
-5.1003466,-4.2885399,-0.90744829,-0.98968995,0.026197731,-0.14081043,0
-5.0061998,2.7107463,0.94725418,-0.98968995,0.026197731,-0.14081043,0
-5.1271892,-3.5089455,-1.0135136,-0.98968995,0.026197731,-0.14081043,0
0.0077824593,4.555325,2.3769825,0.020226598,0.99884129,0.043670863,0
-1.2105732,-4.2173367,-2.4487374,-0.020226598,-0.99884129,-0.043670863,0
-4.8563108,-3.8944969,-3.2273402,-0.98968995,0.026197731,-0.14081043,0
-2.1977682,0.23476696,2.4203417,-0.14179137,-0.040372431,0.98907298,0
0.92013192,0.35455525,2.5755949,-0.14179137,-0.040372431,0.98907298,0
1.7617929,-3.3656836,-2.2123678,0.14179137,0.040372431,-0.98907298,0
4.8977232,-1.1142102,0.58209562,0.98968995,-0.026197731,0.14081043,0
4.8387651,-4.0808158,1.2451086,0.98968995,-0.026197731,0.14081043,0
-3.2951171,4.8157282,-1.45637,0.020226598,0.99884129,0.043670863,0
0.73581696,3.3360157,2.7013388,-0.14179137,-0.040372431,0.98907298,0
-2.275372,0.99021024,-2.8852065,0.14179137,0.040372431,-0.98907298,0
3.2232451,4.1011376,3.0833693,-0.14179137,-0.040372431,0.98907298,0
-0.21666765,4.4776974,0.77218974,0.020226598,0.99884129,0.043670863,0
4.153336,-2.132395,2.9263728,-0.14179137,-0.040372431,0.98907298,0
-3.9990931,-0.090842724,1.7859972,-0.14179137,-0.040372431,0.98907298,0
-3.3601916,-3.7298408,1.8741972,-0.14179137,-0.040372431,0.98907298,0
4.0719523,4.342557,-0.8111701,0.020226598,0.99884129,0.043670863,0
5.3226471,-2.1141009,-1.2230823,0.98968995,-0.026197731,0.14081043,0
0.75292253,-4.7185707,0.42726934,-0.020226598,-0.99884129,-0.043670863,0
4.4545131,2.8544266,-1.6917548,0.14179137,0.040372431,-0.98907298,0
2.0523267,-4.3128242,-1.1290088,-0.020226598,-0.99884129,-0.043670863,0
-4.6353307,0.94176102,2.034086,-0.14179137,-0.040372431,0.98907298,0
-1.4869709,4.6419592,-0.080901325,0.020226598,0.99884129,0.043670863,0
4.2845669,4.2655096,1.5012007,0.020226598,0.99884129,0.043670863,0
2.9386601,-4.8230605,1.4699757,-0.020226598,-0.99884129,-0.043670863,0
4.1919093,2.8630419,-1.6966691,0.14179137,0.040372431,-0.98907298,0
1.9699085,-4.7510457,1.8146527,-0.020226598,-0.99884129,-0.043670863,0
5.0374141,1.9609232,1.2494197,0.98968995,-0.026197731,0.14081043,0
-3.508893,-4.2831287,-1.1922908,-0.020226598,-0.99884129,-0.043670863,0
4.9525304,0.54412794,-0.42650223,0.98968995,-0.026197731,0.14081043,0
-5.0740213,2.7316697,0.57522249,-0.98968995,0.026197731,-0.14081043,0
-4.8853488,0.51785123,-1.0634139,-0.98968995,0.026197731,-0.14081043,0
2.498251,-4.3639083,-0.82959592,-0.020226598,-0.99884129,-0.043670863,0
-4.8834028,-2.345118,-2.4730649,-0.98968995,0.026197731,-0.14081043,0
-5.1200023,-3.7588046,-1.569406,-0.98968995,0.026197731,-0.14081043,0
-2.6824181,-4.4428954,-0.71725321,-0.020226598,-0.99884129,-0.043670863,0
-1.025668,1.0137961,-2.5145144,0.14179137,0.040372431,-0.98907298,0
-1.3338468,4.4600282,-1.8653117,0.020226598,0.99884129,0.043670863,0
5.038475,-3.5351768,-0.11214137,0.98968995,-0.026197731,0.14081043,0
1.0233021,4.3311043,0.5370543,0.020226598,0.99884129,0.043670863,0
3.3762205,-4.3047419,-2.2078576,-0.020226598,-0.99884129,-0.043670863,0
0.33664465,-4.4283857,-0.41411579,-0.020226598,-0.99884129,-0.043670863,0
1.8373362,1.6833344,-2.0795472,0.14179137,0.040372431,-0.98907298,0
0.59442663,4.3775759,1.0851882,0.020226598,0.99884129,0.043670863,0
4.3844972,-4.7767248,0.19715607,-0.020226598,-0.99884129,-0.043670863,0
-4.9496903,2.7567892,-1.133146,-0.98968995,0.026197731,-0.14081043,0
-4.5435634,2.0634964,-1.8957446,-0.98968995,0.026197731,-0.14081043,0
-2.4729931,-0.50802326,2.014158,-0.14179137,-0.040372431,0.98907298,0
3.5275686,-4.4223223,-1.7825966,-0.020226598,-0.99884129,-0.043670863,0
4.929666,-3.8508048,-0.88645864,0.98968995,-0.026197731,0.14081043,0
-1.4767537,4.630734,2.3487105,0.020226598,0.99884129,0.043670863,0
4.1850171,1.5078664,2.9871392,-0.14179137,-0.040372431,0.98907298,0
4.8956428,0.41351008,2.5378687,0.98968995,-0.026197731,0.14081043,0
4.244874,1.9740257,-1.8744495,0.14179137,0.040372431,-0.98907298,0
4.7527156,0.75808442,1.4604335,0.98968995,-0.026197731,0.14081043,0
-5.1498995,-0.42980266,0.30980539,-0.98968995,0.026197731,-0.14081043,0
2.2236207,-1.9638593,-2.3505297,0.14179137,0.040372431,-0.98907298,0
-3.4692173,4.6801653,-0.59453762,0.020226598,0.99884129,0.043670863,0
4.422647,4.4925842,1.2408834,0.020226598,0.99884129,0.043670863,0
4.2515054,4.5952439,0.34464598,0.020226598,0.99884129,0.043670863,0
1.3061423,4.4994249,-0.76770544,0.020226598,0.99884129,0.043670863,0
-4.6116743,1.6071427,-2.7011967,-0.98968995,0.026197731,-0.14081043,0
-5.0701275,3.6203163,1.613884,-0.98968995,0.026197731,-0.14081043,0
4.5353975,-1.7189856,2.0991752,0.98968995,-0.026197731,0.14081043,0
5.2027445,-0.15010858,-0.25712204,0.98968995,-0.026197731,0.14081043,0
-5.1271992,-2.2236419,-0.75839233,-0.98968995,0.026197731,-0.14081043,0
0.057993889,-4.4465857,1.0250062,-0.020226598,-0.99884129,-0.043670863,0
0.79485798,4.2605586,2.0605297,0.020226598,0.99884129,0.043670863,0
-4.8274879,-1.3728511,-1.7186847,-0.98968995,0.026197731,-0.14081043,0
-5.1806426,2.2588112,1.5406795,-0.98968995,0.026197731,-0.14081043,0
-1.6253433,-4.6398911,0.49262547,-0.020226598,-0.99884129,-0.043670863,0
4.1522341,-4.5682726,-1.3095345,-0.020226598,-0.99884129,-0.043670863,0
4.0986648,-3.4870272,-2.1745577,0.14179137,0.040372431,-0.98907298,0
4.8022375,1.1190978,2.8233421,0.98968995,-0.026197731,0.14081043,0
4.8351974,3.7713914,3.0639911,0.98968995,-0.026197731,0.14081043,0
-3.4962564,-4.1600227,-3.3346395,0.14179137,0.040372431,-0.98907298,0
4.9179187,-3.6219025,0.57487464,0.98968995,-0.026197731,0.14081043,0
-0.58986169,-0.32086253,2.5568271,-0.14179137,-0.040372431,0.98907298,0
-4.8772969,-2.6903617,-1.0459948,-0.98968995,0.026197731,-0.14081043,0
-4.8580189,-3.8783579,-2.4043593,-0.98968995,0.026197731,-0.14081043,0
-1.5737691,4.5577755,1.0577698,0.020226598,0.99884129,0.043670863,0
-5.2024364,-0.90106082,1.0984292,-0.98968995,0.026197731,-0.14081043,0
4.6531286,3.4034967,2.8882651,0.98968995,-0.026197731,0.14081043,0
-3.9587541,-4.3276634,-0.85472965,-0.020226598,-0.99884129,-0.043670863,0
4.5649366,-0.27845156,2.0496597,0.98968995,-0.026197731,0.14081043,0
-5.0027347,3.2956023,0.20237923,-0.98968995,0.026197731,-0.14081043,0
4.5144157,0.24980158,2.5940928,0.98968995,-0.026197731,0.14081043,0
-3.1706679,-3.9259083,-3.1458397,0.14179137,0.040372431,-0.98907298,0
-4.5065322,2.3530297,-2.1697145,-0.98968995,0.026197731,-0.14081043,0
-1.1807083,-2.0460792,2.2380702,-0.14179137,-0.040372431,0.98907298,0
0.31747055,-3.1585512,-2.596751,0.14179137,0.040372431,-0.98907298,0
4.8048611,1.8949823,1.4586611,0.98968995,-0.026197731,0.14081043,0
-2.5590868,-4.4454217,-1.2253275,-0.020226598,-0.99884129,-0.043670863,0
-4.8579044,4.4706926,1.376349,0.020226598,0.99884129,0.043670863,0
-1.3871264,0.78623462,2.2126827,-0.14179137,-0.040372431,0.98907298,0
2.7768962,-4.7595167,1.1402801,-0.020226598,-0.99884129,-0.043670863,0
0.53026295,-4.3995299,-0.060377836,-0.020226598,-0.99884129,-0.043670863,0
-4.9171848,1.8124504,-0.22431946,-0.98968995,0.026197731,-0.14081043,0
3.3288012,4.4773741,-0.77554846,0.020226598,0.99884129,0.043670863,0
-1.5168734,3.6816807,2.6135716,-0.14179137,-0.040372431,0.98907298,0
-4.7851772,0.17100644,-1.1090746,-0.98968995,0.026197731,-0.14081043,0
-3.2200091,2.7900121,2.2123697,-0.14179137,-0.040372431,0.98907298,0
-1.1361418,-4.2683496,-2.4819961,-0.020226598,-0.99884129,-0.043670863,0
-5.1582022,3.547121,1.5244613,-0.98968995,0.026197731,-0.14081043,0
5.0806541,-1.9563593,0.13061357,0.98968995,-0.026197731,0.14081043,0
-2.3810666,-4.5390916,-1.4000943,-0.020226598,-0.99884129,-0.043670863,0
2.8282146,-0.89628363,2.8226829,-0.14179137,-0.040372431,0.98907298,0
4.8419075,-0.40756792,2.2625604,0.98968995,-0.026197731,0.14081043,0
5.19666,-1.3949878,-1.2877908,0.98968995,-0.026197731,0.14081043,0
-2.462132,-3.7818151,-3.2115753,0.14179137,0.040372431,-0.98907298,0
-5.2824531,2.6396847,1.1819162,-0.98968995,0.026197731,-0.14081043,0
2.3544991,-4.4268589,-0.72846735,-0.020226598,-0.99884129,-0.043670863,0
4.2420568,0.3989051,3.0688081,-0.14179137,-0.040372431,0.98907298,0
-4.9104066,2.1708252,-0.10766172,-0.98968995,0.026197731,-0.14081043,0
1.4325737,3.797863,-2.3340659,0.14179137,0.040372431,-0.98907298,0
2.3006406,-4.6666813,0.40447998,-0.020226598,-0.99884129,-0.043670863,0
0.1908884,-1.7782795,-2.7622325,0.14179137,0.040372431,-0.98907298,0
-1.0624495,4.705307,0.25205731,0.020226598,0.99884129,0.043670863,0
-1.2432103,-4.2855701,-0.92798114,-0.020226598,-0.99884129,-0.043670863,0
-0.63445401,4.646708,-1.8775002,0.020226598,0.99884129,0.043670863,0
2.6124096,-4.6062255,-0.29231417,-0.020226598,-0.99884129,-0.043670863,0
-4.6122751,2.1336524,-2.0500829,-0.98968995,0.026197731,-0.14081043,0
-2.6714048,-4.2421212,-2.8501565,-0.020226598,-0.99884129,-0.043670863,0
4.4138546,-2.7408681,2.7521369,0.98968995,-0.026197731,0.14081043,0
5.0603685,-1.5591583,-1.6710861,0.98968995,-0.026197731,0.14081043,0
-4.7338619,-4.1242285,-1.610486,-0.98968995,0.026197731,-0.14081043,0
-5.1437907,4.0179219,0.46791792,-0.98968995,0.026197731,-0.14081043,0
-3.2716994,-4.2732167,-2.3440094,-0.020226598,-0.99884129,-0.043670863,0
5.3837256,-0.59591198,-1.4803562,0.98968995,-0.026197731,0.14081043,0
0.50239599,0.7713902,-2.58567,0.14179137,0.040372431,-0.98907298,0
0.43682313,4.5316944,-0.70875216,0.020226598,0.99884129,0.043670863,0
-2.4276838,4.5618582,-2.3290579,0.020226598,0.99884129,0.043670863,0
-4.2948966,4.7800517,-0.42451894,0.020226598,0.99884129,0.043670863,0
2.1552234,-0.39003849,2.9079049,-0.14179137,-0.040372431,0.98907298,0
-0.16296911,3.4653232,2.4780219,-0.14179137,-0.040372431,0.98907298,0
-3.5216246,-2.2287521,-3.0231099,0.14179137,0.040372431,-0.98907298,0
4.8845582,-2.064692,1.3615103,0.98968995,-0.026197731,0.14081043,0
-3.0144289,4.6212959,0.39393878,0.020226598,0.99884129,0.043670863,0
0.75912595,-1.786064,-2.6676898,0.14179137,0.040372431,-0.98907298,0
3.7920718,-4.7961259,2.8530056,-0.14179137,-0.040372431,0.98907298,0
0.65252364,-1.7590237,2.6118729,-0.14179137,-0.040372431,0.98907298,0
0.40962505,4.5173025,2.0411329,0.020226598,0.99884129,0.043670863,0
-4.8308501,0.56655192,-0.3835783,-0.98968995,0.026197731,-0.14081043,0
-4.8329992,1.651289,-1.152386,-0.98968995,0.026197731,-0.14081043,0
0.48624706,4.1893039,-2.4805512,0.14179137,0.040372431,-0.98907298,0
-4.8762436,1.7202592,-2.0430605,-0.98968995,0.026197731,-0.14081043,0
-2.6365933,-1.2249508,1.9490907,-0.14179137,-0.040372431,0.98907298,0
5.3321743,-2.7824612,-1.803061,0.98968995,-0.026197731,0.14081043,0
-5.2526846,-4.2541885,1.2082186,-0.98968995,0.026197731,-0.14081043,0
-4.5912151,4.2925372,-1.7617631,-0.98968995,0.026197731,-0.14081043,0
-4.6306362,-0.62400293,1.8920619,-0.14179137,-0.040372431,0.98907298,0
4.767508,-4.4587674,0.74407363,0.98968995,-0.026197731,0.14081043,0
-3.8344076,-4.5488529,-0.14840364,-0.020226598,-0.99884129,-0.043670863,0
-4.2750025,4.5874915,-1.0717262,0.020226598,0.99884129,0.043670863,0
4.9838972,1.0701783,-0.37529087,0.98968995,-0.026197731,0.14081043,0
2.3418369,-2.9100647,-2.4394791,0.14179137,0.040372431,-0.98907298,0
-3.9227064,4.8118305,-2.4518037,0.020226598,0.99884129,0.043670863,0
-4.6419396,3.0274284,-1.6137927,-0.98968995,0.026197731,-0.14081043,0
-5.2407694,-0.48274446,0.079303741,-0.98968995,0.026197731,-0.14081043,0
-0.24199343,4.6400762,0.033255935,0.020226598,0.99884129,0.043670863,0
3.9747422,0.68580198,-1.8636787,0.14179137,0.040372431,-0.98907298,0
0.7852602,-4.4937253,2.2542295,-0.020226598,-0.99884129,-0.043670863,0
-4.6718378,-2.6195052,1.7474785,-0.14179137,-0.040372431,0.98907298,0
1.3089914,4.5130987,1.7895362,0.020226598,0.99884129,0.043670863,0
-1.6388402,-4.5684958,-0.48633575,-0.020226598,-0.99884129,-0.043670863,0
-1.5013869,-4.3860788,1.9334104,-0.14179137,-0.040372431,0.98907298,0
-4.8792129,3.5438614,-1.8713729,-0.98968995,0.026197731,-0.14081043,0
3.4634929,-4.7230015,-1.0040996,-0.020226598,-0.99884129,-0.043670863,0
1.2404842,-4.5520782,-1.2181797,-0.020226598,-0.99884129,-0.043670863,0
-2.893301,2.4269078,-2.6531136,0.14179137,0.040372431,-0.98907298,0
2.6684856,-3.3616281,2.745415,-0.14179137,-0.040372431,0.98907298,0
3.420002,-4.233778,2.6740153,-0.14179137,-0.040372431,0.98907298,0
4.5920048,-2.8501804,-2.1044211,0.14179137,0.040372431,-0.98907298,0
4.8251314,-3.2796483,0.68801093,0.98968995,-0.026197731,0.14081043,0
1.8224373,4.3279533,-2.2346241,0.14179137,0.040372431,-0.98907298,0
-0.22167234,-1.3288276,2.3371513,-0.14179137,-0.040372431,0.98907298,0
-4.0327768,-0.88660061,-3.0418458,0.14179137,0.040372431,-0.98907298,0
3.0737517,-3.8886781,-2.2232187,0.14179137,0.040372431,-0.98907298,0
-0.8751874,1.3566935,2.3341422,-0.14179137,-0.040372431,0.98907298,0
5.4525137,4.2485118,-1.2119641,0.020226598,0.99884129,0.043670863,0
-0.71248841,1.1313996,2.5502892,-0.14179137,-0.040372431,0.98907298,0
3.0546765,4.38305,2.9430892,0.020226598,0.99884129,0.043670863,0
-5.3033209,0.54158783,1.7819176,-0.98968995,0.026197731,-0.14081043,0
2.9617801,-4.3584175,-0.81132787,-0.020226598,-0.99884129,-0.043670863,0
-4.7399673,4.5101027,-0.5240891,-0.98968995,0.026197731,-0.14081043,0
-2.9344959,-1.4540374,-3.1607015,0.14179137,0.040372431,-0.98907298,0
-0.39824247,2.9287908,2.5920022,-0.14179137,-0.040372431,0.98907298,0
-4.7762222,-2.4705153,-1.5144606,-0.98968995,0.026197731,-0.14081043,0
4.8245416,-0.35871792,0.60691118,0.98968995,-0.026197731,0.14081043,0
-5.2759085,-1.1681099,0.61363745,-0.98968995,0.026197731,-0.14081043,0
4.7267814,-0.50367308,-2.0308332,0.14179137,0.040372431,-0.98907298,0
4.7684216,4.214149,0.74403906,0.020226598,0.99884129,0.043670863,0
-2.9295371,0.17609382,2.3030775,-0.14179137,-0.040372431,0.98907298,0
0.82015729,-4.8028054,1.9292597,-0.020226598,-0.99884129,-0.043670863,0
