-5.0336633,1.510174,0.45781231,-0.33434829,0.802405,0.4943254,0
-4.2754688,-3.9588447,-0.79042101,-0.92202508,-0.169891,-0.34786034,0
-0.17105937,-3.5212724,-0.7910164,0.33434829,-0.802405,-0.4943254,0
-3.2578981,0.56851768,3.3031974,-0.33434829,0.802405,0.4943254,0
-5.1083832,-2.7327859,0.44271898,-0.19514328,-0.57208693,0.79664028,0
4.4928827,3.8616605,0.76601744,0.92202508,0.169891,0.34786034,0
0.096250057,4.0233841,-0.13882624,-0.33434829,0.802405,0.4943254,0
4.8939066,2.805464,0.30405045,0.92202508,0.169891,0.34786034,0
2.1424706,-3.2860899,2.053334,-0.19514328,-0.57208693,0.79664028,0
5.2547107,-0.80670869,0.58555841,0.92202508,0.169891,0.34786034,0
4.5099277,-0.2830855,2.4809785,0.92202508,0.169891,0.34786034,0
-0.99940443,-0.98245502,2.7566817,-0.19514328,-0.57208693,0.79664028,0
0.70178568,-2.24804,-1.863404,0.33434829,-0.802405,-0.4943254,0
3.5377047,4.9394712,0.64986086,-0.33434829,0.802405,0.4943254,0
-1.9735425,2.674948,-2.5147161,0.19514328,0.57208693,-0.79664028,0
1.5987005,4.1897478,0.11153448,-0.33434829,0.802405,0.4943254,0
-1.4941039,-1.1719105,-4.8575468,0.19514328,0.57208693,-0.79664028,0
5.0686021,-1.065429,1.8288355,0.92202508,0.169891,0.34786034,0
3.0868878,-2.4309337,2.650104,-0.19514328,-0.57208693,0.79664028,0
-0.78895628,-2.8183918,-1.8766307,0.33434829,-0.802405,-0.4943254,0
-3.4436221,-1.0887828,-4.9205918,-0.92202508,-0.169891,-0.34786034,0
5.3687921,1.4859411,-0.27482986,0.92202508,0.169891,0.34786034,0
-2.1433234,0.80013967,3.2402692,-0.33434829,0.802405,0.4943254,0
-3.3385136,-0.8439312,2.281389,-0.19514328,-0.57208693,0.79664028,0
-1.0315666,-4.2329369,0.37157446,-0.19514328,-0.57208693,0.79664028,0
-3.1674662,1.8306257,-3.2356467,0.19514328,0.57208693,-0.79664028,0
-2.0114641,-0.065321684,-4.4780831,0.19514328,0.57208693,-0.79664028,0
3.8113432,3.2063928,2.5329709,0.92202508,0.169891,0.34786034,0
-3.2133288,-3.9705672,-2.146873,0.33434829,-0.802405,-0.4943254,0
-2.2602785,-1.6346893,-5.0808172,0.33434829,-0.802405,-0.4943254,0
-4.7181687,-1.4467617,1.3246908,-0.19514328,-0.57208693,0.79664028,0
4.7811041,-3.3404436,2.2979221,0.33434829,-0.802405,-0.4943254,0
-0.62377548,-0.71663737,-4.5753078,0.19514328,0.57208693,-0.79664028,0
-3.1709898,-4.2968979,-1.2545207,0.33434829,-0.802405,-0.4943254,0
-2.2563148,-4.3714876,-0.30109358,0.33434829,-0.802405,-0.4943254,0
-1.583258,-3.1515439,-1.9283326,0.33434829,-0.802405,-0.4943254,0
-2.1465516,1.6811936,2.2096629,-0.33434829,0.802405,0.4943254,0
4.6519651,2.5639625,0.27544689,0.92202508,0.169891,0.34786034,0
3.9820149,-3.3036504,2.064796,0.33434829,-0.802405,-0.4943254,0
-0.68976754,-2.1141939,-3.4327199,0.33434829,-0.802405,-0.4943254,0
2.5006535,-1.5734415,-1.723823,0.33434829,-0.802405,-0.4943254,0
4.4074869,3.3264129,-0.23452783,0.19514328,0.57208693,-0.79664028,0
-3.72208,-3.3285024,-3.0125957,-0.92202508,-0.169891,-0.34786034,0
5.39291,1.2011764,-0.0099143982,0.92202508,0.169891,0.34786034,0
-2.2925787,2.1231711,-2.855377,0.19514328,0.57208693,-0.79664028,0
1.2543416,-2.7182181,1.9162244,-0.19514328,-0.57208693,0.79664028,0
3.9008379,-1.881102,3.2723627,-0.19514328,-0.57208693,0.79664028,0
-3.2707171,-0.99115419,-4.9100432,-0.92202508,-0.169891,-0.34786034,0
5.1368537,-2.3903365,1.2257376,0.33434829,-0.802405,-0.4943254,0
-1.0514457,-1.4456034,2.2368975,-0.19514328,-0.57208693,0.79664028,0
4.9843135,1.0268674,0.62520075,0.92202508,0.169891,0.34786034,0
-5.3359208,-0.79577613,0.32185507,-0.92202508,-0.169891,-0.34786034,0
3.2711325,-1.3401384,-1.7566699,0.33434829,-0.802405,-0.4943254,0
-1.5825075,-4.2297411,-0.021519542,0.33434829,-0.802405,-0.4943254,0
-2.4023662,1.7152925,-2.8991609,0.19514328,0.57208693,-0.79664028,0
5.4206944,2.3697917,-0.6434741,0.92202508,0.169891,0.34786034,0
2.2836871,-2.3116162,2.7815833,-0.19514328,-0.57208693,0.79664028,0
-3.572386,-3.2002349,0.38611078,-0.19514328,-0.57208693,0.79664028,0
3.9905884,-0.92132759,4.0009985,0.92202508,0.169891,0.34786034,0
5.1299696,0.26716352,-2.1377249,0.19514328,0.57208693,-0.79664028,0
-0.018940687,3.7642555,0.086273953,-0.33434829,0.802405,0.4943254,0
2.229507,2.5115588,3.4143574,-0.33434829,0.802405,0.4943254,0
2.64007,-2.7769275,0.51331663,0.33434829,-0.802405,-0.4943254,0
-5.4142718,1.1183505,-0.52299213,-0.92202508,-0.169891,-0.34786034,0
1.5747352,-3.2418323,1.7635803,-0.19514328,-0.57208693,0.79664028,0
3.4078627,0.96327138,4.8931913,0.92202508,0.169891,0.34786034,0
-3.0322587,2.7132864,-2.3366189,0.19514328,0.57208693,-0.79664028,0
-0.016121626,-1.3041115,-4.132103,0.33434829,-0.802405,-0.4943254,0
3.5189228,-0.54653168,-3.0435629,0.33434829,-0.802405,-0.4943254,0
4.8446012,-0.92047268,1.6660714,0.92202508,0.169891,0.34786034,0
-4.4957809,-4.1380424,-0.31008053,-0.92202508,-0.169891,-0.34786034,0
-1.2416897,2.2149808,1.6374593,-0.33434829,0.802405,0.4943254,0
4.0789437,0.61114049,3.7605829,0.92202508,0.169891,0.34786034,0
-5.9914703,0.31268001,0.94214392,-0.92202508,-0.169891,-0.34786034,0
4.6006727,-0.63377666,-2.1898322,0.33434829,-0.802405,-0.4943254,0
1.9171698,0.89375925,5.1280336,-0.19514328,-0.57208693,0.79664028,0
2.647054,2.8220966,3.6517091,-0.33434829,0.802405,0.4943254,0
-3.6166511,-0.60058308,2.3291595,-0.19514328,-0.57208693,0.79664028,0
-5.380579,1.2901978,-0.62128401,-0.92202508,-0.169891,-0.34786034,0
2.6321919,-3.5110681,1.4698024,0.33434829,-0.802405,-0.4943254,0
3.7460189,1.6684477,-1.4708011,0.19514328,0.57208693,-0.79664028,0
-2.5850546,-1.5498276,-5.6281629,0.33434829,-0.802405,-0.4943254,0
3.7613502,1.7686081,3.9894395,0.92202508,0.169891,0.34786034,0
-1.8597906,3.1616175,-0.4760524,-0.33434829,0.802405,0.4943254,0
5.5280399,-1.7084866,0.59125805,0.33434829,-0.802405,-0.4943254,0
5.0765805,-2.2575629,1.0461917,0.33434829,-0.802405,-0.4943254,0
4.5300684,-0.38142663,2.5245409,0.92202508,0.169891,0.34786034,0
-3.8321621,2.0624111,-0.056302071,-0.33434829,0.802405,0.4943254,0
-1.9268935,3.1014931,-0.65596437,-0.33434829,0.802405,0.4943254,0
-1.5846336,1.1657686,-3.3832633,0.19514328,0.57208693,-0.79664028,0
-0.30396295,-0.89558023,3.2542453,-0.19514328,-0.57208693,0.79664028,0
2.1787031,0.060765266,4.4235125,-0.19514328,-0.57208693,0.79664028,0
-3.7122636,2.5822093,-0.75271749,-0.33434829,0.802405,0.4943254,0
-4.6543212,0.45043644,-2.07267,-0.92202508,-0.169891,-0.34786034,0
6.01753,0.57953405,-1.5937402,0.92202508,0.169891,0.34786034,0
-1.568926,2.8195717,0.21920967,-0.33434829,0.802405,0.4943254,0
1.5258908,-1.2735641,3.0749733,-0.19514328,-0.57208693,0.79664028,0
5.7137356,-0.57866335,-0.60640383,0.92202508,0.169891,0.34786034,0
1.947835,-2.8581741,2.0366428,-0.19514328,-0.57208693,0.79664028,0
-0.39787793,1.3018076,-2.6912713,0.19514328,0.57208693,-0.79664028,0
4.9726429,-2.4745786,2.2139349,0.92202508,0.169891,0.34786034,0
2.4842451,-1.1476421,3.6739507,-0.19514328,-0.57208693,0.79664028,0
-2.3851659,1.8113952,1.7051849,-0.33434829,0.802405,0.4943254,0
-4.2391367,2.448565,-0.78637791,-0.33434829,0.802405,0.4943254,0
1.026504,-2.3052855,2.3092251,-0.19514328,-0.57208693,0.79664028,0
4.0888143,-0.35616565,-3.0409844,0.33434829,-0.802405,-0.4943254,0
-1.7962186,3.560638,-0.61265194,-0.33434829,0.802405,0.4943254,0
1.5249836,-1.8073947,3.0130923,-0.19514328,-0.57208693,0.79664028,0
2.6251044,-3.4465175,1.3366168,0.33434829,-0.802405,-0.4943254,0
1.5641158,-2.3823133,-0.77698576,0.33434829,-0.802405,-0.4943254,0
-4.7239275,2.3453903,-2.4296179,-0.92202508,-0.169891,-0.34786034,0
-3.1061134,-4.7616558,-0.49016309,0.33434829,-0.802405,-0.4943254,0
4.1963358,-0.94500089,3.5466013,0.92202508,0.169891,0.34786034,0
-1.8961551,1.8224182,-2.8668311,0.19514328,0.57208693,-0.79664028,0
4.6473584,-0.54190063,2.0904164,0.92202508,0.169891,0.34786034,0
4.362277,-1.1779478,3.7330422,0.92202508,0.169891,0.34786034,0
-5.264461,0.30176198,-0.88615084,-0.92202508,-0.169891,-0.34786034,0
-4.3206072,-0.71285093,2.3040497,-0.19514328,-0.57208693,0.79664028,0
1.5675361,-1.0067666,-3.1765938,0.33434829,-0.802405,-0.4943254,0
-5.4683294,0.46650088,-0.44172287,-0.92202508,-0.169891,-0.34786034,0
-1.4264878,-1.9857614,-3.8981569,0.33434829,-0.802405,-0.4943254,0
-3.9337654,-3.0914741,-2.7742553,-0.92202508,-0.169891,-0.34786034,0
-3.3583715,-1.4953191,-4.9429874,-0.92202508,-0.169891,-0.34786034,0
-5.0874672,-2.5693238,0.026565552,-0.92202508,-0.169891,-0.34786034,0
4.29809,2.901504,1.8585577,0.92202508,0.169891,0.34786034,0
5.4352388,-1.7189956,0.56456566,0.33434829,-0.802405,-0.4943254,0
4.2422686,3.3003545,-0.36524272,0.19514328,0.57208693,-0.79664028,0
4.4926133,-1.5291636,-0.50932217,0.33434829,-0.802405,-0.4943254,0
0.34965706,-1.1142534,3.067565,-0.19514328,-0.57208693,0.79664028,0
4.9994364,-2.1492586,2.6825147,0.92202508,0.169891,0.34786034,0
-0.77810788,3.5825653,-0.66004837,-0.33434829,0.802405,0.4943254,0
2.2770982,3.3093758,2.5857637,-0.33434829,0.802405,0.4943254,0
-5.229073,-0.21121803,-0.68230581,-0.92202508,-0.169891,-0.34786034,0
2.2389269,3.3639202,2.5044885,-0.33434829,0.802405,0.4943254,0
3.4292574,2.2489905,4.0234356,0.92202508,0.169891,0.34786034,0
0.22686958,1.6853282,-2.2934935,0.19514328,0.57208693,-0.79664028,0
5.2938967,-1.6788597,-0.14990759,0.33434829,-0.802405,-0.4943254,0
-0.27905798,-2.5308809,2.1191053,-0.19514328,-0.57208693,0.79664028,0
-1.2491899,1.2315425,-3.384207,0.19514328,0.57208693,-0.79664028,0
5.3843489,1.4626391,-1.5826321,0.19514328,0.57208693,-0.79664028,0
3.2218094,0.24942744,-2.5673761,0.19514328,0.57208693,-0.79664028,0
5.5421748,-0.63518047,-1.5822487,0.33434829,-0.802405,-0.4943254,0
-2.1206837,-2.6228459,1.4885191,-0.19514328,-0.57208693,0.79664028,0
-3.1646411,-1.607955,2.0395591,-0.19514328,-0.57208693,0.79664028,0
-0.81929994,3.4025421,-1.6975307,0.19514328,0.57208693,-0.79664028,0
-4.2993889,-1.551748,-2.3054423,-0.92202508,-0.169891,-0.34786034,0
1.5807819,-3.7104402,0.86754918,0.33434829,-0.802405,-0.4943254,0
-4.394002,1.4521594,0.59216928,-0.33434829,0.802405,0.4943254,0
-4.80441,-0.24294806,2.5841134,-0.19514328,-0.57208693,0.79664028,0
2.8017809,-3.761647,1.7312436,-0.19514328,-0.57208693,0.79664028,0
5.0782552,-0.35473514,1.3680687,0.92202508,0.169891,0.34786034,0
1.8085713,-2.9233453,1.8625588,-0.19514328,-0.57208693,0.79664028,0
0.6664865,-3.6387734,1.5112487,-0.19514328,-0.57208693,0.79664028,0
4.2500482,2.4974148,2.0191603,0.92202508,0.169891,0.34786034,0
2.4981718,-1.1811554,-2.2892799,0.33434829,-0.802405,-0.4943254,0
-0.50346881,-2.185739,-3.0009089,0.33434829,-0.802405,-0.4943254,0
5.2905445,-2.0952961,1.5817251,0.92202508,0.169891,0.34786034,0
1.9114363,-1.2607481,3.1207571,-0.19514328,-0.57208693,0.79664028,0
4.8643789,-2.7152715,1.4781961,0.33434829,-0.802405,-0.4943254,0
-1.68513,-0.88302082,2.9479151,-0.19514328,-0.57208693,0.79664028,0
-4.7712693,-1.3053917,-0.70411921,-0.92202508,-0.169891,-0.34786034,0
-5.188633,-1.7136974,-0.004096508,-0.92202508,-0.169891,-0.34786034,0
3.4662557,0.66796398,4.4889669,0.92202508,0.169891,0.34786034,0
-6.2051048,-0.2544353,1.9371872,-0.92202508,-0.169891,-0.34786034,0
4.7680054,-3.1053109,2.7438927,-0.19514328,-0.57208693,0.79664028,0
-1.1785963,1.8537312,2.4528682,-0.33434829,0.802405,0.4943254,0
-3.9434686,1.3795755,1.2512341,-0.33434829,0.802405,0.4943254,0
-0.69432104,3.2710857,0.40746897,-0.33434829,0.802405,0.4943254,0
0.42882085,-2.9631929,-0.91968179,0.33434829,-0.802405,-0.4943254,0
-4.1682563,-1.366147,1.5816196,-0.19514328,-0.57208693,0.79664028,0
-4.6526384,2.3787057,-3.1212826,-0.92202508,-0.169891,-0.34786034,0
-2.7187984,-2.6607718,0.95989764,-0.19514328,-0.57208693,0.79664028,0
-5.2569218,-0.097181797,2.221159,-0.19514328,-0.57208693,0.79664028,0
-0.92116022,2.2552607,-2.564759,0.19514328,0.57208693,-0.79664028,0
1.2395434,3.0040681,-1.341761,0.19514328,0.57208693,-0.79664028,0
3.4267392,1.7219319,4.0501781,0.92202508,0.169891,0.34786034,0
-0.46307898,3.8606651,-0.83442533,-0.33434829,0.802405,0.4943254,0
-2.0112095,1.7105768,2.2150674,-0.33434829,0.802405,0.4943254,0
3.5330126,-1.8171844,-0.64010954,0.33434829,-0.802405,-0.4943254,0
5.2893977,-2.8681986,2.1565132,0.92202508,0.169891,0.34786034,0
1.1160989,3.6033916,-0.92277241,0.19514328,0.57208693,-0.79664028,0
4.3793268,3.7740307,1.4854908,0.92202508,0.169891,0.34786034,0
1.5535188,-1.5422215,2.803776,-0.19514328,-0.57208693,0.79664028,0
-4.926043,2.0082974,-0.47699022,-0.33434829,0.802405,0.4943254,0
-0.32733345,-0.9148562,2.9172184,-0.19514328,-0.57208693,0.79664028,0
0.55622649,1.2721603,4.2801933,-0.33434829,0.802405,0.4943254,0
4.7651858,-2.5011315,3.0685024,0.92202508,0.169891,0.34786034,0
-3.8741894,-3.6672602,-2.2364659,-0.92202508,-0.169891,-0.34786034,0
3.1776631,1.6380391,5.150054,0.92202508,0.169891,0.34786034,0
-1.8497522,-1.8612573,-4.3787003,0.33434829,-0.802405,-0.4943254,0
-4.3131242,-1.4979994,-1.8928695,-0.92202508,-0.169891,-0.34786034,0
3.8039994,0.85485268,4.3019104,0.92202508,0.169891,0.34786034,0
0.58884406,3.3584547,-1.3115767,0.19514328,0.57208693,-0.79664028,0
-2.6146526,1.9752899,-2.8336759,0.19514328,0.57208693,-0.79664028,0
-4.2891655,-0.05958581,2.6483407,-0.19514328,-0.57208693,0.79664028,0
-4.7902346,0.84382057,1.2993774,-0.33434829,0.802405,0.4943254,0
-2.3216991,2.6731267,-2.2230647,0.19514328,0.57208693,-0.79664028,0
-0.67377377,-3.6616566,-0.94111979,0.33434829,-0.802405,-0.4943254,0
4.8335042,-3.0461221,2.3280067,0.33434829,-0.802405,-0.4943254,0
-3.8387311,0.17580926,-4.5339413,-0.92202508,-0.169891,-0.34786034,0
-3.7186177,-2.7918556,-3.3325648,-0.92202508,-0.169891,-0.34786034,0
-3.3835797,3.0210085,-2.4404387,0.19514328,0.57208693,-0.79664028,0
4.7560892,0.42351851,1.4999118,0.92202508,0.169891,0.34786034,0
4.7692032,0.17332369,1.1797566,0.92202508,0.169891,0.34786034,0
-3.4826093,-1.7775922,-4.1483302,-0.92202508,-0.169891,-0.34786034,0
-3.9294729,-4.6628809,-0.39342427,-0.19514328,-0.57208693,0.79664028,0
1.7946134,-3.4010921,1.660522,-0.19514328,-0.57208693,0.79664028,0
4.9687729,-1.7627356,0.54461861,0.33434829,-0.802405,-0.4943254,0
-4.2381544,-2.6209638,-1.7812781,-0.92202508,-0.169891,-0.34786034,0
3.2778773,2.1684995,-1.4781053,0.19514328,0.57208693,-0.79664028,0
-4.404933,-3.2009683,-1.6627269,-0.92202508,-0.169891,-0.34786034,0
5.211247,-1.3140042,1.3956933,0.92202508,0.169891,0.34786034,0
-2.4639843,2.9001491,-2.1250582,0.19514328,0.57208693,-0.79664028,0
3.1665316,1.0415788,5.1979537,0.92202508,0.169891,0.34786034,0
2.988848,1.4168808,-2.1581309,0.19514328,0.57208693,-0.79664028,0
-2.2018347,-1.1735387,2.4035637,-0.19514328,-0.57208693,0.79664028,0
-0.68616247,-1.9248407,2.3158412,-0.19514328,-0.57208693,0.79664028,0
-1.8936498,2.7821207,-2.1683443,0.19514328,0.57208693,-0.79664028,0
-0.35056496,-3.386148,1.3919331,-0.19514328,-0.57208693,0.79664028,0
4.2279453,2.2558017,-0.97641158,0.19514328,0.57208693,-0.79664028,0
-2.0345995,-4.346776,0.2793535,-0.19514328,-0.57208693,0.79664028,0
-3.9962978,-0.34155047,-3.918982,-0.92202508,-0.169891,-0.34786034,0
-4.445796,-3.7353537,0.15589714,-0.19514328,-0.57208693,0.79664028,0
3.7625747,1.7142971,4.0329318,0.92202508,0.169891,0.34786034,0
-2.2884171,1.9610891,1.2019893,-0.33434829,0.802405,0.4943254,0
-4.0316095,-3.4106791,-1.781064,-0.92202508,-0.169891,-0.34786034,0
4.9721355,0.54725957,-2.2826023,0.19514328,0.57208693,-0.79664028,0
5.2961793,-2.3906884,1.4502316,0.33434829,-0.802405,-0.4943254,0
-5.4248753,-1.875134,0.4576273,-0.92202508,-0.169891,-0.34786034,0
3.960875,-0.030199528,4.4588432,0.92202508,0.169891,0.34786034,0
-5.7087603,-1.535291,1.234992,-0.92202508,-0.169891,-0.34786034,0
4.4285021,-1.2017094,3.3523502,0.92202508,0.169891,0.34786034,0
-4.3521605,-2.2485538,-1.2449942,-0.92202508,-0.169891,-0.34786034,0
2.6853364,-2.0247459,2.8316765,-0.19514328,-0.57208693,0.79664028,0
-0.52762055,-3.21332,1.5724578,-0.19514328,-0.57208693,0.79664028,0
1.9420154,-3.5364814,0.8665421,0.33434829,-0.802405,-0.4943254,0
1.6713438,2.1985772,-1.8388326,0.19514328,0.57208693,-0.79664028,0
4.8527017,0.95100778,1.2236958,0.92202508,0.169891,0.34786034,0
-5.9898157,0.13726044,1.2068229,-0.92202508,-0.169891,-0.34786034,0
-0.26578093,-2.0183895,2.0032361,-0.19514328,-0.57208693,0.79664028,0
3.4965434,-1.6721225,3.3177009,-0.19514328,-0.57208693,0.79664028,0
4.2614517,0.26985502,-2.488354,0.19514328,0.57208693,-0.79664028,0
2.4579732,-1.3089908,3.6089973,-0.19514328,-0.57208693,0.79664028,0
5.3076897,0.39646792,-2.1843665,0.19514328,0.57208693,-0.79664028,0
-1.4493335,-0.43573582,3.0091038,-0.19514328,-0.57208693,0.79664028,0
-4.0372581,-1.7276709,-3.0141225,-0.92202508,-0.169891,-0.34786034,0
-1.3332385,-1.0469517,2.623168,-0.19514328,-0.57208693,0.79664028,0
-2.1555278,-1.3590078,2.3334274,-0.19514328,-0.57208693,0.79664028,0
-3.6216211,-0.22419071,-4.6898065,-0.92202508,-0.169891,-0.34786034,0
-3.6357527,-1.2800043,-3.5476208,-0.92202508,-0.169891,-0.34786034,0
-5.0714025,-3.0268641,0.091323853,-0.92202508,-0.169891,-0.34786034,0
3.5049214,0.7856369,4.1453748,0.92202508,0.169891,0.34786034,0
3.5971868,-0.064203739,4.4573045,0.92202508,0.169891,0.34786034,0
-3.6263754,-2.2426245,-3.4976268,-0.92202508,-0.169891,-0.34786034,0
3.0829771,0.048458338,4.5317783,-0.19514328,-0.57208693,0.79664028,0
-4.899281,-1.9069002,-0.0969944,-0.92202508,-0.169891,-0.34786034,0
-4.8850479,-0.44132668,-0.8162694,-0.92202508,-0.169891,-0.34786034,0
-5.2798886,0.99948168,-0.89292669,-0.92202508,-0.169891,-0.34786034,0
2.4388785,4.1453314,1.3412488,-0.33434829,0.802405,0.4943254,0
0.2146616,-3.2671883,1.3517728,-0.19514328,-0.57208693,0.79664028,0
-1.9616928,-0.91934252,-4.9771414,0.19514328,0.57208693,-0.79664028,0
3.6201487,0.78987503,4.1762443,0.92202508,0.169891,0.34786034,0
3.7829242,-1.172524,-1.4610667,0.33434829,-0.802405,-0.4943254,0
-4.6990933,1.2057403,-2.3474407,-0.92202508,-0.169891,-0.34786034,0
-4.8515096,1.6607802,-2.4385004,-0.92202508,-0.169891,-0.34786034,0
0.73422933,-1.7200494,-2.6699657,0.33434829,-0.802405,-0.4943254,0
4.9504404,-1.6756999,2.3518548,0.92202508,0.169891,0.34786034,0
-2.944989,-2.3528726,-4.0215659,0.33434829,-0.802405,-0.4943254,0
4.7269082,-2.5644524,1.3268781,0.33434829,-0.802405,-0.4943254,0
-5.1658049,2.6687644,-1.8982902,-0.33434829,0.802405,0.4943254,0
0.83883536,1.7977104,3.6736193,-0.33434829,0.802405,0.4943254,0
-2.910084,-3.4164791,0.6826731,-0.19514328,-0.57208693,0.79664028,0
-4.5296173,-1.7975671,1.3403041,-0.19514328,-0.57208693,0.79664028,0
0.4419961,-1.9756696,2.2526255,-0.19514328,-0.57208693,0.79664028,0
-0.8594811,-3.7973714,-0.86724293,0.33434829,-0.802405,-0.4943254,0
-0.082749128,2.8960137,-1.9019296,0.19514328,0.57208693,-0.79664028,0
5.6011133,-0.10875285,0.076170921,0.92202508,0.169891,0.34786034,0
0.31659532,-1.9460744,2.4777369,-0.19514328,-0.57208693,0.79664028,0
-0.64584851,-1.2048821,-4.8580017,0.33434829,-0.802405,-0.4943254,0
-0.80876946,-0.87262726,-4.5987577,0.19514328,0.57208693,-0.79664028,0
-4.6526308,-3.5680752,0.1083765,-0.19514328,-0.57208693,0.79664028,0
-4.5617361,-3.8084126,-0.80603647,-0.92202508,-0.169891,-0.34786034,0
-4.2338371,1.1509013,-3.8034229,-0.92202508,-0.169891,-0.34786034,0
1.1497263,-0.96591496,-4.0879416,0.33434829,-0.802405,-0.4943254,0
4.714931,2.19453,0.81874084,0.92202508,0.169891,0.34786034,0
2.708324,3.8146,-0.47006321,0.19514328,0.57208693,-0.79664028,0
-4.9798374,0.41981077,2.0578456,-0.33434829,0.802405,0.4943254,0
2.281357,-3.1513605,1.8323638,-0.19514328,-0.57208693,0.79664028,0
0.034573793,-1.8354273,-3.0957441,0.33434829,-0.802405,-0.4943254,0
0.55345774,3.6415133,0.29030919,-0.33434829,0.802405,0.4943254,0
5.3188295,-0.66018462,0.67593861,0.92202508,0.169891,0.34786034,0
4.0264616,-0.8415373,3.5641541,0.92202508,0.169891,0.34786034,0
-4.3082304,-1.2502729,1.6207526,-0.19514328,-0.57208693,0.79664028,0
4.5690002,2.3062823,0.67563868,0.92202508,0.169891,0.34786034,0
-1.4594328,1.7463279,-2.6834369,0.19514328,0.57208693,-0.79664028,0
3.9478741,4.3008509,1.8359432,-0.33434829,0.802405,0.4943254,0
1.0495112,3.929987,0.72774637,-0.33434829,0.802405,0.4943254,0
-4.5946865,0.18306398,-2.4975324,-0.92202508,-0.169891,-0.34786034,0
-1.1817412,0.13756156,3.6220114,-0.19514328,-0.57208693,0.79664028,0
-2.9199154,3.3136458,-1.8534338,0.19514328,0.57208693,-0.79664028,0
-4.2456522,-4.6810465,-0.64547729,-0.92202508,-0.169891,-0.34786034,0
4.2074862,3.3528666,1.8881874,0.92202508,0.169891,0.34786034,0
-3.7964466,-4.4460626,-0.40957856,-0.19514328,-0.57208693,0.79664028,0
-1.1280413,1.8177725,-2.8751426,0.19514328,0.57208693,-0.79664028,0
4.2617154,4.5650153,0.33403778,0.19514328,0.57208693,-0.79664028,0
3.1532111,1.5174968,-1.6642568,0.19514328,0.57208693,-0.79664028,0
0.33187556,-1.4238062,-3.9131269,0.33434829,-0.802405,-0.4943254,0
-4.6286263,-0.72337645,2.0249133,-0.19514328,-0.57208693,0.79664028,0
-2.890481,0.57363915,2.9196343,-0.33434829,0.802405,0.4943254,0
-1.3390608,3.8067305,-1.3552511,-0.33434829,0.802405,0.4943254,0
1.6349003,-3.7496865,1.5013559,0.33434829,-0.802405,-0.4943254,0
4.4087162,0.90225327,2.3957777,0.92202508,0.169891,0.34786034,0
4.8736706,1.2709638,1.0820551,0.92202508,0.169891,0.34786034,0
2.2222223,2.0637126,-1.7495558,0.19514328,0.57208693,-0.79664028,0
2.0736833,2.1016498,4.4524822,-0.33434829,0.802405,0.4943254,0
-5.8222103,-0.073928118,1.5566947,-0.92202508,-0.169891,-0.34786034,0
0.81279373,1.5446672,-2.500381,0.19514328,0.57208693,-0.79664028,0
-5.9896402,0.00507164,1.7138069,-0.92202508,-0.169891,-0.34786034,0
-3.339463,-2.4777167,1.3685038,-0.19514328,-0.57208693,0.79664028,0
3.8594255,0.082188129,4.2688613,0.92202508,0.169891,0.34786034,0
1.9901209,-0.56277561,-3.6912692,0.19514328,0.57208693,-0.79664028,0
-4.5762005,0.82512021,-2.8990512,-0.92202508,-0.169891,-0.34786034,0
-1.8353001,-3.4328122,-2.0333126,0.33434829,-0.802405,-0.4943254,0
5.1233821,1.8147349,-1.2728536,0.19514328,0.57208693,-0.79664028,0
4.075995,-0.24589777,-2.7643399,0.19514328,0.57208693,-0.79664028,0
-3.8375762,3.1355965,-1.5050297,-0.33434829,0.802405,0.4943254,0
2.7366617,-0.29787183,-3.1294696,0.19514328,0.57208693,-0.79664028,0
-5.0757995,1.2448556,-0.98157835,-0.92202508,-0.169891,-0.34786034,0
-1.2344902,-3.916712,0.79629982,-0.19514328,-0.57208693,0.79664028,0
0.0018208027,-0.64404213,3.2756977,-0.19514328,-0.57208693,0.79664028,0
0.26950085,-1.2480419,-4.1846085,0.33434829,-0.802405,-0.4943254,0
-3.1716452,-0.0065765381,-4.3672872,0.19514328,0.57208693,-0.79664028,0
4.9177232,0.78853631,0.73091555,0.92202508,0.169891,0.34786034,0
-0.017287254,1.6988713,-2.6806591,0.19514328,0.57208693,-0.79664028,0
-0.92477798,0.90622282,3.8977137,-0.33434829,0.802405,0.4943254,0
-4.7823553,0.33175111,2.4559093,-0.33434829,0.802405,0.4943254,0
1.5118964,-3.4493046,0.76811361,0.33434829,-0.802405,-0.4943254,0
5.0343885,-2.0348291,2.367022,0.92202508,0.169891,0.34786034,0
-0.8443296,-3.0733116,-1.3222506,0.33434829,-0.802405,-0.4943254,0
-0.61012912,1.5269277,2.9503665,-0.33434829,0.802405,0.4943254,0
2.9102407,1.8952837,5.3391919,-0.33434829,0.802405,0.4943254,0
1.0719459,-3.9438879,1.3412369,-0.19514328,-0.57208693,0.79664028,0
-2.6913824,-3.4827018,0.7078526,-0.19514328,-0.57208693,0.79664028,0
2.3008657,-1.9898717,-1.1952052,0.33434829,-0.802405,-0.4943254,0
4.8683419,-0.69468915,1.8280368,0.92202508,0.169891,0.34786034,0
0.79171813,-1.2436047,-3.8850319,0.33434829,-0.802405,-0.4943254,0
-4.0531731,-0.35198057,-3.347805,-0.92202508,-0.169891,-0.34786034,0
3.8973489,-2.3451369,0.21806169,0.33434829,-0.802405,-0.4943254,0
3.367641,1.9694574,4.5421553,0.92202508,0.169891,0.34786034,0
-0.90156555,-1.4937561,-4.558259,0.33434829,-0.802405,-0.4943254,0
3.1452925,-0.98558211,-2.5940938,0.33434829,-0.802405,-0.4943254,0
2.9680862,1.8800597,4.7576571,-0.33434829,0.802405,0.4943254,0
-0.33066082,-0.037914991,3.6371489,-0.19514328,-0.57208693,0.79664028,0
-5.0772605,0.33148164,-1.2747407,-0.92202508,-0.169891,-0.34786034,0
4.4276085,-0.94625175,3.1395001,0.92202508,0.169891,0.34786034,0
0.58767319,0.44317341,4.442018,-0.19514328,-0.57208693,0.79664028,0
1.6121194,-0.039829969,4.1797967,-0.19514328,-0.57208693,0.79664028,0
3.3578775,-1.4526861,-1.1489114,0.33434829,-0.802405,-0.4943254,0
3.6237659,-2.940191,1.3423679,0.33434829,-0.802405,-0.4943254,0
0.48674846,-3.0018392,1.716782,-0.19514328,-0.57208693,0.79664028,0
2.2850776,-0.10848927,-3.1785688,0.19514328,0.57208693,-0.79664028,0
0.25418568,-3.2187314,-0.84197831,0.33434829,-0.802405,-0.4943254,0
1.0417209,3.5978255,-1.1432002,0.19514328,0.57208693,-0.79664028,0
-3.8811231,-0.14741707,-4.5497618,-0.92202508,-0.169891,-0.34786034,0
4.628437,-1.7813721,2.511837,0.92202508,0.169891,0.34786034,0
-1.6850512,0.22807801,-3.8727815,0.19514328,0.57208693,-0.79664028,0
3.4384825,2.3443291,3.8393612,0.92202508,0.169891,0.34786034,0
-2.7208552,0.17418694,-4.1618509,0.19514328,0.57208693,-0.79664028,0
-2.1050541,-4.2856941,-0.82656956,0.33434829,-0.802405,-0.4943254,0
4.1689892,0.35873938,-2.3230073,0.19514328,0.57208693,-0.79664028,0
-1.3543042,-0.034977198,3.2311988,-0.19514328,-0.57208693,0.79664028,0
-2.8511453,-4.2581801,-0.045015335,-0.19514328,-0.57208693,0.79664028,0
1.6089789,0.32844055,-2.9983029,0.19514328,0.57208693,-0.79664028,0
-4.8305373,1.5485089,-1.8166232,-0.92202508,-0.169891,-0.34786034,0
-4.5270071,-2.7561557,0.87331796,-0.19514328,-0.57208693,0.79664028,0
4.7728434,1.8560157,0.39832449,0.92202508,0.169891,0.34786034,0
-4.4483938,-3.0850096,-1.284955,-0.92202508,-0.169891,-0.34786034,0
4.0917034,-0.072256565,3.6616859,0.92202508,0.169891,0.34786034,0
4.1328025,2.4240563,-0.91229844,0.19514328,0.57208693,-0.79664028,0
-1.8457866,-3.5060263,-1.5766199,0.33434829,-0.802405,-0.4943254,0
0.86460733,2.20699,2.7690544,-0.33434829,0.802405,0.4943254,0
3.4244082,-2.6070495,2.6357803,-0.19514328,-0.57208693,0.79664028,0
-5.8064947,0.013115168,1.0002217,-0.92202508,-0.169891,-0.34786034,0
-4.3529177,1.7615533,-3.4922757,0.19514328,0.57208693,-0.79664028,0
-0.43755007,-0.79538441,-4.389102,0.19514328,0.57208693,-0.79664028,0
-4.0129209,-0.10165358,-3.6083326,-0.92202508,-0.169891,-0.34786034,0
4.4183502,3.2647829,0.68578959,0.92202508,0.169891,0.34786034,0
-2.9041958,-1.4231019,-5.3627172,0.19514328,0.57208693,-0.79664028,0
-5.0592422,-2.4044456,0.67423987,-0.92202508,-0.169891,-0.34786034,0
4.3308225,4.6954055,0.81435537,0.92202508,0.169891,0.34786034,0
1.7851799,2.0994065,3.968044,-0.33434829,0.802405,0.4943254,0
3.8081846,-0.64649391,4.3639288,-0.19514328,-0.57208693,0.79664028,0
5.0395284,1.2116792,0.64885855,0.92202508,0.169891,0.34786034,0
0.95896852,3.4528878,1.1758022,-0.33434829,0.802405,0.4943254,0
-1.7036455,-2.0484378,1.6747872,-0.19514328,-0.57208693,0.79664028,0
3.8994737,1.8203583,3.0717936,0.92202508,0.169891,0.34786034,0
-4.3477397,-4.6683431,-0.66124725,-0.19514328,-0.57208693,0.79664028,0
-5.1508379,-0.69981039,-0.12395144,-0.92202508,-0.169891,-0.34786034,0
5.6562834,-1.0673043,0.031770706,0.92202508,0.169891,0.34786034,0
-5.3699021,0.75716901,1.5346234,-0.33434829,0.802405,0.4943254,0
-4.396172,-2.6323323,-1.6564569,-0.92202508,-0.169891,-0.34786034,0
-4.7509365,-2.6734276,-0.874578,-0.92202508,-0.169891,-0.34786034,0
3.5953579,-2.800096,2.8003812,-0.19514328,-0.57208693,0.79664028,0
4.6056333,2.7700806,-0.60603666,0.19514328,0.57208693,-0.79664028,0
0.15045463,-2.1238739,-2.1946466,0.33434829,-0.802405,-0.4943254,0
5.6074209,-1.1469958,-0.21617317,0.33434829,-0.802405,-0.4943254,0
5.4153438,-1.4323426,0.51414347,0.92202508,0.169891,0.34786034,0
-0.94486803,2.5010889,1.1667744,-0.33434829,0.802405,0.4943254,0
-0.54591483,1.5152006,3.1455631,-0.33434829,0.802405,0.4943254,0
-1.3860922,1.9080794,-2.7896023,0.19514328,0.57208693,-0.79664028,0
0.023988724,-0.074302673,3.8201671,-0.19514328,-0.57208693,0.79664028,0
-5.4406824,1.105557,-0.8911171,-0.92202508,-0.169891,-0.34786034,0
1.6833297,1.0160332,-2.4461184,0.19514328,0.57208693,-0.79664028,0
1.7953044,-2.9885056,-0.35452461,0.33434829,-0.802405,-0.4943254,0
2.2876043,-0.76802349,-3.3232536,0.33434829,-0.802405,-0.4943254,0
-1.6528668,-0.41639233,-4.4743967,0.19514328,0.57208693,-0.79664028,0
0.13202941,1.6062524,3.8706841,-0.33434829,0.802405,0.4943254,0
5.2563863,0.82038033,0.16178513,0.92202508,0.169891,0.34786034,0
-2.3703358,3.5000122,-1.6142778,0.19514328,0.57208693,-0.79664028,0
-0.54742956,2.5029249,-2.0893407,0.19514328,0.57208693,-0.79664028,0
5.861042,1.2081426,-1.6380682,0.19514328,0.57208693,-0.79664028,0
0.95351839,-1.3247389,3.2870336,-0.19514328,-0.57208693,0.79664028,0
-4.8289747,1.8788306,-1.9489684,-0.92202508,-0.169891,-0.34786034,0
3.5572977,4.9678497,0.79097104,-0.33434829,0.802405,0.4943254,0
-3.7811487,-4.7358227,-0.99013567,0.33434829,-0.802405,-0.4943254,0
-4.7363415,-0.23286223,-2.0000963,-0.92202508,-0.169891,-0.34786034,0
3.1429288,-3.0236745,1.2378838,0.33434829,-0.802405,-0.4943254,0
-1.6232171,2.7420225,-2.0662174,0.19514328,0.57208693,-0.79664028,0
-2.4208188,-1.1533618,-5.0999436,0.19514328,0.57208693,-0.79664028,0
3.1617863,2.0575562,4.8894753,0.92202508,0.169891,0.34786034,0
3.6681206,1.5073879,3.7340417,0.92202508,0.169891,0.34786034,0
-1.6455374,-0.22572088,-4.5639529,0.19514328,0.57208693,-0.79664028,0
-5.0130124,1.014503,-1.0161681,-0.92202508,-0.169891,-0.34786034,0
-5.5652456,0.23199034,1.999161,-0.33434829,0.802405,0.4943254,0
-3.6539373,1.6117718,1.1032786,-0.33434829,0.802405,0.4943254,0
-4.7796278,1.8468411,-2.7976127,-0.92202508,-0.169891,-0.34786034,0
0.97873998,0.78349811,-2.9839425,0.19514328,0.57208693,-0.79664028,0
-1.2531788,2.5667987,1.4504063,-0.33434829,0.802405,0.4943254,0
-4.8844628,-0.74237877,-1.4538474,-0.92202508,-0.169891,-0.34786034,0
3.5979724,0.8288703,4.3296924,0.92202508,0.169891,0.34786034,0
-1.1229508,-0.75279415,3.1718044,-0.19514328,-0.57208693,0.79664028,0
1.9620404,1.6064594,4.6598377,-0.33434829,0.802405,0.4943254,0
0.85337293,1.5863373,3.8235385,-0.33434829,0.802405,0.4943254,0
-4.2562685,-1.9979026,-2.1682825,-0.92202508,-0.169891,-0.34786034,0
-0.35175574,-3.2823603,-0.78291452,0.33434829,-0.802405,-0.4943254,0
0.28433633,0.51221204,4.1342525,-0.19514328,-0.57208693,0.79664028,0
-3.5802205,-0.85212517,-4.4256935,-0.92202508,-0.169891,-0.34786034,0
-4.5506253,-2.3908463,-1.0610642,-0.92202508,-0.169891,-0.34786034,0
-4.5867691,-4.4783182,-0.53561926,-0.92202508,-0.169891,-0.34786034,0
-4.8792224,1.4915547,-2.1412168,-0.92202508,-0.169891,-0.34786034,0
-1.7965406,-1.431426,2.162231,-0.19514328,-0.57208693,0.79664028,0
-2.1181381,3.0388346,-1.9825842,0.19514328,0.57208693,-0.79664028,0
2.5972452,2.3781106,3.944118,-0.33434829,0.802405,0.4943254,0
2.2379255,1.3197062,5.1796694,-0.19514328,-0.57208693,0.79664028,0
-5.4659648,-1.4393061,0.64874935,-0.92202508,-0.169891,-0.34786034,0
4.3258266,-3.1965609,2.3289242,-0.19514328,-0.57208693,0.79664028,0
2.2599521,-3.1854529,0.67141294,0.33434829,-0.802405,-0.4943254,0
-4.0870981,-4.2004995,-1.4655709,-0.92202508,-0.169891,-0.34786034,0
-1.4376488,1.5024548,2.286921,-0.33434829,0.802405,0.4943254,0
5.4568524,-0.73679781,0.40537119,0.92202508,0.169891,0.34786034,0
2.5303624,1.0225993,-2.211628,0.19514328,0.57208693,-0.79664028,0
-5.4046774,-0.53859407,-0.028719425,-0.92202508,-0.169891,-0.34786034,0
-3.4391203,-1.4060478,-4.4637399,-0.92202508,-0.169891,-0.34786034,0
-4.2862077,-1.5541816,-2.4369373,-0.92202508,-0.169891,-0.34786034,0
1.0824776,0.9653883,4.5409861,-0.19514328,-0.57208693,0.79664028,0
-5.2276568,-0.035728425,-0.92293835,-0.92202508,-0.169891,-0.34786034,0
4.4515371,0.93313032,-2.2198234,0.19514328,0.57208693,-0.79664028,0
5.02631,0.39422661,0.46713018,0.92202508,0.169891,0.34786034,0
4.4715185,1.3313178,1.9568553,0.92202508,0.169891,0.34786034,0
0.9159925,0.83036965,-2.9520111,0.19514328,0.57208693,-0.79664028,0
4.4985857,2.5162506,0.75575304,0.92202508,0.169891,0.34786034,0
-3.3005571,-0.052164078,2.9637699,-0.19514328,-0.57208693,0.79664028,0
5.1999812,0.2222085,0.38675594,0.92202508,0.169891,0.34786034,0
-6.0480103,-0.50650215,1.5837374,-0.92202508,-0.169891,-0.34786034,0
5.2550344,2.669292,-0.2887826,0.92202508,0.169891,0.34786034,0
-1.5390377,-2.3442152,-2.927362,0.33434829,-0.802405,-0.4943254,0
1.470138,2.2590485,3.2183316,-0.33434829,0.802405,0.4943254,0
-1.5483444,-0.96114826,-4.983531,0.19514328,0.57208693,-0.79664028,0
4.9746566,2.3085699,-0.87175584,0.19514328,0.57208693,-0.79664028,0
-3.3319633,1.1187315,2.226897,-0.33434829,0.802405,0.4943254,0
-4.8482361,0.63164616,1.7878914,-0.33434829,0.802405,0.4943254,0
3.6115286,1.3831609,-2.0929184,0.19514328,0.57208693,-0.79664028,0
-2.0938807,-2.3788991,-3.5811453,0.33434829,-0.802405,-0.4943254,0
4.2536659,3.5802433,0.95930958,0.92202508,0.169891,0.34786034,0
5.4295702,-1.4230306,0.12616873,0.33434829,-0.802405,-0.4943254,0
2.1729507,-0.75840831,-3.32568,0.33434829,-0.802405,-0.4943254,0
4.3680329,-0.55801773,3.4425335,0.92202508,0.169891,0.34786034,0
-4.4204416,0.74835014,2.2116737,-0.33434829,0.802405,0.4943254,0
5.2730041,-0.37609434,-2.1725776,0.33434829,-0.802405,-0.4943254,0
-4.822958,1.4039717,0.26817131,-0.33434829,0.802405,0.4943254,0
2.8813734,-0.62977207,3.9263711,-0.19514328,-0.57208693,0.79664028,0
-3.1756792,0.78153801,2.4966764,-0.33434829,0.802405,0.4943254,0
-4.9125142,-0.70441103,2.2394874,-0.19514328,-0.57208693,0.79664028,0
-4.4317279,-1.9292916,1.2895458,-0.19514328,-0.57208693,0.79664028,0
2.4269803,-1.383199,3.2032692,-0.19514328,-0.57208693,0.79664028,0
4.9315271,2.3085043,0.44803905,0.92202508,0.169891,0.34786034,0
-5.1309633,-1.7888038,0.53823709,-0.92202508,-0.169891,-0.34786034,0
1.2575133,2.9977558,1.9068569,-0.33434829,0.802405,0.4943254,0
-5.9168792,-0.30824494,1.2814889,-0.92202508,-0.169891,-0.34786034,0
3.9126463,2.3516185,2.5298705,0.92202508,0.169891,0.34786034,0
-2.0684857,-1.0866498,2.6559241,-0.19514328,-0.57208693,0.79664028,0
-5.5839939,-1.1205813,0.97177362,-0.92202508,-0.169891,-0.34786034,0
-5.7041492,1.1061109,-0.057531834,-0.92202508,-0.169891,-0.34786034,0
-4.2086473,0.68897533,1.7113084,-0.33434829,0.802405,0.4943254,0
-2.8697519,-3.0200136,-2.8345654,0.33434829,-0.802405,-0.4943254,0
4.941957,1.8931203,-0.20426512,0.92202508,0.169891,0.34786034,0
3.6316612,2.9714031,3.3717561,0.92202508,0.169891,0.34786034,0
-4.0951643,-3.6286435,-1.4612303,-0.92202508,-0.169891,-0.34786034,0
-0.72478437,-0.88408136,2.796169,-0.19514328,-0.57208693,0.79664028,0
-4.243216,3.030169,-2.4580288,0.19514328,0.57208693,-0.79664028,0
5.9202247,-1.247942,-0.15240097,0.92202508,0.169891,0.34786034,0
-5.1277018,-1.3078508,-0.40927744,-0.92202508,-0.169891,-0.34786034,0
-4.1981649,2.2133605,-3.1156788,0.19514328,0.57208693,-0.79664028,0
5.1940174,-0.47571778,1.2646489,0.92202508,0.169891,0.34786034,0
4.1555023,2.5438478,2.6112461,0.92202508,0.169891,0.34786034,0
-0.71607637,-3.8407016,0.015221655,0.33434829,-0.802405,-0.4943254,0
-4.7849302,-3.6922812,-0.21484423,-0.92202508,-0.169891,-0.34786034,0
5.5633416,-1.628686,0.076293945,0.33434829,-0.802405,-0.4943254,0
-3.5196381,-3.4714797,-2.7798896,0.33434829,-0.802405,-0.4943254,0
-1.4171572,-1.2366204,-4.8441219,0.19514328,0.57208693,-0.79664028,0
-0.64236808,-4.1542196,0.16105285,0.33434829,-0.802405,-0.4943254,0
4.559063,-1.5033741,2.6625409,0.92202508,0.169891,0.34786034,0
1.4551516,4.407258,-0.26208365,-0.33434829,0.802405,0.4943254,0
-0.40044761,-3.4923368,1.1944895,-0.19514328,-0.57208693,0.79664028,0
-3.0511498,-2.4938178,-4.4384365,0.33434829,-0.802405,-0.4943254,0
0.97884536,-3.2139699,0.14680344,0.33434829,-0.802405,-0.4943254,0
1.6303477,-1.1706047,3.5135326,-0.19514328,-0.57208693,0.79664028,0
-4.61377,-0.46554661,-1.4916911,-0.92202508,-0.169891,-0.34786034,0
-3.2738485,-1.5561664,-5.1510205,-0.92202508,-0.169891,-0.34786034,0
-0.85844815,1.0395479,3.7305689,-0.33434829,0.802405,0.4943254,0
0.46777189,-1.9322679,-2.455107,0.33434829,-0.802405,-0.4943254,0
3.9535289,3.1443379,2.1308379,0.92202508,0.169891,0.34786034,0
3.8320577,-1.4116352,-1.5766131,0.33434829,-0.802405,-0.4943254,0
4.4097686,-0.010481209,2.2196479,0.92202508,0.169891,0.34786034,0
-4.3033972,2.3684828,-2.9890304,0.19514328,0.57208693,-0.79664028,0
2.2046537,-0.93815756,3.7908013,-0.19514328,-0.57208693,0.79664028,0
1.64045,1.9498987,4.1815667,-0.33434829,0.802405,0.4943254,0
-0.24149799,-0.50913215,-4.3705773,0.19514328,0.57208693,-0.79664028,0
2.845535,1.1753778,5.5011563,-0.19514328,-0.57208693,0.79664028,0
1.0889183,-0.61756611,-4.1126003,0.33434829,-0.802405,-0.4943254,0
3.689585,-2.5178971,2.7569036,-0.19514328,-0.57208693,0.79664028,0
-4.2052488,0.098874688,-3.6487179,-0.92202508,-0.169891,-0.34786034,0
-1.0431223,-2.7809935,-2.1046858,0.33434829,-0.802405,-0.4943254,0
-1.7508101,-3.8341231,0.50410366,-0.19514328,-0.57208693,0.79664028,0
-3.6484485,3.3090212,-2.1424389,-0.33434829,0.802405,0.4943254,0
-4.9802575,-2.3934278,0.92357492,-0.19514328,-0.57208693,0.79664028,0
-4.3816719,1.277998,0.84533167,-0.33434829,0.802405,0.4943254,0
2.188544,1.3321307,4.9956856,-0.33434829,0.802405,0.4943254,0
1.4124475,3.1903949,2.0341823,-0.33434829,0.802405,0.4943254,0
3.754302,-2.7159472,0.64230871,0.33434829,-0.802405,-0.4943254,0
5.3392467,1.9889208,-1.1332321,0.92202508,0.169891,0.34786034,0
-4.7983084,2.2684512,-3.2789984,-0.92202508,-0.169891,-0.34786034,0
-5.7074842,0.53313208,0.94087887,-0.33434829,0.802405,0.4943254,0
-1.5275867,-1.3086338,2.6374013,-0.19514328,-0.57208693,0.79664028,0
2.9049101,-0.46106708,4.1288509,-0.19514328,-0.57208693,0.79664028,0
-4.2428002,-3.6590989,-0.94908905,-0.92202508,-0.169891,-0.34786034,0
2.8026965,4.2718658,0.96711659,-0.33434829,0.802405,0.4943254,0
5.2280602,1.9109226,-0.51121664,0.92202508,0.169891,0.34786034,0
-4.0555954,2.1566565,-3.3615561,0.19514328,0.57208693,-0.79664028,0
-2.7836623,-3.2589719,0.63948488,-0.19514328,-0.57208693,0.79664028,0
4.5302286,-0.20374894,-2.50317,0.33434829,-0.802405,-0.4943254,0
3.7225301,2.5940118,3.0493174,0.92202508,0.169891,0.34786034,0
4.2250524,-0.80423176,2.9987221,0.92202508,0.169891,0.34786034,0
3.3130093,-1.4396935,-1.4806349,0.33434829,-0.802405,-0.4943254,0
-0.62486231,1.1056843,3.5922484,-0.33434829,0.802405,0.4943254,0
-0.58120632,-3.1038792,-1.7034154,0.33434829,-0.802405,-0.4943254,0
-4.8010473,-0.24695814,-1.1929388,-0.92202508,-0.169891,-0.34786034,0
0.19159722,-0.66025782,3.4853153,-0.19514328,-0.57208693,0.79664028,0
-1.4444053,1.4062412,2.8742235,-0.33434829,0.802405,0.4943254,0
2.1131489,1.193274,5.1219716,-0.19514328,-0.57208693,0.79664028,0
-4.3228445,1.6030209,-3.3052144,-0.92202508,-0.169891,-0.34786034,0
-0.22401011,-2.8908131,-1.4218559,0.33434829,-0.802405,-0.4943254,0
4.3640628,-3.1127546,2.469368,-0.19514328,-0.57208693,0.79664028,0
2.666888,2.4655707,-1.1176575,0.19514328,0.57208693,-0.79664028,0
-2.2100811,3.6532564,-1.3727331,-0.33434829,0.802405,0.4943254,0
-5.1991429,1.8469226,-1.6866422,-0.92202508,-0.169891,-0.34786034,0
-5.5268979,0.69957876,-0.022346973,-0.92202508,-0.169891,-0.34786034,0
-0.99386656,0.83090281,3.8342416,-0.33434829,0.802405,0.4943254,0
3.1313725,2.6059763,4.0535107,-0.33434829,0.802405,0.4943254,0
-4.2639337,1.5394912,0.6601212,-0.33434829,0.802405,0.4943254,0
4.3016467,2.0186431,-1.4658897,0.19514328,0.57208693,-0.79664028,0
2.1589611,2.7258861,3.0900548,-0.33434829,0.802405,0.4943254,0
5.0141802,-0.55282956,1.3390579,0.92202508,0.169891,0.34786034,0
-2.5298002,1.2482666,-3.3393896,0.19514328,0.57208693,-0.79664028,0
-1.8836881,2.9349909,0.18598795,-0.33434829,0.802405,0.4943254,0
-2.3858635,3.2903838,-1.9358268,0.19514328,0.57208693,-0.79664028,0
3.257704,3.5293519,2.7372332,-0.33434829,0.802405,0.4943254,0
-5.1963282,-2.0871165,0.86970758,-0.19514328,-0.57208693,0.79664028,0
-4.3852296,-3.8595815,-0.96729946,-0.92202508,-0.169891,-0.34786034,0
3.1512778,-2.1344922,-0.33489275,0.33434829,-0.802405,-0.4943254,0
4.9951234,0.59523529,0.60778856,0.92202508,0.169891,0.34786034,0
0.48605204,0.42993999,4.1864657,-0.19514328,-0.57208693,0.79664028,0
-4.0000153,1.4845934,-3.4595957,0.19514328,0.57208693,-0.79664028,0
3.6040404,2.6459954,3.6518931,0.92202508,0.169891,0.34786034,0
5.7371473,0.32093883,-0.57118082,0.92202508,0.169891,0.34786034,0
-2.9580176,3.16993,-1.2526605,-0.33434829,0.802405,0.4943254,0
-2.9239445,-4.218008,-1.3640814,0.33434829,-0.802405,-0.4943254,0
-0.30692482,-1.7813766,-3.6592917,0.33434829,-0.802405,-0.4943254,0
