-2.6478901,-3.1937914,0.16619325,-0.8704716,-0.21257138,-0.44395101,0
-1.8920677,-2.6458044,-2.0062814,-0.8704716,-0.21257138,-0.44395101,0
-2.8258705,3.8721681,0.72735262,-0.43385637,0.75735044,0.48804605,0
3.0374188,-4.1699495,1.3613681,-0.2324819,-0.61744118,0.7514776,0
0.26609087,5.3923378,1.3465371,-0.43385637,0.75735044,0.48804605,0
-1.9954971,0.45733202,3.9415512,-0.2324819,-0.61744118,0.7514776,0
-1.8902382,3.6366675,1.7209082,-0.43385637,0.75735044,0.48804605,0
4.5715542,-2.9062023,-1.0477405,0.43385637,-0.75735044,-0.48804605,0
-0.38889703,2.3461881,4.876339,-0.43385637,0.75735044,0.48804605,0
-5.0592394,0.89424658,2.6258857,-0.8704716,-0.21257138,-0.44395101,0
1.5731359,-4.8976183,0.35492897,-0.2324819,-0.61744118,0.7514776,0
2.8768959,1.5616865,0.74204695,0.8704716,0.21257138,0.44395101,0
-1.2324457,-0.71372628,-3.8884637,-0.8704716,-0.21257138,-0.44395101,0
1.4152682,-4.7757082,0.37149239,-0.2324819,-0.61744118,0.7514776,0
4.289135,-2.7293677,-0.263515,0.8704716,0.21257138,0.44395101,0
-0.303038,2.9213495,4.5274706,-0.43385637,0.75735044,0.48804605,0
3.8288124,0.41941857,-0.59835893,0.8704716,0.21257138,0.44395101,0
-1.2935154,-1.1662254,-3.5854318,-0.8704716,-0.21257138,-0.44395101,0
-1.6439738,-5.02283,-1.4306705,-0.8704716,-0.21257138,-0.44395101,0
-0.5001117,-3.2474527,-4.156024,-0.8704716,-0.21257138,-0.44395101,0
-1.2059989,2.7284493,-2.1100104,0.2324819,0.61744118,-0.7514776,0
-1.143918,3.1730678,3.2342672,-0.43385637,0.75735044,0.48804605,0
-0.85429096,-4.2581801,0.44058824,-0.2324819,-0.61744118,0.7514776,0
0.81005883,-4.3152733,-1.7774105,0.43385637,-0.75735044,-0.48804605,0
0.014247656,4.7028389,2.0257108,-0.43385637,0.75735044,0.48804605,0
-2.0326183,-3.1701887,0.7160641,-0.2324819,-0.61744118,0.7514776,0
-3.9531403,2.5871751,1.3123648,-0.43385637,0.75735044,0.48804605,0
-3.2013638,3.7065446,0.49448752,-0.43385637,0.75735044,0.48804605,0
2.1931896,1.8337536,1.6858658,0.8704716,0.21257138,0.44395101,0
-1.0228095,4.7904849,1.1823368,-0.43385637,0.75735044,0.48804605,0
-4.0002327,-0.33149958,0.98318648,-0.8704716,-0.21257138,-0.44395101,0
-1.4142861,5.0503764,0.047821283,-0.43385637,0.75735044,0.48804605,0
-0.22360265,3.6483126,3.7248237,-0.43385637,0.75735044,0.48804605,0
1.4742084,-4.0083518,-1.368958,0.43385637,-0.75735044,-0.48804605,0
2.072927,2.9813418,0.84126282,0.8704716,0.21257138,0.44395101,0
3.7170324,-2.1584804,-2.9613752,0.43385637,-0.75735044,-0.48804605,0
-2.7144032,1.3602757,4.2302704,-0.2324819,-0.61744118,0.7514776,0
-4.0225229,1.9736328,-0.18286347,-0.8704716,-0.21257138,-0.44395101,0
1.6075977,2.5554736,2.0667305,0.8704716,0.21257138,0.44395101,0
-0.53237939,4.6511011,1.3688526,-0.43385637,0.75735044,0.48804605,0
2.8238564,-0.8580451,-3.7770638,0.2324819,0.61744118,-0.7514776,0
1.0105062,2.3331802,-1.7137177,0.2324819,0.61744118,-0.7514776,0
4.6610327,0.40395498,-2.2030623,0.8704716,0.21257138,0.44395101,0
1.8751597,3.6101303,-0.64181042,0.2324819,0.61744118,-0.7514776,0
-2.3833959,-3.0081792,-0.47049451,-0.8704716,-0.21257138,-0.44395101,0
0.8327353,3.2549198,3.201503,0.8704716,0.21257138,0.44395101,0
0.42182374,-4.2200184,-2.1057906,0.43385637,-0.75735044,-0.48804605,0
1.9068524,2.5690227,1.9719584,0.8704716,0.21257138,0.44395101,0
-4.3345566,2.5384779,1.5358592,-0.43385637,0.75735044,0.48804605,0
-3.3434048,1.728514,-0.97460604,-0.8704716,-0.21257138,-0.44395101,0
2.2849507,1.0740809,1.6741014,0.8704716,0.21257138,0.44395101,0
-2.9083307,0.072743177,3.1136465,-0.2324819,-0.61744118,0.7514776,0
4.2421045,-1.4380288,-0.49049568,0.8704716,0.21257138,0.44395101,0
-3.6896379,3.4582009,0.28622556,-0.43385637,0.75735044,0.48804605,0
1.4461586,3.5718863,1.9160786,0.8704716,0.21257138,0.44395101,0
-3.4965076,1.1296794,0.002329886,-0.8704716,-0.21257138,-0.44395101,0
4.795311,-1.1268919,-2.0358734,0.8704716,0.21257138,0.44395101,0
4.7572002,-2.019942,-2.1821904,0.43385637,-0.75735044,-0.48804605,0
1.6853932,2.6969137,2.2993922,0.8704716,0.21257138,0.44395101,0
-1.9564161,-0.71283674,-2.9566755,-0.8704716,-0.21257138,-0.44395101,0
0.35138798,-4.9212503,-1.1239395,0.43385637,-0.75735044,-0.48804605,0
1.4701424,-4.0381875,-1.275507,0.43385637,-0.75735044,-0.48804605,0
-4.0795927,-1.1305537,1.4251636,-0.8704716,-0.21257138,-0.44395101,0
4.1801167,-3.8496103,0.58977389,0.8704716,0.21257138,0.44395101,0
-0.91065836,-3.0895896,-3.6708307,-0.8704716,-0.21257138,-0.44395101,0
2.7280693,-3.4218013,1.8241391,-0.2324819,-0.61744118,0.7514776,0
2.4271469,-2.1514876,-3.4069006,0.43385637,-0.75735044,-0.48804605,0
-4.5168056,2.5677595,0.84843135,-0.8704716,-0.21257138,-0.44395101,0
0.74802494,4.5402756,2.6916382,-0.43385637,0.75735044,0.48804605,0
-4.3158803,1.893986,2.5192859,-0.43385637,0.75735044,0.48804605,0
-3.4947031,0.5585947,0.033425063,-0.8704716,-0.21257138,-0.44395101,0
-2.3015413,3.4033716,-1.9173141,0.2324819,0.61744118,-0.7514776,0
-3.9275529,-1.1131713,1.932373,-0.2324819,-0.61744118,0.7514776,0
-4.2560344,0.46649671,3.1896367,-0.2324819,-0.61744118,0.7514776,0
-3.0276258,3.372529,1.6339295,-0.43385637,0.75735044,0.48804605,0
3.758827,0.57788992,-1.0422575,0.8704716,0.21257138,0.44395101,0
0.11093605,0.92595196,-3.2162929,0.2324819,0.61744118,-0.7514776,0
-0.75106931,-3.4594102,0.92141831,-0.2324819,-0.61744118,0.7514776,0
1.0976326,1.6826875,3.8155956,0.8704716,0.21257138,0.44395101,0
2.7666526,-2.2197883,2.3757467,0.8704716,0.21257138,0.44395101,0
3.484899,-0.44417667,0.2874054,0.8704716,0.21257138,0.44395101,0
0.33172655,-5.224699,-0.49640083,0.43385637,-0.75735044,-0.48804605,0
-2.9808009,-0.90552068,-0.81603014,-0.8704716,-0.21257138,-0.44395101,0
-2.073081,-0.3626323,3.0959151,-0.2324819,-0.61744118,0.7514776,0
2.0263057,0.63229638,-2.8519478,0.2324819,0.61744118,-0.7514776,0
-2.7035563,-2.8779666,0.19721317,-0.8704716,-0.21257138,-0.44395101,0
-2.4978743,3.3529012,-2.222429,0.2324819,0.61744118,-0.7514776,0
1.4978495,2.0468891,3.2366419,0.8704716,0.21257138,0.44395101,0
-0.5816133,-3.7949171,0.64953208,-0.2324819,-0.61744118,0.7514776,0
-4.5210786,1.1828675,1.2444961,-0.8704716,-0.21257138,-0.44395101,0
-0.24220967,4.8202581,1.5043578,-0.43385637,0.75735044,0.48804605,0
3.0934362,-1.0087273,1.4317747,0.8704716,0.21257138,0.44395101,0
1.2291226,0.33583927,4.3489833,0.8704716,0.21257138,0.44395101,0
1.6684499,-4.537446,-0.64210176,0.43385637,-0.75735044,-0.48804605,0
-0.087970257,-3.7100463,-3.3677919,0.43385637,-0.75735044,-0.48804605,0
0.12437129,1.9790149,-2.4422615,0.2324819,0.61744118,-0.7514776,0
-3.721915,3.582962,-1.3571087,-0.8704716,-0.21257138,-0.44395101,0
4.4390354,-0.33110547,-2.1183116,0.8704716,0.21257138,0.44395101,0
1.4047936,-3.6107049,-2.4852445,0.43385637,-0.75735044,-0.48804605,0
1.0658624,4.0057073,2.371762,0.8704716,0.21257138,0.44395101,0
3.1140833,-0.5739944,-3.4691625,0.2324819,0.61744118,-0.7514776,0
-4.5706587,1.2899151,1.3152684,-0.8704716,-0.21257138,-0.44395101,0
-1.6130822,3.9306753,1.5754845,-0.43385637,0.75735044,0.48804605,0
-2.0220366,0.32537723,3.7193792,-0.2324819,-0.61744118,0.7514776,0
1.2491114,3.4734588,2.3673232,0.8704716,0.21257138,0.44395101,0
4.5554595,-1.2126784,-1.2946274,0.8704716,0.21257138,0.44395101,0
-2.6893406,-2.1442931,-0.1772002,-0.8704716,-0.21257138,-0.44395101,0
-4.3610263,1.9725795,1.9769467,-0.43385637,0.75735044,0.48804605,0
1.6049874,0.93865299,3.0579519,0.8704716,0.21257138,0.44395101,0
-2.4838889,2.5955629,2.8516033,-0.43385637,0.75735044,0.48804605,0
3.7360978,-4.4421682,0.77458334,0.43385637,-0.75735044,-0.48804605,0
2.315845,-2.6202989,-2.9830036,0.43385637,-0.75735044,-0.48804605,0
-3.5394254,0.78253174,3.6844151,-0.2324819,-0.61744118,0.7514776,0
1.9456707,3.1327503,1.6846402,0.8704716,0.21257138,0.44395101,0
-2.3833733,4.7299104,-0.14605856,-0.43385637,0.75735044,0.48804605,0
-2.5917015,-0.74867576,2.3819084,-0.2324819,-0.61744118,0.7514776,0
-3.6998918,2.7831171,-1.1493032,-0.8704716,-0.21257138,-0.44395101,0
2.3810375,2.3207364,-1.1452883,0.2324819,0.61744118,-0.7514776,0
-0.58337569,4.5580144,1.6418698,-0.43385637,0.75735044,0.48804605,0
-1.2827137,4.3143339,1.6958997,-0.43385637,0.75735044,0.48804605,0
-2.2598324,2.2832386,-2.958853,0.2324819,0.61744118,-0.7514776,0
-1.6800871,1.9348767,-3.0409784,0.2324819,0.61744118,-0.7514776,0
-3.016407,0.48855114,-1.2991573,-0.8704716,-0.21257138,-0.44395101,0
0.47008324,-4.1776862,-2.3277004,0.43385637,-0.75735044,-0.48804605,0
1.9338361,-0.36027461,-3.8539498,0.2324819,0.61744118,-0.7514776,0
-2.4312322,-4.2732615,-0.17246222,-0.2324819,-0.61744118,0.7514776,0
-1.9041576,4.9594021,-0.61002469,0.2324819,0.61744118,-0.7514776,0
-1.0744786,-5.2441854,-0.76581049,-0.2324819,-0.61744118,0.7514776,0
-1.3417108,-2.9991064,-2.5292459,-0.8704716,-0.21257138,-0.44395101,0
2.8611925,-2.672811,-2.6809282,0.43385637,-0.75735044,-0.48804605,0
-1.320321,2.4307425,3.9326315,-0.43385637,0.75735044,0.48804605,0
-0.70150065,3.2716758,-1.6555567,0.2324819,0.61744118,-0.7514776,0
-4.5644493,2.5321691,1.2864946,-0.8704716,-0.21257138,-0.44395101,0
3.3617456,-1.847765,-3.2408471,0.43385637,-0.75735044,-0.48804605,0
1.2205908,-2.4459605,2.380301,-0.2324819,-0.61744118,0.7514776,0
4.7308564,-1.4789116,-1.793047,0.8704716,0.21257138,0.44395101,0
3.7432539,-2.3374794,0.98139459,0.8704716,0.21257138,0.44395101,0
0.53977787,2.1833727,4.7242641,0.8704716,0.21257138,0.44395101,0
-4.4970555,2.176312,0.87932587,-0.8704716,-0.21257138,-0.44395101,0
-1.6629791,4.3408155,1.3037295,-0.43385637,0.75735044,0.48804605,0
2.0335131,-1.9987178,-4.6168094,0.43385637,-0.75735044,-0.48804605,0
-1.5199362,2.6828067,3.6144876,-0.43385637,0.75735044,0.48804605,0
-3.3546627,-1.2111684,0.68359548,-0.8704716,-0.21257138,-0.44395101,0
-2.1962128,1.7117591,4.2915201,-0.43385637,0.75735044,0.48804605,0
-4.1787591,1.3997422,2.9629271,-0.43385637,0.75735044,0.48804605,0
4.4164553,-3.0217173,-0.47818756,0.8704716,0.21257138,0.44395101,0
1.6746731,-2.6502638,2.537858,-0.2324819,-0.61744118,0.7514776,0
-3.1177006,2.7288294,2.498281,-0.43385637,0.75735044,0.48804605,0
0.42904526,1.537981,5.3399811,0.8704716,0.21257138,0.44395101,0
-0.33544827,5.2329683,0.94476748,-0.43385637,0.75735044,0.48804605,0
0.81161451,5.6995411,1.1900625,-0.43385637,0.75735044,0.48804605,0
-3.8149557,2.5240417,2.1955838,-0.43385637,0.75735044,0.48804605,0
3.7268095,-1.5120835,-3.26194,0.43385637,-0.75735044,-0.48804605,0
-4.4203482,1.3514996,2.9405971,-0.43385637,0.75735044,0.48804605,0
3.795862,-3.2133799,0.64839041,0.8704716,0.21257138,0.44395101,0
3.4578493,-0.84585893,-3.4412882,0.2324819,0.61744118,-0.7514776,0
-4.2687907,2.7229671,1.0886935,-0.43385637,0.75735044,0.48804605,0
3.8760686,-1.526217,-3.5824742,0.43385637,-0.75735044,-0.48804605,0
1.9878873,-2.1616116,2.8897524,-0.2324819,-0.61744118,0.7514776,0
-2.1540716,-4.2684417,-0.42285013,-0.8704716,-0.21257138,-0.44395101,0
0.52595568,-4.0377016,0.64894438,-0.2324819,-0.61744118,0.7514776,0
-1.8560243,3.4313631,2.6093991,-0.43385637,0.75735044,0.48804605,0
-3.9248366,2.9277287,1.5489691,-0.43385637,0.75735044,0.48804605,0
-4.160367,3.6027844,0.27784276,-0.43385637,0.75735044,0.48804605,0
-1.5777564,4.7671967,-0.7745018,0.2324819,0.61744118,-0.7514776,0
-4.6775827,1.2891389,3.1024163,-0.43385637,0.75735044,0.48804605,0
2.8599186,-1.5918648,-4.4236565,0.2324819,0.61744118,-0.7514776,0
-2.6431429,0.30240059,-1.9680207,-0.8704716,-0.21257138,-0.44395101,0
2.6279209,-1.903744,2.1714625,0.8704716,0.21257138,0.44395101,0
4.5978212,-2.6478431,-1.1674653,0.43385637,-0.75735044,-0.48804605,0
0.72920656,-2.1999536,2.4823723,-0.2324819,-0.61744118,0.7514776,0
1.0608956,2.343101,3.2259078,0.8704716,0.21257138,0.44395101,0
-2.3861456,-2.2084165,-1.1654422,-0.8704716,-0.21257138,-0.44395101,0
4.1353235,0.86925936,-1.4921656,0.8704716,0.21257138,0.44395101,0
-3.7375946,0.75405192,0.20754185,-0.8704716,-0.21257138,-0.44395101,0
-2.0783808,1.6313031,-3.3353415,-0.8704716,-0.21257138,-0.44395101,0
-0.54183078,2.9179804,3.8627882,-0.43385637,0.75735044,0.48804605,0
-2.6309791,-2.5735226,-0.53556299,-0.8704716,-0.21257138,-0.44395101,0
1.2839215,5.3099213,1.7795386,0.8704716,0.21257138,0.44395101,0
2.2443016,0.30147815,2.4367137,0.8704716,0.21257138,0.44395101,0
2.4621902,-1.2100956,-4.0285854,0.2324819,0.61744118,-0.7514776,0
1.5178869,1.0107765,3.6781609,0.8704716,0.21257138,0.44395101,0
4.4627161,-1.7786527,-1.1943852,0.8704716,0.21257138,0.44395101,0
-2.1499319,3.7481408,1.1128268,-0.43385637,0.75735044,0.48804605,0
3.1525316,0.13807964,0.079545975,0.8704716,0.21257138,0.44395101,0
1.8167565,-0.90399003,-4.2406044,0.2324819,0.61744118,-0.7514776,0
-2.5395133,0.24203897,-2.2482026,-0.8704716,-0.21257138,-0.44395101,0
3.0857024,-2.3798845,1.533825,0.8704716,0.21257138,0.44395101,0
0.55894125,1.1540841,-2.6396155,0.2324819,0.61744118,-0.7514776,0
3.6822147,-4.0083704,-0.074727297,0.43385637,-0.75735044,-0.48804605,0
1.6140819,0.7092309,2.8709655,0.8704716,0.21257138,0.44395101,0
-0.072028577,-1.6747336,-5.6554837,0.2324819,0.61744118,-0.7514776,0
4.0760126,-2.3985739,0.32831812,0.8704716,0.21257138,0.44395101,0
0.56444812,2.0855515,-1.8499608,0.2324819,0.61744118,-0.7514776,0
0.22142124,-4.6548738,0.18739796,-0.2324819,-0.61744118,0.7514776,0
3.5735121,-4.2970247,0.25414753,0.43385637,-0.75735044,-0.48804605,0
4.7871113,-1.4296837,-2.5500472,0.43385637,-0.75735044,-0.48804605,0
4.2999744,-2.4449234,-0.27628648,0.8704716,0.21257138,0.44395101,0
2.5781655,2.4257641,0.21133995,0.8704716,0.21257138,0.44395101,0
-4.2212386,0.85200071,0.70517159,-0.8704716,-0.21257138,-0.44395101,0
0.23639202,4.2281871,2.821857,-0.43385637,0.75735044,0.48804605,0
-1.5501969,-1.9485477,-2.5853543,-0.8704716,-0.21257138,-0.44395101,0
-2.3552468,1.4960918,-2.9673715,-0.8704716,-0.21257138,-0.44395101,0
1.1878417,3.2432795,-1.0828372,0.2324819,0.61744118,-0.7514776,0
-2.5443966,0.81222934,3.7781279,-0.2324819,-0.61744118,0.7514776,0
2.9852791,0.89323735,0.23790836,0.8704716,0.21257138,0.44395101,0
0.28245786,-2.5497046,-5.2237978,0.43385637,-0.75735044,-0.48804605,0
0.33206367,5.5961361,1.0508323,-0.43385637,0.75735044,0.48804605,0
2.9594586,-4.3415442,1.3141196,-0.2324819,-0.61744118,0.7514776,0
4.3526545,-1.8867044,-2.1793392,0.43385637,-0.75735044,-0.48804605,0
2.7717259,-1.7705616,-4.2304215,0.43385637,-0.75735044,-0.48804605,0
-0.29785681,-4.630857,0.054373026,-0.2324819,-0.61744118,0.7514776,0
-0.19909692,-4.0413933,0.36367393,-0.2324819,-0.61744118,0.7514776,0
3.7954454,-0.42463541,-0.17008004,0.8704716,0.21257138,0.44395101,0
-4.1753583,0.61373806,1.4249176,-0.8704716,-0.21257138,-0.44395101,0
-1.912899,-4.2454915,-0.20136213,-0.2324819,-0.61744118,0.7514776,0
-2.6087642,-1.8236783,1.9086151,-0.2324819,-0.61744118,0.7514776,0
-2.0973778,-3.1143191,-0.85451651,-0.8704716,-0.21257138,-0.44395101,0
2.5852995,3.1912925,-0.010017157,0.8704716,0.21257138,0.44395101,0
3.732265,-4.571466,1.1544909,-0.2324819,-0.61744118,0.7514776,0
0.85860163,-0.87726665,-4.388185,0.2324819,0.61744118,-0.7514776,0
-0.29974389,3.5261452,3.5197001,-0.43385637,0.75735044,0.48804605,0
-2.8476186,4.3245149,0.3212707,-0.43385637,0.75735044,0.48804605,0
-3.1434326,3.3644311,-2.1725922,0.2324819,0.61744118,-0.7514776,0
-2.9144821,1.4290015,4.0253124,-0.43385637,0.75735044,0.48804605,0
1.4290907,3.9932094,-0.31654954,0.2324819,0.61744118,-0.7514776,0
2.6238847,2.158457,0.50480247,0.8704716,0.21257138,0.44395101,0
1.5562987,4.6315017,0.34997082,0.2324819,0.61744118,-0.7514776,0
1.5593592,-1.3044839,-4.3853259,0.2324819,0.61744118,-0.7514776,0
-1.2070277,-4.1996031,-2.4672086,-0.8704716,-0.21257138,-0.44395101,0
-1.3565013,2.1936493,4.8649907,-0.43385637,0.75735044,0.48804605,0
-1.3745625,-1.3047147,2.3449085,-0.2324819,-0.61744118,0.7514776,0
3.0532107,-3.8845992,-0.8110404,0.43385637,-0.75735044,-0.48804605,0
1.0048622,0.90010285,4.672718,0.8704716,0.21257138,0.44395101,0
3.485405,-2.0554304,-2.6619844,0.43385637,-0.75735044,-0.48804605,0
-4.185791,1.7289701,2.8035088,-0.43385637,0.75735044,0.48804605,0
0.30221057,3.4981434,4.2300138,-0.43385637,0.75735044,0.48804605,0
-1.3200002,-5.775229,-1.0166063,-0.2324819,-0.61744118,0.7514776,0
0.65841401,-3.6717033,-2.6246026,0.43385637,-0.75735044,-0.48804605,0
-3.4278269,0.15759325,-0.095698893,-0.8704716,-0.21257138,-0.44395101,0
1.7308176,3.455678,2.1353023,0.8704716,0.21257138,0.44395101,0
2.9808698,-4.1086898,-0.30187178,0.43385637,-0.75735044,-0.48804605,0
3.7891657,1.3730767,-1.5013633,0.2324819,0.61744118,-0.7514776,0
-1.9710159,3.840539,1.8683465,-0.43385637,0.75735044,0.48804605,0
3.1560769,0.11741257,0.21392812,0.8704716,0.21257138,0.44395101,0
-1.1406443,1.1494122,-3.4406424,0.2324819,0.61744118,-0.7514776,0
1.6874042,4.0242357,-0.31570983,0.2324819,0.61744118,-0.7514776,0
-3.5602953,1.9187796,-0.98999035,-0.8704716,-0.21257138,-0.44395101,0
-2.0314825,-1.0913411,2.2106102,-0.2324819,-0.61744118,0.7514776,0
-0.15357649,-3.0481033,-4.4115105,0.43385637,-0.75735044,-0.48804605,0
-2.2631695,3.8447492,1.1441915,-0.43385637,0.75735044,0.48804605,0
2.3299983,-2.5424674,-3.5580158,0.43385637,-0.75735044,-0.48804605,0
-2.6154127,-0.36290377,2.9556441,-0.2324819,-0.61744118,0.7514776,0
-0.59363103,4.1933546,2.2178681,-0.43385637,0.75735044,0.48804605,0
-0.27476883,-3.5604229,1.0945724,-0.2324819,-0.61744118,0.7514776,0
-2.872479,3.471633,-2.1220579,0.2324819,0.61744118,-0.7514776,0
1.5473058,3.1833763,2.2957637,0.8704716,0.21257138,0.44395101,0
-0.15120259,-2.0288959,-5.3344574,-0.8704716,-0.21257138,-0.44395101,0
-3.7030745,0.4629693,3.3694441,-0.2324819,-0.61744118,0.7514776,0
3.4599128,-4.109921,0.59396386,0.43385637,-0.75735044,-0.48804605,0
0.011607647,-3.9909315,-3.0864134,0.43385637,-0.75735044,-0.48804605,0
4.1087055,-3.6112003,0.15443921,0.8704716,0.21257138,0.44395101,0
2.420424,-3.4443467,-1.5660851,0.43385637,-0.75735044,-0.48804605,0
-1.8377206,-2.6512876,1.2336656,-0.2324819,-0.61744118,0.7514776,0
-2.1913033,-2.7976174,1.1940742,-0.2324819,-0.61744118,0.7514776,0
-2.5426383,-2.7929549,-0.13470912,-0.8704716,-0.21257138,-0.44395101,0
-3.9834123,0.69103599,0.93136275,-0.8704716,-0.21257138,-0.44395101,0
1.719872,-1.3673053,-4.417789,0.2324819,0.61744118,-0.7514776,0
2.1359961,2.2842736,1.8144264,0.8704716,0.21257138,0.44395101,0
2.3969731,2.4560165,-1.4962516,0.2324819,0.61744118,-0.7514776,0
-2.6146793,-0.97406673,-1.1193144,-0.8704716,-0.21257138,-0.44395101,0
-2.8004832,4.4146967,-1.2846138,0.2324819,0.61744118,-0.7514776,0
1.5497005,4.5202842,0.33519506,0.2324819,0.61744118,-0.7514776,0
-2.6194205,-2.5001538,-0.42298222,-0.8704716,-0.21257138,-0.44395101,0
0.91518474,-0.14788485,4.4034467,-0.2324819,-0.61744118,0.7514776,0
-1.3177974,5.2826681,0.22691393,-0.43385637,0.75735044,0.48804605,0
1.0100055,-2.1399841,-5.3313642,0.43385637,-0.75735044,-0.48804605,0
-0.87929225,-1.5519249,-3.8754847,-0.8704716,-0.21257138,-0.44395101,0
0.51793694,-4.9546089,-1.3444164,0.43385637,-0.75735044,-0.48804605,0
-1.559726,-2.4037054,-2.5636175,-0.8704716,-0.21257138,-0.44395101,0
3.7470045,-1.563149,-3.5171418,0.43385637,-0.75735044,-0.48804605,0
1.7583971,1.2863022,-2.2560711,0.2324819,0.61744118,-0.7514776,0
1.570943,2.9344802,2.6951628,0.8704716,0.21257138,0.44395101,0
-0.82368684,-4.390655,-2.6071062,-0.8704716,-0.21257138,-0.44395101,0
-2.1390295,2.5215089,3.8003287,-0.43385637,0.75735044,0.48804605,0
0.41100302,2.0295482,4.9201431,0.8704716,0.21257138,0.44395101,0
-0.20194705,-1.6123514,-5.3555942,-0.8704716,-0.21257138,-0.44395101,0
0.72082651,1.132555,-2.7602715,0.2324819,0.61744118,-0.7514776,0
-4.0475616,1.8211849,3.0356555,-0.43385637,0.75735044,0.48804605,0
4.791646,-1.8028755,-2.1102993,0.8704716,0.21257138,0.44395101,0
3.0943341,-1.7341561,1.0833733,0.8704716,0.21257138,0.44395101,0
-4.1158319,1.3458555,3.1048141,-0.43385637,0.75735044,0.48804605,0
0.76892757,-4.6123643,-1.1624186,0.43385637,-0.75735044,-0.48804605,0
-3.8249762,0.948982,3.4061716,-0.2324819,-0.61744118,0.7514776,0
-3.4756401,-1.5701752,0.5688104,-0.8704716,-0.21257138,-0.44395101,0
0.073278666,3.5847974,-0.78766155,0.2324819,0.61744118,-0.7514776,0
-0.30842304,0.85862494,4.5053139,-0.2324819,-0.61744118,0.7514776,0
-2.869184,1.1865048,-1.5562129,-0.8704716,-0.21257138,-0.44395101,0
-4.5223942,2.1415758,1.3069242,-0.8704716,-0.21257138,-0.44395101,0
4.9536419,-1.2844658,-2.5919328,0.43385637,-0.75735044,-0.48804605,0
3.5527401,-3.6390224,-0.7424643,0.43385637,-0.75735044,-0.48804605,0
-1.3613379,2.8250225,3.8588481,-0.43385637,0.75735044,0.48804605,0
-0.20401144,1.7003077,-2.5735173,0.2324819,0.61744118,-0.7514776,0
-1.98068,-3.4770265,-0.98952365,-0.8704716,-0.21257138,-0.44395101,0
1.5120817,-2.0398786,2.8297799,-0.2324819,-0.61744118,0.7514776,0
1.7624536,0.41777712,-3.03514,0.2324819,0.61744118,-0.7514776,0
-2.503742,1.4419539,4.2674432,-0.2324819,-0.61744118,0.7514776,0
1.8790776,0.71898627,2.5492241,0.8704716,0.21257138,0.44395101,0
0.85493892,1.849756,3.964551,0.8704716,0.21257138,0.44395101,0
-1.20824,2.4313283,4.6429863,-0.43385637,0.75735044,0.48804605,0
-1.2166266,-3.5545878,0.84248185,-0.2324819,-0.61744118,0.7514776,0
-2.7923725,0.92884266,3.7004087,-0.2324819,-0.61744118,0.7514776,0
1.2128201,5.1705327,1.5132213,0.8704716,0.21257138,0.44395101,0
-2.6268029,4.3144059,-1.4605035,0.2324819,0.61744118,-0.7514776,0
-2.247035,0.10490149,3.5314903,-0.2324819,-0.61744118,0.7514776,0
1.9309114,-0.7018621,-3.8962901,0.2324819,0.61744118,-0.7514776,0
1.3510561,3.7990465,2.2867787,0.8704716,0.21257138,0.44395101,0
3.4683266,-4.0023651,-0.26874042,0.43385637,-0.75735044,-0.48804605,0
1.2872388,4.1091223,2.2191045,0.8704716,0.21257138,0.44395101,0
-2.2734241,-1.3001263,-1.9059913,-0.8704716,-0.21257138,-0.44395101,0
3.367054,1.5393751,-0.2776407,0.8704716,0.21257138,0.44395101,0
-3.3327827,3.4583178,-2.0047987,-0.8704716,-0.21257138,-0.44395101,0
-1.8792969,2.0932462,-2.782469,0.2324819,0.61744118,-0.7514776,0
-5.1120687,0.68983531,2.6213698,-0.8704716,-0.21257138,-0.44395101,0
2.0978286,-4.7060599,0.75533581,-0.2324819,-0.61744118,0.7514776,0
1.992099,3.0464759,-1.1119822,0.2324819,0.61744118,-0.7514776,0
1.4014518,0.3373332,4.2473731,0.8704716,0.21257138,0.44395101,0
2.8017404,0.62437963,-2.8694046,0.2324819,0.61744118,-0.7514776,0
2.9251766,2.1610451,-1.1524634,0.2324819,0.61744118,-0.7514776,0
-2.3398533,3.5545638,1.3828735,-0.43385637,0.75735044,0.48804605,0
-1.4471262,3.7794778,2.0165839,-0.43385637,0.75735044,0.48804605,0
-1.9861133,-1.9230583,1.7685488,-0.2324819,-0.61744118,0.7514776,0
0.26377112,1.0813634,5.1442981,-0.2324819,-0.61744118,0.7514776,0
-2.6320055,2.3387876,2.8535414,-0.43385637,0.75735044,0.48804605,0
0.18423772,-0.87586975,3.5717664,-0.2324819,-0.61744118,0.7514776,0
0.1150434,-2.8003969,1.6346178,-0.2324819,-0.61744118,0.7514776,0
-3.2251639,-0.33931255,-0.69761813,-0.8704716,-0.21257138,-0.44395101,0
-0.6303823,0.52174306,-3.5326343,0.2324819,0.61744118,-0.7514776,0
1.7353469,2.5885715,1.9476625,0.8704716,0.21257138,0.44395101,0
2.3227205,-0.98365259,2.9990149,0.8704716,0.21257138,0.44395101,0
0.056720257,-4.1912136,-2.7210984,0.43385637,-0.75735044,-0.48804605,0
-4.6213026,0.56881857,1.7542007,-0.8704716,-0.21257138,-0.44395101,0
1.2621977,0.15885544,4.565506,0.8704716,0.21257138,0.44395101,0
3.4718642,-0.14192677,-0.28485012,0.8704716,0.21257138,0.44395101,0
-1.777395,-5.1130013,-1.0840182,-0.8704716,-0.21257138,-0.44395101,0
1.8531232,0.81248832,3.0782466,0.8704716,0.21257138,0.44395101,0
-3.3361964,4.2631989,-0.2137177,-0.43385637,0.75735044,0.48804605,0
-1.7529438,2.8497326,-1.9374348,0.2324819,0.61744118,-0.7514776,0
1.6942146,-4.4958501,-0.8862102,0.43385637,-0.75735044,-0.48804605,0
-0.87549239,-0.05241251,-4.1369758,0.2324819,0.61744118,-0.7514776,0
1.2246896,-2.1923862,2.8002255,-0.2324819,-0.61744118,0.7514776,0
2.0586452,-2.2156301,2.734623,-0.2324819,-0.61744118,0.7514776,0
-0.40619946,4.9012976,0.90891099,-0.43385637,0.75735044,0.48804605,0
2.9608414,-2.5691798,-2.3804541,0.43385637,-0.75735044,-0.48804605,0
2.1878982,3.0565059,0.57242703,0.8704716,0.21257138,0.44395101,0
-3.5600557,0.47113729,0.019107074,-0.8704716,-0.21257138,-0.44395101,0
2.8642471,-3.9766381,-0.26036167,0.43385637,-0.75735044,-0.48804605,0
0.51798511,-4.7947168,-1.2135427,0.43385637,-0.75735044,-0.48804605,0
3.9751563,0.87245262,-2.0888569,0.2324819,0.61744118,-0.7514776,0
-0.61199093,-5.7134171,-0.66213703,0.43385637,-0.75735044,-0.48804605,0
-1.0640032,2.115382,5.1336169,-0.43385637,0.75735044,0.48804605,0
-4.3478031,2.4773896,0.19473851,-0.8704716,-0.21257138,-0.44395101,0
-4.264585,3.717227,-0.62385345,-0.8704716,-0.21257138,-0.44395101,0
2.59548,-4.1162319,-0.40555787,0.43385637,-0.75735044,-0.48804605,0
1.7099342,0.65527749,3.3421936,0.8704716,0.21257138,0.44395101,0
-2.6120176,1.55597,-1.9971519,-0.8704716,-0.21257138,-0.44395101,0
-3.1610861,3.2054605,1.5828135,-0.43385637,0.75735044,0.48804605,0
2.0166411,-3.0426092,-2.7104177,0.43385637,-0.75735044,-0.48804605,0
-3.2164519,3.3932939,1.1679091,-0.43385637,0.75735044,0.48804605,0
0.64736378,-2.902065,-3.7331088,0.43385637,-0.75735044,-0.48804605,0
0.24000597,-4.395978,-1.8937716,0.43385637,-0.75735044,-0.48804605,0
0.025458097,0.61742449,-3.3611765,0.2324819,0.61744118,-0.7514776,0
3.7685351,-1.6909244,-0.042069674,0.8704716,0.21257138,0.44395101,0
-2.371469,2.3136704,3.2164149,-0.43385637,0.75735044,0.48804605,0
-3.9431927,2.4810658,1.8411428,-0.43385637,0.75735044,0.48804605,0
0.12097281,0.73157024,4.4441214,-0.2324819,-0.61744118,0.7514776,0
2.465342,3.9190698,0.2462976,0.8704716,0.21257138,0.44395101,0
2.1376998,-4.3007345,-0.93903661,0.43385637,-0.75735044,-0.48804605,0
0.44045126,0.68077028,-3.1283219,0.2324819,0.61744118,-0.7514776,0
-3.1863241,3.4422219,0.81929231,-0.43385637,0.75735044,0.48804605,0
-0.89396667,4.7292957,1.3467975,-0.43385637,0.75735044,0.48804605,0
0.15911818,-4.5990753,-2.2760785,0.43385637,-0.75735044,-0.48804605,0
2.5745013,-2.4461267,2.6203983,0.8704716,0.21257138,0.44395101,0
-1.2651618,-0.61848199,2.874243,-0.2324819,-0.61744118,0.7514776,0
1.7052994,-1.9967716,-4.6761332,0.43385637,-0.75735044,-0.48804605,0
4.2097225,-0.21488237,-1.1062385,0.8704716,0.21257138,0.44395101,0
-1.4134363,-2.5963197,-2.8614357,-0.8704716,-0.21257138,-0.44395101,0
2.4551568,2.0976315,1.3689152,0.8704716,0.21257138,0.44395101,0
-4.0034595,3.1118624,0.89172888,-0.43385637,0.75735044,0.48804605,0
2.5949907,1.8229855,0.5397203,0.8704716,0.21257138,0.44395101,0
2.0779791,-1.2220962,3.1211028,0.8704716,0.21257138,0.44395101,0
3.2663717,-2.7618699,1.8169397,0.8704716,0.21257138,0.44395101,0
-2.1664724,-0.39116621,-2.1909833,-0.8704716,-0.21257138,-0.44395101,0
-0.15020858,2.3329873,5.4736028,-0.43385637,0.75735044,0.48804605,0
0.11195278,5.0259075,1.1430073,-0.43385637,0.75735044,0.48804605,0
4.2157698,-2.5884695,-1.2510157,0.43385637,-0.75735044,-0.48804605,0
0.6646207,-2.5737317,-4.8903041,0.43385637,-0.75735044,-0.48804605,0
-0.40842056,-5.5779495,-1.1524587,0.43385637,-0.75735044,-0.48804605,0
-1.0050011,3.6852307,2.7985814,-0.43385637,0.75735044,0.48804605,0
-2.1240339,4.2535644,0.82822156,-0.43385637,0.75735044,0.48804605,0
3.9487472,-2.0147581,0.39151716,0.8704716,0.21257138,0.44395101,0
2.2250566,1.1142416,-2.5139675,0.2324819,0.61744118,-0.7514776,0
3.8529091,-4.3881874,1.0488143,0.8704716,0.21257138,0.44395101,0
3.0438046,3.0292823,-0.43412256,0.8704716,0.21257138,0.44395101,0
3.1087761,-2.9887648,2.4176464,-0.2324819,-0.61744118,0.7514776,0
-0.7634325,-5.3610692,-1.2091804,0.43385637,-0.75735044,-0.48804605,0
-1.3046364,2.0050368,4.557375,-0.43385637,0.75735044,0.48804605,0
0.56301761,4.9739132,2.2907224,-0.43385637,0.75735044,0.48804605,0
-1.1402929,4.0595875,-1.2138119,0.2324819,0.61744118,-0.7514776,0
-0.4245252,-1.8401585,-5.1184158,-0.8704716,-0.21257138,-0.44395101,0
-0.82092947,-1.266175,-4.3475246,-0.8704716,-0.21257138,-0.44395101,0
2.1091261,-0.56758261,2.9984488,0.8704716,0.21257138,0.44395101,0
4.0277328,-1.6490667,-0.61694241,0.8704716,0.21257138,0.44395101,0
2.2486019,-2.9078784,2.0539918,-0.2324819,-0.61744118,0.7514776,0
3.6000321,-3.6684248,-0.18067145,0.43385637,-0.75735044,-0.48804605,0
-1.7856725,1.5929148,-3.2295532,0.2324819,0.61744118,-0.7514776,0
-4.2323523,3.7481475,-0.46547914,-0.43385637,0.75735044,0.48804605,0
-4.831532,1.2887237,2.18577,-0.8704716,-0.21257138,-0.44395101,0
-0.70818281,4.3270507,-0.8523674,0.2324819,0.61744118,-0.7514776,0
-0.1236794,4.0419097,3.2398009,-0.43385637,0.75735044,0.48804605,0
-4.8343835,0.35755754,2.8749959,-0.2324819,-0.61744118,0.7514776,0
-2.6194689,2.7352643,2.6638963,-0.43385637,0.75735044,0.48804605,0
-3.072052,0.62765646,-1.0200443,-0.8704716,-0.21257138,-0.44395101,0
0.81342602,-5.3556709,-0.5500927,0.43385637,-0.75735044,-0.48804605,0
3.1662781,3.0989425,-0.58665967,0.8704716,0.21257138,0.44395101,0
-0.98644543,-0.55488181,-4.3456855,-0.8704716,-0.21257138,-0.44395101,0
2.5872123,-0.78417802,-3.6896024,0.2324819,0.61744118,-0.7514776,0
1.5790538,-1.4631414,3.3263845,-0.2324819,-0.61744118,0.7514776,0
1.078604,-1.6802604,-4.8052168,0.2324819,0.61744118,-0.7514776,0
-3.1678429,0.99027967,3.7175748,-0.2324819,-0.61744118,0.7514776,0
-0.47301197,-3.8316667,-3.8923497,0.43385637,-0.75735044,-0.48804605,0
1.4420806,0.31258774,3.9128532,0.8704716,0.21257138,0.44395101,0
-2.5342858,-3.2880204,-0.2213273,-0.8704716,-0.21257138,-0.44395101,0
3.0972555,3.0345449,-0.36030483,0.8704716,0.21257138,0.44395101,0
-1.3622169,-5.2183018,-1.9189038,-0.8704716,-0.21257138,-0.44395101,0
0.030105233,-0.36430025,-4.2087255,0.2324819,0.61744118,-0.7514776,0
0.86855143,1.0647192,4.913425,0.8704716,0.21257138,0.44395101,0
-2.4000123,-3.7155676,-0.20257616,-0.8704716,-0.21257138,-0.44395101,0
1.9661644,3.5615504,1.52988,0.8704716,0.21257138,0.44395101,0
-2.5745668,1.6220365,4.4226151,-0.2324819,-0.61744118,0.7514776,0
1.7778122,3.7818074,-0.37091851,0.2324819,0.61744118,-0.7514776,0
1.3390985,4.5819149,0.40163183,0.2324819,0.61744118,-0.7514776,0
0.21362278,-2.3007445,-5.5723786,0.43385637,-0.75735044,-0.48804605,0
4.0128107,-1.9394462,-0.49825943,0.8704716,0.21257138,0.44395101,0
-1.6315817,-0.21027577,3.0892775,-0.2324819,-0.61744118,0.7514776,0
-2.8434401,0.43299794,-1.062356,-0.8704716,-0.21257138,-0.44395101,0
3.3898654,-1.4767766,0.81681222,0.8704716,0.21257138,0.44395101,0
1.7391522,-2.4359918,-3.9238741,0.43385637,-0.75735044,-0.48804605,0
-0.61020398,-3.2613075,-4.2678366,-0.8704716,-0.21257138,-0.44395101,0
-1.9454854,-0.49408293,-2.8502419,-0.8704716,-0.21257138,-0.44395101,0
3.35426,-3.3325338,-1.2063966,0.43385637,-0.75735044,-0.48804605,0
0.28519529,0.21771502,4.0337234,-0.2324819,-0.61744118,0.7514776,0
2.6107144,-4.9234567,0.8989768,-0.2324819,-0.61744118,0.7514776,0
4.245389,-2.4794288,-0.75796139,0.8704716,0.21257138,0.44395101,0
-2.4608314,0.2720108,-1.6325516,-0.8704716,-0.21257138,-0.44395101,0
2.6127269,3.428957,0.011442184,0.8704716,0.21257138,0.44395101,0
1.6626306,4.1933794,-0.20990634,0.2324819,0.61744118,-0.7514776,0
-0.7455585,-3.9912999,0.70292306,-0.2324819,-0.61744118,0.7514776,0
-4.0131416,3.3245349,0.7735467,-0.43385637,0.75735044,0.48804605,0
3.2361207,1.638978,-0.64407879,0.8704716,0.21257138,0.44395101,0
-2.3354876,-1.5305997,-1.1254531,-0.8704716,-0.21257138,-0.44395101,0
-0.99600029,-4.9209738,-2.0673378,-0.8704716,-0.21257138,-0.44395101,0
0.065150499,0.58397007,4.6044936,-0.2324819,-0.61744118,0.7514776,0
3.8374043,-0.15947104,-0.3617228,0.8704716,0.21257138,0.44395101,0
-1.4775139,3.2934194,2.5691328,-0.43385637,0.75735044,0.48804605,0
1.0607858,2.866703,-1.4715014,0.2324819,0.61744118,-0.7514776,0
-4.4848676,2.4933341,1.0078921,-0.43385637,0.75735044,0.48804605,0
-0.47986674,3.9296186,2.6501303,-0.43385637,0.75735044,0.48804605,0
4.3583279,-1.834142,-0.63306153,0.8704716,0.21257138,0.44395101,0
-1.0203564,3.0071816,-1.8857739,0.2324819,0.61744118,-0.7514776,0
-2.8284469,-3.5535145,0.21033311,-0.8704716,-0.21257138,-0.44395101,0
1.0657661,3.3849061,3.289335,0.8704716,0.21257138,0.44395101,0
0.10210824,2.2460399,5.2915916,0.8704716,0.21257138,0.44395101,0
-2.6654911,-3.3124127,-0.063381433,-0.8704716,-0.21257138,-0.44395101,0
4.1784005,-0.0061659813,-1.3359995,0.8704716,0.21257138,0.44395101,0
0.88699651,4.3639407,0.012567997,0.2324819,0.61744118,-0.7514776,0
4.3300838,-0.8901329,-1.6905711,0.8704716,0.21257138,0.44395101,0
2.9114814,1.9110159,-1.7817695,0.2324819,0.61744118,-0.7514776,0
0.85826731,-3.9162779,1.2390084,-0.2324819,-0.61744118,0.7514776,0
-1.7542319,-1.302321,2.1797864,-0.2324819,-0.61744118,0.7514776,0
3.5018027,-1.4979894,0.47381353,0.8704716,0.21257138,0.44395101,0
1.7536166,0.80766106,2.5085096,0.8704716,0.21257138,0.44395101,0
-4.1812916,-1.4717069,1.702991,-0.8704716,-0.21257138,-0.44395101,0
-2.8640342,-1.217685,2.1565747,-0.2324819,-0.61744118,0.7514776,0
-1.7707193,-0.44180056,2.9041653,-0.2324819,-0.61744118,0.7514776,0
0.42647123,-5.192709,-0.92191386,0.43385637,-0.75735044,-0.48804605,0
2.4142876,2.9962931,0.99791646,0.8704716,0.21257138,0.44395101,0
-2.6053104,3.9519315,0.89192104,-0.43385637,0.75735044,0.48804605,0
3.1216438,-1.5654972,-4.1656137,0.43385637,-0.75735044,-0.48804605,0
-1.2201276,4.2566214,-0.84410119,0.2324819,0.61744118,-0.7514776,0
-1.8578386,2.4787397,3.3783917,-0.43385637,0.75735044,0.48804605,0
0.61631727,4.7187624,0.12784648,0.2324819,0.61744118,-0.7514776,0
-2.466295,-1.6676172,1.7467895,-0.2324819,-0.61744118,0.7514776,0
3.5043626,-0.54961252,0.46128553,0.8704716,0.21257138,0.44395101,0
-0.35115123,-0.0065188408,-4.3580794,0.2324819,0.61744118,-0.7514776,0
1.3733702,5.6106982,0.91862297,0.2324819,0.61744118,-0.7514776,0
-3.0920217,-1.9370611,0.18966269,-0.8704716,-0.21257138,-0.44395101,0
0.69939518,4.3412809,3.1445012,-0.43385637,0.75735044,0.48804605,0
-0.52242208,-3.0799897,-4.2112136,-0.8704716,-0.21257138,-0.44395101,0
4.1840596,-2.6977775,-1.3787808,0.43385637,-0.75735044,-0.48804605,0
-0.8286643,1.2834585,-3.139317,0.2324819,0.61744118,-0.7514776,0
3.4228139,-1.1496706,-3.7153277,0.2324819,0.61744118,-0.7514776,0
1.3550098,-0.4524554,-3.9220889,0.2324819,0.61744118,-0.7514776,0
3.5062015,-0.091994286,-2.7467027,0.2324819,0.61744118,-0.7514776,0
-1.2505854,-3.005069,-2.6084352,-0.8704716,-0.21257138,-0.44395101,0
0.24165463,1.3402764,-2.6737599,0.2324819,0.61744118,-0.7514776,0
-1.093997,4.2740111,1.5229769,-0.43385637,0.75735044,0.48804605,0
-4.7699246,2.4129162,1.4216454,-0.43385637,0.75735044,0.48804605,0
-4.0969048,4.1443338,-0.46542525,-0.43385637,0.75735044,0.48804605,0
-2.242764,2.1422226,4.0376925,-0.43385637,0.75735044,0.48804605,0
1.3262463,-2.8759422,2.0337014,-0.2324819,-0.61744118,0.7514776,0
4.4224367,-1.8595657,-1.2620921,0.8704716,0.21257138,0.44395101,0
1.2889204,0.79010296,-2.8163836,0.2324819,0.61744118,-0.7514776,0
-0.48383951,-5.4452472,-0.86764431,-0.2324819,-0.61744118,0.7514776,0
1.7882251,-1.6796455,-4.7485361,0.2324819,0.61744118,-0.7514776,0
-4.2941027,-0.77337122,2.0113761,-0.8704716,-0.21257138,-0.44395101,0
-0.7373085,-5.4722919,-1.2767429,0.43385637,-0.75735044,-0.48804605,0
2.1696947,-4.0898752,1.4864544,-0.2324819,-0.61744118,0.7514776,0
-2.2214971,-1.5207074,-1.593768,-0.8704716,-0.21257138,-0.44395101,0
1.8484023,1.3899345,-2.1345594,0.2324819,0.61744118,-0.7514776,0
-1.4576416,-2.5995045,1.4083675,-0.2324819,-0.61744118,0.7514776,0
-4.1966152,3.7929053,-0.3904171,-0.8704716,-0.21257138,-0.44395101,0
3.5524743,-3.5410535,-0.46414638,0.43385637,-0.75735044,-0.48804605,0
-0.74567413,-5.0624881,-0.29210091,-0.2324819,-0.61744118,0.7514776,0
-1.4334232,0.56665528,4.0063429,-0.2324819,-0.61744118,0.7514776,0
3.2446458,-1.721468,0.9130336,0.8704716,0.21257138,0.44395101,0
4.3643847,-1.7803862,-0.67977786,0.8704716,0.21257138,0.44395101,0
-2.4520524,1.4472976,4.5284472,-0.2324819,-0.61744118,0.7514776,0
-0.51632428,4.4658909,1.8160005,-0.43385637,0.75735044,0.48804605,0
-0.51744699,-5.2505884,-1.5497167,0.43385637,-0.75735044,-0.48804605,0
0.15229368,-3.6382048,-3.3033509,0.43385637,-0.75735044,-0.48804605,0
-1.1149609,2.4036171,4.4645987,-0.43385637,0.75735044,0.48804605,0
0.88743675,3.4809189,3.0518827,0.8704716,0.21257138,0.44395101,0
-0.60125566,1.4355164,-3.2616589,0.2324819,0.61744118,-0.7514776,0
1.0405505,3.0823412,-1.0528499,0.2324819,0.61744118,-0.7514776,0
-4.152019,2.3013799,0.1047045,-0.8704716,-0.21257138,-0.44395101,0
-4.7412763,0.89972758,1.897418,-0.8704716,-0.21257138,-0.44395101,0
-4.1500049,-0.055734873,2.4342897,-0.2324819,-0.61744118,0.7514776,0
2.7807677,-2.2892272,-3.4488173,0.43385637,-0.75735044,-0.48804605,0
1.6722593,-4.3141775,-1.3143744,0.43385637,-0.75735044,-0.48804605,0
-3.3634508,0.70124888,-0.14147365,-0.8704716,-0.21257138,-0.44395101,0
-0.72889638,-1.3651123,2.8024969,-0.2324819,-0.61744118,0.7514776,0
4.0690241,0.75168443,-2.0172222,0.2324819,0.61744118,-0.7514776,0
3.4336152,-2.9259109,-1.9874631,0.43385637,-0.75735044,-0.48804605,0
1.7713201,1.0970745,-2.3130064,0.2324819,0.61744118,-0.7514776,0
2.4167824,-0.31144357,1.891958,0.8704716,0.21257138,0.44395101,0
-4.9709315,1.5620747,2.7511849,-0.43385637,0.75735044,0.48804605,0
-3.8738031,4.0625134,-0.20642686,-0.43385637,0.75735044,0.48804605,0
1.4978566,-5.1283388,-0.17779899,0.43385637,-0.75735044,-0.48804605,0
1.8993526,-0.72608948,3.7487328,0.8704716,0.21257138,0.44395101,0
0.17775416,-1.5860584,2.987139,-0.2324819,-0.61744118,0.7514776,0
0.20043731,1.2644821,-2.9336982,0.2324819,0.61744118,-0.7514776,0
-2.5176649,-2.1129708,1.4795949,-0.2324819,-0.61744118,0.7514776,0
1.1252642,3.4769268,-0.98300087,0.2324819,0.61744118,-0.7514776,0
4.0266838,-2.3310382,-2.2127082,0.43385637,-0.75735044,-0.48804605,0
2.5315816,2.6529627,0.16179514,0.8704716,0.21257138,0.44395101,0
2.1140041,-3.5709281,-2.1379962,0.43385637,-0.75735044,-0.48804605,0
-2.8391688,0.84767544,3.8666523,-0.2324819,-0.61744118,0.7514776,0
2.4642138,1.0974452,1.5160152,0.8704716,0.21257138,0.44395101,0
-1.1991583,-0.2150712,3.6833024,-0.2324819,-0.61744118,0.7514776,0
1.9081271,4.7910285,0.8868978,0.8704716,0.21257138,0.44395101,0
3.0414312,-2.8112705,2.4196308,0.8704716,0.21257138,0.44395101,0
-4.9015794,1.0369179,2.9086316,-0.43385637,0.75735044,0.48804605,0
0.47727227,2.5211506,-1.5953267,0.2324819,0.61744118,-0.7514776,0
-2.6080005,-2.8309147,0.049567938,-0.8704716,-0.21257138,-0.44395101,0
-1.4014808,3.4864655,2.7316263,-0.43385637,0.75735044,0.48804605,0
0.19662255,0.4685998,4.2997789,-0.2324819,-0.61744118,0.7514776,0
-4.0325675,3.8107257,-0.31141901,-0.43385637,0.75735044,0.48804605,0
-3.4766364,0.80155462,3.4564338,-0.2324819,-0.61744118,0.7514776,0
3.934859,0.25117254,-2.3391223,0.2324819,0.61744118,-0.7514776,0
-3.7578866,-0.43849766,2.2483883,-0.2324819,-0.61744118,0.7514776,0
2.3995187,-4.4522157,-0.0045521259,0.43385637,-0.75735044,-0.48804605,0
1.938836,-1.0859642,3.8082676,-0.2324819,-0.61744118,0.7514776,0
1.4645648,-2.7994533,2.0420339,-0.2324819,-0.61744118,0.7514776,0
-0.30670238,-3.9568958,0.88900185,-0.2324819,-0.61744118,0.7514776,0
2.4452527,-4.1391039,1.5273862,-0.2324819,-0.61744118,0.7514776,0
-3.3707385,0.64791811,3.4353139,-0.2324819,-0.61744118,0.7514776,0
-1.4335333,0.48546356,3.7796082,-0.2324819,-0.61744118,0.7514776,0
0.44701695,3.7087967,3.4543304,-0.43385637,0.75735044,0.48804605,0
3.0226226,3.0369995,-0.18929005,0.8704716,0.21257138,0.44395101,0
2.4708605,0.22212982,1.7511138,0.8704716,0.21257138,0.44395101,0
-0.62365401,0.24628425,-3.7924902,0.2324819,0.61744118,-0.7514776,0
-3.6239088,2.7261143,-1.0179727,-0.8704716,-0.21257138,-0.44395101,0
-5.2279038,0.78242636,2.8820617,-0.8704716,-0.21257138,-0.44395101,0
-0.29970217,-4.9789224,-0.076357126,-0.2324819,-0.61744118,0.7514776,0
1.6712992,2.0437813,-1.5610662,0.2324819,0.61744118,-0.7514776,0
-4.9357128,0.61976433,2.9088681,-0.8704716,-0.21257138,-0.44395101,0
2.4469533,-3.71736,1.7952993,-0.2324819,-0.61744118,0.7514776,0
1.8172274,2.1544752,2.4968684,0.8704716,0.21257138,0.44395101,0
-0.90255284,-4.5368743,0.20662451,-0.2324819,-0.61744118,0.7514776,0
-1.8128266,-1.1216521,-2.8603945,-0.8704716,-0.21257138,-0.44395101,0
1.2340484,-3.8328526,1.0787637,-0.2324819,-0.61744118,0.7514776,0
-1.0178001,1.2310295,-3.207993,0.2324819,0.61744118,-0.7514776,0
-4.3453455,1.4442748,3.4665802,-0.43385637,0.75735044,0.48804605,0
