-2.0908389,0.022518873,2.8018472,-0.076491207,-0.52134275,0.84991217,0
0.49463195,-0.23328424,2.7396917,-0.076491207,-0.52134275,0.84991217,0
-1.4031823,-3.9133925,-1.4154425,0.055097699,-0.85331714,-0.51847267,0
2.5136538,2.5874977,3.5073287,-0.055097699,0.85331714,0.51847267,0
1.0161331,-2.4324462,-3.6589859,0.055097699,-0.85331714,-0.51847267,0
1.792552,2.1367128,4.206183,-0.076491207,-0.52134275,0.84991217,0
2.8561618,-2.0097673,1.7492114,-0.076491207,-0.52134275,0.84991217,0
3.3661351,-0.78448427,-3.2005258,0.076491207,0.52134275,-0.84991217,0
4.2552848,-4.4578276,-0.01458025,0.055097699,-0.85331714,-0.51847267,0
4.3225837,0.75603247,3.9027128,0.9955467,0.0071695447,0.093995929,0
4.3384042,-0.22083569,-2.7545047,0.076491207,0.52134275,-0.84991217,0
-2.0370626,-4.4809222,-0.8449192,0.055097699,-0.85331714,-0.51847267,0
-1.4742242,1.6817472,3.6470003,-0.076491207,-0.52134275,0.84991217,0
-3.0463934,3.2971683,1.7562513,-0.055097699,0.85331714,0.51847267,0
-1.2689207,1.5668945,-2.2396917,0.076491207,0.52134275,-0.84991217,0
-4.1893387,-1.516536,-3.3477011,-0.9955467,-0.0071695447,-0.093995929,0
4.6978674,0.97202688,-0.094211578,0.9955467,0.0071695447,0.093995929,0
3.1174438,3.024528,2.7111907,-0.055097699,0.85331714,0.51847267,0
-2.3719182,-4.5167389,-0.69728374,0.055097699,-0.85331714,-0.51847267,0
0.90059805,0.11425376,3.2709482,-0.076491207,-0.52134275,0.84991217,0
-4.2588015,-0.055775881,-1.1425872,-0.9955467,-0.0071695447,-0.093995929,0
-4.8015232,2.1747961,1.31198,-0.9955467,-0.0071695447,-0.093995929,0
-4.6730504,2.759387,0.96097851,-0.9955467,-0.0071695447,-0.093995929,0
0.69875574,-1.935136,-3.9781137,0.076491207,0.52134275,-0.84991217,0
1.0186455,-3.9986777,0.69301802,-0.076491207,-0.52134275,0.84991217,0
4.2986131,2.4154036,3.7641435,0.9955467,0.0071695447,0.093995929,0
1.9243858,3.8803587,1.6912844,-0.055097699,0.85331714,0.51847267,0
-4.0679712,-1.7232049,-3.5286851,-0.9955467,-0.0071695447,-0.093995929,0
2.4834013,-4.5468979,0.32172641,-0.076491207,-0.52134275,0.84991217,0
-2.5626683,-2.5690227,1.0775177,-0.076491207,-0.52134275,0.84991217,0
-0.31820989,-3.5977178,-1.7030649,0.055097699,-0.85331714,-0.51847267,0
4.6138754,-2.8427982,-2.4871266,0.9955467,0.0071695447,0.093995929,0
-4.4332614,-0.3210454,0.84282947,-0.9955467,-0.0071695447,-0.093995929,0
3.8190682,4.1296659,1.4078465,-0.055097699,0.85331714,0.51847267,0
2.8059833,2.7538352,3.8209651,-0.055097699,0.85331714,0.51847267,0
3.5279436,0.66692841,-2.0070729,0.076491207,0.52134275,-0.84991217,0
1.37885,2.0759251,-1.7075489,0.076491207,0.52134275,-0.84991217,0
3.6567266,2.3454578,4.5644398,-0.055097699,0.85331714,0.51847267,0
0.85545921,4.300302,-0.24196362,0.076491207,0.52134275,-0.84991217,0
2.0650649,-3.1920917,1.3161137,-0.076491207,-0.52134275,0.84991217,0
-4.4660797,3.6892676,1.1757015,-0.055097699,0.85331714,0.51847267,0
-4.3781714,-0.022331715,-1.3255639,-0.9955467,-0.0071695447,-0.093995929,0
1.0613503,2.7155852,-1.2455637,0.076491207,0.52134275,-0.84991217,0
4.4008913,0.079190016,-0.18431902,0.9955467,0.0071695447,0.093995929,0
-0.54693866,-3.1378739,-2.3226476,0.055097699,-0.85331714,-0.51847267,0
-2.2257257,0.40329027,-3.0668449,0.076491207,0.52134275,-0.84991217,0
-4.5118952,-4.3433814,-1.1372709,-0.9955467,-0.0071695447,-0.093995929,0
3.9481902,-2.398988,-3.3608437,0.055097699,-0.85331714,-0.51847267,0
-4.6020365,4.5245724,-0.58614302,0.076491207,0.52134275,-0.84991217,0
2.5332291,2.309628,-1.3064983,0.076491207,0.52134275,-0.84991217,0
2.7209949,2.1329291,4.2578459,-0.055097699,0.85331714,0.51847267,0
4.6823587,-1.3738468,-1.6720552,0.9955467,0.0071695447,0.093995929,0
-1.0762813,3.2787037,1.9250191,-0.055097699,0.85331714,0.51847267,0
-1.3774371,2.599087,3.4262474,-0.055097699,0.85331714,0.51847267,0
-0.28847504,1.6150839,3.9955485,-0.076491207,-0.52134275,0.84991217,0
-3.5190914,-3.8164189,-1.4291782,0.055097699,-0.85331714,-0.51847267,0
4.6724772,0.37788531,-1.7148459,0.9955467,0.0071695447,0.093995929,0
4.2631903,2.7420065,-1.0377035,0.076491207,0.52134275,-0.84991217,0
4.4759541,-1.2939043,2.5647988,0.9955467,0.0071695447,0.093995929,0
3.4094048,-3.982837,0.67905617,-0.076491207,-0.52134275,0.84991217,0
0.55351591,-2.1882668,-3.9611893,0.055097699,-0.85331714,-0.51847267,0
-1.0775523,3.4786334,1.6411791,-0.055097699,0.85331714,0.51847267,0
4.2759857,2.8628983,1.9479957,0.9955467,0.0071695447,0.093995929,0
3.2596436,1.5290878,3.9529896,-0.076491207,-0.52134275,0.84991217,0
-4.5857897,2.0303569,2.5786741,-0.9955467,-0.0071695447,-0.093995929,0
4.1041851,-2.3617005,-3.6986365,0.055097699,-0.85331714,-0.51847267,0
-1.1269506,0.99701929,3.663588,-0.076491207,-0.52134275,0.84991217,0
-1.5145392,2.9561386,-1.1959676,0.076491207,0.52134275,-0.84991217,0
-0.94797683,4.2501116,0.38873774,-0.055097699,0.85331714,0.51847267,0
-1.7515528,4.092237,-0.50231862,0.076491207,0.52134275,-0.84991217,0
1.1292973,4.058948,-0.1260848,0.076491207,0.52134275,-0.84991217,0
-4.6363792,-3.7967384,-0.16347694,-0.9955467,-0.0071695447,-0.093995929,0
4.3170934,3.6657519,0.54272223,0.9955467,0.0071695447,0.093995929,0
4.4868975,-4.2207861,0.52676821,0.9955467,0.0071695447,0.093995929,0
-0.76776981,-3.133445,-2.2743311,0.055097699,-0.85331714,-0.51847267,0
1.244071,1.9075181,-1.4318581,0.076491207,0.52134275,-0.84991217,0
-4.3230629,-1.1023288,-2.7181401,-0.9955467,-0.0071695447,-0.093995929,0
-2.9578626,1.5485238,3.715795,-0.076491207,-0.52134275,0.84991217,0
-3.8983543,-3.2783155,0.57749891,-0.076491207,-0.52134275,0.84991217,0
3.9199677,-0.87626386,-2.9641881,0.076491207,0.52134275,-0.84991217,0
1.6466336,-2.4806442,-3.1392577,0.055097699,-0.85331714,-0.51847267,0
3.4266691,3.7239056,1.800406,-0.055097699,0.85331714,0.51847267,0
2.1861055,-2.2519248,-3.4892492,0.055097699,-0.85331714,-0.51847267,0
-2.7036023,-3.8135624,0.19246483,-0.076491207,-0.52134275,0.84991217,0
3.5957799,-1.6527245,-3.7116275,0.076491207,0.52134275,-0.84991217,0
3.0146279,4.8615155,0.34510612,-0.055097699,0.85331714,0.51847267,0
-4.2250328,-0.051779747,-1.4733028,-0.9955467,-0.0071695447,-0.093995929,0
2.1605458,3.1823561,3.0055926,-0.055097699,0.85331714,0.51847267,0
-1.9111404,-4.6099463,-0.6645236,0.055097699,-0.85331714,-0.51847267,0
-2.1321237,0.77346683,-2.7281132,0.076491207,0.52134275,-0.84991217,0
4.5345707,3.829,0.53202629,0.9955467,0.0071695447,0.093995929,0
-2.6983805,-3.7989907,-1.9766459,0.055097699,-0.85331714,-0.51847267,0
-2.0015426,-4.4438105,-0.32142711,0.055097699,-0.85331714,-0.51847267,0
1.3699236,4.211019,0.82616711,-0.055097699,0.85331714,0.51847267,0
-3.0359294,3.7402065,1.4154125,-0.055097699,0.85331714,0.51847267,0
1.975781,4.5602064,0.39942551,-0.055097699,0.85331714,0.51847267,0
4.9348106,-2.2628086,-3.2296438,0.9955467,0.0071695447,0.093995929,0
2.2782283,-2.5673554,1.7133148,-0.076491207,-0.52134275,0.84991217,0
-0.46870923,-2.7730331,1.1340985,-0.076491207,-0.52134275,0.84991217,0
3.5341723,2.6482928,3.8270907,-0.055097699,0.85331714,0.51847267,0
-2.8503056,-3.4471452,-2.6044245,0.055097699,-0.85331714,-0.51847267,0
-4.1321735,-1.7863541,-2.368154,-0.9955467,-0.0071695447,-0.093995929,0
-2.4163964,-2.8135867,-3.646899,0.055097699,-0.85331714,-0.51847267,0
1.5860939,-3.8831794,-1.3529575,0.055097699,-0.85331714,-0.51847267,0
4.3677301,0.10797572,0.89738655,0.9955467,0.0071695447,0.093995929,0
-4.2725854,1.7113025,-1.4305408,-0.9955467,-0.0071695447,-0.093995929,0
-4.2694902,0.79139805,-2.5786016,-0.9955467,-0.0071695447,-0.093995929,0
-1.5606436,-1.9587079,1.5890812,-0.076491207,-0.52134275,0.84991217,0
-4.4531078,2.7997167,2.4693866,-0.055097699,0.85331714,0.51847267,0
1.779135,-4.5413709,-0.4043847,0.055097699,-0.85331714,-0.51847267,0
-0.81155777,-2.4911065,1.4711287,-0.076491207,-0.52134275,0.84991217,0
1.6874728,2.7424631,-1.2823997,0.076491207,0.52134275,-0.84991217,0
-4.734199,1.8501849,2.8953607,-0.9955467,-0.0071695447,-0.093995929,0
4.550848,2.8761544,-0.43567705,0.9955467,0.0071695447,0.093995929,0
0.90545863,-0.47911286,2.6528893,-0.076491207,-0.52134275,0.84991217,0
0.74502873,2.2272043,4.268486,-0.055097699,0.85331714,0.51847267,0
0.3957603,-2.8894055,1.306879,-0.076491207,-0.52134275,0.84991217,0
-1.8807443,0.93802309,3.2511828,-0.076491207,-0.52134275,0.84991217,0
-2.5367253,-0.46908712,-3.6228752,0.076491207,0.52134275,-0.84991217,0
2.8545666,-0.6728909,2.5532856,-0.076491207,-0.52134275,0.84991217,0
-4.2120614,-1.742528,-1.8908391,-0.9955467,-0.0071695447,-0.093995929,0
-4.8472443,0.86851394,2.7410319,-0.9955467,-0.0071695447,-0.093995929,0
-2.6656003,2.0493047,-1.7267213,0.076491207,0.52134275,-0.84991217,0
4.6434493,-2.8258147,0.95410228,0.9955467,0.0071695447,0.093995929,0
0.61168051,4.1274362,-0.22140551,0.076491207,0.52134275,-0.84991217,0
3.0938592,-2.8046083,-3.1124964,0.055097699,-0.85331714,-0.51847267,0
4.4522305,2.8396378,2.0650043,0.9955467,0.0071695447,0.093995929,0
-0.19853401,3.1755078,2.4117842,-0.055097699,0.85331714,0.51847267,0
-4.5108938,0.38288856,-1.8222098,-0.9955467,-0.0071695447,-0.093995929,0
-3.9051175,-3.0705507,-2.7058635,0.055097699,-0.85331714,-0.51847267,0
-4.545505,2.2110069,3.4677913,-0.055097699,0.85331714,0.51847267,0
3.0282044,-1.9583434,-4.064744,0.076491207,0.52134275,-0.84991217,0
-4.3547969,-1.7726631,-2.3090153,-0.9955467,-0.0071695447,-0.093995929,0
4.2944078,3.4411345,0.84382534,0.9955467,0.0071695447,0.093995929,0
2.2578552,4.1160522,1.1522646,-0.055097699,0.85331714,0.51847267,0
-0.67020631,2.9159913,3.033247,-0.055097699,0.85331714,0.51847267,0
1.1409401,2.352757,-1.2715605,0.076491207,0.52134275,-0.84991217,0
4.4016347,1.7222848,0.24234629,0.9955467,0.0071695447,0.093995929,0
-2.7623725,-3.7584677,0.4061017,-0.076491207,-0.52134275,0.84991217,0
-2.2551873,4.3198624,0.31205881,-0.055097699,0.85331714,0.51847267,0
-1.7620077,-4.5783167,-0.56654096,0.055097699,-0.85331714,-0.51847267,0
0.37951267,-1.3998001,1.9106224,-0.076491207,-0.52134275,0.84991217,0
-0.66314054,3.9223044,1.3345244,-0.055097699,0.85331714,0.51847267,0
-2.6023088,-0.6201942,2.5187602,-0.076491207,-0.52134275,0.84991217,0
4.534914,2.0195048,1.4110308,0.9955467,0.0071695447,0.093995929,0
4.3192701,4.3949318,0.27959728,0.076491207,0.52134275,-0.84991217,0
4.4550543,-3.5164332,-0.33886385,0.9955467,0.0071695447,0.093995929,0
-4.2640572,1.0598965,-1.5390501,-0.9955467,-0.0071695447,-0.093995929,0
4.596508,-2.3848093,-0.55003166,0.9955467,0.0071695447,0.093995929,0
-2.0421524,-4.6314144,-0.29376554,0.055097699,-0.85331714,-0.51847267,0
-0.27701449,-1.8522964,-4.0182605,0.076491207,0.52134275,-0.84991217,0
1.8028603,1.0780786,-1.9690511,0.076491207,0.52134275,-0.84991217,0
2.0638528,-0.086325407,3.0148492,-0.076491207,-0.52134275,0.84991217,0
-2.946291,-2.8634214,-3.1743026,0.055097699,-0.85331714,-0.51847267,0
4.3906889,2.8048289,1.7165694,0.9955467,0.0071695447,0.093995929,0
1.0790439,0.82725,3.6761694,-0.076491207,-0.52134275,0.84991217,0
0.12146166,0.76947618,-2.6185725,0.076491207,0.52134275,-0.84991217,0
-1.0620646,1.2367079,-2.4829071,0.076491207,0.52134275,-0.84991217,0
1.4750319,-0.64530039,-3.3806787,0.076491207,0.52134275,-0.84991217,0
-0.84975266,2.4112892,3.8805194,-0.055097699,0.85331714,0.51847267,0
-4.2315855,0.10031676,-1.4210992,-0.9955467,-0.0071695447,-0.093995929,0
4.1239762,1.424706,2.5097427,0.9955467,0.0071695447,0.093995929,0
0.81864417,-2.3288279,1.3726273,-0.076491207,-0.52134275,0.84991217,0
-4.3654099,0.5788722,-1.2512033,-0.9955467,-0.0071695447,-0.093995929,0
-4.5027065,-0.062555313,-1.362011,-0.9955467,-0.0071695447,-0.093995929,0
1.5482864,3.9687524,1.4676659,-0.055097699,0.85331714,0.51847267,0
-1.5119102,-2.34847,-3.7551568,0.055097699,-0.85331714,-0.51847267,0
-3.8564293,-2.9336786,-3.2488623,0.055097699,-0.85331714,-0.51847267,0
0.36036968,4.2987008,0.92888808,-0.055097699,0.85331714,0.51847267,0
-4.6734924,0.79348689,1.461062,-0.9955467,-0.0071695447,-0.093995929,0
-4.6093235,1.4866163,2.5835366,-0.9955467,-0.0071695447,-0.093995929,0
2.0801463,2.5206063,4.0157218,-0.055097699,0.85331714,0.51847267,0
-4.5814486,3.6752799,-0.75694156,-0.9955467,-0.0071695447,-0.093995929,0
-3.7798681,-3.5193584,-2.6046848,0.055097699,-0.85331714,-0.51847267,0
4.5730915,2.7140617,0.07589674,0.9955467,0.0071695447,0.093995929,0
0.49048901,-3.2578192,1.1176029,-0.076491207,-0.52134275,0.84991217,0
-4.8549042,0.79100513,1.8142951,-0.9955467,-0.0071695447,-0.093995929,0
4.2492156,-4.2167726,0.67167759,-0.076491207,-0.52134275,0.84991217,0
-4.2914758,-0.56307697,-3.2564106,-0.9955467,-0.0071695447,-0.093995929,0
-3.3564,-0.069185257,-3.2551689,0.076491207,0.52134275,-0.84991217,0
-2.9678001,-4.6497107,-0.66732836,0.055097699,-0.85331714,-0.51847267,0
-3.078248,1.3527808,-2.6061733,0.076491207,0.52134275,-0.84991217,0
2.157721,-2.9923894,-2.5416303,0.055097699,-0.85331714,-0.51847267,0
-4.1503363,-1.7285525,-1.8130465,-0.9955467,-0.0071695447,-0.093995929,0
-2.0601654,-4.3844004,-0.91697288,0.055097699,-0.85331714,-0.51847267,0
4.5672021,1.3035688,-0.31993151,0.9955467,0.0071695447,0.093995929,0
-4.4921451,1.9218144,3.7628894,-0.076491207,-0.52134275,0.84991217,0
1.9448059,-2.3245435,-3.8704262,0.055097699,-0.85331714,-0.51847267,0
-4.589323,-1.5397806,0.37838554,-0.9955467,-0.0071695447,-0.093995929,0
0.65139413,3.2963052,2.2952223,-0.055097699,0.85331714,0.51847267,0
-2.5702887,1.4098983,3.6900158,-0.076491207,-0.52134275,0.84991217,0
-4.1670218,-2.2231762,-4.3592234,-0.9955467,-0.0071695447,-0.093995929,0
-1.8315265,-3.6709249,-2.1016154,0.055097699,-0.85331714,-0.51847267,0
-3.3485618,-2.7149808,0.97331285,-0.076491207,-0.52134275,0.84991217,0
3.444943,2.3692803,-0.98361707,0.076491207,0.52134275,-0.84991217,0
-4.2897296,-2.4498672,-1.3772535,-0.9955467,-0.0071695447,-0.093995929,0
1.832656,-1.6905808,1.8712866,-0.076491207,-0.52134275,0.84991217,0
-4.2934952,3.2907956,2.025085,-0.055097699,0.85331714,0.51847267,0
-4.5784392,0.92283088,3.2055802,-0.076491207,-0.52134275,0.84991217,0
-3.1692381,2.4610693,3.6390843,-0.055097699,0.85331714,0.51847267,0
-0.054027915,1.9379997,-1.9241319,0.076491207,0.52134275,-0.84991217,0
3.8497241,2.2938428,4.2224541,-0.055097699,0.85331714,0.51847267,0
-1.3302238,-2.6572084,-3.1108942,0.055097699,-0.85331714,-0.51847267,0
2.4544103,-2.1570506,-3.7223921,0.055097699,-0.85331714,-0.51847267,0
-3.2172801,-3.2266304,-2.7743301,0.055097699,-0.85331714,-0.51847267,0
-3.4841897,1.7582378,3.5330002,-0.076491207,-0.52134275,0.84991217,0
4.3031578,-0.88504195,1.88359,0.9955467,0.0071695447,0.093995929,0
-3.2914617,3.2880163,-1.338809,0.076491207,0.52134275,-0.84991217,0
-0.12524486,3.2581453,2.3681204,-0.055097699,0.85331714,0.51847267,0
1.1773801,3.4629927,2.2666063,-0.055097699,0.85331714,0.51847267,0
-3.4989531,-0.079090714,2.3909192,-0.076491207,-0.52134275,0.84991217,0
-4.6364074,0.79626298,0.3119688,-0.9955467,-0.0071695447,-0.093995929,0
4.2864523,1.4610083,3.7136626,0.9955467,0.0071695447,0.093995929,0
4.3603024,-0.48104525,1.6103051,0.9955467,0.0071695447,0.093995929,0
3.746063,-0.26673174,3.2125578,-0.076491207,-0.52134275,0.84991217,0
4.4218702,0.3937428,0.69738817,0.9955467,0.0071695447,0.093995929,0
-4.2124553,-1.3728104,1.9087577,-0.076491207,-0.52134275,0.84991217,0
4.3782649,-3.573741,-0.28020859,0.9955467,0.0071695447,0.093995929,0
0.8995204,-2.5347044,-3.6893733,0.055097699,-0.85331714,-0.51847267,0
-1.9581125,1.0322847,-2.4613407,0.076491207,0.52134275,-0.84991217,0
-3.3129501,-2.9276292,-2.8822093,0.055097699,-0.85331714,-0.51847267,0
1.6221116,-1.1658902,-3.678159,0.076491207,0.52134275,-0.84991217,0
2.7257574,3.8935504,-0.53110123,0.076491207,0.52134275,-0.84991217,0
4.2855997,3.7407851,0.36194611,0.9955467,0.0071695447,0.093995929,0
0.30160284,3.9975195,1.2127882,-0.055097699,0.85331714,0.51847267,0
-4.5696235,1.9593542,0.18972325,-0.9955467,-0.0071695447,-0.093995929,0
4.6384063,-1.9967823,-1.353482,0.9955467,0.0071695447,0.093995929,0
-1.473604,-3.5549493,-1.9904313,0.055097699,-0.85331714,-0.51847267,0
-3.2267737,-0.21443307,2.5934553,-0.076491207,-0.52134275,0.84991217,0
4.5213876,2.0736473,-1.0146027,0.9955467,0.0071695447,0.093995929,0
-4.4403501,-2.3908503,0.65621758,-0.9955467,-0.0071695447,-0.093995929,0
3.7210903,1.568078,4.0571952,-0.076491207,-0.52134275,0.84991217,0
4.2204971,-0.65392208,3.0882323,-0.076491207,-0.52134275,0.84991217,0
-2.8708844,0.16277337,2.9260538,-0.076491207,-0.52134275,0.84991217,0
-2.642719,2.9811406,-1.5116397,0.076491207,0.52134275,-0.84991217,0
2.1813946,-2.313853,-3.6485028,0.055097699,-0.85331714,-0.51847267,0
-3.1045504,-3.1171558,-3.0712199,0.055097699,-0.85331714,-0.51847267,0
1.4916415,1.3953457,-2.1556067,0.076491207,0.52134275,-0.84991217,0
-0.38362563,0.0074708462,2.8578835,-0.076491207,-0.52134275,0.84991217,0
4.249486,1.9204929,1.7522845,0.9955467,0.0071695447,0.093995929,0
-2.5309896,0.86563921,-2.8550267,0.076491207,0.52134275,-0.84991217,0
-0.67211246,-3.7839816,-1.2807357,0.055097699,-0.85331714,-0.51847267,0
-2.3495598,-3.5862601,-2.0474045,0.055097699,-0.85331714,-0.51847267,0
-4.4597111,2.2548528,-0.9720788,-0.9955467,-0.0071695447,-0.093995929,0
-2.5105004,3.4686434,2.0320835,-0.055097699,0.85331714,0.51847267,0
4.5387211,0.69865811,0.20081329,0.9955467,0.0071695447,0.093995929,0
3.7696531,3.0556312,-0.78020573,0.076491207,0.52134275,-0.84991217,0
-4.4067063,1.0580702,-2.264349,-0.9955467,-0.0071695447,-0.093995929,0
3.9394772,-2.6572552,1.8612211,-0.076491207,-0.52134275,0.84991217,0
1.7229891,3.3894026,2.07412,-0.055097699,0.85331714,0.51847267,0
4.164042,-0.67113018,2.2077072,0.9955467,0.0071695447,0.093995929,0
3.3041241,4.5229058,0.16121197,0.076491207,0.52134275,-0.84991217,0
3.858295,-0.48379707,3.18102,-0.076491207,-0.52134275,0.84991217,0
-4.6904507,0.76945609,1.309236,-0.9955467,-0.0071695447,-0.093995929,0
4.17486,-1.5731459,-3.4251597,0.076491207,0.52134275,-0.84991217,0
3.5323622,0.097932816,3.2145796,-0.076491207,-0.52134275,0.84991217,0
2.6050329,0.67873883,-2.4968889,0.076491207,0.52134275,-0.84991217,0
2.9984565,2.0138302,4.5761714,-0.055097699,0.85331714,0.51847267,0
1.5231602,-2.131846,1.7045692,-0.076491207,-0.52134275,0.84991217,0
4.0994482,-0.73899353,-2.9908624,0.076491207,0.52134275,-0.84991217,0
-4.1621189,-1.2829957,-3.2274842,-0.9955467,-0.0071695447,-0.093995929,0
4.9137754,-1.6676359,-3.7026904,0.076491207,0.52134275,-0.84991217,0
4.9606166,-0.63366437,-2.5243664,0.9955467,0.0071695447,0.093995929,0
-1.4180835,1.0419457,3.4657738,-0.076491207,-0.52134275,0.84991217,0
-3.088068,3.2978606,1.7817333,-0.055097699,0.85331714,0.51847267,0
4.6391625,2.6039581,0.042426109,0.9955467,0.0071695447,0.093995929,0
-4.4412613,4.5238752,-0.031677485,-0.9955467,-0.0071695447,-0.093995929,0
4.2518749,4.3432941,1.2659769,-0.055097699,0.85331714,0.51847267,0
-0.85876489,-3.479773,-2.3332996,0.055097699,-0.85331714,-0.51847267,0
4.6188092,-1.7130423,0.30675125,0.9955467,0.0071695447,0.093995929,0
4.6847615,-2.7685175,-1.4920897,0.9955467,0.0071695447,0.093995929,0
4.4292698,-0.64051068,0.08217907,0.9955467,0.0071695447,0.093995929,0
-4.4511104,-3.0105889,0.47187042,-0.9955467,-0.0071695447,-0.093995929,0
-2.6963248,3.6998372,-0.70616138,0.076491207,0.52134275,-0.84991217,0
-0.026554585,-4.1850219,-0.99357557,0.055097699,-0.85331714,-0.51847267,0
4.3599586,-0.78159523,2.0933249,0.9955467,0.0071695447,0.093995929,0
4.210659,4.3806863,1.0482984,-0.055097699,0.85331714,0.51847267,0
0.86006689,3.8899508,1.7726753,-0.055097699,0.85331714,0.51847267,0
-4.4440579,0.91901469,-0.33904934,-0.9955467,-0.0071695447,-0.093995929,0
3.2608323,2.5439379,-1.2980487,0.076491207,0.52134275,-0.84991217,0
3.8387809,-4.3919315,0.52737188,-0.076491207,-0.52134275,0.84991217,0
-3.9511435,3.034739,-1.3837471,0.076491207,0.52134275,-0.84991217,0
4.1698909,2.821866,3.4147158,-0.055097699,0.85331714,0.51847267,0
-1.4393299,2.0887403,3.9062536,-0.076491207,-0.52134275,0.84991217,0
2.4972098,-4.7885251,0.17650521,-0.076491207,-0.52134275,0.84991217,0
4.5954103,-0.77855885,-1.2758548,0.9955467,0.0071695447,0.093995929,0
4.3339739,-0.27721357,2.1178629,0.9955467,0.0071695447,0.093995929,0
2.4540846,0.11786604,3.4187529,-0.076491207,-0.52134275,0.84991217,0
-3.2376649,-1.026269,-3.9971118,0.076491207,0.52134275,-0.84991217,0
4.3346987,-4.6247106,0.66530919,-0.076491207,-0.52134275,0.84991217,0
-4.5983448,2.0763383,-1.2858951,-0.9955467,-0.0071695447,-0.093995929,0
-4.5278339,2.1360013,0.26530671,-0.9955467,-0.0071695447,-0.093995929,0
-1.8171914,3.7875347,1.2883829,-0.055097699,0.85331714,0.51847267,0
1.0476837,-2.8733649,-2.7381303,0.055097699,-0.85331714,-0.51847267,0
-0.52261865,0.55318093,-2.6814218,0.076491207,0.52134275,-0.84991217,0
-4.6417594,-1.2215894,0.70863008,-0.9955467,-0.0071695447,-0.093995929,0
-3.1467459,-4.4261513,-0.56175089,0.055097699,-0.85331714,-0.51847267,0
-2.1658926,4.2399359,-0.50111943,0.076491207,0.52134275,-0.84991217,0
1.8392272,-1.8220724,-3.9888144,0.076491207,0.52134275,-0.84991217,0
4.3802428,-2.1733589,1.7740762,-0.076491207,-0.52134275,0.84991217,0
-4.674612,-3.380631,0.33283758,-0.9955467,-0.0071695447,-0.093995929,0
4.3733959,-0.78161669,1.572397,0.9955467,0.0071695447,0.093995929,0
-4.42342,0.33082557,0.41250944,-0.9955467,-0.0071695447,-0.093995929,0
3.203547,-2.5426011,1.8958731,-0.076491207,-0.52134275,0.84991217,0
3.9648407,-3.9994886,0.82213593,-0.076491207,-0.52134275,0.84991217,0
4.2880688,-0.42353797,2.2332091,0.9955467,0.0071695447,0.093995929,0
3.7569046,-3.656708,-0.99306715,0.055097699,-0.85331714,-0.51847267,0
-4.1882,0.28814697,-1.4426279,-0.9955467,-0.0071695447,-0.093995929,0
-4.7256174,1.1163077,1.4609611,-0.9955467,-0.0071695447,-0.093995929,0
-4.5032244,2.9582832,1.6325302,-0.9955467,-0.0071695447,-0.093995929,0
0.63045144,0.46746635,-2.7910194,0.076491207,0.52134275,-0.84991217,0
-4.2944632,0.96826124,-1.1147161,-0.9955467,-0.0071695447,-0.093995929,0
-4.7670736,1.6800128,1.8969662,-0.9955467,-0.0071695447,-0.093995929,0
-3.9512377,2.949826,2.5349319,-0.055097699,0.85331714,0.51847267,0
-3.4056664,4.0008631,-0.98316431,0.076491207,0.52134275,-0.84991217,0
-4.7170243,2.2057095,1.2082973,-0.9955467,-0.0071695447,-0.093995929,0
3.2588105,2.9141572,2.8864341,-0.055097699,0.85331714,0.51847267,0
-2.3539891,-4.0816321,-1.5604222,0.055097699,-0.85331714,-0.51847267,0
-3.0017009,3.9426203,-0.79754233,0.076491207,0.52134275,-0.84991217,0
4.7175045,1.0133773,-1.1368093,0.9955467,0.0071695447,0.093995929,0
4.5733061,-1.4710865,-0.74414492,0.9955467,0.0071695447,0.093995929,0
2.6660786,1.2347201,-1.9414139,0.076491207,0.52134275,-0.84991217,0
-4.3128471,-0.59487319,-2.546711,-0.9955467,-0.0071695447,-0.093995929,0
4.3645911,1.8750684,2.7912798,0.9955467,0.0071695447,0.093995929,0
-2.4191794,2.5346568,3.5928359,-0.055097699,0.85331714,0.51847267,0
-0.4741888,4.3213196,0.32591319,-0.055097699,0.85331714,0.51847267,0
-3.5653002,1.2207987,3.4021542,-0.076491207,-0.52134275,0.84991217,0
4.1401224,-3.7268329,-0.95625627,0.055097699,-0.85331714,-0.51847267,0
-2.1038175,-3.648777,-1.9797373,0.055097699,-0.85331714,-0.51847267,0
-4.2604947,1.4187241,-1.4147968,-0.9955467,-0.0071695447,-0.093995929,0
-4.0269127,-2.0995159,-3.0346799,-0.9955467,-0.0071695447,-0.093995929,0
4.3116336,4.2838163,0.97490644,0.9955467,0.0071695447,0.093995929,0
-4.5270457,-1.0911518,-1.6162605,-0.9955467,-0.0071695447,-0.093995929,0
-0.024943352,-4.3088622,-0.91714787,0.055097699,-0.85331714,-0.51847267,0
0.57913613,1.2997634,3.8351405,-0.076491207,-0.52134275,0.84991217,0
-2.7461431,2.2281268,3.5277398,-0.055097699,0.85331714,0.51847267,0
0.49471712,-4.8080454,-0.10611403,0.055097699,-0.85331714,-0.51847267,0
-2.4512341,1.8512113,-1.8351879,0.076491207,0.52134275,-0.84991217,0
-0.88274503,1.8996,4.2143936,-0.076491207,-0.52134275,0.84991217,0
4.6167703,-2.4565475,-3.4142365,0.055097699,-0.85331714,-0.51847267,0
0.022589207,4.4246135,-0.069805861,0.076491207,0.52134275,-0.84991217,0
3.2391715,0.32528269,-2.397593,0.076491207,0.52134275,-0.84991217,0
-0.84705305,2.8690255,-1.3350834,0.076491207,0.52134275,-0.84991217,0
-0.5423739,0.0042145252,3.0175755,-0.076491207,-0.52134275,0.84991217,0
-0.24257851,4.1610308,0.90309024,-0.055097699,0.85331714,0.51847267,0
-4.3754063,-0.059557438,-3.1886697,-0.9955467,-0.0071695447,-0.093995929,0
-0.59769285,1.6770062,3.8742578,-0.076491207,-0.52134275,0.84991217,0
-4.3877816,-2.3773685,-2.3943062,-0.9955467,-0.0071695447,-0.093995929,0
3.6671834,4.1915812,-0.010821819,0.076491207,0.52134275,-0.84991217,0
4.8956633,-1.8680425,-3.7034731,0.076491207,0.52134275,-0.84991217,0
-4.7276096,-0.15119046,0.80074596,-0.9955467,-0.0071695447,-0.093995929,0
-3.5849152,2.7940736,2.9117434,-0.055097699,0.85331714,0.51847267,0
2.8840723,2.3709209,3.8388765,-0.055097699,0.85331714,0.51847267,0
1.4798088,-3.8768334,0.769719,-0.076491207,-0.52134275,0.84991217,0
-4.3325529,-3.5368853,-0.51186895,-0.9955467,-0.0071695447,-0.093995929,0
-0.95728588,-3.0717757,-2.5812116,0.055097699,-0.85331714,-0.51847267,0
1.3270733,2.0405693,4.1339569,-0.055097699,0.85331714,0.51847267,0
-4.5490098,-2.2825515,0.51032352,-0.9955467,-0.0071695447,-0.093995929,0
1.8238029,-2.830241,-3.2259364,0.055097699,-0.85331714,-0.51847267,0
-3.2985477,1.6288114,-2.4622693,0.076491207,0.52134275,-0.84991217,0
4.4698162,-1.9147253,1.977716,0.9955467,0.0071695447,0.093995929,0
2.8584723,-4.5648098,0.60626519,-0.076491207,-0.52134275,0.84991217,0
2.935442,0.81289291,3.7522466,-0.076491207,-0.52134275,0.84991217,0
-3.2588282,3.0839982,-1.4710444,0.076491207,0.52134275,-0.84991217,0
2.618752,4.2933068,0.050331116,0.076491207,0.52134275,-0.84991217,0
-3.3237329,-2.3993986,1.0271595,-0.076491207,-0.52134275,0.84991217,0
-1.4699857,-3.1591887,-3.0296526,0.055097699,-0.85331714,-0.51847267,0
-2.8368688,2.9372869,-1.3342154,0.076491207,0.52134275,-0.84991217,0
-1.6458268,-3.3263307,-2.0852373,0.055097699,-0.85331714,-0.51847267,0
-4.5613718,-4.2382584,-0.31215382,-0.9955467,-0.0071695447,-0.093995929,0
0.41215277,2.9585493,3.162086,-0.055097699,0.85331714,0.51847267,0
4.0810728,1.7047389,3.7106605,0.9955467,0.0071695447,0.093995929,0
-4.6842031,-0.74580777,1.4911664,-0.9955467,-0.0071695447,-0.093995929,0
-4.5586305,3.1588197,-1.0949359,-0.9955467,-0.0071695447,-0.093995929,0
-4.8820009,2.0438178,2.1928608,-0.9955467,-0.0071695447,-0.093995929,0
-0.71215487,-3.2970572,-2.1414051,0.055097699,-0.85331714,-0.51847267,0
4.350431,3.4684532,2.2791119,-0.055097699,0.85331714,0.51847267,0
4.3267207,1.7322384,1.6494136,0.9955467,0.0071695447,0.093995929,0
-4.3471432,-2.1328044,0.13309431,-0.9955467,-0.0071695447,-0.093995929,0
-4.1567998,-2.1412859,-3.2092991,-0.9955467,-0.0071695447,-0.093995929,0
-3.0275233,-0.32768965,-3.199842,0.076491207,0.52134275,-0.84991217,0
-3.8941784,-0.77469063,-3.7560389,0.076491207,0.52134275,-0.84991217,0
-4.2109141,-2.606482,-3.2975659,-0.9955467,-0.0071695447,-0.093995929,0
2.135107,3.8851008,1.2340832,-0.055097699,0.85331714,0.51847267,0
4.1332188,3.9606149,-0.045396328,0.076491207,0.52134275,-0.84991217,0
-1.6141737,-2.3591142,-3.9615963,0.055097699,-0.85331714,-0.51847267,0
-4.8496628,2.8803673,1.2592275,-0.9955467,-0.0071695447,-0.093995929,0
-3.7627099,-4.6330576,-0.21365023,-0.076491207,-0.52134275,0.84991217,0
-0.78695869,-2.3916709,1.4428899,-0.076491207,-0.52134275,0.84991217,0
4.2317734,-1.6548295,2.3676782,0.9955467,0.0071695447,0.093995929,0
-3.1790695,3.6376355,1.0822233,-0.055097699,0.85331714,0.51847267,0
4.0769129,-2.6265221,1.7677555,-0.076491207,-0.52134275,0.84991217,0
-4.1687894,0.18320274,-3.0200951,0.076491207,0.52134275,-0.84991217,0
2.651598,-0.24968886,-2.7192428,0.076491207,0.52134275,-0.84991217,0
1.7169412,-1.9939355,-4.1490016,0.076491207,0.52134275,-0.84991217,0
0.24543013,-0.37223005,2.6359215,-0.076491207,-0.52134275,0.84991217,0
-3.7579353,-1.1158285,-3.7858026,0.076491207,0.52134275,-0.84991217,0
2.6520147,-4.2760992,-0.062206924,0.055097699,-0.85331714,-0.51847267,0
-2.9566798,-4.8365192,-0.17717409,-0.076491207,-0.52134275,0.84991217,0
-0.82582712,-2.9879067,-2.5081339,0.055097699,-0.85331714,-0.51847267,0
2.3979523,0.30113602,3.2867093,-0.076491207,-0.52134275,0.84991217,0
1.7043118,-3.3824377,-2.1833866,0.055097699,-0.85331714,-0.51847267,0
4.52209,0.24227601,-1.7186089,0.9955467,0.0071695447,0.093995929,0
-3.7698126,0.14964986,2.5182357,-0.076491207,-0.52134275,0.84991217,0
-4.8782802,2.5328569,2.8116693,-0.055097699,0.85331714,0.51847267,0
-4.2266283,-2.2454598,-3.3846831,-0.9955467,-0.0071695447,-0.093995929,0
4.2210479,-2.9309318,-2.5432498,0.055097699,-0.85331714,-0.51847267,0
2.7528028,-3.4745612,-2.0569043,0.055097699,-0.85331714,-0.51847267,0
4.8421421,-1.4965107,-2.4482176,0.9955467,0.0071695447,0.093995929,0
3.4971159,3.3391371,2.7046371,-0.055097699,0.85331714,0.51847267,0
-1.8558502,-1.7859211,-4.0942073,0.076491207,0.52134275,-0.84991217,0
-4.8378415,3.0697825,2.1574423,-0.9955467,-0.0071695447,-0.093995929,0
4.6597266,0.55181944,-0.84652758,0.9955467,0.0071695447,0.093995929,0
4.4925365,2.3853712,-0.21844006,0.9955467,0.0071695447,0.093995929,0
2.9630368,3.6310785,2.1212268,-0.055097699,0.85331714,0.51847267,0
0.60354757,4.6645522,0.47490454,-0.055097699,0.85331714,0.51847267,0
4.5702419,-1.0467019,-1.8650186,0.9955467,0.0071695447,0.093995929,0
-4.4353447,-1.3031099,-2.0632625,-0.9955467,-0.0071695447,-0.093995929,0
3.8454149,0.77223456,-2.0611439,0.076491207,0.52134275,-0.84991217,0
-0.58823824,-4.4945383,-0.07341814,0.055097699,-0.85331714,-0.51847267,0
0.60789251,3.1689479,2.9196377,-0.055097699,0.85331714,0.51847267,0
4.4758806,-3.76788,-0.14286733,0.9955467,0.0071695447,0.093995929,0
0.5175181,-1.0593073,2.2544408,-0.076491207,-0.52134275,0.84991217,0
-2.2684309,3.2771344,2.0998662,-0.055097699,0.85331714,0.51847267,0
-4.3709846,-1.9964825,-2.3727574,-0.9955467,-0.0071695447,-0.093995929,0
1.2301909,-1.8389935,1.9675906,-0.076491207,-0.52134275,0.84991217,0
-4.6377459,-3.3738534,0.15791321,-0.9955467,-0.0071695447,-0.093995929,0
2.1712346,-3.2664549,-2.436161,0.055097699,-0.85331714,-0.51847267,0
3.3941467,3.6178713,1.8848896,-0.055097699,0.85331714,0.51847267,0
-3.6637998,3.4147952,1.7030942,-0.055097699,0.85331714,0.51847267,0
1.2447543,-2.7094016,-3.1937613,0.055097699,-0.85331714,-0.51847267,0
-4.8775444,1.2010995,1.6706567,-0.9955467,-0.0071695447,-0.093995929,0
-4.4050808,0.20531559,-0.84611511,-0.9955467,-0.0071695447,-0.093995929,0
-4.6279926,-0.61972475,0.71421719,-0.9955467,-0.0071695447,-0.093995929,0
3.3721604,3.4954066,2.4683824,-0.055097699,0.85331714,0.51847267,0
4.6269593,3.3192935,-0.26089239,0.9955467,0.0071695447,0.093995929,0
0.59670782,-3.1753922,-2.2335494,0.055097699,-0.85331714,-0.51847267,0
-4.2754002,-0.61456156,1.9870775,-0.076491207,-0.52134275,0.84991217,0
-4.54076,-0.38421601,1.6659501,-0.9955467,-0.0071695447,-0.093995929,0
-1.3531365,4.0602803,0.87688005,-0.055097699,0.85331714,0.51847267,0
-2.4086132,0.16838026,-3.2001078,0.076491207,0.52134275,-0.84991217,0
-4.8044968,-2.3732519,1.159081,-0.9955467,-0.0071695447,-0.093995929,0
1.4458895,-2.5210385,-3.3540297,0.055097699,-0.85331714,-0.51847267,0
-3.2919555,-3.6517634,0.47339153,-0.076491207,-0.52134275,0.84991217,0
-3.2011802,-2.3362613,-4.1860909,0.055097699,-0.85331714,-0.51847267,0
3.4326169,-4.4316187,-0.3395195,0.055097699,-0.85331714,-0.51847267,0
-4.7468634,-2.8637803,0.84223509,-0.9955467,-0.0071695447,-0.093995929,0
4.373106,3.1600339,-0.16938686,0.9955467,0.0071695447,0.093995929,0
-4.5097008,0.3039906,0.62513733,-0.9955467,-0.0071695447,-0.093995929,0
0.36847234,2.2848725,3.8590615,-0.055097699,0.85331714,0.51847267,0
-4.453989,-0.58827531,1.2869112,-0.9955467,-0.0071695447,-0.093995929,0
4.5156536,-2.5092177,0.28939152,0.9955467,0.0071695447,0.093995929,0
-1.7707999,3.0884023,2.3909256,-0.055097699,0.85331714,0.51847267,0
4.3400354,-1.5618463,0.78362823,0.9955467,0.0071695447,0.093995929,0
-4.3651986,-0.9888162,0.1247015,-0.9955467,-0.0071695447,-0.093995929,0
-0.88778877,3.713238,1.3870573,-0.055097699,0.85331714,0.51847267,0
-1.9729271,0.65989232,3.304553,-0.076491207,-0.52134275,0.84991217,0
-4.7374573,1.2856878,0.49484468,-0.9955467,-0.0071695447,-0.093995929,0
-4.5359073,1.2912793,0.72105408,-0.9955467,-0.0071695447,-0.093995929,0
4.5930567,-2.8695571,1.0440879,0.9955467,0.0071695447,0.093995929,0
0.2029047,3.6756959,1.4528962,-0.055097699,0.85331714,0.51847267,0
4.8418717,-1.0810226,-1.5576649,0.9955467,0.0071695447,0.093995929,0
0.87728703,0.75562835,3.6305423,-0.076491207,-0.52134275,0.84991217,0
-0.36809516,-2.7879915,1.1362424,-0.076491207,-0.52134275,0.84991217,0
-1.1649839,-0.77507281,-3.3194878,0.076491207,0.52134275,-0.84991217,0
-1.2931266,-2.5077686,-3.3745494,0.055097699,-0.85331714,-0.51847267,0
4.4921465,-0.9419018,-0.50443125,0.9955467,0.0071695447,0.093995929,0
-3.4354,2.6532388,-1.3910837,0.076491207,0.52134275,-0.84991217,0
0.35087311,-2.2629976,1.7366757,-0.076491207,-0.52134275,0.84991217,0
-4.5986123,0.66599774,0.68546009,-0.9955467,-0.0071695447,-0.093995929,0
-4.6778836,0.42549098,0.93492508,-0.9955467,-0.0071695447,-0.093995929,0
1.2915089,3.2050507,2.6882887,-0.055097699,0.85331714,0.51847267,0
-4.5547791,-0.60126191,-0.087760448,-0.9955467,-0.0071695447,-0.093995929,0
2.2520916,3.5321093,2.4715202,-0.055097699,0.85331714,0.51847267,0
-4.2688365,-1.4219213,-1.4588017,-0.9955467,-0.0071695447,-0.093995929,0
4.5732241,0.30330086,1.3413315,0.9955467,0.0071695447,0.093995929,0
-0.78919554,-3.3511684,-2.4195864,0.055097699,-0.85331714,-0.51847267,0
-4.2035446,-1.5213578,-3.3869238,-0.9955467,-0.0071695447,-0.093995929,0
4.7045116,1.6060784,-1.0757089,0.9955467,0.0071695447,0.093995929,0
-4.9042253,-0.33253467,2.3588555,-0.9955467,-0.0071695447,-0.093995929,0
1.2136278,2.4503336,3.5163989,-0.055097699,0.85331714,0.51847267,0
2.3824863,-1.0614358,-3.3675928,0.076491207,0.52134275,-0.84991217,0
-4.083529,3.3657143,1.9178721,-0.055097699,0.85331714,0.51847267,0
3.4210925,-3.4253559,-2.0104113,0.055097699,-0.85331714,-0.51847267,0
4.4469786,0.69734424,-2.0548046,0.076491207,0.52134275,-0.84991217,0
4.70049,-3.0503573,-0.29901075,0.9955467,0.0071695447,0.093995929,0
4.1690235,-2.5560777,1.6242416,-0.076491207,-0.52134275,0.84991217,0
3.7508287,2.0959864,-1.2455201,0.076491207,0.52134275,-0.84991217,0
-3.2749414,3.5756087,1.5978909,-0.055097699,0.85331714,0.51847267,0
0.7221036,1.4834037,-1.9061937,0.076491207,0.52134275,-0.84991217,0
-4.5439534,3.0321071,2.2199404,-0.055097699,0.85331714,0.51847267,0
0.44921207,3.9768806,1.042881,-0.055097699,0.85331714,0.51847267,0
4.0775499,2.5009506,-0.886693,0.076491207,0.52134275,-0.84991217,0
2.6253767,1.8898828,4.2840252,-0.076491207,-0.52134275,0.84991217,0
4.1603312,-0.52673721,2.9370422,-0.076491207,-0.52134275,0.84991217,0
4.5109806,2.1689835,0.69002342,0.9955467,0.0071695447,0.093995929,0
-0.646541,-0.87218595,2.2045848,-0.076491207,-0.52134275,0.84991217,0
-0.94123006,1.3733933,-2.0236716,0.076491207,0.52134275,-0.84991217,0
-4.5927753,-0.23848224,-0.81962538,-0.9955467,-0.0071695447,-0.093995929,0
4.4939117,1.2066442,-0.39716101,0.9955467,0.0071695447,0.093995929,0
-3.7153087,0.96620256,3.0031204,-0.076491207,-0.52134275,0.84991217,0
-4.1591773,-0.56573057,-2.9283404,-0.9955467,-0.0071695447,-0.093995929,0
-2.1636941,-3.382256,-2.6673331,0.055097699,-0.85331714,-0.51847267,0
3.5645666,0.086316705,-2.6645079,0.076491207,0.52134275,-0.84991217,0
-1.8032267,3.4303224,1.5297276,-0.055097699,0.85331714,0.51847267,0
3.4467692,2.5502052,-1.1170728,0.076491207,0.52134275,-0.84991217,0
-3.5448308,-0.60062885,-3.5207474,0.076491207,0.52134275,-0.84991217,0
3.4710727,-4.6295638,0.45247638,0.055097699,-0.85331714,-0.51847267,0
-4.3792615,3.4940729,-0.91462588,-0.9955467,-0.0071695447,-0.093995929,0
-2.0492208,-2.8052566,1.1043873,-0.076491207,-0.52134275,0.84991217,0
-1.1167396,0.31281543,3.1237931,-0.076491207,-0.52134275,0.84991217,0
-2.5094082,-4.163939,-0.83766937,0.055097699,-0.85331714,-0.51847267,0
-4.419786,-0.19283628,-0.40951777,-0.9955467,-0.0071695447,-0.093995929,0
-0.42484951,-2.1900024,1.6334684,-0.076491207,-0.52134275,0.84991217,0
1.9573739,2.4265368,4.0963755,-0.055097699,0.85331714,0.51847267,0
-4.3992839,0.25573397,-2.5460472,-0.9955467,-0.0071695447,-0.093995929,0
-0.4579742,-1.0199442,-3.4080119,0.076491207,0.52134275,-0.84991217,0
4.6110387,-0.52322257,-2.3570874,0.9955467,0.0071695447,0.093995929,0
0.75581288,-1.3081214,-3.8497946,0.076491207,0.52134275,-0.84991217,0
4.4323573,-0.084105134,-2.3727324,0.076491207,0.52134275,-0.84991217,0
4.7063365,-0.13783908,0.031952858,0.9955467,0.0071695447,0.093995929,0
-3.0360866,-4.7498627,-0.58133936,0.055097699,-0.85331714,-0.51847267,0
4.6030927,0.8639375,0.74281025,0.9955467,0.0071695447,0.093995929,0
-4.4033108,-2.9610701,0.65043926,-0.9955467,-0.0071695447,-0.093995929,0
-3.1868584,2.2135088,4.0566797,-0.055097699,0.85331714,0.51847267,0
1.8287406,4.4518919,0.72313499,-0.055097699,0.85331714,0.51847267,0
-4.9551625,1.8103523,3.0586421,-0.9955467,-0.0071695447,-0.093995929,0
2.2438347,3.2465396,2.6731808,-0.055097699,0.85331714,0.51847267,0
1.3531535,-2.5268321,1.5635854,-0.076491207,-0.52134275,0.84991217,0
-3.8216507,-2.4879296,1.1879013,-0.076491207,-0.52134275,0.84991217,0
-1.40962,-2.3214989,1.6034687,-0.076491207,-0.52134275,0.84991217,0
4.4123707,1.5545937,1.0126944,0.9955467,0.0071695447,0.093995929,0
-4.3035622,1.4192441,-1.6711817,-0.9955467,-0.0071695447,-0.093995929,0
4.5033579,2.1928174,-1.0178413,0.076491207,0.52134275,-0.84991217,0
-4.2341647,0.69985819,-1.0685828,-0.9955467,-0.0071695447,-0.093995929,0
-1.1087942,-2.2562482,-4.0583348,0.055097699,-0.85331714,-0.51847267,0
-3.6937099,4.4278202,-0.55481434,0.076491207,0.52134275,-0.84991217,0
-2.6628053,-0.7810812,-3.756813,0.076491207,0.52134275,-0.84991217,0
4.2078876,-3.0552037,-1.9775828,0.055097699,-0.85331714,-0.51847267,0
4.4491348,2.9751332,1.4980125,0.9955467,0.0071695447,0.093995929,0
1.286931,4.2329655,0.69897223,-0.055097699,0.85331714,0.51847267,0
-3.9334722,3.8496199,1.1381944,-0.055097699,0.85331714,0.51847267,0
2.799788,-2.7543263,-2.8818722,0.055097699,-0.85331714,-0.51847267,0
-4.0587215,0.37529647,2.7722788,-0.076491207,-0.52134275,0.84991217,0
-2.7596505,-2.6046267,-3.7232437,0.055097699,-0.85331714,-0.51847267,0
-4.6905079,1.6243434,-0.28236389,-0.9955467,-0.0071695447,-0.093995929,0
1.3487033,-0.98384976,2.5531845,-0.076491207,-0.52134275,0.84991217,0
4.633924,1.7195237,-0.36209154,0.9955467,0.0071695447,0.093995929,0
-0.90315914,1.7548895,3.8162007,-0.076491207,-0.52134275,0.84991217,0
4.5683179,1.7626164,-0.30131245,0.9955467,0.0071695447,0.093995929,0
-2.2319083,-3.7261577,-1.5718188,0.055097699,-0.85331714,-0.51847267,0
-4.4762726,-0.87029624,-2.3286104,-0.9955467,-0.0071695447,-0.093995929,0
1.3189075,2.2817147,4.1145239,-0.055097699,0.85331714,0.51847267,0
-4.3422909,0.34977865,-1.7781096,-0.9955467,-0.0071695447,-0.093995929,0
-4.8112783,0.9124651,2.1977022,-0.9955467,-0.0071695447,-0.093995929,0
-4.214921,-0.18157244,-1.3824081,-0.9955467,-0.0071695447,-0.093995929,0
-2.4255552,-4.4855189,-0.7232728,0.055097699,-0.85331714,-0.51847267,0
1.4814277,-3.9132576,-1.4634497,0.055097699,-0.85331714,-0.51847267,0
0.88904047,-4.3327756,-0.38413095,0.055097699,-0.85331714,-0.51847267,0
3.1378441,-3.3754814,-1.9507521,0.055097699,-0.85331714,-0.51847267,0
-4.2942629,-1.4970467,-1.3025227,-0.9955467,-0.0071695447,-0.093995929,0
3.2872734,-0.13819087,-2.7829418,0.076491207,0.52134275,-0.84991217,0
2.9591641,4.6218266,0.3779974,0.076491207,0.52134275,-0.84991217,0
4.4517155,3.4975419,0.86376953,0.9955467,0.0071695447,0.093995929,0
-3.3562322,3.7958598,1.05292,-0.055097699,0.85331714,0.51847267,0
-4.6424417,1.5146312,0.26105213,-0.9955467,-0.0071695447,-0.093995929,0
0.40467715,-2.9123549,1.087217,-0.076491207,-0.52134275,0.84991217,0
-2.7929761,-2.5577054,-3.5323639,0.055097699,-0.85331714,-0.51847267,0
-4.5246825,-1.6331691,0.74581289,-0.9955467,-0.0071695447,-0.093995929,0
-1.6798632,-1.3601701,1.7550371,-0.076491207,-0.52134275,0.84991217,0
-4.2377739,-1.8225342,1.4998269,-0.076491207,-0.52134275,0.84991217,0
-1.7496672,-4.1080875,0.21482921,-0.076491207,-0.52134275,0.84991217,0
3.1005063,2.0636399,-1.3859093,0.076491207,0.52134275,-0.84991217,0
