-3.0702538,2.7535529,-2.9728656,-0.0059481859,-0.043390036,-0.99904048,0
0.56029606,-3.0302513,-1.4840984,0.0070049223,-0.99903548,0.043348111,0
-3.3835778,1.7118146,0.87399197,-0.9999578,-0.0067403577,0.0062464476,0
-0.44353056,-1.5644684,-2.7546983,-0.0059481859,-0.043390036,-0.99904048,0
-2.3123045,-2.9786403,2.3746629,0.0070049223,-0.99903548,0.043348111,0
-3.5029964,1.3289671,-2.3886747,-0.9999578,-0.0067403577,0.0062464476,0
-3.423202,1.0203955,-2.0474539,-0.9999578,-0.0067403577,0.0062464476,0
-2.8525293,-2.8413877,0.33771634,0.0070049223,-0.99903548,0.043348111,0
-0.57777023,1.1297265,2.998965,0.0059481859,0.043390036,0.99904048,0
2.6335166,-2.6680913,-3.0259213,-0.0059481859,-0.043390036,-0.99904048,0
-0.69430983,-3.1110175,-1.5379379,0.0070049223,-0.99903548,0.043348111,0
3.5428152,1.2848588,1.4278913,0.9999578,0.0067403577,-0.0062464476,0
-2.9632447,2.9728849,0.45376205,-0.0070049223,0.99903548,-0.043348111,0
3.6689374,-0.2593419,0.056152821,0.9999578,0.0067403577,-0.0062464476,0
2.7942591,-0.034778684,2.9087639,0.0059481859,0.043390036,0.99904048,0
-3.5735867,-1.2771821,0.55615449,-0.9999578,-0.0067403577,0.0062464476,0
3.3239365,-0.49886489,-0.9491272,0.9999578,0.0067403577,-0.0062464476,0
-0.14789951,-3.2514589,-1.8774102,0.0070049223,-0.99903548,0.043348111,0
-3.5001831,-0.68189925,-0.75966883,-0.9999578,-0.0067403577,0.0062464476,0
-3.2845397,3.0659781,-0.40474176,-0.0070049223,0.99903548,-0.043348111,0
2.1465781,-2.809057,0.42586446,0.0070049223,-0.99903548,0.043348111,0
-2.0749359,1.7873354,-2.8724682,-0.0059481859,-0.043390036,-0.99904048,0
3.563401,-0.3535887,-3.0403385,-0.0059481859,-0.043390036,-0.99904048,0
-3.6151423,-0.2939679,-2.1014206,-0.9999578,-0.0067403577,0.0062464476,0
-3.6719615,-1.8623513,0.88815355,-0.9999578,-0.0067403577,0.0062464476,0
0.011170864,0.7112391,2.7831929,0.0059481859,0.043390036,0.99904048,0
1.8132052,3.1647208,2.749146,0.0059481859,0.043390036,0.99904048,0
-3.4843755,-2.1350403,2.2793653,-0.9999578,-0.0067403577,0.0062464476,0
3.6969194,0.98833066,0.93983936,0.9999578,0.0067403577,-0.0062464476,0
3.4047275,1.1581087,1.017019,0.9999578,0.0067403577,-0.0062464476,0
3.4051054,-0.80220187,1.1684427,0.9999578,0.0067403577,-0.0062464476,0
-1.8172805,2.892947,-1.7420872,-0.0070049223,0.99903548,-0.043348111,0
-0.7884829,0.55023378,3.0305581,0.0059481859,0.043390036,0.99904048,0
-0.55300832,2.5926175,3.0171196,0.0059481859,0.043390036,0.99904048,0
-0.98082876,2.9746425,-2.7393174,-0.0070049223,0.99903548,-0.043348111,0
1.6500229,-0.7246418,-2.9639692,-0.0059481859,-0.043390036,-0.99904048,0
3.4434307,-1.790493,-2.4260216,0.9999578,0.0067403577,-0.0062464476,0
2.0231199,-0.36806208,2.9484842,0.0059481859,0.043390036,0.99904048,0
-1.907481,-2.064497,-2.7794409,-0.0059481859,-0.043390036,-0.99904048,0
0.46040308,2.9660859,1.4597106,-0.0070049223,0.99903548,-0.043348111,0
-0.49724817,-0.26015249,-3.1252275,-0.0059481859,-0.043390036,-0.99904048,0
1.8421135,-3.0956271,-1.1310066,0.0070049223,-0.99903548,0.043348111,0
3.4642205,0.20442218,-2.4451063,0.9999578,0.0067403577,-0.0062464476,0
-1.4263381,1.508353,3.0683138,0.0059481859,0.043390036,0.99904048,0
0.48885798,-0.95450091,3.0974011,0.0059481859,0.043390036,0.99904048,0
2.8764844,1.0546559,2.9088898,0.0059481859,0.043390036,0.99904048,0
0.5507915,2.6069176,3.0152829,0.0059481859,0.043390036,0.99904048,0
-2.6774626,2.8513627,-1.8155382,-0.0070049223,0.99903548,-0.043348111,0
3.4652529,-2.5799539,-0.44157934,0.9999578,0.0067403577,-0.0062464476,0
3.4255998,2.3774223,-0.65299535,0.9999578,0.0067403577,-0.0062464476,0
1.8043797,2.2226243,2.9516916,0.0059481859,0.043390036,0.99904048,0
-3.4053073,3.0466685,1.8356416,-0.9999578,-0.0067403577,0.0062464476,0
0.21209955,0.9693644,3.0800836,0.0059481859,0.043390036,0.99904048,0
3.5413201,-1.9423106,-1.328542,0.9999578,0.0067403577,-0.0062464476,0
3.3588336,1.7546482,0.051161289,0.9999578,0.0067403577,-0.0062464476,0
3.3188071,1.2529843,2.361094,0.9999578,0.0067403577,-0.0062464476,0
-2.2190936,-1.5169356,-2.8223331,-0.0059481859,-0.043390036,-0.99904048,0
2.5613012,-3.1656108,-0.85695696,0.0070049223,-0.99903548,0.043348111,0
-0.94820118,-1.0288484,3.0437155,0.0059481859,0.043390036,0.99904048,0
2.0497584,2.8911226,-0.47242379,-0.0070049223,0.99903548,-0.043348111,0
-3.6875203,-0.28988791,0.96982789,-0.9999578,-0.0067403577,0.0062464476,0
-3.5780625,-1.3607978,-1.8241664,-0.9999578,-0.0067403577,0.0062464476,0
3.4592154,-2.9304659,2.5410061,0.0070049223,-0.99903548,0.043348111,0
-3.3061719,-0.30482084,0.72824693,-0.9999578,-0.0067403577,0.0062464476,0
0.13584375,2.7615242,-3.1327646,-0.0059481859,-0.043390036,-0.99904048,0
0.79561281,-1.9557527,3.082705,0.0059481859,0.043390036,0.99904048,0
-3.6423178,2.4469142,0.10391402,-0.9999578,-0.0067403577,0.0062464476,0
-1.3250979,3.1334713,2.6055727,-0.0070049223,0.99903548,-0.043348111,0
3.3913412,0.87584263,-0.091899395,0.9999578,0.0067403577,-0.0062464476,0
3.5323718,1.5014513,-0.77535677,0.9999578,0.0067403577,-0.0062464476,0
3.3544827,0.34537026,2.4262321,0.9999578,0.0067403577,-0.0062464476,0
0.42791629,2.2250559,-3.1580942,-0.0059481859,-0.043390036,-0.99904048,0
3.4992466,2.1009521,-2.5047376,0.9999578,0.0067403577,-0.0062464476,0
-2.9211192,-1.8392986,3.1472394,0.0059481859,0.043390036,0.99904048,0
-3.4106622,-0.65770555,-0.39299846,-0.9999578,-0.0067403577,0.0062464476,0
-3.5205445,-2.1646204,-0.81072187,-0.9999578,-0.0067403577,0.0062464476,0
0.43035501,3.1506217,-0.11994886,-0.0070049223,0.99903548,-0.043348111,0
2.2273962,-2.6419997,-3.0624857,-0.0059481859,-0.043390036,-0.99904048,0
3.6138663,2.5410426,2.1900373,0.9999578,0.0067403577,-0.0062464476,0
-1.24493,2.3357594,-2.9175959,-0.0059481859,-0.043390036,-0.99904048,0
2.8959196,-0.33259705,-3.0426698,-0.0059481859,-0.043390036,-0.99904048,0
-1.3182354,-0.56591135,-2.9940715,-0.0059481859,-0.043390036,-0.99904048,0
3.4951885,0.63005596,2.9327073,0.9999578,0.0067403577,-0.0062464476,0
0.25478941,2.8550918,0.43855348,-0.0070049223,0.99903548,-0.043348111,0
-2.3577638,0.73013461,2.8607295,0.0059481859,0.043390036,0.99904048,0
1.5063962,1.4088198,-3.2662747,-0.0059481859,-0.043390036,-0.99904048,0
2.1865392,-1.7990271,3.2156727,0.0059481859,0.043390036,0.99904048,0
-3.7223728,2.3934813,-2.4115415,-0.9999578,-0.0067403577,0.0062464476,0
-0.63696754,-3.0353532,-1.4602991,0.0070049223,-0.99903548,0.043348111,0
1.5365576,-2.4860399,-2.7916555,-0.0059481859,-0.043390036,-0.99904048,0
3.3783956,0.38130337,-1.5729825,0.9999578,0.0067403577,-0.0062464476,0
3.4601467,2.5681248,-0.47769523,0.9999578,0.0067403577,-0.0062464476,0
-1.3764733,3.1475797,1.2221701,-0.0070049223,0.99903548,-0.043348111,0
-3.4768245,1.7028434,-1.1898363,-0.9999578,-0.0067403577,0.0062464476,0
-0.21935415,-1.4347938,-3.1112037,-0.0059481859,-0.043390036,-0.99904048,0
3.325217,1.2075093,2.9185658,0.0059481859,0.043390036,0.99904048,0
-1.6139119,-2.2166374,-3.0235057,-0.0059481859,-0.043390036,-0.99904048,0
3.5079434,1.1980742,0.43087363,0.9999578,0.0067403577,-0.0062464476,0
-1.942111,-2.7916784,1.659067,0.0070049223,-0.99903548,0.043348111,0
0.21378434,3.1550944,1.0719134,-0.0070049223,0.99903548,-0.043348111,0
1.7622806,0.57669556,-3.024426,-0.0059481859,-0.043390036,-0.99904048,0
3.3654485,2.2882767,-0.98589969,0.9999578,0.0067403577,-0.0062464476,0
0.85018998,3.0179729,-1.6156287,-0.0070049223,0.99903548,-0.043348111,0
1.6504787,3.0245566,0.83558089,-0.0070049223,0.99903548,-0.043348111,0
-2.5009129,0.62013674,2.8341858,0.0059481859,0.043390036,0.99904048,0
1.7428757,1.4541055,-2.9181757,-0.0059481859,-0.043390036,-0.99904048,0
-1.4174922,-2.0950978,3.1145444,0.0059481859,0.043390036,0.99904048,0
-0.082014561,-2.0523753,3.1665537,0.0059481859,0.043390036,0.99904048,0
-2.6769836,-3.1107666,-2.5031073,0.0070049223,-0.99903548,0.043348111,0
-2.8481131,-1.8063478,3.1092346,0.0059481859,0.043390036,0.99904048,0
-3.2822495,3.2393527,2.639957,-0.0070049223,0.99903548,-0.043348111,0
-3.3127451,-0.74073958,0.11014414,-0.9999578,-0.0067403577,0.0062464476,0
2.1632118,-3.2083185,-0.83634067,0.0070049223,-0.99903548,0.043348111,0
-0.67697716,-1.403223,-2.9792204,-0.0059481859,-0.043390036,-0.99904048,0
0.9583534,-2.8064103,-0.086773753,0.0070049223,-0.99903548,0.043348111,0
-0.86465216,-3.087651,-1.9852717,0.0070049223,-0.99903548,0.043348111,0
-3.2912059,-2.9713488,-1.1585329,0.0070049223,-0.99903548,0.043348111,0
0.78258157,0.27518883,3.0960348,0.0059481859,0.043390036,0.99904048,0
-1.4088186,-2.9843941,-0.99393338,0.0070049223,-0.99903548,0.043348111,0
-3.2374725,-0.65095836,3.0368731,0.0059481859,0.043390036,0.99904048,0
3.1268578,3.2318623,2.4311428,-0.0070049223,0.99903548,-0.043348111,0
-2.5063107,2.1047654,-3.1850934,-0.0059481859,-0.043390036,-0.99904048,0
3.3416927,-2.3125725,-2.8289728,0.9999578,0.0067403577,-0.0062464476,0
3.3611512,-2.2129505,-2.1436365,0.9999578,0.0067403577,-0.0062464476,0
1.8262684,-1.8150767,2.9648952,0.0059481859,0.043390036,0.99904048,0
-3.6711485,-1.610991,1.5153084,-0.9999578,-0.0067403577,0.0062464476,0
-2.4033501,-2.7558022,1.6508598,0.0070049223,-0.99903548,0.043348111,0
1.6533301,3.1125247,-1.6726602,-0.0070049223,0.99903548,-0.043348111,0
-3.395412,-1.9743381,-2.7509654,-0.9999578,-0.0067403577,0.0062464476,0
0.94051158,-3.1389618,-2.0700045,0.0070049223,-0.99903548,0.043348111,0
-1.9098845,0.11372985,-3.1771269,-0.0059481859,-0.043390036,-0.99904048,0
3.4446411,2.8851469,0.088001013,-0.0070049223,0.99903548,-0.043348111,0
1.7589808,-0.56590217,2.9975603,0.0059481859,0.043390036,0.99904048,0
2.0887296,3.0739017,2.6213129,-0.0070049223,0.99903548,-0.043348111,0
-3.5085123,-1.9590942,0.72832322,-0.9999578,-0.0067403577,0.0062464476,0
2.7115607,2.6674235,2.71737,0.0059481859,0.043390036,0.99904048,0
1.1013976,-2.7729392,-2.9137168,-0.0059481859,-0.043390036,-0.99904048,0
3.4466419,2.0183294,-2.5154419,0.9999578,0.0067403577,-0.0062464476,0
-0.17245793,-2.4797475,2.968406,0.0059481859,0.043390036,0.99904048,0
-3.5400679,0.089304298,0.89116096,-0.9999578,-0.0067403577,0.0062464476,0
-0.48170388,-3.0963249,-1.2650832,0.0070049223,-0.99903548,0.043348111,0
-0.73882222,1.6656312,-3.1758056,-0.0059481859,-0.043390036,-0.99904048,0
-0.55841994,1.3417623,2.9741745,0.0059481859,0.043390036,0.99904048,0
-3.6617417,-1.9391154,-0.77207637,-0.9999578,-0.0067403577,0.0062464476,0
-0.57412958,0.87765354,-2.8445513,-0.0059481859,-0.043390036,-0.99904048,0
3.5725455,1.7551068,-2.8280287,0.9999578,0.0067403577,-0.0062464476,0
3.1359406,-3.0538328,-2.9565938,-0.0059481859,-0.043390036,-0.99904048,0
3.5550406,-2.6762574,2.9612274,0.9999578,0.0067403577,-0.0062464476,0
-2.0204399,2.9560146,1.0277417,-0.0070049223,0.99903548,-0.043348111,0
-3.1619973,-2.8269143,1.897198,0.0070049223,-0.99903548,0.043348111,0
3.5997193,-2.1044886,-0.56992745,0.9999578,0.0067403577,-0.0062464476,0
-3.5249858,-1.2145896,-1.0923328,-0.9999578,-0.0067403577,0.0062464476,0
-0.141114,0.01665929,2.9227629,0.0059481859,0.043390036,0.99904048,0
-1.6593851,-0.014744828,3.034476,0.0059481859,0.043390036,0.99904048,0
-2.7160113,2.8280466,3.0239036,0.0059481859,0.043390036,0.99904048,0
3.0639782,2.9786856,-2.9705684,-0.0070049223,0.99903548,-0.043348111,0
-3.5028791,2.253401,0.5763886,-0.9999578,-0.0067403577,0.0062464476,0
3.359962,2.5580785,1.9438006,0.9999578,0.0067403577,-0.0062464476,0
-3.5184374,-0.96319693,2.4004474,-0.9999578,-0.0067403577,0.0062464476,0
-0.57731652,-1.3879023,3.0833602,0.0059481859,0.043390036,0.99904048,0
-2.6183772,-3.0773127,3.0009723,0.0070049223,-0.99903548,0.043348111,0
2.1088452,-0.78044116,-2.890182,-0.0059481859,-0.043390036,-0.99904048,0
-0.53219557,-1.6922063,2.9348927,0.0059481859,0.043390036,0.99904048,0
3.6979737,0.50123227,1.2871268,0.9999578,0.0067403577,-0.0062464476,0
1.4667172,2.8310916,-3.1445408,-0.0059481859,-0.043390036,-0.99904048,0
3.5501468,-0.86350548,1.3335314,0.9999578,0.0067403577,-0.0062464476,0
3.403228,1.7581825,2.2337236,0.9999578,0.0067403577,-0.0062464476,0
3.3611121,2.7735314,1.5177804,0.9999578,0.0067403577,-0.0062464476,0
-0.56581783,2.4626257,2.9066882,0.0059481859,0.043390036,0.99904048,0
-2.5611629,-2.1069775,3.240607,0.0059481859,0.043390036,0.99904048,0
2.6264198,-3.0565012,2.4767823,0.0070049223,-0.99903548,0.043348111,0
-3.5083289,-2.7767327,2.043848,-0.9999578,-0.0067403577,0.0062464476,0
0.79605365,3.0305796,-0.76731002,-0.0070049223,0.99903548,-0.043348111,0
1.868711,2.8726158,0.44282329,-0.0070049223,0.99903548,-0.043348111,0
3.6341825,0.47121418,0.76581836,0.9999578,0.0067403577,-0.0062464476,0
-3.3184617,-2.7438638,1.0043387,-0.9999578,-0.0067403577,0.0062464476,0
3.4202077,2.201972,-1.6744967,0.9999578,0.0067403577,-0.0062464476,0
3.1915972,0.51803333,2.8771369,0.0059481859,0.043390036,0.99904048,0
1.8445864,-1.7399945,3.2068424,0.0059481859,0.043390036,0.99904048,0
-3.2545118,-3.030668,1.679456,0.0070049223,-0.99903548,0.043348111,0
2.8818448,-3.0702863,-1.3104899,0.0070049223,-0.99903548,0.043348111,0
-0.83630586,0.91530412,-3.1944025,-0.0059481859,-0.043390036,-0.99904048,0
2.5398538,3.0018656,2.393347,-0.0070049223,0.99903548,-0.043348111,0
1.2078457,2.0510807,2.9889879,0.0059481859,0.043390036,0.99904048,0
2.8646696,2.9891846,2.664994,0.0059481859,0.043390036,0.99904048,0
-1.1503029,-2.728703,2.3112421,0.0070049223,-0.99903548,0.043348111,0
-2.4001505,-2.301096,-2.8829503,-0.0059481859,-0.043390036,-0.99904048,0
-1.8536971,2.9700813,-3.1423717,-0.0070049223,0.99903548,-0.043348111,0
-1.6000524,-2.8885894,-1.2833763,0.0070049223,-0.99903548,0.043348111,0
-3.3780048,-1.2691494,-3.0277965,-0.9999578,-0.0067403577,0.0062464476,0
3.0851591,-0.43255064,-3.0787709,-0.0059481859,-0.043390036,-0.99904048,0
3.5681882,-2.0456152,2.579236,0.9999578,0.0067403577,-0.0062464476,0
0.74066895,-2.8072731,0.78742838,0.0070049223,-0.99903548,0.043348111,0
0.39884806,-1.1843808,3.0428417,0.0059481859,0.043390036,0.99904048,0
0.70798039,-1.7961324,2.9629498,0.0059481859,0.043390036,0.99904048,0
-3.0853245,2.7822189,-3.017127,-0.0070049223,0.99903548,-0.043348111,0
3.565094,2.1366191,1.4238281,0.9999578,0.0067403577,-0.0062464476,0
-3.0254047,-2.5209715,-2.9326797,-0.0059481859,-0.043390036,-0.99904048,0
-3.3503995,-2.4649336,0.72811937,-0.9999578,-0.0067403577,0.0062464476,0
0.84648204,2.8941414,3.0029445,0.0059481859,0.043390036,0.99904048,0
-3.3576391,1.9059793,0.2863524,-0.9999578,-0.0067403577,0.0062464476,0
-2.7604849,3.1307173,-0.57442212,-0.0070049223,0.99903548,-0.043348111,0
-3.2794499,2.2265804,2.8143015,0.0059481859,0.043390036,0.99904048,0
3.4764497,0.055563148,1.5839735,0.9999578,0.0067403577,-0.0062464476,0
3.3859224,0.15079451,-1.6002345,0.9999578,0.0067403577,-0.0062464476,0
1.1711993,2.9437528,-1.3734133,-0.0070049223,0.99903548,-0.043348111,0
-3.5686798,1.3688952,0.38667274,-0.9999578,-0.0067403577,0.0062464476,0
3.4100165,0.11397855,2.0722458,0.9999578,0.0067403577,-0.0062464476,0
-0.30640841,2.8037007,-2.4106653,-0.0070049223,0.99903548,-0.043348111,0
-0.59287834,0.56544733,2.9821379,0.0059481859,0.043390036,0.99904048,0
-3.4811592,2.8744442,1.2604582,-0.9999578,-0.0067403577,0.0062464476,0
3.3642423,-1.2476469,-2.9071374,-0.0059481859,-0.043390036,-0.99904048,0
-3.5206811,-0.12840357,0.88125062,-0.9999578,-0.0067403577,0.0062464476,0
-1.5758536,0.26786253,-3.150172,-0.0059481859,-0.043390036,-0.99904048,0
-3.6205835,0.30864865,1.8538933,-0.9999578,-0.0067403577,0.0062464476,0
-0.34029889,0.31913865,-2.956481,-0.0059481859,-0.043390036,-0.99904048,0
-3.4631209,1.8337597,-2.4981675,-0.9999578,-0.0067403577,0.0062464476,0
-3.2166166,-2.2266414,2.9721036,0.0059481859,0.043390036,0.99904048,0
3.6901853,-1.9475908,0.074034452,0.9999578,0.0067403577,-0.0062464476,0
3.5795145,2.1875274,-2.1257899,0.9999578,0.0067403577,-0.0062464476,0
-2.1032259,3.1085327,2.2572558,-0.0070049223,0.99903548,-0.043348111,0
3.3524537,-2.0122452,0.8579433,0.9999578,0.0067403577,-0.0062464476,0
3.3487432,-2.9964292,-0.47978354,0.0070049223,-0.99903548,0.043348111,0
3.6631279,-0.44059715,-1.673193,0.9999578,0.0067403577,-0.0062464476,0
2.0872645,-2.7064605,2.9662089,0.0070049223,-0.99903548,0.043348111,0
1.043277,1.030391,3.0248299,0.0059481859,0.043390036,0.99904048,0
0.058174491,-3.0257893,1.4230212,0.0070049223,-0.99903548,0.043348111,0
-0.47736979,-1.7002101,3.1832995,0.0059481859,0.043390036,0.99904048,0
1.1365273,0.76323795,2.8047783,0.0059481859,0.043390036,0.99904048,0
3.3564556,2.2927275,-3.0571392,0.9999578,0.0067403577,-0.0062464476,0
0.79890525,2.867373,-0.29118192,-0.0070049223,0.99903548,-0.043348111,0
-3.3945608,2.2175686,-3.0631592,-0.0059481859,-0.043390036,-0.99904048,0
-3.5446968,-0.13105243,-0.14100051,-0.9999578,-0.0067403577,0.0062464476,0
1.9133849,-3.0612323,2.7445419,0.0070049223,-0.99903548,0.043348111,0
-0.11123395,-1.6177186,3.1086838,0.0059481859,0.043390036,0.99904048,0
-1.3654118,-3.0097058,-0.3420409,0.0070049223,-0.99903548,0.043348111,0
-1.6180892,-3.1527989,0.39521253,0.0070049223,-0.99903548,0.043348111,0
-2.9949691,1.9641801,-2.9390476,-0.0059481859,-0.043390036,-0.99904048,0
3.6740358,-2.3344972,1.249681,0.9999578,0.0067403577,-0.0062464476,0
-3.6725526,-1.0554014,-1.9157438,-0.9999578,-0.0067403577,0.0062464476,0
3.3460088,-1.0053635,-2.3345845,0.9999578,0.0067403577,-0.0062464476,0
0.41031361,3.2839971,2.1909485,-0.0070049223,0.99903548,-0.043348111,0
0.52667558,-3.2030225,-1.124038,0.0070049223,-0.99903548,0.043348111,0
3.3968797,-1.1076605,0.48649526,0.9999578,0.0067403577,-0.0062464476,0
3.4066672,2.4849401,-0.72570014,0.9999578,0.0067403577,-0.0062464476,0
-3.5830948,1.6058366,-2.7213161,-0.9999578,-0.0067403577,0.0062464476,0
-0.33770156,-2.7342439,-2.7385869,-0.0059481859,-0.043390036,-0.99904048,0
-2.1996212,3.084651,2.4130797,-0.0070049223,0.99903548,-0.043348111,0
0.27288365,-1.5508088,3.1868749,0.0059481859,0.043390036,0.99904048,0
3.6100364,-2.570837,-2.3232479,0.9999578,0.0067403577,-0.0062464476,0
-3.6521821,-1.3956983,1.1451368,-0.9999578,-0.0067403577,0.0062464476,0
-3.3805587,-2.9883864,0.74463511,-0.9999578,-0.0067403577,0.0062464476,0
3.4693515,-1.8105459,2.3656192,0.9999578,0.0067403577,-0.0062464476,0
-2.912622,-2.9038076,-1.6428185,0.0070049223,-0.99903548,0.043348111,0
2.8603337,-3.1316082,0.49299979,0.0070049223,-0.99903548,0.043348111,0
2.5306222,-1.3110908,2.8867099,0.0059481859,0.043390036,0.99904048,0
-3.3194859,1.9006467,-3.2542193,-0.0059481859,-0.043390036,-0.99904048,0
1.3189535,1.2934611,2.9209652,0.0059481859,0.043390036,0.99904048,0
-3.3689628,-1.6627215,0.54908824,-0.9999578,-0.0067403577,0.0062464476,0
-2.0246627,2.0111167,-3.2459929,-0.0059481859,-0.043390036,-0.99904048,0
2.7810717,-1.2448726,3.1355512,0.0059481859,0.043390036,0.99904048,0
1.8945807,-3.0419562,-0.6146636,0.0070049223,-0.99903548,0.043348111,0
-3.3382592,-3.0809267,1.6635118,0.0070049223,-0.99903548,0.043348111,0
-1.3649726,-3.1604106,-1.3038316,0.0070049223,-0.99903548,0.043348111,0
3.5109057,2.5825324,-1.7425718,0.9999578,0.0067403577,-0.0062464476,0
3.6831872,1.255497,2.3055811,0.9999578,0.0067403577,-0.0062464476,0
0.062564611,1.5100324,-2.9984474,-0.0059481859,-0.043390036,-0.99904048,0
-3.6339288,0.57603955,-0.86495447,-0.9999578,-0.0067403577,0.0062464476,0
-3.4425864,-2.6726725,-2.2449524,-0.9999578,-0.0067403577,0.0062464476,0
-1.0745246,0.27812976,-2.8510456,-0.0059481859,-0.043390036,-0.99904048,0
-2.7302489,0.86919999,3.1707613,0.0059481859,0.043390036,0.99904048,0
-3.3535364,-1.1827097,-2.2890735,-0.9999578,-0.0067403577,0.0062464476,0
0.31758547,1.4116478,-3.2573805,-0.0059481859,-0.043390036,-0.99904048,0
-1.5332763,-2.8297825,2.3681946,0.0070049223,-0.99903548,0.043348111,0
0.37290263,-2.9332566,1.1739616,0.0070049223,-0.99903548,0.043348111,0
3.5309348,1.7374141,2.0294807,0.9999578,0.0067403577,-0.0062464476,0
-0.1873405,1.8377559,-3.0305805,-0.0059481859,-0.043390036,-0.99904048,0
-3.5811205,-2.5051455,1.3736899,-0.9999578,-0.0067403577,0.0062464476,0
-3.4264989,0.66211271,0.49675703,-0.9999578,-0.0067403577,0.0062464476,0
-3.224185,3.1508317,1.8723326,-0.0070049223,0.99903548,-0.043348111,0
3.6537657,-0.98023009,0.75971866,0.9999578,0.0067403577,-0.0062464476,0
-3.3367031,0.96388787,-2.9288912,-0.0059481859,-0.043390036,-0.99904048,0
3.0307796,2.8024652,-2.8778548,-0.0070049223,0.99903548,-0.043348111,0
3.3334327,-0.78815418,-2.5869312,0.9999578,0.0067403577,-0.0062464476,0
-1.3269963,-2.9735808,-2.7579606,0.0070049223,-0.99903548,0.043348111,0
3.4233558,-2.7781401,2.7037337,0.0070049223,-0.99903548,0.043348111,0
2.8704216,3.19052,2.4294264,-0.0070049223,0.99903548,-0.043348111,0
-0.043230772,1.2565813,-3.2218907,-0.0059481859,-0.043390036,-0.99904048,0
3.5382547,1.8347152,1.0602725,0.9999578,0.0067403577,-0.0062464476,0
3.5724444,-0.6454736,-2.8214254,0.9999578,0.0067403577,-0.0062464476,0
3.3258293,-1.7704266,-2.8319459,0.9999578,0.0067403577,-0.0062464476,0
-3.5134015,1.8078327,-0.69760847,-0.9999578,-0.0067403577,0.0062464476,0
2.2686114,-2.343576,-2.8414752,-0.0059481859,-0.043390036,-0.99904048,0
-1.8813341,2.8326163,-2.510988,-0.0070049223,0.99903548,-0.043348111,0
-3.2280159,-0.019975796,-3.1735373,-0.0059481859,-0.043390036,-0.99904048,0
-1.6710082,-2.8000925,0.99360025,0.0070049223,-0.99903548,0.043348111,0
3.3497643,1.5372252,0.49016666,0.9999578,0.0067403577,-0.0062464476,0
3.6091163,-3.0376925,0.79056501,0.0070049223,-0.99903548,0.043348111,0
0.89569092,1.2117124,-2.9634709,-0.0059481859,-0.043390036,-0.99904048,0
-3.54514,-1.369108,0.54318571,-0.9999578,-0.0067403577,0.0062464476,0
1.5764248,2.2513254,-3.2725582,-0.0059481859,-0.043390036,-0.99904048,0
-3.3847265,1.8753488,2.0438795,-0.9999578,-0.0067403577,0.0062464476,0
-1.8423965,-2.7484348,2.5000815,0.0070049223,-0.99903548,0.043348111,0
3.4291952,1.6910143,2.390619,0.9999578,0.0067403577,-0.0062464476,0
1.5508668,3.1487188,-1.1063318,-0.0070049223,0.99903548,-0.043348111,0
3.613812,1.4220467,-1.2267194,0.9999578,0.0067403577,-0.0062464476,0
-3.3420086,-2.8326058,2.4338348,-0.9999578,-0.0067403577,0.0062464476,0
2.8798857,2.8524725,-1.9317017,-0.0070049223,0.99903548,-0.043348111,0
-2.9173446,0.44149587,-3.0178788,-0.0059481859,-0.043390036,-0.99904048,0
-2.8292372,2.9922464,1.1398633,-0.0070049223,0.99903548,-0.043348111,0
2.5207319,-2.9923584,1.2858288,0.0070049223,-0.99903548,0.043348111,0
-3.5139041,-0.52912271,-2.0410657,-0.9999578,-0.0067403577,0.0062464476,0
-1.6384854,0.94370639,-3.0263448,-0.0059481859,-0.043390036,-0.99904048,0
-0.84497523,-2.7241316,-2.9039845,-0.0059481859,-0.043390036,-0.99904048,0
3.7004938,0.57249451,1.2239759,0.9999578,0.0067403577,-0.0062464476,0
-1.5139461,2.8947384,-0.88056248,-0.0070049223,0.99903548,-0.043348111,0
1.8903589,3.120024,0.14024496,-0.0070049223,0.99903548,-0.043348111,0
3.6275783,1.5980393,-2.3767183,0.9999578,0.0067403577,-0.0062464476,0
2.1586025,-1.6008686,3.1010399,0.0059481859,0.043390036,0.99904048,0
0.68939662,0.92447847,2.8013706,0.0059481859,0.043390036,0.99904048,0
-3.4015436,1.8232028,-1.5638993,-0.9999578,-0.0067403577,0.0062464476,0
-1.5482527,-3.1036398,-0.098324418,0.0070049223,-0.99903548,0.043348111,0
-0.79076958,0.52271903,-3.2099614,-0.0059481859,-0.043390036,-0.99904048,0
0.21956301,0.78800052,2.898762,0.0059481859,0.043390036,0.99904048,0
-1.736258,1.6281064,2.9219837,0.0059481859,0.043390036,0.99904048,0
3.483314,0.25164062,2.8041787,0.9999578,0.0067403577,-0.0062464476,0
3.095257,1.4857221,-2.9989278,-0.0059481859,-0.043390036,-0.99904048,0
-3.2209933,2.7814491,-1.8945456,-0.0070049223,0.99903548,-0.043348111,0
2.1010394,-0.9179523,-2.9384997,-0.0059481859,-0.043390036,-0.99904048,0
2.1681564,1.3815711,2.9237463,0.0059481859,0.043390036,0.99904048,0
-3.2642798,-2.9553356,-2.2149303,0.0070049223,-0.99903548,0.043348111,0
0.10426188,-2.8340435,2.7273762,0.0070049223,-0.99903548,0.043348111,0
-0.81040907,3.1154726,1.6185224,-0.0070049223,0.99903548,-0.043348111,0
2.2593145,1.4025441,3.1179106,0.0059481859,0.043390036,0.99904048,0
3.3819685,0.3282586,-2.7955847,0.9999578,0.0067403577,-0.0062464476,0
3.36219,2.1900699,-1.4526372,0.9999578,0.0067403577,-0.0062464476,0
-3.4382524,1.0046515,-0.73314404,-0.9999578,-0.0067403577,0.0062464476,0
-3.5832028,-2.1645267,0.26672721,-0.9999578,-0.0067403577,0.0062464476,0
0.12430219,-3.0198052,0.076577298,0.0070049223,-0.99903548,0.043348111,0
3.5633028,1.9856442,1.8822364,0.9999578,0.0067403577,-0.0062464476,0
-0.61516643,-2.8627787,3.197386,0.0070049223,-0.99903548,0.043348111,0
-0.14561105,1.9122748,2.8231091,0.0059481859,0.043390036,0.99904048,0
-3.6711018,-1.2977149,1.71122,-0.9999578,-0.0067403577,0.0062464476,0
0.1867578,-2.1352074,-2.7435689,-0.0059481859,-0.043390036,-0.99904048,0
-1.6105139,0.076344691,3.0168288,0.0059481859,0.043390036,0.99904048,0
3.4437051,-2.0254445,0.38652968,0.9999578,0.0067403577,-0.0062464476,0
0.39369512,-3.0363641,2.3628335,0.0070049223,-0.99903548,0.043348111,0
-2.0207796,-2.986568,1.3664829,0.0070049223,-0.99903548,0.043348111,0
0.15506315,2.5159676,2.9270494,0.0059481859,0.043390036,0.99904048,0
-2.4859455,-3.2121971,0.035004616,0.0070049223,-0.99903548,0.043348111,0
3.1648209,-2.9390712,2.3867459,0.0070049223,-0.99903548,0.043348111,0
3.5495632,-1.2815745,2.885443,0.9999578,0.0067403577,-0.0062464476,0
2.2694571,2.9855938,2.6872759,-0.0070049223,0.99903548,-0.043348111,0
0.27289033,-2.9202576,-1.3439354,0.0070049223,-0.99903548,0.043348111,0
-1.9803927,-0.87025863,3.1093769,0.0059481859,0.043390036,0.99904048,0
-0.97045636,2.7220292,-3.2334018,-0.0059481859,-0.043390036,-0.99904048,0
-3.0732217,1.9784467,3.0902953,0.0059481859,0.043390036,0.99904048,0
3.5544424,-1.0537397,-2.9782395,-0.0059481859,-0.043390036,-0.99904048,0
0.84475935,-3.0175197,2.0569487,0.0070049223,-0.99903548,0.043348111,0
-3.377378,0.3707816,-2.8930814,-0.9999578,-0.0067403577,0.0062464476,0
2.6531434,-3.1079195,1.7351141,0.0070049223,-0.99903548,0.043348111,0
0.34898472,0.4635393,-3.2105191,-0.0059481859,-0.043390036,-0.99904048,0
3.6285596,-0.98752964,1.7705095,0.9999578,0.0067403577,-0.0062464476,0
3.6088767,-2.557569,-0.3608849,0.9999578,0.0067403577,-0.0062464476,0
1.3911513,3.0738378,1.8554521,-0.0070049223,0.99903548,-0.043348111,0
-3.5888903,1.5919486,2.1667895,-0.9999578,-0.0067403577,0.0062464476,0
1.0641561,2.9489927,2.9497759,-0.0070049223,0.99903548,-0.043348111,0
-1.1685786,2.7635341,-2.5824432,-0.0070049223,0.99903548,-0.043348111,0
-3.4400039,-0.99051118,-0.35512829,-0.9999578,-0.0067403577,0.0062464476,0
3.4679999,-1.7349511,2.4798996,0.9999578,0.0067403577,-0.0062464476,0
0.047217607,-2.7927644,3.0750608,0.0070049223,-0.99903548,0.043348111,0
0.59957445,3.0586891,-2.6556096,-0.0070049223,0.99903548,-0.043348111,0
-0.47296047,1.7408369,-3.2096236,-0.0059481859,-0.043390036,-0.99904048,0
2.2862358,3.1276736,-0.77424836,-0.0070049223,0.99903548,-0.043348111,0
2.2091775,-2.9373095,0.41448879,0.0070049223,-0.99903548,0.043348111,0
-0.29165149,-0.22542733,-3.1116362,-0.0059481859,-0.043390036,-0.99904048,0
3.6179194,-1.2039545,0.10489964,0.9999578,0.0067403577,-0.0062464476,0
3.2269688,3.2646291,1.3573753,-0.0070049223,0.99903548,-0.043348111,0
0.92721927,-3.0706251,-2.2713032,0.0070049223,-0.99903548,0.043348111,0
-2.2168474,2.9417262,-0.68625891,-0.0070049223,0.99903548,-0.043348111,0
3.6436157,2.318362,-2.1777027,0.9999578,0.0067403577,-0.0062464476,0
3.3658319,0.6142385,2.6534538,0.9999578,0.0067403577,-0.0062464476,0
3.4518814,0.92833084,-0.21893644,0.9999578,0.0067403577,-0.0062464476,0
-1.1016304,-1.5387769,-2.8590612,-0.0059481859,-0.043390036,-0.99904048,0
-0.83568835,-2.8799396,-0.10494924,0.0070049223,-0.99903548,0.043348111,0
1.5884911,1.5516673,-3.2638783,-0.0059481859,-0.043390036,-0.99904048,0
-0.71361613,-3.2579439,-2.3810158,0.0070049223,-0.99903548,0.043348111,0
2.7606742,3.0872715,-0.67598891,-0.0070049223,0.99903548,-0.043348111,0
-2.5680373,-2.8940876,-2.8572645,-0.0059481859,-0.043390036,-0.99904048,0
-0.50731373,0.51827949,-3.0669987,-0.0059481859,-0.043390036,-0.99904048,0
2.0761352,-0.18720675,-2.9048173,-0.0059481859,-0.043390036,-0.99904048,0
-3.5786724,0.3908819,0.99805331,-0.9999578,-0.0067403577,0.0062464476,0
-3.615819,-2.2212625,2.8367872,-0.9999578,-0.0067403577,0.0062464476,0
-2.8314898,-3.1347497,-2.8661957,0.0070049223,-0.99903548,0.043348111,0
1.9439545,-1.1351224,3.1900702,0.0059481859,0.043390036,0.99904048,0
3.0385358,-2.0017648,-2.9414334,-0.0059481859,-0.043390036,-0.99904048,0
1.9567199,-1.2342192,3.0690436,0.0059481859,0.043390036,0.99904048,0
-0.15160811,-2.9072838,2.1101201,0.0070049223,-0.99903548,0.043348111,0
-1.3915431,2.0630157,2.7898245,0.0059481859,0.043390036,0.99904048,0
-0.03724575,2.7982147,-1.3496407,-0.0070049223,0.99903548,-0.043348111,0
1.2412026,-0.20003605,3.0566399,0.0059481859,0.043390036,0.99904048,0
-0.38543272,2.4240763,2.8747759,0.0059481859,0.043390036,0.99904048,0
-0.80754519,0.98784518,-3.0302687,-0.0059481859,-0.043390036,-0.99904048,0
3.3172331,2.6536791,-0.64557123,0.9999578,0.0067403577,-0.0062464476,0
3.5886316,-2.094336,-0.86545372,0.9999578,0.0067403577,-0.0062464476,0
3.4580483,1.4354209,2.194663,0.9999578,0.0067403577,-0.0062464476,0
-0.20729685,2.9247327,1.1558424,-0.0070049223,0.99903548,-0.043348111,0
-1.2536557,-1.8813289,-2.9377553,-0.0059481859,-0.043390036,-0.99904048,0
2.2683198,3.2791219,2.5124176,-0.0070049223,0.99903548,-0.043348111,0
3.5514507,-2.6814265,-2.5238328,0.9999578,0.0067403577,-0.0062464476,0
-3.6078,-1.1886162,0.95533729,-0.9999578,-0.0067403577,0.0062464476,0
-0.41720581,-0.91201437,3.135525,0.0059481859,0.043390036,0.99904048,0
-3.0580769,-2.1727176,-2.9551477,-0.0059481859,-0.043390036,-0.99904048,0
-0.63693285,-1.9663432,-3.0029299,-0.0059481859,-0.043390036,-0.99904048,0
-0.11164284,-2.2620761,-3.0853376,-0.0059481859,-0.043390036,-0.99904048,0
-3.0724397,0.68138748,3.0715849,0.0059481859,0.043390036,0.99904048,0
2.6385112,-0.57425719,-3.1722851,-0.0059481859,-0.043390036,-0.99904048,0
3.6184454,0.7599116,2.1203036,0.9999578,0.0067403577,-0.0062464476,0
0.80541885,-1.281827,-2.7694907,-0.0059481859,-0.043390036,-0.99904048,0
3.3285928,-1.4494143,0.66984797,0.9999578,0.0067403577,-0.0062464476,0
-0.65982533,-2.7656126,-3.0137966,-0.0059481859,-0.043390036,-0.99904048,0
-3.4655576,-1.7015923,-1.5820206,-0.9999578,-0.0067403577,0.0062464476,0
3.5129797,-1.3736227,-2.554323,0.9999578,0.0067403577,-0.0062464476,0
3.5475349,1.3014938,-1.9459276,0.9999578,0.0067403577,-0.0062464476,0
-2.8531632,2.9865856,0.051178217,-0.0070049223,0.99903548,-0.043348111,0
-0.38854969,-2.7717288,1.6541033,0.0070049223,-0.99903548,0.043348111,0
3.3618188,0.67929643,2.173794,0.9999578,0.0067403577,-0.0062464476,0
-3.2952664,-2.9729602,-0.068597078,0.0070049223,-0.99903548,0.043348111,0
-3.3580034,2.5841663,-2.832377,-0.9999578,-0.0067403577,0.0062464476,0
-0.60729349,3.2253556,1.5031819,-0.0070049223,0.99903548,-0.043348111,0
-2.5704844,-2.9227357,-2.6794994,-0.0059481859,-0.043390036,-0.99904048,0
-0.78914356,-2.8921618,-1.4742446,0.0070049223,-0.99903548,0.043348111,0
-3.5516202,-3.066746,-2.1407654,-0.9999578,-0.0067403577,0.0062464476,0
3.4820399,0.90016657,-0.69993067,0.9999578,0.0067403577,-0.0062464476,0
1.748385,3.1624584,2.6627975,0.0059481859,0.043390036,0.99904048,0
-3.6585078,-2.058862,-1.3614669,-0.9999578,-0.0067403577,0.0062464476,0
2.8171196,-0.54430568,-3.0547624,-0.0059481859,-0.043390036,-0.99904048,0
2.1728642,3.198082,2.876735,-0.0070049223,0.99903548,-0.043348111,0
2.9115889,-2.519742,2.9859009,0.0059481859,0.043390036,0.99904048,0
-3.6586881,-2.0820744,1.8940852,-0.9999578,-0.0067403577,0.0062464476,0
2.3081219,-2.6742253,2.9324038,0.0070049223,-0.99903548,0.043348111,0
-3.3353686,1.659941,1.1360281,-0.9999578,-0.0067403577,0.0062464476,0
3.0700567,-2.7185998,2.855901,0.0070049223,-0.99903548,0.043348111,0
-1.6315379,-2.9890079,-0.51974905,0.0070049223,-0.99903548,0.043348111,0
-3.6641767,2.8938074,-0.81399989,-0.9999578,-0.0067403577,0.0062464476,0
-2.429738,3.184072,0.43588805,-0.0070049223,0.99903548,-0.043348111,0
3.4685397,-0.028312191,-1.785547,0.9999578,0.0067403577,-0.0062464476,0
3.5461237,0.033557907,-2.4079192,0.9999578,0.0067403577,-0.0062464476,0
-1.5830597,-1.964101,3.1445837,0.0059481859,0.043390036,0.99904048,0
-1.4231882,-1.5796335,-2.8104491,-0.0059481859,-0.043390036,-0.99904048,0
-1.2576629,1.0477387,2.9506495,0.0059481859,0.043390036,0.99904048,0
-2.4843097,-2.8211501,1.8209779,0.0070049223,-0.99903548,0.043348111,0
-3.4529295,0.70030713,2.5989642,-0.9999578,-0.0067403577,0.0062464476,0
3.6453233,0.50317049,2.7966902,0.9999578,0.0067403577,-0.0062464476,0
3.5566819,-0.74589431,-0.68547416,0.9999578,0.0067403577,-0.0062464476,0
3.3623297,1.4568927,-2.9857728,-0.0059481859,-0.043390036,-0.99904048,0
1.495512,2.9005029,-0.2607348,-0.0070049223,0.99903548,-0.043348111,0
3.5322437,0.37481371,2.9119921,0.0059481859,0.043390036,0.99904048,0
3.0753853,-0.17989245,-3.0806642,-0.0059481859,-0.043390036,-0.99904048,0
-3.1392918,3.0562487,0.82201481,-0.0070049223,0.99903548,-0.043348111,0
-2.5316267,-3.0019002,1.111438,0.0070049223,-0.99903548,0.043348111,0
-1.0222164,1.7232279,2.7845893,0.0059481859,0.043390036,0.99904048,0
0.48896241,-3.0749254,1.6393735,0.0070049223,-0.99903548,0.043348111,0
1.6274524,-2.9838185,2.5504811,0.0070049223,-0.99903548,0.043348111,0
-3.6311612,-1.2306386,1.7557309,-0.9999578,-0.0067403577,0.0062464476,0
-0.54769921,2.513217,3.0928216,0.0059481859,0.043390036,0.99904048,0
-2.0562556,-3.2754781,-2.6533914,0.0070049223,-0.99903548,0.043348111,0
-0.62798595,-0.83914334,-3.1490402,-0.0059481859,-0.043390036,-0.99904048,0
-3.6335945,0.77343994,2.7275681,-0.9999578,-0.0067403577,0.0062464476,0
-0.65615809,-3.0499759,-0.15906259,0.0070049223,-0.99903548,0.043348111,0
2.2789342,-0.034088615,-3.0479198,-0.0059481859,-0.043390036,-0.99904048,0
0.77620387,-3.0208113,0.71852118,0.0070049223,-0.99903548,0.043348111,0
-2.8361695,-3.0851209,3.0507309,0.0070049223,-0.99903548,0.043348111,0
3.3439262,0.39472362,2.0155106,0.9999578,0.0067403577,-0.0062464476,0
1.0454602,0.489822,-3.086689,-0.0059481859,-0.043390036,-0.99904048,0
1.5659314,3.1495657,-0.3024044,-0.0070049223,0.99903548,-0.043348111,0
-3.6008136,-0.82051522,-1.3158686,-0.9999578,-0.0067403577,0.0062464476,0
-1.6445882,-0.18121597,2.823436,0.0059481859,0.043390036,0.99904048,0
-3.4858737,0.075092182,-1.7096922,-0.9999578,-0.0067403577,0.0062464476,0
3.1861277,2.0403991,-3.1845505,-0.0059481859,-0.043390036,-0.99904048,0
-3.6486268,-2.4216042,2.1993492,-0.9999578,-0.0067403577,0.0062464476,0
1.9493594,2.0923216,2.8841999,0.0059481859,0.043390036,0.99904048,0
3.1963122,-2.9675009,0.26041913,0.0070049223,-0.99903548,0.043348111,0
3.526314,-1.5152535,-2.778183,0.9999578,0.0067403577,-0.0062464476,0
1.434479,-2.572499,-2.8238146,-0.0059481859,-0.043390036,-0.99904048,0
0.99516094,-2.884814,-0.10178995,0.0070049223,-0.99903548,0.043348111,0
-2.5390058,2.2438793,2.9383924,0.0059481859,0.043390036,0.99904048,0
-3.4202814,1.5841581,0.045034885,-0.9999578,-0.0067403577,0.0062464476,0
3.5195189,-1.1946657,-2.1743653,0.9999578,0.0067403577,-0.0062464476,0
3.3015504,0.17026068,-3.0909128,0.9999578,0.0067403577,-0.0062464476,0
3.6033866,-0.65764904,-3.0920205,0.9999578,0.0067403577,-0.0062464476,0
3.5662327,-2.588079,1.2607424,0.9999578,0.0067403577,-0.0062464476,0
-2.9402022,-0.044868063,2.9009547,0.0059481859,0.043390036,0.99904048,0
-0.20561981,-2.5209115,3.23137,0.0059481859,0.043390036,0.99904048,0
-2.5802743,1.1187128,-2.9296181,-0.0059481859,-0.043390036,-0.99904048,0
-0.59490037,1.7326275,-3.2237391,-0.0059481859,-0.043390036,-0.99904048,0
-1.2986465,-1.033252,-2.9887786,-0.0059481859,-0.043390036,-0.99904048,0
3.6772945,-0.71616685,2.687505,0.9999578,0.0067403577,-0.0062464476,0
3.3936048,-2.0416605,0.71401644,0.9999578,0.0067403577,-0.0062464476,0
-3.4885528,-0.10095204,0.7158215,-0.9999578,-0.0067403577,0.0062464476,0
1.2665849,-2.6165674,-2.9112859,-0.0059481859,-0.043390036,-0.99904048,0
-1.6701102,0.40642542,-3.1846223,-0.0059481859,-0.043390036,-0.99904048,0
2.2765841,3.0791855,1.4060776,-0.0070049223,0.99903548,-0.043348111,0
-3.4328916,2.3672693,0.67991114,-0.9999578,-0.0067403577,0.0062464476,0
-2.9437253,1.1634901,-2.8597412,-0.0059481859,-0.043390036,-0.99904048,0
0.46387529,2.8656116,-2.9809146,-0.0070049223,0.99903548,-0.043348111,0
3.6546915,-1.426852,2.4671445,0.9999578,0.0067403577,-0.0062464476,0
-3.045146,-2.9886594,2.6668434,0.0070049223,-0.99903548,0.043348111,0
-3.3952775,-2.6215467,1.840421,-0.9999578,-0.0067403577,0.0062464476,0
3.2850494,-2.7502856,2.4340596,0.0070049223,-0.99903548,0.043348111,0
3.4490981,-1.8719047,-1.5311124,0.9999578,0.0067403577,-0.0062464476,0
-0.10590005,2.7086515,-2.3903637,-0.0070049223,0.99903548,-0.043348111,0
0.7301743,-3.072628,-1.8159235,0.0070049223,-0.99903548,0.043348111,0
0.085545301,-3.0111313,-2.1406775,0.0070049223,-0.99903548,0.043348111,0
-1.7993529,0.46111333,2.9414034,0.0059481859,0.043390036,0.99904048,0
-2.2188671,-0.22097048,-2.9048495,-0.0059481859,-0.043390036,-0.99904048,0
3.2964511,2.4066463,-2.0971372,0.9999578,0.0067403577,-0.0062464476,0
2.7030792,-2.268065,3.1566901,0.0059481859,0.043390036,0.99904048,0
-1.9502394,0.098277137,-2.8628869,-0.0059481859,-0.043390036,-0.99904048,0
3.1929595,-2.994019,2.2308257,0.0070049223,-0.99903548,0.043348111,0
-2.6921301,1.3260856,-2.9097958,-0.0059481859,-0.043390036,-0.99904048,0
-3.4515169,1.4451958,-3.0343523,-0.0059481859,-0.043390036,-0.99904048,0
-0.61323655,-2.8725705,2.489392,0.0070049223,-0.99903548,0.043348111,0
-1.5879802,3.2117128,2.6481895,-0.0070049223,0.99903548,-0.043348111,0
2.6385818,-2.8038604,-0.011480808,0.0070049223,-0.99903548,0.043348111,0
2.6907191,2.9600151,-3.0347195,-0.0059481859,-0.043390036,-0.99904048,0
1.1899047,-0.2733193,-2.9547768,-0.0059481859,-0.043390036,-0.99904048,0
-1.9431249,-0.47916591,3.1302285,0.0059481859,0.043390036,0.99904048,0
1.6859055,-3.1889632,-1.579262,0.0070049223,-0.99903548,0.043348111,0
-0.1794014,0.80123144,2.8053801,0.0059481859,0.043390036,0.99904048,0
0.3227675,-2.2991569,3.1235774,0.0059481859,0.043390036,0.99904048,0
-3.5938673,1.2371963,-0.23403049,-0.9999578,-0.0067403577,0.0062464476,0
2.6088283,3.1100869,-2.0633128,-0.0070049223,0.99903548,-0.043348111,0
3.5079095,-0.72421795,2.4177713,0.9999578,0.0067403577,-0.0062464476,0
2.3829322,0.047490161,-3.0928977,-0.0059481859,-0.043390036,-0.99904048,0
3.5916495,-0.71599346,-2.72399,0.9999578,0.0067403577,-0.0062464476,0
-3.618161,1.1586739,1.2055178,-0.9999578,-0.0067403577,0.0062464476,0
-3.661634,-3.0178411,-0.39415956,-0.9999578,-0.0067403577,0.0062464476,0
-2.2537777,-2.7977235,3.0801275,0.0070049223,-0.99903548,0.043348111,0
3.4703512,2.6464932,-0.16038442,0.9999578,0.0067403577,-0.0062464476,0
3.6162543,0.72701585,0.47794747,0.9999578,0.0067403577,-0.0062464476,0
3.6589913,2.6424341,-0.64189649,0.9999578,0.0067403577,-0.0062464476,0
0.36513269,-2.752496,1.8328259,0.0070049223,-0.99903548,0.043348111,0
-3.4701865,-1.3804756,3.1220181,0.0059481859,0.043390036,0.99904048,0
2.2128007,-3.1129756,-2.2668474,0.0070049223,-0.99903548,0.043348111,0
-1.1011419,2.7473269,-2.66554,-0.0070049223,0.99903548,-0.043348111,0
-3.4535372,-3.0368934,-0.144104,0.0070049223,-0.99903548,0.043348111,0
3.5266633,-0.18397322,-1.1241984,0.9999578,0.0067403577,-0.0062464476,0
-3.5040591,0.93947053,2.3349264,-0.9999578,-0.0067403577,0.0062464476,0
-0.57420218,2.9381254,-0.27245533,-0.0070049223,0.99903548,-0.043348111,0
2.5691946,2.1611187,2.8049209,0.0059481859,0.043390036,0.99904048,0
-1.9181156,-3.2297912,-2.3306749,0.0070049223,-0.99903548,0.043348111,0
3.4139109,0.32497942,-0.70145154,0.9999578,0.0067403577,-0.0062464476,0
-3.3160586,0.50967312,1.581413,-0.9999578,-0.0067403577,0.0062464476,0
-0.33260107,2.2111506,2.8003423,0.0059481859,0.043390036,0.99904048,0
-1.5386693,-2.7486598,-2.910192,-0.0059481859,-0.043390036,-0.99904048,0
-1.0225079,3.0882478,-2.1286731,-0.0070049223,0.99903548,-0.043348111,0
1.7061889,-0.16259691,-3.0569725,-0.0059481859,-0.043390036,-0.99904048,0
3.4838815,-2.1024163,2.9445953,0.9999578,0.0067403577,-0.0062464476,0
-3.6623168,0.028234527,1.0265718,-0.9999578,-0.0067403577,0.0062464476,0
