1.0586896,1.0235376,5.1849399,0.54068667,-0.67225707,0.5056963,0
-0.64615178,-1.1789174,4.4098706,0.54068667,-0.67225707,0.5056963,0
2.8345542,-3.0304685,-2.1355486,0.54068667,-0.67225707,0.5056963,0
1.5212066,-0.84549117,-4.4764166,0.60665244,-0.10485673,-0.78802156,0
-4.4237599,-2.7166951,0.66894007,-0.58277857,-0.7328546,-0.3511318,0
1.4208442,0.76126099,4.0509596,0.54068667,-0.67225707,0.5056963,0
1.3383441,-2.3157187,-4.4170871,0.60665244,-0.10485673,-0.78802156,0
-4.5641174,-3.1886625,1.9030993,-0.58277857,-0.7328546,-0.3511318,0
0.70418638,2.4164701,-2.6200635,-0.54068667,0.67225707,-0.5056963,0
1.5985236,4.207263,1.587317,0.58277857,0.7328546,0.3511318,0
-4.5652032,1.7672719,1.9071076,-0.54068667,0.67225707,-0.5056963,0
-1.0650752,4.5301847,2.4079294,-0.54068667,0.67225707,-0.5056963,0
-1.0635018,-1.2193637,4.8458872,0.54068667,-0.67225707,0.5056963,0
4.0778055,3.0555773,-2.9887257,0.60665244,-0.10485673,-0.78802156,0
-3.8207657,-2.7011929,2.9025011,-0.60665244,0.10485673,0.78802156,0
0.84818506,2.1928465,5.9000349,-0.60665244,0.10485673,0.78802156,0
-4.9422717,-2.1546001,-0.64953852,-0.58277857,-0.7328546,-0.3511318,0
1.1572927,4.7742448,0.22760916,-0.54068667,0.67225707,-0.5056963,0
3.2364171,4.0085893,-0.81821728,0.58277857,0.7328546,0.3511318,0
5.6587925,0.4359026,-1.2858407,0.60665244,-0.10485673,-0.78802156,0
-5.3139849,-0.30141747,1.7363994,-0.60665244,0.10485673,0.78802156,0
3.5778811,1.2150127,-3.1946859,0.60665244,-0.10485673,-0.78802156,0
0.34467983,-4.7050967,-3.4660463,-0.58277857,-0.7328546,-0.3511318,0
-0.13174987,4.962431,2.8148122,0.58277857,0.7328546,0.3511318,0
-1.4612815,2.04319,4.3611264,-0.60665244,0.10485673,0.78802156,0
-5.9539967,-1.7803528,1.161907,-0.58277857,-0.7328546,-0.3511318,0
3.3800178,-1.7032743,-2.8761671,0.60665244,-0.10485673,-0.78802156,0
-2.838351,3.02437,3.0470073,-0.60665244,0.10485673,0.78802156,0
-2.9730952,-4.2289248,0.4549346,-0.58277857,-0.7328546,-0.3511318,0
3.3070145,0.15725714,-3.3627298,0.60665244,-0.10485673,-0.78802156,0
-2.1069059,3.5893383,3.7693324,-0.60665244,0.10485673,0.78802156,0
-1.9818795,0.97192371,3.8578215,-0.60665244,0.10485673,0.78802156,0
-4.0952935,-3.3796773,2.9376614,-0.60665244,0.10485673,0.78802156,0
-4.9775434,-2.482012,2.4104624,-0.60665244,0.10485673,0.78802156,0
-0.41743124,-2.058172,2.3688524,0.54068667,-0.67225707,0.5056963,0
-4.4241457,-3.566309,1.4236712,-0.58277857,-0.7328546,-0.3511318,0
-0.39404827,1.6213665,-2.3378973,-0.54068667,0.67225707,-0.5056963,0
-1.2597423,-3.0155489,-4.7196627,-0.58277857,-0.7328546,-0.3511318,0
4.5501609,-0.17790401,-1.980123,0.60665244,-0.10485673,-0.78802156,0
2.1584368,2.7616532,-3.6806872,-0.54068667,0.67225707,-0.5056963,0
1.2585855,0.8519516,-4.9266667,-0.54068667,0.67225707,-0.5056963,0
-3.2464406,1.8137379,2.9993711,-0.60665244,0.10485673,0.78802156,0
0.80434752,-2.8815975,-4.5626817,0.60665244,-0.10485673,-0.78802156,0
1.6991327,1.072062,4.4141126,0.54068667,-0.67225707,0.5056963,0
-1.0285461,-4.8223996,-0.852283,-0.58277857,-0.7328546,-0.3511318,0
0.90042043,2.7502055,-2.0997374,-0.54068667,0.67225707,-0.5056963,0
3.338016,-0.19501066,0.79018766,0.54068667,-0.67225707,0.5056963,0
-5.5639486,0.32038212,1.321322,-0.60665244,0.10485673,0.78802156,0
1.8532774,1.5130672,4.9220495,0.54068667,-0.67225707,0.5056963,0
0.67616272,-3.9041476,-4.4873409,0.60665244,-0.10485673,-0.78802156,0
-1.4530203,4.4629683,3.851706,-0.60665244,0.10485673,0.78802156,0
3.8551152,-1.4376361,-0.98577684,0.54068667,-0.67225707,0.5056963,0
-3.4537015,-3.1352196,-0.80278015,-0.58277857,-0.7328546,-0.3511318,0
-6.423543,-0.48648,0.99749649,-0.54068667,0.67225707,-0.5056963,0
-4.8087039,-1.4477324,-1.4864025,-0.58277857,-0.7328546,-0.3511318,0
-0.66817451,-0.13044071,5.0349317,-0.60665244,0.10485673,0.78802156,0
-4.0491419,-2.00032,3.1045597,-0.60665244,0.10485673,0.78802156,0
-3.6202474,-4.1518512,1.4711032,-0.58277857,-0.7328546,-0.3511318,0
-4.9681149,-1.4987437,1.9981947,-0.60665244,0.10485673,0.78802156,0
4.2137012,3.4967823,-1.7964556,0.58277857,0.7328546,0.3511318,0
-1.6604766,-2.8865886,3.2636595,0.54068667,-0.67225707,0.5056963,0
5.1734533,1.9598889,-1.9094954,0.60665244,-0.10485673,-0.78802156,0
-0.65885234,5.2486382,3.0433841,0.58277857,0.7328546,0.3511318,0
-3.1883976,-2.6995656,3.7205722,-0.60665244,0.10485673,0.78802156,0
2.2530253,4.3059955,0.078723431,0.58277857,0.7328546,0.3511318,0
2.9988863,-2.8234422,-2.8216801,0.60665244,-0.10485673,-0.78802156,0
0.37313819,0.52287722,5.1657925,0.54068667,-0.67225707,0.5056963,0
-5.2554331,-0.96366024,-0.37095594,-0.54068667,0.67225707,-0.5056963,0
-0.43075609,-2.8264802,-5.7881551,0.60665244,-0.10485673,-0.78802156,0
-0.11382008,1.7698908,5.5690322,-0.60665244,0.10485673,0.78802156,0
-0.36819839,-4.2558737,-3.0048718,-0.58277857,-0.7328546,-0.3511318,0
-3.8003049,-2.4246564,-1.6642942,-0.58277857,-0.7328546,-0.3511318,0
-0.65366137,-4.1225681,-0.20970297,0.54068667,-0.67225707,0.5056963,0
1.992862,-4.9162064,-3.7687898,0.60665244,-0.10485673,-0.78802156,0
3.178124,3.7027307,-0.40906668,0.58277857,0.7328546,0.3511318,0
1.3569983,-1.649215,1.5256116,0.54068667,-0.67225707,0.5056963,0
-1.9192573,-0.82160473,-3.7215548,-0.54068667,0.67225707,-0.5056963,0
4.2407231,-0.55538213,-2.2265191,0.60665244,-0.10485673,-0.78802156,0
-1.6294091,-3.0008085,-3.3794911,-0.58277857,-0.7328546,-0.3511318,0
-4.9288926,-0.63816077,1.9788194,-0.60665244,0.10485673,0.78802156,0
-4.6294832,-1.988507,-1.4464066,-0.58277857,-0.7328546,-0.3511318,0
-0.0061070919,0.66852617,-4.0692301,-0.54068667,0.67225707,-0.5056963,0
-0.77067733,1.224669,5.1280236,-0.60665244,0.10485673,0.78802156,0
-2.1725168,-1.8715553,4.0739427,-0.60665244,0.10485673,0.78802156,0
3.8391523,-2.4855347,-2.5746994,0.60665244,-0.10485673,-0.78802156,0
-0.35576034,-4.380022,-2.7832503,-0.58277857,-0.7328546,-0.3511318,0
1.9744182,4.6436386,-0.19719934,0.58277857,0.7328546,0.3511318,0
-1.2931473,2.8561678,0.240381,-0.54068667,0.67225707,-0.5056963,0
2.8494816,2.4921374,-3.7521169,0.60665244,-0.10485673,-0.78802156,0
-1.2849128,-2.060473,-6.0874424,-0.54068667,0.67225707,-0.5056963,0
0.83720088,-0.14331245,4.0604701,0.54068667,-0.67225707,0.5056963,0
0.68668294,3.8194451,3.1876216,0.58277857,0.7328546,0.3511318,0
3.8854148,-0.73710155,-0.17768823,0.54068667,-0.67225707,0.5056963,0
-5.1165919,-0.50346613,-0.14627051,-0.54068667,0.67225707,-0.5056963,0
-3.8391986,-4.0168114,1.8235359,-0.58277857,-0.7328546,-0.3511318,0
-3.1856134,-3.165206,3.9107375,-0.60665244,0.10485673,0.78802156,0
0.98671913,2.8651087,5.7044759,0.58277857,0.7328546,0.3511318,0
-5.7326312,-0.068698406,1.1823614,-0.54068667,0.67225707,-0.5056963,0
-1.9788978,-3.440855,-1.8180852,-0.58277857,-0.7328546,-0.3511318,0
3.355516,3.111238,-3.7017922,0.60665244,-0.10485673,-0.78802156,0
0.097518921,3.6897867,4.5009112,0.58277857,0.7328546,0.3511318,0
1.4167221,-5.0047908,-3.4734364,0.54068667,-0.67225707,0.5056963,0
-4.0940628,-0.53466445,2.6492271,-0.60665244,0.10485673,0.78802156,0
1.6587341,2.2568979,5.0814285,0.58277857,0.7328546,0.3511318,0
0.50634122,-1.7085881,-5.1236792,0.60665244,-0.10485673,-0.78802156,0
-1.107389,2.1320088,4.536665,-0.60665244,0.10485673,0.78802156,0
2.275007,4.0037789,0.69132853,0.58277857,0.7328546,0.3511318,0
0.75022411,-4.2954173,-1.8014894,0.54068667,-0.67225707,0.5056963,0
-3.2262349,-3.4737873,3.6756864,0.54068667,-0.67225707,0.5056963,0
-1.8610153,-0.1424036,4.2370577,-0.60665244,0.10485673,0.78802156,0
1.1263446,4.4582629,1.2230749,0.58277857,0.7328546,0.3511318,0
3.1069999,0.16373086,-3.4178348,0.60665244,-0.10485673,-0.78802156,0
5.0080304,-0.72661448,-1.1428068,0.54068667,-0.67225707,0.5056963,0
-1.7273545,-1.0600405,4.4776874,-0.60665244,0.10485673,0.78802156,0
-2.8506813,-1.5775425,3.8697958,-0.60665244,0.10485673,0.78802156,0
2.6896331,1.6579459,-4.0644507,0.60665244,-0.10485673,-0.78802156,0
-1.9757189,-4.1442294,-1.0232863,-0.58277857,-0.7328546,-0.3511318,0
-3.5170131,-3.3171148,0.077587605,-0.58277857,-0.7328546,-0.3511318,0
-2.748384,3.2090008,2.3675251,-0.54068667,0.67225707,-0.5056963,0
2.6451352,0.75875235,3.2067051,0.54068667,-0.67225707,0.5056963,0
1.1277783,-1.80199,-4.773232,0.60665244,-0.10485673,-0.78802156,0
-5.1312599,-2.6523631,1.1163285,-0.58277857,-0.7328546,-0.3511318,0
-0.88943768,-1.5948486,-5.7336473,-0.54068667,0.67225707,-0.5056963,0
1.8685694,3.8870552,1.1120276,0.58277857,0.7328546,0.3511318,0
1.1827247,3.8511989,2.3339996,0.58277857,0.7328546,0.3511318,0
1.163111,4.108778,2.1743369,0.58277857,0.7328546,0.3511318,0
-3.0644922,-3.8550825,-0.18638325,-0.58277857,-0.7328546,-0.3511318,0
0.86135626,-4.9700089,-2.2305546,0.54068667,-0.67225707,0.5056963,0
-1.0530814,2.5719557,-0.54281521,-0.54068667,0.67225707,-0.5056963,0
4.6326966,1.7684523,-2.2752905,0.60665244,-0.10485673,-0.78802156,0
-1.8384573,-2.9898052,-3.5545986,-0.58277857,-0.7328546,-0.3511318,0
1.853456,-4.4280744,-2.6322851,0.54068667,-0.67225707,0.5056963,0
-1.1203237,-4.738524,0.20487881,0.54068667,-0.67225707,0.5056963,0
4.2311625,-0.31124324,-2.6479583,0.60665244,-0.10485673,-0.78802156,0
3.1453857,4.4319277,-1.0914879,0.58277857,0.7328546,0.3511318,0
0.98236036,-1.0592334,-4.7302694,0.60665244,-0.10485673,-0.78802156,0
1.0748286,-5.4633927,-3.5792985,-0.58277857,-0.7328546,-0.3511318,0
-2.7564149,-2.5245719,-2.6834323,-0.58277857,-0.7328546,-0.3511318,0
-4.2330327,-3.918551,3.2234058,-0.60665244,0.10485673,0.78802156,0
-1.9536881,-3.2876217,-2.6911554,-0.58277857,-0.7328546,-0.3511318,0
3.7109506,2.3470883,1.7422407,0.58277857,0.7328546,0.3511318,0
3.1381507,-1.5488367,-0.47895211,0.54068667,-0.67225707,0.5056963,0
-2.6331744,-3.9363537,0.2599473,-0.58277857,-0.7328546,-0.3511318,0
-2.0530319,-1.6440754,-4.7122426,-0.54068667,0.67225707,-0.5056963,0
-1.3333009,2.3183889,-0.59738982,-0.54068667,0.67225707,-0.5056963,0
-0.84523261,-1.7307825,3.7208695,0.54068667,-0.67225707,0.5056963,0
-1.6189795,2.5574431,4.2296715,-0.60665244,0.10485673,0.78802156,0
1.0223836,5.0746851,0.91414022,0.58277857,0.7328546,0.3511318,0
-3.4558272,-4.3910704,1.840158,-0.58277857,-0.7328546,-0.3511318,0
-0.16162777,1.6664057,5.3597813,-0.60665244,0.10485673,0.78802156,0
-2.0505574,0.97369051,-1.2182622,-0.54068667,0.67225707,-0.5056963,0
2.1688452,-2.4338768,-3.8311663,0.60665244,-0.10485673,-0.78802156,0
-3.7667601,-2.0062966,-2.1482592,-0.58277857,-0.7328546,-0.3511318,0
-0.1672287,-1.1769993,3.5762157,0.54068667,-0.67225707,0.5056963,0
0.17486082,2.7696395,-1.7319845,-0.54068667,0.67225707,-0.5056963,0
1.0801827,-3.1981697,-0.31766009,0.54068667,-0.67225707,0.5056963,0
-5.0951777,-1.7940834,-0.13098907,-0.58277857,-0.7328546,-0.3511318,0
2.2225704,-0.21340013,-3.9033694,0.60665244,-0.10485673,-0.78802156,0
2.5489984,-0.15552652,-3.5397153,0.60665244,-0.10485673,-0.78802156,0
-3.1481841,-3.8501875,0.097994328,-0.58277857,-0.7328546,-0.3511318,0
3.8520212,3.4363937,-0.32223701,0.58277857,0.7328546,0.3511318,0
0.39544129,-0.04629612,4.6005511,0.54068667,-0.67225707,0.5056963,0
5.0335898,2.7601686,-1.1865232,0.58277857,0.7328546,0.3511318,0
-1.1279435,-1.220068,-5.687212,-0.54068667,0.67225707,-0.5056963,0
4.3598871,-0.42244601,-0.014577985,0.54068667,-0.67225707,0.5056963,0
-4.9531193,0.28060174,0.39329004,-0.54068667,0.67225707,-0.5056963,0
1.908294,4.3037057,0.2584343,0.58277857,0.7328546,0.3511318,0
-3.2283416,-2.4130011,3.6854799,-0.60665244,0.10485673,0.78802156,0
5.7953382,2.1590645,-1.5372744,0.60665244,-0.10485673,-0.78802156,0
1.4751608,-4.2553625,-4.1105194,0.60665244,-0.10485673,-0.78802156,0
-5.3884926,-0.24000645,0.19540453,-0.54068667,0.67225707,-0.5056963,0
1.2241311,3.4995096,3.2948532,0.58277857,0.7328546,0.3511318,0
-2.5430336,1.5094066,-0.17538774,-0.54068667,0.67225707,-0.5056963,0
-1.9688731,3.2811184,1.6676769,-0.54068667,0.67225707,-0.5056963,0
-3.6947658,-4.1647816,2.1099105,-0.58277857,-0.7328546,-0.3511318,0
-1.2202733,1.458138,-1.9642154,-0.54068667,0.67225707,-0.5056963,0
-1.6863463,-1.2069378,-4.6477399,-0.54068667,0.67225707,-0.5056963,0
-1.6463269,-4.1057158,1.4479949,0.54068667,-0.67225707,0.5056963,0
1.6749423,-0.58602262,-4.4549885,0.60665244,-0.10485673,-0.78802156,0
3.1672869,0.2700007,-3.362514,0.60665244,-0.10485673,-0.78802156,0
-1.1282678,-3.7964249,1.112967,0.54068667,-0.67225707,0.5056963,0
-2.6005137,-0.1572175,-2.6678214,-0.54068667,0.67225707,-0.5056963,0
-4.3538589,-0.25215203,2.3780565,-0.60665244,0.10485673,0.78802156,0
-2.7550905,0.092144489,-2.1019413,-0.54068667,0.67225707,-0.5056963,0
3.4516768,4.0572834,-3.1779225,-0.54068667,0.67225707,-0.5056963,0
1.7734741,-1.6728718,0.54413491,0.54068667,-0.67225707,0.5056963,0
-3.9041882,0.22802089,2.8621225,-0.60665244,0.10485673,0.78802156,0
-6.1037474,-1.3750844,0.56823444,-0.58277857,-0.7328546,-0.3511318,0
0.70514596,-2.7868886,0.21103954,0.54068667,-0.67225707,0.5056963,0
-4.2590981,-3.9470346,2.5805774,-0.58277857,-0.7328546,-0.3511318,0
6.1612539,1.2625992,-0.15702796,0.54068667,-0.67225707,0.5056963,0
-2.5680978,-0.10419381,3.7683828,-0.60665244,0.10485673,0.78802156,0
-0.5747714,-3.0231049,-5.6348076,0.60665244,-0.10485673,-0.78802156,0
1.7670386,0.84367704,4.347188,0.54068667,-0.67225707,0.5056963,0
3.685606,-1.1899252,-0.25367552,0.54068667,-0.67225707,0.5056963,0
1.0487216,-0.23073077,-4.7429166,0.60665244,-0.10485673,-0.78802156,0
3.5925112,-1.7485144,-1.3628095,0.54068667,-0.67225707,0.5056963,0
-2.317148,-3.1884003,-1.7503982,-0.58277857,-0.7328546,-0.3511318,0
-2.2904587,2.9465113,3.5042806,-0.60665244,0.10485673,0.78802156,0
0.69982791,-1.2220473,-4.8914137,0.60665244,-0.10485673,-0.78802156,0
-5.1473942,-1.3381541,1.8720764,-0.60665244,0.10485673,0.78802156,0
-2.3984365,-2.6137612,3.9789212,-0.60665244,0.10485673,0.78802156,0
2.3394716,-2.3740821,-0.64483023,0.54068667,-0.67225707,0.5056963,0
0.33436823,3.2715068,4.9709759,0.58277857,0.7328546,0.3511318,0
4.6456399,1.4542899,-2.379957,0.60665244,-0.10485673,-0.78802156,0
-0.15840495,1.057292,-3.4460847,-0.54068667,0.67225707,-0.5056963,0
3.6371579,4.0646372,-2.2456303,0.58277857,0.7328546,0.3511318,0
-2.3960977,-2.5807686,4.1942234,0.54068667,-0.67225707,0.5056963,0
-4.4151549,-2.576834,-0.63473749,-0.58277857,-0.7328546,-0.3511318,0
-3.8837738,1.9536562,2.5234849,-0.60665244,0.10485673,0.78802156,0
-1.5894656,-2.23452,-5.5256829,-0.58277857,-0.7328546,-0.3511318,0
-0.75284863,-0.48009491,5.2259917,-0.60665244,0.10485673,0.78802156,0
-3.6131868,-2.6008868,-1.8453879,-0.58277857,-0.7328546,-0.3511318,0
-0.99572706,2.4212904,4.4941788,-0.60665244,0.10485673,0.78802156,0
5.0873547,3.1757538,-1.8161449,0.58277857,0.7328546,0.3511318,0
1.1589742,2.1109848,6.2536039,-0.60665244,0.10485673,0.78802156,0
-3.457417,-2.0356574,-3.1114001,-0.58277857,-0.7328546,-0.3511318,0
-0.31169248,3.8062165,0.47952414,-0.54068667,0.67225707,-0.5056963,0
-1.5457926,-1.1340985,4.8620567,-0.60665244,0.10485673,0.78802156,0
1.7109045,4.0322943,1.4137034,0.58277857,0.7328546,0.3511318,0
1.0567987,-0.33612442,-4.6542897,0.60665244,-0.10485673,-0.78802156,0
4.2397881,-1.4050959,-1.4698352,0.54068667,-0.67225707,0.5056963,0
-5.111866,-0.70089388,2.0378468,-0.60665244,0.10485673,0.78802156,0
-2.3839531,2.8176527,3.4032073,-0.60665244,0.10485673,0.78802156,0
4.5608211,3.1734936,-0.90694809,0.58277857,0.7328546,0.3511318,0
5.140873,0.05231595,-1.7685472,0.60665244,-0.10485673,-0.78802156,0
-6.1531663,-1.685408,1.0662723,-0.60665244,0.10485673,0.78802156,0
-0.59391636,-3.0161951,1.5711496,0.54068667,-0.67225707,0.5056963,0
3.6108029,-0.24343061,0.65934825,0.54068667,-0.67225707,0.5056963,0
0.78755075,-1.2460079,2.5442238,0.54068667,-0.67225707,0.5056963,0
2.9898591,0.51459408,2.0625892,0.54068667,-0.67225707,0.5056963,0
-1.5253005,2.4967179,-0.26996374,-0.54068667,0.67225707,-0.5056963,0
-0.37255597,4.4223118,1.1651664,-0.54068667,0.67225707,-0.5056963,0
2.5000737,3.9016809,0.32740879,0.58277857,0.7328546,0.3511318,0
-1.8024533,-2.0364628,-5.7546825,-0.58277857,-0.7328546,-0.3511318,0
1.7736365,0.73005009,4.1738124,0.54068667,-0.67225707,0.5056963,0
1.1779034,3.1221247,4.0568089,0.58277857,0.7328546,0.3511318,0
2.346812,4.6789951,-0.67533112,0.58277857,0.7328546,0.3511318,0
-2.8225584,-4.2970963,1.9949355,0.54068667,-0.67225707,0.5056963,0
2.281271,3.6954741,-2.1783404,-0.54068667,0.67225707,-0.5056963,0
-2.95136,1.8387887,3.1867323,-0.60665244,0.10485673,0.78802156,0
-1.5531049,1.4219199,4.4142523,-0.60665244,0.10485673,0.78802156,0
-3.3250127,-1.5265871,3.5356603,-0.60665244,0.10485673,0.78802156,0
1.9985381,-0.16437316,2.5038023,0.54068667,-0.67225707,0.5056963,0
2.9573054,2.6980958,-3.9630682,0.60665244,-0.10485673,-0.78802156,0
-0.25866127,-0.26286173,4.9261165,0.54068667,-0.67225707,0.5056963,0
-4.3164487,-0.33985558,2.2179334,-0.60665244,0.10485673,0.78802156,0
1.6190643,3.6318629,-1.5784922,-0.54068667,0.67225707,-0.5056963,0
1.0993235,3.9871159,2.4422221,0.58277857,0.7328546,0.3511318,0
-2.055634,-4.0276127,-0.94812155,-0.58277857,-0.7328546,-0.3511318,0
-3.1173325,0.98269564,3.2785621,-0.60665244,0.10485673,0.78802156,0
1.441919,3.7389786,2.0546007,0.58277857,0.7328546,0.3511318,0
-3.4565849,0.48657727,-0.24685127,-0.54068667,0.67225707,-0.5056963,0
0.95828128,-4.4704695,-1.7562823,0.54068667,-0.67225707,0.5056963,0
-4.2648911,-1.866673,-1.7794323,-0.58277857,-0.7328546,-0.3511318,0
0.24637318,-1.190398,-5.304749,0.60665244,-0.10485673,-0.78802156,0
1.2213044,-5.0189056,-3.3497877,0.54068667,-0.67225707,0.5056963,0
-2.3276596,-0.69232059,3.9941311,-0.60665244,0.10485673,0.78802156,0
-4.7980366,-1.9817793,-0.24506974,-0.58277857,-0.7328546,-0.3511318,0
-1.6901419,-0.61596298,4.3814297,-0.60665244,0.10485673,0.78802156,0
0.15440178,-1.5355339,-5.6139803,0.60665244,-0.10485673,-0.78802156,0
0.24453044,0.58407259,5.7373333,0.54068667,-0.67225707,0.5056963,0
-0.048262119,2.7500467,5.3931632,-0.60665244,0.10485673,0.78802156,0
0.33449912,-1.7598751,-5.0048685,0.60665244,-0.10485673,-0.78802156,0
-3.5642872,-2.6676083,3.2477973,-0.60665244,0.10485673,0.78802156,0
-2.3918476,-2.8008969,-3.3505533,-0.58277857,-0.7328546,-0.3511318,0
-2.1451211,-3.5307825,2.6645803,0.54068667,-0.67225707,0.5056963,0
1.6573262,-0.77095914,2.3555455,0.54068667,-0.67225707,0.5056963,0
0.030048251,-4.1627927,-0.48577213,0.54068667,-0.67225707,0.5056963,0
1.1091404,-4.5409865,-2.2923741,0.54068667,-0.67225707,0.5056963,0
5.3499784,0.53788304,0.33018994,0.54068667,-0.67225707,0.5056963,0
-4.8494654,-1.776099,2.315135,-0.60665244,0.10485673,0.78802156,0
-2.8226466,-4.38203,1.9645362,0.54068667,-0.67225707,0.5056963,0
-0.54610944,0.023211479,5.1418543,-0.60665244,0.10485673,0.78802156,0
5.671648,1.9785249,-0.50439501,0.58277857,0.7328546,0.3511318,0
2.0797923,4.6665154,0.06029892,0.58277857,0.7328546,0.3511318,0
2.1761603,-2.4971395,-1.056437,0.54068667,-0.67225707,0.5056963,0
-4.0102959,-4.2776446,3.0577383,-0.58277857,-0.7328546,-0.3511318,0
-4.8984547,-2.0048182,-0.66889429,-0.58277857,-0.7328546,-0.3511318,0
4.9333019,2.66908,-1.1951008,0.58277857,0.7328546,0.3511318,0
-1.2061744,-2.9413102,-4.7667665,-0.58277857,-0.7328546,-0.3511318,0
-5.1378069,-2.4484382,0.95126104,-0.58277857,-0.7328546,-0.3511318,0
-1.9987582,2.3802695,0.46572351,-0.54068667,0.67225707,-0.5056963,0
4.8477483,1.6394374,1.559736,0.54068667,-0.67225707,0.5056963,0
3.0963955,1.7775743,3.7757766,0.58277857,0.7328546,0.3511318,0
0.99836183,0.95295525,-4.7128963,-0.54068667,0.67225707,-0.5056963,0
1.9007149,2.5494158,4.0819216,0.58277857,0.7328546,0.3511318,0
5.2866516,2.1874161,-1.8801901,0.60665244,-0.10485673,-0.78802156,0
-1.0747254,0.31769347,5.0119319,-0.60665244,0.10485673,0.78802156,0
-2.8743787,0.44781685,-1.582726,-0.54068667,0.67225707,-0.5056963,0
4.1999507,1.6481395,-2.6448202,0.60665244,-0.10485673,-0.78802156,0
-4.036911,-1.2225428,-2.6000266,-0.54068667,0.67225707,-0.5056963,0
-6.254282,-1.4615455,0.42731786,-0.58277857,-0.7328546,-0.3511318,0
-2.5788033,-0.23031723,3.6828227,-0.60665244,0.10485673,0.78802156,0
4.9898138,-0.80623615,-1.7150143,0.54068667,-0.67225707,0.5056963,0
-3.3054938,-3.8372629,3.332197,0.54068667,-0.67225707,0.5056963,0
-1.5595764,1.3283091,-1.6335675,-0.54068667,0.67225707,-0.5056963,0
0.12120533,-4.1276445,-3.9661145,-0.58277857,-0.7328546,-0.3511318,0
-0.33708,-4.3157005,-3.2339678,-0.58277857,-0.7328546,-0.3511318,0
-2.7062082,0.78637326,3.3894465,-0.60665244,0.10485673,0.78802156,0
-4.2178659,0.83963251,0.54770136,-0.54068667,0.67225707,-0.5056963,0
-3.9468153,-3.5649834,0.61230183,-0.58277857,-0.7328546,-0.3511318,0
-2.1909194,-4.5758176,0.46315908,-0.58277857,-0.7328546,-0.3511318,0
-1.4280393,-2.7550213,-4.896451,-0.58277857,-0.7328546,-0.3511318,0
2.7742462,3.6516795,-2.9372885,-0.54068667,0.67225707,-0.5056963,0
-2.0390124,-1.0510006,4.4446163,-0.60665244,0.10485673,0.78802156,0
-0.80966187,4.8569999,2.6809316,-0.54068667,0.67225707,-0.5056963,0
-3.9106727,-2.9818871,0.13239241,-0.58277857,-0.7328546,-0.3511318,0
1.1256307,4.613905,1.2255211,0.58277857,0.7328546,0.3511318,0
3.2903857,3.4125056,0.66797018,0.58277857,0.7328546,0.3511318,0
0.71966887,-5.2258544,-3.5462637,-0.58277857,-0.7328546,-0.3511318,0
-0.6177206,3.7840595,4.9141278,-0.60665244,0.10485673,0.78802156,0
2.4839878,0.85838151,3.2156472,0.54068667,-0.67225707,0.5056963,0
-1.7195636,-4.1752129,-0.80447245,-0.58277857,-0.7328546,-0.3511318,0
-3.5006237,-3.7565205,1.1797681,-0.58277857,-0.7328546,-0.3511318,0
0.16370749,4.8942704,2.6260266,0.58277857,0.7328546,0.3511318,0
-2.0102377,-3.7842288,-1.0892854,-0.58277857,-0.7328546,-0.3511318,0
1.2484128,1.642926,-3.9418187,-0.54068667,0.67225707,-0.5056963,0
5.3044186,0.7293396,-1.7458705,0.60665244,-0.10485673,-0.78802156,0
3.6161106,3.3090725,-0.62553167,0.58277857,0.7328546,0.3511318,0
-1.3459396,2.6659489,4.2064123,-0.60665244,0.10485673,0.78802156,0
4.0701447,3.9988663,-2.6444259,0.58277857,0.7328546,0.3511318,0
-3.4874763,0.28554702,-0.72816497,-0.54068667,0.67225707,-0.5056963,0
-1.2316966,3.01773,4.121182,-0.60665244,0.10485673,0.78802156,0
-0.6247257,-4.7818618,-0.39700794,0.54068667,-0.67225707,0.5056963,0
3.7000508,0.56081176,-3.0717192,0.60665244,-0.10485673,-0.78802156,0
2.3830292,1.5988011,4.7979507,0.54068667,-0.67225707,0.5056963,0
1.2287322,-2.185394,0.86757016,0.54068667,-0.67225707,0.5056963,0
2.4053404,-0.75770259,-3.8767195,0.60665244,-0.10485673,-0.78802156,0
4.5485086,1.457238,1.7312405,0.58277857,0.7328546,0.3511318,0
-1.907656,-0.34577918,4.4791856,-0.60665244,0.10485673,0.78802156,0
6.2351494,1.2879326,-0.55386877,0.58277857,0.7328546,0.3511318,0
-0.86197233,0.39294624,5.2165942,-0.60665244,0.10485673,0.78802156,0
-0.94192886,1.5323548,-2.04445,-0.54068667,0.67225707,-0.5056963,0
-0.79375541,-1.79479,3.0358567,0.54068667,-0.67225707,0.5056963,0
-2.0995879,-1.067215,4.1458545,-0.60665244,0.10485673,0.78802156,0
-5.7991705,-1.6002743,-0.00058555603,-0.58277857,-0.7328546,-0.3511318,0
-1.9246038,-1.2433436,4.4057112,-0.60665244,0.10485673,0.78802156,0
1.5141902,0.87725735,4.129559,0.54068667,-0.67225707,0.5056963,0
2.1859961,2.6987109,3.293299,0.58277857,0.7328546,0.3511318,0
0.30531514,1.1737731,-3.7148113,-0.54068667,0.67225707,-0.5056963,0
2.7655683,-2.7075047,-1.8191669,0.54068667,-0.67225707,0.5056963,0
-3.8911531,-0.64938283,-1.3679136,-0.54068667,0.67225707,-0.5056963,0
-4.7486639,-1.1923907,-1.5718985,-0.54068667,0.67225707,-0.5056963,0
-4.2867651,-2.8186607,-0.34439898,-0.58277857,-0.7328546,-0.3511318,0
-3.9929929,-3.8939462,2.1991239,-0.58277857,-0.7328546,-0.3511318,0
4.1567602,4.1320567,-2.5993412,0.58277857,0.7328546,0.3511318,0
1.8884134,-3.2111645,-3.7557089,0.60665244,-0.10485673,-0.78802156,0
1.1470869,-5.4054556,-3.2462349,-0.58277857,-0.7328546,-0.3511318,0
-1.8636942,0.85903978,-1.6266421,-0.54068667,0.67225707,-0.5056963,0
3.4917326,3.2598476,0.27526188,0.58277857,0.7328546,0.3511318,0
-3.2060695,2.3548412,2.8351054,-0.60665244,0.10485673,0.78802156,0
-2.2520149,3.2799177,3.3525956,-0.60665244,0.10485673,0.78802156,0
-2.359565,-2.6528325,-3.0777352,-0.58277857,-0.7328546,-0.3511318,0
2.4701424,-3.5196445,-3.3081925,0.60665244,-0.10485673,-0.78802156,0
2.4150591,3.6317387,-2.9856184,-0.54068667,0.67225707,-0.5056963,0
-1.9184989,-3.1130254,-2.676506,-0.58277857,-0.7328546,-0.3511318,0
3.8378458,1.3592776,-3.1476419,0.60665244,-0.10485673,-0.78802156,0
4.042901,3.4950776,-0.80703926,0.58277857,0.7328546,0.3511318,0
3.8986433,3.6320281,-3.2018735,0.60665244,-0.10485673,-0.78802156,0
-3.5791914,-2.8608909,-0.92905521,-0.58277857,-0.7328546,-0.3511318,0
3.282203,0.35757637,2.0749369,0.54068667,-0.67225707,0.5056963,0
-4.4417262,-0.99984622,-1.6947458,-0.54068667,0.67225707,-0.5056963,0
-3.761534,-1.6321559,-2.9795179,-0.58277857,-0.7328546,-0.3511318,0
-1.2282548,-3.4915938,-4.0417328,-0.58277857,-0.7328546,-0.3511318,0
1.4461772,4.003778,2.5157776,0.58277857,0.7328546,0.3511318,0
0.94013166,0.317379,-4.9309459,0.60665244,-0.10485673,-0.78802156,0
-2.1120281,-2.6461537,3.5920572,0.54068667,-0.67225707,0.5056963,0
2.6100287,-0.48453206,-3.4155364,0.60665244,-0.10485673,-0.78802156,0
-2.4913008,-2.8805809,-2.8547535,-0.58277857,-0.7328546,-0.3511318,0
-1.08657,-4.8461123,-0.60723066,0.54068667,-0.67225707,0.5056963,0
0.24979681,-1.6080501,2.6142259,0.54068667,-0.67225707,0.5056963,0
0.48737544,-2.1109662,1.369849,0.54068667,-0.67225707,0.5056963,0
-4.5049944,-2.632519,0.30706549,-0.58277857,-0.7328546,-0.3511318,0
-2.8812585,-1.496273,-3.8427894,-0.54068667,0.67225707,-0.5056963,0
-2.3402686,-4.1852403,0.37065506,-0.58277857,-0.7328546,-0.3511318,0
3.9687862,3.4849048,-1.4842398,0.58277857,0.7328546,0.3511318,0
4.9925642,-0.93468595,-1.312958,0.54068667,-0.67225707,0.5056963,0
1.8098946,-3.328212,-1.6434996,0.54068667,-0.67225707,0.5056963,0
-1.1138022,-2.1371303,3.247988,0.54068667,-0.67225707,0.5056963,0
0.99777192,-1.3169622,1.9927044,0.54068667,-0.67225707,0.5056963,0
0.8172338,-4.3867521,-1.5994997,0.54068667,-0.67225707,0.5056963,0
0.87339807,3.400461,4.2637606,0.58277857,0.7328546,0.3511318,0
-5.1214013,-2.3414469,0.540833,-0.58277857,-0.7328546,-0.3511318,0
-0.79231793,-2.6655183,2.6273923,0.54068667,-0.67225707,0.5056963,0
5.4076285,2.5700388,-1.9205382,0.58277857,0.7328546,0.3511318,0
-2.6071558,-0.9847393,3.7593317,-0.60665244,0.10485673,0.78802156,0
0.89894748,1.5450063,-4.0716562,-0.54068667,0.67225707,-0.5056963,0
1.0127268,2.8469892,5.437139,0.58277857,0.7328546,0.3511318,0
0.44362307,3.5898767,4.5526056,0.58277857,0.7328546,0.3511318,0
-2.7117407,-3.2388711,-1.4035487,-0.58277857,-0.7328546,-0.3511318,0
-1.7011988,4.7184658,3.5274367,-0.60665244,0.10485673,0.78802156,0
2.5445416,-3.8707192,-3.3726606,0.60665244,-0.10485673,-0.78802156,0
3.9491258,3.4066892,-2.9587829,0.60665244,-0.10485673,-0.78802156,0
-4.7767668,-3.8172333,2.5918539,-0.58277857,-0.7328546,-0.3511318,0
4.4322658,3.2289002,-1.4427202,0.58277857,0.7328546,0.3511318,0
2.7735953,-2.6330664,-3.2241426,0.60665244,-0.10485673,-0.78802156,0
-5.3766336,-2.0965052,0.98762131,-0.58277857,-0.7328546,-0.3511318,0
-1.7579346,3.4064999,3.9947481,-0.60665244,0.10485673,0.78802156,0
0.80904627,1.9462938,5.9717031,-0.60665244,0.10485673,0.78802156,0
-0.78938603,-3.8136039,0.72603655,0.54068667,-0.67225707,0.5056963,0
0.52477551,1.6841002,5.9687071,-0.60665244,0.10485673,0.78802156,0
5.7448902,1.4319663,-0.063464165,0.58277857,0.7328546,0.3511318,0
-1.0100999,3.8532815,4.5636044,-0.60665244,0.10485673,0.78802156,0
-1.9684622,0.79903948,4.203702,-0.60665244,0.10485673,0.78802156,0
2.4896724,-3.8847232,-2.4976234,0.54068667,-0.67225707,0.5056963,0
3.5990207,0.15662575,0.91654921,0.54068667,-0.67225707,0.5056963,0
-0.35692507,1.407692,-2.5687301,-0.54068667,0.67225707,-0.5056963,0
0.13340712,-4.6143198,-1.0269251,0.54068667,-0.67225707,0.5056963,0
3.3221815,3.0329461,-3.3197815,0.60665244,-0.10485673,-0.78802156,0
-2.2382107,-3.2063375,-2.3262906,-0.58277857,-0.7328546,-0.3511318,0
6.2543964,0.68857861,-0.90970898,0.54068667,-0.67225707,0.5056963,0
-0.71175289,-4.571002,-2.0406647,-0.58277857,-0.7328546,-0.3511318,0
5.7406154,0.65506005,-0.66597295,0.54068667,-0.67225707,0.5056963,0
2.8421299,4.2569675,-0.82174683,0.58277857,0.7328546,0.3511318,0
-2.0274079,4.2631588,3.3876977,-0.60665244,0.10485673,0.78802156,0
0.19478524,-3.461966,-0.13215089,0.54068667,-0.67225707,0.5056963,0
-1.2058243,-3.9340105,0.7331419,0.54068667,-0.67225707,0.5056963,0
-2.4422555,0.12942529,-1.9806856,-0.54068667,0.67225707,-0.5056963,0
2.8526113,-0.22004694,-3.2434115,0.60665244,-0.10485673,-0.78802156,0
4.3682308,3.5900493,-1.8835473,0.58277857,0.7328546,0.3511318,0
1.6675086,1.8829737,5.6695127,0.54068667,-0.67225707,0.5056963,0
-4.7393985,1.3988992,1.9646803,-0.60665244,0.10485673,0.78802156,0
-5.5506268,-2.3444033,0.74208498,-0.58277857,-0.7328546,-0.3511318,0
-1.8987732,-0.8609376,4.590312,-0.60665244,0.10485673,0.78802156,0
3.0899427,2.1849875,2.9432492,0.58277857,0.7328546,0.3511318,0
-2.1169114,-0.19006491,-2.6229682,-0.54068667,0.67225707,-0.5056963,0
3.5706265,1.3301529,-3.3020985,0.60665244,-0.10485673,-0.78802156,0
4.6498089,2.3748736,-0.0086741447,0.58277857,0.7328546,0.3511318,0
-4.659584,-2.7599432,0.85354614,-0.58277857,-0.7328546,-0.3511318,0
1.127743,-2.3392096,-4.3490849,0.60665244,-0.10485673,-0.78802156,0
-1.2775593,-1.2226992,4.8552771,-0.60665244,0.10485673,0.78802156,0
-4.9739227,-0.052774072,2.0789471,-0.60665244,0.10485673,0.78802156,0
4.5248137,1.0038164,-2.3117056,0.60665244,-0.10485673,-0.78802156,0
-5.4482665,-1.5281103,1.7130884,-0.60665244,0.10485673,0.78802156,0
4.7792287,2.7562456,-0.95512843,0.58277857,0.7328546,0.3511318,0
-2.3195162,-0.88917661,4.2899609,-0.60665244,0.10485673,0.78802156,0
1.628722,2.6264534,4.28125,0.58277857,0.7328546,0.3511318,0
0.064647198,3.8164494,4.295661,0.58277857,0.7328546,0.3511318,0
-3.6159587,-2.1640234,-2.6049478,-0.58277857,-0.7328546,-0.3511318,0
2.9364676,-2.6961205,-2.943295,0.60665244,-0.10485673,-0.78802156,0
1.4443545,1.4197183,-4.7048607,0.60665244,-0.10485673,-0.78802156,0
0.73347163,4.6377988,0.5127883,-0.54068667,0.67225707,-0.5056963,0
0.89171791,3.4130857,3.7005701,0.58277857,0.7328546,0.3511318,0
-2.5714622,-3.0704525,-2.1188202,-0.58277857,-0.7328546,-0.3511318,0
0.062545031,2.2560849,-1.7387171,-0.54068667,0.67225707,-0.5056963,0
4.4006295,1.5783713,1.7164259,0.58277857,0.7328546,0.3511318,0
-1.1358466,-3.3803327,-4.4207439,-0.58277857,-0.7328546,-0.3511318,0
5.925889,0.20214319,-1.0498691,0.60665244,-0.10485673,-0.78802156,0
1.4630836,-2.9126887,-0.39595008,0.54068667,-0.67225707,0.5056963,0
1.7238379,-0.19769478,3.0148489,0.54068667,-0.67225707,0.5056963,0
-0.73279405,-4.43925,-2.6104555,-0.58277857,-0.7328546,-0.3511318,0
2.5071523,-1.2260635,-3.6698034,0.60665244,-0.10485673,-0.78802156,0
5.4323821,1.3558916,-1.8305793,0.60665244,-0.10485673,-0.78802156,0
-1.1249819,-2.1468315,3.5302372,0.54068667,-0.67225707,0.5056963,0
0.58226466,0.68333244,-4.697577,-0.54068667,0.67225707,-0.5056963,0
5.8610706,1.4792964,-1.3475103,0.60665244,-0.10485673,-0.78802156,0
-4.7207117,-1.201545,2.1111076,-0.60665244,0.10485673,0.78802156,0
-2.7055585,-2.8939886,-2.1039815,-0.58277857,-0.7328546,-0.3511318,0
0.57300353,3.7511773,4.2850881,0.58277857,0.7328546,0.3511318,0
3.4627109,3.9401064,-1.3531661,0.58277857,0.7328546,0.3511318,0
0.94087315,1.2566905,-4.4136109,-0.54068667,0.67225707,-0.5056963,0
0.28067493,-3.3762543,-5.2203388,0.60665244,-0.10485673,-0.78802156,0
2.1393046,1.7029274,-4.5270596,0.60665244,-0.10485673,-0.78802156,0
2.4185128,-3.824971,-2.7548068,0.54068667,-0.67225707,0.5056963,0
1.4081074,0.45585585,4.1291976,0.54068667,-0.67225707,0.5056963,0
-2.2349241,2.3866253,0.26579285,-0.54068667,0.67225707,-0.5056963,0
-2.4758208,3.5090938,3.5768235,-0.60665244,0.10485673,0.78802156,0
2.416327,-0.74970788,-3.6483305,0.60665244,-0.10485673,-0.78802156,0
0.036065459,1.2081273,-3.3299084,-0.54068667,0.67225707,-0.5056963,0
-0.89134431,1.7554088,4.8806314,-0.60665244,0.10485673,0.78802156,0
3.6948667,4.3620958,-2.0464964,0.58277857,0.7328546,0.3511318,0
2.3192427,0.069865704,2.5356727,0.54068667,-0.67225707,0.5056963,0
1.4792149,-1.2382188,-4.2833085,0.60665244,-0.10485673,-0.78802156,0
4.3710265,1.8219116,1.7819872,0.58277857,0.7328546,0.3511318,0
4.8331852,2.3494754,-2.3124771,0.60665244,-0.10485673,-0.78802156,0
-4.5195556,-2.6415355,2.6054626,-0.60665244,0.10485673,0.78802156,0
2.3103454,-3.3085513,-2.2230363,0.54068667,-0.67225707,0.5056963,0
0.135077,1.0581503,-4.0041761,-0.54068667,0.67225707,-0.5056963,0
6.0273504,1.7768296,-0.56967807,0.58277857,0.7328546,0.3511318,0
-1.9067529,-3.7802463,-1.6905594,-0.58277857,-0.7328546,-0.3511318,0
-4.3218431,-1.891149,-2.1475368,-0.58277857,-0.7328546,-0.3511318,0
-4.2699871,-1.3994244,2.6796274,-0.60665244,0.10485673,0.78802156,0
-2.9386473,0.20672107,-1.738232,-0.54068667,0.67225707,-0.5056963,0
1.2761271,2.5595167,4.7896686,0.58277857,0.7328546,0.3511318,0
-2.8614643,1.3610399,0.10002691,-0.54068667,0.67225707,-0.5056963,0
-1.4647086,4.2289858,3.9658689,-0.60665244,0.10485673,0.78802156,0
-0.32773399,-1.2278042,3.6941028,0.54068667,-0.67225707,0.5056963,0
-2.8610029,3.0524614,2.9034514,-0.60665244,0.10485673,0.78802156,0
1.9671605,-2.2900703,-3.8657122,0.60665244,-0.10485673,-0.78802156,0
-0.47673035,-3.0850999,-5.418354,0.60665244,-0.10485673,-0.78802156,0
-0.44794369,-1.3494248,-5.995841,0.60665244,-0.10485673,-0.78802156,0
0.81849742,3.4867072,4.5975885,0.58277857,0.7328546,0.3511318,0
3.0755184,0.077437162,1.721998,0.54068667,-0.67225707,0.5056963,0
4.1078329,3.4429054,-3.0481279,0.60665244,-0.10485673,-0.78802156,0
2.7745438,2.8797863,-3.8319747,0.60665244,-0.10485673,-0.78802156,0
2.4574227,-2.4735036,-3.6592751,0.60665244,-0.10485673,-0.78802156,0
-2.9587798,2.3051429,1.1357318,-0.54068667,0.67225707,-0.5056963,0
2.6004355,0.61833775,-3.6405563,0.60665244,-0.10485673,-0.78802156,0
1.4158473,4.9245982,0.029585361,0.58277857,0.7328546,0.3511318,0
-0.31357011,-3.0002842,1.3922863,0.54068667,-0.67225707,0.5056963,0
2.7741787,-0.85972327,-3.3166776,0.60665244,-0.10485673,-0.78802156,0
2.6658485,4.3926654,-0.70596552,0.58277857,0.7328546,0.3511318,0
-2.7809503,-0.0036334991,-1.8261025,-0.54068667,0.67225707,-0.5056963,0
-5.4700541,-1.5556085,1.9014518,-0.60665244,0.10485673,0.78802156,0
2.8751082,-1.1391318,0.37392521,0.54068667,-0.67225707,0.5056963,0
0.60255718,3.4829512,5.0606995,0.58277857,0.7328546,0.3511318,0
-0.66870666,-0.042324066,-4.066947,-0.54068667,0.67225707,-0.5056963,0
3.7023146,2.4549017,1.6605597,0.58277857,0.7328546,0.3511318,0
5.353126,2.1213434,-0.8413434,0.58277857,0.7328546,0.3511318,0
3.7443571,-1.0966882,-2.8254278,0.60665244,-0.10485673,-0.78802156,0
-4.0883346,-1.6059277,-2.4663811,-0.58277857,-0.7328546,-0.3511318,0
0.18220234,1.6483073,5.7749848,-0.60665244,0.10485673,0.78802156,0
-1.433666,-0.91736269,4.9030266,-0.60665244,0.10485673,0.78802156,0
-1.686753,2.8247895,4.1359062,-0.60665244,0.10485673,0.78802156,0
-6.1780038,-1.3831613,0.56526065,-0.58277857,-0.7328546,-0.3511318,0
0.71973193,-3.5006938,-0.7929163,0.54068667,-0.67225707,0.5056963,0
-2.3881328,-0.45313406,-2.738976,-0.54068667,0.67225707,-0.5056963,0
-4.1461668,-2.6993461,-0.1221118,-0.58277857,-0.7328546,-0.3511318,0
-2.3049967,-2.2859221,3.9992645,-0.60665244,0.10485673,0.78802156,0
1.341265,-1.0120268,2.5397253,0.54068667,-0.67225707,0.5056963,0
3.7957613,1.8720486,2.0464036,0.58277857,0.7328546,0.3511318,0
-4.4091511,-3.1766963,1.2259808,-0.58277857,-0.7328546,-0.3511318,0
1.085145,-0.48773289,-5.0347061,0.60665244,-0.10485673,-0.78802156,0
-4.4728041,-1.6942413,-1.7068644,-0.58277857,-0.7328546,-0.3511318,0
-3.8521078,-1.5961671,2.8349531,-0.60665244,0.10485673,0.78802156,0
-1.7444289,2.0224319,3.9116769,-0.60665244,0.10485673,0.78802156,0
-2.3628039,-2.1572399,4.1995873,-0.60665244,0.10485673,0.78802156,0
5.4132166,2.3002484,-1.8796198,0.60665244,-0.10485673,-0.78802156,0
0.53944707,-5.2232394,-2.5798593,-0.58277857,-0.7328546,-0.3511318,0
-5.5105839,-0.75509012,1.3763436,-0.60665244,0.10485673,0.78802156,0
2.5670066,3.735127,-2.561847,-0.54068667,0.67225707,-0.5056963,0
3.6171825,2.0932839,1.9887295,0.58277857,0.7328546,0.3511318,0
3.8404312,-1.8096967,-1.5998772,0.54068667,-0.67225707,0.5056963,0
-2.3053758,-3.578887,2.9492137,0.54068667,-0.67225707,0.5056963,0
6.0492749,1.954437,-1.3922093,0.58277857,0.7328546,0.3511318,0
3.2243886,0.27562773,-3.2750871,0.60665244,-0.10485673,-0.78802156,0
1.9987452,-3.3114676,-1.3157122,0.54068667,-0.67225707,0.5056963,0
4.5615153,2.7492394,0.00092124939,0.58277857,0.7328546,0.3511318,0
-1.5105634,3.2299712,4.1509695,-0.60665244,0.10485673,0.78802156,0
5.4847393,1.5946753,-1.8319536,0.60665244,-0.10485673,-0.78802156,0
0.67397368,1.7693222,-3.4425998,-0.54068667,0.67225707,-0.5056963,0
-1.0228179,-4.0430655,-2.6605382,-0.58277857,-0.7328546,-0.3511318,0
2.825521,2.4576352,-4.0465045,0.60665244,-0.10485673,-0.78802156,0
-1.3270001,3.5161042,1.3124406,-0.54068667,0.67225707,-0.5056963,0
-0.42733955,-4.4965315,-2.4066563,-0.58277857,-0.7328546,-0.3511318,0
5.7186737,1.0468094,0.29400563,0.54068667,-0.67225707,0.5056963,0
0.52918231,4.762085,0.43410349,-0.54068667,0.67225707,-0.5056963,0
2.2970667,1.412056,4.072257,0.54068667,-0.67225707,0.5056963,0
1.3371222,2.0887995,6.0057225,0.58277857,0.7328546,0.3511318,0
-3.426568,-3.1889336,-0.98832989,-0.58277857,-0.7328546,-0.3511318,0
5.1687217,2.0534892,0.080487728,0.58277857,0.7328546,0.3511318,0
-1.0064278,-0.98794365,-5.5669074,-0.54068667,0.67225707,-0.5056963,0
5.0376463,1.7972929,-2.2200067,0.60665244,-0.10485673,-0.78802156,0
-4.7435656,-2.3404267,-0.052173615,-0.58277857,-0.7328546,-0.3511318,0
3.3879375,2.1217103,2.7716827,0.58277857,0.7328546,0.3511318,0
3.1748462,-0.85090327,0.7478798,0.54068667,-0.67225707,0.5056963,0
3.3559015,2.5636249,1.6486452,0.58277857,0.7328546,0.3511318,0
2.35778,2.3893788,-4.0711164,-0.54068667,0.67225707,-0.5056963,0
2.7038746,2.0781906,4.3301401,0.58277857,0.7328546,0.3511318,0
0.77640414,0.16388702,-5.1641731,0.60665244,-0.10485673,-0.78802156,0
2.2627296,2.4843023,3.6687884,0.58277857,0.7328546,0.3511318,0
2.0046601,4.2788877,0.57700968,0.58277857,0.7328546,0.3511318,0
2.5574882,-1.4934735,0.062205851,0.54068667,-0.67225707,0.5056963,0
-3.2568927,1.8522811,0.903247,-0.54068667,0.67225707,-0.5056963,0
2.3837953,1.9799526,-4.077055,0.60665244,-0.10485673,-0.78802156,0
3.1645262,3.8488131,0.0075144768,0.58277857,0.7328546,0.3511318,0
1.0683692,3.2883162,3.8783455,0.58277857,0.7328546,0.3511318,0
-2.1156669,0.36699414,4.2357035,-0.60665244,0.10485673,0.78802156,0
1.8290854,2.2986121,5.229929,0.58277857,0.7328546,0.3511318,0
1.4474181,3.7136021,2.1168938,0.58277857,0.7328546,0.3511318,0
1.2164049,-0.66222787,-4.9341388,0.60665244,-0.10485673,-0.78802156,0
-1.49946,-4.5198584,0.57456779,0.54068667,-0.67225707,0.5056963,0
-3.8666046,-3.3250554,0.92076683,-0.58277857,-0.7328546,-0.3511318,0
4.0634551,0.38383633,-2.6333387,0.60665244,-0.10485673,-0.78802156,0
3.5037913,-0.3308239,0.5833438,0.54068667,-0.67225707,0.5056963,0
-0.93480325,-3.0813074,-5.0997267,-0.58277857,-0.7328546,-0.3511318,0
0.44973946,1.2753987,5.9357166,-0.60665244,0.10485673,0.78802156,0
-5.6827569,-0.41889727,1.6274247,-0.60665244,0.10485673,0.78802156,0
-4.0463748,-1.1393609,2.7514439,-0.60665244,0.10485673,0.78802156,0
-1.825886,-1.6878834,-4.8804226,-0.54068667,0.67225707,-0.5056963,0
3.4749141,3.4075184,-3.2493856,0.60665244,-0.10485673,-0.78802156,0
3.0464368,1.6217933,4.0175548,0.54068667,-0.67225707,0.5056963,0
-4.7054176,0.67130566,0.70446587,-0.54068667,0.67225707,-0.5056963,0
1.0697718,4.4930277,1.9860268,0.58277857,0.7328546,0.3511318,0
-0.8909936,4.0740213,4.4704614,-0.60665244,0.10485673,0.78802156,0
2.5055628,4.2663474,-1.7288678,-0.54068667,0.67225707,-0.5056963,0
-1.0013795,2.2311637,4.4121494,-0.60665244,0.10485673,0.78802156,0
4.0792074,4.5286365,-3.0453041,0.58277857,0.7328546,0.3511318,0
3.7031052,-2.1910815,-2.3917651,0.60665244,-0.10485673,-0.78802156,0
2.3817034,-3.0129967,-1.7083521,0.54068667,-0.67225707,0.5056963,0
2.2549338,1.6792383,-4.156868,0.60665244,-0.10485673,-0.78802156,0
0.79880619,-4.5062551,-4.3393998,-0.58277857,-0.7328546,-0.3511318,0
-3.310816,-2.265249,-2.6658823,-0.58277857,-0.7328546,-0.3511318,0
