2.2876964,2.241631,0.17180441,0.97908121,0.04644835,0.19809692,0
-2.1736124,2.9120584,-3.3673921,-0.97908121,-0.04644835,-0.19809692,0
2.4773681,1.6174088,-4.6660719,0.19593918,0.047183782,-0.97948021,0
1.0479119,1.1291527,-4.8617792,0.19593918,0.047183782,-0.97948021,0
-0.58716655,2.656992,-5.0401874,0.19593918,0.047183782,-0.97948021,0
-0.26355794,-0.53202522,4.8983288,-0.19593918,-0.047183782,0.97948021,0
3.4893651,0.036411524,-3.7931185,0.97908121,0.04644835,0.19809692,0
-2.5787482,-3.4770033,0.51460332,-0.97908121,-0.04644835,-0.19809692,0
0.40118647,3.2186961,-4.9769821,0.19593918,0.047183782,-0.97948021,0
2.8561897,-3.6070955,-4.3649459,0.054842234,-0.99780566,-0.037095688,0
1.8749778,-3.670366,-3.9661586,0.054842234,-0.99780566,-0.037095688,0
-0.48630717,0.29930425,-5.0262928,0.19593918,0.047183782,-0.97948021,0
-2.7429969,-4.3150234,4.0550857,0.054842234,-0.99780566,-0.037095688,0
-2.5202799,1.7041879,-0.016536117,-0.97908121,-0.04644835,-0.19809692,0
2.7145047,-2.6651158,-0.89817482,0.97908121,0.04644835,0.19809692,0
1.0151711,-4.2345424,2.7571831,0.054842234,-0.99780566,-0.037095688,0
-0.83315802,-4.029057,-3.6370437,0.054842234,-0.99780566,-0.037095688,0
1.9306102,1.4108932,-4.826941,0.19593918,0.047183782,-0.97948021,0
-1.4451809,3.743536,2.9808483,-0.054842234,0.99780566,0.037095688,0
-1.6920431,4.1916151,-3.3348904,-0.054842234,0.99780566,0.037095688,0
2.3983066,-2.1713486,-4.8605289,0.19593918,0.047183782,-0.97948021,0
-0.3039608,4.3647909,-4.8197775,-0.054842234,0.99780566,0.037095688,0
2.3728838,4.2344971,0.042941943,-0.054842234,0.99780566,0.037095688,0
-1.9326847,3.0457792,-3.1458457,-0.97908121,-0.04644835,-0.19809692,0
-0.61042577,1.8508669,-5.3169136,0.19593918,0.047183782,-0.97948021,0
-1.9973686,3.2468314,-2.5709066,-0.97908121,-0.04644835,-0.19809692,0
2.1539743,2.943665,-4.6892176,0.19593918,0.047183782,-0.97948021,0
1.6271946,4.2587934,-3.2402265,-0.054842234,0.99780566,0.037095688,0
0.78894901,2.0753968,5.2844062,-0.19593918,-0.047183782,0.97948021,0
1.0424562,-4.32061,5.1317039,0.054842234,-0.99780566,-0.037095688,0
0.97879887,3.610523,-4.7243629,0.19593918,0.047183782,-0.97948021,0
-0.44850749,-0.12920037,4.8784752,-0.19593918,-0.047183782,0.97948021,0
1.5250673,-3.0950975,-4.9948874,0.19593918,0.047183782,-0.97948021,0
2.5129168,3.3717196,-4.4049487,0.19593918,0.047183782,-0.97948021,0
-1.8838414,-0.43600762,4.7714629,-0.19593918,-0.047183782,0.97948021,0
0.64778376,1.4586672,-4.8136325,0.19593918,0.047183782,-0.97948021,0
2.9114997,3.8954511,-1.9012707,0.97908121,0.04644835,0.19809692,0
0.80853701,4.1707292,-1.9290595,-0.054842234,0.99780566,0.037095688,0
2.0618598,-1.0568962,3.3860261,0.97908121,0.04644835,0.19809692,0
0.87203729,-2.0258298,-5.1801357,0.19593918,0.047183782,-0.97948021,0
-3.0888133,3.2705333,2.7579427,-0.97908121,-0.04644835,-0.19809692,0
-3.3507104,1.550658,3.0860524,-0.97908121,-0.04644835,-0.19809692,0
-0.24715567,3.19417,5.0302148,-0.19593918,-0.047183782,0.97948021,0
-0.85672259,0.3824802,4.9913721,-0.19593918,-0.047183782,0.97948021,0
1.6953714,-0.13308072,3.4140384,0.97908121,0.04644835,0.19809692,0
3.4245059,-3.69677,-4.3277798,0.054842234,-0.99780566,-0.037095688,0
-0.55927539,-3.1751046,-5.3397188,0.19593918,0.047183782,-0.97948021,0
2.3468995,0.73530388,0.50840372,0.97908121,0.04644835,0.19809692,0
-1.4595957,4.0395164,1.2300296,-0.054842234,0.99780566,0.037095688,0
-0.40681028,-4.2378883,3.4600055,0.054842234,-0.99780566,-0.037095688,0
-0.6749841,0.41201282,-5.2203298,0.19593918,0.047183782,-0.97948021,0
1.5221703,-4.0082989,1.0901272,0.054842234,-0.99780566,-0.037095688,0
-0.65149522,3.7949185,4.6180081,-0.054842234,0.99780566,0.037095688,0
3.0863688,-2.2138622,-1.3127638,0.97908121,0.04644835,0.19809692,0
2.6813359,0.90058434,-1.6422552,0.97908121,0.04644835,0.19809692,0
-2.9943364,-1.5622047,2.0070064,-0.97908121,-0.04644835,-0.19809692,0
-2.9528213,-1.8437155,4.3141441,-0.19593918,-0.047183782,0.97948021,0
-1.4917277,1.2282494,4.8184481,-0.19593918,-0.047183782,0.97948021,0
1.9754684,1.859145,1.5528674,0.97908121,0.04644835,0.19809692,0
2.7283421,0.1317296,-1.7225249,0.97908121,0.04644835,0.19809692,0
1.3481762,-2.9074123,-5.0722303,0.19593918,0.047183782,-0.97948021,0
-0.96090484,3.7382765,0.85766453,-0.054842234,0.99780566,0.037095688,0
2.8447657,-3.5230122,-4.7609143,0.054842234,-0.99780566,-0.037095688,0
-1.2792205,0.83730495,-5.1788483,0.19593918,0.047183782,-0.97948021,0
-1.9282928,-3.4503808,-2.3064539,-0.97908121,-0.04644835,-0.19809692,0
1.7741945,-2.1799793,-4.8704224,0.19593918,0.047183782,-0.97948021,0
-0.75081897,4.0812583,-4.2840791,-0.054842234,0.99780566,0.037095688,0
1.380476,-4.0134759,4.4333358,0.054842234,-0.99780566,-0.037095688,0
3.4057236,-1.9199858,-4.3331761,0.19593918,0.047183782,-0.97948021,0
0.58405042,-3.5879948,-5.132421,0.054842234,-0.99780566,-0.037095688,0
-1.8067657,-0.14338481,4.6679068,-0.19593918,-0.047183782,0.97948021,0
-0.97363496,3.9555173,-4.0580702,-0.054842234,0.99780566,0.037095688,0
-3.5787261,3.1972039,4.042562,-0.97908121,-0.04644835,-0.19809692,0
3.3641505,0.50045252,-3.7965314,0.97908121,0.04644835,0.19809692,0
-0.68485069,4.0316424,-5.154922,0.19593918,0.047183782,-0.97948021,0
-2.9660141,-2.4013262,1.9452348,-0.97908121,-0.04644835,-0.19809692,0
-1.7590292,-3.9574673,0.909006,0.054842234,-0.99780566,-0.037095688,0
1.6438224,3.2842808,3.2849476,0.97908121,0.04644835,0.19809692,0
-0.91946363,-3.5842321,-5.5511279,0.19593918,0.047183782,-0.97948021,0
-1.8788894,1.6023788,-2.7123036,-0.97908121,-0.04644835,-0.19809692,0
0.95681739,2.9425058,-4.8477736,0.19593918,0.047183782,-0.97948021,0
1.8401411,4.0160336,-2.641896,-0.054842234,0.99780566,0.037095688,0
-1.6078858,-3.7226951,-4.3822956,-0.97908121,-0.04644835,-0.19809692,0
-0.38890743,3.6577804,3.5392172,-0.054842234,0.99780566,0.037095688,0
-2.9310651,-4.3080387,4.4877009,-0.19593918,-0.047183782,0.97948021,0
-2.0669007,-0.60235786,4.5120969,-0.19593918,-0.047183782,0.97948021,0
0.21972179,4.1901469,-1.1173669,-0.054842234,0.99780566,0.037095688,0
2.5880699,-1.1974952,1.1069512,0.97908121,0.04644835,0.19809692,0
-2.0726812,-3.6180949,4.6931076,-0.19593918,-0.047183782,0.97948021,0
1.4777269,-1.01838,4.7057581,0.97908121,0.04644835,0.19809692,0
-0.24917555,4.2427831,-4.9034338,-0.054842234,0.99780566,0.037095688,0
-1.2757558,0.9636026,4.7080016,-0.19593918,-0.047183782,0.97948021,0
-0.11721802,3.948499,-0.93321776,-0.054842234,0.99780566,0.037095688,0
-0.6238699,3.951611,-0.2047227,-0.054842234,0.99780566,0.037095688,0
-0.28894949,-4.2580433,4.0420322,0.054842234,-0.99780566,-0.037095688,0
-1.4327282,-1.6750814,4.7848997,-0.19593918,-0.047183782,0.97948021,0
-1.2724504,4.0239024,-2.1558983,-0.054842234,0.99780566,0.037095688,0
-2.2839379,1.2135816,-2.4490864,-0.97908121,-0.04644835,-0.19809692,0
-1.3598104,0.25861001,5.0220461,-0.19593918,-0.047183782,0.97948021,0
-2.1970685,-1.5059693,-1.6572566,-0.97908121,-0.04644835,-0.19809692,0
-1.5314124,-0.10060179,-4.6890726,-0.97908121,-0.04644835,-0.19809692,0
-0.63409281,-1.5015342,-5.2045169,0.19593918,0.047183782,-0.97948021,0
2.8451777,-0.93783641,-0.82114792,0.97908121,0.04644835,0.19809692,0
-1.6289442,3.6241927,3.4245286,-0.054842234,0.99780566,0.037095688,0
0.75703335,2.5414758,5.4866538,-0.19593918,-0.047183782,0.97948021,0
1.9240317,-3.90418,-2.5133977,0.054842234,-0.99780566,-0.037095688,0
0.91117692,-4.2382641,3.6499126,0.054842234,-0.99780566,-0.037095688,0
2.9822233,-3.7664213,-4.6848235,0.054842234,-0.99780566,-0.037095688,0
-3.09585,-1.9817368,4.3634052,-0.19593918,-0.047183782,0.97948021,0
-2.0672531,-0.90862846,-2.7694597,-0.97908121,-0.04644835,-0.19809692,0
-1.6841614,3.3642159,4.9410725,-0.19593918,-0.047183782,0.97948021,0
-0.96463156,3.9735246,2.2623639,-0.054842234,0.99780566,0.037095688,0
0.29294464,0.75653094,-5.0688648,0.19593918,0.047183782,-0.97948021,0
-0.032633781,4.0234942,1.5804807,-0.054842234,0.99780566,0.037095688,0
-1.8575315,-4.0998063,-1.3736262,0.054842234,-0.99780566,-0.037095688,0
0.5256443,-0.87043935,5.1304288,-0.19593918,-0.047183782,0.97948021,0
-3.254097,0.94272542,4.5579104,-0.19593918,-0.047183782,0.97948021,0
0.40247345,2.4703414,5.1209106,-0.19593918,-0.047183782,0.97948021,0
-1.9412947,-3.9510093,-1.3552433,0.054842234,-0.99780566,-0.037095688,0
3.0928414,2.3237925,-2.5434618,0.97908121,0.04644835,0.19809692,0
-2.8380289,-4.2306991,3.4411669,0.054842234,-0.99780566,-0.037095688,0
1.1184168,3.9303627,-1.4328676,-0.054842234,0.99780566,0.037095688,0
1.5303419,-3.7937899,0.56218958,0.054842234,-0.99780566,-0.037095688,0
-0.061109543,-3.2164474,-5.3249779,0.19593918,0.047183782,-0.97948021,0
2.5007205,1.9085412,-4.590692,0.19593918,0.047183782,-0.97948021,0
0.31795955,-1.0102336,5.1876211,-0.19593918,-0.047183782,0.97948021,0
1.7811564,-3.2046669,5.1102424,-0.19593918,-0.047183782,0.97948021,0
-0.75069571,-3.9694366,-3.5873818,0.054842234,-0.99780566,-0.037095688,0
2.0877385,1.3911896,-4.7854776,0.19593918,0.047183782,-0.97948021,0
-0.55802536,-4.1919289,2.656023,0.054842234,-0.99780566,-0.037095688,0
0.15561152,4.3319187,-3.600246,-0.054842234,0.99780566,0.037095688,0
-0.019242287,4.1131587,-1.5009888,-0.054842234,0.99780566,0.037095688,0
0.15565014,4.2151914,-1.667218,-0.054842234,0.99780566,0.037095688,0
-2.4170904,-4.270401,0.39894682,0.054842234,-0.99780566,-0.037095688,0
3.1385276,-3.8807597,-3.1946857,0.054842234,-0.99780566,-0.037095688,0
2.8690438,4.4995942,-4.0979404,-0.054842234,0.99780566,0.037095688,0
2.9550333,1.5366396,-1.9148395,0.97908121,0.04644835,0.19809692,0
-0.43687892,3.1396785,5.0351496,-0.19593918,-0.047183782,0.97948021,0
-0.56191635,-3.7588711,-3.7335274,0.054842234,-0.99780566,-0.037095688,0
1.4865812,-1.8290869,5.2922368,-0.19593918,-0.047183782,0.97948021,0
-2.249856,-2.7835958,-0.12219809,-0.97908121,-0.04644835,-0.19809692,0
0.22686756,-2.0136116,5.0684562,-0.19593918,-0.047183782,0.97948021,0
2.6123726,2.0852327,0.1792073,0.97908121,0.04644835,0.19809692,0
-3.2029674,-2.1273518,4.4559035,-0.97908121,-0.04644835,-0.19809692,0
0.0541749,4.109426,-2.3603761,-0.054842234,0.99780566,0.037095688,0
-2.8631518,-2.6248224,2.6296871,-0.97908121,-0.04644835,-0.19809692,0
2.6543715,-3.4525876,-4.9324474,0.19593918,0.047183782,-0.97948021,0
-2.4402118,2.9723003,4.8869014,-0.19593918,-0.047183782,0.97948021,0
3.4547718,0.42920303,-3.617753,0.97908121,0.04644835,0.19809692,0
-2.8983569,0.13346028,2.5646212,-0.97908121,-0.04644835,-0.19809692,0
2.7580245,4.1510515,-2.8306921,-0.054842234,0.99780566,0.037095688,0
-0.98418695,0.87861782,4.9471049,-0.19593918,-0.047183782,0.97948021,0
-1.818944,3.8380196,-1.0856125,-0.054842234,0.99780566,0.037095688,0
-0.44023371,-3.9954269,-5.0948238,0.054842234,-0.99780566,-0.037095688,0
0.11450815,3.7140043,-4.8320704,0.19593918,0.047183782,-0.97948021,0
1.5993071,-4.1073217,2.0971265,0.054842234,-0.99780566,-0.037095688,0
-3.4186997,-0.24102259,3.4505801,-0.97908121,-0.04644835,-0.19809692,0
1.9635673,-0.81829643,2.9132972,0.97908121,0.04644835,0.19809692,0
-1.1694608,-4.1531682,2.9656394,0.054842234,-0.99780566,-0.037095688,0
-1.6315818,-3.350956,-3.200778,-0.97908121,-0.04644835,-0.19809692,0
1.5288532,4.2795763,-3.428247,-0.054842234,0.99780566,0.037095688,0
2.8610225,-3.573379,-4.4054971,0.054842234,-0.99780566,-0.037095688,0
-0.42032242,2.5012345,5.3117495,-0.19593918,-0.047183782,0.97948021,0
0.65219504,-0.92973405,-5.101182,0.19593918,0.047183782,-0.97948021,0
-0.19804096,-3.8632755,-1.3176661,0.054842234,-0.99780566,-0.037095688,0
-2.0836487,-4.1133976,3.4531839,0.054842234,-0.99780566,-0.037095688,0
0.70740306,-1.0063679,-4.8684278,0.19593918,0.047183782,-0.97948021,0
-1.9707488,2.2554891,4.8311749,-0.19593918,-0.047183782,0.97948021,0
-1.3847704,-4.3929663,3.6875925,0.054842234,-0.99780566,-0.037095688,0
0.16827297,-3.8612592,-0.90286052,0.054842234,-0.99780566,-0.037095688,0
3.014555,-3.8062613,-3.478101,0.054842234,-0.99780566,-0.037095688,0
0.30836058,3.7744699,4.4671397,-0.054842234,0.99780566,0.037095688,0
1.5835259,2.8450522,4.2172995,0.97908121,0.04644835,0.19809692,0
-3.176676,3.465306,3.1677256,-0.97908121,-0.04644835,-0.19809692,0
1.62406,-0.31123757,-4.7061362,0.19593918,0.047183782,-0.97948021,0
1.7471168,0.60504568,3.186291,0.97908121,0.04644835,0.19809692,0
-3.0000343,-0.18736529,4.4743195,-0.19593918,-0.047183782,0.97948021,0
-2.127852,3.9372971,-2.2278709,-0.054842234,0.99780566,0.037095688,0
0.029490948,-2.7502522,-5.1148777,0.19593918,0.047183782,-0.97948021,0
0.62935615,-0.19661808,5.1803608,-0.19593918,-0.047183782,0.97948021,0
-2.5032868,-4.4530702,4.0554709,0.054842234,-0.99780566,-0.037095688,0
-0.0050648451,-1.6022192,4.8670778,-0.19593918,-0.047183782,0.97948021,0
-1.5864315,-1.6262207,-4.7963142,-0.97908121,-0.04644835,-0.19809692,0
0.51602077,-3.9993525,4.676743,0.054842234,-0.99780566,-0.037095688,0
1.5630844,2.9333391,4.2451315,0.97908121,0.04644835,0.19809692,0
-0.40830314,2.6563065,-5.0528054,0.19593918,0.047183782,-0.97948021,0
-0.67465913,1.7690519,-5.1155391,0.19593918,0.047183782,-0.97948021,0
-1.061507,0.0069282055,-5.2827926,0.19593918,0.047183782,-0.97948021,0
1.8515069,-3.752126,3.4760151,0.97908121,0.04644835,0.19809692,0
-2.1313808,0.80719566,-2.2502589,-0.97908121,-0.04644835,-0.19809692,0
0.51461554,2.2299316,-4.8757796,0.19593918,0.047183782,-0.97948021,0
-1.716763,-3.7522044,-2.962894,-0.97908121,-0.04644835,-0.19809692,0
-0.31368351,-3.68853,-4.3884206,0.054842234,-0.99780566,-0.037095688,0
3.1010523,1.0222114,-3.7344453,0.97908121,0.04644835,0.19809692,0
-0.42697048,3.7947149,0.7975291,-0.054842234,0.99780566,0.037095688,0
-0.75096798,3.828536,3.6992948,-0.054842234,0.99780566,0.037095688,0
0.47509241,3.8000522,4.1377735,-0.054842234,0.99780566,0.037095688,0
-0.29911041,3.9842975,-4.7350507,-0.054842234,0.99780566,0.037095688,0
1.7987618,-3.023288,4.4517403,0.97908121,0.04644835,0.19809692,0
-0.077908516,-1.840449,4.965188,-0.19593918,-0.047183782,0.97948021,0
-0.84600043,-1.6588949,-5.3770165,0.19593918,0.047183782,-0.97948021,0
-1.826601,3.794775,1.1518893,-0.054842234,0.99780566,0.037095688,0
-3.0042927,-4.0291123,4.358881,-0.19593918,-0.047183782,0.97948021,0
-2.6890903,-3.1570084,1.9917986,-0.97908121,-0.04644835,-0.19809692,0
-1.358584,-1.7813095,4.9252062,-0.19593918,-0.047183782,0.97948021,0
-0.47753692,3.9761755,-2.7128708,-0.054842234,0.99780566,0.037095688,0
-2.2786739,1.201406,4.864759,-0.19593918,-0.047183782,0.97948021,0
-3.2269895,0.4170773,3.8665071,-0.97908121,-0.04644835,-0.19809692,0
0.9428041,-3.2315221,5.0662746,-0.19593918,-0.047183782,0.97948021,0
-0.42452431,4.0580535,1.287457,-0.054842234,0.99780566,0.037095688,0
2.2672627,2.9127822,-4.5081034,0.19593918,0.047183782,-0.97948021,0
3.1360874,2.0491018,-2.4076343,0.97908121,0.04644835,0.19809692,0
-3.0478389,0.78600717,2.8194115,-0.97908121,-0.04644835,-0.19809692,0
3.2769532,-0.18058276,-3.3666055,0.97908121,0.04644835,0.19809692,0
2.3849058,1.4617553,0.55744731,0.97908121,0.04644835,0.19809692,0
2.2411194,-2.4209571,2.8268893,0.97908121,0.04644835,0.19809692,0
1.1596105,-3.4487867,-5.0339465,0.19593918,0.047183782,-0.97948021,0
3.102083,-1.1716757,-3.124563,0.97908121,0.04644835,0.19809692,0
-0.56653404,-1.2604834,-5.3940291,0.19593918,0.047183782,-0.97948021,0
-3.3317792,2.8171828,3.328758,-0.97908121,-0.04644835,-0.19809692,0
0.53420663,0.44883803,-4.8948765,0.19593918,0.047183782,-0.97948021,0
1.7007282,2.0368626,3.0951233,0.97908121,0.04644835,0.19809692,0
1.5548627,-4.1731491,3.797214,0.054842234,-0.99780566,-0.037095688,0
3.4172029,-1.2446184,-3.9671974,0.97908121,0.04644835,0.19809692,0
-0.7702083,1.4900475,-5.2729568,0.19593918,0.047183782,-0.97948021,0
-3.1770291,2.9389658,2.9484878,-0.97908121,-0.04644835,-0.19809692,0
1.0458629,-1.1034805,-5.033742,0.19593918,0.047183782,-0.97948021,0
2.5537193,3.8237319,-0.29337889,0.97908121,0.04644835,0.19809692,0
-1.9279194,-4.067091,3.6271443,0.054842234,-0.99780566,-0.037095688,0
-0.37565279,-3.7403748,-4.6094065,0.054842234,-0.99780566,-0.037095688,0
0.084569693,-2.7949526,4.999999,-0.19593918,-0.047183782,0.97948021,0
-3.2110496,0.81820941,3.0197754,-0.97908121,-0.04644835,-0.19809692,0
-2.4486005,3.9210219,1.9435902,-0.054842234,0.99780566,0.037095688,0
1.7565799,3.9312458,2.7472823,-0.054842234,0.99780566,0.037095688,0
1.8053231,3.6548524,2.3706696,0.97908121,0.04644835,0.19809692,0
-2.0213661,2.5649519,-3.6903358,-0.97908121,-0.04644835,-0.19809692,0
1.645699,-0.70232403,-4.6499543,0.19593918,0.047183782,-0.97948021,0
-3.2604029,2.578856,2.5635478,-0.97908121,-0.04644835,-0.19809692,0
1.7296644,-3.3991637,5.0972314,0.97908121,0.04644835,0.19809692,0
-1.0248444,-2.9091392,-5.3927803,0.19593918,0.047183782,-0.97948021,0
1.3178501,-2.5863359,-5.0950737,0.19593918,0.047183782,-0.97948021,0
-2.6224372,1.5622838,-0.20921305,-0.97908121,-0.04644835,-0.19809692,0
-0.74545074,-2.1387491,-5.3424511,0.19593918,0.047183782,-0.97948021,0
-1.4562917,-4.1871595,0.74289435,0.054842234,-0.99780566,-0.037095688,0
1.1468616,0.049581766,5.1457415,-0.19593918,-0.047183782,0.97948021,0
2.6294661,0.96752095,-4.4018192,0.19593918,0.047183782,-0.97948021,0
-0.63744402,-4.2241716,-0.31355727,0.054842234,-0.99780566,-0.037095688,0
-1.9973781,-2.9588311,-2.1812234,-0.97908121,-0.04644835,-0.19809692,0
-2.802062,3.0212772,1.0306077,-0.97908121,-0.04644835,-0.19809692,0
-0.86886263,-4.3454847,3.8423665,0.054842234,-0.99780566,-0.037095688,0
-0.86497784,3.870873,0.66783088,-0.054842234,0.99780566,0.037095688,0
0.50501394,4.0836539,0.59786463,-0.054842234,0.99780566,0.037095688,0
1.6039302,-3.9251325,-4.1262894,0.054842234,-0.99780566,-0.037095688,0
-1.2479062,-4.0405722,0.33502948,0.054842234,-0.99780566,-0.037095688,0
-1.1903067,-3.8444474,-2.1178341,0.054842234,-0.99780566,-0.037095688,0
2.3054562,-3.0372798,2.0246382,0.97908121,0.04644835,0.19809692,0
-2.8288906,0.67142296,4.4725847,-0.19593918,-0.047183782,0.97948021,0
2.1118598,-3.8619459,2.0596313,0.054842234,-0.99780566,-0.037095688,0
1.4084237,-3.8261108,2.255615,0.054842234,-0.99780566,-0.037095688,0
-0.68001938,-4.1069131,-2.3177938,0.054842234,-0.99780566,-0.037095688,0
-0.58667505,-0.34988081,5.1112223,-0.19593918,-0.047183782,0.97948021,0
-2.3039286,-3.6346536,-0.97587985,-0.97908121,-0.04644835,-0.19809692,0
1.912914,-0.2597971,3.7254391,0.97908121,0.04644835,0.19809692,0
-0.37625742,4.2813363,-3.471617,-0.054842234,0.99780566,0.037095688,0
2.172961,-0.53809094,1.9071528,0.97908121,0.04644835,0.19809692,0
1.7718399,2.1118474,3.045191,0.97908121,0.04644835,0.19809692,0
-2.5558171,-3.4273465,1.0183103,-0.97908121,-0.04644835,-0.19809692,0
-3.2605336,3.5743358,3.9646375,-0.054842234,0.99780566,0.037095688,0
-0.37015438,3.7850611,3.7924206,-0.054842234,0.99780566,0.037095688,0
-1.6408052,-4.072979,3.6386521,0.054842234,-0.99780566,-0.037095688,0
-2.0509648,-0.36582041,-3.0239143,-0.97908121,-0.04644835,-0.19809692,0
1.6543076,-3.9608784,4.9454598,0.97908121,0.04644835,0.19809692,0
2.3619359,-3.7867615,-1.2502751,0.054842234,-0.99780566,-0.037095688,0
-1.1980886,-4.1564493,4.0922546,0.054842234,-0.99780566,-0.037095688,0
0.63645744,3.6807318,5.221446,-0.054842234,0.99780566,0.037095688,0
0.36029816,3.9868999,4.0047674,-0.054842234,0.99780566,0.037095688,0
-1.4794745,-4.0939136,1.5352921,0.054842234,-0.99780566,-0.037095688,0
-2.5028672,0.62598181,0.17409956,-0.97908121,-0.04644835,-0.19809692,0
2.4531934,-3.7354314,0.15238294,0.054842234,-0.99780566,-0.037095688,0
1.9476128,2.9161048,1.3917108,0.97908121,0.04644835,0.19809692,0
1.780248,-0.1679337,4.3461308,0.97908121,0.04644835,0.19809692,0
-2.5230498,-4.1450152,2.8206511,0.054842234,-0.99780566,-0.037095688,0
2.4947679,0.71885478,-0.71273243,0.97908121,0.04644835,0.19809692,0
2.0172212,2.458719,1.7118967,0.97908121,0.04644835,0.19809692,0
-2.1333597,2.2920911,-3.4472961,-0.97908121,-0.04644835,-0.19809692,0
-1.8826952,-0.62363547,4.8670034,-0.19593918,-0.047183782,0.97948021,0
-2.5001388,-4.200079,2.6224573,0.054842234,-0.99780566,-0.037095688,0
-3.5310791,2.6398416,4.0363503,-0.97908121,-0.04644835,-0.19809692,0
0.32399249,-1.7956601,-5.1878362,0.19593918,0.047183782,-0.97948021,0
3.1834781,3.4115515,-2.9143353,0.97908121,0.04644835,0.19809692,0
0.82378757,2.3154504,-4.8854666,0.19593918,0.047183782,-0.97948021,0
2.8688743,-2.2324269,-1.6910678,0.97908121,0.04644835,0.19809692,0
1.8043965,-2.4418793,3.3488824,0.97908121,0.04644835,0.19809692,0
0.51024449,-1.1989913,-4.8663058,0.19593918,0.047183782,-0.97948021,0
-0.70215261,0.69505739,-5.0605621,0.19593918,0.047183782,-0.97948021,0
-1.5804828,1.9160926,4.7097235,-0.19593918,-0.047183782,0.97948021,0
1.6489682,-3.7917724,-2.0839691,0.054842234,-0.99780566,-0.037095688,0
-2.1093152,2.4659338,-2.1724749,-0.97908121,-0.04644835,-0.19809692,0
0.38446522,-4.0633254,0.92757964,0.054842234,-0.99780566,-0.037095688,0
2.7305763,0.85093331,-0.084419042,0.97908121,0.04644835,0.19809692,0
-1.9529445,-0.02065134,-2.9143093,-0.97908121,-0.04644835,-0.19809692,0
0.24576569,2.6772814,-5.1284599,0.19593918,0.047183782,-0.97948021,0
-0.31958103,-3.6304131,-5.5370288,0.19593918,0.047183782,-0.97948021,0
-0.71380472,-2.8557682,4.9504747,-0.19593918,-0.047183782,0.97948021,0
-0.60300422,3.4354126,5.1162214,-0.19593918,-0.047183782,0.97948021,0
1.9399807,-1.7326963,4.3712521,0.97908121,0.04644835,0.19809692,0
2.6584282,3.1565707,-2.2513676,0.97908121,0.04644835,0.19809692,0
-2.7602766,-2.3694031,0.95319688,-0.97908121,-0.04644835,-0.19809692,0
0.023236752,-3.7926164,-2.6047549,0.054842234,-0.99780566,-0.037095688,0
-2.1305995,-1.1816652,4.8045278,-0.19593918,-0.047183782,0.97948021,0
2.1621795,-0.54105258,-4.7897205,0.19593918,0.047183782,-0.97948021,0
-1.7333759,2.266753,-4.0378609,-0.97908121,-0.04644835,-0.19809692,0
-0.22100163,1.380657,4.9967089,-0.19593918,-0.047183782,0.97948021,0
-0.5408237,-1.0674478,-5.0785594,0.19593918,0.047183782,-0.97948021,0
1.4224982,2.0504653,-4.7126751,0.19593918,0.047183782,-0.97948021,0
-0.9930191,-2.4560838,-5.2828484,0.19593918,0.047183782,-0.97948021,0
-2.4088597,-2.2116377,0.51359445,-0.97908121,-0.04644835,-0.19809692,0
-1.5610707,3.8225474,0.23452634,-0.054842234,0.99780566,0.037095688,0
1.6673492,-1.7584281,4.0393558,0.97908121,0.04644835,0.19809692,0
0.41115713,3.967622,3.029247,-0.054842234,0.99780566,0.037095688,0
-0.4940424,-4.2715635,1.6840463,0.054842234,-0.99780566,-0.037095688,0
0.34384084,-3.9675772,-0.56331116,0.054842234,-0.99780566,-0.037095688,0
2.96292,-2.2423463,-1.3905151,0.97908121,0.04644835,0.19809692,0
-1.7939672,-4.2031507,0.40132672,0.054842234,-0.99780566,-0.037095688,0
-0.23345995,3.7441421,2.4104502,-0.054842234,0.99780566,0.037095688,0
-1.7752302,-2.6282387,4.6601748,-0.19593918,-0.047183782,0.97948021,0
3.2875032,-1.9585404,-3.5629859,0.97908121,0.04644835,0.19809692,0
0.73555183,-3.4319963,-4.9192777,0.19593918,0.047183782,-0.97948021,0
0.44636822,-3.9975626,3.7880652,0.054842234,-0.99780566,-0.037095688,0
-2.5241652,3.0088549,0.1344192,-0.97908121,-0.04644835,-0.19809692,0
-0.84962499,1.3534216,-5.3673944,0.19593918,0.047183782,-0.97948021,0
0.63848925,-3.8558774,-2.2520039,0.054842234,-0.99780566,-0.037095688,0
3.2660093,-3.6667154,-4.2262297,0.054842234,-0.99780566,-0.037095688,0
3.2962737,-1.7904663,-2.3748074,0.97908121,0.04644835,0.19809692,0
-2.7474535,-1.5780981,1.5823028,-0.97908121,-0.04644835,-0.19809692,0
0.23683262,-3.9333322,-1.7538419,0.054842234,-0.99780566,-0.037095688,0
-3.2396898,3.426199,2.5364425,-0.97908121,-0.04644835,-0.19809692,0
2.8350022,0.24540067,-0.44164056,0.97908121,0.04644835,0.19809692,0
-2.0193505,-0.36606276,4.7816792,-0.19593918,-0.047183782,0.97948021,0
3.2886124,-0.25997758,-3.520844,0.97908121,0.04644835,0.19809692,0
3.3826344,-2.5090492,-4.5540981,0.19593918,0.047183782,-0.97948021,0
1.3067322,4.1707253,-0.086479098,-0.054842234,0.99780566,0.037095688,0
-0.68702865,-3.7705083,4.7620916,-0.19593918,-0.047183782,0.97948021,0
1.2283616,2.5911379,5.1756401,0.97908121,0.04644835,0.19809692,0
-0.040081739,1.4408531,5.2802763,-0.19593918,-0.047183782,0.97948021,0
-0.51226878,-4.0407643,3.9770401,0.054842234,-0.99780566,-0.037095688,0
1.3706169,4.0624189,3.5468428,-0.054842234,0.99780566,0.037095688,0
-1.9779725,-4.4217372,4.6239333,0.054842234,-0.99780566,-0.037095688,0
-2.9300776,-3.8958912,2.6355448,-0.97908121,-0.04644835,-0.19809692,0
-1.1641707,-3.9271731,-1.2068026,0.054842234,-0.99780566,-0.037095688,0
3.1526995,-3.544245,-2.9078648,0.97908121,0.04644835,0.19809692,0
2.1411672,-1.7401913,-4.9310136,0.19593918,0.047183782,-0.97948021,0
-3.3670878,1.6757457,2.8111749,-0.97908121,-0.04644835,-0.19809692,0
3.3993082,0.45874357,-3.4497089,0.97908121,0.04644835,0.19809692,0
1.0692958,0.53980458,-4.7873344,0.19593918,0.047183782,-0.97948021,0
-2.0866406,3.8137949,2.0047562,-0.054842234,0.99780566,0.037095688,0
-0.37127781,-1.9464891,-5.1348548,0.19593918,0.047183782,-0.97948021,0
-1.4117196,1.5272554,4.8867211,-0.19593918,-0.047183782,0.97948021,0
1.6126785,-3.0939908,5.0501647,0.97908121,0.04644835,0.19809692,0
-1.723066,2.7300751,5.0516901,-0.19593918,-0.047183782,0.97948021,0
-2.0986168,2.4509377,4.9930773,-0.19593918,-0.047183782,0.97948021,0
-1.5877922,-3.2920864,-3.4288309,-0.97908121,-0.04644835,-0.19809692,0
-3.3730488,-1.0030773,4.3611264,-0.19593918,-0.047183782,0.97948021,0
2.1784511,0.34759307,1.2923357,0.97908121,0.04644835,0.19809692,0
2.5470281,0.99545336,-4.481359,0.19593918,0.047183782,-0.97948021,0
-2.3558946,3.8216159,-0.23275656,-0.054842234,0.99780566,0.037095688,0
1.5896239,3.8652229,4.549418,0.97908121,0.04644835,0.19809692,0
-1.0984151,-2.8383932,4.5465522,-0.19593918,-0.047183782,0.97948021,0
-1.4527435,-3.9645884,0.080253214,0.054842234,-0.99780566,-0.037095688,0
-3.4815469,3.3070433,3.399549,-0.97908121,-0.04644835,-0.19809692,0
2.0764687,-1.3616948,2.3369548,0.97908121,0.04644835,0.19809692,0
1.5292428,3.8413973,-4.6114769,0.19593918,0.047183782,-0.97948021,0
0.79329729,4.0788612,2.0155718,-0.054842234,0.99780566,0.037095688,0
2.179553,-3.8467083,-3.0573401,0.054842234,-0.99780566,-0.037095688,0
2.5101171,4.3055515,-4.3048892,-0.054842234,0.99780566,0.037095688,0
1.9642072,4.4566402,-4.0194898,-0.054842234,0.99780566,0.037095688,0
-2.060775,1.8653302,4.6449385,-0.19593918,-0.047183782,0.97948021,0
1.9889622,4.2652645,-0.15271507,-0.054842234,0.99780566,0.037095688,0
-0.72076464,-4.1471291,2.1288853,0.054842234,-0.99780566,-0.037095688,0
-3.0309825,-0.26596689,4.4114308,-0.19593918,-0.047183782,0.97948021,0
-0.97102034,-2.0959823,4.6593747,-0.19593918,-0.047183782,0.97948021,0
-0.9076252,-4.1523333,3.7116923,0.054842234,-0.99780566,-0.037095688,0
-0.045930862,-4.2330613,2.7446241,0.054842234,-0.99780566,-0.037095688,0
3.3215003,0.76924467,-2.9984405,0.97908121,0.04644835,0.19809692,0
-0.51034689,3.8245394,0.62655479,-0.054842234,0.99780566,0.037095688,0
-2.4091725,-3.0703001,4.3085141,-0.19593918,-0.047183782,0.97948021,0
-0.03629899,-1.2627566,-4.9895349,0.19593918,0.047183782,-0.97948021,0
-2.5444531,1.7556705,-1.3200793,-0.97908121,-0.04644835,-0.19809692,0
0.017730236,-3.9839115,-2.559761,0.054842234,-0.99780566,-0.037095688,0
2.0266507,-2.2488844,3.3952646,0.97908121,0.04644835,0.19809692,0
-2.5521317,-4.3695416,3.8749895,0.054842234,-0.99780566,-0.037095688,0
2.169996,-4.1453533,2.376956,0.054842234,-0.99780566,-0.037095688,0
-1.4562907,-4.0494118,-1.7620529,0.054842234,-0.99780566,-0.037095688,0
-1.277241,1.1819233,-5.1403761,0.19593918,0.047183782,-0.97948021,0
1.1629237,-1.5477701,5.249999,-0.19593918,-0.047183782,0.97948021,0
-1.980064,1.5610931,-2.2311127,-0.97908121,-0.04644835,-0.19809692,0
-1.9356046,-0.69979894,-2.8984859,-0.97908121,-0.04644835,-0.19809692,0
0.30857515,-3.9630127,-2.4454246,0.054842234,-0.99780566,-0.037095688,0
1.7813429,-2.7626333,-4.9516025,0.19593918,0.047183782,-0.97948021,0
0.55385828,3.988831,2.0068061,-0.054842234,0.99780566,0.037095688,0
-1.1967218,-3.9396544,4.7249999,-0.19593918,-0.047183782,0.97948021,0
-1.1251605,4.2516804,-4.6637826,-0.054842234,0.99780566,0.037095688,0
2.7402675,-3.7229574,-4.0666151,0.054842234,-0.99780566,-0.037095688,0
3.1367757,-2.4285178,-2.7608955,0.97908121,0.04644835,0.19809692,0
-3.3332071,-2.8637607,4.0357208,-0.97908121,-0.04644835,-0.19809692,0
-0.27874815,2.169652,-5.2360954,0.19593918,0.047183782,-0.97948021,0
-1.5737095,-4.1616659,3.9226897,0.054842234,-0.99780566,-0.037095688,0
1.9525089,1.9220389,-4.4958272,0.19593918,0.047183782,-0.97948021,0
-0.23576522,-4.1710124,4.602242,0.054842234,-0.99780566,-0.037095688,0
-3.2678421,2.185231,3.287323,-0.97908121,-0.04644835,-0.19809692,0
-1.6002119,4.0603476,-1.2914896,-0.054842234,0.99780566,0.037095688,0
2.5523422,0.31314385,-4.490118,0.19593918,0.047183782,-0.97948021,0
-2.3890984,-0.75022829,-1.1662804,-0.97908121,-0.04644835,-0.19809692,0
1.553701,-2.7619801,5.1840887,0.97908121,0.04644835,0.19809692,0
-2.79916,3.7963235,1.8012691,-0.054842234,0.99780566,0.037095688,0
1.655504,-2.8472283,4.3364134,0.97908121,0.04644835,0.19809692,0
-1.9209439,1.2537732,-3.2263966,-0.97908121,-0.04644835,-0.19809692,0
-3.0131392,-2.038363,2.8092122,-0.97908121,-0.04644835,-0.19809692,0
-0.066668272,-3.9138446,2.3100374,0.054842234,-0.99780566,-0.037095688,0
1.538352,-3.1080642,-4.9015923,0.19593918,0.047183782,-0.97948021,0
-0.3245585,2.0452907,-5.0123234,0.19593918,0.047183782,-0.97948021,0
1.9745201,-1.4689317,-4.6921964,0.19593918,0.047183782,-0.97948021,0
1.2647967,-3.6384559,-5.0206971,0.054842234,-0.99780566,-0.037095688,0
-2.3148403,-4.420681,3.7223029,0.054842234,-0.99780566,-0.037095688,0
-0.60356748,1.1920915,4.8496585,-0.19593918,-0.047183782,0.97948021,0
-3.1185555,3.2149916,1.9857674,-0.97908121,-0.04644835,-0.19809692,0
-0.073221445,2.4992974,5.3325977,-0.19593918,-0.047183782,0.97948021,0
0.47780049,-1.7100581,4.9525652,-0.19593918,-0.047183782,0.97948021,0
-3.1002281,-0.35028768,4.5507975,-0.19593918,-0.047183782,0.97948021,0
1.9863539,-3.9532905,-1.243686,0.054842234,-0.99780566,-0.037095688,0
-1.1454773,2.1865399,4.803062,-0.19593918,-0.047183782,0.97948021,0
0.38671255,3.8036854,4.3625875,-0.054842234,0.99780566,0.037095688,0
2.1019979,0.6839118,1.8079364,0.97908121,0.04644835,0.19809692,0
2.3488369,-2.5557926,-4.6052179,0.19593918,0.047183782,-0.97948021,0
3.2288918,-0.35739279,-3.5960009,0.97908121,0.04644835,0.19809692,0
-1.4550366,-3.8884668,-4.2523708,0.054842234,-0.99780566,-0.037095688,0
-2.2624714,-3.7506897,-0.32054102,-0.97908121,-0.04644835,-0.19809692,0
-0.36861467,-4.0825334,1.4062731,0.054842234,-0.99780566,-0.037095688,0
-2.3992605,-0.8370595,-1.2075155,-0.97908121,-0.04644835,-0.19809692,0
-2.2066441,3.8891668,-0.69133806,-0.054842234,0.99780566,0.037095688,0
3.456326,0.21098208,-3.647016,0.97908121,0.04644835,0.19809692,0
3.1413152,2.3306003,-3.0908966,0.97908121,0.04644835,0.19809692,0
2.5277076,-3.6977205,-4.3137236,0.054842234,-0.99780566,-0.037095688,0
-1.9454331,3.8831112,-1.8438599,-0.054842234,0.99780566,0.037095688,0
-0.080313206,-3.7316718,-4.261816,0.054842234,-0.99780566,-0.037095688,0
-3.3477688,3.4881773,4.077076,-0.054842234,0.99780566,0.037095688,0
2.0115051,-3.7373784,2.9167712,0.97908121,0.04644835,0.19809692,0
-2.0516379,1.4700727,-2.223999,-0.97908121,-0.04644835,-0.19809692,0
1.9369516,-3.9598656,4.3460827,0.97908121,0.04644835,0.19809692,0
3.2894671,1.4828483,-3.9027095,0.97908121,0.04644835,0.19809692,0
0.92483616,4.301868,-3.1109724,-0.054842234,0.99780566,0.037095688,0
0.63250852,-3.7518215,-4.5302992,0.054842234,-0.99780566,-0.037095688,0
2.4032052,0.40802288,0.96654999,0.97908121,0.04644835,0.19809692,0
1.9753586,-3.8318329,2.8278811,0.054842234,-0.99780566,-0.037095688,0
1.9597986,-0.96887994,2.6840005,0.97908121,0.04644835,0.19809692,0
2.2706208,0.84305143,1.4002049,0.97908121,0.04644835,0.19809692,0
2.1727006,-1.792819,1.5158927,0.97908121,0.04644835,0.19809692,0
-1.8297923,3.5981517,4.7442636,-0.054842234,0.99780566,0.037095688,0
1.356823,1.7206259,-4.7345362,0.19593918,0.047183782,-0.97948021,0
-3.3164568,2.5014932,3.8834121,-0.97908121,-0.04644835,-0.19809692,0
-0.22591448,-3.9933934,-2.7454617,0.054842234,-0.99780566,-0.037095688,0
1.0131352,-3.917697,4.2625875,0.054842234,-0.99780566,-0.037095688,0
2.5496373,0.39595628,-0.48020327,0.97908121,0.04644835,0.19809692,0
-2.137249,0.4137305,4.6381207,-0.19593918,-0.047183782,0.97948021,0
2.5355849,4.2735558,-2.3262689,-0.054842234,0.99780566,0.037095688,0
3.3840659,-1.5288837,-3.9131668,0.97908121,0.04644835,0.19809692,0
-2.7961326,3.6512463,0.7648856,-0.054842234,0.99780566,0.037095688,0
1.7526658,-3.8423545,-4.3195724,0.054842234,-0.99780566,-0.037095688,0
1.6385463,-0.059505343,-4.7218285,0.19593918,0.047183782,-0.97948021,0
0.34297276,4.0122643,2.1337836,-0.054842234,0.99780566,0.037095688,0
1.4950333,3.9028668,0.53023911,-0.054842234,0.99780566,0.037095688,0
3.0189104,2.6133173,-3.6551914,0.97908121,0.04644835,0.19809692,0
-0.7031374,-3.8697197,-2.2625589,0.054842234,-0.99780566,-0.037095688,0
-2.4422932,-1.2278725,-0.14411832,-0.97908121,-0.04644835,-0.19809692,0
-2.5115755,2.926343,-1.0002761,-0.97908121,-0.04644835,-0.19809692,0
-2.4428699,0.68172669,-1.0180752,-0.97908121,-0.04644835,-0.19809692,0
0.86852503,-4.2791491,4.2939439,0.054842234,-0.99780566,-0.037095688,0
2.5216606,-3.4434416,0.37335771,0.97908121,0.04644835,0.19809692,0
-0.44599104,-1.7893666,-5.3663931,0.19593918,0.047183782,-0.97948021,0
-2.0054059,0.9315567,-3.5015724,-0.97908121,-0.04644835,-0.19809692,0
2.1293828,-2.0193501,-4.5863166,0.19593918,0.047183782,-0.97948021,0
3.2746265,-1.978833,-2.7473309,0.97908121,0.04644835,0.19809692,0
0.30264974,-3.9325294,0.94939113,0.054842234,-0.99780566,-0.037095688,0
0.35810328,3.7796736,2.2153447,-0.054842234,0.99780566,0.037095688,0
1.5385245,0.81827903,-4.8833842,0.19593918,0.047183782,-0.97948021,0
-2.1860919,-2.516804,-1.4727312,-0.97908121,-0.04644835,-0.19809692,0
0.82955933,4.0314455,3.2120824,-0.054842234,0.99780566,0.037095688,0
2.1972482,3.0588667,0.86692864,0.97908121,0.04644835,0.19809692,0
1.8168232,2.8204646,2.1514213,0.97908121,0.04644835,0.19809692,0
-1.5578007,-2.1235504,4.8226976,-0.19593918,-0.047183782,0.97948021,0
-1.43841,-2.7176425,-5.3452249,-0.97908121,-0.04644835,-0.19809692,0
-0.19783998,-1.554482,-5.2538848,0.19593918,0.047183782,-0.97948021,0
0.31222963,-1.4013529,5.243773,-0.19593918,-0.047183782,0.97948021,0
-2.833427,0.21915174,1.2964391,-0.97908121,-0.04644835,-0.19809692,0
0.44763637,-4.1238976,3.7703757,0.054842234,-0.99780566,-0.037095688,0
-0.9316659,3.0892482,-5.1110859,0.19593918,0.047183782,-0.97948021,0
-0.57598448,-3.4850326,-5.2174039,0.19593918,0.047183782,-0.97948021,0
0.50660753,4.1007481,-2.2695365,-0.054842234,0.99780566,0.037095688,0
1.4430342,-3.5583727,-4.8044443,0.054842234,-0.99780566,-0.037095688,0
1.8523157,-2.4231446,3.6172731,0.97908121,0.04644835,0.19809692,0
3.2432089,-3.3031864,-2.3647401,0.97908121,0.04644835,0.19809692,0
0.41298509,-4.1502161,3.841572,0.054842234,-0.99780566,-0.037095688,0
0.63006794,-1.4233145,-4.9055271,0.19593918,0.047183782,-0.97948021,0
2.331768,-3.5273466,-4.7619333,0.19593918,0.047183782,-0.97948021,0
-2.9276786,0.45083952,2.6944742,-0.97908121,-0.04644835,-0.19809692,0
-1.000144,-2.9955018,4.9321437,-0.19593918,-0.047183782,0.97948021,0
2.9405801,2.3065252,-1.8309032,0.97908121,0.04644835,0.19809692,0
0.3444981,0.63280076,-5.0492983,0.19593918,0.047183782,-0.97948021,0
-0.50188267,-2.0614855,4.8868227,-0.19593918,-0.047183782,0.97948021,0
-1.303978,-3.9013996,-5.2671971,-0.97908121,-0.04644835,-0.19809692,0
1.2477708,4.0002589,-2.0916948,-0.054842234,0.99780566,0.037095688,0
2.430007,-3.8437197,-3.0918527,0.054842234,-0.99780566,-0.037095688,0
-1.1595337,3.2881126,-5.3462677,0.19593918,0.047183782,-0.97948021,0
-0.2424531,0.90355444,5.1927953,-0.19593918,-0.047183782,0.97948021,0
-0.58380532,3.937463,2.5132599,-0.054842234,0.99780566,0.037095688,0
-1.0383487,-3.4877117,4.8919439,-0.19593918,-0.047183782,0.97948021,0
-1.5576322,-2.1430578,-4.4420466,-0.97908121,-0.04644835,-0.19809692,0
2.3287373,4.4290948,-4.0858541,-0.054842234,0.99780566,0.037095688,0
3.4159563,-2.3206542,-4.6104903,0.19593918,0.047183782,-0.97948021,0
-2.5695076,3.0084369,4.6540599,-0.19593918,-0.047183782,0.97948021,0
-0.13325286,-2.1963253,4.9955697,-0.19593918,-0.047183782,0.97948021,0
2.00471,0.8600831,3.1786211,0.97908121,0.04644835,0.19809692,0
1.1619864,-2.8563457,-4.8343682,0.19593918,0.047183782,-0.97948021,0
2.8758523,3.3265049,-4.4031391,0.19593918,0.047183782,-0.97948021,0
1.8408623,-3.9220214,-1.5349867,0.054842234,-0.99780566,-0.037095688,0
2.6987965,4.4239221,-4.4294105,0.19593918,0.047183782,-0.97948021,0
-2.8379128,-3.8913136,4.1788015,-0.19593918,-0.047183782,0.97948021,0
1.4440975,-3.9789772,-3.3082113,0.054842234,-0.99780566,-0.037095688,0
1.8373885,-3.885751,-4.8481755,0.054842234,-0.99780566,-0.037095688,0
2.8394985,-2.7422671,-0.65020031,0.97908121,0.04644835,0.19809692,0
2.7817888,-3.7033467,-0.9308095,0.054842234,-0.99780566,-0.037095688,0
-1.8771188,3.5302725,4.8867955,-0.054842234,0.99780566,0.037095688,0
0.35972404,4.0966902,-4.2058535,-0.054842234,0.99780566,0.037095688,0
-0.65829945,-4.1025066,0.79508466,0.054842234,-0.99780566,-0.037095688,0
1.9604633,-4.0349188,-1.4802755,0.054842234,-0.99780566,-0.037095688,0
1.6189561,2.2877152,3.9322538,0.97908121,0.04644835,0.19809692,0
-1.1459281,4.0213795,-0.17334583,-0.054842234,0.99780566,0.037095688,0
-3.2567639,1.9682739,4.5848875,-0.19593918,-0.047183782,0.97948021,0
2.8354812,0.02918148,-2.2383218,0.97908121,0.04644835,0.19809692,0
3.0454063,0.75449085,-2.7565341,0.97908121,0.04644835,0.19809692,0
-1.7084317,4.0567899,-4.775907,-0.054842234,0.99780566,0.037095688,0
0.19474649,-0.88576955,5.3009624,-0.19593918,-0.047183782,0.97948021,0
-0.50788009,-0.73244685,-5.095788,0.19593918,0.047183782,-0.97948021,0
1.6726338,0.25858569,-4.8572106,0.19593918,0.047183782,-0.97948021,0
2.1519113,-2.13855,3.3473406,0.97908121,0.04644835,0.19809692,0
1.886788,1.4977982,-4.8343554,0.19593918,0.047183782,-0.97948021,0
-2.167788,-1.2711719,-0.89301121,-0.97908121,-0.04644835,-0.19809692,0
-3.0685136,-1.6875499,4.5095472,-0.19593918,-0.047183782,0.97948021,0
1.7998281,-3.9091394,-2.4996772,0.054842234,-0.99780566,-0.037095688,0
1.9492645,4.128119,-2.1916616,-0.054842234,0.99780566,0.037095688,0
1.7257885,0.6519084,4.9411287,0.97908121,0.04644835,0.19809692,0
1.7761834,-3.6468596,-4.9079309,0.19593918,0.047183782,-0.97948021,0
-1.0590534,-4.3880639,3.5792515,0.054842234,-0.99780566,-0.037095688,0
-1.2337837,4.06247,2.0684357,-0.054842234,0.99780566,0.037095688,0
3.0281715,-0.7408638,-2.609596,0.97908121,0.04644835,0.19809692,0
1.5046654,-3.7686644,-4.3958321,0.054842234,-0.99780566,-0.037095688,0
3.3760998,1.0193443,-3.5613291,0.97908121,0.04644835,0.19809692,0
-3.1883619,-2.5776191,4.2303572,-0.97908121,-0.04644835,-0.19809692,0
2.7850184,4.2405653,-2.0507019,-0.054842234,0.99780566,0.037095688,0
1.3637714,-3.6273446,-5.125566,0.19593918,0.047183782,-0.97948021,0
-1.0278387,-4.1979823,0.71510071,0.054842234,-0.99780566,-0.037095688,0
-1.7695417,3.8137176,1.5268456,-0.054842234,0.99780566,0.037095688,0
2.6673236,4.4241066,-4.3100533,-0.054842234,0.99780566,0.037095688,0
1.33988,4.204484,-1.5729998,-0.054842234,0.99780566,0.037095688,0
2.6886163,-1.8452282,-1.1635034,0.97908121,0.04644835,0.19809692,0
2.24264,-2.9078574,-4.7926331,0.19593918,0.047183782,-0.97948021,0
-0.41742253,4.2046633,-2.2999206,-0.054842234,0.99780566,0.037095688,0
3.2018073,3.2207012,-4.2105436,0.97908121,0.04644835,0.19809692,0
0.062424183,-3.5855074,-5.280715,0.19593918,0.047183782,-0.97948021,0
-2.9695764,-0.37025738,1.705229,-0.97908121,-0.04644835,-0.19809692,0
-0.2345767,-2.2819705,-5.4024477,0.19593918,0.047183782,-0.97948021,0
-0.10377312,-4.1403618,3.2429588,0.054842234,-0.99780566,-0.037095688,0
-2.3459828,2.8566406,4.7189426,-0.19593918,-0.047183782,0.97948021,0
0.23544312,4.0869832,-0.83597481,-0.054842234,0.99780566,0.037095688,0
-2.2837791,-2.46334,0.088423729,-0.97908121,-0.04644835,-0.19809692,0
-0.7652508,-0.13950996,5.0433793,-0.19593918,-0.047183782,0.97948021,0
2.3248513,0.14733839,-4.6451135,0.19593918,0.047183782,-0.97948021,0
