-4.3539791,-3.5442986,-3.121304,-0.2854062,-0.94701546,-0.14732635,0
2.1308117,-6.1076398,2.5383151,-0.2854062,-0.94701546,-0.14732635,0
-4.414042,2.2826636,-2.1264222,-0.69768989,0.31068936,-0.64552379,0
5.3851166,3.0301986,3.2158351,0.69768989,-0.31068936,0.64552379,0
3.4785342,-2.0441639,0.056082606,0.65709376,-0.081448436,-0.74939579,0
-1.5925329,3.6880932,1.7645419,-0.65709376,0.081448436,0.74939579,0
-1.6803036,0.55297416,-4.6080179,0.65709376,-0.081448436,-0.74939579,0
-1.7983183,-1.2033199,1.9579284,-0.65709376,0.081448436,0.74939579,0
-0.0035161972,5.1913252,-0.55698824,0.2854062,0.94701546,0.14732635,0
-2.430784,4.7638388,0.85434294,-0.65709376,0.081448436,0.74939579,0
-5.1640906,-2.8227594,-3.7951081,-0.69768989,0.31068936,-0.64552379,0
2.4276342,-6.3968706,2.3153541,0.69768989,-0.31068936,0.64552379,0
3.2588944,-0.64734674,-0.47079435,0.65709376,-0.081448436,-0.74939579,0
1.8339441,-5.9368238,2.0179045,-0.2854062,-0.94701546,-0.14732635,0
-4.4449382,-1.1289934,-3.440202,-0.69768989,0.31068936,-0.64552379,0
-2.6877222,2.2929571,-3.9240112,-0.69768989,0.31068936,-0.64552379,0
-4.0524793,4.6379185,-1.3499384,-0.69768989,0.31068936,-0.64552379,0
-0.44090772,-3.8825989,-3.4184422,0.65709376,-0.081448436,-0.74939579,0
0.36376762,-0.66832209,-2.6888609,0.65709376,-0.081448436,-0.74939579,0
2.7855215,4.2161007,1.5501461,0.2854062,0.94701546,0.14732635,0
-1.3446078,3.7329006,1.814333,-0.65709376,0.081448436,0.74939579,0
1.4510999,-4.9922118,3.7068124,0.69768989,-0.31068936,0.64552379,0
-2.0023065,-0.85831571,-4.8619151,0.65709376,-0.081448436,-0.74939579,0
-2.0937552,-4.7641578,1.8953452,-0.2854062,-0.94701546,-0.14732635,0
4.3076215,-0.64106798,2.4767079,0.69768989,-0.31068936,0.64552379,0
2.9513059,-3.9033513,2.6160614,0.69768989,-0.31068936,0.64552379,0
-3.8028018,-3.7950675,-2.1485538,-0.2854062,-0.94701546,-0.14732635,0
0.38385341,5.0769777,0.087021351,0.2854062,0.94701546,0.14732635,0
2.8642678,4.206419,-1.4656847,0.65709376,-0.081448436,-0.74939579,0
2.2384734,-3.970823,-0.82654929,0.65709376,-0.081448436,-0.74939579,0
-3.7632473,0.0024037361,0.12445025,-0.65709376,0.081448436,0.74939579,0
-3.6664305,-1.4987301,0.031419158,-0.65709376,0.081448436,0.74939579,0
0.8544578,-5.4883041,-0.63493299,-0.2854062,-0.94701546,-0.14732635,0
-3.0753188,4.4710751,0.21001291,-0.65709376,0.081448436,0.74939579,0
1.2459331,-6.2247334,3.488668,-0.2854062,-0.94701546,-0.14732635,0
2.3597898,4.0267935,3.1202159,0.2854062,0.94701546,0.14732635,0
3.5363584,0.076538503,3.9968514,0.69768989,-0.31068936,0.64552379,0
-2.8298607,0.016725659,-4.6250634,-0.69768989,0.31068936,-0.64552379,0
1.7102715,-3.8608313,-1.4292214,0.65709376,-0.081448436,-0.74939579,0
0.45488071,3.1091604,-3.4916842,0.65709376,-0.081448436,-0.74939579,0
4.847826,-2.1788676,1.0159812,0.65709376,-0.081448436,-0.74939579,0
0.055859804,3.5679595,2.7962196,-0.65709376,0.081448436,0.74939579,0
2.7231655,4.6850004,-0.23242998,0.2854062,0.94701546,0.14732635,0
-1.8487847,5.8829412,-1.4905715,0.2854062,0.94701546,0.14732635,0
-4.9292159,-0.60444748,-2.7419667,-0.69768989,0.31068936,-0.64552379,0
0.79726511,5.2728887,-1.3075464,0.2854062,0.94701546,0.14732635,0
-0.4244647,5.8159952,-3.2790565,0.2854062,0.94701546,0.14732635,0
0.15865898,3.5560818,-3.321991,0.65709376,-0.081448436,-0.74939579,0
1.6066513,3.7963481,4.4501305,-0.65709376,0.081448436,0.74939579,0
1.4284773,1.1192824,-2.0092683,0.65709376,-0.081448436,-0.74939579,0
-5.8631301,-1.1857967,-1.6045507,-0.65709376,0.081448436,0.74939579,0
-4.1018095,-0.69159865,-3.7882776,-0.69768989,0.31068936,-0.64552379,0
-2.2372785,-0.92276812,-5.4399934,0.65709376,-0.081448436,-0.74939579,0
-3.4331741,-3.2534528,-5.6462641,-0.2854062,-0.94701546,-0.14732635,0
-2.6130877,-4.0304518,-4.1759853,-0.2854062,-0.94701546,-0.14732635,0
-4.3709602,-3.0647216,0.02091527,-0.65709376,0.081448436,0.74939579,0
2.9001808,-6.3503556,1.0481539,-0.2854062,-0.94701546,-0.14732635,0
0.26748252,-1.1520948,3.4724231,-0.65709376,0.081448436,0.74939579,0
-2.6331644,1.3104935,-4.0388041,-0.69768989,0.31068936,-0.64552379,0
-2.7922196,-2.170578,0.8667835,-0.65709376,0.081448436,0.74939579,0
1.5923841,4.5762124,1.1931539,0.2854062,0.94701546,0.14732635,0
-2.5790982,0.37216371,-4.5538406,-0.69768989,0.31068936,-0.64552379,0
2.8650107,-2.347908,3.6640072,0.69768989,-0.31068936,0.64552379,0
-2.7410648,6.138998,-1.0894947,0.2854062,0.94701546,0.14732635,0
2.1670244,0.61707878,-1.5686672,0.65709376,-0.081448436,-0.74939579,0
3.4153275,-5.1703944,1.8047521,0.69768989,-0.31068936,0.64552379,0
1.274888,-0.33040845,4.625248,-0.65709376,0.081448436,0.74939579,0
-1.679112,2.3287148,-4.6641121,-0.69768989,0.31068936,-0.64552379,0
-0.75206423,4.645164,-4.3736968,0.65709376,-0.081448436,-0.74939579,0
2.4305415,4.5669365,0.36112356,0.2854062,0.94701546,0.14732635,0
-3.6611876,5.757102,-1.0081902,-0.69768989,0.31068936,-0.64552379,0
-5.8920627,-2.6343884,-1.4016275,-0.65709376,0.081448436,0.74939579,0
-1.1013627,4.6102591,-4.0383492,-0.69768989,0.31068936,-0.64552379,0
-1.5626664,2.3640609,-4.8380613,-0.69768989,0.31068936,-0.64552379,0
0.73923361,4.3514032,-2.9011474,0.65709376,-0.081448436,-0.74939579,0
0.12790895,-1.0787846,-2.9048243,0.65709376,-0.081448436,-0.74939579,0
-0.43063545,-3.3078008,3.1748772,-0.65709376,0.081448436,0.74939579,0
1.8638654,-5.1221051,3.0546284,0.69768989,-0.31068936,0.64552379,0
2.2633832,4.4609466,-2.0928848,0.65709376,-0.081448436,-0.74939579,0
1.6976495,4.8021317,-0.94394159,0.2854062,0.94701546,0.14732635,0
3.825706,-0.66438198,3.2739174,0.69768989,-0.31068936,0.64552379,0
-3.2643304,-0.963552,-4.4506621,-0.69768989,0.31068936,-0.64552379,0
4.0362401,-5.4737911,1.0437479,0.69768989,-0.31068936,0.64552379,0
3.9999022,-5.759305,0.7310915,0.65709376,-0.081448436,-0.74939579,0
-4.3331933,-3.4336109,-3.1815953,-0.2854062,-0.94701546,-0.14732635,0
2.9997129,-5.3430438,-0.2241497,0.65709376,-0.081448436,-0.74939579,0
0.75092554,-5.5157413,4.4006772,0.69768989,-0.31068936,0.64552379,0
1.4906683,4.1352191,3.305583,0.2854062,0.94701546,0.14732635,0
0.77454388,-4.5462956,-2.1936336,0.65709376,-0.081448436,-0.74939579,0
-2.7715855,1.8668065,-3.7183208,-0.69768989,0.31068936,-0.64552379,0
2.9735126,-4.7659588,-0.034954071,0.65709376,-0.081448436,-0.74939579,0
-0.023830175,5.3288841,-1.0494905,0.2854062,0.94701546,0.14732635,0
-2.2290835,5.9718323,0.097991943,0.2854062,0.94701546,0.14732635,0
1.8865991,4.9364405,-1.1856179,0.2854062,0.94701546,0.14732635,0
-1.5708945,-5.1592212,2.0440459,-0.2854062,-0.94701546,-0.14732635,0
1.0193081,-5.7252645,-0.18446064,-0.2854062,-0.94701546,-0.14732635,0
0.57585531,5.168818,-0.81134176,0.2854062,0.94701546,0.14732635,0
2.987586,-1.3326279,3.8303523,0.69768989,-0.31068936,0.64552379,0
-4.1420283,0.32654309,-3.318568,-0.69768989,0.31068936,-0.64552379,0
-4.4019866,-3.2318549,-3.3570819,-0.2854062,-0.94701546,-0.14732635,0
-1.6578684,2.574753,1.808217,-0.65709376,0.081448436,0.74939579,0
1.8159533,-4.5257916,3.8367367,0.69768989,-0.31068936,0.64552379,0
2.4678912,-1.1648002,-1.2889827,0.65709376,-0.081448436,-0.74939579,0
-1.4786477,1.3809555,-4.9311538,0.65709376,-0.081448436,-0.74939579,0
0.9077282,-4.3757782,4.6024523,0.69768989,-0.31068936,0.64552379,0
4.3142977,0.97110629,0.1755501,0.65709376,-0.081448436,-0.74939579,0
2.4485583,-2.433676,3.6760275,0.69768989,-0.31068936,0.64552379,0
4.5847836,3.5919557,1.0253968,0.2854062,0.94701546,0.14732635,0
3.9481058,-4.5270495,1.4851549,0.69768989,-0.31068936,0.64552379,0
-5.4135971,0.8034296,-1.5390707,-0.65709376,0.081448436,0.74939579,0
-0.86945379,-5.6131983,2.7032731,-0.2854062,-0.94701546,-0.14732635,0
1.114815,1.7744344,4.3407631,-0.65709376,0.081448436,0.74939579,0
-5.3023958,-1.9946865,-2.8486922,-0.69768989,0.31068936,-0.64552379,0
-0.68279767,5.6020517,0.43091869,0.2854062,0.94701546,0.14732635,0
-3.3697662,5.7628756,-0.43302393,-0.65709376,0.081448436,0.74939579,0
-4.5297318,-1.7106582,-3.4222879,-0.69768989,0.31068936,-0.64552379,0
-1.7955203,5.256465,-3.1131511,-0.69768989,0.31068936,-0.64552379,0
-1.3947144,1.9770491,-4.636488,0.65709376,-0.081448436,-0.74939579,0
0.37596798,3.9702101,3.329772,-0.65709376,0.081448436,0.74939579,0
-4.9281168,-2.511615,-0.93350029,-0.65709376,0.081448436,0.74939579,0
-0.58181906,4.0285554,-4.0178585,0.65709376,-0.081448436,-0.74939579,0
2.827981,1.5049486,5.7152452,0.69768989,-0.31068936,0.64552379,0
1.9124341,-3.1807189,4.0622525,0.69768989,-0.31068936,0.64552379,0
0.60644269,-5.9015503,2.4963791,-0.2854062,-0.94701546,-0.14732635,0
-1.7657714,1.9634199,-5.1072664,0.65709376,-0.081448436,-0.74939579,0
-0.5100683,5.4622898,0.44560528,0.2854062,0.94701546,0.14732635,0
0.43911153,4.9333663,1.3012671,0.2854062,0.94701546,0.14732635,0
3.6664925,-3.4154687,1.8845074,0.69768989,-0.31068936,0.64552379,0
1.6198344,-3.0128481,-1.5700431,0.65709376,-0.081448436,-0.74939579,0
3.8778419,0.19053811,3.8394437,0.69768989,-0.31068936,0.64552379,0
-4.4370632,1.7915032,-0.85535443,-0.65709376,0.081448436,0.74939579,0
1.2562408,-2.6673818,4.7018614,-0.65709376,0.081448436,0.74939579,0
-1.6727452,-3.7367477,-4.5028539,0.65709376,-0.081448436,-0.74939579,0
2.1331022,4.8401346,-0.62695742,0.2854062,0.94701546,0.14732635,0
-1.3700361,-1.8043108,2.2901316,-0.65709376,0.081448436,0.74939579,0
-0.20844817,-4.8870602,3.4502442,-0.65709376,0.081448436,0.74939579,0
1.4592667,-2.5779667,4.8212776,0.69768989,-0.31068936,0.64552379,0
1.7348298,-5.6843204,-1.2464771,-0.2854062,-0.94701546,-0.14732635,0
3.5325208,3.2943177,4.9760227,0.2854062,0.94701546,0.14732635,0
3.5854554,1.6724596,-0.5920825,0.65709376,-0.081448436,-0.74939579,0
1.4124069,-5.6939025,3.2448425,0.69768989,-0.31068936,0.64552379,0
2.0589581,-5.7407436,-0.4183197,-0.2854062,-0.94701546,-0.14732635,0
-3.5760322,0.64020371,0.06259492,-0.65709376,0.081448436,0.74939579,0
-1.0678489,5.8245873,-1.3729692,0.2854062,0.94701546,0.14732635,0
-5.6206565,-1.2257608,-2.1175358,-0.69768989,0.31068936,-0.64552379,0
3.6607828,3.1687527,5.6135535,0.69768989,-0.31068936,0.64552379,0
2.2917864,0.11498737,-1.3677297,0.65709376,-0.081448436,-0.74939579,0
-5.4771099,-3.4692562,-1.6860814,-0.2854062,-0.94701546,-0.14732635,0
3.6577117,-2.1658914,0.18439555,0.65709376,-0.081448436,-0.74939579,0
2.1016047,-1.5502129,-1.4083108,0.65709376,-0.081448436,-0.74939579,0
-0.64463806,-1.8530713,-3.8354344,0.65709376,-0.081448436,-0.74939579,0
1.8529241,3.9849942,-2.108515,0.65709376,-0.081448436,-0.74939579,0
-1.461221,-4.815043,-0.7304635,-0.2854062,-0.94701546,-0.14732635,0
-5.9637785,-1.7262479,-2.3934321,-0.69768989,0.31068936,-0.64552379,0
1.9695445,4.6887183,0.58673191,0.2854062,0.94701546,0.14732635,0
-3.751327,-4.3672857,0.67139196,-0.2854062,-0.94701546,-0.14732635,0
-2.7054086,1.472095,0.62663591,-0.65709376,0.081448436,0.74939579,0
2.4556556,4.1662884,2.5402741,0.2854062,0.94701546,0.14732635,0
3.3769083,-1.3503332,-0.030702829,0.65709376,-0.081448436,-0.74939579,0
-3.6252098,1.168288,-3.4617121,-0.69768989,0.31068936,-0.64552379,0
0.1466794,-5.572937,2.0990632,-0.2854062,-0.94701546,-0.14732635,0
-4.4190054,-4.02388,-0.47482395,-0.2854062,-0.94701546,-0.14732635,0
-1.6847944,4.9112163,-3.5515513,-0.69768989,0.31068936,-0.64552379,0
3.2210808,1.0715549,4.7912998,0.69768989,-0.31068936,0.64552379,0
1.4569838,-4.3312454,-1.4215326,0.65709376,-0.081448436,-0.74939579,0
-4.3795085,0.70750546,-2.4166515,-0.69768989,0.31068936,-0.64552379,0
4.4826622,3.6968255,0.49748945,0.2854062,0.94701546,0.14732635,0
3.7189245,-2.9299924,2.3557174,0.69768989,-0.31068936,0.64552379,0
-6.0528884,-2.601155,-2.5870762,-0.69768989,0.31068936,-0.64552379,0
-4.8248434,1.4995816,-2.1044126,-0.69768989,0.31068936,-0.64552379,0
2.9037402,-6.1239085,0.11498737,-0.2854062,-0.94701546,-0.14732635,0
-2.6093564,-0.97879374,1.4209352,-0.65709376,0.081448436,0.74939579,0
4.4188328,4.0385518,0.43680525,0.2854062,0.94701546,0.14732635,0
2.8698802,3.709343,3.5612426,0.2854062,0.94701546,0.14732635,0
-0.14257383,5.724227,-4.3296261,0.65709376,-0.081448436,-0.74939579,0
3.1741533,-0.44420773,3.9469774,0.69768989,-0.31068936,0.64552379,0
2.3558419,3.5980694,-1.776194,0.65709376,-0.081448436,-0.74939579,0
4.4257846,-0.66351724,2.3661849,0.69768989,-0.31068936,0.64552379,0
-1.9436059,3.1770067,-4.0056534,-0.69768989,0.31068936,-0.64552379,0
5.2775865,1.1591719,2.7766621,0.69768989,-0.31068936,0.64552379,0
-2.22317,0.083012104,1.4876665,-0.65709376,0.081448436,0.74939579,0
2.3618064,0.6381644,-1.1837666,0.65709376,-0.081448436,-0.74939579,0
4.5338359,3.8100109,1.2944393,0.2854062,0.94701546,0.14732635,0
1.8181484,4.2199407,3.8667302,0.2854062,0.94701546,0.14732635,0
-1.6916367,5.526722,0.84771109,0.2854062,0.94701546,0.14732635,0
-3.2129097,2.9067388,-3.0281525,-0.69768989,0.31068936,-0.64552379,0
-0.86263514,5.4291573,-3.8952491,-0.69768989,0.31068936,-0.64552379,0
0.33423865,-5.5891638,0.7859354,-0.2854062,-0.94701546,-0.14732635,0
1.6287744,5.0969038,-2.0523005,0.2854062,0.94701546,0.14732635,0
1.3725495,1.3139982,4.5566726,-0.65709376,0.081448436,0.74939579,0
-4.5333452,-0.48615289,-3.2794566,-0.69768989,0.31068936,-0.64552379,0
5.8191581,2.7901633,2.7699685,0.69768989,-0.31068936,0.64552379,0
-0.4662509,6.0321445,-2.9614832,0.2854062,0.94701546,0.14732635,0
3.1915276,-4.2271671,-0.086961508,0.65709376,-0.081448436,-0.74939579,0
-3.9927497,3.9081948,-1.7549243,-0.69768989,0.31068936,-0.64552379,0
-5.5211191,-1.9359543,-2.9060154,-0.69768989,0.31068936,-0.64552379,0
-3.3902965,-2.9778461,0.89306402,-0.65709376,0.081448436,0.74939579,0
-1.5089757,6.1069469,-2.3246825,0.2854062,0.94701546,0.14732635,0
-0.10926463,-5.0302062,-0.47340059,-0.2854062,-0.94701546,-0.14732635,0
5.6628251,0.18878698,1.6387292,0.69768989,-0.31068936,0.64552379,0
-4.0820017,2.4673975,-0.61681473,-0.65709376,0.081448436,0.74939579,0
-4.0431166,-3.8851039,-0.23321629,-0.2854062,-0.94701546,-0.14732635,0
5.1911755,2.2765944,1.0123987,0.65709376,-0.081448436,-0.74939579,0
-2.5743327,-3.8011601,-3.8560452,-0.2854062,-0.94701546,-0.14732635,0
2.9695096,2.2916636,-0.72843909,0.65709376,-0.081448436,-0.74939579,0
2.520355,-6.1369534,0.32929468,-0.2854062,-0.94701546,-0.14732635,0
2.9145718,0.65019226,4.7256427,0.69768989,-0.31068936,0.64552379,0
-1.6979303,4.8286309,1.1301188,-0.65709376,0.081448436,0.74939579,0
-2.8896227,3.3697138,-2.9202166,-0.69768989,0.31068936,-0.64552379,0
4.4957089,3.5561953,1.5903225,0.2854062,0.94701546,0.14732635,0
-4.9186101,-2.5698645,-0.44774675,-0.65709376,0.081448436,0.74939579,0
-2.7623999,3.7604461,0.46924376,-0.65709376,0.081448436,0.74939579,0
-0.67607915,4.3004122,2.2124863,-0.65709376,0.081448436,0.74939579,0
1.112915,0.13782847,4.2855492,-0.65709376,0.081448436,0.74939579,0
1.1516042,0.77761447,4.5269823,-0.65709376,0.081448436,0.74939579,0
-2.6386425,6.2579088,-0.0081210136,0.2854062,0.94701546,0.14732635,0
3.5791504,-4.6785727,0.16722012,0.65709376,-0.081448436,-0.74939579,0
1.5246568,-5.6207981,3.1121306,0.69768989,-0.31068936,0.64552379,0
0.035278559,-2.6730042,3.5688825,-0.65709376,0.081448436,0.74939579,0
3.6576943,-0.31822693,3.4693804,0.69768989,-0.31068936,0.64552379,0
4.1944818,0.41115165,3.677063,0.69768989,-0.31068936,0.64552379,0
5.7292776,2.7206812,1.3282392,0.65709376,-0.081448436,-0.74939579,0
-2.4770849,-4.4856491,0.48076725,-0.2854062,-0.94701546,-0.14732635,0
3.281117,-0.39828575,3.9453859,0.69768989,-0.31068936,0.64552379,0
2.0452158,-6.2505946,1.8451533,-0.2854062,-0.94701546,-0.14732635,0
-5.1878476,-3.5818467,-1.9344349,-0.2854062,-0.94701546,-0.14732635,0
-6.486815,-2.7362726,-2.2763395,-0.69768989,0.31068936,-0.64552379,0
-2.5839868,5.3530836,-2.5975449,-0.69768989,0.31068936,-0.64552379,0
-1.2962685,-4.3980856,-3.2078567,-0.2854062,-0.94701546,-0.14732635,0
2.0133758,-2.1009736,4.8017807,0.69768989,-0.31068936,0.64552379,0
-4.9903469,-3.243247,-2.5963402,-0.2854062,-0.94701546,-0.14732635,0
0.046642661,5.1757417,1.0803604,0.2854062,0.94701546,0.14732635,0
3.7087212,-3.8432505,0.080064297,0.65709376,-0.081448436,-0.74939579,0
2.3262572,1.7907608,5.1744356,-0.65709376,0.081448436,0.74939579,0
4.637692,-2.2218823,1.1538301,0.65709376,-0.081448436,-0.74939579,0
-2.7775583,-0.99882972,-5.3429546,-0.69768989,0.31068936,-0.64552379,0
-3.5336714,-4.2522149,0.15897655,-0.2854062,-0.94701546,-0.14732635,0
-2.6686482,-4.1032157,-2.7274857,-0.2854062,-0.94701546,-0.14732635,0
3.6372623,4.0354958,1.8262191,0.2854062,0.94701546,0.14732635,0
1.5590497,2.7928319,-2.3438809,0.65709376,-0.081448436,-0.74939579,0
5.336154,0.31177378,1.1749399,0.65709376,-0.081448436,-0.74939579,0
-3.5570316,-0.86729288,-4.1000834,-0.69768989,0.31068936,-0.64552379,0
4.4967375,3.950079,0.92610884,0.2854062,0.94701546,0.14732635,0
-0.1964879,-5.4852791,1.704566,-0.2854062,-0.94701546,-0.14732635,0
-2.0733747,5.0633202,-2.7716703,-0.69768989,0.31068936,-0.64552379,0
1.0458236,-5.5105538,-0.69260502,-0.2854062,-0.94701546,-0.14732635,0
-3.7180586,4.1751852,-0.13235593,-0.65709376,0.081448436,0.74939579,0
0.68099773,2.8946784,-2.8096304,0.65709376,-0.081448436,-0.74939579,0
-3.2067013,-3.2967949,-5.4886074,-0.2854062,-0.94701546,-0.14732635,0
2.6143131,-3.0219898,3.3409979,0.69768989,-0.31068936,0.64552379,0
-0.46934032,1.1888816,-3.9080567,0.65709376,-0.081448436,-0.74939579,0
2.8077674,2.6352537,-0.9206481,0.65709376,-0.081448436,-0.74939579,0
-5.1458421,-3.3056591,-0.80488133,-0.65709376,0.081448436,0.74939579,0
1.8612828,-5.7399611,-0.90057611,-0.2854062,-0.94701546,-0.14732635,0
-3.5319252,-3.2206924,-5.5866857,-0.69768989,0.31068936,-0.64552379,0
5.3908739,0.72912288,1.411756,0.65709376,-0.081448436,-0.74939579,0
4.9249725,1.3158773,1.0444696,0.65709376,-0.081448436,-0.74939579,0
2.7238588,3.6853929,4.7649364,0.2854062,0.94701546,0.14732635,0
-1.010283,-3.289917,2.999948,-0.65709376,0.081448436,0.74939579,0
-0.33445477,-5.7402864,3.1461902,-0.2854062,-0.94701546,-0.14732635,0
1.3067271,5.2704482,-1.2373257,0.2854062,0.94701546,0.14732635,0
-3.1425612,-4.2396793,0.0039725304,-0.2854062,-0.94701546,-0.14732635,0
-3.3473411,2.6966903,-2.9106801,-0.69768989,0.31068936,-0.64552379,0
-2.3986084,-4.1008368,1.7163329,-0.65709376,0.081448436,0.74939579,0
2.7870998,1.3676282,5.5732303,0.69768989,-0.31068936,0.64552379,0
-3.9008613,-0.46945098,-3.8236425,-0.69768989,0.31068936,-0.64552379,0
-2.1302686,3.4866328,-3.9622114,-0.69768989,0.31068936,-0.64552379,0
-1.26208,3.760371,1.9761076,-0.65709376,0.081448436,0.74939579,0
4.5878787,2.7054048,4.3292708,0.69768989,-0.31068936,0.64552379,0
-1.9407203,-4.3073578,-1.2720561,-0.2854062,-0.94701546,-0.14732635,0
0.22369611,-0.58205795,-2.9593914,0.65709376,-0.081448436,-0.74939579,0
-2.5301449,6.2856197,-0.76636267,0.2854062,0.94701546,0.14732635,0
-5.1347542,-1.5248752,-0.90559268,-0.65709376,0.081448436,0.74939579,0
-1.6812658,-4.8565197,-0.39051819,-0.2854062,-0.94701546,-0.14732635,0
-0.96252656,5.8198032,-0.85052347,0.2854062,0.94701546,0.14732635,0
1.5575502,5.2626629,-2.0175915,0.2854062,0.94701546,0.14732635,0
-1.6434731,5.0578532,-3.6985831,-0.69768989,0.31068936,-0.64552379,0
3.552906,-3.4382133,2.0930395,0.69768989,-0.31068936,0.64552379,0
2.8462996,-1.5574043,4.1324258,0.69768989,-0.31068936,0.64552379,0
3.9656496,-5.594676,0.8125062,0.69768989,-0.31068936,0.64552379,0
4.4947019,3.6349144,1.2947898,0.2854062,0.94701546,0.14732635,0
1.4778013,-5.9833474,2.1955488,-0.2854062,-0.94701546,-0.14732635,0
3.0431924,-6.468791,1.4091492,0.69768989,-0.31068936,0.64552379,0
-1.5702935,-4.4716396,2.4718637,-0.65709376,0.081448436,0.74939579,0
2.4916949,-4.102499,2.7766166,0.69768989,-0.31068936,0.64552379,0
-2.190589,-0.13912416,1.6643258,-0.65709376,0.081448436,0.74939579,0
1.0214775,4.4318018,-2.971736,0.65709376,-0.081448436,-0.74939579,0
-0.51543558,-2.2098775,3.0345912,-0.65709376,0.081448436,0.74939579,0
1.4494066,-6.2302284,2.0038631,-0.2854062,-0.94701546,-0.14732635,0
3.7885933,3.6572328,3.6312594,0.2854062,0.94701546,0.14732635,0
2.4790211,-4.2338428,-0.54381084,0.65709376,-0.081448436,-0.74939579,0
4.1747823,-3.0815594,1.6764066,0.69768989,-0.31068936,0.64552379,0
2.2015808,4.5786276,1.0737219,0.2854062,0.94701546,0.14732635,0
-5.2120156,-3.1618748,-3.0624766,-0.2854062,-0.94701546,-0.14732635,0
-2.465106,1.9501977,-4.0659084,-0.69768989,0.31068936,-0.64552379,0
0.86115599,-5.6441526,-0.61498785,-0.2854062,-0.94701546,-0.14732635,0
3.7869799,3.948127,0.22040033,0.2854062,0.94701546,0.14732635,0
-2.0811338,-4.4877596,-0.1169982,-0.2854062,-0.94701546,-0.14732635,0
5.2228441,2.6891799,1.1516886,0.65709376,-0.081448436,-0.74939579,0
-5.653255,-1.2139733,-1.9583033,-0.69768989,0.31068936,-0.64552379,0
1.1921751,-5.8274212,1.7504935,-0.2854062,-0.94701546,-0.14732635,0
4.5300865,-3.3493266,1.2388054,0.65709376,-0.081448436,-0.74939579,0
3.6272016,2.5312629,-0.25167751,0.65709376,-0.081448436,-0.74939579,0
2.060287,4.0897937,4.6550779,0.2854062,0.94701546,0.14732635,0
2.9464831,1.3321731,5.1905465,0.69768989,-0.31068936,0.64552379,0
-2.6314783,-3.885464,-3.62356,-0.2854062,-0.94701546,-0.14732635,0
0.88558215,4.929533,0.60390043,0.2854062,0.94701546,0.14732635,0
-2.2360506,-2.1480474,-4.9506598,0.65709376,-0.081448436,-0.74939579,0
0.13577008,4.0331516,-3.6485169,0.65709376,-0.081448436,-0.74939579,0
1.6874356,-6.0278921,0.33669853,-0.2854062,-0.94701546,-0.14732635,0
1.5613583,-3.0750995,-1.6718392,0.65709376,-0.081448436,-0.74939579,0
1.9051552,-1.4988706,5.022078,0.69768989,-0.31068936,0.64552379,0
-0.74318218,4.0393667,-4.6393838,0.65709376,-0.081448436,-0.74939579,0
-2.5576658,2.9542048,-3.7771809,-0.69768989,0.31068936,-0.64552379,0
0.55231214,4.5178843,3.2356329,0.2854062,0.94701546,0.14732635,0
3.9685178,2.1004586,4.1939154,0.69768989,-0.31068936,0.64552379,0
-5.1075044,-1.0185916,-0.92264485,-0.65709376,0.081448436,0.74939579,0
4.9040589,3.5085166,1.0945864,0.2854062,0.94701546,0.14732635,0
-2.2169194,0.52841282,1.3759273,-0.65709376,0.081448436,0.74939579,0
-4.2869663,2.7401333,-0.5391233,-0.65709376,0.081448436,0.74939579,0
-1.2884035,-4.9488883,1.4022937,-0.2854062,-0.94701546,-0.14732635,0
1.9529643,4.0737166,4.504426,0.2854062,0.94701546,0.14732635,0
-0.52094257,-0.057199955,3.0071909,-0.65709376,0.081448436,0.74939579,0
-4.1657543,-2.5411363,-4.7483463,-0.69768989,0.31068936,-0.64552379,0
2.1045465,1.0194603,4.9750767,-0.65709376,0.081448436,0.74939579,0
1.1236801,-3.8581102,4.7537961,0.69768989,-0.31068936,0.64552379,0
1.7465694,2.2317431,-2.0206649,0.65709376,-0.081448436,-0.74939579,0
3.7263255,1.4758911,4.5633316,0.69768989,-0.31068936,0.64552379,0
0.84569538,4.5692396,2.5320005,0.2854062,0.94701546,0.14732635,0
-4.7392573,-0.43223703,-2.6530905,-0.69768989,0.31068936,-0.64552379,0
4.2785034,-0.81817043,2.7739589,0.69768989,-0.31068936,0.64552379,0
1.2331347,0.6064949,-2.0834637,0.65709376,-0.081448436,-0.74939579,0
-2.4340799,6.2137947,-0.084121227,0.2854062,0.94701546,0.14732635,0
-3.559572,-3.9734361,-2.4352832,-0.2854062,-0.94701546,-0.14732635,0
0.69368243,3.1480508,3.5923736,-0.65709376,0.081448436,0.74939579,0
4.4073629,0.12997723,0.46730316,0.65709376,-0.081448436,-0.74939579,0
-6.1910262,-2.6289148,-2.5384915,-0.69768989,0.31068936,-0.64552379,0
-2.4413753,-3.4919116,1.719058,-0.65709376,0.081448436,0.74939579,0
-2.2546611,-2.7707148,1.444847,-0.65709376,0.081448436,0.74939579,0
-1.4440904,1.5022029,-4.9022789,0.65709376,-0.081448436,-0.74939579,0
-3.7653012,4.5617833,-0.47492552,-0.65709376,0.081448436,0.74939579,0
-3.4921923,-3.5023561,-5.1367989,-0.2854062,-0.94701546,-0.14732635,0
2.4307034,3.6638629,-1.540354,0.65709376,-0.081448436,-0.74939579,0
1.859663,-4.6337047,3.4734089,0.69768989,-0.31068936,0.64552379,0
-1.5850716,-0.90820944,-4.4804916,0.65709376,-0.081448436,-0.74939579,0
3.8163249,-0.22517204,-0.016375698,0.65709376,-0.081448436,-0.74939579,0
1.3986664,-4.2524643,-1.4629459,0.65709376,-0.081448436,-0.74939579,0
-2.761517,6.2751079,-1.3314481,0.2854062,0.94701546,0.14732635,0
1.2330477,-4.2005801,-2.0374632,0.65709376,-0.081448436,-0.74939579,0
4.3982782,-1.1040356,2.5249202,0.69768989,-0.31068936,0.64552379,0
-0.22186422,-4.6306028,3.6144028,-0.65709376,0.081448436,0.74939579,0
-3.5659237,-1.9469602,-4.5469475,-0.69768989,0.31068936,-0.64552379,0
3.3363752,4.3122039,-0.65263534,0.2854062,0.94701546,0.14732635,0
4.2646451,2.6036775,4.4221334,0.69768989,-0.31068936,0.64552379,0
1.4332118,-3.1032,4.7429233,0.69768989,-0.31068936,0.64552379,0
0.78169364,-5.3756952,-0.3455801,-0.2854062,-0.94701546,-0.14732635,0
-1.4015594,5.8722253,-3.3105323,-0.69768989,0.31068936,-0.64552379,0
2.7550359,2.7159903,-1.1761205,0.65709376,-0.081448436,-0.74939579,0
4.4278526,-4.2983503,1.1638327,0.69768989,-0.31068936,0.64552379,0
3.1497869,2.8910673,-1.0839331,0.65709376,-0.081448436,-0.74939579,0
-0.36477017,5.9991965,-3.6154671,0.2854062,0.94701546,0.14732635,0
4.4994507,2.2538962,4.0389709,0.69768989,-0.31068936,0.64552379,0
2.930922,0.36127746,4.857481,0.69768989,-0.31068936,0.64552379,0
-2.3683953,-1.5752308,1.3845502,-0.65709376,0.081448436,0.74939579,0
-2.9362085,0.024410248,0.82538807,-0.65709376,0.081448436,0.74939579,0
-2.9907823,-4.0573177,-1.6613131,-0.2854062,-0.94701546,-0.14732635,0
-5.5621934,-0.93328476,-2.3050013,-0.69768989,0.31068936,-0.64552379,0
-3.2559509,-1.1135343,0.34228468,-0.65709376,0.081448436,0.74939579,0
0.66395485,5.3838277,-1.493475,0.2854062,0.94701546,0.14732635,0
-2.604001,-3.6338673,-5.117487,-0.2854062,-0.94701546,-0.14732635,0
-3.9435523,5.9641242,-0.80881834,-0.69768989,0.31068936,-0.64552379,0
0.26605463,5.7429104,-3.3713613,0.2854062,0.94701546,0.14732635,0
-3.5258174,5.4932351,-1.1087594,-0.69768989,0.31068936,-0.64552379,0
2.975945,4.5927668,-0.18721581,0.2854062,0.94701546,0.14732635,0
2.8238668,-5.6678743,-0.034576893,0.65709376,-0.081448436,-0.74939579,0
2.9732785,-3.0005701,2.8640585,0.69768989,-0.31068936,0.64552379,0
-4.1994109,-0.72385663,-3.6277947,-0.69768989,0.31068936,-0.64552379,0
-4.4739437,2.7417438,-0.70404112,-0.65709376,0.081448436,0.74939579,0
-1.0063978,-4.6239014,-2.2085466,-0.2854062,-0.94701546,-0.14732635,0
-4.4907742,0.48707199,-2.431448,-0.69768989,0.31068936,-0.64552379,0
-1.1254821,2.7212286,2.1108391,-0.65709376,0.081448436,0.74939579,0
0.40933824,-5.9910865,3.6682565,-0.2854062,-0.94701546,-0.14732635,0
-3.1942263,-3.9823678,-2.5794392,-0.2854062,-0.94701546,-0.14732635,0
-3.8263111,3.9574831,-1.8737983,-0.69768989,0.31068936,-0.64552379,0
2.1197698,2.1589179,-1.7951466,0.65709376,-0.081448436,-0.74939579,0
2.2665291,-0.52615094,-1.4509144,0.65709376,-0.081448436,-0.74939579,0
0.71240616,-5.6926379,4.2462239,0.69768989,-0.31068936,0.64552379,0
2.225297,0.74365377,-1.2920585,0.65709376,-0.081448436,-0.74939579,0
-4.570847,0.93395114,-2.3065796,-0.69768989,0.31068936,-0.64552379,0
-4.2989974,2.6375804,-1.9274414,-0.69768989,0.31068936,-0.64552379,0
-2.420825,-4.2208467,-1.5178733,-0.2854062,-0.94701546,-0.14732635,0
-4.5901341,-3.475291,-2.6336122,-0.2854062,-0.94701546,-0.14732635,0
0.87552357,-5.1075897,-1.7119589,-0.2854062,-0.94701546,-0.14732635,0
2.5984721,0.73979449,5.0678782,0.69768989,-0.31068936,0.64552379,0
-1.9705853,1.6107736,-4.6420922,-0.69768989,0.31068936,-0.64552379,0
-3.810318,4.5322847,-1.5913541,-0.69768989,0.31068936,-0.64552379,0
2.9636016,3.8964577,2.1272693,0.2854062,0.94701546,0.14732635,0
-3.0062096,3.6857388,0.15346885,-0.65709376,0.081448436,0.74939579,0
-3.8676167,4.3204846,-1.2752397,-0.69768989,0.31068936,-0.64552379,0
-3.1027884,0.6046927,-4.3399024,-0.69768989,0.31068936,-0.64552379,0
-4.2172804,3.0510082,-1.7976968,-0.69768989,0.31068936,-0.64552379,0
-2.8285732,-3.5330749,-4.7951708,-0.2854062,-0.94701546,-0.14732635,0
0.849751,-5.7213101,3.7970166,0.69768989,-0.31068936,0.64552379,0
0.84732133,5.2427835,-2.0670819,0.2854062,0.94701546,0.14732635,0
2.9612918,-0.16793942,-0.56405908,0.65709376,-0.081448436,-0.74939579,0
4.0952573,-1.2471677,2.9456835,0.69768989,-0.31068936,0.64552379,0
-2.8142765,-4.4148211,-0.047015667,-0.2854062,-0.94701546,-0.14732635,0
0.89786196,-1.8455485,4.5808611,-0.65709376,0.081448436,0.74939579,0
5.2997723,1.4980203,1.1985176,0.65709376,-0.081448436,-0.74939579,0
1.6903467,4.4450331,1.7228165,0.2854062,0.94701546,0.14732635,0
-2.9291682,3.2520595,0.18170571,-0.65709376,0.081448436,0.74939579,0
1.2168609,4.4133301,-2.7017417,0.65709376,-0.081448436,-0.74939579,0
-4.6155677,1.3606489,-2.3686538,-0.69768989,0.31068936,-0.64552379,0
0.68461484,-1.276778,-2.8223677,0.65709376,-0.081448436,-0.74939579,0
-1.6705351,1.5528876,-4.966095,-0.69768989,0.31068936,-0.64552379,0
3.8594136,0.48980018,4.0942335,0.69768989,-0.31068936,0.64552379,0
3.9159038,4.130825,0.19730711,0.2854062,0.94701546,0.14732635,0
1.3726596,4.8024268,-0.07327795,0.2854062,0.94701546,0.14732635,0
-2.0022297,6.1477685,-0.86169958,0.2854062,0.94701546,0.14732635,0
1.4961915,2.0422275,4.5304923,-0.65709376,0.081448436,0.74939579,0
3.2400823,2.477303,5.6189899,0.69768989,-0.31068936,0.64552379,0
5.2741156,2.2081292,3.1851451,0.69768989,-0.31068936,0.64552379,0
2.3823199,-4.8816977,2.9181414,0.69768989,-0.31068936,0.64552379,0
3.3856342,2.0315158,-0.45060503,0.65709376,-0.081448436,-0.74939579,0
4.7741876,3.7690005,1.4119005,0.2854062,0.94701546,0.14732635,0
-2.348259,-4.5285468,0.15538883,-0.2854062,-0.94701546,-0.14732635,0
3.759047,3.0481918,5.2586455,0.69768989,-0.31068936,0.64552379,0
1.5596397,-5.4580345,-0.56441307,-0.2854062,-0.94701546,-0.14732635,0
-2.5214829,2.5071104,-3.5276554,-0.69768989,0.31068936,-0.64552379,0
3.0616181,4.3345184,0.37870026,0.2854062,0.94701546,0.14732635,0
2.0421844,-5.6044812,2.5713403,0.69768989,-0.31068936,0.64552379,0
2.2513397,-5.9861908,0.63707018,-0.2854062,-0.94701546,-0.14732635,0
1.074492,-1.8355905,4.4418397,-0.65709376,0.081448436,0.74939579,0
2.0696454,-4.5269251,3.0437269,0.69768989,-0.31068936,0.64552379,0
-0.087698698,-5.5772705,2.9321795,-0.2854062,-0.94701546,-0.14732635,0
-1.5562382,-1.2484601,2.1848612,-0.65709376,0.081448436,0.74939579,0
-2.7354758,-0.7459619,0.78610331,-0.65709376,0.081448436,0.74939579,0
-0.52058464,5.1322403,1.2858529,0.2854062,0.94701546,0.14732635,0
-1.4868979,5.642107,0.3471365,0.2854062,0.94701546,0.14732635,0
0.49764359,-5.3091087,-0.58864403,-0.2854062,-0.94701546,-0.14732635,0
2.4603577,-4.7274065,2.6338015,0.69768989,-0.31068936,0.64552379,0
-0.42397833,-2.9612529,-3.5660233,0.65709376,-0.081448436,-0.74939579,0
2.9799833,0.25377154,-0.7331785,0.65709376,-0.081448436,-0.74939579,0
0.40691614,2.0397205,-3.4075661,0.65709376,-0.081448436,-0.74939579,0
0.36670184,1.4541671,-3.2813601,0.65709376,-0.081448436,-0.74939579,0
-4.6718197,-0.2756083,-0.80893689,-0.65709376,0.081448436,0.74939579,0
4.8721766,-2.316041,1.2052016,0.69768989,-0.31068936,0.64552379,0
0.93544912,-3.652915,4.6858058,-0.65709376,0.081448436,0.74939579,0
1.7966019,-5.7929373,-1.0711656,0.65709376,-0.081448436,-0.74939579,0
4.6569395,3.5016651,2.8893142,0.2854062,0.94701546,0.14732635,0
-1.8639686,-5.0482693,1.225307,-0.2854062,-0.94701546,-0.14732635,0
-5.7941308,-1.118547,-2.1182952,-0.69768989,0.31068936,-0.64552379,0
3.1148093,3.9972644,0.91019392,0.2854062,0.94701546,0.14732635,0
5.3292313,0.81098628,2.6568651,0.69768989,-0.31068936,0.64552379,0
3.1703248,-3.5447831,2.5817072,0.69768989,-0.31068936,0.64552379,0
-3.7062864,-0.17495787,-3.5494151,-0.69768989,0.31068936,-0.64552379,0
0.41270399,5.4772491,-2.4662678,0.2854062,0.94701546,0.14732635,0
-4.7459536,-2.9534912,-3.8102844,-0.69768989,0.31068936,-0.64552379,0
-2.1568336,-4.99821,1.8985968,-0.2854062,-0.94701546,-0.14732635,0
-1.0120441,-5.0169349,0.77814817,-0.2854062,-0.94701546,-0.14732635,0
3.4874301,-4.9511142,1.5376816,0.69768989,-0.31068936,0.64552379,0
-0.64601719,5.3582377,-0.043576717,0.2854062,0.94701546,0.14732635,0
-3.2483883,3.0458932,-0.081223488,-0.65709376,0.081448436,0.74939579,0
2.9356852,3.4551668,5.5898972,-0.65709376,0.081448436,0.74939579,0
2.1298394,-4.3785458,3.5964391,0.69768989,-0.31068936,0.64552379,0
-4.6175346,1.7966871,-0.92852688,-0.65709376,0.081448436,0.74939579,0
0.038484573,5.3727307,-3.6914618,0.65709376,-0.081448436,-0.74939579,0
-2.6239312,6.4446993,-1.6214576,0.2854062,0.94701546,0.14732635,0
-4.2442236,3.7364535,-0.54641581,-0.65709376,0.081448436,0.74939579,0
-2.2297597,5.9008751,0.5251441,-0.65709376,0.081448436,0.74939579,0
1.4999299,-6.1062856,3.3275154,0.69768989,-0.31068936,0.64552379,0
-0.28089893,0.19119668,3.0963318,-0.65709376,0.081448436,0.74939579,0
2.665879,4.3048525,1.3184915,0.2854062,0.94701546,0.14732635,0
-0.92993498,1.4889174,2.4667273,-0.65709376,0.081448436,0.74939579,0
4.6893425,1.2426643,3.2646935,0.69768989,-0.31068936,0.64552379,0
-3.3428473,2.2225349,-3.0877008,-0.69768989,0.31068936,-0.64552379,0
-0.91676879,-5.26192,1.0781431,-0.2854062,-0.94701546,-0.14732635,0
3.0448875,3.4937923,5.1157327,0.2854062,0.94701546,0.14732635,0
-3.7925832,5.4169908,-0.74934959,-0.65709376,0.081448436,0.74939579,0
-2.4481523,6.2234664,-1.8196201,-0.69768989,0.31068936,-0.64552379,0
3.4357038,2.6495242,-0.84318852,0.65709376,-0.081448436,-0.74939579,0
-5.8708477,-2.9192491,-2.9485714,-0.2854062,-0.94701546,-0.14732635,0
4.3815117,0.77485734,3.3329744,0.69768989,-0.31068936,0.64552379,0
0.42701662,-5.3710771,-0.15016699,-0.2854062,-0.94701546,-0.14732635,0
1.8005097,4.8284307,-0.93738127,0.2854062,0.94701546,0.14732635,0
-5.0159965,-3.8499777,-0.71536064,-0.2854062,-0.94701546,-0.14732635,0
-2.1807017,-3.3623049,-4.9586778,0.65709376,-0.081448436,-0.74939579,0
-3.1819081,6.0603456,-1.1636066,-0.69768989,0.31068936,-0.64552379,0
4.7388682,-2.6621084,1.3776742,0.69768989,-0.31068936,0.64552379,0
5.619638,3.3319473,1.5239892,0.2854062,0.94701546,0.14732635,0
3.5307593,0.93191075,-0.56725127,0.65709376,-0.081448436,-0.74939579,0
2.1232882,4.5557532,1.468399,0.2854062,0.94701546,0.14732635,0
-1.3827395,3.4880576,-4.732585,0.65709376,-0.081448436,-0.74939579,0
-0.026573181,5.9653211,-3.884727,0.2854062,0.94701546,0.14732635,0
3.3645363,-0.11312461,-0.63239205,0.65709376,-0.081448436,-0.74939579,0
2.5257792,-2.0254619,-0.98938406,0.65709376,-0.081448436,-0.74939579,0
-3.3625183,-3.2230823,-5.5493422,-0.2854062,-0.94701546,-0.14732635,0
-3.5318379,5.7693481,-0.50939703,-0.65709376,0.081448436,0.74939579,0
0.73629582,4.051959,-3.0931158,0.65709376,-0.081448436,-0.74939579,0
2.9019306,4.2615566,0.14764595,0.2854062,0.94701546,0.14732635,0
-2.7144742,4.8839245,0.36310625,-0.65709376,0.081448436,0.74939579,0
0.55562305,-3.586098,4.4740872,-0.65709376,0.081448436,0.74939579,0
0.90939903,-5.5957003,3.8928349,0.69768989,-0.31068936,0.64552379,0
-4.7091336,1.9902802,-0.94977152,-0.65709376,0.081448436,0.74939579,0
0.42087007,-5.8498192,2.3866305,-0.2854062,-0.94701546,-0.14732635,0
-3.3387027,-3.6810238,-2.7752481,-0.2854062,-0.94701546,-0.14732635,0
-3.3078537,-4.1280751,-0.14133596,-0.2854062,-0.94701546,-0.14732635,0
-4.2717657,3.2865245,-0.89097118,-0.65709376,0.081448436,0.74939579,0
-3.6105599,-1.3487744,-4.7204571,-0.69768989,0.31068936,-0.64552379,0
4.2110424,-0.14670491,3.4026742,0.69768989,-0.31068936,0.64552379,0
0.70348072,-0.34618187,3.9748502,-0.65709376,0.081448436,0.74939579,0
-0.60484409,-4.2465415,-3.3865671,0.65709376,-0.081448436,-0.74939579,0
-1.0360004,-5.4735527,2.1760042,-0.2854062,-0.94701546,-0.14732635,0
-4.0628943,0.44071937,-3.2485328,-0.69768989,0.31068936,-0.64552379,0
3.1706347,-6.392168,0.34191179,0.65709376,-0.081448436,-0.74939579,0
-2.192776,5.8607092,0.039023399,0.2854062,0.94701546,0.14732635,0
-3.2069459,3.3657053,-2.7748299,-0.69768989,0.31068936,-0.64552379,0
-0.72943443,5.4096413,1.7007298,0.2854062,0.94701546,0.14732635,0
1.4333947,4.5925488,0.62618399,0.2854062,0.94701546,0.14732635,0
-6.1502552,-2.3394585,-1.9518342,-0.69768989,0.31068936,-0.64552379,0
3.2027106,-5.4267173,0.094948292,0.65709376,-0.081448436,-0.74939579,0
3.7030177,3.7017145,3.5277209,0.2854062,0.94701546,0.14732635,0
2.9934852,-5.6121902,1.5285292,0.69768989,-0.31068936,0.64552379,0
-1.8751841,5.8437581,0.74058104,0.2854062,0.94701546,0.14732635,0
1.2874582,4.5443616,2.1683435,0.2854062,0.94701546,0.14732635,0
2.1015856,4.7753553,0.31762028,0.2854062,0.94701546,0.14732635,0
-2.7545867,4.3960338,-2.7793393,-0.69768989,0.31068936,-0.64552379,0
-4.3935733,-1.1042631,-3.7888236,-0.69768989,0.31068936,-0.64552379,0
-1.3568273,1.6581347,2.1855226,-0.65709376,0.081448436,0.74939579,0
5.0126491,2.0743415,3.6097496,0.69768989,-0.31068936,0.64552379,0
-2.1297536,-4.9461665,1.4136469,-0.2854062,-0.94701546,-0.14732635,0
5.2729187,1.4814942,0.95522332,0.65709376,-0.081448436,-0.74939579,0
-1.3725824,5.6794109,-0.63596392,0.2854062,0.94701546,0.14732635,0
3.3765945,0.7452181,4.6032243,0.69768989,-0.31068936,0.64552379,0
2.5324073,-5.6206183,2.5800633,0.69768989,-0.31068936,0.64552379,0
3.1443567,3.9086268,3.9263902,0.2854062,0.94701546,0.14732635,0
-3.5850997,-4.3624806,-0.29091692,-0.2854062,-0.94701546,-0.14732635,0
0.95122606,5.2149658,-1.5706251,0.2854062,0.94701546,0.14732635,0
-2.9488587,-1.1979997,-5.2746868,-0.69768989,0.31068936,-0.64552379,0
1.763474,3.2530351,4.6837969,-0.65709376,0.081448436,0.74939579,0
-1.3938365,-1.7155555,-4.3941097,0.65709376,-0.081448436,-0.74939579,0
-3.7150197,-3.6088486,-4.6084027,-0.2854062,-0.94701546,-0.14732635,0
-4.7374458,0.66663408,-0.95084608,-0.65709376,0.081448436,0.74939579,0
4.551919,-2.179086,0.73566633,0.65709376,-0.081448436,-0.74939579,0
-3.183723,-2.4780726,-5.2428379,-0.69768989,0.31068936,-0.64552379,0
-1.3426991,-4.2524552,-4.0342321,-0.2854062,-0.94701546,-0.14732635,0
4.6628885,3.4568558,4.0296164,0.2854062,0.94701546,0.14732635,0
-3.982501,-2.6010125,-4.9238849,-0.69768989,0.31068936,-0.64552379,0
-1.721428,-4.4799829,-1.5476875,-0.2854062,-0.94701546,-0.14732635,0
1.6059232,1.2118129,4.7735753,-0.65709376,0.081448436,0.74939579,0
-5.8322549,-2.0609944,-1.5223947,-0.65709376,0.081448436,0.74939579,0
-5.6101213,-0.43507266,-2.0693729,-0.69768989,0.31068936,-0.64552379,0
-2.2097068,-4.1050515,-3.9172244,-0.2854062,-0.94701546,-0.14732635,0
-4.4452233,3.3305697,-1.5724993,-0.69768989,0.31068936,-0.64552379,0
4.9045725,-2.1376481,1.3750613,0.69768989,-0.31068936,0.64552379,0
-3.9088063,0.20206982,-3.4824889,-0.69768989,0.31068936,-0.64552379,0
-0.61820453,5.2358642,1.0390716,0.2854062,0.94701546,0.14732635,0
0.50029635,-5.4433522,1.2341685,-0.2854062,-0.94701546,-0.14732635,0
4.4473052,1.7938393,0.58132243,0.65709376,-0.081448436,-0.74939579,0
-0.14234948,1.2897036,2.8307304,-0.65709376,0.081448436,0.74939579,0
3.9147835,-1.8839155,2.6298304,0.69768989,-0.31068936,0.64552379,0
0.79036105,4.8413672,0.078585148,0.2854062,0.94701546,0.14732635,0
0.29040003,4.0266829,-3.7174268,0.65709376,-0.081448436,-0.74939579,0
0.097218692,5.2185307,0.3103261,0.2854062,0.94701546,0.14732635,0
1.8486464,-4.1444044,-1.2013545,0.65709376,-0.081448436,-0.74939579,0
-4.3551016,1.8910346,-2.0106306,-0.69768989,0.31068936,-0.64552379,0
-3.8559518,3.2954054,-2.0894578,-0.69768989,0.31068936,-0.64552379,0
-1.7381048,-2.8998983,2.2791162,-0.65709376,0.081448436,0.74939579,0
4.7953968,0.63114142,0.93236303,0.65709376,-0.081448436,-0.74939579,0
-2.4338155,2.4900868,-3.9695287,-0.69768989,0.31068936,-0.64552379,0
-1.7954643,-4.5846643,2.1865003,-0.65709376,0.081448436,0.74939579,0
-4.7412109,-1.9290711,-0.58506799,-0.65709376,0.081448436,0.74939579,0
3.0818496,1.985796,5.2928324,0.69768989,-0.31068936,0.64552379,0
-0.30080438,0.50953865,-3.4051099,0.65709376,-0.081448436,-0.74939579,0
-2.4085855,1.7194729,-4.0319958,-0.69768989,0.31068936,-0.64552379,0
-3.6999829,-4.0871153,-1.8076854,-0.2854062,-0.94701546,-0.14732635,0
3.2242913,-3.7853169,0.14327931,0.65709376,-0.081448436,-0.74939579,0
-3.5709567,3.6112363,-0.19575644,-0.65709376,0.081448436,0.74939579,0
-2.5013723,-4.0507932,-4.1331635,-0.2854062,-0.94701546,-0.14732635,0
2.3178923,-6.0552206,1.7833815,-0.2854062,-0.94701546,-0.14732635,0
-5.1235509,-0.99149847,-1.1302501,-0.65709376,0.081448436,0.74939579,0
5.0066533,-1.8453553,1.4256346,0.65709376,-0.081448436,-0.74939579,0
2.2043786,-1.0308317,4.6636996,0.69768989,-0.31068936,0.64552379,0
-0.4790585,-1.8795791,-3.6402869,0.65709376,-0.081448436,-0.74939579,0
1.2888365,4.5722089,2.6442695,0.2854062,0.94701546,0.14732635,0
