3.3203325,0.8305366,1.0279379,0.89954191,-0.30685699,0.31090671,0
0.93686944,-1.8979878,-3.9651079,-0.042022675,-0.76921254,-0.63760972,0
-0.87618446,4.4208732,-1.3973181,0.43480837,0.5604915,-0.70483387,0
-0.0064271688,1.7938697,4.0898471,0.042022675,0.76921254,0.63760972,0
0.37937355,2.8653548,2.8031714,0.042022675,0.76921254,0.63760972,0
2.2727194,0.18004751,3.3129625,0.89954191,-0.30685699,0.31090671,0
0.049841404,2.7511334,-2.0968382,0.43480837,0.5604915,-0.70483387,0
-2.7722056,1.7590024,0.59698951,-0.89954191,0.30685699,-0.31090671,0
-2.7824416,0.300143,-1.1581579,-0.89954191,0.30685699,-0.31090671,0
-3.5086322,0.49733639,2.205194,-0.43480837,-0.5604915,0.70483387,0
0.15275335,1.3403542,-3.1994162,0.43480837,0.5604915,-0.70483387,0
1.4499025,-4.3135486,0.96282673,0.89954191,-0.30685699,0.31090671,0
-2.4138603,-3.3588285,0.20128107,-0.43480837,-0.5604915,0.70483387,0
2.5401087,-0.37419224,2.0413461,0.89954191,-0.30685699,0.31090671,0
-0.039138317,-1.2570823,-4.6979132,-0.042022675,-0.76921254,-0.63760972,0
2.7453475,1.3645246,3.5760369,0.89954191,-0.30685699,0.31090671,0
2.4016142,3.7852659,0.31717026,0.43480837,0.5604915,-0.70483387,0
-3.8379858,-0.13787556,1.5215595,-0.89954191,0.30685699,-0.31090671,0
-2.1495411,-4.0512004,-0.98769927,-0.042022675,-0.76921254,-0.63760972,0
-2.8061638,3.6068521,1.4887362,-0.89954191,0.30685699,-0.31090671,0
3.4287968,0.54804063,0.75967056,0.89954191,-0.30685699,0.31090671,0
-2.2904549,-3.3292685,0.03004694,-0.43480837,-0.5604915,0.70483387,0
0.095564842,0.090569109,-4.3996973,0.43480837,0.5604915,-0.70483387,0
-1.9657905,3.2241292,-0.82052326,-0.89954191,0.30685699,-0.31090671,0
-3.6636639,2.0857792,3.3072031,-0.89954191,0.30685699,-0.31090671,0
-3.452148,-2.3265941,0.35609171,-0.43480837,-0.5604915,0.70483387,0
0.059233665,-1.8119645,2.7741547,-0.43480837,-0.5604915,0.70483387,0
2.155426,2.9333441,2.6210752,0.042022675,0.76921254,0.63760972,0
-0.54914236,4.3190403,-1.3206749,0.43480837,0.5604915,-0.70483387,0
3.2020845,-1.6047935,-1.5868895,0.89954191,-0.30685699,0.31090671,0
-2.0181003,-0.86769116,-4.2170305,-0.89954191,0.30685699,-0.31090671,0
-1.6159108,0.62731969,-4.4981384,-0.89954191,0.30685699,-0.31090671,0
-3.8334401,-0.47898483,1.0983295,-0.89954191,0.30685699,-0.31090671,0
-3.7774541,-3.7961574,-1.2080683,-0.43480837,-0.5604915,0.70483387,0
0.85730028,-2.488837,2.9742727,-0.43480837,-0.5604915,0.70483387,0
4.1284461,3.2200894,1.0280995,0.43480837,0.5604915,-0.70483387,0
0.61574244,-0.71745592,4.075767,-0.43480837,-0.5604915,0.70483387,0
-1.2365842,-4.1366501,0.0088820457,-0.43480837,-0.5604915,0.70483387,0
1.1409454,-0.86274374,4.0308986,-0.43480837,-0.5604915,0.70483387,0
1.5480113,-5.1432123,-0.21715283,-0.042022675,-0.76921254,-0.63760972,0
-2.4694266,0.82934737,-2.1093886,-0.89954191,0.30685699,-0.31090671,0
-1.4676647,-4.3727107,0.12680674,-0.43480837,-0.5604915,0.70483387,0
-3.0855212,-2.4853976,-2.7820559,-0.89954191,0.30685699,-0.31090671,0
-1.3336401,-4.1421123,-1.0842807,-0.042022675,-0.76921254,-0.63760972,0
3.1487613,-0.28168368,-0.27875173,0.89954191,-0.30685699,0.31090671,0
2.2507651,-1.3870833,1.1500666,0.89954191,-0.30685699,0.31090671,0
-3.3073249,-3.6556029,-0.49453306,-0.43480837,-0.5604915,0.70483387,0
1.8775911,-2.6377347,-3.1768072,-0.042022675,-0.76921254,-0.63760972,0
0.55632973,1.3617221,-2.955852,0.43480837,0.5604915,-0.70483387,0
-3.2049851,0.82387328,0.2869215,-0.89954191,0.30685699,-0.31090671,0
-1.7352321,-2.7505608,-2.9805255,-0.042022675,-0.76921254,-0.63760972,0
2.8708997,0.90309882,-1.6279393,0.43480837,0.5604915,-0.70483387,0
0.72686481,0.76004148,5.1785541,0.042022675,0.76921254,0.63760972,0
1.2663841,-2.2494593,-3.5797806,-0.042022675,-0.76921254,-0.63760972,0
-0.92648971,-2.4001546,-3.2051604,-0.042022675,-0.76921254,-0.63760972,0
-1.6365674,-2.1466427,-3.7614527,-0.042022675,-0.76921254,-0.63760972,0
-3.5800216,2.3413148,3.7036071,-0.43480837,-0.5604915,0.70483387,0
0.014097452,-3.5110261,-1.7555826,-0.042022675,-0.76921254,-0.63760972,0
-1.2974825,4.0796018,1.5098252,0.042022675,0.76921254,0.63760972,0
-3.3430662,2.8702281,3.2696013,0.042022675,0.76921254,0.63760972,0
1.2803686,0.33040452,-3.3436394,0.43480837,0.5604915,-0.70483387,0
1.6450527,2.6004429,-1.2005332,0.43480837,0.5604915,-0.70483387,0
-2.84903,-1.6554353,-3.6769221,-0.89954191,0.30685699,-0.31090671,0
-0.41878891,-4.6779842,-0.52585959,-0.042022675,-0.76921254,-0.63760972,0
2.8705952,-0.90916204,0.94933707,0.89954191,-0.30685699,0.31090671,0
3.6403129,-0.45497608,-2.3264406,0.43480837,0.5604915,-0.70483387,0
2.1026199,-0.26984811,2.8243027,0.89954191,-0.30685699,0.31090671,0
0.044670105,4.1795521,-0.97873795,0.43480837,0.5604915,-0.70483387,0
2.5990932,0.068512917,1.9936092,0.89954191,-0.30685699,0.31090671,0
-0.045036554,-1.5820439,2.9149523,-0.43480837,-0.5604915,0.70483387,0
-0.64795446,-2.8699932,-2.6680212,-0.042022675,-0.76921254,-0.63760972,0
-0.30329919,4.0567651,1.3798189,0.042022675,0.76921254,0.63760972,0
0.86502552,-3.5724664,-1.9626663,-0.042022675,-0.76921254,-0.63760972,0
-1.6648661,3.6338391,1.9914987,0.042022675,0.76921254,0.63760972,0
1.7812755,-3.4435019,0.64629197,0.89954191,-0.30685699,0.31090671,0
3.2687294,2.0891376,2.7919428,0.89954191,-0.30685699,0.31090671,0
-3.303797,-0.70913434,-1.3558086,-0.89954191,0.30685699,-0.31090671,0
-3.3437257,2.6860423,3.5330539,0.042022675,0.76921254,0.63760972,0
3.5799158,0.72067976,-1.4106534,0.43480837,0.5604915,-0.70483387,0
-2.500186,-1.1831074,-4.0463467,-0.89954191,0.30685699,-0.31090671,0
0.77556109,2.4188185,-1.7596776,0.43480837,0.5604915,-0.70483387,0
1.1896144,-0.72597098,-3.8337631,0.43480837,0.5604915,-0.70483387,0
0.81084251,-0.71229815,-4.3088088,0.43480837,0.5604915,-0.70483387,0
1.850013,-1.6173449,2.5744028,0.89954191,-0.30685699,0.31090671,0
-2.4026561,3.7147505,1.4026904,-0.89954191,0.30685699,-0.31090671,0
1.7719109,1.9341429,-1.8253331,0.43480837,0.5604915,-0.70483387,0
-2.6718736,-4.0955849,-1.1703063,-0.042022675,-0.76921254,-0.63760972,0
3.3931723,2.1005132,2.4088829,0.89954191,-0.30685699,0.31090671,0
0.37830067,-0.86465269,-4.8520317,0.43480837,0.5604915,-0.70483387,0
2.0234723,4.1760826,0.52530003,0.43480837,0.5604915,-0.70483387,0
2.7546272,-1.6537549,0.20725572,0.89954191,-0.30685699,0.31090671,0
-2.2643352,1.924612,-1.7221851,-0.89954191,0.30685699,-0.31090671,0
2.6212163,3.8773863,1.5395254,0.042022675,0.76921254,0.63760972,0
3.2758904,-1.7640133,-3.8505633,0.43480837,0.5604915,-0.70483387,0
-0.78892469,5.3510275,-0.48589444,0.43480837,0.5604915,-0.70483387,0
-2.0761847,-4.0976925,-0.89201665,-0.042022675,-0.76921254,-0.63760972,0
-1.7314205,2.87638,2.8287969,0.042022675,0.76921254,0.63760972,0
1.0842116,-1.3202596,-4.6451731,-0.042022675,-0.76921254,-0.63760972,0
-0.8286128,1.4354699,4.7410378,0.042022675,0.76921254,0.63760972,0
2.1878686,3.353332,-0.47936618,0.43480837,0.5604915,-0.70483387,0
0.58301973,-3.1502397,-2.7740221,-0.042022675,-0.76921254,-0.63760972,0
0.47166204,3.6289546,-1.0467215,0.43480837,0.5604915,-0.70483387,0
-1.7406722,1.0361109,3.9388463,-0.43480837,-0.5604915,0.70483387,0
-0.44776297,3.7955499,-1.4424002,0.43480837,0.5604915,-0.70483387,0
1.2075095,4.8885756,0.38102818,0.042022675,0.76921254,0.63760972,0
-1.032434,5.2572637,-0.21466875,0.042022675,0.76921254,0.63760972,0
-0.25548524,2.6322834,3.2237086,0.042022675,0.76921254,0.63760972,0
-1.8173198,-0.42169225,-4.7833962,-0.89954191,0.30685699,-0.31090671,0
2.4389544,-0.32597136,1.8806396,0.89954191,-0.30685699,0.31090671,0
-0.98556828,-1.5124128,2.6551328,-0.43480837,-0.5604915,0.70483387,0
1.0064691,2.4151878,3.0339842,0.042022675,0.76921254,0.63760972,0
1.0965079,-3.7625976,-1.511025,-0.042022675,-0.76921254,-0.63760972,0
-3.7299292,-3.4065428,-0.47389251,-0.43480837,-0.5604915,0.70483387,0
-1.4527121,0.71247542,-4.6271939,-0.89954191,0.30685699,-0.31090671,0
1.6280813,0.2583946,5.2943444,-0.43480837,-0.5604915,0.70483387,0
0.56076741,-0.063755453,-3.922298,0.43480837,0.5604915,-0.70483387,0
1.4470246,-4.238008,-1.0799122,-0.042022675,-0.76921254,-0.63760972,0
2.0492101,0.16765594,4.3194385,0.89954191,-0.30685699,0.31090671,0
-1.5333474,4.5249567,1.0324383,0.042022675,0.76921254,0.63760972,0
3.7409019,1.5196431,0.041158095,0.89954191,-0.30685699,0.31090671,0
3.2262566,3.6964688,1.7942904,0.042022675,0.76921254,0.63760972,0
0.50475287,3.5225904,1.9268701,0.042022675,0.76921254,0.63760972,0
-0.19005489,4.6872816,0.36771464,0.042022675,0.76921254,0.63760972,0
-1.1093276,2.6557038,3.3560388,0.042022675,0.76921254,0.63760972,0
-3.2840896,2.5545912,2.2386587,-0.89954191,0.30685699,-0.31090671,0
-0.39614916,-3.0929368,1.3674406,-0.43480837,-0.5604915,0.70483387,0
3.5096178,0.13230181,-2.0089598,0.43480837,0.5604915,-0.70483387,0
-2.3335176,-3.6252904,-1.4927912,-0.042022675,-0.76921254,-0.63760972,0
3.0128899,0.091234207,1.4980717,0.89954191,-0.30685699,0.31090671,0
-1.3994596,1.7012901,4.5103321,0.042022675,0.76921254,0.63760972,0
3.6824734,0.58383322,-0.76696503,0.89954191,-0.30685699,0.31090671,0
3.5591815,0.56654334,0.14034081,0.89954191,-0.30685699,0.31090671,0
-2.6379161,3.4283433,1.5439918,-0.89954191,0.30685699,-0.31090671,0
-0.90424466,-4.1522436,-1.2753367,-0.042022675,-0.76921254,-0.63760972,0
-3.6934922,-1.0183091,-0.39130712,-0.89954191,0.30685699,-0.31090671,0
-2.0348201,2.8324194,2.9489987,0.042022675,0.76921254,0.63760972,0
-2.6428545,1.6370246,0.010030746,-0.89954191,0.30685699,-0.31090671,0
3.042944,3.2581735,2.1458621,0.042022675,0.76921254,0.63760972,0
-2.96665,-0.59820962,-1.141362,-0.89954191,0.30685699,-0.31090671,0
-3.6684563,0.20130634,0.79715502,-0.89954191,0.30685699,-0.31090671,0
-2.0774517,-1.999791,1.5084503,-0.43480837,-0.5604915,0.70483387,0
0.098936677,-3.123081,-2.6049242,-0.042022675,-0.76921254,-0.63760972,0
-1.0599027,-0.90240043,2.6035845,-0.43480837,-0.5604915,0.70483387,0
-3.3765736,-1.4941945,-1.6054257,-0.89954191,0.30685699,-0.31090671,0
-1.9564371,1.5471559,4.0606494,-0.43480837,-0.5604915,0.70483387,0
1.5491803,3.8526146,1.6318835,0.042022675,0.76921254,0.63760972,0
-1.0430053,-1.1784492,-4.739974,-0.042022675,-0.76921254,-0.63760972,0
-1.4294146,-0.76220506,-5.1682377,-0.042022675,-0.76921254,-0.63760972,0
-1.0282888,3.2225711,2.5313725,0.042022675,0.76921254,0.63760972,0
1.1170497,0.27790159,5.3121614,-0.43480837,-0.5604915,0.70483387,0
3.5276134,3.4955502,0.72181726,0.43480837,0.5604915,-0.70483387,0
2.2579279,-3.7440972,-1.6778529,-0.042022675,-0.76921254,-0.63760972,0
-0.92941523,0.75722563,4.5679302,-0.43480837,-0.5604915,0.70483387,0
0.26846457,-2.0900834,3.02279,-0.43480837,-0.5604915,0.70483387,0
3.0501614,3.3458486,2.3147402,0.042022675,0.76921254,0.63760972,0
-3.6773953,1.5558529,2.5025754,-0.89954191,0.30685699,-0.31090671,0
-0.47451758,-1.7114201,2.8244081,-0.43480837,-0.5604915,0.70483387,0
1.2389736,-2.729116,2.9425879,-0.43480837,-0.5604915,0.70483387,0
0.83712471,2.4429865,3.0266533,0.042022675,0.76921254,0.63760972,0
-0.69816995,1.2289482,-3.4645252,0.43480837,0.5604915,-0.70483387,0
3.3717229,-0.37504053,-2.3444514,0.43480837,0.5604915,-0.70483387,0
3.5930448,0.68373489,-1.6059597,0.43480837,0.5604915,-0.70483387,0
-0.40076262,2.9974241,2.6134298,0.042022675,0.76921254,0.63760972,0
2.1189318,1.1144791,4.8094492,0.042022675,0.76921254,0.63760972,0
2.4698246,4.2040038,0.9447763,0.042022675,0.76921254,0.63760972,0
1.7832804,-3.8199749,0.80830383,0.89954191,-0.30685699,0.31090671,0
-2.2578452,-3.8208222,-0.1966989,-0.43480837,-0.5604915,0.70483387,0
-3.601403,-0.64966989,0.13927412,-0.89954191,0.30685699,-0.31090671,0
-4.0838351,-1.076335,1.0303113,-0.43480837,-0.5604915,0.70483387,0
-2.829042,0.77583528,-1.2441934,-0.89954191,0.30685699,-0.31090671,0
-3.9722872,-2.1357405,0.1304872,-0.43480837,-0.5604915,0.70483387,0
-2.1993024,-0.35480595,-3.3237171,-0.89954191,0.30685699,-0.31090671,0
-3.2446482,1.2869143,0.4869678,-0.89954191,0.30685699,-0.31090671,0
3.3451326,-0.933743,-3.1030335,0.43480837,0.5604915,-0.70483387,0
3.9935243,3.0287097,0.38956839,0.43480837,0.5604915,-0.70483387,0
-0.0020728111,4.6747627,-0.37197137,0.43480837,0.5604915,-0.70483387,0
0.02328968,2.9990478,2.4876513,0.042022675,0.76921254,0.63760972,0
1.3820729,0.029058933,5.0103035,-0.43480837,-0.5604915,0.70483387,0
1.7411853,0.44685841,4.4772668,0.89954191,-0.30685699,0.31090671,0
-0.36160138,2.3198502,3.4301136,0.042022675,0.76921254,0.63760972,0
-2.361238,2.2007113,-1.1380116,-0.89954191,0.30685699,-0.31090671,0
1.2075877,-4.6755118,-0.91911387,-0.042022675,-0.76921254,-0.63760972,0
-3.1689506,-3.2460165,-0.25821042,-0.43480837,-0.5604915,0.70483387,0
-2.9818881,2.2669733,3.527108,0.042022675,0.76921254,0.63760972,0
-2.8008258,2.9383266,1.2344823,-0.89954191,0.30685699,-0.31090671,0
3.4166651,-2.8982284,-3.2605183,-0.042022675,-0.76921254,-0.63760972,0
-3.2723901,2.3467207,1.561245,-0.89954191,0.30685699,-0.31090671,0
2.1431947,1.8327713,-1.7082903,0.43480837,0.5604915,-0.70483387,0
1.8752999,1.3901989,4.4870977,0.042022675,0.76921254,0.63760972,0
3.2937117,-2.6170568,-2.1264088,0.89954191,-0.30685699,0.31090671,0
2.1557307,2.3728063,-1.2533716,0.43480837,0.5604915,-0.70483387,0
-3.6111493,-3.1691089,-0.74706256,-0.43480837,-0.5604915,0.70483387,0
1.2463856,-4.6268749,-1.0603042,-0.042022675,-0.76921254,-0.63760972,0
-1.6752961,3.7573664,-0.86830902,-0.89954191,0.30685699,-0.31090671,0
3.1883988,-1.7625997,-0.90355361,0.89954191,-0.30685699,0.31090671,0
-0.41110992,-4.960896,-0.017804861,-0.042022675,-0.76921254,-0.63760972,0
0.39091539,4.9314137,-0.1712749,0.43480837,0.5604915,-0.70483387,0
-0.38738477,1.9723291,3.8315632,0.042022675,0.76921254,0.63760972,0
1.9161911,-1.8923647,2.746901,0.89954191,-0.30685699,0.31090671,0
-1.7938888,-1.241015,2.2102838,-0.43480837,-0.5604915,0.70483387,0
-1.8047867,0.88414419,-2.9148216,-0.89954191,0.30685699,-0.31090671,0
-0.00013256073,3.6478133,-1.5266669,0.43480837,0.5604915,-0.70483387,0
-3.0847342,1.5482016,3.5764341,-0.43480837,-0.5604915,0.70483387,0
1.408644,-1.8280488,3.4096754,0.89954191,-0.30685699,0.31090671,0
2.7252448,1.7131658,2.9282146,0.89954191,-0.30685699,0.31090671,0
-2.1384037,2.667207,3.0235941,0.042022675,0.76921254,0.63760972,0
3.1662636,-0.74560571,-0.19300807,0.89954191,-0.30685699,0.31090671,0
2.8155379,-2.7989302,-0.62172699,0.89954191,-0.30685699,0.31090671,0
-0.067979336,-4.4159765,-0.67944098,-0.042022675,-0.76921254,-0.63760972,0
-1.4682817,1.8801702,4.111362,0.042022675,0.76921254,0.63760972,0
-0.48166275,-3.481679,0.97555745,-0.43480837,-0.5604915,0.70483387,0
0.81805301,-1.405829,3.8120151,-0.43480837,-0.5604915,0.70483387,0
3.4925566,1.6199188,0.95930135,0.89954191,-0.30685699,0.31090671,0
1.0899611,-2.115036,-3.5912519,-0.042022675,-0.76921254,-0.63760972,0
1.822968,2.8370943,-0.7122165,0.43480837,0.5604915,-0.70483387,0
2.9987333,-0.97691894,-0.0021262169,0.89954191,-0.30685699,0.31090671,0
2.0087228,0.74024987,4.74119,0.89954191,-0.30685699,0.31090671,0
2.6552935,-2.6473513,-0.64266419,0.89954191,-0.30685699,0.31090671,0
1.9053657,-2.8557148,-3.0106511,-0.042022675,-0.76921254,-0.63760972,0
-3.7013268,-3.9591358,-1.2366369,-0.43480837,-0.5604915,0.70483387,0
-3.0224528,1.001224,3.2629309,-0.43480837,-0.5604915,0.70483387,0
-3.1841469,-1.275368,-2.1109164,-0.89954191,0.30685699,-0.31090671,0
1.2227454,-3.8551927,2.0877223,-0.43480837,-0.5604915,0.70483387,0
0.39508152,-4.9405808,0.33086085,-0.43480837,-0.5604915,0.70483387,0
-1.8824073,0.43659616,3.4356372,-0.43480837,-0.5604915,0.70483387,0
-3.7638686,1.2132812,2.5245237,-0.89954191,0.30685699,-0.31090671,0
3.4454672,-2.499321,-2.4089212,0.89954191,-0.30685699,0.31090671,0
-2.379338,-2.7045841,0.59854078,-0.43480837,-0.5604915,0.70483387,0
0.71641123,-2.9749475,-2.8646007,-0.042022675,-0.76921254,-0.63760972,0
-0.67528296,-5.0108757,-0.25036669,-0.042022675,-0.76921254,-0.63760972,0
0.78516579,0.98252976,-3.1356733,0.43480837,0.5604915,-0.70483387,0
2.8755229,-2.9517205,-1.2954545,0.89954191,-0.30685699,0.31090671,0
0.53701735,-3.9496837,1.3767276,-0.43480837,-0.5604915,0.70483387,0
1.4491453,2.3894393,3.1194143,0.042022675,0.76921254,0.63760972,0
1.8497548,-3.8110623,0.64197803,0.89954191,-0.30685699,0.31090671,0
3.7074566,-2.0275164,-3.3703651,0.89954191,-0.30685699,0.31090671,0
-1.09165,3.7154343,-2.0071445,0.43480837,0.5604915,-0.70483387,0
-2.6275406,-4.2624321,-0.9046756,-0.042022675,-0.76921254,-0.63760972,0
2.4115312,-3.3309569,-0.86183906,0.89954191,-0.30685699,0.31090671,0
-2.4033756,2.4342837,-0.81062603,-0.89954191,0.30685699,-0.31090671,0
-2.0051739,0.48729205,-3.1758881,-0.89954191,0.30685699,-0.31090671,0
3.8668978,1.1608918,-0.79371929,0.43480837,0.5604915,-0.70483387,0
-1.0770732,2.4299307,3.5774169,0.042022675,0.76921254,0.63760972,0
-0.52263373,-1.8862547,-3.9034886,-0.042022675,-0.76921254,-0.63760972,0
0.62105536,0.44955841,5.1235075,-0.43480837,-0.5604915,0.70483387,0
-0.94288898,-2.9648771,1.1780428,-0.43480837,-0.5604915,0.70483387,0
0.9732728,4.3783154,-0.2417419,0.43480837,0.5604915,-0.70483387,0
-1.7814035,-1.9955059,-3.7648404,-0.042022675,-0.76921254,-0.63760972,0
1.0150232,-0.77066892,4.1400061,-0.43480837,-0.5604915,0.70483387,0
-3.0991664,-1.2263567,1.5640385,-0.43480837,-0.5604915,0.70483387,0
0.65355182,0.50962842,4.8941355,-0.43480837,-0.5604915,0.70483387,0
1.0330596,-0.7382704,4.0481448,-0.43480837,-0.5604915,0.70483387,0
-0.92145681,1.2656581,-3.8169229,0.43480837,0.5604915,-0.70483387,0
0.18394446,-0.40333775,-4.3339157,0.43480837,0.5604915,-0.70483387,0
-0.82556736,-2.8583655,-2.9203315,-0.042022675,-0.76921254,-0.63760972,0
3.3190832,-2.3642111,-2.3954129,0.89954191,-0.30685699,0.31090671,0
1.5005169,-0.62414706,-3.9540384,0.43480837,0.5604915,-0.70483387,0
1.4589517,-2.1503315,3.280304,0.89954191,-0.30685699,0.31090671,0
-1.8784344,-2.3253403,-3.1665151,-0.042022675,-0.76921254,-0.63760972,0
-1.4894942,3.2339277,2.4948854,0.042022675,0.76921254,0.63760972,0
1.7794323,-0.45907724,3.442349,0.89954191,-0.30685699,0.31090671,0
1.3317885,2.4020014,3.1677606,0.042022675,0.76921254,0.63760972,0
-3.664634,-2.0441015,0.19420123,-0.43480837,-0.5604915,0.70483387,0
-0.96298265,4.1996779,1.2132034,0.042022675,0.76921254,0.63760972,0
-2.161077,-1.4858564,-4.325521,-0.042022675,-0.76921254,-0.63760972,0
-1.2971898,-2.8829935,-2.8073707,-0.042022675,-0.76921254,-0.63760972,0
-1.2926325,1.0062772,4.241559,-0.43480837,-0.5604915,0.70483387,0
-2.0493557,3.5575137,-0.19237804,-0.89954191,0.30685699,-0.31090671,0
1.2066759,-3.6124115,-1.7075548,-0.042022675,-0.76921254,-0.63760972,0
-2.2524278,2.1345065,3.5607576,0.042022675,0.76921254,0.63760972,0
-3.8894382,-0.11151934,1.5847862,-0.89954191,0.30685699,-0.31090671,0
0.29015589,3.6477389,1.6006601,0.042022675,0.76921254,0.63760972,0
-0.32978702,3.1905584,2.717082,0.042022675,0.76921254,0.63760972,0
0.35942006,3.172843,2.3285446,0.042022675,0.76921254,0.63760972,0
1.1706462,-4.2285314,1.6383488,-0.43480837,-0.5604915,0.70483387,0
1.1250458,1.3229476,-2.7055845,0.43480837,0.5604915,-0.70483387,0
-0.91237301,-2.5555294,-3.3953962,-0.042022675,-0.76921254,-0.63760972,0
-2.2827864,-0.37504721,2.2945065,-0.43480837,-0.5604915,0.70483387,0
2.3380799,-1.9428074,-4.2353187,-0.042022675,-0.76921254,-0.63760972,0
-0.81187081,-3.3115127,0.88332808,-0.43480837,-0.5604915,0.70483387,0
-3.3631296,-2.1516595,-1.5337898,-0.89954191,0.30685699,-0.31090671,0
-3.9501958,-2.069962,-0.037826255,-0.43480837,-0.5604915,0.70483387,0
1.1710086,3.8688896,1.2196493,0.042022675,0.76921254,0.63760972,0
-2.0868793,-1.1814775,-4.5213733,-0.89954191,0.30685699,-0.31090671,0
1.7580333,4.4268289,0.27319431,0.43480837,0.5604915,-0.70483387,0
3.4303679,3.8166857,1.6095895,0.042022675,0.76921254,0.63760972,0
0.70870185,-0.66653585,4.087369,-0.43480837,-0.5604915,0.70483387,0
-1.9212933,2.2220173,-2.5324638,-0.89954191,0.30685699,-0.31090671,0
3.2614851,3.6890912,1.6828372,0.042022675,0.76921254,0.63760972,0
-3.3868048,-3.0109334,-0.19985276,-0.43480837,-0.5604915,0.70483387,0
1.8646013,-3.9247189,-1.4291775,-0.042022675,-0.76921254,-0.63760972,0
3.103934,2.4353466,-0.6375525,0.43480837,0.5604915,-0.70483387,0
2.88905,2.9887395,0.12871301,0.43480837,0.5604915,-0.70483387,0
-2.819072,1.7214153,3.9051471,-0.43480837,-0.5604915,0.70483387,0
3.8289499,-1.721921,-3.3683224,0.43480837,0.5604915,-0.70483387,0
-1.3185372,-1.4786825,-4.1538062,-0.042022675,-0.76921254,-0.63760972,0
2.3599551,4.2384653,1.2673827,0.042022675,0.76921254,0.63760972,0
1.1681383,2.3495815,3.5149586,0.042022675,0.76921254,0.63760972,0
-3.3826637,1.6820977,3.6412809,-0.43480837,-0.5604915,0.70483387,0
-1.9394805,-3.5951943,-1.5746171,-0.042022675,-0.76921254,-0.63760972,0
-2.1364017,-0.43694472,-4.3119287,-0.89954191,0.30685699,-0.31090671,0
-1.2601948,5.047534,-0.90293026,-0.89954191,0.30685699,-0.31090671,0
2.0543468,-1.0362887,3.0426345,0.89954191,-0.30685699,0.31090671,0
-1.8620073,-2.701622,-2.6693182,-0.042022675,-0.76921254,-0.63760972,0
4.1777096,1.6700814,-0.54886162,0.43480837,0.5604915,-0.70483387,0
-0.57313919,4.8515182,-0.97340727,0.43480837,0.5604915,-0.70483387,0
1.0320735,-4.8692513,1.239543,-0.43480837,-0.5604915,0.70483387,0
-0.49236274,2.2105856,-2.7158918,0.43480837,0.5604915,-0.70483387,0
2.5006981,2.5859804,2.7839737,0.042022675,0.76921254,0.63760972,0
2.4444251,-0.65462947,-3.2615671,0.43480837,0.5604915,-0.70483387,0
-3.4241018,-3.4461529,-1.8027042,-0.042022675,-0.76921254,-0.63760972,0
-0.47052097,-4.7699919,-0.33514714,-0.042022675,-0.76921254,-0.63760972,0
0.51532865,0.2063178,4.7775412,-0.43480837,-0.5604915,0.70483387,0
-0.73300695,4.2039428,1.0218005,0.042022675,0.76921254,0.63760972,0
-0.14471769,4.5158195,-1.006639,0.43480837,0.5604915,-0.70483387,0
-0.89640951,-4.4771395,-0.76523495,-0.042022675,-0.76921254,-0.63760972,0
-2.3775029,-1.1319723,1.7724972,-0.43480837,-0.5604915,0.70483387,0
2.1043017,-0.67863798,-3.2564607,0.43480837,0.5604915,-0.70483387,0
-0.57733822,4.6904745,-0.61414099,0.43480837,0.5604915,-0.70483387,0
2.1006918,-2.5847311,1.3760282,0.89954191,-0.30685699,0.31090671,0
-3.3352289,-3.1627555,-2.5045764,-0.042022675,-0.76921254,-0.63760972,0
1.0597391,1.0844533,-2.8303835,0.43480837,0.5604915,-0.70483387,0
0.48941112,1.8435237,4.3026309,0.042022675,0.76921254,0.63760972,0
0.7597115,-0.65547812,-4.3410807,0.43480837,0.5604915,-0.70483387,0
1.4713733,2.5302825,-1.5937911,0.43480837,0.5604915,-0.70483387,0
-0.85824633,0.56337368,-4.5376191,0.43480837,0.5604915,-0.70483387,0
3.5066833,-0.63544655,-1.1104648,0.89954191,-0.30685699,0.31090671,0
-1.9221971,4.4433813,-0.22135735,-0.89954191,0.30685699,-0.31090671,0
1.7051315,-1.4199878,-4.4510789,0.43480837,0.5604915,-0.70483387,0
0.086160898,0.44244862,4.8484621,-0.43480837,-0.5604915,0.70483387,0
1.5099952,-1.9997741,2.7311153,0.89954191,-0.30685699,0.31090671,0
3.2177522,-3.0839491,-2.2433743,0.89954191,-0.30685699,0.31090671,0
-1.5451951,0.093389273,3.5206563,-0.43480837,-0.5604915,0.70483387,0
-3.8662603,-0.47572947,0.69152421,-0.89954191,0.30685699,-0.31090671,0
-0.9254179,3.6327708,1.6692843,0.042022675,0.76921254,0.63760972,0
2.7920263,2.100431,3.2462397,0.042022675,0.76921254,0.63760972,0
-0.1203115,0.6805079,-3.7632747,0.43480837,0.5604915,-0.70483387,0
-0.29426873,1.7240086,4.0689411,0.042022675,0.76921254,0.63760972,0
0.78203869,-4.3167491,1.1387284,-0.43480837,-0.5604915,0.70483387,0
-0.74699688,4.2592077,-1.5909594,0.43480837,0.5604915,-0.70483387,0
3.6449597,1.0653224,-1.4191196,0.43480837,0.5604915,-0.70483387,0
-3.579905,-0.14690828,1.8370867,-0.43480837,-0.5604915,0.70483387,0
-3.1544337,-0.25336766,-0.69605505,-0.89954191,0.30685699,-0.31090671,0
2.3391731,-3.1046612,-2.9091692,-0.042022675,-0.76921254,-0.63760972,0
-2.2349741,0.1070683,-3.3535128,-0.89954191,0.30685699,-0.31090671,0
2.4052174,-3.3649814,-2.3937137,-0.042022675,-0.76921254,-0.63760972,0
-2.4685521,1.0754895,-1.0522249,-0.89954191,0.30685699,-0.31090671,0
-2.027478,3.7446632,-0.30475831,-0.89954191,0.30685699,-0.31090671,0
2.1319485,2.4856625,-1.2432195,0.43480837,0.5604915,-0.70483387,0
0.55749226,-1.3307235,-4.5906367,-0.042022675,-0.76921254,-0.63760972,0
2.6933737,-3.6132054,-1.3891006,0.89954191,-0.30685699,0.31090671,0
-2.1675901,4.1562848,0.91094995,-0.89954191,0.30685699,-0.31090671,0
-2.656755,-1.8205905,-3.5459037,-0.89954191,0.30685699,-0.31090671,0
-3.110538,2.8167181,2.875356,0.042022675,0.76921254,0.63760972,0
-4.1302991,-2.2417836,-0.13792017,-0.89954191,0.30685699,-0.31090671,0
2.3924961,1.0604708,-1.900291,0.43480837,0.5604915,-0.70483387,0
-3.0496688,0.82100081,0.54145324,-0.89954191,0.30685699,-0.31090671,0
0.37507534,3.3138084,-1.2315332,0.43480837,0.5604915,-0.70483387,0
-0.67586064,0.47965017,-4.4837494,0.43480837,0.5604915,-0.70483387,0
-3.7352419,-3.4113774,-1.9795276,-0.89954191,0.30685699,-0.31090671,0
3.531832,-2.7042871,-2.9156184,0.89954191,-0.30685699,0.31090671,0
2.9641428,1.7929144,-0.79463732,0.43480837,0.5604915,-0.70483387,0
-1.1697593,0.49536729,4.1307111,-0.43480837,-0.5604915,0.70483387,0
-1.4985564,-1.0724436,2.4554005,-0.43480837,-0.5604915,0.70483387,0
3.8342159,2.9364455,0.44065976,0.43480837,0.5604915,-0.70483387,0
-3.8519685,0.34214592,2.3366647,-0.43480837,-0.5604915,0.70483387,0
0.16401625,0.3535586,-3.9343224,0.43480837,0.5604915,-0.70483387,0
0.76790237,3.6707866,2.019578,0.042022675,0.76921254,0.63760972,0
2.9279008,-1.8213418,-0.12912965,0.89954191,-0.30685699,0.31090671,0
0.84631014,4.0697145,-0.43068862,0.43480837,0.5604915,-0.70483387,0
2.2388093,0.84074259,-2.0165071,0.43480837,0.5604915,-0.70483387,0
2.2305031,-3.1372705,-2.9370065,-0.042022675,-0.76921254,-0.63760972,0
-0.99332124,3.0486226,2.6672819,0.042022675,0.76921254,0.63760972,0
2.0552959,1.7997386,4.1638784,0.042022675,0.76921254,0.63760972,0
-1.987545,-0.31120539,-3.7113304,-0.89954191,0.30685699,-0.31090671,0
-1.3037791,3.8109078,-1.6613958,-0.89954191,0.30685699,-0.31090671,0
3.7555716,0.46660805,-0.53419387,0.89954191,-0.30685699,0.31090671,0
2.2967556,-2.8653688,-3.099627,-0.042022675,-0.76921254,-0.63760972,0
3.3354733,2.8945155,2.5371838,0.042022675,0.76921254,0.63760972,0
3.228879,2.6186974,-0.45659116,0.43480837,0.5604915,-0.70483387,0
-2.404892,-0.5887785,2.4793363,-0.43480837,-0.5604915,0.70483387,0
0.36699152,-3.7011721,-1.9609137,-0.042022675,-0.76921254,-0.63760972,0
3.939584,0.88033152,-0.7413255,0.89954191,-0.30685699,0.31090671,0
2.2373478,-0.59747577,-3.1138976,0.43480837,0.5604915,-0.70483387,0
-2.6759257,1.4402266,-0.41759968,-0.89954191,0.30685699,-0.31090671,0
1.3864642,2.3394938,3.6603203,0.042022675,0.76921254,0.63760972,0
2.6044331,-0.48643422,1.1004941,0.89954191,-0.30685699,0.31090671,0
1.6780252,-3.0027995,1.8912771,0.89954191,-0.30685699,0.31090671,0
2.7865429,0.3318181,1.7944994,0.89954191,-0.30685699,0.31090671,0
1.5503507,-4.9456282,-0.41515517,-0.042022675,-0.76921254,-0.63760972,0
-0.76321507,-4.4205632,0.53718972,-0.43480837,-0.5604915,0.70483387,0
1.6955442,-4.8564525,-0.38958454,0.89954191,-0.30685699,0.31090671,0
-4.1084146,-3.701088,-1.5006485,-0.042022675,-0.76921254,-0.63760972,0
-1.9633517,-4.4389105,-0.22051024,-0.43480837,-0.5604915,0.70483387,0
1.6965792,-3.8604045,1.0569093,0.89954191,-0.30685699,0.31090671,0
2.954999,2.578357,-0.15227759,0.43480837,0.5604915,-0.70483387,0
-0.29177928,-2.0701225,2.4174755,-0.43480837,-0.5604915,0.70483387,0
-3.5164366,0.43858719,2.4954643,-0.43480837,-0.5604915,0.70483387,0
-1.1698463,-3.3200066,-2.4381423,-0.042022675,-0.76921254,-0.63760972,0
1.0739613,-5.5472679,0.39781094,-0.042022675,-0.76921254,-0.63760972,0
-1.4817228,1.338622,-3.4413714,-0.89954191,0.30685699,-0.31090671,0
-1.606883,0.20766854,3.6903272,-0.43480837,-0.5604915,0.70483387,0
2.4899929,-3.0387852,-1.0821109,0.89954191,-0.30685699,0.31090671,0
3.1703446,-2.4083576,-1.944865,0.89954191,-0.30685699,0.31090671,0
3.5100632,1.5096469,0.38915938,0.89954191,-0.30685699,0.31090671,0
4.0667119,3.6065288,1.9017732,0.89954191,-0.30685699,0.31090671,0
-2.3509595,-2.2232385,1.1382731,-0.43480837,-0.5604915,0.70483387,0
1.1928644,-0.94701391,4.4419646,-0.43480837,-0.5604915,0.70483387,0
2.0650496,-3.9557331,-0.39815021,0.89954191,-0.30685699,0.31090671,0
3.7306798,1.3145461,0.73214912,0.89954191,-0.30685699,0.31090671,0
-2.3158312,3.4917607,-0.09828186,-0.89954191,0.30685699,-0.31090671,0
1.0254843,0.68874073,5.224781,-0.43480837,-0.5604915,0.70483387,0
-2.6167777,-2.6132603,0.36326182,-0.43480837,-0.5604915,0.70483387,0
-1.1064394,-2.5531445,-3.0286255,-0.042022675,-0.76921254,-0.63760972,0
-1.4442103,4.1284332,-0.75962782,-0.89954191,0.30685699,-0.31090671,0
-3.2434096,-3.4715195,-2.1139164,-0.042022675,-0.76921254,-0.63760972,0
2.9598014,-3.3885272,-2.3425543,-0.042022675,-0.76921254,-0.63760972,0
1.0482025,-4.6908417,-0.37849092,-0.042022675,-0.76921254,-0.63760972,0
-1.4482462,1.4350131,4.5975523,0.042022675,0.76921254,0.63760972,0
2.0297658,-1.0583887,2.1489105,0.89954191,-0.30685699,0.31090671,0
-1.5200825,1.4575039,-3.1797652,-0.89954191,0.30685699,-0.31090671,0
1.2675855,0.25670171,-3.3353026,0.43480837,0.5604915,-0.70483387,0
-0.47669184,1.5183369,4.5000215,0.042022675,0.76921254,0.63760972,0
-3.0671961,0.51182342,-0.076884151,-0.89954191,0.30685699,-0.31090671,0
-0.5502243,-1.9271201,-4.0113287,-0.042022675,-0.76921254,-0.63760972,0
-1.1463257,1.9377226,3.9797387,0.042022675,0.76921254,0.63760972,0
1.9001682,4.3955517,0.34362912,0.43480837,0.5604915,-0.70483387,0
1.9050013,0.69308221,5.0412893,0.89954191,-0.30685699,0.31090671,0
0.6975373,-3.2762992,-2.5056365,-0.042022675,-0.76921254,-0.63760972,0
3.035295,-0.40744734,0.6670388,0.89954191,-0.30685699,0.31090671,0
-1.7454454,3.7198167,1.7689292,0.042022675,0.76921254,0.63760972,0
0.67828369,-4.7083755,-0.4667697,-0.042022675,-0.76921254,-0.63760972,0
3.4090695,0.57359123,0.89323658,0.89954191,-0.30685699,0.31090671,0
2.7979639,3.8914585,1.3771731,0.042022675,0.76921254,0.63760972,0
2.9604723,-2.3414936,-3.6310153,-0.042022675,-0.76921254,-0.63760972,0
-2.9804616,-2.4500892,-2.8080015,-0.89954191,0.30685699,-0.31090671,0
-0.90882206,-4.2197819,-0.98850155,-0.042022675,-0.76921254,-0.63760972,0
1.582931,4.9305706,0.43892145,0.43480837,0.5604915,-0.70483387,0
-1.3769512,5.394465,0.060158253,0.042022675,0.76921254,0.63760972,0
-2.7853754,1.4729729,3.7519932,-0.43480837,-0.5604915,0.70483387,0
0.78188705,-4.1841402,1.1901832,-0.43480837,-0.5604915,0.70483387,0
-2.1020944,4.5383005,1.0510595,0.042022675,0.76921254,0.63760972,0
-0.85993242,-3.5694108,0.62816048,-0.43480837,-0.5604915,0.70483387,0
3.4638896,0.97275853,0.48768106,0.89954191,-0.30685699,0.31090671,0
-3.2711487,-1.62412,1.0748557,-0.43480837,-0.5604915,0.70483387,0
0.36863041,-4.6603832,-0.86049891,-0.042022675,-0.76921254,-0.63760972,0
-3.477644,0.60510969,0.44615018,-0.89954191,0.30685699,-0.31090671,0
-0.79991901,-1.105623,-4.6130681,-0.042022675,-0.76921254,-0.63760972,0
-3.7363853,-3.3272495,-0.4822675,-0.43480837,-0.5604915,0.70483387,0
0.94421434,-1.364135,3.731221,-0.43480837,-0.5604915,0.70483387,0
3.7043717,-1.0563593,-3.090055,0.43480837,0.5604915,-0.70483387,0
2.1197643,-2.6824605,-2.9276381,-0.042022675,-0.76921254,-0.63760972,0
-2.9347968,-2.1831379,-3.6609552,-0.042022675,-0.76921254,-0.63760972,0
0.2591238,0.49411905,-3.5856562,0.43480837,0.5604915,-0.70483387,0
-2.1970451,0.15086222,-2.8296192,-0.89954191,0.30685699,-0.31090671,0
-1.2838817,4.5782838,-1.4049675,0.43480837,0.5604915,-0.70483387,0
-2.7746139,-0.80463123,1.8746352,-0.43480837,-0.5604915,0.70483387,0
-2.6511328,-2.1396189,-3.7160215,-0.042022675,-0.76921254,-0.63760972,0
-0.6161828,-3.7946763,-1.4978932,-0.042022675,-0.76921254,-0.63760972,0
-3.2246089,-2.3928466,-2.5658333,-0.89954191,0.30685699,-0.31090671,0
1.0158081,-0.31029314,4.4145813,-0.43480837,-0.5604915,0.70483387,0
-1.6795077,-0.12039042,-4.9528227,-0.89954191,0.30685699,-0.31090671,0
1.7891939,-1.2399073,2.8118813,0.89954191,-0.30685699,0.31090671,0
-3.1441619,0.043259621,-0.57810467,-0.89954191,0.30685699,-0.31090671,0
2.0105872,1.424383,-2.1131735,0.43480837,0.5604915,-0.70483387,0
-2.4909365,1.7261074,4.1964073,-0.43480837,-0.5604915,0.70483387,0
2.9973457,0.67844701,-1.7905482,0.43480837,0.5604915,-0.70483387,0
1.4900026,-2.806649,-2.7628577,-0.042022675,-0.76921254,-0.63760972,0
-0.43077034,2.5091417,3.5699334,0.042022675,0.76921254,0.63760972,0
-1.7741194,2.639235,-2.32271,-0.89954191,0.30685699,-0.31090671,0
2.6538455,-2.366998,-3.793448,-0.042022675,-0.76921254,-0.63760972,0
0.33307171,5.051003,0.11299801,0.43480837,0.5604915,-0.70483387,0
-0.60212135,-4.4833236,0.2283144,-0.43480837,-0.5604915,0.70483387,0
-1.6815519,3.6735153,-0.93083835,-0.89954191,0.30685699,-0.31090671,0
3.5341918,3.8324478,1.1325145,0.042022675,0.76921254,0.63760972,0
0.50090837,-4.7239318,0.86246681,-0.43480837,-0.5604915,0.70483387,0
-0.88041973,4.811574,0.22210836,0.042022675,0.76921254,0.63760972,0
-2.5906544,2.0310757,0.32164741,-0.89954191,0.30685699,-0.31090671,0
-3.4286029,1.6405845,3.4067755,-0.43480837,-0.5604915,0.70483387,0
1.0518886,3.0422111,2.5429602,0.042022675,0.76921254,0.63760972,0
-1.0449622,-2.8129001,-3.0371242,-0.042022675,-0.76921254,-0.63760972,0
-2.3141012,-3.933028,-1.5984379,-0.042022675,-0.76921254,-0.63760972,0
-0.46886206,3.2719839,-1.7281821,0.43480837,0.5604915,-0.70483387,0
-2.4344151,1.5580754,-0.56177986,-0.89954191,0.30685699,-0.31090671,0
2.556396,-2.3803687,-3.5358019,-0.042022675,-0.76921254,-0.63760972,0
-1.7487028,4.4018211,0.85845375,0.042022675,0.76921254,0.63760972,0
-2.929647,-2.2447922,-3.0447121,-0.89954191,0.30685699,-0.31090671,0
1.2991433,-0.76029563,4.6429601,-0.43480837,-0.5604915,0.70483387,0
-3.0089998,-1.641268,-3.2030435,-0.89954191,0.30685699,-0.31090671,0
-0.68696713,-0.46888477,-5.2286,0.43480837,0.5604915,-0.70483387,0
1.0564773,-2.1183403,-4.0543451,-0.042022675,-0.76921254,-0.63760972,0
2.6970012,0.034042597,1.8906349,0.89954191,-0.30685699,0.31090671,0
-1.1918688,-3.5154967,-2.1280026,-0.042022675,-0.76921254,-0.63760972,0
1.0041692,-1.1163695,3.7324102,-0.43480837,-0.5604915,0.70483387,0
2.6974626,3.691551,1.7565054,0.042022675,0.76921254,0.63760972,0
-3.0817573,0.7768712,3.1503897,-0.43480837,-0.5604915,0.70483387,0
3.3325467,-1.906296,-3.6832266,0.43480837,0.5604915,-0.70483387,0
-1.1082488,3.7586541,1.9515483,0.042022675,0.76921254,0.63760972,0
0.97194362,-1.7880272,3.3180506,-0.43480837,-0.5604915,0.70483387,0
-0.038971901,1.121976,4.629529,0.042022675,0.76921254,0.63760972,0
-0.37771654,0.09413828,-4.5348086,0.43480837,0.5604915,-0.70483387,0
3.7449157,3.8659797,1.3394803,0.43480837,0.5604915,-0.70483387,0
-1.325434,-3.073842,1.0718728,-0.43480837,-0.5604915,0.70483387,0
2.616879,-3.5723877,-1.0858748,0.89954191,-0.30685699,0.31090671,0
0.37495065,0.56652659,4.685195,-0.43480837,-0.5604915,0.70483387,0
3.7309711,-1.8393459,-3.1761241,0.89954191,-0.30685699,0.31090671,0
-2.1036863,-0.38191533,-4.5324731,-0.89954191,0.30685699,-0.31090671,0
-2.1866684,4.2061825,1.6219809,0.042022675,0.76921254,0.63760972,0
-0.49610519,-2.9178004,-2.901516,-0.042022675,-0.76921254,-0.63760972,0
1.68767,-5.0947475,-0.21222496,-0.042022675,-0.76921254,-0.63760972,0
-3.9881754,0.038969517,1.563514,-0.89954191,0.30685699,-0.31090671,0
1.6156707,-1.2291143,-4.053051,0.43480837,0.5604915,-0.70483387,0
-1.523159,2.9455526,-2.2925546,-0.89954191,0.30685699,-0.31090671,0
-0.89422512,4.7288113,0.65644526,0.042022675,0.76921254,0.63760972,0
-0.99497771,-2.5637479,1.3401132,-0.43480837,-0.5604915,0.70483387,0
1.9975394,-0.31743503,-3.4674702,0.43480837,0.5604915,-0.70483387,0
1.7979327,0.67167997,5.4944644,0.89954191,-0.30685699,0.31090671,0
-0.15205908,4.9632339,-0.18911982,0.43480837,0.5604915,-0.70483387,0
1.9553114,-2.091388,-3.8465166,-0.042022675,-0.76921254,-0.63760972,0
1.095221,-4.9120297,1.0257297,0.89954191,-0.30685699,0.31090671,0
-0.4128325,0.89876276,4.4633169,-0.43480837,-0.5604915,0.70483387,0
2.9306557,-0.80505276,-3.1054363,0.43480837,0.5604915,-0.70483387,0
0.11470008,0.16179606,-4.1557856,0.43480837,0.5604915,-0.70483387,0
-3.2152309,2.8593407,2.3936505,-0.89954191,0.30685699,-0.31090671,0
2.3322425,3.7960629,0.013525009,0.43480837,0.5604915,-0.70483387,0
3.5774026,0.29438114,-0.82897645,0.89954191,-0.30685699,0.31090671,0
-2.5086188,3.1433465,2.4168849,0.042022675,0.76921254,0.63760972,0
-1.3477092,-2.0685976,2.0184476,-0.43480837,-0.5604915,0.70483387,0
-3.2478178,-0.12129664,-0.85344273,-0.89954191,0.30685699,-0.31090671,0
-3.124939,-0.98548722,1.4977025,-0.43480837,-0.5604915,0.70483387,0
2.9602737,3.3377876,0.39277685,0.43480837,0.5604915,-0.70483387,0
0.18860817,-4.5167761,-0.62305737,-0.042022675,-0.76921254,-0.63760972,0
2.7963161,-1.7720776,-0.4270432,0.89954191,-0.30685699,0.31090671,0
2.4733312,-2.1353285,-3.6088986,-0.042022675,-0.76921254,-0.63760972,0
-2.2233298,-3.9710908,-0.50061715,-0.43480837,-0.5604915,0.70483387,0
-0.077544689,4.9943643,0.22779202,0.042022675,0.76921254,0.63760972,0
-3.9680796,-1.3880928,-0.081897825,-0.89954191,0.30685699,-0.31090671,0
2.7892704,-1.3698556,-0.23841369,0.89954191,-0.30685699,0.31090671,0
1.4720867,3.1552758,-0.76831061,0.43480837,0.5604915,-0.70483387,0
0.87416983,-0.25406784,4.6483989,-0.43480837,-0.5604915,0.70483387,0
-0.32134199,-4.5861588,-0.72888684,-0.042022675,-0.76921254,-0.63760972,0
2.6636164,-1.312391,0.007674098,0.89954191,-0.30685699,0.31090671,0
2.2634416,3.0646563,2.7343087,0.042022675,0.76921254,0.63760972,0
1.069989,-2.3181009,3.2091157,-0.43480837,-0.5604915,0.70483387,0
3.990674,2.1517591,0.46841663,0.89954191,-0.30685699,0.31090671,0
-2.9786851,1.1222744,0.62249601,-0.89954191,0.30685699,-0.31090671,0
1.0238256,-3.7984297,-1.5952904,-0.042022675,-0.76921254,-0.63760972,0
-2.1718318,-2.830272,-2.8825614,-0.042022675,-0.76921254,-0.63760972,0
1.6990919,-4.0755386,0.87989163,0.89954191,-0.30685699,0.31090671,0
1.9493791,-0.27193332,4.37676,0.89954191,-0.30685699,0.31090671,0
2.0099978,-3.2625003,0.0008058548,0.89954191,-0.30685699,0.31090671,0
0.53951919,1.5649588,4.2677197,0.042022675,0.76921254,0.63760972,0
0.088579893,0.91724551,4.7571058,-0.43480837,-0.5604915,0.70483387,0
0.88543111,1.6456513,4.1507554,0.042022675,0.76921254,0.63760972,0
1.9688528,-3.1733143,0.58487344,0.89954191,-0.30685699,0.31090671,0
2.0967691,1.6072247,4.4919915,0.042022675,0.76921254,0.63760972,0
-3.4901636,1.1178913,3.0539486,-0.43480837,-0.5604915,0.70483387,0
-1.3016913,3.1579351,-2.3051939,0.43480837,0.5604915,-0.70483387,0
1.4782944,3.501179,1.9172099,0.042022675,0.76921254,0.63760972,0
-2.5413475,2.5900669,3.2856376,0.042022675,0.76921254,0.63760972,0
2.8814998,-2.2352266,-1.4673984,0.89954191,-0.30685699,0.31090671,0
-3.8703315,-3.4402072,-1.8209426,-0.89954191,0.30685699,-0.31090671,0
1.1645942,0.1835047,-3.3277655,0.43480837,0.5604915,-0.70483387,0
3.6550789,0.76327133,0.11866701,0.89954191,-0.30685699,0.31090671,0
2.3459444,-3.3308794,-0.063230276,0.89954191,-0.30685699,0.31090671,0
-0.31360817,1.209144,-3.6092224,0.43480837,0.5604915,-0.70483387,0
1.4732659,-3.3027201,1.5528848,0.89954191,-0.30685699,0.31090671,0
-1.6080904,1.2329923,-3.5420468,-0.89954191,0.30685699,-0.31090671,0
3.6469836,3.0535355,1.7834991,0.89954191,-0.30685699,0.31090671,0
1.9332001,-3.1768475,0.86586368,0.89954191,-0.30685699,0.31090671,0
1.8214862,0.22735,-2.9849184,0.43480837,0.5604915,-0.70483387,0
2.5920072,4.2531447,1.1587006,0.042022675,0.76921254,0.63760972,0
2.7442675,3.5930402,0.15784812,0.43480837,0.5604915,-0.70483387,0
1.0219824,3.0773432,-0.92440164,0.43480837,0.5604915,-0.70483387,0
3.7209239,1.8401368,0.28442892,0.89954191,-0.30685699,0.31090671,0
1.9944196,-2.795625,-2.9423025,-0.042022675,-0.76921254,-0.63760972,0
1.1992733,2.232496,3.1999512,0.042022675,0.76921254,0.63760972,0
2.2138436,2.8984413,-0.57261795,0.43480837,0.5604915,-0.70483387,0
-0.14396238,-4.7338657,-0.36978388,-0.042022675,-0.76921254,-0.63760972,0
2.8772361,1.2871315,2.4342127,0.89954191,-0.30685699,0.31090671,0
0.58174157,0.67583799,-3.3975103,0.43480837,0.5604915,-0.70483387,0
-0.26552176,-4.2448354,-1.2678237,-0.042022675,-0.76921254,-0.63760972,0
2.8087192,-2.9788094,-2.6736879,-0.042022675,-0.76921254,-0.63760972,0
0.74133325,-1.1339133,3.789093,-0.43480837,-0.5604915,0.70483387,0
