-3.8576548,1.0931234,-1.3836811,-0.91283631,-0.17291641,0.36990541,0
0.23842764,-2.7558081,1.0166349,0.24915338,-0.95358992,0.16908315,0
2.3127337,-3.3167264,-3.3763661,0.24915338,-0.95358992,0.16908315,0
-3.5736229,-0.55949235,-1.171474,-0.91283631,-0.17291641,0.36990541,0
-1.5031543,-0.19180512,-2.7784498,-0.32350087,-0.24650848,-0.91355407,0
3.7345366,-0.74364829,1.0419297,0.91283631,0.17291641,-0.36990541,0
1.1117108,3.4641504,-0.1474454,-0.24915338,0.95358992,-0.16908315,0
0.61639106,-2.2268527,3.8298197,0.24915338,-0.95358992,0.16908315,0
-2.1623921,-0.65718979,2.851434,-0.91283631,-0.17291641,0.36990541,0
1.2737976,1.0878999,2.734107,0.32350087,0.24650848,0.91355407,0
-1.8768539,-2.3316483,2.7012091,-0.91283631,-0.17291641,0.36990541,0
4.1545143,-1.4532225,1.2707741,0.91283631,0.17291641,-0.36990541,0
3.3541074,0.12801838,0.12727642,0.91283631,0.17291641,-0.36990541,0
-2.5342588,-1.7446361,-1.9477608,-0.32350087,-0.24650848,-0.91355407,0
-1.7877173,2.9818828,2.6050563,-0.24915338,0.95358992,-0.16908315,0
3.7534893,1.8440819,1.6120028,0.32350087,0.24650848,0.91355407,0
0.92420018,-0.60515785,-3.666635,-0.32350087,-0.24650848,-0.91355407,0
3.9761946,-0.60134888,1.0997014,0.91283631,0.17291641,-0.36990541,0
2.3840888,1.7931997,-1.7788875,0.91283631,0.17291641,-0.36990541,0
2.9199371,-0.71819115,2.5237823,0.32350087,0.24650848,0.91355407,0
3.7212169,1.7071953,1.5114532,0.91283631,0.17291641,-0.36990541,0
-1.7682221,-0.61026907,-2.2912529,-0.32350087,-0.24650848,-0.91355407,0
1.7160408,2.1397569,-3.3859341,0.91283631,0.17291641,-0.36990541,0
-3.3369899,-0.64101243,-0.62651563,-0.91283631,-0.17291641,0.36990541,0
0.42840958,-2.929704,0.18649423,0.24915338,-0.95358992,0.16908315,0
-0.086921692,2.9295406,-0.20860881,-0.24915338,0.95358992,-0.16908315,0
3.5756955,-1.7862327,1.3822637,0.24915338,-0.95358992,0.16908315,0
2.4974828,-2.7536995,-3.4630756,-0.32350087,-0.24650848,-0.91355407,0
-2.6569204,-1.835953,0.75343752,-0.91283631,-0.17291641,0.36990541,0
2.167309,3.7264361,1.1334144,-0.24915338,0.95358992,-0.16908315,0
-2.0466623,0.85096264,-2.9833648,-0.32350087,-0.24650848,-0.91355407,0
-0.54641724,-2.0118117,-2.4023659,-0.32350087,-0.24650848,-0.91355407,0
1.4801152,-3.0954118,-1.0840716,0.24915338,-0.95358992,0.16908315,0
2.9969299,1.7942188,0.43183899,0.91283631,0.17291641,-0.36990541,0
-2.3726103,2.6531265,0.74520111,-0.24915338,0.95358992,-0.16908315,0
2.0489781,-0.081821442,2.5213635,0.32350087,0.24650848,0.91355407,0
0.46646023,-3.0453472,0.63587797,0.24915338,-0.95358992,0.16908315,0
-0.95582014,0.079204321,-3.0916739,-0.32350087,-0.24650848,-0.91355407,0
-0.16235483,2.5100718,-3.8224683,-0.24915338,0.95358992,-0.16908315,0
-0.18731928,3.3432405,1.8306649,-0.24915338,0.95358992,-0.16908315,0
2.021214,-2.4934368,1.3805563,0.24915338,-0.95358992,0.16908315,0
1.3349526,-2.6535389,1.8540931,0.24915338,-0.95358992,0.16908315,0
2.1755438,2.2117002,-1.8588068,0.91283631,0.17291641,-0.36990541,0
0.8309927,-3.4387109,-2.7491896,-0.32350087,-0.24650848,-0.91355407,0
-1.7848234,-1.634297,3.2115111,-0.91283631,-0.17291641,0.36990541,0
3.4728389,-2.0222054,0.075130463,0.24915338,-0.95358992,0.16908315,0
-2.761513,-3.3100276,-0.45163846,-0.91283631,-0.17291641,0.36990541,0
-2.7571652,2.6816437,2.7185624,-0.91283631,-0.17291641,0.36990541,0
-1.037056,-3.6529465,-1.5880344,0.24915338,-0.95358992,0.16908315,0
-2.4941626,-2.1342335,0.5611757,-0.91283631,-0.17291641,0.36990541,0
-1.029333,-0.22847319,-2.8850851,-0.32350087,-0.24650848,-0.91355407,0
0.86086464,2.9889946,-1.2894776,-0.24915338,0.95358992,-0.16908315,0
2.3150744,-2.2097726,1.6377207,0.24915338,-0.95358992,0.16908315,0
1.4002894,0.63045263,2.8177409,0.32350087,0.24650848,0.91355407,0
-2.4895117,2.4303231,-1.3698598,-0.24915338,0.95358992,-0.16908315,0
2.8460746,-0.60697699,2.2830596,0.32350087,0.24650848,0.91355407,0
2.9164162,-1.0212588,2.6356113,0.32350087,0.24650848,0.91355407,0
-2.8627794,0.81456602,1.4952402,-0.91283631,-0.17291641,0.36990541,0
-1.6512636,0.49976707,3.7513714,0.32350087,0.24650848,0.91355407,0
-0.96495867,2.0814362,2.9773693,0.32350087,0.24650848,0.91355407,0
0.09860301,2.128438,2.7519033,0.32350087,0.24650848,0.91355407,0
1.6859832,3.215307,-2.0978894,0.91283631,0.17291641,-0.36990541,0
1.2050828,-2.5345178,2.5189767,0.24915338,-0.95358992,0.16908315,0
-2.9721541,1.2476257,1.7106249,-0.91283631,-0.17291641,0.36990541,0
-2.497098,-2.2769396,0.66425943,-0.91283631,-0.17291641,0.36990541,0
3.8324664,-0.33015156,1.9006352,0.32350087,0.24650848,0.91355407,0
-1.7604948,-2.8233993,2.1756175,-0.91283631,-0.17291641,0.36990541,0
-2.2216799,-0.95860499,1.7567471,-0.91283631,-0.17291641,0.36990541,0
-0.49178854,-1.4617811,3.6691461,0.32350087,0.24650848,0.91355407,0
1.4617386,-2.8923342,-0.68938112,0.24915338,-0.95358992,0.16908315,0
1.6682395,-2.1107006,2.5886655,0.24915338,-0.95358992,0.16908315,0
-2.5595322,0.11457263,2.3207436,-0.91283631,-0.17291641,0.36990541,0
-2.3129895,-0.73400843,2.3955808,-0.91283631,-0.17291641,0.36990541,0
2.3052292,-3.207355,-3.0341549,0.24915338,-0.95358992,0.16908315,0
-0.8325758,-3.5907295,-1.6348094,0.24915338,-0.95358992,0.16908315,0
2.4684396,-1.7017277,-2.8206172,0.91283631,0.17291641,-0.36990541,0
3.7396808,-1.8771858,0.61318874,0.24915338,-0.95358992,0.16908315,0
-1.5551108,2.3581979,-1.3877933,-0.24915338,0.95358992,-0.16908315,0
2.3514307,-1.7908704,-2.6894515,0.91283631,0.17291641,-0.36990541,0
-3.7288959,0.36555266,-1.139004,-0.91283631,-0.17291641,0.36990541,0
3.0092657,-0.82291234,-1.001754,0.91283631,0.17291641,-0.36990541,0
-2.1713881,2.9567695,1.411397,-0.24915338,0.95358992,-0.16908315,0
-1.7034775,-2.475724,2.4554384,-0.91283631,-0.17291641,0.36990541,0
1.3527081,-2.5929923,1.7979227,0.24915338,-0.95358992,0.16908315,0
-2.4044683,-2.3465731,0.55129218,-0.91283631,-0.17291641,0.36990541,0
2.2750492,-2.0827649,1.8998559,0.24915338,-0.95358992,0.16908315,0
3.7340205,-0.93442369,0.67065001,0.91283631,0.17291641,-0.36990541,0
-2.3369803,1.5009909,-2.8298068,-0.32350087,-0.24650848,-0.91355407,0
0.41838241,2.8814273,-2.9997501,-0.24915338,0.95358992,-0.16908315,0
-1.4828494,-3.0496531,-1.7776161,-0.32350087,-0.24650848,-0.91355407,0
-1.5333326,2.872391,0.2669239,-0.24915338,0.95358992,-0.16908315,0
-0.094244242,2.9853015,-1.779555,-0.24915338,0.95358992,-0.16908315,0
1.883023,1.8365037,1.9538218,0.32350087,0.24650848,0.91355407,0
1.3314285,-2.6662421,1.6660218,0.24915338,-0.95358992,0.16908315,0
-0.34476042,3.0508573,2.6623335,0.32350087,0.24650848,0.91355407,0
0.44626305,0.77891779,-3.6076083,-0.32350087,-0.24650848,-0.91355407,0
1.7506132,-2.7377653,-3.3778143,-0.32350087,-0.24650848,-0.91355407,0
-1.1001449,2.9054835,0.17209172,-0.24915338,0.95358992,-0.16908315,0
-0.80134368,-2.9552979,1.7510698,0.24915338,-0.95358992,0.16908315,0
-2.4667015,-3.4344206,-1.4171206,-0.32350087,-0.24650848,-0.91355407,0
-0.82443094,-1.7114019,3.9891915,0.32350087,0.24650848,0.91355407,0
3.4871182,-0.96660399,-0.092428207,0.91283631,0.17291641,-0.36990541,0
-2.4551582,-1.3695943,-2.2502093,-0.32350087,-0.24650848,-0.91355407,0
0.72717059,-1.3027225,3.1950774,0.32350087,0.24650848,0.91355407,0
2.8596725,-1.8941605,1.893026,0.24915338,-0.95358992,0.16908315,0
-0.19930387,-3.1545763,1.289912,0.24915338,-0.95358992,0.16908315,0
0.7674607,0.18087482,2.8916187,0.32350087,0.24650848,0.91355407,0
-2.4384873,2.1412668,2.661139,-0.91283631,-0.17291641,0.36990541,0
-0.40823275,1.5984421,-3.7393956,-0.32350087,-0.24650848,-0.91355407,0
-0.47260141,2.355756,-3.1092424,-0.24915338,0.95358992,-0.16908315,0
-2.9148321,1.3403599,-2.8195579,-0.32350087,-0.24650848,-0.91355407,0
2.1193652,0.094854832,2.6666558,0.32350087,0.24650848,0.91355407,0
-0.30994332,-0.86403584,3.7441797,0.32350087,0.24650848,0.91355407,0
0.55649734,-0.84056687,-3.1504943,-0.32350087,-0.24650848,-0.91355407,0
3.9178619,-0.33231974,1.7519176,0.91283631,0.17291641,-0.36990541,0
-0.073499195,-0.92273331,3.4267373,0.32350087,0.24650848,0.91355407,0
3.5565631,1.9726081,1.2676356,0.91283631,0.17291641,-0.36990541,0
0.037510395,3.3041589,1.7521851,-0.24915338,0.95358992,-0.16908315,0
2.7263491,2.0339985,1.8761523,0.32350087,0.24650848,0.91355407,0
0.75816828,-1.5057735,3.5233288,0.32350087,0.24650848,0.91355407,0
-0.83320659,0.35473394,-3.2127228,-0.32350087,-0.24650848,-0.91355407,0
-2.028913,-3.7872925,-0.19420099,0.24915338,-0.95358992,0.16908315,0
3.8580303,0.80615997,1.6058123,0.91283631,0.17291641,-0.36990541,0
-2.9272242,-3.4122345,-1.4981589,-0.32350087,-0.24650848,-0.91355407,0
0.92749858,-3.0448649,-1.8953669,0.24915338,-0.95358992,0.16908315,0
3.1736934,1.7302423,0.057826757,0.91283631,0.17291641,-0.36990541,0
-3.2572212,-1.3866994,-1.0827434,-0.91283631,-0.17291641,0.36990541,0
1.4469135,-2.4261742,1.7381096,0.24915338,-0.95358992,0.16908315,0
1.7369814,-2.9851756,-3.2706523,-0.32350087,-0.24650848,-0.91355407,0
-3.0645561,-2.8073699,-0.53458631,-0.91283631,-0.17291641,0.36990541,0
2.0803187,-0.47691536,2.5308809,0.32350087,0.24650848,0.91355407,0
1.6237893,0.41771019,-3.6703906,0.91283631,0.17291641,-0.36990541,0
-2.188889,2.3970323,3.4393244,0.32350087,0.24650848,0.91355407,0
0.76494241,3.5178823,-0.11925142,-0.24915338,0.95358992,-0.16908315,0
-2.4035783,-1.170005,1.7027131,-0.91283631,-0.17291641,0.36990541,0
-1.4211116,2.2693276,3.3549507,0.32350087,0.24650848,0.91355407,0
0.4219451,3.1115935,-0.70582449,-0.24915338,0.95358992,-0.16908315,0
0.48004389,3.2000222,2.1605608,0.32350087,0.24650848,0.91355407,0
0.47457826,-0.27997351,-3.3656769,-0.32350087,-0.24650848,-0.91355407,0
2.1892667,-0.10756803,-2.6771109,0.91283631,0.17291641,-0.36990541,0
0.92419481,3.5955143,1.8038332,0.32350087,0.24650848,0.91355407,0
2.0036631,-0.5942986,-3.3517952,0.91283631,0.17291641,-0.36990541,0
-0.34712505,-3.3299148,-2.1279097,-0.32350087,-0.24650848,-0.91355407,0
-2.3203938,2.569761,-0.67683578,-0.24915338,0.95358992,-0.16908315,0
-2.6680064,-2.1078997,0.081318021,-0.91283631,-0.17291641,0.36990541,0
-1.9895954,0.16520989,3.7727849,-0.91283631,-0.17291641,0.36990541,0
2.8348169,1.8617125,-0.55154681,0.91283631,0.17291641,-0.36990541,0
2.9259458,2.1879427,0.065360308,0.91283631,0.17291641,-0.36990541,0
-1.3339825,-2.2260392,3.7064838,-0.91283631,-0.17291641,0.36990541,0
-1.8409015,-2.2693577,-1.9740896,-0.32350087,-0.24650848,-0.91355407,0
2.7291741,-2.2951989,-2.8021054,0.91283631,0.17291641,-0.36990541,0
-1.5657933,-3.3125246,0.3785466,0.24915338,-0.95358992,0.16908315,0
-1.2390198,-1.9638587,4.109766,-0.91283631,-0.17291641,0.36990541,0
2.6617768,0.43221325,-1.3144662,0.91283631,0.17291641,-0.36990541,0
-3.5572679,0.56865883,-0.7359581,-0.91283631,-0.17291641,0.36990541,0
1.6936679,2.8013875,1.9578192,0.32350087,0.24650848,0.91355407,0
2.280416,3.8458371,1.2595861,0.32350087,0.24650848,0.91355407,0
0.49286222,-3.1382685,-2.5773423,-0.32350087,-0.24650848,-0.91355407,0
1.17825,-0.68579149,3.2168391,0.32350087,0.24650848,0.91355407,0
0.26024866,2.9253998,-0.49797535,-0.24915338,0.95358992,-0.16908315,0
2.1333899,2.9547966,-1.0582049,0.91283631,0.17291641,-0.36990541,0
-1.3512049,1.4262025,3.567101,0.32350087,0.24650848,0.91355407,0
-3.5837054,0.34369564,-0.85428452,-0.91283631,-0.17291641,0.36990541,0
-0.8292104,-0.75900364,-2.6558294,-0.32350087,-0.24650848,-0.91355407,0
-1.725535,-0.34542036,3.7298565,-0.91283631,-0.17291641,0.36990541,0
-0.9279061,0.20461321,-2.8647881,-0.32350087,-0.24650848,-0.91355407,0
-1.8255936,-2.7008111,2.2866461,-0.91283631,-0.17291641,0.36990541,0
-2.1250894,0.253892,3.0158746,-0.91283631,-0.17291641,0.36990541,0
4.3319006,-1.7449107,1.9489145,0.24915338,-0.95358992,0.16908315,0
-2.582727,-1.9914616,0.39186573,-0.91283631,-0.17291641,0.36990541,0
-0.60900259,-2.7039142,2.3389661,0.24915338,-0.95358992,0.16908315,0
3.0655792,2.4762337,1.4424548,0.32350087,0.24650848,0.91355407,0
-0.45889831,0.44033051,3.5098102,0.32350087,0.24650848,0.91355407,0
0.62167752,2.5333858,-3.5773511,-0.24915338,0.95358992,-0.16908315,0
0.38588393,-1.5550938,3.7324362,0.32350087,0.24650848,0.91355407,0
-0.76414919,2.9060261,-1.3240793,-0.24915338,0.95358992,-0.16908315,0
0.15698946,-2.3995888,2.8375485,0.24915338,-0.95358992,0.16908315,0
-1.5494999,0.8368181,3.725543,0.32350087,0.24650848,0.91355407,0
-2.9003758,-2.0332053,-1.7206728,-0.32350087,-0.24650848,-0.91355407,0
1.2840066,3.3016167,1.7247405,0.32350087,0.24650848,0.91355407,0
-1.3482363,-1.889573,4.0343356,-0.91283631,-0.17291641,0.36990541,0
-2.1098344,-3.4934378,-1.3873811,-0.32350087,-0.24650848,-0.91355407,0
2.8023553,-1.0286731,-1.3165672,0.91283631,0.17291641,-0.36990541,0
2.6587138,0.53853703,2.1242962,0.32350087,0.24650848,0.91355407,0
-2.9554129,-1.4292858,0.2984581,-0.91283631,-0.17291641,0.36990541,0
-0.80089456,0.10582185,3.4919598,0.32350087,0.24650848,0.91355407,0
-1.9117765,1.8171287,3.4016814,0.32350087,0.24650848,0.91355407,0
2.4903543,3.4073403,-0.25174189,0.91283631,0.17291641,-0.36990541,0
3.5215945,0.51387644,1.8824539,0.32350087,0.24650848,0.91355407,0
2.1730261,-2.9363799,-2.0832753,0.24915338,-0.95358992,0.16908315,0
-0.30599439,-0.52601337,-3.0754371,-0.32350087,-0.24650848,-0.91355407,0
-2.026346,2.9333723,0.87232447,-0.24915338,0.95358992,-0.16908315,0
-0.046189547,2.9849954,-0.082841277,-0.24915338,0.95358992,-0.16908315,0
3.4408064,-2.1904821,-0.49023271,0.24915338,-0.95358992,0.16908315,0
-0.084225893,3.0854023,-0.58741909,-0.24915338,0.95358992,-0.16908315,0
0.51973867,-2.0929823,-2.7547989,-0.32350087,-0.24650848,-0.91355407,0
3.2568319,-1.3499997,2.2964196,0.32350087,0.24650848,0.91355407,0
2.1348791,2.6119382,-1.0906496,0.91283631,0.17291641,-0.36990541,0
-1.0785825,1.0411251,-3.2535493,-0.32350087,-0.24650848,-0.91355407,0
2.9424229,-1.3814777,-1.3775725,0.91283631,0.17291641,-0.36990541,0
-2.4443607,2.481173,0.4799614,-0.24915338,0.95358992,-0.16908315,0
-1.8665295,-0.18789685,3.9356692,-0.91283631,-0.17291641,0.36990541,0
-3.4170642,-1.1264973,-0.46235871,-0.91283631,-0.17291641,0.36990541,0
2.7478981,-0.88412118,-1.9171447,0.91283631,0.17291641,-0.36990541,0
-0.95842862,-1.9727731,-2.400805,-0.32350087,-0.24650848,-0.91355407,0
-1.0381545,-0.15079021,3.6232193,0.32350087,0.24650848,0.91355407,0
1.9974142,1.6873245,-2.909121,0.91283631,0.17291641,-0.36990541,0
-2.6849663,-0.49342859,1.3095714,-0.91283631,-0.17291641,0.36990541,0
-2.3112068,2.8967667,1.4208415,-0.24915338,0.95358992,-0.16908315,0
0.49118245,-2.3119133,3.6441336,0.24915338,-0.95358992,0.16908315,0
-1.8585929,0.29735875,-2.5209551,-0.32350087,-0.24650848,-0.91355407,0
-1.704996,-0.31201077,3.3966122,-0.91283631,-0.17291641,0.36990541,0
-2.5469315,-2.2357507,0.33170187,-0.91283631,-0.17291641,0.36990541,0
-0.35810721,-0.7235446,-2.8555603,-0.32350087,-0.24650848,-0.91355407,0
1.9610817,-1.3127806,-3.8353782,-0.32350087,-0.24650848,-0.91355407,0
-1.2412601,3.0924044,2.6955743,-0.24915338,0.95358992,-0.16908315,0
-1.9231267,-1.0501657,2.4689722,-0.91283631,-0.17291641,0.36990541,0
2.8230717,1.1727982,-0.26591802,0.91283631,0.17291641,-0.36990541,0
1.9992729,-2.3909934,0.92900681,0.24915338,-0.95358992,0.16908315,0
-1.9775331,2.0373952,3.2303076,0.32350087,0.24650848,0.91355407,0
1.9298488,-1.094857,-3.32723,0.91283631,0.17291641,-0.36990541,0
-0.39106727,0.29651022,-3.0072231,-0.32350087,-0.24650848,-0.91355407,0
-0.51783228,-0.66356611,-3.0258532,-0.32350087,-0.24650848,-0.91355407,0
-2.875879,-3.9909101,-1.0275527,-0.91283631,-0.17291641,0.36990541,0
3.3548493,0.37286234,2.203289,0.32350087,0.24650848,0.91355407,0
0.40271068,-3.2070875,-1.0620542,0.24915338,-0.95358992,0.16908315,0
0.90751314,-2.7847548,-0.22201312,0.24915338,-0.95358992,0.16908315,0
-2.6279342,-4.1191001,-0.67516434,0.24915338,-0.95358992,0.16908315,0
-1.3059633,-3.623832,-1.1727476,0.24915338,-0.95358992,0.16908315,0
-3.9800057,1.2714036,-0.79218245,-0.91283631,-0.17291641,0.36990541,0
-1.192903,-2.4913883,-2.301919,-0.32350087,-0.24650848,-0.91355407,0
2.9627688,-0.42736387,-0.76744938,0.91283631,0.17291641,-0.36990541,0
-0.5975616,2.678463,2.5570507,0.32350087,0.24650848,0.91355407,0
-0.043673038,1.8642027,2.8531024,0.32350087,0.24650848,0.91355407,0
-1.332288,3.0705986,0.42996383,-0.24915338,0.95358992,-0.16908315,0
-1.1230106,0.8757894,-3.1161749,-0.32350087,-0.24650848,-0.91355407,0
-2.0053644,2.1509717,-3.1948259,-0.24915338,0.95358992,-0.16908315,0
0.56831717,-2.8023934,2.0470443,0.24915338,-0.95358992,0.16908315,0
1.816486,1.5760152,2.2681634,0.32350087,0.24650848,0.91355407,0
1.2935926,0.2405808,-3.8246047,-0.32350087,-0.24650848,-0.91355407,0
0.20497775,3.2569652,0.22857022,-0.24915338,0.95358992,-0.16908315,0
-3.4087758,1.8266749,-1.9457409,-0.24915338,0.95358992,-0.16908315,0
2.8154542,4.0984793,0.89839154,-0.24915338,0.95358992,-0.16908315,0
1.424098,-3.2081246,-2.5660076,0.24915338,-0.95358992,0.16908315,0
3.3596315,0.95906281,0.84908962,0.91283631,0.17291641,-0.36990541,0
3.7342758,0.36909342,1.6804323,0.32350087,0.24650848,0.91355407,0
-3.150661,0.55260944,0.26726365,-0.91283631,-0.17291641,0.36990541,0
2.9924338,-1.7826378,2.6416402,0.32350087,0.24650848,0.91355407,0
-0.94266832,2.3784089,-2.8324635,-0.24915338,0.95358992,-0.16908315,0
-2.5371914,0.63847154,2.2027626,-0.91283631,-0.17291641,0.36990541,0
-1.9278159,2.2488959,3.5620775,0.32350087,0.24650848,0.91355407,0
1.4492798,-2.3977132,2.848865,0.24915338,-0.95358992,0.16908315,0
2.5784929,1.5899055,-1.3701757,0.91283631,0.17291641,-0.36990541,0
-1.893724,0.56062245,3.6858227,-0.91283631,-0.17291641,0.36990541,0
-1.2338107,-2.4538791,3.4828649,-0.91283631,-0.17291641,0.36990541,0
-0.94045305,-1.3004634,4.1371198,0.32350087,0.24650848,0.91355407,0
3.3865321,2.3085835,0.88321149,0.91283631,0.17291641,-0.36990541,0
-1.6344333,2.8414428,1.1552743,-0.24915338,0.95358992,-0.16908315,0
1.6671822,3.0069907,-2.3977399,0.91283631,0.17291641,-0.36990541,0
-3.1296172,-0.24289227,-0.2444663,-0.91283631,-0.17291641,0.36990541,0
1.7555206,3.661943,1.132501,-0.24915338,0.95358992,-0.16908315,0
3.1049623,2.3866587,1.758009,0.32350087,0.24650848,0.91355407,0
-2.3463385,1.4716265,2.5830932,-0.91283631,-0.17291641,0.36990541,0
-1.9911532,0.57965267,3.4779804,-0.91283631,-0.17291641,0.36990541,0
2.2744846,3.7994142,1.070333,-0.24915338,0.95358992,-0.16908315,0
2.4997885,0.8809514,2.099556,0.32350087,0.24650848,0.91355407,0
-2.33672,-3.6319952,0.041479468,0.24915338,-0.95358992,0.16908315,0
-1.8219304,-2.7584617,-1.753647,-0.32350087,-0.24650848,-0.91355407,0
0.43447065,3.1941714,0.57723439,-0.24915338,0.95358992,-0.16908315,0
-1.2745986,-0.7395854,-2.7136693,-0.32350087,-0.24650848,-0.91355407,0
1.7018785,3.127105,1.9195548,0.32350087,0.24650848,0.91355407,0
-2.3514893,-3.3640702,0.76843274,-0.91283631,-0.17291641,0.36990541,0
-0.31494582,0.95474195,3.1578104,0.32350087,0.24650848,0.91355407,0
3.5756636,0.76008224,0.7541368,0.91283631,0.17291641,-0.36990541,0
-1.2326212,2.958663,1.5403649,-0.24915338,0.95358992,-0.16908315,0
-0.25447631,1.4368076,-3.3763037,-0.32350087,-0.24650848,-0.91355407,0
-2.9458439,-1.1622151,0.27707219,-0.91283631,-0.17291641,0.36990541,0
0.79923368,2.6860437,-4.5004721,-0.32350087,-0.24650848,-0.91355407,0
-3.9749353,0.52065754,-2.2212172,-0.32350087,-0.24650848,-0.91355407,0
-3.4138832,-0.11867213,-0.23072243,-0.91283631,-0.17291641,0.36990541,0
2.4011855,1.6976495,-1.3738676,0.91283631,0.17291641,-0.36990541,0
-2.5878999,-3.8882585,-0.98974842,0.24915338,-0.95358992,0.16908315,0
-3.6287959,1.0734482,-0.19068384,-0.91283631,-0.17291641,0.36990541,0
1.3855972,1.0447862,2.5306463,0.32350087,0.24650848,0.91355407,0
-2.2892575,-3.3680952,1.1115851,0.24915338,-0.95358992,0.16908315,0
-2.8265386,0.3818115,1.1647546,-0.91283631,-0.17291641,0.36990541,0
0.29411983,-1.6420466,-2.7549231,-0.32350087,-0.24650848,-0.91355407,0
2.4466453,-0.8674134,-2.4551187,0.91283631,0.17291641,-0.36990541,0
3.7519937,0.38502502,2.0619774,0.32350087,0.24650848,0.91355407,0
3.9603059,-0.43048239,1.5039332,0.91283631,0.17291641,-0.36990541,0
1.8749919,-2.903533,-1.4523979,0.24915338,-0.95358992,0.16908315,0
2.4870849,-1.0088139,-2.1424131,0.91283631,0.17291641,-0.36990541,0
1.9671566,-3.0117304,-3.0722485,0.24915338,-0.95358992,0.16908315,0
-2.6894541,2.7763844,1.9737799,-0.24915338,0.95358992,-0.16908315,0
0.87304139,3.0682425,-0.6795755,-0.24915338,0.95358992,-0.16908315,0
0.55547577,1.0977783,-3.6708963,-0.32350087,-0.24650848,-0.91355407,0
1.3011954,-2.2569814,-3.0635362,-0.32350087,-0.24650848,-0.91355407,0
-3.7207415,-1.37308,-1.41854,-0.91283631,-0.17291641,0.36990541,0
3.4233041,2.7600412,1.2694163,0.91283631,0.17291641,-0.36990541,0
3.1385574,-1.2986047,-1.2143085,0.91283631,0.17291641,-0.36990541,0
-2.2039893,2.0500965,3.3788815,-0.91283631,-0.17291641,0.36990541,0
0.77755284,2.8500891,2.1057162,0.32350087,0.24650848,0.91355407,0
0.64164436,-0.37881804,-3.3289826,-0.32350087,-0.24650848,-0.91355407,0
-0.33842343,0.93426847,-3.296083,-0.32350087,-0.24650848,-0.91355407,0
-0.72896004,1.6340538,3.1593835,0.32350087,0.24650848,0.91355407,0
-2.6007571,-1.3831489,-2.077718,-0.32350087,-0.24650848,-0.91355407,0
2.7109089,2.8281593,-0.48768926,0.91283631,0.17291641,-0.36990541,0
-1.8928435,2.7240176,-0.32476616,-0.24915338,0.95358992,-0.16908315,0
-1.2571359,3.1898561,3.0446503,0.32350087,0.24650848,0.91355407,0
0.24135137,-2.6509111,1.3653641,0.24915338,-0.95358992,0.16908315,0
-0.78764725,-0.8662734,-2.8307505,-0.32350087,-0.24650848,-0.91355407,0
4.2539921,-1.7514205,1.5273921,0.24915338,-0.95358992,0.16908315,0
2.3061781,0.424602,-2.1665342,0.91283631,0.17291641,-0.36990541,0
0.27817774,-3.3631554,-0.58703774,0.24915338,-0.95358992,0.16908315,0
3.5404942,2.0529811,1.3734077,0.91283631,0.17291641,-0.36990541,0
-3.1517258,-0.9662745,-0.22936726,-0.91283631,-0.17291641,0.36990541,0
-2.6156845,-0.95333695,1.120343,-0.91283631,-0.17291641,0.36990541,0
-3.664578,-0.58756781,-2.0274844,-0.32350087,-0.24650848,-0.91355407,0
3.9368439,-0.19128084,2.0220656,0.32350087,0.24650848,0.91355407,0
3.5287421,0.57056761,2.078495,0.32350087,0.24650848,0.91355407,0
2.5260842,2.3992734,1.5358474,0.32350087,0.24650848,0.91355407,0
-3.3368347,-1.6197481,-0.58266425,-0.91283631,-0.17291641,0.36990541,0
0.035703897,3.0409479,-0.16750211,-0.24915338,0.95358992,-0.16908315,0
2.2339768,0.50300074,-1.8900789,0.91283631,0.17291641,-0.36990541,0
-0.23783398,2.3986716,-3.0420735,-0.24915338,0.95358992,-0.16908315,0
4.248487,-0.87732124,1.5013089,0.91283631,0.17291641,-0.36990541,0
2.8432078,1.0261573,-0.90721488,0.91283631,0.17291641,-0.36990541,0
-1.9889539,1.1240048,-2.728545,-0.32350087,-0.24650848,-0.91355407,0
-3.1089439,2.0539596,-1.135273,-0.24915338,0.95358992,-0.16908315,0
0.58166146,0.66504478,2.8321195,0.32350087,0.24650848,0.91355407,0
0.65246677,-2.6231928,0.85372031,0.24915338,-0.95358992,0.16908315,0
-0.056462526,2.7072623,-2.3748486,-0.24915338,0.95358992,-0.16908315,0
-2.0690002,2.2387378,-1.683495,-0.24915338,0.95358992,-0.16908315,0
-1.6936668,2.3359618,-1.9913117,-0.24915338,0.95358992,-0.16908315,0
1.3176367,-2.5540457,0.78951883,0.24915338,-0.95358992,0.16908315,0
-1.9114943,0.95163345,-2.9872124,-0.32350087,-0.24650848,-0.91355407,0
-2.4305022,1.0442443,-2.628911,-0.32350087,-0.24650848,-0.91355407,0
2.509028,-2.2073562,2.7236004,0.24915338,-0.95358992,0.16908315,0
1.2909162,3.7136455,1.6850072,-0.24915338,0.95358992,-0.16908315,0
-3.7319736,0.058365345,-0.80096936,-0.91283631,-0.17291641,0.36990541,0
0.38037896,-3.0597954,0.19953597,0.24915338,-0.95358992,0.16908315,0
2.6891069,1.613976,2.0108035,0.32350087,0.24650848,0.91355407,0
0.033694506,-2.9936037,-0.15044552,0.24915338,-0.95358992,0.16908315,0
-3.5838547,-1.3866308,-1.4482547,-0.91283631,-0.17291641,0.36990541,0
1.6939132,-2.5991001,-3.3200431,-0.32350087,-0.24650848,-0.91355407,0
2.905982,1.9410868,1.9353662,0.32350087,0.24650848,0.91355407,0
2.2298295,3.6927865,-0.83211213,-0.24915338,0.95358992,-0.16908315,0
-3.7996826,1.9101841,-2.0911403,-0.24915338,0.95358992,-0.16908315,0
-1.5328493,-1.3992759,3.9955051,-0.91283631,-0.17291641,0.36990541,0
-0.53647721,-2.7370026,3.7275686,0.24915338,-0.95358992,0.16908315,0
2.6829176,2.0529947,-0.66547632,0.91283631,0.17291641,-0.36990541,0
2.3604164,0.52280009,-2.4669647,0.91283631,0.17291641,-0.36990541,0
3.0308986,-2.53969,-0.96371436,0.24915338,-0.95358992,0.16908315,0
3.6250458,-2.1238976,1.5640061,0.24915338,-0.95358992,0.16908315,0
2.7025421,-2.8789711,-2.9328799,0.24915338,-0.95358992,0.16908315,0
1.4895651,2.7703695,-2.9257202,0.91283631,0.17291641,-0.36990541,0
0.79038405,-2.4121277,-2.8951809,-0.32350087,-0.24650848,-0.91355407,0
1.3345957,-2.9141102,-2.9694881,-0.32350087,-0.24650848,-0.91355407,0
-2.2694752,-0.75656414,-2.2888246,-0.32350087,-0.24650848,-0.91355407,0
-0.67404783,-1.4182491,-2.4600227,-0.32350087,-0.24650848,-0.91355407,0
2.7062094,0.024083614,-1.4780496,0.91283631,0.17291641,-0.36990541,0
-0.88076067,-2.1518481,-2.2105856,-0.32350087,-0.24650848,-0.91355407,0
2.0575984,-2.978272,-2.9919674,-0.32350087,-0.24650848,-0.91355407,0
0.73309934,2.8405755,-3.3341203,-0.24915338,0.95358992,-0.16908315,0
-1.6235318,1.1077857,3.5436125,0.32350087,0.24650848,0.91355407,0
-2.478683,-0.7487877,1.7245129,-0.91283631,-0.17291641,0.36990541,0
-2.5453277,2.3820801,0.52924109,-0.24915338,0.95358992,-0.16908315,0
-1.3526541,-0.89914882,3.9022992,0.32350087,0.24650848,0.91355407,0
1.7979299,1.5914552,-2.9048696,0.91283631,0.17291641,-0.36990541,0
2.4909348,2.3650622,1.7753667,0.32350087,0.24650848,0.91355407,0
-2.6374211,2.2565191,2.4222584,-0.91283631,-0.17291641,0.36990541,0
-3.1021721,-1.9906402,-0.070510864,-0.91283631,-0.17291641,0.36990541,0
-2.2352104,-0.48954833,2.8363786,-0.91283631,-0.17291641,0.36990541,0
-1.3408797,3.0326118,0.5118885,-0.24915338,0.95358992,-0.16908315,0
1.8388269,1.2054623,-3.1883721,0.91283631,0.17291641,-0.36990541,0
3.3546495,1.3837376,0.37044787,0.91283631,0.17291641,-0.36990541,0
2.2646074,2.8369775,-0.88248038,0.91283631,0.17291641,-0.36990541,0
0.82144666,3.3476591,-0.049156085,-0.24915338,0.95358992,-0.16908315,0
2.0322125,-2.7836485,0.00015568733,0.24915338,-0.95358992,0.16908315,0
-2.3950853,1.127784,2.5628815,-0.91283631,-0.17291641,0.36990541,0
-1.5316837,-3.2205553,1.5138303,0.24915338,-0.95358992,0.16908315,0
-2.2168252,-0.48816106,2.317909,-0.91283631,-0.17291641,0.36990541,0
0.16606164,-2.7522237,2.724844,0.24915338,-0.95358992,0.16908315,0
3.1636486,-2.1124072,-1.7587419,0.91283631,0.17291641,-0.36990541,0
-3.0024843,-1.5438695,-0.50181758,-0.91283631,-0.17291641,0.36990541,0
-1.6675091,1.7148228,-3.1909776,-0.32350087,-0.24650848,-0.91355407,0
2.3008595,-0.89952898,-2.631053,0.91283631,0.17291641,-0.36990541,0
-2.6062934,2.4814622,0.9963026,-0.24915338,0.95358992,-0.16908315,0
-0.15270424,1.0942435,2.8368001,0.32350087,0.24650848,0.91355407,0
-2.9237921,1.7188418,1.9959228,-0.91283631,-0.17291641,0.36990541,0
-1.7476678,-2.3254228,-2.0779023,-0.32350087,-0.24650848,-0.91355407,0
-1.0402622,-1.9301333,-2.2874346,-0.32350087,-0.24650848,-0.91355407,0
-0.62483788,-0.028404951,-3.1637111,-0.32350087,-0.24650848,-0.91355407,0
-2.3062289,-3.2532873,1.0097175,-0.91283631,-0.17291641,0.36990541,0
0.53186989,3.5232151,1.3613181,-0.24915338,0.95358992,-0.16908315,0
-1.8236291,2.1069927,-3.1723735,-0.32350087,-0.24650848,-0.91355407,0
-2.3350058,-1.9175559,1.6524713,-0.91283631,-0.17291641,0.36990541,0
-1.6757956,-2.2255599,2.4634979,-0.91283631,-0.17291641,0.36990541,0
-1.2636139,-2.3471682,3.5615025,-0.91283631,-0.17291641,0.36990541,0
-0.23043871,2.5168157,-2.0844407,-0.24915338,0.95358992,-0.16908315,0
-0.2380259,-0.43515015,-3.0777717,-0.32350087,-0.24650848,-0.91355407,0
-4.0531754,1.8860466,-0.94156528,-0.24915338,0.95358992,-0.16908315,0
-3.7949929,-0.71975374,-1.7741747,-0.91283631,-0.17291641,0.36990541,0
1.2070394,-2.5455725,1.3543978,0.24915338,-0.95358992,0.16908315,0
-0.97849894,2.9375162,2.6266665,0.32350087,0.24650848,0.91355407,0
-0.45694137,-1.7490699,-2.491658,-0.32350087,-0.24650848,-0.91355407,0
2.9404609,-1.8729382,-1.8788931,0.91283631,0.17291641,-0.36990541,0
-3.6503606,2.1334739,-0.080263376,-0.24915338,0.95358992,-0.16908315,0
0.4104867,2.9094553,-1.153074,-0.24915338,0.95358992,-0.16908315,0
-2.0895848,2.2494669,-2.7301533,-0.24915338,0.95358992,-0.16908315,0
-3.0399098,2.1719265,-0.28029847,-0.24915338,0.95358992,-0.16908315,0
1.629729,-2.5625942,-3.2564104,-0.32350087,-0.24650848,-0.91355407,0
3.7544725,-1.5076792,0.3210783,0.91283631,0.17291641,-0.36990541,0
-0.96383178,-2.9482453,2.8990154,0.24915338,-0.95358992,0.16908315,0
1.7322364,3.3322287,-1.6209803,-0.24915338,0.95358992,-0.16908315,0
0.078117013,-1.6474855,3.7940481,0.32350087,0.24650848,0.91355407,0
-2.0759797,-0.9607681,2.0569687,-0.91283631,-0.17291641,0.36990541,0
0.9274348,-1.1442378,-3.3233426,-0.32350087,-0.24650848,-0.91355407,0
-3.2899432,2.1555672,-0.38938928,-0.24915338,0.95358992,-0.16908315,0
-3.441443,1.8765986,-2.1253123,-0.24915338,0.95358992,-0.16908315,0
2.9456439,1.3396411,-0.1202395,0.91283631,0.17291641,-0.36990541,0
-3.3261456,2.1895199,0.48772907,-0.24915338,0.95358992,-0.16908315,0
-0.85518265,2.9996748,0.87256825,-0.24915338,0.95358992,-0.16908315,0
-1.0327077,2.0721965,3.2636535,0.32350087,0.24650848,0.91355407,0
2.5219579,0.50219244,-2.0170376,0.91283631,0.17291641,-0.36990541,0
-1.0732939,-3.4202123,-0.25311634,0.24915338,-0.95358992,0.16908315,0
-1.7982545,-3.9304013,-1.0672711,0.24915338,-0.95358992,0.16908315,0
-1.3914275,-2.9396315,-1.9947351,-0.32350087,-0.24650848,-0.91355407,0
-3.4808698,-0.81242609,-0.43114567,-0.91283631,-0.17291641,0.36990541,0
2.5149927,1.5698421,-1.1410587,0.91283631,0.17291641,-0.36990541,0
3.7091568,-1.4080045,0.3904953,0.91283631,0.17291641,-0.36990541,0
0.57741117,3.4047017,2.3117709,0.32350087,0.24650848,0.91355407,0
-0.23248792,-3.1015644,0.40053555,0.24915338,-0.95358992,0.16908315,0
-2.1863089,0.83450723,-2.863445,-0.32350087,-0.24650848,-0.91355407,0
-2.5731249,-0.83010817,-2.3377793,-0.32350087,-0.24650848,-0.91355407,0
2.3382802,0.25119281,-2.2927594,0.91283631,0.17291641,-0.36990541,0
1.3206966,-2.7483425,0.21621227,0.24915338,-0.95358992,0.16908315,0
2.9011869,3.0461566,0.71514857,0.91283631,0.17291641,-0.36990541,0
-2.0383739,-3.212965,1.3912964,-0.91283631,-0.17291641,0.36990541,0
-3.8947678,0.3582685,-1.0283208,-0.91283631,-0.17291641,0.36990541,0
-2.6409051,1.6553261,1.9526343,-0.91283631,-0.17291641,0.36990541,0
2.5392311,0.067578793,-1.7601191,0.91283631,0.17291641,-0.36990541,0
2.2486405,-2.2129381,2.8578229,0.24915338,-0.95358992,0.16908315,0
-0.77894354,0.89225078,3.4903774,0.32350087,0.24650848,0.91355407,0
-2.1098514,1.4758986,3.6421189,-0.91283631,-0.17291641,0.36990541,0
0.84089613,3.7158508,1.6945361,-0.24915338,0.95358992,-0.16908315,0
2.1508386,-2.8995917,-1.3795385,0.24915338,-0.95358992,0.16908315,0
2.8631277,-2.1990287,1.694921,0.24915338,-0.95358992,0.16908315,0
-2.3071342,-2.4242396,1.4095637,-0.91283631,-0.17291641,0.36990541,0
2.3320386,-0.83957982,2.5661278,0.32350087,0.24650848,0.91355407,0
-1.9090208,-2.8810143,1.6437577,-0.91283631,-0.17291641,0.36990541,0
2.1899405,-0.058422208,-3.2237432,0.91283631,0.17291641,-0.36990541,0
0.15865007,0.40304971,-3.6351571,-0.32350087,-0.24650848,-0.91355407,0
-0.746418,3.3568387,2.4915056,0.32350087,0.24650848,0.91355407,0
-1.176893,2.2682774,-3.3270643,-0.32350087,-0.24650848,-0.91355407,0
-2.7980058,1.9016569,1.5814583,-0.91283631,-0.17291641,0.36990541,0
-1.1819475,0.63472629,-3.1342013,-0.32350087,-0.24650848,-0.91355407,0
-2.5833077,-3.7581787,-0.59932846,0.24915338,-0.95358992,0.16908315,0
-2.9718776,-0.74697471,-1.9850641,-0.32350087,-0.24650848,-0.91355407,0
-3.7120013,1.1738327,-0.15330482,-0.91283631,-0.17291641,0.36990541,0
-0.46887231,2.0284915,2.9396393,0.32350087,0.24650848,0.91355407,0
0.43902516,-2.3089504,-2.946872,-0.32350087,-0.24650848,-0.91355407,0
-1.4867343,0.26721501,3.7964571,0.32350087,0.24650848,0.91355407,0
-3.8373842,0.83389926,-1.2596354,-0.91283631,-0.17291641,0.36990541,0
3.7386651,-0.10631132,2.1767702,0.32350087,0.24650848,0.91355407,0
0.036707878,-3.2487864,-2.341701,-0.32350087,-0.24650848,-0.91355407,0
3.3898427,1.9374933,1.4998513,0.91283631,0.17291641,-0.36990541,0
0.47989488,3.1588268,-0.79126549,-0.24915338,0.95358992,-0.16908315,0
3.1537519,-0.28871942,-0.56092358,0.91283631,0.17291641,-0.36990541,0
-0.35789108,-2.8008416,1.4316939,0.24915338,-0.95358992,0.16908315,0
-0.58664799,-3.1757877,1.8576441,0.24915338,-0.95358992,0.16908315,0
-1.7392974,-3.1754534,-1.8650925,-0.32350087,-0.24650848,-0.91355407,0
2.9490654,-1.1168214,-1.7824233,0.91283631,0.17291641,-0.36990541,0
-0.66886193,-0.23018479,-2.8763103,-0.32350087,-0.24650848,-0.91355407,0
2.6821563,-2.2169578,-2.6821451,0.91283631,0.17291641,-0.36990541,0
-0.50905037,1.5276973,2.9767635,0.32350087,0.24650848,0.91355407,0
-1.9313178,2.6930213,-0.10350418,-0.24915338,0.95358992,-0.16908315,0
-0.10736418,3.5067296,2.2444873,-0.24915338,0.95358992,-0.16908315,0
-1.7884741,-3.6596451,0.88386047,0.24915338,-0.95358992,0.16908315,0
3.6929588,-1.4349301,0.23742628,0.91283631,0.17291641,-0.36990541,0
1.9496231,3.6015573,-0.13799429,-0.24915338,0.95358992,-0.16908315,0
1.172693,-3.1226931,-2.2458427,0.24915338,-0.95358992,0.16908315,0
-0.10140043,0.028799772,3.1429286,0.32350087,0.24650848,0.91355407,0
0.18500257,3.2668517,-0.73453671,-0.24915338,0.95358992,-0.16908315,0
2.2130413,-3.078022,-2.9362819,0.24915338,-0.95358992,0.16908315,0
-2.2566581,-3.4333065,1.0477844,-0.91283631,-0.17291641,0.36990541,0
-2.5741389,-0.45947886,1.0831147,-0.91283631,-0.17291641,0.36990541,0
-2.484504,-0.91331255,1.4103866,-0.91283631,-0.17291641,0.36990541,0
-1.772167,3.0378277,2.3309968,-0.24915338,0.95358992,-0.16908315,0
3.3561363,-0.32654834,0.14639187,0.91283631,0.17291641,-0.36990541,0
-0.25762057,2.0752149,2.690434,0.32350087,0.24650848,0.91355407,0
-2.030237,2.5581412,-0.28052855,-0.24915338,0.95358992,-0.16908315,0
1.8258352,-0.92217708,2.8481696,0.32350087,0.24650848,0.91355407,0
-3.3100176,-0.0098631382,0.25811625,-0.91283631,-0.17291641,0.36990541,0
1.2102761,-1.2483273,-3.4739265,-0.32350087,-0.24650848,-0.91355407,0
2.3140626,-0.013773218,-2.4037361,0.91283631,0.17291641,-0.36990541,0
3.0445018,3.34495,1.0847872,0.91283631,0.17291641,-0.36990541,0
-3.4042008,1.0133028,-2.5357995,-0.32350087,-0.24650848,-0.91355407,0
2.0778193,3.6202929,-0.617302,-0.24915338,0.95358992,-0.16908315,0
0.17626452,-2.7079825,-2.8335187,-0.32350087,-0.24650848,-0.91355407,0
2.5742841,0.037805855,-1.7550273,0.91283631,0.17291641,-0.36990541,0
-3.1369886,2.0804343,1.5072348,-0.91283631,-0.17291641,0.36990541,0
-0.039813519,-3.5190456,-1.2352033,0.24915338,-0.95358992,0.16908315,0
-1.6531773,3.0968647,1.8003039,-0.24915338,0.95358992,-0.16908315,0
1.4999962,-1.3536997,3.0463467,0.32350087,0.24650848,0.91355407,0
-2.5886383,3.1120749,2.7375331,-0.24915338,0.95358992,-0.16908315,0
-1.533608,1.8579526,-3.3080122,-0.32350087,-0.24650848,-0.91355407,0
-2.8692007,2.7748575,2.2862301,-0.91283631,-0.17291641,0.36990541,0
2.260453,1.3980663,-1.9867842,0.91283631,0.17291641,-0.36990541,0
-0.60146761,-2.9277363,-2.1574733,-0.32350087,-0.24650848,-0.91355407,0
0.19607329,3.0541925,-0.65037644,-0.24915338,0.95358992,-0.16908315,0
2.4580569,1.6669812,-1.5910397,0.91283631,0.17291641,-0.36990541,0
-2.353353,1.1826208,2.6364002,-0.91283631,-0.17291641,0.36990541,0
3.1364133,3.7390649,1.3563383,0.32350087,0.24650848,0.91355407,0
2.742707,0.61522257,-0.86358392,0.91283631,0.17291641,-0.36990541,0
0.24305356,2.3898244,-3.9720671,-0.32350087,-0.24650848,-0.91355407,0
2.4002047,-2.3441434,0.14752793,0.24915338,-0.95358992,0.16908315,0
0.88899636,-3.2839284,-1.4299179,0.24915338,-0.95358992,0.16908315,0
-2.9642475,2.548497,0.93501902,-0.24915338,0.95358992,-0.16908315,0
3.472748,-1.4201701,-0.74477386,0.91283631,0.17291641,-0.36990541,0
1.6848902,0.65043533,-3.7877851,0.91283631,0.17291641,-0.36990541,0
-1.2635014,-3.2740433,0.23746073,0.24915338,-0.95358992,0.16908315,0
-2.8296609,0.022806644,0.97208476,-0.91283631,-0.17291641,0.36990541,0
-1.7782645,2.92171,0.91851759,-0.24915338,0.95358992,-0.16908315,0
-1.2182677,2.3991346,-1.5846415,-0.24915338,0.95358992,-0.16908315,0
0.16323423,3.317107,1.6310341,-0.24915338,0.95358992,-0.16908315,0
2.2167425,3.1824789,-1.6899862,0.91283631,0.17291641,-0.36990541,0
0.74231386,-2.6746814,1.6521498,0.24915338,-0.95358992,0.16908315,0
-2.6397047,2.0235794,-2.5901971,-0.24915338,0.95358992,-0.16908315,0
3.6125712,-0.40344477,0.45132017,0.91283631,0.17291641,-0.36990541,0
-2.9273965,-0.012631059,1.1690631,-0.91283631,-0.17291641,0.36990541,0
2.6663749,-1.496588,-2.1203377,0.91283631,0.17291641,-0.36990541,0
-2.9527605,2.4997904,0.62436819,-0.24915338,0.95358992,-0.16908315,0
3.2547474,2.4113262,1.2445005,0.91283631,0.17291641,-0.36990541,0
-1.017113,-1.6671435,4.0625601,0.32350087,0.24650848,0.91355407,0
1.4182253,1.2441278,-3.8581104,0.91283631,0.17291641,-0.36990541,0
-3.9825447,1.3168113,-1.324367,-0.91283631,-0.17291641,0.36990541,0
1.8190535,1.8953614,-2.5975797,0.91283631,0.17291641,-0.36990541,0
0.23036885,-2.0524321,-2.9607363,-0.32350087,-0.24650848,-0.91355407,0
-3.0313468,1.3891647,-2.5038376,-0.32350087,-0.24650848,-0.91355407,0
1.8657846,-3.0647731,-2.9897103,-0.32350087,-0.24650848,-0.91355407,0
-2.1200039,-2.2757461,1.5964785,-0.91283631,-0.17291641,0.36990541,0
1.6658847,-2.2308352,-3.2167902,-0.32350087,-0.24650848,-0.91355407,0
-2.3838158,2.4886217,-1.0684438,-0.24915338,0.95358992,-0.16908315,0
-2.3359218,-2.4519594,1.5496399,-0.91283631,-0.17291641,0.36990541,0
-1.2381251,-3.2659457,0.63437313,0.24915338,-0.95358992,0.16908315,0
1.7345946,3.857842,0.98291504,-0.24915338,0.95358992,-0.16908315,0
3.2289028,-1.1767011,2.6606703,0.32350087,0.24650848,0.91355407,0
1.8168414,-2.8133004,-0.33036089,0.24915338,-0.95358992,0.16908315,0
-0.1318965,2.9997048,2.6670117,0.32350087,0.24650848,0.91355407,0
2.5433817,1.9825904,-0.95909023,0.91283631,0.17291641,-0.36990541,0
-3.1056235,0.78282011,0.78154564,-0.91283631,-0.17291641,0.36990541,0
2.559767,0.06316942,-1.6140826,0.91283631,0.17291641,-0.36990541,0
1.1152418,-2.5343299,-2.9682057,-0.32350087,-0.24650848,-0.91355407,0
0.6649878,-2.6974363,1.7195414,0.24915338,-0.95358992,0.16908315,0
-1.7150074,2.2948148,-2.6263952,-0.24915338,0.95358992,-0.16908315,0
-1.3776348,-3.6169047,-1.7520233,-0.32350087,-0.24650848,-0.91355407,0
-1.6977682,2.5196667,-1.4895271,-0.24915338,0.95358992,-0.16908315,0
1.6860468,-2.6663079,0.11995888,0.24915338,-0.95358992,0.16908315,0
3.1306319,2.859297,1.1959442,0.91283631,0.17291641,-0.36990541,0
-2.8071003,-0.87443841,0.78852856,-0.91283631,-0.17291641,0.36990541,0
0.98267472,-2.3909674,2.3191106,0.24915338,-0.95358992,0.16908315,0
-0.36673498,2.7976365,2.6237273,0.32350087,0.24650848,0.91355407,0
2.3548255,3.2380586,-0.98395801,0.91283631,0.17291641,-0.36990541,0
1.2696896,3.196039,-2.2537847,-0.24915338,0.95358992,-0.16908315,0
-2.8209152,1.8285854,-2.3325992,-0.24915338,0.95358992,-0.16908315,0
-2.1747329,2.2849927,3.3986835,0.32350087,0.24650848,0.91355407,0
0.29339707,0.44247913,2.8577147,0.32350087,0.24650848,0.91355407,0
0.76541197,0.55562425,-3.75365,-0.32350087,-0.24650848,-0.91355407,0
2.5166507,-2.3759928,0.95948458,0.24915338,-0.95358992,0.16908315,0
-3.0288787,0.072691321,0.61752391,-0.91283631,-0.17291641,0.36990541,0
3.1773877,-0.28764176,0.051736832,0.91283631,0.17291641,-0.36990541,0
-0.10999537,2.9679065,-0.84111118,-0.24915338,0.95358992,-0.16908315,0
1.3439279,1.2839568,-4.0898528,0.91283631,0.17291641,-0.36990541,0
-3.8994226,1.6056991,-2.2628455,-0.32350087,-0.24650848,-0.91355407,0
-1.2121394,-3.6152701,-1.7233748,0.24915338,-0.95358992,0.16908315,0
-3.2080412,-0.81430936,-0.440979,-0.91283631,-0.17291641,0.36990541,0
1.9090267,0.04974699,-2.8617115,0.91283631,0.17291641,-0.36990541,0
-2.2623081,2.2719874,-1.1141018,-0.24915338,0.95358992,-0.16908315,0
0.33729792,-3.3469477,-2.4090033,0.24915338,-0.95358992,0.16908315,0
-3.7002945,1.8374584,-0.64445305,-0.91283631,-0.17291641,0.36990541,0
1.2320534,-1.2885954,3.0685608,0.32350087,0.24650848,0.91355407,0
0.10825729,-2.6826825,1.6851987,0.24915338,-0.95358992,0.16908315,0
