-0.043655038,0.89761484,-4.8707213,0.7837072,-0.056435227,-0.61856139,0
4.5687189,2.9867542,0.71735013,0.23661762,0.94789869,0.21330799,0
0.49758911,-4.1620741,-0.088871598,-0.23661762,-0.94789869,-0.21330799,0
-3.9988189,2.4928672,-2.0689967,-0.5742954,0.31353354,-0.75622851,0
-3.3421233,3.5242901,0.11577415,-0.7837072,0.056435227,0.61856139,0
-2.1326728,-1.8094194,2.3149025,-0.7837072,0.056435227,0.61856139,0
1.5644534,0.006064415,-3.1247101,0.7837072,-0.056435227,-0.61856139,0
3.0132604,-4.9877062,0.42725563,-0.23661762,-0.94789869,-0.21330799,0
-1.852566,-3.0144091,-2.3912306,-0.23661762,-0.94789869,-0.21330799,0
-5.6952076,-1.3831866,-2.348114,-0.5742954,0.31353354,-0.75622851,0
-2.7554734,-2.1341326,1.2805645,-0.7837072,0.056435227,0.61856139,0
-0.13142395,-3.5864997,-2.2268698,-0.23661762,-0.94789869,-0.21330799,0
-3.7008905,-0.55026186,-3.3355517,-0.5742954,0.31353354,-0.75622851,0
0.39390469,4.8483162,-3.8681433,0.23661762,0.94789869,0.21330799,0
-3.7038975,-0.56722802,-3.622581,-0.5742954,0.31353354,-0.75622851,0
1.9690928,4.1674452,-2.854692,0.23661762,0.94789869,0.21330799,0
-0.30646133,-4.1390152,-0.14359033,-0.23661762,-0.94789869,-0.21330799,0
-1.3618288,5.0545111,-2.0669196,0.23661762,0.94789869,0.21330799,0
0.43072617,0.84545898,-4.26791,0.7837072,-0.056435227,-0.61856139,0
-3.389863,-3.6453457,0.74261057,-0.23661762,-0.94789869,-0.21330799,0
-5.033411,-2.3757288,-2.5579262,-0.23661762,-0.94789869,-0.21330799,0
-0.62429082,2.4320016,3.7108393,-0.7837072,0.056435227,0.61856139,0
-2.8160322,-0.35109782,-4.1863389,-0.5742954,0.31353354,-0.75622851,0
-2.0201368,5.0581684,-2.4468262,-0.5742954,0.31353354,-0.75622851,0
-2.9263387,2.9325089,0.57644904,-0.7837072,0.056435227,0.61856139,0
2.4651816,-2.8129416,2.7969379,0.5742954,-0.31353354,0.75622851,0
4.6725211,-0.095597982,2.3402112,0.5742954,-0.31353354,0.75622851,0
-1.364802,-0.92149246,3.402622,-0.7837072,0.056435227,0.61856139,0
1.9295371,-2.6680515,-2.0011334,0.7837072,-0.056435227,-0.61856139,0
-2.5356894,0.76614451,1.7932682,-0.7837072,0.056435227,0.61856139,0
4.0663691,2.8474083,1.9855812,0.23661762,0.94789869,0.21330799,0
1.0532475,-2.4349384,-3.3506699,0.7837072,-0.056435227,-0.61856139,0
1.3262296,-5.1820693,2.4909878,-0.23661762,-0.94789869,-0.21330799,0
0.44770753,0.66726995,5.6512403,-0.7837072,0.056435227,0.61856139,0
0.146209,4.4811935,-1.1757517,0.23661762,0.94789869,0.21330799,0
-3.1733334,0.37440968,0.57393324,-0.7837072,0.056435227,0.61856139,0
0.54185724,5.0062938,-3.2785056,0.23661762,0.94789869,0.21330799,0
-3.242866,5.1852512,-0.83771873,0.23661762,0.94789869,0.21330799,0
-0.055310249,-4.1942205,4.4534678,0.5742954,-0.31353354,0.75622851,0
-2.9741035,2.0700948,0.74643219,-0.7837072,0.056435227,0.61856139,0
0.41221309,-2.3075905,4.4465656,0.5742954,-0.31353354,0.75622851,0
1.379782,3.1062224,-3.2205846,0.7837072,-0.056435227,-0.61856139,0
-0.10747337,-3.7902412,-2.4685574,-0.23661762,-0.94789869,-0.21330799,0
4.2334661,1.4468466,0.698627,0.7837072,-0.056435227,-0.61856139,0
0.30217314,4.0489769,-4.5909567,-0.5742954,0.31353354,-0.75622851,0
1.3382999,-2.8505206,3.9829655,0.5742954,-0.31353354,0.75622851,0
2.6298821,2.8663425,2.2258158,0.23661762,0.94789869,0.21330799,0
-4.3818245,-1.7520515,-3.4226971,-0.5742954,0.31353354,-0.75622851,0
-0.81906891,4.6694498,-1.3030334,0.23661762,0.94789869,0.21330799,0
0.69271708,3.9158151,-4.4809432,0.7837072,-0.056435227,-0.61856139,0
-0.074718475,-3.3778808,-3.0588119,-0.23661762,-0.94789869,-0.21330799,0
2.349966,0.38305053,4.3762255,0.5742954,-0.31353354,0.75622851,0
2.7734785,3.3598301,1.2016215,0.23661762,0.94789869,0.21330799,0
-2.5598607,3.3725402,1.137639,-0.7837072,0.056435227,0.61856139,0
0.60468364,2.831229,5.5461125,0.23661762,0.94789869,0.21330799,0
-2.539444,4.2345419,1.4150028,-0.7837072,0.056435227,0.61856139,0
3.4631917,2.5979114,4.008265,0.23661762,0.94789869,0.21330799,0
-1.4078259,-2.7509632,-5.7424254,-0.23661762,-0.94789869,-0.21330799,0
4.983325,1.3776778,2.6900547,0.5742954,-0.31353354,0.75622851,0
-0.28112268,4.0330095,0.66009367,0.23661762,0.94789869,0.21330799,0
-0.38430524,3.5048146,-3.9851925,-0.5742954,0.31353354,-0.75622851,0
-1.4613295,5.0660515,-2.7611816,-0.5742954,0.31353354,-0.75622851,0
-2.7725201,-1.6993695,1.3822443,-0.7837072,0.056435227,0.61856139,0
0.22330257,-1.3253429,-4.4451423,0.7837072,-0.056435227,-0.61856139,0
0.73147821,3.7761559,-4.5474415,0.7837072,-0.056435227,-0.61856139,0
-0.20011508,1.1175102,-5.1938601,-0.5742954,0.31353354,-0.75622851,0
-1.5584221,-2.5189192,2.8834066,-0.7837072,0.056435227,0.61856139,0
1.7983037,1.1747549,4.8641973,0.5742954,-0.31353354,0.75622851,0
-3.1086838,0.32329869,0.96957123,-0.7837072,0.056435227,0.61856139,0
2.879931,-3.0302691,-1.1457641,0.7837072,-0.056435227,-0.61856139,0
-1.5291072,-3.0013704,-3.1150281,-0.23661762,-0.94789869,-0.21330799,0
0.077533364,3.2167733,4.0308161,0.23661762,0.94789869,0.21330799,0
0.64414287,3.4405479,2.9904618,0.23661762,0.94789869,0.21330799,0
-1.7502546,-1.4637213,2.774796,-0.7837072,0.056435227,0.61856139,0
-3.4792237,-2.0465922,-4.0688572,-0.5742954,0.31353354,-0.75622851,0
-4.9353504,0.93310952,-1.6589923,-0.7837072,0.056435227,0.61856139,0
-2.3980048,4.0657587,-2.5904131,-0.5742954,0.31353354,-0.75622851,0
-3.9991288,5.3031244,-0.76681852,-0.5742954,0.31353354,-0.75622851,0
3.4301558,-2.0579715,-0.34707558,0.7837072,-0.056435227,-0.61856139,0
1.4637151,-0.63809776,-3.2389021,0.7837072,-0.056435227,-0.61856139,0
-3.1082759,0.025910616,0.61270064,-0.7837072,0.056435227,0.61856139,0
1.0533742,-2.6610351,-2.9535146,0.7837072,-0.056435227,-0.61856139,0
-2.4027097,2.8754098,-3.1073494,-0.5742954,0.31353354,-0.75622851,0
-1.8897141,1.315747,2.6179695,-0.7837072,0.056435227,0.61856139,0
0.18877721,3.9547794,0.10064697,0.23661762,0.94789869,0.21330799,0
3.9995854,-2.3123276,0.18113446,0.7837072,-0.056435227,-0.61856139,0
4.7198429,-1.1434584,1.6427619,0.5742954,-0.31353354,0.75622851,0
-2.7623258,4.2560787,-1.9198334,-0.5742954,0.31353354,-0.75622851,0
2.8910856,1.9004455,-1.5434158,0.7837072,-0.056435227,-0.61856139,0
1.1726073,2.0004263,5.9149194,0.5742954,-0.31353354,0.75622851,0
-0.92058563,-4.6430016,3.3573692,-0.23661762,-0.94789869,-0.21330799,0
2.8981943,3.5458362,0.068323374,0.23661762,0.94789869,0.21330799,0
-5.0716176,0.23191881,-1.4298005,-0.7837072,0.056435227,0.61856139,0
-0.19248748,-2.24791,4.7872038,-0.7837072,0.056435227,0.61856139,0
0.56393206,1.2622143,-4.5386734,0.7837072,-0.056435227,-0.61856139,0
0.71457672,4.7061005,-4.2404857,0.7837072,-0.056435227,-0.61856139,0
-2.79579,-0.10724849,-3.6423075,-0.5742954,0.31353354,-0.75622851,0
-0.93786383,4.4831705,-0.31793118,0.23661762,0.94789869,0.21330799,0
-2.1689477,-0.18636748,-4.1988869,-0.5742954,0.31353354,-0.75622851,0
2.4836373,-3.8240049,2.459933,0.5742954,-0.31353354,0.75622851,0
-3.3085194,-3.5841155,-0.032853842,-0.23661762,-0.94789869,-0.21330799,0
1.9793828,-4.9873857,2.3463302,0.5742954,-0.31353354,0.75622851,0
-4.5768933,1.5855587,-0.83146906,-0.7837072,0.056435227,0.61856139,0
2.8630364,-1.4792193,3.1544056,0.5742954,-0.31353354,0.75622851,0
-1.7656701,-4.079967,1.6446338,-0.23661762,-0.94789869,-0.21330799,0
1.4675246,0.60402632,4.9553022,0.5742954,-0.31353354,0.75622851,0
-2.4157372,-1.8060894,-4.8988309,-0.5742954,0.31353354,-0.75622851,0
-4.4033594,2.3443956,-1.4512475,-0.5742954,0.31353354,-0.75622851,0
-1.5098,2.2276535,-3.9243617,-0.5742954,0.31353354,-0.75622851,0
0.46425718,-1.0416911,-3.8733571,0.7837072,-0.056435227,-0.61856139,0
-1.9003999,-3.8470364,2.8817034,-0.7837072,0.056435227,0.61856139,0
-3.5025666,0.20157278,-3.1991541,-0.5742954,0.31353354,-0.75622851,0
-0.92817914,-3.0416822,-5.0310059,-0.23661762,-0.94789869,-0.21330799,0
-0.52521038,4.2268066,0.085291505,0.23661762,0.94789869,0.21330799,0
0.96567059,3.5603952,2.6665268,0.23661762,0.94789869,0.21330799,0
1.6265503,-1.1638329,4.1423345,0.5742954,-0.31353354,0.75622851,0
-4.2269254,-1.4647452,-3.544549,-0.5742954,0.31353354,-0.75622851,0
4.7553654,1.3975,3.1441224,0.5742954,-0.31353354,0.75622851,0
-0.54336095,3.8769453,2.1732655,0.23661762,0.94789869,0.21330799,0
-3.8625994,3.3715553,-0.21734023,-0.7837072,0.056435227,0.61856139,0
1.8435721,3.1489599,3.3724363,0.23661762,0.94789869,0.21330799,0
-0.93654847,-3.7818491,-0.2795136,-0.23661762,-0.94789869,-0.21330799,0
-3.7859633,-2.9986887,-1.8849165,-0.23661762,-0.94789869,-0.21330799,0
-0.3866843,0.98170078,-5.1133332,0.7837072,-0.056435227,-0.61856139,0
5.225081,1.399693,1.5969552,0.7837072,-0.056435227,-0.61856139,0
-1.3086463,1.8835571,-4.1184902,-0.5742954,0.31353354,-0.75622851,0
-0.80377376,2.1001511,-4.4220219,-0.5742954,0.31353354,-0.75622851,0
3.0483377,-1.9815948,2.8924689,0.5742954,-0.31353354,0.75622851,0
-4.0478325,2.5730412,-0.68509591,-0.7837072,0.056435227,0.61856139,0
2.6985295,-5.4049311,1.3991945,-0.23661762,-0.94789869,-0.21330799,0
-2.9323902,5.4642086,-1.4833789,0.23661762,0.94789869,0.21330799,0
-4.3387046,3.0999644,-0.63839746,-0.7837072,0.056435227,0.61856139,0
3.1822729,2.6327038,3.841712,0.23661762,0.94789869,0.21330799,0
0.10474268,-0.99215651,-4.7913289,0.7837072,-0.056435227,-0.61856139,0
2.6741741,-1.4784551,-1.3914309,0.7837072,-0.056435227,-0.61856139,0
4.7122068,2.8390293,1.7073277,0.23661762,0.94789869,0.21330799,0
-2.8068173,1.4734885,-3.197104,-0.5742954,0.31353354,-0.75622851,0
-3.258194,-2.3332756,-4.0621738,-0.23661762,-0.94789869,-0.21330799,0
-1.8694749,-0.19336653,2.7739081,-0.7837072,0.056435227,0.61856139,0
-4.0161085,0.64690852,0.0066536665,-0.7837072,0.056435227,0.61856139,0
-2.7234373,4.407918,-1.9751668,-0.5742954,0.31353354,-0.75622851,0
3.5524812,-3.763309,1.6257906,0.5742954,-0.31353354,0.75622851,0
4.3315058,-0.8041985,0.66914272,0.7837072,-0.056435227,-0.61856139,0
-1.4646648,2.3269627,2.6757751,-0.7837072,0.056435227,0.61856139,0
4.0896091,-3.4784868,0.81993508,0.7837072,-0.056435227,-0.61856139,0
1.4831038,-4.6471739,0.56516933,-0.23661762,-0.94789869,-0.21330799,0
-0.06736815,2.4466119,4.6807508,-0.7837072,0.056435227,0.61856139,0
-0.71415901,-4.5906467,4.2989664,-0.7837072,0.056435227,0.61856139,0
-4.4826937,-2.130012,-0.69031644,-0.7837072,0.056435227,0.61856139,0
0.14638877,-4.5159483,1.620543,-0.23661762,-0.94789869,-0.21330799,0
0.74941909,2.8667226,5.0901194,0.23661762,0.94789869,0.21330799,0
-3.1306496,-3.3785717,0.44341862,-0.23661762,-0.94789869,-0.21330799,0
-4.3895392,-0.97528148,-0.30633926,-0.7837072,0.056435227,0.61856139,0
-0.57636815,1.8268909,3.7051899,-0.7837072,0.056435227,0.61856139,0
4.2528877,2.4011726,0.43691587,0.7837072,-0.056435227,-0.61856139,0
-3.5728173,0.31820583,-3.2492073,-0.5742954,0.31353354,-0.75622851,0
4.8352752,1.2661974,2.8371403,0.5742954,-0.31353354,0.75622851,0
-1.4763412,-4.4404602,3.2642694,-0.7837072,0.056435227,0.61856139,0
1.7328545,-4.2191067,-1.9205896,-0.23661762,-0.94789869,-0.21330799,0
0.055774212,-4.2321954,-0.26738548,-0.23661762,-0.94789869,-0.21330799,0
-3.145299,1.8593476,-2.8237643,-0.5742954,0.31353354,-0.75622851,0
-3.4172199,0.95420623,0.29725784,-0.7837072,0.056435227,0.61856139,0
-1.8836619,-2.67452,-4.9352875,-0.23661762,-0.94789869,-0.21330799,0
1.9375112,4.1428919,-1.2202101,0.23661762,0.94789869,0.21330799,0
2.9675436,2.9681845,1.6205513,0.23661762,0.94789869,0.21330799,0
0.70251286,0.064086437,5.3023343,0.5742954,-0.31353354,0.75622851,0
1.8651087,-4.4852886,-0.21889997,-0.23661762,-0.94789869,-0.21330799,0
4.3818297,1.2047769,3.2072346,0.5742954,-0.31353354,0.75622851,0
3.9889421,-1.136833,0.17203355,0.7837072,-0.056435227,-0.61856139,0
0.70507789,3.279177,3.8708789,0.23661762,0.94789869,0.21330799,0
-0.83723068,4.7523699,-2.1118867,0.23661762,0.94789869,0.21330799,0
-2.3890529,-3.3045228,2.4335217,-0.7837072,0.056435227,0.61856139,0
-2.943933,4.199244,-1.7216666,-0.5742954,0.31353354,-0.75622851,0
2.3763959,3.956759,-0.58186579,0.23661762,0.94789869,0.21330799,0
-1.4293778,2.8127837,2.8695843,-0.7837072,0.056435227,0.61856139,0
-0.2212472,-4.8485384,3.448565,-0.23661762,-0.94789869,-0.21330799,0
2.4718757,3.4914627,1.0743306,0.23661762,0.94789869,0.21330799,0
2.5603609,1.3435857,-1.9299645,0.7837072,-0.056435227,-0.61856139,0
-2.4636059,0.40833411,-4.0275164,-0.5742954,0.31353354,-0.75622851,0
0.98080707,2.5769002,-3.5503922,0.7837072,-0.056435227,-0.61856139,0
-0.61174297,-4.0375109,0.070309043,-0.23661762,-0.94789869,-0.21330799,0
1.3439631,-4.7742987,1.4069381,-0.23661762,-0.94789869,-0.21330799,0
5.6198425,1.9840707,2.3598511,0.5742954,-0.31353354,0.75622851,0
3.311965,1.6615478,-0.72037095,0.7837072,-0.056435227,-0.61856139,0
-1.9576955,-2.1549878,2.4903066,-0.7837072,0.056435227,0.61856139,0
-0.59153759,-3.0659719,-4.775249,-0.23661762,-0.94789869,-0.21330799,0
1.1785972,0.86417532,5.2252493,0.5742954,-0.31353354,0.75622851,0
5.0366268,0.79663134,2.4385781,0.5742954,-0.31353354,0.75622851,0
4.3886914,0.10329747,2.8585596,0.5742954,-0.31353354,0.75622851,0
0.026331425,4.8369293,-3.9713655,-0.5742954,0.31353354,-0.75622851,0
-2.1558609,1.0809493,2.3271966,-0.7837072,0.056435227,0.61856139,0
0.63215685,1.7433691,5.5804715,-0.7837072,0.056435227,0.61856139,0
1.6477041,2.5130279,-2.7262905,0.7837072,-0.056435227,-0.61856139,0
2.5577221,-2.0213251,-1.5898958,0.7837072,-0.056435227,-0.61856139,0
0.66555715,-4.3755412,3.711359,0.5742954,-0.31353354,0.75622851,0
-1.0701354,3.0407567,-4.001895,-0.5742954,0.31353354,-0.75622851,0
-1.9453161,4.9558506,-0.70679259,0.23661762,0.94789869,0.21330799,0
-2.7760313,-2.6768808,1.2553589,-0.7837072,0.056435227,0.61856139,0
-1.4833646,-1.6107874,3.3826544,-0.7837072,0.056435227,0.61856139,0
-0.72622728,4.9304681,-2.4644775,0.23661762,0.94789869,0.21330799,0
2.6016951,3.5856397,-1.8575678,0.7837072,-0.056435227,-0.61856139,0
4.1331325,-2.947444,1.5863585,0.5742954,-0.31353354,0.75622851,0
-2.325079,-2.8055944,2.2330489,-0.7837072,0.056435227,0.61856139,0
5.5530434,1.6874099,2.2583888,0.7837072,-0.056435227,-0.61856139,0
-1.5240339,1.6154475,-4.3071222,-0.5742954,0.31353354,-0.75622851,0
3.6409705,-4.8479385,1.2532773,0.5742954,-0.31353354,0.75622851,0
-0.2566762,-4.1984496,4.651432,0.5742954,-0.31353354,0.75622851,0
0.48498726,0.40610671,-4.2755051,0.7837072,-0.056435227,-0.61856139,0
0.81657887,-5.1131473,3.2355528,0.5742954,-0.31353354,0.75622851,0
4.2377319,-1.9421191,1.7016656,0.5742954,-0.31353354,0.75622851,0
4.415854,-0.32004976,2.5200536,0.5742954,-0.31353354,0.75622851,0
3.7856767,0.66692591,-0.092302844,0.7837072,-0.056435227,-0.61856139,0
0.43912458,4.131916,-4.4450912,0.7837072,-0.056435227,-0.61856139,0
-0.53582287,-4.010519,-1.051904,-0.23661762,-0.94789869,-0.21330799,0
-2.3713031,-2.8184936,-3.1170976,-0.23661762,-0.94789869,-0.21330799,0
-3.6234264,-2.0381575,-4.0598335,-0.5742954,0.31353354,-0.75622851,0
-2.942699,-2.9064732,-2.9649773,-0.23661762,-0.94789869,-0.21330799,0
-1.661144,1.2209582,2.5082648,-0.7837072,0.056435227,0.61856139,0
-0.081356525,-4.6495733,2.7473879,-0.23661762,-0.94789869,-0.21330799,0
0.40916038,4.2270093,0.086209297,0.23661762,0.94789869,0.21330799,0
1.5694995,-4.5853801,2.885026,0.5742954,-0.31353354,0.75622851,0
4.4642758,-0.1794138,2.3562033,0.5742954,-0.31353354,0.75622851,0
0.14423363,1.3860874,5.0429654,-0.7837072,0.056435227,0.61856139,0
5.2410774,2.3365393,2.2593775,0.23661762,0.94789869,0.21330799,0
-0.76542401,4.4801412,-0.071952105,0.23661762,0.94789869,0.21330799,0
-3.8742216,-1.390077,-3.4660754,-0.5742954,0.31353354,-0.75622851,0
-1.8302733,4.2742767,1.6794336,0.23661762,0.94789869,0.21330799,0
0.60530424,4.6526318,-2.4175394,0.23661762,0.94789869,0.21330799,0
-4.0568647,3.5575025,-1.1439738,-0.5742954,0.31353354,-0.75622851,0
1.5377092,-2.3795364,3.5614281,0.5742954,-0.31353354,0.75622851,0
-1.7860949,-1.1249123,-5.0805864,-0.5742954,0.31353354,-0.75622851,0
-0.37132382,-3.6992362,-2.6493514,-0.23661762,-0.94789869,-0.21330799,0
-1.1155133,-3.4340491,-2.0853353,-0.23661762,-0.94789869,-0.21330799,0
-2.3068256,2.3569977,1.7047831,-0.7837072,0.056435227,0.61856139,0
1.7701612,2.2312016,5.7051463,0.5742954,-0.31353354,0.75622851,0
5.3715158,2.1496668,2.7623475,0.23661762,0.94789869,0.21330799,0
-2.6923895,4.7827582,-0.25437236,0.23661762,0.94789869,0.21330799,0
3.6997125,-2.3701751,1.9613153,0.5742954,-0.31353354,0.75622851,0
4.0883412,-1.7461283,0.71883106,0.7837072,-0.056435227,-0.61856139,0
-0.54660773,-3.6357725,-2.8335657,-0.23661762,-0.94789869,-0.21330799,0
3.310492,-2.4648724,2.363976,0.5742954,-0.31353354,0.75622851,0
0.6541304,-0.76501727,-4.0108223,0.7837072,-0.056435227,-0.61856139,0
-1.2135277,-3.7949791,0.11245644,-0.23661762,-0.94789869,-0.21330799,0
-4.4735966,1.8210773,-1.635229,-0.5742954,0.31353354,-0.75622851,0
-2.6583931,-2.5511672,-4.2611647,-0.23661762,-0.94789869,-0.21330799,0
-3.8449631,-0.070720077,-3.1700404,-0.5742954,0.31353354,-0.75622851,0
3.4662836,3.0077012,-0.52535343,0.7837072,-0.056435227,-0.61856139,0
-3.1604872,1.4164196,-2.7451901,-0.5742954,0.31353354,-0.75622851,0
2.7394001,-2.5877857,2.8666878,0.5742954,-0.31353354,0.75622851,0
4.8822384,-1.9633818,1.4061695,0.5742954,-0.31353354,0.75622851,0
-0.94864273,-4.3768439,2.395144,-0.23661762,-0.94789869,-0.21330799,0
1.9018114,-4.8736901,1.2277987,-0.23661762,-0.94789869,-0.21330799,0
-3.081897,3.7764947,0.48389113,-0.7837072,0.056435227,0.61856139,0
-0.70234871,-2.3774996,3.9950471,-0.7837072,0.056435227,0.61856139,0
-3.0492256,-3.7416525,1.0361967,-0.23661762,-0.94789869,-0.21330799,0
-2.3915682,3.6759508,1.6443145,-0.7837072,0.056435227,0.61856139,0
-1.9908495,4.3037338,-2.6472273,-0.5742954,0.31353354,-0.75622851,0
-3.2569292,-0.75446987,0.94235528,-0.7837072,0.056435227,0.61856139,0
0.45725822,5.2042022,-4.2860904,0.23661762,0.94789869,0.21330799,0
3.5057995,-4.4523787,1.6680975,0.5742954,-0.31353354,0.75622851,0
1.3460567,-4.8287759,0.94443035,-0.23661762,-0.94789869,-0.21330799,0
-2.6419282,1.4617829,-3.5636733,-0.5742954,0.31353354,-0.75622851,0
0.39565384,-3.4615302,-2.8721697,-0.23661762,-0.94789869,-0.21330799,0
-0.062334061,4.6752625,-1.5655279,0.23661762,0.94789869,0.21330799,0
-1.2911495,-1.7032551,-5.6368427,-0.5742954,0.31353354,-0.75622851,0
1.0317812,-4.8671374,2.3976834,-0.23661762,-0.94789869,-0.21330799,0
-1.3699636,-3.345417,-1.6301382,-0.23661762,-0.94789869,-0.21330799,0
1.8782502,-2.6425111,-2.4343529,0.7837072,-0.056435227,-0.61856139,0
-1.4978812,4.3374681,1.551608,0.23661762,0.94789869,0.21330799,0
-3.7105114,1.787236,-2.5036731,-0.5742954,0.31353354,-0.75622851,0
0.087032318,-4.8011937,1.9730887,-0.23661762,-0.94789869,-0.21330799,0
-0.39277363,4.5751486,-3.6113346,-0.5742954,0.31353354,-0.75622851,0
-4.1689553,3.7685456,-1.413435,-0.5742954,0.31353354,-0.75622851,0
5.2813907,0.13618255,2.0627112,0.5742954,-0.31353354,0.75622851,0
-0.30203402,-2.4062839,-4.7981791,0.7837072,-0.056435227,-0.61856139,0
2.329179,3.7167945,-0.98379469,0.23661762,0.94789869,0.21330799,0
0.88523698,-4.9691,1.5729444,-0.23661762,-0.94789869,-0.21330799,0
3.5122495,1.2397507,3.8777966,0.5742954,-0.31353354,0.75622851,0
-1.498683,-3.2792156,-1.6143053,-0.23661762,-0.94789869,-0.21330799,0
4.5686402,-1.0276654,1.0796393,0.7837072,-0.056435227,-0.61856139,0
0.49008787,2.37151,4.9744539,-0.7837072,0.056435227,0.61856139,0
-0.19594359,3.0636926,4.0250711,-0.7837072,0.056435227,0.61856139,0
-1.9041142,4.569819,-2.4974313,-0.5742954,0.31353354,-0.75622851,0
-3.4502935,2.368001,0.35951865,-0.7837072,0.056435227,0.61856139,0
0.044837236,-3.0644636,4.6740065,0.5742954,-0.31353354,0.75622851,0
-2.5009353,0.49575877,1.6279848,-0.7837072,0.056435227,0.61856139,0
2.0736206,-1.3615022,-2.3754621,0.7837072,-0.056435227,-0.61856139,0
-2.3079145,1.1611351,-3.9096994,-0.5742954,0.31353354,-0.75622851,0
-3.4225349,4.2503023,-1.6139815,-0.5742954,0.31353354,-0.75622851,0
2.4208031,3.2423499,2.1325221,0.23661762,0.94789869,0.21330799,0
3.5649929,-2.0367894,2.5332584,0.5742954,-0.31353354,0.75622851,0
-1.4525379,-1.5230576,-5.6489429,-0.5742954,0.31353354,-0.75622851,0
-3.8235047,-1.1568706,-3.2656946,-0.5742954,0.31353354,-0.75622851,0
1.0250268,-0.28241348,5.1204443,0.5742954,-0.31353354,0.75622851,0
0.59226727,2.8430448,-4.3751578,0.7837072,-0.056435227,-0.61856139,0
-1.4794034,2.2354009,2.8008485,-0.7837072,0.056435227,0.61856139,0
-1.1494508,3.9461277,-3.3760726,-0.5742954,0.31353354,-0.75622851,0
-1.4491162,-4.4142842,2.4562538,-0.23661762,-0.94789869,-0.21330799,0
3.6460817,2.430367,3.6198313,0.23661762,0.94789869,0.21330799,0
1.5224473,-3.8226035,2.9880245,0.5742954,-0.31353354,0.75622851,0
1.0147363,-0.86317277,4.7729278,0.5742954,-0.31353354,0.75622851,0
1.8211918,3.4860258,-2.8196793,0.7837072,-0.056435227,-0.61856139,0
0.60791445,-4.3847556,0.51055264,-0.23661762,-0.94789869,-0.21330799,0
1.0544764,-2.0624151,4.4984283,0.5742954,-0.31353354,0.75622851,0
-4.2364511,-2.4877558,-3.0435998,-0.23661762,-0.94789869,-0.21330799,0
-0.59786296,3.5156219,3.6400466,0.23661762,0.94789869,0.21330799,0
-3.7391002,3.3971016,-1.7393937,-0.5742954,0.31353354,-0.75622851,0
3.2491984,-4.3170938,-0.13620615,0.7837072,-0.056435227,-0.61856139,0
-0.090703011,4.1195402,-3.9913406,-0.5742954,0.31353354,-0.75622851,0
0.21837044,3.857235,1.8506103,0.23661762,0.94789869,0.21330799,0
-1.4381325,4.5676832,-0.015840054,0.23661762,0.94789869,0.21330799,0
0.31784844,2.9596605,4.7003603,-0.7837072,0.056435227,0.61856139,0
-3.8838255,5.1942778,-0.69429517,-0.5742954,0.31353354,-0.75622851,0
3.4214857,0.3968997,-0.59709829,0.7837072,-0.056435227,-0.61856139,0
-2.1290956,-1.5318935,-5.0126543,-0.5742954,0.31353354,-0.75622851,0
-0.58411264,2.8100915,-4.4275503,-0.5742954,0.31353354,-0.75622851,0
3.380971,-0.79060817,3.0007489,0.5742954,-0.31353354,0.75622851,0
-2.8022401,1.4087594,0.97542226,-0.7837072,0.056435227,0.61856139,0
-3.5100253,1.5051832,-2.8847957,-0.5742954,0.31353354,-0.75622851,0
-4.8858843,-1.4554553,-0.89985281,-0.7837072,0.056435227,0.61856139,0
4.3634758,3.0117185,1.1426224,0.23661762,0.94789869,0.21330799,0
3.2524137,2.4314723,-1.245417,0.7837072,-0.056435227,-0.61856139,0
-5.3224115,-1.3585126,-1.9554094,-0.7837072,0.056435227,0.61856139,0
0.65777254,-4.4124241,3.70667,0.5742954,-0.31353354,0.75622851,0
2.0857058,2.7419071,3.6751294,0.23661762,0.94789869,0.21330799,0
0.83961469,-1.0012611,4.8130188,0.5742954,-0.31353354,0.75622851,0
-0.57845449,4.6608648,-1.4483442,0.23661762,0.94789869,0.21330799,0
-1.0863447,4.5283198,-3.201098,-0.5742954,0.31353354,-0.75622851,0
-1.5787228,-0.45635366,2.816956,-0.7837072,0.056435227,0.61856139,0
4.0280752,-2.0641792,0.49615049,0.7837072,-0.056435227,-0.61856139,0
-3.2992506,3.2425802,0.57513297,-0.7837072,0.056435227,0.61856139,0
5.0772796,0.20420885,1.9496238,0.5742954,-0.31353354,0.75622851,0
5.4406748,2.2706954,2.1404824,0.23661762,0.94789869,0.21330799,0
3.3769512,3.3447504,0.12901849,0.23661762,0.94789869,0.21330799,0
3.2784877,-1.0866373,3.2484875,0.5742954,-0.31353354,0.75622851,0
0.7619946,-3.8825629,3.806262,0.5742954,-0.31353354,0.75622851,0
-1.271771,2.7234402,-3.8801389,-0.5742954,0.31353354,-0.75622851,0
2.1622372,-3.8648109,2.63711,0.5742954,-0.31353354,0.75622851,0
1.7011499,4.0509224,-0.35525668,0.23661762,0.94789869,0.21330799,0
0.56763816,-1.4064459,5.1597657,0.5742954,-0.31353354,0.75622851,0
-0.076840878,0.64195943,-4.7052932,0.7837072,-0.056435227,-0.61856139,0
-1.1729329,-2.5008507,-5.6520882,-0.23661762,-0.94789869,-0.21330799,0
-2.0184541,-0.28445745,2.4156199,-0.7837072,0.056435227,0.61856139,0
-2.9305785,4.5821395,0.97392821,-0.7837072,0.056435227,0.61856139,0
3.2842083,0.907435,3.8950157,0.5742954,-0.31353354,0.75622851,0
-2.1089473,-2.3450584,-5.0802073,-0.23661762,-0.94789869,-0.21330799,0
-2.7327259,5.077764,-1.0174153,0.23661762,0.94789869,0.21330799,0
-0.23953879,2.9844444,4.436789,-0.7837072,0.056435227,0.61856139,0
-2.2299507,3.5581686,1.6904857,-0.7837072,0.056435227,0.61856139,0
-1.3983951,4.9087424,-2.2948673,0.23661762,0.94789869,0.21330799,0
1.4423143,-0.62177372,-3.055346,0.7837072,-0.056435227,-0.61856139,0
3.6175914,0.17542565,3.0248134,0.5742954,-0.31353354,0.75622851,0
5.7347364,0.88044262,2.0879297,0.7837072,-0.056435227,-0.61856139,0
1.8834035,3.4657962,1.584234,0.23661762,0.94789869,0.21330799,0
2.9228222,-0.31313014,-1.035851,0.7837072,-0.056435227,-0.61856139,0
2.5747242,-2.7947402,3.0157342,0.5742954,-0.31353354,0.75622851,0
-2.3017378,-3.809535,0.59034777,-0.23661762,-0.94789869,-0.21330799,0
-2.3791769,2.3670964,1.7081035,-0.7837072,0.056435227,0.61856139,0
-0.54522753,-4.817256,3.9158676,-0.23661762,-0.94789869,-0.21330799,0
-1.4497519,-3.5831103,-1.0110639,-0.23661762,-0.94789869,-0.21330799,0
-2.341826,1.679935,1.5103078,-0.7837072,0.056435227,0.61856139,0
-0.56348801,-3.3639536,-3.0645022,-0.23661762,-0.94789869,-0.21330799,0
1.9538743,-4.4453583,-1.0409572,-0.23661762,-0.94789869,-0.21330799,0
1.5779083,2.1424351,-2.9853408,0.7837072,-0.056435227,-0.61856139,0
2.1885715,0.60544968,-2.3324902,0.7837072,-0.056435227,-0.61856139,0
2.879096,1.8216546,4.6843281,0.5742954,-0.31353354,0.75622851,0
-1.0745151,-1.5258455,-5.6769972,-0.5742954,0.31353354,-0.75622851,0
-1.231245,-4.4472742,2.1224833,-0.23661762,-0.94789869,-0.21330799,0
0.096130967,1.269061,-4.8202553,0.7837072,-0.056435227,-0.61856139,0
-3.9754815,0.79689598,0.0062561035,-0.7837072,0.056435227,0.61856139,0
-3.3808649,0.24120235,0.45151496,-0.7837072,0.056435227,0.61856139,0
3.0218081,1.9189857,-1.196323,0.7837072,-0.056435227,-0.61856139,0
-0.57121217,-1.6300575,-5.4055095,0.7837072,-0.056435227,-0.61856139,0
4.7844515,2.326438,3.0393052,0.23661762,0.94789869,0.21330799,0
-1.0330269,-2.6243773,-6.0331135,-0.5742954,0.31353354,-0.75622851,0
0.66111326,4.0092049,-0.61726654,0.23661762,0.94789869,0.21330799,0
-0.94467533,3.7512288,2.2178249,0.23661762,0.94789869,0.21330799,0
-4.5179,-2.7467561,-1.9024283,-0.23661762,-0.94789869,-0.21330799,0
4.0853624,-1.7351649,0.73395431,0.7837072,-0.056435227,-0.61856139,0
-5.3566189,-2.5540109,-1.8688307,-0.23661762,-0.94789869,-0.21330799,0
4.3567333,2.9577992,0.85448867,0.23661762,0.94789869,0.21330799,0
4.3175268,-0.22470713,0.72024637,0.7837072,-0.056435227,-0.61856139,0
-1.653245,4.6012974,0.75589216,0.23661762,0.94789869,0.21330799,0
4.3668642,2.4871159,0.58815664,0.7837072,-0.056435227,-0.61856139,0
-0.65564322,3.4555037,3.5504727,-0.7837072,0.056435227,0.61856139,0
-3.1968944,-2.3474777,-4.5168672,-0.23661762,-0.94789869,-0.21330799,0
1.4059286,-4.5978622,0.026217699,-0.23661762,-0.94789869,-0.21330799,0
4.0416307,-0.48794627,2.627846,0.5742954,-0.31353354,0.75622851,0
2.3758805,3.8201489,-2.267885,0.7837072,-0.056435227,-0.61856139,0
0.27284622,4.0565672,-4.5842533,-0.5742954,0.31353354,-0.75622851,0
1.2027879,-4.643374,0.37149525,-0.23661762,-0.94789869,-0.21330799,0
-4.4584398,2.2467284,-1.2887762,-0.7837072,0.056435227,0.61856139,0
-0.31778479,3.8077106,2.9931192,0.23661762,0.94789869,0.21330799,0
4.6188869,-1.0934839,1.9621422,0.5742954,-0.31353354,0.75622851,0
-0.21011543,4.3958755,-0.047092199,0.23661762,0.94789869,0.21330799,0
0.24775231,0.51393533,-4.3618851,0.7837072,-0.056435227,-0.61856139,0
1.1646255,-2.1133599,4.360826,0.5742954,-0.31353354,0.75622851,0
0.85154295,-4.6612062,0.41007543,-0.23661762,-0.94789869,-0.21330799,0
1.8996737,1.4517978,-2.6742203,0.7837072,-0.056435227,-0.61856139,0
2.6027644,-4.1251173,-0.94947135,0.7837072,-0.056435227,-0.61856139,0
-2.7804811,4.6686888,0.20987558,0.23661762,0.94789869,0.21330799,0
-3.1967239,-0.80478811,1.1383766,-0.7837072,0.056435227,0.61856139,0
-2.1552601,-0.21379733,2.2335534,-0.7837072,0.056435227,0.61856139,0
3.38659,1.7832606,4.3208423,0.5742954,-0.31353354,0.75622851,0
5.652791,2.2874291,2.3668826,0.23661762,0.94789869,0.21330799,0
-1.9098837,-3.96381,2.5152535,-0.7837072,0.056435227,0.61856139,0
1.8276724,-4.5227456,0.18552399,-0.23661762,-0.94789869,-0.21330799,0
0.0018520355,4.9396424,-3.7411418,-0.5742954,0.31353354,-0.75622851,0
2.1810932,0.77975947,4.8740339,0.5742954,-0.31353354,0.75622851,0
-5.2652473,0.1774354,-1.6247449,-0.7837072,0.056435227,0.61856139,0
-0.6036067,-3.1642365,-4.1199741,-0.23661762,-0.94789869,-0.21330799,0
1.7930603,-4.1579599,3.007931,0.5742954,-0.31353354,0.75622851,0
1.5929615,-4.5372329,-0.27289176,-0.23661762,-0.94789869,-0.21330799,0
-0.26603228,-0.1051147,-5.2328882,0.7837072,-0.056435227,-0.61856139,0
3.9073448,-2.4429872,0.16358113,0.7837072,-0.056435227,-0.61856139,0
-1.6770644,-4.4196539,2.7943416,-0.23661762,-0.94789869,-0.21330799,0
0.13624787,-3.976058,-1.4314859,-0.23661762,-0.94789869,-0.21330799,0
3.7240362,-1.6305656,0.30754459,0.7837072,-0.056435227,-0.61856139,0
-0.61555338,4.9726777,-3.2344244,0.23661762,0.94789869,0.21330799,0
3.5956991,-1.3169708,-0.14788663,0.7837072,-0.056435227,-0.61856139,0
0.41468287,3.5594842,-4.7426548,0.7837072,-0.056435227,-0.61856139,0
3.8163996,3.1015639,1.5666966,0.23661762,0.94789869,0.21330799,0
-3.682992,2.9448588,0.018879652,-0.7837072,0.056435227,0.61856139,0
-0.68440557,3.8686976,1.471128,0.23661762,0.94789869,0.21330799,0
-3.0676832,2.5483344,0.6103406,-0.7837072,0.056435227,0.61856139,0
-1.5299789,0.12041092,2.9572992,-0.7837072,0.056435227,0.61856139,0
3.1318192,-5.272747,1.518064,0.5742954,-0.31353354,0.75622851,0
0.67718816,3.8357701,0.8514238,0.23661762,0.94789869,0.21330799,0
5.4618235,1.385154,2.2396145,0.7837072,-0.056435227,-0.61856139,0
-1.5846617,-0.99841678,3.0639071,-0.7837072,0.056435227,0.61856139,0
-3.9360027,-2.3032503,-4.0903163,-0.5742954,0.31353354,-0.75622851,0
-0.24837995,-2.6352818,-4.9043565,0.7837072,-0.056435227,-0.61856139,0
3.7670207,1.8013099,-0.41024607,0.7837072,-0.056435227,-0.61856139,0
-1.8504635,3.5976496,-3.1112843,-0.5742954,0.31353354,-0.75622851,0
-0.43310654,0.33778429,4.4029841,-0.7837072,0.056435227,0.61856139,0
2.7575762,-1.0014186,3.6225741,0.5742954,-0.31353354,0.75622851,0
2.8999605,2.7751961,3.4926808,0.23661762,0.94789869,0.21330799,0
-3.7390409,1.3838527,-0.052638412,-0.7837072,0.056435227,0.61856139,0
3.5574172,-1.6282614,2.3527317,0.5742954,-0.31353354,0.75622851,0
1.6069884,-1.5171846,4.059793,0.5742954,-0.31353354,0.75622851,0
-4.1560397,4.602284,-1.1242733,-0.5742954,0.31353354,-0.75622851,0
2.6202049,-0.23500437,3.9941833,0.5742954,-0.31353354,0.75622851,0
-0.093949318,-3.5796249,-3.6294706,-0.23661762,-0.94789869,-0.21330799,0
-1.359133,1.2629737,-4.2823453,-0.5742954,0.31353354,-0.75622851,0
-3.665426,2.1974597,-0.15493739,-0.7837072,0.056435227,0.61856139,0
0.91562694,-0.080747843,-3.9672794,0.7837072,-0.056435227,-0.61856139,0
4.5347047,-0.94588208,2.0593209,0.5742954,-0.31353354,0.75622851,0
-2.2244208,3.7017155,-2.9758053,-0.5742954,0.31353354,-0.75622851,0
2.1443999,-1.7600994,-2.2771249,0.7837072,-0.056435227,-0.61856139,0
0.553123,3.8436077,-4.5720482,0.7837072,-0.056435227,-0.61856139,0
3.0080607,-1.9904063,-0.98705435,0.7837072,-0.056435227,-0.61856139,0
-3.9239562,-0.71960282,0.1903457,-0.7837072,0.056435227,0.61856139,0
4.0803976,-3.8199327,1.4651389,0.5742954,-0.31353354,0.75622851,0
-1.7516236,-1.0173467,-5.2057576,-0.5742954,0.31353354,-0.75622851,0
-5.5029283,-1.4377365,-1.9179167,-0.7837072,0.056435227,0.61856139,0
0.58803844,-4.5899777,0.72891116,-0.23661762,-0.94789869,-0.21330799,0
0.60071683,-3.61836,-3.5491278,-0.23661762,-0.94789869,-0.21330799,0
-2.2024133,1.8858877,-3.5983038,-0.5742954,0.31353354,-0.75622851,0
-0.88886523,-3.7292864,-0.71675289,-0.23661762,-0.94789869,-0.21330799,0
-1.1599927,4.2978916,1.8516271,0.23661762,0.94789869,0.21330799,0
-1.8122957,5.1393862,-2.6851511,-0.5742954,0.31353354,-0.75622851,0
4.4980736,-1.9254603,1.8130224,0.5742954,-0.31353354,0.75622851,0
-2.4804492,-2.955446,-3.108892,-0.23661762,-0.94789869,-0.21330799,0
-0.75674284,1.8094912,3.7662015,-0.7837072,0.056435227,0.61856139,0
-0.76774788,1.5290195,-4.7699933,-0.5742954,0.31353354,-0.75622851,0
-3.0317681,-3.478008,0.18386245,-0.23661762,-0.94789869,-0.21330799,0
-3.897742,0.047178984,-0.40453893,-0.7837072,0.056435227,0.61856139,0
3.607904,2.8153334,-0.66932428,0.7837072,-0.056435227,-0.61856139,0
-2.0796368,5.0257888,-2.4737949,-0.5742954,0.31353354,-0.75622851,0
-3.0467396,3.1315,-2.524404,-0.5742954,0.31353354,-0.75622851,0
-2.3978484,5.2104855,-1.467329,0.23661762,0.94789869,0.21330799,0
-1.9731493,4.4647536,-2.5755904,-0.5742954,0.31353354,-0.75622851,0
-1.6666334,4.0800991,-2.853878,-0.5742954,0.31353354,-0.75622851,0
-1.8107655,-3.5839987,2.8987594,-0.7837072,0.056435227,0.61856139,0
-3.8673353,-0.90476495,-3.5029144,-0.5742954,0.31353354,-0.75622851,0
-0.25716543,5.1703186,-3.6085341,0.23661762,0.94789869,0.21330799,0
-1.657829,-0.51017958,-4.771574,-0.5742954,0.31353354,-0.75622851,0
-2.8423302,2.7168353,-2.4061956,-0.5742954,0.31353354,-0.75622851,0
-5.3538566,-1.8242196,-1.6179832,-0.7837072,0.056435227,0.61856139,0
1.4964652,-1.0554636,4.5162506,0.5742954,-0.31353354,0.75622851,0
2.797353,2.5909417,4.4812026,0.23661762,0.94789869,0.21330799,0
0.40632582,4.7359056,-3.3593881,0.23661762,0.94789869,0.21330799,0
-1.6409676,-0.91065907,3.0523064,-0.7837072,0.056435227,0.61856139,0
-2.8745036,4.9828811,-1.7270558,-0.5742954,0.31353354,-0.75622851,0
-4.6959662,2.3735423,-1.6582729,-0.5742954,0.31353354,-0.75622851,0
-1.0741053,1.21275,3.2962918,-0.7837072,0.056435227,0.61856139,0
0.03113997,-0.13340592,-4.7814727,0.7837072,-0.056435227,-0.61856139,0
-3.2080851,-2.6216202,-4.0309916,-0.23661762,-0.94789869,-0.21330799,0
1.3860952,-1.2052433,4.4667044,0.5742954,-0.31353354,0.75622851,0
-1.776361,-0.061448514,-4.7509542,-0.5742954,0.31353354,-0.75622851,0
3.8451214,-4.2630787,0.62897849,0.7837072,-0.056435227,-0.61856139,0
-1.8707666,-1.344587,2.8704083,-0.7837072,0.056435227,0.61856139,0
3.0634093,-0.81116605,-0.75357246,0.7837072,-0.056435227,-0.61856139,0
-1.428906,4.6769209,-1.2728343,0.23661762,0.94789869,0.21330799,0
2.5600603,3.541286,1.0019598,0.23661762,0.94789869,0.21330799,0
4.7348766,-2.0316794,1.7231525,0.5742954,-0.31353354,0.75622851,0
4.327857,1.2592995,3.0064147,0.5742954,-0.31353354,0.75622851,0
2.1467562,-4.1268501,-1.7684776,0.7837072,-0.056435227,-0.61856139,0
0.68566751,0.7528441,5.5892105,0.5742954,-0.31353354,0.75622851,0
2.5749328,-0.2831254,-1.606482,0.7837072,-0.056435227,-0.61856139,0
-1.7455089,2.4810631,-3.5678194,-0.5742954,0.31353354,-0.75622851,0
1.5300117,4.1044021,-0.53841567,0.23661762,0.94789869,0.21330799,0
-3.6758125,3.773845,0.084713697,-0.7837072,0.056435227,0.61856139,0
1.6827098,0.72380054,-2.8784163,0.7837072,-0.056435227,-0.61856139,0
3.040513,-0.8997159,-1.1516929,0.7837072,-0.056435227,-0.61856139,0
-3.0221338,3.7398202,-2.0979023,-0.5742954,0.31353354,-0.75622851,0
-4.9458876,-1.5165416,-2.9526322,-0.5742954,0.31353354,-0.75622851,0
5.368114,1.4692419,2.7234423,0.5742954,-0.31353354,0.75622851,0
2.4531479,0.1759994,-1.732901,0.7837072,-0.056435227,-0.61856139,0
-1.1082971,3.2109044,-3.819572,-0.5742954,0.31353354,-0.75622851,0
0.11441827,-2.7599716,-4.7711644,0.7837072,-0.056435227,-0.61856139,0
1.5083026,-1.2650664,4.3647299,0.5742954,-0.31353354,0.75622851,0
-2.0406227,0.13869858,2.3805358,-0.7837072,0.056435227,0.61856139,0
1.501302,-1.2794778,4.1475091,0.5742954,-0.31353354,0.75622851,0
1.2775331,2.8018327,5.769125,0.23661762,0.94789869,0.21330799,0
-1.9503952,3.4311621,2.1581988,-0.7837072,0.056435227,0.61856139,0
0.97106838,1.9670001,6.0115824,0.5742954,-0.31353354,0.75622851,0
4.5879555,2.2015951,3.3893723,0.23661762,0.94789869,0.21330799,0
-2.07164,-2.5860233,-5.2872801,-0.5742954,0.31353354,-0.75622851,0
1.555791,-1.1111741,4.3678188,0.5742954,-0.31353354,0.75622851,0
-1.6196823,3.1093917,2.5090413,-0.7837072,0.056435227,0.61856139,0
-4.6037607,-2.3483384,-3.0422876,-0.23661762,-0.94789869,-0.21330799,0
0.18665075,4.2003784,-0.96540308,0.23661762,0.94789869,0.21330799,0
5.6379685,2.5158982,2.1024625,0.23661762,0.94789869,0.21330799,0
3.3110912,-1.7538888,2.8895726,0.5742954,-0.31353354,0.75622851,0
-1.1702774,-0.399611,3.5119112,-0.7837072,0.056435227,0.61856139,0
4.4116416,-3.1554019,1.2632215,0.7837072,-0.056435227,-0.61856139,0
-0.2211957,4.299377,-3.8489389,-0.5742954,0.31353354,-0.75622851,0
-0.21518087,-4.4969969,2.2773547,-0.23661762,-0.94789869,-0.21330799,0
-3.311271,-0.79448366,0.93155307,-0.7837072,0.056435227,0.61856139,0
4.1247759,2.2800355,0.15314294,0.7837072,-0.056435227,-0.61856139,0
1.2981398,-4.1696973,-0.9826324,-0.23661762,-0.94789869,-0.21330799,0
-1.7695661,3.9694357,-3.0124815,-0.5742954,0.31353354,-0.75622851,0
-4.8340015,-2.6561162,-1.8875945,-0.23661762,-0.94789869,-0.21330799,0
-4.2556224,1.6303174,-0.63162661,-0.7837072,0.056435227,0.61856139,0
1.191921,-1.3872542,4.3552299,0.5742954,-0.31353354,0.75622851,0
-1.7631948,5.2163835,-2.4353707,-0.5742954,0.31353354,-0.75622851,0
1.5412722,-0.037338257,-3.0905161,0.7837072,-0.056435227,-0.61856139,0
1.0966437,2.2909427,-3.9540052,0.7837072,-0.056435227,-0.61856139,0
-2.5659909,-0.85875785,1.3704723,-0.7837072,0.056435227,0.61856139,0
3.5612967,2.7368503,-0.59273386,0.7837072,-0.056435227,-0.61856139,0
0.43338132,-4.3956027,0.13409448,-0.23661762,-0.94789869,-0.21330799,0
-0.13502884,5.0317521,-3.8554416,0.23661762,0.94789869,0.21330799,0
0.92841524,-0.21001959,5.4133387,0.5742954,-0.31353354,0.75622851,0
-0.01392293,4.1743121,-0.47462809,0.23661762,0.94789869,0.21330799,0
0.5257144,-1.5064871,-3.8234437,0.7837072,-0.056435227,-0.61856139,0
-0.64445424,3.1201572,-4.3064175,-0.5742954,0.31353354,-0.75622851,0
0.99799854,-2.7587059,-3.4060533,0.7837072,-0.056435227,-0.61856139,0
4.3025808,2.5536757,0.43063661,0.7837072,-0.056435227,-0.61856139,0
0.064319372,-3.445339,4.3788843,0.5742954,-0.31353354,0.75622851,0
2.5759807,-0.6833601,3.6510901,0.5742954,-0.31353354,0.75622851,0
-3.4146743,4.0331039,-0.14052844,-0.7837072,0.056435227,0.61856139,0
2.4043596,2.046706,-1.9890792,0.7837072,-0.056435227,-0.61856139,0
3.3230891,-1.3763452,-0.64876711,0.7837072,-0.056435227,-0.61856139,0
2.0002291,-3.1489422,-2.1657674,0.7837072,-0.056435227,-0.61856139,0
2.8279104,2.0118952,-1.4180027,0.7837072,-0.056435227,-0.61856139,0
-4.4166164,-1.7813587,-3.1999259,-0.5742954,0.31353354,-0.75622851,0
-1.8221498,1.5730877,2.0809188,-0.7837072,0.056435227,0.61856139,0
-2.5569811,0.61967337,-3.6171618,-0.5742954,0.31353354,-0.75622851,0
2.7606819,-4.7995958,0.30943775,-0.23661762,-0.94789869,-0.21330799,0
1.8298044,-5.2075458,1.9765773,-0.23661762,-0.94789869,-0.21330799,0
-0.41570282,-3.8394623,-0.55490541,-0.23661762,-0.94789869,-0.21330799,0
-0.2474823,1.2300897,-5.5098495,-0.5742954,0.31353354,-0.75622851,0
-2.2709184,0.95062542,-3.5691752,-0.5742954,0.31353354,-0.75622851,0
-3.6413929,4.228024,0.064562321,-0.7837072,0.056435227,0.61856139,0
-1.8226745,4.8587155,-0.99814582,0.23661762,0.94789869,0.21330799,0
0.59062934,-2.7877495,-3.5545583,0.7837072,-0.056435227,-0.61856139,0
0.7231375,1.4062724,-3.9277191,0.7837072,-0.056435227,-0.61856139,0
-1.7455022,-4.2943974,1.8160628,-0.23661762,-0.94789869,-0.21330799,0
1.3742795,3.7076652,-3.6689897,0.7837072,-0.056435227,-0.61856139,0
1.2113934,3.3775222,1.8403976,0.23661762,0.94789869,0.21330799,0
-0.18926358,3.4469624,3.4336467,0.23661762,0.94789869,0.21330799,0
0.8328414,4.4584942,-2.4837499,0.23661762,0.94789869,0.21330799,0
2.0748475,1.1708579,4.7327356,0.5742954,-0.31353354,0.75622851,0
-1.309127,0.25302207,-4.9551392,-0.5742954,0.31353354,-0.75622851,0
1.7387167,2.5632772,4.7226839,0.23661762,0.94789869,0.21330799,0
4.5129108,2.720438,1.3414057,0.23661762,0.94789869,0.21330799,0
2.8180351,-1.417872,3.1960101,0.5742954,-0.31353354,0.75622851,0
3.1032808,-3.2976604,2.169481,0.5742954,-0.31353354,0.75622851,0
2.0904076,1.2868907,4.8846674,0.5742954,-0.31353354,0.75622851,0
-0.72998452,4.4896917,-3.634587,-0.5742954,0.31353354,-0.75622851,0
-2.388546,-3.6169937,-0.83096135,-0.23661762,-0.94789869,-0.21330799,0
4.1721778,2.3835161,3.5727329,0.5742954,-0.31353354,0.75622851,0
0.87872791,-2.9925647,-3.2506874,0.7837072,-0.056435227,-0.61856139,0
3.6632016,1.9398217,-0.075524867,0.7837072,-0.056435227,-0.61856139,0
-5.2153606,1.0572813,-1.669183,-0.7837072,0.056435227,0.61856139,0
-4.5867224,-2.190623,-3.2021327,-0.5742954,0.31353354,-0.75622851,0
-0.69217038,-1.5628176,3.8784792,-0.7837072,0.056435227,0.61856139,0
