0.7484684,4.0899916,-1.4385662,0.043399885,0.95700115,-0.28681934,0
0.79741001,1.4111593,-3.3638058,0.46672153,-0.27325803,-0.84113079,0
4.2422223,2.4261942,1.5141348,0.88333881,0.097359762,0.45851243,0
-4.6319103,-4.170722,0.10529613,-0.88333881,-0.097359762,-0.45851243,0
1.6905792,4.7196851,0.013034821,0.043399885,0.95700115,-0.28681934,0
4.7865324,-3.1297731,1.2582667,0.88333881,0.097359762,0.45851243,0
2.9095659,4.7699099,3.2890167,0.88333881,0.097359762,0.45851243,0
3.6087642,-0.64807272,2.6012321,0.88333881,0.097359762,0.45851243,0
-1.5690525,2.0714781,2.2100601,-0.46672153,0.27325803,0.84113079,0
1.2147877,-3.8781064,2.9120183,-0.043399885,-0.95700115,0.28681934,0
2.5911548,4.9064217,0.95577335,0.043399885,0.95700115,-0.28681934,0
1.6034408,-4.195786,2.5960975,-0.043399885,-0.95700115,0.28681934,0
-5.0711746,0.72998047,-0.12395597,-0.88333881,-0.097359762,-0.45851243,0
1.5759144,4.9039464,0.78905535,0.043399885,0.95700115,-0.28681934,0
-3.0985537,2.680757,-4.0651722,-0.88333881,-0.097359762,-0.45851243,0
0.67623925,-2.5649781,4.6417351,-0.46672153,0.27325803,0.84113079,0
-3.8721766,3.6834545,-3.0362082,-0.88333881,-0.097359762,-0.45851243,0
-1.1394613,-1.0721782,-3.984482,0.46672153,-0.27325803,-0.84113079,0
-4.3858304,0.82263297,-1.84475,-0.88333881,-0.097359762,-0.45851243,0
2.1016984,2.5576296,3.7511978,-0.46672153,0.27325803,0.84113079,0
-1.5508544,3.734437,-3.5264821,0.043399885,0.95700115,-0.28681934,0
-1.641643,3.3622677,-5.1497002,0.043399885,0.95700115,-0.28681934,0
-1.6398437,4.4762506,-1.4652429,0.043399885,0.95700115,-0.28681934,0
-1.2272208,-1.7354119,-3.5941303,0.46672153,-0.27325803,-0.84113079,0
4.3606071,-3.3487175,-0.085976124,0.46672153,-0.27325803,-0.84113079,0
-3.1834364,-2.4938824,2.3988402,-0.46672153,0.27325803,0.84113079,0
4.6586318,-3.7447577,0.042557955,0.46672153,-0.27325803,-0.84113079,0
-4.8657417,-3.1600792,0.10087442,-0.88333881,-0.097359762,-0.45851243,0
-0.43812019,2.1133013,2.63589,-0.46672153,0.27325803,0.84113079,0
4.3742957,4.8060951,0.44468307,0.043399885,0.95700115,-0.28681934,0
-0.40232122,-4.089107,1.7450733,-0.043399885,-0.95700115,0.28681934,0
1.2359538,-3.4981952,3.7012534,-0.043399885,-0.95700115,0.28681934,0
-3.9369397,0.24982125,-2.3602395,-0.88333881,-0.097359762,-0.45851243,0
-1.6573129,4.6614852,-0.13060999,0.043399885,0.95700115,-0.28681934,0
-0.095877886,3.9815753,-2.4595494,0.043399885,0.95700115,-0.28681934,0
2.8539882,-5.0278959,-0.58208108,0.46672153,-0.27325803,-0.84113079,0
-3.0064635,3.8646431,-3.7128897,0.043399885,0.95700115,-0.28681934,0
1.302308,4.059062,-1.9489527,0.043399885,0.95700115,-0.28681934,0
-0.93041968,-2.1466954,3.7315495,-0.46672153,0.27325803,0.84113079,0
-1.8258142,3.5015717,-3.6454065,0.043399885,0.95700115,-0.28681934,0
4.0136037,-0.98099232,2.1172888,0.88333881,0.097359762,0.45851243,0
3.1213984,-0.89213377,4.2819729,0.88333881,0.097359762,0.45851243,0
1.5748698,4.9516072,0.74290085,0.043399885,0.95700115,-0.28681934,0
3.4883928,-3.4390433,-0.41576791,0.46672153,-0.27325803,-0.84113079,0
-0.57650733,-4.5225668,1.0046,-0.043399885,-0.95700115,0.28681934,0
4.4902678,0.71440804,1.1372219,0.88333881,0.097359762,0.45851243,0
-1.9773195,-5.1291652,-2.0903075,-0.043399885,-0.95700115,0.28681934,0
1.9106321,-2.9009669,5.5126309,-0.46672153,0.27325803,0.84113079,0
-3.1881447,0.92921841,-4.204546,-0.88333881,-0.097359762,-0.45851243,0
2.8583531,5.1064177,2.8081992,0.88333881,0.097359762,0.45851243,0
2.8067889,-3.3292468,4.9473925,0.88333881,0.097359762,0.45851243,0
-4.8359776,-4.0371323,2.1697283,-0.043399885,-0.95700115,0.28681934,0
4.4672489,-3.9574032,1.6270323,0.88333881,0.097359762,0.45851243,0
-3.651485,4.3582525,-2.1936002,0.043399885,0.95700115,-0.28681934,0
-3.4040174,1.306764,-3.6359797,-0.88333881,-0.097359762,-0.45851243,0
-3.6508741,-1.2412318,-2.3304415,-0.88333881,-0.097359762,-0.45851243,0
4.2351074,-0.18619752,-1.2265272,0.46672153,-0.27325803,-0.84113079,0
4.6597166,1.961714,0.50311255,0.88333881,0.097359762,0.45851243,0
3.3527918,3.8902483,2.5358868,0.88333881,0.097359762,0.45851243,0
-2.8854253,-3.755682,3.0114965,-0.043399885,-0.95700115,0.28681934,0
-0.89840686,4.7855864,-0.32556868,0.043399885,0.95700115,-0.28681934,0
3.7883279,3.6041911,-2.5991678,0.46672153,-0.27325803,-0.84113079,0
-4.6883793,1.9311631,0.25959027,-0.46672153,0.27325803,0.84113079,0
1.3844612,3.4131725,3.3049858,-0.46672153,0.27325803,0.84113079,0
5.2401505,-0.57158756,-0.66677678,0.46672153,-0.27325803,-0.84113079,0
-3.6244524,-0.76894093,1.9604375,-0.46672153,0.27325803,0.84113079,0
1.096024,-1.4982324,-2.348964,0.46672153,-0.27325803,-0.84113079,0
-1.1265248,4.6618199,1.6088822,-0.46672153,0.27325803,0.84113079,0
-3.0756454,-1.4443505,-3.4462538,-0.88333881,-0.097359762,-0.45851243,0
4.5998902,-3.2743053,1.5590982,0.88333881,0.097359762,0.45851243,0
1.5811677,-3.0071363,5.4686131,-0.043399885,-0.95700115,0.28681934,0
-4.1273699,-2.0079303,-1.3347409,-0.88333881,-0.097359762,-0.45851243,0
4.8340201,0.45665693,0.53486025,0.88333881,0.097359762,0.45851243,0
4.3174744,1.7676733,1.4764664,0.88333881,0.097359762,0.45851243,0
-1.9049094,-4.0726409,-3.2971306,0.46672153,-0.27325803,-0.84113079,0
-2.6425445,-5.1691456,-1.485544,-0.043399885,-0.95700115,0.28681934,0
-1.9473534,2.8948467,1.7572509,-0.46672153,0.27325803,0.84113079,0
2.481786,4.0382547,-2.4936872,0.043399885,0.95700115,-0.28681934,0
2.7332683,-1.6440117,-1.5515765,0.46672153,-0.27325803,-0.84113079,0
-4.6593618,-3.6959019,-0.13567972,-0.88333881,-0.097359762,-0.45851243,0
1.0011474,-1.2329546,-2.7813709,0.46672153,-0.27325803,-0.84113079,0
-4.0206575,0.96639919,-2.6212254,-0.88333881,-0.097359762,-0.45851243,0
2.664742,5.1669378,3.1842637,0.88333881,0.097359762,0.45851243,0
5.3284597,3.9290326,-1.1358624,0.88333881,0.097359762,0.45851243,0
-5.4265642,-3.7608783,1.3578653,-0.88333881,-0.097359762,-0.45851243,0
1.4696345,4.7659278,0.064801216,0.043399885,0.95700115,-0.28681934,0
1.4975779,-2.7651668,-1.89389,0.46672153,-0.27325803,-0.84113079,0
2.0970066,-4.0540619,2.0750356,-0.043399885,-0.95700115,0.28681934,0
4.7446785,2.8836575,-1.907176,0.46672153,-0.27325803,-0.84113079,0
-2.6777291,3.8585322,-3.762043,0.043399885,0.95700115,-0.28681934,0
-0.44755614,-3.7677035,-2.6512828,0.46672153,-0.27325803,-0.84113079,0
-2.8966751,2.9761944,-5.1225095,-0.88333881,-0.097359762,-0.45851243,0
-1.2683167,-4.2001805,1.1592512,-0.043399885,-0.95700115,0.28681934,0
0.83977938,3.8196445,2.9594581,-0.46672153,0.27325803,0.84113079,0
-1.9523926,3.5886836,-4.297349,0.043399885,0.95700115,-0.28681934,0
1.7810545,0.58823693,4.531539,-0.46672153,0.27325803,0.84113079,0
-3.4700871,2.9688909,-3.9573388,-0.88333881,-0.097359762,-0.45851243,0
-3.9553511,-4.0263443,-1.4649744,-0.88333881,-0.097359762,-0.45851243,0
-2.7158899,4.2332649,0.50892663,-0.46672153,0.27325803,0.84113079,0
-2.2628236,0.039024591,-4.9945636,0.46672153,-0.27325803,-0.84113079,0
1.1252027,-3.7161493,3.366621,-0.043399885,-0.95700115,0.28681934,0
4.7139711,3.746912,-0.034348488,0.88333881,0.097359762,0.45851243,0
-2.638957,-0.60599017,-4.2090387,-0.88333881,-0.097359762,-0.45851243,0
3.6017363,4.5517497,-0.047654629,0.043399885,0.95700115,-0.28681934,0
-1.7093525,4.22613,-2.1251125,0.043399885,0.95700115,-0.28681934,0
-4.3891544,3.7636557,-2.0521083,-0.88333881,-0.097359762,-0.45851243,0
-2.6822681,0.77931368,-5.1489935,-0.88333881,-0.097359762,-0.45851243,0
4.218451,2.8577442,1.046165,0.88333881,0.097359762,0.45851243,0
3.4620571,0.47442031,-1.6245536,0.46672153,-0.27325803,-0.84113079,0
3.2085705,0.44985557,-2.0188007,0.46672153,-0.27325803,-0.84113079,0
-5.1850977,2.4845855,-0.30489671,-0.88333881,-0.097359762,-0.45851243,0
4.4368396,-1.845902,1.5471903,0.88333881,0.097359762,0.45851243,0
1.0665712,-1.3430636,4.7021914,-0.46672153,0.27325803,0.84113079,0
-2.2774715,2.6090448,-5.5872459,0.46672153,-0.27325803,-0.84113079,0
-2.3693743,3.1751342,-5.2970719,0.043399885,0.95700115,-0.28681934,0
4.5510931,-0.97243249,1.1785862,0.88333881,0.097359762,0.45851243,0
0.46831232,-5.2643061,-1.4346914,-0.043399885,-0.95700115,0.28681934,0
-0.45728177,-4.5960169,0.77724361,-0.043399885,-0.95700115,0.28681934,0
2.3422396,-3.6768165,-1.0256062,0.46672153,-0.27325803,-0.84113079,0
3.3870807,3.2979546,2.543484,0.88333881,0.097359762,0.45851243,0
0.49722946,4.9640374,0.96076703,0.043399885,0.95700115,-0.28681934,0
-0.72979617,3.3927393,-4.2336416,0.043399885,0.95700115,-0.28681934,0
-3.0839324,-3.7732275,2.480432,-0.043399885,-0.95700115,0.28681934,0
-1.3281482,-3.5452299,3.5729446,-0.043399885,-0.95700115,0.28681934,0
-2.8464308,-0.9350307,2.1602862,-0.46672153,0.27325803,0.84113079,0
-3.3241053,-3.8001018,-3.0132055,-0.88333881,-0.097359762,-0.45851243,0
-3.9009933,3.177114,-3.0215249,-0.88333881,-0.097359762,-0.45851243,0
-5.2937608,-0.10232401,0.16402996,-0.88333881,-0.097359762,-0.45851243,0
-0.77433074,4.827239,-0.29277992,0.043399885,0.95700115,-0.28681934,0
0.32030535,-3.9915886,1.9682026,-0.043399885,-0.95700115,0.28681934,0
-2.9098225,3.3047311,-4.6855173,-0.88333881,-0.097359762,-0.45851243,0
-2.4358742,4.8244352,0.51705742,-0.46672153,0.27325803,0.84113079,0
3.2564855,4.5680614,0.51818609,0.043399885,0.95700115,-0.28681934,0
0.50796318,2.7275751,3.0184779,-0.46672153,0.27325803,0.84113079,0
-4.1982617,1.4463758,-2.4690845,-0.88333881,-0.097359762,-0.45851243,0
-1.1710191,-5.5389128,-2.6367707,0.46672153,-0.27325803,-0.84113079,0
-3.5440478,2.5894439,-3.3233826,-0.88333881,-0.097359762,-0.45851243,0
-3.3234804,-2.0579414,2.2744319,-0.46672153,0.27325803,0.84113079,0
-3.2411757,3.8333523,-4.0559263,0.043399885,0.95700115,-0.28681934,0
-3.1472235,-4.6621509,0.0018811226,-0.043399885,-0.95700115,0.28681934,0
-0.49941599,-5.0567799,-2.197598,0.46672153,-0.27325803,-0.84113079,0
-2.194088,-4.701097,0.095612526,-0.043399885,-0.95700115,0.28681934,0
-4.1188593,4.0990863,-0.18567061,-0.46672153,0.27325803,0.84113079,0
-0.83705473,3.6979337,-3.6990891,0.043399885,0.95700115,-0.28681934,0
0.89226854,4.4217415,-0.66809654,0.043399885,0.95700115,-0.28681934,0
-4.2708368,-3.7783005,-0.87059903,-0.88333881,-0.097359762,-0.45851243,0
-4.3609791,-1.1423534,-0.89628601,-0.88333881,-0.097359762,-0.45851243,0
-2.2261279,-4.947463,-1.1804433,-0.043399885,-0.95700115,0.28681934,0
-0.34026146,3.5962427,-3.2657285,0.043399885,0.95700115,-0.28681934,0
4.5377226,0.46663189,0.63655519,0.88333881,0.097359762,0.45851243,0
1.8313718,2.7714725,3.7783511,-0.46672153,0.27325803,0.84113079,0
-0.20523548,-3.6376526,3.485754,-0.043399885,-0.95700115,0.28681934,0
-3.2559223,-4.9105277,-1.2793741,-0.043399885,-0.95700115,0.28681934,0
-1.0641327,-3.4431181,-3.0502207,0.46672153,-0.27325803,-0.84113079,0
-3.9202297,4.3026314,0.095831871,-0.46672153,0.27325803,0.84113079,0
5.3977127,0.30432487,-0.71935368,0.46672153,-0.27325803,-0.84113079,0
0.081589937,-3.9845705,2.7526464,-0.043399885,-0.95700115,0.28681934,0
-2.2984517,-1.771229,2.9699204,-0.46672153,0.27325803,0.84113079,0
-0.14047527,-1.0443456,3.6961942,-0.46672153,0.27325803,0.84113079,0
4.5330715,0.53057218,0.73955762,0.88333881,0.097359762,0.45851243,0
3.5735998,-1.2377758,2.8950267,0.88333881,0.097359762,0.45851243,0
-3.1026771,-2.8854604,2.6200914,-0.46672153,0.27325803,0.84113079,0
5.0017085,-0.56196952,0.49735442,0.88333881,0.097359762,0.45851243,0
-3.637146,-0.1288923,-2.3529325,-0.88333881,-0.097359762,-0.45851243,0
2.4058411,3.6833801,-3.5303502,0.043399885,0.95700115,-0.28681934,0
1.8882538,-1.1674838,-2.2507408,0.46672153,-0.27325803,-0.84113079,0
2.0835705,-3.4344161,-1.4317813,0.46672153,-0.27325803,-0.84113079,0
0.20233846,0.90370536,3.4078441,-0.46672153,0.27325803,0.84113079,0
-3.4560666,-1.2613926,-3.0403156,-0.88333881,-0.097359762,-0.45851243,0
4.9777737,-0.69695711,-0.64236683,0.46672153,-0.27325803,-0.84113079,0
-2.3541121,3.1550565,-5.2821293,0.043399885,0.95700115,-0.28681934,0
0.55523306,4.9010897,0.13120747,0.043399885,0.95700115,-0.28681934,0
0.47902858,-4.6818099,-0.22996187,-0.043399885,-0.95700115,0.28681934,0
-0.06006068,-5.2163544,-1.546248,-0.043399885,-0.95700115,0.28681934,0
-4.5224843,-0.6092484,-0.81997508,-0.88333881,-0.097359762,-0.45851243,0
-3.5446939,1.636117,-2.9216709,-0.88333881,-0.097359762,-0.45851243,0
4.3295736,4.6319342,0.84787512,0.88333881,0.097359762,0.45851243,0
-0.22595477,-0.76431751,-3.6592236,0.46672153,-0.27325803,-0.84113079,0
0.54050422,-3.8585172,2.3018689,-0.043399885,-0.95700115,0.28681934,0
4.847518,1.0218399,-1.2629697,0.46672153,-0.27325803,-0.84113079,0
2.0343258,4.0746326,-1.778295,0.043399885,0.95700115,-0.28681934,0
3.2698832,4.9502454,2.0647979,0.88333881,0.097359762,0.45851243,0
-3.2620764,-4.4298363,0.20162678,-0.043399885,-0.95700115,0.28681934,0
4.6560574,3.7718074,-2.0409703,0.043399885,0.95700115,-0.28681934,0
-2.768682,-0.93911028,2.3508565,-0.46672153,0.27325803,0.84113079,0
3.4716859,-4.5473666,-0.1071651,0.46672153,-0.27325803,-0.84113079,0
3.6246037,-2.1214755,3.5165393,0.88333881,0.097359762,0.45851243,0
1.2745334,2.3667302,-3.4041934,0.46672153,-0.27325803,-0.84113079,0
-0.95765913,-2.80934,3.9515584,-0.46672153,0.27325803,0.84113079,0
4.0020666,4.178967,0.81721163,0.88333881,0.097359762,0.45851243,0
-2.0991433,-4.2661424,1.4297905,-0.043399885,-0.95700115,0.28681934,0
-0.19118476,2.4805565,-4.2642698,0.46672153,-0.27325803,-0.84113079,0
2.0556321,-2.9144049,5.6461205,-0.043399885,-0.95700115,0.28681934,0
3.0968871,-4.0253572,2.1880267,-0.043399885,-0.95700115,0.28681934,0
3.772471,-1.4159458,-1.1706992,0.46672153,-0.27325803,-0.84113079,0
-1.6283846,3.6998243,-3.8703017,0.043399885,0.95700115,-0.28681934,0
0.33544075,-1.6234047,-2.6733491,0.46672153,-0.27325803,-0.84113079,0
1.6869631,0.41773653,4.2376862,-0.46672153,0.27325803,0.84113079,0
0.31016231,-0.12808704,3.7402225,-0.46672153,0.27325803,0.84113079,0
-1.4385169,-4.5274982,-3.0411358,0.46672153,-0.27325803,-0.84113079,0
5.1340141,-3.7201922,0.63384223,0.88333881,0.097359762,0.45851243,0
4.406024,-2.4877555,1.6696994,0.88333881,0.097359762,0.45851243,0
4.0163164,-2.8929322,-0.49285531,0.46672153,-0.27325803,-0.84113079,0
2.4286556,1.2592564,-2.4558759,0.46672153,-0.27325803,-0.84113079,0
1.1135349,5.2990255,2.6074946,0.043399885,0.95700115,-0.28681934,0
2.6839924,-3.1324339,-0.86641753,0.46672153,-0.27325803,-0.84113079,0
-3.3331873,-5.1186924,-2.1455188,-0.88333881,-0.097359762,-0.45851243,0
-3.2975791,-5.2477198,-2.3112075,-0.043399885,-0.95700115,0.28681934,0
1.2350073,5.2419767,1.6410308,0.043399885,0.95700115,-0.28681934,0
4.6656981,4.2207055,-0.49343061,0.88333881,0.097359762,0.45851243,0
-1.3767891,-5.0690646,-0.96562672,-0.043399885,-0.95700115,0.28681934,0
2.8391459,-1.9003785,-1.3063754,0.46672153,-0.27325803,-0.84113079,0
4.3992815,4.4401803,-0.58384037,0.043399885,0.95700115,-0.28681934,0
-4.1000891,-3.8404636,2.5544124,-0.043399885,-0.95700115,0.28681934,0
3.60676,1.3162005,2.6475799,0.88333881,0.097359762,0.45851243,0
-2.5487123,4.4274201,-1.852555,0.043399885,0.95700115,-0.28681934,0
3.267257,4.2174139,-1.6283545,0.043399885,0.95700115,-0.28681934,0
4.0697861,4.0919757,0.93180656,0.88333881,0.097359762,0.45851243,0
-0.67413545,3.8845055,-2.2331667,0.043399885,0.95700115,-0.28681934,0
-2.79966,4.2995067,-1.5452242,0.043399885,0.95700115,-0.28681934,0
-4.544198,-3.5408061,-0.64025402,-0.88333881,-0.097359762,-0.45851243,0
4.8801384,-0.20354104,-0.93084967,0.46672153,-0.27325803,-0.84113079,0
-4.5146847,-1.7859238,-0.97961235,-0.88333881,-0.097359762,-0.45851243,0
3.1439104,3.2446787,2.7846723,0.88333881,0.097359762,0.45851243,0
2.6321278,5.040822,3.3008363,-0.46672153,0.27325803,0.84113079,0
-1.1864059,-3.9636331,2.8806901,-0.043399885,-0.95700115,0.28681934,0
3.6587176,-3.922013,-0.41309595,0.46672153,-0.27325803,-0.84113079,0
5.5332623,3.7466166,-1.2696862,0.88333881,0.097359762,0.45851243,0
0.95254707,-2.2411852,4.6060753,-0.46672153,0.27325803,0.84113079,0
-2.0050306,-1.8997197,-4.0374432,0.46672153,-0.27325803,-0.84113079,0
0.97876477,3.9829752,-2.48001,0.043399885,0.95700115,-0.28681934,0
-5.1204629,3.1968606,-0.47547114,-0.88333881,-0.097359762,-0.45851243,0
-4.4234447,-3.8094144,-0.59616232,-0.88333881,-0.097359762,-0.45851243,0
-5.0959091,-3.2456594,1.0686479,-0.88333881,-0.097359762,-0.45851243,0
4.9007249,-3.8923707,0.24549508,0.46672153,-0.27325803,-0.84113079,0
3.8523536,-2.5694559,2.6404288,0.88333881,0.097359762,0.45851243,0
-2.4632692,4.3490934,-1.5934305,0.043399885,0.95700115,-0.28681934,0
-3.6017187,-2.702498,2.3944273,-0.46672153,0.27325803,0.84113079,0
-3.4350948,0.42063317,-3.2603257,-0.88333881,-0.097359762,-0.45851243,0
-5.1006689,0.64426231,-0.31735283,-0.88333881,-0.097359762,-0.45851243,0
2.2872252,-4.7105131,0.022759199,-0.043399885,-0.95700115,0.28681934,0
-0.030466795,-1.0498854,-3.467252,0.46672153,-0.27325803,-0.84113079,0
1.9035044,-1.7876328,-1.7474651,0.46672153,-0.27325803,-0.84113079,0
2.7915871,-4.7493834,0.27225399,-0.043399885,-0.95700115,0.28681934,0
2.8671386,-2.0629759,-1.5149109,0.46672153,-0.27325803,-0.84113079,0
1.7363329,-1.3771058,-1.9434993,0.46672153,-0.27325803,-0.84113079,0
1.083339,-1.1166449,4.3649673,-0.46672153,0.27325803,0.84113079,0
-1.1929278,4.542738,-0.83119774,0.043399885,0.95700115,-0.28681934,0
-4.1638217,2.4921246,-2.6448555,-0.88333881,-0.097359762,-0.45851243,0
2.8670204,5.4507031,2.3192589,0.043399885,0.95700115,-0.28681934,0
-1.6677291,3.7887199,-3.0395176,0.043399885,0.95700115,-0.28681934,0
-2.9622688,-0.72173446,-3.5915751,-0.88333881,-0.097359762,-0.45851243,0
-2.040261,-2.8532758,-3.5547805,0.46672153,-0.27325803,-0.84113079,0
-3.4524813,-2.9323192,2.6541758,-0.46672153,0.27325803,0.84113079,0
-4.159431,4.2363033,-2.4930115,0.043399885,0.95700115,-0.28681934,0
1.3041704,-0.83646774,-2.4475217,0.46672153,-0.27325803,-0.84113079,0
0.015838981,4.0936213,-2.2138534,0.043399885,0.95700115,-0.28681934,0
5.3268023,0.12284303,-0.83581924,0.46672153,-0.27325803,-0.84113079,0
3.1498761,-1.1111132,3.89166,0.88333881,0.097359762,0.45851243,0
-3.2821555,2.0360808,-4.2547636,-0.88333881,-0.097359762,-0.45851243,0
5.4832945,4.0971775,-1.6227293,0.043399885,0.95700115,-0.28681934,0
-4.8120413,-1.0458078,-0.4346931,-0.88333881,-0.097359762,-0.45851243,0
-4.2156019,-3.9276319,-1.1442347,-0.88333881,-0.097359762,-0.45851243,0
2.2258534,-3.1722608,5.8067212,-0.043399885,-0.95700115,0.28681934,0
-4.1053834,0.71926093,1.1617256,-0.46672153,0.27325803,0.84113079,0
0.88960773,4.9374456,0.31961775,0.043399885,0.95700115,-0.28681934,0
3.6460752,2.2798443,2.6588507,0.88333881,0.097359762,0.45851243,0
3.9736924,4.4511127,1.4085171,0.88333881,0.097359762,0.45851243,0
-1.8248959,3.826735,-2.6082523,0.043399885,0.95700115,-0.28681934,0
-1.0077906,2.5452852,-5.1206484,0.46672153,-0.27325803,-0.84113079,0
-5.255507,4.4246798,-0.74100995,-0.88333881,-0.097359762,-0.45851243,0
3.7056246,-2.765861,3.4932799,0.88333881,0.097359762,0.45851243,0
-1.1006722,3.2123466,-5.0925941,0.043399885,0.95700115,-0.28681934,0
3.6500545,-1.6468621,3.0892806,0.88333881,0.097359762,0.45851243,0
3.1480851,0.58738899,3.5817776,0.88333881,0.097359762,0.45851243,0
-5.1722279,1.1009784,0.20520991,-0.88333881,-0.097359762,-0.45851243,0
1.0578079,-2.9654174,5.0679932,-0.46672153,0.27325803,0.84113079,0
4.7006435,-0.32506704,-0.73843241,0.46672153,-0.27325803,-0.84113079,0
-4.2615128,-2.061651,1.8145816,-0.46672153,0.27325803,0.84113079,0
5.0248675,-3.8367846,0.54075789,0.88333881,0.097359762,0.45851243,0
3.1742616,-2.1074562,4.4426289,0.88333881,0.097359762,0.45851243,0
-1.239547,4.1765099,1.3767681,-0.46672153,0.27325803,0.84113079,0
4.2644248,-0.89300692,1.5061425,0.88333881,0.097359762,0.45851243,0
5.0815783,3.8040555,-0.90934372,0.88333881,0.097359762,0.45851243,0
-1.950377,-0.35593915,2.6231689,-0.46672153,0.27325803,0.84113079,0
2.4593048,-3.7028766,3.5957224,-0.043399885,-0.95700115,0.28681934,0
-1.6295681,3.2049732,-4.9273434,0.043399885,0.95700115,-0.28681934,0
-5.025104,0.96900129,-0.51420105,-0.88333881,-0.097359762,-0.45851243,0
3.2844019,-4.2944145,2.0148089,-0.043399885,-0.95700115,0.28681934,0
3.5598402,4.8314009,1.9341891,0.88333881,0.097359762,0.45851243,0
2.8809562,2.5788555,4.0994763,0.88333881,0.097359762,0.45851243,0
-3.7649474,2.1494727,-3.209446,-0.88333881,-0.097359762,-0.45851243,0
-3.5869946,-1.8106468,2.1447496,-0.46672153,0.27325803,0.84113079,0
3.4700184,3.628489,-3.0133824,0.46672153,-0.27325803,-0.84113079,0
3.4426386,-1.2139204,-1.1510528,0.46672153,-0.27325803,-0.84113079,0
4.0423346,4.0573759,-1.5575981,0.043399885,0.95700115,-0.28681934,0
3.2651711,4.9041386,2.6504111,0.88333881,0.097359762,0.45851243,0
3.636951,-2.3642249,2.9901996,0.88333881,0.097359762,0.45851243,0
-4.706954,-4.1184206,1.9181852,-0.043399885,-0.95700115,0.28681934,0
-0.87665302,-1.0556159,3.569988,-0.46672153,0.27325803,0.84113079,0
-0.90035093,-5.2256713,-1.623692,-0.043399885,-0.95700115,0.28681934,0
-1.1693115,3.50422,-4.464736,0.043399885,0.95700115,-0.28681934,0
3.1850882,-1.2109361,4.0917664,0.88333881,0.097359762,0.45851243,0
4.1962566,-1.50249,1.7336928,0.88333881,0.097359762,0.45851243,0
3.9433379,2.0164185,2.1202962,0.88333881,0.097359762,0.45851243,0
-0.16486038,-4.8057232,-0.39570189,-0.043399885,-0.95700115,0.28681934,0
-0.67643929,3.7989702,-2.9938054,0.043399885,0.95700115,-0.28681934,0
3.5224686,-2.0934668,3.3389626,0.88333881,0.097359762,0.45851243,0
2.9029994,-1.8447728,4.7129493,0.88333881,0.097359762,0.45851243,0
-4.0065246,2.8243341,-2.5404551,-0.88333881,-0.097359762,-0.45851243,0
-3.2873063,4.6538959,-0.00059604645,-0.46672153,0.27325803,0.84113079,0
-0.27920067,4.4068265,-1.626657,0.043399885,0.95700115,-0.28681934,0
-4.2619734,-0.27615941,-1.4819586,-0.88333881,-0.097359762,-0.45851243,0
-3.6621723,-2.7920022,-2.0858693,-0.88333881,-0.097359762,-0.45851243,0
-3.7350769,-0.6843915,-2.526794,-0.88333881,-0.097359762,-0.45851243,0
-1.8068616,-3.7174883,3.7054701,-0.043399885,-0.95700115,0.28681934,0
3.6345017,4.9423728,0.95699549,0.043399885,0.95700115,-0.28681934,0
1.2994442,0.41603625,4.1880298,-0.46672153,0.27325803,0.84113079,0
-1.20046,-5.2515459,-2.3952913,-0.043399885,-0.95700115,0.28681934,0
-4.8357792,-2.2999814,1.6153545,-0.46672153,0.27325803,0.84113079,0
1.2617006,4.3355975,-1.6063862,0.043399885,0.95700115,-0.28681934,0
-2.3642883,2.8694699,-5.8469505,-0.88333881,-0.097359762,-0.45851243,0
-0.99426746,-3.4036169,3.930995,-0.46672153,0.27325803,0.84113079,0
4.897027,-1.0564035,0.69869065,0.88333881,0.097359762,0.45851243,0
-2.9668245,0.86004353,1.6147403,-0.46672153,0.27325803,0.84113079,0
-3.677907,-1.7715367,-2.4351821,-0.88333881,-0.097359762,-0.45851243,0
1.9312216,4.9858356,0.66525459,0.043399885,0.95700115,-0.28681934,0
-5.0591059,-0.9800632,1.1364117,-0.46672153,0.27325803,0.84113079,0
-2.2641463,-0.45898962,-4.7359362,0.46672153,-0.27325803,-0.84113079,0
3.9556146,2.9339974,1.6586376,0.88333881,0.097359762,0.45851243,0
-2.8311419,-0.012786746,-4.5640454,-0.88333881,-0.097359762,-0.45851243,0
-3.0509088,-3.9588304,-2.6941757,-0.88333881,-0.097359762,-0.45851243,0
2.8866401,3.666115,3.6593242,0.88333881,0.097359762,0.45851243,0
2.8392353,4.4873953,-0.65105486,0.043399885,0.95700115,-0.28681934,0
2.1210668,-2.5857646,-1.4053296,0.46672153,-0.27325803,-0.84113079,0
3.9604228,-2.6736753,-0.3044008,0.46672153,-0.27325803,-0.84113079,0
2.8405349,-4.7726622,-0.085904598,-0.043399885,-0.95700115,0.28681934,0
4.5582266,1.727363,0.46645761,0.88333881,0.097359762,0.45851243,0
2.6317973,4.0519328,-2.0421062,0.043399885,0.95700115,-0.28681934,0
-2.8740683,-4.4980636,-3.4013395,-0.88333881,-0.097359762,-0.45851243,0
-3.4596918,-2.8082216,2.6870065,-0.46672153,0.27325803,0.84113079,0
-4.9349566,-1.8399224,-0.28919911,-0.88333881,-0.097359762,-0.45851243,0
-3.4662724,-3.8895028,2.2202191,-0.043399885,-0.95700115,0.28681934,0
-2.0860791,-4.049715,1.9811387,-0.043399885,-0.95700115,0.28681934,0
-3.7547178,-0.66267669,-2.2189004,-0.88333881,-0.097359762,-0.45851243,0
-1.1183331,-1.5884362,-3.5308251,0.46672153,-0.27325803,-0.84113079,0
3.68875,4.7560291,1.6980739,0.88333881,0.097359762,0.45851243,0
-2.9970298,-0.39707446,-3.5389988,-0.88333881,-0.097359762,-0.45851243,0
-0.64753485,1.060576,-4.3941293,0.46672153,-0.27325803,-0.84113079,0
2.3429558,-1.6134256,-1.6784198,0.46672153,-0.27325803,-0.84113079,0
-3.5969205,-1.4981327,1.8238513,-0.46672153,0.27325803,0.84113079,0
1.2703655,-3.7116344,3.7344618,-0.043399885,-0.95700115,0.28681934,0
2.81884,1.2686845,3.7682629,0.88333881,0.097359762,0.45851243,0
2.5241857,2.1656315,-2.8043766,0.46672153,-0.27325803,-0.84113079,0
2.9410419,-0.98672533,-1.6206774,0.46672153,-0.27325803,-0.84113079,0
2.3334446,2.8589609,-3.0887313,0.46672153,-0.27325803,-0.84113079,0
2.311919,-4.576808,0.27663326,-0.043399885,-0.95700115,0.28681934,0
5.1227751,1.5214493,-0.34817958,0.88333881,0.097359762,0.45851243,0
2.7732599,5.4651852,2.8835394,0.043399885,0.95700115,-0.28681934,0
0.080959022,4.9787116,1.1148505,0.043399885,0.95700115,-0.28681934,0
-5.085309,2.3637981,-0.91762894,-0.88333881,-0.097359762,-0.45851243,0
4.0518894,2.942842,0.95629072,0.88333881,0.097359762,0.45851243,0
2.718679,3.7555029,3.7470434,0.88333881,0.097359762,0.45851243,0
2.9558086,4.3227539,3.6226165,0.88333881,0.097359762,0.45851243,0
-1.120348,2.7539005,-4.9487309,0.46672153,-0.27325803,-0.84113079,0
-1.5267625,-3.553659,-3.1167519,0.46672153,-0.27325803,-0.84113079,0
3.2891431,-0.93405497,3.3473253,0.88333881,0.097359762,0.45851243,0
0.7827847,4.1864958,-2.0576229,0.043399885,0.95700115,-0.28681934,0
-2.9081297,1.4399722,-4.9217758,-0.88333881,-0.097359762,-0.45851243,0
3.2288923,-3.3595512,4.3010397,0.88333881,0.097359762,0.45851243,0
5.4624052,0.76173854,-0.7345655,0.46672153,-0.27325803,-0.84113079,0
-0.1066227,-4.3615732,-2.1805992,0.46672153,-0.27325803,-0.84113079,0
4.6422615,-2.8243785,-0.14724016,0.46672153,-0.27325803,-0.84113079,0
0.85561591,4.1717777,-1.6898623,0.043399885,0.95700115,-0.28681934,0
-2.5320268,-3.3747935,-3.8855915,0.46672153,-0.27325803,-0.84113079,0
2.9495072,-1.2631972,-1.5868373,0.46672153,-0.27325803,-0.84113079,0
1.2112389,-3.7820532,3.5399804,-0.043399885,-0.95700115,0.28681934,0
-3.4758115,3.757282,-3.9596334,0.043399885,0.95700115,-0.28681934,0
-0.32567692,-3.9683812,-2.5560224,0.46672153,-0.27325803,-0.84113079,0
5.3049927,-0.065601587,-0.085800409,0.88333881,0.097359762,0.45851243,0
1.8126777,4.2559657,-1.4911852,0.043399885,0.95700115,-0.28681934,0
0.90757322,-3.3510714,4.8537302,-0.043399885,-0.95700115,0.28681934,0
-3.5723424,-2.1320982,-2.4580462,-0.88333881,-0.097359762,-0.45851243,0
5.4031858,3.7649982,-1.8447647,0.46672153,-0.27325803,-0.84113079,0
-3.4005427,-2.3112564,-2.7250412,-0.88333881,-0.097359762,-0.45851243,0
3.9230227,4.5606494,0.69099998,0.043399885,0.95700115,-0.28681934,0
4.8212752,-2.1384895,1.0368509,0.88333881,0.097359762,0.45851243,0
4.8451085,-0.0026774406,-0.84892631,0.46672153,-0.27325803,-0.84113079,0
-0.32172298,-0.043332577,-3.9363093,0.46672153,-0.27325803,-0.84113079,0
-3.2299416,-4.9290791,-1.5823529,-0.043399885,-0.95700115,0.28681934,0
-5.0579782,2.5461965,-0.80416989,-0.88333881,-0.097359762,-0.45851243,0
1.0898905,-3.1057022,4.9075594,-0.043399885,-0.95700115,0.28681934,0
1.7602447,-5.0088024,-0.94131684,0.46672153,-0.27325803,-0.84113079,0
2.7911596,-0.58642697,4.9404488,0.88333881,0.097359762,0.45851243,0
3.8557067,-4.1271534,2.1438456,-0.043399885,-0.95700115,0.28681934,0
-3.3862491,0.2968958,-3.7063599,-0.88333881,-0.097359762,-0.45851243,0
-1.3173375,-0.97447526,-3.7834179,0.46672153,-0.27325803,-0.84113079,0
4.9366207,0.32964325,0.15474594,0.88333881,0.097359762,0.45851243,0
1.8299307,-4.4497252,-1.1090567,0.46672153,-0.27325803,-0.84113079,0
-0.85905087,-4.2785144,1.1478777,-0.043399885,-0.95700115,0.28681934,0
1.6690035,-3.2540717,4.5279264,-0.043399885,-0.95700115,0.28681934,0
-2.8270926,-4.1164532,1.3319654,-0.043399885,-0.95700115,0.28681934,0
-2.3743997,1.7191151,-5.2925224,-0.88333881,-0.097359762,-0.45851243,0
-0.63002467,-3.0933027,-3.0486927,0.46672153,-0.27325803,-0.84113079,0
5.3564944,-1.8476288,0.0874843,0.88333881,0.097359762,0.45851243,0
3.2770116,4.6012521,0.14954615,0.043399885,0.95700115,-0.28681934,0
-0.031528145,-4.6125774,0.027443409,-0.043399885,-0.95700115,0.28681934,0
-1.270818,-4.0733318,2.1708832,-0.043399885,-0.95700115,0.28681934,0
-2.3979268,-5.0528984,-3.3631258,0.46672153,-0.27325803,-0.84113079,0
4.5560155,4.3965311,-0.33538294,0.043399885,0.95700115,-0.28681934,0
0.97758222,2.0250461,3.6592727,-0.46672153,0.27325803,0.84113079,0
-1.975979,-3.6652544,2.7283568,-0.043399885,-0.95700115,0.28681934,0
-5.5649028,-1.0316846,0.97104764,-0.46672153,0.27325803,0.84113079,0
-1.0882192,4.997366,1.1629357,0.043399885,0.95700115,-0.28681934,0
1.6533141,-0.57831407,4.4826784,-0.46672153,0.27325803,0.84113079,0
2.2521517,1.8637826,-3.0505171,0.46672153,-0.27325803,-0.84113079,0
-3.9509647,-1.9986329,-1.4894189,-0.88333881,-0.097359762,-0.45851243,0
1.992305,3.9093006,-1.8032107,0.043399885,0.95700115,-0.28681934,0
3.698236,1.4512918,2.5121789,0.88333881,0.097359762,0.45851243,0
-2.2148607,-2.5082955,3.1521926,-0.46672153,0.27325803,0.84113079,0
-3.7657528,4.4173746,-2.0792503,0.043399885,0.95700115,-0.28681934,0
0.078564644,0.43761015,3.4613132,-0.46672153,0.27325803,0.84113079,0
1.6175374,2.5536861,-3.3575578,0.46672153,-0.27325803,-0.84113079,0
1.3180561,4.0165319,3.0010991,-0.46672153,0.27325803,0.84113079,0
3.2501249,-4.1809492,1.7637048,-0.043399885,-0.95700115,0.28681934,0
-1.424948,-3.7700524,2.5358577,-0.043399885,-0.95700115,0.28681934,0
-1.977494,-5.3397274,-2.5100946,-0.043399885,-0.95700115,0.28681934,0
-5.4492712,-3.6554985,1.4416285,-0.88333881,-0.097359762,-0.45851243,0
-4.7205601,4.7324314,-0.62037086,0.043399885,0.95700115,-0.28681934,0
-3.4247913,0.37039521,-3.4496365,-0.88333881,-0.097359762,-0.45851243,0
2.6770213,-4.7026176,1.0408616,-0.043399885,-0.95700115,0.28681934,0
-2.1036096,4.8322077,0.5198977,0.043399885,0.95700115,-0.28681934,0
-3.8504868,-3.8931718,-1.7436702,-0.88333881,-0.097359762,-0.45851243,0
-2.0068264,4.9612417,0.45137286,0.043399885,0.95700115,-0.28681934,0
1.2902105,2.396251,-3.766943,0.46672153,-0.27325803,-0.84113079,0
-4.5769954,-1.8337879,-0.59092426,-0.88333881,-0.097359762,-0.45851243,0
2.4582956,5.1225395,3.1054888,-0.46672153,0.27325803,0.84113079,0
-1.5673764,-4.9918699,-2.797641,0.46672153,-0.27325803,-0.84113079,0
3.5255291,4.8170152,0.61229897,0.043399885,0.95700115,-0.28681934,0
0.78726745,-3.0694804,-2.2651789,0.46672153,-0.27325803,-0.84113079,0
-1.7748768,-1.981463,3.4600952,-0.46672153,0.27325803,0.84113079,0
3.5822539,-1.8016305,2.9289119,0.88333881,0.097359762,0.45851243,0
-0.3630662,3.8277011,-3.3494668,0.043399885,0.95700115,-0.28681934,0
4.8155336,2.9016657,0.29942036,0.88333881,0.097359762,0.45851243,0
-1.615574,-3.6151052,3.8078642,-0.043399885,-0.95700115,0.28681934,0
1.7280025,-3.5710895,3.7560019,-0.043399885,-0.95700115,0.28681934,0
-1.3593569,3.5016224,-3.7950501,0.043399885,0.95700115,-0.28681934,0
-0.0010278225,-3.5846493,3.9530272,-0.043399885,-0.95700115,0.28681934,0
1.5198014,0.71204638,-2.9235506,0.46672153,-0.27325803,-0.84113079,0
2.4677501,-2.3792987,-1.4788831,0.46672153,-0.27325803,-0.84113079,0
-5.1787076,-1.6168807,0.41184044,-0.88333881,-0.097359762,-0.45851243,0
-3.6353908,3.3838782,-3.5521607,-0.88333881,-0.097359762,-0.45851243,0
5.0798836,4.0864201,-1.9284801,0.043399885,0.95700115,-0.28681934,0
2.8729296,-1.1624312,-1.5269487,0.46672153,-0.27325803,-0.84113079,0
-3.6637583,-1.6736286,-2.5840197,-0.88333881,-0.097359762,-0.45851243,0
-3.9270115,4.0311327,-2.4251258,0.043399885,0.95700115,-0.28681934,0
-4.9303803,1.3291163,-0.37264946,-0.88333881,-0.097359762,-0.45851243,0
1.072504,-1.2876287,4.6937394,-0.46672153,0.27325803,0.84113079,0
-2.6745806,-0.5687685,2.1515074,-0.46672153,0.27325803,0.84113079,0
0.13668573,-2.2533865,-2.8278437,0.46672153,-0.27325803,-0.84113079,0
-3.0262322,-1.8520987,-3.2786617,-0.88333881,-0.097359762,-0.45851243,0
-4.481421,3.2100754,-2.2921841,-0.88333881,-0.097359762,-0.45851243,0
-4.857471,-0.23633361,-0.33634675,-0.88333881,-0.097359762,-0.45851243,0
-4.2966509,2.8980999,-2.4043422,-0.88333881,-0.097359762,-0.45851243,0
-3.0949483,1.4812331,-3.8373117,-0.88333881,-0.097359762,-0.45851243,0
0.83579242,-2.1837783,-2.3077207,0.46672153,-0.27325803,-0.84113079,0
4.340024,4.2818003,-0.36547709,0.043399885,0.95700115,-0.28681934,0
3.4990957,-4.4837356,-0.10997248,0.46672153,-0.27325803,-0.84113079,0
4.9405131,-1.5620741,0.39309004,0.88333881,0.097359762,0.45851243,0
-4.4233131,0.65424526,-1.594695,-0.88333881,-0.097359762,-0.45851243,0
2.9239926,-3.3684361,-0.95206392,0.46672153,-0.27325803,-0.84113079,0
-2.9716978,2.5736318,-4.3636446,-0.88333881,-0.097359762,-0.45851243,0
2.6528769,-4.037219,-1.0149214,0.46672153,-0.27325803,-0.84113079,0
-3.8962574,4.5341172,-1.3853374,0.043399885,0.95700115,-0.28681934,0
-4.2098117,-2.2130599,-1.1833404,-0.88333881,-0.097359762,-0.45851243,0
1.979856,0.11231256,4.5077782,-0.46672153,0.27325803,0.84113079,0
-2.8159151,2.2764845,-5.2883539,-0.88333881,-0.097359762,-0.45851243,0
-1.1902847,3.859499,-2.8575573,0.043399885,0.95700115,-0.28681934,0
1.4797423,-4.2676215,1.0102799,-0.043399885,-0.95700115,0.28681934,0
-3.330718,1.1367674,1.2044481,-0.46672153,0.27325803,0.84113079,0
0.42990673,4.3346152,2.4040761,-0.46672153,0.27325803,0.84113079,0
-4.3974361,-2.4453828,-0.81393361,-0.88333881,-0.097359762,-0.45851243,0
-1.3857176,-1.5776627,3.2870264,-0.46672153,0.27325803,0.84113079,0
1.2703812,3.0868771,3.3552771,-0.46672153,0.27325803,0.84113079,0
-1.4279511,-2.1432986,-3.7312791,0.46672153,-0.27325803,-0.84113079,0
-5.1627116,3.1686015,-0.8809098,-0.88333881,-0.097359762,-0.45851243,0
-0.33413857,5.0537744,1.9197931,-0.46672153,0.27325803,0.84113079,0
4.1971445,-3.7829466,2.9376867,0.88333881,0.097359762,0.45851243,0
-2.7410116,1.793404,1.3864827,-0.46672153,0.27325803,0.84113079,0
-2.7752843,-5.2225728,-2.2217457,-0.043399885,-0.95700115,0.28681934,0
-2.8571501,-1.6574142,-4.0101814,-0.88333881,-0.097359762,-0.45851243,0
-2.7437968,0.13659132,-4.9001341,-0.88333881,-0.097359762,-0.45851243,0
1.504457,-3.3408849,5.0278296,-0.043399885,-0.95700115,0.28681934,0
0.49978226,-5.2144437,-1.4234364,-0.043399885,-0.95700115,0.28681934,0
1.1580958,4.0266399,-1.9915156,0.043399885,0.95700115,-0.28681934,0
1.2148643,-3.9722996,2.5328436,-0.043399885,-0.95700115,0.28681934,0
-3.5481191,1.6822244,1.1397986,-0.46672153,0.27325803,0.84113079,0
1.2745962,-2.7020166,5.2065806,-0.46672153,0.27325803,0.84113079,0
-1.8909822,3.3699279,1.2630918,-0.46672153,0.27325803,0.84113079,0
2.2381835,5.4454503,2.7156475,0.043399885,0.95700115,-0.28681934,0
3.06989,4.4848437,2.9530308,0.88333881,0.097359762,0.45851243,0
1.0223169,-4.192059,2.2233706,-0.043399885,-0.95700115,0.28681934,0
-2.7709556,3.9144094,-3.7320082,0.043399885,0.95700115,-0.28681934,0
0.48423743,1.5775139,3.1381001,-0.46672153,0.27325803,0.84113079,0
0.30848825,3.4946053,2.748728,-0.46672153,0.27325803,0.84113079,0
-3.1331973,-3.8676076,1.8874335,-0.043399885,-0.95700115,0.28681934,0
2.6247706,-3.8218184,-0.65047646,0.46672153,-0.27325803,-0.84113079,0
-0.27298197,-4.4403501,0.3806777,-0.043399885,-0.95700115,0.28681934,0
5.0026822,-3.8076727,1.316201,0.88333881,0.097359762,0.45851243,0
5.3363886,-0.39990497,-0.51474762,0.88333881,0.097359762,0.45851243,0
2.4781103,-2.6370435,5.5979142,0.88333881,0.097359762,0.45851243,0
5.2009592,0.53213072,-0.62723112,0.46672153,-0.27325803,-0.84113079,0
1.0874023,-2.2842202,5.0263429,-0.46672153,0.27325803,0.84113079,0
0.26418567,0.22579598,3.6022902,-0.46672153,0.27325803,0.84113079,0
2.1659884,-4.5238695,1.0051138,-0.043399885,-0.95700115,0.28681934,0
-1.8695301,-0.2822566,2.4186206,-0.46672153,0.27325803,0.84113079,0
2.2057276,-4.8484416,-0.61813378,0.46672153,-0.27325803,-0.84113079,0
-3.3678303,-2.0123513,2.128937,-0.46672153,0.27325803,0.84113079,0
3.2634706,-4.4234767,1.2215486,-0.043399885,-0.95700115,0.28681934,0
-3.6197627,-3.7276978,2.243609,-0.043399885,-0.95700115,0.28681934,0
-2.5071316,-2.1288569,-4.3713603,0.46672153,-0.27325803,-0.84113079,0
-5.0122094,3.2729173,-1.2738353,-0.88333881,-0.097359762,-0.45851243,0
-2.7077427,-4.7774944,-0.56335068,-0.043399885,-0.95700115,0.28681934,0
-3.8254538,-4.3459444,-0.044156075,-0.043399885,-0.95700115,0.28681934,0
4.2436204,2.5628166,0.76199436,0.88333881,0.097359762,0.45851243,0
2.6259761,1.1580474,4.8468451,0.88333881,0.097359762,0.45851243,0
-4.3577232,1.7973526,0.73379409,-0.46672153,0.27325803,0.84113079,0
-3.1578102,-4.58079,0.16718388,-0.043399885,-0.95700115,0.28681934,0
3.8134856,4.351583,-1.0280924,0.043399885,0.95700115,-0.28681934,0
-3.7600408,-3.025651,-1.7306045,-0.88333881,-0.097359762,-0.45851243,0
5.468544,1.1940074,-1.0957048,0.46672153,-0.27325803,-0.84113079,0
-1.8890449,-4.6286306,0.18335438,-0.043399885,-0.95700115,0.28681934,0
-0.028728485,-1.755738,4.2639861,-0.46672153,0.27325803,0.84113079,0
-4.6926365,-1.2583065,-0.54038501,-0.88333881,-0.097359762,-0.45851243,0
-3.7286844,-1.8203189,1.8802617,-0.46672153,0.27325803,0.84113079,0
-2.6556072,4.105691,-2.6458561,0.043399885,0.95700115,-0.28681934,0
4.0693398,4.5946817,0.16026211,0.043399885,0.95700115,-0.28681934,0
2.2878904,-3.2194872,5.0779276,-0.043399885,-0.95700115,0.28681934,0
-3.3115497,-1.5355316,-2.7723217,-0.88333881,-0.097359762,-0.45851243,0
1.3170171,0.90917397,4.1091886,-0.46672153,0.27325803,0.84113079,0
2.6354442,0.060033679,4.9614053,0.88333881,0.097359762,0.45851243,0
-0.75799441,0.77858925,2.868432,-0.46672153,0.27325803,0.84113079,0
-1.5886741,3.489753,-3.9252234,0.043399885,0.95700115,-0.28681934,0
2.6803393,-4.0482426,2.8163292,-0.043399885,-0.95700115,0.28681934,0
1.2139037,1.007005,3.8176725,-0.46672153,0.27325803,0.84113079,0
-5.3807087,-2.4216077,1.2273722,-0.46672153,0.27325803,0.84113079,0
1.5891097,1.4552062,3.9412565,-0.46672153,0.27325803,0.84113079,0
3.1983159,1.50876,-2.4981282,0.46672153,-0.27325803,-0.84113079,0
0.88553405,-4.7064495,0.13067102,-0.043399885,-0.95700115,0.28681934,0
-0.28277445,0.45146561,-3.799823,0.46672153,-0.27325803,-0.84113079,0
1.9876649,5.2490954,2.6432409,0.043399885,0.95700115,-0.28681934,0
2.9171805,4.1110344,-1.7703409,0.043399885,0.95700115,-0.28681934,0
-5.135335,4.3154283,-0.82291865,-0.46672153,0.27325803,0.84113079,0
-4.6362081,-0.41312313,-1.1968522,-0.88333881,-0.097359762,-0.45851243,0
-5.1924148,-0.74847865,0.69611931,-0.88333881,-0.097359762,-0.45851243,0
-1.2519598,-4.1679516,-3.1239448,0.46672153,-0.27325803,-0.84113079,0
1.2852237,-4.4584465,1.1463652,-0.043399885,-0.95700115,0.28681934,0
4.9861383,-1.2595053,-0.34403387,0.46672153,-0.27325803,-0.84113079,0
2.4356139,4.2324848,-1.7704253,0.043399885,0.95700115,-0.28681934,0
-0.28974438,2.166115,-4.2786283,0.46672153,-0.27325803,-0.84113079,0
-5.1987534,-0.42345595,0.045942068,-0.88333881,-0.097359762,-0.45851243,0
-4.1762462,4.2996645,-1.3578815,0.043399885,0.95700115,-0.28681934,0
3.1309874,3.8472314,-2.6235518,0.043399885,0.95700115,-0.28681934,0
-3.5258465,3.34147,-4.1360474,-0.88333881,-0.097359762,-0.45851243,0
-5.2634144,4.5080562,-0.83543658,-0.88333881,-0.097359762,-0.45851243,0
1.0139687,2.4925849,3.5389662,-0.46672153,0.27325803,0.84113079,0
-2.4140587,3.9450436,-3.2077572,0.043399885,0.95700115,-0.28681934,0
-1.3189106,3.2167459,-4.9196725,0.043399885,0.95700115,-0.28681934,0
-4.4593573,1.1182231,-1.8068533,-0.88333881,-0.097359762,-0.45851243,0
0.2823143,-4.5420027,1.2333469,-0.043399885,-0.95700115,0.28681934,0
3.6753025,-2.0941076,3.127594,0.88333881,0.097359762,0.45851243,0
-4.5180244,-4.2400465,-0.20683336,-0.88333881,-0.097359762,-0.45851243,0
-1.8844535,-5.56599,-2.489002,-0.043399885,-0.95700115,0.28681934,0
-2.6171279,0.071934342,-4.5607443,-0.88333881,-0.097359762,-0.45851243,0
-2.5294356,0.9922446,-4.867239,-0.88333881,-0.097359762,-0.45851243,0
-2.8266416,-0.89919776,-4.1019578,-0.88333881,-0.097359762,-0.45851243,0
-3.0640311,0.25877213,1.6420835,-0.46672153,0.27325803,0.84113079,0
1.766275,3.5648606,-3.1091771,0.043399885,0.95700115,-0.28681934,0
4.4976473,-2.3275099,1.5756403,0.88333881,0.097359762,0.45851243,0
