5.465785,-1.2574697,1.5664101,0.72036421,-0.10433459,-0.68570364,0
-1.4993672,1.8311641,-6.2885952,0.72036421,-0.10433459,-0.68570364,0
-0.76588869,-4.6261649,0.072101459,0.13484192,-0.9486922,0.28600794,0
1.1656604,5.0046988,0.081436105,-0.13484192,0.9486922,-0.28600794,0
-0.82518828,3.2951515,3.0888076,-0.72036421,0.10433459,0.68570364,0
0.079504967,4.2411613,-2.3998933,-0.13484192,0.9486922,-0.28600794,0
5.2236443,-0.73395729,1.2974994,0.72036421,-0.10433459,-0.68570364,0
0.7002244,-1.8926715,5.1706181,-0.72036421,0.10433459,0.68570364,0
1.8503364,3.6019495,4.0973587,0.68036222,0.29849166,0.66933542,0
-1.8076572,-4.348815,2.6403306,0.13484192,-0.9486922,0.28600794,0
0.57242751,1.7527053,-3.8776028,0.72036421,-0.10433459,-0.68570364,0
2.5519929,3.338697,3.2293928,0.68036222,0.29849166,0.66933542,0
-3.1464164,3.8971438,-0.64283562,-0.13484192,0.9486922,-0.28600794,0
-4.4433231,1.320807,-0.32328105,-0.72036421,0.10433459,0.68570364,0
2.2660813,-4.4083118,0.26174462,0.13484192,-0.9486922,0.28600794,0
-1.7088449,0.68075687,-5.8482409,-0.68036222,-0.29849166,-0.66933542,0
0.14067268,-4.1362543,1.6653633,0.13484192,-0.9486922,0.28600794,0
-5.4638224,-0.082132339,-1.2731516,-0.72036421,0.10433459,0.68570364,0
0.60948896,-5.2967539,-2.7919252,0.13484192,-0.9486922,0.28600794,0
-1.3616271,2.904815,-4.96522,-0.13484192,0.9486922,-0.28600794,0
-2.8826387,1.9602665,-5.1350698,-0.68036222,-0.29849166,-0.66933542,0
-4.1762633,0.90412712,-3.9132891,-0.68036222,-0.29849166,-0.66933542,0
2.7368586,0.97610319,4.1223087,0.68036222,0.29849166,0.66933542,0
4.2579098,1.2116904,2.6366339,0.68036222,0.29849166,0.66933542,0
3.0465755,-2.1577837,5.1541729,0.68036222,0.29849166,0.66933542,0
-1.6441722,-0.81042916,-5.2633734,-0.68036222,-0.29849166,-0.66933542,0
0.69293499,4.0885119,-1.8854555,-0.13484192,0.9486922,-0.28600794,0
-3.3892303,4.4782953,0.39692974,-0.13484192,0.9486922,-0.28600794,0
1.6818101,-4.0506234,1.7485304,0.13484192,-0.9486922,0.28600794,0
-4.7192025,-0.22175884,-0.66797423,-0.72036421,0.10433459,0.68570364,0
-5.1158118,-0.70773077,-1.6634598,-0.68036222,-0.29849166,-0.66933542,0
-2.6035812,-1.3096546,-4.3257217,-0.68036222,-0.29849166,-0.66933542,0
0.89639807,0.98297668,-3.6265039,0.72036421,-0.10433459,-0.68570364,0
2.5048671,1.1315486,4.5482688,0.68036222,0.29849166,0.66933542,0
-2.5460944,-0.29195702,-4.7063022,-0.68036222,-0.29849166,-0.66933542,0
-1.3899312,-5.6359911,-3.7391434,-0.68036222,-0.29849166,-0.66933542,0
1.5027337,-3.6246643,3.317286,0.13484192,-0.9486922,0.28600794,0
-1.0853496,-4.599587,-4.3430548,-0.68036222,-0.29849166,-0.66933542,0
2.2923903,-3.1097722,4.9909053,0.13484192,-0.9486922,0.28600794,0
-2.2617764,-4.8136635,1.4917607,0.13484192,-0.9486922,0.28600794,0
-3.8850696,-0.21455216,-3.4355774,-0.68036222,-0.29849166,-0.66933542,0
5.0115004,2.3916967,1.582649,0.68036222,0.29849166,0.66933542,0
-1.6256266,-1.2699387,-4.9635768,-0.68036222,-0.29849166,-0.66933542,0
-5.0538573,1.3114836,-3.2150369,-0.68036222,-0.29849166,-0.66933542,0
4.4088411,1.566678,0.097011805,0.72036421,-0.10433459,-0.68570364,0
-0.53840494,-3.8253984,-4.0908098,0.72036421,-0.10433459,-0.68570364,0
-3.1572852,1.5324144,-5.1113696,-0.68036222,-0.29849166,-0.66933542,0
3.9392495,-0.52413034,-0.2202208,0.72036421,-0.10433459,-0.68570364,0
-3.4139414,-5.1833172,-0.17861676,0.13484192,-0.9486922,0.28600794,0
3.5975711,-1.7151734,4.3877869,0.68036222,0.29849166,0.66933542,0
0.063539982,3.6915536,-2.9500141,-0.13484192,0.9486922,-0.28600794,0
-2.1022437,3.3118579,-3.2248139,-0.13484192,0.9486922,-0.28600794,0
-4.4970593,-2.6189866,-0.051981211,-0.72036421,0.10433459,0.68570364,0
-3.0021014,-1.7607719,1.2315853,-0.72036421,0.10433459,0.68570364,0
-4.0239811,1.3087411,-3.6690741,-0.68036222,-0.29849166,-0.66933542,0
4.8506994,0.63503075,2.4328177,0.68036222,0.29849166,0.66933542,0
-1.9749907,-3.4447839,-3.839987,-0.68036222,-0.29849166,-0.66933542,0
-5.876225,1.2011991,-2.1627657,-0.68036222,-0.29849166,-0.66933542,0
-1.0797591,-1.8320067,3.5931976,-0.72036421,0.10433459,0.68570364,0
2.927494,5.8955364,2.0748212,0.68036222,0.29849166,0.66933542,0
-3.0639033,-4.6966453,1.8891456,-0.72036421,0.10433459,0.68570364,0
-1.5026066,-2.4915974,-4.8285828,-0.68036222,-0.29849166,-0.66933542,0
-2.3427927,-2.5107059,-4.1965938,-0.68036222,-0.29849166,-0.66933542,0
-2.8536737,0.91378105,-4.7125711,-0.68036222,-0.29849166,-0.66933542,0
2.3168027,-2.6474681,5.593152,0.13484192,-0.9486922,0.28600794,0
3.1272559,-3.0935678,3.56708,0.13484192,-0.9486922,0.28600794,0
2.2495394,5.1969318,0.21292394,-0.13484192,0.9486922,-0.28600794,0
2.6779537,4.8536768,-0.81127918,-0.13484192,0.9486922,-0.28600794,0
2.1929896,-2.7258656,5.1348958,0.13484192,-0.9486922,0.28600794,0
0.71479678,-0.13993919,-3.7355018,0.72036421,-0.10433459,-0.68570364,0
-1.3516545,-4.3276062,2.0571046,0.13484192,-0.9486922,0.28600794,0
-3.4676168,-2.7837539,1.3724532,-0.72036421,0.10433459,0.68570364,0
-4.2857313,-5.0323248,-0.77018511,-0.68036222,-0.29849166,-0.66933542,0
4.1090097,-2.2652533,4.4853597,0.68036222,0.29849166,0.66933542,0
-1.121417,-4.3861923,1.4885331,0.13484192,-0.9486922,0.28600794,0
2.31512,-3.7377837,-1.3373321,0.72036421,-0.10433459,-0.68570364,0
-1.6134701,3.4484878,-3.0647693,-0.13484192,0.9486922,-0.28600794,0
0.73992896,-3.6043193,-3.2962103,0.72036421,-0.10433459,-0.68570364,0
3.9163337,-3.679687,1.2412572,0.13484192,-0.9486922,0.28600794,0
-2.5841918,-1.3329448,1.5892079,-0.72036421,0.10433459,0.68570364,0
3.1959906,-2.9759426,4.8640819,0.13484192,-0.9486922,0.28600794,0
-5.4883871,-1.2782688,-1.5803916,-0.68036222,-0.29849166,-0.66933542,0
0.60432231,-0.72572696,-3.7972889,0.72036421,-0.10433459,-0.68570364,0
3.6565552,2.0163236,2.8001819,0.68036222,0.29849166,0.66933542,0
4.8883333,-3.6968162,1.039942,0.72036421,-0.10433459,-0.68570364,0
-3.1001604,1.4505596,1.081532,-0.72036421,0.10433459,0.68570364,0
3.7578297,-2.3448718,4.5035648,0.68036222,0.29849166,0.66933542,0
1.8177743,4.9349275,-0.90115321,-0.13484192,0.9486922,-0.28600794,0
-3.5293448,1.3411446,-4.2576218,-0.68036222,-0.29849166,-0.66933542,0
4.7512565,-3.1194744,2.5219045,0.13484192,-0.9486922,0.28600794,0
-4.1984386,0.70509863,-3.5811923,-0.68036222,-0.29849166,-0.66933542,0
-0.55790663,-4.3364844,1.3062471,0.13484192,-0.9486922,0.28600794,0
1.4947395,-5.1452947,-2.1656847,0.13484192,-0.9486922,0.28600794,0
-2.3574011,-2.832612,-3.8159962,-0.68036222,-0.29849166,-0.66933542,0
-0.8485539,-1.2315652,3.5004745,-0.72036421,0.10433459,0.68570364,0
1.1192346,5.6618228,4.047533,0.68036222,0.29849166,0.66933542,0
-3.2086864,-2.9182727,-2.6932712,-0.68036222,-0.29849166,-0.66933542,0
1.3159742,5.6713896,3.8286936,0.68036222,0.29849166,0.66933542,0
-0.52064705,2.9773097,-5.1890597,-0.13484192,0.9486922,-0.28600794,0
-2.1159692,3.8111491,1.6456459,-0.72036421,0.10433459,0.68570364,0
3.3893187,-3.6640337,2.0157173,0.13484192,-0.9486922,0.28600794,0
-3.4459946,-3.9568849,1.137321,-0.72036421,0.10433459,0.68570364,0
-3.3556783,-2.9798892,1.3336436,-0.72036421,0.10433459,0.68570364,0
2.2658978,5.4634418,0.96099538,-0.13484192,0.9486922,-0.28600794,0
-0.04899168,-0.40408111,4.4729848,-0.72036421,0.10433459,0.68570364,0
2.9185567,-1.3290921,4.8862906,0.68036222,0.29849166,0.66933542,0
4.9864492,-2.7759354,3.5506439,0.68036222,0.29849166,0.66933542,0
-0.34294891,-3.9258504,2.4197073,0.13484192,-0.9486922,0.28600794,0
-2.7860661,4.282196,0.92518854,-0.72036421,0.10433459,0.68570364,0
-1.0578012,-4.4191179,2.0078697,0.13484192,-0.9486922,0.28600794,0
-2.8327923,1.1583668,-4.8525095,-0.68036222,-0.29849166,-0.66933542,0
6.0222454,-2.9871488,2.2797623,0.72036421,-0.10433459,-0.68570364,0
-1.5581411,3.7840433,2.2631731,-0.72036421,0.10433459,0.68570364,0
-2.7848618,2.7465098,-4.8194737,-0.13484192,0.9486922,-0.28600794,0
3.6145742,-0.74904215,4.4185357,0.68036222,0.29849166,0.66933542,0
0.71491146,-3.0712872,5.469398,-0.72036421,0.10433459,0.68570364,0
-5.0860562,0.65779948,-2.8387294,-0.68036222,-0.29849166,-0.66933542,0
0.87670135,0.61519468,5.4469309,-0.72036421,0.10433459,0.68570364,0
1.5094584,2.3350432,5.034884,0.68036222,0.29849166,0.66933542,0
0.23779821,5.651866,3.8928189,-0.72036421,0.10433459,0.68570364,0
-0.53212881,-4.4709978,0.63457388,0.13484192,-0.9486922,0.28600794,0
-2.2667627,4.012311,-1.3126901,-0.13484192,0.9486922,-0.28600794,0
-2.3697162,-5.4535198,-1.2339034,0.13484192,-0.9486922,0.28600794,0
-2.0348723,3.1568208,1.7927203,-0.72036421,0.10433459,0.68570364,0
5.1200085,-2.1570354,3.5221596,0.68036222,0.29849166,0.66933542,0
2.1721077,-4.4031172,0.18968654,0.13484192,-0.9486922,0.28600794,0
1.5828581,3.8066833,4.1875372,0.68036222,0.29849166,0.66933542,0
-3.2041197,-5.3655906,-0.28840327,0.13484192,-0.9486922,0.28600794,0
-0.42772639,-2.3965707,-4.5138063,0.72036421,-0.10433459,-0.68570364,0
-0.22690153,-1.7597157,4.6299706,-0.72036421,0.10433459,0.68570364,0
4.5802832,4.9307113,0.42093945,0.68036222,0.29849166,0.66933542,0
-5.416708,-1.484287,-1.5199442,-0.68036222,-0.29849166,-0.66933542,0
1.966629,-1.1788343,5.8055153,0.68036222,0.29849166,0.66933542,0
-1.4401796,4.5440731,0.5859943,-0.13484192,0.9486922,-0.28600794,0
-3.8811698,-5.1460238,0.53201759,0.13484192,-0.9486922,0.28600794,0
0.66982007,5.2484159,4.377521,0.68036222,0.29849166,0.66933542,0
2.3955476,-1.3104051,5.8136768,0.68036222,0.29849166,0.66933542,0
0.6024313,4.7755952,4.3347945,-0.72036421,0.10433459,0.68570364,0
-3.9505413,0.34316111,0.28238797,-0.72036421,0.10433459,0.68570364,0
3.5462239,-3.1075084,3.8614855,0.13484192,-0.9486922,0.28600794,0
-3.7260652,-2.5546708,0.96678334,-0.72036421,0.10433459,0.68570364,0
-2.4791651,-3.0732017,-3.5554578,-0.68036222,-0.29849166,-0.66933542,0
-1.211195,4.0041819,-1.8583922,-0.13484192,0.9486922,-0.28600794,0
-2.0315185,3.5714483,1.5191253,-0.72036421,0.10433459,0.68570364,0
3.4958301,-0.017192602,-0.46425045,0.72036421,-0.10433459,-0.68570364,0
2.4729667,5.3467751,0.64368993,-0.13484192,0.9486922,-0.28600794,0
1.7874365,5.3604136,1.7270832,-0.13484192,0.9486922,-0.28600794,0
-2.696857,0.57818949,-5.0567722,-0.68036222,-0.29849166,-0.66933542,0
0.32238197,-5.1573772,-1.6988022,0.13484192,-0.9486922,0.28600794,0
0.86718965,1.5525022,5.0693173,-0.72036421,0.10433459,0.68570364,0
-0.35407352,2.2537606,-5.0550795,0.72036421,-0.10433459,-0.68570364,0
2.7994056,-1.1865613,-1.2549946,0.72036421,-0.10433459,-0.68570364,0
1.796258,4.446578,-1.8905612,-0.13484192,0.9486922,-0.28600794,0
-2.6758749,2.7148538,-5.0212932,-0.13484192,0.9486922,-0.28600794,0
0.91714382,5.6593208,2.5175653,-0.13484192,0.9486922,-0.28600794,0
-2.8214545,-0.80628943,-3.9927106,-0.68036222,-0.29849166,-0.66933542,0
0.084422588,-5.1278377,-0.76821756,0.13484192,-0.9486922,0.28600794,0
5.6002016,-2.4773102,1.9624746,0.72036421,-0.10433459,-0.68570364,0
3.4623427,1.9386821,2.9882345,0.68036222,0.29849166,0.66933542,0
-4.7301245,-1.7855585,-0.069406033,-0.72036421,0.10433459,0.68570364,0
-1.5996723,-5.5451641,-2.0624824,0.13484192,-0.9486922,0.28600794,0
-1.0034229,-1.8510129,-5.1027522,0.72036421,-0.10433459,-0.68570364,0
-5.1478806,-1.0617838,-1.7259679,-0.68036222,-0.29849166,-0.66933542,0
-2.9433641,3.0403929,-3.8105235,-0.13484192,0.9486922,-0.28600794,0
-4.6687293,3.1039283,-0.86376405,-0.72036421,0.10433459,0.68570364,0
-1.5758686,-4.087882,3.3218439,0.13484192,-0.9486922,0.28600794,0
5.0310965,-2.1141806,1.4968171,0.72036421,-0.10433459,-0.68570364,0
-5.5575833,-0.65069818,-1.8017344,-0.68036222,-0.29849166,-0.66933542,0
2.2277269,2.8231466,-2.7369173,0.72036421,-0.10433459,-0.68570364,0
0.22631216,-4.3687248,1.1242752,0.13484192,-0.9486922,0.28600794,0
-3.8845916,-2.2669375,0.65297711,-0.72036421,0.10433459,0.68570364,0
1.6880194,1.4903549,5.322969,0.68036222,0.29849166,0.66933542,0
-2.2927299,-1.9708933,2.5356729,-0.72036421,0.10433459,0.68570364,0
-2.8566213,-3.5991478,-2.9852018,-0.68036222,-0.29849166,-0.66933542,0
-6.0011258,3.0495028,-2.8160715,-0.13484192,0.9486922,-0.28600794,0
2.0921109,-4.3975482,-0.43721652,0.13484192,-0.9486922,0.28600794,0
-2.5594947,3.6945114,1.0371826,-0.72036421,0.10433459,0.68570364,0
5.2336221,-0.91915607,2.3241143,0.68036222,0.29849166,0.66933542,0
1.572997,-4.2611623,-2.0117874,0.72036421,-0.10433459,-0.68570364,0
1.0975629,3.0772569,4.8693643,-0.72036421,0.10433459,0.68570364,0
-4.2558227,1.9257226,-3.7657211,-0.68036222,-0.29849166,-0.66933542,0
-0.32829183,1.6806363,3.6147335,-0.72036421,0.10433459,0.68570364,0
-3.2065146,2.5708325,0.78615022,-0.72036421,0.10433459,0.68570364,0
2.4387627,-3.9193344,1.995796,0.13484192,-0.9486922,0.28600794,0
4.7668695,3.9060013,-0.060675859,0.72036421,-0.10433459,-0.68570364,0
5.055028,5.3620424,0.15299058,0.68036222,0.29849166,0.66933542,0
0.83204675,-4.4434128,-0.054128885,0.13484192,-0.9486922,0.28600794,0
-3.2571023,-0.55032909,-4.0828485,-0.68036222,-0.29849166,-0.66933542,0
-3.291687,-3.8514791,-2.1218784,-0.68036222,-0.29849166,-0.66933542,0
-5.1887383,-0.21825409,-2.3015099,-0.68036222,-0.29849166,-0.66933542,0
4.6521678,1.8687358,1.7962639,0.68036222,0.29849166,0.66933542,0
-0.33682966,-2.9951627,4.2013445,-0.72036421,0.10433459,0.68570364,0
4.6795492,-1.7318637,3.5841064,0.68036222,0.29849166,0.66933542,0
0.77935171,5.4075465,2.0767021,-0.13484192,0.9486922,-0.28600794,0
3.0763683,-3.0668588,4.6220055,0.13484192,-0.9486922,0.28600794,0
3.3467083,3.8179708,2.2222383,0.68036222,0.29849166,0.66933542,0
-2.8240633,-4.5084553,2.0694647,-0.72036421,0.10433459,0.68570364,0
-3.3435016,-1.1620623,-3.7780128,-0.68036222,-0.29849166,-0.66933542,0
4.2929401,3.5059559,-0.61296308,0.72036421,-0.10433459,-0.68570364,0
2.9307375,5.5231867,1.7249496,-0.13484192,0.9486922,-0.28600794,0
-1.7163281,-4.4702697,1.9685484,0.13484192,-0.9486922,0.28600794,0
-2.2133596,-5.0038319,-2.7998269,-0.68036222,-0.29849166,-0.66933542,0
3.944165,2.4252019,2.3416884,0.68036222,0.29849166,0.66933542,0
-0.62381029,3.3022976,-4.7726769,-0.13484192,0.9486922,-0.28600794,0
4.566514,-1.4825938,0.59200859,0.72036421,-0.10433459,-0.68570364,0
-2.1136472,-3.211468,-3.8523307,-0.68036222,-0.29849166,-0.66933542,0
3.4263606,-2.134727,-0.66655838,0.72036421,-0.10433459,-0.68570364,0
1.8316946,5.1283264,-0.21095413,-0.13484192,0.9486922,-0.28600794,0
0.30401516,5.8458595,3.3389173,-0.13484192,0.9486922,-0.28600794,0
-4.269815,1.6092336,-0.1891849,-0.72036421,0.10433459,0.68570364,0
1.4355316,1.3374394,5.4941306,0.68036222,0.29849166,0.66933542,0
-0.075185299,4.9548254,3.6379926,-0.72036421,0.10433459,0.68570364,0
-2.6655762,-2.2769766,1.740113,-0.72036421,0.10433459,0.68570364,0
3.7286241,1.8754891,2.5693696,0.68036222,0.29849166,0.66933542,0
4.5051465,-2.1501467,0.39723682,0.72036421,-0.10433459,-0.68570364,0
-5.2100916,-3.9235597,-0.42624211,-0.68036222,-0.29849166,-0.66933542,0
-3.1890943,-0.41845453,-4.3031073,-0.68036222,-0.29849166,-0.66933542,0
-2.9954534,-3.8724811,1.8708738,-0.72036421,0.10433459,0.68570364,0
-1.2411113,1.9412079,-6.1930928,0.72036421,-0.10433459,-0.68570364,0
-2.2533329,-1.4318238,2.3561068,-0.72036421,0.10433459,0.68570364,0
-1.4916626,3.1034651,2.5265946,-0.72036421,0.10433459,0.68570364,0
3.703413,-3.1765244,4.1211977,0.13484192,-0.9486922,0.28600794,0
4.3579187,2.0406356,2.3537595,0.68036222,0.29849166,0.66933542,0
3.7026606,3.7725585,-0.9894194,0.72036421,-0.10433459,-0.68570364,0
-1.8143344,-2.1957712,-4.3866177,-0.68036222,-0.29849166,-0.66933542,0
2.9663382,-1.4361795,5.1240864,0.68036222,0.29849166,0.66933542,0
-2.1122322,1.2310159,-6.115715,-0.68036222,-0.29849166,-0.66933542,0
2.0161679,5.6776056,2.6844537,0.68036222,0.29849166,0.66933542,0
-1.5222135,-5.9791203,-3.0049953,0.13484192,-0.9486922,0.28600794,0
-3.3012686,2.7798405,-4.7460394,-0.13484192,0.9486922,-0.28600794,0
-1.5852513,2.9729004,-4.4337707,-0.13484192,0.9486922,-0.28600794,0
1.2271599,-3.3565917,-2.7040834,0.72036421,-0.10433459,-0.68570364,0
0.085439324,-0.68476772,-4.3870964,0.72036421,-0.10433459,-0.68570364,0
0.88661432,5.2359314,1.1635116,-0.13484192,0.9486922,-0.28600794,0
-1.6539025,-4.2305708,2.8624721,0.13484192,-0.9486922,0.28600794,0
0.0080197677,2.1649868,4.114789,-0.72036421,0.10433459,0.68570364,0
-0.11953235,-4.4849658,-3.6659606,0.72036421,-0.10433459,-0.68570364,0
-5.5752611,-1.5554686,-1.3397033,-0.68036222,-0.29849166,-0.66933542,0
2.5463629,0.55389971,4.6568751,0.68036222,0.29849166,0.66933542,0
2.6850643,-4.5251045,-0.49994469,0.13484192,-0.9486922,0.28600794,0
-1.5120046,4.1144228,-1.8705131,-0.13484192,0.9486922,-0.28600794,0
-0.40638304,2.7865591,-5.4121127,0.72036421,-0.10433459,-0.68570364,0
-3.0165346,0.84922242,0.92623281,-0.72036421,0.10433459,0.68570364,0
2.7460032,-0.91681409,-1.3954992,0.72036421,-0.10433459,-0.68570364,0
-0.298594,4.1712675,-1.206641,-0.13484192,0.9486922,-0.28600794,0
-3.5495086,4.0825672,-0.2891593,-0.13484192,0.9486922,-0.28600794,0
3.9468644,1.9559454,2.6118891,0.68036222,0.29849166,0.66933542,0
-2.8283887,-5.0028367,-0.030916095,0.13484192,-0.9486922,0.28600794,0
2.3604507,5.1549425,0.048507392,-0.13484192,0.9486922,-0.28600794,0
-1.3005743,5.1345868,1.9935204,-0.72036421,0.10433459,0.68570364,0
-1.2468319,-3.5453143,3.5212512,-0.72036421,0.10433459,0.68570364,0
2.5391366,-2.9151254,4.8079147,0.13484192,-0.9486922,0.28600794,0
-3.3211017,-5.5589209,-0.78402257,0.13484192,-0.9486922,0.28600794,0
3.9784281,2.6592903,2.3850586,0.68036222,0.29849166,0.66933542,0
1.6909962,4.8917255,-0.19380623,-0.13484192,0.9486922,-0.28600794,0
0.36477387,0.61310375,4.4816122,-0.72036421,0.10433459,0.68570364,0
4.973556,-0.091984272,1.1018658,0.72036421,-0.10433459,-0.68570364,0
-0.13963842,5.5838799,3.1722159,-0.13484192,0.9486922,-0.28600794,0
-3.8869395,-5.2206802,0.021151066,0.13484192,-0.9486922,0.28600794,0
4.5923157,-3.1144171,0.92895341,0.72036421,-0.10433459,-0.68570364,0
-2.0454512,-1.2769384,-4.8961287,-0.68036222,-0.29849166,-0.66933542,0
4.1184115,-3.6264782,1.1155097,0.13484192,-0.9486922,0.28600794,0
3.4895589,-3.8752356,0.53668642,0.13484192,-0.9486922,0.28600794,0
1.6753478,-3.4031169,3.6209123,0.13484192,-0.9486922,0.28600794,0
-3.5635829,3.6938295,-2.0436139,-0.13484192,0.9486922,-0.28600794,0
-2.5609803,-4.6960149,1.1701201,0.13484192,-0.9486922,0.28600794,0
3.3339579,3.3781476,2.4638524,0.68036222,0.29849166,0.66933542,0
-1.3990808,-4.5077395,2.0764668,0.13484192,-0.9486922,0.28600794,0
-2.4099636,-1.9904101,2.3032138,-0.72036421,0.10433459,0.68570364,0
-3.5052238,-0.22907054,-3.8907998,-0.68036222,-0.29849166,-0.66933542,0
-0.062532902,1.1931055,-4.6609583,0.72036421,-0.10433459,-0.68570364,0
1.4976692,-3.9133811,1.538705,0.13484192,-0.9486922,0.28600794,0
-1.6705773,-0.76677614,-5.1978717,-0.68036222,-0.29849166,-0.66933542,0
-2.0748806,-5.1802788,-0.82571644,0.13484192,-0.9486922,0.28600794,0
2.998157,-4.0745153,0.12669659,0.13484192,-0.9486922,0.28600794,0
1.7013962,5.3861361,3.1282372,0.68036222,0.29849166,0.66933542,0
-3.5602698,-2.2042122,-2.6899948,-0.68036222,-0.29849166,-0.66933542,0
3.869925,1.0515146,2.8020964,0.68036222,0.29849166,0.66933542,0
-0.86910081,-0.32047749,3.2963479,-0.72036421,0.10433459,0.68570364,0
5.175087,2.4538755,0.9221921,0.68036222,0.29849166,0.66933542,0
-5.4327307,3.0697498,-1.7952604,-0.72036421,0.10433459,0.68570364,0
-4.1182203,2.1952012,-4.0666404,-0.68036222,-0.29849166,-0.66933542,0
0.99974722,-3.0296566,-2.7829185,0.72036421,-0.10433459,-0.68570364,0
3.3447812,3.7525783,-1.5406691,0.72036421,-0.10433459,-0.68570364,0
1.8602352,0.47763729,-2.4931271,0.72036421,-0.10433459,-0.68570364,0
5.4360695,-0.5064559,2.2169342,0.68036222,0.29849166,0.66933542,0
-3.4702446,-1.8702559,-3.1281471,-0.68036222,-0.29849166,-0.66933542,0
-4.6620474,0.94548512,-3.235409,-0.68036222,-0.29849166,-0.66933542,0
-2.8150403,0.52807391,-4.7928514,-0.68036222,-0.29849166,-0.66933542,0
-4.486361,3.7192953,-1.3646197,-0.13484192,0.9486922,-0.28600794,0
-5.2745237,-2.5826585,-0.66048527,-0.72036421,0.10433459,0.68570364,0
-3.2165344,-2.9814537,1.2757012,-0.72036421,0.10433459,0.68570364,0
-4.2367916,-5.3523083,-1.0370041,-0.68036222,-0.29849166,-0.66933542,0
0.71206379,5.472084,1.8671242,-0.13484192,0.9486922,-0.28600794,0
-4.8585634,2.7596853,-3.5971148,-0.68036222,-0.29849166,-0.66933542,0
-0.2848897,-4.0920324,-3.7902088,0.72036421,-0.10433459,-0.68570364,0
1.3255675,-0.43732363,5.5979128,-0.72036421,0.10433459,0.68570364,0
0.41775006,-2.2318747,-3.6486914,0.72036421,-0.10433459,-0.68570364,0
-0.87034988,0.80149657,-5.4432397,0.72036421,-0.10433459,-0.68570364,0
-1.3874849,-0.24391836,-5.9210687,-0.68036222,-0.29849166,-0.66933542,0
4.2669439,-1.4416878,0.29246092,0.72036421,-0.10433459,-0.68570364,0
-5.5026221,-2.0691605,-1.2122757,-0.68036222,-0.29849166,-0.66933542,0
2.69643,-4.6594038,-1.0521172,0.72036421,-0.10433459,-0.68570364,0
2.4922793,-4.1385074,1.4977225,0.13484192,-0.9486922,0.28600794,0
-4.0299535,-5.0101442,-0.8875128,-0.68036222,-0.29849166,-0.66933542,0
-0.071475506,1.319044,-4.8597894,0.72036421,-0.10433459,-0.68570364,0
-1.2207141,-5.8549833,-2.485471,0.13484192,-0.9486922,0.28600794,0
-0.28875536,2.2168527,3.5033841,-0.72036421,0.10433459,0.68570364,0
5.4496679,-3.0561218,3.3098991,0.68036222,0.29849166,0.66933542,0
3.4288547,-3.7754979,-0.40318918,0.72036421,-0.10433459,-0.68570364,0
4.9839811,3.1007383,0.17621493,0.72036421,-0.10433459,-0.68570364,0
-2.3856168,-3.8624022,-3.1828735,-0.68036222,-0.29849166,-0.66933542,0
-0.013752937,-4.7996044,-0.0026604533,0.13484192,-0.9486922,0.28600794,0
-2.2716887,-0.51285768,2.0820575,-0.72036421,0.10433459,0.68570364,0
-4.0879173,0.73085427,-3.5000458,-0.68036222,-0.29849166,-0.66933542,0
-2.4689698,2.020093,1.6622266,-0.72036421,0.10433459,0.68570364,0
4.3297963,1.4356558,-0.075371265,0.72036421,-0.10433459,-0.68570364,0
-1.5895538,-3.5683439,3.2064748,-0.72036421,0.10433459,0.68570364,0
4.6212273,2.336551,-0.075358152,0.72036421,-0.10433459,-0.68570364,0
0.28280663,-4.3419261,-3.2708077,0.72036421,-0.10433459,-0.68570364,0
2.863342,0.059405565,-1.5338783,0.72036421,-0.10433459,-0.68570364,0
-0.60184193,-6.1746716,-3.7863708,0.13484192,-0.9486922,0.28600794,0
1.1440091,4.2382736,-2.3983674,-0.13484192,0.9486922,-0.28600794,0
3.0211272,-3.8099875,0.99840164,0.13484192,-0.9486922,0.28600794,0
-4.8294144,-4.4258575,-0.46407866,-0.68036222,-0.29849166,-0.66933542,0
-2.2556612,-2.207181,-4.2250433,-0.68036222,-0.29849166,-0.66933542,0
3.9945917,-1.4229083,4.1855049,0.68036222,0.29849166,0.66933542,0
2.8151174,5.3424683,0.67382067,-0.13484192,0.9486922,-0.28600794,0
4.0720787,-2.5917273,4.7532797,0.68036222,0.29849166,0.66933542,0
-2.0978746,-5.4783244,-1.9388193,0.13484192,-0.9486922,0.28600794,0
2.9070382,5.6735935,1.3322439,-0.13484192,0.9486922,-0.28600794,0
-2.1882348,1.9564463,-6.2622042,-0.68036222,-0.29849166,-0.66933542,0
-3.6353953,-2.4568048,-2.6813388,-0.68036222,-0.29849166,-0.66933542,0
3.5422351,-0.1066401,3.9431658,0.68036222,0.29849166,0.66933542,0
4.7110262,-3.1091082,3.5400286,0.13484192,-0.9486922,0.28600794,0
0.62812257,1.0335184,-3.8791606,0.72036421,-0.10433459,-0.68570364,0
3.0967493,2.0547175,-1.4785563,0.72036421,-0.10433459,-0.68570364,0
-0.98807287,-4.0578389,2.7172246,0.13484192,-0.9486922,0.28600794,0
-1.1612875,5.0869856,1.6287407,-0.13484192,0.9486922,-0.28600794,0
3.9195414,0.19803524,3.4429252,0.68036222,0.29849166,0.66933542,0
-2.1199656,-2.81271,-3.8941088,-0.68036222,-0.29849166,-0.66933542,0
-1.2342949,4.4449468,-0.66712701,-0.13484192,0.9486922,-0.28600794,0
-0.17821169,-0.58942842,4.4664297,-0.72036421,0.10433459,0.68570364,0
0.97201705,4.5502319,4.2352905,0.68036222,0.29849166,0.66933542,0
2.149765,-0.48769522,-2.043611,0.72036421,-0.10433459,-0.68570364,0
0.92889738,-4.1680021,1.1037813,0.13484192,-0.9486922,0.28600794,0
-3.1349647,3.3589044,-2.4553821,-0.13484192,0.9486922,-0.28600794,0
5.2440195,-2.0874834,1.4173961,0.72036421,-0.10433459,-0.68570364,0
3.0215397,-3.3745914,-0.69867563,0.72036421,-0.10433459,-0.68570364,0
-3.4442708,2.3551784,-4.7915745,-0.68036222,-0.29849166,-0.66933542,0
-3.0063677,-1.4993908,1.2050173,-0.72036421,0.10433459,0.68570364,0
3.0556121,1.3987744,-1.2850802,0.72036421,-0.10433459,-0.68570364,0
-4.6487184,-0.0094714165,-0.60690856,-0.72036421,0.10433459,0.68570364,0
3.8184869,-3.3782258,0.31423092,0.72036421,-0.10433459,-0.68570364,0
4.8274961,2.4698877,1.7528431,0.68036222,0.29849166,0.66933542,0
-3.412946,-0.45110059,0.83149421,-0.72036421,0.10433459,0.68570364,0
-0.50372863,-5.8958683,-3.7238064,0.13484192,-0.9486922,0.28600794,0
-3.0900717,-3.2566104,1.552247,-0.72036421,0.10433459,0.68570364,0
2.7060885,-0.14498854,4.7715712,0.68036222,0.29849166,0.66933542,0
-4.7619133,-3.6116314,0.19891739,-0.72036421,0.10433459,0.68570364,0
-3.5777314,-0.1952548,-3.461185,-0.68036222,-0.29849166,-0.66933542,0
5.6093955,1.5833921,1.082984,0.72036421,-0.10433459,-0.68570364,0
0.38822317,3.5990615,4.2305717,-0.72036421,0.10433459,0.68570364,0
-1.8483974,3.2067845,2.1265247,-0.72036421,0.10433459,0.68570364,0
-1.9735696,5.0454559,1.3324561,-0.13484192,0.9486922,-0.28600794,0
-2.1230359,-0.77046084,-4.772151,-0.68036222,-0.29849166,-0.66933542,0
1.8698322,-2.9287488,-2.0939567,0.72036421,-0.10433459,-0.68570364,0
0.50722361,3.3469634,-4.4415393,-0.13484192,0.9486922,-0.28600794,0
2.8675554,1.620331,-1.8683139,0.72036421,-0.10433459,-0.68570364,0
-3.1697237,3.2710238,0.73108983,-0.72036421,0.10433459,0.68570364,0
-1.8869152,-4.4403934,1.314605,0.13484192,-0.9486922,0.28600794,0
1.7878413,4.24891,3.4887874,0.68036222,0.29849166,0.66933542,0
-2.8293724,-5.717298,-1.2383325,0.13484192,-0.9486922,0.28600794,0
2.4179966,-0.25915229,5.3555412,0.68036222,0.29849166,0.66933542,0
-0.65817666,4.4287767,2.7299314,-0.72036421,0.10433459,0.68570364,0
-3.1295185,1.8527648,0.88394785,-0.72036421,0.10433459,0.68570364,0
0.33685017,4.4508052,-1.3818564,-0.13484192,0.9486922,-0.28600794,0
-2.8368988,-3.8247042,-3.0509298,-0.68036222,-0.29849166,-0.66933542,0
-1.7219858,-3.0304742,3.0650036,-0.72036421,0.10433459,0.68570364,0
3.9671242,0.15349603,-0.065012693,0.72036421,-0.10433459,-0.68570364,0
-2.0396209,4.3659511,-0.10537648,-0.13484192,0.9486922,-0.28600794,0
2.1556747,-4.4705906,-0.30619323,0.13484192,-0.9486922,0.28600794,0
-2.3273249,-1.3164147,-4.5143886,-0.68036222,-0.29849166,-0.66933542,0
-1.3813272,-1.5714337,3.4458082,-0.72036421,0.10433459,0.68570364,0
3.0532298,0.90822983,-1.5946393,0.72036421,-0.10433459,-0.68570364,0
-0.13342953,3.0227787,-5.0640903,0.72036421,-0.10433459,-0.68570364,0
1.3284373,-4.307178,1.261515,0.13484192,-0.9486922,0.28600794,0
4.4402518,1.3826349,0.091111422,0.72036421,-0.10433459,-0.68570364,0
1.4273,0.98160684,-3.1304305,0.72036421,-0.10433459,-0.68570364,0
-1.7059858,0.82589376,-6.3903308,-0.68036222,-0.29849166,-0.66933542,0
5.9529934,-2.2302341,2.3232424,0.68036222,0.29849166,0.66933542,0
3.3887808,-3.6502185,2.6848834,0.13484192,-0.9486922,0.28600794,0
3.5955381,3.3982148,2.5760071,0.68036222,0.29849166,0.66933542,0
1.7949848,4.676486,-1.5395937,-0.13484192,0.9486922,-0.28600794,0
-0.23388016,1.0445857,4.1838288,-0.72036421,0.10433459,0.68570364,0
-5.6930332,0.085764408,-1.6332753,-0.68036222,-0.29849166,-0.66933542,0
5.9404335,-1.7459755,1.9557278,0.72036421,-0.10433459,-0.68570364,0
-2.8242486,3.6190784,-2.7097197,-0.13484192,0.9486922,-0.28600794,0
-3.4503622,-3.8857145,-2.3137596,-0.68036222,-0.29849166,-0.66933542,0
2.6990685,5.058063,0.37875021,-0.13484192,0.9486922,-0.28600794,0
-3.4740586,2.9516876,0.057416439,-0.72036421,0.10433459,0.68570364,0
4.3231635,3.5009596,1.4732335,0.68036222,0.29849166,0.66933542,0
-1.0087327,-2.2530024,-5.2548485,-0.68036222,-0.29849166,-0.66933542,0
-1.835758,1.184777,-6.3752379,-0.68036222,-0.29849166,-0.66933542,0
1.6033818,-0.78109622,-2.5494394,0.72036421,-0.10433459,-0.68570364,0
2.9468739,-3.2907386,3.239177,0.13484192,-0.9486922,0.28600794,0
0.0066204071,-3.241838,4.3742528,0.13484192,-0.9486922,0.28600794,0
-2.7101204,-1.3434974,-4.1242299,-0.68036222,-0.29849166,-0.66933542,0
0.99709386,-0.48324573,-3.0335987,0.72036421,-0.10433459,-0.68570364,0
-1.1529965,-1.0958617,-5.6425276,0.72036421,-0.10433459,-0.68570364,0
-1.045821,-2.8637903,-5.1920261,-0.68036222,-0.29849166,-0.66933542,0
-2.9001155,0.13016045,-4.3842206,-0.68036222,-0.29849166,-0.66933542,0
4.5495577,-2.9261842,3.962096,0.68036222,0.29849166,0.66933542,0
1.9223025,-3.6970835,3.1672401,0.13484192,-0.9486922,0.28600794,0
-1.6138384,-5.4199061,-3.5344644,-0.68036222,-0.29849166,-0.66933542,0
2.7002759,0.80906314,4.4799199,0.68036222,0.29849166,0.66933542,0
-0.3000946,3.945169,-3.083323,-0.13484192,0.9486922,-0.28600794,0
-1.2923069,-5.8774939,-2.5998614,0.13484192,-0.9486922,0.28600794,0
5.9992857,-1.4925394,2.0254812,0.72036421,-0.10433459,-0.68570364,0
-0.53384495,4.6334362,3.1086175,-0.72036421,0.10433459,0.68570364,0
0.91591883,3.2936454,5.0334544,-0.72036421,0.10433459,0.68570364,0
-4.598146,-1.4381685,-0.33933687,-0.72036421,0.10433459,0.68570364,0
3.0002306,-1.9518223,5.1128325,0.68036222,0.29849166,0.66933542,0
-0.96565819,3.9744873,-1.9922266,-0.13484192,0.9486922,-0.28600794,0
-3.498204,-4.7099042,-2.0685558,-0.68036222,-0.29849166,-0.66933542,0
-0.016426086,-3.2179055,5.0081358,-0.72036421,0.10433459,0.68570364,0
1.5045202,-0.46367064,5.8046765,-0.72036421,0.10433459,0.68570364,0
-2.1805091,-5.3351517,-2.8487997,-0.68036222,-0.29849166,-0.66933542,0
-2.8420672,-5.8268023,-1.9681263,0.13484192,-0.9486922,0.28600794,0
1.8271756,4.2488222,-2.5875447,-0.13484192,0.9486922,-0.28600794,0
-2.3848085,1.1567366,1.4876481,-0.72036421,0.10433459,0.68570364,0
-2.0633566,0.79069185,1.8251716,-0.72036421,0.10433459,0.68570364,0
3.2303305,-2.416481,5.3979454,0.68036222,0.29849166,0.66933542,0
-4.4234529,0.024213314,-0.053086519,-0.72036421,0.10433459,0.68570364,0
-4.1762705,3.5032508,-1.7421322,-0.13484192,0.9486922,-0.28600794,0
5.1062717,-3.53614,2.0517011,0.13484192,-0.9486922,0.28600794,0
2.9314795,-0.93946099,-1.2654526,0.72036421,-0.10433459,-0.68570364,0
1.534498,-3.9212871,2.3854113,0.13484192,-0.9486922,0.28600794,0
3.3429117,5.3724904,0.98359752,-0.13484192,0.9486922,-0.28600794,0
3.0219226,-1.8938668,5.0155478,0.68036222,0.29849166,0.66933542,0
0.72648048,-5.4570718,-2.9590609,0.13484192,-0.9486922,0.28600794,0
5.3515749,1.9948328,0.96714234,0.72036421,-0.10433459,-0.68570364,0
3.6846747,5.1331511,-0.56872648,-0.13484192,0.9486922,-0.28600794,0
-0.86316252,3.7238293,-3.5128214,-0.13484192,0.9486922,-0.28600794,0
4.370533,2.5650656,-0.33742237,0.72036421,-0.10433459,-0.68570364,0
-3.8777661,-4.8605542,1.1450605,-0.72036421,0.10433459,0.68570364,0
4.1012535,-3.0259073,4.0221295,0.13484192,-0.9486922,0.28600794,0
-1.5114708,1.8161302,2.3533041,-0.72036421,0.10433459,0.68570364,0
-3.7674856,-3.316227,0.66414869,-0.72036421,0.10433459,0.68570364,0
0.85434103,1.4248292,-3.8911781,0.72036421,-0.10433459,-0.68570364,0
0.17671299,-3.9257321,2.2808871,0.13484192,-0.9486922,0.28600794,0
-0.40560722,4.5967865,0.32504326,-0.13484192,0.9486922,-0.28600794,0
1.0270222,2.6861992,4.8084264,-0.72036421,0.10433459,0.68570364,0
1.372784,-0.27498913,-2.9923651,0.72036421,-0.10433459,-0.68570364,0
-4.1002955,3.4959075,-1.7860768,-0.13484192,0.9486922,-0.28600794,0
-1.3322322,1.1988369,-5.9040351,0.72036421,-0.10433459,-0.68570364,0
-0.73399282,0.052961528,-5.0105901,0.72036421,-0.10433459,-0.68570364,0
0.060061932,-0.51577902,4.4868798,-0.72036421,0.10433459,0.68570364,0
-2.6664364,0.066679239,1.7122508,-0.72036421,0.10433459,0.68570364,0
-4.0475178,-0.2547226,-3.0134122,-0.68036222,-0.29849166,-0.66933542,0
-4.6144786,-0.8194828,-2.5240979,-0.68036222,-0.29849166,-0.66933542,0
-1.1216667,-2.1180427,-5.1516752,0.72036421,-0.10433459,-0.68570364,0
-1.1320577,-4.519031,-4.3028145,-0.68036222,-0.29849166,-0.66933542,0
-3.5257866,2.9717727,-4.8763499,-0.13484192,0.9486922,-0.28600794,0
0.17610788,3.5880246,-3.6927714,-0.13484192,0.9486922,-0.28600794,0
3.4888196,4.9746265,-1.5057385,-0.13484192,0.9486922,-0.28600794,0
4.6901402,4.1511211,1.0025129,0.68036222,0.29849166,0.66933542,0
-5.1020956,-1.2727437,-1.6519051,-0.68036222,-0.29849166,-0.66933542,0
-5.7493219,1.0073195,-1.6923625,-0.72036421,0.10433459,0.68570364,0
-4.068985,-1.8008796,-2.5199864,-0.68036222,-0.29849166,-0.66933542,0
3.7839684,-2.5787768,4.921402,0.68036222,0.29849166,0.66933542,0
-1.2693131,-1.8402841,3.3157341,-0.72036421,0.10433459,0.68570364,0
2.112813,-3.6906941,2.9402938,0.13484192,-0.9486922,0.28600794,0
3.4599781,-2.6063497,-0.19473219,0.72036421,-0.10433459,-0.68570364,0
4.318553,-3.75598,1.9111223,0.13484192,-0.9486922,0.28600794,0
2.4699044,2.3068738,-2.1239252,0.72036421,-0.10433459,-0.68570364,0
0.6402936,-3.2877793,4.6514778,0.13484192,-0.9486922,0.28600794,0
3.6512101,1.8785312,-0.6193099,0.72036421,-0.10433459,-0.68570364,0
2.071559,1.0894401,-2.3901935,0.72036421,-0.10433459,-0.68570364,0
3.3417058,4.0132084,2.1281595,0.68036222,0.29849166,0.66933542,0
-1.1989285,-2.8848171,-4.9378905,-0.68036222,-0.29849166,-0.66933542,0
-2.1896689,-1.7230479,2.4430051,-0.72036421,0.10433459,0.68570364,0
-1.7735367,-1.3461921,2.7854946,-0.72036421,0.10433459,0.68570364,0
-5.8824506,1.8823252,-1.9548779,-0.72036421,0.10433459,0.68570364,0
-3.9434223,3.7894478,-0.77251887,-0.13484192,0.9486922,-0.28600794,0
-1.125634,4.5175648,-0.066778779,-0.13484192,0.9486922,-0.28600794,0
4.4055243,3.0092833,1.9135799,0.68036222,0.29849166,0.66933542,0
0.79106665,-5.1939425,-2.2526674,0.13484192,-0.9486922,0.28600794,0
3.6168065,0.59908509,-0.95466673,0.72036421,-0.10433459,-0.68570364,0
-2.3267815,4.3619666,-0.8300488,-0.13484192,0.9486922,-0.28600794,0
5.1706944,-1.1600542,2.4605494,0.68036222,0.29849166,0.66933542,0
2.2897077,2.2456391,4.4316921,0.68036222,0.29849166,0.66933542,0
-1.2121119,-5.9819207,-2.951082,0.13484192,-0.9486922,0.28600794,0
-3.6740515,-3.8852434,0.98542112,-0.72036421,0.10433459,0.68570364,0
4.6543727,5.0105095,0.0042049885,0.72036421,-0.10433459,-0.68570364,0
5.9888663,-2.7227998,2.6754484,0.68036222,0.29849166,0.66933542,0
0.055576101,-2.3676951,-4.0908804,0.72036421,-0.10433459,-0.68570364,0
-1.9873171,-4.8013663,-3.4712918,-0.68036222,-0.29849166,-0.66933542,0
-2.3022549,-4.6218443,-2.9917908,-0.68036222,-0.29849166,-0.66933542,0
-1.4419699,4.9001393,0.6007635,-0.13484192,0.9486922,-0.28600794,0
2.9302554,-1.9535046,-1.0865359,0.72036421,-0.10433459,-0.68570364,0
-3.888737,-1.5376152,-2.5771885,-0.68036222,-0.29849166,-0.66933542,0
-1.0266515,-4.2721524,-4.6764951,-0.68036222,-0.29849166,-0.66933542,0
-0.88060904,-4.6154432,0.81521821,0.13484192,-0.9486922,0.28600794,0
4.4602847,-2.8798814,3.7513697,0.13484192,-0.9486922,0.28600794,0
-3.1446006,-5.3186045,-1.6457511,-0.68036222,-0.29849166,-0.66933542,0
-2.6203823,-4.1195803,-2.8231561,-0.68036222,-0.29849166,-0.66933542,0
-5.3165054,-1.8130529,-1.5447648,-0.68036222,-0.29849166,-0.66933542,0
0.12398624,4.6144538,-0.28892857,-0.13484192,0.9486922,-0.28600794,0
-2.6836376,-2.3528605,2.1808791,-0.72036421,0.10433459,0.68570364,0
-3.7637913,-3.9105279,-1.9102051,-0.68036222,-0.29849166,-0.66933542,0
3.5371852,-2.6047027,-0.0041520596,0.72036421,-0.10433459,-0.68570364,0
1.6934215,2.8870034,4.2965832,0.68036222,0.29849166,0.66933542,0
-4.4370546,-2.4351163,-1.6572556,-0.68036222,-0.29849166,-0.66933542,0
5.3220201,-1.0577378,2.259963,0.68036222,0.29849166,0.66933542,0
-2.5078869,-1.6129128,-4.3227983,-0.68036222,-0.29849166,-0.66933542,0
-2.119338,-2.7701101,2.7564063,-0.72036421,0.10433459,0.68570364,0
5.5999079,-1.0060878,2.1957054,0.68036222,0.29849166,0.66933542,0
5.1275711,-3.6927261,1.4295685,0.13484192,-0.9486922,0.28600794,0
3.1912646,4.8492026,-0.7207725,-0.13484192,0.9486922,-0.28600794,0
-1.2649224,-0.1062035,-5.6830492,0.72036421,-0.10433459,-0.68570364,0
1.4278748,5.892374,3.4880564,-0.13484192,0.9486922,-0.28600794,0
-2.0536036,2.8607693,-5.5664797,-0.13484192,0.9486922,-0.28600794,0
-1.0567262,4.1475315,2.3983588,-0.72036421,0.10433459,0.68570364,0
-4.6015964,-3.884239,-1.1011825,-0.68036222,-0.29849166,-0.66933542,0
-2.3950877,-5.1659307,-0.85174853,0.13484192,-0.9486922,0.28600794,0
-1.5464358,-4.1402078,2.3510275,0.13484192,-0.9486922,0.28600794,0
1.0777669,2.0832803,-3.5498857,0.72036421,-0.10433459,-0.68570364,0
2.6281202,2.915765,3.6399035,0.68036222,0.29849166,0.66933542,0
-5.0334468,-3.5626893,-0.86793375,-0.68036222,-0.29849166,-0.66933542,0
5.1825328,0.80726385,0.89184213,0.72036421,-0.10433459,-0.68570364,0
4.9957824,-3.1553893,3.2192478,0.13484192,-0.9486922,0.28600794,0
0.8484776,2.081147,4.7675881,-0.72036421,0.10433459,0.68570364,0
-3.1649861,3.1483991,-3.53581,-0.13484192,0.9486922,-0.28600794,0
-0.9754532,-2.8189578,-5.1592283,-0.68036222,-0.29849166,-0.66933542,0
-0.39173269,-5.8145247,-3.0427921,0.13484192,-0.9486922,0.28600794,0
3.8949275,-2.6994567,0.094063759,0.72036421,-0.10433459,-0.68570364,0
-4.8434529,3.5360303,-1.5610633,-0.13484192,0.9486922,-0.28600794,0
3.1348479,-2.9143164,3.9268277,0.13484192,-0.9486922,0.28600794,0
-5.2378912,1.9575934,-2.8177261,-0.68036222,-0.29849166,-0.66933542,0
1.2472994,-1.2811637,5.8389783,-0.72036421,0.10433459,0.68570364,0
1.5809679,1.848032,-3.2399998,0.72036421,-0.10433459,-0.68570364,0
4.2044492,0.87443161,0.14855909,0.72036421,-0.10433459,-0.68570364,0
-4.8295093,1.5787411,-0.80605531,-0.72036421,0.10433459,0.68570364,0
2.9726713,-3.4909534,3.440073,0.13484192,-0.9486922,0.28600794,0
-4.9800992,0.0084052086,-2.5547507,-0.68036222,-0.29849166,-0.66933542,0
-1.0477166,-5.2888966,-4.2806835,-0.68036222,-0.29849166,-0.66933542,0
-3.4223542,-5.3057804,-1.5986183,-0.68036222,-0.29849166,-0.66933542,0
0.89811552,-1.859652,-3.3761916,0.72036421,-0.10433459,-0.68570364,0
0.4901495,4.3180065,-1.9968636,-0.13484192,0.9486922,-0.28600794,0
-2.3461113,-2.9255123,2.6159351,-0.72036421,0.10433459,0.68570364,0
2.4402857,4.379313,-2.4184012,-0.13484192,0.9486922,-0.28600794,0
-3.361249,1.5368559,-4.4478731,-0.68036222,-0.29849166,-0.66933542,0
-3.2249959,3.9646082,-0.54248667,-0.13484192,0.9486922,-0.28600794,0
-0.76165247,3.5070486,3.0587845,-0.72036421,0.10433459,0.68570364,0
-4.370698,3.8657281,-1.3825881,-0.13484192,0.9486922,-0.28600794,0
-3.5319035,3.3357902,-2.3939457,-0.13484192,0.9486922,-0.28600794,0
2.1036291,3.573077,-2.8818321,0.72036421,-0.10433459,-0.68570364,0
2.5749748,-4.5221705,-1.1797048,0.72036421,-0.10433459,-0.68570364,0
-1.5094229,-3.2913225,-4.3968854,-0.68036222,-0.29849166,-0.66933542,0
3.2710922,1.1810315,3.7862635,0.68036222,0.29849166,0.66933542,0
-0.4219451,-4.166441,2.521539,0.13484192,-0.9486922,0.28600794,0
-3.7423024,-3.331002,-1.9454094,-0.68036222,-0.29849166,-0.66933542,0
5.505971,-2.6833038,1.724915,0.72036421,-0.10433459,-0.68570364,0
-2.3905835,-3.4414821,2.437995,-0.72036421,0.10433459,0.68570364,0
2.4337635,-1.2402382,5.3401065,0.68036222,0.29849166,0.66933542,0
5.475368,-3.4096141,1.9886189,0.13484192,-0.9486922,0.28600794,0
-5.1438761,-4.2296729,-0.56148148,-0.68036222,-0.29849166,-0.66933542,0
4.5044823,2.5089774,1.8175135,0.68036222,0.29849166,0.66933542,0
-0.58723354,-3.6565917,4.3465443,0.13484192,-0.9486922,0.28600794,0
0.32357597,-4.6007061,0.48104841,0.13484192,-0.9486922,0.28600794,0
3.6172757,0.91493022,3.5021672,0.68036222,0.29849166,0.66933542,0
-0.63229203,5.3966646,3.0968509,-0.72036421,0.10433459,0.68570364,0
5.2228508,2.0721619,1.0527709,0.68036222,0.29849166,0.66933542,0
-1.4738839,-5.5180187,-3.7713945,-0.68036222,-0.29849166,-0.66933542,0
-0.61364698,-4.2165251,2.1966674,0.13484192,-0.9486922,0.28600794,0
-3.4633169,0.030452967,-4.0800266,-0.68036222,-0.29849166,-0.66933542,0
0.21624136,-4.9412723,-1.180547,0.13484192,-0.9486922,0.28600794,0
2.0894051,2.6713555,3.8852336,0.68036222,0.29849166,0.66933542,0
-0.40103567,-3.9313388,-3.9423561,0.72036421,-0.10433459,-0.68570364,0
-3.9170442,-5.3971567,0.12502754,0.13484192,-0.9486922,0.28600794,0
5.5691175,-2.3151073,1.7608039,0.72036421,-0.10433459,-0.68570364,0
4.4639587,0.11138916,3.0050032,0.68036222,0.29849166,0.66933542,0
-1.1675987,3.6165311,-2.8012094,-0.13484192,0.9486922,-0.28600794,0
2.4834352,4.550456,-1.6309261,-0.13484192,0.9486922,-0.28600794,0
-3.3493538,-2.3309295,-2.8323598,-0.68036222,-0.29849166,-0.66933542,0
0.36369312,4.1844959,4.1090522,-0.72036421,0.10433459,0.68570364,0
