3.108191,-0.60275865,-0.80076241,0.92567408,0.21625125,-0.31042376,0
-4.523716,2.0367846,-2.9325297,-0.92567408,-0.21625125,0.31042376,0
3.2423091,0.18274474,0.13231421,0.92567408,0.21625125,-0.31042376,0
3.7621992,0.34686494,1.6609758,0.92567408,0.21625125,-0.31042376,0
2.1278541,-3.3780341,1.6843233,0.28772733,-0.93518114,0.20651686,0
2.6320732,2.0030174,-1.0335276,0.92567408,0.21625125,-0.31042376,0
0.45899773,-3.0336068,-2.8373306,-0.2456429,-0.28048471,-0.92789423,0
-3.0763252,3.6807821,1.7377219,-0.28772733,0.93518114,-0.20651686,0
-0.2903862,3.8874292,-1.7245483,-0.28772733,0.93518114,-0.20651686,0
1.369503,-4.4218655,-1.7377131,0.28772733,-0.93518114,0.20651686,0
-2.4275796,-0.40018368,-2.9066601,-0.2456429,-0.28048471,-0.92789423,0
0.56947482,3.4297371,-4.0994368,-0.28772733,0.93518114,-0.20651686,0
-1.4409487,-3.8070557,3.2386703,-0.92567408,-0.21625125,0.31042376,0
0.45854616,-2.0158458,4.0785108,0.2456429,0.28048471,0.92789423,0
3.5139685,-2.7791252,-1.5299103,0.92567408,0.21625125,-0.31042376,0
0.96324778,-4.0920377,-0.8673923,0.28772733,-0.93518114,0.20651686,0
0.18682802,-3.2269931,3.9536309,0.28772733,-0.93518114,0.20651686,0
-2.9293945,-0.60574579,0.96165073,-0.92567408,-0.21625125,0.31042376,0
-1.7705469,-3.1401398,2.4783771,-0.92567408,-0.21625125,0.31042376,0
-0.31339598,-2.5831017,-2.881392,-0.2456429,-0.28048471,-0.92789423,0
2.7722871,2.8510046,0.71774119,0.92567408,0.21625125,-0.31042376,0
-3.8185687,-0.94049931,-2.3571358,-0.92567408,-0.21625125,0.31042376,0
0.29906964,3.8290107,-3.3490376,-0.28772733,0.93518114,-0.20651686,0
-3.3523316,-0.20649838,-0.00055646896,-0.92567408,-0.21625125,0.31042376,0
-3.9139132,1.2729864,-0.58715463,-0.92567408,-0.21625125,0.31042376,0
2.6731017,-2.1274574,-2.7926011,0.92567408,0.21625125,-0.31042376,0
1.4610372,2.5165515,-3.8108094,0.92567408,0.21625125,-0.31042376,0
-2.1525393,3.1094918,-2.3437264,-0.28772733,0.93518114,-0.20651686,0
-0.43898678,3.8209076,2.9366655,0.2456429,0.28048471,0.92789423,0
-0.02565527,-4.2664971,-2.6459303,-0.2456429,-0.28048471,-0.92789423,0
0.50107163,4.2126718,-1.8613968,-0.28772733,0.93518114,-0.20651686,0
1.8183134,5.0164289,1.0303655,-0.28772733,0.93518114,-0.20651686,0
1.1238472,-3.2697136,3.3197501,0.28772733,-0.93518114,0.20651686,0
2.0370135,3.9776018,-0.69375849,0.92567408,0.21625125,-0.31042376,0
-2.6290107,4.1127396,3.2585201,0.2456429,0.28048471,0.92789423,0
1.66704,-1.5179795,3.8928664,0.2456429,0.28048471,0.92789423,0
-3.1652236,1.4802883,-3.2622437,-0.2456429,-0.28048471,-0.92789423,0
-0.95231438,-0.98004615,4.448473,0.2456429,0.28048471,0.92789423,0
-0.25469756,3.4451044,-3.9609485,-0.28772733,0.93518114,-0.20651686,0
-0.62846994,0.54879457,-3.7727499,-0.2456429,-0.28048471,-0.92789423,0
-0.16434145,-3.354301,-2.7799783,-0.2456429,-0.28048471,-0.92789423,0
3.3596492,-2.593987,3.1372566,0.28772733,-0.93518114,0.20651686,0
-1.746623,-1.1115009,3.9217939,-0.92567408,-0.21625125,0.31042376,0
-3.2572069,0.29434657,-2.9210939,-0.2456429,-0.28048471,-0.92789423,0
-4.2346048,2.5066617,-0.73796606,-0.92567408,-0.21625125,0.31042376,0
2.3547509,-0.83493555,-3.3150823,0.92567408,0.21625125,-0.31042376,0
-2.571238,-0.62336612,-2.8350756,-0.2456429,-0.28048471,-0.92789423,0
1.1023235,-1.0963134,3.761236,0.2456429,0.28048471,0.92789423,0
-1.5700188,4.4605756,2.8692498,-0.28772733,0.93518114,-0.20651686,0
-4.422184,2.122215,-2.3361101,-0.92567408,-0.21625125,0.31042376,0
-3.9365845,2.375217,-2.8061533,-0.28772733,0.93518114,-0.20651686,0
3.7339916,-3.2804799,0.26202488,0.28772733,-0.93518114,0.20651686,0
-2.0306919,2.9285729,-2.4482577,-0.28772733,0.93518114,-0.20651686,0
1.5187483,4.6399136,-0.93255913,-0.28772733,0.93518114,-0.20651686,0
-0.51649046,3.4986434,2.8305016,0.2456429,0.28048471,0.92789423,0
1.0954871,4.8297477,1.3343431,-0.28772733,0.93518114,-0.20651686,0
2.2921922,3.1783104,-0.79407334,0.92567408,0.21625125,-0.31042376,0
0.021484613,4.0517979,-1.7467763,-0.28772733,0.93518114,-0.20651686,0
3.4935689,1.2186594,2.0982356,0.92567408,0.21625125,-0.31042376,0
-2.5983799,-2.3487453,0.71487808,-0.92567408,-0.21625125,0.31042376,0
-2.3738947,-4.7035146,-0.9588719,-0.92567408,-0.21625125,0.31042376,0
-1.5811782,-4.4358559,-2.0372519,-0.2456429,-0.28048471,-0.92789423,0
-0.11963797,-3.1829429,4.8140998,0.28772733,-0.93518114,0.20651686,0
2.2205329,1.2979469,-1.8535011,0.92567408,0.21625125,-0.31042376,0
-1.6564245,3.5724833,2.9430494,0.2456429,0.28048471,0.92789423,0
-2.4271209,3.6612248,1.3032086,-0.28772733,0.93518114,-0.20651686,0
-3.3230658,2.9368002,1.2763536,-0.92567408,-0.21625125,0.31042376,0
3.3167419,-0.55138659,-0.48945308,0.92567408,0.21625125,-0.31042376,0
-3.0413806,3.8162708,1.8969004,-0.28772733,0.93518114,-0.20651686,0
-0.45066595,3.8503647,-0.49547458,-0.28772733,0.93518114,-0.20651686,0
-0.031410158,-3.3816299,3.3792384,0.28772733,-0.93518114,0.20651686,0
-0.78708744,4.3854589,1.3634918,-0.28772733,0.93518114,-0.20651686,0
4.4744229,-0.99100304,2.5808434,0.92567408,0.21625125,-0.31042376,0
2.7393303,-2.638407,-3.2894957,0.92567408,0.21625125,-0.31042376,0
-1.0395339,-0.67317772,-3.2435479,-0.2456429,-0.28048471,-0.92789423,0
0.8119874,3.1582327,-4.9298162,-0.2456429,-0.28048471,-0.92789423,0
2.5554197,4.5702395,1.8956429,0.2456429,0.28048471,0.92789423,0
-1.5936074,3.5983126,-1.2947142,-0.28772733,0.93518114,-0.20651686,0
-3.9474506,0.83607459,-1.0716319,-0.92567408,-0.21625125,0.31042376,0
-3.7501235,2.3887184,-2.8170915,-0.28772733,0.93518114,-0.20651686,0
2.1415234,-3.6540172,-0.55123472,0.28772733,-0.93518114,0.20651686,0
2.0751481,2.044399,-2.3996298,0.92567408,0.21625125,-0.31042376,0
-1.7800338,3.886919,1.1351287,-0.28772733,0.93518114,-0.20651686,0
-1.4065243,3.7533224,-0.21406531,-0.28772733,0.93518114,-0.20651686,0
2.538815,-0.28418756,-2.8652325,0.92567408,0.21625125,-0.31042376,0
1.3959568,-0.22901246,-4.1894097,-0.2456429,-0.28048471,-0.92789423,0
-0.64652896,-4.370173,-0.45482063,0.28772733,-0.93518114,0.20651686,0
-2.9711211,1.630985,2.416297,-0.92567408,-0.21625125,0.31042376,0
-2.5224729,0.94383693,-3.3981607,-0.2456429,-0.28048471,-0.92789423,0
1.4924068,3.9714522,2.1092031,0.2456429,0.28048471,0.92789423,0
-4.2845192,1.9703867,-3.4360163,-0.2456429,-0.28048471,-0.92789423,0
1.5942779,-1.5281504,-3.8502784,-0.2456429,-0.28048471,-0.92789423,0
0.16909313,4.3149085,0.47544026,-0.28772733,0.93518114,-0.20651686,0
-1.5153427,-4.7494931,0.53857851,0.28772733,-0.93518114,0.20651686,0
-1.3510518,-1.84946,-2.8800044,-0.2456429,-0.28048471,-0.92789423,0
2.2368388,-3.5186834,0.39021397,0.28772733,-0.93518114,0.20651686,0
-2.1629333,2.6809161,-3.8563273,-0.28772733,0.93518114,-0.20651686,0
-1.7300334,-4.2878895,1.3826447,-0.92567408,-0.21625125,0.31042376,0
0.18510455,-3.835175,1.7783306,0.28772733,-0.93518114,0.20651686,0
-2.5790145,-4.2038078,-0.86609042,-0.92567408,-0.21625125,0.31042376,0
-3.3230834,-0.56362915,-2.8664207,-0.2456429,-0.28048471,-0.92789423,0
3.2471242,-3.0347605,1.2885499,0.28772733,-0.93518114,0.20651686,0
-2.395951,3.947274,2.3561394,-0.28772733,0.93518114,-0.20651686,0
-0.32696968,-4.0020738,2.0449784,0.28772733,-0.93518114,0.20651686,0
-0.85814929,-1.60577,-3.1668317,-0.2456429,-0.28048471,-0.92789423,0
2.6801047,4.4741616,0.90980136,0.92567408,0.21625125,-0.31042376,0
2.244772,3.4256239,-0.073618829,0.92567408,0.21625125,-0.31042376,0
2.4048429,-3.4663212,-0.33024669,0.28772733,-0.93518114,0.20651686,0
2.1281331,-2.7917871,2.9895868,0.28772733,-0.93518114,0.20651686,0
1.4186276,-3.545259,1.3184659,0.28772733,-0.93518114,0.20651686,0
-3.0063379,-1.6829298,-0.76709849,-0.92567408,-0.21625125,0.31042376,0
3.2677474,-1.6050963,-0.55814171,0.92567408,0.21625125,-0.31042376,0
0.025075436,0.94433558,3.6493878,0.2456429,0.28048471,0.92789423,0
-0.74949569,3.3884385,-3.4969919,-0.28772733,0.93518114,-0.20651686,0
-1.7490392,-1.2011173,3.3183584,-0.92567408,-0.21625125,0.31042376,0
2.1049006,-3.0815434,2.1083002,0.28772733,-0.93518114,0.20651686,0
3.9727645,-1.6431904,0.39934778,0.92567408,0.21625125,-0.31042376,0
2.6683378,2.4697936,0.11926723,0.92567408,0.21625125,-0.31042376,0
1.00211,-3.3283236,-3.0014472,-0.2456429,-0.28048471,-0.92789423,0
-3.2852793,1.8850428,0.58659649,-0.92567408,-0.21625125,0.31042376,0
-4.4098229,1.236594,-2.6076648,-0.92567408,-0.21625125,0.31042376,0
2.3914504,1.3843609,-1.3415948,0.92567408,0.21625125,-0.31042376,0
-1.5560663,-1.006228,4.6743221,0.2456429,0.28048471,0.92789423,0
-0.23495448,3.3814559,-4.0454059,-0.28772733,0.93518114,-0.20651686,0
2.5354295,-2.7360048,-3.4111352,-0.2456429,-0.28048471,-0.92789423,0
0.023496151,4.3040218,-0.49839759,-0.28772733,0.93518114,-0.20651686,0
-0.58628774,-0.90738177,4.203145,0.2456429,0.28048471,0.92789423,0
-4.0253363,2.7987001,-1.6478558,-0.28772733,0.93518114,-0.20651686,0
0.3343854,2.5551333,-4.6389418,-0.2456429,-0.28048471,-0.92789423,0
-0.40024304,-0.15473688,-3.6883168,-0.2456429,-0.28048471,-0.92789423,0
-3.3472338,3.2921464,-0.31830597,-0.28772733,0.93518114,-0.20651686,0
1.6267009,2.397542,2.8088207,0.2456429,0.28048471,0.92789423,0
2.6140223,4.6336722,1.1238837,0.92567408,0.21625125,-0.31042376,0
2.8296752,-3.1659248,1.0660324,0.28772733,-0.93518114,0.20651686,0
-3.7798426,2.6544828,-1.6163287,-0.28772733,0.93518114,-0.20651686,0
-2.6489427,2.7303379,-2.5410202,-0.28772733,0.93518114,-0.20651686,0
3.3114705,0.019010782,0.3814888,0.92567408,0.21625125,-0.31042376,0
0.03195858,-4.0802402,-2.3490138,-0.2456429,-0.28048471,-0.92789423,0
2.8058734,-4.1776347,-3.3184347,-0.2456429,-0.28048471,-0.92789423,0
3.483978,0.23676443,0.84796381,0.92567408,0.21625125,-0.31042376,0
1.8040823,-2.1498532,4.0421004,0.2456429,0.28048471,0.92789423,0
2.1396194,3.54212,2.0128207,0.2456429,0.28048471,0.92789423,0
-3.7409134,2.6024079,0.2843895,-0.92567408,-0.21625125,0.31042376,0
-2.5394309,-1.3336954,1.681854,-0.92567408,-0.21625125,0.31042376,0
-2.7471452,1.1509718,2.2966847,-0.92567408,-0.21625125,0.31042376,0
-2.987215,0.56078339,0.83826256,-0.92567408,-0.21625125,0.31042376,0
3.7195396,-0.1679883,2.76159,0.2456429,0.28048471,0.92789423,0
-1.3406258,-2.8802087,-2.4712186,-0.2456429,-0.28048471,-0.92789423,0
1.4282036,-4.4656248,-2.2514455,0.28772733,-0.93518114,0.20651686,0
0.83704662,3.0169568,-5.1101761,-0.2456429,-0.28048471,-0.92789423,0
1.0631214,-2.9886811,4.5467811,0.2456429,0.28048471,0.92789423,0
3.1583123,-0.13867617,0.27513623,0.92567408,0.21625125,-0.31042376,0
2.2869871,-3.1421947,1.851208,0.28772733,-0.93518114,0.20651686,0
-0.70096874,0.14881635,-3.7285213,-0.2456429,-0.28048471,-0.92789423,0
-0.044611931,-4.8503652,-1.5798354,0.28772733,-0.93518114,0.20651686,0
2.0856557,2.0571642,-2.4464169,0.92567408,0.21625125,-0.31042376,0
1.251806,-0.55439419,-3.9240346,-0.2456429,-0.28048471,-0.92789423,0
2.5945585,-3.6022758,-0.70388269,0.28772733,-0.93518114,0.20651686,0
-1.4394375,-4.1036315,2.3420393,0.28772733,-0.93518114,0.20651686,0
0.96579218,3.8869963,2.5487905,0.2456429,0.28048471,0.92789423,0
-1.1389036,-2.9550676,-2.490622,-0.2456429,-0.28048471,-0.92789423,0
-0.54123282,1.255656,3.332901,0.2456429,0.28048471,0.92789423,0
2.0929849,-3.4448607,0.12882757,0.28772733,-0.93518114,0.20651686,0
1.3537049,-0.91635644,-3.9693043,-0.2456429,-0.28048471,-0.92789423,0
-3.4666674,-0.20007086,-1.2368712,-0.92567408,-0.21625125,0.31042376,0
2.9306998,-3.8617282,-2.3845806,0.28772733,-0.93518114,0.20651686,0
3.0786595,-0.797086,-1.1331041,0.92567408,0.21625125,-0.31042376,0
4.5509505,-2.4998207,2.6566858,0.28772733,-0.93518114,0.20651686,0
-1.1212031,-2.6398804,3.9820092,-0.92567408,-0.21625125,0.31042376,0
2.2351894,-3.3089013,-3.3723686,-0.2456429,-0.28048471,-0.92789423,0
-2.4693732,-0.74312639,1.9532739,-0.92567408,-0.21625125,0.31042376,0
1.7690146,1.3839489,-3.9794068,0.92567408,0.21625125,-0.31042376,0
-0.81205249,-2.7509613,4.7833734,0.2456429,0.28048471,0.92789423,0
1.8857269,1.885296,2.7182779,0.2456429,0.28048471,0.92789423,0
-3.0118208,1.6522479,1.3320966,-0.92567408,-0.21625125,0.31042376,0
-1.5757613,-1.4887075,4.4291267,-0.92567408,-0.21625125,0.31042376,0
-3.7013078,2.7767315,-0.7134161,-0.28772733,0.93518114,-0.20651686,0
4.3138885,-2.8026335,0.64997339,0.92567408,0.21625125,-0.31042376,0
-0.34209251,-1.1791191,-3.1560283,-0.2456429,-0.28048471,-0.92789423,0
1.9220138,3.721956,-1.877598,0.92567408,0.21625125,-0.31042376,0
-0.68877292,-3.28403,4.7437973,0.28772733,-0.93518114,0.20651686,0
2.1997318,-2.2365875,-3.8715835,-0.2456429,-0.28048471,-0.92789423,0
4.5038981,-1.5939803,2.8844333,0.2456429,0.28048471,0.92789423,0
3.2130241,2.2949564,1.954751,0.92567408,0.21625125,-0.31042376,0
-1.9554231,-4.091269,1.3126714,-0.92567408,-0.21625125,0.31042376,0
0.30394316,-1.9404263,4.4463148,0.2456429,0.28048471,0.92789423,0
-3.6317177,-1.0288198,-2.4092612,-0.92567408,-0.21625125,0.31042376,0
3.4276049,-3.6708932,-2.2846794,0.28772733,-0.93518114,0.20651686,0
0.46214986,1.4864132,3.1234958,0.2456429,0.28048471,0.92789423,0
-0.58318996,1.8851067,-3.9738734,-0.2456429,-0.28048471,-0.92789423,0
3.3706038,-0.000248909,2.793849,0.2456429,0.28048471,0.92789423,0
-0.48612666,-1.0023797,4.1397724,0.2456429,0.28048471,0.92789423,0
-0.18735313,-0.27308947,-3.7036562,-0.2456429,-0.28048471,-0.92789423,0
-2.3998089,-1.4075979,2.1179729,-0.92567408,-0.21625125,0.31042376,0
2.1757553,5.0368576,0.89567161,-0.28772733,0.93518114,-0.20651686,0
-1.3338628,2.9601715,-4.0059557,-0.28772733,0.93518114,-0.20651686,0
3.5084789,-0.57489109,2.9292102,0.2456429,0.28048471,0.92789423,0
-1.8473427,-0.85388803,3.1560979,-0.92567408,-0.21625125,0.31042376,0
-2.0209944,-4.8447356,-0.53187191,0.28772733,-0.93518114,0.20651686,0
-2.4038754,3.8143992,0.95557165,-0.28772733,0.93518114,-0.20651686,0
3.1616786,2.7357464,1.9282459,0.92567408,0.21625125,-0.31042376,0
0.98087811,4.5926199,-0.17996883,-0.28772733,0.93518114,-0.20651686,0
-0.74383116,4.212872,0.46429992,-0.28772733,0.93518114,-0.20651686,0
-2.0799174,4.2509561,2.6855013,-0.28772733,0.93518114,-0.20651686,0
2.3597131,-3.3630214,0.2510798,0.28772733,-0.93518114,0.20651686,0
-3.6630821,0.51365137,-3.0985899,-0.2456429,-0.28048471,-0.92789423,0
4.1647816,-1.34006,1.4805954,0.92567408,0.21625125,-0.31042376,0
-2.7542965,3.8519661,1.3885705,-0.28772733,0.93518114,-0.20651686,0
0.6879192,-3.3934739,3.7697711,0.28772733,-0.93518114,0.20651686,0
-0.14730453,-4.8278875,-1.5778394,0.28772733,-0.93518114,0.20651686,0
3.6414332,-3.2667494,-0.74238205,0.28772733,-0.93518114,0.20651686,0
2.1977134,-2.9793727,2.503988,0.28772733,-0.93518114,0.20651686,0
2.0447879,-1.1800367,-3.7737989,-0.2456429,-0.28048471,-0.92789423,0
-3.7821395,2.716392,0.094588757,-0.92567408,-0.21625125,0.31042376,0
-1.359715,-4.6837158,-2.1474426,-0.2456429,-0.28048471,-0.92789423,0
0.38897848,4.9530449,1.6449592,-0.28772733,0.93518114,-0.20651686,0
-1.775547,4.3962312,2.4202735,-0.28772733,0.93518114,-0.20651686,0
2.6151164,3.9256945,1.3243103,0.92567408,0.21625125,-0.31042376,0
-0.44300067,-4.1944909,1.7032602,0.28772733,-0.93518114,0.20651686,0
-1.0762583,-4.2560019,1.8772594,0.28772733,-0.93518114,0.20651686,0
-2.943887,-3.0803227,-1.9704077,-0.2456429,-0.28048471,-0.92789423,0
2.3713307,-0.45068622,-2.8560457,0.92567408,0.21625125,-0.31042376,0
1.0589132,-1.3592632,3.6985106,0.2456429,0.28048471,0.92789423,0
0.1423614,-4.0659599,0.53715134,0.28772733,-0.93518114,0.20651686,0
1.4839158,-3.0431719,-3.4081411,-0.2456429,-0.28048471,-0.92789423,0
2.7700453,3.88272,1.4888296,0.92567408,0.21625125,-0.31042376,0
0.57532263,-2.0810506,-3.2000804,-0.2456429,-0.28048471,-0.92789423,0
-1.1067011,-0.46452463,4.0967908,0.2456429,0.28048471,0.92789423,0
-3.1279583,2.9167814,-2.048279,-0.28772733,0.93518114,-0.20651686,0
-1.6936692,1.418589,-3.6511388,-0.2456429,-0.28048471,-0.92789423,0
-3.3066759,-2.3989549,-1.3747479,-0.92567408,-0.21625125,0.31042376,0
-3.0770178,-2.6044705,-0.83873463,-0.92567408,-0.21625125,0.31042376,0
-3.8470132,1.303901,-3.334995,-0.2456429,-0.28048471,-0.92789423,0
-0.072484016,4.4332414,2.3212879,0.2456429,0.28048471,0.92789423,0
-1.3099847,-5.103106,-1.7463942,0.28772733,-0.93518114,0.20651686,0
-3.2061846,-0.8667078,-0.1604805,-0.92567408,-0.21625125,0.31042376,0
0.62150979,-4.182806,-0.32271552,0.28772733,-0.93518114,0.20651686,0
-0.64631057,-0.67019671,4.1749582,0.2456429,0.28048471,0.92789423,0
1.3603797,3.6204834,-3.094888,0.92567408,0.21625125,-0.31042376,0
-1.0801196,3.3194332,-2.1521263,-0.28772733,0.93518114,-0.20651686,0
-1.8413051,2.7334609,-3.9389515,-0.28772733,0.93518114,-0.20651686,0
1.430164,-3.0615063,3.1555355,0.28772733,-0.93518114,0.20651686,0
-1.6877313,3.1774559,-2.3944726,-0.28772733,0.93518114,-0.20651686,0
-3.6875319,-0.11735582,-1.4390106,-0.92567408,-0.21625125,0.31042376,0
0.48853111,-4.6353874,-2.2118011,0.28772733,-0.93518114,0.20651686,0
1.0383582,-0.42075494,-3.7436552,-0.2456429,-0.28048471,-0.92789423,0
0.51574755,1.6955271,-4.3325615,-0.2456429,-0.28048471,-0.92789423,0
2.9735847,2.6991308,2.3364115,0.2456429,0.28048471,0.92789423,0
2.8483119,2.1472602,-0.17344499,0.92567408,0.21625125,-0.31042376,0
1.4219918,5.1456518,1.751377,-0.28772733,0.93518114,-0.20651686,0
-0.7583909,2.6408801,3.1878829,0.2456429,0.28048471,0.92789423,0
0.012324572,4.4792118,0.40057731,-0.28772733,0.93518114,-0.20651686,0
-1.9931302,3.2630386,3.2213812,0.2456429,0.28048471,0.92789423,0
-4.0600586,-0.79181337,-2.4788067,-0.2456429,-0.28048471,-0.92789423,0
-3.1331556,2.7767751,-3.3207426,-0.28772733,0.93518114,-0.20651686,0
-0.33705711,1.6955326,3.2085853,0.2456429,0.28048471,0.92789423,0
-3.6243715,3.4326861,1.3645744,-0.28772733,0.93518114,-0.20651686,0
0.72661567,-0.71244025,3.7334092,0.2456429,0.28048471,0.92789423,0
-3.5223832,3.6059966,1.1585302,-0.92567408,-0.21625125,0.31042376,0
1.9956923,4.6502905,-0.46433008,0.92567408,0.21625125,-0.31042376,0
3.2377093,-2.5671358,3.2415695,0.28772733,-0.93518114,0.20651686,0
3.0497541,-3.5078101,-0.02137661,0.28772733,-0.93518114,0.20651686,0
-2.6337476,1.4210767,2.2912807,-0.92567408,-0.21625125,0.31042376,0
2.7097802,-3.5260386,-0.021295547,0.28772733,-0.93518114,0.20651686,0
4.7283454,-1.9186392,3.2156534,0.2456429,0.28048471,0.92789423,0
3.1857095,0.60037374,0.43312204,0.92567408,0.21625125,-0.31042376,0
1.9325294,4.8544521,0.40119302,-0.28772733,0.93518114,-0.20651686,0
-3.7603409,3.0619955,0.5013814,-0.28772733,0.93518114,-0.20651686,0
2.0423491,1.7413365,2.8922176,0.2456429,0.28048471,0.92789423,0
-2.6080661,3.3781431,3.3437424,0.2456429,0.28048471,0.92789423,0
-4.6913366,2.0162289,-2.5924587,-0.92567408,-0.21625125,0.31042376,0
-1.1711876,-0.059471101,4.2260504,0.2456429,0.28048471,0.92789423,0
-3.3060951,2.3435562,-3.8014908,-0.2456429,-0.28048471,-0.92789423,0
-0.092416763,2.7401257,3.0478745,0.2456429,0.28048471,0.92789423,0
-1.1405525,3.058578,3.1479411,0.2456429,0.28048471,0.92789423,0
3.293987,2.1499584,1.1156564,0.92567408,0.21625125,-0.31042376,0
2.9369693,-2.724875,2.8663971,0.28772733,-0.93518114,0.20651686,0
3.6331489,-1.1041574,0.70900655,0.92567408,0.21625125,-0.31042376,0
-1.4321194,4.1393766,1.9960551,-0.28772733,0.93518114,-0.20651686,0
-2.0216737,-4.8695922,-0.77683127,0.28772733,-0.93518114,0.20651686,0
2.0000994,2.9427953,-2.0647883,0.92567408,0.21625125,-0.31042376,0
-2.3447351,3.4931216,-0.079900742,-0.28772733,0.93518114,-0.20651686,0
-1.9212036,-3.5890074,1.692066,-0.92567408,-0.21625125,0.31042376,0
1.2900586,2.732192,2.5493033,0.2456429,0.28048471,0.92789423,0
3.461972,0.85680389,1.823586,0.92567408,0.21625125,-0.31042376,0
-2.9630001,-0.33650804,0.82942331,-0.92567408,-0.21625125,0.31042376,0
-2.4567122,-3.0199749,-0.34551537,-0.92567408,-0.21625125,0.31042376,0
3.7806089,-2.7064209,-0.89920378,0.92567408,0.21625125,-0.31042376,0
1.7190194,4.890811,-0.10625029,-0.28772733,0.93518114,-0.20651686,0
-1.6072898,3.9022326,0.36388588,-0.28772733,0.93518114,-0.20651686,0
3.3467422,-3.006192,0.55042219,0.28772733,-0.93518114,0.20651686,0
2.33233,5.1238327,1.4471586,-0.28772733,0.93518114,-0.20651686,0
-3.2407598,-1.5085113,-0.98319566,-0.92567408,-0.21625125,0.31042376,0
0.088341713,-1.6642365,4.3391151,0.2456429,0.28048471,0.92789423,0
-2.8612535,3.7489805,2.4577055,-0.28772733,0.93518114,-0.20651686,0
2.1529181,1.3390439,-2.1449552,0.92567408,0.21625125,-0.31042376,0
1.4283723,-3.5010152,1.798682,0.28772733,-0.93518114,0.20651686,0
-2.1033859,-1.2066269,-3.0221713,-0.2456429,-0.28048471,-0.92789423,0
-0.076874018,1.9980206,-4.2327113,-0.2456429,-0.28048471,-0.92789423,0
1.2247279,-3.8021088,-0.49780154,0.28772733,-0.93518114,0.20651686,0
-3.1387801,-2.5564044,-0.89127493,-0.92567408,-0.21625125,0.31042376,0
-1.4263935,3.7315073,-0.45985007,-0.28772733,0.93518114,-0.20651686,0
-1.8062481,-2.3785498,3.0687973,-0.92567408,-0.21625125,0.31042376,0
-3.7660706,3.1638944,-0.48778486,-0.28772733,0.93518114,-0.20651686,0
1.0064454,-2.8035002,-3.2254844,-0.2456429,-0.28048471,-0.92789423,0
-0.66352868,1.8337117,-4.0550518,-0.2456429,-0.28048471,-0.92789423,0
1.5635991,-4.1264229,-1.347966,0.28772733,-0.93518114,0.20651686,0
3.7616277,-2.6985219,2.8432553,0.28772733,-0.93518114,0.20651686,0
-1.6677754,2.97912,-3.8760011,-0.28772733,0.93518114,-0.20651686,0
-3.7998044,3.045608,0.19018602,-0.28772733,0.93518114,-0.20651686,0
2.3442998,1.2175252,-2.4063225,0.92567408,0.21625125,-0.31042376,0
-3.5207114,2.71242,1.6587074,-0.92567408,-0.21625125,0.31042376,0
2.8662238,1.9349244,0.4173671,0.92567408,0.21625125,-0.31042376,0
2.8235416,-1.8468814,3.5336549,0.2456429,0.28048471,0.92789423,0
1.7318218,-2.3155751,3.8023047,0.2456429,0.28048471,0.92789423,0
0.23217225,-0.44761765,4.008646,0.2456429,0.28048471,0.92789423,0
-2.0602088,-4.6034651,-1.8658028,-0.2456429,-0.28048471,-0.92789423,0
-2.574852,2.4511909,3.8517077,0.2456429,0.28048471,0.92789423,0
-3.2563634,0.81568766,-2.9589858,-0.2456429,-0.28048471,-0.92789423,0
2.619082,-0.069052935,3.1614933,0.2456429,0.28048471,0.92789423,0
0.5337801,4.1102386,-0.7755475,-0.28772733,0.93518114,-0.20651686,0
4.6282225,-2.2892513,3.0141239,0.28772733,-0.93518114,0.20651686,0
0.48041916,4.1018867,-0.77616692,-0.28772733,0.93518114,-0.20651686,0
-4.1311483,2.4570918,-1.27952,-0.92567408,-0.21625125,0.31042376,0
-2.4224975,-1.3531692,-2.6565871,-0.2456429,-0.28048471,-0.92789423,0
1.5520263,-4.1884475,-2.2489343,0.28772733,-0.93518114,0.20651686,0
-0.24302197,-4.2399349,1.2397184,0.28772733,-0.93518114,0.20651686,0
0.00079631805,2.2682528,2.9227397,0.2456429,0.28048471,0.92789423,0
-0.22805548,4.262907,-0.013902187,-0.28772733,0.93518114,-0.20651686,0
1.7788439,-3.3030074,1.2350392,0.28772733,-0.93518114,0.20651686,0
-1.7225835,2.2118425,-4.1853151,-0.2456429,-0.28048471,-0.92789423,0
1.0528657,1.1921893,3.1369462,0.2456429,0.28048471,0.92789423,0
2.3161459,5.452352,1.2555183,-0.28772733,0.93518114,-0.20651686,0
-3.3082862,0.048885584,-0.022495508,-0.92567408,-0.21625125,0.31042376,0
-1.1671165,3.1530223,-3.7099004,-0.28772733,0.93518114,-0.20651686,0
4.0249968,-1.9561532,1.3066325,0.92567408,0.21625125,-0.31042376,0
-0.67695355,3.9219942,-0.76534724,-0.28772733,0.93518114,-0.20651686,0
-0.78859782,4.1921735,0.47495747,-0.28772733,0.93518114,-0.20651686,0
-3.8889251,2.9867129,-0.057994366,-0.92567408,-0.21625125,0.31042376,0
-1.6081719,4.2384853,1.720047,-0.28772733,0.93518114,-0.20651686,0
-2.3763359,-1.4432063,1.2804792,-0.92567408,-0.21625125,0.31042376,0
1.5886211,1.4042429,-4.1487255,0.92567408,0.21625125,-0.31042376,0
1.1654222,-0.98544127,-3.6475224,-0.2456429,-0.28048471,-0.92789423,0
-0.77166325,-3.9271832,3.0740151,0.28772733,-0.93518114,0.20651686,0
2.7416549,-3.5018106,-1.0403109,0.28772733,-0.93518114,0.20651686,0
-1.25236,3.2960594,-3.0671303,-0.28772733,0.93518114,-0.20651686,0
-2.8178289,1.5095215,2.3070617,-0.92567408,-0.21625125,0.31042376,0
-1.6152258,-2.2815456,3.3810267,-0.92567408,-0.21625125,0.31042376,0
0.83762121,2.5026593,-4.8672848,-0.2456429,-0.28048471,-0.92789423,0
2.2855639,-3.6079566,0.34704924,0.28772733,-0.93518114,0.20651686,0
1.001128,0.46950746,3.5508811,0.2456429,0.28048471,0.92789423,0
0.28079772,0.30484468,-3.998559,-0.2456429,-0.28048471,-0.92789423,0
-4.0479884,2.0397065,-1.5792627,-0.92567408,-0.21625125,0.31042376,0
0.625314,-4.3173871,-0.094065905,0.28772733,-0.93518114,0.20651686,0
0.38982153,-4.5785789,-2.17834,0.28772733,-0.93518114,0.20651686,0
-2.3388722,-3.6659048,-0.32016003,-0.92567408,-0.21625125,0.31042376,0
-1.5449371,4.052484,1.1045954,-0.28772733,0.93518114,-0.20651686,0
-2.2896137,3.6843731,-0.02923584,-0.28772733,0.93518114,-0.20651686,0
2.2096901,-3.4416935,-3.355864,-0.2456429,-0.28048471,-0.92789423,0
-0.3295393,2.4066024,3.3009994,0.2456429,0.28048471,0.92789423,0
-3.9739091,-0.48646116,-2.1594782,-0.92567408,-0.21625125,0.31042376,0
0.70973635,-3.8869395,0.44969177,0.28772733,-0.93518114,0.20651686,0
2.663336,-2.1166525,-3.2781711,0.92567408,0.21625125,-0.31042376,0
0.10814857,-0.22282815,-3.5366356,-0.2456429,-0.28048471,-0.92789423,0
0.91086149,3.7073023,-4.3264971,-0.28772733,0.93518114,-0.20651686,0
-3.296787,1.634331,0.63783789,-0.92567408,-0.21625125,0.31042376,0
0.41744328,4.8323479,2.2752976,0.2456429,0.28048471,0.92789423,0
-1.8942548,0.7790848,-3.4692864,-0.2456429,-0.28048471,-0.92789423,0
0.84200263,0.8310982,3.3539915,0.2456429,0.28048471,0.92789423,0
3.6601846,0.057878971,2.6039357,0.2456429,0.28048471,0.92789423,0
2.1842468,4.1058021,2.0019174,0.2456429,0.28048471,0.92789423,0
1.3183794,-3.4671404,1.3758793,0.28772733,-0.93518114,0.20651686,0
-1.047827,-2.3572979,-2.7390592,-0.2456429,-0.28048471,-0.92789423,0
-1.6613545,3.4322433,-2.3904619,-0.28772733,0.93518114,-0.20651686,0
-2.0506725,-5.0424972,-1.5707204,-0.2456429,-0.28048471,-0.92789423,0
1.553382,-3.3345664,3.0394461,0.28772733,-0.93518114,0.20651686,0
-2.9572496,0.73297405,1.7735366,-0.92567408,-0.21625125,0.31042376,0
-1.7414176,-0.82183623,-2.9895916,-0.2456429,-0.28048471,-0.92789423,0
3.1033854,-3.716578,-3.1858442,0.92567408,0.21625125,-0.31042376,0
-0.43513793,-3.4425027,3.6212137,0.28772733,-0.93518114,0.20651686,0
2.5987177,2.8996387,0.49905467,0.92567408,0.21625125,-0.31042376,0
-2.9136908,3.0157585,3.1374969,-0.92567408,-0.21625125,0.31042376,0
-1.1320584,-0.67296231,4.1209249,0.2456429,0.28048471,0.92789423,0
-0.12623429,-4.6441956,-0.56406403,0.28772733,-0.93518114,0.20651686,0
-3.7939241,1.9866307,-0.26393604,-0.92567408,-0.21625125,0.31042376,0
4.0835719,0.23751879,2.5449653,0.2456429,0.28048471,0.92789423,0
1.889935,-3.8171668,-3.1581137,-0.2456429,-0.28048471,-0.92789423,0
2.6917102,0.54778409,-1.1080537,0.92567408,0.21625125,-0.31042376,0
-0.022359371,4.0757704,-1.140682,-0.28772733,0.93518114,-0.20651686,0
0.80266207,3.7778907,-3.4489045,-0.28772733,0.93518114,-0.20651686,0
-1.6285191,3.6560705,-0.81113577,-0.28772733,0.93518114,-0.20651686,0
0.9078083,3.4506812,2.572149,0.2456429,0.28048471,0.92789423,0
-1.9225087,-4.0649686,-1.8966514,-0.2456429,-0.28048471,-0.92789423,0
-2.3128102,-2.7747412,0.30889547,-0.92567408,-0.21625125,0.31042376,0
-2.5181043,4.0952482,2.1858132,-0.28772733,0.93518114,-0.20651686,0
3.0572534,-3.2328539,1.3420606,0.28772733,-0.93518114,0.20651686,0
-0.11587238,4.2341032,0.62380219,-0.28772733,0.93518114,-0.20651686,0
1.9197533,4.7519021,-0.18610418,-0.28772733,0.93518114,-0.20651686,0
-3.3820615,0.78718877,0.38157225,-0.92567408,-0.21625125,0.31042376,0
2.6602156,1.5539942,-0.73628539,0.92567408,0.21625125,-0.31042376,0
-2.8256555,1.8277295,2.9372635,-0.92567408,-0.21625125,0.31042376,0
0.40363622,-4.2151728,0.60174966,0.28772733,-0.93518114,0.20651686,0
0.3868624,-3.3223376,4.049068,0.28772733,-0.93518114,0.20651686,0
1.3172278,2.411026,-4.3598366,0.92567408,0.21625125,-0.31042376,0
2.6513567,-3.9921129,-2.4449079,0.28772733,-0.93518114,0.20651686,0
2.4825146,-0.96555293,-2.4052265,0.92567408,0.21625125,-0.31042376,0
-0.34264326,1.9595507,3.4823117,0.2456429,0.28048471,0.92789423,0
-3.2981205,-1.8888988,-1.6328104,-0.92567408,-0.21625125,0.31042376,0
-3.9540064,-0.42222452,-2.6107912,-0.92567408,-0.21625125,0.31042376,0
3.9584103,-3.0129824,-0.34969425,0.92567408,0.21625125,-0.31042376,0
2.9898801,-3.8772199,-3.1673937,0.28772733,-0.93518114,0.20651686,0
-2.2734449,0.64639127,3.9323616,-0.92567408,-0.21625125,0.31042376,0
-1.8878169,-0.22980905,4.284564,0.2456429,0.28048471,0.92789423,0
-4.1418862,0.78338814,-2.7054935,-0.92567408,-0.21625125,0.31042376,0
-0.230093,1.9911761,3.2219121,0.2456429,0.28048471,0.92789423,0
-1.5851362,1.7227215,-3.9717398,-0.2456429,-0.28048471,-0.92789423,0
2.3533959,-2.9489903,2.9758689,0.28772733,-0.93518114,0.20651686,0
1.335948,-4.2844481,-1.32201,0.28772733,-0.93518114,0.20651686,0
2.8109751,-3.4665697,0.1616621,0.28772733,-0.93518114,0.20651686,0
2.1214345,3.9897404,-1.1603869,0.92567408,0.21625125,-0.31042376,0
-0.64473438,-4.336318,0.003452301,0.28772733,-0.93518114,0.20651686,0
-2.7752428,1.2780331,2.2939734,-0.92567408,-0.21625125,0.31042376,0
-0.52792549,-3.7717223,-2.592442,-0.2456429,-0.28048471,-0.92789423,0
-2.1918988,-3.0545578,1.0968703,-0.92567408,-0.21625125,0.31042376,0
-0.15933716,-3.2459421,4.1806126,0.28772733,-0.93518114,0.20651686,0
1.0719125,4.6277246,-0.34819818,-0.28772733,0.93518114,-0.20651686,0
2.4439008,0.51511109,-1.4588106,0.92567408,0.21625125,-0.31042376,0
-1.0535514,4.3610783,1.4095061,-0.28772733,0.93518114,-0.20651686,0
3.7184474,-1.6656234,-0.039417744,0.92567408,0.21625125,-0.31042376,0
2.1768501,1.1637152,-2.7784309,0.92567408,0.21625125,-0.31042376,0
2.992888,-3.567534,-0.86446428,0.28772733,-0.93518114,0.20651686,0
1.0282648,2.5769773,-4.7167544,-0.2456429,-0.28048471,-0.92789423,0
0.9429425,-3.292238,2.7148049,0.28772733,-0.93518114,0.20651686,0
-0.17867422,-2.5266678,-3.0747023,-0.2456429,-0.28048471,-0.92789423,0
-2.7215874,3.5729618,-0.33490562,-0.28772733,0.93518114,-0.20651686,0
2.7623041,-0.9060719,-1.534446,0.92567408,0.21625125,-0.31042376,0
2.3662844,1.9895282,2.5649605,0.2456429,0.28048471,0.92789423,0
-0.4231348,2.9212849,3.2091467,0.2456429,0.28048471,0.92789423,0
-3.3256547,-1.5667751,-1.5771089,-0.92567408,-0.21625125,0.31042376,0
-0.61304975,1.6859847,-4.1825662,-0.2456429,-0.28048471,-0.92789423,0
-1.0557091,-2.1635182,4.6288533,-0.92567408,-0.21625125,0.31042376,0
-2.3344352,-3.3420715,-1.9855008,-0.2456429,-0.28048471,-0.92789423,0
-0.33969063,-3.4917245,3.3667173,0.28772733,-0.93518114,0.20651686,0
0.047032833,4.0804973,2.4077373,0.2456429,0.28048471,0.92789423,0
-2.1480558,2.7050543,-3.9905477,-0.28772733,0.93518114,-0.20651686,0
-2.2004333,-0.88555694,2.3182633,-0.92567408,-0.21625125,0.31042376,0
1.362795,-3.2948537,1.7203162,0.28772733,-0.93518114,0.20651686,0
-2.3337936,3.3079233,-1.0961266,-0.28772733,0.93518114,-0.20651686,0
-0.62395537,-3.6866095,3.7043321,0.28772733,-0.93518114,0.20651686,0
-0.82988787,4.0497246,-0.44660687,-0.28772733,0.93518114,-0.20651686,0
2.0323999,-0.043466091,-3.6954093,0.92567408,0.21625125,-0.31042376,0
-0.48487806,4.2870331,1.6875715,-0.28772733,0.93518114,-0.20651686,0
-2.4195509,-1.4327688,1.052191,-0.92567408,-0.21625125,0.31042376,0
-1.6714962,-2.8605533,-2.5571821,-0.2456429,-0.28048471,-0.92789423,0
-4.3702865,1.8013248,-3.3179109,-0.2456429,-0.28048471,-0.92789423,0
-2.9010713,3.9422908,2.6648455,-0.28772733,0.93518114,-0.20651686,0
-2.1498013,-1.3623668,2.8866153,-0.92567408,-0.21625125,0.31042376,0
3.1312919,0.69505668,2.5996468,0.2456429,0.28048471,0.92789423,0
1.7168365,-3.8736796,-0.68702626,0.28772733,-0.93518114,0.20651686,0
0.32193089,-0.47478372,-3.8218133,-0.2456429,-0.28048471,-0.92789423,0
-3.5674305,0.17291903,-0.51361132,-0.92567408,-0.21625125,0.31042376,0
-1.4676396,2.9527707,-3.6773844,-0.28772733,0.93518114,-0.20651686,0
2.9976673,0.50350332,0.069399953,0.92567408,0.21625125,-0.31042376,0
-1.3797338,0.31987977,-3.6811581,-0.2456429,-0.28048471,-0.92789423,0
-2.2846267,0.41720223,2.5532918,-0.92567408,-0.21625125,0.31042376,0
3.3529975,-0.31385756,3.0065832,0.2456429,0.28048471,0.92789423,0
0.060126781,-2.1279454,4.459579,0.2456429,0.28048471,0.92789423,0
-3.2438483,0.044415951,0.11441207,-0.92567408,-0.21625125,0.31042376,0
1.4195971,3.8739605,-2.8448081,0.92567408,0.21625125,-0.31042376,0
1.8941717,-4.3437276,-2.5403521,0.28772733,-0.93518114,0.20651686,0
-3.3868029,-1.5775747,-1.2662005,-0.92567408,-0.21625125,0.31042376,0
-2.0073268,0.19324183,3.91818,-0.92567408,-0.21625125,0.31042376,0
0.49685717,1.1694249,3.221714,0.2456429,0.28048471,0.92789423,0
-0.20168018,4.74119,1.6774795,-0.28772733,0.93518114,-0.20651686,0
-3.9447207,2.575202,-1.5558825,-0.28772733,0.93518114,-0.20651686,0
0.68853807,4.6265726,1.5641962,-0.28772733,0.93518114,-0.20651686,0
-0.30491161,2.8151288,-4.5488453,-0.2456429,-0.28048471,-0.92789423,0
4.1402693,-2.0132966,0.65896416,0.92567408,0.21625125,-0.31042376,0
-1.1538051,-3.4601965,3.9722517,-0.92567408,-0.21625125,0.31042376,0
-3.3925591,0.25383019,-2.9266708,-0.2456429,-0.28048471,-0.92789423,0
1.7129903,-4.0528588,-1.9814112,0.28772733,-0.93518114,0.20651686,0
-4.2531657,3.0284247,-0.43009996,-0.92567408,-0.21625125,0.31042376,0
-1.8130635,3.6570401,-0.52714396,-0.28772733,0.93518114,-0.20651686,0
2.0026321,-0.77426481,-3.8836875,0.92567408,0.21625125,-0.31042376,0
-4.0381198,2.7956417,-0.74170828,-0.28772733,0.93518114,-0.20651686,0
-2.5513961,-0.2651217,2.1209607,-0.92567408,-0.21625125,0.31042376,0
-1.692697,-3.0262558,-2.4135063,-0.2456429,-0.28048471,-0.92789423,0
-0.036104441,0.41656113,-4.0885429,-0.2456429,-0.28048471,-0.92789423,0
-0.049862385,4.1150274,0.05002594,-0.28772733,0.93518114,-0.20651686,0
1.3811183,-3.2172668,2.9088018,0.28772733,-0.93518114,0.20651686,0
3.0009842,-2.2741551,-1.7387912,0.92567408,0.21625125,-0.31042376,0
0.42927051,-4.131403,0.44812107,0.28772733,-0.93518114,0.20651686,0
2.4858518,0.79096103,-1.8526374,0.92567408,0.21625125,-0.31042376,0
2.4723039,-4.0621467,-2.7867999,0.28772733,-0.93518114,0.20651686,0
-0.09986496,-0.9724772,-3.5169182,-0.2456429,-0.28048471,-0.92789423,0
-0.44064379,-4.8273964,-1.9632627,0.28772733,-0.93518114,0.20651686,0
-2.3223991,4.1817274,3.0841646,0.2456429,0.28048471,0.92789423,0
2.304944,-3.7611446,-1.1065757,0.28772733,-0.93518114,0.20651686,0
-1.7033746,0.2980516,-3.2561426,-0.2456429,-0.28048471,-0.92789423,0
2.7448206,-2.3762333,-3.1936841,0.92567408,0.21625125,-0.31042376,0
-0.068631411,1.0968791,-3.8818457,-0.2456429,-0.28048471,-0.92789423,0
-1.9806952,2.9310367,-3.3597214,-0.28772733,0.93518114,-0.20651686,0
0.02028656,1.5429546,-4.1922784,-0.2456429,-0.28048471,-0.92789423,0
-0.18849802,-4.2910299,-0.69664049,0.28772733,-0.93518114,0.20651686,0
3.7007158,-2.9596391,0.7662735,0.28772733,-0.93518114,0.20651686,0
0.10762346,-3.4429679,4.4433675,0.28772733,-0.93518114,0.20651686,0
-0.034453869,-3.2516582,-2.7447879,-0.2456429,-0.28048471,-0.92789423,0
-1.6064759,-4.6625586,0.6664716,0.28772733,-0.93518114,0.20651686,0
2.1083148,1.0172693,-3.2045836,0.92567408,0.21625125,-0.31042376,0
3.733274,-0.3080368,1.5649035,0.92567408,0.21625125,-0.31042376,0
0.55603504,3.6436186,2.3168936,0.2456429,0.28048471,0.92789423,0
-0.14524078,-1.6665802,4.220315,0.2456429,0.28048471,0.92789423,0
1.0858715,0.89022386,3.3874295,0.2456429,0.28048471,0.92789423,0
2.50528,1.3242924,-1.8831657,0.92567408,0.21625125,-0.31042376,0
-1.5499053,-1.185462,-2.8397441,-0.2456429,-0.28048471,-0.92789423,0
-2.999037,0.38311291,1.077204,-0.92567408,-0.21625125,0.31042376,0
-1.9438411,-2.6318204,2.6159582,-0.92567408,-0.21625125,0.31042376,0
-0.66563582,-2.9196734,4.705337,0.2456429,0.28048471,0.92789423,0
0.51777673,1.9907146,-4.6246324,-0.2456429,-0.28048471,-0.92789423,0
-2.5136371,-0.29645991,2.0299115,-0.92567408,-0.21625125,0.31042376,0
1.3150945,-3.8521223,-0.75967908,0.28772733,-0.93518114,0.20651686,0
1.9989288,2.1826212,2.7450638,0.2456429,0.28048471,0.92789423,0
-1.0740547,-1.1812644,-3.1219506,-0.2456429,-0.28048471,-0.92789423,0
2.6417902,0.10486627,-1.5744809,0.92567408,0.21625125,-0.31042376,0
-2.2553816,-2.862808,1.5357549,-0.92567408,-0.21625125,0.31042376,0
-0.77866077,-4.4186339,-2.3128874,-0.2456429,-0.28048471,-0.92789423,0
3.7254746,-1.3767555,0.47881222,0.92567408,0.21625125,-0.31042376,0
-3.2896037,-1.5919747,-2.2437637,-0.2456429,-0.28048471,-0.92789423,0
1.0795536,1.8579391,3.0039275,0.2456429,0.28048471,0.92789423,0
-1.8942628,2.4539039,3.4885159,0.2456429,0.28048471,0.92789423,0
3.9339459,0.18376827,1.8245802,0.92567408,0.21625125,-0.31042376,0
-3.3576035,3.1026225,-0.42913246,-0.28772733,0.93518114,-0.20651686,0
-2.0668616,-1.2356966,2.8277481,-0.92567408,-0.21625125,0.31042376,0
3.9830556,-0.47110605,1.9584115,0.92567408,0.21625125,-0.31042376,0
3.7754693,-0.1318264,1.067101,0.92567408,0.21625125,-0.31042376,0
2.6259944,-1.0028605,3.4517589,0.2456429,0.28048471,0.92789423,0
-3.5038648,2.327774,1.3995361,-0.92567408,-0.21625125,0.31042376,0
1.3020196,4.5950704,2.0693085,0.2456429,0.28048471,0.92789423,0
-1.7189043,2.6443708,-4.0475163,-0.28772733,0.93518114,-0.20651686,0
2.2279692,2.8451223,-1.555927,0.92567408,0.21625125,-0.31042376,0
2.0595441,-0.66394186,3.6205349,0.2456429,0.28048471,0.92789423,0
2.0951562,-1.2633117,-3.8175182,0.92567408,0.21625125,-0.31042376,0
-2.0747805,2.8974538,-3.3817396,-0.28772733,0.93518114,-0.20651686,0
0.27339506,-4.7855349,-2.0003719,0.28772733,-0.93518114,0.20651686,0
-2.858336,-0.28579926,-3.0669153,-0.2456429,-0.28048471,-0.92789423,0
3.7683351,-2.4653325,3.4510014,0.28772733,-0.93518114,0.20651686,0
2.4456432,-0.59092927,3.2980266,0.2456429,0.28048471,0.92789423,0
-1.371825,-1.4076964,4.4120474,-0.92567408,-0.21625125,0.31042376,0
-4.2707772,2.7716436,-1.2105498,-0.28772733,0.93518114,-0.20651686,0
3.0282393,1.4410272,2.3833139,0.2456429,0.28048471,0.92789423,0
-2.8018212,3.2492919,-1.1132922,-0.28772733,0.93518114,-0.20651686,0
-0.92664039,-3.6232316,4.1550288,0.28772733,-0.93518114,0.20651686,0
-1.9489992,3.2345226,-2.7805102,-0.28772733,0.93518114,-0.20651686,0
-2.4482923,-2.9395175,0.59796923,-0.92567408,-0.21625125,0.31042376,0
3.2903824,-3.7705674,-1.964731,0.28772733,-0.93518114,0.20651686,0
-0.034585238,1.161487,-4.1111531,-0.2456429,-0.28048471,-0.92789423,0
2.0503712,-3.325819,0.99421477,0.28772733,-0.93518114,0.20651686,0
-3.2206349,2.9742584,2.5328443,-0.92567408,-0.21625125,0.31042376,0
-0.0042463541,-3.7292469,2.5240908,0.28772733,-0.93518114,0.20651686,0
1.7630522,1.301403,-3.9896371,0.92567408,0.21625125,-0.31042376,0
0.32812405,4.7469034,1.3600202,-0.28772733,0.93518114,-0.20651686,0
0.84916186,-1.1013572,3.7952394,0.2456429,0.28048471,0.92789423,0
3.368587,-1.3242786,-0.15364313,0.92567408,0.21625125,-0.31042376,0
3.0578723,3.377249,1.6419919,0.92567408,0.21625125,-0.31042376,0
-2.085212,-1.0145192,2.1201782,-0.92567408,-0.21625125,0.31042376,0
2.1302266,-3.0680051,1.9252262,0.28772733,-0.93518114,0.20651686,0
3.8266749,0.65173388,2.6309457,0.2456429,0.28048471,0.92789423,0
2.1880462,1.7752672,-2.1375809,0.92567408,0.21625125,-0.31042376,0
-1.8951147,-1.374714,-3.019177,-0.2456429,-0.28048471,-0.92789423,0
-0.22376633,-0.63856786,-3.3793778,-0.2456429,-0.28048471,-0.92789423,0
-2.9697371,-3.5628822,-1.2555017,-0.92567408,-0.21625125,0.31042376,0
-1.0228208,3.482302,-2.5790396,-0.28772733,0.93518114,-0.20651686,0
4.3664398,-2.2963586,3.0760727,0.28772733,-0.93518114,0.20651686,0
3.876338,-2.1921494,0.68076229,0.92567408,0.21625125,-0.31042376,0
3.0850308,-0.6298244,2.9756002,0.2456429,0.28048471,0.92789423,0
-3.972759,2.7129216,-0.81602049,-0.92567408,-0.21625125,0.31042376,0
1.6554263,4.806098,-0.73282206,-0.28772733,0.93518114,-0.20651686,0
-0.56417871,-3.9891543,2.79915,0.28772733,-0.93518114,0.20651686,0
-2.9174688,0.64273214,-3.0426962,-0.2456429,-0.28048471,-0.92789423,0
1.8333862,1.2658436,-3.6925242,0.92567408,0.21625125,-0.31042376,0
0.046850443,-3.3364122,4.888196,0.2456429,0.28048471,0.92789423,0
-2.566134,1.9907467,3.4312634,-0.92567408,-0.21625125,0.31042376,0
4.3887506,-2.4840882,1.9584312,0.28772733,-0.93518114,0.20651686,0
0.64750004,5.0161033,1.8475842,-0.28772733,0.93518114,-0.20651686,0
-3.3138461,3.1252689,0.14277887,-0.28772733,0.93518114,-0.20651686,0
-0.48966026,2.8987134,-4.6800523,-0.2456429,-0.28048471,-0.92789423,0
0.15212107,1.7788556,3.3949342,0.2456429,0.28048471,0.92789423,0
