2.8468118,-5.6298141,0.012181282,-0.15421551,-0.98202908,-0.10879502,0
5.9949307,4.1248188,1.3507295,0.15421551,0.98202908,0.10879502,0
-3.8706844,5.358263,-0.39615726,-0.41907978,0.16472983,-0.89288074,0
0.86179996,1.645257,-3.3999631,-0.41907978,0.16472983,-0.89288074,0
-2.3825552,1.6141393,-2.1606956,-0.41907978,0.16472983,-0.89288074,0
-0.58907795,-5.0964289,0.70813775,-0.15421551,-0.98202908,-0.10879502,0
2.0804548,-5.1230531,1.5894134,0.41907978,-0.16472983,0.89288074,0
-3.1788607,-2.3491325,-2.2239566,-0.41907978,0.16472983,-0.89288074,0
1.799818,-0.47671938,-4.2434311,-0.41907978,0.16472983,-0.89288074,0
3.9945676,3.6113944,-3.6731915,0.89475667,-0.09210223,-0.43695235,0
2.2142637,-5.1601582,-1.2458124,-0.15421551,-0.98202908,-0.10879502,0
0.55589938,-4.6046124,-4.3005538,-0.41907978,0.16472983,-0.89288074,0
5.2945681,-0.043340445,-0.56463146,0.89475667,-0.09210223,-0.43695235,0
5.3968391,4.3682404,0.61657786,0.15421551,0.98202908,0.10879502,0
-1.6442111,-4.8435798,0.3152436,-0.15421551,-0.98202908,-0.10879502,0
-2.9791844,5.0799007,4.2071767,0.15421551,0.98202908,0.10879502,0
2.8191833,-3.4150164,-4.5024438,0.89475667,-0.09210223,-0.43695235,0
0.14714575,4.3419218,-2.4813945,-0.41907978,0.16472983,-0.89288074,0
3.1007805,-5.5439258,0.72409248,-0.15421551,-0.98202908,-0.10879502,0
-4.4865913,-0.65382195,2.0614877,-0.89475667,0.09210223,0.43695235,0
4.8081012,0.44943476,-1.4634166,0.89475667,-0.09210223,-0.43695235,0
-0.0080649853,-2.4483869,2.8147647,0.41907978,-0.16472983,0.89288074,0
0.4374423,4.3091698,-2.8692064,-0.41907978,0.16472983,-0.89288074,0
-0.14907694,-3.8635192,2.9086723,0.41907978,-0.16472983,0.89288074,0
0.31795311,-2.1492023,-3.713666,-0.41907978,0.16472983,-0.89288074,0
2.9954574,-5.0774202,-4.1022887,0.89475667,-0.09210223,-0.43695235,0
-0.09150821,-1.775125,-3.583756,-0.41907978,0.16472983,-0.89288074,0
2.2022076,4.9151773,-3.3105714,-0.41907978,0.16472983,-0.89288074,0
3.9788313,1.8351102,-3.3758833,0.89475667,-0.09210223,-0.43695235,0
4.6930008,2.6971145,-2.2438362,0.89475667,-0.09210223,-0.43695235,0
-2.6176281,2.1627116,-1.8907187,-0.41907978,0.16472983,-0.89288074,0
1.2314229,3.9852579,-3.4228458,-0.41907978,0.16472983,-0.89288074,0
0.27201974,2.9664159,3.702889,0.41907978,-0.16472983,0.89288074,0
2.5662405,-5.1437941,-3.7527385,-0.15421551,-0.98202908,-0.10879502,0
-5.2408371,-1.5452894,-1.1419842,-0.41907978,0.16472983,-0.89288074,0
-4.060781,1.392457,2.6554699,-0.89475667,0.09210223,0.43695235,0
2.0216002,-0.60293341,2.414892,0.41907978,-0.16472983,0.89288074,0
1.5599203,4.4467583,3.3531857,0.15421551,0.98202908,0.10879502,0
2.6494169,-4.1850481,-5.2383437,0.89475667,-0.09210223,-0.43695235,0
6.0585437,3.4209158,0.29022217,0.89475667,-0.09210223,-0.43695235,0
-6.1386843,-3.5563254,-0.76001215,-0.89475667,0.09210223,0.43695235,0
-1.4695015,-4.8412814,0.44942987,-0.15421551,-0.98202908,-0.10879502,0
-2.9357584,5.4161634,1.955904,0.15421551,0.98202908,0.10879502,0
-3.8866394,-4.5844736,0.91049445,-0.15421551,-0.98202908,-0.10879502,0
3.6970301,-5.0394754,-2.6214375,0.89475667,-0.09210223,-0.43695235,0
0.49399555,2.8208718,3.5240726,0.41907978,-0.16472983,0.89288074,0
-4.340888,-1.3653727,2.4757447,-0.89475667,0.09210223,0.43695235,0
3.5308352,-3.0122323,-3.2656522,0.89475667,-0.09210223,-0.43695235,0
0.31186134,-0.71229863,-3.4587944,-0.41907978,0.16472983,-0.89288074,0
1.0485709,-4.8265195,-4.4968076,-0.15421551,-0.98202908,-0.10879502,0
-4.1589799,-0.80415297,2.7791879,-0.89475667,0.09210223,0.43695235,0
-3.0858107,5.510428,0.60584164,0.15421551,0.98202908,0.10879502,0
4.8511624,3.7479219,-2.1382043,0.89475667,-0.09210223,-0.43695235,0
4.4917974,-4.448267,-1.4254193,0.89475667,-0.09210223,-0.43695235,0
-4.4603796,-2.0839968,2.6589472,-0.89475667,0.09210223,0.43695235,0
4.3104467,4.8018098,-3.1170926,0.15421551,0.98202908,0.10879502,0
2.7798169,-4.9685044,-4.6471829,-0.15421551,-0.98202908,-0.10879502,0
2.9678307,4.8663292,-3.4917142,0.15421551,0.98202908,0.10879502,0
4.9668541,4.2765226,-0.80314684,0.15421551,0.98202908,0.10879502,0
4.7843761,-0.22650898,-1.3467126,0.89475667,-0.09210223,-0.43695235,0
4.6456871,1.3507929,-2.3499317,0.89475667,-0.09210223,-0.43695235,0
1.5775435,2.814836,-3.6441026,-0.41907978,0.16472983,-0.89288074,0
-0.79739523,5.4044681,-1.3280182,0.15421551,0.98202908,0.10879502,0
2.6713915,-5.4962683,-0.58722925,-0.15421551,-0.98202908,-0.10879502,0
1.7269921,4.5930195,1.5330447,0.15421551,0.98202908,0.10879502,0
-3.8083515,-2.5302572,4.3870173,-0.89475667,0.09210223,0.43695235,0
-6.1517596,-3.0934894,-0.87127423,-0.41907978,0.16472983,-0.89288074,0
-4.2641654,1.6184151,2.1402311,-0.89475667,0.09210223,0.43695235,0
-1.3862884,2.0106776,-2.5486572,-0.41907978,0.16472983,-0.89288074,0
-5.0835466,3.6151018,0.42182255,-0.89475667,0.09210223,0.43695235,0
2.5787661,1.2974241,2.4976833,0.41907978,-0.16472983,0.89288074,0
5.5424018,-1.7052794,0.61746645,0.41907978,-0.16472983,0.89288074,0
-1.0607631,3.028388,-2.4905694,-0.41907978,0.16472983,-0.89288074,0
0.16868284,0.69046593,3.6173244,0.41907978,-0.16472983,0.89288074,0
-4.4462099,-4.5697432,0.084125757,-0.15421551,-0.98202908,-0.10879502,0
5.0801091,4.2854996,-1.6916883,0.15421551,0.98202908,0.10879502,0
-5.06497,-4.0286608,-1.0640794,-0.15421551,-0.98202908,-0.10879502,0
3.9260831,-1.8306468,1.2904241,0.41907978,-0.16472983,0.89288074,0
1.4499769,4.4997869,2.3888912,0.15421551,0.98202908,0.10879502,0
4.8565946,-1.9871509,-0.68351793,0.89475667,-0.09210223,-0.43695235,0
-3.8577013,3.9105086,3.0005178,-0.89475667,0.09210223,0.43695235,0
-2.5357957,3.6961017,-1.4165854,-0.41907978,0.16472983,-0.89288074,0
3.5228276,-1.2798848,-3.5036569,0.89475667,-0.09210223,-0.43695235,0
5.2289634,-1.143775,-0.26219988,0.89475667,-0.09210223,-0.43695235,0
1.2019525,4.9150205,-0.61990511,0.15421551,0.98202908,0.10879502,0
2.3146529,-2.3257215,-4.9746399,-0.41907978,0.16472983,-0.89288074,0
0.69425249,5.208209,-2.2123742,0.15421551,0.98202908,0.10879502,0
0.74306202,4.4317999,-2.8181162,-0.41907978,0.16472983,-0.89288074,0
0.63489199,-4.9377213,-2.6608777,-0.15421551,-0.98202908,-0.10879502,0
4.7388315,4.0681481,1.608376,0.15421551,0.98202908,0.10879502,0
-4.6941295,3.1611423,1.1470008,-0.89475667,0.09210223,0.43695235,0
0.80460739,-5.2804799,1.262944,-0.15421551,-0.98202908,-0.10879502,0
-1.1127043,-4.9203115,0.50136542,-0.15421551,-0.98202908,-0.10879502,0
-1.0137124,-5.0256805,1.1636012,-0.15421551,-0.98202908,-0.10879502,0
3.9199331,2.4634452,1.7767818,0.41907978,-0.16472983,0.89288074,0
2.1353483,-5.2671766,-2.8118343,-0.15421551,-0.98202908,-0.10879502,0
-0.97329211,2.1545324,-2.5638287,-0.41907978,0.16472983,-0.89288074,0
-1.0972641,-4.9106302,-1.2679187,-0.15421551,-0.98202908,-0.10879502,0
1.4858776,2.8782597,3.1578202,0.41907978,-0.16472983,0.89288074,0
-1.9709574,0.11821413,-2.4822998,-0.41907978,0.16472983,-0.89288074,0
3.2459853,4.7344885,-2.5135751,0.15421551,0.98202908,0.10879502,0
-5.2211928,-4.1102338,-1.7949355,-0.41907978,0.16472983,-0.89288074,0
-2.8190341,4.6052508,4.4040003,-0.89475667,0.09210223,0.43695235,0
-4.4302988,-0.45485067,2.8546538,-0.89475667,0.09210223,0.43695235,0
1.9028751,0.024672985,2.5973854,0.41907978,-0.16472983,0.89288074,0
-3.6734958,5.5312986,0.063113689,0.15421551,0.98202908,0.10879502,0
-1.8897128,-4.3698645,-2.7426629,-0.15421551,-0.98202908,-0.10879502,0
2.088722,4.6766834,-0.42113793,0.15421551,0.98202908,0.10879502,0
3.4141381,-0.97381926,-4.0312586,0.89475667,-0.09210223,-0.43695235,0
1.6674446,0.95078373,-4.0040779,-0.41907978,0.16472983,-0.89288074,0
1.5668769,-5.4369416,0.064186573,-0.15421551,-0.98202908,-0.10879502,0
3.5269265,0.52286196,-4.2989807,0.89475667,-0.09210223,-0.43695235,0
2.9234643,1.8989377,-4.2228632,-0.41907978,0.16472983,-0.89288074,0
1.3844573,3.0035367,3.2646899,0.41907978,-0.16472983,0.89288074,0
-5.5500031,-1.8809708,0.35179043,-0.89475667,0.09210223,0.43695235,0
4.4162517,1.3030453,-2.4867339,0.89475667,-0.09210223,-0.43695235,0
4.4227409,4.2017875,0.070221663,0.15421551,0.98202908,0.10879502,0
-2.8221116,3.4054353,4.7005854,-0.89475667,0.09210223,0.43695235,0
5.0848837,2.4845371,-1.2055044,0.89475667,-0.09210223,-0.43695235,0
-2.9621432,-2.6567948,-2.3329854,-0.41907978,0.16472983,-0.89288074,0
-5.1871786,-4.3288898,1.8049152,-0.89475667,0.09210223,0.43695235,0
3.9529078,3.7212029,-3.6837089,0.89475667,-0.09210223,-0.43695235,0
3.6725459,4.4987764,-1.3152035,0.15421551,0.98202908,0.10879502,0
-3.4701252,5.4557714,1.5918665,0.15421551,0.98202908,0.10879502,0
2.3478229,4.6500711,2.3335454,0.15421551,0.98202908,0.10879502,0
-3.1178999,-4.4664044,-1.9682686,-0.15421551,-0.98202908,-0.10879502,0
-2.7309637,-4.9511795,3.7726865,-0.15421551,-0.98202908,-0.10879502,0
-0.48963261,5.3989453,-1.4174037,0.15421551,0.98202908,0.10879502,0
2.5732937,-4.8200464,1.3025131,0.41907978,-0.16472983,0.89288074,0
4.8612752,-3.9676819,-0.6819005,0.89475667,-0.09210223,-0.43695235,0
-3.5009055,4.9079003,3.2364507,-0.89475667,0.09210223,0.43695235,0
1.781126,4.3179488,3.2502365,0.15421551,0.98202908,0.10879502,0
-4.117712,1.6364195,2.419796,-0.89475667,0.09210223,0.43695235,0
1.8781452,-4.8978791,-3.5060863,-0.15421551,-0.98202908,-0.10879502,0
-3.5521603,2.706995,3.3175154,-0.89475667,0.09210223,0.43695235,0
2.9373488,-4.1864352,1.374764,0.41907978,-0.16472983,0.89288074,0
3.6949384,3.9767737,-4.5577831,-0.41907978,0.16472983,-0.89288074,0
-0.77923584,5.3275137,-0.26575041,0.15421551,0.98202908,0.10879502,0
4.4339323,-5.3957267,0.41554594,0.41907978,-0.16472983,0.89288074,0
3.594244,-5.3888092,-2.579802,-0.15421551,-0.98202908,-0.10879502,0
3.6163018,4.5953679,-2.4057198,0.15421551,0.98202908,0.10879502,0
1.5202894,4.7838345,-1.1567569,0.15421551,0.98202908,0.10879502,0
5.536932,-3.618783,0.21072483,0.89475667,-0.09210223,-0.43695235,0
3.383203,-0.62740469,-4.6875811,0.89475667,-0.09210223,-0.43695235,0
0.17605925,0.55873919,3.168117,0.41907978,-0.16472983,0.89288074,0
3.2157214,4.8681326,-2.1262269,0.15421551,0.98202908,0.10879502,0
-4.1283059,-0.57291114,-1.5910602,-0.41907978,0.16472983,-0.89288074,0
1.0366483,-3.9279456,2.0670543,0.41907978,-0.16472983,0.89288074,0
5.1787043,-4.0615025,-0.15678883,0.89475667,-0.09210223,-0.43695235,0
-4.2869015,5.6209078,1.6728721,-0.89475667,0.09210223,0.43695235,0
5.1046071,1.5530908,-1.670248,0.89475667,-0.09210223,-0.43695235,0
-2.654695,-4.9296741,1.7392538,-0.15421551,-0.98202908,-0.10879502,0
2.9032793,-1.9717115,1.4344738,0.41907978,-0.16472983,0.89288074,0
-2.821665,-4.8205562,1.8829974,-0.15421551,-0.98202908,-0.10879502,0
-4.6446056,5.2942038,1.1272874,-0.89475667,0.09210223,0.43695235,0
3.5862443,4.7307415,-2.1647339,0.15421551,0.98202908,0.10879502,0
5.7536502,0.92108852,0.047812939,0.89475667,-0.09210223,-0.43695235,0
3.2583306,1.8067236,-4.401144,-0.41907978,0.16472983,-0.89288074,0
0.90868533,0.29619265,-3.9085331,-0.41907978,0.16472983,-0.89288074,0
-5.6505742,-0.3314625,0.39079714,-0.89475667,0.09210223,0.43695235,0
-1.7890534,-4.9717803,1.5234656,-0.15421551,-0.98202908,-0.10879502,0
4.6000738,-0.8358494,-1.897634,0.89475667,-0.09210223,-0.43695235,0
-4.3841257,-4.3647957,-1.2838364,-0.15421551,-0.98202908,-0.10879502,0
-3.6428411,3.4041398,3.0935831,-0.89475667,0.09210223,0.43695235,0
-5.6093302,-1.6375511,-0.92942953,-0.41907978,0.16472983,-0.89288074,0
5.1444778,-2.0775738,-0.86509609,0.89475667,-0.09210223,-0.43695235,0
-2.1461921,1.5695388,-2.1670794,-0.41907978,0.16472983,-0.89288074,0
-4.4725924,0.87549388,2.18505,-0.89475667,0.09210223,0.43695235,0
-1.9613438,-4.5598822,3.2624815,0.41907978,-0.16472983,0.89288074,0
-5.0017343,-1.1501037,1.7610679,-0.89475667,0.09210223,0.43695235,0
-1.6921704,-4.7294259,-2.6157501,-0.15421551,-0.98202908,-0.10879502,0
-6.0826807,-0.68802458,-0.65712881,-0.89475667,0.09210223,0.43695235,0
3.2698522,-5.4566212,0.99160147,0.41907978,-0.16472983,0.89288074,0
-3.6210895,3.4425092,3.0905828,-0.89475667,0.09210223,0.43695235,0
3.5139256,-0.20416212,-4.4659338,0.89475667,-0.09210223,-0.43695235,0
2.9804397,4.9093976,-3.9913011,0.15421551,0.98202908,0.10879502,0
-4.9718075,5.7769284,0.10781765,-0.89475667,0.09210223,0.43695235,0
-0.6896081,5.4169512,-1.6914378,0.15421551,0.98202908,0.10879502,0
-1.3383482,4.9553618,4.1080036,0.15421551,0.98202908,0.10879502,0
3.1012967,2.3954363,-4.515161,-0.41907978,0.16472983,-0.89288074,0
3.4550211,4.3002234,1.2986358,0.15421551,0.98202908,0.10879502,0
1.0066683,-4.8694191,-1.7892098,-0.15421551,-0.98202908,-0.10879502,0
-5.1394286,2.8649909,0.40434074,-0.89475667,0.09210223,0.43695235,0
3.8604946,-1.1979539,-3.7232308,0.89475667,-0.09210223,-0.43695235,0
0.99913049,2.1005025,-3.5574021,-0.41907978,0.16472983,-0.89288074,0
5.1480851,0.13050187,-1.0100741,0.89475667,-0.09210223,-0.43695235,0
6.3203616,1.6537164,0.79267263,0.41907978,-0.16472983,0.89288074,0
-0.69946718,-3.567024,-3.4957156,-0.41907978,0.16472983,-0.89288074,0
3.3397176,-3.8427036,-3.7530565,0.89475667,-0.09210223,-0.43695235,0
-2.5140653,-2.1592598,3.9461083,0.41907978,-0.16472983,0.89288074,0
3.069551,0.30876923,-4.6668081,-0.41907978,0.16472983,-0.89288074,0
-4.3505464,1.015741,2.526051,-0.89475667,0.09210223,0.43695235,0
-1.0437617,-5.0213585,2.2539151,-0.15421551,-0.98202908,-0.10879502,0
-1.0788546,4.8370128,-1.978413,-0.41907978,0.16472983,-0.89288074,0
-3.1779575,5.2093363,-1.0682726,-0.41907978,0.16472983,-0.89288074,0
2.8995333,5.0454741,-2.0296066,0.15421551,0.98202908,0.10879502,0
-3.1450791,-1.5183711,4.654345,0.41907978,-0.16472983,0.89288074,0
4.4820528,4.9163923,-3.608211,0.89475667,-0.09210223,-0.43695235,0
2.1180677,-5.2414293,-0.98464537,-0.15421551,-0.98202908,-0.10879502,0
-4.3048487,-4.1866951,-0.88074243,-0.15421551,-0.98202908,-0.10879502,0
2.1510599,4.7214618,1.8037667,0.15421551,0.98202908,0.10879502,0
-3.3294182,-0.20379591,4.5332756,-0.89475667,0.09210223,0.43695235,0
0.22851562,-4.8197899,-1.7768362,-0.15421551,-0.98202908,-0.10879502,0
-5.1153421,1.7717638,0.29775953,-0.89475667,0.09210223,0.43695235,0
3.8570886,3.9124684,-4.3568354,-0.41907978,0.16472983,-0.89288074,0
2.1349401,2.6321621,2.9441395,0.41907978,-0.16472983,0.89288074,0
4.5240917,-4.6412458,-1.2506676,0.89475667,-0.09210223,-0.43695235,0
2.4767792,-5.0267758,-3.9519968,-0.15421551,-0.98202908,-0.10879502,0
2.9473455,-5.4830952,-1.7068062,-0.15421551,-0.98202908,-0.10879502,0
-2.3716817,0.88140345,4.6212716,0.41907978,-0.16472983,0.89288074,0
-0.35378957,1.8915756,-2.8852127,-0.41907978,0.16472983,-0.89288074,0
-0.66969299,-5.1641665,1.137599,-0.15421551,-0.98202908,-0.10879502,0
-4.9042788,4.7001276,0.76514721,-0.89475667,0.09210223,0.43695235,0
0.40012366,-0.094372749,-3.4815059,-0.41907978,0.16472983,-0.89288074,0
4.3562188,1.84975,-3.1312423,0.89475667,-0.09210223,-0.43695235,0
0.5596118,0.050765753,3.2794905,0.41907978,-0.16472983,0.89288074,0
4.6351414,-0.518659,-1.8588333,0.89475667,-0.09210223,-0.43695235,0
-0.77902126,-5.1334271,1.5436583,-0.15421551,-0.98202908,-0.10879502,0
-4.2174215,4.0388861,1.5176811,-0.89475667,0.09210223,0.43695235,0
-4.4764338,-2.8511355,2.9277067,-0.89475667,0.09210223,0.43695235,0
5.5248327,4.2889733,-1.0763144,0.15421551,0.98202908,0.10879502,0
-5.1349564,-1.320796,1.4322162,-0.89475667,0.09210223,0.43695235,0
-5.6769958,-4.0545044,-0.86034536,-0.15421551,-0.98202908,-0.10879502,0
1.7000313,-3.1933079,1.988947,0.41907978,-0.16472983,0.89288074,0
2.6710446,4.6676831,-0.29722476,0.15421551,0.98202908,0.10879502,0
2.1274629,2.3528948,-4.1158686,-0.41907978,0.16472983,-0.89288074,0
-2.0287721,-2.1702044,-2.6060176,-0.41907978,0.16472983,-0.89288074,0
3.5351458,-3.4668126,-3.7971425,0.89475667,-0.09210223,-0.43695235,0
-5.8013082,-1.633144,-0.19752073,-0.89475667,0.09210223,0.43695235,0
-1.8422742,1.8086507,4.3728714,0.41907978,-0.16472983,0.89288074,0
2.4039745,4.2401147,2.733485,0.15421551,0.98202908,0.10879502,0
4.1862068,4.6441674,-1.1158186,0.15421551,0.98202908,0.10879502,0
-2.5152986,4.0189714,5.1746302,-0.89475667,0.09210223,0.43695235,0
-3.7378395,5.2460647,2.3548751,0.15421551,0.98202908,0.10879502,0
-3.9838548,-0.039137363,3.0487852,-0.89475667,0.09210223,0.43695235,0
3.3559623,0.66945159,2.0118809,0.41907978,-0.16472983,0.89288074,0
-2.4624681,4.7449579,5.3423877,-0.89475667,0.09210223,0.43695235,0
-4.2257028,1.2287045,2.2410617,-0.89475667,0.09210223,0.43695235,0
-0.31157479,1.8376989,3.9814782,0.41907978,-0.16472983,0.89288074,0
-3.49154,-0.1579051,4.4471512,-0.89475667,0.09210223,0.43695235,0
4.0062943,4.5340114,-4.4242368,0.89475667,-0.09210223,-0.43695235,0
4.0912895,4.3852015,2.289927,0.15421551,0.98202908,0.10879502,0
3.0404251,-5.290967,-4.2777205,-0.15421551,-0.98202908,-0.10879502,0
-5.467483,-4.2861891,1.375952,-0.89475667,0.09210223,0.43695235,0
-3.6327846,2.2949598,3.9256792,-0.89475667,0.09210223,0.43695235,0
-5.1966066,-4.2850857,1.6312518,-0.15421551,-0.98202908,-0.10879502,0
-4.7084165,-4.2140555,-1.6156971,-0.15421551,-0.98202908,-0.10879502,0
-4.9560456,1.0994976,-0.81793833,-0.41907978,0.16472983,-0.89288074,0
3.1498039,4.9610438,-1.4816536,0.15421551,0.98202908,0.10879502,0
4.9022093,-4.7948461,-0.51007175,0.89475667,-0.09210223,-0.43695235,0
-5.4709768,0.76971579,0.36682367,-0.89475667,0.09210223,0.43695235,0
-3.0446568,5.5617838,-0.21135473,0.15421551,0.98202908,0.10879502,0
1.8415489,4.8912487,-1.3249193,0.15421551,0.98202908,0.10879502,0
-4.0872693,2.336108,2.9796109,-0.89475667,0.09210223,0.43695235,0
-3.6709499,4.6893902,-0.58685303,-0.41907978,0.16472983,-0.89288074,0
-1.6612077,-5.0109377,2.7810247,-0.15421551,-0.98202908,-0.10879502,0
-4.0946164,-2.0704668,3.6723604,-0.89475667,0.09210223,0.43695235,0
5.6027102,4.1159749,-1.0811033,0.89475667,-0.09210223,-0.43695235,0
-4.7282181,0.68244863,1.9668665,-0.89475667,0.09210223,0.43695235,0
-5.3330688,1.7249078,-0.25036287,-0.89475667,0.09210223,0.43695235,0
4.0101786,4.587678,-2.6218715,0.15421551,0.98202908,0.10879502,0
-5.6236806,-3.1506145,0.18515873,-0.89475667,0.09210223,0.43695235,0
5.1110053,4.3385711,-0.32749033,0.15421551,0.98202908,0.10879502,0
3.1486578,-5.4062176,1.0565233,0.41907978,-0.16472983,0.89288074,0
5.9409695,2.3843281,0.22880936,0.89475667,-0.09210223,-0.43695235,0
4.3028145,1.4049429,1.7379867,0.41907978,-0.16472983,0.89288074,0
5.2918944,4.5581241,-1.0662742,0.15421551,0.98202908,0.10879502,0
5.1401281,-4.6219816,-0.1221118,0.89475667,-0.09210223,-0.43695235,0
1.4406495,4.7914877,-3.0678897,-0.41907978,0.16472983,-0.89288074,0
-4.7303481,0.87358069,1.7592654,-0.89475667,0.09210223,0.43695235,0
-6.004765,-1.161322,-0.89928055,-0.89475667,0.09210223,0.43695235,0
0.7824111,4.5821767,2.2764306,0.15421551,0.98202908,0.10879502,0
3.4607162,0.044365525,1.7007565,0.41907978,-0.16472983,0.89288074,0
-5.0402951,1.0011685,1.355289,-0.89475667,0.09210223,0.43695235,0
1.4896617,4.8854952,0.9729991,0.15421551,0.98202908,0.10879502,0
-5.5851197,-2.9002876,0.75179148,-0.89475667,0.09210223,0.43695235,0
-3.7902651,-4.7605529,1.9393587,-0.15421551,-0.98202908,-0.10879502,0
-0.73384571,5.3303189,-0.20818567,0.15421551,0.98202908,0.10879502,0
4.53197,2.4658873,-2.9068346,0.89475667,-0.09210223,-0.43695235,0
-5.3707242,-4.2484961,0.89712477,-0.89475667,0.09210223,0.43695235,0
-3.7959633,5.6098886,-0.70981884,-0.41907978,0.16472983,-0.89288074,0
-4.470221,-4.0979843,-1.4721662,-0.15421551,-0.98202908,-0.10879502,0
-1.1380405,4.9436026,1.1147289,0.15421551,0.98202908,0.10879502,0
-4.1330161,-1.4555175,3.4265618,-0.89475667,0.09210223,0.43695235,0
-0.35192823,-2.6904316,2.9440908,0.41907978,-0.16472983,0.89288074,0
3.5454383,-1.6417854,-3.70435,0.89475667,-0.09210223,-0.43695235,0
-1.8460144,-0.35933542,-2.6773486,-0.41907978,0.16472983,-0.89288074,0
-0.94273567,-5.1962004,2.0361679,-0.15421551,-0.98202908,-0.10879502,0
2.9544361,1.3543429,-4.387929,-0.41907978,0.16472983,-0.89288074,0
-5.5631928,1.9083227,-0.18949175,-0.89475667,0.09210223,0.43695235,0
5.5546041,3.7898345,-0.77470875,0.89475667,-0.09210223,-0.43695235,0
-4.3895159,-3.2024639,3.5336106,-0.89475667,0.09210223,0.43695235,0
4.4853582,4.5067577,-1.4993215,0.15421551,0.98202908,0.10879502,0
-0.66831684,5.3958735,-0.30223441,0.15421551,0.98202908,0.10879502,0
2.4388299,-5.4664297,0.50543213,-0.15421551,-0.98202908,-0.10879502,0
4.9708958,2.8482394,-2.0946341,0.89475667,-0.09210223,-0.43695235,0
5.3600378,4.3363247,0.63101506,0.15421551,0.98202908,0.10879502,0
3.324142,4.4706535,2.2048235,0.15421551,0.98202908,0.10879502,0
3.4638162,-2.8068423,1.0887046,0.41907978,-0.16472983,0.89288074,0
-4.3150578,4.5825872,-0.48135138,-0.41907978,0.16472983,-0.89288074,0
0.087412119,0.53465533,-3.4534943,-0.41907978,0.16472983,-0.89288074,0
-0.75102741,-2.223552,-3.5924368,-0.41907978,0.16472983,-0.89288074,0
-0.25060558,5.325038,-1.7242837,0.15421551,0.98202908,0.10879502,0
-1.9854699,0.35398436,4.3949509,0.41907978,-0.16472983,0.89288074,0
-3.3191967,3.4453776,-1.0576844,-0.41907978,0.16472983,-0.89288074,0
-2.4969902,5.4991174,0.15096951,0.15421551,0.98202908,0.10879502,0
2.8517513,4.6047573,2.100991,0.15421551,0.98202908,0.10879502,0
1.0877256,-1.3030372,-3.9436085,-0.41907978,0.16472983,-0.89288074,0
-4.3522234,4.9601359,1.2046409,-0.89475667,0.09210223,0.43695235,0
2.6004982,2.3218575,2.7552834,0.41907978,-0.16472983,0.89288074,0
0.71882057,-5.3300743,1.0391009,-0.15421551,-0.98202908,-0.10879502,0
2.5062141,4.4867134,1.8053533,0.15421551,0.98202908,0.10879502,0
-4.8357062,-1.3406214,1.9387732,-0.89475667,0.09210223,0.43695235,0
3.1795025,-3.600816,-3.7556496,0.89475667,-0.09210223,-0.43695235,0
5.3666887,-1.680656,-0.33691931,0.89475667,-0.09210223,-0.43695235,0
4.1445756,-3.6682115,-1.7707286,0.89475667,-0.09210223,-0.43695235,0
3.9649374,4.594193,-1.021801,0.15421551,0.98202908,0.10879502,0
1.9165734,-2.9570355,-4.9540529,-0.41907978,0.16472983,-0.89288074,0
-1.079123,-4.9904423,1.8213865,-0.15421551,-0.98202908,-0.10879502,0
2.6640623,-5.0953732,-2.9603715,-0.15421551,-0.98202908,-0.10879502,0
-5.9257669,-1.4986193,-0.57387924,-0.89475667,0.09210223,0.43695235,0
-1.8253965,5.4560795,1.095242,0.15421551,0.98202908,0.10879502,0
-4.4301434,1.0409076,2.0431137,-0.89475667,0.09210223,0.43695235,0
3.7246058,-2.8652983,-2.8757029,0.89475667,-0.09210223,-0.43695235,0
0.35897446,-5.3585453,1.9948851,-0.15421551,-0.98202908,-0.10879502,0
-0.64132166,5.2971749,-1.2468462,0.15421551,0.98202908,0.10879502,0
-3.9403081,-0.59689558,-1.6850696,-0.41907978,0.16472983,-0.89288074,0
5.616118,3.8630457,-0.6698308,0.89475667,-0.09210223,-0.43695235,0
1.782186,4.8157663,-1.3426869,0.15421551,0.98202908,0.10879502,0
4.3192244,-4.800889,-1.4746566,0.89475667,-0.09210223,-0.43695235,0
-3.6410928,4.9712963,2.7103639,-0.89475667,0.09210223,0.43695235,0
-4.0911217,-4.6016073,1.3874419,-0.15421551,-0.98202908,-0.10879502,0
-4.3643727,0.81004846,1.9064817,-0.89475667,0.09210223,0.43695235,0
3.6903706,-1.9030018,-3.6749215,0.89475667,-0.09210223,-0.43695235,0
1.5833471,2.9036341,-3.5482736,-0.41907978,0.16472983,-0.89288074,0
-2.5977504,0.60602713,-1.8633903,-0.41907978,0.16472983,-0.89288074,0
-5.796216,-2.860523,0.50317669,-0.89475667,0.09210223,0.43695235,0
0.23636889,-4.8357296,-2.5287752,-0.15421551,-0.98202908,-0.10879502,0
-0.024960995,-4.7523785,-2.0550022,-0.15421551,-0.98202908,-0.10879502,0
2.673666,3.321301,-3.9212832,-0.41907978,0.16472983,-0.89288074,0
-2.6534724,4.1713419,4.8698044,-0.89475667,0.09210223,0.43695235,0
3.6664407,5.0251884,-3.0952094,0.15421551,0.98202908,0.10879502,0
-3.2072778,3.5353618,4.2198687,-0.89475667,0.09210223,0.43695235,0
1.200737,3.9543927,-3.1361516,-0.41907978,0.16472983,-0.89288074,0
3.3522625,-4.0560608,-4.1116881,0.89475667,-0.09210223,-0.43695235,0
4.9355979,3.539361,1.8809654,0.41907978,-0.16472983,0.89288074,0
-4.0911045,1.2458549,2.9246507,-0.89475667,0.09210223,0.43695235,0
-1.8333354,5.0011668,1.9706001,0.15421551,0.98202908,0.10879502,0
-5.1681843,-1.2366568,1.5228739,-0.89475667,0.09210223,0.43695235,0
-3.7312796,4.2956114,-0.79656935,-0.41907978,0.16472983,-0.89288074,0
4.6677127,1.2977777,-2.0510831,0.89475667,-0.09210223,-0.43695235,0
5.6693821,-0.39232707,0.29074001,0.89475667,-0.09210223,-0.43695235,0
5.7814784,-0.27632934,0.65934372,0.89475667,-0.09210223,-0.43695235,0
4.2769346,-3.6461623,-2.0291772,0.89475667,-0.09210223,-0.43695235,0
0.12760019,-4.9324751,2.5778129,0.41907978,-0.16472983,0.89288074,0
5.195241,1.5015104,-1.025023,0.89475667,-0.09210223,-0.43695235,0
4.9594293,-1.2895322,0.64210129,0.41907978,-0.16472983,0.89288074,0
1.2804637,-5.022779,-3.2346539,-0.15421551,-0.98202908,-0.10879502,0
-4.3373694,-1.0243931,3.1452379,-0.89475667,0.09210223,0.43695235,0
-2.8653545,-5.0932784,3.770154,0.41907978,-0.16472983,0.89288074,0
3.1424675,4.8460851,-0.63898993,0.15421551,0.98202908,0.10879502,0
2.5257802,3.0098777,2.8217144,0.41907978,-0.16472983,0.89288074,0
3.6570995,4.8155413,-4.2894936,-0.41907978,0.16472983,-0.89288074,0
-2.9118633,3.2973895,4.7460356,-0.89475667,0.09210223,0.43695235,0
-0.61112309,3.2990992,-2.677094,-0.41907978,0.16472983,-0.89288074,0
-0.57366776,-4.7369051,-2.2040961,-0.15421551,-0.98202908,-0.10879502,0
0.9553445,-0.11832929,3.0310464,0.41907978,-0.16472983,0.89288074,0
-2.6984739,5.574729,1.0616789,0.15421551,0.98202908,0.10879502,0
-3.1546636,-4.6765327,0.040263355,-0.15421551,-0.98202908,-0.10879502,0
-5.3210778,-4.404109,0.9912231,-0.15421551,-0.98202908,-0.10879502,0
0.37256169,4.4829841,3.3150537,0.15421551,0.98202908,0.10879502,0
-5.2488403,-3.0178151,-1.5158567,-0.41907978,0.16472983,-0.89288074,0
3.6075082,-1.9383998,-3.9568453,0.89475667,-0.09210223,-0.43695235,0
-3.6406538,2.5515752,-1.4014552,-0.41907978,0.16472983,-0.89288074,0
0.21064663,-5.283524,1.2604934,-0.15421551,-0.98202908,-0.10879502,0
2.1849456,1.8850508,2.8104205,0.41907978,-0.16472983,0.89288074,0
3.3757644,-0.74586391,-4.3429332,0.89475667,-0.09210223,-0.43695235,0
5.5212088,2.5531688,-0.26371384,0.89475667,-0.09210223,-0.43695235,0
2.1610866,5.1272602,-2.4599166,0.15421551,0.98202908,0.10879502,0
5.1749349,1.567764,-1.525722,0.89475667,-0.09210223,-0.43695235,0
5.0384579,1.3210835,-1.3149042,0.89475667,-0.09210223,-0.43695235,0
4.9103742,4.1802816,1.6662931,0.15421551,0.98202908,0.10879502,0
-2.2633381,-4.9508309,3.2907541,-0.15421551,-0.98202908,-0.10879502,0
-0.20906901,-4.6803102,-2.8197672,-0.15421551,-0.98202908,-0.10879502,0
-3.6451578,2.6382029,3.1123929,-0.89475667,0.09210223,0.43695235,0
-1.7548125,-3.6332707,-3.1629472,-0.41907978,0.16472983,-0.89288074,0
-5.7304811,-2.9491901,-1.1208735,-0.41907978,0.16472983,-0.89288074,0
1.6003463,4.5430441,2.0710454,0.15421551,0.98202908,0.10879502,0
-0.2593264,0.36002874,3.4284925,0.41907978,-0.16472983,0.89288074,0
-5.6281133,2.1958189,-0.18567562,-0.89475667,0.09210223,0.43695235,0
-5.1086636,1.5035325,0.4030633,-0.89475667,0.09210223,0.43695235,0
4.0588565,-5.5101819,0.56554556,0.41907978,-0.16472983,0.89288074,0
-4.3337917,4.7709255,1.99123,-0.89475667,0.09210223,0.43695235,0
-4.7975101,-4.1297269,2.181493,-0.89475667,0.09210223,0.43695235,0
1.6046869,3.1231711,3.3671107,0.41907978,-0.16472983,0.89288074,0
3.6251206,4.5006967,0.93673551,0.15421551,0.98202908,0.10879502,0
5.6605859,1.0434257,-0.19802284,0.89475667,-0.09210223,-0.43695235,0
4.4305744,-1.8433411,-2.2628512,0.89475667,-0.09210223,-0.43695235,0
2.5751736,3.5288155,-3.7057481,-0.41907978,0.16472983,-0.89288074,0
-2.0392766,5.2004128,1.1721697,0.15421551,0.98202908,0.10879502,0
-3.7785759,-2.1756406,4.5014887,-0.89475667,0.09210223,0.43695235,0
2.0053012,-5.0531855,-1.8518748,-0.15421551,-0.98202908,-0.10879502,0
-4.2283635,3.5169587,2.0845942,-0.89475667,0.09210223,0.43695235,0
-0.69777405,0.25708818,3.747426,0.41907978,-0.16472983,0.89288074,0
-0.39853457,-1.2040489,-3.3293881,-0.41907978,0.16472983,-0.89288074,0
1.4934163,5.0996208,-2.5578363,0.15421551,0.98202908,0.10879502,0
-4.5627317,-4.4064054,-0.24805856,-0.15421551,-0.98202908,-0.10879502,0
2.5034335,-5.2229238,-1.0108933,-0.15421551,-0.98202908,-0.10879502,0
4.5373263,0.30189574,-1.8286281,0.89475667,-0.09210223,-0.43695235,0
-0.28810501,5.0772762,0.47208452,0.15421551,0.98202908,0.10879502,0
-5.7893734,-2.2648587,0.11287403,-0.89475667,0.09210223,0.43695235,0
-4.3385172,-3.5694547,2.9554417,-0.89475667,0.09210223,0.43695235,0
0.55724287,-5.4430079,1.5444875,-0.15421551,-0.98202908,-0.10879502,0
1.0644414,-4.6797981,-4.0307422,-0.15421551,-0.98202908,-0.10879502,0
0.99537253,4.8031402,0.55362368,0.15421551,0.98202908,0.10879502,0
1.1655254,3.7055652,3.4929516,0.41907978,-0.16472983,0.89288074,0
-4.9901752,3.3834615,0.40655088,-0.89475667,0.09210223,0.43695235,0
1.1342001,4.6500115,1.205327,0.15421551,0.98202908,0.10879502,0
-3.0211926,-2.904146,-2.2636116,-0.41907978,0.16472983,-0.89288074,0
1.2668171,-5.2118225,0.86758399,-0.15421551,-0.98202908,-0.10879502,0
-0.10639238,-4.9918098,-0.32383013,-0.15421551,-0.98202908,-0.10879502,0
1.4665782,-4.8184609,-3.514431,-0.15421551,-0.98202908,-0.10879502,0
-4.0928769,1.2278676,2.8365688,-0.89475667,0.09210223,0.43695235,0
-0.66767454,-2.6527257,-3.557559,-0.41907978,0.16472983,-0.89288074,0
-0.023182392,-5.3567638,1.5001506,-0.15421551,-0.98202908,-0.10879502,0
0.030050516,4.1868086,4.1512814,0.41907978,-0.16472983,0.89288074,0
-4.4760885,-2.5962849,2.7605417,-0.89475667,0.09210223,0.43695235,0
-1.9917268,-1.1203208,3.9964514,0.41907978,-0.16472983,0.89288074,0
-5.5759315,0.96317083,-0.20971441,-0.89475667,0.09210223,0.43695235,0
0.11952758,4.6446738,2.2136309,0.15421551,0.98202908,0.10879502,0
4.0349026,2.9532399,-3.9820533,0.89475667,-0.09210223,-0.43695235,0
2.9537718,3.1383538,-4.319747,-0.41907978,0.16472983,-0.89288074,0
-2.7046978,-4.5611124,0.21794745,-0.15421551,-0.98202908,-0.10879502,0
-2.5403514,5.178988,3.9007316,0.15421551,0.98202908,0.10879502,0
1.2207882,-1.6154416,-4.2954397,-0.41907978,0.16472983,-0.89288074,0
1.1913776,-4.7758875,1.7427235,0.41907978,-0.16472983,0.89288074,0
0.60942626,1.0910709,-3.3626661,-0.41907978,0.16472983,-0.89288074,0
3.8245869,-1.5231788,-3.4676366,0.89475667,-0.09210223,-0.43695235,0
-1.2841954,4.3791256,-1.8648045,-0.41907978,0.16472983,-0.89288074,0
-2.0768237,-4.4891052,-2.9778144,-0.15421551,-0.98202908,-0.10879502,0
4.6455054,4.486496,-0.53387141,0.15421551,0.98202908,0.10879502,0
-0.70070863,-1.583235,-3.1365042,-0.41907978,0.16472983,-0.89288074,0
0.34817696,-5.0160046,-1.7420316,-0.15421551,-0.98202908,-0.10879502,0
2.7730336,4.6531711,-0.05069235,0.15421551,0.98202908,0.10879502,0
-1.8931072,1.3836417,-2.006269,-0.41907978,0.16472983,-0.89288074,0
0.49883485,-3.8566453,-4.2029133,-0.41907978,0.16472983,-0.89288074,0
2.6423945,-3.1839547,1.5049081,0.41907978,-0.16472983,0.89288074,0
3.2131875,-0.33965302,-4.5610957,0.89475667,-0.09210223,-0.43695235,0
4.8192215,4.4161596,0.86961329,0.15421551,0.98202908,0.10879502,0
-0.83673096,5.3806639,-2.1531525,-0.41907978,0.16472983,-0.89288074,0
-0.29502583,5.4000368,-1.7101798,0.15421551,0.98202908,0.10879502,0
1.7016425,2.5701084,2.9388986,0.41907978,-0.16472983,0.89288074,0
-3.0309038,-3.8539507,-2.6683767,-0.41907978,0.16472983,-0.89288074,0
-2.6896734,5.1249914,3.472259,0.15421551,0.98202908,0.10879502,0
0.89783382,4.6893616,3.5839596,0.15421551,0.98202908,0.10879502,0
1.3169601,4.8897367,0.9954567,0.15421551,0.98202908,0.10879502,0
-5.3822832,-0.63489074,0.52775335,-0.89475667,0.09210223,0.43695235,0
-0.64391685,0.41829729,-2.8050559,-0.41907978,0.16472983,-0.89288074,0
3.0882611,-0.38691175,1.6299684,0.41907978,-0.16472983,0.89288074,0
-1.2567477,5.3576641,0.75084829,0.15421551,0.98202908,0.10879502,0
1.9348049,4.9533072,-0.072014272,0.15421551,0.98202908,0.10879502,0
-3.574085,-1.1752962,-1.7595203,-0.41907978,0.16472983,-0.89288074,0
1.9893656,-4.9072795,-3.7930546,-0.15421551,-0.98202908,-0.10879502,0
-3.5933647,-4.3268223,-2.0367661,-0.15421551,-0.98202908,-0.10879502,0
1.9690042,-5.4960361,-0.77255535,-0.15421551,-0.98202908,-0.10879502,0
-3.7748997,4.444581,2.5390787,-0.89475667,0.09210223,0.43695235,0
-3.8800678,5.7969494,0.41615009,0.15421551,0.98202908,0.10879502,0
-4.3591881,3.6983163,-0.63519955,-0.41907978,0.16472983,-0.89288074,0
-1.3371439,-3.2026439,3.4649673,0.41907978,-0.16472983,0.89288074,0
-2.3125923,-0.98073959,4.2548018,0.41907978,-0.16472983,0.89288074,0
-0.3175211,-4.8703222,-0.6902566,-0.15421551,-0.98202908,-0.10879502,0
-4.2613373,3.1900613,2.360703,-0.89475667,0.09210223,0.43695235,0
6.2478485,2.608551,0.8461566,0.89475667,-0.09210223,-0.43695235,0
-3.6035419,4.1055737,3.3652053,-0.89475667,0.09210223,0.43695235,0
1.0393879,1.3834682,-3.4121208,-0.41907978,0.16472983,-0.89288074,0
-4.1301289,-3.0460839,3.2226229,-0.89475667,0.09210223,0.43695235,0
-4.0939913,-0.86604476,3.3945563,-0.89475667,0.09210223,0.43695235,0
-4.2230272,-0.34854615,-1.2479506,-0.41907978,0.16472983,-0.89288074,0
-2.75664,1.6235452,5.0199671,0.41907978,-0.16472983,0.89288074,0
4.4396315,-4.7130637,-1.4650116,0.89475667,-0.09210223,-0.43695235,0
2.5829201,-5.3620801,-0.12519741,-0.15421551,-0.98202908,-0.10879502,0
-5.2091942,2.2354465,-0.64767313,-0.41907978,0.16472983,-0.89288074,0
0.7923063,3.460706,3.6389832,0.41907978,-0.16472983,0.89288074,0
-3.0456858,1.1785884,4.8386517,-0.89475667,0.09210223,0.43695235,0
0.52066743,0.46791697,-3.5964446,-0.41907978,0.16472983,-0.89288074,0
-2.8867631,5.352747,1.347908,0.15421551,0.98202908,0.10879502,0
4.5813971,3.6294303,-2.8142049,0.89475667,-0.09210223,-0.43695235,0
-2.978512,-2.7834656,-2.640892,-0.41907978,0.16472983,-0.89288074,0
-4.5923815,-1.5988432,1.9856236,-0.89475667,0.09210223,0.43695235,0
0.80836296,4.5760765,2.2666693,0.15421551,0.98202908,0.10879502,0
-4.5295324,-4.3950429,0.53848982,-0.15421551,-0.98202908,-0.10879502,0
-0.78528333,3.0387535,4.4960985,0.41907978,-0.16472983,0.89288074,0
0.31358123,-4.758111,-3.6640797,-0.15421551,-0.98202908,-0.10879502,0
-2.6033244,5.4307413,1.917057,0.15421551,0.98202908,0.10879502,0
-4.5667686,2.9393239,1.8402681,-0.89475667,0.09210223,0.43695235,0
4.0177131,-1.5690682,-2.6346512,0.89475667,-0.09210223,-0.43695235,0
-3.8078043,5.5366735,1.5939913,0.15421551,0.98202908,0.10879502,0
-4.6068172,5.6247969,0.60207844,-0.89475667,0.09210223,0.43695235,0
4.1633658,2.3676939,-3.4205956,0.89475667,-0.09210223,-0.43695235,0
3.5726871,-1.3419175,-3.540072,0.89475667,-0.09210223,-0.43695235,0
-0.1234231,-5.0627661,-0.72540045,-0.15421551,-0.98202908,-0.10879502,0
-2.7862866,4.4285197,4.5707645,-0.89475667,0.09210223,0.43695235,0
1.4633508,-5.1274552,-0.83479071,-0.15421551,-0.98202908,-0.10879502,0
4.327806,-4.1778903,0.77219629,0.41907978,-0.16472983,0.89288074,0
1.755012,-0.85862827,-4.494813,-0.41907978,0.16472983,-0.89288074,0
2.0473278,-4.9653177,-5.1707163,-0.15421551,-0.98202908,-0.10879502,0
-3.7534311,4.4287176,2.3951526,-0.89475667,0.09210223,0.43695235,0
-4.9274707,-3.344835,2.4665546,-0.89475667,0.09210223,0.43695235,0
-4.2409778,-0.53733337,-1.6570497,-0.41907978,0.16472983,-0.89288074,0
4.4823303,-2.679986,-1.9221153,0.89475667,-0.09210223,-0.43695235,0
2.7056346,4.9568505,-1.1744468,0.15421551,0.98202908,0.10879502,0
-5.5009675,-4.1619821,0.87857366,-0.15421551,-0.98202908,-0.10879502,0
1.7444797,4.9109936,-1.0018785,0.15421551,0.98202908,0.10879502,0
3.7451942,-5.4575672,-1.1927476,-0.15421551,-0.98202908,-0.10879502,0
-2.9803195,-4.6602201,0.30913299,-0.15421551,-0.98202908,-0.10879502,0
5.0981297,3.7410989,-2.219564,0.89475667,-0.09210223,-0.43695235,0
-3.6030898,-1.7662046,-2.1455417,-0.41907978,0.16472983,-0.89288074,0
-1.260505,-4.6029234,-3.4138322,-0.15421551,-0.98202908,-0.10879502,0
5.9890456,4.2545466,-0.184762,0.89475667,-0.09210223,-0.43695235,0
-4.7050667,1.9620284,-0.95858955,-0.41907978,0.16472983,-0.89288074,0
3.2719107,-1.4295139,-4.8050327,0.89475667,-0.09210223,-0.43695235,0
-5.410574,0.58702052,0.40175343,-0.89475667,0.09210223,0.43695235,0
3.8007331,-3.0647104,-3.3273411,0.89475667,-0.09210223,-0.43695235,0
-3.9396482,-1.58253,3.6543024,-0.89475667,0.09210223,0.43695235,0
-2.8116655,-5.0975237,2.6119857,-0.15421551,-0.98202908,-0.10879502,0
5.27983,3.0390041,-0.84317279,0.89475667,-0.09210223,-0.43695235,0
4.689888,1.8872449,-1.8605442,0.89475667,-0.09210223,-0.43695235,0
-0.97423792,4.9318886,1.0867438,0.15421551,0.98202908,0.10879502,0
-2.1932349,5.1984816,2.9190869,0.15421551,0.98202908,0.10879502,0
4.0557175,4.6719589,-4.4450521,0.89475667,-0.09210223,-0.43695235,0
0.69630313,-4.9568005,-2.4138479,-0.15421551,-0.98202908,-0.10879502,0
2.5776629,-5.2688341,-0.30259085,-0.15421551,-0.98202908,-0.10879502,0
3.524529,2.4722769,2.32108,0.41907978,-0.16472983,0.89288074,0
-4.780262,2.8387241,1.273026,-0.89475667,0.09210223,0.43695235,0
-3.4015684,2.8283451,-1.3904243,-0.41907978,0.16472983,-0.89288074,0
3.0120969,4.2207708,2.2614393,0.15421551,0.98202908,0.10879502,0
3.8896878,3.6577764,-3.9833548,0.89475667,-0.09210223,-0.43695235,0
-4.6550131,4.990901,-0.35775471,-0.41907978,0.16472983,-0.89288074,0
4.6117897,-0.88954234,-1.405293,0.89475667,-0.09210223,-0.43695235,0
5.0544529,-2.6644444,-0.92630959,0.89475667,-0.09210223,-0.43695235,0
1.8627646,-5.0654783,-3.372076,-0.15421551,-0.98202908,-0.10879502,0
-2.2752142,5.2085295,2.8114634,0.15421551,0.98202908,0.10879502,0
4.7723804,2.9556746,1.8035721,0.41907978,-0.16472983,0.89288074,0
4.4139175,-1.2501631,-1.9890814,0.89475667,-0.09210223,-0.43695235,0
-4.0761156,0.075973034,3.0709367,-0.89475667,0.09210223,0.43695235,0
5.2999725,0.15161711,-0.34295273,0.89475667,-0.09210223,-0.43695235,0
1.5364964,1.1225319,-3.977545,-0.41907978,0.16472983,-0.89288074,0
-2.3094449,5.3782139,-0.44184351,0.15421551,0.98202908,0.10879502,0
0.45745564,-5.1707163,1.3804032,-0.15421551,-0.98202908,-0.10879502,0
4.3749857,2.9785836,-2.8515851,0.89475667,-0.09210223,-0.43695235,0
3.1288233,4.7068481,-2.326385,0.15421551,0.98202908,0.10879502,0
4.3560987,0.70660973,-2.8223581,0.89475667,-0.09210223,-0.43695235,0
-3.6621735,-0.78966331,3.7497065,-0.89475667,0.09210223,0.43695235,0
5.682395,3.0207522,-0.08669138,0.89475667,-0.09210223,-0.43695235,0
3.4501681,4.3761177,-4.0504875,-0.41907978,0.16472983,-0.89288074,0
-1.573415,-3.959312,3.2542095,0.41907978,-0.16472983,0.89288074,0
-1.9268551,5.2592182,2.4377985,0.15421551,0.98202908,0.10879502,0
-4.7751179,-2.2284417,2.4070356,-0.89475667,0.09210223,0.43695235,0
-1.5629854,4.7109585,4.9163508,0.41907978,-0.16472983,0.89288074,0
3.5138502,4.3339996,0.1242553,0.15421551,0.98202908,0.10879502,0
4.3529167,-5.0270691,-1.8373733,0.89475667,-0.09210223,-0.43695235,0
-0.46951437,5.0919862,-1.0964184,0.15421551,0.98202908,0.10879502,0
4.2542677,-0.62761426,-2.5762725,0.89475667,-0.09210223,-0.43695235,0
0.15821266,-5.5226035,2.3766735,-0.15421551,-0.98202908,-0.10879502,0
3.8838551,-4.4674873,-2.7857313,0.89475667,-0.09210223,-0.43695235,0
1.207963,-4.6655049,-3.9289613,-0.15421551,-0.98202908,-0.10879502,0
-0.053111792,-4.8615041,-2.6746581,-0.15421551,-0.98202908,-0.10879502,0
-5.3835478,1.1490734,-0.14842749,-0.89475667,0.09210223,0.43695235,0
-3.5798135,-0.44618416,3.9159832,-0.89475667,0.09210223,0.43695235,0
2.717591,-5.4351764,-1.9531994,-0.15421551,-0.98202908,-0.10879502,0
3.7638922,0.94501591,-3.9811552,0.89475667,-0.09210223,-0.43695235,0
4.9503288,-1.7158852,-0.54793358,0.89475667,-0.09210223,-0.43695235,0
-0.74315596,-4.6181431,-2.7716942,-0.15421551,-0.98202908,-0.10879502,0
0.25038517,-0.78957748,3.0024619,0.41907978,-0.16472983,0.89288074,0
-0.33888054,4.7907276,-2.4829016,-0.41907978,0.16472983,-0.89288074,0
0.13945055,-4.893095,2.5333436,0.41907978,-0.16472983,0.89288074,0
-1.8132167,5.511569,-1.1092119,0.15421551,0.98202908,0.10879502,0
-1.0725294,0.20550489,3.7575059,0.41907978,-0.16472983,0.89288074,0
1.6129689,1.7357297,-3.585016,-0.41907978,0.16472983,-0.89288074,0
-3.5409296,-3.7153835,4.1744995,0.41907978,-0.16472983,0.89288074,0
-2.5660567,5.393362,-0.02239418,0.15421551,0.98202908,0.10879502,0
-6.090848,-3.1526163,-0.053371429,-0.89475667,0.09210223,0.43695235,0
2.9172294,-3.2949562,1.3371024,0.41907978,-0.16472983,0.89288074,0
1.6625657,-0.4702661,2.2824442,0.41907978,-0.16472983,0.89288074,0
-4.0770206,0.14607263,2.8163071,-0.89475667,0.09210223,0.43695235,0
4.9079504,-2.8360391,0.55395174,0.41907978,-0.16472983,0.89288074,0
