-2.9275041,3.9317341,-2.4667575,-0.84225571,0.484642,-0.23606658,0
4.1584382,2.58711,2.0804534,0.15121436,0.63272697,0.75946748,0
3.1386671,1.0507393,-1.5424469,0.51743549,0.6039691,-0.60620278,0
3.1532145,1.5313911,3.4332268,0.15121436,0.63272697,0.75946748,0
-2.1606579,4.1481843,2.4354205,0.15121436,0.63272697,0.75946748,0
2.4063523,2.1316581,3.061388,0.15121436,0.63272697,0.75946748,0
4.1327791,-2.6307001,1.4421499,0.84225571,-0.484642,0.23606658,0
-4.5623517,-2.7037685,-1.4206313,-0.51743549,-0.6039691,0.60620278,0
2.2763906,-0.77095127,-3.5916643,0.51743549,0.6039691,-0.60620278,0
-0.24225569,-5.2160535,-0.18062687,-0.51743549,-0.6039691,0.60620278,0
-5.462862,0.65152168,-0.19642258,-0.84225571,0.484642,-0.23606658,0
-3.1965408,0.6139214,-5.0449924,-0.15121436,-0.63272697,-0.75946748,0
-4.4267497,3.5268395,1.9829388,-0.84225571,0.484642,-0.23606658,0
3.9236984,2.8727224,1.1756649,0.51743549,0.6039691,-0.60620278,0
2.2072291,3.8113203,1.652982,0.15121436,0.63272697,0.75946748,0
2.4358256,-1.0104222,5.867135,0.15121436,0.63272697,0.75946748,0
5.7283878,0.60941792,1.6805879,0.84225571,-0.484642,0.23606658,0
-3.3571229,2.3944364,3.7015486,0.15121436,0.63272697,0.75946748,0
4.6143484,-2.2715178,0.40432596,0.84225571,-0.484642,0.23606658,0
3.8138442,-2.0447848,3.7427571,0.84225571,-0.484642,0.23606658,0
2.9423766,0.10256958,-2.4803846,0.51743549,0.6039691,-0.60620278,0
-4.3228154,-2.1223054,-2.5227036,-0.15121436,-0.63272697,-0.75946748,0
4.0718155,-1.4637446,3.0552835,0.84225571,-0.484642,0.23606658,0
1.6948593,2.3037362,3.2691708,0.15121436,0.63272697,0.75946748,0
-0.87323952,2.5865188,3.2695162,0.15121436,0.63272697,0.75946748,0
2.2088423,-5.8298087,-0.65184402,-0.15121436,-0.63272697,-0.75946748,0
-2.5040326,1.9458532,-4.9072809,0.51743549,0.6039691,-0.60620278,0
0.3541317,4.977313,0.064432621,0.51743549,0.6039691,-0.60620278,0
-0.9085409,-0.70530319,3.6484475,-0.51743549,-0.6039691,0.60620278,0
5.2571864,-0.69198513,-0.86233878,0.51743549,0.6039691,-0.60620278,0
-5.6087027,-0.37402225,-2.2777364,-0.84225571,0.484642,-0.23606658,0
0.84271717,3.7077382,1.9148527,0.15121436,0.63272697,0.75946748,0
-3.0808249,4.6066637,-1.017693,-0.84225571,0.484642,-0.23606658,0
-5.0903044,-1.4520795,-0.76652586,-0.51743549,-0.6039691,0.60620278,0
-2.3094027,-2.209739,-3.1779017,-0.15121436,-0.63272697,-0.75946748,0
-2.7959948,-3.4056966,-1.1242963,-0.51743549,-0.6039691,0.60620278,0
1.1398673,-2.4713273,-3.4195647,-0.15121436,-0.63272697,-0.75946748,0
-5.724999,0.26944876,0.42385244,-0.51743549,-0.6039691,0.60620278,0
0.033222437,0.47232103,4.8579078,0.15121436,0.63272697,0.75946748,0
3.8550067,-1.5065438,4.9694834,0.84225571,-0.484642,0.23606658,0
5.7607093,1.9008937,2.4823115,0.15121436,0.63272697,0.75946748,0
-2.7233222,1.2386351,3.8193283,-0.51743549,-0.6039691,0.60620278,0
-4.2084169,1.9465921,-2.9847782,-0.84225571,0.484642,-0.23606658,0
3.2268133,-2.9204631,4.0074301,0.84225571,-0.484642,0.23606658,0
1.5444767,1.9562818,3.5110185,0.15121436,0.63272697,0.75946748,0
-5.0656643,0.50722504,-2.0762258,-0.84225571,0.484642,-0.23606658,0
-2.3586533,-1.7064304,1.491176,-0.51743549,-0.6039691,0.60620278,0
-2.9638431,3.855341,2.4884892,0.15121436,0.63272697,0.75946748,0
-2.588428,4.0775647,2.2077889,0.15121436,0.63272697,0.75946748,0
1.231312,-4.3992944,1.3877735,-0.51743549,-0.6039691,0.60620278,0
-1.6105864,1.8556316,4.1823502,0.15121436,0.63272697,0.75946748,0
-2.4990435,-3.0007401,-0.44496089,-0.51743549,-0.6039691,0.60620278,0
1.8932323,-6.0352902,-0.54353046,-0.15121436,-0.63272697,-0.75946748,0
-5.6994982,0.22754526,-0.8939395,-0.84225571,0.484642,-0.23606658,0
-4.4108057,1.5851996,-1.9229066,-0.84225571,0.484642,-0.23606658,0
-0.93887889,0.39616442,4.6779571,-0.51743549,-0.6039691,0.60620278,0
-3.4494948,1.8635902,3.9490476,-0.51743549,-0.6039691,0.60620278,0
-0.7266202,5.1320982,1.1733098,0.15121436,0.63272697,0.75946748,0
0.40792179,-0.60356355,4.4274087,-0.51743549,-0.6039691,0.60620278,0
-4.1310844,3.1071689,-0.25735474,-0.84225571,0.484642,-0.23606658,0
-2.5151463,-1.8618834,-3.127511,-0.15121436,-0.63272697,-0.75946748,0
2.4795284,-4.9372554,2.247571,-0.51743549,-0.6039691,0.60620278,0
3.5456841,-0.74254751,-2.4313302,0.51743549,0.6039691,-0.60620278,0
4.7503624,-0.88843465,2.4373219,0.84225571,-0.484642,0.23606658,0
-1.5010256,3.3467369,-2.57601,0.51743549,0.6039691,-0.60620278,0
3.0968325,-2.5851631,-3.500478,-0.15121436,-0.63272697,-0.75946748,0
0.46104717,-3.0329235,-2.5893526,-0.15121436,-0.63272697,-0.75946748,0
-0.63863039,-3.5077848,-2.28864,-0.15121436,-0.63272697,-0.75946748,0
-4.8734584,-2.7615209,-2.076848,-0.15121436,-0.63272697,-0.75946748,0
4.6198034,-3.0664687,-2.1286283,0.84225571,-0.484642,0.23606658,0
-0.94775188,0.057682514,-5.3583083,-0.15121436,-0.63272697,-0.75946748,0
4.1894121,-0.61928922,4.1980042,0.84225571,-0.484642,0.23606658,0
3.6821017,0.30655003,-1.2897298,0.51743549,0.6039691,-0.60620278,0
3.2744198,-2.5903125,4.0050087,0.84225571,-0.484642,0.23606658,0
-1.4297428,-4.7246637,-1.1452484,-0.15121436,-0.63272697,-0.75946748,0
5.3070145,-1.7720528,-2.3274927,0.51743549,0.6039691,-0.60620278,0
3.448941,-2.9468355,3.1172969,0.84225571,-0.484642,0.23606658,0
5.9138813,0.61892271,2.1079421,0.84225571,-0.484642,0.23606658,0
0.67404366,-0.57382798,4.8598237,-0.51743549,-0.6039691,0.60620278,0
2.6035535,1.3301735,3.4235988,0.15121436,0.63272697,0.75946748,0
1.7444956,-4.975914,1.2057672,-0.51743549,-0.6039691,0.60620278,0
0.75327301,-5.8558598,-0.42422771,-0.15121436,-0.63272697,-0.75946748,0
-4.3344216,0.85528529,-4.7766528,-0.84225571,0.484642,-0.23606658,0
4.2630997,0.011004489,4.2250013,0.15121436,0.63272697,0.75946748,0
0.63646674,-4.6761284,0.69395399,-0.51743549,-0.6039691,0.60620278,0
1.3829241,-4.4596729,1.5812891,-0.51743549,-0.6039691,0.60620278,0
-5.954102,-0.49330139,-1.1162376,-0.84225571,0.484642,-0.23606658,0
4.2311707,-3.1531525,0.053998947,0.84225571,-0.484642,0.23606658,0
4.7474842,-2.7616458,-0.60916138,0.84225571,-0.484642,0.23606658,0
-3.2721376,3.1606812,-3.0639625,-0.84225571,0.484642,-0.23606658,0
3.0144122,-3.8630748,1.8977938,0.84225571,-0.484642,0.23606658,0
0.59349012,4.0848794,1.7367289,0.15121436,0.63272697,0.75946748,0
3.0289254,2.0269375,2.8793807,0.15121436,0.63272697,0.75946748,0
2.0399218,-3.6854665,3.1040266,-0.51743549,-0.6039691,0.60620278,0
3.753577,-2.4282494,-3.9626336,-0.15121436,-0.63272697,-0.75946748,0
-0.81074214,0.25999904,-5.1466269,-0.15121436,-0.63272697,-0.75946748,0
-4.0619388,-2.162859,-0.54813457,-0.51743549,-0.6039691,0.60620278,0
-1.6591892,3.9379349,-2.1823924,0.51743549,0.6039691,-0.60620278,0
6.1794229,1.5569916,2.7080653,0.84225571,-0.484642,0.23606658,0
3.539721,-2.1194725,3.3530626,0.84225571,-0.484642,0.23606658,0
-2.6420922,3.2519927,-4.1981297,0.51743549,0.6039691,-0.60620278,0
4.1830626,-1.7999992,-3.1681745,0.51743549,0.6039691,-0.60620278,0
-3.172044,0.24988389,-4.7912426,-0.15121436,-0.63272697,-0.75946748,0
2.8950517,-2.9197423,4.6081071,0.84225571,-0.484642,0.23606658,0
-5.4706969,-1.4168646,-1.2106988,-0.51743549,-0.6039691,0.60620278,0
0.98141479,-3.5048575,-2.4171765,-0.15121436,-0.63272697,-0.75946748,0
2.7218871,-4.6008034,1.9541826,0.84225571,-0.484642,0.23606658,0
3.7125485,-2.6416771,2.3834991,0.84225571,-0.484642,0.23606658,0
-3.3348212,2.5646691,-3.2390206,-0.84225571,0.484642,-0.23606658,0
-4.7130704,0.12741709,0.87653065,-0.51743549,-0.6039691,0.60620278,0
2.2429156,-6.7232342,-0.1447916,-0.15121436,-0.63272697,-0.75946748,0
4.2924013,-3.8200979,-2.1656957,0.84225571,-0.484642,0.23606658,0
2.3311877,-5.6807308,0.5553174,0.84225571,-0.484642,0.23606658,0
-2.6713831,-4.1096601,-1.1009887,-0.51743549,-0.6039691,0.60620278,0
-1.8975052,-2.9860742,0.47219944,-0.51743549,-0.6039691,0.60620278,0
0.96272302,-3.1905444,-2.7577925,-0.15121436,-0.63272697,-0.75946748,0
-2.2054648,-3.3784006,-0.39354229,-0.51743549,-0.6039691,0.60620278,0
1.5505924,-6.3422756,-0.097272873,-0.51743549,-0.6039691,0.60620278,0
-2.1251678,5.6850824,1.0582991,0.15121436,0.63272697,0.75946748,0
0.28853846,4.2261229,1.5111973,0.15121436,0.63272697,0.75946748,0
4.6860595,-0.35424739,3.4957297,0.84225571,-0.484642,0.23606658,0
4.8441105,-0.1913017,4.1068673,0.84225571,-0.484642,0.23606658,0
3.5648015,-1.3979887,5.2773342,0.84225571,-0.484642,0.23606658,0
2.0117555,1.0282826,-2.4746366,0.51743549,0.6039691,-0.60620278,0
-2.5033977,5.5548501,-1.1605387,-0.84225571,0.484642,-0.23606658,0
-2.812094,2.7561581,3.4048979,0.15121436,0.63272697,0.75946748,0
2.4540267,-0.0089044571,-2.7377493,0.51743549,0.6039691,-0.60620278,0
1.304183,4.3980064,0.22650003,0.51743549,0.6039691,-0.60620278,0
4.9639993,1.7328435,2.9556484,0.15121436,0.63272697,0.75946748,0
0.90745497,-5.1250834,-1.1593013,-0.15121436,-0.63272697,-0.75946748,0
-4.4612699,1.1308733,-2.2360833,-0.84225571,0.484642,-0.23606658,0
-3.5428543,1.8345897,-4.0771112,-0.84225571,0.484642,-0.23606658,0
3.8259079,1.8486435,2.8051295,0.15121436,0.63272697,0.75946748,0
-2.7708418,3.5506768,-4.0579691,-0.84225571,0.484642,-0.23606658,0
-3.2549531,3.6663549,-1.4860702,-0.84225571,0.484642,-0.23606658,0
-4.9015446,-2.3851883,-2.1901312,-0.15121436,-0.63272697,-0.75946748,0
3.2300906,-2.435668,4.202692,0.84225571,-0.484642,0.23606658,0
4.7862024,-0.33031237,3.7289596,0.84225571,-0.484642,0.23606658,0
-2.4450812,5.9315491,-0.99086523,-0.84225571,0.484642,-0.23606658,0
3.3128915,-5.0009794,-0.4075284,0.84225571,-0.484642,0.23606658,0
2.0731504,0.067501307,4.57586,0.15121436,0.63272697,0.75946748,0
-4.8270254,0.27992439,-3.1085072,-0.84225571,0.484642,-0.23606658,0
-0.59552717,-3.7839603,-2.01162,-0.15121436,-0.63272697,-0.75946748,0
-4.197989,3.2028899,-0.45777798,-0.84225571,0.484642,-0.23606658,0
-4.0209346,1.4367995,3.2340341,-0.51743549,-0.6039691,0.60620278,0
-4.1295443,4.1389074,1.2525525,-0.84225571,0.484642,-0.23606658,0
-1.1593764,4.8896818,-1.0934453,0.51743549,0.6039691,-0.60620278,0
1.2799513,-4.24544,2.0599177,-0.51743549,-0.6039691,0.60620278,0
3.693351,-2.3902435,-4.1331854,-0.15121436,-0.63272697,-0.75946748,0
0.85266089,-2.9683251,-2.9977927,-0.15121436,-0.63272697,-0.75946748,0
0.28352618,-0.57422447,-4.7235851,-0.15121436,-0.63272697,-0.75946748,0
-1.1011362,5.1336694,-0.70270967,0.51743549,0.6039691,-0.60620278,0
-2.0405002,6.5769138,0.41594267,0.15121436,0.63272697,0.75946748,0
5.381567,1.9994636,1.3992813,0.51743549,0.6039691,-0.60620278,0
1.7260759,1.0717676,-2.1749632,0.51743549,0.6039691,-0.60620278,0
-6.1651001,-1.50667,-2.3498607,-0.84225571,0.484642,-0.23606658,0
-1.4146948,3.6324396,2.7422128,0.15121436,0.63272697,0.75946748,0
3.0154796,-4.5624552,-2.0560889,-0.15121436,-0.63272697,-0.75946748,0
5.1958771,-0.25426435,-0.82149124,0.51743549,0.6039691,-0.60620278,0
1.7270164,3.9339867,1.8703116,0.15121436,0.63272697,0.75946748,0
0.52545017,2.0779769,-2.2051837,0.51743549,0.6039691,-0.60620278,0
0.30758452,-2.220088,3.0245285,-0.51743549,-0.6039691,0.60620278,0
-0.86911297,-4.8771586,-0.60450101,-0.51743549,-0.6039691,0.60620278,0
-0.32126594,0.2101059,4.7367744,-0.51743549,-0.6039691,0.60620278,0
-4.1879444,0.78795338,2.2274497,-0.51743549,-0.6039691,0.60620278,0
-2.0621061,4.7551751,1.7798491,0.15121436,0.63272697,0.75946748,0
3.5583496,-3.6292362,0.38756466,0.84225571,-0.484642,0.23606658,0
-1.8861343,0.62322307,-5.4867048,-0.15121436,-0.63272697,-0.75946748,0
2.086576,0.71939695,4.0064759,0.15121436,0.63272697,0.75946748,0
-0.44283032,-3.8368838,0.4905858,-0.51743549,-0.6039691,0.60620278,0
1.4573917,-2.8040907,-2.9649849,-0.15121436,-0.63272697,-0.75946748,0
5.8611751,0.20371509,1.3293331,0.84225571,-0.484642,0.23606658,0
1.6159053,-6.1558967,-0.29313135,-0.15121436,-0.63272697,-0.75946748,0
-5.029952,2.2131512,1.7554803,-0.84225571,0.484642,-0.23606658,0
-2.1465878,6.1736093,-0.9354496,0.51743549,0.6039691,-0.60620278,0
-1.1627908,1.3342042,4.590982,0.15121436,0.63272697,0.75946748,0
-4.5705857,-1.9241731,-2.5859311,-0.15121436,-0.63272697,-0.75946748,0
3.9790413,-4.5868549,-2.0868702,0.84225571,-0.484642,0.23606658,0
4.0885143,-2.7961104,0.43526173,0.84225571,-0.484642,0.23606658,0
-2.6193485,6.0763288,0.0093622208,-0.84225571,0.484642,-0.23606658,0
-3.2445359,1.6996903,-5.4006319,-0.84225571,0.484642,-0.23606658,0
0.9394803,-4.2552872,-1.8322999,-0.15121436,-0.63272697,-0.75946748,0
-1.4569244,5.3221855,1.098969,0.15121436,0.63272697,0.75946748,0
0.59858942,3.5338652,-0.95570445,0.51743549,0.6039691,-0.60620278,0
-4.8626289,3.222796,3.2906153,-0.84225571,0.484642,-0.23606658,0
2.730495,-5.8025894,0.11394882,0.84225571,-0.484642,0.23606658,0
-0.96492982,-3.3394809,-2.1325448,-0.15121436,-0.63272697,-0.75946748,0
-1.2365065,2.7288811,-3.0337577,0.51743549,0.6039691,-0.60620278,0
-5.5026388,-0.57040429,-3.3567252,-0.84225571,0.484642,-0.23606658,0
-2.8476005,4.0721345,-2.5733767,-0.84225571,0.484642,-0.23606658,0
1.8904737,1.3327904,4.0136075,0.15121436,0.63272697,0.75946748,0
-0.21242809,-1.138519,3.6786497,-0.51743549,-0.6039691,0.60620278,0
-2.5675113,-1.2970059,1.4934895,-0.51743549,-0.6039691,0.60620278,0
4.9057946,-1.7915599,0.80203795,0.84225571,-0.484642,0.23606658,0
1.122694,0.41252708,-3.5876594,0.51743549,0.6039691,-0.60620278,0
3.896668,-2.4846976,1.8758914,0.84225571,-0.484642,0.23606658,0
5.2407308,-2.1746387,-1.7170644,0.84225571,-0.484642,0.23606658,0
-3.4435313,2.8301601,3.5489357,0.15121436,0.63272697,0.75946748,0
-3.2194457,4.9928412,-0.084732533,-0.84225571,0.484642,-0.23606658,0
-3.1363337,-2.6620705,-0.35916549,-0.51743549,-0.6039691,0.60620278,0
-0.12532306,3.0993431,2.4967453,0.15121436,0.63272697,0.75946748,0
-1.9210148,4.3558955,2.0234604,0.15121436,0.63272697,0.75946748,0
1.7459736,1.5969379,3.4894118,0.15121436,0.63272697,0.75946748,0
1.4486437,-4.4316592,-1.9997692,-0.15121436,-0.63272697,-0.75946748,0
5.2333255,0.38439798,-0.38653278,0.51743549,0.6039691,-0.60620278,0
1.7132604,-3.303328,3.2200718,-0.51743549,-0.6039691,0.60620278,0
0.17698574,5.2104816,1.1343784,0.15121436,0.63272697,0.75946748,0
-3.2600029,4.5464554,-0.71041822,-0.84225571,0.484642,-0.23606658,0
2.6734018,-5.8807011,-0.54991388,0.84225571,-0.484642,0.23606658,0
-2.6076167,5.1565666,-2.0086398,-0.84225571,0.484642,-0.23606658,0
-4.3055468,3.8100789,1.6364694,-0.84225571,0.484642,-0.23606658,0
0.56523836,2.9209533,-1.5049918,0.51743549,0.6039691,-0.60620278,0
3.4687064,-4.2243161,0.49924469,0.84225571,-0.484642,0.23606658,0
0.14021444,-5.4042234,-0.91976547,-0.15121436,-0.63272697,-0.75946748,0
3.8592272,-1.0843028,4.4734974,0.84225571,-0.484642,0.23606658,0
2.8851178,-2.6181631,5.058866,-0.51743549,-0.6039691,0.60620278,0
4.882575,-0.95196986,2.6305268,0.84225571,-0.484642,0.23606658,0
0.42053223,5.040071,0.20016241,0.51743549,0.6039691,-0.60620278,0
4.9736366,0.11675262,-0.35888648,0.51743549,0.6039691,-0.60620278,0
4.7386351,0.38757133,-0.69346952,0.51743549,0.6039691,-0.60620278,0
-3.5447435,-3.3217931,-1.4402274,-0.51743549,-0.6039691,0.60620278,0
-5.8799224,-1.5368781,-1.8287473,-0.51743549,-0.6039691,0.60620278,0
1.1974916,-5.6436939,0.52679205,-0.51743549,-0.6039691,0.60620278,0
2.980983,3.1848931,1.8838623,0.15121436,0.63272697,0.75946748,0
-3.3386559,5.0142765,1.5261326,0.15121436,0.63272697,0.75946748,0
-3.5451698,2.6040111,-2.8736074,-0.84225571,0.484642,-0.23606658,0
2.9650888,-5.7612076,-0.46433783,0.84225571,-0.484642,0.23606658,0
5.4189501,-1.66258,-0.97390342,0.84225571,-0.484642,0.23606658,0
5.1531425,-1.9352279,-2.5216362,0.51743549,0.6039691,-0.60620278,0
3.0415089,1.6040411,-0.61925399,0.51743549,0.6039691,-0.60620278,0
-3.9717422,1.8320661,-2.9161203,-0.84225571,0.484642,-0.23606658,0
3.2158842,1.8614076,2.9456525,0.15121436,0.63272697,0.75946748,0
4.5044751,-1.4849502,1.6402225,0.84225571,-0.484642,0.23606658,0
-1.575166,-0.28300762,3.3409662,-0.51743549,-0.6039691,0.60620278,0
-1.2878826,-3.5022349,-2.3411264,-0.15121436,-0.63272697,-0.75946748,0
4.3370781,-2.3224554,1.2675164,0.84225571,-0.484642,0.23606658,0
-1.9842067,5.6070743,-1.3814244,0.51743549,0.6039691,-0.60620278,0
-1.6167573,1.9214935,-4.4201612,0.51743549,0.6039691,-0.60620278,0
2.516211,1.749543,-0.90378684,0.51743549,0.6039691,-0.60620278,0
4.3526144,-2.9856791,-3.6789198,-0.15121436,-0.63272697,-0.75946748,0
1.1539938,3.8330357,1.6652832,0.15121436,0.63272697,0.75946748,0
-1.5444429,-3.4198735,-1.9083092,-0.15121436,-0.63272697,-0.75946748,0
0.57810497,-4.0044188,-2.0169063,-0.15121436,-0.63272697,-0.75946748,0
4.301363,0.39642572,-0.81571412,0.51743549,0.6039691,-0.60620278,0
2.6751676,0.99903226,-1.3671156,0.51743549,0.6039691,-0.60620278,0
3.7024832,-0.016611218,4.5052152,0.15121436,0.63272697,0.75946748,0
-1.5399122,3.0690556,3.0980544,0.15121436,0.63272697,0.75946748,0
-0.83064222,-4.5653214,-1.1086223,-0.15121436,-0.63272697,-0.75946748,0
-2.6373773,5.520864,-0.020192623,-0.84225571,0.484642,-0.23606658,0
-1.0081209,0.62375212,-5.4517746,0.51743549,0.6039691,-0.60620278,0
-5.7300286,-0.89169455,-2.354939,-0.84225571,0.484642,-0.23606658,0
5.3027334,-0.64998102,1.4005325,0.84225571,-0.484642,0.23606658,0
2.2474985,1.6427805,3.2990026,0.15121436,0.63272697,0.75946748,0
-3.9455919,0.12622303,-4.3539324,-0.15121436,-0.63272697,-0.75946748,0
2.3369918,-2.7735314,4.369585,-0.51743549,-0.6039691,0.60620278,0
-1.3143969,3.959384,-2.2384672,0.51743549,0.6039691,-0.60620278,0
0.38183808,3.3033092,-1.5369532,0.51743549,0.6039691,-0.60620278,0
-4.5650206,-1.9713671,-2.7725921,-0.15121436,-0.63272697,-0.75946748,0
1.9495811,-2.2197859,4.5527062,-0.51743549,-0.6039691,0.60620278,0
1.7265096,-4.1387453,2.2136326,-0.51743549,-0.6039691,0.60620278,0
-1.3965366,3.4287825,2.7784693,0.15121436,0.63272697,0.75946748,0
-1.1790172,1.9859121,-4.2151775,0.51743549,0.6039691,-0.60620278,0
-3.9276896,1.5418401,2.9485552,-0.51743549,-0.6039691,0.60620278,0
2.4465942,-5.7162046,-0.81144953,-0.15121436,-0.63272697,-0.75946748,0
-4.3503008,2.4077044,3.5732467,-0.51743549,-0.6039691,0.60620278,0
-5.9487753,-1.7720618,-2.414849,-0.15121436,-0.63272697,-0.75946748,0
0.95260572,-5.7560024,-0.56674194,-0.15121436,-0.63272697,-0.75946748,0
3.6302097,-1.40081,4.5333786,0.84225571,-0.484642,0.23606658,0
2.5245085,-3.2144275,-3.1549373,-0.15121436,-0.63272697,-0.75946748,0
-2.5971501,0.46365952,-5.3109941,-0.15121436,-0.63272697,-0.75946748,0
-0.20700407,2.159445,3.5956447,0.15121436,0.63272697,0.75946748,0
-6.1701455,-2.1884022,-2.430074,-0.15121436,-0.63272697,-0.75946748,0
0.17076254,1.6993958,4.0028806,0.15121436,0.63272697,0.75946748,0
5.0031095,-1.6286654,-0.29365921,0.84225571,-0.484642,0.23606658,0
-0.43328643,1.128942,4.1554499,0.15121436,0.63272697,0.75946748,0
-3.249032,-2.0774579,-3.1366377,-0.15121436,-0.63272697,-0.75946748,0
3.4461701,-2.9358788,2.7510026,0.84225571,-0.484642,0.23606658,0
5.3535566,0.00069093704,1.5637844,0.84225571,-0.484642,0.23606658,0
-4.5784936,1.941748,-0.97297955,-0.84225571,0.484642,-0.23606658,0
-4.1474361,0.84103078,-4.9130287,-0.84225571,0.484642,-0.23606658,0
-3.698616,4.5497503,2.4671531,0.15121436,0.63272697,0.75946748,0
2.8642201,-3.0410137,4.6259141,-0.51743549,-0.6039691,0.60620278,0
4.2819991,-1.593801,1.9009387,0.84225571,-0.484642,0.23606658,0
2.5355964,3.968308,1.6968044,0.15121436,0.63272697,0.75946748,0
3.106328,-2.0128355,-4.1049409,-0.15121436,-0.63272697,-0.75946748,0
0.99186993,4.3993087,0.56072497,0.51743549,0.6039691,-0.60620278,0
1.3848834,-4.5233111,-1.8034515,-0.15121436,-0.63272697,-0.75946748,0
4.2508645,-3.5397744,-1.6635642,0.84225571,-0.484642,0.23606658,0
-3.4789677,3.5093207,-1.2209449,-0.84225571,0.484642,-0.23606658,0
-4.2815228,3.7828975,2.6114645,-0.84225571,0.484642,-0.23606658,0
-5.0920463,2.0090923,1.6333272,-0.84225571,0.484642,-0.23606658,0
-4.4504356,1.0917175,-2.7728386,-0.84225571,0.484642,-0.23606658,0
-4.8965955,3.0442677,1.8352895,-0.84225571,0.484642,-0.23606658,0
2.6180453,-1.2729802,-4.1258349,0.51743549,0.6039691,-0.60620278,0
-2.009016,-0.22235775,-4.5549273,-0.15121436,-0.63272697,-0.75946748,0
0.42291451,-2.2796206,-3.4167943,-0.15121436,-0.63272697,-0.75946748,0
-1.4679656,-3.851011,0.095833302,-0.51743549,-0.6039691,0.60620278,0
-2.5823326,2.4912105,-4.366384,0.51743549,0.6039691,-0.60620278,0
4.7800407,-0.41221201,3.813113,0.84225571,-0.484642,0.23606658,0
-3.0108404,2.6289167,-4.3440332,-0.84225571,0.484642,-0.23606658,0
-2.9428039,-2.0707774,-3.19912,-0.15121436,-0.63272697,-0.75946748,0
-4.6010613,2.3878448,0.20373774,-0.84225571,0.484642,-0.23606658,0
1.5019214,-0.7996521,5.312007,-0.51743549,-0.6039691,0.60620278,0
1.4667728,0.5819068,4.3663516,0.15121436,0.63272697,0.75946748,0
-3.6821759,2.1655934,-4.2313652,-0.84225571,0.484642,-0.23606658,0
2.9248793,-4.4784141,0.71540022,0.84225571,-0.484642,0.23606658,0
-0.52552271,-3.7263331,-2.061336,-0.15121436,-0.63272697,-0.75946748,0
-4.9262052,2.4752946,2.9708037,-0.51743549,-0.6039691,0.60620278,0
-2.2813487,5.7244558,-0.55244493,-0.84225571,0.484642,-0.23606658,0
-1.241437,5.1408863,1.128756,0.15121436,0.63272697,0.75946748,0
-2.2510238,-0.82528043,-4.2815156,-0.15121436,-0.63272697,-0.75946748,0
-2.3245354,-1.2862189,-3.5603812,-0.15121436,-0.63272697,-0.75946748,0
4.7184386,2.6985607,1.9517608,0.51743549,0.6039691,-0.60620278,0
0.92511368,-4.2490473,1.553004,-0.51743549,-0.6039691,0.60620278,0
-2.77689,4.9347858,-1.18541,-0.84225571,0.484642,-0.23606658,0
4.0760393,0.14054728,-1.2116736,0.51743549,0.6039691,-0.60620278,0
5.2939835,1.8827679,1.5954777,0.51743549,0.6039691,-0.60620278,0
1.4017963,-4.3935947,-2.029484,-0.15121436,-0.63272697,-0.75946748,0
1.7970424,-5.4288025,-0.85829067,-0.15121436,-0.63272697,-0.75946748,0
-2.191222,3.8180237,2.2878716,0.15121436,0.63272697,0.75946748,0
-0.021319389,-3.1895404,1.4693599,-0.51743549,-0.6039691,0.60620278,0
-0.48931259,1.8239727,-3.3414707,0.51743549,0.6039691,-0.60620278,0
-4.9922457,0.74385583,-2.4290652,-0.84225571,0.484642,-0.23606658,0
2.8961067,-5.2357988,-1.3716879,-0.15121436,-0.63272697,-0.75946748,0
3.676563,-3.1728888,1.7975616,0.84225571,-0.484642,0.23606658,0
-6.0489082,-1.6745539,-1.9358834,-0.51743549,-0.6039691,0.60620278,0
0.74932909,4.0817742,1.9464514,0.15121436,0.63272697,0.75946748,0
4.1952229,-3.3316941,0.14498425,0.84225571,-0.484642,0.23606658,0
-0.95203745,-2.5795655,1.3029859,-0.51743549,-0.6039691,0.60620278,0
3.2676251,-4.1710901,0.49993706,0.84225571,-0.484642,0.23606658,0
-3.8700686,1.7219093,-3.450458,-0.84225571,0.484642,-0.23606658,0
2.7177644,-5.3580503,0.96022987,0.84225571,-0.484642,0.23606658,0
4.9503021,-3.224829,-2.783026,0.84225571,-0.484642,0.23606658,0
-3.8163333,-0.032499254,-4.7329459,-0.15121436,-0.63272697,-0.75946748,0
4.6766052,-0.29612726,3.2249455,0.84225571,-0.484642,0.23606658,0
-0.72284627,2.8059318,3.0306618,0.15121436,0.63272697,0.75946748,0
-3.6348763,1.7905723,-4.9624758,-0.84225571,0.484642,-0.23606658,0
-3.0338709,-2.9545972,-1.9572316,-0.15121436,-0.63272697,-0.75946748,0
-3.3116679,0.76219988,3.0780253,-0.51743549,-0.6039691,0.60620278,0
-2.3645439,1.0156422,-5.7033997,0.51743549,0.6039691,-0.60620278,0
6.3021255,1.66523,2.7219903,0.84225571,-0.484642,0.23606658,0
4.5950317,-0.033475943,4.5642452,0.15121436,0.63272697,0.75946748,0
0.25459909,-2.9256506,2.2191644,-0.51743549,-0.6039691,0.60620278,0
-5.8109579,-0.96005893,-2.1552367,-0.84225571,0.484642,-0.23606658,0
0.12512532,-1.3378,3.475832,-0.51743549,-0.6039691,0.60620278,0
0.67690134,1.9364048,3.5650399,0.15121436,0.63272697,0.75946748,0
-4.6141,1.0472978,-3.1885822,-0.84225571,0.484642,-0.23606658,0
2.5456145,3.1739688,1.8639104,0.15121436,0.63272697,0.75946748,0
-0.8029213,5.7730584,0.16192102,0.51743549,0.6039691,-0.60620278,0
-4.9470806,1.1678493,-0.47453117,-0.84225571,0.484642,-0.23606658,0
-0.83246374,0.58457422,4.8600521,0.15121436,0.63272697,0.75946748,0
4.6616426,-3.3729882,-2.8944144,0.84225571,-0.484642,0.23606658,0
-1.44578,2.2666807,3.6845765,0.15121436,0.63272697,0.75946748,0
2.2221732,-0.46064472,5.3575578,0.15121436,0.63272697,0.75946748,0
-5.5217695,0.79807234,-0.091108322,-0.84225571,0.484642,-0.23606658,0
-2.6803718,-1.0190568,1.8852601,-0.51743549,-0.6039691,0.60620278,0
4.3209553,-3.711561,-3.2756753,-0.15121436,-0.63272697,-0.75946748,0
-2.6319611,5.2346525,-0.2747612,-0.84225571,0.484642,-0.23606658,0
0.66178417,-5.9842777,-0.50675821,-0.15121436,-0.63272697,-0.75946748,0
5.6931419,-0.66263247,0.058289766,0.84225571,-0.484642,0.23606658,0
4.6383047,-1.5756278,0.9115057,0.84225571,-0.484642,0.23606658,0
4.4568954,-2.4272451,-0.082438946,0.84225571,-0.484642,0.23606658,0
-2.7238929,4.8840399,-1.4685512,-0.84225571,0.484642,-0.23606658,0
4.6347814,-0.87545979,2.3679807,0.84225571,-0.484642,0.23606658,0
0.94350958,-4.9823637,-1.3722928,-0.15121436,-0.63272697,-0.75946748,0
0.75943112,3.249898,2.4319851,0.15121436,0.63272697,0.75946748,0
-2.2019372,0.83045959,3.631556,-0.51743549,-0.6039691,0.60620278,0
-1.5369606,-3.3061023,-2.2051578,-0.15121436,-0.63272697,-0.75946748,0
-0.48624516,-1.8815819,-3.6342063,-0.15121436,-0.63272697,-0.75946748,0
-0.34139422,1.1286681,-4.0695925,0.51743549,0.6039691,-0.60620278,0
6.0628667,0.63935184,1.1882441,0.84225571,-0.484642,0.23606658,0
1.5135465,-1.4313245,-4.607245,-0.15121436,-0.63272697,-0.75946748,0
-1.9182813,-1.06933,1.9671822,-0.51743549,-0.6039691,0.60620278,0
-4.2452488,0.92637944,-4.555748,-0.84225571,0.484642,-0.23606658,0
0.52650738,0.35054207,-4.092741,0.51743549,0.6039691,-0.60620278,0
3.6202559,-1.4759481,4.5473704,0.84225571,-0.484642,0.23606658,0
-4.5754418,-0.78900099,0.21691787,-0.51743549,-0.6039691,0.60620278,0
3.7508502,-3.9494505,-2.742511,-0.15121436,-0.63272697,-0.75946748,0
5.8709555,0.095331192,0.53061342,0.84225571,-0.484642,0.23606658,0
-5.3263578,0.12888694,-2.2447498,-0.84225571,0.484642,-0.23606658,0
-2.0714846,3.4379292,2.6877437,0.15121436,0.63272697,0.75946748,0
-3.6801004,-0.87193823,1.1617932,-0.51743549,-0.6039691,0.60620278,0
3.2631321,-2.1301703,5.318584,0.84225571,-0.484642,0.23606658,0
-2.4388781,2.8069413,3.5969129,0.15121436,0.63272697,0.75946748,0
3.6786592,-2.7442818,1.8378263,0.84225571,-0.484642,0.23606658,0
-5.0744452,1.3811457,-0.35476041,-0.84225571,0.484642,-0.23606658,0
4.1577067,-2.9835632,-3.471689,-0.15121436,-0.63272697,-0.75946748,0
0.7558732,-3.0627887,-2.9013996,-0.15121436,-0.63272697,-0.75946748,0
3.0295119,-1.8855553,-3.9850323,0.51743549,0.6039691,-0.60620278,0
-5.4179611,0.02828908,-1.2027743,-0.84225571,0.484642,-0.23606658,0
-2.1507137,2.1568596,3.7384586,0.15121436,0.63272697,0.75946748,0
-2.4572182,6.1284828,0.57044792,-0.84225571,0.484642,-0.23606658,0
4.7537599,-2.7759395,-1.5511341,0.84225571,-0.484642,0.23606658,0
-4.1351171,3.1794477,-0.089801788,-0.84225571,0.484642,-0.23606658,0
-4.8478975,2.3682334,0.30619383,-0.84225571,0.484642,-0.23606658,0
2.6295848,-4.6805849,2.0754666,0.84225571,-0.484642,0.23606658,0
-2.7578363,-3.1420667,-0.39560258,-0.51743549,-0.6039691,0.60620278,0
-2.2585554,1.1300683,4.3999567,-0.51743549,-0.6039691,0.60620278,0
0.085778236,-4.3918104,-1.8703072,-0.15121436,-0.63272697,-0.75946748,0
-3.6052611,2.6151621,-3.600184,-0.84225571,0.484642,-0.23606658,0
1.3503067,3.069927,-0.6218679,0.51743549,0.6039691,-0.60620278,0
-3.022718,4.123281,-1.2316766,-0.84225571,0.484642,-0.23606658,0
3.421716,-0.17640662,4.7692671,0.15121436,0.63272697,0.75946748,0
1.6815655,2.9829659,2.3180015,0.15121436,0.63272697,0.75946748,0
-2.5759621,2.7194073,3.2856345,0.15121436,0.63272697,0.75946748,0
-5.6379418,-1.7908313,-1.8254641,-0.51743549,-0.6039691,0.60620278,0
-3.6850996,4.4471393,0.62982464,-0.84225571,0.484642,-0.23606658,0
4.3617048,-2.8348727,-3.6775098,-0.15121436,-0.63272697,-0.75946748,0
5.1536517,-1.9138269,-2.4966009,0.51743549,0.6039691,-0.60620278,0
-2.1994569,2.7394493,-4.1886406,0.51743549,0.6039691,-0.60620278,0
4.6496449,0.097751334,4.2837415,0.15121436,0.63272697,0.75946748,0
-1.6782284,5.7405634,-0.50598764,0.51743549,0.6039691,-0.60620278,0
-5.4112329,1.1429205,0.51314163,-0.84225571,0.484642,-0.23606658,0
0.47608852,-4.1200914,-1.9408076,-0.15121436,-0.63272697,-0.75946748,0
4.565691,-1.8196821,1.6685967,0.84225571,-0.484642,0.23606658,0
-1.069514,-0.77890825,-4.2573833,-0.15121436,-0.63272697,-0.75946748,0
-3.1068463,-3.7268071,-1.2572192,-0.51743549,-0.6039691,0.60620278,0
3.2419438,1.8567262,-0.34264934,0.51743549,0.6039691,-0.60620278,0
-1.9810176,-4.4662061,-1.3568459,-0.15121436,-0.63272697,-0.75946748,0
3.6938624,-0.65336037,-2.7077122,0.51743549,0.6039691,-0.60620278,0
0.90087718,-0.96030998,4.8707414,-0.51743549,-0.6039691,0.60620278,0
0.41747975,1.6842344,3.93401,0.15121436,0.63272697,0.75946748,0
3.7813725,-0.34292364,4.8479867,0.15121436,0.63272697,0.75946748,0
-3.1488996,5.254745,1.4945321,-0.84225571,0.484642,-0.23606658,0
-4.7745605,-0.57277679,0.0002052784,-0.51743549,-0.6039691,0.60620278,0
-4.5395818,0.11864328,1.1217849,-0.51743549,-0.6039691,0.60620278,0
-0.65631223,1.6441832,3.9066212,0.15121436,0.63272697,0.75946748,0
4.0464373,0.68186802,3.9023893,0.15121436,0.63272697,0.75946748,0
-0.0083782673,2.5623789,3.0676851,0.15121436,0.63272697,0.75946748,0
3.1657655,-0.19855475,4.7468896,0.15121436,0.63272697,0.75946748,0
0.30324125,-1.0103464,-4.347095,-0.15121436,-0.63272697,-0.75946748,0
1.742969,-1.6424942,-4.4958477,-0.15121436,-0.63272697,-0.75946748,0
3.8927207,2.7298915,1.0439219,0.51743549,0.6039691,-0.60620278,0
0.2254415,1.6517324,-2.9442501,0.51743549,0.6039691,-0.60620278,0
1.7282054,-1.2119703,-4.6254029,-0.15121436,-0.63272697,-0.75946748,0
3.9477224,-4.5019078,-1.6740227,0.84225571,-0.484642,0.23606658,0
3.8933811,1.3719691,3.2477407,0.15121436,0.63272697,0.75946748,0
-4.4136624,-1.1525176,-3.5748663,-0.15121436,-0.63272697,-0.75946748,0
2.8566833,-4.6363616,1.7298679,0.84225571,-0.484642,0.23606658,0
-0.85039091,-4.9251742,-0.7987206,-0.15121436,-0.63272697,-0.75946748,0
-2.5219679,5.3044138,-0.57726336,-0.84225571,0.484642,-0.23606658,0
-0.62678576,4.1098838,1.8102372,0.15121436,0.63272697,0.75946748,0
-0.16784954,4.9924507,1.1366534,0.15121436,0.63272697,0.75946748,0
-3.9643202,2.1743636,-2.05001,-0.84225571,0.484642,-0.23606658,0
-5.8994164,-1.1724441,-2.9688642,-0.84225571,0.484642,-0.23606658,0
-1.6581497,6.2193394,0.37535143,0.15121436,0.63272697,0.75946748,0
-2.0109854,6.6479607,-0.12523651,-0.84225571,0.484642,-0.23606658,0
1.4721575,-3.8841708,-2.2769678,-0.15121436,-0.63272697,-0.75946748,0
-2.1761041,-4.236639,-0.80834842,-0.51743549,-0.6039691,0.60620278,0
-0.22490096,3.0954466,-1.8641913,0.51743549,0.6039691,-0.60620278,0
-0.93934792,1.0592532,-4.679945,0.51743549,0.6039691,-0.60620278,0
1.5377585,-1.4197943,4.8460584,-0.51743549,-0.6039691,0.60620278,0
0.27738094,1.0172267,4.1354761,0.15121436,0.63272697,0.75946748,0
2.7608936,-1.4329457,-4.3186536,0.51743549,0.6039691,-0.60620278,0
-3.1050687,5.3535585,0.089641094,-0.84225571,0.484642,-0.23606658,0
-4.7052383,-0.42503023,0.40932393,-0.51743549,-0.6039691,0.60620278,0
-0.94593072,0.69144392,4.8356233,0.15121436,0.63272697,0.75946748,0
1.9531902,-0.30064631,5.3851223,0.15121436,0.63272697,0.75946748,0
-1.3021721,1.528476,-4.2673364,0.51743549,0.6039691,-0.60620278,0
-0.76117897,5.4256401,-0.41116238,0.51743549,0.6039691,-0.60620278,0
-4.5752358,-1.0261114,-3.5668635,-0.15121436,-0.63272697,-0.75946748,0
-2.7791712,-3.6686358,-1.6326716,-0.15121436,-0.63272697,-0.75946748,0
-2.4713547,5.6667218,-1.2290297,0.51743549,0.6039691,-0.60620278,0
-1.1442059,2.7382424,-3.0719371,0.51743549,0.6039691,-0.60620278,0
5.7289734,0.11675882,0.44092107,0.84225571,-0.484642,0.23606658,0
3.1478479,-2.8799627,-3.7561612,-0.15121436,-0.63272697,-0.75946748,0
-2.9596586,4.0812712,-2.2101073,-0.84225571,0.484642,-0.23606658,0
0.11345863,3.8015056,-1.371835,0.51743549,0.6039691,-0.60620278,0
-1.7334,-1.0710027,2.3612051,-0.51743549,-0.6039691,0.60620278,0
4.4322014,0.1371541,-0.85349417,0.51743549,0.6039691,-0.60620278,0
4.7719469,0.90491915,0.15032005,0.51743549,0.6039691,-0.60620278,0
2.1979947,-5.8311939,0.52687407,0.84225571,-0.484642,0.23606658,0
4.212266,-1.0581386,4.3001585,0.84225571,-0.484642,0.23606658,0
-2.8176804,0.26079273,3.0962312,-0.51743549,-0.6039691,0.60620278,0
-0.8628301,1.4828353,-4.194478,0.51743549,0.6039691,-0.60620278,0
0.97827256,-0.29463625,5.3596611,-0.51743549,-0.6039691,0.60620278,0
4.5019288,-0.90905702,3.2818189,0.84225571,-0.484642,0.23606658,0
-3.8170652,3.4830215,-0.81520605,-0.84225571,0.484642,-0.23606658,0
-4.8130813,-1.0452765,-3.3862379,-0.15121436,-0.63272697,-0.75946748,0
-0.35953283,5.1474762,0.17194462,0.51743549,0.6039691,-0.60620278,0
0.54214805,-1.7053142,3.6217501,-0.51743549,-0.6039691,0.60620278,0
2.9761534,-4.2097073,1.563693,0.84225571,-0.484642,0.23606658,0
2.3882482,-5.1952586,1.164001,0.84225571,-0.484642,0.23606658,0
3.1441469,-4.912303,-0.32604265,0.84225571,-0.484642,0.23606658,0
0.025985241,5.1381559,1.1368737,0.15121436,0.63272697,0.75946748,0
2.4742637,-4.8708315,2.0659094,0.84225571,-0.484642,0.23606658,0
0.03167665,-2.5944803,2.6616721,-0.51743549,-0.6039691,0.60620278,0
-2.1246557,2.7433667,3.3183846,0.15121436,0.63272697,0.75946748,0
-0.41770911,3.5085976,-2.0113721,0.51743549,0.6039691,-0.60620278,0
-2.4869332,5.3077645,-0.92385006,-0.84225571,0.484642,-0.23606658,0
-4.7313538,-2.1053369,-1.2753502,-0.51743549,-0.6039691,0.60620278,0
-1.3272278,-2.9864545,-2.2802,-0.15121436,-0.63272697,-0.75946748,0
-1.4824471,5.1211491,1.1646981,0.15121436,0.63272697,0.75946748,0
1.8242307,-0.50030398,5.3999095,0.15121436,0.63272697,0.75946748,0
3.6686311,1.9062123,3.0711784,0.15121436,0.63272697,0.75946748,0
4.9146085,-0.082573652,4.0442958,0.84225571,-0.484642,0.23606658,0
3.7290571,-4.4052696,-1.5069013,0.84225571,-0.484642,0.23606658,0
3.4623508,-4.7990713,-1.7221718,0.84225571,-0.484642,0.23606658,0
-5.3793445,1.3911028,1.5974543,-0.84225571,0.484642,-0.23606658,0
-2.8986516,2.0284925,4.1524849,0.15121436,0.63272697,0.75946748,0
4.4103336,-3.066597,-1.500391,0.84225571,-0.484642,0.23606658,0
-0.941432,3.1508904,-2.575994,0.51743549,0.6039691,-0.60620278,0
-1.0339576,0.20985031,-5.2394242,-0.15121436,-0.63272697,-0.75946748,0
-4.025435,-0.12362051,1.1965897,-0.51743549,-0.6039691,0.60620278,0
-3.6465657,4.8424702,1.1550031,-0.84225571,0.484642,-0.23606658,0
4.2966394,-3.035955,-0.84467936,0.84225571,-0.484642,0.23606658,0
0.44645745,-1.3475692,3.9450135,-0.51743549,-0.6039691,0.60620278,0
-2.0240469,-1.4223541,-3.8432736,-0.15121436,-0.63272697,-0.75946748,0
-3.9897757,2.5706103,-1.3540127,-0.84225571,0.484642,-0.23606658,0
-0.77886206,-1.6957598,2.4913018,-0.51743549,-0.6039691,0.60620278,0
-2.163908,-1.2584065,-3.8646939,-0.15121436,-0.63272697,-0.75946748,0
3.1317956,-4.7325082,-0.42210627,0.84225571,-0.484642,0.23606658,0
-0.31549716,1.8499,3.966316,0.15121436,0.63272697,0.75946748,0
4.8302941,0.61439657,-0.17235923,0.51743549,0.6039691,-0.60620278,0
-1.0622871,0.59612179,4.8748212,-0.51743549,-0.6039691,0.60620278,0
-3.7615988,-2.5378234,-2.2322099,-0.15121436,-0.63272697,-0.75946748,0
-3.3827097,3.266706,3.1362123,0.15121436,0.63272697,0.75946748,0
-4.4132504,2.7555854,0.28361797,-0.84225571,0.484642,-0.23606658,0
-1.4057417,4.8096027,1.3499088,0.15121436,0.63272697,0.75946748,0
-4.7784581,1.7040613,-0.49259782,-0.84225571,0.484642,-0.23606658,0
4.5522289,-1.7518392,1.6500874,0.84225571,-0.484642,0.23606658,0
0.51012325,-1.0785041,-4.3788819,-0.15121436,-0.63272697,-0.75946748,0
-2.8890402,5.2209511,0.18774891,-0.84225571,0.484642,-0.23606658,0
5.1107225,-2.4408102,-3.204875,0.51743549,0.6039691,-0.60620278,0
-4.2516665,0.6596396,-5.0297923,-0.15121436,-0.63272697,-0.75946748,0
2.2554395,-0.58849001,-3.4288499,0.51743549,0.6039691,-0.60620278,0
-0.98355514,2.5164459,-3.6071248,0.51743549,0.6039691,-0.60620278,0
2.0592701,1.9352472,-1.0506988,0.51743549,0.6039691,-0.60620278,0
1.1093127,2.4125397,-1.589278,0.51743549,0.6039691,-0.60620278,0
-5.8387718,-0.76649189,-1.5306585,-0.84225571,0.484642,-0.23606658,0
4.9616227,-0.17382145,-0.58408761,0.51743549,0.6039691,-0.60620278,0
5.007237,-2.7821503,-3.2111983,0.84225571,-0.484642,0.23606658,0
4.3105464,-0.98265058,3.6788163,0.84225571,-0.484642,0.23606658,0
-4.1058135,0.42225355,-4.7445207,-0.15121436,-0.63272697,-0.75946748,0
3.8359084,3.245749,1.6221018,0.51743549,0.6039691,-0.60620278,0
3.9766562,-0.96905327,-2.4852691,0.51743549,0.6039691,-0.60620278,0
2.0774632,-0.68887043,5.4317265,0.15121436,0.63272697,0.75946748,0
5.0507364,-0.51384187,2.2250342,0.84225571,-0.484642,0.23606658,0
5.3011923,1.3244259,0.81985474,0.51743549,0.6039691,-0.60620278,0
-3.3855443,3.7284756,-0.74269152,-0.84225571,0.484642,-0.23606658,0
5.6302452,0.036826372,1.5322163,0.84225571,-0.484642,0.23606658,0
1.9754837,-1.55476,-4.3394198,-0.15121436,-0.63272697,-0.75946748,0
2.3434682,-6.1930981,0.21397305,0.84225571,-0.484642,0.23606658,0
-1.5640266,2.2503757,3.8925214,0.15121436,0.63272697,0.75946748,0
-1.9284925,-1.9880928,-3.2265286,-0.15121436,-0.63272697,-0.75946748,0
-5.4979658,1.0423656,0.53103566,-0.84225571,0.484642,-0.23606658,0
-4.8219934,0.86448795,-2.9286077,-0.84225571,0.484642,-0.23606658,0
-2.7966478,5.0586772,-1.0257478,-0.84225571,0.484642,-0.23606658,0
-3.7484014,1.5385823,-4.4872851,-0.84225571,0.484642,-0.23606658,0
-3.5771391,1.7485499,-4.7614145,-0.84225571,0.484642,-0.23606658,0
-5.7958374,-2.0657501,-1.9688165,-0.51743549,-0.6039691,0.60620278,0
-4.45579,3.6757269,2.1480107,-0.84225571,0.484642,-0.23606658,0
-0.32359409,5.8592095,0.33321142,0.51743549,0.6039691,-0.60620278,0
1.3834596,3.2633481,-0.37498891,0.51743549,0.6039691,-0.60620278,0
1.8103603,1.326674,-2.0691805,0.51743549,0.6039691,-0.60620278,0
-0.0064125061,4.5564051,-0.74225831,0.51743549,0.6039691,-0.60620278,0
1.2154527,-2.4759836,3.7692745,-0.51743549,-0.6039691,0.60620278,0
2.588469,-0.93535376,-3.6284947,0.51743549,0.6039691,-0.60620278,0
-4.3276777,2.0550258,-2.0566065,-0.84225571,0.484642,-0.23606658,0
4.2323532,-0.58264506,4.2650166,0.84225571,-0.484642,0.23606658,0
5.8760166,1.6402488,1.5094843,0.51743549,0.6039691,-0.60620278,0
-5.1639953,-0.36958468,-3.5183165,-0.84225571,0.484642,-0.23606658,0
-4.6941381,2.4023156,0.005959034,-0.84225571,0.484642,-0.23606658,0
-0.98076236,-2.959198,1.0563422,-0.51743549,-0.6039691,0.60620278,0
-4.9849024,2.434834,1.5338125,-0.84225571,0.484642,-0.23606658,0
-2.3274987,0.79700565,3.5967119,-0.51743549,-0.6039691,0.60620278,0
0.13915348,-3.3166826,-2.762012,-0.15121436,-0.63272697,-0.75946748,0
-5.455667,0.36996961,-0.72310019,-0.84225571,0.484642,-0.23606658,0
1.9250665,-6.3997951,-0.06458807,-0.15121436,-0.63272697,-0.75946748,0
-2.1904883,3.460968,-3.1318944,0.51743549,0.6039691,-0.60620278,0
-0.48480797,-2.9605236,1.8751656,-0.51743549,-0.6039691,0.60620278,0
4.171423,-2.5945816,0.19271326,0.84225571,-0.484642,0.23606658,0
1.392695,4.9459543,1.0140252,0.15121436,0.63272697,0.75946748,0
-2.4460263,3.5679064,2.7238879,0.15121436,0.63272697,0.75946748,0
-3.3616683,3.6989734,-2.3340871,-0.84225571,0.484642,-0.23606658,0
-0.42060494,-2.2761416,-3.4594569,-0.15121436,-0.63272697,-0.75946748,0
1.5937952,-0.84564352,5.5955744,-0.51743549,-0.6039691,0.60620278,0
5.1358094,-0.77232981,1.2244935,0.84225571,-0.484642,0.23606658,0
-4.4819503,1.7609167,2.6857078,-0.51743549,-0.6039691,0.60620278,0
-0.65025949,5.3500772,-0.051015854,0.51743549,0.6039691,-0.60620278,0
0.6603446,-4.5195723,0.94273162,-0.51743549,-0.6039691,0.60620278,0
2.2330003,1.5349718,3.3390634,0.15121436,0.63272697,0.75946748,0
5.6647701,-0.75351524,-0.69982409,0.84225571,-0.484642,0.23606658,0
-3.7252083,-0.41609764,1.6109967,-0.51743549,-0.6039691,0.60620278,0
-3.3402522,-3.6499901,-1.7786676,-0.15121436,-0.63272697,-0.75946748,0
-2.8683999,-2.1425471,-3.0287747,-0.15121436,-0.63272697,-0.75946748,0
-2.9406967,5.3148952,-0.47251797,-0.84225571,0.484642,-0.23606658,0
0.61135817,-2.4020066,-3.6039805,-0.15121436,-0.63272697,-0.75946748,0
-1.6988444,-4.1862335,-0.8389554,-0.51743549,-0.6039691,0.60620278,0
-0.034767628,-0.81497955,-4.5337462,-0.15121436,-0.63272697,-0.75946748,0
0.76343513,3.4692395,-0.51454401,0.51743549,0.6039691,-0.60620278,0
-0.39453173,-5.1845961,-0.73468709,-0.15121436,-0.63272697,-0.75946748,0
2.2803607,-5.4778423,-1.2056022,-0.15121436,-0.63272697,-0.75946748,0
