2.9172869,-1.386404,-3.7066219,0.099602476,0.095553704,-0.99042892,0
2.2057455,3.286799,4.200491,0.98560143,0.12720978,0.11138984,0
1.4973278,4.0466709,2.5237913,-0.13663566,0.98726261,0.081507474,0
1.5970478,1.0090542,4.1175022,-0.099602476,-0.095553704,0.99042892,0
1.5446019,-3.941365,0.69928598,0.13663566,-0.98726261,-0.081507474,0
-2.6619451,-3.068614,-0.17453063,-0.98560143,-0.12720978,-0.11138984,0
-3.4315307,3.2750707,1.3786982,-0.98560143,-0.12720978,-0.11138984,0
0.72453427,-3.8715563,-2.522697,0.13663566,-0.98726261,-0.081507474,0
2.8720315,4.249023,-1.9665782,0.98560143,0.12720978,0.11138984,0
3.014261,-2.600575,3.3811796,0.98560143,0.12720978,0.11138984,0
-1.1280112,-4.0229697,3.623754,-0.099602476,-0.095553704,0.99042892,0
1.0588262,3.2302182,-3.5515413,0.099602476,0.095553704,-0.99042892,0
-1.3965772,0.91625679,-4.2092195,0.099602476,0.095553704,-0.99042892,0
-1.9650463,2.8140213,-4.1590676,0.099602476,0.095553704,-0.99042892,0
-1.9096019,2.7472441,-3.8786893,0.099602476,0.095553704,-0.99042892,0
2.2729285,0.03797245,-3.9050722,0.099602476,0.095553704,-0.99042892,0
-2.3573449,-3.1369557,-4.0617628,-0.98560143,-0.12720978,-0.11138984,0
3.0381079,-1.3114848,2.7188919,0.98560143,0.12720978,0.11138984,0
2.7391326,-3.6363947,-0.66981888,0.13663566,-0.98726261,-0.081507474,0
-2.734596,0.16339278,3.8098497,-0.099602476,-0.095553704,0.99042892,0
2.4876945,0.079161644,4.3185787,0.98560143,0.12720978,0.11138984,0
2.6710739,3.8959751,-3.5793557,0.099602476,0.095553704,-0.99042892,0
-2.4935985,-3.7872167,-1.7461572,-0.98560143,-0.12720978,-0.11138984,0
0.93329835,-3.6065714,-3.7116544,0.13663566,-0.98726261,-0.081507474,0
2.6025975,-0.50923085,2.8648808,0.98560143,0.12720978,0.11138984,0
3.1966314,-0.24713492,-0.90156972,0.98560143,0.12720978,0.11138984,0
2.3650901,3.6751235,1.4915597,0.98560143,0.12720978,0.11138984,0
1.8247528,-3.2630353,4.0952582,-0.099602476,-0.095553704,0.99042892,0
-1.0619762,1.1771982,3.9954445,-0.099602476,-0.095553704,0.99042892,0
1.6237941,4.6028285,-3.2987037,0.099602476,0.095553704,-0.99042892,0
-0.35002756,-4.0422568,-2.4304838,0.13663566,-0.98726261,-0.081507474,0
-2.5979745,-4.5133023,0.97035098,0.13663566,-0.98726261,-0.081507474,0
-2.9664464,0.60235786,-2.2451868,-0.98560143,-0.12720978,-0.11138984,0
-0.089204073,-3.3060718,3.7980666,-0.099602476,-0.095553704,0.99042892,0
0.91703558,-1.9229808,3.9654965,-0.099602476,-0.095553704,0.99042892,0
2.7864189,-2.606863,-3.980454,0.099602476,0.095553704,-0.99042892,0
-2.546818,-3.9377208,0.18415415,-0.98560143,-0.12720978,-0.11138984,0
1.9227316,-3.7345693,-0.61575305,0.13663566,-0.98726261,-0.081507474,0
-0.11071157,3.9113982,3.1998918,-0.13663566,0.98726261,0.081507474,0
-3.1225233,2.3111157,-2.3723865,-0.98560143,-0.12720978,-0.11138984,0
1.9689643,-3.7667186,0.60887277,0.13663566,-0.98726261,-0.081507474,0
-3.430563,1.7319832,2.9357109,-0.98560143,-0.12720978,-0.11138984,0
-0.96464348,-4.0664234,-3.3843367,0.13663566,-0.98726261,-0.081507474,0
-2.1888559,-4.2396936,-0.78092754,0.13663566,-0.98726261,-0.081507474,0
-1.1011194,-1.0441335,3.9235601,-0.099602476,-0.095553704,0.99042892,0
0.26562929,-3.8576033,-0.17962784,0.13663566,-0.98726261,-0.081507474,0
2.8345757,-0.81381273,1.6186135,0.98560143,0.12720978,0.11138984,0
1.0010717,2.4081395,4.350287,-0.099602476,-0.095553704,0.99042892,0
-0.94368684,1.4681685,4.0108905,-0.099602476,-0.095553704,0.99042892,0
2.9695802,-3.8720951,1.7585288,0.13663566,-0.98726261,-0.081507474,0
2.3274455,4.4470987,-3.5669069,0.099602476,0.095553704,-0.99042892,0
2.8971829,0.1642189,-0.54443693,0.98560143,0.12720978,0.11138984,0
-0.52606153,-4.3935094,3.5055323,-0.099602476,-0.095553704,0.99042892,0
-2.0297613,-4.0827489,-3.8098667,0.13663566,-0.98726261,-0.081507474,0
-0.23816347,-4.0137649,-1.4104984,0.13663566,-0.98726261,-0.081507474,0
1.6484551,-3.4606099,-3.5000441,0.13663566,-0.98726261,-0.081507474,0
1.2792807,-3.9311979,-1.2780983,0.13663566,-0.98726261,-0.081507474,0
-0.20629263,-4.1642976,-1.0438582,0.13663566,-0.98726261,-0.081507474,0
0.5148592,4.0658092,0.90648711,-0.13663566,0.98726261,0.081507474,0
0.31786418,4.1515265,-1.110337,-0.13663566,0.98726261,0.081507474,0
2.4411566,-3.7284274,0.55228114,0.13663566,-0.98726261,-0.081507474,0
-2.5971467,-2.3093331,-1.9541535,-0.98560143,-0.12720978,-0.11138984,0
2.3720963,4.4211259,-0.65335369,0.98560143,0.12720978,0.11138984,0
-0.9195354,3.7992523,2.6788871,-0.13663566,0.98726261,0.081507474,0
0.41813183,-2.8950343,-4.2893276,0.099602476,0.095553704,-0.99042892,0
-3.3144307,3.605401,-1.4905742,-0.98560143,-0.12720978,-0.11138984,0
3.9909616,-2.9143622,-3.7019649,0.98560143,0.12720978,0.11138984,0
-0.80955458,-3.1859789,3.6152434,-0.099602476,-0.095553704,0.99042892,0
-2.7060866,-4.3605556,2.9186478,-0.98560143,-0.12720978,-0.11138984,0
-2.2418611,-0.6058979,-4.3126488,0.099602476,0.095553704,-0.99042892,0
3.2645917,-1.028909,0.16330534,0.98560143,0.12720978,0.11138984,0
-2.4442697,3.8518968,-3.716723,0.099602476,0.095553704,-0.99042892,0
-1.7796693,-4.0722628,-3.4470549,0.13663566,-0.98726261,-0.081507474,0
2.9485037,-3.3926961,4.0967579,-0.099602476,-0.095553704,0.99042892,0
0.89098144,-3.5983722,-2.9517272,0.13663566,-0.98726261,-0.081507474,0
-2.6564832,-4.0075169,2.4816482,-0.98560143,-0.12720978,-0.11138984,0
-0.84614611,4.0223355,1.0841302,-0.13663566,0.98726261,0.081507474,0
-0.79327512,-2.7387397,-4.4877729,0.099602476,0.095553704,-0.99042892,0
-0.44957066,-3.7571571,-2.1211965,0.13663566,-0.98726261,-0.081507474,0
2.5701485,1.4279134,2.0189366,0.98560143,0.12720978,0.11138984,0
1.1528175,-3.8333964,-1.7447331,0.13663566,-0.98726261,-0.081507474,0
-2.8526101,3.532619,1.7364787,-0.13663566,0.98726261,0.081507474,0
-2.8360846,-4.5419316,3.2121749,0.13663566,-0.98726261,-0.081507474,0
2.279923,-2.957942,-3.9984097,0.099602476,0.095553704,-0.99042892,0
-3.0470648,1.0267467,-1.1273879,-0.98560143,-0.12720978,-0.11138984,0
-2.1182024,2.8973756,4.1647797,-0.099602476,-0.095553704,0.99042892,0
2.682096,-2.1296844,-3.8066497,0.099602476,0.095553704,-0.99042892,0
2.6731117,-0.9252367,3.5480604,0.98560143,0.12720978,0.11138984,0
-1.9241593,-0.26094675,-4.428638,0.099602476,0.095553704,-0.99042892,0
1.2255249,0.023994923,4.0649681,-0.099602476,-0.095553704,0.99042892,0
1.1442058,-3.8101578,-2.9941969,0.13663566,-0.98726261,-0.081507474,0
1.6605117,-3.77525,-0.2929455,0.13663566,-0.98726261,-0.081507474,0
-1.9830523,3.6821299,0.71884763,-0.13663566,0.98726261,0.081507474,0
3.418432,-2.6460831,-1.9359968,0.98560143,0.12720978,0.11138984,0
1.851845,-3.9894824,1.4705994,0.13663566,-0.98726261,-0.081507474,0
-2.7241514,0.5414505,-2.8464189,-0.98560143,-0.12720978,-0.11138984,0
-0.92537689,-1.1429051,4.0011678,-0.099602476,-0.095553704,0.99042892,0
-0.48545814,4.1450996,-2.6640706,-0.13663566,0.98726261,0.081507474,0
-2.3198688,-1.9173331,-3.2570558,-0.98560143,-0.12720978,-0.11138984,0
-1.7868006,3.4185858,3.73997,-0.13663566,0.98726261,0.081507474,0
-2.3092797,-2.4877903,-1.9535238,-0.98560143,-0.12720978,-0.11138984,0
-1.6946683,-4.291512,-1.6962605,0.13663566,-0.98726261,-0.081507474,0
0.49012566,-4.2601452,1.8756247,0.13663566,-0.98726261,-0.081507474,0
3.2049167,-2.9690273,-3.939095,0.099602476,0.095553704,-0.99042892,0
2.9205484,-3.1059816,4.094842,-0.099602476,-0.095553704,0.99042892,0
2.7769959,-1.1569824,3.4380383,0.98560143,0.12720978,0.11138984,0
3.2760973,-1.4469801,-3.7890353,0.099602476,0.095553704,-0.99042892,0
-0.78003478,3.9755452,-2.7276824,-0.13663566,0.98726261,0.081507474,0
-3.5639672,2.1688688,3.9066291,-0.099602476,-0.095553704,0.99042892,0
0.83201051,3.8183088,-3.7632785,0.099602476,0.095553704,-0.99042892,0
-3.2756433,2.0987396,-0.77414739,-0.98560143,-0.12720978,-0.11138984,0
-2.6434236,3.4351225,-4.0181794,0.099602476,0.095553704,-0.99042892,0
-2.8795857,-3.8852046,1.6098635,-0.98560143,-0.12720978,-0.11138984,0
1.1028707,4.2767243,-1.4514172,-0.13663566,0.98726261,0.081507474,0
-0.42358077,-0.52724582,4.1428814,-0.099602476,-0.095553704,0.99042892,0
2.0120394,0.45923376,-3.9269323,0.099602476,0.095553704,-0.99042892,0
-3.2556553,1.9661283,4.0766115,-0.099602476,-0.095553704,0.99042892,0
-2.2423568,0.18476701,-4.3889389,0.099602476,0.095553704,-0.99042892,0
-1.482852,-4.3770189,2.5832846,0.13663566,-0.98726261,-0.081507474,0
0.4638359,-0.043511152,4.0178938,-0.099602476,-0.095553704,0.99042892,0
2.3353205,2.454942,-3.736474,0.099602476,0.095553704,-0.99042892,0
2.5039389,1.2764387,3.5005403,0.98560143,0.12720978,0.11138984,0
1.4687681,4.1176672,2.9525378,-0.13663566,0.98726261,0.081507474,0
-1.4568219,3.7185845,3.1403766,-0.13663566,0.98726261,0.081507474,0
-3.3667958,-1.2054808,3.1457,-0.98560143,-0.12720978,-0.11138984,0
0.728405,3.5479097,4.4703894,-0.099602476,-0.095553704,0.99042892,0
-2.2014275,-2.3570473,-2.9779263,-0.98560143,-0.12720978,-0.11138984,0
0.72589445,4.2224226,1.1347344,-0.13663566,0.98726261,0.081507474,0
-0.47215438,-4.3903232,2.9621201,0.13663566,-0.98726261,-0.081507474,0
3.3667879,-1.6132287,0.4948414,0.98560143,0.12720978,0.11138984,0
3.2242122,-3.634891,1.2618243,0.13663566,-0.98726261,-0.081507474,0
-0.64282191,2.6059599,-3.9070926,0.099602476,0.095553704,-0.99042892,0
3.0369244,2.9436922,-2.6582682,0.98560143,0.12720978,0.11138984,0
2.8769469,-2.1470077,4.0031643,-0.099602476,-0.095553704,0.99042892,0
-0.86348659,0.11895401,3.906791,-0.099602476,-0.095553704,0.99042892,0
-0.1990056,-4.0314279,-2.0553331,0.13663566,-0.98726261,-0.081507474,0
2.9374044,-2.0825233,3.7483022,0.98560143,0.12720978,0.11138984,0
1.0144892,4.1198902,-0.64498389,-0.13663566,0.98726261,0.081507474,0
1.881511,-3.5540967,-1.5601369,0.13663566,-0.98726261,-0.081507474,0
3.4968724,-2.6108747,0.5030843,0.98560143,0.12720978,0.11138984,0
-2.6056595,-0.73343849,-2.508132,-0.98560143,-0.12720978,-0.11138984,0
-2.2612572,-4.2745671,-1.1493107,-0.98560143,-0.12720978,-0.11138984,0
-3.7477007,1.9582932,2.3265848,-0.98560143,-0.12720978,-0.11138984,0
-3.6443329,1.7541372,3.6011817,-0.98560143,-0.12720978,-0.11138984,0
2.7423744,0.32361007,3.9945195,0.98560143,0.12720978,0.11138984,0
1.1996877,4.1671968,-0.79855418,-0.13663566,0.98726261,0.081507474,0
-2.4659116,-4.4958878,3.2574286,0.13663566,-0.98726261,-0.081507474,0
-3.3726768,3.6581869,0.63041419,-0.13663566,0.98726261,0.081507474,0
3.3050497,-0.033561707,-0.50979578,0.98560143,0.12720978,0.11138984,0
0.74591541,0.53088498,-3.8996696,0.099602476,0.095553704,-0.99042892,0
3.2035294,0.78817391,-1.5359926,0.98560143,0.12720978,0.11138984,0
-1.2404315,-2.3356662,-4.4070482,0.099602476,0.095553704,-0.99042892,0
-2.9748747,3.5013967,0.19928777,-0.13663566,0.98726261,0.081507474,0
3.7180882,-3.4346533,-2.5791452,0.13663566,-0.98726261,-0.081507474,0
1.3895135,4.2044659,1.8926179,-0.13663566,0.98726261,0.081507474,0
1.0338219,-1.904287,3.93295,-0.099602476,-0.095553704,0.99042892,0
-1.6637115,-4.1441998,0.34326804,0.13663566,-0.98726261,-0.081507474,0
1.760676,2.3429217,-3.5873771,0.099602476,0.095553704,-0.99042892,0
-0.022367954,1.4620355,4.2062712,-0.099602476,-0.095553704,0.99042892,0
-2.2712913,3.8623986,-0.72454989,-0.13663566,0.98726261,0.081507474,0
-2.4336059,-1.9871588,-1.7911501,-0.98560143,-0.12720978,-0.11138984,0
2.6396794,0.93889475,2.5009,0.98560143,0.12720978,0.11138984,0
-3.2577846,2.3094125,0.10382181,-0.98560143,-0.12720978,-0.11138984,0
-2.4629798,-1.9963236,3.4273615,-0.099602476,-0.095553704,0.99042892,0
-0.5773313,-2.8848085,-4.4981756,0.099602476,0.095553704,-0.99042892,0
-3.2020078,0.9379499,-0.55113584,-0.98560143,-0.12720978,-0.11138984,0
-2.9220099,-2.1939445,2.9449825,-0.98560143,-0.12720978,-0.11138984,0
-0.87966394,-4.0619526,-2.3383756,0.13663566,-0.98726261,-0.081507474,0
2.2869291,4.5479016,-0.35673559,-0.13663566,0.98726261,0.081507474,0
-2.6460555,-4.0117769,0.39370823,-0.98560143,-0.12720978,-0.11138984,0
-2.8535473,0.89838243,-3.7041864,-0.98560143,-0.12720978,-0.11138984,0
0.3463237,-1.1003499,3.9831882,-0.099602476,-0.095553704,0.99042892,0
-2.9822326,3.6042414,2.1275504,-0.13663566,0.98726261,0.081507474,0
-2.77651,-3.5197508,3.3403525,-0.099602476,-0.095553704,0.99042892,0
-3.5110729,3.4281831,-0.97450268,-0.98560143,-0.12720978,-0.11138984,0
-0.13180447,4.2961893,-1.2819397,-0.13663566,0.98726261,0.081507474,0
-0.22840166,3.845664,3.7506485,-0.13663566,0.98726261,0.081507474,0
-1.9411851,3.6677477,-0.31369168,-0.13663566,0.98726261,0.081507474,0
-3.1603563,3.8664706,-4.0655737,-0.13663566,0.98726261,0.081507474,0
-1.9759102,-3.7588518,-4.5514326,0.13663566,-0.98726261,-0.081507474,0
1.9605844,-1.4220648,-4.1217036,0.099602476,0.095553704,-0.99042892,0
1.1077633,-1.5854675,3.9841971,-0.099602476,-0.095553704,0.99042892,0
-3.1135316,-0.42341137,1.7837734,-0.98560143,-0.12720978,-0.11138984,0
1.5256977,4.1714153,3.4423745,-0.13663566,0.98726261,0.081507474,0
-1.8988928,2.4182439,-3.9718378,0.099602476,0.095553704,-0.99042892,0
2.076498,0.29417288,-3.6393588,0.099602476,0.095553704,-0.99042892,0
-2.4782591,2.3081183,3.9709327,-0.099602476,-0.095553704,0.99042892,0
-3.9372816,2.4782753,3.4211912,-0.98560143,-0.12720978,-0.11138984,0
-2.2916765,-4.2045641,-0.13449585,-0.98560143,-0.12720978,-0.11138984,0
2.1956511,4.078835,1.1906698,0.98560143,0.12720978,0.11138984,0
2.8816164,-1.6970978,2.4393559,0.98560143,0.12720978,0.11138984,0
3.3735266,-0.37032485,-3.5053103,0.98560143,0.12720978,0.11138984,0
1.0971959,-3.511219,-2.6610894,0.13663566,-0.98726261,-0.081507474,0
-2.8469512,0.21693373,-2.3655,-0.98560143,-0.12720978,-0.11138984,0
3.3297586,-0.62540627,-1.999105,0.98560143,0.12720978,0.11138984,0
1.0542531,-2.6401482,-4.0752387,0.099602476,0.095553704,-0.99042892,0
-2.2245839,3.4528422,-3.9886503,0.099602476,0.095553704,-0.99042892,0
1.9707155,-0.39645743,4.2086487,-0.099602476,-0.095553704,0.99042892,0
-3.4596193,2.8076825,3.9583588,-0.099602476,-0.095553704,0.99042892,0
2.2175219,3.0342736,3.1829607,0.98560143,0.12720978,0.11138984,0
-2.365766,-3.5299687,-1.2067728,-0.98560143,-0.12720978,-0.11138984,0
-0.86387229,3.4738221,3.1298542,-0.13663566,0.98726261,0.081507474,0
2.8932481,-0.40640354,2.7380023,0.98560143,0.12720978,0.11138984,0
-1.3762062,4.2464008,-2.7905869,-0.13663566,0.98726261,0.081507474,0
-1.9923172,-2.2966278,-4.5191469,0.099602476,0.095553704,-0.99042892,0
-2.1499915,-4.1027927,-1.0018605,0.13663566,-0.98726261,-0.081507474,0
1.806529,-3.0992463,-4.3535976,0.099602476,0.095553704,-0.99042892,0
-2.753839,-0.97593284,-0.8827399,-0.98560143,-0.12720978,-0.11138984,0
2.9168048,-0.21397328,0.74438369,0.98560143,0.12720978,0.11138984,0
2.0800226,1.5297313,4.3689594,-0.099602476,-0.095553704,0.99042892,0
-1.0820479,3.7830443,0.30738944,-0.13663566,0.98726261,0.081507474,0
-1.2944574,-4.4673319,1.0509336,0.13663566,-0.98726261,-0.081507474,0
3.8702993,-3.2434735,-2.849277,0.13663566,-0.98726261,-0.081507474,0
3.6139772,-3.432683,-2.1593144,0.13663566,-0.98726261,-0.081507474,0
1.4686935,-3.4587772,-2.3171244,0.13663566,-0.98726261,-0.081507474,0
0.3117857,3.7427149,-3.4798822,0.099602476,0.095553704,-0.99042892,0
1.6997275,-3.6103916,-3.6343629,0.13663566,-0.98726261,-0.081507474,0
2.8966136,3.6720181,-3.2381687,0.099602476,0.095553704,-0.99042892,0
2.9763632,-1.7193451,3.063247,0.98560143,0.12720978,0.11138984,0
1.0606837,1.589395,4.4505777,-0.099602476,-0.095553704,0.99042892,0
1.4449809,-3.178812,4.0572166,-0.099602476,-0.095553704,0.99042892,0
0.24195719,4.0931549,0.86156368,-0.13663566,0.98726261,0.081507474,0
2.1069176,4.5611763,-1.6743269,-0.13663566,0.98726261,0.081507474,0
2.5626135,3.8257625,-3.3668346,0.099602476,0.095553704,-0.99042892,0
-1.6423589,1.0257361,3.7723253,-0.099602476,-0.095553704,0.99042892,0
-2.095578,1.7230397,-4.2217574,0.099602476,0.095553704,-0.99042892,0
1.8253523,-3.9867153,3.9015675,-0.099602476,-0.095553704,0.99042892,0
-1.2226236,3.6526637,0.5419932,-0.13663566,0.98726261,0.081507474,0
-1.1705103,1.1268443,4.0098639,-0.099602476,-0.095553704,0.99042892,0
-2.1023872,2.0272884,-3.9408622,0.099602476,0.095553704,-0.99042892,0
-2.8823144,-1.52019,-0.17607757,-0.98560143,-0.12720978,-0.11138984,0
3.3268626,-0.54740286,-3.6950469,0.099602476,0.095553704,-0.99042892,0
-2.7392001,1.6814997,-3.7510285,-0.98560143,-0.12720978,-0.11138984,0
1.6660829,-0.21566129,3.9903674,-0.099602476,-0.095553704,0.99042892,0
-3.3060234,-0.80202985,1.810879,-0.98560143,-0.12720978,-0.11138984,0
2.1249962,-3.4630685,-2.4344797,0.13663566,-0.98726261,-0.081507474,0
2.7270188,-0.2112298,-3.6793833,0.099602476,0.095553704,-0.99042892,0
-0.075379372,-4.0643854,-0.85743362,0.13663566,-0.98726261,-0.081507474,0
-3.2879534,0.86052775,1.2444302,-0.98560143,-0.12720978,-0.11138984,0
2.4280248,-3.7282562,-1.6420819,0.13663566,-0.98726261,-0.081507474,0
-1.7415806,-0.30157351,-4.1904116,0.099602476,0.095553704,-0.99042892,0
-2.8685646,2.8882115,-4.2188001,0.099602476,0.095553704,-0.99042892,0
0.47720385,4.2495999,0.38949007,-0.13663566,0.98726261,0.081507474,0
-2.8114989,-0.051913023,-0.62528414,-0.98560143,-0.12720978,-0.11138984,0
1.3599758,-1.9054352,3.7917838,-0.099602476,-0.095553704,0.99042892,0
-0.42474937,-1.2819974,3.9388862,-0.099602476,-0.095553704,0.99042892,0
2.9053679,-0.78643274,0.55328596,0.98560143,0.12720978,0.11138984,0
0.40739346,-4.0144906,1.1828511,0.13663566,-0.98726261,-0.081507474,0
-2.8478577,0.12975216,-2.6333337,-0.98560143,-0.12720978,-0.11138984,0
2.0292931,4.3990135,-0.32931161,-0.13663566,0.98726261,0.081507474,0
-2.0192335,-3.4739475,3.6001449,-0.099602476,-0.095553704,0.99042892,0
-1.9388869,2.219265,-4.1460071,0.099602476,0.095553704,-0.99042892,0
-2.7830865,3.706625,1.506168,-0.13663566,0.98726261,0.081507474,0
0.44767046,-2.012495,4.0592713,-0.099602476,-0.095553704,0.99042892,0
2.2072158,3.9144008,3.2361956,0.98560143,0.12720978,0.11138984,0
-2.7189908,3.3591542,2.5023053,-0.13663566,0.98726261,0.081507474,0
3.6292775,-3.5268102,-2.2332015,0.13663566,-0.98726261,-0.081507474,0
-0.55130243,4.3021526,-1.5853965,-0.13663566,0.98726261,0.081507474,0
3.7089427,-3.3648415,-1.0018654,0.13663566,-0.98726261,-0.081507474,0
2.5008705,2.6065001,0.39739197,0.98560143,0.12720978,0.11138984,0
-1.228106,-3.8681066,-2.2657256,0.13663566,-0.98726261,-0.081507474,0
0.70617843,-0.45786762,-3.8960452,0.099602476,0.095553704,-0.99042892,0
-1.1669803,2.193882,-3.8835595,0.099602476,0.095553704,-0.99042892,0
0.91544008,3.2848287,-3.636281,0.099602476,0.095553704,-0.99042892,0
-2.3910315,-2.3836527,-2.3928556,-0.98560143,-0.12720978,-0.11138984,0
2.6386011,2.781929,1.1269773,0.98560143,0.12720978,0.11138984,0
-0.80619073,-3.6955154,3.7356386,-0.099602476,-0.095553704,0.99042892,0
1.1204351,-0.17366567,-3.9972086,0.099602476,0.095553704,-0.99042892,0
2.9005806,1.4688432,-1.7312455,0.98560143,0.12720978,0.11138984,0
-2.06849,3.9001026,-3.6775677,-0.13663566,0.98726261,0.081507474,0
3.0910857,-1.1741887,-0.030454665,0.98560143,0.12720978,0.11138984,0
1.863265,-3.7104793,-1.9377477,0.13663566,-0.98726261,-0.081507474,0
-0.914572,4.068203,-0.50115907,-0.13663566,0.98726261,0.081507474,0
-2.5642426,-3.2386944,-0.62685257,-0.98560143,-0.12720978,-0.11138984,0
-0.93614888,-4.4695377,1.7319465,0.13663566,-0.98726261,-0.081507474,0
2.0043082,3.1774161,-3.7163305,0.099602476,0.095553704,-0.99042892,0
1.9606651,-3.7987547,1.5653063,0.13663566,-0.98726261,-0.081507474,0
-1.337481,-4.5530782,1.8507986,0.13663566,-0.98726261,-0.081507474,0
-0.48723435,-3.4914796,3.8131623,-0.099602476,-0.095553704,0.99042892,0
-2.730643,0.63250685,-2.6998782,-0.98560143,-0.12720978,-0.11138984,0
1.1716554,-3.9364994,-1.238169,0.13663566,-0.98726261,-0.081507474,0
-0.88664699,4.3911281,-3.674037,-0.13663566,0.98726261,0.081507474,0
3.1542954,-3.6962848,-1.0481555,0.13663566,-0.98726261,-0.081507474,0
3.1014466,-3.5235,0.17491153,0.13663566,-0.98726261,-0.081507474,0
-0.23506749,-0.527879,3.8654583,-0.099602476,-0.095553704,0.99042892,0
2.6377838,1.3284836,3.0278878,0.98560143,0.12720978,0.11138984,0
-2.9565289,3.2263119,-3.2756782,-0.98560143,-0.12720978,-0.11138984,0
-1.2555037,-2.9753368,-4.5931406,0.099602476,0.095553704,-0.99042892,0
-2.112051,0.44026375,-4.2131872,0.099602476,0.095553704,-0.99042892,0
-3.6969981,3.4373055,3.484457,-0.13663566,0.98726261,0.081507474,0
1.9944365,-1.8670821,4.1216207,-0.099602476,-0.095553704,0.99042892,0
-1.5824087,-4.1470528,0.14828467,0.13663566,-0.98726261,-0.081507474,0
-1.0889604,3.7674723,0.53343296,-0.13663566,0.98726261,0.081507474,0
-2.3597684,3.2969532,4.15627,-0.099602476,-0.095553704,0.99042892,0
0.66595387,3.634939,-3.633934,0.099602476,0.095553704,-0.99042892,0
-2.5133269,-4.6924605,1.6264844,0.13663566,-0.98726261,-0.081507474,0
3.0402293,3.0884101,-2.988102,0.98560143,0.12720978,0.11138984,0
1.4157107,2.4694691,-3.5474434,0.099602476,0.095553704,-0.99042892,0
0.33939004,-4.2303619,1.6287882,0.13663566,-0.98726261,-0.081507474,0
3.9917777,-3.2399926,-3.0152194,0.98560143,0.12720978,0.11138984,0
2.8492649,-2.3888075,3.7045417,0.98560143,0.12720978,0.11138984,0
2.1426525,-3.5636673,3.9087763,-0.099602476,-0.095553704,0.99042892,0
-1.1250877,-3.9062042,-2.5910845,0.13663566,-0.98726261,-0.081507474,0
1.9809513,0.45226717,-3.699965,0.099602476,0.095553704,-0.99042892,0
-3.467927,0.51704955,1.7264991,-0.98560143,-0.12720978,-0.11138984,0
3.3254833,-3.0143695,-4.1230922,0.099602476,0.095553704,-0.99042892,0
-1.5607984,-2.0097363,3.7478518,-0.099602476,-0.095553704,0.99042892,0
-3.6187129,2.7496228,2.5257967,-0.98560143,-0.12720978,-0.11138984,0
-2.8883586,3.2941556,2.6074309,-0.13663566,0.98726261,0.081507474,0
2.7458577,3.567173,-1.6793134,0.98560143,0.12720978,0.11138984,0
-3.3166096,2.9732862,-1.382906,-0.98560143,-0.12720978,-0.11138984,0
-3.4180288,2.9142213,-0.83889908,-0.98560143,-0.12720978,-0.11138984,0
-0.26840401,-2.7948437,-4.1342688,0.099602476,0.095553704,-0.99042892,0
-1.7193551,1.2341754,-4.0724659,0.099602476,0.095553704,-0.99042892,0
-0.34588027,1.6001775,-3.7768614,0.099602476,0.095553704,-0.99042892,0
0.23532915,3.9796124,2.496603,-0.13663566,0.98726261,0.081507474,0
-0.26301575,-3.863137,-3.9702361,0.13663566,-0.98726261,-0.081507474,0
-2.7180598,-2.4780211,-0.63638872,-0.98560143,-0.12720978,-0.11138984,0
-0.78161639,2.3598585,-4.0196018,0.099602476,0.095553704,-0.99042892,0
-3.4563432,2.2933385,2.6867669,-0.98560143,-0.12720978,-0.11138984,0
-1.8259811,3.6512444,2.8447227,-0.13663566,0.98726261,0.081507474,0
2.6401696,-3.8187149,3.7890053,0.13663566,-0.98726261,-0.081507474,0
2.9079118,-3.2684901,-3.3564658,0.13663566,-0.98726261,-0.081507474,0
-2.8778534,2.1384628,-2.5169864,-0.98560143,-0.12720978,-0.11138984,0
-1.7173541,0.73635197,-4.2997799,0.099602476,0.095553704,-0.99042892,0
-0.12378311,4.1873822,0.10943925,-0.13663566,0.98726261,0.081507474,0
-0.13206291,-2.9212451,3.825233,-0.099602476,-0.095553704,0.99042892,0
-0.25504705,-1.1092917,3.8362598,-0.099602476,-0.095553704,0.99042892,0
-2.7914319,0.8955307,-3.2548871,-0.98560143,-0.12720978,-0.11138984,0
-0.20961136,-0.027472079,3.8878639,-0.099602476,-0.095553704,0.99042892,0
1.1810174,-0.18905997,3.9648628,-0.099602476,-0.095553704,0.99042892,0
3.7438934,-3.4462354,-2.0562916,0.98560143,0.12720978,0.11138984,0
1.4813504,4.4120965,-3.2879214,0.099602476,0.095553704,-0.99042892,0
0.14897259,-0.44500259,3.8403683,-0.099602476,-0.095553704,0.99042892,0
1.6430571,-3.1642995,-4.3593674,0.099602476,0.095553704,-0.99042892,0
0.20578408,-2.2402728,4.0384469,-0.099602476,-0.095553704,0.99042892,0
-3.4335699,3.3163059,3.9324617,-0.13663566,0.98726261,0.081507474,0
-1.1203239,-4.0486584,-0.42168713,0.13663566,-0.98726261,-0.081507474,0
-1.0978827,3.811337,0.17671269,-0.13663566,0.98726261,0.081507474,0
-2.271733,-3.2565813,-3.0399327,-0.98560143,-0.12720978,-0.11138984,0
3.7297163,-2.4174278,-3.5237823,0.98560143,0.12720978,0.11138984,0
-0.57471251,2.4615719,4.3552823,-0.099602476,-0.095553704,0.99042892,0
-2.3791986,0.42026448,-4.1554604,0.099602476,0.095553704,-0.99042892,0
-1.6238256,-4.0824537,-3.6567569,0.13663566,-0.98726261,-0.081507474,0
2.7407124,2.7722003,0.63204408,0.98560143,0.12720978,0.11138984,0
2.8329625,3.5560622,-2.1710083,0.98560143,0.12720978,0.11138984,0
-0.25114131,-3.4724903,3.8617086,-0.099602476,-0.095553704,0.99042892,0
-0.017165422,3.2141285,-3.5928726,0.099602476,0.095553704,-0.99042892,0
2.3951745,-1.9700818,4.020318,-0.099602476,-0.095553704,0.99042892,0
2.8176308,3.4479394,-2.2088814,0.98560143,0.12720978,0.11138984,0
1.0592253,1.6935415,4.2360768,-0.099602476,-0.095553704,0.99042892,0
-3.4454975,3.0429456,-0.64899474,-0.98560143,-0.12720978,-0.11138984,0
0.95040894,-3.5204616,-3.9105742,0.13663566,-0.98726261,-0.081507474,0
2.5621231,1.5929286,3.3777459,0.98560143,0.12720978,0.11138984,0
-2.063544,4.068687,-1.6424472,-0.13663566,0.98726261,0.081507474,0
-2.6968017,-1.8350239,-0.93350548,-0.98560143,-0.12720978,-0.11138984,0
-0.18053126,-1.9184318,3.9553685,-0.099602476,-0.095553704,0.99042892,0
-1.923317,1.4619993,3.79634,-0.099602476,-0.095553704,0.99042892,0
3.1076498,-3.9212508,1.6960347,0.13663566,-0.98726261,-0.081507474,0
1.8015035,-1.7329452,-3.8410606,0.099602476,0.095553704,-0.99042892,0
-2.3284993,3.2692573,4.2281418,-0.099602476,-0.095553704,0.99042892,0
-2.432817,1.1388223,-4.1213884,0.099602476,0.095553704,-0.99042892,0
-0.57639259,1.208861,-3.8554327,0.099602476,0.095553704,-0.99042892,0
-3.1451447,-0.34985399,1.7276807,-0.98560143,-0.12720978,-0.11138984,0
-2.6465793,3.9347115,-0.72550571,-0.13663566,0.98726261,0.081507474,0
-0.65468407,-4.2062349,-0.80075693,0.13663566,-0.98726261,-0.081507474,0
-3.2385612,0.26522923,1.6635146,-0.98560143,-0.12720978,-0.11138984,0
-2.7274339,-2.0723169,-1.0442407,-0.98560143,-0.12720978,-0.11138984,0
-1.3126042,-0.72741818,-4.1052971,0.099602476,0.095553704,-0.99042892,0
-0.35804772,-4.4934535,3.2625399,0.13663566,-0.98726261,-0.081507474,0
3.4904151,-0.99130011,-2.8797543,0.98560143,0.12720978,0.11138984,0
-3.2226741,-1.4594731,3.0879829,-0.98560143,-0.12720978,-0.11138984,0
1.7548552,-3.3468995,3.7471781,-0.099602476,-0.095553704,0.99042892,0
-0.71601129,3.2298851,4.3535228,-0.099602476,-0.095553704,0.99042892,0
-1.8260497,-0.67438006,-4.2943249,0.099602476,0.095553704,-0.99042892,0
-0.95795345,-4.1831293,1.7264798,0.13663566,-0.98726261,-0.081507474,0
1.0569506,3.8759477,1.9594046,-0.13663566,0.98726261,0.081507474,0
-2.7449005,0.59722376,-2.160414,-0.98560143,-0.12720978,-0.11138984,0
2.9420829,2.278959,-0.31209087,0.98560143,0.12720978,0.11138984,0
-1.6658018,2.4989362,4.2817421,-0.099602476,-0.095553704,0.99042892,0
-1.3878778,0.1290381,-4.0923443,0.099602476,0.095553704,-0.99042892,0
3.0408273,0.56006002,-0.1109181,0.98560143,0.12720978,0.11138984,0
-1.1453142,-4.393692,2.4080241,0.13663566,-0.98726261,-0.081507474,0
0.21424818,-1.8117545,-4.2661505,0.099602476,0.095553704,-0.99042892,0
-0.90972829,-2.9325156,-4.2271805,0.099602476,0.095553704,-0.99042892,0
3.117641,-0.76778913,0.18404067,0.98560143,0.12720978,0.11138984,0
-0.93830657,3.6414855,-3.9752107,0.099602476,0.095553704,-0.99042892,0
-1.4334744,-1.9688575,3.885231,-0.099602476,-0.095553704,0.99042892,0
1.1804132,4.2154188,-2.0050759,-0.13663566,0.98726261,0.081507474,0
-1.3070173,3.8030963,1.24332,-0.13663566,0.98726261,0.081507474,0
2.1525328,-0.25396919,4.2034731,-0.099602476,-0.095553704,0.99042892,0
2.9454947,1.6434186,-0.90100312,0.98560143,0.12720978,0.11138984,0
2.7112288,1.5193074,1.7079399,0.98560143,0.12720978,0.11138984,0
-1.6002923,-2.0471294,3.6217432,-0.099602476,-0.095553704,0.99042892,0
0.46147728,2.2914531,4.3793669,-0.099602476,-0.095553704,0.99042892,0
-2.9871635,3.2855308,-2.6027069,-0.98560143,-0.12720978,-0.11138984,0
1.5845077,4.3543253,-2.8360708,-0.13663566,0.98726261,0.081507474,0
-1.0964417,3.88466,-1.5300539,-0.13663566,0.98726261,0.081507474,0
-1.2125409,4.2244139,-2.0988975,-0.13663566,0.98726261,0.081507474,0
-2.1680107,3.9902182,-0.5292244,-0.13663566,0.98726261,0.081507474,0
-0.79581809,3.8982275,2.204299,-0.13663566,0.98726261,0.081507474,0
-0.33645117,0.4891746,4.0892811,-0.099602476,-0.095553704,0.99042892,0
-2.5048766,3.2696853,3.7517312,-0.13663566,0.98726261,0.081507474,0
-2.0184717,-3.9187882,-3.0031612,-0.98560143,-0.12720978,-0.11138984,0
0.70126867,-1.9830582,-4.128932,0.099602476,0.095553704,-0.99042892,0
-2.9375629,2.8894205,-3.5279069,-0.98560143,-0.12720978,-0.11138984,0
-3.4942086,3.0371082,-0.24572292,-0.98560143,-0.12720978,-0.11138984,0
3.2359142,-1.8121305,0.047302917,0.98560143,0.12720978,0.11138984,0
2.7468472,0.099173069,3.5382726,0.98560143,0.12720978,0.11138984,0
-3.0936503,0.57250512,3.6759672,-0.099602476,-0.095553704,0.99042892,0
-2.95959,4.0924749,-3.08623,-0.13663566,0.98726261,0.081507474,0
-2.9909148,-2.1535995,1.2958486,-0.98560143,-0.12720978,-0.11138984,0
1.9983966,4.2539978,-1.3064969,-0.13663566,0.98726261,0.081507474,0
-3.0947971,2.2948284,-2.6382549,-0.98560143,-0.12720978,-0.11138984,0
-2.7175832,-2.6672814,0.42567718,-0.98560143,-0.12720978,-0.11138984,0
0.079388916,-0.035591781,4.0059824,-0.099602476,-0.095553704,0.99042892,0
3.0452876,-0.92532992,1.751802,0.98560143,0.12720978,0.11138984,0
-3.1272509,-2.3304477,2.7857027,-0.98560143,-0.12720978,-0.11138984,0
-0.93253803,-3.8480811,-3.3265746,0.13663566,-0.98726261,-0.081507474,0
-3.3510616,0.50496507,1.4726499,-0.98560143,-0.12720978,-0.11138984,0
-2.5903006,3.4276848,2.5164759,-0.13663566,0.98726261,0.081507474,0
2.214479,4.1986265,1.8308344,-0.13663566,0.98726261,0.081507474,0
-1.9276242,-4.4034071,0.63207114,0.13663566,-0.98726261,-0.081507474,0
-1.258383,4.2341261,-2.2866013,-0.13663566,0.98726261,0.081507474,0
2.698236,0.8279922,3.2311373,0.98560143,0.12720978,0.11138984,0
-0.10412978,0.88235646,-3.9218621,0.099602476,0.095553704,-0.99042892,0
0.50161886,3.9307344,0.99828619,-0.13663566,0.98726261,0.081507474,0
-2.6202366,0.71630162,3.6711373,-0.099602476,-0.095553704,0.99042892,0
-3.1983604,2.5737004,-0.54000342,-0.98560143,-0.12720978,-0.11138984,0
-2.7164702,-2.986455,3.6299624,-0.099602476,-0.095553704,0.99042892,0
2.4137383,-3.8566482,-0.49277049,0.13663566,-0.98726261,-0.081507474,0
-1.949193,1.4405669,-4.1805592,0.099602476,0.095553704,-0.99042892,0
-0.81176424,3.6285076,3.9305062,-0.13663566,0.98726261,0.081507474,0
1.7576156,2.9277937,4.5941358,-0.099602476,-0.095553704,0.99042892,0
1.8221684,2.9549153,4.4374194,-0.099602476,-0.095553704,0.99042892,0
3.5844843,-3.1364422,-2.7859015,0.98560143,0.12720978,0.11138984,0
1.6663892,-4.1429119,3.5005195,0.13663566,-0.98726261,-0.081507474,0
-1.3227277,4.0284753,-1.0387524,-0.13663566,0.98726261,0.081507474,0
2.6152754,-0.17665386,4.0424933,0.98560143,0.12720978,0.11138984,0
-1.203464,-3.6949987,-4.5245628,0.099602476,0.095553704,-0.99042892,0
0.94069719,-2.9854407,-4.2156181,0.099602476,0.095553704,-0.99042892,0
3.498971,-1.3073807,-1.8192356,0.98560143,0.12720978,0.11138984,0
-1.2848356,3.7472882,0.64654231,-0.13663566,0.98726261,0.081507474,0
1.4913282,2.646915,4.4004302,-0.099602476,-0.095553704,0.99042892,0
-2.2850075,-4.1319466,-1.5084114,0.13663566,-0.98726261,-0.081507474,0
-1.9535844,-2.6062179,-4.6747093,0.099602476,0.095553704,-0.99042892,0
-0.43270659,-2.099879,-4.4812121,0.099602476,0.095553704,-0.99042892,0
0.23589754,-1.6428919,-4.1685877,0.099602476,0.095553704,-0.99042892,0
2.3238506,4.4421244,-0.264606,-0.13663566,0.98726261,0.081507474,0
-2.6478951,-4.6419797,2.8020449,-0.98560143,-0.12720978,-0.11138984,0
-2.1184692,-4.3020644,-0.49097463,0.13663566,-0.98726261,-0.081507474,0
3.276787,-3.2390273,1.937037,0.98560143,0.12720978,0.11138984,0
-2.5861974,-1.5108051,-1.6983751,-0.98560143,-0.12720978,-0.11138984,0
-3.3201084,-1.5148513,2.4793441,-0.98560143,-0.12720978,-0.11138984,0
-3.0596037,3.6205904,-2.1912897,-0.13663566,0.98726261,0.081507474,0
3.1754532,-3.1649022,-3.4023273,0.13663566,-0.98726261,-0.081507474,0
2.2744443,4.0766234,-3.4328346,0.099602476,0.095553704,-0.99042892,0
0.35184431,3.9039071,2.9167647,-0.13663566,0.98726261,0.081507474,0
1.8883317,-4.097455,3.171243,0.13663566,-0.98726261,-0.081507474,0
-2.9864814,-4.4625297,2.9598846,-0.98560143,-0.12720978,-0.11138984,0
-2.8417475,-0.52633786,-1.7133657,-0.98560143,-0.12720978,-0.11138984,0
0.83388066,3.1044874,-3.6708846,0.099602476,0.095553704,-0.99042892,0
-2.2673147,-1.704809,3.4762373,-0.099602476,-0.095553704,0.99042892,0
2.551044,0.25941861,-3.6551075,0.099602476,0.095553704,-0.99042892,0
1.9303071,0.28006971,-3.692143,0.099602476,0.095553704,-0.99042892,0
-0.80879426,-3.7837973,-2.3959627,0.13663566,-0.98726261,-0.081507474,0
-2.1439462,-4.3153353,-1.20803,0.13663566,-0.98726261,-0.081507474,0
2.2789769,-3.7785687,2.5866618,0.13663566,-0.98726261,-0.081507474,0
-0.83198094,-2.0841827,-4.4920177,0.099602476,0.095553704,-0.99042892,0
0.646047,2.493994,-3.564599,0.099602476,0.095553704,-0.99042892,0
1.4751298,-3.6468503,-2.8443077,0.13663566,-0.98726261,-0.081507474,0
-0.9580617,-4.1001453,-1.2544905,0.13663566,-0.98726261,-0.081507474,0
2.6494682,-0.97895145,3.8266659,0.98560143,0.12720978,0.11138984,0
-2.3047345,3.5646014,3.3395414,-0.13663566,0.98726261,0.081507474,0
0.77082968,4.2986164,-2.1451941,-0.13663566,0.98726261,0.081507474,0
-2.3539934,3.540235,2.2687552,-0.13663566,0.98726261,0.081507474,0
0.46068186,1.6148043,-3.9878836,0.099602476,0.095553704,-0.99042892,0
-2.0216255,-4.3230214,-0.63055992,0.13663566,-0.98726261,-0.081507474,0
-2.5351858,-1.5659699,-4.1549063,-0.98560143,-0.12720978,-0.11138984,0
2.0858631,3.6403172,3.8008509,0.98560143,0.12720978,0.11138984,0
0.66268206,4.3449841,-2.1431527,-0.13663566,0.98726261,0.081507474,0
3.4064648,-2.8124621,-0.2592741,0.98560143,0.12720978,0.11138984,0
-0.21677423,2.5015497,4.2228317,-0.099602476,-0.095553704,0.99042892,0
2.8191805,-0.69545197,2.3332472,0.98560143,0.12720978,0.11138984,0
-3.5594387,1.9640224,2.0279162,-0.98560143,-0.12720978,-0.11138984,0
-2.4108276,3.3215013,2.5267415,-0.13663566,0.98726261,0.081507474,0
0.56677151,4.2659311,-2.682807,-0.13663566,0.98726261,0.081507474,0
-1.0352825,1.1043208,4.1143312,-0.099602476,-0.095553704,0.99042892,0
1.4838126,-3.4792926,-3.8362854,0.13663566,-0.98726261,-0.081507474,0
-2.7897668,0.087146759,-2.4034371,-0.98560143,-0.12720978,-0.11138984,0
2.5973213,-0.56312704,-3.7849483,0.099602476,0.095553704,-0.99042892,0
-2.4631214,-2.3924561,-2.3372569,-0.98560143,-0.12720978,-0.11138984,0
-2.3605232,-1.1334324,-3.526257,-0.98560143,-0.12720978,-0.11138984,0
2.7001626,1.9480278,0.25703293,0.98560143,0.12720978,0.11138984,0
1.1072931,4.2315922,0.59596288,-0.13663566,0.98726261,0.081507474,0
0.59287667,-3.9652221,-1.5918221,0.13663566,-0.98726261,-0.081507474,0
2.5732007,4.0595837,-3.3969107,0.099602476,0.095553704,-0.99042892,0
2.8156803,-1.8480725,-3.85532,0.099602476,0.095553704,-0.99042892,0
-0.89327693,-0.62688625,3.9929147,-0.099602476,-0.095553704,0.99042892,0
0.38226438,3.9157004,-3.5664477,0.099602476,0.095553704,-0.99042892,0
2.4127595,4.6161294,-2.3448391,-0.13663566,0.98726261,0.081507474,0
1.8327112,4.0153408,2.4301097,-0.13663566,0.98726261,0.081507474,0
0.6261313,-3.7220559,-2.3963585,0.13663566,-0.98726261,-0.081507474,0
-2.404402,-0.7456857,3.7905264,-0.099602476,-0.095553704,0.99042892,0
0.66930318,-3.2794051,3.6892796,-0.099602476,-0.095553704,0.99042892,0
0.719733,4.4176655,-1.7691128,-0.13663566,0.98726261,0.081507474,0
3.1280446,1.29651,-0.84452236,0.98560143,0.12720978,0.11138984,0
2.3634334,1.2312901,3.7306778,0.98560143,0.12720978,0.11138984,0
2.8429508,0.88416219,-0.023677826,0.98560143,0.12720978,0.11138984,0
1.851671,-3.9372988,3.1532309,0.13663566,-0.98726261,-0.081507474,0
-2.6550868,-0.16190529,-3.9968426,-0.98560143,-0.12720978,-0.11138984,0
2.4798973,-4.2010407,3.5145552,0.13663566,-0.98726261,-0.081507474,0
-3.1852541,0.84597754,-0.4269926,-0.98560143,-0.12720978,-0.11138984,0
-1.2134652,1.4322069,-3.998759,0.099602476,0.095553704,-0.99042892,0
-0.35910273,-3.9817481,-2.0455108,0.13663566,-0.98726261,-0.081507474,0
0.62053037,-2.732511,4.005115,-0.099602476,-0.095553704,0.99042892,0
3.0261035,-3.1887519,2.3673384,0.98560143,0.12720978,0.11138984,0
2.9126999,0.073297262,2.043479,0.98560143,0.12720978,0.11138984,0
-2.4250264,-4.5327377,0.98178887,0.13663566,-0.98726261,-0.081507474,0
-0.98508644,-2.7435429,-4.4708924,0.099602476,0.095553704,-0.99042892,0
-2.9250681,-2.1534684,-0.24194109,-0.98560143,-0.12720978,-0.11138984,0
-1.2503576,-3.7992249,-4.1974192,0.13663566,-0.98726261,-0.081507474,0
-3.1424909,3.5217741,1.1840025,-0.13663566,0.98726261,0.081507474,0
-0.65156496,-0.59643936,3.7614396,-0.099602476,-0.095553704,0.99042892,0
-1.0650178,1.9434162,-3.8410366,0.099602476,0.095553704,-0.99042892,0
-0.39654255,-3.9100971,-4.227767,0.13663566,-0.98726261,-0.081507474,0
-2.3534131,3.7410069,-1.9566004,-0.13663566,0.98726261,0.081507474,0
-3.2931881,0.49574208,0.21945155,-0.98560143,-0.12720978,-0.11138984,0
1.6253695,-3.6560264,-0.63684928,0.13663566,-0.98726261,-0.081507474,0
-3.8819683,2.8463588,4.1094513,-0.099602476,-0.095553704,0.99042892,0
2.968751,3.3509364,-1.3803,0.98560143,0.12720978,0.11138984,0
-2.1722298,-4.453331,0.4772377,0.13663566,-0.98726261,-0.081507474,0
-2.1689653,0.1066215,-4.3790798,0.099602476,0.095553704,-0.99042892,0
2.3683493,2.7862189,3.2054238,0.98560143,0.12720978,0.11138984,0
-3.0473278,-0.51447463,1.3326336,-0.98560143,-0.12720978,-0.11138984,0
-3.3204365,0.57812762,2.425921,-0.98560143,-0.12720978,-0.11138984,0
-3.7026896,1.5030737,2.7796438,-0.98560143,-0.12720978,-0.11138984,0
2.8943887,-3.526859,0.75621223,0.13663566,-0.98726261,-0.081507474,0
1.8137455,0.70450234,4.296176,-0.099602476,-0.095553704,0.99042892,0
-2.2090583,-0.93698549,-4.2540407,0.099602476,0.095553704,-0.99042892,0
0.59548426,-4.0190954,-1.2673626,0.13663566,-0.98726261,-0.081507474,0
-0.51167274,3.8278861,3.4510715,-0.13663566,0.98726261,0.081507474,0
-3.5419676,2.0874398,3.1292918,-0.98560143,-0.12720978,-0.11138984,0
-3.4828057,2.9386163,1.9499439,-0.98560143,-0.12720978,-0.11138984,0
1.0910158,-4.0516191,-0.14930984,0.13663566,-0.98726261,-0.081507474,0
3.2972469,-1.8938714,-0.67346233,0.98560143,0.12720978,0.11138984,0
-2.2193227,3.4740825,1.7425442,-0.13663566,0.98726261,0.081507474,0
-2.3752613,-4.2579246,-0.76250988,-0.98560143,-0.12720978,-0.11138984,0
-0.66713619,-2.2105846,-4.46451,0.099602476,0.095553704,-0.99042892,0
2.3492899,-3.7877495,1.5547982,0.13663566,-0.98726261,-0.081507474,0
-3.258069,1.1212983,2.3526695,-0.98560143,-0.12720978,-0.11138984,0
-0.57894111,-1.7944521,3.8203783,-0.099602476,-0.095553704,0.99042892,0
2.8668201,1.5646117,0.77555352,0.98560143,0.12720978,0.11138984,0
-2.0053201,-4.1404605,-1.9271672,0.13663566,-0.98726261,-0.081507474,0
2.4475141,-1.6190876,4.2577019,-0.099602476,-0.095553704,0.99042892,0
-0.10603809,4.1120949,0.90147644,-0.13663566,0.98726261,0.081507474,0
1.4514604,2.1785004,4.3341265,-0.099602476,-0.095553704,0.99042892,0
-2.0662475,4.0844316,-3.5238881,-0.13663566,0.98726261,0.081507474,0
0.46820784,-4.3655343,2.4510977,0.13663566,-0.98726261,-0.081507474,0
-1.9300666,1.9982793,3.9511366,-0.099602476,-0.095553704,0.99042892,0
-2.2118657,3.4804475,3.0585895,-0.13663566,0.98726261,0.081507474,0
3.511271,-1.6815428,-1.5882665,0.98560143,0.12720978,0.11138984,0
2.9738965,2.0093274,-2.5642028,0.98560143,0.12720978,0.11138984,0
1.3241763,3.7378702,4.3453217,-0.099602476,-0.095553704,0.99042892,0
-2.9838107,-3.1439259,2.2943637,-0.98560143,-0.12720978,-0.11138984,0
0.34256601,-2.1249056,-4.1761141,0.099602476,0.095553704,-0.99042892,0
2.5797176,1.429965,2.6396701,0.98560143,0.12720978,0.11138984,0
2.7836785,2.5986679,-2.4335425,0.98560143,0.12720978,0.11138984,0
-1.7777081,-4.1697254,-1.8170024,0.13663566,-0.98726261,-0.081507474,0
2.3066308,3.4299347,1.3464781,0.98560143,0.12720978,0.11138984,0
-3.0016656,1.5140235,-3.6179001,-0.98560143,-0.12720978,-0.11138984,0
2.3738244,3.8377478,-0.0028567314,0.98560143,0.12720978,0.11138984,0
1.9611773,-2.3122504,-3.9756103,0.099602476,0.095553704,-0.99042892,0
-3.6483023,2.124795,2.1543977,-0.98560143,-0.12720978,-0.11138984,0
2.377991,2.3818064,1.8342991,0.98560143,0.12720978,0.11138984,0
0.18581629,4.0515566,0.30268699,-0.13663566,0.98726261,0.081507474,0
