3.8633986,-3.0944905,-1.211447,0.75604177,-0.61986303,0.21016818,0
-4.4704599,-0.20145321,1.245981,-0.39652339,-0.17830193,0.90054297,0
-2.3351598,-2.1786346,-2.1239314,-0.52073991,-0.76418471,-0.3805939,0
4.5068593,1.2778668,-0.98803186,0.39652339,0.17830193,-0.90054297,0
1.7278892,-4.2903719,3.0221186,0.75604177,-0.61986303,0.21016818,0
-2.449898,4.1647196,0.53808594,-0.75604177,0.61986303,-0.21016818,0
3.8279948,1.203994,-1.1889491,0.39652339,0.17830193,-0.90054297,0
0.89450884,-4.9340763,2.6121407,-0.39652339,-0.17830193,0.90054297,0
-4.2189856,2.8534532,2.1270769,-0.39652339,-0.17830193,0.90054297,0
2.023417,-4.7820554,-2.2162189,-0.52073991,-0.76418471,-0.3805939,0
3.077311,-3.1416903,0.267349,0.75604177,-0.61986303,0.21016818,0
0.89852595,4.6181469,-0.94442844,0.52073991,0.76418471,0.3805939,0
0.25498962,5.3788795,-1.9540848,0.52073991,0.76418471,0.3805939,0
-2.4081657,-1.2543457,-3.3433294,-0.52073991,-0.76418471,-0.3805939,0
-0.57636666,1.0762442,3.2468591,-0.39652339,-0.17830193,0.90054297,0
-3.9289701,-0.14378691,1.704622,-0.39652339,-0.17830193,0.90054297,0
4.9351339,0.43091536,1.1682167,0.52073991,0.76418471,0.3805939,0
4.6854777,-1.4694183,-0.32910967,0.75604177,-0.61986303,0.21016818,0
-1.3329353,4.3215151,-3.0970421,-0.75604177,0.61986303,-0.21016818,0
-3.5640509,1.3950169,2.1786547,-0.39652339,-0.17830193,0.90054297,0
-0.30545688,1.3169961,3.3356011,-0.39652339,-0.17830193,0.90054297,0
-3.695724,3.1459208,0.40277672,-0.75604177,0.61986303,-0.21016818,0
-3.4890418,2.9055181,-0.68579125,-0.75604177,0.61986303,-0.21016818,0
-0.4596076,-2.728579,-2.7172401,-0.52073991,-0.76418471,-0.3805939,0
-0.017271996,-4.6469631,0.47572511,-0.52073991,-0.76418471,-0.3805939,0
1.279357,-4.8946733,1.4495517,0.75604177,-0.61986303,0.21016818,0
-4.1249084,1.802266,-0.79528141,-0.75604177,0.61986303,-0.21016818,0
-2.9059126,4.0503569,1.7177501,-0.75604177,0.61986303,-0.21016818,0
-2.0188971,4.0529752,-1.3596807,-0.75604177,0.61986303,-0.21016818,0
-0.16009951,3.992604,0.88131404,0.52073991,0.76418471,0.3805939,0
3.0385466,-1.63202,-2.5380852,0.39652339,0.17830193,-0.90054297,0
2.1918824,0.89755213,4.1690612,0.52073991,0.76418471,0.3805939,0
1.7054505,-4.4919767,-2.6726003,-0.52073991,-0.76418471,-0.3805939,0
-2.3532085,-0.67555815,-4.3412814,-0.52073991,-0.76418471,-0.3805939,0
-5.5586338,0.29587984,-0.0094418526,-0.75604177,0.61986303,-0.21016818,0
-1.6666713,-1.4850571,-3.5933514,-0.52073991,-0.76418471,-0.3805939,0
-1.5109941,-0.16811991,2.7794089,-0.39652339,-0.17830193,0.90054297,0
2.0646105,-1.2964847,-2.5820651,0.39652339,0.17830193,-0.90054297,0
-1.7671165,-1.9543562,-3.0975513,-0.52073991,-0.76418471,-0.3805939,0
-1.6448236,4.7190742,1.9697089,0.52073991,0.76418471,0.3805939,0
5.0676165,1.2551904,-0.43147421,0.52073991,0.76418471,0.3805939,0
-0.81484675,0.27923799,3.1182439,-0.39652339,-0.17830193,0.90054297,0
-5.4401555,0.30857587,-0.82161331,-0.75604177,0.61986303,-0.21016818,0
-3.7404578,-2.3523138,1.1384459,-0.39652339,-0.17830193,0.90054297,0
3.8802209,2.1343627,-1.2295539,0.39652339,0.17830193,-0.90054297,0
-2.0117741,0.045613885,-4.2138906,0.39652339,0.17830193,-0.90054297,0
2.3536518,-0.9974823,-2.289355,0.39652339,0.17830193,-0.90054297,0
-1.8013641,4.0582147,-3.0933542,-0.75604177,0.61986303,-0.21016818,0
1.8854697,3.9469495,-1.1164374,0.52073991,0.76418471,0.3805939,0
-3.38662,-0.19239122,-4.0809984,-0.52073991,-0.76418471,-0.3805939,0
-2.6036789,-3.2775235,0.50724447,-0.52073991,-0.76418471,-0.3805939,0
1.1399598,1.0141751,4.0020342,-0.39652339,-0.17830193,0.90054297,0
-4.6540279,0.32235074,-2.9793692,-0.52073991,-0.76418471,-0.3805939,0
1.4518123,4.2875876,-1.762109,0.39652339,0.17830193,-0.90054297,0
3.8298721,-0.7349894,4.705111,0.75604177,-0.61986303,0.21016818,0
-4.179904,-1.7381144,0.27120376,-0.52073991,-0.76418471,-0.3805939,0
-0.75054491,-0.022090912,3.0438049,-0.39652339,-0.17830193,0.90054297,0
-2.4735801,3.2487259,-2.2871702,-0.75604177,0.61986303,-0.21016818,0
-4.2028165,0.98721409,-4.0347672,-0.75604177,0.61986303,-0.21016818,0
0.45244265,4.3836598,-0.17553774,0.52073991,0.76418471,0.3805939,0
4.6621704,-2.1383944,-0.83532906,0.75604177,-0.61986303,0.21016818,0
1.69192,4.1599827,-1.7580187,0.52073991,0.76418471,0.3805939,0
-4.1779308,2.4902811,1.1978607,-0.75604177,0.61986303,-0.21016818,0
5.0802722,-0.33351135,1.8337479,0.75604177,-0.61986303,0.21016818,0
-5.688436,0.45124912,1.0227089,-0.39652339,-0.17830193,0.90054297,0
-3.5289018,-0.1896072,-3.7402067,-0.52073991,-0.76418471,-0.3805939,0
-0.79308176,-4.0833902,2.101362,-0.39652339,-0.17830193,0.90054297,0
-4.4850116,-0.38074517,-2.1419723,-0.52073991,-0.76418471,-0.3805939,0
-3.2118299,-1.1298436,-2.5713468,-0.52073991,-0.76418471,-0.3805939,0
1.2327836,2.8714638,1.3498666,0.52073991,0.76418471,0.3805939,0
2.9581089,-3.2585657,0.48626518,0.75604177,-0.61986303,0.21016818,0
-5.8851366,-0.51694202,0.17136431,-0.52073991,-0.76418471,-0.3805939,0
1.5632102,-4.7282629,1.6879088,0.75604177,-0.61986303,0.21016818,0
-5.6041179,-0.67676258,-0.080396652,-0.52073991,-0.76418471,-0.3805939,0
-1.1821206,-3.1537094,-1.2113178,-0.52073991,-0.76418471,-0.3805939,0
-1.6923046,-1.4014413,-4.2313566,-0.52073991,-0.76418471,-0.3805939,0
1.1172246,3.3707697,-2.1190736,0.39652339,0.17830193,-0.90054297,0
-1.3801613,-3.9223523,0.28172007,-0.52073991,-0.76418471,-0.3805939,0
4.6825395,-1.95011,-1.1048021,0.75604177,-0.61986303,0.21016818,0
-6.0037823,0.095993519,0.37638903,-0.75604177,0.61986303,-0.21016818,0
3.0822988,-2.7304685,1.4851458,0.75604177,-0.61986303,0.21016818,0
1.1075084,-5.6366444,1.0180085,0.75604177,-0.61986303,0.21016818,0
1.8476102,-1.664062,3.9838347,-0.39652339,-0.17830193,0.90054297,0
-2.5949693,3.8114948,-0.96385002,-0.75604177,0.61986303,-0.21016818,0
1.8708599,4.1837745,-1.6705492,0.52073991,0.76418471,0.3805939,0
-1.4166479,1.597997,-3.7440987,0.39652339,0.17830193,-0.90054297,0
-0.84789038,2.8527451,3.444912,-0.39652339,-0.17830193,0.90054297,0
2.4249318,2.5003419,-1.6773884,0.39652339,0.17830193,-0.90054297,0
-1.4868485,4.6506443,-2.31868,-0.75604177,0.61986303,-0.21016818,0
-0.82459903,0.25216961,2.8923039,-0.39652339,-0.17830193,0.90054297,0
-0.68508959,5.2848215,-0.41601574,0.52073991,0.76418471,0.3805939,0
2.076694,-1.2952318,3.8095002,-0.39652339,-0.17830193,0.90054297,0
2.2477517,1.0046148,3.8361979,0.52073991,0.76418471,0.3805939,0
-0.81213659,2.6050036,-3.0728619,0.39652339,0.17830193,-0.90054297,0
-3.3466296,2.8170397,-1.3121698,-0.75604177,0.61986303,-0.21016818,0
-5.349503,-0.29578018,-1.5421515,-0.52073991,-0.76418471,-0.3805939,0
-0.91686344,1.6062185,-3.5138612,0.39652339,0.17830193,-0.90054297,0
1.1048713,-5.6397715,0.78220141,0.75604177,-0.61986303,0.21016818,0
-1.0557809,5.3693929,-2.3123746,-0.75604177,0.61986303,-0.21016818,0
4.0908604,0.76399183,-1.3626828,0.39652339,0.17830193,-0.90054297,0
-2.763576,4.0733953,1.4633024,-0.75604177,0.61986303,-0.21016818,0
-2.9521317,3.3634849,-1.2689004,-0.75604177,0.61986303,-0.21016818,0
-3.8101828,-0.53791595,1.6112425,-0.39652339,-0.17830193,0.90054297,0
0.41359234,5.4478817,-1.796937,0.52073991,0.76418471,0.3805939,0
1.3976843,-1.7440259,-2.973521,0.39652339,0.17830193,-0.90054297,0
-0.14093828,3.7182088,2.4378109,0.52073991,0.76418471,0.3805939,0
-1.7696609,-3.9044394,0.9947319,-0.52073991,-0.76418471,-0.3805939,0
2.449266,-3.5305104,2.3445077,0.75604177,-0.61986303,0.21016818,0
-2.4760873,4.2957392,-0.30710268,-0.75604177,0.61986303,-0.21016818,0
-2.3076053,3.4123068,-3.4740837,-0.75604177,0.61986303,-0.21016818,0
-0.24999475,0.25222206,3.3619211,-0.39652339,-0.17830193,0.90054297,0
-1.8220615,4.3555193,-2.6384678,-0.75604177,0.61986303,-0.21016818,0
2.4256322,-2.1681814,-2.8469939,0.39652339,0.17830193,-0.90054297,0
0.78287888,-5.8045487,1.3749539,0.75604177,-0.61986303,0.21016818,0
-0.74881434,5.6908202,-2.1145558,-0.75604177,0.61986303,-0.21016818,0
-1.2355008,5.0937719,-1.0189261,-0.75604177,0.61986303,-0.21016818,0
-4.3173366,-1.6520624,0.32088351,-0.52073991,-0.76418471,-0.3805939,0
3.2819948,0.35320529,4.3552861,0.52073991,0.76418471,0.3805939,0
2.3739185,-0.92686033,-2.3025427,0.39652339,0.17830193,-0.90054297,0
2.5196199,-4.950738,-2.8877578,-0.52073991,-0.76418471,-0.3805939,0
-4.3672667,1.2196004,-2.0149248,-0.75604177,0.61986303,-0.21016818,0
-0.18382311,-3.0527656,-2.3225732,-0.52073991,-0.76418471,-0.3805939,0
1.7874064,2.4214139,2.4070418,0.52073991,0.76418471,0.3805939,0
2.0167379,-0.76447105,-2.7637353,0.39652339,0.17830193,-0.90054297,0
-0.14739561,-3.6502805,-1.4845712,-0.52073991,-0.76418471,-0.3805939,0
-0.27356616,2.776649,-2.7443805,0.39652339,0.17830193,-0.90054297,0
1.4710722,4.2404547,-1.379915,0.52073991,0.76418471,0.3805939,0
2.9830174,2.3168588,-1.382308,0.39652339,0.17830193,-0.90054297,0
2.6763966,-4.2081823,-0.55775928,0.75604177,-0.61986303,0.21016818,0
-3.6689329,1.1705167,1.7880797,-0.39652339,-0.17830193,0.90054297,0
0.50831646,-3.3282831,3.110183,-0.39652339,-0.17830193,0.90054297,0
-0.095888138,-4.8983827,2.3324785,-0.39652339,-0.17830193,0.90054297,0
4.3915691,0.64930832,2.223062,0.52073991,0.76418471,0.3805939,0
0.86469936,-4.3405795,-2.0838768,-0.52073991,-0.76418471,-0.3805939,0
-2.4229186,-3.1023555,0.25180733,-0.52073991,-0.76418471,-0.3805939,0
3.2007017,-1.6895894,4.0732355,0.75604177,-0.61986303,0.21016818,0
5.4239535,0.10813785,1.3437452,0.52073991,0.76418471,0.3805939,0
1.5402098,-4.8985372,-1.3682214,-0.52073991,-0.76418471,-0.3805939,0
-0.79057431,5.4994822,-1.5757208,-0.75604177,0.61986303,-0.21016818,0
-4.1180964,2.9730773,1.3320279,-0.75604177,0.61986303,-0.21016818,0
4.8168564,-0.48908746,3.4279175,0.75604177,-0.61986303,0.21016818,0
-3.8833413,1.7422831,-2.0267944,-0.75604177,0.61986303,-0.21016818,0
1.2428286,4.4001098,-1.4287802,0.52073991,0.76418471,0.3805939,0
1.6662805,-4.337019,1.9111831,0.75604177,-0.61986303,0.21016818,0
2.6783581,2.3199944,-1.8570548,0.39652339,0.17830193,-0.90054297,0
1.6495686,-5.346736,-0.41936684,0.75604177,-0.61986303,0.21016818,0
3.3788223,-2.06162,3.35005,0.75604177,-0.61986303,0.21016818,0
3.0028274,2.4531612,-1.6114659,0.39652339,0.17830193,-0.90054297,0
-2.4309967,3.824851,-1.2418077,-0.75604177,0.61986303,-0.21016818,0
-1.4259627,5.0586843,-1.1763399,-0.75604177,0.61986303,-0.21016818,0
0.97297525,1.4317443,3.8919685,-0.39652339,-0.17830193,0.90054297,0
1.9834437,-3.3369601,3.4127579,-0.39652339,-0.17830193,0.90054297,0
2.693665,-3.9186361,-0.27053499,0.75604177,-0.61986303,0.21016818,0
2.8560734,1.4075284,-1.8933229,0.39652339,0.17830193,-0.90054297,0
-2.2316058,-2.970731,-0.36920822,-0.52073991,-0.76418471,-0.3805939,0
-2.0647144,3.4705601,3.2192898,-0.39652339,-0.17830193,0.90054297,0
-2.2500448,-2.6254401,1.7656003,-0.39652339,-0.17830193,0.90054297,0
-6.0156898,-0.36584759,0.074996471,-0.75604177,0.61986303,-0.21016818,0
-3.4126604,0.1762352,2.0830636,-0.39652339,-0.17830193,0.90054297,0
-2.1365616,-0.91185063,-4.2524524,-0.52073991,-0.76418471,-0.3805939,0
-0.7964263,-4.3729939,1.9959365,-0.39652339,-0.17830193,0.90054297,0
-1.5236068,4.4794636,-2.6512074,-0.75604177,0.61986303,-0.21016818,0
-4.3289638,1.5036458,-1.6223395,-0.75604177,0.61986303,-0.21016818,0
-6.3572006,-0.3721981,-0.046037674,-0.52073991,-0.76418471,-0.3805939,0
5.5065155,-0.95855951,-0.994699,0.75604177,-0.61986303,0.21016818,0
-1.6011753,5.4393406,0.029959679,-0.75604177,0.61986303,-0.21016818,0
-1.7647979,-3.4427004,0.13903338,-0.52073991,-0.76418471,-0.3805939,0
0.29166651,5.2620068,-1.8157929,0.52073991,0.76418471,0.3805939,0
-1.7706985,4.8719325,0.19998622,-0.75604177,0.61986303,-0.21016818,0
2.516412,-3.6929131,2.1006176,0.75604177,-0.61986303,0.21016818,0
-1.7327653,4.3352804,-2.4186907,-0.75604177,0.61986303,-0.21016818,0
-0.24067259,-3.9008398,-0.51871443,-0.52073991,-0.76418471,-0.3805939,0
-2.8515537,0.17775863,-4.5446386,0.39652339,0.17830193,-0.90054297,0
2.9596303,-0.1786232,-1.9999149,0.39652339,0.17830193,-0.90054297,0
-0.63025224,3.464756,-2.8141618,0.39652339,0.17830193,-0.90054297,0
1.351923,-4.9686708,2.5855737,0.75604177,-0.61986303,0.21016818,0
-0.18869781,3.768646,1.881181,0.52073991,0.76418471,0.3805939,0
-3.8567171,-0.52560055,-3.2103007,-0.52073991,-0.76418471,-0.3805939,0
-0.7163415,5.1140318,-2.6542366,0.39652339,0.17830193,-0.90054297,0
1.2086577,-2.9318571,-3.3680234,0.39652339,0.17830193,-0.90054297,0
4.5914807,1.4528737,-0.13006783,0.52073991,0.76418471,0.3805939,0
-3.7106609,0.95424068,-4.7408504,0.39652339,0.17830193,-0.90054297,0
-2.882767,4.6065173,2.2172878,-0.75604177,0.61986303,-0.21016818,0
-1.180864,0.021476507,2.7664313,-0.39652339,-0.17830193,0.90054297,0
4.2071924,0.075338721,2.941453,0.52073991,0.76418471,0.3805939,0
1.1020653,4.2218485,-0.85598779,0.52073991,0.76418471,0.3805939,0
-1.5943227,-1.3992149,-3.9662967,-0.52073991,-0.76418471,-0.3805939,0
0.98981076,-3.7127826,2.9199343,-0.39652339,-0.17830193,0.90054297,0
-0.25696766,1.9806092,-2.9184198,0.39652339,0.17830193,-0.90054297,0
-3.4788914,3.4270201,1.1345363,-0.75604177,0.61986303,-0.21016818,0
1.5967636,4.3678007,-1.3970745,0.52073991,0.76418471,0.3805939,0
1.2208111,-1.993083,-2.982033,0.39652339,0.17830193,-0.90054297,0
1.747977,-4.2782507,3.0575194,0.75604177,-0.61986303,0.21016818,0
-3.6800003,2.9505911,0.43175459,-0.75604177,0.61986303,-0.21016818,0
0.16341114,-4.3722763,-0.96957082,-0.52073991,-0.76418471,-0.3805939,0
1.5556951,-4.3382034,-2.6801162,-0.52073991,-0.76418471,-0.3805939,0
-0.55821705,4.7053728,0.0085383654,0.52073991,0.76418471,0.3805939,0
-1.8152695,4.4168177,-2.3909264,-0.75604177,0.61986303,-0.21016818,0
2.5172958,0.41520476,-1.9620565,0.39652339,0.17830193,-0.90054297,0
-0.83906603,5.3438206,-0.54994822,0.52073991,0.76418471,0.3805939,0
-3.3823702,1.6530669,-3.6412792,-0.75604177,0.61986303,-0.21016818,0
-4.1744885,2.0072184,-1.3600531,-0.75604177,0.61986303,-0.21016818,0
-1.8934159,-0.97685379,-4.120647,-0.52073991,-0.76418471,-0.3805939,0
1.8663025,-0.51677489,-2.8275096,0.39652339,0.17830193,-0.90054297,0
-1.4966311,-1.8217851,-3.4873128,-0.52073991,-0.76418471,-0.3805939,0
-1.7109554,-3.8950417,1.0492598,-0.52073991,-0.76418471,-0.3805939,0
2.3695111,0.22018623,-2.1925697,0.39652339,0.17830193,-0.90054297,0
-3.4213607,-1.0544758,-2.0202084,-0.52073991,-0.76418471,-0.3805939,0
-4.7189803,-0.061646938,1.188592,-0.39652339,-0.17830193,0.90054297,0
-2.5214601,5.0602694,2.8937416,0.52073991,0.76418471,0.3805939,0
1.6530709,1.4606178,3.8101723,0.52073991,0.76418471,0.3805939,0
1.0207961,-1.7597692,-3.268517,0.39652339,0.17830193,-0.90054297,0
1.5914042,0.86556816,-2.4788415,0.39652339,0.17830193,-0.90054297,0
2.7154636,-4.6733141,-2.2107625,0.75604177,-0.61986303,0.21016818,0
2.8020008,-3.4232073,0.3846314,0.75604177,-0.61986303,0.21016818,0
-5.2528968,0.87752509,0.32954836,-0.75604177,0.61986303,-0.21016818,0
-0.43428278,1.8698072,3.5301259,-0.39652339,-0.17830193,0.90054297,0
5.1397576,-0.45094562,2.4902163,0.75604177,-0.61986303,0.21016818,0
4.8491235,-0.53531742,-1.4684496,0.39652339,0.17830193,-0.90054297,0
2.909009,-3.1435959,1.0884478,0.75604177,-0.61986303,0.21016818,0
-2.5645545,3.0261519,-3.4828699,-0.75604177,0.61986303,-0.21016818,0
-1.192875,-0.94067359,2.7283306,-0.39652339,-0.17830193,0.90054297,0
-6.1856804,-0.45092392,0.65723419,-0.39652339,-0.17830193,0.90054297,0
-4.3216596,2.5022244,0.66408491,-0.75604177,0.61986303,-0.21016818,0
2.9871988,0.67057776,-1.8420689,0.39652339,0.17830193,-0.90054297,0
-1.2484987,-2.6070597,-1.8455285,-0.52073991,-0.76418471,-0.3805939,0
2.2733536,-4.6201506,0.11700702,0.75604177,-0.61986303,0.21016818,0
-0.23789817,-2.8794332,2.6555805,-0.39652339,-0.17830193,0.90054297,0
-3.0534797,3.8955517,0.23877025,-0.75604177,0.61986303,-0.21016818,0
-2.725656,-1.8869129,-1.9205087,-0.52073991,-0.76418471,-0.3805939,0
-2.4086628,-1.4129281,-2.7402244,-0.52073991,-0.76418471,-0.3805939,0
-0.86575305,3.7900658,-2.87342,0.39652339,0.17830193,-0.90054297,0
-3.6748145,3.6003509,2.4550192,-0.75604177,0.61986303,-0.21016818,0
-0.47353029,-5.0521374,1.6199843,-0.52073991,-0.76418471,-0.3805939,0
-0.70847249,1.2733594,3.0693102,-0.39652339,-0.17830193,0.90054297,0
1.4340425,-0.96794462,-3.0376084,0.39652339,0.17830193,-0.90054297,0
-1.5514207,-4.1664009,1.7559834,-0.39652339,-0.17830193,0.90054297,0
-4.3375297,-2.0082402,0.55761027,-0.52073991,-0.76418471,-0.3805939,0
0.58553123,-0.14748251,3.4316721,-0.39652339,-0.17830193,0.90054297,0
5.2486658,-1.365696,-1.1672897,0.39652339,0.17830193,-0.90054297,0
-4.5854321,0.86714745,-2.5326655,-0.75604177,0.61986303,-0.21016818,0
-0.64172125,2.2691698,3.5348868,-0.39652339,-0.17830193,0.90054297,0
-2.795161,4.6093102,2.0017374,-0.75604177,0.61986303,-0.21016818,0
5.5036697,-0.074755192,1.3474345,0.75604177,-0.61986303,0.21016818,0
4.9514894,1.6501658,-0.58785486,0.52073991,0.76418471,0.3805939,0
3.794956,-1.9441986,-1.9931428,0.39652339,0.17830193,-0.90054297,0
0.69332695,-4.2324686,-1.6830211,-0.52073991,-0.76418471,-0.3805939,0
-4.4880538,1.7282643,-0.82332134,-0.75604177,0.61986303,-0.21016818,0
-5.4595189,0.73811674,-0.051803589,-0.75604177,0.61986303,-0.21016818,0
-3.8723004,2.6816809,0.47640419,-0.75604177,0.61986303,-0.21016818,0
-4.133317,0.091661334,-4.2356887,-0.52073991,-0.76418471,-0.3805939,0
-5.1912689,1.0049238,0.71322155,-0.75604177,0.61986303,-0.21016818,0
2.0329652,-4.5878134,0.40473127,0.75604177,-0.61986303,0.21016818,0
0.30283451,4.3506904,0.070841968,0.52073991,0.76418471,0.3805939,0
3.9392319,-3.293628,-2.3493757,0.39652339,0.17830193,-0.90054297,0
0.36423254,-1.3931854,-3.5812974,0.39652339,0.17830193,-0.90054297,0
4.440711,0.73974597,2.0770173,0.52073991,0.76418471,0.3805939,0
-4.3239794,0.51187932,-4.0640688,-0.52073991,-0.76418471,-0.3805939,0
-0.65314054,3.9629109,1.7015251,0.52073991,0.76418471,0.3805939,0
2.7273543,-2.9377747,2.0166864,0.75604177,-0.61986303,0.21016818,0
1.6924367,-4.0256233,-3.4010966,0.39652339,0.17830193,-0.90054297,0
-1.2573178,2.2621107,-3.4832401,0.39652339,0.17830193,-0.90054297,0
2.5749674,-2.8683438,2.9867082,0.75604177,-0.61986303,0.21016818,0
0.95102644,2.9556766,1.8273634,0.52073991,0.76418471,0.3805939,0
-3.7940001,1.9366761,-2.6002569,-0.75604177,0.61986303,-0.21016818,0
-2.9261267,3.9846735,1.3260365,-0.75604177,0.61986303,-0.21016818,0
0.84030437,4.1783876,-0.025382292,0.52073991,0.76418471,0.3805939,0
3.6573036,-1.5516723,2.7561595,0.75604177,-0.61986303,0.21016818,0
3.1812391,-2.9689846,1.6014185,0.75604177,-0.61986303,0.21016818,0
3.7399311,-2.1787691,1.5862446,0.75604177,-0.61986303,0.21016818,0
-2.7077351,3.0657291,-2.3935957,-0.75604177,0.61986303,-0.21016818,0
1.4345827,-5.3069525,0.98675823,0.75604177,-0.61986303,0.21016818,0
-2.8051741,2.9531641,-3.4695358,-0.75604177,0.61986303,-0.21016818,0
-4.2438488,1.158119,-2.314976,-0.75604177,0.61986303,-0.21016818,0
-3.7385292,3.5525634,1.6689205,-0.75604177,0.61986303,-0.21016818,0
0.8995676,-0.62693954,-2.8989649,0.39652339,0.17830193,-0.90054297,0
0.6265769,3.3370798,1.7260281,0.52073991,0.76418471,0.3805939,0
-3.3321767,4.1497321,2.2122092,-0.75604177,0.61986303,-0.21016818,0
-2.0825748,2.8031502,-3.7494378,0.39652339,0.17830193,-0.90054297,0
-2.088717,0.9189322,2.5401351,-0.39652339,-0.17830193,0.90054297,0
-3.0303512,-1.8834091,-0.87816095,-0.52073991,-0.76418471,-0.3805939,0
2.6030288,-4.9272852,-2.1109936,0.75604177,-0.61986303,0.21016818,0
-2.2643204,3.3156495,-2.9944735,-0.75604177,0.61986303,-0.21016818,0
0.90633297,3.7828417,0.18094066,0.52073991,0.76418471,0.3805939,0
1.3432059,3.5357974,-0.24384916,0.52073991,0.76418471,0.3805939,0
-1.2341704,-0.0029016733,-4.0840693,0.39652339,0.17830193,-0.90054297,0
2.2561817,-3.4115705,3.1066933,0.75604177,-0.61986303,0.21016818,0
1.7426434,-4.6456213,-2.7426434,-0.52073991,-0.76418471,-0.3805939,0
-2.0226068,4.484118,3.2475386,-0.39652339,-0.17830193,0.90054297,0
-2.7621193,2.0769813,2.6030917,-0.39652339,-0.17830193,0.90054297,0
-4.5697689,-2.0633914,1.1194079,-0.52073991,-0.76418471,-0.3805939,0
-2.9122338,2.8420053,-2.9576881,-0.75604177,0.61986303,-0.21016818,0
-2.6268609,-0.2612673,-4.7052398,-0.52073991,-0.76418471,-0.3805939,0
0.83636308,-0.76821208,-3.2089024,0.39652339,0.17830193,-0.90054297,0
3.25791,-3.5849638,-0.085756779,0.75604177,-0.61986303,0.21016818,0
2.9519625,-1.324646,4.2376361,-0.39652339,-0.17830193,0.90054297,0
-1.7789114,-2.5125985,-1.3388487,-0.52073991,-0.76418471,-0.3805939,0
-2.0550215,-0.41005421,2.2498865,-0.39652339,-0.17830193,0.90054297,0
3.1802652,-2.3149414,3.6580918,0.75604177,-0.61986303,0.21016818,0
0.4335742,2.6454778,3.2346735,0.52073991,0.76418471,0.3805939,0
-1.7599847,-3.5711188,0.49760652,-0.52073991,-0.76418471,-0.3805939,0
3.8950033,-2.9794424,-1.8498044,0.75604177,-0.61986303,0.21016818,0
2.2038901,-0.70552748,4.0300369,-0.39652339,-0.17830193,0.90054297,0
5.477417,1.2887678,-0.46478033,0.52073991,0.76418471,0.3805939,0
1.4243553,-3.8259735,3.3363407,-0.39652339,-0.17830193,0.90054297,0
3.1766694,2.0696044,0.89138913,0.52073991,0.76418471,0.3805939,0
3.717298,-2.2040582,1.1307948,0.75604177,-0.61986303,0.21016818,0
1.3935084,2.7784286,1.4647101,0.52073991,0.76418471,0.3805939,0
-0.62894011,3.8683016,2.6886532,0.52073991,0.76418471,0.3805939,0
0.36351514,0.87108386,3.6827135,-0.39652339,-0.17830193,0.90054297,0
-3.3765981,-2.6652088,0.29020286,-0.52073991,-0.76418471,-0.3805939,0
2.3360519,-0.72671247,4.0645199,-0.39652339,-0.17830193,0.90054297,0
2.7792063,-4.0018616,0.0084381104,0.75604177,-0.61986303,0.21016818,0
2.8546231,-2.979255,-2.832427,0.39652339,0.17830193,-0.90054297,0
-3.3674164,-1.3288684,1.4684126,-0.39652339,-0.17830193,0.90054297,0
3.8427339,-0.16479069,4.5318551,0.52073991,0.76418471,0.3805939,0
-0.15345383,-2.8052046,-3.4329462,-0.52073991,-0.76418471,-0.3805939,0
0.90242457,4.8213959,-1.8371491,0.39652339,0.17830193,-0.90054297,0
-2.1807549,-0.80339742,2.3205194,-0.39652339,-0.17830193,0.90054297,0
-2.0876617,0.79161185,-4.2766986,0.39652339,0.17830193,-0.90054297,0
-4.6463275,0.51322746,-3.4140444,-0.52073991,-0.76418471,-0.3805939,0
-4.6545496,0.46863592,-3.3291495,-0.52073991,-0.76418471,-0.3805939,0
-3.8712325,-2.3108187,1.3102202,-0.39652339,-0.17830193,0.90054297,0
-5.1582108,-1.1622014,-0.15139866,-0.52073991,-0.76418471,-0.3805939,0
-5.8299885,0.21234131,-0.52499485,-0.75604177,0.61986303,-0.21016818,0
0.71233749,-4.901587,-0.038480639,-0.52073991,-0.76418471,-0.3805939,0
-4.7268496,0.39546525,-2.4834545,-0.75604177,0.61986303,-0.21016818,0
-2.8572409,3.0859571,-2.9122696,-0.75604177,0.61986303,-0.21016818,0
-5.0253091,1.5189569,0.38589048,-0.75604177,0.61986303,-0.21016818,0
-0.81763029,5.4652205,-0.462587,0.52073991,0.76418471,0.3805939,0
-1.0397913,-4.3034801,1.0578196,-0.52073991,-0.76418471,-0.3805939,0
-1.7184887,1.4251004,-4.017334,0.39652339,0.17830193,-0.90054297,0
-3.3097656,2.5452166,-2.8432109,-0.75604177,0.61986303,-0.21016818,0
5.0680385,-0.78453541,0.36634207,0.75604177,-0.61986303,0.21016818,0
2.5879292,-5.1104813,-2.3455732,0.75604177,-0.61986303,0.21016818,0
3.5188351,-3.6116045,-2.1694832,0.75604177,-0.61986303,0.21016818,0
-3.6421666,3.5780208,2.6364541,-0.39652339,-0.17830193,0.90054297,0
1.0560093,-1.4338844,-3.0657694,0.39652339,0.17830193,-0.90054297,0
-1.3212767,-1.669673,-3.6779132,-0.52073991,-0.76418471,-0.3805939,0
-2.7419567,0.78300548,2.3206263,-0.39652339,-0.17830193,0.90054297,0
-0.82889116,1.1993039,-3.5166931,0.39652339,0.17830193,-0.90054297,0
3.0181353,2.6646361,-0.26394296,0.52073991,0.76418471,0.3805939,0
-4.8062062,1.0013545,-0.8456459,-0.75604177,0.61986303,-0.21016818,0
-1.1419578,-2.9704542,-1.979604,-0.52073991,-0.76418471,-0.3805939,0
-1.1013298,-4.2016468,0.89371109,-0.52073991,-0.76418471,-0.3805939,0
3.9828274,1.280514,1.5062015,0.52073991,0.76418471,0.3805939,0
-2.4623196,4.7727461,1.4705856,-0.75604177,0.61986303,-0.21016818,0
-2.3210731,4.9536715,1.503243,-0.75604177,0.61986303,-0.21016818,0
-1.6765755,2.4594147,-3.5185175,0.39652339,0.17830193,-0.90054297,0
-4.0499287,2.4277298,1.8914671,-0.39652339,-0.17830193,0.90054297,0
-0.47648764,5.4699745,-0.77748728,0.52073991,0.76418471,0.3805939,0
1.2262194,-1.9028639,3.5092046,-0.39652339,-0.17830193,0.90054297,0
0.027629375,1.4029909,3.7712772,-0.39652339,-0.17830193,0.90054297,0
-5.2925367,0.64152527,-0.30023003,-0.75604177,0.61986303,-0.21016818,0
-4.3595881,0.0883497,-2.9459355,-0.52073991,-0.76418471,-0.3805939,0
1.6597404,1.9563662,2.8854148,0.52073991,0.76418471,0.3805939,0
2.0177674,-4.1501613,-3.2446055,-0.52073991,-0.76418471,-0.3805939,0
-2.6731327,-2.9088621,0.79210472,-0.52073991,-0.76418471,-0.3805939,0
-1.1253729,-2.5931902,-2.9234698,-0.52073991,-0.76418471,-0.3805939,0
1.2752619,4.5072818,-1.6920724,0.52073991,0.76418471,0.3805939,0
0.3337732,0.98729467,-2.8359144,0.39652339,0.17830193,-0.90054297,0
0.72901469,-1.8160437,3.2422419,-0.39652339,-0.17830193,0.90054297,0
1.1620178,0.43147254,4.0638304,-0.39652339,-0.17830193,0.90054297,0
-5.8412971,0.38481855,-0.14081955,-0.75604177,0.61986303,-0.21016818,0
2.6794767,-2.7051916,3.7568507,-0.39652339,-0.17830193,0.90054297,0
-3.1166461,3.0283313,-0.92255425,-0.75604177,0.61986303,-0.21016818,0
-5.0522003,-1.0107374,0.98655748,-0.39652339,-0.17830193,0.90054297,0
-0.11923122,-5.5114765,1.939687,-0.52073991,-0.76418471,-0.3805939,0
-0.46873021,5.0850348,-2.5404732,0.39652339,0.17830193,-0.90054297,0
-3.0427241,-1.2857871,-2.0223107,-0.52073991,-0.76418471,-0.3805939,0
3.3494179,0.5625627,-1.560163,0.39652339,0.17830193,-0.90054297,0
-5.0715847,1.4095528,0.85535479,-0.75604177,0.61986303,-0.21016818,0
1.8517504,-5.2034211,-0.11333132,0.75604177,-0.61986303,0.21016818,0
3.9195464,-1.5793357,-1.9508419,0.39652339,0.17830193,-0.90054297,0
-2.8544476,2.2312622,-4.0009036,-0.75604177,0.61986303,-0.21016818,0
-0.43196821,5.5666676,-1.3786608,0.52073991,0.76418471,0.3805939,0
2.6264117,-2.6596415,-2.546205,0.39652339,0.17830193,-0.90054297,0
4.6279955,-1.6792076,-0.43854809,0.75604177,-0.61986303,0.21016818,0
0.35910749,-3.8727214,2.9266493,-0.39652339,-0.17830193,0.90054297,0
-1.2408862,4.3039341,2.0366192,0.52073991,0.76418471,0.3805939,0
-0.17249441,-4.0383391,-0.91879719,-0.52073991,-0.76418471,-0.3805939,0
-3.0158632,2.6670702,-3.521594,-0.75604177,0.61986303,-0.21016818,0
-3.7642746,2.21174,-0.57510877,-0.75604177,0.61986303,-0.21016818,0
3.3129225,1.9626768,0.76000834,0.52073991,0.76418471,0.3805939,0
0.81696546,-4.2022605,2.8707352,-0.39652339,-0.17830193,0.90054297,0
0.076486349,5.4502831,-2.0601103,0.52073991,0.76418471,0.3805939,0
-1.2784834,-3.9698768,0.19657987,-0.52073991,-0.76418471,-0.3805939,0
2.3667891,1.3811758,3.3979168,0.52073991,0.76418471,0.3805939,0
3.7507846,2.292917,-1.2173193,0.39652339,0.17830193,-0.90054297,0
1.1272216,1.5314258,-2.496695,0.39652339,0.17830193,-0.90054297,0
3.9174702,0.60101688,2.9486475,0.52073991,0.76418471,0.3805939,0
0.19754791,-3.1113653,-3.6947794,-0.52073991,-0.76418471,-0.3805939,0
-0.95785105,-1.9529701,2.3257194,-0.39652339,-0.17830193,0.90054297,0
-2.8722405,3.8136365,3.04321,-0.39652339,-0.17830193,0.90054297,0
1.1576109,-4.9731407,-0.58820474,-0.52073991,-0.76418471,-0.3805939,0
5.4845738,-0.42035246,0.97183323,0.75604177,-0.61986303,0.21016818,0
3.6813796,1.5581765,1.4529209,0.52073991,0.76418471,0.3805939,0
-1.4698896,2.3785019,-3.3960366,0.39652339,0.17830193,-0.90054297,0
0.85677338,4.6173577,-1.0115256,0.52073991,0.76418471,0.3805939,0
-0.89550233,5.5771837,-1.1529479,-0.75604177,0.61986303,-0.21016818,0
4.5364704,0.30694628,2.0315371,0.52073991,0.76418471,0.3805939,0
-0.97036839,5.829813,-1.0710061,-0.75604177,0.61986303,-0.21016818,0
4.508821,0.7043314,1.0927742,0.52073991,0.76418471,0.3805939,0
6.217804,0.55159855,-0.38824749,0.39652339,0.17830193,-0.90054297,0
-1.6769481,4.4878592,2.6190591,0.52073991,0.76418471,0.3805939,0
2.4981446,-4.185008,-3.1898251,0.39652339,0.17830193,-0.90054297,0
1.5775172,1.3160074,-2.4803367,0.39652339,0.17830193,-0.90054297,0
-4.4563336,2.2528543,0.33889484,-0.75604177,0.61986303,-0.21016818,0
1.7062548,-4.0659013,2.911741,0.75604177,-0.61986303,0.21016818,0
-3.8988056,2.363822,-0.85054207,-0.75604177,0.61986303,-0.21016818,0
3.8983278,-1.0562867,3.3795106,0.75604177,-0.61986303,0.21016818,0
-3.8636339,2.5007455,-0.78233576,-0.75604177,0.61986303,-0.21016818,0
4.1949606,1.3727293,-1.1667747,0.39652339,0.17830193,-0.90054297,0
-3.4281442,1.3166673,-4.3021941,-0.75604177,0.61986303,-0.21016818,0
0.39739609,-1.2139046,-3.3669991,0.39652339,0.17830193,-0.90054297,0
2.6356201,2.2539277,1.5753326,0.52073991,0.76418471,0.3805939,0
-5.3167896,-0.00827384,-1.3975677,-0.75604177,0.61986303,-0.21016818,0
-4.0345936,2.1108956,2.0994124,-0.39652339,-0.17830193,0.90054297,0
1.5768371,4.3074684,-1.7758077,0.52073991,0.76418471,0.3805939,0
1.8080134,-4.880816,1.0148637,0.75604177,-0.61986303,0.21016818,0
4.2388091,-1.132827,3.3351011,0.75604177,-0.61986303,0.21016818,0
4.046299,0.78816009,-1.4699786,0.39652339,0.17830193,-0.90054297,0
-2.9619813,2.6325018,2.4706025,-0.39652339,-0.17830193,0.90054297,0
-1.9560952,1.3421519,2.950995,-0.39652339,-0.17830193,0.90054297,0
-2.7325451,2.7252536,-3.8717215,-0.75604177,0.61986303,-0.21016818,0
-1.0632399,0.00041556358,2.7810349,-0.39652339,-0.17830193,0.90054297,0
0.16110456,-3.5725598,2.8826067,-0.39652339,-0.17830193,0.90054297,0
0.10958385,-4.3900747,-0.41635901,-0.52073991,-0.76418471,-0.3805939,0
1.1761642,-4.2694521,-1.7806635,-0.52073991,-0.76418471,-0.3805939,0
3.18642,-2.9712086,0.81069541,0.75604177,-0.61986303,0.21016818,0
-2.5623989,3.448405,-2.1365144,-0.75604177,0.61986303,-0.21016818,0
3.2547479,-2.056109,3.1330934,0.75604177,-0.61986303,0.21016818,0
-1.8387418,4.7241549,-0.90902519,-0.75604177,0.61986303,-0.21016818,0
-1.1866722,4.2445917,1.7766593,0.52073991,0.76418471,0.3805939,0
-3.3219323,2.8708723,-1.5750678,-0.75604177,0.61986303,-0.21016818,0
1.4121118,1.803789,3.7490687,0.52073991,0.76418471,0.3805939,0
-4.0810299,2.1034119,-0.90587664,-0.75604177,0.61986303,-0.21016818,0
1.7976735,-4.7174721,0.10160375,0.75604177,-0.61986303,0.21016818,0
-0.79614568,0.55932081,-3.6557899,0.39652339,0.17830193,-0.90054297,0
-3.6013107,-0.86070454,-2.1698756,-0.52073991,-0.76418471,-0.3805939,0
1.201261,-5.2196016,-0.82477868,-0.52073991,-0.76418471,-0.3805939,0
-1.3686221,-2.4437501,2.1325033,-0.39652339,-0.17830193,0.90054297,0
-5.0667286,0.13913608,-1.8905025,-0.75604177,0.61986303,-0.21016818,0
-2.0149317,4.5013771,-1.1717322,-0.75604177,0.61986303,-0.21016818,0
4.6343498,-0.61310816,-1.3916757,0.39652339,0.17830193,-0.90054297,0
1.0799878,4.3886251,-0.7337687,0.52073991,0.76418471,0.3805939,0
5.5321488,0.22788119,0.89333963,0.52073991,0.76418471,0.3805939,0
-4.4864173,0.74956989,-2.9459631,-0.75604177,0.61986303,-0.21016818,0
1.6567969,-0.83337289,3.7793891,-0.39652339,-0.17830193,0.90054297,0
2.5637393,-4.66535,-1.9614663,0.75604177,-0.61986303,0.21016818,0
-0.97756004,4.7859969,0.73817563,0.52073991,0.76418471,0.3805939,0
3.1128287,2.308073,-0.054883242,0.52073991,0.76418471,0.3805939,0
0.34587049,-3.1569276,-3.0677054,-0.52073991,-0.76418471,-0.3805939,0
-5.3489943,-0.14755058,-1.679882,-0.52073991,-0.76418471,-0.3805939,0
2.4344406,-0.84447026,-2.264627,0.39652339,0.17830193,-0.90054297,0
0.33766848,1.0127432,-2.8508415,0.39652339,0.17830193,-0.90054297,0
-0.73949361,-4.86307,1.2924415,-0.52073991,-0.76418471,-0.3805939,0
-0.34525326,2.1609452,-3.1567881,0.39652339,0.17830193,-0.90054297,0
-4.4262433,2.273052,0.30321312,-0.75604177,0.61986303,-0.21016818,0
-2.1762617,-3.1225934,0.13860178,-0.52073991,-0.76418471,-0.3805939,0
-3.3027093,1.1865966,1.9573495,-0.39652339,-0.17830193,0.90054297,0
5.0524483,-0.30245161,2.1624651,0.75604177,-0.61986303,0.21016818,0
-1.8313701,4.0823998,-2.571883,-0.75604177,0.61986303,-0.21016818,0
-0.60607243,4.7284632,0.70115852,0.52073991,0.76418471,0.3805939,0
-2.2743895,-3.4320369,0.39973986,-0.52073991,-0.76418471,-0.3805939,0
1.0086784,-5.5082464,0.8023051,0.75604177,-0.61986303,0.21016818,0
-0.36227322,4.5471516,0.43809783,0.52073991,0.76418471,0.3805939,0
4.151154,-1.4284427,2.9355421,0.75604177,-0.61986303,0.21016818,0
3.3129241,-2.8160424,1.7673926,0.75604177,-0.61986303,0.21016818,0
-1.0274396,5.1151824,-2.4698939,-0.75604177,0.61986303,-0.21016818,0
-3.7010083,2.3859487,-1.431963,-0.75604177,0.61986303,-0.21016818,0
4.1328783,-2.2451208,-0.9142561,0.75604177,-0.61986303,0.21016818,0
-2.5901005,4.659514,1.8310871,-0.75604177,0.61986303,-0.21016818,0
-4.2479396,1.7707,1.9460967,-0.39652339,-0.17830193,0.90054297,0
5.8625555,-0.086782455,-0.81298828,0.75604177,-0.61986303,0.21016818,0
-1.5571977,-3.3942654,2.0074036,-0.39652339,-0.17830193,0.90054297,0
2.4144206,3.297164,-1.7725929,0.39652339,0.17830193,-0.90054297,0
1.7850657,-0.7789011,-2.7598212,0.39652339,0.17830193,-0.90054297,0
-3.4204316,1.2162106,1.9452434,-0.39652339,-0.17830193,0.90054297,0
2.317637,-4.2500525,-0.11732197,0.75604177,-0.61986303,0.21016818,0
-4.4038091,2.4010987,1.4649305,-0.75604177,0.61986303,-0.21016818,0
0.52886343,1.4309975,3.866498,-0.39652339,-0.17830193,0.90054297,0
3.3156562,-4.1874585,-2.6279373,0.75604177,-0.61986303,0.21016818,0
0.26518679,4.8710876,-0.5962835,0.52073991,0.76418471,0.3805939,0
-1.3476477,5.1839533,-1.0870086,-0.75604177,0.61986303,-0.21016818,0
-3.6957941,2.4238703,2.3238962,-0.39652339,-0.17830193,0.90054297,0
1.2951312,-3.8914988,-2.9297032,-0.52073991,-0.76418471,-0.3805939,0
-4.8820114,-0.35961246,1.2605348,-0.39652339,-0.17830193,0.90054297,0
-3.7471085,-2.1718054,0.34440851,-0.52073991,-0.76418471,-0.3805939,0
-0.15077877,-1.0808802,-3.7988043,0.39652339,0.17830193,-0.90054297,0
-0.36043859,4.6522098,-2.5289857,0.39652339,0.17830193,-0.90054297,0
-0.92318058,3.9627123,2.7006679,0.52073991,0.76418471,0.3805939,0
3.9232132,-1.1338527,3.6208346,0.75604177,-0.61986303,0.21016818,0
2.559001,2.7545207,-1.6760063,0.39652339,0.17830193,-0.90054297,0
-4.6205487,0.67868209,-2.6615779,-0.75604177,0.61986303,-0.21016818,0
0.11539316,-3.4017069,-2.3330848,-0.52073991,-0.76418471,-0.3805939,0
-2.2744575,4.8739038,1.5514443,-0.75604177,0.61986303,-0.21016818,0
2.7220578,-4.714088,-2.0405202,0.75604177,-0.61986303,0.21016818,0
4.4684391,2.1139057,-1.043577,0.39652339,0.17830193,-0.90054297,0
-4.5820799,-0.10074234,1.3874307,-0.39652339,-0.17830193,0.90054297,0
1.8680849,-3.1985974,3.375581,-0.39652339,-0.17830193,0.90054297,0
3.8678198,-2.403738,1.1265914,0.75604177,-0.61986303,0.21016818,0
3.589921,-0.79434633,-2.0136027,0.39652339,0.17830193,-0.90054297,0
-0.88949883,0.35021353,3.0050049,-0.39652339,-0.17830193,0.90054297,0
2.363337,-2.6929154,3.6280057,-0.39652339,-0.17830193,0.90054297,0
4.5987864,1.0998726,-1.2773342,0.39652339,0.17830193,-0.90054297,0
-5.8973193,0.053033829,0.92862558,-0.39652339,-0.17830193,0.90054297,0
2.0710373,1.1138983,4.2232037,0.52073991,0.76418471,0.3805939,0
2.1337411,-0.54268843,4.2579336,-0.39652339,-0.17830193,0.90054297,0
2.3574433,-1.7721651,-2.5036845,0.39652339,0.17830193,-0.90054297,0
-0.44605088,-4.6508479,2.1659057,-0.39652339,-0.17830193,0.90054297,0
3.4459569,2.3724418,0.006606102,0.52073991,0.76418471,0.3805939,0
5.4068718,-0.38964987,0.82027721,0.75604177,-0.61986303,0.21016818,0
-0.64602232,-3.8850479,-0.47870472,-0.52073991,-0.76418471,-0.3805939,0
-1.2834926,-3.5972214,-0.27278173,-0.52073991,-0.76418471,-0.3805939,0
-3.5514953,2.1870999,-2.5081706,-0.75604177,0.61986303,-0.21016818,0
-0.71521425,4.7134805,0.74666226,0.52073991,0.76418471,0.3805939,0
-1.8779094,4.5809355,-1.5750015,-0.75604177,0.61986303,-0.21016818,0
4.0372219,2.1030941,-1.1485722,0.39652339,0.17830193,-0.90054297,0
-0.4515233,-4.3246059,-0.0688591,-0.52073991,-0.76418471,-0.3805939,0
-2.5627136,4.4681425,1.1432176,-0.75604177,0.61986303,-0.21016818,0
-2.7644205,3.9672313,2.866724,-0.39652339,-0.17830193,0.90054297,0
3.4128134,-3.0761735,-2.4976032,0.39652339,0.17830193,-0.90054297,0
-1.9243269,4.9236135,0.87025118,-0.75604177,0.61986303,-0.21016818,0
-0.57849979,3.8149621,2.6748965,0.52073991,0.76418471,0.3805939,0
-3.5594015,-1.7086419,-0.47575092,-0.52073991,-0.76418471,-0.3805939,0
-4.9116559,0.30783296,-3.3169253,-0.75604177,0.61986303,-0.21016818,0
3.1109829,-4.5684943,-3.0153093,0.75604177,-0.61986303,0.21016818,0
4.620945,-1.5254586,0.78984404,0.75604177,-0.61986303,0.21016818,0
-3.0022039,2.1487961,-3.8299603,-0.75604177,0.61986303,-0.21016818,0
-2.7094781,2.2398081,-4.1989532,0.39652339,0.17830193,-0.90054297,0
-1.1013175,-0.054567099,2.9761376,-0.39652339,-0.17830193,0.90054297,0
-5.1577182,1.6070065,1.0402913,-0.75604177,0.61986303,-0.21016818,0
1.6648002,-5.0143523,0.90073514,0.75604177,-0.61986303,0.21016818,0
-1.2,2.074594,3.1662548,-0.39652339,-0.17830193,0.90054297,0
3.6555786,0.25648582,4.1604333,0.52073991,0.76418471,0.3805939,0
-1.282858,3.3547349,-3.2426994,0.39652339,0.17830193,-0.90054297,0
-3.8194599,1.4882232,-4.1840935,-0.75604177,0.61986303,-0.21016818,0
2.9258881,-0.99456501,4.3084006,-0.39652339,-0.17830193,0.90054297,0
0.2759161,4.2725782,-2.3282566,0.39652339,0.17830193,-0.90054297,0
-2.0972443,3.3699863,-3.0919569,-0.75604177,0.61986303,-0.21016818,0
-3.7788262,-2.5900917,1.1850517,-0.52073991,-0.76418471,-0.3805939,0
3.056329,0.78164494,3.224911,0.52073991,0.76418471,0.3805939,0
-0.089661121,5.1289883,-1.1161588,0.52073991,0.76418471,0.3805939,0
-3.4164605,1.6660113,-4.3877406,-0.75604177,0.61986303,-0.21016818,0
-2.0251622,4.1550536,-2.1916735,-0.75604177,0.61986303,-0.21016818,0
3.1886013,-2.7716005,1.610451,0.75604177,-0.61986303,0.21016818,0
1.3669949,-1.435528,-2.9832633,0.39652339,0.17830193,-0.90054297,0
5.7850437,-0.45870781,-0.83021402,0.75604177,-0.61986303,0.21016818,0
-0.016445816,2.4883161,-2.6857467,0.39652339,0.17830193,-0.90054297,0
-5.2068853,1.3102894,1.471416,-0.39652339,-0.17830193,0.90054297,0
-0.7809847,-0.7734158,2.9427133,-0.39652339,-0.17830193,0.90054297,0
-2.6162267,-0.73557544,-3.9487617,-0.52073991,-0.76418471,-0.3805939,0
4.5003033,0.98800492,1.1070535,0.52073991,0.76418471,0.3805939,0
-4.4014297,2.6966677,1.7164917,-0.75604177,0.61986303,-0.21016818,0
3.4317222,-1.2947373,-1.8624201,0.39652339,0.17830193,-0.90054297,0
-5.0664225,0.46993494,-1.4608979,-0.75604177,0.61986303,-0.21016818,0
3.2500346,2.4455352,0.065299511,0.52073991,0.76418471,0.3805939,0
-3.5938523,2.1883731,-1.5753689,-0.75604177,0.61986303,-0.21016818,0
-2.4456127,-0.34083074,-4.3080606,0.39652339,0.17830193,-0.90054297,0
2.5244124,3.7198548,-1.6096634,0.52073991,0.76418471,0.3805939,0
1.5861833,-5.0466623,0.79231405,0.75604177,-0.61986303,0.21016818,0
-3.6940165,2.895957,0.24548817,-0.75604177,0.61986303,-0.21016818,0
-1.1765265,5.7508097,-0.74658489,0.52073991,0.76418471,0.3805939,0
0.69830441,-5.2981963,2.581558,0.75604177,-0.61986303,0.21016818,0
-2.9725769,0.56001908,-4.4276366,0.39652339,0.17830193,-0.90054297,0
3.927834,-2.8160446,-1.3760161,0.75604177,-0.61986303,0.21016818,0
0.0020219088,-3.3506205,2.5643773,-0.39652339,-0.17830193,0.90054297,0
-4.5654907,1.5710325,0.097996712,-0.75604177,0.61986303,-0.21016818,0
0.16803122,-0.87763095,3.0822713,-0.39652339,-0.17830193,0.90054297,0
-0.40506935,-4.5541258,0.89767063,-0.52073991,-0.76418471,-0.3805939,0
1.0076306,-0.43154919,3.5092902,-0.39652339,-0.17830193,0.90054297,0
-1.3789325,-4.3116565,1.9328573,-0.39652339,-0.17830193,0.90054297,0
-3.1137328,4.2549067,1.8842604,-0.75604177,0.61986303,-0.21016818,0
1.3274629,-1.7124755,-3.1425021,0.39652339,0.17830193,-0.90054297,0
-3.0940669,2.4643679,-2.4861825,-0.75604177,0.61986303,-0.21016818,0
-5.2789922,-0.47717237,0.72453308,-0.39652339,-0.17830193,0.90054297,0
4.4731836,-0.22054648,3.4693751,0.52073991,0.76418471,0.3805939,0
-2.0214553,5.0080724,0.45034099,-0.75604177,0.61986303,-0.21016818,0
-4.0871768,0.13475752,1.7693689,-0.39652339,-0.17830193,0.90054297,0
-2.807981,4.1017613,0.15795064,-0.75604177,0.61986303,-0.21016818,0
-3.9333305,2.0473797,2.0927701,-0.39652339,-0.17830193,0.90054297,0
-0.59495306,3.7428968,2.9304893,0.52073991,0.76418471,0.3805939,0
0.043605566,-3.1592319,2.5931146,-0.39652339,-0.17830193,0.90054297,0
1.2274513,2.1387012,3.240576,0.52073991,0.76418471,0.3805939,0
4.5116062,1.2057011,0.38200855,0.52073991,0.76418471,0.3805939,0
