-2.6379302,-1.5980629,3.1978576,-0.97869962,-0.18987739,0.078060955,0
-2.8779578,-1.4186087,0.19940931,-0.97869962,-0.18987739,0.078060955,0
-3.6271579,0.45335102,-4.4393249,-0.97869962,-0.18987739,0.078060955,0
-2.12551,-4.0086241,-1.7330118,0.024192095,-0.48425156,-0.87459421,0
-2.5071466,-1.4010035,2.3650994,-0.97869962,-0.18987739,0.078060955,0
3.1772921,0.9981811,3.4939055,0.97869962,0.18987739,-0.078060955,0
0.61405134,-5.8074651,-0.064960957,0.20386681,-0.85407662,0.47853041,0
3.0750613,-0.38624644,1.0499138,0.97869962,0.18987739,-0.078060955,0
1.1734174,5.0133858,-1.7876196,-0.20386681,0.85407662,-0.47853041,0
-3.5781145,2.1208465,-4.9061918,-0.20386681,0.85407662,-0.47853041,0
-0.95837331,-4.4146419,-1.4589059,0.024192095,-0.48425156,-0.87459421,0
-2.2211843,4.3356085,-2.0220265,-0.20386681,0.85407662,-0.47853041,0
-0.33834267,0.74952537,3.4946616,-0.024192095,0.48425156,0.87459421,0
2.1899824,3.8275218,-1.5797572,0.97869962,0.18987739,-0.078060955,0
2.982182,-0.059900761,4.2654033,-0.024192095,0.48425156,0.87459421,0
-2.5331621,-2.1023729,-0.63934362,-0.97869962,-0.18987739,0.078060955,0
2.9309773,-2.1703341,-2.6641963,0.024192095,-0.48425156,-0.87459421,0
1.7073542,5.2891912,-2.0465622,-0.20386681,0.85407662,-0.47853041,0
1.6357193,-4.2966542,1.7143843,0.20386681,-0.85407662,0.47853041,0
-2.0004251,-3.4930091,4.7527919,0.20386681,-0.85407662,0.47853041,0
-2.4765685,-2.7160835,3.2535396,-0.97869962,-0.18987739,0.078060955,0
-2.6086311,-0.90714103,3.4983482,-0.97869962,-0.18987739,0.078060955,0
-1.2408428,5.5667229,0.087821245,-0.20386681,0.85407662,-0.47853041,0
-3.7746189,3.3146822,1.0726063,-0.97869962,-0.18987739,0.078060955,0
2.3721697,0.10508877,-4.0849257,0.024192095,-0.48425156,-0.87459421,0
0.8599596,-5.4658599,-1.0200241,0.024192095,-0.48425156,-0.87459421,0
1.1429433,2.5096116,-5.1831622,0.024192095,-0.48425156,-0.87459421,0
-0.40699434,5.4377885,-0.25859904,-0.20386681,0.85407662,-0.47853041,0
3.8885193,-2.256731,4.444561,0.20386681,-0.85407662,0.47853041,0
-3.9928203,3.4861636,-1.2183387,-0.97869962,-0.18987739,0.078060955,0
1.889333,2.367044,-5.2956805,0.024192095,-0.48425156,-0.87459421,0
-4.1190271,5.057971,1.0551863,-0.024192095,0.48425156,0.87459421,0
-2.9620218,0.85313129,0.89878058,-0.97869962,-0.18987739,0.078060955,0
-0.44454241,5.2773228,-0.97910762,-0.20386681,0.85407662,-0.47853041,0
2.5171573,-3.7947462,2.9231863,0.20386681,-0.85407662,0.47853041,0
3.5762718,-0.6924634,4.0339212,0.97869962,0.18987739,-0.078060955,0
0.59972012,-3.1990738,4.5147591,0.20386681,-0.85407662,0.47853041,0
2.9036102,-4.2865152,-1.5046074,0.024192095,-0.48425156,-0.87459421,0
-3.6728621,3.8337638,-0.32111931,-0.97869962,-0.18987739,0.078060955,0
0.26990366,1.1932832,-4.6860137,0.024192095,-0.48425156,-0.87459421,0
-0.27667958,3.3395286,-4.5670877,-0.20386681,0.85407662,-0.47853041,0
-2.8069782,-1.2541134,-3.213551,0.024192095,-0.48425156,-0.87459421,0
3.8237162,-4.4110765,0.55202103,0.97869962,0.18987739,-0.078060955,0
-2.2544463,-2.1477065,4.891458,-0.97869962,-0.18987739,0.078060955,0
-1.1715419,2.2503762,2.7872024,-0.024192095,0.48425156,0.87459421,0
0.188586,5.2139683,-1.5974898,-0.20386681,0.85407662,-0.47853041,0
-2.0234699,5.0083041,1.2915587,-0.024192095,0.48425156,0.87459421,0
-2.0178361,-2.9064708,-2.3776574,0.024192095,-0.48425156,-0.87459421,0
0.57668275,3.1235271,-5.3006616,-0.20386681,0.85407662,-0.47853041,0
-2.5785046,-1.530807,0.47474939,-0.97869962,-0.18987739,0.078060955,0
0.8737886,3.6066706,-4.4363251,-0.20386681,0.85407662,-0.47853041,0
-1.3766527,-0.73622304,4.2970839,-0.024192095,0.48425156,0.87459421,0
2.4657183,1.1832653,-2.8665838,0.97869962,0.18987739,-0.078060955,0
0.99362707,6.1440129,-0.19106722,-0.20386681,0.85407662,-0.47853041,0
-2.6206143,-1.9128042,1.2971449,-0.97869962,-0.18987739,0.078060955,0
2.7140393,2.609215,0.50920051,0.97869962,0.18987739,-0.078060955,0
-0.058876038,-5.51054,-1.1704376,0.024192095,-0.48425156,-0.87459421,0
-0.60289955,4.6271515,1.4387462,-0.024192095,0.48425156,0.87459421,0
0.32614601,-4.0154319,2.9931526,0.20386681,-0.85407662,0.47853041,0
2.8698378,-3.4900827,-1.7747376,0.024192095,-0.48425156,-0.87459421,0
-3.21543,0.33429837,0.89115691,-0.97869962,-0.18987739,0.078060955,0
1.5291699,-3.685653,3.3252633,0.20386681,-0.85407662,0.47853041,0
-2.884932,3.9391043,-1.9777315,-0.20386681,0.85407662,-0.47853041,0
-1.8079772,4.3119397,1.414578,-0.024192095,0.48425156,0.87459421,0
-1.2290411,-6.0729494,0.087661266,0.20386681,-0.85407662,0.47853041,0
0.35844231,-0.84436071,4.4332514,-0.024192095,0.48425156,0.87459421,0
-3.5138094,3.2611191,1.8193972,-0.97869962,-0.18987739,0.078060955,0
2.0793507,4.3366275,-2.3145828,0.97869962,0.18987739,-0.078060955,0
-3.2372434,2.6428151,2.5640416,-0.97869962,-0.18987739,0.078060955,0
0.52014661,2.8913484,-5.4023504,-0.20386681,0.85407662,-0.47853041,0
-3.4321671,4.5073333,1.3495872,-0.024192095,0.48425156,0.87459421,0
3.176564,0.28371787,-0.14888322,0.97869962,0.18987739,-0.078060955,0
3.0392184,1.0111117,3.5585389,0.97869962,0.18987739,-0.078060955,0
-2.5785229,5.1333957,-0.52833414,-0.20386681,0.85407662,-0.47853041,0
-0.063830853,5.378581,1.1462214,-0.024192095,0.48425156,0.87459421,0
-3.5770235,2.0885365,-5.0314198,-0.20386681,0.85407662,-0.47853041,0
-0.73825669,-3.0443785,5.0196319,0.20386681,-0.85407662,0.47853041,0
2.1441712,4.7530937,-0.2149781,0.97869962,0.18987739,-0.078060955,0
2.5722582,-1.7396857,-2.8922386,0.024192095,-0.48425156,-0.87459421,0
-2.3429906,-2.731075,-2.5559459,0.024192095,-0.48425156,-0.87459421,0
-2.0541124,0.63191998,3.5797019,-0.024192095,0.48425156,0.87459421,0
-3.3524406,1.1248,-1.5220351,-0.97869962,-0.18987739,0.078060955,0
0.17851496,-5.6153579,0.66748285,0.20386681,-0.85407662,0.47853041,0
1.5879703,-3.840661,-1.8725252,0.024192095,-0.48425156,-0.87459421,0
-1.2858958,4.3745952,-1.9018512,-0.20386681,0.85407662,-0.47853041,0
3.4608464,-3.4133856,2.4818676,0.20386681,-0.85407662,0.47853041,0
-1.449604,0.34825036,3.6728406,-0.024192095,0.48425156,0.87459421,0
-3.7443945,4.3360004,0.061729908,-0.97869962,-0.18987739,0.078060955,0
2.3099115,-0.042047739,-4.0744133,0.024192095,-0.48425156,-0.87459421,0
2.9756088,-5.7075868,-0.74956727,0.20386681,-0.85407662,0.47853041,0
-2.2474539,3.4897783,-3.4772048,-0.20386681,0.85407662,-0.47853041,0
-0.77612972,-1.4433976,-3.4003584,0.024192095,-0.48425156,-0.87459421,0
-0.23795891,-5.9364462,-0.30884194,0.20386681,-0.85407662,0.47853041,0
-2.4402773,1.2916706,-4.6549373,0.024192095,-0.48425156,-0.87459421,0
1.8585774,-3.3801944,3.7457056,0.20386681,-0.85407662,0.47853041,0
0.045672774,-3.4985437,4.026845,0.20386681,-0.85407662,0.47853041,0
-2.4003201,-3.1947751,-0.050195947,-0.97869962,-0.18987739,0.078060955,0
2.9398553,-4.970778,0.6941061,0.20386681,-0.85407662,0.47853041,0
-3.7523065,1.1457522,-3.3820205,-0.97869962,-0.18987739,0.078060955,0
2.8436086,-0.057163954,-0.76766503,0.97869962,0.18987739,-0.078060955,0
3.3401129,-0.029373884,1.5541563,0.97869962,0.18987739,-0.078060955,0
-2.0339329,-4.033092,1.4016938,-0.97869962,-0.18987739,0.078060955,0
-2.4505124,5.2114878,-0.35336733,-0.20386681,0.85407662,-0.47853041,0
-1.889731,-5.0560961,1.8368171,0.20386681,-0.85407662,0.47853041,0
-2.4237163,-0.29654855,4.0158529,-0.024192095,0.48425156,0.87459421,0
-3.9492819,4.3491483,0.97709775,-0.97869962,-0.18987739,0.078060955,0
1.4669747,-4.8248596,1.1146231,0.20386681,-0.85407662,0.47853041,0
2.1915374,1.8204753,3.0497463,-0.024192095,0.48425156,0.87459421,0
-0.078546166,-2.0361564,5.0272455,-0.024192095,0.48425156,0.87459421,0
0.79851079,-4.1117158,2.9536507,0.20386681,-0.85407662,0.47853041,0
-2.2177763,-1.9465379,3.4756086,-0.97869962,-0.18987739,0.078060955,0
0.061034441,3.1643543,-4.8021092,-0.20386681,0.85407662,-0.47853041,0
0.39974022,-5.6140981,-0.12346888,0.20386681,-0.85407662,0.47853041,0
0.61155307,-3.1858726,4.6581078,0.20386681,-0.85407662,0.47853041,0
-3.5436227,2.5471725,-2.3267899,-0.97869962,-0.18987739,0.078060955,0
-3.2169018,1.3731155,2.1481321,-0.97869962,-0.18987739,0.078060955,0
2.3879585,2.2767959,-1.5240109,0.97869962,0.18987739,-0.078060955,0
-0.45007849,-1.0318346,4.4052639,-0.024192095,0.48425156,0.87459421,0
2.7258458,0.88112521,-3.4405422,0.97869962,0.18987739,-0.078060955,0
-2.3469436,-1.2012631,4.341846,-0.97869962,-0.18987739,0.078060955,0
-0.019232273,-5.1021905,-1.2851167,0.024192095,-0.48425156,-0.87459421,0
0.7376467,3.1977501,-4.6509657,-0.20386681,0.85407662,-0.47853041,0
-3.6022594,2.269892,1.0036056,-0.97869962,-0.18987739,0.078060955,0
-3.2537103,2.1315072,-4.9431758,-0.20386681,0.85407662,-0.47853041,0
-0.62996006,-5.8071585,-0.83098722,0.024192095,-0.48425156,-0.87459421,0
2.1476798,3.3287585,-2.7850792,0.97869962,0.18987739,-0.078060955,0
-2.5799201,-1.3447661,0.73493028,-0.97869962,-0.18987739,0.078060955,0
1.5731671,-3.2147646,4.1920934,0.20386681,-0.85407662,0.47853041,0
-2.7079787,-2.3056302,0.11546037,-0.97869962,-0.18987739,0.078060955,0
-3.7449629,4.1796083,1.0155065,-0.97869962,-0.18987739,0.078060955,0
-1.458566,-6.2073083,-0.033651829,0.20386681,-0.85407662,0.47853041,0
4.0547743,-3.8809307,1.6930428,0.97869962,0.18987739,-0.078060955,0
1.5641749,5.6363797,0.7634486,-0.024192095,0.48425156,0.87459421,0
-1.7496433,-3.3069353,5.1017904,0.20386681,-0.85407662,0.47853041,0
-2.0250759,3.5694246,-2.8314083,-0.20386681,0.85407662,-0.47853041,0
-2.2920341,-4.2696657,1.023,-0.97869962,-0.18987739,0.078060955,0
2.9223175,0.50875592,0.62336218,0.97869962,0.18987739,-0.078060955,0
-0.4579761,0.61621821,-4.1868811,0.024192095,-0.48425156,-0.87459421,0
0.29727715,3.1132073,-4.8823652,-0.20386681,0.85407662,-0.47853041,0
-3.5383804,2.6693449,1.7482538,-0.97869962,-0.18987739,0.078060955,0
-2.8228312,2.574688,-4.7819338,-0.20386681,0.85407662,-0.47853041,0
2.0955818,-0.047315121,4.0604472,-0.024192095,0.48425156,0.87459421,0
1.1881294,-5.8533525,-0.17115092,0.20386681,-0.85407662,0.47853041,0
-2.4275422,-3.5866799,1.0268813,-0.97869962,-0.18987739,0.078060955,0
3.5986152,-5.2763329,-0.73328352,0.20386681,-0.85407662,0.47853041,0
-2.3443933,1.3802617,-4.6565785,0.024192095,-0.48425156,-0.87459421,0
0.77930564,-3.3248363,4.0682626,0.20386681,-0.85407662,0.47853041,0
0.70893216,0.03866899,-4.136343,0.024192095,-0.48425156,-0.87459421,0
-3.7271371,3.9660425,-2.0558858,-0.20386681,0.85407662,-0.47853041,0
2.1131206,5.1752248,0.76531976,0.97869962,0.18987739,-0.078060955,0
-0.91952109,4.4559288,-1.8938565,-0.20386681,0.85407662,-0.47853041,0
-1.9323239,-6.6303153,-0.49411488,-0.97869962,-0.18987739,0.078060955,0
-1.4817684,4.3991699,-2.2273707,-0.20386681,0.85407662,-0.47853041,0
3.3190057,-2.4142613,-2.3470719,0.97869962,0.18987739,-0.078060955,0
1.7963521,-4.8274231,0.76477623,0.20386681,-0.85407662,0.47853041,0
2.9031119,-0.082502127,-0.53776157,0.97869962,0.18987739,-0.078060955,0
-1.4940289,-4.6288157,2.6689196,0.20386681,-0.85407662,0.47853041,0
2.7519128,-3.2916136,3.0257215,0.20386681,-0.85407662,0.47853041,0
-3.9483061,3.3345981,-2.8692112,-0.20386681,0.85407662,-0.47853041,0
2.3440106,3.4413328,-1.3622367,0.97869962,0.18987739,-0.078060955,0
-1.9279878,-5.0202003,-1.3771367,0.024192095,-0.48425156,-0.87459421,0
1.1788125,2.3023531,2.5721321,-0.024192095,0.48425156,0.87459421,0
3.7169609,-5.4531937,-0.65674067,0.024192095,-0.48425156,-0.87459421,0
2.4622216,3.3800304,2.3972178,-0.024192095,0.48425156,0.87459421,0
-2.8187547,-0.45752668,-3.9176979,0.024192095,-0.48425156,-0.87459421,0
-0.35468817,-6.0194426,-0.79388237,0.024192095,-0.48425156,-0.87459421,0
2.6235387,-3.3007298,-1.9503963,0.024192095,-0.48425156,-0.87459421,0
2.443027,2.1548088,-5.0210495,0.97869962,0.18987739,-0.078060955,0
3.5705051,-1.6062274,4.4318695,0.97869962,0.18987739,-0.078060955,0
-2.4522192,-3.1492624,1.0058248,-0.97869962,-0.18987739,0.078060955,0
-3.8536592,3.0146055,-0.02801156,-0.97869962,-0.18987739,0.078060955,0
0.4931531,5.9218578,0.63425326,-0.024192095,0.48425156,0.87459421,0
0.43686062,3.7630148,-3.7391975,-0.20386681,0.85407662,-0.47853041,0
2.3664541,-3.079411,4.2508807,0.20386681,-0.85407662,0.47853041,0
2.6017206,-1.053946,-3.2511954,0.024192095,-0.48425156,-0.87459421,0
-3.6963775,2.1530788,-4.5569034,-0.97869962,-0.18987739,0.078060955,0
2.7661963,-5.1611614,0.21159315,0.20386681,-0.85407662,0.47853041,0
2.7984581,1.2728152,-0.20774972,0.97869962,0.18987739,-0.078060955,0
-1.0625172,4.6492534,1.3815209,-0.024192095,0.48425156,0.87459421,0
1.4550653,4.8238964,1.1977004,-0.024192095,0.48425156,0.87459421,0
-3.740458,3.5004301,-1.0147042,-0.97869962,-0.18987739,0.078060955,0
2.6278036,-3.0349078,3.7648535,0.20386681,-0.85407662,0.47853041,0
-2.5260704,-1.8505502,3.7793386,-0.97869962,-0.18987739,0.078060955,0
3.4093521,-3.22791,-2.2484856,0.024192095,-0.48425156,-0.87459421,0
-3.7861834,2.4152954,-4.7058773,-0.97869962,-0.18987739,0.078060955,0
-0.33417773,1.2858227,3.3000002,-0.024192095,0.48425156,0.87459421,0
2.5469649,-1.1294612,-3.1446371,0.024192095,-0.48425156,-0.87459421,0
0.71712732,-4.9392271,1.4593883,0.20386681,-0.85407662,0.47853041,0
2.9832537,-2.2200511,-2.6020484,0.024192095,-0.48425156,-0.87459421,0
-3.8952389,1.911248,-3.3906164,-0.97869962,-0.18987739,0.078060955,0
0.25770712,-4.1415744,2.9606748,0.20386681,-0.85407662,0.47853041,0
-1.499516,1.73333,2.8061032,-0.024192095,0.48425156,0.87459421,0
1.4147139,-5.7254801,-0.051701546,0.20386681,-0.85407662,0.47853041,0
2.7565722,-4.7847357,0.76468778,0.20386681,-0.85407662,0.47853041,0
-0.67923355,3.3043482,2.277091,-0.024192095,0.48425156,0.87459421,0
0.40581679,-0.89367259,4.5276475,-0.024192095,0.48425156,0.87459421,0
-1.8827689,-2.9488811,5.2081766,-0.97869962,-0.18987739,0.078060955,0
-3.2528098,2.1628587,0.79854536,-0.97869962,-0.18987739,0.078060955,0
-3.7711339,3.1284971,0.010566473,-0.97869962,-0.18987739,0.078060955,0
-2.6285489,-1.3641919,1.4624023,-0.97869962,-0.18987739,0.078060955,0
2.1982505,-2.0530071,5.1569896,-0.024192095,0.48425156,0.87459421,0
3.2226353,0.42857003,2.5582423,0.97869962,0.18987739,-0.078060955,0
3.2625036,-4.3016953,-1.7264218,0.024192095,-0.48425156,-0.87459421,0
1.8009634,4.5609231,-2.9004974,0.97869962,0.18987739,-0.078060955,0
3.3244376,-0.049332619,2.088357,0.97869962,0.18987739,-0.078060955,0
-1.1416187,5.4296956,0.81178141,-0.024192095,0.48425156,0.87459421,0
-0.7599895,-1.07684,-3.2318325,0.024192095,-0.48425156,-0.87459421,0
-0.52469301,-5.7342453,-0.85918784,0.024192095,-0.48425156,-0.87459421,0
-3.563616,1.243576,-1.3087873,-0.97869962,-0.18987739,0.078060955,0
2.3031328,0.81333542,3.7239277,-0.024192095,0.48425156,0.87459421,0
3.3197918,-2.7016635,4.5978208,0.20386681,-0.85407662,0.47853041,0
0.056571245,-4.1672306,3.3718791,0.20386681,-0.85407662,0.47853041,0
-2.6480539,3.722095,1.9579191,-0.024192095,0.48425156,0.87459421,0
3.7915282,-5.2246866,-0.90241957,0.024192095,-0.48425156,-0.87459421,0
2.9334202,-1.9892821,5.2581577,-0.024192095,0.48425156,0.87459421,0
-3.2716937,0.0018162727,-1.8132625,-0.97869962,-0.18987739,0.078060955,0
3.2701879,-0.058151722,1.9345688,0.97869962,0.18987739,-0.078060955,0
-3.3665395,-0.34702826,-3.4545662,-0.97869962,-0.18987739,0.078060955,0
-0.42658615,-2.2272499,5.2380681,-0.024192095,0.48425156,0.87459421,0
-2.3935061,4.8728991,1.2003942,-0.024192095,0.48425156,0.87459421,0
-1.9403332,-3.5066357,3.7612832,-0.97869962,-0.18987739,0.078060955,0
-2.9824929,-0.43887877,1.2442849,-0.97869962,-0.18987739,0.078060955,0
-3.321969,1.1025374,-4.7326307,0.024192095,-0.48425156,-0.87459421,0
-0.15788114,4.1801214,-3.1372886,-0.20386681,0.85407662,-0.47853041,0
0.69517279,2.088011,2.7261758,-0.024192095,0.48425156,0.87459421,0
-3.4392703,2.1841571,1.9771258,-0.97869962,-0.18987739,0.078060955,0
1.6881478,-2.3568888,-2.8040597,0.024192095,-0.48425156,-0.87459421,0
3.7745333,-1.5827112,3.9372692,0.97869962,0.18987739,-0.078060955,0
-1.0190589,-3.3039951,-2.046751,0.024192095,-0.48425156,-0.87459421,0
-1.7938271,4.3012943,-1.8990872,-0.20386681,0.85407662,-0.47853041,0
-1.0293202,-3.739501,-1.8697815,0.024192095,-0.48425156,-0.87459421,0
3.171814,-0.66503668,0.40403724,0.97869962,0.18987739,-0.078060955,0
-0.66640687,0.10493708,3.7640114,-0.024192095,0.48425156,0.87459421,0
-0.41158909,2.9460576,-5.1566968,-0.20386681,0.85407662,-0.47853041,0
0.4269352,-0.56587899,4.2488575,-0.024192095,0.48425156,0.87459421,0
-2.6770151,4.3984327,-1.4949718,-0.20386681,0.85407662,-0.47853041,0
3.701169,-2.5283585,4.2350373,0.20386681,-0.85407662,0.47853041,0
-1.7388532,-0.33738554,4.0344882,-0.024192095,0.48425156,0.87459421,0
-3.733335,1.5516109,-4.5881815,-0.97869962,-0.18987739,0.078060955,0
1.8970869,0.49612045,3.6411655,-0.024192095,0.48425156,0.87459421,0
2.8899722,0.43416452,-2.3960552,0.97869962,0.18987739,-0.078060955,0
0.2178812,4.2125082,1.7154012,-0.024192095,0.48425156,0.87459421,0
-2.8107424,-1.3515767,2.328578,-0.97869962,-0.18987739,0.078060955,0
-1.8194575,0.21415652,3.7425299,-0.024192095,0.48425156,0.87459421,0
3.355083,-1.3276765,4.7983155,-0.024192095,0.48425156,0.87459421,0
-0.90622044,4.8767591,1.4722353,-0.024192095,0.48425156,0.87459421,0
2.2041478,1.8007102,3.1241474,-0.024192095,0.48425156,0.87459421,0
-1.7151587,-3.1662195,5.1751394,0.20386681,-0.85407662,0.47853041,0
-3.4759872,3.1797264,0.83612347,-0.97869962,-0.18987739,0.078060955,0
-3.9254441,2.7803867,-3.6142581,-0.20386681,0.85407662,-0.47853041,0
-3.5913343,0.1763649,-3.6643703,-0.97869962,-0.18987739,0.078060955,0
-2.7869754,-0.26786005,2.6897292,-0.97869962,-0.18987739,0.078060955,0
0.43689537,-5.6324878,-0.91338897,0.024192095,-0.48425156,-0.87459421,0
-2.007493,0.17691526,3.6726563,-0.024192095,0.48425156,0.87459421,0
2.1170754,1.4269376,-4.9501233,0.024192095,-0.48425156,-0.87459421,0
2.6937561,2.5698342,1.6320791,0.97869962,0.18987739,-0.078060955,0
1.6914546,-1.944973,-2.746201,0.024192095,-0.48425156,-0.87459421,0
-1.0840006,5.84271,0.34327364,-0.20386681,0.85407662,-0.47853041,0
-1.1895034,1.7244687,3.1793828,-0.024192095,0.48425156,0.87459421,0
-2.0212119,5.198369,-0.56199908,-0.20386681,0.85407662,-0.47853041,0
0.059622288,-5.876193,0.18016052,0.20386681,-0.85407662,0.47853041,0
-0.76078844,4.6150904,-2.2434106,-0.20386681,0.85407662,-0.47853041,0
-0.85664344,-5.5697198,1.1383145,0.20386681,-0.85407662,0.47853041,0
-3.1093524,4.6279273,-0.96671295,-0.20386681,0.85407662,-0.47853041,0
3.1454263,1.4066906,2.7068357,0.97869962,0.18987739,-0.078060955,0
-1.9648504,-2.9441254,-2.4078004,0.024192095,-0.48425156,-0.87459421,0
3.7762187,-3.8954134,-0.97020912,0.97869962,0.18987739,-0.078060955,0
-0.30155027,-3.8860574,3.2772458,0.20386681,-0.85407662,0.47853041,0
-3.1736536,0.76251388,0.33743989,-0.97869962,-0.18987739,0.078060955,0
-1.4854958,-5.46559,-1.2143118,0.024192095,-0.48425156,-0.87459421,0
2.8531384,-3.0385423,3.8799984,0.20386681,-0.85407662,0.47853041,0
-2.8539,-1.7194567,-2.8399789,-0.97869962,-0.18987739,0.078060955,0
0.6984663,-0.83783197,-3.4403529,0.024192095,-0.48425156,-0.87459421,0
-3.017065,-0.26397705,0.13957322,-0.97869962,-0.18987739,0.078060955,0
-2.9607468,2.8567793,-4.3097377,-0.20386681,0.85407662,-0.47853041,0
0.96548653,-3.9985061,2.6448288,0.20386681,-0.85407662,0.47853041,0
2.3894663,3.9927053,-0.74393374,0.97869962,0.18987739,-0.078060955,0
2.6381032,-1.3863631,-3.1658273,0.024192095,-0.48425156,-0.87459421,0
1.8608055,-4.4591799,1.3749866,0.20386681,-0.85407662,0.47853041,0
-1.8171775,-6.0963783,-0.5767864,0.024192095,-0.48425156,-0.87459421,0
0.2370019,1.5787268,-4.6414785,0.024192095,-0.48425156,-0.87459421,0
-1.1510371,-3.3489008,4.5894737,0.20386681,-0.85407662,0.47853041,0
-0.22352648,-6.1735711,-0.72502995,0.024192095,-0.48425156,-0.87459421,0
0.3819952,-5.4898133,-1.0059164,0.024192095,-0.48425156,-0.87459421,0
-1.4651234,3.4912915,-3.289804,-0.20386681,0.85407662,-0.47853041,0
-1.0488296,4.5579886,-2.1885819,-0.20386681,0.85407662,-0.47853041,0
0.14386225,3.7356076,1.9323148,-0.024192095,0.48425156,0.87459421,0
0.079645872,5.2858019,-1.0543759,-0.20386681,0.85407662,-0.47853041,0
-2.0015717,-2.2135324,5.0505304,-0.024192095,0.48425156,0.87459421,0
-1.7186544,2.0095477,-5.1696692,0.024192095,-0.48425156,-0.87459421,0
-1.0680918,4.1977043,-2.1596828,-0.20386681,0.85407662,-0.47853041,0
-2.710732,-0.43461561,1.6591566,-0.97869962,-0.18987739,0.078060955,0
0.38627005,-4.6469946,-1.4018914,0.024192095,-0.48425156,-0.87459421,0
3.5033638,-4.8967242,0.26285315,0.20386681,-0.85407662,0.47853041,0
1.8746822,-1.9582933,5.2164392,-0.024192095,0.48425156,0.87459421,0
-1.312232,3.8691194,-3.0409584,-0.20386681,0.85407662,-0.47853041,0
0.59590328,4.6830363,-2.2644889,-0.20386681,0.85407662,-0.47853041,0
2.1256166,4.711225,-2.5572789,-0.20386681,0.85407662,-0.47853041,0
0.68225074,3.2570221,-5.0713363,-0.20386681,0.85407662,-0.47853041,0
-4.065115,5.1150794,0.63994122,-0.97869962,-0.18987739,0.078060955,0
-2.2708428,-3.8850799,0.65495908,-0.97869962,-0.18987739,0.078060955,0
-1.5156394,-1.0673573,4.5278339,-0.024192095,0.48425156,0.87459421,0
-2.4644341,5.4088745,1.101449,-0.024192095,0.48425156,0.87459421,0
0.3244772,-5.2984743,-1.229215,0.024192095,-0.48425156,-0.87459421,0
2.2112455,-4.7979078,0.56306744,0.20386681,-0.85407662,0.47853041,0
0.52098948,4.3375072,-3.1765771,-0.20386681,0.85407662,-0.47853041,0
1.3197277,-0.36289257,-3.6978106,0.024192095,-0.48425156,-0.87459421,0
-1.2218804,5.5645008,0.70237851,-0.024192095,0.48425156,0.87459421,0
0.86380792,0.66253686,-4.4713497,0.024192095,-0.48425156,-0.87459421,0
2.9577267,-4.8134456,0.64373493,0.20386681,-0.85407662,0.47853041,0
-2.918539,4.0997958,-2.1903069,-0.20386681,0.85407662,-0.47853041,0
3.3942356,-3.0652015,3.2955723,0.20386681,-0.85407662,0.47853041,0
0.53545833,0.34545195,3.9256098,-0.024192095,0.48425156,0.87459421,0
3.7773061,-3.1694176,3.1979015,0.97869962,0.18987739,-0.078060955,0
0.16499305,-0.42235112,-3.696193,0.024192095,-0.48425156,-0.87459421,0
-2.1104205,-4.4640865,-0.14787841,-0.97869962,-0.18987739,0.078060955,0
1.18603,3.553266,-4.5746865,-0.20386681,0.85407662,-0.47853041,0
2.2700419,3.8303761,-2.5525823,0.97869962,0.18987739,-0.078060955,0
3.6685338,-1.2829745,4.6299129,0.97869962,0.18987739,-0.078060955,0
2.7983279,-1.4615552,-2.9974377,0.024192095,-0.48425156,-0.87459421,0
-3.6549602,4.6069469,-0.40620565,-0.20386681,0.85407662,-0.47853041,0
0.052478075,4.1914601,-2.5777764,-0.20386681,0.85407662,-0.47853041,0
1.7651253,-5.6843796,-0.48748565,0.20386681,-0.85407662,0.47853041,0
2.9356215,1.2292409,1.0820608,0.97869962,0.18987739,-0.078060955,0
3.4812741,-3.4569163,2.5683665,0.20386681,-0.85407662,0.47853041,0
-1.3258371,1.7468092,2.8610129,-0.024192095,0.48425156,0.87459421,0
0.88189006,3.9457808,1.9419709,-0.024192095,0.48425156,0.87459421,0
0.97714996,6.0272202,0.15423107,-0.20386681,0.85407662,-0.47853041,0
0.1083653,1.9840899,-5.2341609,0.024192095,-0.48425156,-0.87459421,0
-0.62052,1.9668753,-5.1832924,0.024192095,-0.48425156,-0.87459421,0
0.730546,6.0761967,0.7293973,-0.024192095,0.48425156,0.87459421,0
-1.6902777,-1.7401576,-3.016506,0.024192095,-0.48425156,-0.87459421,0
0.81073046,4.989337,1.4547472,-0.024192095,0.48425156,0.87459421,0
2.2949934,3.1250846,2.1208515,-0.024192095,0.48425156,0.87459421,0
1.004693,-4.2678699,2.4742754,0.20386681,-0.85407662,0.47853041,0
-3.0536215,2.033437,2.829246,-0.024192095,0.48425156,0.87459421,0
-2.7335,3.9406445,-2.1052194,-0.20386681,0.85407662,-0.47853041,0
-1.6366377,5.745883,0.13385487,-0.20386681,0.85407662,-0.47853041,0
4.019515,-2.2401371,4.9195662,0.20386681,-0.85407662,0.47853041,0
-3.6451175,1.7336509,-1.8073459,-0.97869962,-0.18987739,0.078060955,0
2.5695097,0.96670783,-1.6665967,0.97869962,0.18987739,-0.078060955,0
-2.5156562,5.0138931,-0.80027699,-0.20386681,0.85407662,-0.47853041,0
-1.2318974,-5.1697841,1.5344977,0.20386681,-0.85407662,0.47853041,0
-0.51134944,-3.466773,4.2840738,0.20386681,-0.85407662,0.47853041,0
-1.4704998,-1.7012055,4.8240547,-0.024192095,0.48425156,0.87459421,0
1.3576903,-0.55803347,4.396512,-0.024192095,0.48425156,0.87459421,0
-3.8905673,2.7331505,-1.8092866,-0.97869962,-0.18987739,0.078060955,0
-0.55518126,0.60705525,3.6255817,-0.024192095,0.48425156,0.87459421,0
-1.6620098,2.8752668,-4.5670066,-0.20386681,0.85407662,-0.47853041,0
3.3487816,0.40366983,3.0146761,0.97869962,0.18987739,-0.078060955,0
3.7951312,-4.3061204,0.17843771,0.97869962,0.18987739,-0.078060955,0
-2.6146853,-1.043576,1.8312275,-0.97869962,-0.18987739,0.078060955,0
-0.99882698,-3.5495815,4.3480129,0.20386681,-0.85407662,0.47853041,0
-3.5480874,2.125509,-1.4991767,-0.97869962,-0.18987739,0.078060955,0
3.5576081,-4.9686451,-1.1066575,0.024192095,-0.48425156,-0.87459421,0
3.0722775,0.14900017,0.078483462,0.97869962,0.18987739,-0.078060955,0
-0.79492664,4.917026,1.3187935,-0.024192095,0.48425156,0.87459421,0
-3.96561,3.1026859,-1.8282046,-0.97869962,-0.18987739,0.078060955,0
2.5761533,0.20656872,-3.5039034,0.97869962,0.18987739,-0.078060955,0
2.5624614,-4.8875947,-1.1978853,0.024192095,-0.48425156,-0.87459421,0
3.1464758,-1.2968347,-2.4713788,0.97869962,0.18987739,-0.078060955,0
-2.6140828,-1.1271857,1.9771206,-0.97869962,-0.18987739,0.078060955,0
1.874922,0.28412342,3.8981254,-0.024192095,0.48425156,0.87459421,0
0.32470334,4.0798044,-3.0371435,-0.20386681,0.85407662,-0.47853041,0
3.1521649,-1.5831361,-1.3969766,0.97869962,0.18987739,-0.078060955,0
0.064118862,4.9367342,-1.8478267,-0.20386681,0.85407662,-0.47853041,0
3.0098047,-0.623896,-0.51813114,0.97869962,0.18987739,-0.078060955,0
-3.9634111,2.7076459,-2.6604946,-0.97869962,-0.18987739,0.078060955,0
-0.24169588,-3.543601,-2.0058031,0.024192095,-0.48425156,-0.87459421,0
3.4266005,-2.481868,-0.01306963,0.97869962,0.18987739,-0.078060955,0
0.55131769,-5.5315666,0.39368486,0.20386681,-0.85407662,0.47853041,0
-1.0967562,-4.2084966,3.2557735,0.20386681,-0.85407662,0.47853041,0
-2.1084652,-4.3577256,1.7788507,-0.97869962,-0.18987739,0.078060955,0
-2.5400662,1.7231414,2.9883738,-0.024192095,0.48425156,0.87459421,0
-0.91293383,-5.3892922,1.1086702,0.20386681,-0.85407662,0.47853041,0
-3.5244422,2.7447515,0.13799477,-0.97869962,-0.18987739,0.078060955,0
-0.8373487,0.37566942,3.7831726,-0.024192095,0.48425156,0.87459421,0
-1.9461999,0.49723035,3.5687213,-0.024192095,0.48425156,0.87459421,0
-2.9702501,3.8526165,-2.186065,-0.20386681,0.85407662,-0.47853041,0
-3.0250165,0.25962973,-0.17652011,-0.97869962,-0.18987739,0.078060955,0
-2.7698436,-0.14482999,-3.9727294,0.024192095,-0.48425156,-0.87459421,0
-2.4625864,0.20882177,-4.1172562,0.024192095,-0.48425156,-0.87459421,0
0.37854958,-5.5787416,-0.67399025,0.024192095,-0.48425156,-0.87459421,0
-3.6226478,0.60700989,-3.5823731,-0.97869962,-0.18987739,0.078060955,0
2.2790346,0.65855169,3.8376923,-0.024192095,0.48425156,0.87459421,0
2.3864784,2.1917651,2.8849986,-0.024192095,0.48425156,0.87459421,0
-2.5045443,-1.9498196,-3.0179529,0.024192095,-0.48425156,-0.87459421,0
1.9730465,1.8255811,3.1321576,-0.024192095,0.48425156,0.87459421,0
1.9744159,1.3186512,3.4510159,-0.024192095,0.48425156,0.87459421,0
1.085568,-5.2098708,0.46453929,0.20386681,-0.85407662,0.47853041,0
2.2543993,4.5162878,0.080094635,0.97869962,0.18987739,-0.078060955,0
1.7285199,-5.6794782,-0.81315017,0.20386681,-0.85407662,0.47853041,0
-2.2464693,-5.0320482,-0.51283634,-0.97869962,-0.18987739,0.078060955,0
2.9222815,1.240154,1.4543326,0.97869962,0.18987739,-0.078060955,0
-2.9604788,-0.57974744,-2.6273735,-0.97869962,-0.18987739,0.078060955,0
1.663589,-4.1560545,2.1141717,0.20386681,-0.85407662,0.47853041,0
-0.33198214,-6.2269783,-0.30014229,0.20386681,-0.85407662,0.47853041,0
2.2340412,-2.9372234,-2.2857983,0.024192095,-0.48425156,-0.87459421,0
-1.3339366,-4.7730474,2.5556822,0.20386681,-0.85407662,0.47853041,0
1.2864575,2.3725743,2.7064626,-0.024192095,0.48425156,0.87459421,0
3.8789973,-5.3121452,-0.97178364,0.024192095,-0.48425156,-0.87459421,0
3.1002154,1.0649593,1.0727291,0.97869962,0.18987739,-0.078060955,0
2.4289541,3.4842906,-1.587206,0.97869962,0.18987739,-0.078060955,0
-1.8791935,-2.9801142,5.6175642,-0.024192095,0.48425156,0.87459421,0
1.876864,3.6645343,-4.5130534,-0.20386681,0.85407662,-0.47853041,0
3.4450703,-0.49590588,1.866976,0.97869962,0.18987739,-0.078060955,0
-1.3303947,3.9560223,-2.9725299,-0.20386681,0.85407662,-0.47853041,0
2.8626554,-3.7607272,2.6788135,0.20386681,-0.85407662,0.47853041,0
-2.4889829,-1.3309916,2.951015,-0.97869962,-0.18987739,0.078060955,0
-2.9984543,3.1201036,-3.5770133,-0.20386681,0.85407662,-0.47853041,0
-1.6249435,-1.5596638,4.7106657,-0.024192095,0.48425156,0.87459421,0
-3.3380911,1.1160572,-1.0469465,-0.97869962,-0.18987739,0.078060955,0
0.16117764,-5.8341942,-0.25111127,0.20386681,-0.85407662,0.47853041,0
0.12074637,1.9714689,2.7792947,-0.024192095,0.48425156,0.87459421,0
3.0100837,-4.6699085,-1.2533207,0.024192095,-0.48425156,-0.87459421,0
-2.1678743,5.1137466,-0.51743698,-0.20386681,0.85407662,-0.47853041,0
3.3128722,-4.7963505,0.45863152,0.20386681,-0.85407662,0.47853041,0
2.6659451,0.43860722,-1.6779026,0.97869962,0.18987739,-0.078060955,0
-1.2186394,5.6074228,-0.30917263,-0.20386681,0.85407662,-0.47853041,0
3.3354347,-2.2936873,4.5899115,0.20386681,-0.85407662,0.47853041,0
2.5993767,3.425653,0.20869857,0.97869962,0.18987739,-0.078060955,0
4.0137424,-2.6807446,3.4981012,0.97869962,0.18987739,-0.078060955,0
2.2568071,-3.6519291,3.2096379,0.20386681,-0.85407662,0.47853041,0
-1.9061579,-3.7470362,3.4151707,-0.97869962,-0.18987739,0.078060955,0
3.8014688,-3.7751677,0.99930191,0.97869962,0.18987739,-0.078060955,0
1.6457748,-2.9522095,4.5461421,0.20386681,-0.85407662,0.47853041,0
3.4995055,-2.986167,0.70446205,0.97869962,0.18987739,-0.078060955,0
-3.8812428,1.7133114,-4.0045443,-0.97869962,-0.18987739,0.078060955,0
-0.84984374,-3.1324756,-2.3661573,0.024192095,-0.48425156,-0.87459421,0
-0.62115049,4.5305204,1.4836948,-0.024192095,0.48425156,0.87459421,0
1.7870102,-5.2150373,0.63641477,0.20386681,-0.85407662,0.47853041,0
2.742758,-0.5124293,-3.0007873,0.97869962,0.18987739,-0.078060955,0
-1.7671378,-0.34671068,-3.9615622,0.024192095,-0.48425156,-0.87459421,0
2.9783721,0.68422627,3.6241472,-0.024192095,0.48425156,0.87459421,0
-3.7615876,4.0773821,0.51669097,-0.97869962,-0.18987739,0.078060955,0
-0.79903364,2.3154569,-5.2900372,0.024192095,-0.48425156,-0.87459421,0
3.3640201,0.76753426,3.3069942,0.97869962,0.18987739,-0.078060955,0
3.7371988,-3.9236174,1.5990515,0.20386681,-0.85407662,0.47853041,0
-3.8412995,2.8006668,-0.50108624,-0.97869962,-0.18987739,0.078060955,0
1.4006777,5.6860476,-0.86076069,-0.20386681,0.85407662,-0.47853041,0
-1.0079813,5.5917616,0.87255502,-0.024192095,0.48425156,0.87459421,0
-2.5500536,5.2351308,0.83981276,-0.024192095,0.48425156,0.87459421,0
-1.8645489,-2.7292655,-2.5904374,0.024192095,-0.48425156,-0.87459421,0
2.2035434,2.8086991,-2.0615158,0.97869962,0.18987739,-0.078060955,0
-1.3233919,-1.650203,-3.182308,0.024192095,-0.48425156,-0.87459421,0
-0.74340391,6.0430908,0.65106893,-0.20386681,0.85407662,-0.47853041,0
2.1679788,0.29350662,4.0340729,-0.024192095,0.48425156,0.87459421,0
-0.079528332,-4.2426987,-1.7619195,0.024192095,-0.48425156,-0.87459421,0
2.5513492,-5.2562904,-1.165556,0.024192095,-0.48425156,-0.87459421,0
-2.0028129,4.2287998,-1.7246439,-0.20386681,0.85407662,-0.47853041,0
-2.212539,-2.9405761,4.0415359,-0.97869962,-0.18987739,0.078060955,0
0.0036325455,4.0289283,1.8214843,-0.024192095,0.48425156,0.87459421,0
2.2924817,4.0757265,1.6643007,-0.024192095,0.48425156,0.87459421,0
-0.21726084,-6.1520977,-0.46133661,0.024192095,-0.48425156,-0.87459421,0
-1.2949647,-3.5212677,4.4187627,0.20386681,-0.85407662,0.47853041,0
-3.2279184,1.1329867,0.55100775,-0.97869962,-0.18987739,0.078060955,0
2.5702777,3.1086516,0.81155658,0.97869962,0.18987739,-0.078060955,0
-1.307122,-5.2789621,1.8348325,0.20386681,-0.85407662,0.47853041,0
-1.1593995,-5.2497978,1.3382409,0.20386681,-0.85407662,0.47853041,0
-2.1726811,2.3659439,2.7022901,-0.024192095,0.48425156,0.87459421,0
-0.80429482,-1.7738067,-3.1994061,0.024192095,-0.48425156,-0.87459421,0
-3.3898549,1.2878628,-2.038691,-0.97869962,-0.18987739,0.078060955,0
1.1258883,2.2156427,2.9572558,-0.024192095,0.48425156,0.87459421,0
-2.8361573,-1.8126945,0.15848905,-0.97869962,-0.18987739,0.078060955,0
-2.5418005,-1.5701331,1.4346912,-0.97869962,-0.18987739,0.078060955,0
0.52008772,5.4600616,-0.87155962,-0.20386681,0.85407662,-0.47853041,0
-2.7065754,3.1516154,-3.3296044,-0.20386681,0.85407662,-0.47853041,0
3.446156,-1.5082303,-0.79541469,0.97869962,0.18987739,-0.078060955,0
1.7440717,3.5657473,2.1808701,-0.024192095,0.48425156,0.87459421,0
3.568908,-2.8088896,4.0567808,0.20386681,-0.85407662,0.47853041,0
2.2583098,-4.8458815,-1.3324816,0.024192095,-0.48425156,-0.87459421,0
-2.5147684,-1.2522631,2.7967064,-0.97869962,-0.18987739,0.078060955,0
-1.5334506,-6.7055483,-0.53227997,0.20386681,-0.85407662,0.47853041,0
2.4971669,-3.6459887,3.0063198,0.20386681,-0.85407662,0.47853041,0
1.2363851,4.8317318,-2.1397083,-0.20386681,0.85407662,-0.47853041,0
0.73617387,-4.9640212,1.2120779,0.20386681,-0.85407662,0.47853041,0
0.74198508,0.45140529,3.6621814,-0.024192095,0.48425156,0.87459421,0
-1.2023926,2.9351768,2.5282059,-0.024192095,0.48425156,0.87459421,0
-2.6626713,-2.3463955,-2.8842645,0.024192095,-0.48425156,-0.87459421,0
0.96466088,-2.7430446,-2.3416672,0.024192095,-0.48425156,-0.87459421,0
2.2091336,3.9728198,0.24969983,0.97869962,0.18987739,-0.078060955,0
-2.1116161,3.887413,1.7730999,-0.024192095,0.48425156,0.87459421,0
-0.380548,5.6475873,0.20438218,-0.20386681,0.85407662,-0.47853041,0
-3.5858231,4.8955441,-0.48566055,-0.20386681,0.85407662,-0.47853041,0
3.5048089,-1.241591,2.1704204,0.97869962,0.18987739,-0.078060955,0
-0.81641245,5.6313443,0.88709879,-0.024192095,0.48425156,0.87459421,0
-0.48239833,2.995631,-4.8042789,-0.20386681,0.85407662,-0.47853041,0
0.23931646,4.9614329,-1.3626444,-0.20386681,0.85407662,-0.47853041,0
-3.2671769,2.4092536,-5.1675687,-0.20386681,0.85407662,-0.47853041,0
2.6067173,0.32676351,-3.9302781,0.024192095,-0.48425156,-0.87459421,0
0.74481106,-5.7225218,-0.10520196,0.20386681,-0.85407662,0.47853041,0
2.7787428,1.6923661,-0.45939314,0.97869962,0.18987739,-0.078060955,0
-1.0027217,-3.7362483,4.4419966,0.20386681,-0.85407662,0.47853041,0
0.72040236,-0.51097548,4.4485002,-0.024192095,0.48425156,0.87459421,0
-2.3695734,-3.1472483,-2.3320775,0.024192095,-0.48425156,-0.87459421,0
-3.6054223,2.5543165,1.3174882,-0.97869962,-0.18987739,0.078060955,0
-1.1953473,1.705418,-5.070375,0.024192095,-0.48425156,-0.87459421,0
3.7824147,-4.6807375,0.065672874,0.97869962,0.18987739,-0.078060955,0
-2.2732568,-2.6212163,4.5499349,-0.97869962,-0.18987739,0.078060955,0
0.12990165,-0.039181352,4.0296636,-0.024192095,0.48425156,0.87459421,0
3.7112985,-3.2418621,2.7607992,0.20386681,-0.85407662,0.47853041,0
3.0095232,-0.38595033,-0.54653668,0.97869962,0.18987739,-0.078060955,0
2.1328378,0.31030798,3.8593292,-0.024192095,0.48425156,0.87459421,0
3.5514927,-3.8194857,-1.6701086,0.97869962,0.18987739,-0.078060955,0
-2.0541532,-3.3299282,-2.0414922,0.024192095,-0.48425156,-0.87459421,0
-1.5892668,5.2127199,0.86151814,-0.024192095,0.48425156,0.87459421,0
-0.92936659,-5.5962191,-0.98800969,0.024192095,-0.48425156,-0.87459421,0
1.8409953,4.3549676,-3.0709381,0.97869962,0.18987739,-0.078060955,0
3.0117905,2.0058689,2.0768538,0.97869962,0.18987739,-0.078060955,0
2.5306964,-3.4185078,3.1364353,0.20386681,-0.85407662,0.47853041,0
3.3497863,-1.14571,1.2440147,0.97869962,0.18987739,-0.078060955,0
0.47540879,-4.3124871,2.5163755,0.20386681,-0.85407662,0.47853041,0
-0.16685295,5.5986218,0.79077983,-0.024192095,0.48425156,0.87459421,0
0.065120697,-5.1870465,0.95581675,0.20386681,-0.85407662,0.47853041,0
-2.6400521,-0.72449946,1.6546518,-0.97869962,-0.18987739,0.078060955,0
1.054516,-2.8290565,5.3149719,0.20386681,-0.85407662,0.47853041,0
0.58392763,-5.7353778,-0.0063955784,0.20386681,-0.85407662,0.47853041,0
-2.9957597,4.0596895,1.6994133,-0.024192095,0.48425156,0.87459421,0
0.15540743,6.1607127,0.20260429,-0.20386681,0.85407662,-0.47853041,0
2.8859527,1.301023,1.4174881,0.97869962,0.18987739,-0.078060955,0
0.64829016,-5.8718929,-0.10928845,0.20386681,-0.85407662,0.47853041,0
-2.6071997,-2.30442,-0.21949768,-0.97869962,-0.18987739,0.078060955,0
-3.3651891,2.1509535,-4.825942,-0.20386681,0.85407662,-0.47853041,0
1.6686885,6.2651153,0.27545285,-0.20386681,0.85407662,-0.47853041,0
1.8187714,5.1289196,-1.6164336,0.97869962,0.18987739,-0.078060955,0
2.6220698,3.0050745,1.1485523,0.97869962,0.18987739,-0.078060955,0
-0.71516728,-2.9949932,5.626338,0.20386681,-0.85407662,0.47853041,0
-1.2336242,-0.12048075,4.195796,-0.024192095,0.48425156,0.87459421,0
2.0966146,4.7316732,-0.26042616,0.97869962,0.18987739,-0.078060955,0
1.7420065,1.5515749,3.0130177,-0.024192095,0.48425156,0.87459421,0
3.4007726,-5.3118515,-0.47963095,0.20386681,-0.85407662,0.47853041,0
0.96908855,-2.8202229,4.9064403,0.20386681,-0.85407662,0.47853041,0
-1.6165938,0.40313479,3.5718498,-0.024192095,0.48425156,0.87459421,0
-0.21526575,-2.3222694,-2.5274179,0.024192095,-0.48425156,-0.87459421,0
-0.44313955,-1.1261396,4.4677081,-0.024192095,0.48425156,0.87459421,0
0.046716213,-0.55770421,-3.6639662,0.024192095,-0.48425156,-0.87459421,0
-3.1273284,4.2154031,-1.7763171,-0.20386681,0.85407662,-0.47853041,0
-0.83308607,2.6017168,-5.1563869,-0.20386681,0.85407662,-0.47853041,0
1.1039164,3.8445485,1.9447975,-0.024192095,0.48425156,0.87459421,0
-3.0112462,4.6739998,1.4533494,-0.024192095,0.48425156,0.87459421,0
1.5240327,5.0336013,-2.4202394,-0.20386681,0.85407662,-0.47853041,0
2.0784969,1.7208581,3.222997,-0.024192095,0.48425156,0.87459421,0
-2.0856597,-0.37843609,-3.6295865,0.024192095,-0.48425156,-0.87459421,0
1.5016915,4.8613687,-2.2182951,-0.20386681,0.85407662,-0.47853041,0
-2.2420621,-2.8194294,3.2720416,-0.97869962,-0.18987739,0.078060955,0
-0.58662182,-3.5045514,4.1708899,0.20386681,-0.85407662,0.47853041,0
-1.6481869,-4.6181231,2.7979202,0.20386681,-0.85407662,0.47853041,0
-1.8222127,0.95711076,3.3408799,-0.024192095,0.48425156,0.87459421,0
-2.213963,-0.27532145,3.9892719,-0.024192095,0.48425156,0.87459421,0
-1.5567586,-1.6352301,4.9559135,-0.024192095,0.48425156,0.87459421,0
0.82087064,-2.7282906,-2.3857677,0.024192095,-0.48425156,-0.87459421,0
-1.8256059,2.6541572,2.468451,-0.024192095,0.48425156,0.87459421,0
-3.4953573,1.1326978,-1.4713647,-0.97869962,-0.18987739,0.078060955,0
3.1895106,1.1718652,2.7484066,0.97869962,0.18987739,-0.078060955,0
3.8766508,-2.6794584,3.2355208,0.97869962,0.18987739,-0.078060955,0
1.4076769,0.063251495,3.9063907,-0.024192095,0.48425156,0.87459421,0
0.67289543,-4.2412114,-1.4175069,0.024192095,-0.48425156,-0.87459421,0
0.024441659,3.0194397,-4.6987934,-0.20386681,0.85407662,-0.47853041,0
2.0364199,2.7120275,-5.3137941,0.97869962,0.18987739,-0.078060955,0
-2.9813621,4.9946656,-0.072581291,-0.20386681,0.85407662,-0.47853041,0
2.8311601,0.12555981,-3.645577,0.97869962,0.18987739,-0.078060955,0
3.5149443,-1.6622055,2.2333257,0.97869962,0.18987739,-0.078060955,0
0.099487543,0.29411209,3.9785485,-0.024192095,0.48425156,0.87459421,0
-0.3825984,2.7020996,-5.3649535,0.024192095,-0.48425156,-0.87459421,0
-1.4559917,1.636987,3.1932673,-0.024192095,0.48425156,0.87459421,0
-3.0502491,-0.27517176,-2.678648,-0.97869962,-0.18987739,0.078060955,0
-1.7652678,3.8363864,-2.6192713,-0.20386681,0.85407662,-0.47853041,0
-0.501706,-4.6248713,2.010474,0.20386681,-0.85407662,0.47853041,0
2.5145497,-2.708936,-2.6530724,0.024192095,-0.48425156,-0.87459421,0
-1.4283651,-2.6959534,5.3224597,-0.024192095,0.48425156,0.87459421,0
2.4855332,3.2217994,0.28355873,0.97869962,0.18987739,-0.078060955,0
-0.94614124,-4.6547394,-1.661496,0.024192095,-0.48425156,-0.87459421,0
0.27326202,-5.8319225,-0.42530155,0.20386681,-0.85407662,0.47853041,0
1.8941183,3.7790184,-4.8923898,-0.20386681,0.85407662,-0.47853041,0
2.3590903,4.7305117,0.4884057,0.97869962,0.18987739,-0.078060955,0
3.3699222,0.10478258,3.5930729,0.97869962,0.18987739,-0.078060955,0
-1.235836,5.6165118,-0.17011237,-0.20386681,0.85407662,-0.47853041,0
1.3352976,5.3879256,1.2013309,-0.024192095,0.48425156,0.87459421,0
0.96932185,3.5983274,-4.3034596,-0.20386681,0.85407662,-0.47853041,0
