-2.6586821,2.4974127,-0.62618977,-0.99110359,0.11266422,0.070854396,0
-0.48873281,2.4656634,3.858604,0.12907717,0.94344866,0.30535793,0
0.82996821,-3.3940058,-1.2507267,-0.12907717,-0.94344866,-0.30535793,0
3.0603912,-0.26666808,-0.2832644,0.99110359,-0.11266422,-0.070854396,0
-3.2871776,-2.0279915,0.88655019,-0.99110359,0.11266422,0.070854396,0
-3.3470621,-2.8450558,2.4909024,-0.99110359,0.11266422,0.070854396,0
-1.8169882,-1.9213316,-4.2911758,-0.032444715,0.31178707,-0.94959784,0
3.17731,2.4144382,-1.0860131,0.99110359,-0.11266422,-0.070854396,0
1.7484968,2.4737504,-3.0416698,-0.032444715,0.31178707,-0.94959784,0
-2.8558583,1.3193121,3.0661769,-0.99110359,0.11266422,0.070854396,0
-3.5452852,-2.1554186,-2.6688375,-0.99110359,0.11266422,0.070854396,0
-0.067316294,0.63211656,-3.4974165,-0.032444715,0.31178707,-0.94959784,0
-2.9870286,-2.0534532,2.4879248,-0.99110359,0.11266422,0.070854396,0
2.8392224,-2.0927861,2.8206921,0.032444715,-0.31178707,0.94959784,0
2.9731941,-0.30493355,-0.60292959,0.99110359,-0.11266422,-0.070854396,0
2.6786249,-0.68144464,-4.0795946,0.99110359,-0.11266422,-0.070854396,0
-2.7345634,-3.4592209,2.6594622,0.032444715,-0.31178707,0.94959784,0
-3.2553978,-1.0250926,-0.29910016,-0.99110359,0.11266422,0.070854396,0
2.7749197,-4.1048617,0.6097517,0.99110359,-0.11266422,-0.070854396,0
3.0496509,-2.8107476,2.3761795,0.99110359,-0.11266422,-0.070854396,0
2.2939513,3.7203689,-1.184895,0.12907717,0.94344866,0.30535793,0
-3.2288039,0.28833604,-1.6128362,-0.99110359,0.11266422,0.070854396,0
3.1263938,-0.35279322,2.1179819,0.99110359,-0.11266422,-0.070854396,0
2.6911895,-3.5205309,-0.31347787,0.99110359,-0.11266422,-0.070854396,0
-1.2352939,-4.0300765,2.536803,0.032444715,-0.31178707,0.94959784,0
-1.9726198,1.1578033,3.99945,0.032444715,-0.31178707,0.94959784,0
-0.84797835,3.2789226,1.6246014,0.12907717,0.94344866,0.30535793,0
2.2865772,-0.48105484,3.5535645,0.032444715,-0.31178707,0.94959784,0
-2.9550395,-0.49961996,2.7866836,-0.99110359,0.11266422,0.070854396,0
3.0510163,-0.59151876,1.6409254,0.99110359,-0.11266422,-0.070854396,0
-2.8699791,-3.3624611,-0.41919279,-0.12907717,-0.94344866,-0.30535793,0
0.26118279,3.233789,1.3515306,0.12907717,0.94344866,0.30535793,0
-0.56810337,3.8622446,-0.5511055,0.12907717,0.94344866,0.30535793,0
-1.1094503,-4.0233617,1.7145748,-0.12907717,-0.94344866,-0.30535793,0
3.4996338,2.641489,0.77723455,0.99110359,-0.11266422,-0.070854396,0
2.415344,2.016423,3.6902459,0.12907717,0.94344866,0.30535793,0
0.69215935,3.7838883,-0.39535141,0.12907717,0.94344866,0.30535793,0
-0.59482181,4.155684,-1.389652,0.12907717,0.94344866,0.30535793,0
-3.1757069,0.43229473,-2.3286293,-0.99110359,0.11266422,0.070854396,0
-2.2204392,-3.5459256,1.0478668,-0.12907717,-0.94344866,-0.30535793,0
-3.0360858,-4.1610985,2.2900801,-0.12907717,-0.94344866,-0.30535793,0
-2.5868139,2.475677,3.6981621,-0.99110359,0.11266422,0.070854396,0
-0.3021856,3.8996096,-0.9024384,0.12907717,0.94344866,0.30535793,0
-3.4978952,-2.1543643,-3.4174001,-0.12907717,-0.94344866,-0.30535793,0
1.4877768,3.4428368,-0.11305141,0.12907717,0.94344866,0.30535793,0
-0.63658333,3.5029447,1.3422194,0.12907717,0.94344866,0.30535793,0
2.3873646,-3.780138,-1.1672301,-0.12907717,-0.94344866,-0.30535793,0
-2.3174093,3.1799946,2.9575994,0.12907717,0.94344866,0.30535793,0
0.24055099,1.803386,-3.2205212,-0.032444715,0.31178707,-0.94959784,0
-2.9476128,2.0379171,-0.32946202,-0.99110359,0.11266422,0.070854396,0
0.8468709,-4.0746331,2.3526189,0.032444715,-0.31178707,0.94959784,0
0.25752115,2.4983299,4.2693129,0.12907717,0.94344866,0.30535793,0
-1.9013224,-4.2144756,2.3403938,-0.12907717,-0.94344866,-0.30535793,0
-3.2902384,-3.2505009,-0.29244184,-0.12907717,-0.94344866,-0.30535793,0
1.9901663,-3.9674263,-0.55988383,-0.12907717,-0.94344866,-0.30535793,0
-0.16232634,0.83250523,4.078217,0.032444715,-0.31178707,0.94959784,0
-3.1265612,-0.87751138,-3.9171855,-0.032444715,0.31178707,-0.94959784,0
-2.7819066,3.5473897,-0.55747855,-0.99110359,0.11266422,0.070854396,0
-0.15709746,3.6431274,-2.4249523,-0.032444715,0.31178707,-0.94959784,0
3.1475043,-1.1030916,1.4481636,0.99110359,-0.11266422,-0.070854396,0
2.6494646,-3.7960162,2.0486429,0.99110359,-0.11266422,-0.070854396,0
-0.090436339,4.192028,-2.3974361,-0.032444715,0.31178707,-0.94959784,0
-2.5836921,3.8456094,-0.022008181,-0.99110359,0.11266422,0.070854396,0
1.9038725,2.0325229,-3.2682796,-0.032444715,0.31178707,-0.94959784,0
-1.4942073,4.1062608,-1.1863558,0.12907717,0.94344866,0.30535793,0
-1.8675811,2.6816161,3.7813735,0.12907717,0.94344866,0.30535793,0
2.6242881,2.554462,2.988219,0.12907717,0.94344866,0.30535793,0
-0.13001585,-3.4032121,-1.4065068,-0.12907717,-0.94344866,-0.30535793,0
-2.6824539,2.2231696,3.9386895,-0.99110359,0.11266422,0.070854396,0
-2.1416955,2.4080224,4.5864096,0.032444715,-0.31178707,0.94959784,0
2.759196,0.37747288,-1.5516101,0.99110359,-0.11266422,-0.070854396,0
-1.9852633,0.56648791,-3.5280771,-0.032444715,0.31178707,-0.94959784,0
1.6067858,-2.7029431,-3.2272835,-0.12907717,-0.94344866,-0.30535793,0
2.2885859,-2.8800387,-3.6502016,0.99110359,-0.11266422,-0.070854396,0
-1.2812579,-1.4562447,-4.0765467,-0.032444715,0.31178707,-0.94959784,0
-2.9653213,-1.4960318,1.7344337,-0.99110359,0.11266422,0.070854396,0
0.93602705,1.4920127,-3.4178457,-0.032444715,0.31178707,-0.94959784,0
-2.7754889,2.8989582,-2.4911199,-0.032444715,0.31178707,-0.94959784,0
1.902826,-3.6356792,-1.6785586,-0.12907717,-0.94344866,-0.30535793,0
-3.0058539,-1.3416007,1.5619488,-0.99110359,0.11266422,0.070854396,0
-0.063120604,-2.3887579,3.0340211,0.032444715,-0.31178707,0.94959784,0
2.0251765,2.7397792,1.7141569,0.12907717,0.94344866,0.30535793,0
2.7848454,-1.9756408,-1.8379064,0.99110359,-0.11266422,-0.070854396,0
1.8143549,-2.0467002,-4.4827209,-0.032444715,0.31178707,-0.94959784,0
-2.5726223,-3.1025882,2.9610088,0.032444715,-0.31178707,0.94959784,0
-1.845451,-2.5258729,2.9379489,0.032444715,-0.31178707,0.94959784,0
-2.8246822,1.5697542,-2.4782534,-0.99110359,0.11266422,0.070854396,0
-2.9797034,1.4910181,-3.1808815,-0.99110359,0.11266422,0.070854396,0
-1.7119818,3.4332578,1.0809569,0.12907717,0.94344866,0.30535793,0
-3.1495447,-0.73481429,-2.511796,-0.99110359,0.11266422,0.070854396,0
1.1572413,-2.6038878,-4.2986779,-0.12907717,-0.94344866,-0.30535793,0
-2.8662183,-2.0695324,-4.3444939,-0.12907717,-0.94344866,-0.30535793,0
-2.7102556,-2.2374284,-2.8957465,-0.12907717,-0.94344866,-0.30535793,0
-0.82111001,-2.769387,-2.4290745,-0.12907717,-0.94344866,-0.30535793,0
-1.054944,-2.2817466,-4.2491236,-0.12907717,-0.94344866,-0.30535793,0
-0.89907098,3.0742164,2.5853436,0.12907717,0.94344866,0.30535793,0
3.0579915,0.040878177,3.0555897,0.99110359,-0.11266422,-0.070854396,0
2.5541661,0.47187328,3.9010539,0.032444715,-0.31178707,0.94959784,0
2.557013,-2.5236497,-4.130218,0.99110359,-0.11266422,-0.070854396,0
1.8151671,3.4201703,-2.6207268,-0.032444715,0.31178707,-0.94959784,0
0.8809948,0.26804757,-3.4300761,-0.032444715,0.31178707,-0.94959784,0
-3.1429019,-1.5040743,-4.0228271,-0.032444715,0.31178707,-0.94959784,0
2.2116439,-2.7800472,-4.130219,-0.12907717,-0.94344866,-0.30535793,0
-2.1391323,-3.7258096,1.5697451,-0.12907717,-0.94344866,-0.30535793,0
0.61939669,-3.0923562,-1.9924035,-0.12907717,-0.94344866,-0.30535793,0
2.3299758,-0.23433399,-3.9879181,-0.032444715,0.31178707,-0.94959784,0
0.71661496,1.8961177,-3.2845426,-0.032444715,0.31178707,-0.94959784,0
-0.70432353,1.0885315,-3.1235507,-0.032444715,0.31178707,-0.94959784,0
-2.8068919,2.8068717,-2.6753049,-0.032444715,0.31178707,-0.94959784,0
2.2691026,3.6527877,-2.4356315,-0.032444715,0.31178707,-0.94959784,0
3.3913472,3.1421876,0.69283533,0.99110359,-0.11266422,-0.070854396,0
-0.0078784004,-3.8046689,0.4499495,-0.12907717,-0.94344866,-0.30535793,0
-1.6534262,-1.9791284,-4.2448559,-0.032444715,0.31178707,-0.94959784,0
-0.15661359,-3.0063457,-2.6754391,-0.12907717,-0.94344866,-0.30535793,0
3.06867,3.3710804,-0.82856321,0.12907717,0.94344866,0.30535793,0
0.27874637,-3.0978053,-2.6589873,-0.12907717,-0.94344866,-0.30535793,0
0.72160673,-2.6178997,2.7696652,0.032444715,-0.31178707,0.94959784,0
2.3431664,3.9683836,-2.1335936,0.12907717,0.94344866,0.30535793,0
2.1085811,-3.9522851,-0.55147195,-0.12907717,-0.94344866,-0.30535793,0
1.9307408,-4.198132,1.1166909,-0.12907717,-0.94344866,-0.30535793,0
3.0204234,-0.54064763,1.9714868,0.99110359,-0.11266422,-0.070854396,0
-1.610163,-1.264632,-3.9588356,-0.032444715,0.31178707,-0.94959784,0
2.6749475,-3.4974213,2.0138326,0.99110359,-0.11266422,-0.070854396,0
-2.5333438,2.1739213,4.1391897,-0.99110359,0.11266422,0.070854396,0
-3.4328022,-0.72230065,-2.4780867,-0.99110359,0.11266422,0.070854396,0
-2.8411696,1.2750459,0.30182618,-0.99110359,0.11266422,0.070854396,0
0.29438639,-3.3949244,2.3647451,0.032444715,-0.31178707,0.94959784,0
-3.0395241,-2.7233269,-1.9729104,-0.12907717,-0.94344866,-0.30535793,0
-1.7592852,-1.6392856,3.0711689,0.032444715,-0.31178707,0.94959784,0
-2.2354813,-0.54421043,3.736047,0.032444715,-0.31178707,0.94959784,0
-3.4164567,-0.73424232,-2.5207603,-0.99110359,0.11266422,0.070854396,0
-2.847518,-2.090481,3.1502929,-0.99110359,0.11266422,0.070854396,0
-1.7956538,1.304822,4.2482681,0.032444715,-0.31178707,0.94959784,0
-0.17387486,2.9349029,2.4613907,0.12907717,0.94344866,0.30535793,0
-2.8738961,0.21247149,3.5747228,-0.99110359,0.11266422,0.070854396,0
1.3325059,1.2473261,-3.1973162,-0.032444715,0.31178707,-0.94959784,0
1.6294994,4.0400271,-1.4301505,0.12907717,0.94344866,0.30535793,0
-2.5683651,2.1415486,2.1089778,-0.99110359,0.11266422,0.070854396,0
-0.8556695,-0.0205338,3.5403113,0.032444715,-0.31178707,0.94959784,0
2.3824227,2.0520072,3.4642024,0.12907717,0.94344866,0.30535793,0
-0.17574072,2.5300767,-2.7432454,-0.032444715,0.31178707,-0.94959784,0
0.22517377,3.6148381,0.23480415,0.12907717,0.94344866,0.30535793,0
3.4024336,1.7179171,1.5331378,0.99110359,-0.11266422,-0.070854396,0
3.1776423,1.0822558,2.8608024,0.99110359,-0.11266422,-0.070854396,0
2.8428991,-1.3129685,-0.31841969,0.99110359,-0.11266422,-0.070854396,0
-3.1391854,-1.8970342,1.8543034,-0.99110359,0.11266422,0.070854396,0
-0.82456565,1.2121041,-3.2571058,-0.032444715,0.31178707,-0.94959784,0
0.76768088,0.74011284,3.7416275,0.032444715,-0.31178707,0.94959784,0
-0.62368155,1.977181,-2.9089398,-0.032444715,0.31178707,-0.94959784,0
2.5626941,-2.5797591,-1.3306396,0.99110359,-0.11266422,-0.070854396,0
1.347576,-4.4574575,1.3635325,-0.12907717,-0.94344866,-0.30535793,0
-3.0291247,1.4881016,-0.32120335,-0.99110359,0.11266422,0.070854396,0
-2.3407133,-2.4184499,2.996176,0.032444715,-0.31178707,0.94959784,0
-0.42676175,-3.6013989,-0.71560907,-0.12907717,-0.94344866,-0.30535793,0
-1.7364199,-0.014281988,3.8122303,0.032444715,-0.31178707,0.94959784,0
2.4768963,-3.4218445,-1.5579581,0.99110359,-0.11266422,-0.070854396,0
-2.7114825,-0.44750255,-3.7608166,-0.032444715,0.31178707,-0.94959784,0
-0.23668849,-4.3220019,2.0652249,-0.12907717,-0.94344866,-0.30535793,0
3.5840154,2.6779253,1.9081593,0.12907717,0.94344866,0.30535793,0
3.327981,0.97523862,3.2211432,0.99110359,-0.11266422,-0.070854396,0
-1.8273296,-3.4008389,0.038075447,-0.12907717,-0.94344866,-0.30535793,0
3.037061,2.502846,-3.0130713,-0.032444715,0.31178707,-0.94959784,0
-1.6257259,4.2861185,-0.9163816,0.12907717,0.94344866,0.30535793,0
-2.0851212,2.5859039,4.7983894,0.032444715,-0.31178707,0.94959784,0
-2.643091,3.186419,1.3023131,-0.99110359,0.11266422,0.070854396,0
3.3893199,0.06117928,2.8816168,0.99110359,-0.11266422,-0.070854396,0
1.0851982,-4.1752949,0.6695118,-0.12907717,-0.94344866,-0.30535793,0
-3.0557251,-2.3304458,-2.9963081,-0.12907717,-0.94344866,-0.30535793,0
-0.88391972,1.6686558,-3.3123286,-0.032444715,0.31178707,-0.94959784,0
-3.0383573,-1.9928925,2.018522,-0.99110359,0.11266422,0.070854396,0
1.3935748,4.2736368,-2.2749414,0.12907717,0.94344866,0.30535793,0
2.2403262,3.8164699,-1.093894,0.12907717,0.94344866,0.30535793,0
3.0164261,-1.4391696,2.7336247,0.99110359,-0.11266422,-0.070854396,0
2.6332014,-2.8480759,-0.23791385,0.99110359,-0.11266422,-0.070854396,0
0.58097231,-4.0244455,0.5579536,-0.12907717,-0.94344866,-0.30535793,0
2.7306969,-1.8049947,1.3910859,0.99110359,-0.11266422,-0.070854396,0
1.9402282,3.364589,0.35738087,0.12907717,0.94344866,0.30535793,0
2.9215126,0.26233959,0.24312258,0.99110359,-0.11266422,-0.070854396,0
3.1314082,-1.4378208,1.304551,0.99110359,-0.11266422,-0.070854396,0
-3.5562456,-3.3373694,-0.24924946,-0.12907717,-0.94344866,-0.30535793,0
-0.87639832,-0.73681331,-3.821079,-0.032444715,0.31178707,-0.94959784,0
2.5873227,3.3773596,-2.8551631,-0.032444715,0.31178707,-0.94959784,0
-2.0654161,-2.6926057,3.0143516,0.032444715,-0.31178707,0.94959784,0
1.4612679,1.7036612,-3.2142873,-0.032444715,0.31178707,-0.94959784,0
3.5099978,1.3550669,3.8915603,0.99110359,-0.11266422,-0.070854396,0
3.116668,-0.10576081,-0.93282318,0.99110359,-0.11266422,-0.070854396,0
1.1895851,-4.4133024,1.0378656,-0.12907717,-0.94344866,-0.30535793,0
-3.1611798,-1.3391616,-1.3921964,-0.99110359,0.11266422,0.070854396,0
2.9300311,1.0335946,-3.3726039,0.99110359,-0.11266422,-0.070854396,0
0.42498779,-2.5817089,-3.921289,-0.12907717,-0.94344866,-0.30535793,0
3.2433667,2.941144,-0.78155613,0.99110359,-0.11266422,-0.070854396,0
-1.4236457,4.1703534,-2.2447228,-0.032444715,0.31178707,-0.94959784,0
3.0521474,0.98486471,-0.13099837,0.99110359,-0.11266422,-0.070854396,0
0.022798061,3.0874679,1.2818878,0.12907717,0.94344866,0.30535793,0
0.18807912,3.9404588,-2.3067336,-0.032444715,0.31178707,-0.94959784,0
3.3327074,3.6589141,-2.5942898,-0.032444715,0.31178707,-0.94959784,0
-0.18236804,-0.76286077,3.5363374,0.032444715,-0.31178707,0.94959784,0
2.8332622,-3.5300717,0.23621261,0.99110359,-0.11266422,-0.070854396,0
2.3949392,2.7024913,1.4706547,0.12907717,0.94344866,0.30535793,0
2.7331414,0.50209093,-3.3267837,0.99110359,-0.11266422,-0.070854396,0
-3.3768156,-0.92181289,-2.2835915,-0.99110359,0.11266422,0.070854396,0
-2.9796996,-0.32013249,-0.99695158,-0.99110359,0.11266422,0.070854396,0
-1.8590896,1.731235,-3.0957611,-0.032444715,0.31178707,-0.94959784,0
2.9417024,3.4455757,-0.75113869,0.12907717,0.94344866,0.30535793,0
-1.4070561,3.7355466,0.39752984,0.12907717,0.94344866,0.30535793,0
2.7915254,-1.7635367,-2.203542,0.99110359,-0.11266422,-0.070854396,0
-2.3160772,-1.4307067,-3.8905597,-0.032444715,0.31178707,-0.94959784,0
2.5852911,-1.7612083,-2.0950053,0.99110359,-0.11266422,-0.070854396,0
-1.8900011,-0.78112519,-3.798173,-0.032444715,0.31178707,-0.94959784,0
-3.2091842,1.0088464,-3.1353323,-0.99110359,0.11266422,0.070854396,0
0.69503117,-2.6649923,-3.5166025,-0.12907717,-0.94344866,-0.30535793,0
0.84730369,-3.842452,0.55304742,-0.12907717,-0.94344866,-0.30535793,0
-0.13225412,-2.9591277,-1.8324845,-0.12907717,-0.94344866,-0.30535793,0
1.6559143,-1.8418045,-4.5044599,-0.032444715,0.31178707,-0.94959784,0
-1.4721298,4.0376163,-0.38474369,0.12907717,0.94344866,0.30535793,0
2.6555941,-0.59600306,-1.743896,0.99110359,-0.11266422,-0.070854396,0
2.827189,-1.13871,-3.637552,0.99110359,-0.11266422,-0.070854396,0
-1.5138531,4.6733532,-2.083627,0.12907717,0.94344866,0.30535793,0
2.9400401,-0.80722713,3.3290839,0.032444715,-0.31178707,0.94959784,0
0.13329482,1.1022154,-3.4876952,-0.032444715,0.31178707,-0.94959784,0
1.7467728,4.1500201,-1.7465067,0.12907717,0.94344866,0.30535793,0
3.1660891,0.5598191,2.2411394,0.99110359,-0.11266422,-0.070854396,0
3.3409038,0.58826339,1.5929184,0.99110359,-0.11266422,-0.070854396,0
-1.4460622,3.8417678,-2.5806124,-0.032444715,0.31178707,-0.94959784,0
-1.1633379,-0.5946492,-3.7493968,-0.032444715,0.31178707,-0.94959784,0
-2.7471983,2.7524948,0.1626724,-0.99110359,0.11266422,0.070854396,0
3.1227779,0.56279653,3.045099,0.99110359,-0.11266422,-0.070854396,0
-3.2205479,-0.50672197,-0.62822795,-0.99110359,0.11266422,0.070854396,0
-3.060864,-0.056555748,-1.3745805,-0.99110359,0.11266422,0.070854396,0
-2.8941045,0.044832468,0.57977462,-0.99110359,0.11266422,0.070854396,0
-1.3191055,-4.1369934,2.207463,-0.12907717,-0.94344866,-0.30535793,0
2.5500119,1.1442747,3.8783507,0.032444715,-0.31178707,0.94959784,0
2.9117479,-0.47302055,-0.79730463,0.99110359,-0.11266422,-0.070854396,0
-0.29680467,2.8558173,2.2131166,0.12907717,0.94344866,0.30535793,0
-0.41453123,-1.083166,3.4226265,0.032444715,-0.31178707,0.94959784,0
-0.1549511,-2.7694409,2.8240128,0.032444715,-0.31178707,0.94959784,0
-2.4144294,-2.4776895,-2.7029676,-0.12907717,-0.94344866,-0.30535793,0
-1.5550053,3.0799208,2.7933347,0.12907717,0.94344866,0.30535793,0
3.1602294,3.8330746,-1.1089029,0.12907717,0.94344866,0.30535793,0
-0.40703869,-2.2046363,3.1685245,0.032444715,-0.31178707,0.94959784,0
1.8602715,0.64514369,3.8234925,0.032444715,-0.31178707,0.94959784,0
-1.5105183,-3.5101056,0.40181828,-0.12907717,-0.94344866,-0.30535793,0
-3.2865386,-3.1300726,1.1132231,-0.99110359,0.11266422,0.070854396,0
-1.6985166,-2.8371191,-1.4635885,-0.12907717,-0.94344866,-0.30535793,0
-0.65078938,3.4280863,0.5547986,0.12907717,0.94344866,0.30535793,0
2.4308183,3.1747055,-2.8324049,-0.032444715,0.31178707,-0.94959784,0
-0.66998887,2.9668362,2.7605293,0.12907717,0.94344866,0.30535793,0
3.2451868,2.7310321,-1.9399147,0.99110359,-0.11266422,-0.070854396,0
-2.6949689,4.3967853,-2.0857162,-0.032444715,0.31178707,-0.94959784,0
-0.033059359,-3.0899324,-2.2876391,-0.12907717,-0.94344866,-0.30535793,0
-2.1391351,3.1449881,2.6403561,0.12907717,0.94344866,0.30535793,0
3.0122197,0.89488339,0.95022082,0.99110359,-0.11266422,-0.070854396,0
0.0080564022,3.6766798,-2.3613176,-0.032444715,0.31178707,-0.94959784,0
3.0627165,-1.1049125,2.9236407,0.99110359,-0.11266422,-0.070854396,0
0.5553987,3.6578543,0.40731907,0.12907717,0.94344866,0.30535793,0
1.3393806,-3.5967903,2.4618847,0.032444715,-0.31178707,0.94959784,0
0.93631458,3.5883572,0.16065788,0.12907717,0.94344866,0.30535793,0
-2.5390172,-2.7007124,-2.5166466,-0.12907717,-0.94344866,-0.30535793,0
0.020125866,-3.2227559,2.5560355,0.032444715,-0.31178707,0.94959784,0
1.315599,-1.3355494,-3.9915597,-0.032444715,0.31178707,-0.94959784,0
-0.86669683,-3.543704,2.7162695,0.032444715,-0.31178707,0.94959784,0
3.3245072,3.423305,-1.7229514,0.99110359,-0.11266422,-0.070854396,0
-2.0576797,3.4345162,2.3507733,0.12907717,0.94344866,0.30535793,0
-1.9034541,-0.47127867,3.385509,0.032444715,-0.31178707,0.94959784,0
2.9201412,-1.0483558,0.6294328,0.99110359,-0.11266422,-0.070854396,0
-2.6953282,1.8649075,1.8155379,-0.99110359,0.11266422,0.070854396,0
1.6899297,0.59058332,-3.5578547,-0.032444715,0.31178707,-0.94959784,0
-0.8725363,-3.7606401,0.35820198,-0.12907717,-0.94344866,-0.30535793,0
-0.37596631,-2.7970831,-2.911449,-0.12907717,-0.94344866,-0.30535793,0
1.1869123,2.6989353,2.0568953,0.12907717,0.94344866,0.30535793,0
2.9630482,-1.3344432,1.894626,0.99110359,-0.11266422,-0.070854396,0
3.0345802,1.9909108,-2.8489809,0.99110359,-0.11266422,-0.070854396,0
1.4684477,2.7652006,2.4772506,0.12907717,0.94344866,0.30535793,0
-3.163424,0.71074539,-3.1932847,-0.032444715,0.31178707,-0.94959784,0
0.15501595,-0.91503775,3.5484953,0.032444715,-0.31178707,0.94959784,0
2.8143969,0.19596818,3.610507,0.032444715,-0.31178707,0.94959784,0
-3.345212,-1.4934351,-3.5024109,-0.99110359,0.11266422,0.070854396,0
3.432482,2.314729,-0.1916523,0.99110359,-0.11266422,-0.070854396,0
2.5851212,-3.6001608,-1.3783133,0.99110359,-0.11266422,-0.070854396,0
3.3071301,1.3706093,3.3556442,0.99110359,-0.11266422,-0.070854396,0
1.3664479,-3.8142328,-0.41375089,-0.12907717,-0.94344866,-0.30535793,0
-0.00094389915,-2.4353731,2.8154862,0.032444715,-0.31178707,0.94959784,0
-2.6866815,1.2629833,1.8126743,-0.99110359,0.11266422,0.070854396,0
2.8023729,-2.6657243,-1.6768053,0.99110359,-0.11266422,-0.070854396,0
0.83141184,1.2078646,4.1245136,0.032444715,-0.31178707,0.94959784,0
-0.44054127,-3.6044006,-0.18663836,-0.12907717,-0.94344866,-0.30535793,0
-0.61808693,4.3341141,-2.3084197,-0.032444715,0.31178707,-0.94959784,0
-1.8415438,-3.9895711,2.4702969,0.032444715,-0.31178707,0.94959784,0
-3.1495419,-1.3356223,0.90068555,-0.99110359,0.11266422,0.070854396,0
3.0942118,2.9033074,-2.0166981,0.99110359,-0.11266422,-0.070854396,0
-0.22898579,1.3246746,4.1990528,0.032444715,-0.31178707,0.94959784,0
-3.5424149,-2.5825794,-2.2920318,-0.99110359,0.11266422,0.070854396,0
-0.58059931,2.565906,3.9290509,0.12907717,0.94344866,0.30535793,0
3.2835422,2.9703918,0.7420125,0.12907717,0.94344866,0.30535793,0
-1.0981054,3.4966846,1.0727892,0.12907717,0.94344866,0.30535793,0
-2.6018202,1.8416171,3.2724452,-0.99110359,0.11266422,0.070854396,0
1.8627708,-4.1722002,0.34108949,-0.12907717,-0.94344866,-0.30535793,0
-2.916697,-0.54253745,0.11580157,-0.99110359,0.11266422,0.070854396,0
-2.8668585,0.47103199,-3.4680128,-0.032444715,0.31178707,-0.94959784,0
-1.1607294,1.4520187,-3.0516548,-0.032444715,0.31178707,-0.94959784,0
-2.3531704,1.9242728,4.3804207,0.032444715,-0.31178707,0.94959784,0
2.9708819,0.90060735,-1.0953921,0.99110359,-0.11266422,-0.070854396,0
2.6525486,-1.9072139,-4.3189659,-0.032444715,0.31178707,-0.94959784,0
-3.3413515,-2.7168622,-1.5771122,-0.12907717,-0.94344866,-0.30535793,0
3.3362269,1.2647707,3.0308425,0.99110359,-0.11266422,-0.070854396,0
-2.5298605,1.6523998,3.7752185,-0.99110359,0.11266422,0.070854396,0
-3.0906968,0.37622046,1.1642898,-0.99110359,0.11266422,0.070854396,0
1.26755,-2.3554831,-4.3125596,-0.12907717,-0.94344866,-0.30535793,0
-1.1291833,-3.2999794,-0.65234089,-0.12907717,-0.94344866,-0.30535793,0
3.2323983,1.4304202,-0.38073039,0.99110359,-0.11266422,-0.070854396,0
-0.056520462,-0.91074181,-3.9898143,-0.032444715,0.31178707,-0.94959784,0
-3.395313,-2.0164137,-1.0265429,-0.99110359,0.11266422,0.070854396,0
-2.7286668,-2.5014346,-2.6857579,-0.12907717,-0.94344866,-0.30535793,0
1.611062,3.5164814,-2.7030482,-0.032444715,0.31178707,-0.94959784,0
-0.85906219,-3.7702088,0.04758215,-0.12907717,-0.94344866,-0.30535793,0
-2.9440715,2.3937006,-2.6099296,-0.99110359,0.11266422,0.070854396,0
1.0386488,4.1835985,-1.3427653,0.12907717,0.94344866,0.30535793,0
0.15410471,0.37863326,3.724385,0.032444715,-0.31178707,0.94959784,0
3.07145,1.0623679,0.67056131,0.99110359,-0.11266422,-0.070854396,0
2.8873596,-1.3544374,-0.99728739,0.99110359,-0.11266422,-0.070854396,0
-0.13445616,-2.5162802,-4.1910548,-0.12907717,-0.94344866,-0.30535793,0
1.973001,-3.0929413,-2.4560885,-0.12907717,-0.94344866,-0.30535793,0
0.12826204,-0.91545093,-3.9229372,-0.032444715,0.31178707,-0.94959784,0
1.566063,3.1670153,1.5153682,0.12907717,0.94344866,0.30535793,0
-1.6228502,-1.3433449,3.3892708,0.032444715,-0.31178707,0.94959784,0
-1.5290167,4.4267659,-1.4578738,0.12907717,0.94344866,0.30535793,0
2.9662602,-2.8602171,1.7950798,0.99110359,-0.11266422,-0.070854396,0
-2.4867051,2.8671269,1.1623751,-0.99110359,0.11266422,0.070854396,0
-2.1909106,-0.0041184425,3.8072929,0.032444715,-0.31178707,0.94959784,0
-2.9243376,-0.56747955,-3.8664551,-0.032444715,0.31178707,-0.94959784,0
0.27374652,-3.9259746,0.65911651,-0.12907717,-0.94344866,-0.30535793,0
-2.6444621,1.1950011,2.0072415,-0.99110359,0.11266422,0.070854396,0
2.4117246,-2.4173605,-4.0733213,0.99110359,-0.11266422,-0.070854396,0
3.2720432,1.9518158,3.4982536,0.12907717,0.94344866,0.30535793,0
2.6043725,-2.1125922,-2.2816763,0.99110359,-0.11266422,-0.070854396,0
3.2310171,1.251435,1.5124602,0.99110359,-0.11266422,-0.070854396,0
-2.4390345,1.2295754,4.036366,-0.99110359,0.11266422,0.070854396,0
-2.9729061,-0.39934826,3.12994,-0.99110359,0.11266422,0.070854396,0
3.1259918,3.0123913,0.72706556,0.12907717,0.94344866,0.30535793,0
-3.299083,-2.4952068,1.1480877,-0.99110359,0.11266422,0.070854396,0
-2.2547493,4.252511,-2.2394371,-0.032444715,0.31178707,-0.94959784,0
-2.9107435,-1.0985155,0.61184835,-0.99110359,0.11266422,0.070854396,0
-0.58009291,2.7315273,3.2895932,0.12907717,0.94344866,0.30535793,0
-3.4485335,-3.1818266,-0.088578701,-0.99110359,0.11266422,0.070854396,0
1.5407897,3.2262392,1.4836788,0.12907717,0.94344866,0.30535793,0
-3.5492711,-2.5449224,-0.53900385,-0.99110359,0.11266422,0.070854396,0
-1.704803,1.6463945,4.260592,0.032444715,-0.31178707,0.94959784,0
3.3808863,2.6689596,1.5427213,0.99110359,-0.11266422,-0.070854396,0
3.390312,0.15504563,2.2907672,0.99110359,-0.11266422,-0.070854396,0
-1.9803643,-0.81406093,3.398376,0.032444715,-0.31178707,0.94959784,0
-0.18027782,0.08834815,3.6089294,0.032444715,-0.31178707,0.94959784,0
1.9604374,3.2764499,0.85659218,0.12907717,0.94344866,0.30535793,0
-2.6412125,-2.1387916,-3.695127,-0.12907717,-0.94344866,-0.30535793,0
3.0552633,1.331357,-0.51328206,0.99110359,-0.11266422,-0.070854396,0
2.1028576,2.6832523,2.0170987,0.12907717,0.94344866,0.30535793,0
-2.8361528,2.2333248,-0.89533508,-0.99110359,0.11266422,0.070854396,0
1.1596764,3.9213643,-0.87918949,0.12907717,0.94344866,0.30535793,0
1.055002,4.0695767,-1.4229071,0.12907717,0.94344866,0.30535793,0
-2.5606551,-2.5308249,3.1129894,0.032444715,-0.31178707,0.94959784,0
3.5091867,1.5526308,2.5450706,0.99110359,-0.11266422,-0.070854396,0
0.70804334,-0.36693609,3.5048332,0.032444715,-0.31178707,0.94959784,0
1.8863508,-4.1227579,0.85643721,-0.12907717,-0.94344866,-0.30535793,0
0.35626197,-2.7673404,-3.1282406,-0.12907717,-0.94344866,-0.30535793,0
3.0015011,-0.8434965,3.0180731,0.99110359,-0.11266422,-0.070854396,0
2.6587644,4.0030084,-1.7737741,0.12907717,0.94344866,0.30535793,0
-0.5052259,2.9017305,2.5501809,0.12907717,0.94344866,0.30535793,0
0.16122651,-3.2495761,-1.2244818,-0.12907717,-0.94344866,-0.30535793,0
1.3596795,-1.3314935,3.0779834,0.032444715,-0.31178707,0.94959784,0
-0.51429868,-3.0574057,2.5700393,0.032444715,-0.31178707,0.94959784,0
2.6960802,-1.5490398,-2.318109,0.99110359,-0.11266422,-0.070854396,0
2.4423027,-4.1249828,0.71088028,-0.12907717,-0.94344866,-0.30535793,0
2.911272,-2.3565767,2.8417215,0.99110359,-0.11266422,-0.070854396,0
2.648119,2.9943337,0.64386749,0.12907717,0.94344866,0.30535793,0
0.31783152,1.5854833,-3.3446231,-0.032444715,0.31178707,-0.94959784,0
-1.8986433,4.4234276,-1.1910708,0.12907717,0.94344866,0.30535793,0
2.8132691,2.5764136,2.2037647,0.12907717,0.94344866,0.30535793,0
-0.76813209,-3.2434053,-0.72886848,-0.12907717,-0.94344866,-0.30535793,0
-0.68800622,4.2455039,-1.164248,0.12907717,0.94344866,0.30535793,0
-1.2914252,2.6366024,3.9937334,0.12907717,0.94344866,0.30535793,0
3.0981915,-1.0049253,1.3933394,0.99110359,-0.11266422,-0.070854396,0
-3.2628658,-1.8597844,-2.9984958,-0.99110359,0.11266422,0.070854396,0
-3.4325445,-0.80191159,-3.1589606,-0.99110359,0.11266422,0.070854396,0
2.5386677,3.5490022,-0.8547163,0.12907717,0.94344866,0.30535793,0
2.9609661,-0.70701361,-1.7154872,0.99110359,-0.11266422,-0.070854396,0
0.19836205,-3.7870851,-0.041949987,-0.12907717,-0.94344866,-0.30535793,0
-1.1930833,-2.9911928,2.5916677,0.032444715,-0.31178707,0.94959784,0
-2.602191,-3.3828766,2.5243795,0.032444715,-0.31178707,0.94959784,0
2.535114,-3.5770583,2.3217263,0.032444715,-0.31178707,0.94959784,0
-2.9709923,-1.9214575,-3.7483196,-0.12907717,-0.94344866,-0.30535793,0
0.55121851,-2.8661463,2.7456412,0.032444715,-0.31178707,0.94959784,0
0.014847994,1.5162506,-2.9816751,-0.032444715,0.31178707,-0.94959784,0
-1.9729657,-2.1286957,-4.183712,-0.12907717,-0.94344866,-0.30535793,0
1.0703955,-1.9429486,2.8571699,0.032444715,-0.31178707,0.94959784,0
-2.8509746,-0.097339392,0.45368612,-0.99110359,0.11266422,0.070854396,0
-3.57095,-2.2585685,-2.0556006,-0.99110359,0.11266422,0.070854396,0
2.5535626,-0.91469717,-3.9842286,-0.032444715,0.31178707,-0.94959784,0
-2.8142416,0.34016585,2.7257123,-0.99110359,0.11266422,0.070854396,0
-2.7904582,-3.8025625,1.5369334,-0.12907717,-0.94344866,-0.30535793,0
-2.006268,-3.965519,2.4940295,0.032444715,-0.31178707,0.94959784,0
0.92178512,-0.39405966,3.3749061,0.032444715,-0.31178707,0.94959784,0
2.9247785,1.7090528,-1.6132834,0.99110359,-0.11266422,-0.070854396,0
-0.032147884,0.91925967,4.1724029,0.032444715,-0.31178707,0.94959784,0
-2.2925,0.69263583,-3.4348619,-0.032444715,0.31178707,-0.94959784,0
1.3469586,3.0402873,0.98679519,0.12907717,0.94344866,0.30535793,0
1.9800519,3.8006082,-0.68758774,0.12907717,0.94344866,0.30535793,0
0.88188028,2.5746131,3.3210645,0.12907717,0.94344866,0.30535793,0
-2.8470407,-3.2312167,-0.67159843,-0.12907717,-0.94344866,-0.30535793,0
-1.2012669,-4.1149817,2.2985775,-0.12907717,-0.94344866,-0.30535793,0
2.6374283,-0.16720605,-2.5554459,0.99110359,-0.11266422,-0.070854396,0
-2.3182511,-3.6011133,2.7043657,0.032444715,-0.31178707,0.94959784,0
3.3328834,1.6771735,2.0999701,0.99110359,-0.11266422,-0.070854396,0
3.0314806,-2.050652,1.2757375,0.99110359,-0.11266422,-0.070854396,0
3.0583873,2.6497104,-1.3511486,0.99110359,-0.11266422,-0.070854396,0
2.6165695,-0.81304646,-2.3832819,0.99110359,-0.11266422,-0.070854396,0
0.5247333,1.02481,-3.4351244,-0.032444715,0.31178707,-0.94959784,0
2.9521415,0.83315229,-2.1928878,0.99110359,-0.11266422,-0.070854396,0
-2.2161131,-2.7481177,-2.552556,-0.12907717,-0.94344866,-0.30535793,0
1.342454,3.5103197,-2.3955119,-0.032444715,0.31178707,-0.94959784,0
1.9070272,3.1269093,1.4705896,0.12907717,0.94344866,0.30535793,0
3.1295011,-1.3173422,1.3035122,0.99110359,-0.11266422,-0.070854396,0
-2.0968063,-1.393564,-4.167212,-0.032444715,0.31178707,-0.94959784,0
-0.6115402,3.4308577,1.0013108,0.12907717,0.94344866,0.30535793,0
2.5579634,-3.8415322,1.5596043,0.99110359,-0.11266422,-0.070854396,0
-2.9254899,-2.4550285,-2.334156,-0.12907717,-0.94344866,-0.30535793,0
2.3255613,-2.5325568,-4.1474276,-0.12907717,-0.94344866,-0.30535793,0
-2.0059941,4.292274,-0.91787767,0.12907717,0.94344866,0.30535793,0
-3.4245696,-3.1620069,0.67921877,-0.99110359,0.11266422,0.070854396,0
-0.55255759,4.1414523,-2.3605099,-0.032444715,0.31178707,-0.94959784,0
1.6779194,-4.1870222,0.70060086,-0.12907717,-0.94344866,-0.30535793,0
-3.1670146,-1.14007,1.2047224,-0.99110359,0.11266422,0.070854396,0
3.4510822,2.1958995,1.1859326,0.99110359,-0.11266422,-0.070854396,0
1.2582433,-3.5349786,-1.6400805,-0.12907717,-0.94344866,-0.30535793,0
0.29236054,2.817282,2.9761107,0.12907717,0.94344866,0.30535793,0
-1.4905729,2.4068642,4.5799823,0.032444715,-0.31178707,0.94959784,0
0.79035807,-3.6448851,2.5927696,0.032444715,-0.31178707,0.94959784,0
2.5864208,3.4377413,-0.15812063,0.12907717,0.94344866,0.30535793,0
-1.5638781,-1.1362383,-3.9782557,-0.032444715,0.31178707,-0.94959784,0
-3.0547476,-3.1500564,0.067447186,-0.12907717,-0.94344866,-0.30535793,0
2.6764679,-3.7250259,-0.11487317,0.99110359,-0.11266422,-0.070854396,0
2.8276508,-1.9068646,-0.97249669,0.99110359,-0.11266422,-0.070854396,0
2.7224021,1.7284014,-3.3758471,-0.032444715,0.31178707,-0.94959784,0
1.7717319,1.896776,-3.1612651,-0.032444715,0.31178707,-0.94959784,0
1.7008536,-2.9664021,-2.8382549,-0.12907717,-0.94344866,-0.30535793,0
2.1627748,-3.7967551,-0.43101263,-0.12907717,-0.94344866,-0.30535793,0
-3.3612244,-1.4514881,-0.67554522,-0.99110359,0.11266422,0.070854396,0
2.6288598,2.3533871,2.4800398,0.12907717,0.94344866,0.30535793,0
3.1218212,2.1016974,-0.23136973,0.99110359,-0.11266422,-0.070854396,0
-2.8607235,2.821084,0.54225862,-0.99110359,0.11266422,0.070854396,0
2.2064402,-3.7234092,-0.24931836,-0.12907717,-0.94344866,-0.30535793,0
1.1057944,-0.74861521,3.357079,0.032444715,-0.31178707,0.94959784,0
3.3422327,3.7229021,-1.9453554,0.12907717,0.94344866,0.30535793,0
1.7433206,3.967556,-1.0053492,0.12907717,0.94344866,0.30535793,0
2.0459418,0.73773885,-3.4052236,-0.032444715,0.31178707,-0.94959784,0
-2.6945367,3.452045,-1.3721775,-0.99110359,0.11266422,0.070854396,0
-3.0638828,-2.6060476,2.956332,-0.99110359,0.11266422,0.070854396,0
3.4382401,1.6652462,2.941762,0.99110359,-0.11266422,-0.070854396,0
-1.1940222,-2.3526993,-4.3295183,-0.12907717,-0.94344866,-0.30535793,0
-2.4576128,3.4723229,0.18486714,-0.99110359,0.11266422,0.070854396,0
1.3938208,0.71216786,3.8361626,0.032444715,-0.31178707,0.94959784,0
-0.13240004,2.2486548,3.9417892,0.12907717,0.94344866,0.30535793,0
-2.5477228,-3.4240205,0.43029451,-0.12907717,-0.94344866,-0.30535793,0
3.0525234,0.60563445,0.80499434,0.99110359,-0.11266422,-0.070854396,0
-3.1339111,1.812344,-2.7334585,-0.99110359,0.11266422,0.070854396,0
-2.6369636,-2.0396695,-4.0049067,-0.12907717,-0.94344866,-0.30535793,0
-3.0933995,1.6144575,-0.68170571,-0.99110359,0.11266422,0.070854396,0
2.8020039,-2.3570461,0.25518256,0.99110359,-0.11266422,-0.070854396,0
2.3848732,-3.9990649,-0.48679042,-0.12907717,-0.94344866,-0.30535793,0
-2.5015619,-2.2250307,-3.6481967,-0.12907717,-0.94344866,-0.30535793,0
-2.3268085,0.46299046,-3.3709331,-0.032444715,0.31178707,-0.94959784,0
-0.67906976,-0.69441342,3.5064211,0.032444715,-0.31178707,0.94959784,0
2.1454878,3.3144588,-2.716465,-0.032444715,0.31178707,-0.94959784,0
1.5314145,-4.1473298,0.66107488,-0.12907717,-0.94344866,-0.30535793,0
-1.3816783,-3.0922029,-1.4262779,-0.12907717,-0.94344866,-0.30535793,0
1.1395544,3.0509832,1.7923841,0.12907717,0.94344866,0.30535793,0
-2.8552966,-3.0587497,-1.2521996,-0.12907717,-0.94344866,-0.30535793,0
-2.3217254,3.086483,2.4263239,-0.99110359,0.11266422,0.070854396,0
-2.0000973,1.73136,4.3660436,0.032444715,-0.31178707,0.94959784,0
3.1472306,2.2887967,0.30306435,0.99110359,-0.11266422,-0.070854396,0
-2.9016638,-0.47996998,3.3851855,-0.99110359,0.11266422,0.070854396,0
1.1095674,-3.2747319,-1.4812889,-0.12907717,-0.94344866,-0.30535793,0
-3.3041761,-2.5597849,-0.62030554,-0.99110359,0.11266422,0.070854396,0
-1.8730615,-3.27231,2.6007197,0.032444715,-0.31178707,0.94959784,0
3.0776489,2.8203931,0.83374548,0.12907717,0.94344866,0.30535793,0
2.6600723,-3.4611783,-0.17424607,0.99110359,-0.11266422,-0.070854396,0
-2.5845878,3.2395167,0.91548121,-0.99110359,0.11266422,0.070854396,0
1.2236369,2.1826406,-3.0015111,-0.032444715,0.31178707,-0.94959784,0
-3.059006,0.77216935,-0.32125294,-0.99110359,0.11266422,0.070854396,0
-1.4496388,2.1650777,-3.1219704,-0.032444715,0.31178707,-0.94959784,0
-2.6071954,0.91810656,2.3624334,-0.99110359,0.11266422,0.070854396,0
3.1375003,2.1298215,-0.96750855,0.99110359,-0.11266422,-0.070854396,0
-3.5149746,-2.3592246,-2.2786026,-0.12907717,-0.94344866,-0.30535793,0
-1.1622462,-2.7075281,-2.4030399,-0.12907717,-0.94344866,-0.30535793,0
-2.6223412,2.83009,1.7679949,-0.99110359,0.11266422,0.070854396,0
2.8721521,-1.5019666,0.40062851,0.99110359,-0.11266422,-0.070854396,0
3.2965026,1.5146992,4.215044,0.032444715,-0.31178707,0.94959784,0
-3.211503,-1.772054,-4.1580782,-0.032444715,0.31178707,-0.94959784,0
-2.3778713,4.4677935,-2.2246785,-0.032444715,0.31178707,-0.94959784,0
2.1760802,3.3378837,-0.19297314,0.12907717,0.94344866,0.30535793,0
2.9569488,-0.94683272,2.6382687,0.99110359,-0.11266422,-0.070854396,0
-3.3573689,-3.0653622,-0.46670532,-0.99110359,0.11266422,0.070854396,0
-2.82797,-0.45000029,2.8312798,-0.99110359,0.11266422,0.070854396,0
2.1340771,-2.7627528,-4.1779618,-0.12907717,-0.94344866,-0.30535793,0
3.3675969,1.3538612,3.9289038,0.032444715,-0.31178707,0.94959784,0
-2.8361106,2.1037641,-0.73873293,-0.99110359,0.11266422,0.070854396,0
0.3034339,-2.4472349,2.873266,0.032444715,-0.31178707,0.94959784,0
-3.4751577,-2.1025841,-3.3118305,-0.12907717,-0.94344866,-0.30535793,0
2.9047713,0.68342662,-2.0798852,0.99110359,-0.11266422,-0.070854396,0
-1.1852765,-2.9227631,2.8157122,0.032444715,-0.31178707,0.94959784,0
-1.4279169,4.4417248,-1.370594,0.12907717,0.94344866,0.30535793,0
-1.0048602,4.3199792,-1.0130055,0.12907717,0.94344866,0.30535793,0
3.3119614,0.72496998,1.9404612,0.99110359,-0.11266422,-0.070854396,0
2.6768272,2.3984232,-3.1597738,-0.032444715,0.31178707,-0.94959784,0
-1.1337986,-2.9117503,-2.0918593,-0.12907717,-0.94344866,-0.30535793,0
-1.4374931,-4.1708565,2.2038977,-0.12907717,-0.94344866,-0.30535793,0
-0.47220016,-3.8793943,1.0730975,-0.12907717,-0.94344866,-0.30535793,0
-2.5554345,4.0241761,0.32882214,0.12907717,0.94344866,0.30535793,0
1.1900799,3.6684349,0.041771412,0.12907717,0.94344866,0.30535793,0
0.97800136,-1.2132937,3.1144364,0.032444715,-0.31178707,0.94959784,0
1.0417513,3.8573647,-1.1367157,0.12907717,0.94344866,0.30535793,0
3.0206449,0.051726341,-0.80250788,0.99110359,-0.11266422,-0.070854396,0
-3.4654613,-2.0713491,-0.3465147,-0.99110359,0.11266422,0.070854396,0
-2.4553685,-2.7918272,-1.5243864,-0.12907717,-0.94344866,-0.30535793,0
2.7691536,-1.64744,1.2531728,0.99110359,-0.11266422,-0.070854396,0
-1.1021912,-0.9662748,-3.8123808,-0.032444715,0.31178707,-0.94959784,0
-2.6827695,0.33447933,3.0484881,-0.99110359,0.11266422,0.070854396,0
1.0304089,-4.1691947,1.362242,-0.12907717,-0.94344866,-0.30535793,0
-1.3292295,-3.1145973,-1.6255751,-0.12907717,-0.94344866,-0.30535793,0
1.9277682,0.92170477,-3.3820467,-0.032444715,0.31178707,-0.94959784,0
3.2535062,2.9020567,1.6025443,0.12907717,0.94344866,0.30535793,0
3.2317822,4.0647898,-2.2363558,0.12907717,0.94344866,0.30535793,0
-0.26054573,0.84435534,3.9209321,0.032444715,-0.31178707,0.94959784,0
2.9645708,2.1927605,3.0688021,0.12907717,0.94344866,0.30535793,0
-3.2608562,-2.9024663,0.29487276,-0.99110359,0.11266422,0.070854396,0
2.7160709,-2.2057059,-0.034704864,0.99110359,-0.11266422,-0.070854396,0
-0.39441729,0.46607733,3.6768508,0.032444715,-0.31178707,0.94959784,0
1.9483662,-4.3107986,2.2543902,0.032444715,-0.31178707,0.94959784,0
-1.7914591,-2.1920445,-3.7093246,-0.12907717,-0.94344866,-0.30535793,0
0.78212202,-4.299099,2.0883186,0.032444715,-0.31178707,0.94959784,0
2.6327782,-3.1281021,-0.25245643,0.99110359,-0.11266422,-0.070854396,0
-0.39944971,3.4133878,-2.5235026,-0.032444715,0.31178707,-0.94959784,0
2.9553752,1.6559076,-2.4879475,0.99110359,-0.11266422,-0.070854396,0
2.5494835,-1.8485079,-4.3579888,0.99110359,-0.11266422,-0.070854396,0
-0.27248359,-1.1075327,3.4390635,0.032444715,-0.31178707,0.94959784,0
-3.4418049,-3.5142937,2.3307357,-0.99110359,0.11266422,0.070854396,0
-2.7788665,3.642833,-0.68118548,-0.99110359,0.11266422,0.070854396,0
-2.3990595,-3.4959254,0.30873966,-0.12907717,-0.94344866,-0.30535793,0
-3.162101,0.38466752,-1.3426547,-0.99110359,0.11266422,0.070854396,0
-0.23632753,-3.1556387,-1.1658061,-0.12907717,-0.94344866,-0.30535793,0
3.4316685,2.949549,-0.58614063,0.99110359,-0.11266422,-0.070854396,0
-2.6292291,1.6443298,1.964597,-0.99110359,0.11266422,0.070854396,0
2.0340064,-3.0678658,2.8068469,0.032444715,-0.31178707,0.94959784,0
1.6905786,-1.6551918,2.8925433,0.032444715,-0.31178707,0.94959784,0
2.5266275,-1.5558064,-2.8435011,0.99110359,-0.11266422,-0.070854396,0
1.819715,2.7123721,2.3116803,0.12907717,0.94344866,0.30535793,0
3.4337356,1.0413373,2.4667869,0.99110359,-0.11266422,-0.070854396,0
-1.4286548,-3.1094937,-1.8542895,-0.12907717,-0.94344866,-0.30535793,0
3.1730189,0.90031749,2.749429,0.99110359,-0.11266422,-0.070854396,0
-2.8253131,-0.55051136,2.6371889,-0.99110359,0.11266422,0.070854396,0
-2.4941671,2.6976306,3.9513283,-0.99110359,0.11266422,0.070854396,0
3.1126766,0.78031921,-0.56035137,0.99110359,-0.11266422,-0.070854396,0
2.659148,-3.1825714,-1.0913749,0.99110359,-0.11266422,-0.070854396,0
0.4890976,3.5332477,-2.7195697,-0.032444715,0.31178707,-0.94959784,0
-3.5133281,-1.1740425,-2.1773419,-0.99110359,0.11266422,0.070854396,0
3.2790356,1.8399072,2.2418125,0.99110359,-0.11266422,-0.070854396,0
2.8931198,3.4275916,-0.37662792,0.12907717,0.94344866,0.30535793,0
3.4932246,3.4368186,-0.40236425,0.12907717,0.94344866,0.30535793,0
-1.2545147,4.657196,-1.7419226,0.12907717,0.94344866,0.30535793,0
-2.6775939,2.1466374,1.387131,-0.99110359,0.11266422,0.070854396,0
-1.8699498,-3.972631,2.2712986,0.032444715,-0.31178707,0.94959784,0
3.2811298,1.9851278,2.634238,0.99110359,-0.11266422,-0.070854396,0
0.040290833,-3.6456952,-0.40328074,-0.12907717,-0.94344866,-0.30535793,0
-1.7448447,-2.6481152,-3.0369205,-0.12907717,-0.94344866,-0.30535793,0
1.6025414,1.1215653,-3.2551036,-0.032444715,0.31178707,-0.94959784,0
-3.0785017,0.083131433,-2.5893404,-0.99110359,0.11266422,0.070854396,0
-3.1420052,2.2013695,-2.7418582,-0.99110359,0.11266422,0.070854396,0
0.49157453,-3.6696699,2.3954,0.032444715,-0.31178707,0.94959784,0
-0.22226334,1.9732194,-2.9454527,-0.032444715,0.31178707,-0.94959784,0
2.6995933,-3.053829,0.082972646,0.99110359,-0.11266422,-0.070854396,0
2.3376184,-3.4171271,-1.5405658,-0.12907717,-0.94344866,-0.30535793,0
