0.34076524,2.2063584,-4.9571757,0.41762984,-0.37365305,-0.82823241,0
-5.9595523,0.98642004,0.65004587,-0.90737545,-0.12386546,-0.40165591,0
-1.30233,-3.1556737,3.9997325,-0.047490418,-0.9192611,0.39077345,0
0.46410036,-4.2930856,1.0456005,-0.047490418,-0.9192611,0.39077345,0
-3.3822274,0.49627829,-4.6014366,-0.90737545,-0.12386546,-0.40165591,0
-5.7044811,1.6132705,0.066790581,-0.90737545,-0.12386546,-0.40165591,0
5.7795272,-0.98765725,0.11438656,0.90737545,0.12386546,0.40165591,0
-5.2393141,3.0697069,-1.1660943,-0.90737545,-0.12386546,-0.40165591,0
-3.8723528,-2.9885592,-2.4840505,-0.90737545,-0.12386546,-0.40165591,0
-2.74596,2.643616,-5.27947,0.047490418,0.9192611,-0.39077345,0
-5.1264343,-0.94753981,-0.92806625,-0.90737545,-0.12386546,-0.40165591,0
3.9887218,3.1546659,2.5399375,0.90737545,0.12386546,0.40165591,0
1.1863623,5.4196005,0.97701794,0.047490418,0.9192611,-0.39077345,0
-1.3817637,-0.48351192,-4.7318802,0.41762984,-0.37365305,-0.82823241,0
-4.3585663,4.516623,0.19774485,-0.41762984,0.37365305,0.82823241,0
-4.5182705,-4.217196,0.63789392,-0.047490418,-0.9192611,0.39077345,0
0.46617508,4.1748929,-1.1383857,0.047490418,0.9192611,-0.39077345,0
2.3431149,-4.7032447,0.51181364,-0.047490418,-0.9192611,0.39077345,0
4.5974874,0.69445848,-2.1939044,0.41762984,-0.37365305,-0.82823241,0
-4.3260579,-1.6834867,-2.3506455,-0.90737545,-0.12386546,-0.40165591,0
5.0191827,3.7955494,-1.8964591,0.047490418,0.9192611,-0.39077345,0
2.395752,4.6032529,-0.52536136,0.047490418,0.9192611,-0.39077345,0
1.5736222,4.914607,2.7399211,-0.41762984,0.37365305,0.82823241,0
0.76592278,3.101007,-4.3955512,0.047490418,0.9192611,-0.39077345,0
-0.39206862,-3.4166892,3.8433619,-0.047490418,-0.9192611,0.39077345,0
1.8476096,0.62333131,-3.3950405,0.41762984,-0.37365305,-0.82823241,0
5.0789924,-1.4124373,1.7930164,0.90737545,0.12386546,0.40165591,0
5.0419827,4.1730356,-1.0046508,0.047490418,0.9192611,-0.39077345,0
-4.4599562,-1.620581,-2.0140471,-0.90737545,-0.12386546,-0.40165591,0
-1.5876205,-0.87410593,-4.7343655,0.41762984,-0.37365305,-0.82823241,0
-1.2301056,-1.6304111,-4.0417471,0.41762984,-0.37365305,-0.82823241,0
1.3303747,-2.5486364,5.8542929,-0.41762984,0.37365305,0.82823241,0
-3.4288564,4.6691246,-0.88714552,0.047490418,0.9192611,-0.39077345,0
-2.939765,-5.6018748,-2.1966002,-0.047490418,-0.9192611,0.39077345,0
-0.32274568,-0.12883472,-4.0959148,0.41762984,-0.37365305,-0.82823241,0
-5.3562965,-3.3740671,3.0517006,-0.41762984,0.37365305,0.82823241,0
-5.247179,-3.0577047,0.67572236,-0.90737545,-0.12386546,-0.40165591,0
-5.0952849,2.680007,-2.1488676,-0.90737545,-0.12386546,-0.40165591,0
-0.97328246,-2.4187744,-3.4169812,0.41762984,-0.37365305,-0.82823241,0
2.7993667,4.7595401,0.22709537,0.047490418,0.9192611,-0.39077345,0
3.8312793,3.8891997,2.3844361,0.90737545,0.12386546,0.40165591,0
-1.5400753,0.29107046,-5.3224144,0.41762984,-0.37365305,-0.82823241,0
4.2810884,-3.9312143,-0.11687517,0.41762984,-0.37365305,-0.82823241,0
-2.6788995,3.0863571,-4.3759522,0.047490418,0.9192611,-0.39077345,0
-5.1486259,2.4051194,-1.9310327,-0.90737545,-0.12386546,-0.40165591,0
-0.062834501,1.1964262,-4.7762327,0.41762984,-0.37365305,-0.82823241,0
3.9759922,0.15120363,3.7426305,0.90737545,0.12386546,0.40165591,0
3.505954,1.9203199,-3.3338387,0.41762984,-0.37365305,-0.82823241,0
1.6714728,-1.7109399,5.906086,-0.41762984,0.37365305,0.82823241,0
2.1144903,5.2591157,1.581816,0.047490418,0.9192611,-0.39077345,0
-5.6128502,-0.65388036,0.33442926,-0.90737545,-0.12386546,-0.40165591,0
-5.2816458,4.3427067,-0.60924292,-0.41762984,0.37365305,0.82823241,0
-5.2240801,-2.2552731,-0.30236626,-0.90737545,-0.12386546,-0.40165591,0
-3.5338688,-5.0098805,-0.635391,-0.047490418,-0.9192611,0.39077345,0
4.1779361,-1.8752332,3.4523892,0.90737545,0.12386546,0.40165591,0
-6.1858845,-2.6109321,2.0006726,-0.90737545,-0.12386546,-0.40165591,0
-3.9625933,3.8972533,0.60007143,-0.41762984,0.37365305,0.82823241,0
-3.4943006,-5.4293432,-1.9831879,-0.047490418,-0.9192611,0.39077345,0
3.4163339,2.9141717,-3.7766249,0.41762984,-0.37365305,-0.82823241,0
-4.9979181,-1.5383077,2.5435674,-0.41762984,0.37365305,0.82823241,0
4.0754642,-0.86113596,-1.9947839,0.41762984,-0.37365305,-0.82823241,0
-0.67357779,2.2825711,-5.8220434,0.41762984,-0.37365305,-0.82823241,0
-4.0963659,0.34285665,2.1375289,-0.41762984,0.37365305,0.82823241,0
-4.7046657,2.5277276,-2.9496512,-0.90737545,-0.12386546,-0.40165591,0
5.4116368,-2.4328778,-0.44245338,0.41762984,-0.37365305,-0.82823241,0
-3.8253517,-1.2278943,-3.6349039,-0.90737545,-0.12386546,-0.40165591,0
-4.0741043,-2.8452806,-2.5230694,-0.90737545,-0.12386546,-0.40165591,0
-5.8404546,-2.4138927,1.6741672,-0.90737545,-0.12386546,-0.40165591,0
1.2258402,0.055909157,4.8130388,-0.41762984,0.37365305,0.82823241,0
-5.2818298,0.32615638,1.5283101,-0.41762984,0.37365305,0.82823241,0
2.9837716,-0.85870743,5.9493809,0.90737545,0.12386546,0.40165591,0
-1.536922,-3.0369306,-3.4360294,0.41762984,-0.37365305,-0.82823241,0
-3.3810537,1.5187197,-4.9905186,-0.90737545,-0.12386546,-0.40165591,0
-0.039414883,4.2045546,-1.1522626,0.047490418,0.9192611,-0.39077345,0
-1.1975484,-3.0746472,4.0593014,-0.047490418,-0.9192611,0.39077345,0
5.6716137,-3.9875731,1.1620746,0.90737545,0.12386546,0.40165591,0
4.5625238,1.1928084,1.656692,0.90737545,0.12386546,0.40165591,0
4.4264126,3.3560176,1.0536695,0.90737545,0.12386546,0.40165591,0
-5.2924986,-2.5439417,0.71109772,-0.90737545,-0.12386546,-0.40165591,0
4.3258538,2.0117631,-2.9265819,0.41762984,-0.37365305,-0.82823241,0
-3.6658437,-0.95622444,-3.60321,-0.90737545,-0.12386546,-0.40165591,0
-3.0800018,4.351769,-1.6834984,0.047490418,0.9192611,-0.39077345,0
-2.9124506,0.83519983,-5.9269657,-0.90737545,-0.12386546,-0.40165591,0
-4.5082436,2.6409202,-3.2603493,-0.90737545,-0.12386546,-0.40165591,0
-1.414886,-3.5667856,3.460228,-0.047490418,-0.9192611,0.39077345,0
1.1623538,-3.3625813,-1.9085922,0.41762984,-0.37365305,-0.82823241,0
-0.73929596,-2.9340482,4.5715046,-0.047490418,-0.9192611,0.39077345,0
-3.8627181,-5.3119426,-1.5414045,-0.047490418,-0.9192611,0.39077345,0
-3.9770899,1.9099407,-3.6724224,-0.90737545,-0.12386546,-0.40165591,0
0.014340192,0.59624052,4.0188589,-0.41762984,0.37365305,0.82823241,0
-5.173449,4.6189795,-0.89639568,0.047490418,0.9192611,-0.39077345,0
5.3295488,-3.8630741,0.17076683,0.41762984,-0.37365305,-0.82823241,0
-5.0259767,-2.8272598,-0.4731636,-0.90737545,-0.12386546,-0.40165591,0
-0.083929062,3.538264,-2.8399231,0.047490418,0.9192611,-0.39077345,0
-1.547503,5.1677933,0.36445546,0.047490418,0.9192611,-0.39077345,0
5.8517876,-2.5737813,0.069140434,0.90737545,0.12386546,0.40165591,0
4.9352202,1.9806068,1.0482531,0.90737545,0.12386546,0.40165591,0
0.79826736,-3.3833849,3.8884156,-0.047490418,-0.9192611,0.39077345,0
5.3720207,1.3985584,-0.42724943,0.90737545,0.12386546,0.40165591,0
-4.4928641,4.6199179,-1.010057,0.047490418,0.9192611,-0.39077345,0
-1.4531786,1.9335551,-5.6581373,0.41762984,-0.37365305,-0.82823241,0
-4.2893724,3.9592404,-2.4754658,0.047490418,0.9192611,-0.39077345,0
-4.1832027,-1.5274708,-2.80863,-0.90737545,-0.12386546,-0.40165591,0
4.5868945,2.6546836,1.468863,0.90737545,0.12386546,0.40165591,0
-0.21854758,-3.0390673,4.5342264,-0.047490418,-0.9192611,0.39077345,0
5.3111386,4.2716885,-1.0485663,0.047490418,0.9192611,-0.39077345,0
1.8783062,-0.23522449,-3.3517592,0.41762984,-0.37365305,-0.82823241,0
-4.5054722,-2.3701735,-1.2186527,-0.90737545,-0.12386546,-0.40165591,0
5.936614,2.1805983,-1.3812284,0.90737545,0.12386546,0.40165591,0
2.7203677,2.0300298,-3.6116171,0.41762984,-0.37365305,-0.82823241,0
-0.89839029,5.4689426,0.76165843,0.047490418,0.9192611,-0.39077345,0
-5.9393477,2.6364894,-0.23711824,-0.90737545,-0.12386546,-0.40165591,0
4.7455816,3.2261407,-2.970701,0.047490418,0.9192611,-0.39077345,0
-5.7495484,1.3102089,0.60368299,-0.41762984,0.37365305,0.82823241,0
0.96599579,-3.0541446,4.1224413,-0.047490418,-0.9192611,0.39077345,0
-1.0991879,5.1740336,0.9283644,0.047490418,0.9192611,-0.39077345,0
-6.0934286,-2.1109395,1.787302,-0.90737545,-0.12386546,-0.40165591,0
0.34158278,-1.8889718,-3.2376354,0.41762984,-0.37365305,-0.82823241,0
4.8875446,3.7765269,-2.2788782,0.047490418,0.9192611,-0.39077345,0
5.0558724,-0.38318586,-1.4412882,0.41762984,-0.37365305,-0.82823241,0
-4.8841,3.9297876,-2.4859672,-0.90737545,-0.12386546,-0.40165591,0
4.6834459,1.5448151,1.5703182,0.90737545,0.12386546,0.40165591,0
-3.7336106,-0.80997539,-3.6056705,-0.90737545,-0.12386546,-0.40165591,0
-5.07026,3.6188958,-1.9299512,-0.90737545,-0.12386546,-0.40165591,0
-1.7167357,0.93704271,-5.4003401,0.41762984,-0.37365305,-0.82823241,0
3.8433137,-3.8527298,-0.58866453,0.41762984,-0.37365305,-0.82823241,0
-3.1631429,-3.8580446,-3.6831007,-0.90737545,-0.12386546,-0.40165591,0
-1.6023707,4.1444206,-1.559762,0.047490418,0.9192611,-0.39077345,0
5.4433885,3.3864269,-0.78858924,0.90737545,0.12386546,0.40165591,0
4.1790752,3.4215522,-3.3302355,0.047490418,0.9192611,-0.39077345,0
0.16470647,-2.7993605,-2.869328,0.41762984,-0.37365305,-0.82823241,0
1.2737365,-5.3991766,-1.1136099,-0.047490418,-0.9192611,0.39077345,0
-1.7283109,-3.1918612,-3.6282034,0.41762984,-0.37365305,-0.82823241,0
4.1281128,-4.5995626,0.84319162,-0.047490418,-0.9192611,0.39077345,0
-2.2443867,1.6307859,2.3992798,-0.41762984,0.37365305,0.82823241,0
-0.082765102,-4.213902,1.5135869,-0.047490418,-0.9192611,0.39077345,0
-4.2756596,-4.7271633,0.079797745,-0.047490418,-0.9192611,0.39077345,0
3.75933,3.3865378,2.7249351,0.90737545,0.12386546,0.40165591,0
-1.3116336,4.7414031,-0.025761366,0.047490418,0.9192611,-0.39077345,0
-0.20371962,-3.8667669,-2.6734073,0.41762984,-0.37365305,-0.82823241,0
0.33475712,-0.316854,-3.7661352,0.41762984,-0.37365305,-0.82823241,0
-5.5936446,4.9592505,-0.73447943,-0.41762984,0.37365305,0.82823241,0
-3.8529224,-4.8642683,-2.6039221,-0.90737545,-0.12386546,-0.40165591,0
2.8971312,2.4420872,4.5378962,-0.41762984,0.37365305,0.82823241,0
1.4125905,-3.3603749,4.2802649,-0.047490418,-0.9192611,0.39077345,0
0.72172213,-5.2078705,-0.89757544,-0.047490418,-0.9192611,0.39077345,0
-1.2586281,3.4942887,-3.1593783,0.047490418,0.9192611,-0.39077345,0
2.1498277,-2.6921403,5.8248405,-0.047490418,-0.9192611,0.39077345,0
0.9991951,-4.1111503,1.4605291,-0.047490418,-0.9192611,0.39077345,0
0.85329199,-2.8275959,5.2611141,-0.047490418,-0.9192611,0.39077345,0
-0.037887573,-3.730305,-2.7926626,0.41762984,-0.37365305,-0.82823241,0
3.1464381,-0.84948587,5.6543398,0.90737545,0.12386546,0.40165591,0
4.7001371,2.2840221,1.1435642,0.90737545,0.12386546,0.40165591,0
5.0059109,3.6675806,-2.1540675,0.047490418,0.9192611,-0.39077345,0
-2.8653884,2.8640394,-5.2221041,0.047490418,0.9192611,-0.39077345,0
3.2537282,-4.1102571,-0.87908411,0.41762984,-0.37365305,-0.82823241,0
1.3199279,-3.9349964,-1.6705796,0.41762984,-0.37365305,-0.82823241,0
4.8561659,-0.83350682,1.7627854,0.90737545,0.12386546,0.40165591,0
1.8530116,-4.261631,2.1920578,-0.047490418,-0.9192611,0.39077345,0
5.6925974,-2.3007972,-0.19802284,0.90737545,0.12386546,0.40165591,0
2.3306561,5.180728,1.2589692,0.047490418,0.9192611,-0.39077345,0
4.0726857,4.2806153,-1.4220711,0.047490418,0.9192611,-0.39077345,0
-0.98858356,-4.1215115,-2.9529045,0.41762984,-0.37365305,-0.82823241,0
-2.0069227,-0.71556568,-5.0012321,0.41762984,-0.37365305,-0.82823241,0
3.4118593,-3.8618984,2.9752684,-0.047490418,-0.9192611,0.39077345,0
1.8606267,-3.2505527,4.0679569,-0.047490418,-0.9192611,0.39077345,0
2.0706964,5.7520413,2.4594471,-0.41762984,0.37365305,0.82823241,0
4.9499745,3.1096516,0.54738569,0.90737545,0.12386546,0.40165591,0
5.5864172,-2.3682461,0.47785854,0.90737545,0.12386546,0.40165591,0
4.1960092,-4.6142449,0.75117922,-0.047490418,-0.9192611,0.39077345,0
-2.4633391,3.1846433,-3.915782,0.047490418,0.9192611,-0.39077345,0
2.2480385,3.979557,-2.0831993,0.047490418,0.9192611,-0.39077345,0
-5.8157563,-0.80151051,1.0546718,-0.90737545,-0.12386546,-0.40165591,0
0.30344081,-3.3599877,-2.4363983,0.41762984,-0.37365305,-0.82823241,0
5.4322052,-4.4417915,0.28973055,0.41762984,-0.37365305,-0.82823241,0
-5.6114025,3.7558014,-0.63519287,-0.90737545,-0.12386546,-0.40165591,0
-3.5795603,-4.5485458,0.25930476,-0.047490418,-0.9192611,0.39077345,0
-4.5316582,-2.3597062,-1.637423,-0.90737545,-0.12386546,-0.40165591,0
-3.0671663,0.93764925,-5.4654546,-0.90737545,-0.12386546,-0.40165591,0
3.9592814,-4.8798866,-0.063405037,0.41762984,-0.37365305,-0.82823241,0
2.8791075,3.1636524,4.2121072,-0.41762984,0.37365305,0.82823241,0
-4.386972,2.3173194,-3.4934235,-0.90737545,-0.12386546,-0.40165591,0
3.9769034,4.9802675,0.82508326,0.047490418,0.9192611,-0.39077345,0
-1.0542746,0.5485754,-5.1298981,0.41762984,-0.37365305,-0.82823241,0
4.7503867,3.9747572,0.93181801,0.90737545,0.12386546,0.40165591,0
-1.2448921,3.5643263,-3.3128862,0.047490418,0.9192611,-0.39077345,0
-5.3991675,3.9988792,-1.6092758,-0.90737545,-0.12386546,-0.40165591,0
3.1746061,1.6064816,4.8979654,0.90737545,0.12386546,0.40165591,0
-5.5554161,3.0438118,-1.2313986,-0.90737545,-0.12386546,-0.40165591,0
-4.2109079,3.7091236,0.61178255,-0.41762984,0.37365305,0.82823241,0
-1.9121488,2.0735772,2.5038347,-0.41762984,0.37365305,0.82823241,0
-1.0756364,3.4701583,-3.7200651,0.047490418,0.9192611,-0.39077345,0
-4.0275555,1.4601243,1.5813527,-0.41762984,0.37365305,0.82823241,0
2.1884604,-3.5345182,-1.6740139,0.41762984,-0.37365305,-0.82823241,0
-5.7178111,3.5894995,-0.26825905,-0.90737545,-0.12386546,-0.40165591,0
-3.8520341,2.3738611,-4.8396425,-0.90737545,-0.12386546,-0.40165591,0
4.879178,3.2441485,0.63556623,0.90737545,0.12386546,0.40165591,0
5.803978,3.2328336,-1.4222414,0.90737545,0.12386546,0.40165591,0
-1.2122767,-2.5713382,4.5758052,-0.41762984,0.37365305,0.82823241,0
3.8108225,-4.0241313,2.2359757,-0.047490418,-0.9192611,0.39077345,0
-0.84079909,3.3242331,2.1860945,-0.41762984,0.37365305,0.82823241,0
-4.2682605,-0.98347783,-2.0865097,-0.90737545,-0.12386546,-0.40165591,0
3.1990576,3.7789073,4.2308102,-0.41762984,0.37365305,0.82823241,0
0.25310236,1.443151,3.9213452,-0.41762984,0.37365305,0.82823241,0
-3.0650499,0.78706789,-5.4497294,-0.90737545,-0.12386546,-0.40165591,0
-2.448926,-2.0548186,-4.3440828,0.41762984,-0.37365305,-0.82823241,0
3.894156,4.2894297,-0.86962116,0.047490418,0.9192611,-0.39077345,0
-1.7850323,-5.6392264,-1.9704404,-0.047490418,-0.9192611,0.39077345,0
-0.88859558,-4.5444026,1.1265999,-0.047490418,-0.9192611,0.39077345,0
-4.407217,0.49800825,-2.1713424,-0.90737545,-0.12386546,-0.40165591,0
1.549564,0.16590905,-3.7156284,0.41762984,-0.37365305,-0.82823241,0
4.0632143,1.483592,-2.7142832,0.41762984,-0.37365305,-0.82823241,0
-1.9264569,3.0408604,-4.1423707,0.047490418,0.9192611,-0.39077345,0
-1.5523492,-2.7055411,4.6875143,-0.047490418,-0.9192611,0.39077345,0
-0.48238039,4.3059111,-1.7980573,0.047490418,0.9192611,-0.39077345,0
1.6936371,-2.7221308,5.4501605,-0.047490418,-0.9192611,0.39077345,0
-1.9690623,-2.4324813,-4.1569519,0.41762984,-0.37365305,-0.82823241,0
5.8975816,2.3142641,-1.1674213,0.90737545,0.12386546,0.40165591,0
5.0792961,-4.734612,0.32089663,0.41762984,-0.37365305,-0.82823241,0
-4.207819,-3.266602,-1.7784135,-0.90737545,-0.12386546,-0.40165591,0
1.3335128,-5.2320814,-0.47483349,-0.047490418,-0.9192611,0.39077345,0
3.7760689,-0.84116101,3.7805448,0.90737545,0.12386546,0.40165591,0
-4.0063887,-1.2585373,-3.0727601,-0.90737545,-0.12386546,-0.40165591,0
-4.4432864,-4.7452159,-0.86551285,-0.90737545,-0.12386546,-0.40165591,0
-1.5703797,4.373549,-1.248873,0.047490418,0.9192611,-0.39077345,0
4.5997944,-2.2995217,2.3550501,0.90737545,0.12386546,0.40165591,0
3.7471704,5.395699,2.1628251,0.90737545,0.12386546,0.40165591,0
3.5670505,3.822103,3.2539685,0.90737545,0.12386546,0.40165591,0
1.497599,-2.3352053,-2.590852,0.41762984,-0.37365305,-0.82823241,0
4.0829473,-3.844902,3.3166575,-0.047490418,-0.9192611,0.39077345,0
3.2201548,-0.72332978,-2.3587174,0.41762984,-0.37365305,-0.82823241,0
-2.6463983,-4.9217148,-0.45199978,-0.047490418,-0.9192611,0.39077345,0
5.366868,-2.3973806,0.64074373,0.90737545,0.12386546,0.40165591,0
3.3117948,0.50408292,-2.9350171,0.41762984,-0.37365305,-0.82823241,0
5.0684361,-1.4172387,1.3472538,0.90737545,0.12386546,0.40165591,0
2.5850115,-3.3537693,3.9563975,-0.047490418,-0.9192611,0.39077345,0
-1.0373805,-3.4682024,3.5714071,-0.047490418,-0.9192611,0.39077345,0
-1.5508542,-5.8400326,-2.1017292,-0.047490418,-0.9192611,0.39077345,0
-3.2653096,-1.572036,3.2877004,-0.41762984,0.37365305,0.82823241,0
-3.115521,-4.7148237,0.20113802,-0.047490418,-0.9192611,0.39077345,0
-0.13990736,0.93606138,-4.6215587,0.41762984,-0.37365305,-0.82823241,0
-0.99213767,3.4743605,-3.3330834,0.047490418,0.9192611,-0.39077345,0
-0.69032836,-2.9261365,4.3758807,-0.047490418,-0.9192611,0.39077345,0
-2.5269549,-2.564961,-4.5239153,0.41762984,-0.37365305,-0.82823241,0
-2.8821132,-1.8636789,-5.008666,0.41762984,-0.37365305,-0.82823241,0
-4.6527815,1.9816121,-2.7701559,-0.90737545,-0.12386546,-0.40165591,0
2.3042333,3.8956485,-2.4560452,0.047490418,0.9192611,-0.39077345,0
0.92235708,5.7770667,1.9566872,0.047490418,0.9192611,-0.39077345,0
-4.9395533,3.9206567,-2.8238125,0.047490418,0.9192611,-0.39077345,0
-0.30980551,1.5121112,3.5558946,-0.41762984,0.37365305,0.82823241,0
5.6049604,-3.4562109,-0.011677265,0.41762984,-0.37365305,-0.82823241,0
-2.6665053,-3.0069218,3.6357803,-0.047490418,-0.9192611,0.39077345,0
-3.6842468,-1.2939364,2.7300441,-0.41762984,0.37365305,0.82823241,0
5.3240662,-0.32830128,0.6298151,0.90737545,0.12386546,0.40165591,0
-2.6676929,-5.3785028,-1.1616949,-0.047490418,-0.9192611,0.39077345,0
2.1156955,5.5365992,1.8099055,0.047490418,0.9192611,-0.39077345,0
-5.5039315,1.4595721,0.023454189,-0.90737545,-0.12386546,-0.40165591,0
2.7135673,-4.2760439,1.8428702,-0.047490418,-0.9192611,0.39077345,0
-4.3830981,-4.6723337,-1.1358039,-0.90737545,-0.12386546,-0.40165591,0
0.3792038,4.4991388,2.6097403,-0.41762984,0.37365305,0.82823241,0
-4.4716854,3.337733,-3.7757173,0.047490418,0.9192611,-0.39077345,0
-2.187151,-0.72251606,3.5771801,-0.41762984,0.37365305,0.82823241,0
-1.8043294,2.5545621,-5.6841192,0.047490418,0.9192611,-0.39077345,0
-5.9823384,-1.5511615,1.7430143,-0.41762984,0.37365305,0.82823241,0
-1.274762,0.91962481,-5.3824582,0.41762984,-0.37365305,-0.82823241,0
0.29454255,2.1534684,3.3177011,-0.41762984,0.37365305,0.82823241,0
-1.6137877,3.6554434,1.5216358,-0.41762984,0.37365305,0.82823241,0
-3.89257,-3.4746079,-2.1645994,-0.90737545,-0.12386546,-0.40165591,0
0.22905043,0.17471027,4.1891756,-0.41762984,0.37365305,0.82823241,0
-6.0488749,0.53417814,0.84447622,-0.90737545,-0.12386546,-0.40165591,0
2.3293726,3.8535495,-2.1037669,0.047490418,0.9192611,-0.39077345,0
-2.2039838,-5.1574831,-0.60259938,-0.047490418,-0.9192611,0.39077345,0
5.7550969,-4.2439179,0.59087658,0.90737545,0.12386546,0.40165591,0
3.2668393,-2.8211918,5.6962571,-0.047490418,-0.9192611,0.39077345,0
-5.8472652,-3.0001135,1.406363,-0.90737545,-0.12386546,-0.40165591,0
0.83524585,4.0764446,-1.5923359,0.047490418,0.9192611,-0.39077345,0
-2.7451966,3.1136832,-4.0460429,0.047490418,0.9192611,-0.39077345,0
2.74721,-4.6564932,0.58764744,-0.047490418,-0.9192611,0.39077345,0
5.0853901,-2.4774613,-0.48875427,0.41762984,-0.37365305,-0.82823241,0
-1.4211578,-0.69038963,-4.8242888,0.41762984,-0.37365305,-0.82823241,0
-3.4098222,4.1234403,0.81998205,-0.41762984,0.37365305,0.82823241,0
-5.0984001,-0.86208904,-0.30084419,-0.90737545,-0.12386546,-0.40165591,0
-3.3461895,-4.1406741,-3.6169326,-0.90737545,-0.12386546,-0.40165591,0
5.603003,-0.35954323,0.21349716,0.90737545,0.12386546,0.40165591,0
-4.7125731,-2.3638182,2.975224,-0.41762984,0.37365305,0.82823241,0
-4.2954669,-1.466625,-2.5271916,-0.90737545,-0.12386546,-0.40165591,0
1.8526477,2.7433386,4.0829258,-0.41762984,0.37365305,0.82823241,0
-4.0207438,4.4151983,-0.012572289,-0.41762984,0.37365305,0.82823241,0
2.5433559,-4.8892584,-0.075059414,-0.047490418,-0.9192611,0.39077345,0
-0.75484419,3.0255153,2.5911794,-0.41762984,0.37365305,0.82823241,0
3.8875785,-4.4688811,-0.31137848,0.41762984,-0.37365305,-0.82823241,0
5.305418,2.3729208,-0.72154903,0.90737545,0.12386546,0.40165591,0
-4.8759184,4.1146698,-0.08106041,-0.41762984,0.37365305,0.82823241,0
5.1872749,0.64658558,0.37756968,0.90737545,0.12386546,0.40165591,0
2.9876072,-0.84291029,-2.3103528,0.41762984,-0.37365305,-0.82823241,0
-3.1390629,-3.2588096,3.5916853,-0.047490418,-0.9192611,0.39077345,0
-5.7013941,-1.6439794,1.0093398,-0.90737545,-0.12386546,-0.40165591,0
-0.20120192,-2.7895141,5.2612095,-0.047490418,-0.9192611,0.39077345,0
4.1671133,3.137053,1.7245445,0.90737545,0.12386546,0.40165591,0
0.28867412,-3.4998708,3.0873098,-0.047490418,-0.9192611,0.39077345,0
-1.9134754,0.87507963,-5.4487352,0.41762984,-0.37365305,-0.82823241,0
-1.1701355,3.6135454,2.1945813,-0.41762984,0.37365305,0.82823241,0
5.5601187,-1.1707813,0.44173717,0.90737545,0.12386546,0.40165591,0
2.531585,2.5831366,4.4181175,-0.41762984,0.37365305,0.82823241,0
-2.0399072,-5.0157928,-0.67754281,-0.047490418,-0.9192611,0.39077345,0
-4.96349,2.101738,-1.9004016,-0.90737545,-0.12386546,-0.40165591,0
3.7904365,-2.1720362,4.6602216,0.90737545,0.12386546,0.40165591,0
5.4775615,-0.32533717,0.29791117,0.90737545,0.12386546,0.40165591,0
-5.576251,2.544132,0.43522882,-0.41762984,0.37365305,0.82823241,0
4.1873302,4.9332361,0.8393774,0.047490418,0.9192611,-0.39077345,0
2.2628903,-4.092442,2.6477609,-0.047490418,-0.9192611,0.39077345,0
1.4656253,1.2492471,4.4297352,-0.41762984,0.37365305,0.82823241,0
-5.5354309,-2.0119059,0.26059198,-0.90737545,-0.12386546,-0.40165591,0
0.0591259,2.7057216,-5.0035214,0.047490418,0.9192611,-0.39077345,0
4.1710043,-1.287576,-1.6471612,0.41762984,-0.37365305,-0.82823241,0
-3.0423822,-4.380414,0.91963536,-0.047490418,-0.9192611,0.39077345,0
2.5562134,5.9055576,2.5505662,0.047490418,0.9192611,-0.39077345,0
-3.9924459,4.9657345,-0.42179346,0.047490418,0.9192611,-0.39077345,0
5.0559754,-0.11101002,0.91738129,0.90737545,0.12386546,0.40165591,0
-5.877553,0.46079457,0.37268925,-0.90737545,-0.12386546,-0.40165591,0
0.60860026,0.35073376,4.2342668,-0.41762984,0.37365305,0.82823241,0
-3.780961,-0.86719823,2.5203595,-0.41762984,0.37365305,0.82823241,0
4.8862257,-1.8179231,1.7154226,0.90737545,0.12386546,0.40165591,0
-5.1640368,-0.74697804,-0.15386581,-0.90737545,-0.12386546,-0.40165591,0
4.8035727,0.50987989,1.1261544,0.90737545,0.12386546,0.40165591,0
-5.8003945,-2.5812421,0.98110723,-0.90737545,-0.12386546,-0.40165591,0
-5.3154659,-1.7212909,0.46282291,-0.90737545,-0.12386546,-0.40165591,0
1.6222439,-4.8195839,0.55659103,-0.047490418,-0.9192611,0.39077345,0
-2.3296833,-3.7407124,2.6113031,-0.047490418,-0.9192611,0.39077345,0
-3.7201755,-0.10081601,2.2022038,-0.41762984,0.37365305,0.82823241,0
0.46019888,-3.9546728,-2.3563561,0.41762984,-0.37365305,-0.82823241,0
-0.018088579,-1.6650875,5.1209593,-0.41762984,0.37365305,0.82823241,0
1.9846048,3.5033844,-3.3049626,0.047490418,0.9192611,-0.39077345,0
-3.0688958,4.5241079,-1.4528146,0.047490418,0.9192611,-0.39077345,0
4.9119654,3.3721347,-3.0455785,0.41762984,-0.37365305,-0.82823241,0
0.98111391,4.8595176,2.3228765,-0.41762984,0.37365305,0.82823241,0
4.2102895,3.2825146,-2.8626885,0.047490418,0.9192611,-0.39077345,0
2.8557875,4.2625551,-0.72798717,0.047490418,0.9192611,-0.39077345,0
-1.8138225,-3.8379049,2.3555796,-0.047490418,-0.9192611,0.39077345,0
4.0686555,-5.0636101,0.27864218,-0.047490418,-0.9192611,0.39077345,0
-5.3564649,2.8386734,-0.76716375,-0.90737545,-0.12386546,-0.40165591,0
-2.8051167,-3.1473966,-4.1800766,0.41762984,-0.37365305,-0.82823241,0
4.6923499,-3.109961,2.3142152,0.90737545,0.12386546,0.40165591,0
2.2579474,-4.7798519,0.50058889,-0.047490418,-0.9192611,0.39077345,0
2.9653358,-1.5706649,-2.1441298,0.41762984,-0.37365305,-0.82823241,0
-3.8606031,-3.6465435,2.6927757,-0.047490418,-0.9192611,0.39077345,0
-1.1499906,3.8573313,-2.3748059,0.047490418,0.9192611,-0.39077345,0
1.4452062,3.6076436,3.4374061,-0.41762984,0.37365305,0.82823241,0
3.7583141,-3.6234388,-0.80730247,0.41762984,-0.37365305,-0.82823241,0
-3.3956695,-2.0504494,-4.3203745,-0.90737545,-0.12386546,-0.40165591,0
5.4801245,0.18503931,-0.074907303,0.90737545,0.12386546,0.40165591,0
2.4739983,-2.9643331,5.3331046,-0.047490418,-0.9192611,0.39077345,0
3.5782268,2.448473,-3.3129086,0.41762984,-0.37365305,-0.82823241,0
5.1354613,-2.4237137,1.6302772,0.90737545,0.12386546,0.40165591,0
-4.0446806,-4.8019342,-0.11110616,-0.047490418,-0.9192611,0.39077345,0
5.9342365,3.2286992,-2.2245398,0.90737545,0.12386546,0.40165591,0
-5.6174622,-0.81914878,1.846252,-0.41762984,0.37365305,0.82823241,0
1.0672283,-3.8679123,2.733557,-0.047490418,-0.9192611,0.39077345,0
-4.2332788,-1.4627464,-2.1885848,-0.90737545,-0.12386546,-0.40165591,0
-0.9186939,0.78330278,-4.8524032,0.41762984,-0.37365305,-0.82823241,0
-4.7668614,-3.7076194,-0.42891312,-0.90737545,-0.12386546,-0.40165591,0
-3.0775514,0.058890581,2.4693437,-0.41762984,0.37365305,0.82823241,0
1.4265914,-5.008286,-0.35302043,-0.047490418,-0.9192611,0.39077345,0
0.17681742,-4.7780476,-2.0729876,0.41762984,-0.37365305,-0.82823241,0
-3.8668718,0.95350838,-4.3280611,-0.90737545,-0.12386546,-0.40165591,0
-2.9355702,-5.1099358,-3.3345742,0.41762984,-0.37365305,-0.82823241,0
2.2355242,4.8420482,-0.15839845,0.047490418,0.9192611,-0.39077345,0
5.3677354,3.8615263,-1.5570076,0.047490418,0.9192611,-0.39077345,0
0.085565567,3.0807967,2.8988092,-0.41762984,0.37365305,0.82823241,0
5.3373413,-0.33075815,0.44202089,0.90737545,0.12386546,0.40165591,0
-2.6838007,1.2519374,2.4458325,-0.41762984,0.37365305,0.82823241,0
-0.13275576,-3.4333549,3.2436185,-0.047490418,-0.9192611,0.39077345,0
0.88315463,2.3613045,-4.7096448,0.41762984,-0.37365305,-0.82823241,0
-2.7375624,-5.1159706,-0.81028175,-0.047490418,-0.9192611,0.39077345,0
-1.6420431,-5.3272324,-1.0152583,-0.047490418,-0.9192611,0.39077345,0
-4.701056,-3.8135157,-0.88516665,-0.90737545,-0.12386546,-0.40165591,0
3.2028787,5.9884253,2.5216751,0.047490418,0.9192611,-0.39077345,0
-5.6625056,0.71012831,0.31136751,-0.90737545,-0.12386546,-0.40165591,0
4.2113008,-3.614573,3.7113013,-0.047490418,-0.9192611,0.39077345,0
4.9119806,-0.094176888,1.7501121,0.90737545,0.12386546,0.40165591,0
2.556004,4.3699431,-1.3718315,0.047490418,0.9192611,-0.39077345,0
-3.6130323,3.3071249,-4.3979197,0.047490418,0.9192611,-0.39077345,0
0.90444851,-0.0070533752,4.6351404,-0.41762984,0.37365305,0.82823241,0
3.2869372,-1.8961885,6.0823793,0.90737545,0.12386546,0.40165591,0
-0.82161045,5.5210524,1.2323816,0.047490418,0.9192611,-0.39077345,0
-2.2607129,-5.6505842,-1.5594778,-0.047490418,-0.9192611,0.39077345,0
-4.3106103,-1.0309705,-2.0025558,-0.90737545,-0.12386546,-0.40165591,0
3.7625782,-2.7671325,4.3101015,0.90737545,0.12386546,0.40165591,0
3.1783028,-3.0703759,4.7016702,-0.047490418,-0.9192611,0.39077345,0
-4.7489929,0.81273055,-2.3524809,-0.90737545,-0.12386546,-0.40165591,0
-4.1717725,-5.0972462,-1.4433932,-0.90737545,-0.12386546,-0.40165591,0
-4.9870567,4.6780419,-0.56731844,-0.41762984,0.37365305,0.82823241,0
-5.5643086,-0.15752232,0.52918053,-0.90737545,-0.12386546,-0.40165591,0
1.1968799,3.8975117,-1.7360839,0.047490418,0.9192611,-0.39077345,0
4.869935,0.96622896,0.72375774,0.90737545,0.12386546,0.40165591,0
-2.8578858,0.050968647,-5.5399108,-0.90737545,-0.12386546,-0.40165591,0
5.0123415,4.5146146,-0.7838974,0.047490418,0.9192611,-0.39077345,0
4.0073352,3.2325144,2.4347119,0.90737545,0.12386546,0.40165591,0
4.6620483,-4.1068363,2.1314902,-0.047490418,-0.9192611,0.39077345,0
-0.41273475,-3.4323754,-2.754231,0.41762984,-0.37365305,-0.82823241,0
-5.9720044,-2.9164765,2.4665709,-0.41762984,0.37365305,0.82823241,0
-0.24005747,2.9163232,2.7066996,-0.41762984,0.37365305,0.82823241,0
4.285614,3.1843522,2.241838,0.90737545,0.12386546,0.40165591,0
-1.167321,-3.3149846,-3.1235139,0.41762984,-0.37365305,-0.82823241,0
-1.7823162,-5.371871,-1.6930029,-0.047490418,-0.9192611,0.39077345,0
4.8868208,0.78881669,-1.9001849,0.41762984,-0.37365305,-0.82823241,0
0.80914044,4.272788,-0.99874353,0.047490418,0.9192611,-0.39077345,0
-3.810348,-5.2580347,-2.5305083,-0.90737545,-0.12386546,-0.40165591,0
2.044009,1.8003936,4.440896,-0.41762984,0.37365305,0.82823241,0
5.0740952,0.31294799,-1.8085332,0.41762984,-0.37365305,-0.82823241,0
3.3107193,-4.0258636,2.6534882,-0.047490418,-0.9192611,0.39077345,0
-4.1686802,-1.6568186,-2.4455051,-0.90737545,-0.12386546,-0.40165591,0
-0.39829206,4.8775077,-0.013639688,0.047490418,0.9192611,-0.39077345,0
4.0813875,-1.6515672,3.2577481,0.90737545,0.12386546,0.40165591,0
-1.3815069,4.512198,-1.2675173,0.047490418,0.9192611,-0.39077345,0
5.3787556,1.1877258,0.055296898,0.90737545,0.12386546,0.40165591,0
-3.4283557,2.6216979,-5.361486,-0.90737545,-0.12386546,-0.40165591,0
-2.4112694,-3.2463522,4.0902114,-0.047490418,-0.9192611,0.39077345,0
3.2180889,3.7365584,4.3688316,-0.41762984,0.37365305,0.82823241,0
2.0296183,3.7853317,-1.9387581,0.047490418,0.9192611,-0.39077345,0
4.5083385,0.77064586,2.1085997,0.90737545,0.12386546,0.40165591,0
-0.95713305,-0.51050568,4.0165305,-0.41762984,0.37365305,0.82823241,0
-2.9616494,1.8235316,-6.2291427,-0.90737545,-0.12386546,-0.40165591,0
4.6987615,-4.7214031,0.63442755,-0.047490418,-0.9192611,0.39077345,0
-4.2901659,3.8310659,0.11088848,-0.41762984,0.37365305,0.82823241,0
-2.9368362,-3.5043957,2.9701939,-0.047490418,-0.9192611,0.39077345,0
-3.7511337,0.45898914,2.0999017,-0.41762984,0.37365305,0.82823241,0
1.7406936,-2.4812374,6.2948141,-0.047490418,-0.9192611,0.39077345,0
5.61167,2.4822528,-2.6266224,0.41762984,-0.37365305,-0.82823241,0
4.3010678,1.5882554,2.4063225,0.90737545,0.12386546,0.40165591,0
4.583034,2.5849922,1.1553478,0.90737545,0.12386546,0.40165591,0
2.1089065,-2.303349,6.0393701,-0.047490418,-0.9192611,0.39077345,0
-3.008409,0.87666106,2.2665193,-0.41762984,0.37365305,0.82823241,0
-1.8590131,4.9086723,0.023482323,0.047490418,0.9192611,-0.39077345,0
5.6684709,-0.0043516159,-0.52102852,0.90737545,0.12386546,0.40165591,0
4.0746694,-2.512527,3.9364014,0.90737545,0.12386546,0.40165591,0
4.8494015,2.2125096,0.36261606,0.90737545,0.12386546,0.40165591,0
0.52770329,-4.2637887,2.0139227,-0.047490418,-0.9192611,0.39077345,0
3.4588337,4.4365158,2.8754504,0.90737545,0.12386546,0.40165591,0
1.6645873,3.1896386,-3.9517603,0.047490418,0.9192611,-0.39077345,0
-2.8876176,-4.6358461,0.048856974,-0.047490418,-0.9192611,0.39077345,0
1.8925567,5.276248,0.70227522,0.047490418,0.9192611,-0.39077345,0
1.2528021,-3.5197706,3.5855949,-0.047490418,-0.9192611,0.39077345,0
-4.0808105,-4.1246443,-2.3470774,-0.90737545,-0.12386546,-0.40165591,0
-1.5365636,-3.5940199,-3.5738606,0.41762984,-0.37365305,-0.82823241,0
0.026089668,4.8737955,0.087563396,0.047490418,0.9192611,-0.39077345,0
1.2444129,-3.1181617,4.7493334,-0.047490418,-0.9192611,0.39077345,0
0.94209814,2.6883101,-4.6864972,0.047490418,0.9192611,-0.39077345,0
2.0981965,3.0467587,4.0884771,-0.41762984,0.37365305,0.82823241,0
-2.3605249,-1.6674767,-4.5997591,0.41762984,-0.37365305,-0.82823241,0
2.9081779,5.4898477,3.3187861,-0.41762984,0.37365305,0.82823241,0
3.3528781,-1.3824828,5.5529914,0.90737545,0.12386546,0.40165591,0
-5.5578728,-3.0899286,1.0481334,-0.90737545,-0.12386546,-0.40165591,0
4.5763779,-2.862133,-0.38653135,0.41762984,-0.37365305,-0.82823241,0
-1.0554245,-0.26502132,-4.4635239,0.41762984,-0.37365305,-0.82823241,0
-5.7593441,0.42721748,0.56654358,-0.90737545,-0.12386546,-0.40165591,0
-4.7775779,-3.5811555,-0.8131237,-0.90737545,-0.12386546,-0.40165591,0
-4.5503812,1.2648723,1.4213426,-0.41762984,0.37365305,0.82823241,0
3.1157138,-3.8000162,-0.72342134,0.41762984,-0.37365305,-0.82823241,0
-3.7205617,3.4420543,-3.894577,0.047490418,0.9192611,-0.39077345,0
-2.6428518,-0.64996886,3.1684597,-0.41762984,0.37365305,0.82823241,0
2.5500584,3.9091249,3.9590747,-0.41762984,0.37365305,0.82823241,0
-3.4039865,-0.42033577,-4.3411112,-0.90737545,-0.12386546,-0.40165591,0
-0.21610475,3.644237,2.6132145,-0.41762984,0.37365305,0.82823241,0
-5.6203184,4.4967546,-0.66746855,-0.90737545,-0.12386546,-0.40165591,0
-5.3309946,-3.0494249,0.20158195,-0.90737545,-0.12386546,-0.40165591,0
-2.3110409,-2.6640768,4.1800594,-0.41762984,0.37365305,0.82823241,0
-5.4875731,-3.4393601,0.80007529,-0.90737545,-0.12386546,-0.40165591,0
-4.6769018,0.81556976,-2.3046646,-0.90737545,-0.12386546,-0.40165591,0
0.43356156,-3.473932,-2.2648962,0.41762984,-0.37365305,-0.82823241,0
1.4374204,-3.0401554,4.9709377,-0.047490418,-0.9192611,0.39077345,0
1.4868934,-0.12385178,4.8464489,-0.41762984,0.37365305,0.82823241,0
-2.9398665,-5.4208822,-1.4768226,-0.047490418,-0.9192611,0.39077345,0
-3.7964749,-4.5937085,0.18939018,-0.047490418,-0.9192611,0.39077345,0
0.43205786,-4.041923,1.7120937,-0.047490418,-0.9192611,0.39077345,0
-3.0721684,4.871098,-0.059473991,0.047490418,0.9192611,-0.39077345,0
-4.0863056,-2.5924292,3.3082032,-0.41762984,0.37365305,0.82823241,0
0.63045216,-4.5824742,1.1618555,-0.047490418,-0.9192611,0.39077345,0
-0.57298279,-3.242641,4.0193486,-0.047490418,-0.9192611,0.39077345,0
-0.81979728,2.0839303,-5.7129173,0.41762984,-0.37365305,-0.82823241,0
3.7924368,2.9079854,3.1424479,0.90737545,0.12386546,0.40165591,0
3.9473259,-2.525502,3.8420711,0.90737545,0.12386546,0.40165591,0
-0.24303532,3.1892014,-4.1137595,0.047490418,0.9192611,-0.39077345,0
-1.748449,-2.9662929,-3.835247,0.41762984,-0.37365305,-0.82823241,0
4.3692684,-2.4113629,3.5515976,0.90737545,0.12386546,0.40165591,0
-3.684005,3.1206827,-4.4051394,0.047490418,0.9192611,-0.39077345,0
5.6569519,0.19112819,-0.29991674,0.90737545,0.12386546,0.40165591,0
4.3649426,-3.3249977,-0.65736008,0.41762984,-0.37365305,-0.82823241,0
-4.6444769,-2.1691737,-0.88115644,-0.90737545,-0.12386546,-0.40165591,0
0.98475873,1.4990225,4.0440388,-0.41762984,0.37365305,0.82823241,0
-3.512059,3.212466,-4.3593721,0.047490418,0.9192611,-0.39077345,0
-4.8419318,-0.21215546,-1.3989949,-0.90737545,-0.12386546,-0.40165591,0
-4.0494056,-0.19178677,-3.1753216,-0.90737545,-0.12386546,-0.40165591,0
-0.45310956,-0.95647717,-4.1602573,0.41762984,-0.37365305,-0.82823241,0
0.44363928,4.0658898,-2.0562587,0.047490418,0.9192611,-0.39077345,0
-1.9282682,-3.6438172,2.274389,-0.047490418,-0.9192611,0.39077345,0
2.3443666,-2.4737396,6.3804078,-0.047490418,-0.9192611,0.39077345,0
3.5422931,3.7376173,-2.0096054,0.047490418,0.9192611,-0.39077345,0
3.8983214,4.9610558,0.73456073,0.047490418,0.9192611,-0.39077345,0
0.083215475,-2.8281248,4.4376793,-0.047490418,-0.9192611,0.39077345,0
2.2541373,0.88173366,-3.5735545,0.41762984,-0.37365305,-0.82823241,0
3.7691269,0.37934613,3.8848276,0.90737545,0.12386546,0.40165591,0
1.360719,-2.4394379,5.4344034,-0.047490418,-0.9192611,0.39077345,0
5.1068401,-4.7757154,0.90941954,-0.047490418,-0.9192611,0.39077345,0
-3.3771963,0.7047267,-5.1679854,-0.90737545,-0.12386546,-0.40165591,0
-0.26665473,2.5568519,3.0804644,-0.41762984,0.37365305,0.82823241,0
-4.8876238,-2.1269238,-1.2352133,-0.90737545,-0.12386546,-0.40165591,0
5.2868366,-2.9792876,-0.086030483,0.41762984,-0.37365305,-0.82823241,0
1.7363138,-4.5206475,1.5398715,-0.047490418,-0.9192611,0.39077345,0
0.23890495,-3.9367547,2.1101189,-0.047490418,-0.9192611,0.39077345,0
-1.5785122,-5.6927824,-2.3428743,0.41762984,-0.37365305,-0.82823241,0
3.9393268,3.0962167,2.3483782,0.90737545,0.12386546,0.40165591,0
-3.6304846,3.0899856,-4.4587817,0.047490418,0.9192611,-0.39077345,0
-2.337774,-5.5796566,-2.3796368,-0.047490418,-0.9192611,0.39077345,0
0.95844835,1.2582221,-4.3138809,0.41762984,-0.37365305,-0.82823241,0
-0.8989327,2.8906794,-4.3706207,0.047490418,0.9192611,-0.39077345,0
-3.826654,-1.116926,2.8124535,-0.41762984,0.37365305,0.82823241,0
5.5902195,1.0001143,-0.78810072,0.90737545,0.12386546,0.40165591,0
5.2635794,0.65352201,0.060409069,0.90737545,0.12386546,0.40165591,0
-2.0833449,-3.4729114,2.777688,-0.047490418,-0.9192611,0.39077345,0
-2.5388865,-0.9351697,-5.1718225,0.41762984,-0.37365305,-0.82823241,0
-0.88450027,3.2028341,-3.6348114,0.047490418,0.9192611,-0.39077345,0
-5.0317512,-2.0322311,2.7333126,-0.41762984,0.37365305,0.82823241,0
2.3538599,-0.9854157,-2.6901536,0.41762984,-0.37365305,-0.82823241,0
3.8026335,3.1070771,-3.3658109,0.047490418,0.9192611,-0.39077345,0
3.5194652,-0.48226476,4.2370238,0.90737545,0.12386546,0.40165591,0
0.33052349,1.5459311,-4.9679632,0.41762984,-0.37365305,-0.82823241,0
-3.4345636,-3.9118392,-3.0990899,-0.90737545,-0.12386546,-0.40165591,0
-1.4944,4.531528,-1.1937313,0.047490418,0.9192611,-0.39077345,0
-5.001874,-0.073078141,-0.65802145,-0.90737545,-0.12386546,-0.40165591,0
0.055678368,4.7877235,2.2854121,-0.41762984,0.37365305,0.82823241,0
-3.7109182,0.8737874,-4.5631332,-0.90737545,-0.12386546,-0.40165591,0
-3.1227918,0.044393539,-5.2103662,-0.90737545,-0.12386546,-0.40165591,0
-1.4208159,-3.8214912,2.2127445,-0.047490418,-0.9192611,0.39077345,0
3.2098532,2.8870192,4.1580606,0.90737545,0.12386546,0.40165591,0
-1.7515755,-3.0389977,4.0471997,-0.047490418,-0.9192611,0.39077345,0
-0.6412192,0.93977499,3.3580003,-0.41762984,0.37365305,0.82823241,0
0.94665527,3.9191291,2.8636007,-0.41762984,0.37365305,0.82823241,0
-4.0095429,0.29691505,-3.6534576,-0.90737545,-0.12386546,-0.40165591,0
3.7596149,-0.92246819,3.8767905,0.90737545,0.12386546,0.40165591,0
-3.2704632,0.66169357,-5.4921603,-0.90737545,-0.12386546,-0.40165591,0
3.62077,-4.6973896,0.69883966,-0.047490418,-0.9192611,0.39077345,0
-3.3110893,-0.99558496,3.1354904,-0.41762984,0.37365305,0.82823241,0
6.0477862,-0.4562571,-0.85509682,0.90737545,0.12386546,0.40165591,0
4.9285393,3.3384674,0.73909903,0.90737545,0.12386546,0.40165591,0
-3.5719769,-1.9014506,-3.5052919,-0.90737545,-0.12386546,-0.40165591,0
4.9313054,-1.685468,-0.78605556,0.41762984,-0.37365305,-0.82823241,0
4.6279011,-0.62222403,1.8922596,0.90737545,0.12386546,0.40165591,0
-5.0818329,1.8930779,-1.758163,-0.90737545,-0.12386546,-0.40165591,0
-4.5979004,-0.36174321,-2.3026795,-0.90737545,-0.12386546,-0.40165591,0
0.46534801,1.8916025,3.4276664,-0.41762984,0.37365305,0.82823241,0
-3.6570225,2.1739209,-5.2619224,-0.90737545,-0.12386546,-0.40165591,0
0.67919159,0.58470345,4.4148183,-0.41762984,0.37365305,0.82823241,0
-3.2321792,-1.8260775,-4.308362,-0.90737545,-0.12386546,-0.40165591,0
-3.8159902,-3.7219868,2.3284974,-0.047490418,-0.9192611,0.39077345,0
-4.8018165,-1.7563504,-0.85527182,-0.90737545,-0.12386546,-0.40165591,0
-5.3227172,-1.0579147,-0.035631657,-0.90737545,-0.12386546,-0.40165591,0
-4.488327,-2.2819076,3.1162262,-0.41762984,0.37365305,0.82823241,0
4.7030187,-2.6487319,2.833509,0.90737545,0.12386546,0.40165591,0
4.4415636,-1.2792025,2.5472221,0.90737545,0.12386546,0.40165591,0
5.1071291,-4.2356167,0.15599346,0.41762984,-0.37365305,-0.82823241,0
-0.53025603,3.4329808,-3.9319706,0.047490418,0.9192611,-0.39077345,0
-0.55850136,-0.1121273,4.0757966,-0.41762984,0.37365305,0.82823241,0
-2.6200328,-4.3027816,0.69243068,-0.047490418,-0.9192611,0.39077345,0
-4.3672538,2.2623074,-3.0026245,-0.90737545,-0.12386546,-0.40165591,0
4.2730951,4.1251478,1.9911962,0.90737545,0.12386546,0.40165591,0
5.6305199,3.3344884,-1.1569908,0.90737545,0.12386546,0.40165591,0
-2.5934005,-3.6263587,2.9943235,-0.047490418,-0.9192611,0.39077345,0
4.7746305,1.9395355,1.5142355,0.90737545,0.12386546,0.40165591,0
-1.9961002,-0.16685724,-5.1113205,0.41762984,-0.37365305,-0.82823241,0
-4.1504641,2.1436243,-4.0987391,-0.90737545,-0.12386546,-0.40165591,0
-2.9855146,4.293457,-1.8078098,0.047490418,0.9192611,-0.39077345,0
-4.0823264,2.0133989,1.1063886,-0.41762984,0.37365305,0.82823241,0
-2.9492452,-4.9927578,-0.15517414,-0.047490418,-0.9192611,0.39077345,0
2.5052412,5.4129634,3.2228689,-0.41762984,0.37365305,0.82823241,0
3.9737692,1.3784761,2.7852941,0.90737545,0.12386546,0.40165591,0
2.7620986,5.7566395,2.8169367,0.047490418,0.9192611,-0.39077345,0
1.2628297,-1.7827368,-2.5434899,0.41762984,-0.37365305,-0.82823241,0
-3.5693154,3.3683844,-4.0451188,0.047490418,0.9192611,-0.39077345,0
3.6848755,4.0728474,3.1129916,0.90737545,0.12386546,0.40165591,0
-0.98820823,-1.1388431,-4.4330511,0.41762984,-0.37365305,-0.82823241,0
2.0707645,-0.34285498,5.5276728,-0.41762984,0.37365305,0.82823241,0
5.5717726,3.2957671,-2.5789356,0.047490418,0.9192611,-0.39077345,0
-2.14148,4.8197131,-0.22851944,0.047490418,0.9192611,-0.39077345,0
