-3.2327833,-2.7962971,-2.6260984,-0.033394933,-0.37111402,-0.92798656,0
5.9676628,1.2587883,3.083652,0.87329245,0.44071668,-0.20767498,0
-3.7033043,-3.3942769,1.2452765,-0.87329245,-0.44071668,0.20767498,0
-6.0710344,-0.41226587,-1.9861722,-0.87329245,-0.44071668,0.20767498,0
-2.3579607,3.1211996,0.0096995831,-0.48605025,0.81733906,-0.30937335,0
-3.912632,2.6283028,1.2608957,-0.48605025,0.81733906,-0.30937335,0
1.0324799,-1.1635754,-3.4761841,-0.033394933,-0.37111402,-0.92798656,0
4.5596175,1.9918801,-0.98624611,0.87329245,0.44071668,-0.20767498,0
4.8086791,1.6722274,-0.18691635,0.87329245,0.44071668,-0.20767498,0
-4.1092768,-3.5605793,-1.6962667,-0.87329245,-0.44071668,0.20767498,0
3.7151916,-1.8063409,-3.355149,-0.033394933,-0.37111402,-0.92798656,0
4.2572894,1.7110529,-2.451251,0.87329245,0.44071668,-0.20767498,0
5.5663247,1.3016635,2.4671216,0.87329245,0.44071668,-0.20767498,0
-0.031851768,2.7795808,-3.6322,-0.48605025,0.81733906,-0.30937335,0
-0.85653669,-2.8734126,-2.5971732,-0.033394933,-0.37111402,-0.92798656,0
4.6992998,2.6504078,2.5393834,0.033394933,0.37111402,0.92798656,0
2.6266413,-3.1877801,-1.4215355,0.48605025,-0.81733906,0.30937335,0
2.8369143,5.714438,-0.31979966,0.87329245,0.44071668,-0.20767498,0
-4.8982482,-0.36824417,2.8946118,-0.87329245,-0.44071668,0.20767498,0
1.5331489,2.8777623,2.5311286,0.033394933,0.37111402,0.92798656,0
-3.5408235,-3.6569605,2.2610259,-0.87329245,-0.44071668,0.20767498,0
-1.2987857,-4.3888264,-1.8436384,-0.033394933,-0.37111402,-0.92798656,0
-0.16019821,4.3192911,2.2159352,0.033394933,0.37111402,0.92798656,0
-4.1956754,0.76518136,-2.6622152,-0.48605025,0.81733906,-0.30937335,0
3.9066315,-2.7861042,-2.9156315,-0.033394933,-0.37111402,-0.92798656,0
5.211751,0.1832056,-1.1300478,0.87329245,0.44071668,-0.20767498,0
4.9455862,0.45670629,-1.5552111,0.87329245,0.44071668,-0.20767498,0
-3.2166338,-2.4089897,4.7019401,-0.87329245,-0.44071668,0.20767498,0
-5.2609043,-1.1164669,-3.2085903,-0.033394933,-0.37111402,-0.92798656,0
-0.47406197,-4.5635185,-0.30161119,0.48605025,-0.81733906,0.30937335,0
3.7154276,-1.6399529,1.3410361,0.48605025,-0.81733906,0.30937335,0
-1.3599343,-4.6089706,0.84706521,0.48605025,-0.81733906,0.30937335,0
4.6736636,1.2181749,-1.928215,0.87329245,0.44071668,-0.20767498,0
-1.9999981,3.2995801,2.599699,0.033394933,0.37111402,0.92798656,0
5.6507201,-0.64026856,0.89120436,0.48605025,-0.81733906,0.30937335,0
-3.5234437,1.4996393,-1.9260349,-0.48605025,0.81733906,-0.30937335,0
2.5998936,0.16461873,3.8233473,0.033394933,0.37111402,0.92798656,0
-5.0264821,1.7808104,3.3964067,0.033394933,0.37111402,0.92798656,0
-4.7781525,-1.7533619,-0.64409494,-0.87329245,-0.44071668,0.20767498,0
-4.8807383,-0.80273652,0.99298191,-0.87329245,-0.44071668,0.20767498,0
-3.5762103,2.9102628,2.7513554,0.033394933,0.37111402,0.92798656,0
-2.6358523,-5.9819651,-1.2017386,-0.033394933,-0.37111402,-0.92798656,0
4.6279497,3.4335818,2.0378737,0.87329245,0.44071668,-0.20767498,0
1.6365967,-3.49615,-0.081356645,0.48605025,-0.81733906,0.30937335,0
5.3641405,1.4639667,0.95300484,0.87329245,0.44071668,-0.20767498,0
2.3731833,2.648181,2.5454674,0.033394933,0.37111402,0.92798656,0
-1.3344761,-2.7583203,-2.800108,-0.033394933,-0.37111402,-0.92798656,0
0.15868068,1.4544725,3.3846943,0.033394933,0.37111402,0.92798656,0
-5.3830256,-0.37843728,-0.093470097,-0.87329245,-0.44071668,0.20767498,0
-5.1115289,0.21482433,-2.1196976,-0.48605025,0.81733906,-0.30937335,0
4.1588798,3.3275497,-0.39662981,0.87329245,0.44071668,-0.20767498,0
-1.1488905,-3.0155392,-2.6433873,-0.033394933,-0.37111402,-0.92798656,0
1.7261753,3.7544391,-4.5611219,-0.48605025,0.81733906,-0.30937335,0
-4.928443,-0.36844683,2.1026478,-0.87329245,-0.44071668,0.20767498,0
4.7299476,-1.1281967,-3.6026464,-0.033394933,-0.37111402,-0.92798656,0
-2.8217316,-4.5105896,1.686662,-0.87329245,-0.44071668,0.20767498,0
-1.9174299,1.8304338,2.9002442,0.033394933,0.37111402,0.92798656,0
4.9400501,1.9598082,0.45260143,0.87329245,0.44071668,-0.20767498,0
0.37170219,-0.80160952,4.1541739,0.033394933,0.37111402,0.92798656,0
1.9926012,-3.9389958,-2.2681501,-0.033394933,-0.37111402,-0.92798656,0
1.6469755,3.5029078,-4.4849868,-0.48605025,0.81733906,-0.30937335,0
-1.6305964,-1.6038463,-3.2511139,-0.033394933,-0.37111402,-0.92798656,0
3.5903842,-2.8407986,-2.4763792,0.48605025,-0.81733906,0.30937335,0
-4.7909622,1.310674,0.1615715,-0.48605025,0.81733906,-0.30937335,0
4.1763887,0.49380803,3.2797341,0.033394933,0.37111402,0.92798656,0
0.77515423,-3.8768086,-2.2664487,-0.033394933,-0.37111402,-0.92798656,0
-2.4062998,2.548702,2.8598123,0.033394933,0.37111402,0.92798656,0
1.2033877,-2.1063633,3.5216379,0.48605025,-0.81733906,0.30937335,0
1.3162599,4.653594,-1.4818802,-0.48605025,0.81733906,-0.30937335,0
4.7913275,-2.2954819,-2.1882195,0.48605025,-0.81733906,0.30937335,0
-4.6166258,-0.69512248,-3.300529,-0.033394933,-0.37111402,-0.92798656,0
3.3074667,4.1070499,-2.3542886,0.87329245,0.44071668,-0.20767498,0
-4.3970494,-1.1415503,2.876009,-0.87329245,-0.44071668,0.20767498,0
-0.90464926,-5.4332104,-1.4050593,0.48605025,-0.81733906,0.30937335,0
-3.9845386,-1.5752969,4.6918764,-0.87329245,-0.44071668,0.20767498,0
-5.6627121,1.0106719,0.66845322,-0.48605025,0.81733906,-0.30937335,0
-1.1430519,-0.057222366,-3.8869953,-0.033394933,-0.37111402,-0.92798656,0
2.2154179,-1.6392629,2.8963621,0.48605025,-0.81733906,0.30937335,0
3.2826638,3.2809563,2.4969523,0.033394933,0.37111402,0.92798656,0
-4.9306188,2.4785938,3.165976,0.033394933,0.37111402,0.92798656,0
5.8395896,-0.34402132,0.088519573,0.87329245,0.44071668,-0.20767498,0
2.4403586,3.8970609,-4.9087009,0.87329245,0.44071668,-0.20767498,0
-3.7757082,-2.0039325,4.6211128,0.033394933,0.37111402,0.92798656,0
-0.6947521,3.8591979,2.3513241,0.033394933,0.37111402,0.92798656,0
-2.6738496,2.2739973,-1.6791613,-0.48605025,0.81733906,-0.30937335,0
-5.681716,-0.091185331,-0.2594614,-0.87329245,-0.44071668,0.20767498,0
-3.2239499,-3.656014,2.2222941,-0.87329245,-0.44071668,0.20767498,0
2.7813287,3.602093,-4.551125,0.87329245,0.44071668,-0.20767498,0
-5.1934214,-1.6457124,-0.37948895,-0.87329245,-0.44071668,0.20767498,0
-5.0136943,-1.195534,0.37190008,-0.87329245,-0.44071668,0.20767498,0
-0.51127481,1.1117125,3.5371711,0.033394933,0.37111402,0.92798656,0
0.55486107,-2.9699128,2.6138315,0.48605025,-0.81733906,0.30937335,0
-0.72777247,1.0048065,3.4093523,0.033394933,0.37111402,0.92798656,0
-0.4651022,1.3409321,3.1147163,0.033394933,0.37111402,0.92798656,0
-3.438802,-5.0509424,-1.5631685,-0.033394933,-0.37111402,-0.92798656,0
-1.3579211,-4.3965359,1.7268836,0.48605025,-0.81733906,0.30937335,0
4.3716416,-1.4831582,1.0021524,0.48605025,-0.81733906,0.30937335,0
-3.9031012,-1.9910097,3.6681447,-0.87329245,-0.44071668,0.20767498,0
3.7901878,0.55377769,-4.0894828,-0.033394933,-0.37111402,-0.92798656,0
-5.0260849,-1.1947105,-0.55582905,-0.87329245,-0.44071668,0.20767498,0
-4.3278351,-2.649025,0.83595848,-0.87329245,-0.44071668,0.20767498,0
-5.1671972,0.39996529,2.460793,-0.87329245,-0.44071668,0.20767498,0
-4.3150425,-2.7493606,-0.77660942,-0.87329245,-0.44071668,0.20767498,0
0.11884499,-2.9725413,-2.6038754,-0.033394933,-0.37111402,-0.92798656,0
4.1428065,-0.52853429,3.7324662,0.48605025,-0.81733906,0.30937335,0
2.3133304,-2.0614924,1.9427142,0.48605025,-0.81733906,0.30937335,0
0.92204452,-3.1829591,1.1707468,0.48605025,-0.81733906,0.30937335,0
4.8803859,-1.5488822,-0.87734556,0.48605025,-0.81733906,0.30937335,0
2.622931,-2.4117093,1.1591792,0.48605025,-0.81733906,0.30937335,0
-2.8500915,-5.0033245,-1.6843207,-0.033394933,-0.37111402,-0.92798656,0
-3.840342,2.391983,0.74368286,-0.48605025,0.81733906,-0.30937335,0
2.8720951,1.6815889,2.8138027,0.033394933,0.37111402,0.92798656,0
2.0879774,0.94453526,-4.2187285,-0.033394933,-0.37111402,-0.92798656,0
-3.9060104,-4.2399282,-1.176358,-0.87329245,-0.44071668,0.20767498,0
-0.60379934,4.1081724,0.96413422,-0.48605025,0.81733906,-0.30937335,0
-2.923805,-3.8953936,4.0288839,-0.87329245,-0.44071668,0.20767498,0
2.3855019,-0.59289455,4.0834537,0.033394933,0.37111402,0.92798656,0
-5.9438267,0.18729055,-1.2176719,-0.87329245,-0.44071668,0.20767498,0
4.6635389,0.82380366,-3.1025071,0.87329245,0.44071668,-0.20767498,0
4.618784,1.7802018,-0.68627262,0.87329245,0.44071668,-0.20767498,0
0.17993712,-0.1198709,3.7089963,0.033394933,0.37111402,0.92798656,0
-1.8298044,-1.913296,-2.9202316,-0.033394933,-0.37111402,-0.92798656,0
-4.5836973,0.4396084,-3.2683592,-0.48605025,0.81733906,-0.30937335,0
2.500973,-2.8844497,-0.58493209,0.48605025,-0.81733906,0.30937335,0
-4.9009681,-1.1877671,0.017495155,-0.87329245,-0.44071668,0.20767498,0
3.2388954,3.4638698,-3.1579335,0.87329245,0.44071668,-0.20767498,0
3.1489308,2.9801378,-4.6916518,0.87329245,0.44071668,-0.20767498,0
3.0741966,-0.85243058,3.8666704,0.48605025,-0.81733906,0.30937335,0
-3.7629216,-3.5612946,0.40908384,-0.87329245,-0.44071668,0.20767498,0
-2.1433475,-1.6653775,-3.0056834,-0.033394933,-0.37111402,-0.92798656,0
1.215199,5.3424978,1.2977231,-0.48605025,0.81733906,-0.30937335,0
-2.3624098,0.13408422,-3.8619161,-0.033394933,-0.37111402,-0.92798656,0
3.5733573,4.8529739,1.0175285,0.87329245,0.44071668,-0.20767498,0
3.3636117,0.89999771,-4.4084549,-0.033394933,-0.37111402,-0.92798656,0
0.29637593,2.63276,2.7528381,0.033394933,0.37111402,0.92798656,0
-3.2993608,-0.33548498,4.1140156,0.033394933,0.37111402,0.92798656,0
-3.8335912,-2.185045,2.4874382,-0.87329245,-0.44071668,0.20767498,0
3.5800138,-1.6068844,0.81280971,0.48605025,-0.81733906,0.30937335,0
3.7390835,3.9760489,1.0061173,0.87329245,0.44071668,-0.20767498,0
2.6392853,0.56545603,3.5297766,0.033394933,0.37111402,0.92798656,0
-3.0386312,-3.491075,3.8449464,-0.87329245,-0.44071668,0.20767498,0
2.0673704,3.7707202,-3.9872155,-0.48605025,0.81733906,-0.30937335,0
1.6645291,1.5693126,3.0452986,0.033394933,0.37111402,0.92798656,0
4.5782185,-2.3407915,-2.9703979,-0.033394933,-0.37111402,-0.92798656,0
-3.1282973,-4.7305074,0.047575474,-0.87329245,-0.44071668,0.20767498,0
3.5940642,2.1334794,-4.3868504,0.87329245,0.44071668,-0.20767498,0
3.0169106,-2.5164943,0.34053683,0.48605025,-0.81733906,0.30937335,0
-0.2096175,0.6324017,3.3554776,0.033394933,0.37111402,0.92798656,0
4.6030703,0.54441786,3.603111,0.033394933,0.37111402,0.92798656,0
-5.5568438,0.36422706,0.66557217,-0.87329245,-0.44071668,0.20767498,0
4.8188038,1.8610406,-0.28906775,0.87329245,0.44071668,-0.20767498,0
-1.3481326,-4.781065,0.84526491,0.48605025,-0.81733906,0.30937335,0
-6.0328484,1.7134466,2.1800942,-0.48605025,0.81733906,-0.30937335,0
-0.64336348,-2.8570731,4.6642861,0.48605025,-0.81733906,0.30937335,0
-1.5000503,-5.3713369,-0.63731897,0.48605025,-0.81733906,0.30937335,0
-4.4992533,0.23841238,3.633934,0.033394933,0.37111402,0.92798656,0
-1.0537457,3.3108137,2.3953516,0.033394933,0.37111402,0.92798656,0
3.6163721,4.7854347,0.92794943,0.87329245,0.44071668,-0.20767498,0
-3.9479725,-2.1255417,2.5191903,-0.87329245,-0.44071668,0.20767498,0
1.55635,5.5658846,1.5216272,0.033394933,0.37111402,0.92798656,0
5.5742307,-1.7118793,-3.3678632,0.87329245,0.44071668,-0.20767498,0
5.8141727,0.49321869,2.0957708,0.87329245,0.44071668,-0.20767498,0
5.291111,-0.68089324,0.97812414,0.48605025,-0.81733906,0.30937335,0
2.6730318,6.049365,1.4506795,0.033394933,0.37111402,0.92798656,0
1.7750478,3.796098,-4.2314281,-0.48605025,0.81733906,-0.30937335,0
0.61851835,-0.92791986,-3.4151402,-0.033394933,-0.37111402,-0.92798656,0
4.6833901,-0.64679003,1.8278909,0.48605025,-0.81733906,0.30937335,0
-1.7483697,2.4560626,-2.5713904,-0.48605025,0.81733906,-0.30937335,0
5.2208118,1.5607316,0.8421073,0.87329245,0.44071668,-0.20767498,0
1.0754414,3.1577075,-4.3209133,-0.48605025,0.81733906,-0.30937335,0
1.9422692,0.68622446,-4.0853825,-0.033394933,-0.37111402,-0.92798656,0
4.0589209,1.3358831,-4.1939774,0.87329245,0.44071668,-0.20767498,0
4.1067553,-2.1999996,-0.65123034,0.48605025,-0.81733906,0.30937335,0
5.8526206,-0.32332766,0.94893599,0.48605025,-0.81733906,0.30937335,0
-0.74010187,-2.5333514,-2.6777973,-0.033394933,-0.37111402,-0.92798656,0
0.34785748,3.4794388,-2.4917212,-0.48605025,0.81733906,-0.30937335,0
3.565167,4.3981919,0.80708361,0.87329245,0.44071668,-0.20767498,0
-1.3520055,2.9969645,-1.9108707,-0.48605025,0.81733906,-0.30937335,0
-5.0139246,-1.3833675,0.092676163,-0.87329245,-0.44071668,0.20767498,0
1.6181071,5.2712708,0.2278372,-0.48605025,0.81733906,-0.30937335,0
1.3674371,4.6406412,-0.84827924,-0.48605025,0.81733906,-0.30937335,0
-3.0433934,1.1737089,3.3779941,0.033394933,0.37111402,0.92798656,0
-2.6865535,0.86169958,3.5855844,0.033394933,0.37111402,0.92798656,0
1.0237536,-2.0962946,-3.1809111,-0.033394933,-0.37111402,-0.92798656,0
0.93561745,2.9657853,-5.0460415,-0.033394933,-0.37111402,-0.92798656,0
2.4596858,-1.8597453,3.1694567,0.48605025,-0.81733906,0.30937335,0
0.013010979,-3.3880644,2.0865057,0.48605025,-0.81733906,0.30937335,0
-1.859911,-1.1702145,-3.1237972,-0.033394933,-0.37111402,-0.92798656,0
3.7953153,2.6879959,-2.1419587,0.87329245,0.44071668,-0.20767498,0
-2.9079399,3.1458073,1.0306277,-0.48605025,0.81733906,-0.30937335,0
0.48922282,2.4361496,2.8408861,0.033394933,0.37111402,0.92798656,0
-3.1949897,-4.8813705,0.6501801,-0.87329245,-0.44071668,0.20767498,0
4.4163332,2.2737892,2.5268726,0.033394933,0.37111402,0.92798656,0
-2.1718214,-0.71823776,-3.2552252,-0.033394933,-0.37111402,-0.92798656,0
-5.9777298,-0.45689178,-2.2162127,-0.87329245,-0.44071668,0.20767498,0
-0.54964209,-3.4860334,2.6464162,0.48605025,-0.81733906,0.30937335,0
-2.7512946,-6.0590105,-1.336329,-0.033394933,-0.37111402,-0.92798656,0
-1.9764998,-1.1258316,4.3565273,0.033394933,0.37111402,0.92798656,0
2.4440026,4.0050955,-5.1981721,-0.48605025,0.81733906,-0.30937335,0
1.6800358,4.455503,1.8265644,0.033394933,0.37111402,0.92798656,0
-1.0355933,-2.4587922,-2.8919954,-0.033394933,-0.37111402,-0.92798656,0
1.5015755,-2.9136796,1.6973369,0.48605025,-0.81733906,0.30937335,0
5.0064311,-0.13220072,-3.6723318,0.87329245,0.44071668,-0.20767498,0
-5.6560998,0.62993932,1.7143331,-0.87329245,-0.44071668,0.20767498,0
-3.3080134,-4.5798006,0.36503124,-0.87329245,-0.44071668,0.20767498,0
3.4304683,4.4609442,2.0767634,0.033394933,0.37111402,0.92798656,0
0.14657068,2.68326,-3.8378823,-0.48605025,0.81733906,-0.30937335,0
-0.59711051,-0.38283014,3.945931,0.033394933,0.37111402,0.92798656,0
-1.5299917,3.9236746,2.234962,0.033394933,0.37111402,0.92798656,0
-0.47285461,0.61789083,-3.8516536,-0.033394933,-0.37111402,-0.92798656,0
-4.5186148,-0.23197031,3.7358518,-0.87329245,-0.44071668,0.20767498,0
-1.9732437,-5.2291079,0.80279255,0.48605025,-0.81733906,0.30937335,0
-0.2433486,2.8350871,-3.7187033,-0.48605025,0.81733906,-0.30937335,0
-4.3463259,-3.0871463,-0.98601675,-0.87329245,-0.44071668,0.20767498,0
-3.0162649,1.9760487,-1.7024782,-0.48605025,0.81733906,-0.30937335,0
4.7096682,-0.3325884,2.4521856,0.48605025,-0.81733906,0.30937335,0
2.2751679,5.7173977,1.3027486,0.033394933,0.37111402,0.92798656,0
-1.2972249,-1.0849656,-3.3548884,-0.033394933,-0.37111402,-0.92798656,0
3.8820627,4.0340781,0.75880861,0.87329245,0.44071668,-0.20767498,0
1.7604918,5.0209575,-0.70596933,-0.48605025,0.81733906,-0.30937335,0
-3.7025018,-3.4447548,-2.3000572,-0.033394933,-0.37111402,-0.92798656,0
5.1256151,0.39549398,-1.8395114,0.87329245,0.44071668,-0.20767498,0
-2.8343191,0.96724486,3.5721109,0.033394933,0.37111402,0.92798656,0
-5.953311,-0.15001076,-1.7248392,-0.87329245,-0.44071668,0.20767498,0
-2.2843306,2.3443809,-1.3196884,-0.48605025,0.81733906,-0.30937335,0
-1.2281532,0.52691936,3.7976155,0.033394933,0.37111402,0.92798656,0
5.8235683,-1.8578143,-3.1657953,0.87329245,0.44071668,-0.20767498,0
-3.5887611,-2.1271815,4.1843624,-0.87329245,-0.44071668,0.20767498,0
-0.87156725,2.4753332,-4.006485,-0.48605025,0.81733906,-0.30937335,0
-0.99264365,-2.0870357,-2.7691593,-0.033394933,-0.37111402,-0.92798656,0
-3.8313217,-2.4892838,2.4079204,-0.87329245,-0.44071668,0.20767498,0
-0.16917372,2.3796315,-4.2238021,-0.48605025,0.81733906,-0.30937335,0
-3.7282798,-4.2304678,-1.940017,-0.033394933,-0.37111402,-0.92798656,0
5.0850368,-0.1079607,-2.4329743,0.87329245,0.44071668,-0.20767498,0
0.18903494,4.9326739,0.83586758,-0.48605025,0.81733906,-0.30937335,0
5.1686954,-2.2164264,-3.1467528,0.48605025,-0.81733906,0.30937335,0
-3.9668045,-4.409339,-1.8884358,-0.033394933,-0.37111402,-0.92798656,0
3.1073895,4.9653187,-0.082756042,0.87329245,0.44071668,-0.20767498,0
1.6279471,-0.35698771,3.9751248,0.033394933,0.37111402,0.92798656,0
1.7375603,-1.7078168,-3.2403829,-0.033394933,-0.37111402,-0.92798656,0
1.4629937,-0.68125033,-3.6183279,-0.033394933,-0.37111402,-0.92798656,0
-2.7627606,0.024237394,-3.8764203,-0.033394933,-0.37111402,-0.92798656,0
2.9436836,5.2512779,-1.1461291,0.87329245,0.44071668,-0.20767498,0
2.7601094,6.1343594,0.421772,-0.48605025,0.81733906,-0.30937335,0
-4.1543036,-1.9943181,-2.6731365,-0.033394933,-0.37111402,-0.92798656,0
1.5154819,4.5459714,-1.4081577,-0.48605025,0.81733906,-0.30937335,0
-2.0402904,-4.0740747,3.6477656,0.48605025,-0.81733906,0.30937335,0
4.9510808,0.22508478,-3.6598849,0.87329245,0.44071668,-0.20767498,0
4.3044033,1.0334442,3.3171589,0.033394933,0.37111402,0.92798656,0
-0.29255104,2.5992575,-4.1866693,-0.48605025,0.81733906,-0.30937335,0
3.3814602,2.4481964,-4.2983818,0.87329245,0.44071668,-0.20767498,0
-5.4078264,0.32086003,-1.6201682,-0.48605025,0.81733906,-0.30937335,0
3.2292233,0.55930758,3.2925568,0.033394933,0.37111402,0.92798656,0
6.0832472,0.43090197,3.2011847,0.48605025,-0.81733906,0.30937335,0
3.9076612,1.8795825,3.0692451,0.033394933,0.37111402,0.92798656,0
-0.2807641,4.8980403,2.0069299,0.033394933,0.37111402,0.92798656,0
5.893054,0.99753493,2.3516665,0.87329245,0.44071668,-0.20767498,0
2.144984,4.9940958,-1.000344,-0.48605025,0.81733906,-0.30937335,0
-3.4549868,-0.36537838,4.1510906,0.033394933,0.37111402,0.92798656,0
5.6634593,-1.5755434,-2.7362752,0.87329245,0.44071668,-0.20767498,0
-3.6069748,-0.80369949,4.0501127,0.033394933,0.37111402,0.92798656,0
-2.2137814,-3.4205346,5.4326515,0.033394933,0.37111402,0.92798656,0
-4.037219,-4.1668339,-1.9541554,-0.033394933,-0.37111402,-0.92798656,0
-0.81249285,3.1684778,-1.6726454,-0.48605025,0.81733906,-0.30937335,0
0.94485378,-1.9504864,4.5189104,0.033394933,0.37111402,0.92798656,0
1.9346089,2.963608,-4.8168139,-0.033394933,-0.37111402,-0.92798656,0
3.4059119,2.0027852,-4.5813212,0.87329245,0.44071668,-0.20767498,0
-4.8912754,-1.1765732,0.19034719,-0.87329245,-0.44071668,0.20767498,0
-0.54190707,0.29528356,3.8447847,0.033394933,0.37111402,0.92798656,0
2.910933,-1.8131723,-3.0807738,-0.033394933,-0.37111402,-0.92798656,0
-1.9394977,-4.6878595,-1.7484109,-0.033394933,-0.37111402,-0.92798656,0
5.3371892,1.4265945,2.0344648,0.87329245,0.44071668,-0.20767498,0
1.4389756,4.725687,-0.74982893,-0.48605025,0.81733906,-0.30937335,0
-1.0262561,-3.9276004,2.4973862,0.48605025,-0.81733906,0.30937335,0
-3.4786081,-3.8018267,0.43632126,-0.87329245,-0.44071668,0.20767498,0
-4.5725822,-2.7171807,-1.5390148,-0.87329245,-0.44071668,0.20767498,0
-5.9625988,-0.21479078,-2.4717188,-0.48605025,0.81733906,-0.30937335,0
1.1369858,-2.4996524,2.9577134,0.48605025,-0.81733906,0.30937335,0
2.5459294,-0.14138865,3.8137541,0.033394933,0.37111402,0.92798656,0
-4.097147,0.33311868,-3.5492749,-0.033394933,-0.37111402,-0.92798656,0
5.3993888,0.80796623,-0.3208065,0.87329245,0.44071668,-0.20767498,0
-3.5961394,-1.8121181,4.402297,-0.87329245,-0.44071668,0.20767498,0
4.7649579,1.9751408,-0.0013504028,0.87329245,0.44071668,-0.20767498,0
0.075323582,3.0512717,-3.5593688,-0.48605025,0.81733906,-0.30937335,0
-0.3989675,-0.78348923,3.950844,0.033394933,0.37111402,0.92798656,0
2.4329116,-3.7703061,-2.1124389,0.48605025,-0.81733906,0.30937335,0
-0.45084715,1.7619832,-4.3188605,-0.033394933,-0.37111402,-0.92798656,0
-4.0428772,-1.5199697,3.3731937,-0.87329245,-0.44071668,0.20767498,0
2.0140805,4.8498187,-2.0423751,-0.48605025,0.81733906,-0.30937335,0
3.8769372,4.4131327,0.64055538,0.87329245,0.44071668,-0.20767498,0
-3.1277604,-5.1354885,-1.6420722,-0.033394933,-0.37111402,-0.92798656,0
-1.6488924,-4.6261458,1.7839123,0.48605025,-0.81733906,0.30937335,0
-3.936517,-2.9366276,0.57846117,-0.87329245,-0.44071668,0.20767498,0
2.8191531,4.540638,-2.6751993,0.87329245,0.44071668,-0.20767498,0
-0.24812269,-2.6218987,4.3924866,0.48605025,-0.81733906,0.30937335,0
4.7913895,2.7345226,2.1652431,0.87329245,0.44071668,-0.20767498,0
-4.7546272,-0.75494266,2.792902,-0.87329245,-0.44071668,0.20767498,0
0.82356036,4.641839,1.9272736,0.033394933,0.37111402,0.92798656,0
2.3048577,-1.0134945,4.0512066,0.033394933,0.37111402,0.92798656,0
-1.5101802,-3.120239,-2.6177733,-0.033394933,-0.37111402,-0.92798656,0
-5.7254248,-0.5918864,-2.1934462,-0.87329245,-0.44071668,0.20767498,0
3.0019581,-1.5688124,2.698215,0.48605025,-0.81733906,0.30937335,0
-0.31492436,3.6380515,2.2167428,0.033394933,0.37111402,0.92798656,0
-0.63065529,-4.0612135,1.4746876,0.48605025,-0.81733906,0.30937335,0
4.6933527,-0.25616789,-3.7189975,-0.033394933,-0.37111402,-0.92798656,0
-4.8300624,2.0577407,2.9488487,0.033394933,0.37111402,0.92798656,0
-4.6189456,-1.2737103,1.9554152,-0.87329245,-0.44071668,0.20767498,0
-3.0359018,2.5309265,-0.48808193,-0.48605025,0.81733906,-0.30937335,0
-5.144455,-0.83437252,-3.2588229,-0.033394933,-0.37111402,-0.92798656,0
0.78034043,-1.8140953,-3.0404243,-0.033394933,-0.37111402,-0.92798656,0
-1.9053214,-2.1012805,-2.8175871,-0.033394933,-0.37111402,-0.92798656,0
2.552345,5.5415392,-1.0700004,-0.48605025,0.81733906,-0.30937335,0
0.71057463,-2.6250348,3.0685287,0.48605025,-0.81733906,0.30937335,0
-4.0352368,2.6540253,2.2497697,-0.48605025,0.81733906,-0.30937335,0
4.7861848,0.39046526,-3.4473433,0.87329245,0.44071668,-0.20767498,0
-0.89066553,-3.7507639,2.4628141,0.48605025,-0.81733906,0.30937335,0
1.5227602,-4.2319765,-1.7928759,0.48605025,-0.81733906,0.30937335,0
2.2007599,-0.46505189,3.9956582,0.033394933,0.37111402,0.92798656,0
-0.2955718,-2.3600998,4.6624594,0.033394933,0.37111402,0.92798656,0
6.080883,0.40640128,2.5916781,0.48605025,-0.81733906,0.30937335,0
-2.3471875,-4.9013448,1.9870825,0.48605025,-0.81733906,0.30937335,0
3.8345146,0.34149742,-4.0152216,-0.033394933,-0.37111402,-0.92798656,0
-4.4122343,-0.82555437,3.4927559,-0.87329245,-0.44071668,0.20767498,0
3.6598344,3.5067003,-0.30550909,0.87329245,0.44071668,-0.20767498,0
-2.876667,-2.9930072,4.7064514,-0.87329245,-0.44071668,0.20767498,0
-3.2943053,-3.8208632,1.6277475,-0.87329245,-0.44071668,0.20767498,0
-1.0900126,-5.1402292,-0.85507756,0.48605025,-0.81733906,0.30937335,0
-1.6428505,0.85058212,3.6256952,0.033394933,0.37111402,0.92798656,0
-3.984308,-1.6023068,3.9562304,-0.87329245,-0.44071668,0.20767498,0
3.5431035,3.8818181,-0.85574436,0.87329245,0.44071668,-0.20767498,0
2.89958,-3.500195,-1.9279225,0.48605025,-0.81733906,0.30937335,0
1.5384054,-2.3466346,3.3375955,0.48605025,-0.81733906,0.30937335,0
-2.5246978,-3.8366122,4.8431587,-0.87329245,-0.44071668,0.20767498,0
-2.5407486,-1.0152955,4.0737777,0.033394933,0.37111402,0.92798656,0
-5.2191963,-1.9243128,-1.7001662,-0.87329245,-0.44071668,0.20767498,0
-1.5333823,3.5347004,2.6150751,0.033394933,0.37111402,0.92798656,0
-2.4188323,2.1363723,3.1297512,0.033394933,0.37111402,0.92798656,0
3.2825279,3.3812461,2.3624349,0.033394933,0.37111402,0.92798656,0
3.1755641,-3.311682,-2.5116909,0.48605025,-0.81733906,0.30937335,0
-2.9122145,-4.6266217,1.5104191,-0.87329245,-0.44071668,0.20767498,0
-0.34301329,3.5737886,-1.9529804,-0.48605025,0.81733906,-0.30937335,0
-5.629014,-0.60200202,-0.31161976,-0.87329245,-0.44071668,0.20767498,0
2.9647021,5.2856579,-0.20698047,0.87329245,0.44071668,-0.20767498,0
-2.4218402,1.2655277,-4.137548,-0.48605025,0.81733906,-0.30937335,0
3.0189157,3.2661016,2.4427953,0.033394933,0.37111402,0.92798656,0
5.5769782,1.1735567,1.4434962,0.87329245,0.44071668,-0.20767498,0
-4.7222795,-1.3342761,0.95886374,-0.87329245,-0.44071668,0.20767498,0
-2.779912,-4.6443334,3.0509498,-0.87329245,-0.44071668,0.20767498,0
-1.7172954,-0.43003702,4.1524196,0.033394933,0.37111402,0.92798656,0
0.20409369,-4.7214527,-1.4988945,0.48605025,-0.81733906,0.30937335,0
-0.7678225,-4.706089,-2.0154147,-0.033394933,-0.37111402,-0.92798656,0
-5.680934,-1.0561268,-2.1085081,-0.87329245,-0.44071668,0.20767498,0
-1.2595801,2.4207592,-2.7145495,-0.48605025,0.81733906,-0.30937335,0
-1.2558477,3.2960777,2.6053231,0.033394933,0.37111402,0.92798656,0
-0.90785539,0.2883997,3.8673012,0.033394933,0.37111402,0.92798656,0
-4.8607922,1.9699221,1.8158064,-0.48605025,0.81733906,-0.30937335,0
-5.1692371,2.4308751,2.7793412,-0.48605025,0.81733906,-0.30937335,0
-4.7481585,-1.8349193,-0.14980268,-0.87329245,-0.44071668,0.20767498,0
1.8673134,-2.8355188,0.81143439,0.48605025,-0.81733906,0.30937335,0
0.52622497,4.1257524,2.236495,0.033394933,0.37111402,0.92798656,0
-5.3132982,-0.60980952,-0.40289402,-0.87329245,-0.44071668,0.20767498,0
2.1640801,2.4990695,-4.7705364,-0.033394933,-0.37111402,-0.92798656,0
5.8231621,-0.78494048,-0.90401697,0.87329245,0.44071668,-0.20767498,0
5.739706,0.47448495,1.9036016,0.87329245,0.44071668,-0.20767498,0
2.1240742,4.8530149,-1.7191255,-0.48605025,0.81733906,-0.30937335,0
2.0393124,-0.76912832,4.023541,0.033394933,0.37111402,0.92798656,0
-1.9716585,1.9738582,-2.6670594,-0.48605025,0.81733906,-0.30937335,0
-4.3106556,0.25685871,-3.7776406,-0.48605025,0.81733906,-0.30937335,0
0.051288366,-4.4561429,-0.60432494,0.48605025,-0.81733906,0.30937335,0
-4.0375137,-3.0197039,1.1824784,-0.87329245,-0.44071668,0.20767498,0
-2.9684496,3.0520439,0.98521733,-0.48605025,0.81733906,-0.30937335,0
3.8752608,1.8287709,-3.4140317,0.87329245,0.44071668,-0.20767498,0
-3.7349925,2.6115682,1.6416359,-0.48605025,0.81733906,-0.30937335,0
-0.39879894,2.5477595,-4.4552269,-0.48605025,0.81733906,-0.30937335,0
2.5601192,-2.2185981,-2.8716476,-0.033394933,-0.37111402,-0.92798656,0
-3.9014444,0.76658821,-3.6350985,-0.48605025,0.81733906,-0.30937335,0
-5.6130805,0.61268544,-1.385983,-0.48605025,0.81733906,-0.30937335,0
3.7362955,-2.0106208,0.26404667,0.48605025,-0.81733906,0.30937335,0
-2.3658385,-5.2421312,1.0824504,0.48605025,-0.81733906,0.30937335,0
4.3921099,0.33524799,3.4206755,0.033394933,0.37111402,0.92798656,0
-0.66824102,1.3039401,-4.1563854,-0.033394933,-0.37111402,-0.92798656,0
-4.5586567,-1.4077859,2.7437601,-0.87329245,-0.44071668,0.20767498,0
-0.084825993,1.5843439,3.3328922,0.033394933,0.37111402,0.92798656,0
-0.11628914,4.4843125,0.76877975,-0.48605025,0.81733906,-0.30937335,0
2.3943615,4.6816092,-3.2320628,-0.48605025,0.81733906,-0.30937335,0
-3.9186397,-0.19947577,-3.6563625,-0.033394933,-0.37111402,-0.92798656,0
1.9403443,-3.8757334,-1.6827391,0.48605025,-0.81733906,0.30937335,0
-2.0403032,3.0851326,-0.40668249,-0.48605025,0.81733906,-0.30937335,0
-2.1385336,-2.3016045,-2.5857584,-0.033394933,-0.37111402,-0.92798656,0
-2.5171628,-3.4988027,5.3491468,-0.87329245,-0.44071668,0.20767498,0
-4.0652795,-2.1300752,3.3028798,-0.87329245,-0.44071668,0.20767498,0
-1.7354875,-3.3520648,4.7864532,0.48605025,-0.81733906,0.30937335,0
1.0911691,-0.20342469,-3.7590106,-0.033394933,-0.37111402,-0.92798656,0
-3.2875223,-2.2691996,-2.8079538,-0.033394933,-0.37111402,-0.92798656,0
-1.8803489,-5.4460182,-1.4211354,-0.033394933,-0.37111402,-0.92798656,0
-5.1383977,-0.74645948,0.05615139,-0.87329245,-0.44071668,0.20767498,0
4.8254824,2.2704024,1.7435994,0.87329245,0.44071668,-0.20767498,0
0.36890125,1.6541696,-4.6212673,-0.033394933,-0.37111402,-0.92798656,0
-5.2675629,-0.36699295,1.9771981,-0.87329245,-0.44071668,0.20767498,0
-3.0165431,-5.2884884,-0.53941607,-0.87329245,-0.44071668,0.20767498,0
2.8891027,-0.35314584,3.7204914,0.033394933,0.37111402,0.92798656,0
-3.934406,-0.07209301,4.1470823,0.033394933,0.37111402,0.92798656,0
-3.0382752,-3.4872136,-2.2703812,-0.033394933,-0.37111402,-0.92798656,0
4.725378,1.9481462,2.7240474,0.033394933,0.37111402,0.92798656,0
4.756566,1.8832932,0.2709837,0.87329245,0.44071668,-0.20767498,0
-2.1276293,3.2814631,2.6332588,0.033394933,0.37111402,0.92798656,0
-0.50814772,-4.0508966,0.99360389,0.48605025,-0.81733906,0.30937335,0
-5.381331,-0.36738348,1.3551221,-0.87329245,-0.44071668,0.20767498,0
-5.4617672,-0.46594167,-0.27327442,-0.87329245,-0.44071668,0.20767498,0
-1.8880367,-4.6116009,2.0307152,0.48605025,-0.81733906,0.30937335,0
2.9802315,-2.5112925,0.29900908,0.48605025,-0.81733906,0.30937335,0
-3.0755873,-3.2387877,3.5705125,-0.87329245,-0.44071668,0.20767498,0
2.8387022,-3.1257365,-2.7169363,-0.033394933,-0.37111402,-0.92798656,0
-4.9664927,-0.25183058,1.8954372,-0.87329245,-0.44071668,0.20767498,0
-2.1279902,3.8672943,2.3224902,0.033394933,0.37111402,0.92798656,0
3.859906,2.7445717,2.6143615,0.033394933,0.37111402,0.92798656,0
0.21074849,2.2451282,3.0236602,0.033394933,0.37111402,0.92798656,0
-0.31584311,3.1507676,-2.5382624,-0.48605025,0.81733906,-0.30937335,0
-4.8832855,-0.70842528,1.5563173,-0.87329245,-0.44071668,0.20767498,0
1.2106889,4.0014896,2.028913,0.033394933,0.37111402,0.92798656,0
4.456986,2.5786643,0.33410645,0.87329245,0.44071668,-0.20767498,0
-3.7979689,-0.59714031,4.1532435,0.033394933,0.37111402,0.92798656,0
-3.9184704,-3.5283918,-0.24520874,-0.87329245,-0.44071668,0.20767498,0
-0.51234657,-2.4792852,-2.749825,-0.033394933,-0.37111402,-0.92798656,0
0.73868918,2.0406628,2.750628,0.033394933,0.37111402,0.92798656,0
-0.21368885,-4.647141,-1.705852,-0.033394933,-0.37111402,-0.92798656,0
-2.7253919,-4.7861099,-1.9671685,-0.033394933,-0.37111402,-0.92798656,0
-5.9741435,0.49437821,-0.86416483,-0.48605025,0.81733906,-0.30937335,0
-0.044956207,-3.9293637,0.66111761,0.48605025,-0.81733906,0.30937335,0
-2.446245,1.8230575,-2.184201,-0.48605025,0.81733906,-0.30937335,0
-5.2884808,-0.35580564,1.0216408,-0.87329245,-0.44071668,0.20767498,0
4.7467871,2.579999,0.85027122,0.87329245,0.44071668,-0.20767498,0
-2.586035,-0.80510545,4.0105133,0.033394933,0.37111402,0.92798656,0
3.8988416,3.0358655,2.3001289,0.033394933,0.37111402,0.92798656,0
-3.8838811,-1.2327965,-2.9581666,-0.033394933,-0.37111402,-0.92798656,0
0.52224445,-2.6430621,4.0044675,0.48605025,-0.81733906,0.30937335,0
3.0814617,-3.253387,-1.9879508,0.48605025,-0.81733906,0.30937335,0
-5.1523075,-2.6627436,-2.4891071,-0.87329245,-0.44071668,0.20767498,0
-0.10528946,3.3299839,2.4803443,0.033394933,0.37111402,0.92798656,0
-1.0907516,2.5840452,-3.177484,-0.48605025,0.81733906,-0.30937335,0
3.2503965,3.9902539,-2.1754656,0.87329245,0.44071668,-0.20767498,0
1.8591731,2.9782045,2.7227681,0.033394933,0.37111402,0.92798656,0
1.2380595,-0.87382865,4.0583639,0.033394933,0.37111402,0.92798656,0
4.7044058,1.2458997,-0.84711409,0.87329245,0.44071668,-0.20767498,0
3.4915164,3.1714299,-2.8194046,0.87329245,0.44071668,-0.20767498,0
-5.9297094,0.050383329,-0.45252132,-0.87329245,-0.44071668,0.20767498,0
5.6543159,-0.41491628,1.1799517,0.48605025,-0.81733906,0.30937335,0
-4.2874641,-2.5241036,-2.4474275,-0.033394933,-0.37111402,-0.92798656,0
3.9802945,-1.1643462,-3.5637248,-0.033394933,-0.37111402,-0.92798656,0
3.462326,-3.1886792,-2.6816013,-0.033394933,-0.37111402,-0.92798656,0
-3.3145688,-4.3909221,-0.014604568,-0.87329245,-0.44071668,0.20767498,0
-0.72584391,3.1149189,-2.3102803,-0.48605025,0.81733906,-0.30937335,0
1.7241237,-2.9320903,0.51252651,0.48605025,-0.81733906,0.30937335,0
-0.049310684,4.6392946,1.4848628,-0.48605025,0.81733906,-0.30937335,0
3.8158865,-0.54672813,-3.5483539,-0.033394933,-0.37111402,-0.92798656,0
-1.4263743,3.6610155,2.3309379,0.033394933,0.37111402,0.92798656,0
-3.2591848,1.6575042,-2.3554382,-0.48605025,0.81733906,-0.30937335,0
3.3989115,4.3663096,0.23313046,0.87329245,0.44071668,-0.20767498,0
-2.0142512,-3.8967621,4.3088121,0.48605025,-0.81733906,0.30937335,0
-2.9253545,-4.7598829,2.039346,-0.87329245,-0.44071668,0.20767498,0
-0.5960927,-2.3389685,4.6933622,0.033394933,0.37111402,0.92798656,0
3.0053022,1.9059939,-4.5765829,-0.033394933,-0.37111402,-0.92798656,0
2.7274089,2.5792501,2.7967632,0.033394933,0.37111402,0.92798656,0
3.7847762,1.8249016,-3.5879078,0.87329245,0.44071668,-0.20767498,0
-0.93140626,-4.8249993,0.45569313,0.48605025,-0.81733906,0.30937335,0
-1.2146502,-3.1506591,4.6124811,0.48605025,-0.81733906,0.30937335,0
-2.2519403,-0.96114802,-3.1339564,-0.033394933,-0.37111402,-0.92798656,0
-0.10093427,0.75735307,3.5955579,0.033394933,0.37111402,0.92798656,0
2.0572157,4.1977277,-3.7029657,-0.48605025,0.81733906,-0.30937335,0
4.6952887,1.0458562,-2.536386,0.87329245,0.44071668,-0.20767498,0
-0.54648685,2.3786366,-3.9310479,-0.48605025,0.81733906,-0.30937335,0
-1.9630015,-2.0896118,4.7030487,0.033394933,0.37111402,0.92798656,0
-1.3979645,3.8305666,2.1302047,0.033394933,0.37111402,0.92798656,0
-0.58290339,-0.26169825,-3.7126203,-0.033394933,-0.37111402,-0.92798656,0
5.5463791,0.63260216,0.9589386,0.87329245,0.44071668,-0.20767498,0
4.6964569,1.1305604,-1.3472624,0.87329245,0.44071668,-0.20767498,0
-4.3907061,-2.063838,0.34959841,-0.87329245,-0.44071668,0.20767498,0
1.7530608,2.8876855,-4.9701309,-0.033394933,-0.37111402,-0.92798656,0
4.3478093,2.4016385,0.2074666,0.87329245,0.44071668,-0.20767498,0
-1.1783037,-2.294637,4.578187,0.033394933,0.37111402,0.92798656,0
0.99220586,4.9684601,0.81263304,-0.48605025,0.81733906,-0.30937335,0
-2.2121475,-5.7480197,-0.61309481,0.48605025,-0.81733906,0.30937335,0
3.336926,0.70627224,3.4851017,0.033394933,0.37111402,0.92798656,0
1.9795707,3.1033494,2.2584605,0.033394933,0.37111402,0.92798656,0
-3.2147684,-1.4637926,-3.2583003,-0.033394933,-0.37111402,-0.92798656,0
-3.7589133,2.5390539,1.0585513,-0.48605025,0.81733906,-0.30937335,0
3.1096606,-0.44387102,3.9412098,0.033394933,0.37111402,0.92798656,0
4.8441925,2.8791208,2.6161098,0.033394933,0.37111402,0.92798656,0
-0.74843323,0.71453667,3.5986772,0.033394933,0.37111402,0.92798656,0
-4.9123597,2.2916126,2.8217702,-0.48605025,0.81733906,-0.30937335,0
2.0243082,4.4569659,-3.1724558,-0.48605025,0.81733906,-0.30937335,0
3.9554398,0.81605542,3.2679808,0.033394933,0.37111402,0.92798656,0
3.7189584,0.46256161,-4.191855,-0.033394933,-0.37111402,-0.92798656,0
-3.9074438,-3.3509827,-0.36827564,-0.87329245,-0.44071668,0.20767498,0
5.2984614,1.8768036,2.3848715,0.87329245,0.44071668,-0.20767498,0
3.8866901,0.0057566166,3.8042541,0.033394933,0.37111402,0.92798656,0
5.2194557,2.1375482,2.5834174,0.87329245,0.44071668,-0.20767498,0
5.4301224,1.3331598,2.2871637,0.87329245,0.44071668,-0.20767498,0
4.201715,2.7020073,-1.1723714,0.87329245,0.44071668,-0.20767498,0
-2.5769024,-3.903084,4.8460507,0.48605025,-0.81733906,0.30937335,0
1.7332523,-3.5130014,-1.0844892,0.48605025,-0.81733906,0.30937335,0
3.3583961,-2.7952781,-1.4546146,0.48605025,-0.81733906,0.30937335,0
-0.99621391,-4.9795117,-0.74714237,0.48605025,-0.81733906,0.30937335,0
3.2222924,0.98900032,3.0460281,0.033394933,0.37111402,0.92798656,0
-0.5403657,-3.5668983,3.0374115,0.48605025,-0.81733906,0.30937335,0
3.1344676,-0.31074142,-3.8741524,-0.033394933,-0.37111402,-0.92798656,0
1.7086272,4.486659,1.8771384,0.033394933,0.37111402,0.92798656,0
4.4747581,1.0970986,-2.138742,0.87329245,0.44071668,-0.20767498,0
-0.74860859,-3.2580318,-2.3246093,-0.033394933,-0.37111402,-0.92798656,0
-2.0523143,-3.4025221,5.1225729,0.033394933,0.37111402,0.92798656,0
1.2795248,3.2824664,-4.8962126,-0.48605025,0.81733906,-0.30937335,0
2.2907343,5.8504534,1.3023891,0.033394933,0.37111402,0.92798656,0
0.91070533,4.3500905,2.0097809,0.033394933,0.37111402,0.92798656,0
-4.1940851,-3.5693035,-0.27096701,-0.87329245,-0.44071668,0.20767498,0
-2.119292,-5.9202681,-1.4567893,-0.033394933,-0.37111402,-0.92798656,0
5.8907108,-0.32485437,-0.45234251,0.87329245,0.44071668,-0.20767498,0
-3.0651865,-4.0627618,3.3063426,-0.87329245,-0.44071668,0.20767498,0
2.2530165,5.1583638,-1.8170979,-0.48605025,0.81733906,-0.30937335,0
2.0756707,5.7077856,0.82599235,-0.48605025,0.81733906,-0.30937335,0
4.5134463,3.2389061,2.3861511,0.87329245,0.44071668,-0.20767498,0
-3.6630998,2.7939367,2.1809444,-0.48605025,0.81733906,-0.30937335,0
-4.3906727,0.20383596,3.8523026,0.033394933,0.37111402,0.92798656,0
4.4584255,-0.78971136,1.8825498,0.48605025,-0.81733906,0.30937335,0
2.5420239,5.2787414,-0.90435147,-0.48605025,0.81733906,-0.30937335,0
1.6159296,-3.7961411,-0.72791088,0.48605025,-0.81733906,0.30937335,0
-1.0626051,-2.6280262,-2.6367342,-0.033394933,-0.37111402,-0.92798656,0
3.6516047,-1.7232631,0.95575142,0.48605025,-0.81733906,0.30937335,0
2.250493,3.8583851,-4.8621054,-0.48605025,0.81733906,-0.30937335,0
-3.0871758,-5.2752466,0.49802279,-0.87329245,-0.44071668,0.20767498,0
0.020813942,-0.21070123,3.8181624,0.033394933,0.37111402,0.92798656,0
3.9430373,2.8493547,-2.3699908,0.87329245,0.44071668,-0.20767498,0
3.7186313,3.6141241,-1.3424478,0.87329245,0.44071668,-0.20767498,0
4.7470136,0.36941373,3.5572166,0.033394933,0.37111402,0.92798656,0
2.1429369,-0.41169715,-3.8386939,-0.033394933,-0.37111402,-0.92798656,0
-3.3604143,-0.27231455,-3.7252142,-0.033394933,-0.37111402,-0.92798656,0
-5.2735553,-0.96483922,-0.29140568,-0.87329245,-0.44071668,0.20767498,0
3.0183663,3.8728213,-3.2295592,0.87329245,0.44071668,-0.20767498,0
0.035491109,3.5946112,2.4983809,0.033394933,0.37111402,0.92798656,0
1.1136937,4.479455,-1.222229,-0.48605025,0.81733906,-0.30937335,0
-4.9842319,0.0061590672,2.3970203,-0.87329245,-0.44071668,0.20767498,0
3.1308339,4.6145778,-0.91538787,0.87329245,0.44071668,-0.20767498,0
-5.2193561,-1.8476398,-0.86920929,-0.87329245,-0.44071668,0.20767498,0
4.8974566,2.5332627,1.4425793,0.87329245,0.44071668,-0.20767498,0
-3.4733143,-3.9450309,0.38474226,-0.87329245,-0.44071668,0.20767498,0
5.612299,0.77192616,0.40477562,0.87329245,0.44071668,-0.20767498,0
3.1063969,0.79683733,3.1297574,0.033394933,0.37111402,0.92798656,0
-2.1190894,-0.84216928,4.3743801,0.033394933,0.37111402,0.92798656,0
-3.0338502,-4.0333314,3.3814938,-0.87329245,-0.44071668,0.20767498,0
0.91066408,-2.003835,4.2516818,0.48605025,-0.81733906,0.30937335,0
-3.2322791,2.4770482,0.65698862,-0.48605025,0.81733906,-0.30937335,0
-1.9710865,0.95146012,-4.2618303,-0.033394933,-0.37111402,-0.92798656,0
-4.7046022,-0.53828812,2.6783605,-0.87329245,-0.44071668,0.20767498,0
-3.7466989,-2.2361221,3.2781086,-0.87329245,-0.44071668,0.20767498,0
-4.3435411,-2.0324273,1.5942731,-0.87329245,-0.44071668,0.20767498,0
-4.2473269,2.11432,2.9211316,0.033394933,0.37111402,0.92798656,0
0.5264585,-0.41834021,3.7575784,0.033394933,0.37111402,0.92798656,0
-2.7440376,-0.13624859,3.7426205,0.033394933,0.37111402,0.92798656,0
-6.1848154,-0.94914311,-3.1106319,-0.87329245,-0.44071668,0.20767498,0
1.2140665,-1.7781892,-3.0864151,-0.033394933,-0.37111402,-0.92798656,0
1.2386174,4.5415039,1.9344828,0.033394933,0.37111402,0.92798656,0
-4.8030987,0.94100952,-0.65337324,-0.48605025,0.81733906,-0.30937335,0
0.75745821,4.2822018,-1.4669034,-0.48605025,0.81733906,-0.30937335,0
-4.3324909,-1.3409259,3.2105894,-0.87329245,-0.44071668,0.20767498,0
0.47222757,3.8369021,-1.2937807,-0.48605025,0.81733906,-0.30937335,0
-4.4301567,2.3397388,1.6740699,-0.48605025,0.81733906,-0.30937335,0
4.7211576,0.86790085,-3.1693029,0.87329245,0.44071668,-0.20767498,0
-1.992424,1.306361,-4.1458669,-0.033394933,-0.37111402,-0.92798656,0
-2.7731409,-5.7483387,-0.39406896,-0.87329245,-0.44071668,0.20767498,0
-2.9356546,0.0019111633,-3.5048113,-0.033394933,-0.37111402,-0.92798656,0
-4.4655199,0.96623611,3.4862337,0.033394933,0.37111402,0.92798656,0
-3.2805367,3.1241779,1.6490979,-0.48605025,0.81733906,-0.30937335,0
1.7643501,-0.98804855,-3.6004407,-0.033394933,-0.37111402,-0.92798656,0
-1.1782073,2.0215516,2.8026059,0.033394933,0.37111402,0.92798656,0
0.14479113,4.316937,0.35519731,-0.48605025,0.81733906,-0.30937335,0
-0.29428959,-4.560153,-2.1314189,-0.033394933,-0.37111402,-0.92798656,0
-5.3614297,-0.7339859,0.82405567,-0.87329245,-0.44071668,0.20767498,0
-3.6947036,-3.242439,1.4211636,-0.87329245,-0.44071668,0.20767498,0
-1.5143987,-0.12688279,3.8244882,0.033394933,0.37111402,0.92798656,0
-1.8166666,-5.5273991,-0.28210092,0.48605025,-0.81733906,0.30937335,0
-4.900794,-1.3836145,0.46174479,-0.87329245,-0.44071668,0.20767498,0
-0.12288952,-3.9441481,1.1216713,0.48605025,-0.81733906,0.30937335,0
4.4949841,1.3106391,-2.8958354,0.87329245,0.44071668,-0.20767498,0
