-2.0012619,4.529624,1.232585,0.090395123,0.93145132,-0.35245863,0
3.3674309,-2.2548504,1.7431617,0.99448448,-0.10332623,-0.018007159,0
3.1352959,-2.0672228,-1.0556431,0.99448448,-0.10332623,-0.018007159,0
3.7060165,2.6720314,-0.67106795,0.99448448,-0.10332623,-0.018007159,0
3.8444097,1.10632,1.2311416,0.99448448,-0.10332623,-0.018007159,0
2.3505445,0.24221069,3.5647078,0.053191125,0.34888688,0.9356541,0
1.3832895,-3.0915382,1.8319263,-0.090395123,-0.93145132,0.35245863,0
-3.5006905,-3.2605829,0.92775965,-0.090395123,-0.93145132,0.35245863,0
-0.091919661,-4.104744,-0.67957044,-0.090395123,-0.93145132,0.35245863,0
0.36194646,2.3750668,-3.8372753,0.090395123,0.93145132,-0.35245863,0
2.6108713,-3.0950925,-2.8110449,-0.053191125,-0.34888688,-0.9356541,0
-3.2702231,0.63058758,2.4290907,-0.99448448,0.10332623,0.018007159,0
-1.321887,3.1891658,2.7961967,0.053191125,0.34888688,0.9356541,0
-1.0553255,-2.052511,-2.9601922,-0.053191125,-0.34888688,-0.9356541,0
-2.0267811,-1.8577316,-2.8444691,-0.053191125,-0.34888688,-0.9356541,0
-1.9964757,-2.0597706,-2.7059989,-0.053191125,-0.34888688,-0.9356541,0
0.040095329,2.1038277,2.9294395,0.053191125,0.34888688,0.9356541,0
2.4562941,-3.7675476,0.34204292,-0.090395123,-0.93145132,0.35245863,0
-0.20371795,3.6399202,2.2655659,0.053191125,0.34888688,0.9356541,0
0.053742349,-2.7715225,2.5049157,-0.090395123,-0.93145132,0.35245863,0
-1.3692801,-0.10192037,-3.6960173,-0.053191125,-0.34888688,-0.9356541,0
1.0292728,1.4965982,-4.4020534,-0.053191125,-0.34888688,-0.9356541,0
3.7074876,0.29727203,2.1057487,0.99448448,-0.10332623,-0.018007159,0
3.058686,-3.9957776,-1.4702377,0.99448448,-0.10332623,-0.018007159,0
3.7998762,2.4871397,0.23701954,0.99448448,-0.10332623,-0.018007159,0
3.0139585,-3.4141684,0.011304855,0.99448448,-0.10332623,-0.018007159,0
-2.3253572,-1.6376375,-3.0071449,-0.053191125,-0.34888688,-0.9356541,0
0.5716908,3.9949307,2.0724905,0.053191125,0.34888688,0.9356541,0
-3.0692255,4.1843996,0.75729513,0.090395123,0.93145132,-0.35245863,0
3.829932,3.5522516,1.0740515,0.99448448,-0.10332623,-0.018007159,0
1.4067394,3.5347669,-0.67382622,0.090395123,0.93145132,-0.35245863,0
3.2941957,-2.5697656,3.8800874,-0.090395123,-0.93145132,0.35245863,0
-2.9682231,2.2000957,-4.4185672,-0.053191125,-0.34888688,-0.9356541,0
3.2184336,-3.6494722,-1.5019002,0.99448448,-0.10332623,-0.018007159,0
1.2356648,2.7353387,-1.9900995,0.090395123,0.93145132,-0.35245863,0
0.86664104,4.0341377,1.293573,0.090395123,0.93145132,-0.35245863,0
3.7787428,0.12017798,2.5897789,0.99448448,-0.10332623,-0.018007159,0
-2.8564923,4.5128903,2.0249858,0.053191125,0.34888688,0.9356541,0
-3.3326373,1.8563777,1.3703382,-0.99448448,0.10332623,0.018007159,0
-3.5189717,-0.94046259,2.3335915,-0.99448448,0.10332623,0.018007159,0
0.23697138,1.7621813,3.272604,0.053191125,0.34888688,0.9356541,0
-2.0038815,4.0366716,2.2299714,0.053191125,0.34888688,0.9356541,0
-1.1795026,1.8527384,-4.4691696,-0.053191125,-0.34888688,-0.9356541,0
0.7656858,2.7028763,2.8518636,0.053191125,0.34888688,0.9356541,0
-3.4072104,0.2781176,-2.4651213,-0.99448448,0.10332623,0.018007159,0
-2.1395516,-4.0493603,-1.8633614,-0.090395123,-0.93145132,0.35245863,0
-0.18647313,-3.0036659,2.3685877,-0.090395123,-0.93145132,0.35245863,0
0.84804225,-4.3684254,-1.5710192,-0.090395123,-0.93145132,0.35245863,0
-3.1184773,3.9635396,1.2737112,-0.99448448,0.10332623,0.018007159,0
-3.8144512,-1.270082,-2.8391051,-0.99448448,0.10332623,0.018007159,0
-3.268924,2.9052694,1.8072801,-0.99448448,0.10332623,0.018007159,0
3.5951557,3.349226,-0.31052518,0.090395123,0.93145132,-0.35245863,0
-3.8915324,-2.6706192,0.20531416,-0.99448448,0.10332623,0.018007159,0
-3.0200658,3.5507143,0.29335403,-0.99448448,0.10332623,0.018007159,0
2.2070689,-3.2654622,1.4812462,-0.090395123,-0.93145132,0.35245863,0
1.9523765,-3.2131782,1.721146,-0.090395123,-0.93145132,0.35245863,0
3.5596638,-1.0720227,-0.59153247,0.99448448,-0.10332623,-0.018007159,0
3.6825337,0.64087009,-2.8773961,0.99448448,-0.10332623,-0.018007159,0
0.53245497,-0.26576209,3.8250055,0.053191125,0.34888688,0.9356541,0
-3.3586204,1.3577746,0.1607554,-0.99448448,0.10332623,0.018007159,0
3.6114559,1.4771328,-2.2784724,0.99448448,-0.10332623,-0.018007159,0
-3.7481554,-3.1071765,-2.3152955,-0.99448448,0.10332623,0.018007159,0
-3.6594033,-2.4455037,3.0313432,-0.090395123,-0.93145132,0.35245863,0
1.7929363,-3.8609779,0.66546559,-0.090395123,-0.93145132,0.35245863,0
2.5317197,2.4271436,-2.9247046,0.090395123,0.93145132,-0.35245863,0
3.7289815,0.25448358,0.41049457,0.99448448,-0.10332623,-0.018007159,0
3.0849619,-3.8637466,-0.2382884,0.99448448,-0.10332623,-0.018007159,0
-3.2753458,3.455729,1.9471626,-0.99448448,0.10332623,0.018007159,0
-3.3955929,1.0319215,2.3783007,-0.99448448,0.10332623,0.018007159,0
0.95155191,-3.4816725,1.1611329,-0.090395123,-0.93145132,0.35245863,0
-3.7710133,-1.3329186,-0.28898454,-0.99448448,0.10332623,0.018007159,0
-3.6334481,-0.057470798,0.069094419,-0.99448448,0.10332623,0.018007159,0
3.7540917,1.9318998,-0.50968766,0.99448448,-0.10332623,-0.018007159,0
-0.93567777,-2.3037593,-2.7059503,-0.053191125,-0.34888688,-0.9356541,0
1.6701411,3.7754436,0.85257447,0.090395123,0.93145132,-0.35245863,0
-3.6252604,-2.1823947,-2.2897174,-0.99448448,0.10332623,0.018007159,0
3.6557117,-0.26528692,-1.7923536,0.99448448,-0.10332623,-0.018007159,0
0.088523626,-2.7222991,3.2323709,-0.090395123,-0.93145132,0.35245863,0
2.5406663,2.7576833,2.361094,0.053191125,0.34888688,0.9356541,0
-2.6163979,-3.5722466,-0.60852629,-0.090395123,-0.93145132,0.35245863,0
-2.5771017,3.065218,-3.0515351,0.090395123,0.93145132,-0.35245863,0
-3.2323968,2.1587808,-4.1557713,-0.99448448,0.10332623,0.018007159,0
1.021266,1.5272305,3.2320502,0.053191125,0.34888688,0.9356541,0
1.1503534,-4.3916836,-1.9055579,-0.090395123,-0.93145132,0.35245863,0
2.1834219,-4.0683832,-0.71227884,-0.090395123,-0.93145132,0.35245863,0
-2.4072914,-3.3748446,0.13704669,-0.090395123,-0.93145132,0.35245863,0
-1.8834002,-4.0146508,-1.3401952,-0.090395123,-0.93145132,0.35245863,0
-0.54759896,3.5876899,-0.7770896,0.090395123,0.93145132,-0.35245863,0
2.481833,2.1702676,-2.9977674,0.090395123,0.93145132,-0.35245863,0
-3.4677012,2.3194139,-3.2341681,-0.99448448,0.10332623,0.018007159,0
0.092142105,-1.482734,4.4363599,0.053191125,0.34888688,0.9356541,0
2.4036973,-3.319531,2.2991362,-0.090395123,-0.93145132,0.35245863,0
1.9939294,1.0746164,-4.2092342,-0.053191125,-0.34888688,-0.9356541,0
-1.269788,-3.9867141,-1.3524176,-0.090395123,-0.93145132,0.35245863,0
3.3980422,0.21540654,2.0324812,0.99448448,-0.10332623,-0.018007159,0
3.4084463,1.7238331,-4.0466843,0.090395123,0.93145132,-0.35245863,0
-3.3814759,-1.4707246,4.4741488,0.053191125,0.34888688,0.9356541,0
-2.1085696,3.8182678,-0.74362826,0.090395123,0.93145132,-0.35245863,0
-3.2316444,-2.9428368,1.6368613,-0.090395123,-0.93145132,0.35245863,0
-3.090611,3.9554763,1.3187537,-0.99448448,0.10332623,0.018007159,0
-3.5997343,-0.28529614,-1.4309397,-0.99448448,0.10332623,0.018007159,0
-0.13440382,3.7573214,-0.47877496,0.090395123,0.93145132,-0.35245863,0
-1.5225255,-2.2404985,3.4597435,-0.090395123,-0.93145132,0.35245863,0
-3.2298708,2.2098334,-4.1819501,-0.99448448,0.10332623,0.018007159,0
0.98706937,-1.2427162,-3.1546316,-0.053191125,-0.34888688,-0.9356541,0
2.8631659,3.0084033,-1.2851334,0.090395123,0.93145132,-0.35245863,0
-3.2977581,1.2442567,2.4218967,-0.99448448,0.10332623,0.018007159,0
-0.39851367,-2.5475638,2.8809915,-0.090395123,-0.93145132,0.35245863,0
2.9312921,3.8534024,0.99702889,0.090395123,0.93145132,-0.35245863,0
-0.28695464,2.3543377,3.0438752,0.053191125,0.34888688,0.9356541,0
-0.99449301,0.10296535,3.687659,0.053191125,0.34888688,0.9356541,0
1.0044101,-2.2347751,4.6148391,-0.090395123,-0.93145132,0.35245863,0
0.90488696,-3.6571383,0.11030936,-0.090395123,-0.93145132,0.35245863,0
1.8210242,-3.6671569,1.127785,-0.090395123,-0.93145132,0.35245863,0
1.5151699,1.9886041,-3.7396595,0.090395123,0.93145132,-0.35245863,0
3.2882936,-1.2738851,0.26326108,0.99448448,-0.10332623,-0.018007159,0
-2.4825006,-4.3290358,-1.8576804,-0.090395123,-0.93145132,0.35245863,0
-0.55433655,3.8004267,2.5479083,0.053191125,0.34888688,0.9356541,0
-3.5484025,-1.2556207,-2.968972,-0.053191125,-0.34888688,-0.9356541,0
3.7434874,2.0312645,2.8652828,0.053191125,0.34888688,0.9356541,0
-0.98104668,-2.6111073,-2.801266,-0.053191125,-0.34888688,-0.9356541,0
-1.673991,2.1045249,3.1685519,0.053191125,0.34888688,0.9356541,0
3.38306,1.2421188,-4.1102901,0.99448448,-0.10332623,-0.018007159,0
0.35668826,-1.6356547,4.4095893,0.053191125,0.34888688,0.9356541,0
3.1121728,-2.3999627,2.3418267,0.99448448,-0.10332623,-0.018007159,0
3.1565683,-2.6133931,-1.9970202,0.99448448,-0.10332623,-0.018007159,0
1.6449106,-1.8269484,4.2759137,0.053191125,0.34888688,0.9356541,0
0.67638516,1.0303928,3.3160627,0.053191125,0.34888688,0.9356541,0
3.3031764,-0.58336687,-1.1690834,0.99448448,-0.10332623,-0.018007159,0
2.7143312,0.39678815,3.4529524,0.053191125,0.34888688,0.9356541,0
-0.06139648,3.5343382,-0.59489942,0.090395123,0.93145132,-0.35245863,0
1.4092283,-2.93957,1.9701569,-0.090395123,-0.93145132,0.35245863,0
-3.7690296,-3.0066154,0.53065205,-0.99448448,0.10332623,0.018007159,0
3.5134373,1.4609442,3.0035989,0.053191125,0.34888688,0.9356541,0
1.589396,3.4857767,2.3780382,0.053191125,0.34888688,0.9356541,0
-0.55874348,0.81178427,-4.0948229,-0.053191125,-0.34888688,-0.9356541,0
0.78482246,4.1654196,2.2982211,0.053191125,0.34888688,0.9356541,0
3.2394409,-3.9439821,-0.40441513,0.99448448,-0.10332623,-0.018007159,0
-1.9457754,-2.4898744,-2.5363383,-0.053191125,-0.34888688,-0.9356541,0
2.1372948,-4.3693171,-2.1972311,-0.053191125,-0.34888688,-0.9356541,0
1.7332454,2.8037152,-1.8546592,0.090395123,0.93145132,-0.35245863,0
-2.2272887,-3.2041454,-2.5426087,-0.053191125,-0.34888688,-0.9356541,0
3.5918186,4.2514997,1.9364493,0.090395123,0.93145132,-0.35245863,0
-3.4664969,0.31858259,-2.5184464,-0.99448448,0.10332623,0.018007159,0
0.10343647,-4.2633619,-2.1883278,-0.053191125,-0.34888688,-0.9356541,0
0.36109161,4.2254343,1.5235035,0.090395123,0.93145132,-0.35245863,0
-3.6892498,-3.3802149,0.11183763,-0.090395123,-0.93145132,0.35245863,0
1.3727665,0.0090932846,-3.7503476,-0.053191125,-0.34888688,-0.9356541,0
-3.0915534,1.0417117,3.6268609,0.053191125,0.34888688,0.9356541,0
-3.2893114,-1.2840371,4.6199179,0.053191125,0.34888688,0.9356541,0
-0.64131629,-3.4337566,0.15174833,-0.090395123,-0.93145132,0.35245863,0
-3.5235689,1.2376077,2.7541392,-0.99448448,0.10332623,0.018007159,0
-0.9283812,-0.027743816,3.6758661,0.053191125,0.34888688,0.9356541,0
3.1102495,-3.1300137,2.3827472,-0.090395123,-0.93145132,0.35245863,0
-1.439384,-3.4102206,-2.4715281,-0.053191125,-0.34888688,-0.9356541,0
-3.2079318,4.3038063,1.807981,-0.99448448,0.10332623,0.018007159,0
3.0718184,-3.7588878,0.43423247,-0.090395123,-0.93145132,0.35245863,0
0.49557948,-2.8557477,-2.7430527,-0.053191125,-0.34888688,-0.9356541,0
1.5666366,1.785533,-4.3690987,-0.053191125,-0.34888688,-0.9356541,0
3.2167983,-3.7576501,1.1579835,-0.090395123,-0.93145132,0.35245863,0
2.126265,3.6425004,-0.29874545,0.090395123,0.93145132,-0.35245863,0
1.5592554,0.85089296,3.2684684,0.053191125,0.34888688,0.9356541,0
0.70703769,0.57747072,3.6693563,0.053191125,0.34888688,0.9356541,0
-3.2918346,0.8296988,2.1051791,-0.99448448,0.10332623,0.018007159,0
-1.5111237,4.2364836,0.63764238,0.090395123,0.93145132,-0.35245863,0
1.2378396,-3.4841504,1.4115512,-0.090395123,-0.93145132,0.35245863,0
-3.3285544,1.1386136,-2.4709322,-0.99448448,0.10332623,0.018007159,0
-1.0443113,-0.90900612,4.292768,0.053191125,0.34888688,0.9356541,0
-2.800823,-2.3035507,-2.5565045,-0.053191125,-0.34888688,-0.9356541,0
3.5278563,-0.65575922,-1.7165365,0.99448448,-0.10332623,-0.018007159,0
-3.4004259,2.4130373,1.068203,-0.99448448,0.10332623,0.018007159,0
-1.0605423,-0.9719553,4.224215,0.053191125,0.34888688,0.9356541,0
-3.5961549,-0.8572855,1.0366158,-0.99448448,0.10332623,0.018007159,0
-2.3867595,-2.8362494,-2.6456213,-0.053191125,-0.34888688,-0.9356541,0
-3.596067,-2.290637,-0.45640993,-0.99448448,0.10332623,0.018007159,0
3.3531339,-2.3673401,-2.0984738,0.99448448,-0.10332623,-0.018007159,0
1.7047598,3.3470495,2.6024823,0.053191125,0.34888688,0.9356541,0
-3.3980894,-0.058042876,-1.8202378,-0.99448448,0.10332623,0.018007159,0
-3.7858081,-1.5416181,-1.8521353,-0.99448448,0.10332623,0.018007159,0
0.8103385,-0.87045169,-3.3677523,-0.053191125,-0.34888688,-0.9356541,0
3.5429935,3.3672764,2.1953053,0.053191125,0.34888688,0.9356541,0
2.469847,0.0077807903,-3.7784011,-0.053191125,-0.34888688,-0.9356541,0
2.227845,-4.5497909,-1.2689323,-0.090395123,-0.93145132,0.35245863,0
-3.365623,-2.0236077,3.2226143,-0.090395123,-0.93145132,0.35245863,0
3.2932944,4.0008221,1.6671926,0.090395123,0.93145132,-0.35245863,0
2.9287424,2.2001667,2.7191246,0.053191125,0.34888688,0.9356541,0
-3.7610712,-1.0615561,2.1603081,-0.99448448,0.10332623,0.018007159,0
-3.2638195,1.3251686,-3.2339907,-0.99448448,0.10332623,0.018007159,0
3.4085708,-2.0967937,-0.57879519,0.99448448,-0.10332623,-0.018007159,0
-3.8114893,-2.0967219,-1.6104472,-0.99448448,0.10332623,0.018007159,0
1.5386147,2.3753586,2.733408,0.053191125,0.34888688,0.9356541,0
3.6144421,3.6600976,1.0204734,0.090395123,0.93145132,-0.35245863,0
3.5402765,-0.76973653,-0.65743399,0.99448448,-0.10332623,-0.018007159,0
-3.0965714,-3.5638313,-0.064144731,-0.090395123,-0.93145132,0.35245863,0
-1.4382401,-1.605709,-3.1808336,-0.053191125,-0.34888688,-0.9356541,0
-0.058328152,4.3340502,1.3067292,0.090395123,0.93145132,-0.35245863,0
3.706665,2.1219573,-2.8141108,0.090395123,0.93145132,-0.35245863,0
-3.3513882,2.7934189,1.3907776,-0.99448448,0.10332623,0.018007159,0
-0.34152198,4.0467472,0.66959274,0.090395123,0.93145132,-0.35245863,0
0.98786843,-2.0300086,4.4782395,-0.090395123,-0.93145132,0.35245863,0
3.2348554,-2.3550196,2.9802768,0.99448448,-0.10332623,-0.018007159,0
-3.4099302,0.77534616,1.2953608,-0.99448448,0.10332623,0.018007159,0
-1.0044756,3.6415191,2.5061519,0.053191125,0.34888688,0.9356541,0
3.290359,-2.4586484,2.7912776,0.99448448,-0.10332623,-0.018007159,0
3.6551499,0.63260996,1.1584969,0.99448448,-0.10332623,-0.018007159,0
-0.73413914,-2.6645436,2.2907898,-0.090395123,-0.93145132,0.35245863,0
3.7533894,2.3330908,1.2051505,0.99448448,-0.10332623,-0.018007159,0
0.3434329,-1.1579676,4.1945615,0.053191125,0.34888688,0.9356541,0
2.5705237,-4.0225306,-0.036097527,-0.090395123,-0.93145132,0.35245863,0
1.7886863,-1.0924749,4.0694385,0.053191125,0.34888688,0.9356541,0
3.2641535,-1.3999212,4.1213431,0.053191125,0.34888688,0.9356541,0
-3.9885337,-3.6277354,-1.8125298,-0.99448448,0.10332623,0.018007159,0
-1.4850378,3.9136581,2.2959747,0.053191125,0.34888688,0.9356541,0
-3.1781492,3.415771,-1.5245152,-0.99448448,0.10332623,0.018007159,0
-1.2784681,0.25885856,-3.8537936,-0.053191125,-0.34888688,-0.9356541,0
3.3204958,-2.4179397,4.508502,-0.090395123,-0.93145132,0.35245863,0
-3.5259213,-1.1466908,2.4634917,-0.99448448,0.10332623,0.018007159,0
1.6947229,-2.5520425,3.2457194,-0.090395123,-0.93145132,0.35245863,0
2.4432328,-2.4819281,-3.1589198,-0.053191125,-0.34888688,-0.9356541,0
-1.6348751,-2.0045888,-2.7290969,-0.053191125,-0.34888688,-0.9356541,0
3.8275003,2.1264133,-0.74057508,0.99448448,-0.10332623,-0.018007159,0
-3.2738037,1.5865617,3.2355042,-0.99448448,0.10332623,0.018007159,0
-0.38063121,3.6546555,0.18667352,0.090395123,0.93145132,-0.35245863,0
-2.1373265,-1.6919413,4.3451762,-0.090395123,-0.93145132,0.35245863,0
3.0676074,-1.8683574,-3.0595622,-0.053191125,-0.34888688,-0.9356541,0
3.570966,0.032736063,-0.33069491,0.99448448,-0.10332623,-0.018007159,0
0.62331057,-0.10898733,-3.7778788,-0.053191125,-0.34888688,-0.9356541,0
-3.3193264,3.2368047,-2.293746,0.090395123,0.93145132,-0.35245863,0
-3.7825105,-4.061799,-2.0485663,-0.99448448,0.10332623,0.018007159,0
3.0714831,-1.8908055,-2.8365526,0.99448448,-0.10332623,-0.018007159,0
-0.59364653,-3.9495175,-2.1506791,-0.053191125,-0.34888688,-0.9356541,0
-1.3660638,-4.2270112,-1.6686934,-0.090395123,-0.93145132,0.35245863,0
1.3004739,-0.75791669,-3.641082,-0.053191125,-0.34888688,-0.9356541,0
-1.7817388,3.6760828,-0.38168573,0.090395123,0.93145132,-0.35245863,0
3.2849474,-2.7081392,-1.2913213,0.99448448,-0.10332623,-0.018007159,0
3.6254897,-0.33259988,2.5346894,0.99448448,-0.10332623,-0.018007159,0
1.5529239,-2.5886862,3.8621299,-0.090395123,-0.93145132,0.35245863,0
0.62539363,1.7063098,-4.2840996,-0.053191125,-0.34888688,-0.9356541,0
-3.6810679,-2.6076355,1.4435501,-0.99448448,0.10332623,0.018007159,0
2.9619017,1.5623646,-4.4541235,-0.053191125,-0.34888688,-0.9356541,0
-0.40540576,3.3932869,-0.69526047,0.090395123,0.93145132,-0.35245863,0
3.1899228,-3.449121,-1.6512356,0.99448448,-0.10332623,-0.018007159,0
-3.6695824,-0.099622488,3.1271272,-0.99448448,0.10332623,0.018007159,0
3.4324298,-0.50128508,1.2426023,0.99448448,-0.10332623,-0.018007159,0
3.483263,0.91802764,0.46804714,0.99448448,-0.10332623,-0.018007159,0
3.3811877,-1.5617983,0.65370917,0.99448448,-0.10332623,-0.018007159,0
0.68178606,-4.5056224,-1.9144917,-0.090395123,-0.93145132,0.35245863,0
-0.9667089,-1.7874479,4.2589307,0.053191125,0.34888688,0.9356541,0
2.0744636,0.28348595,3.5610452,0.053191125,0.34888688,0.9356541,0
-2.111958,-3.7098961,-0.67668819,-0.090395123,-0.93145132,0.35245863,0
-3.1031768,4.1900492,0.93978214,-0.99448448,0.10332623,0.018007159,0
-0.27233815,0.58544689,3.488641,0.053191125,0.34888688,0.9356541,0
3.4981244,-2.2303309,1.3162761,0.99448448,-0.10332623,-0.018007159,0
0.49889874,-2.3369734,-3.0417027,-0.053191125,-0.34888688,-0.9356541,0
2.6017447,0.19159269,-4.167366,-0.053191125,-0.34888688,-0.9356541,0
4.0358047,3.9473054,2.0541835,0.053191125,0.34888688,0.9356541,0
-1.3346567,-3.9796338,-2.236541,-0.053191125,-0.34888688,-0.9356541,0
-3.2914145,1.1653545,-2.6265688,-0.99448448,0.10332623,0.018007159,0
0.42913365,-1.1203761,4.1654077,0.053191125,0.34888688,0.9356541,0
-3.1571031,-0.58482075,3.9878478,0.053191125,0.34888688,0.9356541,0
3.4587586,-1.8835592,-0.80385303,0.99448448,-0.10332623,-0.018007159,0
-3.6946998,-0.80621529,2.8382745,-0.99448448,0.10332623,0.018007159,0
-3.2945447,1.0216628,-1.1551626,-0.99448448,0.10332623,0.018007159,0
1.5784836,-0.58973014,-3.49543,-0.053191125,-0.34888688,-0.9356541,0
3.281743,-1.5100362,-1.9441981,0.99448448,-0.10332623,-0.018007159,0
3.4225247,-1.5783895,1.6424651,0.99448448,-0.10332623,-0.018007159,0
-0.48097968,2.010807,-4.4356337,-0.053191125,-0.34888688,-0.9356541,0
3.017442,-1.938591,-3.3758054,-0.053191125,-0.34888688,-0.9356541,0
2.0197375,3.6487312,2.3241849,0.053191125,0.34888688,0.9356541,0
1.8621392,-3.4057944,0.91857243,-0.090395123,-0.93145132,0.35245863,0
2.5614526,2.3435431,2.5443282,0.053191125,0.34888688,0.9356541,0
2.318768,4.0551529,1.37078,0.090395123,0.93145132,-0.35245863,0
1.8533738,0.65393662,-4.0239706,-0.053191125,-0.34888688,-0.9356541,0
1.4777052,0.66249657,-3.9717469,-0.053191125,-0.34888688,-0.9356541,0
-4.0590277,-3.493825,-0.68868279,-0.090395123,-0.93145132,0.35245863,0
-3.3694708,1.2408962,0.043105602,-0.99448448,0.10332623,0.018007159,0
-3.3369553,0.13139895,-1.0676658,-0.99448448,0.10332623,0.018007159,0
-1.9011989,4.0570402,2.4282298,0.053191125,0.34888688,0.9356541,0
-3.4921298,0.24954951,1.8736975,-0.99448448,0.10332623,0.018007159,0
0.68624282,-3.6434574,-2.3754623,-0.053191125,-0.34888688,-0.9356541,0
-1.2588775,-3.3548543,0.9195379,-0.090395123,-0.93145132,0.35245863,0
-1.0769236,-1.8196518,-3.1818786,-0.053191125,-0.34888688,-0.9356541,0
2.884716,2.6254377,-2.8086839,0.090395123,0.93145132,-0.35245863,0
-0.39687753,2.2946982,2.8008275,0.053191125,0.34888688,0.9356541,0
2.4208221,4.208004,1.9290392,0.090395123,0.93145132,-0.35245863,0
-0.7086494,2.8233895,2.7438424,0.053191125,0.34888688,0.9356541,0
0.63272107,-2.0415053,4.1387129,-0.090395123,-0.93145132,0.35245863,0
3.3954539,0.52042556,-3.6964891,0.99448448,-0.10332623,-0.018007159,0
0.52673805,-2.1929841,3.882338,-0.090395123,-0.93145132,0.35245863,0
3.0342302,-2.6964908,3.1683879,-0.090395123,-0.93145132,0.35245863,0
3.0373049,-3.267107,-0.66264939,0.99448448,-0.10332623,-0.018007159,0
-2.6041026,3.4221344,-1.7419138,0.090395123,0.93145132,-0.35245863,0
-2.2145133,2.310638,-4.2209196,0.090395123,0.93145132,-0.35245863,0
-1.5279531,-3.3987961,-2.2170002,-0.053191125,-0.34888688,-0.9356541,0
3.7536979,1.9949241,2.3705373,0.99448448,-0.10332623,-0.018007159,0
3.2405002,-2.6554737,-1.3126974,0.99448448,-0.10332623,-0.018007159,0
3.1133063,1.5879769,-4.3866978,0.090395123,0.93145132,-0.35245863,0
3.9054856,1.4670942,2.1282701,0.99448448,-0.10332623,-0.018007159,0
1.9650493,-3.8744431,-0.15110588,-0.090395123,-0.93145132,0.35245863,0
-1.8400284,1.734127,-4.3347535,-0.053191125,-0.34888688,-0.9356541,0
-3.7436128,-0.9787904,-1.245177,-0.99448448,0.10332623,0.018007159,0
-1.7742584,-1.0743299,4.0587301,0.053191125,0.34888688,0.9356541,0
-2.6722054,2.2277713,-4.3412356,-0.053191125,-0.34888688,-0.9356541,0
-0.58473825,2.0551286,-4.4669137,-0.053191125,-0.34888688,-0.9356541,0
0.70425749,-2.315809,-3.1092281,-0.053191125,-0.34888688,-0.9356541,0
-3.6338115,-0.57270527,2.7079558,-0.99448448,0.10332623,0.018007159,0
-3.2276578,2.906764,-0.60113692,-0.99448448,0.10332623,0.018007159,0
0.43978047,4.387887,1.9355683,0.090395123,0.93145132,-0.35245863,0
3.6659896,0.33044076,-1.8084767,0.99448448,-0.10332623,-0.018007159,0
3.5332317,0.10260838,0.89715028,0.99448448,-0.10332623,-0.018007159,0
3.5729206,0.21538067,-2.8709986,0.99448448,-0.10332623,-0.018007159,0
-1.8188853,-0.82140487,-3.41681,-0.053191125,-0.34888688,-0.9356541,0
2.0281825,-1.6262801,4.1486096,0.053191125,0.34888688,0.9356541,0
2.2338638,4.0973482,1.2396774,0.090395123,0.93145132,-0.35245863,0
-1.5440876,2.3920362,2.8225791,0.053191125,0.34888688,0.9356541,0
3.5577517,2.0402641,-3.3490725,0.99448448,-0.10332623,-0.018007159,0
-3.5836399,-1.5060967,-0.74499106,-0.99448448,0.10332623,0.018007159,0
-3.6356647,-0.9351964,-0.35338855,-0.99448448,0.10332623,0.018007159,0
-0.86271095,2.993439,-2.6094127,0.090395123,0.93145132,-0.35245863,0
3.1275868,-2.405005,3.9988356,-0.090395123,-0.93145132,0.35245863,0
-3.5159302,-3.4334192,-2.2485826,-0.053191125,-0.34888688,-0.9356541,0
-0.90170228,-3.0307682,1.7156844,-0.090395123,-0.93145132,0.35245863,0
3.3055243,-0.13499784,-1.320704,0.99448448,-0.10332623,-0.018007159,0
-1.2588036,-2.0724244,4.4326754,-0.090395123,-0.93145132,0.35245863,0
-0.78026223,-4.2390971,-1.2268974,-0.090395123,-0.93145132,0.35245863,0
0.1827631,3.0227854,2.4891059,0.053191125,0.34888688,0.9356541,0
2.6092474,-3.7228775,1.2540998,-0.090395123,-0.93145132,0.35245863,0
1.5209148,-4.1722784,-1.2640755,-0.090395123,-0.93145132,0.35245863,0
1.3593466,2.5762022,-2.2120721,0.090395123,0.93145132,-0.35245863,0
3.2734675,-1.297935,-1.2813144,0.99448448,-0.10332623,-0.018007159,0
-0.4497931,-2.9390545,2.5099919,-0.090395123,-0.93145132,0.35245863,0
1.4520633,0.07226944,-3.6459556,-0.053191125,-0.34888688,-0.9356541,0
2.2770214,1.8756013,-4.6855159,0.090395123,0.93145132,-0.35245863,0
-2.5213265,1.3734909,3.3953741,0.053191125,0.34888688,0.9356541,0
-0.20475811,2.7424111,-2.2417781,0.090395123,0.93145132,-0.35245863,0
1.1081021,3.2547793,2.3875928,0.053191125,0.34888688,0.9356541,0
2.8484311,3.8249245,1.344177,0.090395123,0.93145132,-0.35245863,0
3.4586895,2.155756,2.8187697,0.053191125,0.34888688,0.9356541,0
2.1550205,2.6584446,-1.8399209,0.090395123,0.93145132,-0.35245863,0
-1.9640279,-2.0485601,3.9990833,-0.090395123,-0.93145132,0.35245863,0
-1.2655911,0.047978163,-3.6061742,-0.053191125,-0.34888688,-0.9356541,0
-2.9903381,-3.8049915,-0.96206415,-0.090395123,-0.93145132,0.35245863,0
-1.3245944,0.25422764,-3.5668185,-0.053191125,-0.34888688,-0.9356541,0
-3.4083316,2.5133159,-0.58613729,-0.99448448,0.10332623,0.018007159,0
-3.0476511,4.0302687,1.1865416,-0.99448448,0.10332623,0.018007159,0
-3.8728554,-3.3011007,-1.469262,-0.99448448,0.10332623,0.018007159,0
0.9776957,-4.3112183,-2.0019224,-0.053191125,-0.34888688,-0.9356541,0
3.6474845,0.64937228,3.0855029,0.99448448,-0.10332623,-0.018007159,0
-3.3843641,2.8018656,-3.9510906,0.090395123,0.93145132,-0.35245863,0
3.1198759,-1.5063572,4.1156578,0.053191125,0.34888688,0.9356541,0
-3.0367379,-3.7394109,-0.33179462,-0.090395123,-0.93145132,0.35245863,0
3.4508433,-2.4995608,1.9839773,0.99448448,-0.10332623,-0.018007159,0
3.3846662,-2.7483616,1.3426681,0.99448448,-0.10332623,-0.018007159,0
2.8729281,-2.6751146,3.0744922,-0.090395123,-0.93145132,0.35245863,0
2.1559882,1.3477633,3.1209836,0.053191125,0.34888688,0.9356541,0
2.5539594,-4.6849709,-2.0898418,-0.053191125,-0.34888688,-0.9356541,0
-0.19829819,3.0287235,-1.8249209,0.090395123,0.93145132,-0.35245863,0
1.2738743,4.0574303,2.0050552,0.053191125,0.34888688,0.9356541,0
-1.9531516,2.9790046,-2.3238437,0.090395123,0.93145132,-0.35245863,0
1.5256133,2.7373576,2.6630213,0.053191125,0.34888688,0.9356541,0
0.40795517,2.4732115,-2.8627005,0.090395123,0.93145132,-0.35245863,0
2.3814116,-0.83468413,-3.5980442,-0.053191125,-0.34888688,-0.9356541,0
0.22832322,2.2052069,-4.390048,0.090395123,0.93145132,-0.35245863,0
-3.7556913,-1.7195755,-1.6126814,-0.99448448,0.10332623,0.018007159,0
0.72140288,-3.4979453,-2.4268892,-0.053191125,-0.34888688,-0.9356541,0
0.93079329,-2.6312761,-2.7182901,-0.053191125,-0.34888688,-0.9356541,0
2.918303,-2.7318432,3.1884787,-0.090395123,-0.93145132,0.35245863,0
2.3333013,3.4861047,0.31165802,0.090395123,0.93145132,-0.35245863,0
-2.9924841,-0.1292991,-3.658056,-0.053191125,-0.34888688,-0.9356541,0
3.7658176,3.6430094,2.0729771,0.053191125,0.34888688,0.9356541,0
-2.9967022,-2.1220264,3.6532812,-0.090395123,-0.93145132,0.35245863,0
1.8086578,-0.69299889,4.0469513,0.053191125,0.34888688,0.9356541,0
-3.6698468,-2.0638852,-0.5359869,-0.99448448,0.10332623,0.018007159,0
-2.6574912,4.1279111,0.85284281,0.090395123,0.93145132,-0.35245863,0
-3.1269882,2.1052182,0.15021586,-0.99448448,0.10332623,0.018007159,0
2.3248773,3.125335,-0.57952857,0.090395123,0.93145132,-0.35245863,0
-1.9179711,4.3179975,1.2231317,0.090395123,0.93145132,-0.35245863,0
-3.3686643,1.5213416,-2.1163795,-0.99448448,0.10332623,0.018007159,0
3.6366162,1.3095073,1.7617911,0.99448448,-0.10332623,-0.018007159,0
3.8639984,3.5763059,0.18650341,0.090395123,0.93145132,-0.35245863,0
-0.12694407,4.0642424,2.2065048,0.053191125,0.34888688,0.9356541,0
-1.3327484,4.565865,1.945195,0.090395123,0.93145132,-0.35245863,0
-1.8270118,2.1579912,2.8722188,0.053191125,0.34888688,0.9356541,0
1.2899508,3.7112045,2.0992835,0.053191125,0.34888688,0.9356541,0
3.6893821,0.26101705,2.4052269,0.99448448,-0.10332623,-0.018007159,0
2.9064655,2.6403937,2.6750722,0.053191125,0.34888688,0.9356541,0
-3.7136073,-1.9354665,0.7953639,-0.99448448,0.10332623,0.018007159,0
2.3812981,-0.35197783,-3.7969637,-0.053191125,-0.34888688,-0.9356541,0
3.03655,-3.2776518,-1.6783493,0.99448448,-0.10332623,-0.018007159,0
-3.0500126,-2.5344543,1.9409606,-0.090395123,-0.93145132,0.35245863,0
3.2343035,2.2708762,2.7898641,0.053191125,0.34888688,0.9356541,0
-3.3566353,2.091723,-3.7746344,-0.99448448,0.10332623,0.018007159,0
3.1769407,-2.7383926,1.2604222,0.99448448,-0.10332623,-0.018007159,0
3.3969622,-1.0573823,-3.1520932,0.99448448,-0.10332623,-0.018007159,0
-1.5933765,3.1711464,-1.9951645,0.090395123,0.93145132,-0.35245863,0
-3.5951829,-1.1086183,-0.92636776,-0.99448448,0.10332623,0.018007159,0
-3.7348359,-0.60887671,1.2048414,-0.99448448,0.10332623,0.018007159,0
1.2346539,4.1223817,1.4839516,0.090395123,0.93145132,-0.35245863,0
3.2481434,-1.8394084,-2.2447345,0.99448448,-0.10332623,-0.018007159,0
1.9328377,1.801887,-4.3694,-0.053191125,-0.34888688,-0.9356541,0
3.6465585,0.5244987,2.9437435,0.99448448,-0.10332623,-0.018007159,0
-2.8994226,-2.0547056,4.139143,-0.090395123,-0.93145132,0.35245863,0
-2.6921532,3.0007298,-2.6421707,0.090395123,0.93145132,-0.35245863,0
3.2267213,3.5676448,2.4091113,0.053191125,0.34888688,0.9356541,0
3.4389441,0.89195096,1.1286887,0.99448448,-0.10332623,-0.018007159,0
3.1377797,-2.61392,2.8751621,0.99448448,-0.10332623,-0.018007159,0
-2.5041034,4.8146496,1.6615083,0.090395123,0.93145132,-0.35245863,0
-2.0590973,3.2007697,2.7830856,0.053191125,0.34888688,0.9356541,0
2.2196927,-0.79950428,-3.5989189,-0.053191125,-0.34888688,-0.9356541,0
1.5650623,3.3859224,-0.28357249,0.090395123,0.93145132,-0.35245863,0
-3.0804684,1.8193073,-4.3864503,-0.053191125,-0.34888688,-0.9356541,0
3.4982774,-0.40712625,-0.55037427,0.99448448,-0.10332623,-0.018007159,0
-3.452003,-1.3603451,2.3316183,-0.99448448,0.10332623,0.018007159,0
-3.4734151,0.43772936,-3.3547332,-0.99448448,0.10332623,0.018007159,0
-1.8784389,-3.6681683,-0.28581899,-0.090395123,-0.93145132,0.35245863,0
-2.6644955,-2.2429194,-2.6288915,-0.053191125,-0.34888688,-0.9356541,0
1.0975596,2.2956781,-3.6708579,0.090395123,0.93145132,-0.35245863,0
-0.69732571,0.34665215,3.5609663,0.053191125,0.34888688,0.9356541,0
-3.6236985,-1.1798978,4.214643,-0.99448448,0.10332623,0.018007159,0
0.83990717,0.7722249,3.3998771,0.053191125,0.34888688,0.9356541,0
1.9150432,-0.86904335,4.0592737,0.053191125,0.34888688,0.9356541,0
1.9049578,4.0784569,1.688279,0.090395123,0.93145132,-0.35245863,0
1.8924251,0.15702844,-3.8856754,-0.053191125,-0.34888688,-0.9356541,0
-3.5049758,-0.23071432,2.0693631,-0.99448448,0.10332623,0.018007159,0
-2.7525024,3.2567863,-1.5346966,0.090395123,0.93145132,-0.35245863,0
3.2164917,-3.0572248,0.79434991,0.99448448,-0.10332623,-0.018007159,0
-0.32208276,2.4085722,-3.4123797,0.090395123,0.93145132,-0.35245863,0
-3.5174963,1.2925079,2.6050754,-0.99448448,0.10332623,0.018007159,0
1.5403237,-3.6103022,-2.3470049,-0.053191125,-0.34888688,-0.9356541,0
0.59898186,4.2244973,0.9899739,0.090395123,0.93145132,-0.35245863,0
3.3790808,2.9489846,-1.0597239,0.090395123,0.93145132,-0.35245863,0
-0.87768722,3.0839934,-1.4991955,0.090395123,0.93145132,-0.35245863,0
3.1581175,-3.3566482,1.575701,0.99448448,-0.10332623,-0.018007159,0
-3.5221367,0.76932049,-3.1761491,-0.99448448,0.10332623,0.018007159,0
-1.8961163,-3.7607241,-0.32065484,-0.090395123,-0.93145132,0.35245863,0
-3.8488741,-3.6168602,-0.97794092,-0.99448448,0.10332623,0.018007159,0
-3.1754978,-2.9001603,2.0095181,-0.090395123,-0.93145132,0.35245863,0
1.4209991,3.394892,-0.25872675,0.090395123,0.93145132,-0.35245863,0
2.3369141,4.4056997,1.8618491,0.053191125,0.34888688,0.9356541,0
3.1059043,1.037045,-4.0959921,-0.053191125,-0.34888688,-0.9356541,0
1.4811249,-3.3694963,-2.6111429,-0.053191125,-0.34888688,-0.9356541,0
-2.7504523,4.5655484,2.0540853,0.053191125,0.34888688,0.9356541,0
1.1621997,2.4719813,-2.6999869,0.090395123,0.93145132,-0.35245863,0
-0.83702612,-3.3587542,-2.5424457,-0.053191125,-0.34888688,-0.9356541,0
0.12297404,-2.601912,3.4183097,-0.090395123,-0.93145132,0.35245863,0
-2.6150424,3.2756171,2.5538018,0.053191125,0.34888688,0.9356541,0
2.4035664,-3.2080736,2.4663365,-0.090395123,-0.93145132,0.35245863,0
3.1885061,-3.1404557,-2.2466187,0.99448448,-0.10332623,-0.018007159,0
-0.19107056,1.3724225,3.0974858,0.053191125,0.34888688,0.9356541,0
3.4863043,0.92569482,0.58983207,0.99448448,-0.10332623,-0.018007159,0
-0.56247449,2.1648779,-4.5118575,-0.053191125,-0.34888688,-0.9356541,0
3.5178895,-0.58380884,2.7950754,0.99448448,-0.10332623,-0.018007159,0
-3.6375899,-1.0443661,-1.7147242,-0.99448448,0.10332623,0.018007159,0
-3.1811395,2.8505435,-3.0296865,-0.99448448,0.10332623,0.018007159,0
-0.29974747,2.1979504,-4.5538135,0.090395123,0.93145132,-0.35245863,0
3.2240946,0.15409553,3.6890078,0.053191125,0.34888688,0.9356541,0
-3.0196085,-1.1479455,-3.096323,-0.053191125,-0.34888688,-0.9356541,0
1.9469192,-1.6544708,-3.1377861,-0.053191125,-0.34888688,-0.9356541,0
0.74598813,4.0674877,2.094131,0.053191125,0.34888688,0.9356541,0
2.3798108,-2.1002727,-3.1154699,-0.053191125,-0.34888688,-0.9356541,0
-3.4387333,-0.9354794,1.291292,-0.99448448,0.10332623,0.018007159,0
-0.95163441,-0.85482544,-3.3001297,-0.053191125,-0.34888688,-0.9356541,0
1.6958833,2.7292979,2.4583063,0.053191125,0.34888688,0.9356541,0
1.6729622,2.4774704,-2.9375792,0.090395123,0.93145132,-0.35245863,0
3.4075661,-3.0057964,1.4047632,0.99448448,-0.10332623,-0.018007159,0
-0.2274766,-3.6083965,0.64004815,-0.090395123,-0.93145132,0.35245863,0
0.87009859,2.079071,3.0591691,0.053191125,0.34888688,0.9356541,0
-3.6661754,-2.5736697,-0.37690759,-0.99448448,0.10332623,0.018007159,0
-3.6041932,-2.989722,-2.5979364,-0.053191125,-0.34888688,-0.9356541,0
-3.2286716,-2.7685843,1.5411248,-0.090395123,-0.93145132,0.35245863,0
-3.7221818,-0.62894166,-2.4437916,-0.99448448,0.10332623,0.018007159,0
0.84449506,1.2919571,-4.3089361,-0.053191125,-0.34888688,-0.9356541,0
3.3095839,-1.8108816,3.8358905,0.99448448,-0.10332623,-0.018007159,0
-2.9608138,-1.5848527,4.4919286,-0.090395123,-0.93145132,0.35245863,0
-1.2607965,-3.4073102,0.82696402,-0.090395123,-0.93145132,0.35245863,0
-3.5456104,-0.37653995,3.124203,-0.99448448,0.10332623,0.018007159,0
-3.5229478,0.42655805,0.027163982,-0.99448448,0.10332623,0.018007159,0
-1.7063384,-4.2396154,-2.0987849,-0.053191125,-0.34888688,-0.9356541,0
2.6791809,-2.6304843,-2.7996554,-0.053191125,-0.34888688,-0.9356541,0
-0.854105,-0.7240479,4.2420759,0.053191125,0.34888688,0.9356541,0
-3.6317012,-2.2198682,3.5155685,-0.99448448,0.10332623,0.018007159,0
3.8252091,1.5636649,-3.0396559,0.99448448,-0.10332623,-0.018007159,0
-3.5341427,-1.95122,2.4223723,-0.99448448,0.10332623,0.018007159,0
0.46738219,3.957124,0.7011072,0.090395123,0.93145132,-0.35245863,0
1.8122773,-4.329761,-1.5669799,-0.090395123,-0.93145132,0.35245863,0
3.3471389,-3.4135218,1.7911851,0.99448448,-0.10332623,-0.018007159,0
-3.2242763,-1.9140748,-2.677738,-0.053191125,-0.34888688,-0.9356541,0
2.6307971,-0.5701139,-3.5358479,-0.053191125,-0.34888688,-0.9356541,0
1.5065188,-4.7623558,-2.0492399,-0.090395123,-0.93145132,0.35245863,0
-0.65636754,-3.6403139,0.011687994,-0.090395123,-0.93145132,0.35245863,0
-2.5255256,3.5246646,-1.06569,0.090395123,0.93145132,-0.35245863,0
1.0220234,-3.5050483,0.74880624,-0.090395123,-0.93145132,0.35245863,0
2.189208,-4.0676079,-0.76412487,-0.090395123,-0.93145132,0.35245863,0
-1.9307411,3.8703756,0.33417654,0.090395123,0.93145132,-0.35245863,0
-1.9725423,2.9084344,-2.9893193,0.090395123,0.93145132,-0.35245863,0
3.839901,2.1996627,-0.96130323,0.99448448,-0.10332623,-0.018007159,0
-2.2677073,-2.9637475,-2.5913506,-0.053191125,-0.34888688,-0.9356541,0
2.05955,-0.3394556,-3.6409326,-0.053191125,-0.34888688,-0.9356541,0
0.15219402,-4.18187,-1.979859,-0.053191125,-0.34888688,-0.9356541,0
3.1573184,-1.9012407,0.95194554,0.99448448,-0.10332623,-0.018007159,0
-0.18744183,-4.2329874,-2.0754564,-0.053191125,-0.34888688,-0.9356541,0
-3.5739336,-3.800247,-1.1126393,-0.090395123,-0.93145132,0.35245863,0
3.6670332,0.1928525,-2.3995237,0.99448448,-0.10332623,-0.018007159,0
2.2203352,-3.5514064,-2.5622792,-0.053191125,-0.34888688,-0.9356541,0
0.61350393,0.35089755,3.6889472,0.053191125,0.34888688,0.9356541,0
-3.2975025,2.2695358,-2.8256831,-0.99448448,0.10332623,0.018007159,0
1.6514421,2.9414639,-2.2771471,0.090395123,0.93145132,-0.35245863,0
-0.86261249,0.56003046,-3.7358942,-0.053191125,-0.34888688,-0.9356541,0
-2.2961206,1.2470891,-3.9842653,-0.053191125,-0.34888688,-0.9356541,0
0.61528051,3.5404465,-0.54638326,0.090395123,0.93145132,-0.35245863,0
-0.33438516,3.2277336,2.5597868,0.053191125,0.34888688,0.9356541,0
1.3206671,2.3153782,-3.0783896,0.090395123,0.93145132,-0.35245863,0
3.1214504,1.2709606,3.0253677,0.053191125,0.34888688,0.9356541,0
-0.25416565,3.50073,2.5926199,0.053191125,0.34888688,0.9356541,0
0.68414569,-2.0343053,-3.0983438,-0.053191125,-0.34888688,-0.9356541,0
-1.7522395,2.4523015,3.1055076,0.053191125,0.34888688,0.9356541,0
2.8357503,-4.4964523,-2.0640707,-0.053191125,-0.34888688,-0.9356541,0
-1.874069,-2.3848643,2.6640327,-0.090395123,-0.93145132,0.35245863,0
1.4911752,-2.8820035,2.8115869,-0.090395123,-0.93145132,0.35245863,0
-3.4988499,2.0658603,-1.4945176,-0.99448448,0.10332623,0.018007159,0
-0.2673068,3.4626665,2.6188164,0.053191125,0.34888688,0.9356541,0
-3.1548336,2.0129242,-1.7184818,-0.99448448,0.10332623,0.018007159,0
1.439989,-0.56392574,3.9290612,0.053191125,0.34888688,0.9356541,0
-3.4502635,1.5315132,3.2230976,-0.99448448,0.10332623,0.018007159,0
-3.7573199,-0.64633155,-2.398838,-0.99448448,0.10332623,0.018007159,0
-0.61660886,1.6826887,3.0474494,0.053191125,0.34888688,0.9356541,0
1.7274451,-4.2277217,-2.1658268,-0.053191125,-0.34888688,-0.9356541,0
1.9300727,-2.548116,3.7291071,-0.090395123,-0.93145132,0.35245863,0
3.6990528,3.3016598,0.63230443,0.99448448,-0.10332623,-0.018007159,0
-2.187429,0.30129766,-3.8148456,-0.053191125,-0.34888688,-0.9356541,0
-1.0706918,-3.777674,-2.1165149,-0.053191125,-0.34888688,-0.9356541,0
3.3293073,-0.73369753,1.5653369,0.99448448,-0.10332623,-0.018007159,0
-3.6395009,-3.8924668,-1.2798226,-0.090395123,-0.93145132,0.35245863,0
-0.90537512,3.7803943,-0.37812424,0.090395123,0.93145132,-0.35245863,0
3.3952823,-0.641312,-2.836859,0.99448448,-0.10332623,-0.018007159,0
3.7225409,1.1215775,2.4737706,0.99448448,-0.10332623,-0.018007159,0
-0.72967696,3.8352046,2.1865053,0.053191125,0.34888688,0.9356541,0
2.4462521,-2.0521851,-3.2006574,-0.053191125,-0.34888688,-0.9356541,0
-3.378171,-2.0226374,3.1516774,-0.090395123,-0.93145132,0.35245863,0
3.5564532,-0.9286412,-1.6039336,0.99448448,-0.10332623,-0.018007159,0
2.2789958,1.8347678,-4.1332221,0.090395123,0.93145132,-0.35245863,0
1.4051688,2.4726739,2.7468183,0.053191125,0.34888688,0.9356541,0
0.12032403,-3.1108456,2.2695251,-0.090395123,-0.93145132,0.35245863,0
-3.5788984,-1.8959141,3.4910727,-0.090395123,-0.93145132,0.35245863,0
-0.95705986,2.529211,2.8414853,0.053191125,0.34888688,0.9356541,0
3.7993259,1.9106393,-3.1079919,0.99448448,-0.10332623,-0.018007159,0
-2.993989,-4.1928349,-1.8720084,-0.090395123,-0.93145132,0.35245863,0
-2.3315835,-2.5116735,3.2517824,-0.090395123,-0.93145132,0.35245863,0
3.6430864,3.0227995,-0.96438074,0.99448448,-0.10332623,-0.018007159,0
-0.59006405,0.93738604,-4.0141902,-0.053191125,-0.34888688,-0.9356541,0
0.81298423,-4.4282074,-1.8924162,-0.090395123,-0.93145132,0.35245863,0
-0.063622236,-1.7212882,4.417387,0.053191125,0.34888688,0.9356541,0
2.4602251,-3.7848682,-2.5392437,-0.053191125,-0.34888688,-0.9356541,0
-0.24474549,1.7227376,-4.3525901,-0.053191125,-0.34888688,-0.9356541,0
1.8005533,-3.1007583,1.9025731,-0.090395123,-0.93145132,0.35245863,0
-0.4890368,-3.2444248,-2.6451912,-0.053191125,-0.34888688,-0.9356541,0
3.3272099,-0.46321946,2.3785913,0.99448448,-0.10332623,-0.018007159,0
2.8881423,2.8835394,-1.1525866,0.090395123,0.93145132,-0.35245863,0
3.0973701,-2.4517708,-0.1224494,0.99448448,-0.10332623,-0.018007159,0
3.5412409,-1.7642407,0.88260818,0.99448448,-0.10332623,-0.018007159,0
1.9906046,2.1016173,-4.1982355,0.090395123,0.93145132,-0.35245863,0
3.9067614,3.8105762,1.0753579,0.99448448,-0.10332623,-0.018007159,0
3.5946848,2.5054855,-2.3557079,0.090395123,0.93145132,-0.35245863,0
-2.3548532,-1.3172426,-3.111511,-0.053191125,-0.34888688,-0.9356541,0
-3.8048363,-1.394278,-1.7199607,-0.99448448,0.10332623,0.018007159,0
-1.7947001,-0.79578686,-3.5213141,-0.053191125,-0.34888688,-0.9356541,0
-0.60490727,3.9490128,0.91166413,0.090395123,0.93145132,-0.35245863,0
2.4558353,3.0980043,2.5208015,0.053191125,0.34888688,0.9356541,0
3.2327895,-4.2071385,-2.1665711,0.99448448,-0.10332623,-0.018007159,0
-2.4579287,1.5274856,-4.1595392,-0.053191125,-0.34888688,-0.9356541,0
1.6906567,3.547425,0.25437975,0.090395123,0.93145132,-0.35245863,0
3.2588079,-3.5094125,-1.7554669,0.99448448,-0.10332623,-0.018007159,0
-3.4379046,2.2568588,-3.8600349,-0.99448448,0.10332623,0.018007159,0
3.6280513,0.12593865,-2.0288618,0.99448448,-0.10332623,-0.018007159,0
3.2883534,-2.4139664,3.2669907,0.99448448,-0.10332623,-0.018007159,0
-2.0350974,2.6929467,-3.7399714,0.090395123,0.93145132,-0.35245863,0
-2.5789917,3.8798435,-0.34876513,0.090395123,0.93145132,-0.35245863,0
3.4619665,-0.18283074,1.8730893,0.99448448,-0.10332623,-0.018007159,0
0.59481573,-0.1701951,-3.5969231,-0.053191125,-0.34888688,-0.9356541,0
0.081232071,4.5073528,1.9467796,0.090395123,0.93145132,-0.35245863,0
