-1.42496,1.3785315,3.7932305,0.20624441,0.51778984,0.8302753,0
-1.07902,-4.570096,-0.33305472,-0.27455151,-0.78381032,0.55701256,0
-4.3904943,-1.1426413,2.8680978,-0.27455151,-0.78381032,0.55701256,0
2.8581941,-4.3750768,0.44298577,0.93919373,-0.342834,-0.01949656,0
4.1451473,0.38515854,-2.4947238,0.93919373,-0.342834,-0.01949656,0
0.30171609,-3.9897776,1.1565979,-0.27455151,-0.78381032,0.55701256,0
4.6157393,1.9962955,-1.2290907,0.27455151,0.78381032,-0.55701256,0
2.3677607,-4.5505724,-1.5082927,0.93919373,-0.342834,-0.01949656,0
2.4882329,-4.7273245,-1.3396072,0.93919373,-0.342834,-0.01949656,0
-1.1397753,-3.6666365,-1.7868111,-0.20624441,-0.51778984,-0.8302753,0
4.2016659,-0.093133092,1.9113851,0.93919373,-0.342834,-0.01949656,0
1.0775131,-1.5389891,-3.6763804,-0.20624441,-0.51778984,-0.8302753,0
3.5132117,-2.0623999,-2.8944073,0.93919373,-0.342834,-0.01949656,0
1.3640575,4.4012265,0.63544697,0.27455151,0.78381032,-0.55701256,0
-0.26749712,1.5135403,3.1223125,0.20624441,0.51778984,0.8302753,0
0.88961387,-2.6129572,2.8362265,-0.27455151,-0.78381032,0.55701256,0
1.3240283,2.1739297,-2.7270572,0.27455151,0.78381032,-0.55701256,0
3.0565772,2.4284835,-1.5554843,0.27455151,0.78381032,-0.55701256,0
2.2030852,0.84852386,3.3008733,0.20624441,0.51778984,0.8302753,0
-2.816572,4.3822923,0.87303185,-0.93919373,0.342834,0.01949656,0
3.4722581,-2.6807725,1.6982043,0.93919373,-0.342834,-0.01949656,0
-1.1360018,-2.1027918,-2.798156,-0.20624441,-0.51778984,-0.8302753,0
4.2055521,-0.12804961,-1.7722492,0.93919373,-0.342834,-0.01949656,0
-1.6079414,3.5923548,2.2841547,0.20624441,0.51778984,0.8302753,0
-1.0765607,-3.2720566,0.99708211,-0.27455151,-0.78381032,0.55701256,0
-2.6017962,2.6309195,3.0699565,0.20624441,0.51778984,0.8302753,0
2.639914,2.4567373,2.0872173,0.20624441,0.51778984,0.8302753,0
-4.9288473,-1.5296625,-0.024842739,-0.93919373,0.342834,0.01949656,0
-1.0828905,-4.4105291,-1.2073696,-0.20624441,-0.51778984,-0.8302753,0
3.4366536,-0.36654496,3.3680456,0.20624441,0.51778984,0.8302753,0
4.0816383,-0.16202462,0.050199032,0.93919373,-0.342834,-0.01949656,0
-1.1015658,-4.1415849,0.069564223,-0.27455151,-0.78381032,0.55701256,0
3.9586847,-1.0301752,-2.2543478,0.93919373,-0.342834,-0.01949656,0
-4.7539349,-1.0551803,0.020492554,-0.93919373,0.342834,0.01949656,0
3.4307547,-2.5641172,-2.505199,0.93919373,-0.342834,-0.01949656,0
-3.6358404,-3.1102183,-0.015216589,-0.27455151,-0.78381032,0.55701256,0
-3.8900757,-2.0765588,-1.9415448,-0.20624441,-0.51778984,-0.8302753,0
-0.054311037,1.9054403,-3.4771459,0.27455151,0.78381032,-0.55701256,0
4.7627869,0.95046008,-1.1678958,0.93919373,-0.342834,-0.01949656,0
-0.78170991,0.41516876,-4.1371002,-0.20624441,-0.51778984,-0.8302753,0
-0.28928685,4.5906973,1.4560302,0.20624441,0.51778984,0.8302753,0
2.389545,-4.8155718,0.68663311,0.93919373,-0.342834,-0.01949656,0
3.7568913,-0.46862078,-4.9635744,-0.20624441,-0.51778984,-0.8302753,0
-3.663753,1.3247393,-3.3582239,-0.93919373,0.342834,0.01949656,0
-3.24208,0.70572758,4.6926298,0.20624441,0.51778984,0.8302753,0
3.9417915,-1.2884653,0.38357353,0.93919373,-0.342834,-0.01949656,0
1.1182222,-4.6879439,0.10057998,-0.27455151,-0.78381032,0.55701256,0
3.2763066,0.57285261,-3.8824003,0.27455151,0.78381032,-0.55701256,0
-4.185729,0.59438562,-1.7408936,-0.93919373,0.342834,0.01949656,0
-2.2153857,2.1602249,3.3815846,0.20624441,0.51778984,0.8302753,0
1.7400615,-5.5617585,-1.1986196,-0.20624441,-0.51778984,-0.8302753,0
0.98118186,-1.8621233,4.1702733,-0.27455151,-0.78381032,0.55701256,0
-3.1816895,-3.5301881,-1.1814432,-0.20624441,-0.51778984,-0.8302753,0
3.8831034,-0.80934846,2.9764521,0.93919373,-0.342834,-0.01949656,0
-4.966815,-1.7951673,0.027783871,-0.93919373,0.342834,0.01949656,0
-0.40392852,2.9841185,-2.3721881,0.27455151,0.78381032,-0.55701256,0
4.7904663,2.1491098,1.5870166,0.20624441,0.51778984,0.8302753,0
-2.6504877,4.141017,-0.4891777,-0.93919373,0.342834,0.01949656,0
-0.83281046,0.16577911,-4.2716279,-0.20624441,-0.51778984,-0.8302753,0
-3.8097293,1.3333154,2.726861,-0.93919373,0.342834,0.01949656,0
2.4564369,-1.0759993,-4.2002096,-0.20624441,-0.51778984,-0.8302753,0
-1.8431292,-4.1598067,-0.24139559,-0.27455151,-0.78381032,0.55701256,0
-1.934931,0.08717227,-3.9956815,-0.20624441,-0.51778984,-0.8302753,0
3.6434848,2.8775105,-0.2684207,0.27455151,0.78381032,-0.55701256,0
0.40105772,4.8346128,0.47480381,0.27455151,0.78381032,-0.55701256,0
-0.89448297,0.95424724,-4.3936567,-0.20624441,-0.51778984,-0.8302753,0
2.7032394,0.30098629,-4.8281755,0.27455151,0.78381032,-0.55701256,0
4.6964607,3.367703,0.79660583,0.27455151,0.78381032,-0.55701256,0
-3.6361713,0.73730278,4.5930882,0.20624441,0.51778984,0.8302753,0
1.8025398,1.698058,-2.6905699,0.27455151,0.78381032,-0.55701256,0
-3.2454555,-0.75231171,3.5579686,-0.27455151,-0.78381032,0.55701256,0
-2.3898888,-0.48034549,4.1803522,-0.27455151,-0.78381032,0.55701256,0
4.5796614,0.61508656,2.9023473,0.93919373,-0.342834,-0.01949656,0
-0.30389261,0.21375012,-4.0864882,-0.20624441,-0.51778984,-0.8302753,0
2.1585145,-0.041399002,3.6414437,0.20624441,0.51778984,0.8302753,0
0.85431778,-3.3283358,-2.1602457,-0.20624441,-0.51778984,-0.8302753,0
-3.4818192,1.9717069,0.34978461,-0.93919373,0.342834,0.01949656,0
-4.007163,-1.0867828,2.7463071,-0.27455151,-0.78381032,0.55701256,0
-3.5979867,1.8497479,1.9554548,-0.93919373,0.342834,0.01949656,0
5.0164518,1.756801,1.5583124,0.93919373,-0.342834,-0.01949656,0
-2.3583937,-3.9286308,-0.27906537,-0.27455151,-0.78381032,0.55701256,0
4.758008,2.6397009,1.3425703,0.20624441,0.51778984,0.8302753,0
-3.6430805,2.4941983,-4.32128,-0.93919373,0.342834,0.01949656,0
1.8423824,2.3960941,-2.0502954,0.27455151,0.78381032,-0.55701256,0
2.4021847,-4.848042,0.91206694,-0.27455151,-0.78381032,0.55701256,0
4.3706484,3.3230312,0.877491,0.27455151,0.78381032,-0.55701256,0
2.9760928,-3.3816276,-1.4798911,0.93919373,-0.342834,-0.01949656,0
1.4861808,4.5351529,1.2166252,0.20624441,0.51778984,0.8302753,0
1.4752767,2.9529042,1.9116118,0.20624441,0.51778984,0.8302753,0
-3.4742148,2.2068777,1.2345963,-0.93919373,0.342834,0.01949656,0
2.9093232,-3.3327332,1.9911916,0.93919373,-0.342834,-0.01949656,0
1.1125076,-3.023273,2.6683304,-0.27455151,-0.78381032,0.55701256,0
2.5165818,-0.056657076,3.5974841,0.20624441,0.51778984,0.8302753,0
-2.9847939,3.0111508,1.8308702,-0.93919373,0.342834,0.01949656,0
0.28650284,4.5847273,-0.03501495,0.27455151,0.78381032,-0.55701256,0
0.10232329,-3.342392,1.8555119,-0.27455151,-0.78381032,0.55701256,0
3.5372651,-1.9832711,-3.332509,0.93919373,-0.342834,-0.01949656,0
0.74825668,4.8565211,0.94906402,0.20624441,0.51778984,0.8302753,0
-2.9918106,3.7173102,-0.32621956,-0.93919373,0.342834,0.01949656,0
1.5605717,4.5260057,1.2169471,0.20624441,0.51778984,0.8302753,0
-1.9592164,-2.2687564,2.2394252,-0.27455151,-0.78381032,0.55701256,0
4.6637435,1.5175387,0.25482512,0.93919373,-0.342834,-0.01949656,0
-1.0850227,4.7189293,-0.42996562,0.27455151,0.78381032,-0.55701256,0
4.1906543,0.84687185,2.5934131,0.20624441,0.51778984,0.8302753,0
3.7994971,-1.1824573,1.1269472,0.93919373,-0.342834,-0.01949656,0
1.0105562,-4.9389095,-1.4187549,-0.20624441,-0.51778984,-0.8302753,0
-0.90538096,2.185318,-3.6854167,0.27455151,0.78381032,-0.55701256,0
-3.9251046,0.47065449,1.3764253,-0.93919373,0.342834,0.01949656,0
-1.2411444,1.8923556,-4.2476411,0.27455151,0.78381032,-0.55701256,0
4.6516476,1.3261178,-1.5747094,0.93919373,-0.342834,-0.01949656,0
-0.3301692,4.1061177,-0.80554867,0.27455151,0.78381032,-0.55701256,0
-4.7314939,-1.3818011,1.116498,-0.93919373,0.342834,0.01949656,0
-3.9244239,-3.5844858,-0.81755733,-0.27455151,-0.78381032,0.55701256,0
3.251642,-1.6494336,-4.0981994,-0.20624441,-0.51778984,-0.8302753,0
-1.5770735,-1.4337654,-2.9538918,-0.20624441,-0.51778984,-0.8302753,0
3.5843127,-0.24971485,-4.8615751,-0.20624441,-0.51778984,-0.8302753,0
-1.1638036,-3.8842194,0.48352861,-0.27455151,-0.78381032,0.55701256,0
1.6779611,-3.6587944,2.0127213,-0.27455151,-0.78381032,0.55701256,0
2.5907838,0.33324289,-4.4623384,0.27455151,0.78381032,-0.55701256,0
2.7527716,-3.7587886,-2.4941051,-0.20624441,-0.51778984,-0.8302753,0
3.7894368,-1.6833646,-0.45602226,0.93919373,-0.342834,-0.01949656,0
-3.3412027,3.0436814,-2.3190134,-0.93919373,0.342834,0.01949656,0
2.1572986,3.1278746,-0.67111588,0.27455151,0.78381032,-0.55701256,0
-3.3319781,2.2573271,0.83304739,-0.93919373,0.342834,0.01949656,0
3.1561081,-3.4213138,2.9099398,0.93919373,-0.342834,-0.01949656,0
4.6149197,1.4600103,0.8136971,0.93919373,-0.342834,-0.01949656,0
4.0568132,-0.13834763,2.2400095,0.93919373,-0.342834,-0.01949656,0
-3.4158599,2.6739542,1.0582674,-0.93919373,0.342834,0.01949656,0
1.9889987,2.8536503,-1.1398206,0.27455151,0.78381032,-0.55701256,0
1.5704571,0.19953012,-4.7759533,-0.20624441,-0.51778984,-0.8302753,0
-3.8303165,-1.9684258,-1.9713304,-0.20624441,-0.51778984,-0.8302753,0
2.5360005,-4.5150132,-0.054494619,0.93919373,-0.342834,-0.01949656,0
1.4378086,-1.3914089,-3.591521,-0.20624441,-0.51778984,-0.8302753,0
-1.5093279,3.0876057,-2.4220183,0.27455151,0.78381032,-0.55701256,0
-0.083639622,-3.3336642,-2.0969932,-0.20624441,-0.51778984,-0.8302753,0
1.8724747,-5.1489406,-1.4771984,-0.20624441,-0.51778984,-0.8302753,0
-0.92456198,4.7106466,-0.23176873,0.27455151,0.78381032,-0.55701256,0
0.79459471,-0.050470829,3.8522203,0.20624441,0.51778984,0.8302753,0
-0.72275662,-1.2999237,4.0191936,-0.27455151,-0.78381032,0.55701256,0
0.66395795,1.2603316,3.1299939,0.20624441,0.51778984,0.8302753,0
2.4742424,-1.540309,4.6921196,0.20624441,0.51778984,0.8302753,0
0.61284107,0.3310771,4.0501127,0.20624441,0.51778984,0.8302753,0
-1.3076314,1.1587157,3.9930215,0.20624441,0.51778984,0.8302753,0
-3.3169882,2.6827693,0.064316273,-0.93919373,0.342834,0.01949656,0
2.5045571,-4.5679722,-1.9474521,-0.20624441,-0.51778984,-0.8302753,0
-3.5242591,1.6155012,-1.5760622,-0.93919373,0.342834,0.01949656,0
3.7999058,-1.4913905,-1.7038529,0.93919373,-0.342834,-0.01949656,0
1.3011166,2.2828579,2.4238591,0.20624441,0.51778984,0.8302753,0
-3.0895977,2.4255915,3.6649525,0.20624441,0.51778984,0.8302753,0
-0.63869381,-2.0016384,2.974745,-0.27455151,-0.78381032,0.55701256,0
-1.5060811,2.516757,-3.339026,0.27455151,0.78381032,-0.55701256,0
3.6335135,2.5234864,1.6548188,0.20624441,0.51778984,0.8302753,0
2.4478602,-4.7380009,0.91485906,-0.27455151,-0.78381032,0.55701256,0
-2.842787,-0.31052399,-3.2020764,-0.20624441,-0.51778984,-0.8302753,0
0.027897358,-3.3354392,1.6319445,-0.27455151,-0.78381032,0.55701256,0
3.3023939,-3.0203819,1.3003361,0.93919373,-0.342834,-0.01949656,0
3.3422246,-2.8812025,4.1635575,-0.27455151,-0.78381032,0.55701256,0
-0.7443682,2.3366418,3.1141076,0.20624441,0.51778984,0.8302753,0
3.8115883,-1.6255283,-1.2278364,0.93919373,-0.342834,-0.01949656,0
-1.942734,-3.5710208,0.063534617,-0.27455151,-0.78381032,0.55701256,0
-2.9668226,3.0027456,-3.6301084,0.27455151,0.78381032,-0.55701256,0
3.317318,-2.0510278,-0.87137055,0.93919373,-0.342834,-0.01949656,0
0.8287437,-0.76643205,4.5332632,0.20624441,0.51778984,0.8302753,0
-3.1261911,2.4632747,1.6660781,-0.93919373,0.342834,0.01949656,0
3.4140279,3.0400729,-0.44507432,0.27455151,0.78381032,-0.55701256,0
4.5951371,2.2772772,-0.75141811,0.27455151,0.78381032,-0.55701256,0
-5.0031028,-1.8417064,-1.6857316,-0.93919373,0.342834,0.01949656,0
-0.34304428,2.4457104,-3.0265203,0.27455151,0.78381032,-0.55701256,0
-0.59732103,4.6582484,1.6394711,0.20624441,0.51778984,0.8302753,0
-2.9482036,0.13694286,4.79879,-0.27455151,-0.78381032,0.55701256,0
2.528945,-4.6482835,-0.37999058,0.93919373,-0.342834,-0.01949656,0
-1.6829474,3.2079167,-2.4851139,0.27455151,0.78381032,-0.55701256,0
3.1005065,2.8963876,-0.73590708,0.27455151,0.78381032,-0.55701256,0
1.6219165,0.58815718,-4.7408438,0.27455151,0.78381032,-0.55701256,0
0.71553898,-4.7148576,-0.056900024,-0.27455151,-0.78381032,0.55701256,0
4.7022457,1.0562798,1.8840158,0.93919373,-0.342834,-0.01949656,0
-1.3592939,4.2834406,-0.99546033,0.27455151,0.78381032,-0.55701256,0
4.0810494,3.6039143,0.59262705,0.27455151,0.78381032,-0.55701256,0
-0.45871091,-2.6433704,-2.2242448,-0.20624441,-0.51778984,-0.8302753,0
1.2603095,-2.9898329,3.0506856,-0.27455151,-0.78381032,0.55701256,0
-4.1032133,-1.5915465,-2.181165,-0.20624441,-0.51778984,-0.8302753,0
-2.7530005,3.3812032,-2.5988517,0.27455151,0.78381032,-0.55701256,0
-2.6114194,3.9079707,-2.2386348,0.27455151,0.78381032,-0.55701256,0
-3.5466816,-0.76481414,-3.0454886,-0.20624441,-0.51778984,-0.8302753,0
-0.57155061,-0.88490939,4.4562569,-0.27455151,-0.78381032,0.55701256,0
2.6307986,-1.3761582,-3.9656849,-0.20624441,-0.51778984,-0.8302753,0
-2.4939904,5.2362661,1.7672393,-0.93919373,0.342834,0.01949656,0
1.4768044,1.5035884,2.788291,0.20624441,0.51778984,0.8302753,0
1.8133316,-3.315136,-2.8218083,-0.20624441,-0.51778984,-0.8302753,0
2.1851935,-1.6884508,-3.6431499,-0.20624441,-0.51778984,-0.8302753,0
-1.5266869,5.1485286,-0.14133024,0.27455151,0.78381032,-0.55701256,0
-0.054951668,-3.9424672,0.60393536,-0.27455151,-0.78381032,0.55701256,0
-3.9934139,0.015284061,3.6356354,-0.93919373,0.342834,0.01949656,0
0.80492711,1.9216383,-3.3669436,0.27455151,0.78381032,-0.55701256,0
1.1900631,-2.5533698,-2.878839,-0.20624441,-0.51778984,-0.8302753,0
3.8418922,-1.1591257,1.0251873,0.93919373,-0.342834,-0.01949656,0
-1.9374553,2.0064993,-4.0929403,0.27455151,0.78381032,-0.55701256,0
-4.3347826,0.17599893,0.67715693,-0.93919373,0.342834,0.01949656,0
4.7107038,3.0959802,0.23184252,0.27455151,0.78381032,-0.55701256,0
4.3178639,-0.23738563,-0.19591284,0.93919373,-0.342834,-0.01949656,0
3.4817514,-2.7516193,1.6742623,0.93919373,-0.342834,-0.01949656,0
2.2389293,-5.0574493,-0.61120367,0.93919373,-0.342834,-0.01949656,0
1.3339608,-3.6624119,1.9705846,-0.27455151,-0.78381032,0.55701256,0
-2.9808025,3.0518677,-2.2680917,-0.93919373,0.342834,0.01949656,0
4.7628598,1.4505017,-0.77080393,0.93919373,-0.342834,-0.01949656,0
-0.17190528,3.3436005,2.2498493,0.20624441,0.51778984,0.8302753,0
1.3155901,-4.8442039,-0.082620859,-0.27455151,-0.78381032,0.55701256,0
-3.7738721,1.1222897,2.5394561,-0.93919373,0.342834,0.01949656,0
4.0006671,-1.2022071,-1.1995234,0.93919373,-0.342834,-0.01949656,0
-3.8603337,0.58117151,4.2472191,-0.93919373,0.342834,0.01949656,0
-2.3693891,5.2433023,1.13011,-0.93919373,0.342834,0.01949656,0
-3.486757,-3.1924713,-0.12757659,-0.27455151,-0.78381032,0.55701256,0
4.1050925,-0.95791316,-0.23156214,0.93919373,-0.342834,-0.01949656,0
4.4026475,0.35057369,-0.20978928,0.93919373,-0.342834,-0.01949656,0
0.10186553,1.3459482,-4.3928242,0.27455151,0.78381032,-0.55701256,0
1.6944432,1.8593776,-3.0447121,0.27455151,0.78381032,-0.55701256,0
4.2359929,0.21376324,2.6455326,0.93919373,-0.342834,-0.01949656,0
3.2305527,-2.4378076,-0.12267876,0.93919373,-0.342834,-0.01949656,0
-1.3021337,-1.9689202,-2.8594069,-0.20624441,-0.51778984,-0.8302753,0
3.5893548,-1.6576276,-3.9378498,0.93919373,-0.342834,-0.01949656,0
-3.3459184,-2.7477753,-1.442118,-0.20624441,-0.51778984,-0.8302753,0
1.6728668,-4.2524786,1.2881358,-0.27455151,-0.78381032,0.55701256,0
-2.1533308,-0.072825432,4.5710974,0.20624441,0.51778984,0.8302753,0
-0.4046855,-4.4785652,-1.2185959,-0.20624441,-0.51778984,-0.8302753,0
3.987721,-0.51346874,-3.1291571,0.93919373,-0.342834,-0.01949656,0
-2.672873,-2.0383279,2.3806314,-0.27455151,-0.78381032,0.55701256,0
1.9601135,-4.3002305,0.93460512,-0.27455151,-0.78381032,0.55701256,0
-0.30149293,4.0383167,-0.39981449,0.27455151,0.78381032,-0.55701256,0
-2.5242429,-0.054346323,-3.5051789,-0.20624441,-0.51778984,-0.8302753,0
1.8704001,1.2527561,2.8925881,0.20624441,0.51778984,0.8302753,0
0.22246599,-2.4592967,3.1461105,-0.27455151,-0.78381032,0.55701256,0
-2.8151584,-1.8152888,1.9971225,-0.27455151,-0.78381032,0.55701256,0
2.3766916,-1.9342704,-3.5134048,-0.20624441,-0.51778984,-0.8302753,0
3.6816783,1.5627146,2.5076833,0.20624441,0.51778984,0.8302753,0
1.8127944,-2.0332713,-3.3792675,-0.20624441,-0.51778984,-0.8302753,0
2.2592802,0.32955265,-4.9600878,0.27455151,0.78381032,-0.55701256,0
-1.8805792,-3.9955947,-1.4491404,-0.20624441,-0.51778984,-0.8302753,0
-1.1952724,-1.7663316,3.1740818,-0.27455151,-0.78381032,0.55701256,0
-4.3198056,-3.0861883,0.084146976,-0.27455151,-0.78381032,0.55701256,0
-4.4835892,-0.17897588,0.13018894,-0.93919373,0.342834,0.01949656,0
4.4257689,-0.11420631,2.2478783,0.93919373,-0.342834,-0.01949656,0
1.1706252,-3.1742582,2.5309074,-0.27455151,-0.78381032,0.55701256,0
1.7428796,-5.4851837,-0.79979491,-0.27455151,-0.78381032,0.55701256,0
1.049885,-2.9215155,2.3755295,-0.27455151,-0.78381032,0.55701256,0
-1.4222167,-2.4835405,2.4329515,-0.27455151,-0.78381032,0.55701256,0
-4.9466839,-1.993426,-1.3411963,-0.93919373,0.342834,0.01949656,0
-3.6124206,0.50740552,-3.8512888,-0.20624441,-0.51778984,-0.8302753,0
-2.0075736,-3.3550706,0.51801157,-0.27455151,-0.78381032,0.55701256,0
-3.9647081,0.63674331,2.8134191,-0.93919373,0.342834,0.01949656,0
4.7522001,2.6939332,-0.36343098,0.27455151,0.78381032,-0.55701256,0
-1.2857013,4.3404512,-0.7192083,0.27455151,0.78381032,-0.55701256,0
-3.8953934,1.0479752,0.51364613,-0.93919373,0.342834,0.01949656,0
-2.3780215,2.344677,-4.3855028,0.27455151,0.78381032,-0.55701256,0
-4.449358,-0.7635349,-1.8557091,-0.93919373,0.342834,0.01949656,0
-4.2912059,-0.017166138,-3.192215,-0.20624441,-0.51778984,-0.8302753,0
-0.61971378,-1.842258,3.1565659,-0.27455151,-0.78381032,0.55701256,0
-3.4977889,2.7275214,-1.7727034,-0.93919373,0.342834,0.01949656,0
4.48804,1.6317527,2.0877559,0.20624441,0.51778984,0.8302753,0
4.1147904,0.75175691,2.6468186,0.20624441,0.51778984,0.8302753,0
3.4229622,-2.2155943,-3.3529506,0.93919373,-0.342834,-0.01949656,0
-3.2783792,2.6140325,-3.6843979,-0.93919373,0.342834,0.01949656,0
1.9424205,-4.2508435,1.3488885,-0.27455151,-0.78381032,0.55701256,0
1.8637534,-0.41681552,4.1273613,0.20624441,0.51778984,0.8302753,0
0.14491367,-3.9983745,-1.6236272,-0.20624441,-0.51778984,-0.8302753,0
2.5673795,1.4297981,2.5920963,0.20624441,0.51778984,0.8302753,0
1.5539848,-2.314611,4.07932,-0.27455151,-0.78381032,0.55701256,0
-0.35877943,-1.6579731,3.8105643,-0.27455151,-0.78381032,0.55701256,0
3.2897189,2.1229892,-1.5149686,0.27455151,0.78381032,-0.55701256,0
4.2748337,3.4369712,0.82826281,0.20624441,0.51778984,0.8302753,0
1.2208107,2.5255601,2.20526,0.20624441,0.51778984,0.8302753,0
3.3271239,-2.7019711,1.6031187,0.93919373,-0.342834,-0.01949656,0
2.5541992,1.8630223,2.2227392,0.20624441,0.51778984,0.8302753,0
1.6947899,-5.3763485,-0.40936375,-0.27455151,-0.78381032,0.55701256,0
-4.4020462,-1.6908883,1.7386646,-0.27455151,-0.78381032,0.55701256,0
-2.705055,-0.96506381,3.335716,-0.27455151,-0.78381032,0.55701256,0
3.3007693,1.1534247,2.6034307,0.20624441,0.51778984,0.8302753,0
3.6832037,0.59878731,-3.9527917,0.27455151,0.78381032,-0.55701256,0
-3.6667371,1.9646909,-2.1353498,-0.93919373,0.342834,0.01949656,0
3.1361129,-2.4504993,-2.6306486,0.93919373,-0.342834,-0.01949656,0
-0.8281303,1.9838142,3.0936773,0.20624441,0.51778984,0.8302753,0
-3.3240201,2.8841326,-2.9699745,-0.93919373,0.342834,0.01949656,0
-2.4407613,0.69775128,-3.9105,-0.20624441,-0.51778984,-0.8302753,0
-4.8207059,-1.7640238,-1.4583769,-0.93919373,0.342834,0.01949656,0
3.4658852,-1.9269347,2.9144044,0.93919373,-0.342834,-0.01949656,0
2.8440621,-3.7347541,-0.01333499,0.93919373,-0.342834,-0.01949656,0
-1.0636752,-1.6344246,3.1754439,-0.27455151,-0.78381032,0.55701256,0
-0.22922385,-0.49780798,4.3891983,0.20624441,0.51778984,0.8302753,0
-1.3788953,-3.3196671,0.80242586,-0.27455151,-0.78381032,0.55701256,0
0.17796636,-1.1679597,4.5737638,-0.27455151,-0.78381032,0.55701256,0
0.94024217,-2.3032031,-3.0618587,-0.20624441,-0.51778984,-0.8302753,0
-1.5789142,-4.6148882,-0.66404688,-0.27455151,-0.78381032,0.55701256,0
-3.1734855,-2.2275906,1.7440066,-0.27455151,-0.78381032,0.55701256,0
-4.6579666,-0.48293185,-1.6541183,-0.93919373,0.342834,0.01949656,0
-4.6178684,-3.2478695,-0.80480146,-0.27455151,-0.78381032,0.55701256,0
-0.74889946,2.3419662,-3.1477313,0.27455151,0.78381032,-0.55701256,0
4.3336172,2.2299476,-0.95317984,0.27455151,0.78381032,-0.55701256,0
1.4746556,2.603426,-2.1468098,0.27455151,0.78381032,-0.55701256,0
-2.1664705,-2.2352569,-2.3107262,-0.20624441,-0.51778984,-0.8302753,0
-0.52889562,4.3646502,1.7003183,0.20624441,0.51778984,0.8302753,0
-3.3038764,3.0630367,1.4181573,-0.93919373,0.342834,0.01949656,0
0.37031937,3.4998729,1.7804625,0.20624441,0.51778984,0.8302753,0
-3.6513441,-2.934989,0.50070572,-0.27455151,-0.78381032,0.55701256,0
-1.3399193,4.8564625,0.13370705,0.27455151,0.78381032,-0.55701256,0
3.1243382,-2.6331587,-2.318584,0.93919373,-0.342834,-0.01949656,0
3.1193357,-3.5191374,0.60804391,0.93919373,-0.342834,-0.01949656,0
-2.3951857,2.9589438,2.8891382,0.20624441,0.51778984,0.8302753,0
2.9827318,-3.54795,0.27651167,0.93919373,-0.342834,-0.01949656,0
2.2484479,-4.9767685,0.64550567,0.93919373,-0.342834,-0.01949656,0
0.34390068,1.2170806,-4.4030185,0.27455151,0.78381032,-0.55701256,0
-1.3677733,5.2018442,0.22997153,0.27455151,0.78381032,-0.55701256,0
3.5503359,-1.7734556,-2.76057,0.93919373,-0.342834,-0.01949656,0
-2.4968576,4.4866586,-0.45466709,-0.93919373,0.342834,0.01949656,0
1.7459847,-2.7883036,3.5563283,-0.27455151,-0.78381032,0.55701256,0
0.80087644,-0.27074432,4.2641683,0.20624441,0.51778984,0.8302753,0
-2.2482367,5.7194605,0.94008231,0.27455151,0.78381032,-0.55701256,0
-0.025788128,-1.8464584,-3.1414278,-0.20624441,-0.51778984,-0.8302753,0
0.34329331,0.19255114,4.0128436,0.20624441,0.51778984,0.8302753,0
3.674643,-1.6122514,2.7438035,0.93919373,-0.342834,-0.01949656,0
-3.235105,-2.1590452,-1.9186324,-0.20624441,-0.51778984,-0.8302753,0
-0.80158806,-4.7765656,-1.2114737,-0.20624441,-0.51778984,-0.8302753,0
-0.58541691,0.75446534,-4.3795462,-0.20624441,-0.51778984,-0.8302753,0
3.0078268,-0.37764001,3.6629331,0.20624441,0.51778984,0.8302753,0
-3.3714669,-0.89341116,3.3138695,-0.27455151,-0.78381032,0.55701256,0
-4.3881364,-0.69767523,1.1114388,-0.93919373,0.342834,0.01949656,0
3.0348556,3.3356986,1.288702,0.20624441,0.51778984,0.8302753,0
2.3128285,2.2165227,-1.996294,0.27455151,0.78381032,-0.55701256,0
-0.77240872,-2.8886948,-1.9948297,-0.20624441,-0.51778984,-0.8302753,0
-3.4046361,2.7677517,-0.13539648,-0.93919373,0.342834,0.01949656,0
-2.9860852,3.0775018,3.0186026,0.20624441,0.51778984,0.8302753,0
2.9999406,3.5497353,0.42170954,0.27455151,0.78381032,-0.55701256,0
2.4637704,-2.2041864,-3.6570847,-0.20624441,-0.51778984,-0.8302753,0
3.7480812,-1.3972358,0.67791271,0.93919373,-0.342834,-0.01949656,0
1.6343926,-1.5711656,4.5784316,0.20624441,0.51778984,0.8302753,0
2.6230559,-4.4068642,-1.8119919,0.93919373,-0.342834,-0.01949656,0
0.96503425,-0.79945517,-3.7545295,-0.20624441,-0.51778984,-0.8302753,0
-0.88643479,2.5086958,2.8586783,0.20624441,0.51778984,0.8302753,0
3.5807617,-2.1606195,-2.1243095,0.93919373,-0.342834,-0.01949656,0
3.3326888,1.4245872,2.5388033,0.20624441,0.51778984,0.8302753,0
0.81477833,1.4810185,3.0081525,0.20624441,0.51778984,0.8302753,0
2.8050165,-2.4429574,-3.5237775,-0.20624441,-0.51778984,-0.8302753,0
-1.1546512,-3.1087258,1.6225691,-0.27455151,-0.78381032,0.55701256,0
-0.1644609,2.1820514,-3.007472,0.27455151,0.78381032,-0.55701256,0
1.6778152,0.72843409,-4.3786449,0.27455151,0.78381032,-0.55701256,0
0.111588,-3.1896694,2.0941091,-0.27455151,-0.78381032,0.55701256,0
2.995254,3.6726146,0.30117798,0.27455151,0.78381032,-0.55701256,0
-4.1738839,-1.1280794,2.9146504,-0.27455151,-0.78381032,0.55701256,0
-2.5357144,3.8681755,2.5391395,0.20624441,0.51778984,0.8302753,0
1.4388437,4.5354042,0.62185311,0.27455151,0.78381032,-0.55701256,0
3.5101237,-1.8095721,4.3381166,0.20624441,0.51778984,0.8302753,0
-1.6988671,4.7606745,-0.76270175,0.27455151,0.78381032,-0.55701256,0
4.8486953,1.6283438,-0.18480873,0.93919373,-0.342834,-0.01949656,0
1.2617943,-4.9067903,-1.3040462,-0.20624441,-0.51778984,-0.8302753,0
-3.3359327,-2.3903883,-2.1101701,-0.20624441,-0.51778984,-0.8302753,0
1.2775028,-2.6366105,3.1141055,-0.27455151,-0.78381032,0.55701256,0
2.7726636,0.19034982,3.329432,0.20624441,0.51778984,0.8302753,0
0.78865707,-0.34700918,-4.3027239,-0.20624441,-0.51778984,-0.8302753,0
3.5739403,-2.0682101,0.56925273,0.93919373,-0.342834,-0.01949656,0
-1.039657,1.4053743,-4.5969315,-0.20624441,-0.51778984,-0.8302753,0
3.8546858,-1.5140238,-0.8619895,0.93919373,-0.342834,-0.01949656,0
-0.37030482,-1.5243893,3.7268515,-0.27455151,-0.78381032,0.55701256,0
-1.3252529,-0.011140823,4.5689917,0.20624441,0.51778984,0.8302753,0
0.39800096,-3.1657584,1.9398886,-0.27455151,-0.78381032,0.55701256,0
-3.4550302,2.4068832,1.3353286,-0.93919373,0.342834,0.01949656,0
-0.0067028999,-4.4378958,-0.16214621,-0.27455151,-0.78381032,0.55701256,0
4.304635,0.51893044,-2.7049103,0.93919373,-0.342834,-0.01949656,0
-1.5937394,2.1314049,-4.292635,0.27455151,0.78381032,-0.55701256,0
4.9380007,1.7302331,0.35912132,0.93919373,-0.342834,-0.01949656,0
-3.8491664,-0.82403898,-2.9247122,-0.20624441,-0.51778984,-0.8302753,0
-4.0854878,0.71341342,-0.91964865,-0.93919373,0.342834,0.01949656,0
-0.33437634,1.7285279,-3.9813385,0.27455151,0.78381032,-0.55701256,0
0.0078253448,-0.89574695,-3.6696653,-0.20624441,-0.51778984,-0.8302753,0
2.7658043,-0.94705677,3.9982734,0.20624441,0.51778984,0.8302753,0
-5.0318527,-2.3842535,-0.34548712,-0.93919373,0.342834,0.01949656,0
-1.4312997,1.3727841,-4.6841545,-0.20624441,-0.51778984,-0.8302753,0
-4.0244274,0.97328168,-2.7559135,-0.93919373,0.342834,0.01949656,0
1.5287262,0.03498888,3.6851978,0.20624441,0.51778984,0.8302753,0
-4.4241395,-0.58779025,-2.7034063,-0.93919373,0.342834,0.01949656,0
-5.162015,-1.9935712,0.97658587,-0.93919373,0.342834,0.01949656,0
-2.2389634,5.4582291,0.76496124,-0.93919373,0.342834,0.01949656,0
3.5055265,1.5960401,-2.1804132,0.27455151,0.78381032,-0.55701256,0
-0.41678834,1.8006186,-3.8010492,0.27455151,0.78381032,-0.55701256,0
3.2973464,-2.1672726,-0.84912801,0.93919373,-0.342834,-0.01949656,0
5.2034922,2.3237593,0.2258029,0.93919373,-0.342834,-0.01949656,0
1.2713202,-2.20175,-3.0538669,-0.20624441,-0.51778984,-0.8302753,0
0.67879367,4.0464163,1.3832808,0.20624441,0.51778984,0.8302753,0
2.9328454,-3.5239789,0.84765053,0.93919373,-0.342834,-0.01949656,0
3.4455948,-2.6755226,-2.3917336,0.93919373,-0.342834,-0.01949656,0
-2.016763,5.5756941,0.76759148,-0.93919373,0.342834,0.01949656,0
-4.0468254,0.26214576,1.7780104,-0.93919373,0.342834,0.01949656,0
1.6663563,-2.6782427,3.5131822,-0.27455151,-0.78381032,0.55701256,0
3.8197269,-1.7738086,0.87579894,0.93919373,-0.342834,-0.01949656,0
-3.8674498,0.67001963,1.3610058,-0.93919373,0.342834,0.01949656,0
1.7215583,-2.2103477,-3.2595162,-0.20624441,-0.51778984,-0.8302753,0
3.3657134,-1.9097424,-3.7830377,0.93919373,-0.342834,-0.01949656,0
-0.56326723,-1.3665841,3.8872175,-0.27455151,-0.78381032,0.55701256,0
-2.4463537,-0.37408352,-3.3567069,-0.20624441,-0.51778984,-0.8302753,0
3.1743839,-3.6357002,1.5933099,0.93919373,-0.342834,-0.01949656,0
-1.3033528,-1.98475,-2.8731539,-0.20624441,-0.51778984,-0.8302753,0
-2.6690466,3.7538097,1.2855809,-0.93919373,0.342834,0.01949656,0
-1.8806479,4.0218649,-1.8697941,0.27455151,0.78381032,-0.55701256,0
-0.079011202,2.8915911,-1.9972907,0.27455151,0.78381032,-0.55701256,0
2.2622581,0.69082093,-4.4367189,0.27455151,0.78381032,-0.55701256,0
-4.4161749,-0.48592031,1.4533534,-0.93919373,0.342834,0.01949656,0
-3.8604741,0.84229255,-1.973597,-0.93919373,0.342834,0.01949656,0
-2.2013974,-1.5906475,3.1035414,-0.27455151,-0.78381032,0.55701256,0
0.029217005,1.0096469,-5.0303783,-0.20624441,-0.51778984,-0.8302753,0
-2.078675,2.5584965,3.0406544,0.20624441,0.51778984,0.8302753,0
0.16662812,1.7335989,-4.0871429,0.27455151,0.78381032,-0.55701256,0
1.2031655,-5.201571,-0.58997703,-0.27455151,-0.78381032,0.55701256,0
4.4347858,2.3534164,1.46064,0.20624441,0.51778984,0.8302753,0
-3.7578993,1.659179,1.4097848,-0.93919373,0.342834,0.01949656,0
3.551229,-1.7354059,-1.8813074,0.93919373,-0.342834,-0.01949656,0
-0.67170215,3.3396051,-2.0763726,0.27455151,0.78381032,-0.55701256,0
4.2626143,0.50009489,-2.3193355,0.93919373,-0.342834,-0.01949656,0
-0.012882233,3.1951749,-2.0551059,0.27455151,0.78381032,-0.55701256,0
3.7078297,2.879441,-0.22032404,0.27455151,0.78381032,-0.55701256,0
-3.4150238,2.1275244,-3.0907035,-0.93919373,0.342834,0.01949656,0
-2.6834064,3.8785758,-0.23941588,-0.93919373,0.342834,0.01949656,0
3.3481073,-1.4532728,-4.2787752,-0.20624441,-0.51778984,-0.8302753,0
1.0252616,-5.3438554,-0.96037602,-0.20624441,-0.51778984,-0.8302753,0
4.0108728,1.4336722,-2.4136088,0.27455151,0.78381032,-0.55701256,0
-1.3559372,4.4295659,-0.68853164,0.27455151,0.78381032,-0.55701256,0
2.6711912,4.1186838,1.0515774,0.20624441,0.51778984,0.8302753,0
-2.4043069,-0.57631421,-3.060106,-0.20624441,-0.51778984,-0.8302753,0
-3.1606402,2.349689,-4.3694582,0.27455151,0.78381032,-0.55701256,0
0.715837,-3.4805784,-1.9991424,-0.20624441,-0.51778984,-0.8302753,0
-0.56502056,2.254987,-3.3552196,0.27455151,0.78381032,-0.55701256,0
-0.75989676,2.7120595,-2.7007174,0.27455151,0.78381032,-0.55701256,0
3.5613489,-1.7275684,3.8942997,0.93919373,-0.342834,-0.01949656,0
-1.7163293,4.7209401,-0.72173786,0.27455151,0.78381032,-0.55701256,0
-4.7238154,-1.2613239,1.9057899,-0.27455151,-0.78381032,0.55701256,0
3.4758203,2.7232883,-0.69491291,0.27455151,0.78381032,-0.55701256,0
1.9287831,-0.67298365,4.1340537,0.20624441,0.51778984,0.8302753,0
3.1500523,-2.2931499,-3.5160351,-0.20624441,-0.51778984,-0.8302753,0
3.5478203,-2.1708214,-1.4543357,0.93919373,-0.342834,-0.01949656,0
-2.6206932,4.9460125,-0.13752317,-0.93919373,0.342834,0.01949656,0
-1.8344877,-1.890047,2.5817213,-0.27455151,-0.78381032,0.55701256,0
3.9435506,-1.1532648,3.4856381,0.93919373,-0.342834,-0.01949656,0
3.3714056,-0.32721138,3.5542235,0.20624441,0.51778984,0.8302753,0
-4.343215,-0.13665366,-1.56777,-0.93919373,0.342834,0.01949656,0
1.8836513,4.051259,0.26893318,0.27455151,0.78381032,-0.55701256,0
-1.5664809,5.3451247,1.3407261,0.20624441,0.51778984,0.8302753,0
0.7131834,-4.0186701,-2.1100366,-0.20624441,-0.51778984,-0.8302753,0
4.5950727,0.44482842,-0.26749134,0.93919373,-0.342834,-0.01949656,0
-0.32561183,-0.0048942566,-4.1580467,-0.20624441,-0.51778984,-0.8302753,0
3.8171473,-1.72407,2.1503367,0.93919373,-0.342834,-0.01949656,0
1.8670681,-3.3772087,-2.5652523,-0.20624441,-0.51778984,-0.8302753,0
-2.8114414,2.858933,3.0601201,0.20624441,0.51778984,0.8302753,0
-0.93341124,3.5038569,2.0649831,0.20624441,0.51778984,0.8302753,0
3.4938114,0.51703739,-3.7166402,0.27455151,0.78381032,-0.55701256,0
3.8181028,-1.0660807,2.6519027,0.93919373,-0.342834,-0.01949656,0
1.1103168,-4.8660588,-1.3908495,-0.20624441,-0.51778984,-0.8302753,0
2.6437006,-4.4074502,-0.93220162,0.93919373,-0.342834,-0.01949656,0
1.1749523,-5.2841344,-0.71870482,-0.27455151,-0.78381032,0.55701256,0
1.231578,2.2845099,2.701715,0.20624441,0.51778984,0.8302753,0
0.47039127,-4.5332489,-1.2672453,-0.20624441,-0.51778984,-0.8302753,0
-4.094708,0.27659655,4.2637501,-0.93919373,0.342834,0.01949656,0
3.215528,-2.8275847,2.5955272,0.93919373,-0.342834,-0.01949656,0
-1.718894,-0.4399581,4.6273336,-0.27455151,-0.78381032,0.55701256,0
3.6124768,-2.1368952,-2.8646636,0.93919373,-0.342834,-0.01949656,0
3.4314299,1.2413344,-2.9229226,0.27455151,0.78381032,-0.55701256,0
2.0967674,-1.8091025,4.7631531,0.20624441,0.51778984,0.8302753,0
-3.9123819,0.97356999,0.53212357,-0.93919373,0.342834,0.01949656,0
0.67691946,1.7505414,-3.8112659,0.27455151,0.78381032,-0.55701256,0
-2.4940557,4.8385792,0.042211533,-0.93919373,0.342834,0.01949656,0
-2.8190274,4.0424213,0.93318987,-0.93919373,0.342834,0.01949656,0
-1.1629889,-0.26115251,-3.9619226,-0.20624441,-0.51778984,-0.8302753,0
2.0875077,4.4308376,0.97051793,0.20624441,0.51778984,0.8302753,0
2.6724582,-1.079607,-4.0683956,-0.20624441,-0.51778984,-0.8302753,0
3.7475798,-1.1326013,4.1128621,0.20624441,0.51778984,0.8302753,0
1.4548795,-3.8020954,-2.4121823,-0.20624441,-0.51778984,-0.8302753,0
3.2682414,3.7675185,0.54646564,0.27455151,0.78381032,-0.55701256,0
0.29124177,-2.1270542,-2.9465487,-0.20624441,-0.51778984,-0.8302753,0
-3.5826759,-3.753962,-0.53723526,-0.27455151,-0.78381032,0.55701256,0
-1.3012879,2.7592595,-2.8962724,0.27455151,0.78381032,-0.55701256,0
-2.8127046,1.1645772,-4.3902292,-0.20624441,-0.51778984,-0.8302753,0
-2.93083,1.2269678,4.3152771,0.20624441,0.51778984,0.8302753,0
-0.69287539,-3.2404466,1.4622828,-0.27455151,-0.78381032,0.55701256,0
2.5461481,-3.1048656,-2.8227091,-0.20624441,-0.51778984,-0.8302753,0
1.2021031,4.3495789,1.0848038,0.20624441,0.51778984,0.8302753,0
-1.5738852,1.4665709,-4.5872412,-0.20624441,-0.51778984,-0.8302753,0
1.6576743,-4.8512855,0.24340057,-0.27455151,-0.78381032,0.55701256,0
-3.3516653,2.9438839,-2.9624977,-0.93919373,0.342834,0.01949656,0
2.7947354,2.3962443,-1.1959844,0.27455151,0.78381032,-0.55701256,0
4.0815234,-1.0758995,3.0182784,0.93919373,-0.342834,-0.01949656,0
1.9550989,-3.7228718,2.1234834,-0.27455151,-0.78381032,0.55701256,0
2.4173355,-2.2086957,4.4889817,-0.27455151,-0.78381032,0.55701256,0
-2.1599514,5.3401713,0.63480759,-0.93919373,0.342834,0.01949656,0
-2.5427406,-0.55151701,4.2742796,-0.27455151,-0.78381032,0.55701256,0
-3.2548163,-3.1899576,-1.2336626,-0.20624441,-0.51778984,-0.8302753,0
4.5506778,0.3404758,2.626534,0.93919373,-0.342834,-0.01949656,0
0.8744421,-4.8947897,-1.4157625,-0.20624441,-0.51778984,-0.8302753,0
-3.4044652,2.3750653,0.21603251,-0.93919373,0.342834,0.01949656,0
3.3537166,-2.7192283,0.22850347,0.93919373,-0.342834,-0.01949656,0
-4.36479,-0.55637407,0.84506273,-0.93919373,0.342834,0.01949656,0
-2.3080516,1.5640559,-4.636055,-0.20624441,-0.51778984,-0.8302753,0
-2.5033178,4.441843,0.022978067,-0.93919373,0.342834,0.01949656,0
-2.523684,5.2263823,-0.10023284,-0.93919373,0.342834,0.01949656,0
2.5324306,0.011904716,-4.9173384,-0.20624441,-0.51778984,-0.8302753,0
0.81329894,-4.6136103,0.31943268,-0.27455151,-0.78381032,0.55701256,0
0.6624999,4.0611715,-0.20933428,0.27455151,0.78381032,-0.55701256,0
-2.2420371,5.3927631,1.1577325,-0.93919373,0.342834,0.01949656,0
-0.80951929,-3.5290999,0.65256083,-0.27455151,-0.78381032,0.55701256,0
-2.240447,0.53477907,4.5205646,0.20624441,0.51778984,0.8302753,0
1.8536392,1.7655022,2.8395457,0.20624441,0.51778984,0.8302753,0
-4.1247559,-0.3303721,-2.7559519,-0.20624441,-0.51778984,-0.8302753,0
-4.5024543,-0.40358186,2.2830172,-0.93919373,0.342834,0.01949656,0
1.5519471,-5.4456539,-1.0093666,-0.20624441,-0.51778984,-0.8302753,0
2.5041711,-2.0136204,-3.5033689,-0.20624441,-0.51778984,-0.8302753,0
0.68348479,-2.5827591,2.8954422,-0.27455151,-0.78381032,0.55701256,0
-2.1534476,0.083869219,-3.8713796,-0.20624441,-0.51778984,-0.8302753,0
-2.9398289,3.8908036,0.79705143,-0.93919373,0.342834,0.01949656,0
-3.6229005,1.8541367,2.5017459,-0.93919373,0.342834,0.01949656,0
-0.75578117,-5.0021338,-1.1055789,-0.20624441,-0.51778984,-0.8302753,0
-0.86933279,2.7183747,-2.647047,0.27455151,0.78381032,-0.55701256,0
2.9179323,2.4849586,1.9468677,0.20624441,0.51778984,0.8302753,0
1.4446851,-1.6212947,4.6177115,-0.27455151,-0.78381032,0.55701256,0
-3.9751871,-0.40099192,3.9592483,-0.27455151,-0.78381032,0.55701256,0
-2.1913152,0.1862452,-3.6418624,-0.20624441,-0.51778984,-0.8302753,0
3.6594996,-1.9429696,-2.3725619,0.93919373,-0.342834,-0.01949656,0
-3.7357032,1.1223664,3.3895481,-0.93919373,0.342834,0.01949656,0
-4.5734348,-1.1312554,0.64461374,-0.93919373,0.342834,0.01949656,0
-5.1200676,-1.8726972,-0.91399097,-0.93919373,0.342834,0.01949656,0
-3.8412461,0.96138239,1.335779,-0.93919373,0.342834,0.01949656,0
-5.3888683,-2.6298676,-1.0114279,-0.93919373,0.342834,0.01949656,0
3.7926908,-1.239718,-3.9751759,0.93919373,-0.342834,-0.01949656,0
-1.0866296,-3.8676422,-1.3852837,-0.20624441,-0.51778984,-0.8302753,0
-4.7719417,-1.0965929,1.0758462,-0.93919373,0.342834,0.01949656,0
-4.8346272,-1.1469365,-0.76344395,-0.93919373,0.342834,0.01949656,0
-3.8462465,-1.8984998,1.520189,-0.27455151,-0.78381032,0.55701256,0
-3.1767597,-0.063646793,4.5149078,-0.27455151,-0.78381032,0.55701256,0
-3.0465429,3.3546646,0.59971952,-0.93919373,0.342834,0.01949656,0
-1.2683198,0.62224698,-4.1850853,-0.20624441,-0.51778984,-0.8302753,0
3.1725948,1.5486319,-2.2515447,0.27455151,0.78381032,-0.55701256,0
-1.7402816,-2.5174944,1.6499531,-0.27455151,-0.78381032,0.55701256,0
-2.7201157,3.9755549,-0.56211257,-0.93919373,0.342834,0.01949656,0
-2.677886,3.1730905,3.1378214,0.20624441,0.51778984,0.8302753,0
-2.6822791,4.2833376,2.3645074,0.20624441,0.51778984,0.8302753,0
3.8457487,2.3586898,1.9613943,0.20624441,0.51778984,0.8302753,0
-3.4772372,2.359215,-1.7869415,-0.93919373,0.342834,0.01949656,0
3.5056648,-1.4680674,-0.34431744,0.93919373,-0.342834,-0.01949656,0
-0.84011102,-2.0785406,2.7157092,-0.27455151,-0.78381032,0.55701256,0
3.44295,-2.7048845,-1.5570831,0.93919373,-0.342834,-0.01949656,0
-2.3190272,0.11362696,4.7265186,0.20624441,0.51778984,0.8302753,0
3.0577197,-3.8862879,0.96311688,0.93919373,-0.342834,-0.01949656,0
-0.075846851,0.66948366,3.987215,0.20624441,0.51778984,0.8302753,0
1.8402309,2.64731,2.1141798,0.20624441,0.51778984,0.8302753,0
-1.5574018,-1.9035864,-2.6973722,-0.20624441,-0.51778984,-0.8302753,0
-5.005002,-1.6625431,1.4618874,-0.93919373,0.342834,0.01949656,0
-4.5096459,-0.68598461,-2.3961413,-0.93919373,0.342834,0.01949656,0
-1.3240618,-0.062784195,4.4167395,0.20624441,0.51778984,0.8302753,0
2.7184727,1.1902578,-3.5855885,0.27455151,0.78381032,-0.55701256,0
2.4509363,-0.4599824,-4.6819668,-0.20624441,-0.51778984,-0.8302753,0
-1.2891936,-1.4895668,-2.910727,-0.20624441,-0.51778984,-0.8302753,0
-3.4847617,1.7458863,2.6683455,-0.93919373,0.342834,0.01949656,0
3.9788849,-0.63173866,-1.589848,0.93919373,-0.342834,-0.01949656,0
-1.8310125,1.4812212,-4.4860859,-0.20624441,-0.51778984,-0.8302753,0
0.32111287,0.90107179,-4.5457964,0.27455151,0.78381032,-0.55701256,0
-3.7725582,1.8618613,-2.8881607,-0.93919373,0.342834,0.01949656,0
-4.1329641,0.69749224,-2.4652252,-0.93919373,0.342834,0.01949656,0
1.9340549,3.3287687,-0.38449025,0.27455151,0.78381032,-0.55701256,0
-2.0111678,2.3471949,-3.927495,0.27455151,0.78381032,-0.55701256,0
-1.7354488,0.85479021,4.0053153,0.20624441,0.51778984,0.8302753,0
1.5316184,-0.27217293,-4.6102066,-0.20624441,-0.51778984,-0.8302753,0
-3.7330923,1.2184442,-2.7614741,-0.93919373,0.342834,0.01949656,0
5.2794309,2.3509493,0.79160643,0.93919373,-0.342834,-0.01949656,0
0.95958257,-1.280993,-3.8189955,-0.20624441,-0.51778984,-0.8302753,0
-2.3458114,0.97617579,4.270443,0.20624441,0.51778984,0.8302753,0
-3.6865797,1.3846078,-4.0828805,-0.93919373,0.342834,0.01949656,0
4.2472582,-0.73594749,2.5784407,0.93919373,-0.342834,-0.01949656,0
-4.0389738,-0.59295201,3.6699347,-0.27455151,-0.78381032,0.55701256,0
-0.67177916,3.406929,-1.9491614,0.27455151,0.78381032,-0.55701256,0
2.3257201,-4.3314657,1.5767889,-0.27455151,-0.78381032,0.55701256,0
2.8043947,-3.7912602,2.0104189,0.93919373,-0.342834,-0.01949656,0
1.204906,-3.8586979,-2.1665349,-0.20624441,-0.51778984,-0.8302753,0
-0.58045983,3.8681812,-0.96307933,0.27455151,0.78381032,-0.55701256,0
-0.46820474,-3.4877853,-1.7397028,-0.20624441,-0.51778984,-0.8302753,0
-0.64635348,-3.6101706,-1.8699231,-0.20624441,-0.51778984,-0.8302753,0
-0.087195083,-1.1659675,-3.246134,-0.20624441,-0.51778984,-0.8302753,0
3.3515511,0.19808173,3.3695426,0.20624441,0.51778984,0.8302753,0
2.8840077,0.26581717,-4.6060181,0.27455151,0.78381032,-0.55701256,0
3.5912402,-2.2139294,-2.1704056,0.93919373,-0.342834,-0.01949656,0
2.4666796,1.550365,-2.8537545,0.27455151,0.78381032,-0.55701256,0
3.0607009,2.6553876,1.9792781,0.20624441,0.51778984,0.8302753,0
4.4656806,0.41821188,-0.035412312,0.93919373,-0.342834,-0.01949656,0
0.10145497,-0.60142565,-3.9180336,-0.20624441,-0.51778984,-0.8302753,0
0.92373204,0.30896854,-4.8762097,-0.20624441,-0.51778984,-0.8302753,0
2.5431709,-4.7265644,0.50214601,0.93919373,-0.342834,-0.01949656,0
0.802652,-3.3598063,-2.2526841,-0.20624441,-0.51778984,-0.8302753,0
-1.7586274,4.2836013,2.2188008,0.20624441,0.51778984,0.8302753,0
1.9802227,2.9941778,1.9113255,0.20624441,0.51778984,0.8302753,0
-3.5753167,2.0821748,1.8116894,-0.93919373,0.342834,0.01949656,0
