-4.3577218,-2.2795281,-0.26530242,-0.73953962,-0.15460062,0.65511829,0
-5.6111336,3.6178102,-1.2913549,-0.63029373,-0.18253708,-0.75459272,0
-2.3881371,-2.5022407,2.0889008,-0.73953962,-0.15460062,0.65511829,0
2.0251591,-4.7598419,1.5927196,0.23624378,-0.97096807,0.037549734,0
1.9298203,1.1574479,3.2990973,0.63029373,0.18253708,0.75459272,0
3.1664562,-3.2391822,3.4188821,0.63029373,0.18253708,0.75459272,0
1.5070374,-4.7100768,-1.9950609,0.23624378,-0.97096807,0.037549734,0
-1.0331306,-0.75299406,4.0669613,-0.73953962,-0.15460062,0.65511829,0
-2.2667329,-3.0685499,-2.6893792,-0.63029373,-0.18253708,-0.75459272,0
-5.6145244,2.3220048,-0.35911727,-0.73953962,-0.15460062,0.65511829,0
0.53765965,2.4842238,4.2631502,0.63029373,0.18253708,0.75459272,0
-2.1458862,4.8543,3.3648896,-0.23624378,0.97096807,-0.037549734,0
-3.0897343,4.5246062,2.632287,-0.23624378,0.97096807,-0.037549734,0
-1.0326877,4.5291381,-4.4961786,-0.23624378,0.97096807,-0.037549734,0
-1.5020423,4.2529268,-5.2109308,-0.63029373,-0.18253708,-0.75459272,0
1.8806343,-0.27623993,3.719991,0.63029373,0.18253708,0.75459272,0
1.239893,-4.7438679,5.2039161,0.63029373,0.18253708,0.75459272,0
0.90295434,5.4947658,3.1662951,-0.23624378,0.97096807,-0.037549734,0
-3.198005,-1.5699551,1.2318788,-0.73953962,-0.15460062,0.65511829,0
-1.8758469,3.7475214,-4.4921074,-0.63029373,-0.18253708,-0.75459272,0
-5.2266526,2.8088539,0.10296369,-0.73953962,-0.15460062,0.65511829,0
3.7830927,-4.4534545,-1.677561,0.23624378,-0.97096807,0.037549734,0
-1.5777879,4.5678716,-4.8073902,-0.23624378,0.97096807,-0.037549734,0
2.2583714,-2.8575912,4.0177875,0.63029373,0.18253708,0.75459272,0
4.0581837,2.1654258,-0.32140255,0.73953962,0.15460062,-0.65511829,0
3.1450515,-4.1708121,1.3812909,0.23624378,-0.97096807,0.037549734,0
2.4434724,-4.4982634,-0.22023726,0.23624378,-0.97096807,0.037549734,0
1.8851156,1.664884,3.0888295,0.63029373,0.18253708,0.75459272,0
-3.2780833,4.4820676,0.78181076,-0.23624378,0.97096807,-0.037549734,0
0.4029541,4.0366621,-4.1142578,0.73953962,0.15460062,-0.65511829,0
0.54656911,0.1574204,-4.6929102,0.73953962,0.15460062,-0.65511829,0
4.4215155,-0.18262005,-0.16598029,0.73953962,0.15460062,-0.65511829,0
-3.1129405,-2.5307257,-1.8517878,-0.63029373,-0.18253708,-0.75459272,0
0.35862446,-2.5551567,5.2240238,-0.73953962,-0.15460062,0.65511829,0
-2.5995088,-3.5572338,-2.3725102,-0.63029373,-0.18253708,-0.75459272,0
3.3579445,-0.72911918,2.6792152,0.63029373,0.18253708,0.75459272,0
1.6799883,5.3786678,-2.3436513,0.73953962,0.15460062,-0.65511829,0
-0.04708105,-5.3073158,-0.59281969,0.23624378,-0.97096807,0.037549734,0
0.76473355,-2.3041959,-4.7349238,0.73953962,0.15460062,-0.65511829,0
-3.960788,-0.54847193,-1.841624,-0.63029373,-0.18253708,-0.75459272,0
-1.6532059,-3.2224765,-2.9956117,-0.63029373,-0.18253708,-0.75459272,0
2.936259,3.0386648,2.3657207,0.63029373,0.18253708,0.75459272,0
-3.9770246,-0.11541128,0.90582609,-0.73953962,-0.15460062,0.65511829,0
4.0349197,-4.256813,0.90456724,0.23624378,-0.97096807,0.037549734,0
3.0986691,5.51053,1.4771972,0.63029373,0.18253708,0.75459272,0
1.4384506,4.0390801,-2.5989461,0.73953962,0.15460062,-0.65511829,0
-1.0066648,4.6893802,-3.5820193,-0.23624378,0.97096807,-0.037549734,0
0.063566208,5.0928564,-3.771821,-0.23624378,0.97096807,-0.037549734,0
0.2083323,3.9766202,4.2384562,0.63029373,0.18253708,0.75459272,0
1.5663834,5.4473858,2.6642382,0.63029373,0.18253708,0.75459272,0
1.3731046,-3.0673087,-4.6644502,0.73953962,0.15460062,-0.65511829,0
-2.0488005,-5.6449313,-1.0349703,0.23624378,-0.97096807,0.037549734,0
-1.6965961,-2.1455326,2.7826555,-0.73953962,-0.15460062,0.65511829,0
3.4481077,-1.488868,2.7177901,0.63029373,0.18253708,0.75459272,0
-1.4437774,-1.7791743,3.5059018,-0.73953962,-0.15460062,0.65511829,0
-2.7683625,-5.8209238,-1.4135585,-0.63029373,-0.18253708,-0.75459272,0
4.9719114,-2.4759948,-0.083482265,0.73953962,0.15460062,-0.65511829,0
-5.2421236,1.4224691,-1.4340514,-0.63029373,-0.18253708,-0.75459272,0
0.051400483,-5.3091216,-1.6264422,0.23624378,-0.97096807,0.037549734,0
-4.2480249,-0.40108061,0.26645237,-0.73953962,-0.15460062,0.65511829,0
4.651504,-1.8973496,-0.60276449,0.73953962,0.15460062,-0.65511829,0
1.4183464,4.9811726,2.9779658,0.63029373,0.18253708,0.75459272,0
-4.4668951,4.0942268,-1.5753856,-0.23624378,0.97096807,-0.037549734,0
-0.029563427,0.28998208,5.403913,-0.73953962,-0.15460062,0.65511829,0
-0.66493225,2.0935805,5.1767859,0.63029373,0.18253708,0.75459272,0
-2.8776109,-4.8795214,1.0613227,-0.73953962,-0.15460062,0.65511829,0
-3.3897152,-5.8950672,-0.00099658966,-0.73953962,-0.15460062,0.65511829,0
0.40069389,-2.0313354,-5.2305155,-0.63029373,-0.18253708,-0.75459272,0
0.70979357,-4.4706688,-5.0140743,-0.63029373,-0.18253708,-0.75459272,0
3.0900064,1.8094678,2.3106446,0.63029373,0.18253708,0.75459272,0
0.89176893,5.4542122,-1.3105001,-0.23624378,0.97096807,-0.037549734,0
-0.36397576,5.0042367,3.3304369,-0.23624378,0.97096807,-0.037549734,0
5.1815786,-3.1563308,1.646771,0.63029373,0.18253708,0.75459272,0
-0.48433185,5.2189369,2.0827332,-0.23624378,0.97096807,-0.037549734,0
-1.0632434,4.6536255,-4.2177258,-0.23624378,0.97096807,-0.037549734,0
-0.63434035,-5.2349224,0.4737134,0.23624378,-0.97096807,0.037549734,0
-5.345871,0.92372966,-0.86045825,-0.63029373,-0.18253708,-0.75459272,0
5.0413723,-2.9708159,-0.12976336,0.73953962,0.15460062,-0.65511829,0
-1.9728537,-4.7571068,-2.485534,-0.63029373,-0.18253708,-0.75459272,0
2.1791964,-4.034482,4.5339932,0.63029373,0.18253708,0.75459272,0
-1.924355,4.295681,4.2971764,-0.73953962,-0.15460062,0.65511829,0
3.7650409,5.6955166,0.64430189,0.63029373,0.18253708,0.75459272,0
-0.81054354,-5.0353422,3.2956777,-0.73953962,-0.15460062,0.65511829,0
2.9572926,0.33845448,-1.6953135,0.73953962,0.15460062,-0.65511829,0
-0.7968173,0.57582545,-5.0365157,-0.63029373,-0.18253708,-0.75459272,0
0.68432832,5.2749581,2.1713178,-0.23624378,0.97096807,-0.037549734,0
2.7367792,-2.0300009,-2.8169067,0.73953962,0.15460062,-0.65511829,0
-0.27667594,5.1933584,4.1557302,-0.23624378,0.97096807,-0.037549734,0
-2.7197752,2.2176301,-3.5089564,-0.63029373,-0.18253708,-0.75459272,0
-1.1683407,2.1248584,-5.0104389,-0.63029373,-0.18253708,-0.75459272,0
2.9119682,-0.54299313,2.8972468,0.63029373,0.18253708,0.75459272,0
-0.24960518,0.089206219,-4.9240742,-0.63029373,-0.18253708,-0.75459272,0
2.1038744,4.9279552,2.4251261,0.63029373,0.18253708,0.75459272,0
1.1859785,5.3076987,-1.2695823,-0.23624378,0.97096807,-0.037549734,0
-0.10289097,-0.90659177,-5.2354126,-0.63029373,-0.18253708,-0.75459272,0
3.6128285,6.1625619,0.49055147,-0.23624378,0.97096807,-0.037549734,0
-3.7254777,4.1398001,0.69209695,-0.23624378,0.97096807,-0.037549734,0
1.5560389,-4.8951287,1.5934415,0.23624378,-0.97096807,0.037549734,0
-2.1652935,-1.2414227,-3.2224655,-0.63029373,-0.18253708,-0.75459272,0
2.0067525,5.5132093,0.8733778,-0.23624378,0.97096807,-0.037549734,0
3.9802525,-4.0348282,-0.095006704,0.23624378,-0.97096807,0.037549734,0
-1.0300174,-0.46896982,3.8726492,-0.73953962,-0.15460062,0.65511829,0
-0.22998238,0.61040473,5.3802552,-0.73953962,-0.15460062,0.65511829,0
-0.6387437,5.1418214,2.4697599,-0.23624378,0.97096807,-0.037549734,0
-3.801065,1.9204655,-2.4756818,-0.63029373,-0.18253708,-0.75459272,0
2.0326772,-2.9049625,4.2834597,0.63029373,0.18253708,0.75459272,0
4.512579,-2.531225,-0.69716465,0.73953962,0.15460062,-0.65511829,0
-1.8846186,-2.125948,2.8252788,-0.73953962,-0.15460062,0.65511829,0
-0.22551227,-5.5442114,-3.7398317,0.23624378,-0.97096807,0.037549734,0
-0.83820844,-5.3841848,-1.0917902,0.23624378,-0.97096807,0.037549734,0
-2.0292795,-2.8082852,-3.1805708,-0.63029373,-0.18253708,-0.75459272,0
3.7584431,-4.1145172,-0.83885169,0.23624378,-0.97096807,0.037549734,0
-1.515023,-2.187794,2.8429973,-0.73953962,-0.15460062,0.65511829,0
-5.952199,3.4650218,-0.53634691,-0.73953962,-0.15460062,0.65511829,0
-3.9299479,-0.96918392,0.80977273,-0.73953962,-0.15460062,0.65511829,0
-4.1365075,4.3699274,1.7277799,-0.73953962,-0.15460062,0.65511829,0
-2.0998747,-1.5021858,2.62602,-0.73953962,-0.15460062,0.65511829,0
1.315362,-5.1601458,-4.3819971,0.23624378,-0.97096807,0.037549734,0
-1.5923421,-4.9042616,-2.8888407,-0.63029373,-0.18253708,-0.75459272,0
-3.6226392,-2.712594,-1.8395835,-0.63029373,-0.18253708,-0.75459272,0
-3.5286858,4.0835867,-1.7522383,-0.23624378,0.97096807,-0.037549734,0
0.33669233,0.86354899,-4.7754521,0.73953962,0.15460062,-0.65511829,0
1.4323888,-4.5125866,-4.6813302,0.73953962,0.15460062,-0.65511829,0
3.809586,-2.134999,-1.7885849,0.73953962,0.15460062,-0.65511829,0
2.1955745,1.3757528,3.0361824,0.63029373,0.18253708,0.75459272,0
-5.6707335,3.5110667,-1.3450491,-0.63029373,-0.18253708,-0.75459272,0
1.4185777,-1.4087772,4.6471672,0.63029373,0.18253708,0.75459272,0
3.8956826,3.0411899,1.416604,0.63029373,0.18253708,0.75459272,0
2.7063801,3.8633444,2.2672255,0.63029373,0.18253708,0.75459272,0
-0.35979497,5.1962867,-0.32300615,-0.23624378,0.97096807,-0.037549734,0
-4.324914,3.889241,-1.3458207,-0.23624378,0.97096807,-0.037549734,0
-5.0487666,3.1550355,-1.8084161,-0.63029373,-0.18253708,-0.75459272,0
-1.4318848,1.6357546,-4.7145863,-0.63029373,-0.18253708,-0.75459272,0
2.0821629,3.4299126,-2.0785394,0.73953962,0.15460062,-0.65511829,0
2.2185488,-1.5841312,-3.3457961,0.73953962,0.15460062,-0.65511829,0
5.3443513,-0.73876429,0.75423372,0.63029373,0.18253708,0.75459272,0
0.63092673,-5.2163992,-2.7107143,0.23624378,-0.97096807,0.037549734,0
2.9366961,-0.10240757,2.963191,0.63029373,0.18253708,0.75459272,0
-3.0877485,-2.4782786,1.417098,-0.73953962,-0.15460062,0.65511829,0
1.1393716,2.3893385,-3.7513142,0.73953962,0.15460062,-0.65511829,0
2.4489055,5.6805201,-1.3583369,0.73953962,0.15460062,-0.65511829,0
1.3284361,-4.6488667,1.0189376,0.23624378,-0.97096807,0.037549734,0
-0.092742443,-1.7035491,4.7780733,-0.73953962,-0.15460062,0.65511829,0
4.7745886,-0.42191029,1.6242754,0.63029373,0.18253708,0.75459272,0
3.9277737,4.1384463,0.22693396,0.73953962,0.15460062,-0.65511829,0
0.85278416,-5.0962467,-3.7835383,0.23624378,-0.97096807,0.037549734,0
2.7978752,4.7940378,2.0349042,0.63029373,0.18253708,0.75459272,0
3.6939921,-4.0028892,2.7906544,0.23624378,-0.97096807,0.037549734,0
-2.3788564,-5.6118693,1.3789592,0.23624378,-0.97096807,0.037549734,0
-4.3967328,4.0061808,-1.6048541,-0.23624378,0.97096807,-0.037549734,0
-2.340631,-2.0048232,-2.6986256,-0.63029373,-0.18253708,-0.75459272,0
-0.51851964,4.8913641,4.5124745,0.63029373,0.18253708,0.75459272,0
1.0108061,0.90667796,-4.2799182,0.73953962,0.15460062,-0.65511829,0
-1.6269283,4.3993912,-4.0286417,-0.23624378,0.97096807,-0.037549734,0
1.2140865,5.0456667,3.0364366,0.63029373,0.18253708,0.75459272,0
2.0378575,-2.0295556,4.147058,0.63029373,0.18253708,0.75459272,0
-0.86571181,4.8357887,-0.8856411,-0.23624378,0.97096807,-0.037549734,0
5.3535304,-3.9366164,1.258641,0.23624378,-0.97096807,0.037549734,0
2.7078059,-3.800844,-2.9832771,0.73953962,0.15460062,-0.65511829,0
-4.1287212,2.0151227,-2.5234447,-0.63029373,-0.18253708,-0.75459272,0
1.6432158,5.3628235,-0.22197199,-0.23624378,0.97096807,-0.037549734,0
-0.79827309,-5.254827,-0.56411409,0.23624378,-0.97096807,0.037549734,0
2.6500881,4.0901065,2.2324064,0.63029373,0.18253708,0.75459272,0
0.9204874,-4.6782112,3.9565868,0.23624378,-0.97096807,0.037549734,0
0.42997432,-1.0627556,-4.9259491,0.73953962,0.15460062,-0.65511829,0
-2.1383376,4.7404428,2.5542493,-0.23624378,0.97096807,-0.037549734,0
3.3762126,-1.8195649,2.6914148,0.63029373,0.18253708,0.75459272,0
0.37061507,5.3923411,0.22385836,-0.23624378,0.97096807,-0.037549734,0
-1.0803819,4.4956932,-5.3994789,-0.23624378,0.97096807,-0.037549734,0
4.7855468,-3.6838775,2.0170362,0.63029373,0.18253708,0.75459272,0
1.3556731,-5.0703259,-3.7526307,0.23624378,-0.97096807,0.037549734,0
2.661114,2.9275289,2.566916,0.63029373,0.18253708,0.75459272,0
0.29552364,-2.2616005,5.1887388,-0.73953962,-0.15460062,0.65511829,0
2.6770341,3.5188842,-1.7428389,0.73953962,0.15460062,-0.65511829,0
1.0453048,-4.9572182,0.13506174,0.23624378,-0.97096807,0.037549734,0
-1.1283484,4.6612425,-3.5062919,-0.23624378,0.97096807,-0.037549734,0
-0.46227312,1.7053496,-5.232214,-0.63029373,-0.18253708,-0.75459272,0
4.12467,-4.0971689,-0.49981761,0.23624378,-0.97096807,0.037549734,0
5.4053555,-3.5229769,-0.04381156,0.73953962,0.15460062,-0.65511829,0
-5.3402863,0.029131413,-1.0480151,-0.63029373,-0.18253708,-0.75459272,0
-3.9904633,2.6590044,1.1773645,-0.73953962,-0.15460062,0.65511829,0
0.35897493,4.9938507,-3.1116924,-0.23624378,0.97096807,-0.037549734,0
3.9040823,1.1468296,1.7161014,0.63029373,0.18253708,0.75459272,0
0.32685661,-0.07896924,-5.2564211,0.73953962,0.15460062,-0.65511829,0
-0.95707941,-4.8911228,2.9886141,-0.73953962,-0.15460062,0.65511829,0
-1.8572659,-4.9364796,-2.7775946,-0.63029373,-0.18253708,-0.75459272,0
-3.5013762,4.3902936,-0.2351222,-0.23624378,0.97096807,-0.037549734,0
-4.2000999,3.6602859,-2.7665176,-0.63029373,-0.18253708,-0.75459272,0
2.3714106,1.9357629,-2.05071,0.73953962,0.15460062,-0.65511829,0
5.0879374,-2.6677835,-0.36914897,0.73953962,0.15460062,-0.65511829,0
-2.6946416,4.7618756,2.7516739,-0.23624378,0.97096807,-0.037549734,0
-0.9954288,0.69577813,4.1617107,-0.73953962,-0.15460062,0.65511829,0
-1.2634784,-2.1014299,3.6964898,-0.73953962,-0.15460062,0.65511829,0
-0.90861392,5.019238,5.0842524,0.63029373,0.18253708,0.75459272,0
0.90147305,-4.8785133,4.5674415,0.23624378,-0.97096807,0.037549734,0
-3.147552,4.4607077,-1.5964775,-0.23624378,0.97096807,-0.037549734,0
-0.28941727,-4.9163179,3.7534609,-0.73953962,-0.15460062,0.65511829,0
3.0695086,-4.3583035,2.1705914,0.23624378,-0.97096807,0.037549734,0
0.45302439,5.4177208,0.27701283,-0.23624378,0.97096807,-0.037549734,0
0.77331877,-4.7245603,4.2437081,0.23624378,-0.97096807,0.037549734,0
3.5180316,0.77440548,2.1040356,0.63029373,0.18253708,0.75459272,0
1.0713139,2.3759549,-3.6235673,0.73953962,0.15460062,-0.65511829,0
1.6694374,-2.5431712,4.724453,0.63029373,0.18253708,0.75459272,0
1.0783873,-0.26226878,-3.8921502,0.73953962,0.15460062,-0.65511829,0
-3.5688081,-5.8419228,-0.33287859,0.23624378,-0.97096807,0.037549734,0
-4.138555,-3.3188009,-0.096018314,-0.73953962,-0.15460062,0.65511829,0
0.092381001,0.25218272,-5.1804204,0.73953962,0.15460062,-0.65511829,0
-1.3787837,2.4257042,4.2244229,-0.73953962,-0.15460062,0.65511829,0
-3.1687276,-5.5075102,-1.5384655,-0.63029373,-0.18253708,-0.75459272,0
1.7626154,5.6211419,2.365607,0.63029373,0.18253708,0.75459272,0
2.0644336,2.4789858,2.7563045,0.63029373,0.18253708,0.75459272,0
2.2891717,-2.107408,4.025208,0.63029373,0.18253708,0.75459272,0
-4.8968887,3.7867718,-0.78802681,-0.23624378,0.97096807,-0.037549734,0
-4.3447528,3.6451013,-2.4587615,-0.63029373,-0.18253708,-0.75459272,0
4.3227634,-4.2307301,-0.30234981,0.23624378,-0.97096807,0.037549734,0
-3.7752719,0.84996688,-2.535404,-0.63029373,-0.18253708,-0.75459272,0
-1.9130931,1.5820122,-3.9696956,-0.63029373,-0.18253708,-0.75459272,0
1.6365197,-1.9016807,-3.8112712,0.73953962,0.15460062,-0.65511829,0
1.0033152,-3.7535834,-5.2205558,0.73953962,0.15460062,-0.65511829,0
-4.3966742,4.2980895,0.7791574,-0.23624378,0.97096807,-0.037549734,0
-0.98831391,0.76854992,4.1092901,-0.73953962,-0.15460062,0.65511829,0
4.8800344,0.86448288,1.0741944,0.63029373,0.18253708,0.75459272,0
-1.5671003,4.8301973,1.9132485,-0.23624378,0.97096807,-0.037549734,0
2.6792946,-4.3496294,1.2607336,0.23624378,-0.97096807,0.037549734,0
-2.6496115,4.3591805,-2.9132433,-0.23624378,0.97096807,-0.037549734,0
0.52610356,-4.9763508,0.13691092,0.23624378,-0.97096807,0.037549734,0
-1.2829816,-5.7006822,-1.1349707,0.23624378,-0.97096807,0.037549734,0
1.8253448,5.7101626,1.9088535,-0.23624378,0.97096807,-0.037549734,0
-4.7177367,2.348577,-1.7653468,-0.63029373,-0.18253708,-0.75459272,0
1.7871532,-4.8241577,-4.5948,0.73953962,0.15460062,-0.65511829,0
-2.2544012,-4.3058071,-2.293669,-0.63029373,-0.18253708,-0.75459272,0
-2.2494359,-4.2778578,-2.4464262,-0.63029373,-0.18253708,-0.75459272,0
1.8614879,-0.28382015,-3.0354559,0.73953962,0.15460062,-0.65511829,0
0.59624648,-4.8912206,-1.3596032,0.23624378,-0.97096807,0.037549734,0
-1.9360976,-5.8022184,-0.41731977,0.23624378,-0.97096807,0.037549734,0
-5.059701,0.86475849,-0.31190556,-0.73953962,-0.15460062,0.65511829,0
3.067457,4.4548492,-0.63780928,0.73953962,0.15460062,-0.65511829,0
-2.774868,1.3068682,-3.3734889,-0.63029373,-0.18253708,-0.75459272,0
5.0198736,-0.53314114,0.23992518,0.73953962,0.15460062,-0.65511829,0
5.3561587,-3.4991338,0.034735203,0.73953962,0.15460062,-0.65511829,0
-3.8838501,-4.9534912,-0.68827152,-0.63029373,-0.18253708,-0.75459272,0
-0.29247999,0.90016675,5.4238195,0.63029373,0.18253708,0.75459272,0
4.2272544,4.4855995,0.59269714,0.73953962,0.15460062,-0.65511829,0
-2.732152,4.5556316,-3.0917859,-0.23624378,0.97096807,-0.037549734,0
0.18160629,-3.4935842,4.7207813,-0.73953962,-0.15460062,0.65511829,0
-2.8234632,-6.0160832,-1.1360888,0.23624378,-0.97096807,0.037549734,0
-2.3220148,-3.848084,-2.4732745,-0.63029373,-0.18253708,-0.75459272,0
-0.10440803,-4.9601507,-4.1794453,-0.63029373,-0.18253708,-0.75459272,0
0.03707695,0.98060441,-5.3671083,0.73953962,0.15460062,-0.65511829,0
-1.015542,-1.9845254,-4.0257854,-0.63029373,-0.18253708,-0.75459272,0
-1.2124174,3.0558846,4.8198752,-0.73953962,-0.15460062,0.65511829,0
0.13814843,-5.2010026,-1.1387219,0.23624378,-0.97096807,0.037549734,0
-1.5706334,1.087308,-4.3542843,-0.63029373,-0.18253708,-0.75459272,0
-1.9819846,4.0764022,4.1930537,-0.73953962,-0.15460062,0.65511829,0
4.7901049,-1.9014595,-0.21079659,0.73953962,0.15460062,-0.65511829,0
0.63136292,-4.8468599,3.3185611,0.23624378,-0.97096807,0.037549734,0
5.1273007,-1.1880157,1.2468128,0.63029373,0.18253708,0.75459272,0
2.3235893,3.7655315,-2.0681562,0.73953962,0.15460062,-0.65511829,0
-1.6178195,-4.6511307,2.433177,-0.73953962,-0.15460062,0.65511829,0
-4.7751179,4.0989332,0.32709122,-0.23624378,0.97096807,-0.037549734,0
2.6772823,-4.2602844,4.2441506,0.63029373,0.18253708,0.75459272,0
-2.0093317,-5.7291784,-1.6467314,0.23624378,-0.97096807,0.037549734,0
-3.7558427,2.8018649,-2.7748597,-0.63029373,-0.18253708,-0.75459272,0
0.96406078,0.28812248,4.5235734,0.63029373,0.18253708,0.75459272,0
-4.0866842,1.2012986,-1.9364603,-0.63029373,-0.18253708,-0.75459272,0
-4.4149599,1.3573875,0.94306386,-0.73953962,-0.15460062,0.65511829,0
1.4127302,0.97240555,4.1184063,0.63029373,0.18253708,0.75459272,0
0.95438981,-4.6249247,2.5361481,0.23624378,-0.97096807,0.037549734,0
-5.3763928,1.5737836,-0.51522326,-0.73953962,-0.15460062,0.65511829,0
2.7041881,4.0641174,-1.4095545,0.73953962,0.15460062,-0.65511829,0
-1.9056945,3.988874,4.4024725,-0.73953962,-0.15460062,0.65511829,0
-1.7071254,-0.0062446594,3.3428416,-0.73953962,-0.15460062,0.65511829,0
-0.89900994,-5.5470862,-1.8154287,0.23624378,-0.97096807,0.037549734,0
3.3751576,-2.8274562,-2.310617,0.73953962,0.15460062,-0.65511829,0
2.2139626,-4.6289573,3.8540664,0.23624378,-0.97096807,0.037549734,0
4.3626013,-4.1681614,1.2203069,0.23624378,-0.97096807,0.037549734,0
-0.40251413,5.2569628,1.0805259,-0.23624378,0.97096807,-0.037549734,0
0.73892927,-5.0721974,2.6548381,0.23624378,-0.97096807,0.037549734,0
-4.8736,-0.62661648,-0.026273727,-0.73953962,-0.15460062,0.65511829,0
0.64986992,-4.8074541,4.2044716,0.23624378,-0.97096807,0.037549734,0
-2.3925657,1.2679164,-3.4405398,-0.63029373,-0.18253708,-0.75459272,0
2.4915218,0.11669958,2.9866228,0.63029373,0.18253708,0.75459272,0
-3.6989899,-0.89396238,0.69202483,-0.73953962,-0.15460062,0.65511829,0
0.75912857,5.4120979,-3.0918999,-0.23624378,0.97096807,-0.037549734,0
0.92489195,5.2214823,-1.8591385,-0.23624378,0.97096807,-0.037549734,0
-1.4961591,1.4652615,-4.2295575,-0.63029373,-0.18253708,-0.75459272,0
0.37290931,2.5677087,4.227993,0.63029373,0.18253708,0.75459272,0
1.8274994,-4.6985412,0.049994946,0.23624378,-0.97096807,0.037549734,0
2.9508207,-3.1085265,-2.6338067,0.73953962,0.15460062,-0.65511829,0
0.6756835,4.8202257,3.4499249,0.63029373,0.18253708,0.75459272,0
5.0789113,1.2699356,0.49533403,0.73953962,0.15460062,-0.65511829,0
2.2175794,2.3632152,-2.4304147,0.73953962,0.15460062,-0.65511829,0
3.038301,4.3134794,1.547869,0.63029373,0.18253708,0.75459272,0
-1.4689929,-1.1249931,3.6751146,-0.73953962,-0.15460062,0.65511829,0
-0.24742961,-5.2515492,1.0170751,0.23624378,-0.97096807,0.037549734,0
-0.93951488,-1.9960711,3.5150609,-0.73953962,-0.15460062,0.65511829,0
-1.0759256,4.8494735,5.1651425,0.63029373,0.18253708,0.75459272,0
3.6252012,-4.2989073,2.8847933,0.23624378,-0.97096807,0.037549734,0
-1.0586486,-0.67916203,4.0945764,-0.73953962,-0.15460062,0.65511829,0
0.98276711,3.9999049,-3.2621002,0.73953962,0.15460062,-0.65511829,0
-3.3049312,-1.579834,1.1466367,-0.73953962,-0.15460062,0.65511829,0
-4.2876406,-2.0581117,-0.20665956,-0.73953962,-0.15460062,0.65511829,0
-2.7972648,-4.4081817,-1.831044,-0.63029373,-0.18253708,-0.75459272,0
0.57642961,5.3829756,-1.5425043,-0.23624378,0.97096807,-0.037549734,0
-3.5279045,3.9924593,-2.9410048,-0.23624378,0.97096807,-0.037549734,0
2.3352249,2.9562073,-1.9454856,0.73953962,0.15460062,-0.65511829,0
-2.8292263,4.441524,3.4748836,-0.73953962,-0.15460062,0.65511829,0
-2.5836434,-5.9834223,-0.48944759,0.23624378,-0.97096807,0.037549734,0
1.1560879,0.53089035,4.4437361,0.63029373,0.18253708,0.75459272,0
4.4375782,2.3891387,0.12301016,0.73953962,0.15460062,-0.65511829,0
-2.6330833,4.3546519,-0.85246849,-0.23624378,0.97096807,-0.037549734,0
-3.7121675,-0.97822571,0.85996485,-0.73953962,-0.15460062,0.65511829,0
-0.15341997,-1.7479177,4.4541903,-0.73953962,-0.15460062,0.65511829,0
0.8790617,-1.5866901,4.739934,0.63029373,0.18253708,0.75459272,0
1.3983365,-4.9494534,-3.4067893,0.23624378,-0.97096807,0.037549734,0
1.7872417,-2.9165411,-3.7148383,0.73953962,0.15460062,-0.65511829,0
-1.5895281,-1.1681473,-3.7874281,-0.63029373,-0.18253708,-0.75459272,0
-1.9210205,4.6751041,4.2728863,-0.73953962,-0.15460062,0.65511829,0
-5.3798857,2.1520455,-1.2353623,-0.63029373,-0.18253708,-0.75459272,0
-0.89877379,5.1208072,1.1297526,-0.23624378,0.97096807,-0.037549734,0
-5.0390072,-0.11988926,-0.9094305,-0.63029373,-0.18253708,-0.75459272,0
0.93459511,-4.7024612,4.6639833,0.23624378,-0.97096807,0.037549734,0
-5.0706034,1.0821347,-1.1201012,-0.63029373,-0.18253708,-0.75459272,0
-1.1876925,-3.8955731,3.1961989,-0.73953962,-0.15460062,0.65511829,0
5.2791357,-1.0935209,1.2937578,0.63029373,0.18253708,0.75459272,0
-3.3051453,4.396646,-0.096629143,-0.23624378,0.97096807,-0.037549734,0
0.89115381,2.5056999,-3.9997005,0.73953962,0.15460062,-0.65511829,0
4.115406,0.44590712,-0.69109845,0.73953962,0.15460062,-0.65511829,0
-1.3545239,-3.8558867,-3.4552569,-0.63029373,-0.18253708,-0.75459272,0
-5.8117809,2.9300535,-0.92843437,-0.63029373,-0.18253708,-0.75459272,0
1.410816,5.2999635,-0.52899361,-0.23624378,0.97096807,-0.037549734,0
0.16905761,-4.8248701,2.7647171,0.23624378,-0.97096807,0.037549734,0
3.859623,-2.506129,2.4615247,0.63029373,0.18253708,0.75459272,0
-4.6807761,2.9900041,0.83471799,-0.73953962,-0.15460062,0.65511829,0
3.567945,-2.2110665,-1.8320585,0.73953962,0.15460062,-0.65511829,0
2.5076983,3.1556644,-1.4831786,0.73953962,0.15460062,-0.65511829,0
2.7506981,5.8505182,-0.31608057,-0.23624378,0.97096807,-0.037549734,0
-4.3076444,3.7558074,-2.5662539,-0.63029373,-0.18253708,-0.75459272,0
-1.4140472,0.15390158,-4.3249912,-0.63029373,-0.18253708,-0.75459272,0
-1.1361063,-5.624752,-1.2544036,0.23624378,-0.97096807,0.037549734,0
0.38152808,-5.1025028,-0.92021608,0.23624378,-0.97096807,0.037549734,0
-3.3811467,1.0647502,2.017313,-0.73953962,-0.15460062,0.65511829,0
-0.72769642,-0.77211285,-4.6800137,-0.63029373,-0.18253708,-0.75459272,0
0.3646611,5.1449471,-1.1722522,-0.23624378,0.97096807,-0.037549734,0
1.0562314,5.4838958,-0.31730461,-0.23624378,0.97096807,-0.037549734,0
2.6596959,-4.4764161,0.9519496,0.23624378,-0.97096807,0.037549734,0
1.4453497,-4.0459695,4.8697577,0.63029373,0.18253708,0.75459272,0
5.874063,-2.7680357,0.85840273,0.73953962,0.15460062,-0.65511829,0
2.9969411,-3.0190568,3.5961423,0.63029373,0.18253708,0.75459272,0
-2.3584247,2.1679945,3.139467,-0.73953962,-0.15460062,0.65511829,0
1.6292048,1.7901049,-3.147203,0.73953962,0.15460062,-0.65511829,0
-2.6071615,-2.9574804,-2.4659476,-0.63029373,-0.18253708,-0.75459272,0
-0.95468903,-0.19049025,4.1094828,-0.73953962,-0.15460062,0.65511829,0
1.7878867,4.8638148,-1.9861016,0.73953962,0.15460062,-0.65511829,0
3.1143379,-3.3538096,3.4692113,0.63029373,0.18253708,0.75459272,0
4.6529212,-2.488898,-0.76505673,0.73953962,0.15460062,-0.65511829,0
1.2874126,-3.3967113,-4.6673117,0.73953962,0.15460062,-0.65511829,0
1.6424971,-4.7247763,4.38767,0.23624378,-0.97096807,0.037549734,0
-1.643997,-5.6796632,-2.3141851,0.23624378,-0.97096807,0.037549734,0
2.9403448,5.6043038,1.56951,0.63029373,0.18253708,0.75459272,0
0.96455407,3.1136498,4.0070372,0.63029373,0.18253708,0.75459272,0
-0.38796639,-4.692934,-3.9437346,-0.63029373,-0.18253708,-0.75459272,0
-0.67114115,5.0294533,2.3365867,-0.23624378,0.97096807,-0.037549734,0
-4.905941,-2.5301447,-0.80577278,-0.63029373,-0.18253708,-0.75459272,0
-4.5522728,4.140727,0.27825403,-0.23624378,0.97096807,-0.037549734,0
0.19533682,-0.38427758,5.1910377,0.63029373,0.18253708,0.75459272,0
-1.2883422,-5.4549379,-3.0506725,-0.63029373,-0.18253708,-0.75459272,0
1.8674653,3.249779,3.1885381,0.63029373,0.18253708,0.75459272,0
5.5786324,-1.5403111,0.85026622,0.63029373,0.18253708,0.75459272,0
-1.0071468,-0.63461947,4.0478845,-0.73953962,-0.15460062,0.65511829,0
-0.17180841,5.1266141,1.1379437,-0.23624378,0.97096807,-0.037549734,0
-3.7693467,3.2229929,-2.8679945,-0.63029373,-0.18253708,-0.75459272,0
-3.066752,4.2920761,-0.90010738,-0.23624378,0.97096807,-0.037549734,0
4.6543045,-0.81273532,1.8204116,0.63029373,0.18253708,0.75459272,0
-2.694895,-1.0913401,1.7807788,-0.73953962,-0.15460062,0.65511829,0
3.8352799,-4.3825388,0.37723541,0.23624378,-0.97096807,0.037549734,0
-1.7784543,0.92886394,-4.1171641,-0.63029373,-0.18253708,-0.75459272,0
-3.2776973,1.2169588,1.7802444,-0.73953962,-0.15460062,0.65511829,0
2.1241093,-4.4145379,3.2568822,0.23624378,-0.97096807,0.037549734,0
5.3279285,-0.71783352,0.93389249,0.63029373,0.18253708,0.75459272,0
-0.75587511,1.1859984,-5.1129322,-0.63029373,-0.18253708,-0.75459272,0
-1.2978275,3.2428596,4.7793016,-0.73953962,-0.15460062,0.65511829,0
-1.3493829,-5.1583409,-2.7385061,-0.63029373,-0.18253708,-0.75459272,0
-2.7955289,-0.98197269,2.0026984,-0.73953962,-0.15460062,0.65511829,0
0.47681499,2.4479489,-4.23594,0.73953962,0.15460062,-0.65511829,0
0.44932032,-3.7870777,-4.6876554,-0.63029373,-0.18253708,-0.75459272,0
1.2945687,0.89371157,-3.8453188,0.73953962,0.15460062,-0.65511829,0
-1.1819019,-5.3536739,0.6037941,0.23624378,-0.97096807,0.037549734,0
-1.4568458,-3.3487134,-3.0279529,-0.63029373,-0.18253708,-0.75459272,0
-0.54458052,-5.4937563,-1.0676112,0.23624378,-0.97096807,0.037549734,0
1.8660989,-3.3780417,-4.22721,0.73953962,0.15460062,-0.65511829,0
3.752372,3.8485074,1.088062,0.63029373,0.18253708,0.75459272,0
2.5323477,-4.4231372,3.2702904,0.23624378,-0.97096807,0.037549734,0
-3.2321148,-5.9047642,-0.57320166,0.23624378,-0.97096807,0.037549734,0
1.8444705,-0.44121143,4.0759439,0.63029373,0.18253708,0.75459272,0
-3.4916196,-2.7404618,-1.6442977,-0.63029373,-0.18253708,-0.75459272,0
-3.6193855,0.23205876,1.2838358,-0.73953962,-0.15460062,0.65511829,0
-2.9041018,-0.19438028,1.9557052,-0.73953962,-0.15460062,0.65511829,0
-5.3350925,2.0187047,-0.1289345,-0.73953962,-0.15460062,0.65511829,0
4.6196594,1.1837244,1.3415082,0.63029373,0.18253708,0.75459272,0
2.757092,0.64214587,-1.9084321,0.73953962,0.15460062,-0.65511829,0
2.339746,-4.6350355,2.916141,0.23624378,-0.97096807,0.037549734,0
-2.2894626,0.44434139,-3.2654576,-0.63029373,-0.18253708,-0.75459272,0
1.7642365,4.8081131,-2.1760063,0.73953962,0.15460062,-0.65511829,0
3.1295328,2.874191,2.2421017,0.63029373,0.18253708,0.75459272,0
5.095953,-0.54634833,1.3237104,0.63029373,0.18253708,0.75459272,0
2.5763988,-1.6745037,-2.7303948,0.73953962,0.15460062,-0.65511829,0
5.1420269,-4.0053682,-0.16713214,0.23624378,-0.97096807,0.037549734,0
-1.600358,1.4057871,-4.3051691,-0.63029373,-0.18253708,-0.75459272,0
-2.7363486,-0.11200202,-3.1130807,-0.63029373,-0.18253708,-0.75459272,0
-0.61138153,-3.7885613,-4.1309476,-0.63029373,-0.18253708,-0.75459272,0
-4.1806569,2.4413371,-2.3377886,-0.63029373,-0.18253708,-0.75459272,0
2.446877,3.0196793,2.7773845,0.63029373,0.18253708,0.75459272,0
3.2050114,-2.5517604,2.9851696,0.63029373,0.18253708,0.75459272,0
0.047700644,5.1395636,2.9779983,-0.23624378,0.97096807,-0.037549734,0
-0.55991209,5.1774302,-0.18119574,-0.23624378,0.97096807,-0.037549734,0
2.0493689,1.3320551,3.4437814,0.63029373,0.18253708,0.75459272,0
-3.3186321,4.2156763,-2.6264472,-0.23624378,0.97096807,-0.037549734,0
-2.1822233,4.2745786,-4.5276361,-0.63029373,-0.18253708,-0.75459272,0
-1.3042551,-4.4660735,2.6894503,-0.73953962,-0.15460062,0.65511829,0
3.5225487,-4.117485,1.2794557,0.23624378,-0.97096807,0.037549734,0
2.5736237,-0.81089121,3.3930407,0.63029373,0.18253708,0.75459272,0
-1.4345281,-3.6083333,-3.482851,-0.63029373,-0.18253708,-0.75459272,0
1.3149137,5.5736427,1.6630883,-0.23624378,0.97096807,-0.037549734,0
4.4877744,-3.4381871,2.4143777,0.63029373,0.18253708,0.75459272,0
-0.53007221,0.035342932,-4.9649506,-0.63029373,-0.18253708,-0.75459272,0
0.40296495,-5.3656669,-3.0351336,0.23624378,-0.97096807,0.037549734,0
-3.6866679,-1.9974515,-1.6575673,-0.63029373,-0.18253708,-0.75459272,0
-0.54782605,-1.8518097,4.3118119,-0.73953962,-0.15460062,0.65511829,0
0.30741096,-5.0418115,-3.4246471,0.23624378,-0.97096807,0.037549734,0
-2.2870297,-5.646719,1.3496509,-0.73953962,-0.15460062,0.65511829,0
-5.3831525,2.7171717,-1.4487567,-0.63029373,-0.18253708,-0.75459272,0
-5.392303,3.30199,-1.8128202,-0.63029373,-0.18253708,-0.75459272,0
-3.9628367,4.1504955,0.28237581,-0.23624378,0.97096807,-0.037549734,0
-0.032280445,-1.8054669,4.9501505,-0.73953962,-0.15460062,0.65511829,0
2.7071919,-0.76712739,3.2129717,0.63029373,0.18253708,0.75459272,0
0.48425126,5.2784419,2.6214597,-0.23624378,0.97096807,-0.037549734,0
5.4974861,-2.5722952,0.54826665,0.73953962,0.15460062,-0.65511829,0
5.9609861,-3.6325366,0.65748048,0.23624378,-0.97096807,0.037549734,0
0.66137815,1.6758423,-4.2628579,0.73953962,0.15460062,-0.65511829,0
-5.3802037,1.7527761,-1.4085404,-0.63029373,-0.18253708,-0.75459272,0
-5.7252388,1.7569702,-0.74279654,-0.63029373,-0.18253708,-0.75459272,0
3.1501689,-4.3275023,2.1791296,0.23624378,-0.97096807,0.037549734,0
1.01647,5.6740642,2.2958748,-0.23624378,0.97096807,-0.037549734,0
0.76617622,2.8020175,4.1784921,0.63029373,0.18253708,0.75459272,0
0.68175578,-4.6327634,-4.5968361,-0.63029373,-0.18253708,-0.75459272,0
1.3885471,-4.6142817,0.26185656,0.23624378,-0.97096807,0.037549734,0
-1.5865974,4.7169666,-4.9659109,-0.23624378,0.97096807,-0.037549734,0
2.4256544,4.7278566,2.1266186,0.63029373,0.18253708,0.75459272,0
-4.2821016,2.5352881,-2.1880527,-0.63029373,-0.18253708,-0.75459272,0
3.9589443,1.1762667,1.7516475,0.63029373,0.18253708,0.75459272,0
0.0059084892,-5.0563684,2.7161574,0.23624378,-0.97096807,0.037549734,0
0.29735887,5.4601493,1.2758656,-0.23624378,0.97096807,-0.037549734,0
1.5210899,-1.7005582,-4.1290412,0.73953962,0.15460062,-0.65511829,0
-0.8678422,4.6050124,-3.3729253,-0.23624378,0.97096807,-0.037549734,0
3.7946522,-1.8303363,-1.3043374,0.73953962,0.15460062,-0.65511829,0
-2.33025,-5.5004916,1.1553841,-0.73953962,-0.15460062,0.65511829,0
3.2827115,-0.51310575,2.7618661,0.63029373,0.18253708,0.75459272,0
3.3534184,5.8961515,-0.14766026,-0.23624378,0.97096807,-0.037549734,0
2.8361974,-2.9703436,3.7283254,0.63029373,0.18253708,0.75459272,0
3.1750691,1.1237676,-1.5055617,0.73953962,0.15460062,-0.65511829,0
0.95269012,-4.2996492,5.3792,-0.73953962,-0.15460062,0.65511829,0
3.0727797,0.99651194,-1.5082297,0.73953962,0.15460062,-0.65511829,0
1.4107471,5.7110987,2.7541316,-0.23624378,0.97096807,-0.037549734,0
1.4222484,-0.96088207,4.3480759,0.63029373,0.18253708,0.75459272,0
2.6255112,0.88756597,3.0514574,0.63029373,0.18253708,0.75459272,0
2.0466535,5.5642948,-1.6283965,0.73953962,0.15460062,-0.65511829,0
3.9052608,4.2975769,0.31134939,0.73953962,0.15460062,-0.65511829,0
0.47769833,0.79802048,4.9141097,0.63029373,0.18253708,0.75459272,0
5.1586528,-4.047924,-0.29535747,0.23624378,-0.97096807,0.037549734,0
2.6738193,2.4076786,-1.7084718,0.73953962,0.15460062,-0.65511829,0
2.4177682,5.8633981,0.29343414,-0.23624378,0.97096807,-0.037549734,0
-3.234139,2.8314683,-3.0920568,-0.63029373,-0.18253708,-0.75459272,0
2.9306531,1.8599356,2.544786,0.63029373,0.18253708,0.75459272,0
-2.5074184,1.5747979,2.9691949,-0.73953962,-0.15460062,0.65511829,0
-0.41103363,5.1630554,4.2240844,-0.23624378,0.97096807,-0.037549734,0
-0.12749612,-5.332325,-1.2285938,0.23624378,-0.97096807,0.037549734,0
-0.19429469,2.4139121,4.7237878,0.63029373,0.18253708,0.75459272,0
-1.940608,-5.65662,0.59880161,0.23624378,-0.97096807,0.037549734,0
2.391963,2.9735122,-1.7216666,0.73953962,0.15460062,-0.65511829,0
2.8974967,-0.16927981,2.9023087,0.63029373,0.18253708,0.75459272,0
-3.0136924,-4.8788242,1.0433159,-0.73953962,-0.15460062,0.65511829,0
-4.746758,0.36192369,0.1605573,-0.73953962,-0.15460062,0.65511829,0
-0.82938266,-0.55057096,4.1560307,-0.73953962,-0.15460062,0.65511829,0
-5.0520849,3.9561446,-1.2481847,-0.23624378,0.97096807,-0.037549734,0
-4.1368318,-4.3753271,-0.85141587,-0.63029373,-0.18253708,-0.75459272,0
-2.4215798,0.94848657,3.0351353,-0.73953962,-0.15460062,0.65511829,0
2.7460461,-0.5445509,-2.1284173,0.73953962,0.15460062,-0.65511829,0
-3.2889481,-3.5179803,0.7918334,-0.73953962,-0.15460062,0.65511829,0
-2.8742721,-1.1419961,1.7655555,-0.73953962,-0.15460062,0.65511829,0
1.7619967,1.6101995,3.3475547,0.63029373,0.18253708,0.75459272,0
2.9443197,-4.4088221,2.2616568,0.23624378,-0.97096807,0.037549734,0
-5.4532838,2.3362062,-1.1261415,-0.63029373,-0.18253708,-0.75459272,0
3.0108361,0.99032903,-1.4574291,0.73953962,0.15460062,-0.65511829,0
0.44876957,0.83101964,-4.5266657,0.73953962,0.15460062,-0.65511829,0
-1.4269494,0.68444419,4.1202741,-0.73953962,-0.15460062,0.65511829,0
1.8237863,5.2679472,2.5966632,0.63029373,0.18253708,0.75459272,0
4.1805038,-3.0372493,2.5329335,0.63029373,0.18253708,0.75459272,0
-4.3225403,1.8487363,-2.2851696,-0.63029373,-0.18253708,-0.75459272,0
0.3223176,5.2213655,2.4070771,-0.23624378,0.97096807,-0.037549734,0
1.8846793,0.073294908,3.5058727,0.63029373,0.18253708,0.75459272,0
3.7381861,3.5355227,1.2405064,0.63029373,0.18253708,0.75459272,0
-1.4548008,2.1343949,4.3011689,-0.73953962,-0.15460062,0.65511829,0
-0.72743678,4.7023458,4.9771471,0.63029373,0.18253708,0.75459272,0
2.3798506,-4.462944,-0.65231466,0.23624378,-0.97096807,0.037549734,0
-0.44510317,-0.23560548,4.4914756,-0.73953962,-0.15460062,0.65511829,0
0.55480838,4.7807016,3.851779,0.63029373,0.18253708,0.75459272,0
4.2521358,1.387238,-0.45106411,0.73953962,0.15460062,-0.65511829,0
3.6358619,-2.6337695,2.8981352,0.63029373,0.18253708,0.75459272,0
-1.602071,-2.2536378,3.1489196,-0.73953962,-0.15460062,0.65511829,0
3.8156068,-1.4193213,-1.3869007,0.73953962,0.15460062,-0.65511829,0
1.7876997,-4.8541141,-4.7307658,0.73953962,0.15460062,-0.65511829,0
1.5946985,0.91810393,-3.074338,0.73953962,0.15460062,-0.65511829,0
-1.4102113,-4.3838863,-2.9131212,-0.63029373,-0.18253708,-0.75459272,0
-1.9118351,-5.1645384,1.961679,-0.73953962,-0.15460062,0.65511829,0
4.3726687,-4.0325332,0.12627792,0.23624378,-0.97096807,0.037549734,0
1.8367145,-4.6292648,0.99177313,0.23624378,-0.97096807,0.037549734,0
2.1397605,-4.8555775,-1.8260016,0.23624378,-0.97096807,0.037549734,0
1.6692557,1.2521337,3.4265425,0.63029373,0.18253708,0.75459272,0
1.6768397,-3.7318308,-4.4808865,0.73953962,0.15460062,-0.65511829,0
-4.2586994,3.9886165,-0.34467077,-0.23624378,0.97096807,-0.037549734,0
1.1041667,1.4973047,-3.5376928,0.73953962,0.15460062,-0.65511829,0
1.8298697,-4.822113,1.4932342,0.23624378,-0.97096807,0.037549734,0
-1.0281069,1.7083085,4.8543029,-0.73953962,-0.15460062,0.65511829,0
2.95786,-0.5263164,2.8619554,0.63029373,0.18253708,0.75459272,0
-1.0234175,-1.2581966,-3.9344001,-0.63029373,-0.18253708,-0.75459272,0
-4.3528576,1.0231559,0.55368829,-0.73953962,-0.15460062,0.65511829,0
1.8766818,4.0496531,-2.0744991,0.73953962,0.15460062,-0.65511829,0
0.72011971,5.2588682,0.44110394,-0.23624378,0.97096807,-0.037549734,0
-0.12616301,2.7097487,4.9970284,0.63029373,0.18253708,0.75459272,0
-3.1726403,-5.8478055,0.26749039,0.23624378,-0.97096807,0.037549734,0
-1.4972959,-1.2014954,3.235991,-0.73953962,-0.15460062,0.65511829,0
4.6439323,-3.7879918,0.83834028,0.23624378,-0.97096807,0.037549734,0
0.021878242,-2.3859198,-4.8733845,-0.63029373,-0.18253708,-0.75459272,0
-1.5482421,-5.765892,-2.3492906,0.23624378,-0.97096807,0.037549734,0
2.9741695,-4.5420108,-2.9359405,0.73953962,0.15460062,-0.65511829,0
1.7717129,-1.3371871,-3.6733868,0.73953962,0.15460062,-0.65511829,0
-3.9454703,4.1282134,-0.25872231,-0.23624378,0.97096807,-0.037549734,0
2.484046,-4.3838949,1.284204,0.23624378,-0.97096807,0.037549734,0
-0.42072558,5.274931,3.4625769,-0.23624378,0.97096807,-0.037549734,0
-1.6032391,-1.9808593,-3.7314191,-0.63029373,-0.18253708,-0.75459272,0
-5.2565956,1.7985029,-1.247597,-0.63029373,-0.18253708,-0.75459272,0
-2.3284698,-5.1211472,1.8084002,-0.73953962,-0.15460062,0.65511829,0
3.8888488,-2.3427682,-1.2011075,0.73953962,0.15460062,-0.65511829,0
4.5217452,-1.2285733,-0.78538674,0.73953962,0.15460062,-0.65511829,0
3.5413704,-4.2480025,3.2371364,0.23624378,-0.97096807,0.037549734,0
0.93053532,-2.6424482,5.392899,0.63029373,0.18253708,0.75459272,0
4.5048246,-1.7852129,2.0297921,0.63029373,0.18253708,0.75459272,0
3.09619,-4.2345333,3.3798246,0.23624378,-0.97096807,0.037549734,0
-0.38836122,3.7953157,4.9642806,0.63029373,0.18253708,0.75459272,0
-5.0883336,4.0849519,-0.2805891,-0.23624378,0.97096807,-0.037549734,0
2.9670179,4.9365034,-0.93481064,0.73953962,0.15460062,-0.65511829,0
1.7478442,-0.05151505,3.6016095,0.63029373,0.18253708,0.75459272,0
3.2296052,-0.12036443,2.4884045,0.63029373,0.18253708,0.75459272,0
-4.0760307,3.6097341,-2.6045551,-0.63029373,-0.18253708,-0.75459272,0
0.41067386,3.7659748,4.2806206,0.63029373,0.18253708,0.75459272,0
-1.1462132,-4.4024744,3.0279851,-0.73953962,-0.15460062,0.65511829,0
4.728909,-3.1913424,-0.90626669,0.73953962,0.15460062,-0.65511829,0
1.369009,-4.8303475,0.59612417,0.23624378,-0.97096807,0.037549734,0
0.93731475,5.3230047,-2.755672,-0.23624378,0.97096807,-0.037549734,0
-4.3076668,-1.8851857,0.29555893,-0.73953962,-0.15460062,0.65511829,0
-1.9718237,4.6233497,-3.883357,-0.23624378,0.97096807,-0.037549734,0
6.1031442,-3.3747797,0.9302721,0.63029373,0.18253708,0.75459272,0
1.4538279,2.9139886,-2.7185409,0.73953962,0.15460062,-0.65511829,0
2.8095741,0.86148763,-1.7738385,0.73953962,0.15460062,-0.65511829,0
-0.41107321,-3.6335108,3.9935791,-0.73953962,-0.15460062,0.65511829,0
3.4457328,-4.0490842,-2.3014264,0.73953962,0.15460062,-0.65511829,0
-2.1104527,4.7582393,3.2002854,-0.23624378,0.97096807,-0.037549734,0
2.2369671,-4.9163179,-3.3778515,0.23624378,-0.97096807,0.037549734,0
-0.5538255,-5.4509258,-2.0882239,0.23624378,-0.97096807,0.037549734,0
3.0600324,-4.1003428,2.8771319,0.23624378,-0.97096807,0.037549734,0
1.0309818,-5.0449152,-0.19977522,0.23624378,-0.97096807,0.037549734,0
5.0567722,0.2874999,1.0002638,0.63029373,0.18253708,0.75459272,0
0.45832324,5.0148382,-2.9630504,-0.23624378,0.97096807,-0.037549734,0
1.0631413,-3.9607801,5.3049698,0.63029373,0.18253708,0.75459272,0
-3.9854698,2.2482219,1.2411511,-0.73953962,-0.15460062,0.65511829,0
5.5614362,-1.3429527,0.76419401,0.73953962,0.15460062,-0.65511829,0
2.7715514,2.4928188,-1.3983278,0.73953962,0.15460062,-0.65511829,0
1.4180512,-4.2852364,4.9600511,0.63029373,0.18253708,0.75459272,0
4.8235412,-0.1372385,1.5139604,0.63029373,0.18253708,0.75459272,0
2.5987477,-2.7105196,-3.2977707,0.73953962,0.15460062,-0.65511829,0
-2.4299321,-0.90654993,2.3121819,-0.73953962,-0.15460062,0.65511829,0
-1.4032265,4.8044024,0.52997923,-0.23624378,0.97096807,-0.037549734,0
