3.8049846,-2.0225611,-2.4949727,0.50681686,-0.15514775,-0.8479774,0
-4.1442447,3.0857263,2.4997549,-0.50681686,0.15514775,0.8479774,0
0.2577672,2.3426533,-5.6418428,-0.28077209,0.90032566,-0.33253664,0
2.0456653,2.4849887,-4.4975758,0.50681686,-0.15514775,-0.8479774,0
4.6969748,-1.5392919,0.24672079,0.81504822,0.40662366,0.4127391,0
-4.5784502,-1.6803365,2.305295,-0.81504822,-0.40662366,-0.4127391,0
3.2020016,1.9088345,0.18535054,0.81504822,0.40662366,0.4127391,0
-4.9703493,0.86527991,0.036452293,-0.81504822,-0.40662366,-0.4127391,0
-5.7611151,2.6449914,1.3399529,-0.50681686,0.15514775,0.8479774,0
4.0023761,-0.58673412,-2.9239645,0.50681686,-0.15514775,-0.8479774,0
1.3718009,1.7850301,4.2611179,0.81504822,0.40662366,0.4127391,0
2.1169376,-3.5895944,-3.4856863,0.50681686,-0.15514775,-0.8479774,0
2.0956116,-2.9529057,2.0923119,0.28077209,-0.90032566,0.33253664,0
-1.9408106,-4.8681965,0.071695238,0.28077209,-0.90032566,0.33253664,0
3.7686658,2.660665,-1.9680102,0.81504822,0.40662366,0.4127391,0
-3.0998039,-2.2533159,3.6373801,-0.50681686,0.15514775,0.8479774,0
-3.9278369,-2.4546111,2.0019169,-0.81504822,-0.40662366,-0.4127391,0
4.5524888,-1.7533205,-2.1416049,0.50681686,-0.15514775,-0.8479774,0
-1.1102519,4.4253983,1.190563,-0.28077209,0.90032566,-0.33253664,0
-5.2030277,3.1893785,1.7059464,-0.50681686,0.15514775,0.8479774,0
-1.3481753,-5.0260186,-0.41042674,0.28077209,-0.90032566,0.33253664,0
-4.9107485,1.7935803,-0.10782766,-0.81504822,-0.40662366,-0.4127391,0
0.25910902,0.4369092,-5.0763068,0.50681686,-0.15514775,-0.8479774,0
4.2816949,-3.1614404,-0.70290852,0.28077209,-0.90032566,0.33253664,0
-3.5686512,1.9083757,2.8183751,-0.50681686,0.15514775,0.8479774,0
1.4480274,-3.7252192,0.80016851,0.28077209,-0.90032566,0.33253664,0
2.5152974,-1.3041615,-3.560257,0.50681686,-0.15514775,-0.8479774,0
-1.2751174,4.6767387,1.223495,-0.28077209,0.90032566,-0.33253664,0
-5.7517686,2.2909811,0.97050667,-0.81504822,-0.40662366,-0.4127391,0
-0.80445963,-3.4554293,-3.14042,-0.81504822,-0.40662366,-0.4127391,0
-2.8261173,2.7251811,3.1285524,-0.50681686,0.15514775,0.8479774,0
0.85304689,3.3000069,-4.4126506,-0.28077209,0.90032566,-0.33253664,0
-2.0637345,2.9593012,3.3863788,-0.50681686,0.15514775,0.8479774,0
-1.5089779,2.8207352,3.8575764,-0.50681686,0.15514775,0.8479774,0
-0.23314643,-5.1222382,-2.7355299,-0.81504822,-0.40662366,-0.4127391,0
3.7327719,-2.0776241,3.1479104,0.28077209,-0.90032566,0.33253664,0
-4.1516132,3.4489231,0.26698923,-0.28077209,0.90032566,-0.33253664,0
-5.1898899,1.1370339,1.8870621,-0.50681686,0.15514775,0.8479774,0
-2.3964081,0.13091677,4.0213299,-0.50681686,0.15514775,0.8479774,0
-1.4965906,4.5582056,1.7065825,-0.28077209,0.90032566,-0.33253664,0
4.0659266,2.5360904,-2.2214465,0.81504822,0.40662366,0.4127391,0
-0.7911008,-2.8822744,-4.231164,-0.81504822,-0.40662366,-0.4127391,0
-0.98728514,2.339514,-5.1516032,-0.28077209,0.90032566,-0.33253664,0
-1.501523,5.3536186,3.5108805,-0.50681686,0.15514775,0.8479774,0
-5.0010686,-0.38017607,2.2024426,-0.81504822,-0.40662366,-0.4127391,0
-2.0148304,-4.9528885,0.41422313,-0.81504822,-0.40662366,-0.4127391,0
0.36018133,-2.5697761,4.6272025,0.28077209,-0.90032566,0.33253664,0
-1.7838638,2.7284222,3.8023615,-0.50681686,0.15514775,0.8479774,0
2.9101954,-2.0177641,3.6883497,0.28077209,-0.90032566,0.33253664,0
3.1819618,4.0926323,-3.2577605,-0.28077209,0.90032566,-0.33253664,0
4.7450423,-1.122061,-2.2196307,0.50681686,-0.15514775,-0.8479774,0
2.0642591,-1.4448972,5.9719954,0.81504822,0.40662366,0.4127391,0
4.3822169,0.3313067,-0.88329697,0.81504822,0.40662366,0.4127391,0
1.4842652,-4.2179565,-3.4380317,0.50681686,-0.15514775,-0.8479774,0
5.7452679,-1.7470536,-1.2875714,0.81504822,0.40662366,0.4127391,0
-1.7117603,-1.5492926,4.4228525,-0.50681686,0.15514775,0.8479774,0
0.85311747,3.3454556,-3.6958089,-0.28077209,0.90032566,-0.33253664,0
5.0135136,-0.025760651,-1.2086687,0.81504822,0.40662366,0.4127391,0
-1.2370281,-3.2925467,3.6237714,0.28077209,-0.90032566,0.33253664,0
1.13437,4.1212177,1.8098059,0.81504822,0.40662366,0.4127391,0
4.9616084,-1.3076702,-2.0627685,0.50681686,-0.15514775,-0.8479774,0
4.2604566,-3.9278212,-1.920876,0.28077209,-0.90032566,0.33253664,0
-5.3895941,1.7680637,1.6317344,-0.50681686,0.15514775,0.8479774,0
-5.2390127,2.9352899,-0.086177349,-0.28077209,0.90032566,-0.33253664,0
1.3576281,5.0775442,0.78856587,-0.28077209,0.90032566,-0.33253664,0
4.7463975,-2.4540958,-1.8106728,0.50681686,-0.15514775,-0.8479774,0
4.4234304,-2.6133606,-2.3754606,0.50681686,-0.15514775,-0.8479774,0
-0.067340374,-1.1177578,5.2367325,-0.50681686,0.15514775,0.8479774,0
0.70534766,2.200376,4.8251414,0.81504822,0.40662366,0.4127391,0
2.9656909,-4.6879759,-2.5764356,0.28077209,-0.90032566,0.33253664,0
-1.8506858,4.782248,2.6861172,-0.28077209,0.90032566,-0.33253664,0
3.8304768,3.2082973,-3.5423141,0.50681686,-0.15514775,-0.8479774,0
-1.995224,-3.9124243,-0.94802654,-0.81504822,-0.40662366,-0.4127391,0
-1.6879926,1.8034492,-6.0254469,-0.28077209,0.90032566,-0.33253664,0
1.1087689,3.858196,-2.787014,-0.28077209,0.90032566,-0.33253664,0
2.165292,-0.065930367,4.3238173,0.81504822,0.40662366,0.4127391,0
2.3191714,2.9008985,-4.6219215,0.50681686,-0.15514775,-0.8479774,0
1.6930618,-1.0070696,6.4192162,0.81504822,0.40662366,0.4127391,0
-3.8261387,-0.9364996,-0.21368909,-0.81504822,-0.40662366,-0.4127391,0
-5.5722117,2.9840164,0.38734913,-0.28077209,0.90032566,-0.33253664,0
0.65216708,1.4226229,5.4098458,-0.50681686,0.15514775,0.8479774,0
1.5041444,-3.2051544,1.4971988,0.28077209,-0.90032566,0.33253664,0
1.132411,4.4622059,-1.3438444,-0.28077209,0.90032566,-0.33253664,0
3.8568602,3.6362557,-3.537708,0.50681686,-0.15514775,-0.8479774,0
-4.481916,0.29243016,0.055414915,-0.81504822,-0.40662366,-0.4127391,0
1.1770446,1.0348495,-4.8135242,0.50681686,-0.15514775,-0.8479774,0
-4.4894319,0.20557559,2.7362928,-0.50681686,0.15514775,0.8479774,0
-1.9461558,-3.1112752,4.7381401,0.28077209,-0.90032566,0.33253664,0
-3.4859622,3.7203548,1.244761,-0.28077209,0.90032566,-0.33253664,0
1.5967693,-2.9374039,2.401705,0.28077209,-0.90032566,0.33253664,0
-1.4939592,-3.1646461,-1.9311323,-0.81504822,-0.40662366,-0.4127391,0
3.0615418,-0.21637225,2.1776969,0.81504822,0.40662366,0.4127391,0
-0.47325611,-4.1260958,1.7409056,0.28077209,-0.90032566,0.33253664,0
1.8192601,3.1673443,-4.8665037,-0.28077209,0.90032566,-0.33253664,0
0.033902168,-3.8750184,1.475942,0.28077209,-0.90032566,0.33253664,0
-4.3604221,3.1732066,2.2037706,-0.50681686,0.15514775,0.8479774,0
3.9707348,-2.5411177,1.9449657,0.28077209,-0.90032566,0.33253664,0
2.8224165,4.1907568,-3.3539078,-0.28077209,0.90032566,-0.33253664,0
4.5812974,-0.49408364,0.098541737,0.81504822,0.40662366,0.4127391,0
0.54950142,-1.9910216,6.0439067,0.28077209,-0.90032566,0.33253664,0
-0.49732685,0.13186765,-5.516552,0.50681686,-0.15514775,-0.8479774,0
-1.5633402,4.6505284,1.4343181,-0.28077209,0.90032566,-0.33253664,0
0.094684124,1.2573805,4.9470372,-0.50681686,0.15514775,0.8479774,0
-2.0934703,4.1447926,1.1998839,-0.28077209,0.90032566,-0.33253664,0
4.1969738,-3.1240437,-2.000545,0.50681686,-0.15514775,-0.8479774,0
1.2118075,-4.6307621,-1.1867197,0.28077209,-0.90032566,0.33253664,0
-4.0928822,0.53030133,2.8582878,-0.50681686,0.15514775,0.8479774,0
4.6008406,-2.7902164,0.54551029,0.28077209,-0.90032566,0.33253664,0
-3.9788527,1.1596584,-2.1015625,-0.81504822,-0.40662366,-0.4127391,0
2.60746,-4.114192,-2.805759,0.50681686,-0.15514775,-0.8479774,0
3.2413278,-1.073282,2.9746449,0.81504822,0.40662366,0.4127391,0
1.865695,-2.355499,3.8456793,0.28077209,-0.90032566,0.33253664,0
-1.2138683,-4.3982964,-1.6139947,-0.81504822,-0.40662366,-0.4127391,0
0.55501652,-1.6903222,5.7368183,-0.50681686,0.15514775,0.8479774,0
-4.4522815,-3.0456443,3.1395736,-0.81504822,-0.40662366,-0.4127391,0
-4.4039826,-0.99544311,1.1367207,-0.81504822,-0.40662366,-0.4127391,0
1.1544756,4.5538678,1.8056084,0.81504822,0.40662366,0.4127391,0
4.2565517,1.5776786,-1.6608551,0.81504822,0.40662366,0.4127391,0
-3.6998386,1.6862526,-3.2616463,-0.81504822,-0.40662366,-0.4127391,0
-1.2628658,3.7321157,-0.79362869,-0.28077209,0.90032566,-0.33253664,0
-3.676281,-1.5990329,0.66327548,-0.81504822,-0.40662366,-0.4127391,0
1.5510113,4.6347518,-0.73092031,-0.28077209,0.90032566,-0.33253664,0
1.5656924,-4.4784198,-0.91887879,0.28077209,-0.90032566,0.33253664,0
-5.7052898,1.4573531,1.8188329,-0.50681686,0.15514775,0.8479774,0
2.5873187,-3.1126804,0.97531247,0.28077209,-0.90032566,0.33253664,0
-3.475745,-0.29906511,-1.5302581,-0.81504822,-0.40662366,-0.4127391,0
-3.6748331,-0.71826404,3.2453403,-0.50681686,0.15514775,0.8479774,0
0.64226866,-1.274617,6.1559782,-0.50681686,0.15514775,0.8479774,0
-1.9519334,0.13014746,-4.3172483,-0.81504822,-0.40662366,-0.4127391,0
4.3783054,0.31603575,-0.71383142,0.81504822,0.40662366,0.4127391,0
1.9819419,2.1820631,-4.6875582,0.50681686,-0.15514775,-0.8479774,0
-3.1898355,-1.2424247,3.7854872,-0.50681686,0.15514775,0.8479774,0
-4.0980301,1.9320723,2.5292583,-0.50681686,0.15514775,0.8479774,0
-5.0696297,2.5537717,-0.40082455,-0.28077209,0.90032566,-0.33253664,0
3.0572653,1.8300077,0.68351853,0.81504822,0.40662366,0.4127391,0
-1.4708455,1.500428,4.1862221,-0.50681686,0.15514775,0.8479774,0
3.564461,-3.0790656,0.49446201,0.28077209,-0.90032566,0.33253664,0
5.6937685,-1.9636588,-0.8724122,0.81504822,0.40662366,0.4127391,0
-1.9256048,0.32644415,-4.5898128,-0.81504822,-0.40662366,-0.4127391,0
-2.3439679,2.2912686,-3.8333931,-0.28077209,0.90032566,-0.33253664,0
0.27527523,-0.97980785,5.5087638,-0.50681686,0.15514775,0.8479774,0
-1.3170619,-5.1240482,-0.31191564,0.28077209,-0.90032566,0.33253664,0
-2.7809043,0.27088317,3.4324074,-0.50681686,0.15514775,0.8479774,0
-2.6466107,2.5144224,-3.4162252,-0.28077209,0.90032566,-0.33253664,0
1.4817364,4.165246,-2.201088,-0.28077209,0.90032566,-0.33253664,0
-0.5800724,-2.5590272,5.3463569,0.28077209,-0.90032566,0.33253664,0
-3.1793799,1.7965417,-3.9482045,-0.28077209,0.90032566,-0.33253664,0
-0.23702705,1.6456635,4.8977165,-0.50681686,0.15514775,0.8479774,0
2.5752156,2.9527619,0.57443279,0.81504822,0.40662366,0.4127391,0
1.3231237,2.1564472,3.4719253,0.81504822,0.40662366,0.4127391,0
-3.6218672,-3.14853,3.6320136,-0.50681686,0.15514775,0.8479774,0
3.8301916,-1.2888932,-2.9578352,0.50681686,-0.15514775,-0.8479774,0
1.5671669,3.236805,2.106108,0.81504822,0.40662366,0.4127391,0
-2.6727257,1.4618149,-5.0054965,-0.81504822,-0.40662366,-0.4127391,0
-1.719789,0.40218067,-5.7010064,-0.81504822,-0.40662366,-0.4127391,0
-3.9310811,-0.36899877,0.0071883202,-0.81504822,-0.40662366,-0.4127391,0
0.65321398,4.4771223,-0.31044745,-0.28077209,0.90032566,-0.33253664,0
2.9131818,-1.2260969,-3.5681486,0.50681686,-0.15514775,-0.8479774,0
4.6948318,0.13398039,-2.3169656,0.50681686,-0.15514775,-0.8479774,0
0.29443216,3.0004044,-4.5278482,-0.28077209,0.90032566,-0.33253664,0
3.3110936,1.6065049,-3.6790686,0.50681686,-0.15514775,-0.8479774,0
2.3149161,-1.4631712,-3.8357,0.50681686,-0.15514775,-0.8479774,0
-2.6985235,-4.6137753,1.514945,-0.81504822,-0.40662366,-0.4127391,0
5.327023,-0.94494593,-1.795826,0.50681686,-0.15514775,-0.8479774,0
-2.0217354,1.7781377,3.8092022,-0.50681686,0.15514775,0.8479774,0
1.6303644,1.1952152,4.2748075,0.81504822,0.40662366,0.4127391,0
-2.3737707,-4.5365582,2.1118498,0.28077209,-0.90032566,0.33253664,0
0.17828304,3.7585392,4.0234509,0.81504822,0.40662366,0.4127391,0
2.7644029,-4.4441795,-2.7073741,0.28077209,-0.90032566,0.33253664,0
2.9848809,-2.2079637,3.4385908,0.28077209,-0.90032566,0.33253664,0
-1.9948213,3.9638317,0.80630493,-0.28077209,0.90032566,-0.33253664,0
-4.7956691,-1.1712073,2.8734107,-0.50681686,0.15514775,0.8479774,0
-2.0357192,-0.46141386,-4.4167089,-0.81504822,-0.40662366,-0.4127391,0
0.56488848,5.0145798,1.6194108,-0.28077209,0.90032566,-0.33253664,0
3.6795371,1.8194199,-3.2075577,0.50681686,-0.15514775,-0.8479774,0
3.4501419,-0.16047907,1.7806817,0.81504822,0.40662366,0.4127391,0
3.2116685,-0.5265972,-3.181253,0.50681686,-0.15514775,-0.8479774,0
0.08043623,-4.8120022,-3.9176564,-0.81504822,-0.40662366,-0.4127391,0
1.5037794,2.915976,-4.9528513,-0.28077209,0.90032566,-0.33253664,0
-2.7266655,-2.1287162,-0.96883005,-0.81504822,-0.40662366,-0.4127391,0
-3.0769928,4.1861348,1.9702592,-0.28077209,0.90032566,-0.33253664,0
0.15237004,4.1456232,4.5090432,0.81504822,0.40662366,0.4127391,0
-1.8801899,1.9330859,-5.2575836,-0.28077209,0.90032566,-0.33253664,0
2.9571126,4.2423224,-3.1410239,-0.28077209,0.90032566,-0.33253664,0
5.3376608,-2.4020405,-1.6244817,0.50681686,-0.15514775,-0.8479774,0
3.6451864,3.7397594,-2.560046,0.81504822,0.40662366,0.4127391,0
3.1388068,-2.1187699,4.0760927,0.28077209,-0.90032566,0.33253664,0
0.26907611,4.877317,0.62359929,-0.28077209,0.90032566,-0.33253664,0
-4.4135065,2.1218944,-1.7804941,-0.81504822,-0.40662366,-0.4127391,0
2.2116804,4.204958,0.14492527,0.81504822,0.40662366,0.4127391,0
-2.8695939,3.0198493,-1.5637329,-0.28077209,0.90032566,-0.33253664,0
-2.996552,1.6824255,-4.5845079,-0.81504822,-0.40662366,-0.4127391,0
1.172699,-1.5932627,6.3923244,-0.50681686,0.15514775,0.8479774,0
2.7166553,-1.9112651,3.9738579,0.28077209,-0.90032566,0.33253664,0
1.8248789,-4.0374699,-1.0039878,0.28077209,-0.90032566,0.33253664,0
-1.3877116,1.1443239,4.2561269,-0.50681686,0.15514775,0.8479774,0
-2.1432934,-3.1689138,-0.86891389,-0.81504822,-0.40662366,-0.4127391,0
3.5874455,1.4588166,0.13914752,0.81504822,0.40662366,0.4127391,0
-2.6408646,-1.0086383,4.0061646,-0.50681686,0.15514775,0.8479774,0
3.3684964,2.6865323,-0.65255737,0.81504822,0.40662366,0.4127391,0
0.94006991,-5.1071777,-2.8914137,0.28077209,-0.90032566,0.33253664,0
0.23952389,0.63606238,-5.0670128,0.50681686,-0.15514775,-0.8479774,0
-2.9793525,-0.54402709,-2.49754,-0.81504822,-0.40662366,-0.4127391,0
-3.0030084,0.33479643,-2.6750014,-0.81504822,-0.40662366,-0.4127391,0
1.4614813,-3.3624341,1.1595906,0.28077209,-0.90032566,0.33253664,0
2.3380713,-2.8122129,-3.377914,0.50681686,-0.15514775,-0.8479774,0
1.9258814,0.1545155,4.0944371,0.81504822,0.40662366,0.4127391,0
-3.2103825,4.0601435,1.9438877,-0.28077209,0.90032566,-0.33253664,0
-1.80229,1.7513063,-5.2982159,-0.28077209,0.90032566,-0.33253664,0
-1.9541647,-3.7756686,3.463933,0.28077209,-0.90032566,0.33253664,0
2.6208324,0.22400373,-3.8128743,0.50681686,-0.15514775,-0.8479774,0
0.29772472,0.37218785,5.2299795,-0.50681686,0.15514775,0.8479774,0
2.2078238,2.4988863,2.0514784,0.81504822,0.40662366,0.4127391,0
0.77392483,1.7107177,5.3310261,0.81504822,0.40662366,0.4127391,0
-3.4150431,0.46325615,3.1531916,-0.50681686,0.15514775,0.8479774,0
-1.3924797,4.8914042,1.9471588,-0.28077209,0.90032566,-0.33253664,0
-2.5823355,-0.66133529,3.9526744,-0.50681686,0.15514775,0.8479774,0
5.5311747,-0.51028705,-2.0917964,0.50681686,-0.15514775,-0.8479774,0
-2.0553839,-3.2993186,4.4872589,-0.50681686,0.15514775,0.8479774,0
2.5236287,-3.4699283,-3.1352329,0.50681686,-0.15514775,-0.8479774,0
-4.0234828,-0.90851808,2.8473902,-0.50681686,0.15514775,0.8479774,0
1.0225942,0.34809089,-4.7462378,0.50681686,-0.15514775,-0.8479774,0
4.8318572,-2.2199361,-1.9721484,0.50681686,-0.15514775,-0.8479774,0
2.6920171,-3.2061474,-3.2119508,0.50681686,-0.15514775,-0.8479774,0
5.0587273,-1.2658827,-0.61681461,0.81504822,0.40662366,0.4127391,0
1.9648657,2.346391,2.035331,0.81504822,0.40662366,0.4127391,0
-4.3143072,3.9952369,2.0619173,-0.50681686,0.15514775,0.8479774,0
-0.11622429,3.9572606,-0.93036926,-0.28077209,0.90032566,-0.33253664,0
-3.6316378,-0.81691933,-0.67193067,-0.81504822,-0.40662366,-0.4127391,0
-4.7924709,3.539645,1.8348808,-0.50681686,0.15514775,0.8479774,0
-0.86510491,-1.2509842,-5.4794884,0.50681686,-0.15514775,-0.8479774,0
0.34099793,5.0773253,2.0111332,-0.28077209,0.90032566,-0.33253664,0
-4.4129181,-1.2441809,3.0055685,-0.50681686,0.15514775,0.8479774,0
1.5403476,-4.6262522,-1.8260555,0.28077209,-0.90032566,0.33253664,0
1.9448409,0.16906929,4.8545489,0.81504822,0.40662366,0.4127391,0
4.0263996,0.27221245,-2.7606888,0.50681686,-0.15514775,-0.8479774,0
0.31740659,-4.5178361,-4.4987411,0.50681686,-0.15514775,-0.8479774,0
-1.6031613,3.8907104,0.12409759,-0.28077209,0.90032566,-0.33253664,0
0.390728,-3.1198936,3.3700187,0.28077209,-0.90032566,0.33253664,0
4.0395288,-3.542001,-1.2630754,0.28077209,-0.90032566,0.33253664,0
-0.29357719,4.8089652,0.88745618,-0.28077209,0.90032566,-0.33253664,0
1.7331052,3.5608506,-4.3553257,-0.28077209,0.90032566,-0.33253664,0
3.098947,0.81782013,-3.4324155,0.50681686,-0.15514775,-0.8479774,0
-0.077860832,3.201138,-3.1348407,-0.28077209,0.90032566,-0.33253664,0
2.2520869,-0.85187674,-3.599225,0.50681686,-0.15514775,-0.8479774,0
-0.048843026,-4.4907928,-3.5144176,-0.81504822,-0.40662366,-0.4127391,0
3.7695844,-2.6396687,1.351491,0.28077209,-0.90032566,0.33253664,0
3.7631173,2.1015902,-0.72947049,0.81504822,0.40662366,0.4127391,0
-0.60280228,5.2847228,2.8359728,-0.28077209,0.90032566,-0.33253664,0
-2.4867001,3.1866775,-1.67274,-0.28077209,0.90032566,-0.33253664,0
-1.2954488,4.9905791,3.4886632,-0.50681686,0.15514775,0.8479774,0
-2.1940753,3.142498,3.4694948,-0.50681686,0.15514775,0.8479774,0
-0.46295285,-2.2140718,-5.3326378,0.50681686,-0.15514775,-0.8479774,0
-1.7716898,3.7006476,3.7943935,-0.50681686,0.15514775,0.8479774,0
-1.3273013,4.0733571,0.14649415,-0.28077209,0.90032566,-0.33253664,0
-2.4886384,3.0218639,-2.2848577,-0.28077209,0.90032566,-0.33253664,0
-4.5068636,0.8054142,-0.68065643,-0.81504822,-0.40662366,-0.4127391,0
-3.7779846,0.20789599,-0.82909942,-0.81504822,-0.40662366,-0.4127391,0
0.69438052,0.90496826,-5.1134777,0.50681686,-0.15514775,-0.8479774,0
0.73155004,4.3084354,2.6146867,0.81504822,0.40662366,0.4127391,0
4.8027635,0.56114388,-1.6576581,0.81504822,0.40662366,0.4127391,0
4.7549906,-1.6084764,0.6491127,0.81504822,0.40662366,0.4127391,0
-2.2371411,2.8919158,-2.6704259,-0.28077209,0.90032566,-0.33253664,0
0.87386024,-0.49830484,-4.5044913,0.50681686,-0.15514775,-0.8479774,0
5.0182176,-0.89995742,-2.0287628,0.50681686,-0.15514775,-0.8479774,0
0.67718911,-4.3361263,-0.80525422,0.28077209,-0.90032566,0.33253664,0
-2.7494557,3.8058088,0.49698973,-0.28077209,0.90032566,-0.33253664,0
0.34336185,1.0455866,5.1250176,-0.50681686,0.15514775,0.8479774,0
2.1953142,-0.74322611,-3.8359933,0.50681686,-0.15514775,-0.8479774,0
-1.1839986,2.7108908,-4.1284733,-0.28077209,0.90032566,-0.33253664,0
-1.8210526,4.967011,2.5602736,-0.28077209,0.90032566,-0.33253664,0
3.1670344,1.2366602,0.62211657,0.81504822,0.40662366,0.4127391,0
1.5435839,3.3017163,-4.7211089,-0.28077209,0.90032566,-0.33253664,0
0.10738873,-4.9522991,-1.1077204,0.28077209,-0.90032566,0.33253664,0
-0.68876886,5.5305214,3.6301394,-0.28077209,0.90032566,-0.33253664,0
0.94457507,4.9203281,0.75937235,-0.28077209,0.90032566,-0.33253664,0
2.7967918,-3.3016253,1.248222,0.28077209,-0.90032566,0.33253664,0
0.61699891,0.10233879,-5.1546187,0.50681686,-0.15514775,-0.8479774,0
-4.9913487,3.1835976,0.78553915,-0.28077209,0.90032566,-0.33253664,0
-5.8778877,2.7041154,0.51932383,-0.28077209,0.90032566,-0.33253664,0
1.0039711,3.5606105,-3.1085727,-0.28077209,0.90032566,-0.33253664,0
-0.90383816,-3.7367043,3.2148635,0.28077209,-0.90032566,0.33253664,0
4.8418846,-3.0765333,-1.7281685,0.50681686,-0.15514775,-0.8479774,0
-2.9833627,0.45377532,3.3193603,-0.50681686,0.15514775,0.8479774,0
-0.36906266,0.10819626,5.2142849,-0.50681686,0.15514775,0.8479774,0
4.2128544,1.7774196,-1.130409,0.81504822,0.40662366,0.4127391,0
-4.6768479,-1.230018,1.9563394,-0.81504822,-0.40662366,-0.4127391,0
3.2867117,-2.4146686,-2.8064351,0.50681686,-0.15514775,-0.8479774,0
0.91338158,-5.179235,-2.3141303,0.28077209,-0.90032566,0.33253664,0
-3.5480957,-0.82601917,3.1848135,-0.50681686,0.15514775,0.8479774,0
1.9591489,3.0203474,1.6947781,0.81504822,0.40662366,0.4127391,0
3.2439537,4.3668389,-2.1226792,0.81504822,0.40662366,0.4127391,0
-1.8295875,3.0804858,-2.1628091,-0.28077209,0.90032566,-0.33253664,0
4.8890486,1.084264,-2.0928288,0.81504822,0.40662366,0.4127391,0
-0.70701981,3.6510415,-1.8782287,-0.28077209,0.90032566,-0.33253664,0
1.1481032,-1.8039906,6.344142,-0.50681686,0.15514775,0.8479774,0
1.2732384,5.0209575,0.85420525,-0.28077209,0.90032566,-0.33253664,0
-3.0413854,-2.5128417,0.3396703,-0.81504822,-0.40662366,-0.4127391,0
2.8064227,-3.3109012,0.34956002,0.28077209,-0.90032566,0.33253664,0
-2.009944,0.84415483,-5.1937656,-0.81504822,-0.40662366,-0.4127391,0
-4.489069,3.4828165,0.99281263,-0.28077209,0.90032566,-0.33253664,0
2.9989536,-3.4478078,0.10729527,0.28077209,-0.90032566,0.33253664,0
-2.7210402,-2.426127,-0.83972234,-0.81504822,-0.40662366,-0.4127391,0
-0.55670452,2.2348466,-5.8488674,-0.28077209,0.90032566,-0.33253664,0
-0.39169931,1.5610144,-5.9885006,0.50681686,-0.15514775,-0.8479774,0
-4.0958729,-2.307086,2.3357537,-0.81504822,-0.40662366,-0.4127391,0
6.0901642,-2.1680887,-1.2802887,0.81504822,0.40662366,0.4127391,0
-3.6816282,-2.4916141,3.5486555,-0.50681686,0.15514775,0.8479774,0
4.3194795,-0.80495334,0.28412056,0.81504822,0.40662366,0.4127391,0
4.2576618,-1.4945273,1.2168741,0.81504822,0.40662366,0.4127391,0
-1.6602297,-1.3981081,4.5839596,-0.50681686,0.15514775,0.8479774,0
3.1936383,-2.0348938,-2.8815041,0.50681686,-0.15514775,-0.8479774,0
-0.29793906,4.2637429,-0.0119524,-0.28077209,0.90032566,-0.33253664,0
-0.6656791,1.5292984,4.475173,-0.50681686,0.15514775,0.8479774,0
5.542232,-2.920661,-1.0776,0.28077209,-0.90032566,0.33253664,0
0.83112621,2.0068743,-5.3039274,0.50681686,-0.15514775,-0.8479774,0
-4.3735619,3.6029367,1.2234454,-0.28077209,0.90032566,-0.33253664,0
2.8877976,2.9590015,-0.54300451,0.81504822,0.40662366,0.4127391,0
-5.7218595,2.2721958,0.57354021,-0.81504822,-0.40662366,-0.4127391,0
0.46805713,3.8744488,3.9244809,0.81504822,0.40662366,0.4127391,0
-5.734653,1.6853156,1.1382709,-0.81504822,-0.40662366,-0.4127391,0
1.3032126,2.2705245,3.3957415,0.81504822,0.40662366,0.4127391,0
3.6411443,-3.629812,-2.5392776,0.50681686,-0.15514775,-0.8479774,0
-1.0056663,-1.584188,5.1965952,-0.50681686,0.15514775,0.8479774,0
-0.6548475,-3.8463392,-3.2426782,-0.81504822,-0.40662366,-0.4127391,0
-2.5915298,-1.7567434,3.937947,-0.50681686,0.15514775,0.8479774,0
2.7499032,-2.21176,3.5566597,0.28077209,-0.90032566,0.33253664,0
3.9858541,0.38105154,0.53016257,0.81504822,0.40662366,0.4127391,0
0.81191736,4.0248237,3.2928348,0.81504822,0.40662366,0.4127391,0
-3.506773,-3.5858655,1.9978783,-0.81504822,-0.40662366,-0.4127391,0
-5.9652843,2.8604088,1.3465872,-0.50681686,0.15514775,0.8479774,0
-0.27658629,5.2424073,2.7787161,-0.28077209,0.90032566,-0.33253664,0
-5.3959336,2.4938323,-0.60327673,-0.28077209,0.90032566,-0.33253664,0
3.7297683,-3.3973129,-0.36039734,0.28077209,-0.90032566,0.33253664,0
4.6921,-1.3907261,-2.1829205,0.50681686,-0.15514775,-0.8479774,0
-2.6415849,-4.1718612,0.4902463,-0.81504822,-0.40662366,-0.4127391,0
-2.742167,1.569293,-4.954751,-0.81504822,-0.40662366,-0.4127391,0
1.222729,4.5873833,1.3554168,0.81504822,0.40662366,0.4127391,0
-5.3067665,0.90293264,2.1963673,-0.50681686,0.15514775,0.8479774,0
0.63539386,-0.11220503,-5.0022721,0.50681686,-0.15514775,-0.8479774,0
3.3999267,2.1568172,-3.8760743,0.50681686,-0.15514775,-0.8479774,0
3.4714918,4.0790939,-3.7636266,0.50681686,-0.15514775,-0.8479774,0
2.8939018,-4.4257102,-2.0780787,0.28077209,-0.90032566,0.33253664,0
5.7411833,-1.9553473,-0.73270607,0.81504822,0.40662366,0.4127391,0
-1.4856738,5.0889153,3.6403522,-0.50681686,0.15514775,0.8479774,0
3.8236513,-3.8268812,-1.5793252,0.28077209,-0.90032566,0.33253664,0
-4.1634126,3.1911914,0.30267048,-0.28077209,0.90032566,-0.33253664,0
2.3431756,-0.088409603,-4.0311017,0.50681686,-0.15514775,-0.8479774,0
2.5068431,-4.3730307,-1.9700031,0.28077209,-0.90032566,0.33253664,0
-2.3737245,3.7105439,3.0989118,-0.50681686,0.15514775,0.8479774,0
-3.7420864,-0.64464879,-0.84264803,-0.81504822,-0.40662366,-0.4127391,0
-0.34648657,-2.9295096,4.8813267,0.28077209,-0.90032566,0.33253664,0
2.604182,0.32387352,3.1646841,0.81504822,0.40662366,0.4127391,0
-1.5835968,-3.4479678,-1.6838727,-0.81504822,-0.40662366,-0.4127391,0
-0.77133083,3.3096974,-2.4704366,-0.28077209,0.90032566,-0.33253664,0
0.76978397,-2.1704254,5.3310957,0.28077209,-0.90032566,0.33253664,0
-0.53018093,0.31258059,4.8600407,-0.50681686,0.15514775,0.8479774,0
1.3094568,3.1840942,-4.7368684,-0.28077209,0.90032566,-0.33253664,0
3.9802628,2.0107033,-1.839458,0.81504822,0.40662366,0.4127391,0
-0.39669013,5.568306,2.9334683,-0.28077209,0.90032566,-0.33253664,0
-0.40739161,3.9141567,4.3925061,-0.50681686,0.15514775,0.8479774,0
-2.6867318,1.1675556,-4.358161,-0.81504822,-0.40662366,-0.4127391,0
1.9175491,3.8593044,-2.6280398,-0.28077209,0.90032566,-0.33253664,0
1.0377023,-4.2277985,-0.28594446,0.28077209,-0.90032566,0.33253664,0
-1.2817794,-4.7427731,-0.8573277,-0.81504822,-0.40662366,-0.4127391,0
0.35698867,0.42877746,5.539361,-0.50681686,0.15514775,0.8479774,0
-3.9388866,-1.3182375,0.94685006,-0.81504822,-0.40662366,-0.4127391,0
1.3533812,2.3038244,-5.128119,0.50681686,-0.15514775,-0.8479774,0
0.66896129,-0.86373091,-4.5606923,0.50681686,-0.15514775,-0.8479774,0
-3.653127,-2.3655331,3.7483163,-0.50681686,0.15514775,0.8479774,0
0.46574759,4.7341275,0.56459296,-0.28077209,0.90032566,-0.33253664,0
2.337245,4.9434462,-0.99349403,0.81504822,0.40662366,0.4127391,0
-0.81871176,-4.0790167,1.0878587,0.28077209,-0.90032566,0.33253664,0
1.0157962,-0.54264879,6.2261763,-0.50681686,0.15514775,0.8479774,0
-2.5990605,-3.3029656,4.2521162,-0.50681686,0.15514775,0.8479774,0
2.3420649,4.3162117,-0.62483358,0.81504822,0.40662366,0.4127391,0
-2.2380881,1.2789788,-5.0549812,-0.81504822,-0.40662366,-0.4127391,0
3.471015,-0.050531387,1.4708612,0.81504822,0.40662366,0.4127391,0
2.5355055,-3.1037979,-3.3157854,0.50681686,-0.15514775,-0.8479774,0
3.5013242,-3.2872877,0.30899858,0.28077209,-0.90032566,0.33253664,0
0.2538504,4.2790408,4.0232143,0.81504822,0.40662366,0.4127391,0
-4.9636493,2.0636187,-0.4822979,-0.81504822,-0.40662366,-0.4127391,0
-2.1130738,-3.142086,4.564929,-0.50681686,0.15514775,0.8479774,0
2.638165,4.4892015,-2.6876671,-0.28077209,0.90032566,-0.33253664,0
-3.4769371,-4.1258535,3.8872991,0.28077209,-0.90032566,0.33253664,0
-5.1511002,-0.184376,1.6743026,-0.81504822,-0.40662366,-0.4127391,0
-2.5815296,0.57104015,-4.2097402,-0.81504822,-0.40662366,-0.4127391,0
-3.3300824,4.0555768,2.6725426,-0.50681686,0.15514775,0.8479774,0
-0.21532965,0.59508395,-5.3724513,0.50681686,-0.15514775,-0.8479774,0
1.798844,1.7364104,3.617137,0.81504822,0.40662366,0.4127391,0
-3.6594279,0.03253141,3.0799212,-0.50681686,0.15514775,0.8479774,0
3.2957649,-1.1926479,3.0307035,0.81504822,0.40662366,0.4127391,0
0.1785512,3.6922481,-1.782582,-0.28077209,0.90032566,-0.33253664,0
1.5562055,-3.9752445,-0.20948601,0.28077209,-0.90032566,0.33253664,0
4.274116,2.9111071,-3.2016225,0.81504822,0.40662366,0.4127391,0
1.0960999,0.47996569,-4.7575769,0.50681686,-0.15514775,-0.8479774,0
2.7684724,1.7523899,-3.7648981,0.50681686,-0.15514775,-0.8479774,0
2.5451891,-3.8449073,-0.15584564,0.28077209,-0.90032566,0.33253664,0
-3.3641095,2.9606304,-1.438531,-0.28077209,0.90032566,-0.33253664,0
3.0253193,0.17930639,-3.6530032,0.50681686,-0.15514775,-0.8479774,0
-2.5843282,-3.1562314,-0.53493822,-0.81504822,-0.40662366,-0.4127391,0
2.5763688,-2.7471642,2.2089708,0.28077209,-0.90032566,0.33253664,0
5.3017688,-0.92133999,-2.0460219,0.50681686,-0.15514775,-0.8479774,0
2.7773187,-3.943131,-1.2989974,0.28077209,-0.90032566,0.33253664,0
-3.5714517,-0.44323778,3.1082644,-0.50681686,0.15514775,0.8479774,0
-2.0623512,4.7390146,2.5901413,-0.28077209,0.90032566,-0.33253664,0
0.624515,-4.3594742,-4.2575707,0.50681686,-0.15514775,-0.8479774,0
-4.7184129,-0.23962653,2.5098267,-0.50681686,0.15514775,0.8479774,0
-4.6564932,-1.8075035,2.1320605,-0.81504822,-0.40662366,-0.4127391,0
3.540894,1.8817264,-3.4998584,0.50681686,-0.15514775,-0.8479774,0
2.2617602,-1.6952829,5.6505051,0.81504822,0.40662366,0.4127391,0
-3.5923281,0.0046422482,-1.5003531,-0.81504822,-0.40662366,-0.4127391,0
2.6283727,-4.1400337,-1.3509636,0.28077209,-0.90032566,0.33253664,0
2.1663804,-0.19234133,4.656652,0.81504822,0.40662366,0.4127391,0
-0.56252396,5.4602399,3.5964108,-0.28077209,0.90032566,-0.33253664,0
-5.024075,0.56448567,2.1923733,-0.50681686,0.15514775,0.8479774,0
-2.3767149,4.0651093,0.98621845,-0.28077209,0.90032566,-0.33253664,0
-5.0611897,0.040353298,2.2289128,-0.50681686,0.15514775,0.8479774,0
-0.46380091,-5.1593723,-2.8428435,-0.81504822,-0.40662366,-0.4127391,0
2.7127335,-0.062905252,-3.8948865,0.50681686,-0.15514775,-0.8479774,0
0.67334414,-4.3835936,0.074290514,0.28077209,-0.90032566,0.33253664,0
0.63040966,-4.228076,-4.0439539,0.50681686,-0.15514775,-0.8479774,0
-1.1788111,-2.5514004,-4.0929027,-0.81504822,-0.40662366,-0.4127391,0
4.5945597,0.37498522,-2.4237099,0.50681686,-0.15514775,-0.8479774,0
3.7576075,-4.0120268,-2.2459207,0.50681686,-0.15514775,-0.8479774,0
-0.37514877,-1.8476193,5.2864881,-0.50681686,0.15514775,0.8479774,0
4.2735381,2.8561563,-2.6663489,0.81504822,0.40662366,0.4127391,0
-3.9465675,-4.3366327,3.775419,0.28077209,-0.90032566,0.33253664,0
-0.73504472,3.6167812,-1.2525015,-0.28077209,0.90032566,-0.33253664,0
1.8300767,4.724823,-1.2158504,-0.28077209,0.90032566,-0.33253664,0
0.2153945,-1.7868328,5.5658045,-0.50681686,0.15514775,0.8479774,0
-2.8716598,0.86920547,-4.029345,-0.81504822,-0.40662366,-0.4127391,0
-3.6271343,1.0918478,2.7893057,-0.50681686,0.15514775,0.8479774,0
-2.9179776,-2.7560878,-0.023529768,-0.81504822,-0.40662366,-0.4127391,0
3.2805223,1.957999,-3.8328042,0.50681686,-0.15514775,-0.8479774,0
-2.0094781,0.21555805,-4.5700111,-0.81504822,-0.40662366,-0.4127391,0
-2.5048132,-1.1809468,4.0355339,-0.50681686,0.15514775,0.8479774,0
-5.3429632,2.9861908,0.368927,-0.28077209,0.90032566,-0.33253664,0
1.7761824,-0.60235584,-4.3269367,0.50681686,-0.15514775,-0.8479774,0
-2.5060973,-0.57882881,-2.8372982,-0.81504822,-0.40662366,-0.4127391,0
1.4078419,0.26346207,5.5905471,0.81504822,0.40662366,0.4127391,0
-0.56714249,5.7656851,3.6129174,-0.28077209,0.90032566,-0.33253664,0
1.1244955,0.7461586,5.9446611,-0.50681686,0.15514775,0.8479774,0
-1.3901681,-2.4188476,-3.5456026,-0.81504822,-0.40662366,-0.4127391,0
-2.8510904,1.6758907,-4.5866179,-0.81504822,-0.40662366,-0.4127391,0
-1.7507803,2.1737635,3.9558377,-0.50681686,0.15514775,0.8479774,0
2.2841899,-0.68380713,4.1925535,0.81504822,0.40662366,0.4127391,0
0.69251585,-3.8886101,0.89375526,0.28077209,-0.90032566,0.33253664,0
-0.92025495,-1.9996474,-4.6429367,-0.81504822,-0.40662366,-0.4127391,0
-4.0882978,-0.10933632,2.8279681,-0.50681686,0.15514775,0.8479774,0
-4.6578665,3.4932163,1.7021885,-0.50681686,0.15514775,0.8479774,0
-1.2060037,-3.2222311,4.8617635,0.28077209,-0.90032566,0.33253664,0
1.4234452,-3.1897559,1.8316303,0.28077209,-0.90032566,0.33253664,0
5.1037197,-2.9278979,0.13337374,0.28077209,-0.90032566,0.33253664,0
-0.68043709,2.5061371,-4.8544617,-0.28077209,0.90032566,-0.33253664,0
-2.9613113,4.4244347,2.438077,-0.28077209,0.90032566,-0.33253664,0
-3.6674075,3.0416753,2.5738029,-0.50681686,0.15514775,0.8479774,0
-4.0525908,-2.7509437,2.7114744,-0.81504822,-0.40662366,-0.4127391,0
1.7555387,0.20275259,4.8083224,0.81504822,0.40662366,0.4127391,0
3.5186234,4.2224131,-3.4979727,-0.28077209,0.90032566,-0.33253664,0
-4.5316954,2.6609333,2.1890726,-0.50681686,0.15514775,0.8479774,0
1.1329055,-2.3380811,4.4440508,0.28077209,-0.90032566,0.33253664,0
-0.50498462,4.5284939,0.9088912,-0.28077209,0.90032566,-0.33253664,0
-1.0954783,-4.9093699,-0.49559844,0.28077209,-0.90032566,0.33253664,0
0.52776241,-2.2787676,5.7047424,0.28077209,-0.90032566,0.33253664,0
-3.313673,-0.23679709,-2.0286531,-0.81504822,-0.40662366,-0.4127391,0
-1.5520028,1.3872483,3.9541016,-0.50681686,0.15514775,0.8479774,0
-2.2573957,-1.6562102,-2.1110804,-0.81504822,-0.40662366,-0.4127391,0
-2.0346372,-1.1712875,4.2309227,-0.50681686,0.15514775,0.8479774,0
-2.4575326,-3.4303291,-0.26228991,-0.81504822,-0.40662366,-0.4127391,0
1.6625178,-1.715302,-4.0060549,0.50681686,-0.15514775,-0.8479774,0
1.6045504,-0.15376282,5.85812,0.81504822,0.40662366,0.4127391,0
-1.7734101,0.05326128,-4.5959883,-0.81504822,-0.40662366,-0.4127391,0
4.9394412,0.23013234,-1.4881377,0.81504822,0.40662366,0.4127391,0
-2.0621471,4.6614628,2.752368,-0.28077209,0.90032566,-0.33253664,0
0.13469493,3.1372619,4.7749839,-0.50681686,0.15514775,0.8479774,0
4.6608539,-2.4408486,-2.1480436,0.50681686,-0.15514775,-0.8479774,0
-2.9433289,1.6955857,3.2967448,-0.50681686,0.15514775,0.8479774,0
-0.63127923,2.0153775,4.643816,-0.50681686,0.15514775,0.8479774,0
0.26496935,2.3131666,-5.699605,-0.28077209,0.90032566,-0.33253664,0
2.8185034,-2.0378728,-3.2439151,0.50681686,-0.15514775,-0.8479774,0
4.4393969,-1.4808795,1.5232584,0.81504822,0.40662366,0.4127391,0
2.3187957,-2.0772846,4.8674073,0.28077209,-0.90032566,0.33253664,0
-1.4018266,-3.1556458,-2.4069467,-0.81504822,-0.40662366,-0.4127391,0
4.0288882,-2.6053314,1.3865111,0.28077209,-0.90032566,0.33253664,0
1.414887,4.8525715,0.47959268,-0.28077209,0.90032566,-0.33253664,0
0.64028311,-5.6975012,-4.0653224,0.50681686,-0.15514775,-0.8479774,0
-2.032095,0.65460801,-4.6601849,-0.81504822,-0.40662366,-0.4127391,0
0.80478668,3.1560626,-4.5421381,-0.28077209,0.90032566,-0.33253664,0
-2.7721643,-1.5452237,-1.8323872,-0.81504822,-0.40662366,-0.4127391,0
0.57009554,3.7738454,-2.1378574,-0.28077209,0.90032566,-0.33253664,0
-3.3299735,2.7834191,-1.4285953,-0.28077209,0.90032566,-0.33253664,0
-2.687932,-2.7754936,4.3150897,-0.50681686,0.15514775,0.8479774,0
-0.67474556,-4.3175349,-2.453928,-0.81504822,-0.40662366,-0.4127391,0
0.81026387,-4.680881,-3.8310413,0.50681686,-0.15514775,-0.8479774,0
3.5675602,2.5190496,-3.6555448,0.50681686,-0.15514775,-0.8479774,0
3.9910955,1.0325376,-0.16953826,0.81504822,0.40662366,0.4127391,0
0.40868783,5.1656904,2.9949436,0.81504822,0.40662366,0.4127391,0
-1.9365904,3.8880789,-0.056601048,-0.28077209,0.90032566,-0.33253664,0
-2.0824988,-2.0285029,4.535418,-0.50681686,0.15514775,0.8479774,0
-3.9056959,-2.6142015,3.5353932,-0.50681686,0.15514775,0.8479774,0
3.4021983,-3.4513583,-0.40714455,0.28077209,-0.90032566,0.33253664,0
0.464221,4.6591873,-0.32832956,-0.28077209,0.90032566,-0.33253664,0
0.81477714,0.69352484,5.4473667,-0.50681686,0.15514775,0.8479774,0
-3.7818627,-3.0022264,1.9948123,-0.81504822,-0.40662366,-0.4127391,0
-3.5053818,-3.9124789,2.2805562,-0.81504822,-0.40662366,-0.4127391,0
0.97355556,1.4520824,4.7450209,0.81504822,0.40662366,0.4127391,0
0.91954851,1.7693902,-5.2291012,0.50681686,-0.15514775,-0.8479774,0
-0.82557058,1.2963965,-5.8585,0.50681686,-0.15514775,-0.8479774,0
-1.324502,-4.4974413,1.4329827,0.28077209,-0.90032566,0.33253664,0
-1.2725143,-0.29836416,-5.8477273,-0.81504822,-0.40662366,-0.4127391,0
5.5277691,-1.2341416,-0.87809992,0.81504822,0.40662366,0.4127391,0
-1.8445711,1.912241,-5.5085731,-0.28077209,0.90032566,-0.33253664,0
2.2528439,2.2002549,-4.1457195,0.50681686,-0.15514775,-0.8479774,0
0.11519051,0.8705318,-5.4206576,0.50681686,-0.15514775,-0.8479774,0
-2.5056868,-4.5598493,1.2111816,0.28077209,-0.90032566,0.33253664,0
-1.2089429,4.487009,3.6771102,-0.50681686,0.15514775,0.8479774,0
4.6532397,-2.8342619,0.75833321,0.28077209,-0.90032566,0.33253664,0
2.9495492,-1.2265737,4.0756583,0.81504822,0.40662366,0.4127391,0
-0.35752594,-2.2133837,-5.3351417,0.50681686,-0.15514775,-0.8479774,0
1.5156431,3.2088368,-4.8102674,-0.28077209,0.90032566,-0.33253664,0
2.4223995,-1.7165852,5.2639589,0.81504822,0.40662366,0.4127391,0
3.3450823,2.8538949,-0.50476766,0.81504822,0.40662366,0.4127391,0
-3.8707354,2.848032,2.6623592,-0.50681686,0.15514775,0.8479774,0
4.0479002,-2.3185391,2.2957559,0.28077209,-0.90032566,0.33253664,0
4.4739928,-2.9955704,-1.9809666,0.50681686,-0.15514775,-0.8479774,0
-2.5185828,-4.5509515,1.3472222,0.28077209,-0.90032566,0.33253664,0
3.3359232,-2.1429019,3.5545151,0.28077209,-0.90032566,0.33253664,0
-4.1529341,-0.73957801,0.83612132,-0.81504822,-0.40662366,-0.4127391,0
-1.3215165,3.4791245,-1.7504836,-0.28077209,0.90032566,-0.33253664,0
2.4670219,1.3403056,2.7134948,0.81504822,0.40662366,0.4127391,0
-4.7690806,0.28698635,0.74287939,-0.81504822,-0.40662366,-0.4127391,0
-0.91883874,-4.0599341,2.144892,0.28077209,-0.90032566,0.33253664,0
-0.57194591,-3.829093,1.8278766,0.28077209,-0.90032566,0.33253664,0
3.5697207,1.3981689,-0.20358753,0.81504822,0.40662366,0.4127391,0
-3.7547531,-3.3585026,3.8998227,-0.50681686,0.15514775,0.8479774,0
3.4549093,0.14187996,-3.1756587,0.50681686,-0.15514775,-0.8479774,0
2.7779555,-0.51138073,-3.4275794,0.50681686,-0.15514775,-0.8479774,0
3.5440269,-0.29226828,1.3262649,0.81504822,0.40662366,0.4127391,0
2.2359002,-1.6311268,-3.7623763,0.50681686,-0.15514775,-0.8479774,0
4.4190326,0.68240142,-0.43631554,0.81504822,0.40662366,0.4127391,0
4.2259626,-3.8934016,-1.5919232,0.28077209,-0.90032566,0.33253664,0
-5.057795,0.92936313,1.9657202,-0.50681686,0.15514775,0.8479774,0
-4.7994332,-1.2597038,1.8495836,-0.81504822,-0.40662366,-0.4127391,0
-0.94101763,-2.7215483,5.1017237,-0.50681686,0.15514775,0.8479774,0
-0.25389433,1.6123798,-5.6322546,0.50681686,-0.15514775,-0.8479774,0
4.5246124,1.7942755,-1.9870296,0.81504822,0.40662366,0.4127391,0
-2.9478569,-4.0224757,3.3369706,0.28077209,-0.90032566,0.33253664,0
-1.7338583,-2.9158473,-2.5665317,-0.81504822,-0.40662366,-0.4127391,0
4.5005937,-3.1356463,-0.030951977,0.28077209,-0.90032566,0.33253664,0
2.5370574,-2.5556884,3.1452878,0.28077209,-0.90032566,0.33253664,0
-3.5845876,0.53308499,3.2810383,-0.50681686,0.15514775,0.8479774,0
2.2258754,-0.26331329,4.7874699,0.81504822,0.40662366,0.4127391,0
-1.6296761,1.2817447,3.9833121,-0.50681686,0.15514775,0.8479774,0
-3.6759999,1.6859329,-3.11959,-0.81504822,-0.40662366,-0.4127391,0
-2.3668919,3.3701019,-0.78982592,-0.28077209,0.90032566,-0.33253664,0
-0.26651192,-4.0185981,1.5426471,0.28077209,-0.90032566,0.33253664,0
-4.6524816,1.7006662,2.385088,-0.50681686,0.15514775,0.8479774,0
4.4308271,-2.0160012,1.2557147,0.81504822,0.40662366,0.4127391,0
3.6285601,-3.082087,0.21326971,0.28077209,-0.90032566,0.33253664,0
-0.39322233,-3.7316394,1.9684079,0.28077209,-0.90032566,0.33253664,0
0.79636645,1.2989079,-4.9337454,0.50681686,-0.15514775,-0.8479774,0
4.8124218,1.0290847,-2.3692102,0.81504822,0.40662366,0.4127391,0
5.3303032,-2.0643342,0.080372334,0.81504822,0.40662366,0.4127391,0
2.1854811,2.3195367,-4.6249495,0.50681686,-0.15514775,-0.8479774,0
-4.5820909,2.9763818,-0.54225302,-0.28077209,0.90032566,-0.33253664,0
-0.17442083,2.810585,-4.0933666,-0.28077209,0.90032566,-0.33253664,0
-2.2744763,-2.8516667,-1.2529907,-0.81504822,-0.40662366,-0.4127391,0
3.3213143,1.153043,-3.4574704,0.50681686,-0.15514775,-0.8479774,0
-1.1188974,-3.7414677,2.8000662,0.28077209,-0.90032566,0.33253664,0
-4.5847044,-2.4093645,2.5955458,-0.81504822,-0.40662366,-0.4127391,0
1.8378012,-4.3230872,-3.4821677,0.50681686,-0.15514775,-0.8479774,0
0.40119863,-5.7746797,-3.3844304,0.28077209,-0.90032566,0.33253664,0
-5.4730883,1.5745344,1.1799936,-0.81504822,-0.40662366,-0.4127391,0
4.0212731,2.8366437,-3.5219593,0.50681686,-0.15514775,-0.8479774,0
-1.538022,0.59573174,-5.9631433,-0.81504822,-0.40662366,-0.4127391,0
-3.2936373,-1.669996,3.5710287,-0.50681686,0.15514775,0.8479774,0
3.8363173,0.10757756,0.67667961,0.81504822,0.40662366,0.4127391,0
-3.1819336,-4.2482004,3.6954336,0.28077209,-0.90032566,0.33253664,0
1.6043715,-4.3074784,-1.1827438,0.28077209,-0.90032566,0.33253664,0
-4.1286383,3.7911744,1.8961406,-0.28077209,0.90032566,-0.33253664,0
-1.224268,2.1679273,-5.3476458,-0.28077209,0.90032566,-0.33253664,0
-3.5627377,-4.1971369,3.9739912,-0.50681686,0.15514775,0.8479774,0
-3.1777332,0.27858829,-2.1450574,-0.81504822,-0.40662366,-0.4127391,0
1.363863,-3.249603,1.5187908,0.28077209,-0.90032566,0.33253664,0
-4.1134658,-0.31311703,0.40153027,-0.81504822,-0.40662366,-0.4127391,0
-0.90404022,1.0029739,4.8019862,-0.50681686,0.15514775,0.8479774,0
0.92244411,1.7308779,4.9183779,0.81504822,0.40662366,0.4127391,0
-3.187047,-0.13381529,-1.6631218,-0.81504822,-0.40662366,-0.4127391,0
0.70964956,-1.0570767,6.092741,-0.50681686,0.15514775,0.8479774,0
-0.093961716,-1.0382318,5.3383446,-0.50681686,0.15514775,0.8479774,0
