3.1310444,1.5361876,4.3243341,0.47334462,0.82384878,0.31179792,0
-1.4963781,4.693821,1.3755684,-0.8587715,0.5103904,-0.044867754,0
-1.6321235,-1.9153917,3.4153738,-0.1961029,-0.24652529,0.94908845,0
-0.48783731,-4.7294469,0.36246142,-0.47334462,-0.82384878,-0.31179792,0
3.5256357,3.2549076,-0.61631507,0.47334462,0.82384878,0.31179792,0
-2.5389853,-2.0607357,-3.9475119,-0.47334462,-0.82384878,-0.31179792,0
-4.0061493,-2.9019623,2.6575339,-0.1961029,-0.24652529,0.94908845,0
-1.8496684,2.3230848,-4.0687575,0.1961029,0.24652529,-0.94908845,0
-3.6641476,0.96602476,0.037890494,-0.8587715,0.5103904,-0.044867754,0
3.7245317,0.99021012,4.8546476,0.47334462,0.82384878,0.31179792,0
-1.6473234,0.8124451,-4.4610505,0.1961029,0.24652529,-0.94908845,0
-3.8480277,0.18213177,-2.2900653,-0.8587715,0.5103904,-0.044867754,0
-0.17973065,-3.6927371,-2.3259628,-0.47334462,-0.82384878,-0.31179792,0
2.6275549,3.5213394,-0.14753145,0.47334462,0.82384878,0.31179792,0
3.5855153,-1.1285877,-1.4666059,0.8587715,-0.5103904,0.044867754,0
4.4986472,1.0888274,1.7615931,0.8587715,-0.5103904,0.044867754,0
1.8142345,-0.26529932,-3.7968366,0.1961029,0.24652529,-0.94908845,0
-2.7283678,-1.2511588,-4.817708,-0.47334462,-0.82384878,-0.31179792,0
4.6019001,1.5205889,-3.039988,0.1961029,0.24652529,-0.94908845,0
-4.8363352,-1.9381382,-0.15419412,-0.47334462,-0.82384878,-0.31179792,0
-4.0995555,-3.0769222,1.5803311,-0.47334462,-0.82384878,-0.31179792,0
3.8938251,-0.6980927,-2.7834103,0.8587715,-0.5103904,0.044867754,0
-1.0218461,4.6747875,2.2326417,0.47334462,0.82384878,0.31179792,0
3.8448298,1.3085428,-3.0009098,0.1961029,0.24652529,-0.94908845,0
2.6267557,2.1537697,2.5775871,0.47334462,0.82384878,0.31179792,0
-0.62104177,3.1512585,5.0417309,-0.1961029,-0.24652529,0.94908845,0
0.50717962,-4.2953873,-2.1480052,-0.47334462,-0.82384878,-0.31179792,0
-2.7446616,2.1273162,0.80815393,-0.8587715,0.5103904,-0.044867754,0
3.4477391,-0.96116805,-2.0016968,0.8587715,-0.5103904,0.044867754,0
3.4108126,2.4523501,1.6484983,0.47334462,0.82384878,0.31179792,0
-1.4894303,-2.3581672,3.0930867,-0.1961029,-0.24652529,0.94908845,0
-1.9130626,-2.0280676,-4.1736331,-0.47334462,-0.82384878,-0.31179792,0
-0.070242465,2.8065333,-3.2963412,0.1961029,0.24652529,-0.94908845,0
-0.24276137,-4.1634779,-1.1186805,-0.47334462,-0.82384878,-0.31179792,0
-1.2844179,4.7814016,2.1291246,0.47334462,0.82384878,0.31179792,0
4.2818632,0.066646814,-1.5875074,0.8587715,-0.5103904,0.044867754,0
-2.6863594,2.7470303,3.988992,-0.8587715,0.5103904,-0.044867754,0
0.37800241,-5.6937962,1.6784602,-0.47334462,-0.82384878,-0.31179792,0
-2.5148873,1.2693681,4.0797415,-0.1961029,-0.24652529,0.94908845,0
-3.6384952,1.0594872,0.37448835,-0.8587715,0.5103904,-0.044867754,0
-0.028410196,5.3126268,-1.6363709,0.47334462,0.82384878,0.31179792,0
-1.1261122,-5.1245756,2.7811556,-0.1961029,-0.24652529,0.94908845,0
2.6658916,-2.4418573,3.1422069,0.8587715,-0.5103904,0.044867754,0
1.152231,3.1605344,2.1120005,0.47334462,0.82384878,0.31179792,0
1.0308012,1.977962,4.8704629,-0.1961029,-0.24652529,0.94908845,0
-3.5323403,-1.428399,-3.2473891,-0.47334462,-0.82384878,-0.31179792,0
-3.5157187,1.3918235,1.3056943,-0.8587715,0.5103904,-0.044867754,0
-3.3746731,1.0907803,3.1727476,-0.8587715,0.5103904,-0.044867754,0
0.15449274,-4.54252,-0.6233995,-0.47334462,-0.82384878,-0.31179792,0
2.8379362,-0.12076914,4.5986819,-0.1961029,-0.24652529,0.94908845,0
-2.6270573,2.9367778,4.4062719,-0.8587715,0.5103904,-0.044867754,0
4.7553849,1.2303965,0.98134017,0.8587715,-0.5103904,0.044867754,0
-0.39713621,4.8522711,-2.8354647,0.1961029,0.24652529,-0.94908845,0
2.7735133,-2.7802935,-3.1848531,0.8587715,-0.5103904,0.044867754,0
-4.2402344,-0.69367355,-3.8528116,-0.8587715,0.5103904,-0.044867754,0
1.2902992,-3.8978114,-4.277535,-0.47334462,-0.82384878,-0.31179792,0
0.6217072,3.4408503,2.2995586,0.47334462,0.82384878,0.31179792,0
-1.1893549,4.5537443,-3.2465203,-0.8587715,0.5103904,-0.044867754,0
-3.9302497,0.052522421,-2.0169375,-0.8587715,0.5103904,-0.044867754,0
4.5830545,0.99409008,1.2418967,0.8587715,-0.5103904,0.044867754,0
-3.3245366,1.0955588,-4.8057299,0.1961029,0.24652529,-0.94908845,0
-3.2278345,1.7187057,1.9059374,-0.8587715,0.5103904,-0.044867754,0
1.6023475,-4.1220675,-0.65721524,0.8587715,-0.5103904,0.044867754,0
0.82186317,-3.0086884,-4.7488127,0.1961029,0.24652529,-0.94908845,0
-3.0447681,1.9217689,0.78967857,-0.8587715,0.5103904,-0.044867754,0
4.9181261,1.7359462,0.51342982,0.47334462,0.82384878,0.31179792,0
-0.85187733,2.8301587,-3.6568229,0.1961029,0.24652529,-0.94908845,0
2.5090451,-2.5727997,1.1577735,0.8587715,-0.5103904,0.044867754,0
3.6183765,-1.1993488,-0.66850483,0.8587715,-0.5103904,0.044867754,0
2.4590135,4.2405286,-2.7386115,0.1961029,0.24652529,-0.94908845,0
-2.0823441,3.5485744,-1.9241424,-0.8587715,0.5103904,-0.044867754,0
3.3920212,3.0306761,-0.20153981,0.47334462,0.82384878,0.31179792,0
-3.4474692,0.86929369,-3.2595525,-0.8587715,0.5103904,-0.044867754,0
1.6589853,-4.2953782,-3.633584,0.8587715,-0.5103904,0.044867754,0
-1.0015329,5.2558327,-1.7221152,-0.8587715,0.5103904,-0.044867754,0
4.0640626,2.2711916,-2.9284537,0.1961029,0.24652529,-0.94908845,0
1.3906924,-4.4457107,-0.95330417,0.8587715,-0.5103904,0.044867754,0
0.62300515,4.9769359,-1.7177819,0.47334462,0.82384878,0.31179792,0
-0.11816031,2.6771843,-3.595751,0.1961029,0.24652529,-0.94908845,0
0.20134121,-2.6765552,3.3798804,-0.1961029,-0.24652529,0.94908845,0
-2.4630325,1.6517454,-4.3875413,0.1961029,0.24652529,-0.94908845,0
3.6473603,-0.4636004,-0.56676286,0.8587715,-0.5103904,0.044867754,0
-1.4033387,2.7683082,4.6130257,-0.1961029,-0.24652529,0.94908845,0
-1.2923319,4.5807796,-3.2020071,-0.8587715,0.5103904,-0.044867754,0
1.2859532,1.1577293,4.8655233,-0.1961029,-0.24652529,0.94908845,0
-0.2148571,5.8693528,-1.9717098,0.47334462,0.82384878,0.31179792,0
-1.389431,-3.316937,2.9737089,-0.1961029,-0.24652529,0.94908845,0
-2.795697,1.4800208,-3.2254996,-0.8587715,0.5103904,-0.044867754,0
-4.1462383,0.18008256,3.2233837,-0.8587715,0.5103904,-0.044867754,0
4.4154778,1.4833174,1.9703993,0.47334462,0.82384878,0.31179792,0
3.2289402,-1.2318121,2.4083385,0.8587715,-0.5103904,0.044867754,0
-1.5736789,2.6921291,-3.7196987,0.1961029,0.24652529,-0.94908845,0
-1.6842159,-2.283869,-4.0151443,-0.47334462,-0.82384878,-0.31179792,0
0.22302938,4.3916812,1.2994317,0.47334462,0.82384878,0.31179792,0
3.5785992,-0.79529762,-2.7414193,0.8587715,-0.5103904,0.044867754,0
-0.022862673,1.9770947,4.5407929,-0.1961029,-0.24652529,0.94908845,0
4.1143785,-0.12036359,1.8761971,0.8587715,-0.5103904,0.044867754,0
3.8506832,-0.78888297,-2.3778038,0.8587715,-0.5103904,0.044867754,0
3.6352572,1.2933086,4.3738389,0.47334462,0.82384878,0.31179792,0
-0.98391032,-2.8729103,-4.3582435,-0.47334462,-0.82384878,-0.31179792,0
-4.2179141,0.24849892,1.9247031,-0.8587715,0.5103904,-0.044867754,0
-2.519814,-2.6623871,3.0658245,-0.1961029,-0.24652529,0.94908845,0
-1.53069,-2.9120545,-3.4460106,-0.47334462,-0.82384878,-0.31179792,0
-5.1741037,-1.6334634,-1.0000151,-0.8587715,0.5103904,-0.044867754,0
3.4621339,-0.40774477,4.0891061,0.8587715,-0.5103904,0.044867754,0
-3.9582219,-3.005852,0.93393242,-0.47334462,-0.82384878,-0.31179792,0
-0.8904171,3.8870296,4.2075882,0.47334462,0.82384878,0.31179792,0
-1.3784013,3.2712049,4.7894621,-0.1961029,-0.24652529,0.94908845,0
-4.5533185,-1.2336056,-0.99804467,-0.8587715,0.5103904,-0.044867754,0
-2.1776838,2.7791119,-2.1129296,-0.8587715,0.5103904,-0.044867754,0
-2.4835796,2.6286838,2.9569376,-0.8587715,0.5103904,-0.044867754,0
-3.3299088,1.2321049,-4.4510922,-0.8587715,0.5103904,-0.044867754,0
-3.0872967,1.6653465,-4.0349107,-0.8587715,0.5103904,-0.044867754,0
5.3509607,2.3792164,-2.0547695,0.47334462,0.82384878,0.31179792,0
0.26418781,3.5795431,-3.0443122,0.1961029,0.24652529,-0.94908845,0
3.233525,1.9917359,2.9334149,0.47334462,0.82384878,0.31179792,0
-2.356137,2.3743751,-3.992605,-0.8587715,0.5103904,-0.044867754,0
3.1614895,-1.566591,-1.0195301,0.8587715,-0.5103904,0.044867754,0
-4.0170488,-0.23644805,-2.0649045,-0.8587715,0.5103904,-0.044867754,0
3.8498302,-0.020863175,2.7738366,0.8587715,-0.5103904,0.044867754,0
-0.43529195,1.9529036,-3.916101,0.1961029,0.24652529,-0.94908845,0
0.14399242,-4.9930763,0.16108069,-0.47334462,-0.82384878,-0.31179792,0
5.1654501,1.762363,0.8144992,0.47334462,0.82384878,0.31179792,0
2.4675813,-3.0383306,-2.8836906,0.8587715,-0.5103904,0.044867754,0
-3.1118627,-2.325139,-2.2846491,-0.47334462,-0.82384878,-0.31179792,0
-3.3805084,-2.4878612,-1.1364224,-0.47334462,-0.82384878,-0.31179792,0
-1.0581913,3.9779205,3.7392225,0.47334462,0.82384878,0.31179792,0
-1.3087981,4.2860088,3.7848144,0.47334462,0.82384878,0.31179792,0
-4.2888899,-0.68212479,-3.9381382,-0.8587715,0.5103904,-0.044867754,0
0.61283171,-2.766151,-5.0065432,0.1961029,0.24652529,-0.94908845,0
-2.5955665,-1.0898864,-5.162703,0.1961029,0.24652529,-0.94908845,0
0.70176053,-4.0005059,3.3239779,-0.1961029,-0.24652529,0.94908845,0
-0.34527755,4.8433971,0.57124424,0.47334462,0.82384878,0.31179792,0
3.1898229,3.2611439,-0.49528793,0.47334462,0.82384878,0.31179792,0
-3.7831268,-3.0769014,0.95158279,-0.47334462,-0.82384878,-0.31179792,0
2.0220635,-1.6455587,-4.1459298,0.1961029,0.24652529,-0.94908845,0
0.39310682,2.9512854,4.4507809,0.47334462,0.82384878,0.31179792,0
1.9470274,-3.5525465,-1.4996278,0.8587715,-0.5103904,0.044867754,0
-1.4080163,-3.4961457,3.0923476,-0.1961029,-0.24652529,0.94908845,0
-4.2565188,-1.6820984,-1.8509734,-0.47334462,-0.82384878,-0.31179792,0
2.1421409,0.025536418,4.8049526,-0.1961029,-0.24652529,0.94908845,0
-1.7062039,-3.4284384,-1.269255,-0.47334462,-0.82384878,-0.31179792,0
5.2861309,1.8990083,-1.0071361,0.8587715,-0.5103904,0.044867754,0
2.5622187,-3.2189667,-4.1206985,0.8587715,-0.5103904,0.044867754,0
-0.63724101,2.1542692,4.4572263,-0.1961029,-0.24652529,0.94908845,0
-3.2991326,-0.73303825,-4.9243727,0.1961029,0.24652529,-0.94908845,0
2.7139263,-2.1827564,-1.5605568,0.8587715,-0.5103904,0.044867754,0
4.5057077,0.347996,-0.94348431,0.8587715,-0.5103904,0.044867754,0
1.33,2.5345042,3.9907424,0.47334462,0.82384878,0.31179792,0
-1.5768479,1.6803046,4.190196,-0.1961029,-0.24652529,0.94908845,0
-2.9251571,1.6453255,-2.525218,-0.8587715,0.5103904,-0.044867754,0
-1.7489877,-2.5417972,3.1153333,-0.1961029,-0.24652529,0.94908845,0
3.4497075,0.44755551,4.9206462,-0.1961029,-0.24652529,0.94908845,0
-4.0664835,-2.8756976,0.45066959,-0.47334462,-0.82384878,-0.31179792,0
-1.51442,-3.9615357,0.38028431,-0.47334462,-0.82384878,-0.31179792,0
-0.76895237,-4.5346222,0.018848453,-0.47334462,-0.82384878,-0.31179792,0
-3.7949915,-1.6962016,-2.0891232,-0.47334462,-0.82384878,-0.31179792,0
2.8891821,1.3828071,4.5128899,0.47334462,0.82384878,0.31179792,0
1.3554065,-4.3571191,-3.7456553,-0.47334462,-0.82384878,-0.31179792,0
-3.1891227,-1.6496979,2.9547484,-0.1961029,-0.24652529,0.94908845,0
1.825786,-4.0376472,-1.715415,0.8587715,-0.5103904,0.044867754,0
4.1918111,0.25012088,-0.64911151,0.8587715,-0.5103904,0.044867754,0
-3.7110445,-1.9910493,-2.2113202,-0.47334462,-0.82384878,-0.31179792,0
-2.2873693,-2.1791542,-3.2043471,-0.47334462,-0.82384878,-0.31179792,0
4.3510981,1.5428332,2.7293439,0.47334462,0.82384878,0.31179792,0
-3.9534981,-2.0333586,2.7492604,-0.1961029,-0.24652529,0.94908845,0
3.7949507,0.67012608,4.9666243,0.47334462,0.82384878,0.31179792,0
-3.2690988,-2.2121561,-1.5689216,-0.47334462,-0.82384878,-0.31179792,0
-1.7916296,3.6714027,-2.0429568,-0.8587715,0.5103904,-0.044867754,0
4.3406701,0.31514025,-2.7589984,0.8587715,-0.5103904,0.044867754,0
-1.5859554,3.7070827,-1.9976544,-0.8587715,0.5103904,-0.044867754,0
-1.5141165,-4.9547915,2.7160358,-0.1961029,-0.24652529,0.94908845,0
-0.15305072,0.38489395,4.3142862,-0.1961029,-0.24652529,0.94908845,0
0.70444387,-1.1908064,4.1720953,-0.1961029,-0.24652529,0.94908845,0
-2.6814401,-2.8667758,-1.6603651,-0.47334462,-0.82384878,-0.31179792,0
-2.5561428,-0.89436245,-4.7999754,0.1961029,0.24652529,-0.94908845,0
-4.6995106,-0.97976613,2.3568642,-0.8587715,0.5103904,-0.044867754,0
3.8307695,0.79355085,4.5314994,0.47334462,0.82384878,0.31179792,0
1.6255221,-3.5978334,-4.6082559,0.1961029,0.24652529,-0.94908845,0
-4.5382652,-1.012243,-0.41604713,-0.8587715,0.5103904,-0.044867754,0
-3.7228186,0.86329758,0.68348294,-0.8587715,0.5103904,-0.044867754,0
-1.7540878,1.4002056,-4.348351,0.1961029,0.24652529,-0.94908845,0
1.618629,-4.6131072,-2.9493945,0.8587715,-0.5103904,0.044867754,0
4.9252267,1.2690971,2.2252266,0.8587715,-0.5103904,0.044867754,0
4.1280918,0.12811375,3.1189229,0.8587715,-0.5103904,0.044867754,0
1.5366956,1.8097663,-3.5482612,0.1961029,0.24652529,-0.94908845,0
-3.1622117,-3.956161,2.7184093,-0.1961029,-0.24652529,0.94908845,0
-3.8282404,0.25668287,3.3544288,-0.1961029,-0.24652529,0.94908845,0
-0.36502111,-3.1436975,-3.7794263,-0.47334462,-0.82384878,-0.31179792,0
-0.16057014,5.524086,-2.0326869,0.47334462,0.82384878,0.31179792,0
-1.258877,-4.9547467,2.2820127,-0.47334462,-0.82384878,-0.31179792,0
3.9749379,0.93976331,4.1827364,0.47334462,0.82384878,0.31179792,0
2.2471325,3.3416712,0.32686451,0.47334462,0.82384878,0.31179792,0
-0.56762671,-2.4451597,-4.9362111,0.1961029,0.24652529,-0.94908845,0
-4.5850873,-1.5936346,-1.0601975,-0.47334462,-0.82384878,-0.31179792,0
0.36332047,-4.3393974,3.3456335,-0.1961029,-0.24652529,0.94908845,0
-1.4567833,-1.9149469,-5.0855689,-0.47334462,-0.82384878,-0.31179792,0
-2.1798224,-1.7101107,3.3524444,-0.1961029,-0.24652529,0.94908845,0
4.0703411,1.8640959,1.9969001,0.47334462,0.82384878,0.31179792,0
3.9185174,-0.34155202,-1.6244948,0.8587715,-0.5103904,0.044867754,0
-0.063014507,4.5005817,1.3474915,0.47334462,0.82384878,0.31179792,0
-5.4262419,-1.71977,2.2829437,-0.8587715,0.5103904,-0.044867754,0
1.8010503,-0.02288197,4.7528758,-0.1961029,-0.24652529,0.94908845,0
1.648604,-3.8761075,3.66329,-0.1961029,-0.24652529,0.94908845,0
-0.7459085,-2.7257676,3.552371,-0.1961029,-0.24652529,0.94908845,0
-1.6331584,2.1596427,4.6009955,-0.1961029,-0.24652529,0.94908845,0
2.7056298,1.2786314,5.0115938,0.47334462,0.82384878,0.31179792,0
0.56717467,3.3202331,-3.1325235,0.1961029,0.24652529,-0.94908845,0
2.7082722,-2.2961195,-3.7612648,0.8587715,-0.5103904,0.044867754,0
-3.9395823,-1.9462831,-1.6546166,-0.47334462,-0.82384878,-0.31179792,0
-0.43317449,-2.2396731,3.7120535,-0.1961029,-0.24652529,0.94908845,0
1.2971902,4.7289329,-2.0262883,0.47334462,0.82384878,0.31179792,0
-2.2931385,-0.70837259,-4.666635,0.1961029,0.24652529,-0.94908845,0
-0.041824341,5.2148938,-0.70638913,0.47334462,0.82384878,0.31179792,0
-0.96528471,-2.6615324,-4.690506,-0.47334462,-0.82384878,-0.31179792,0
-1.7786372,-3.1811476,-2.1268451,-0.47334462,-0.82384878,-0.31179792,0
-1.9666927,-4.3762484,2.6026394,-0.1961029,-0.24652529,0.94908845,0
0.82462889,-0.16464359,-3.8872075,0.1961029,0.24652529,-0.94908845,0
-2.6673257,2.5535333,3.1401222,-0.8587715,0.5103904,-0.044867754,0
1.5672182,-4.3323088,-0.080673546,0.8587715,-0.5103904,0.044867754,0
2.5962267,-2.9499738,-4.0265245,0.8587715,-0.5103904,0.044867754,0
2.2458377,-2.7017961,3.0195184,0.8587715,-0.5103904,0.044867754,0
-0.20930612,4.597641,1.2871573,0.47334462,0.82384878,0.31179792,0
3.8176899,-0.065676332,0.28910702,0.8587715,-0.5103904,0.044867754,0
-1.8113511,-4.7267461,2.1712952,-0.47334462,-0.82384878,-0.31179792,0
-2.0551159,-2.7732258,3.2233455,-0.1961029,-0.24652529,0.94908845,0
0.44262791,-1.4500808,4.1217451,-0.1961029,-0.24652529,0.94908845,0
3.5731459,-0.56730521,3.0917821,0.8587715,-0.5103904,0.044867754,0
0.079574347,-3.9033659,-2.7351482,-0.47334462,-0.82384878,-0.31179792,0
0.12234253,1.3769823,-3.8845816,0.1961029,0.24652529,-0.94908845,0
-2.5239916,2.7523336,0.83580387,-0.8587715,0.5103904,-0.044867754,0
-0.51176572,-3.0864267,-4.2917228,-0.47334462,-0.82384878,-0.31179792,0
0.52351904,4.6412601,0.3368035,0.47334462,0.82384878,0.31179792,0
1.8180653,-3.0707824,-4.4835811,0.1961029,0.24652529,-0.94908845,0
0.82876176,0.42842111,4.3719444,-0.1961029,-0.24652529,0.94908845,0
2.2550285,-2.8193161,3.047365,0.8587715,-0.5103904,0.044867754,0
2.230474,2.0240285,3.7995949,0.47334462,0.82384878,0.31179792,0
0.75605571,2.51072,-3.3181276,0.1961029,0.24652529,-0.94908845,0
-2.6101913,-0.20555708,-4.8780851,0.1961029,0.24652529,-0.94908845,0
1.5096182,-3.3887608,-4.9802213,0.1961029,0.24652529,-0.94908845,0
-2.0187457,3.4028578,0.55902845,-0.8587715,0.5103904,-0.044867754,0
2.030273,0.6757738,-3.4744346,0.1961029,0.24652529,-0.94908845,0
-2.6022205,2.8043931,0.32102957,-0.8587715,0.5103904,-0.044867754,0
-0.45550251,5.3723431,-0.36789975,0.47334462,0.82384878,0.31179792,0
0.45230007,-1.7595081,-4.7652264,0.1961029,0.24652529,-0.94908845,0
-4.6316423,-0.65385056,1.3351071,-0.8587715,0.5103904,-0.044867754,0
-2.503664,2.825676,2.0016685,-0.8587715,0.5103904,-0.044867754,0
0.92652893,-4.0615101,-3.7381313,-0.47334462,-0.82384878,-0.31179792,0
0.44864929,-3.1471283,-4.820406,-0.47334462,-0.82384878,-0.31179792,0
1.7082903,-4.3479352,-1.8601011,0.8587715,-0.5103904,0.044867754,0
1.1995223,-2.896529,3.8570693,-0.1961029,-0.24652529,0.94908845,0
3.7777033,-0.27217197,0.92370164,0.8587715,-0.5103904,0.044867754,0
2.5274234,4.0185323,-1.1485823,0.47334462,0.82384878,0.31179792,0
1.8861916,-3.8507838,2.0082088,0.8587715,-0.5103904,0.044867754,0
-2.924376,0.091630936,-4.9482312,0.1961029,0.24652529,-0.94908845,0
0.76041317,-5.075263,-0.49428105,-0.47334462,-0.82384878,-0.31179792,0
2.2921305,2.9895611,-3.1251826,0.1961029,0.24652529,-0.94908845,0
-0.78841889,0.32420808,4.0866909,-0.1961029,-0.24652529,0.94908845,0
-1.8269835,-0.69561601,3.7470789,-0.1961029,-0.24652529,0.94908845,0
-1.0284164,2.5121412,-3.8048308,0.1961029,0.24652529,-0.94908845,0
-2.8637941,1.6534353,-0.22154295,-0.8587715,0.5103904,-0.044867754,0
-0.17845079,0.83432889,-3.9991748,0.1961029,0.24652529,-0.94908845,0
3.0625646,-1.7879198,-1.8552835,0.8587715,-0.5103904,0.044867754,0
1.5277151,-1.0280201,-4.0923572,0.1961029,0.24652529,-0.94908845,0
-0.57168043,-4.4207602,2.8588076,-0.1961029,-0.24652529,0.94908845,0
-0.19546658,3.0092139,-3.3500478,0.1961029,0.24652529,-0.94908845,0
1.3165625,-2.0212636,-4.4098649,0.1961029,0.24652529,-0.94908845,0
3.3036075,-1.9291232,-3.5488608,0.8587715,-0.5103904,0.044867754,0
-4.8344712,-1.137548,3.0378807,-0.1961029,-0.24652529,0.94908845,0
-3.4420798,0.38038397,3.4951341,-0.1961029,-0.24652529,0.94908845,0
2.5835137,-1.9164573,3.6364901,0.8587715,-0.5103904,0.044867754,0
-0.5159868,2.502104,4.9359031,-0.1961029,-0.24652529,0.94908845,0
3.4907818,2.5107741,-2.8941314,0.1961029,0.24652529,-0.94908845,0
-2.3390944,2.7822475,1.0083705,-0.8587715,0.5103904,-0.044867754,0
-2.7483604,2.2041559,-3.650656,-0.8587715,0.5103904,-0.044867754,0
3.6646025,-0.98408401,0.14494008,0.8587715,-0.5103904,0.044867754,0
0.34078273,-2.3887801,3.8058362,-0.1961029,-0.24652529,0.94908845,0
1.1728575,-4.9946289,0.47084808,0.8587715,-0.5103904,0.044867754,0
3.1868453,1.5428174,3.3771396,0.47334462,0.82384878,0.31179792,0
-2.1636777,-2.6668262,-2.2374597,-0.47334462,-0.82384878,-0.31179792,0
-1.6740322,2.6837707,4.7666736,-0.1961029,-0.24652529,0.94908845,0
0.98405248,0.53711432,4.476027,-0.1961029,-0.24652529,0.94908845,0
3.1720433,-1.437923,-0.4801994,0.8587715,-0.5103904,0.044867754,0
-2.646421,0.10380447,-4.5758514,0.1961029,0.24652529,-0.94908845,0
-4.281806,-1.9287114,-1.4833611,-0.47334462,-0.82384878,-0.31179792,0
1.8670459,-4.0279775,-0.90414858,0.8587715,-0.5103904,0.044867754,0
-0.93168449,2.6493087,-3.6972785,0.1961029,0.24652529,-0.94908845,0
3.8485193,-0.45483994,-2.6668427,0.8587715,-0.5103904,0.044867754,0
-1.4207962,3.9581907,3.9736352,0.47334462,0.82384878,0.31179792,0
4.8859787,1.1497512,-2.8570075,0.1961029,0.24652529,-0.94908845,0
-1.7493685,0.97056341,4.3094921,-0.1961029,-0.24652529,0.94908845,0
1.9377165,3.0881221,1.6581255,0.47334462,0.82384878,0.31179792,0
-0.91096616,-3.4711459,-2.802722,-0.47334462,-0.82384878,-0.31179792,0
-4.7592421,-2.6680851,2.6529763,-0.1961029,-0.24652529,0.94908845,0
1.2523099,-4.7959213,-0.30444905,0.8587715,-0.5103904,0.044867754,0
3.4239559,-1.5539106,-1.080855,0.8587715,-0.5103904,0.044867754,0
-2.9280005,1.888,3.272723,-0.8587715,0.5103904,-0.044867754,0
1.5086678,-4.6323495,-0.56342685,0.8587715,-0.5103904,0.044867754,0
-0.69315946,-2.4735031,-4.9891629,0.1961029,0.24652529,-0.94908845,0
-2.7840083,-3.131484,-0.94896221,-0.47334462,-0.82384878,-0.31179792,0
-1.368764,-2.0287881,-4.9828119,0.1961029,0.24652529,-0.94908845,0
-2.2142167,-2.3496997,-3.4169657,-0.47334462,-0.82384878,-0.31179792,0
-0.97671413,5.1570721,0.18347339,0.47334462,0.82384878,0.31179792,0
0.88038832,1.6128312,-3.7020051,0.1961029,0.24652529,-0.94908845,0
2.8538074,-1.5954731,3.590245,0.8587715,-0.5103904,0.044867754,0
-1.0264977,-1.9159112,3.6345708,-0.1961029,-0.24652529,0.94908845,0
-1.45627,4.242137,0.39687747,-0.8587715,0.5103904,-0.044867754,0
-0.75901151,3.6361117,3.9311998,0.47334462,0.82384878,0.31179792,0
-0.88565803,-3.1065969,-3.5939429,-0.47334462,-0.82384878,-0.31179792,0
-3.0648246,-1.463675,-4.3711233,-0.47334462,-0.82384878,-0.31179792,0
-3.6140113,-1.3305569,-4.021245,-0.47334462,-0.82384878,-0.31179792,0
-3.0839336,-2.3597801,-1.7978566,-0.47334462,-0.82384878,-0.31179792,0
4.9148836,1.2154014,1.1237798,0.8587715,-0.5103904,0.044867754,0
-2.1510463,3.1594329,2.8667645,-0.8587715,0.5103904,-0.044867754,0
2.9562016,-1.8831267,3.8204908,0.8587715,-0.5103904,0.044867754,0
-4.6474986,-1.8433361,-0.7632767,-0.47334462,-0.82384878,-0.31179792,0
-2.7782509,-0.076097727,3.4252861,-0.1961029,-0.24652529,0.94908845,0
2.2299113,-2.4258356,3.8879018,-0.1961029,-0.24652529,0.94908845,0
-2.1157546,3.2805061,4.0323238,-0.8587715,0.5103904,-0.044867754,0
-2.9198923,-3.3636923,-0.10918739,-0.47334462,-0.82384878,-0.31179792,0
0.73293889,3.2745748,-3.0121756,0.1961029,0.24652529,-0.94908845,0
-1.9759707,-3.1326933,-1.8041873,-0.47334462,-0.82384878,-0.31179792,0
1.745554,1.8121457,5.1896815,0.47334462,0.82384878,0.31179792,0
-2.7684369,-1.6968348,3.3008018,-0.1961029,-0.24652529,0.94908845,0
2.6285419,-2.6337342,-1.2545829,0.8587715,-0.5103904,0.044867754,0
4.0842838,2.1204789,1.0286789,0.47334462,0.82384878,0.31179792,0
3.5270374,3.6935365,-2.5240903,0.1961029,0.24652529,-0.94908845,0
-2.9670224,1.3217936,3.7595506,-0.1961029,-0.24652529,0.94908845,0
2.9129863,-1.7745137,-1.042805,0.8587715,-0.5103904,0.044867754,0
-1.4660673,-5.0626616,2.198611,-0.47334462,-0.82384878,-0.31179792,0
3.3981264,2.3424206,1.0481503,0.47334462,0.82384878,0.31179792,0
2.9953613,1.2443763,4.7986412,0.47334462,0.82384878,0.31179792,0
-1.4265726,2.4722304,-3.7354491,0.1961029,0.24652529,-0.94908845,0
4.5370283,2.4011145,-0.815813,0.47334462,0.82384878,0.31179792,0
-3.5967994,-1.8967655,-2.0436356,-0.47334462,-0.82384878,-0.31179792,0
2.2251332,-2.1561272,4.2261887,-0.1961029,-0.24652529,0.94908845,0
-3.7472353,-3.5041947,2.1903067,-0.47334462,-0.82384878,-0.31179792,0
-4.6123295,-1.945955,-0.48511472,-0.47334462,-0.82384878,-0.31179792,0
1.5716689,3.0780544,2.5754702,0.47334462,0.82384878,0.31179792,0
2.8338349,-2.2762551,0.45241272,0.8587715,-0.5103904,0.044867754,0
-4.6437578,-0.68968093,3.1643507,-0.1961029,-0.24652529,0.94908845,0
3.2308464,-1.8301667,-0.44538414,0.8587715,-0.5103904,0.044867754,0
-1.5826735,4.1621146,-0.22220513,-0.8587715,0.5103904,-0.044867754,0
1.9448371,4.3891482,-2.7682538,0.1961029,0.24652529,-0.94908845,0
-0.82791215,1.6734548,-3.7610426,0.1961029,0.24652529,-0.94908845,0
1.5355024,4.2122459,-0.82479656,0.47334462,0.82384878,0.31179792,0
-1.7342038,-1.3303753,3.5700791,-0.1961029,-0.24652529,0.94908845,0
-4.8585258,-1.4578866,-1.4563447,-0.8587715,0.5103904,-0.044867754,0
2.2976282,-3.0202322,3.123827,0.8587715,-0.5103904,0.044867754,0
3.6756268,-0.7710011,-3.5904729,0.1961029,0.24652529,-0.94908845,0
1.975973,0.38279605,4.8894482,-0.1961029,-0.24652529,0.94908845,0
-0.35218287,-3.8257804,-2.7986517,-0.47334462,-0.82384878,-0.31179792,0
-3.1562266,-2.6651914,-1.4677966,-0.47334462,-0.82384878,-0.31179792,0
1.5868046,1.3009025,-3.5365372,0.1961029,0.24652529,-0.94908845,0
-0.43485153,5.5280294,-2.4416239,-0.8587715,0.5103904,-0.044867754,0
-4.5655417,-1.1684167,-2.1060021,-0.8587715,0.5103904,-0.044867754,0
-3.7674332,-3.1886039,1.554673,-0.47334462,-0.82384878,-0.31179792,0
-0.25555837,-2.2061105,3.5671904,-0.1961029,-0.24652529,0.94908845,0
-1.731093,-1.796074,-4.8602886,-0.47334462,-0.82384878,-0.31179792,0
-1.0977989,-1.0164036,-4.6677532,0.1961029,0.24652529,-0.94908845,0
-1.5517638,4.3644543,1.975368,-0.8587715,0.5103904,-0.044867754,0
4.1142883,0.23289979,1.8680199,0.8587715,-0.5103904,0.044867754,0
0.84408879,3.4316618,3.0023029,0.47334462,0.82384878,0.31179792,0
-4.3312788,-2.9793081,1.4524714,-0.47334462,-0.82384878,-0.31179792,0
-2.4954011,-2.1468909,3.0687048,-0.1961029,-0.24652529,0.94908845,0
3.6813364,2.5884538,-2.7003243,0.1961029,0.24652529,-0.94908845,0
0.41461089,0.35380307,-4.2411599,0.1961029,0.24652529,-0.94908845,0
-0.35448647,2.2409191,4.8921537,-0.1961029,-0.24652529,0.94908845,0
3.5926366,1.7625852,2.7844005,0.47334462,0.82384878,0.31179792,0
-1.6208103,-0.056710958,3.8564842,-0.1961029,-0.24652529,0.94908845,0
-0.34188366,-3.9140761,-2.3216047,-0.47334462,-0.82384878,-0.31179792,0
-1.1403836,4.4017358,-2.6372106,-0.8587715,0.5103904,-0.044867754,0
-3.2838101,-2.1047258,-2.7938333,-0.47334462,-0.82384878,-0.31179792,0
4.7728724,1.104928,-0.17065728,0.8587715,-0.5103904,0.044867754,0
-1.2252718,-3.2339039,-2.0023031,-0.47334462,-0.82384878,-0.31179792,0
-4.2997541,-2.9172163,2.7345486,-0.1961029,-0.24652529,0.94908845,0
-3.1411195,-2.4474521,3.0526772,-0.1961029,-0.24652529,0.94908845,0
4.4710579,1.3584511,2.0332654,0.47334462,0.82384878,0.31179792,0
1.4099654,-4.1785331,0.34432906,0.8587715,-0.5103904,0.044867754,0
-4.9473886,-1.4475782,-1.0195444,-0.47334462,-0.82384878,-0.31179792,0
-4.8677635,-1.0869308,0.2998786,-0.8587715,0.5103904,-0.044867754,0
2.1558609,-3.5229208,-3.5716679,0.8587715,-0.5103904,0.044867754,0
-4.0764956,0.19434071,1.8478513,-0.8587715,0.5103904,-0.044867754,0
4.477263,1.9363078,-2.5919003,0.1961029,0.24652529,-0.94908845,0
-1.9274397,3.6408367,4.8757792,-0.1961029,-0.24652529,0.94908845,0
-0.82014465,-5.1185513,1.921124,-0.47334462,-0.82384878,-0.31179792,0
1.5134856,2.7256696,3.3805428,0.47334462,0.82384878,0.31179792,0
-0.64108562,4.1110172,2.3808367,0.47334462,0.82384878,0.31179792,0
0.15130448,5.3507981,-2.0231738,0.47334462,0.82384878,0.31179792,0
4.1427064,1.6491549,1.5868331,0.47334462,0.82384878,0.31179792,0
-1.1774169,-0.99115002,-4.9208126,0.1961029,0.24652529,-0.94908845,0
0.79182363,-5.1282949,-0.90535402,-0.47334462,-0.82384878,-0.31179792,0
-4.3734369,-2.351193,-0.40011659,-0.47334462,-0.82384878,-0.31179792,0
1.0056212,1.6111488,5.0279713,-0.1961029,-0.24652529,0.94908845,0
4.9635715,2.8233707,-2.0338559,0.47334462,0.82384878,0.31179792,0
-0.93679786,5.0946779,0.8898772,0.47334462,0.82384878,0.31179792,0
-4.1168194,-0.64076942,-4.0233078,-0.8587715,0.5103904,-0.044867754,0
1.1584755,2.6140606,-3.3143981,0.1961029,0.24652529,-0.94908845,0
0.59970081,-0.82825553,-4.3379731,0.1961029,0.24652529,-0.94908845,0
1.7179735,3.3000889,-2.9106328,0.1961029,0.24652529,-0.94908845,0
-0.86392772,1.1467137,-4.1533842,0.1961029,0.24652529,-0.94908845,0
1.5394406,3.8234897,0.65479219,0.47334462,0.82384878,0.31179792,0
-1.8918605,-2.6020794,-2.492512,-0.47334462,-0.82384878,-0.31179792,0
1.9524965,-3.3522599,-0.58903593,0.8587715,-0.5103904,0.044867754,0
3.519156,-1.5953157,-3.2174292,0.8587715,-0.5103904,0.044867754,0
-1.8426483,4.1156015,4.337955,0.47334462,0.82384878,0.31179792,0
-0.74924207,-1.8713347,-5.0005951,0.1961029,0.24652529,-0.94908845,0
-0.054668188,-4.9316897,0.84545791,-0.47334462,-0.82384878,-0.31179792,0
3.5354745,-0.30320215,-3.3848829,0.1961029,0.24652529,-0.94908845,0
0.61628085,-1.1220371,3.9860187,-0.1961029,-0.24652529,0.94908845,0
0.051024437,4.7511058,0.08979433,0.47334462,0.82384878,0.31179792,0
-1.24345,2.5539124,-3.7591436,0.1961029,0.24652529,-0.94908845,0
-4.8818884,-1.6430092,1.089691,-0.8587715,0.5103904,-0.044867754,0
0.059406757,-4.2784958,-1.4896277,-0.47334462,-0.82384878,-0.31179792,0
-3.1110511,-1.9301028,-2.5616622,-0.47334462,-0.82384878,-0.31179792,0
-0.32416463,-4.0827899,-1.4968729,-0.47334462,-0.82384878,-0.31179792,0
-5.6173968,-2.5827458,2.1677852,-0.47334462,-0.82384878,-0.31179792,0
0.68771267,3.9550533,1.4866582,0.47334462,0.82384878,0.31179792,0
1.0723491,4.5646391,-2.787313,0.1961029,0.24652529,-0.94908845,0
0.043099165,-2.96065,-5.1723495,0.1961029,0.24652529,-0.94908845,0
1.5560379,-4.3855972,-2.5435965,0.8587715,-0.5103904,0.044867754,0
-1.3790548,4.0813723,4.2515068,0.47334462,0.82384878,0.31179792,0
1.1553123,-4.7124767,-2.0243959,-0.47334462,-0.82384878,-0.31179792,0
-2.73298,-2.6394067,2.8148789,-0.1961029,-0.24652529,0.94908845,0
4.0728984,2.3002417,-2.9743536,0.1961029,0.24652529,-0.94908845,0
2.1222568,-1.5017718,4.3409824,-0.1961029,-0.24652529,0.94908845,0
-2.1833429,-1.0198261,3.6348717,-0.1961029,-0.24652529,0.94908845,0
0.4419812,-5.5195446,1.5427675,-0.47334462,-0.82384878,-0.31179792,0
-0.8130331,1.0149807,4.4195023,-0.1961029,-0.24652529,0.94908845,0
4.6297369,1.2683102,2.2377949,0.8587715,-0.5103904,0.044867754,0
3.2229855,-1.7547941,-2.6686158,0.8587715,-0.5103904,0.044867754,0
-3.3564329,0.73822224,-2.2110722,-0.8587715,0.5103904,-0.044867754,0
0.85835332,-0.72201931,4.3832998,-0.1961029,-0.24652529,0.94908845,0
0.38654804,-4.9689598,0.083980605,-0.47334462,-0.82384878,-0.31179792,0
4.2895265,0.11043179,-1.0481445,0.8587715,-0.5103904,0.044867754,0
4.7696671,1.2022681,-0.12277162,0.8587715,-0.5103904,0.044867754,0
-0.065244436,5.6767697,-2.6560884,0.47334462,0.82384878,0.31179792,0
-3.7478268,-3.0096655,0.99986178,-0.47334462,-0.82384878,-0.31179792,0
1.6927698,3.529248,0.59497952,0.47334462,0.82384878,0.31179792,0
-0.27774441,4.6598072,1.2444816,0.47334462,0.82384878,0.31179792,0
-3.4852157,-2.6220028,0.010082901,-0.47334462,-0.82384878,-0.31179792,0
2.2036943,-1.5577868,-4.3455529,0.1961029,0.24652529,-0.94908845,0
-0.31556296,3.2350073,-3.5598085,0.1961029,0.24652529,-0.94908845,0
0.75620306,4.3944917,-3.0800529,0.1961029,0.24652529,-0.94908845,0
-1.654829,-1.8545165,-5.1894932,-0.47334462,-0.82384878,-0.31179792,0
0.47737932,-5.5774641,1.0182368,0.8587715,-0.5103904,0.044867754,0
0.55313373,3.6626825,2.3682778,0.47334462,0.82384878,0.31179792,0
-0.83003449,-4.4048796,-0.03064302,-0.47334462,-0.82384878,-0.31179792,0
-2.9476743,-1.0011992,-4.8986773,0.1961029,0.24652529,-0.94908845,0
0.99058223,3.642699,1.728711,0.47334462,0.82384878,0.31179792,0
-2.3403912,2.406831,4.5257359,-0.1961029,-0.24652529,0.94908845,0
-0.5076794,0.30636901,-4.4492679,0.1961029,0.24652529,-0.94908845,0
-2.7806454,2.3617823,-1.6209233,-0.8587715,0.5103904,-0.044867754,0
1.6408358,0.97031844,-3.4852145,0.1961029,0.24652529,-0.94908845,0
1.8383224,3.2303164,1.1004932,0.47334462,0.82384878,0.31179792,0
-2.9151967,2.3628464,0.73194474,-0.8587715,0.5103904,-0.044867754,0
-3.5593958,-3.4083219,1.5619323,-0.47334462,-0.82384878,-0.31179792,0
-3.1966538,1.0271821,-2.734894,-0.8587715,0.5103904,-0.044867754,0
-4.9355526,-1.1648588,0.48242903,-0.8587715,0.5103904,-0.044867754,0
2.8416965,3.9695745,-1.5953575,0.47334462,0.82384878,0.31179792,0
3.3429689,-0.87046623,2.2871823,0.8587715,-0.5103904,0.044867754,0
0.96466959,-1.0836196,4.0440998,-0.1961029,-0.24652529,0.94908845,0
-2.8307269,2.0671899,0.80555886,-0.8587715,0.5103904,-0.044867754,0
-3.1726742,0.40077198,3.7595356,-0.1961029,-0.24652529,0.94908845,0
2.1388085,-1.5495532,-4.0476828,0.1961029,0.24652529,-0.94908845,0
3.565788,-0.5083288,0.62394524,0.8587715,-0.5103904,0.044867754,0
-0.86506903,2.3573947,-3.6093926,0.1961029,0.24652529,-0.94908845,0
-1.358609,-3.4429891,-1.1817226,-0.47334462,-0.82384878,-0.31179792,0
-2.7555425,-2.3054461,-2.4017806,-0.47334462,-0.82384878,-0.31179792,0
-1.4770899,-0.42918652,-4.5035319,0.1961029,0.24652529,-0.94908845,0
3.8984902,0.01042223,0.8296259,0.8587715,-0.5103904,0.044867754,0
-3.6111519,1.0726426,3.2411118,-0.8587715,0.5103904,-0.044867754,0
1.5041149,3.1226621,-3.0697262,0.1961029,0.24652529,-0.94908845,0
-3.2572279,1.5616356,-2.3273473,-0.8587715,0.5103904,-0.044867754,0
-1.2251518,-3.9557338,-0.47559112,-0.47334462,-0.82384878,-0.31179792,0
-0.12741876,-4.8396492,0.59290379,-0.47334462,-0.82384878,-0.31179792,0
1.8393556,-3.4552732,-4.717701,0.1961029,0.24652529,-0.94908845,0
3.0011659,2.149657,-3.2389503,0.1961029,0.24652529,-0.94908845,0
1.8423746,-3.7814007,-1.5172024,0.8587715,-0.5103904,0.044867754,0
-2.081811,-0.29161906,3.7514324,-0.1961029,-0.24652529,0.94908845,0
-1.4304755,-4.5375848,1.0814233,-0.47334462,-0.82384878,-0.31179792,0
1.7132314,2.3527617,4.4634743,0.47334462,0.82384878,0.31179792,0
1.5391085,4.172781,-2.7514584,0.1961029,0.24652529,-0.94908845,0
-0.35331321,-5.2267966,1.0538802,-0.47334462,-0.82384878,-0.31179792,0
-0.83015871,3.5123262,4.5124383,0.47334462,0.82384878,0.31179792,0
-1.2949433,-4.8210115,2.6940601,-0.1961029,-0.24652529,0.94908845,0
-4.8374939,-1.4735109,2.2130313,-0.8587715,0.5103904,-0.044867754,0
2.8473072,3.1004109,0.76293612,0.47334462,0.82384878,0.31179792,0
-1.55168,4.5662308,-0.78867435,-0.8587715,0.5103904,-0.044867754,0
0.95515096,2.6282687,4.6340499,0.47334462,0.82384878,0.31179792,0
-2.6513562,-2.4587092,-1.7933426,-0.47334462,-0.82384878,-0.31179792,0
-2.0133252,2.2230959,4.5473666,-0.1961029,-0.24652529,0.94908845,0
2.973403,-2.2029712,-1.6759591,0.8587715,-0.5103904,0.044867754,0
4.4992194,0.25783098,-0.99692273,0.8587715,-0.5103904,0.044867754,0
0.071535945,3.8786249,-3.1519284,0.1961029,0.24652529,-0.94908845,0
-4.5739708,-0.78337592,-3.1063199,-0.8587715,0.5103904,-0.044867754,0
2.4120722,-2.7917838,-1.1779225,0.8587715,-0.5103904,0.044867754,0
2.2527828,-2.5282724,3.396054,0.8587715,-0.5103904,0.044867754,0
-2.4908719,0.92371225,-4.2977872,0.1961029,0.24652529,-0.94908845,0
0.42721987,-5.3383756,0.37028509,-0.47334462,-0.82384878,-0.31179792,0
1.5164087,-2.3419294,-4.6903663,0.1961029,0.24652529,-0.94908845,0
-0.94790852,-2.7441313,3.1078906,-0.1961029,-0.24652529,0.94908845,0
0.47584414,1.5962336,4.6600928,-0.1961029,-0.24652529,0.94908845,0
2.5224826,2.5994625,2.4246092,0.47334462,0.82384878,0.31179792,0
0.16010714,-5.3714638,0.99205524,-0.47334462,-0.82384878,-0.31179792,0
-1.123595,-4.7644148,1.7038007,-0.47334462,-0.82384878,-0.31179792,0
-3.4752707,0.47892916,-4.4402986,-0.8587715,0.5103904,-0.044867754,0
1.0216024,-5.099586,-0.63614613,0.8587715,-0.5103904,0.044867754,0
-2.8455398,1.6516681,-1.6858703,-0.8587715,0.5103904,-0.044867754,0
-2.4277744,2.9390204,4.2232752,-0.8587715,0.5103904,-0.044867754,0
3.8963699,-0.17380774,1.8303241,0.8587715,-0.5103904,0.044867754,0
0.21585381,-3.9124231,-2.8094637,-0.47334462,-0.82384878,-0.31179792,0
0.48109356,1.6103013,-3.8155046,0.1961029,0.24652529,-0.94908845,0
-4.1189957,0.3523252,0.59328204,-0.8587715,0.5103904,-0.044867754,0
2.292716,2.7338109,2.5259335,0.47334462,0.82384878,0.31179792,0
-1.6969111,-3.6503987,-0.1906513,-0.47334462,-0.82384878,-0.31179792,0
0.96159852,-0.68323821,4.3127708,-0.1961029,-0.24652529,0.94908845,0
3.362288,3.1969366,-0.8693862,0.47334462,0.82384878,0.31179792,0
-2.736558,2.5825579,2.3551681,-0.8587715,0.5103904,-0.044867754,0
2.6092784,4.0023971,-1.4625767,0.47334462,0.82384878,0.31179792,0
2.5306938,3.7509058,-1.2817755,0.47334462,0.82384878,0.31179792,0
-3.2677462,0.90350592,-4.3951645,-0.8587715,0.5103904,-0.044867754,0
-0.8245914,-0.70928532,-4.5129824,0.1961029,0.24652529,-0.94908845,0
-3.9004757,0.078927398,-1.9098339,-0.8587715,0.5103904,-0.044867754,0
0.91555345,0.83261621,-3.6847265,0.1961029,0.24652529,-0.94908845,0
1.3392143,-0.032329179,4.5185227,-0.1961029,-0.24652529,0.94908845,0
2.556637,2.2511411,3.567215,0.47334462,0.82384878,0.31179792,0
-1.111403,-2.4722319,3.1327233,-0.1961029,-0.24652529,0.94908845,0
4.8333483,1.2686646,-1.2216048,0.8587715,-0.5103904,0.044867754,0
-3.9368629,0.079611063,-4.0819178,-0.8587715,0.5103904,-0.044867754,0
4.9016709,2.7796559,-2.24681,0.47334462,0.82384878,0.31179792,0
3.4489686,-1.1785454,-1.1614068,0.8587715,-0.5103904,0.044867754,0
-2.8111746,-3.0280285,-0.82049876,-0.47334462,-0.82384878,-0.31179792,0
1.5074291,-0.23288827,4.6339812,-0.1961029,-0.24652529,0.94908845,0
4.5794563,2.9043984,-2.1315889,0.47334462,0.82384878,0.31179792,0
-1.7694838,-4.4966755,1.8563606,-0.47334462,-0.82384878,-0.31179792,0
3.8968227,-0.8348074,-3.0962958,0.8587715,-0.5103904,0.044867754,0
1.159326,-3.1233017,-4.7676482,0.1961029,0.24652529,-0.94908845,0
1.4652598,4.1092539,-0.28955561,0.47334462,0.82384878,0.31179792,0
-4.2533016,-1.1275172,2.9558599,-0.1961029,-0.24652529,0.94908845,0
-3.6383243,-3.578156,2.4515932,-0.1961029,-0.24652529,0.94908845,0
-1.9469204,0.31330636,-4.3357964,0.1961029,0.24652529,-0.94908845,0
-2.5416262,1.974128,-4.111639,-0.8587715,0.5103904,-0.044867754,0
-0.59323525,-2.7052794,-5.1321526,-0.47334462,-0.82384878,-0.31179792,0
-3.855474,0.34671164,-1.4558175,-0.8587715,0.5103904,-0.044867754,0
-4.5965395,-2.7462959,1.8587557,-0.47334462,-0.82384878,-0.31179792,0
-0.55707484,2.3629072,-3.5233598,0.1961029,0.24652529,-0.94908845,0
-1.4570346,-2.9357383,-2.268265,-0.47334462,-0.82384878,-0.31179792,0
-2.4865932,2.6342738,3.9143989,-0.8587715,0.5103904,-0.044867754,0
5.5259972,2.5498493,-2.1746225,0.8587715,-0.5103904,0.044867754,0
-2.39153,-3.7104564,2.716049,-0.1961029,-0.24652529,0.94908845,0
-4.8074889,-1.9944777,2.5730937,-0.1961029,-0.24652529,0.94908845,0
-1.5666351,4.7703834,2.1850886,-0.8587715,0.5103904,-0.044867754,0
3.5744431,3.0653644,-0.357261,0.47334462,0.82384878,0.31179792,0
-4.3487058,-0.36756682,-2.9633784,-0.8587715,0.5103904,-0.044867754,0
-2.5616879,-2.0042706,-3.376045,-0.47334462,-0.82384878,-0.31179792,0
3.5535038,-0.98947704,-1.6752487,0.8587715,-0.5103904,0.044867754,0
-1.4887393,-2.7441006,-2.7947187,-0.47334462,-0.82384878,-0.31179792,0
-2.5263398,-2.8921301,-1.102493,-0.47334462,-0.82384878,-0.31179792,0
5.0346479,1.5387772,-0.91129041,0.8587715,-0.5103904,0.044867754,0
-0.045633078,3.448895,4.0175085,0.47334462,0.82384878,0.31179792,0
2.6254411,-2.1202631,2.5477917,0.8587715,-0.5103904,0.044867754,0
-1.466289,2.8517709,4.7025762,-0.1961029,-0.24652529,0.94908845,0
-0.46686399,-3.8735938,3.1584058,-0.1961029,-0.24652529,0.94908845,0
4.6118593,0.74761581,1.3143885,0.8587715,-0.5103904,0.044867754,0
1.0602374,3.2123394,3.3287067,0.47334462,0.82384878,0.31179792,0
1.1535361,-5.0164013,1.2825812,0.8587715,-0.5103904,0.044867754,0
-2.3637033,-2.4531667,-3.1184058,-0.47334462,-0.82384878,-0.31179792,0
-0.62405777,-3.518295,-3.1356125,-0.47334462,-0.82384878,-0.31179792,0
-2.3236561,2.518538,-3.8259611,-0.8587715,0.5103904,-0.044867754,0
-2.1528213,-4.1210842,0.75900948,-0.47334462,-0.82384878,-0.31179792,0
3.023634,0.70934814,-3.4382856,0.1961029,0.24652529,-0.94908845,0
2.0873122,-3.9135485,-4.3141093,0.8587715,-0.5103904,0.044867754,0
3.9754152,1.1876109,3.1401134,0.47334462,0.82384878,0.31179792,0
5.1496768,1.2594935,-2.4281921,0.8587715,-0.5103904,0.044867754,0
-1.5804834,-4.6967983,1.7052255,-0.47334462,-0.82384878,-0.31179792,0
-3.8220918,-3.4902115,2.2557826,-0.47334462,-0.82384878,-0.31179792,0
-0.77674794,-4.7022266,0.17346433,-0.47334462,-0.82384878,-0.31179792,0
4.6668935,1.3232996,-3.0377393,0.1961029,0.24652529,-0.94908845,0
0.82115024,-4.7114954,2.9969332,-0.1961029,-0.24652529,0.94908845,0
-1.219599,4.6706433,0.76044881,-0.8587715,0.5103904,-0.044867754,0
1.3645353,3.4640839,1.4844707,0.47334462,0.82384878,0.31179792,0
-4.3492222,-0.82120872,-0.92629761,-0.8587715,0.5103904,-0.044867754,0
0.63363391,-0.9438113,3.9825897,-0.1961029,-0.24652529,0.94908845,0
2.0993297,3.6138887,0.55962759,0.47334462,0.82384878,0.31179792,0
1.1764942,2.8658342,3.3857999,0.47334462,0.82384878,0.31179792,0
0.32924664,-4.9313526,0.13796085,-0.47334462,-0.82384878,-0.31179792,0
-2.9007602,0.72627413,3.6119444,-0.1961029,-0.24652529,0.94908845,0
-1.8953075,3.8023508,1.6789057,-0.8587715,0.5103904,-0.044867754,0
-1.3337786,-4.9804335,1.8195333,-0.47334462,-0.82384878,-0.31179792,0
