0.75438976,6.5144649,-1.5967178,-0.68543577,0.70198262,-0.19338652,0
-1.5585111,-1.1740847,-5.0077538,0.44692716,0.19593436,-0.87284929,0
-1.2669625,-2.9331274,-3.8429332,-0.57483399,-0.68471175,-0.44803548,0
-0.17460203,5.8136158,-2.2690847,-0.68543577,0.70198262,-0.19338652,0
-0.92959547,2.5084805,4.3121109,-0.44692716,-0.19593436,0.87284929,0
-0.96464324,1.3547983,3.6954551,-0.44692716,-0.19593436,0.87284929,0
0.25669289,5.9611235,-2.4555159,-0.68543577,0.70198262,-0.19338652,0
-3.4447269,0.038864613,-5.4534817,-0.57483399,-0.68471175,-0.44803548,0
-3.8226984,-3.5833435,-0.0080065727,-0.57483399,-0.68471175,-0.44803548,0
1.0349927,0.5678587,-3.5651913,0.44692716,0.19593436,-0.87284929,0
-1.8120162,-5.4812336,0.23236322,-0.57483399,-0.68471175,-0.44803548,0
-4.0546374,0.97116184,-5.6084642,-0.68543577,0.70198262,-0.19338652,0
-2.7061143,3.8344002,1.1276183,-0.68543577,0.70198262,-0.19338652,0
0.14601231,-4.9521842,-2.2383957,-0.57483399,-0.68471175,-0.44803548,0
-2.6628797,-0.30515146,2.371594,-0.44692716,-0.19593436,0.87284929,0
-3.8395076,2.1041389,-2.4921396,-0.68543577,0.70198262,-0.19338652,0
6.2558074,-0.10221815,-0.89429951,0.44692716,0.19593436,-0.87284929,0
2.1517901,5.2222652,-1.0888901,0.57483399,0.68471175,0.44803548,0
4.2030668,-1.1683102,4.6178117,0.68543577,-0.70198262,0.19338652,0
0.5153842,6.3473139,-2.5143266,0.44692716,0.19593436,-0.87284929,0
0.9791671,-0.96183491,-3.5735259,0.44692716,0.19593436,-0.87284929,0
-5.6248627,-1.1327651,-1.4822054,-0.57483399,-0.68471175,-0.44803548,0
2.4240918,-4.0632143,-0.96206701,0.68543577,-0.70198262,0.19338652,0
1.352584,5.192224,0.53259277,0.57483399,0.68471175,0.44803548,0
-2.1036232,-4.3682756,-0.43426418,-0.57483399,-0.68471175,-0.44803548,0
2.4112344,-4.2665911,-0.52145046,0.68543577,-0.70198262,0.19338652,0
0.320261,-5.0341573,2.9540088,0.68543577,-0.70198262,0.19338652,0
-1.0909936,-2.3775594,-4.6610675,-0.57483399,-0.68471175,-0.44803548,0
-0.35090756,-3.9139626,-3.9813824,-0.57483399,-0.68471175,-0.44803548,0
5.1614213,-1.238238,0.60502243,0.68543577,-0.70198262,0.19338652,0
-1.1685417,-6.9059591,1.8097558,-0.57483399,-0.68471175,-0.44803548,0
0.039947987,-4.7648897,2.7382441,-0.44692716,-0.19593436,0.87284929,0
-4.0038333,-0.56028366,-3.7120647,-0.57483399,-0.68471175,-0.44803548,0
-3.0611563,-3.1134708,-1.5063863,-0.57483399,-0.68471175,-0.44803548,0
2.3960795,1.0275795,-2.7382064,0.44692716,0.19593436,-0.87284929,0
-4.0065594,1.9458684,-2.4784033,-0.68543577,0.70198262,-0.19338652,0
3.8751149,0.41795778,4.7191548,0.57483399,0.68471175,0.44803548,0
5.3753901,2.1013913,-0.75945807,0.44692716,0.19593436,-0.87284929,0
-0.1881063,3.7746856,4.6027617,-0.44692716,-0.19593436,0.87284929,0
-3.5925865,1.7657577,-4.5029564,-0.68543577,0.70198262,-0.19338652,0
-5.5561094,-0.79594135,-1.4652123,-0.57483399,-0.68471175,-0.44803548,0
4.7393484,0.32036972,3.4974709,0.57483399,0.68471175,0.44803548,0
-3.8607342,1.9338772,-3.0119781,-0.68543577,0.70198262,-0.19338652,0
-3.7158999,1.1157568,-5.3918719,-0.68543577,0.70198262,-0.19338652,0
-2.7477064,2.5824032,-3.8175583,-0.68543577,0.70198262,-0.19338652,0
0.51881027,6.3124495,-0.16981053,0.57483399,0.68471175,0.44803548,0
2.8558307,-3.0271158,1.1751008,0.68543577,-0.70198262,0.19338652,0
-1.7089612,0.43962908,3.3151603,-0.44692716,-0.19593436,0.87284929,0
0.31118733,1.4394281,4.40799,-0.44692716,-0.19593436,0.87284929,0
-4.4506536,2.3497362,0.54984975,-0.68543577,0.70198262,-0.19338652,0
0.94741786,3.2255244,4.1396155,0.57483399,0.68471175,0.44803548,0
-2.24527,-2.7520442,-3.0319014,-0.57483399,-0.68471175,-0.44803548,0
-2.8217106,4.0680647,3.6289911,-0.44692716,-0.19593436,0.87284929,0
3.5170453,4.2755985,-1.438849,0.44692716,0.19593436,-0.87284929,0
-3.4099181,1.1947927,-5.5925303,0.44692716,0.19593436,-0.87284929,0
-2.8334517,-5.0969,0.93527961,-0.57483399,-0.68471175,-0.44803548,0
3.757555,2.285243,2.137085,0.57483399,0.68471175,0.44803548,0
4.0601335,4.0824213,-1.195924,0.44692716,0.19593436,-0.87284929,0
1.4961653,-4.925426,0.17295623,0.68543577,-0.70198262,0.19338652,0
-2.7924783,-1.3090438,2.2399769,-0.44692716,-0.19593436,0.87284929,0
-1.2161992,1.1066971,-4.17307,0.44692716,0.19593436,-0.87284929,0
-2.7170055,-1.7334048,2.1357121,-0.44692716,-0.19593436,0.87284929,0
-4.6843114,1.1752876,-1.6767874,-0.68543577,0.70198262,-0.19338652,0
1.5330175,4.9308438,-2.020998,0.44692716,0.19593436,-0.87284929,0
4.1319246,3.23031,-0.17292976,0.57483399,0.68471175,0.44803548,0
2.9852259,-2.1415658,4.8256922,0.68543577,-0.70198262,0.19338652,0
5.6231346,1.3797234,0.69446373,0.57483399,0.68471175,0.44803548,0
4.6533866,3.2412837,-0.75754642,0.57483399,0.68471175,0.44803548,0
-0.19782925,5.6148186,-2.1312921,-0.68543577,0.70198262,-0.19338652,0
1.544208,-5.41854,-2.1667418,0.68543577,-0.70198262,0.19338652,0
1.9244304,-3.4700263,4.1419997,0.68543577,-0.70198262,0.19338652,0
3.378413,2.0789936,-1.6031588,0.44692716,0.19593436,-0.87284929,0
1.1228409,6.3546176,-1.0499032,0.57483399,0.68471175,0.44803548,0
-5.6266346,-0.7256031,-1.5279012,-0.57483399,-0.68471175,-0.44803548,0
-1.7428427,5.8225856,3.1443408,-0.68543577,0.70198262,-0.19338652,0
-0.4732089,5.5453653,-2.126971,-0.68543577,0.70198262,-0.19338652,0
0.80657482,5.0770717,-2.3979762,0.44692716,0.19593436,-0.87284929,0
1.0350647,0.55405045,4.7373734,-0.44692716,-0.19593436,0.87284929,0
-3.392282,-2.0494339,-3.000042,-0.57483399,-0.68471175,-0.44803548,0
1.9032394,-0.38052249,5.0584793,-0.44692716,-0.19593436,0.87284929,0
-4.755343,1.3836713,-2.1947072,-0.68543577,0.70198262,-0.19338652,0
-0.48960447,-6.4950657,0.7372191,0.68543577,-0.70198262,0.19338652,0
-3.7507942,-0.67708135,-3.8146362,-0.57483399,-0.68471175,-0.44803548,0
5.6507282,0.79399669,1.1730003,0.57483399,0.68471175,0.44803548,0
-5.1529956,-1.9282241,-0.32990217,-0.57483399,-0.68471175,-0.44803548,0
-3.4155691,1.7005935,-4.8331099,-0.68543577,0.70198262,-0.19338652,0
-0.72846442,-0.42678237,3.6430023,-0.44692716,-0.19593436,0.87284929,0
3.4608274,2.0772855,2.2066383,0.57483399,0.68471175,0.44803548,0
-1.3991714,-2.6143203,-3.9243517,-0.57483399,-0.68471175,-0.44803548,0
3.3230438,4.1701717,-0.2379632,0.57483399,0.68471175,0.44803548,0
-1.2496967,4.5799112,4.3618827,0.57483399,0.68471175,0.44803548,0
-5.0826163,-1.6798779,-0.99257803,-0.57483399,-0.68471175,-0.44803548,0
0.73898554,-4.6151419,-3.8937111,-0.57483399,-0.68471175,-0.44803548,0
-0.83783102,-3.0039244,-4.8025699,-0.57483399,-0.68471175,-0.44803548,0
-3.985796,2.3473334,0.25033569,-0.68543577,0.70198262,-0.19338652,0
-0.47655845,0.82968211,-4.0341578,0.44692716,0.19593436,-0.87284929,0
-4.4797683,1.7347335,-0.64558792,-0.68543577,0.70198262,-0.19338652,0
-4.4983878,-2.9629216,-0.14242983,-0.57483399,-0.68471175,-0.44803548,0
3.1191759,-2.8659935,2.634964,0.68543577,-0.70198262,0.19338652,0
-2.9201205,-2.4525476,-2.4211564,-0.57483399,-0.68471175,-0.44803548,0
6.4636588,-0.12184894,0.79220915,0.68543577,-0.70198262,0.19338652,0
-0.039897442,-5.6838026,2.3498104,0.68543577,-0.70198262,0.19338652,0
5.9763861,1.5055405,-0.78339195,0.44692716,0.19593436,-0.87284929,0
1.9175835,-3.5743127,4.0650425,0.68543577,-0.70198262,0.19338652,0
-3.078599,3.5131073,1.3461611,-0.68543577,0.70198262,-0.19338652,0
0.93495131,-3.2265773,-4.1849337,0.44692716,0.19593436,-0.87284929,0
-3.1268764,-4.443738,1.6162214,-0.44692716,-0.19593436,0.87284929,0
0.24174678,2.5518565,-3.3800647,0.44692716,0.19593436,-0.87284929,0
3.5820088,-2.3253062,1.4273382,0.68543577,-0.70198262,0.19338652,0
2.2859807,-2.7747967,-3.34411,0.44692716,0.19593436,-0.87284929,0
-4.2959828,-1.7184523,1.6109117,-0.44692716,-0.19593436,0.87284929,0
1.1105506,-3.7399964,3.6056447,-0.44692716,-0.19593436,0.87284929,0
2.1130407,-3.0033603,4.5205765,-0.44692716,-0.19593436,0.87284929,0
3.9628615,-2.6633706,-0.046011925,0.68543577,-0.70198262,0.19338652,0
1.0544515,-2.002032,4.2380781,-0.44692716,-0.19593436,0.87284929,0
3.5087225,-1.7885494,3.3920493,0.68543577,-0.70198262,0.19338652,0
-3.6959019,3.5050075,2.1928098,-0.68543577,0.70198262,-0.19338652,0
4.5612202,-0.39746308,4.8483257,0.57483399,0.68471175,0.44803548,0
-0.90467691,5.3625879,0.30667472,-0.68543577,0.70198262,-0.19338652,0
-4.2067566,1.5357664,-2.9889584,-0.68543577,0.70198262,-0.19338652,0
-2.2447653,-4.451901,-0.36033106,-0.57483399,-0.68471175,-0.44803548,0
2.5671654,-3.7666764,1.1626439,0.68543577,-0.70198262,0.19338652,0
2.7295456,0.20779014,-2.7816796,0.44692716,0.19593436,-0.87284929,0
-3.2689371,2.5104856,-1.7155769,-0.68543577,0.70198262,-0.19338652,0
-0.84028864,4.8900008,3.8055353,0.57483399,0.68471175,0.44803548,0
1.7598257,4.3237848,0.77673101,0.57483399,0.68471175,0.44803548,0
-0.70666289,4.2259302,-3.2453508,0.44692716,0.19593436,-0.87284929,0
-5.1888061,0.90946925,-2.3208351,-0.68543577,0.70198262,-0.19338652,0
-0.57116389,4.1025419,-3.1598644,0.44692716,0.19593436,-0.87284929,0
-1.9384011,-0.22149324,-4.9675579,0.44692716,0.19593436,-0.87284929,0
-6.2824931,-1.2266438,0.19958305,-0.57483399,-0.68471175,-0.44803548,0
2.8102229,-0.4066124,5.5515752,-0.44692716,-0.19593436,0.87284929,0
0.80952084,-0.45351696,-3.6184883,0.44692716,0.19593436,-0.87284929,0
-0.74787641,-4.6608911,-2.0277042,-0.57483399,-0.68471175,-0.44803548,0
-2.4868324,2.236943,3.0676072,-0.44692716,-0.19593436,0.87284929,0
2.6978598,-0.89800858,-2.7700167,0.44692716,0.19593436,-0.87284929,0
3.1071994,2.3830829,2.3923306,0.57483399,0.68471175,0.44803548,0
2.8740752,5.1355858,-1.333904,0.57483399,0.68471175,0.44803548,0
1.3032203,-4.1966186,3.2099814,0.68543577,-0.70198262,0.19338652,0
2.4963768,-0.76684475,5.3127856,-0.44692716,-0.19593436,0.87284929,0
3.506114,-2.2328916,2.3416178,0.68543577,-0.70198262,0.19338652,0
-1.7104967,-6.0245161,1.0074995,-0.57483399,-0.68471175,-0.44803548,0
1.3261476,0.014729977,-3.4964371,0.44692716,0.19593436,-0.87284929,0
-1.0005507,5.4048948,3.2687268,0.57483399,0.68471175,0.44803548,0
1.1375945,4.0836797,2.3605251,0.57483399,0.68471175,0.44803548,0
-0.68082511,-3.6057794,-3.6715693,-0.57483399,-0.68471175,-0.44803548,0
5.9847355,0.37714538,1.9216466,0.57483399,0.68471175,0.44803548,0
-1.2970102,-3.1103108,-3.7821016,-0.57483399,-0.68471175,-0.44803548,0
-3.2169676,0.26184368,2.3761635,-0.44692716,-0.19593436,0.87284929,0
-2.3417988,1.1590953,-4.8382111,0.44692716,0.19593436,-0.87284929,0
-1.6958067,1.713166,3.5479503,-0.44692716,-0.19593436,0.87284929,0
-1.2412786,4.4071403,-2.8191447,-0.68543577,0.70198262,-0.19338652,0
5.1682067,-1.4890863,-0.7260114,0.68543577,-0.70198262,0.19338652,0
4.749999,-1.959003,-1.9306037,0.44692716,0.19593436,-0.87284929,0
2.2334061,-4.9687405,-3.2382462,0.68543577,-0.70198262,0.19338652,0
0.88280869,-5.6960158,0.40002894,0.68543577,-0.70198262,0.19338652,0
-3.2877121,-3.6188054,-0.42823935,-0.57483399,-0.68471175,-0.44803548,0
-0.21392226,2.4697094,-3.51811,0.44692716,0.19593436,-0.87284929,0
-4.0721569,-2.0877881,-1.8191495,-0.57483399,-0.68471175,-0.44803548,0
2.4867656,3.6143825,1.3550606,0.57483399,0.68471175,0.44803548,0
6.139677,0.78939807,0.99946928,0.57483399,0.68471175,0.44803548,0
-0.92291051,-1.8468485,-4.7946186,0.44692716,0.19593436,-0.87284929,0
-4.4595575,-0.25661337,-3.5070534,-0.57483399,-0.68471175,-0.44803548,0
-1.5136361,-3.0238464,-3.3239751,-0.57483399,-0.68471175,-0.44803548,0
-4.4636025,1.181288,-4.0252867,-0.68543577,0.70198262,-0.19338652,0
4.7870026,0.051712513,3.8380237,0.57483399,0.68471175,0.44803548,0
3.3303015,4.5963068,-1.172291,0.44692716,0.19593436,-0.87284929,0
5.0798211,-1.2260633,1.7062476,0.68543577,-0.70198262,0.19338652,0
1.4585321,3.4843976,2.433795,0.57483399,0.68471175,0.44803548,0
3.1980646,3.3261111,0.8473506,0.57483399,0.68471175,0.44803548,0
0.64758515,5.1787305,1.0561991,0.57483399,0.68471175,0.44803548,0
-2.1365426,0.91403317,3.2319868,-0.44692716,-0.19593436,0.87284929,0
4.9218087,-1.4159541,0.4916966,0.68543577,-0.70198262,0.19338652,0
-0.51209497,5.1775079,2.8357036,0.57483399,0.68471175,0.44803548,0
2.0305061,5.9288859,-1.5326314,0.57483399,0.68471175,0.44803548,0
3.6178267,0.98766208,4.1167097,0.57483399,0.68471175,0.44803548,0
6.8929071,0.70398831,0.40348101,0.57483399,0.68471175,0.44803548,0
-2.0670807,-2.0125573,-4.4518433,-0.57483399,-0.68471175,-0.44803548,0
0.13456869,2.1932666,-3.5324349,0.44692716,0.19593436,-0.87284929,0
-4.7177072,-3.314625,0.69334459,-0.57483399,-0.68471175,-0.44803548,0
4.1786528,1.8702403,-1.2446063,0.44692716,0.19593436,-0.87284929,0
-4.3817096,-3.352479,1.0560338,-0.44692716,-0.19593436,0.87284929,0
3.4270334,-4.1803999,-3.0318656,0.68543577,-0.70198262,0.19338652,0
-4.3323555,1.9892814,-0.015895844,-0.68543577,0.70198262,-0.19338652,0
-6.309154,0.13803077,-0.21709538,-0.68543577,0.70198262,-0.19338652,0
4.1539598,-2.628376,-0.92510056,0.68543577,-0.70198262,0.19338652,0
0.33253312,2.4248359,4.7251949,-0.44692716,-0.19593436,0.87284929,0
-2.2246513,3.7863817,-1.3084722,-0.68543577,0.70198262,-0.19338652,0
3.709331,1.8024832,2.5820746,0.57483399,0.68471175,0.44803548,0
-4.3934031,-1.1008016,-3.0420456,-0.57483399,-0.68471175,-0.44803548,0
-2.9314482,-1.0841584,2.4756048,-0.44692716,-0.19593436,0.87284929,0
-4.361145,1.4667064,-2.1244912,-0.68543577,0.70198262,-0.19338652,0
-3.9065473,-2.7868271,1.1977856,-0.44692716,-0.19593436,0.87284929,0
5.5627069,1.4606388,0.87871265,0.57483399,0.68471175,0.44803548,0
5.1587238,1.6019598,-0.94056773,0.44692716,0.19593436,-0.87284929,0
-1.3629668,-1.37325,-4.9422073,0.44692716,0.19593436,-0.87284929,0
1.2468519,1.6225543,-3.2029624,0.44692716,0.19593436,-0.87284929,0
-5.4772086,-2.3274088,0.47941494,-0.44692716,-0.19593436,0.87284929,0
1.8218828,1.9425864,5.1125894,0.57483399,0.68471175,0.44803548,0
-1.6762004,4.4121256,-0.98465794,-0.68543577,0.70198262,-0.19338652,0
0.54300559,-0.18007064,4.1115446,-0.44692716,-0.19593436,0.87284929,0
-2.9541938,-3.7356241,-0.22186327,-0.57483399,-0.68471175,-0.44803548,0
1.5521002,-5.3083019,-1.3432159,0.68543577,-0.70198262,0.19338652,0
-3.0170808,-4.1019216,0.12066317,-0.57483399,-0.68471175,-0.44803548,0
-0.30208468,2.5496256,4.2160492,-0.44692716,-0.19593436,0.87284929,0
-5.1366358,-2.87168,0.64764023,-0.57483399,-0.68471175,-0.44803548,0
0.15035129,4.8221879,2.7607272,0.57483399,0.68471175,0.44803548,0
-1.6207279,-4.0193253,2.1922641,-0.44692716,-0.19593436,0.87284929,0
4.5718188,-2.5193179,-2.1719341,0.44692716,0.19593436,-0.87284929,0
-4.3517771,-1.270135,-2.4780169,-0.57483399,-0.68471175,-0.44803548,0
0.4768362,6.4185476,-2.2189229,-0.68543577,0.70198262,-0.19338652,0
6.1266308,-0.39138746,-0.6395247,0.68543577,-0.70198262,0.19338652,0
-1.2210538,-5.870698,0.11725235,-0.57483399,-0.68471175,-0.44803548,0
2.2676148,-5.1565995,-3.3804026,0.68543577,-0.70198262,0.19338652,0
1.1459161,1.108582,4.8676748,-0.44692716,-0.19593436,0.87284929,0
-4.5389285,1.9980316,0.34879434,-0.68543577,0.70198262,-0.19338652,0
-1.8067265,4.7717705,-0.28740448,-0.68543577,0.70198262,-0.19338652,0
3.8052237,3.3831697,0.025430679,0.57483399,0.68471175,0.44803548,0
-0.07513845,-1.0159891,3.6153655,-0.44692716,-0.19593436,0.87284929,0
5.7473431,0.029699087,-1.2499986,0.44692716,0.19593436,-0.87284929,0
-1.4078287,-4.8176045,2.1862216,-0.44692716,-0.19593436,0.87284929,0
-1.562961,-5.026834,-0.61510229,-0.57483399,-0.68471175,-0.44803548,0
-6.2103834,-0.57004482,-1.3432088,-0.57483399,-0.68471175,-0.44803548,0
1.9605255,-5.5405688,-4.3280773,-0.57483399,-0.68471175,-0.44803548,0
-0.044105053,-5.9827909,1.6186014,0.68543577,-0.70198262,0.19338652,0
-3.0015893,-4.3643775,1.2810044,-0.44692716,-0.19593436,0.87284929,0
1.4040017,5.425333,-0.38666606,0.57483399,0.68471175,0.44803548,0
1.5688044,5.4521456,-0.60870504,0.57483399,0.68471175,0.44803548,0
-2.8849812,-1.3670559,-4.5030904,-0.57483399,-0.68471175,-0.44803548,0
1.2351074,-5.5391455,-1.2503762,0.68543577,-0.70198262,0.19338652,0
4.3628902,2.1535475,0.98727131,0.57483399,0.68471175,0.44803548,0
-4.3315516,2.5174096,1.1702871,-0.68543577,0.70198262,-0.19338652,0
-2.8357759,3.7651286,1.0072048,-0.68543577,0.70198262,-0.19338652,0
-3.7382383,2.7917883,-0.77131581,-0.68543577,0.70198262,-0.19338652,0
-1.0665431,4.4935722,-3.4257317,-0.68543577,0.70198262,-0.19338652,0
-2.2191725,0.42193627,-4.846745,0.44692716,0.19593436,-0.87284929,0
4.595973,-1.8350393,-0.51333523,0.68543577,-0.70198262,0.19338652,0
-2.5351889,-0.7803092,-5.6293521,-0.57483399,-0.68471175,-0.44803548,0
-1.0269678,-6.5123787,1.8041499,-0.44692716,-0.19593436,0.87284929,0
4.6525059,-1.8008008,0.59415054,0.68543577,-0.70198262,0.19338652,0
4.3143706,1.7958846,1.6300611,0.57483399,0.68471175,0.44803548,0
3.4712105,1.7901556,2.5821147,0.57483399,0.68471175,0.44803548,0
1.7629998,4.097384,1.5012698,0.57483399,0.68471175,0.44803548,0
4.0500813,-3.0097759,-2.0130138,0.68543577,-0.70198262,0.19338652,0
-0.42540216,-6.5936966,0.55053806,-0.57483399,-0.68471175,-0.44803548,0
-1.3686737,-4.3078079,2.1336458,-0.44692716,-0.19593436,0.87284929,0
1.2709489,5.8182058,-1.9126639,0.44692716,0.19593436,-0.87284929,0
-0.3158102,-6.1468172,1.0963187,0.68543577,-0.70198262,0.19338652,0
5.092545,-1.4581883,0.82959294,0.68543577,-0.70198262,0.19338652,0
-0.21412802,-6.3436499,-0.26845074,-0.57483399,-0.68471175,-0.44803548,0
6.8584332,0.52620327,0.08826828,0.57483399,0.68471175,0.44803548,0
-3.1586466,-1.4759705,-4.1647558,-0.57483399,-0.68471175,-0.44803548,0
-0.48752403,5.5073366,-1.0301131,-0.68543577,0.70198262,-0.19338652,0
2.5273542,0.40973997,5.5007915,-0.44692716,-0.19593436,0.87284929,0
5.5937524,-1.0866097,-0.51511788,0.68543577,-0.70198262,0.19338652,0
4.5518289,-1.645484,-1.932344,0.44692716,0.19593436,-0.87284929,0
2.6563747,-2.3690658,-3.0250328,0.44692716,0.19593436,-0.87284929,0
0.70029068,-0.54769707,-3.8721604,0.44692716,0.19593436,-0.87284929,0
1.6203499,-4.3594255,1.9346548,0.68543577,-0.70198262,0.19338652,0
-0.035635948,-4.4157362,-3.2308838,-0.57483399,-0.68471175,-0.44803548,0
-5.3097315,-0.27609134,-3.0833387,-0.57483399,-0.68471175,-0.44803548,0
1.2797365,-4.3412018,-4.1032534,0.44692716,0.19593436,-0.87284929,0
-0.97949338,2.4091201,-4.1210213,0.44692716,0.19593436,-0.87284929,0
3.0835285,-1.7466946,-2.8497486,0.44692716,0.19593436,-0.87284929,0
0.18974257,-5.766387,1.4850262,0.68543577,-0.70198262,0.19338652,0
-1.7483064,-4.0853591,-1.6579838,-0.57483399,-0.68471175,-0.44803548,0
2.5711615,4.3211489,-0.11095667,0.57483399,0.68471175,0.44803548,0
0.12253761,-3.8204346,3.4207551,-0.44692716,-0.19593436,0.87284929,0
1.9356427,-0.88447857,-3.1300764,0.44692716,0.19593436,-0.87284929,0
-0.69439864,-5.5628743,-0.59742165,-0.57483399,-0.68471175,-0.44803548,0
1.6105834,5.2013469,-0.24488497,0.57483399,0.68471175,0.44803548,0
-4.9964828,-0.82243168,-2.2592893,-0.57483399,-0.68471175,-0.44803548,0
4.0278955,-2.8330591,-0.98265094,0.68543577,-0.70198262,0.19338652,0
0.44488049,-2.9920132,-4.376955,0.44692716,0.19593436,-0.87284929,0
-0.72057247,4.7073355,-3.3056073,0.44692716,0.19593436,-0.87284929,0
-0.44329953,-1.5607531,-4.3978572,0.44692716,0.19593436,-0.87284929,0
1.7867241,0.088869572,5.0736113,-0.44692716,-0.19593436,0.87284929,0
0.65835857,5.7237992,-2.2988176,0.44692716,0.19593436,-0.87284929,0
4.4828176,-1.1332748,-1.9727173,0.44692716,0.19593436,-0.87284929,0
5.7542534,0.77753377,1.777987,0.57483399,0.68471175,0.44803548,0
-1.9677777,-2.4451826,2.4169722,-0.44692716,-0.19593436,0.87284929,0
-4.3046918,-3.2131455,0.61269236,-0.57483399,-0.68471175,-0.44803548,0
1.3789718,4.1426368,-2.1781847,0.44692716,0.19593436,-0.87284929,0
3.9093523,-3.0568132,-2.2193885,0.68543577,-0.70198262,0.19338652,0
1.7063086,3.9277596,-2.084497,0.44692716,0.19593436,-0.87284929,0
0.36057693,0.43036008,-3.9446821,0.44692716,0.19593436,-0.87284929,0
1.8204923,-4.7388878,-1.0263379,0.68543577,-0.70198262,0.19338652,0
1.1640183,0.73602366,-3.4164879,0.44692716,0.19593436,-0.87284929,0
3.172631,-1.1231725,-2.8651695,0.44692716,0.19593436,-0.87284929,0
-5.6085987,0.31461293,-2.6864915,-0.68543577,0.70198262,-0.19338652,0
-5.7092948,0.98887563,1.0810499,-0.44692716,-0.19593436,0.87284929,0
4.8313608,-1.6645586,-0.14325428,0.68543577,-0.70198262,0.19338652,0
-1.3646312,5.0629268,-0.91448832,-0.68543577,0.70198262,-0.19338652,0
1.1038669,3.9512265,2.7100916,0.57483399,0.68471175,0.44803548,0
3.2106943,3.9527392,-0.11005974,0.57483399,0.68471175,0.44803548,0
2.5495558,-3.4457769,2.477735,0.68543577,-0.70198262,0.19338652,0
-4.4805231,-2.5164404,-0.74709702,-0.57483399,-0.68471175,-0.44803548,0
-2.2763052,3.4660716,-1.8447554,-0.68543577,0.70198262,-0.19338652,0
3.6134119,0.17686963,5.4543853,0.57483399,0.68471175,0.44803548,0
1.9741697,-4.2863946,0.031877398,0.68543577,-0.70198262,0.19338652,0
3.6826138,0.95848656,4.2234054,0.57483399,0.68471175,0.44803548,0
-0.76909876,-4.3393431,2.72876,-0.44692716,-0.19593436,0.87284929,0
-0.84498775,-4.0817723,2.7538023,-0.44692716,-0.19593436,0.87284929,0
-2.6544409,3.4659486,-0.85712695,-0.68543577,0.70198262,-0.19338652,0
5.7711563,0.83096886,-1.0942771,0.44692716,0.19593436,-0.87284929,0
-2.7948129,-4.8561602,1.0499868,-0.57483399,-0.68471175,-0.44803548,0
-3.7126765,2.4764066,-0.6311084,-0.68543577,0.70198262,-0.19338652,0
-1.3917403,5.5178599,2.6095319,-0.68543577,0.70198262,-0.19338652,0
0.49241018,-5.633791,0.3967011,0.68543577,-0.70198262,0.19338652,0
4.5100307,-0.031214237,4.5466065,0.57483399,0.68471175,0.44803548,0
-3.6693091,2.7062724,-0.47242451,-0.68543577,0.70198262,-0.19338652,0
4.702796,-0.77248323,3.8341694,0.68543577,-0.70198262,0.19338652,0
-5.6735229,-0.99547672,-1.0786548,-0.57483399,-0.68471175,-0.44803548,0
-4.3714819,2.1761863,-0.16985989,-0.68543577,0.70198262,-0.19338652,0
-3.9990926,-2.6458626,-0.88359785,-0.57483399,-0.68471175,-0.44803548,0
3.1142097,4.1643486,-0.49115801,0.57483399,0.68471175,0.44803548,0
1.911931,-5.4570961,-4.2049217,-0.57483399,-0.68471175,-0.44803548,0
0.12016201,5.3144941,1.8799064,0.57483399,0.68471175,0.44803548,0
3.5084291,-3.7053435,-3.1140857,0.44692716,0.19593436,-0.87284929,0
3.0015836,-3.1554327,1.9949861,0.68543577,-0.70198262,0.19338652,0
0.092126966,1.2940719,4.4746957,-0.44692716,-0.19593436,0.87284929,0
1.8180243,2.3453124,-2.3417888,0.44692716,0.19593436,-0.87284929,0
-4.2994943,1.758661,-1.0228817,-0.68543577,0.70198262,-0.19338652,0
2.2762218,-5.3468075,-3.7317805,0.68543577,-0.70198262,0.19338652,0
-0.023244381,-3.513958,-4.442605,-0.57483399,-0.68471175,-0.44803548,0
6.1853023,0.40343291,1.050446,0.57483399,0.68471175,0.44803548,0
3.3711467,-3.2800503,-1.4826502,0.68543577,-0.70198262,0.19338652,0
2.4213095,5.0464063,-1.8439102,0.44692716,0.19593436,-0.87284929,0
3.7449899,3.445338,-1.4536672,0.44692716,0.19593436,-0.87284929,0
-3.9485798,1.3739903,-5.006453,-0.68543577,0.70198262,-0.19338652,0
-3.9191959,-2.3925216,-1.7507248,-0.57483399,-0.68471175,-0.44803548,0
-0.20686287,-0.10822964,-4.1541548,0.44692716,0.19593436,-0.87284929,0
0.1518712,-1.9006211,3.5716069,-0.44692716,-0.19593436,0.87284929,0
-6.7991924,-0.25559759,0.15587759,-0.68543577,0.70198262,-0.19338652,0
-0.58865786,-4.3924832,-2.2336171,-0.57483399,-0.68471175,-0.44803548,0
5.0460548,1.4835453,1.1058817,0.57483399,0.68471175,0.44803548,0
-0.99796104,5.7328649,2.2523189,0.57483399,0.68471175,0.44803548,0
0.75279033,3.1604292,3.9627087,0.57483399,0.68471175,0.44803548,0
-6.1744499,0.51944852,-0.0038805008,-0.68543577,0.70198262,-0.19338652,0
2.1616511,0.63046265,-2.6812782,0.44692716,0.19593436,-0.87284929,0
-4.507915,1.7641225,-1.8831947,-0.68543577,0.70198262,-0.19338652,0
-4.1921148,1.2759048,-2.7837446,-0.68543577,0.70198262,-0.19338652,0
-4.6100626,1.077273,-4.0350904,-0.68543577,0.70198262,-0.19338652,0
-3.004401,1.6541953,-5.271801,0.44692716,0.19593436,-0.87284929,0
0.39490223,-4.6523032,-3.0996342,-0.57483399,-0.68471175,-0.44803548,0
-2.533663,-1.3868649,2.3966022,-0.44692716,-0.19593436,0.87284929,0
1.230703,-1.4172428,4.4456196,-0.44692716,-0.19593436,0.87284929,0
1.9964862,-4.2903643,-3.761713,0.44692716,0.19593436,-0.87284929,0
-6.710166,-1.1345283,0.093018532,-0.57483399,-0.68471175,-0.44803548,0
-5.0911002,0.5752387,-2.3599634,-0.68543577,0.70198262,-0.19338652,0
-3.9293067,-0.91560864,1.8986893,-0.44692716,-0.19593436,0.87284929,0
1.1580385,4.3762188,1.70154,0.57483399,0.68471175,0.44803548,0
-4.7384582,1.4521407,-2.2039268,-0.68543577,0.70198262,-0.19338652,0
6.0058117,0.79247546,1.2625232,0.57483399,0.68471175,0.44803548,0
0.3108058,-1.704941,-4.2563295,0.44692716,0.19593436,-0.87284929,0
-2.3157017,2.4893143,3.3035951,-0.44692716,-0.19593436,0.87284929,0
4.230072,0.81826258,-1.5280958,0.44692716,0.19593436,-0.87284929,0
1.2812691,-4.5763254,1.4191513,0.68543577,-0.70198262,0.19338652,0
4.3154602,2.1333506,0.96517038,0.57483399,0.68471175,0.44803548,0
3.4041457,-2.001215,3.6370595,0.68543577,-0.70198262,0.19338652,0
-0.77898598,2.2467661,-3.8916802,0.44692716,0.19593436,-0.87284929,0
2.5257435,-3.6413832,1.3571445,0.68543577,-0.70198262,0.19338652,0
6.5131226,0.081010818,0.95946312,0.68543577,-0.70198262,0.19338652,0
2.0447235,-3.9903624,1.3019534,0.68543577,-0.70198262,0.19338652,0
2.1984591,3.6161196,-1.9788746,0.44692716,0.19593436,-0.87284929,0
1.2318125,-5.7409244,-0.99315286,0.68543577,-0.70198262,0.19338652,0
4.9316006,1.9056276,0.8035984,0.57483399,0.68471175,0.44803548,0
1.2656806,-1.4232454,4.3563504,-0.44692716,-0.19593436,0.87284929,0
3.881429,1.4191357,-1.917958,0.44692716,0.19593436,-0.87284929,0
3.8924248,2.914881,1.0206099,0.57483399,0.68471175,0.44803548,0
-2.5994933,-2.7587011,-2.6794138,-0.57483399,-0.68471175,-0.44803548,0
1.5990567,6.1727562,-1.5002153,0.57483399,0.68471175,0.44803548,0
4.7276139,2.3284574,0.66947031,0.57483399,0.68471175,0.44803548,0
0.46838403,5.5475492,0.92838907,0.57483399,0.68471175,0.44803548,0
7.0979152,0.79058313,0.17203236,0.57483399,0.68471175,0.44803548,0
3.5923524,-3.0580778,-0.20460653,0.68543577,-0.70198262,0.19338652,0
-5.060009,-2.6234119,0.7927742,-0.44692716,-0.19593436,0.87284929,0
7.0520048,0.57487988,-0.24329662,0.57483399,0.68471175,0.44803548,0
0.93489408,-1.572845,-3.7997727,0.44692716,0.19593436,-0.87284929,0
-2.5494111,-4.8831129,0.25471878,-0.57483399,-0.68471175,-0.44803548,0
-2.9748046,2.5015566,-2.854291,-0.68543577,0.70198262,-0.19338652,0
2.5774326,-3.4128101,-3.2760508,0.44692716,0.19593436,-0.87284929,0
4.3353038,-1.8843025,0.3128562,0.68543577,-0.70198262,0.19338652,0
2.8807225,-3.3980744,0.66215992,0.68543577,-0.70198262,0.19338652,0
4.1578445,-1.0865338,3.7307765,0.68543577,-0.70198262,0.19338652,0
-5.4353828,0.5778625,-2.0317192,-0.68543577,0.70198262,-0.19338652,0
5.9440937,-0.45358682,0.66208982,0.68543577,-0.70198262,0.19338652,0
-4.056356,0.98180413,-4.6295838,-0.68543577,0.70198262,-0.19338652,0
2.3618402,1.272207,-2.7415614,0.44692716,0.19593436,-0.87284929,0
5.2230616,-0.94928986,0.69495583,0.68543577,-0.70198262,0.19338652,0
1.4288818,1.2193244,-2.8165584,0.44692716,0.19593436,-0.87284929,0
1.7845954,4.9676156,-0.040926456,0.57483399,0.68471175,0.44803548,0
1.1883221,-4.1800919,3.8276005,-0.44692716,-0.19593436,0.87284929,0
-1.7120409,-3.1225772,-3.2704611,-0.57483399,-0.68471175,-0.44803548,0
-5.2945881,-0.33854562,-2.3399787,-0.57483399,-0.68471175,-0.44803548,0
3.2731462,-3.5963492,-0.64511114,0.68543577,-0.70198262,0.19338652,0
3.1069622,-2.817735,1.1367931,0.68543577,-0.70198262,0.19338652,0
1.4704874,5.0215697,0.15583181,0.57483399,0.68471175,0.44803548,0
2.4227912,-2.864635,4.6462126,-0.44692716,-0.19593436,0.87284929,0
-0.29888463,2.4647131,-3.5658886,0.44692716,0.19593436,-0.87284929,0
6.663672,0.77617991,0.30800915,0.57483399,0.68471175,0.44803548,0
-3.148021,-4.5793219,1.4622352,-0.44692716,-0.19593436,0.87284929,0
5.6658483,-1.1220765,-0.87578344,0.68543577,-0.70198262,0.19338652,0
-1.2684681,1.9227183,3.6244533,-0.44692716,-0.19593436,0.87284929,0
-4.7284575,-1.3478483,-2.2431335,-0.57483399,-0.68471175,-0.44803548,0
3.5355721,4.2907667,-0.7314353,0.57483399,0.68471175,0.44803548,0
4.1090722,1.3829826,2.3818231,0.57483399,0.68471175,0.44803548,0
0.1907506,-4.8815165,-3.2272894,-0.57483399,-0.68471175,-0.44803548,0
5.7285442,0.42835477,2.06388,0.57483399,0.68471175,0.44803548,0
2.8032854,-2.2068253,4.6373606,0.68543577,-0.70198262,0.19338652,0
1.8672194,-5.4656639,-3.457123,0.68543577,-0.70198262,0.19338652,0
-0.45861983,-3.7464802,-3.4233246,-0.57483399,-0.68471175,-0.44803548,0
-2.0132747,1.9281576,3.2108471,-0.44692716,-0.19593436,0.87284929,0
1.7363096,1.7220249,4.9155431,0.57483399,0.68471175,0.44803548,0
0.052284002,-1.5749331,-4.2502308,0.44692716,0.19593436,-0.87284929,0
5.7528744,0.059724331,2.6801319,0.57483399,0.68471175,0.44803548,0
-4.4722023,1.8915287,-1.239795,-0.68543577,0.70198262,-0.19338652,0
-1.6402471,3.0504417,3.7858126,-0.44692716,-0.19593436,0.87284929,0
2.8064914,-3.4882376,0.81371462,0.68543577,-0.70198262,0.19338652,0
6.0398769,-0.58551919,0.67065334,0.68543577,-0.70198262,0.19338652,0
-2.3040035,-3.2708631,-1.7185688,-0.57483399,-0.68471175,-0.44803548,0
-4.27951,2.6275301,1.8344338,-0.68543577,0.70198262,-0.19338652,0
1.54638,-5.5282145,-3.2911494,0.68543577,-0.70198262,0.19338652,0
3.2498374,3.5612369,-1.7693956,0.44692716,0.19593436,-0.87284929,0
-1.020142,-3.9554141,2.7087622,-0.44692716,-0.19593436,0.87284929,0
-6.5717888,-0.67823946,-0.2193718,-0.57483399,-0.68471175,-0.44803548,0
1.516268,4.8708668,-1.9548488,0.44692716,0.19593436,-0.87284929,0
-5.7588229,-0.72436094,0.72689629,-0.44692716,-0.19593436,0.87284929,0
0.54204082,-4.8098412,3.129653,-0.44692716,-0.19593436,0.87284929,0
0.81887579,6.7482977,-0.98998499,0.57483399,0.68471175,0.44803548,0
1.8635217,0.65068531,5.0446987,-0.44692716,-0.19593436,0.87284929,0
4.1278195,-0.94777513,5.2290645,0.68543577,-0.70198262,0.19338652,0
3.9659166,-1.1008849,5.377367,0.68543577,-0.70198262,0.19338652,0
2.139843,-5.3517761,-3.1183,0.68543577,-0.70198262,0.19338652,0
3.3777902,2.9878125,1.5842214,0.57483399,0.68471175,0.44803548,0
1.8913119,-2.4443798,4.5295038,-0.44692716,-0.19593436,0.87284929,0
-0.36085987,6.0498314,0.42159009,-0.68543577,0.70198262,-0.19338652,0
3.0832226,4.1850042,-1.281862,0.44692716,0.19593436,-0.87284929,0
3.326314,3.6277387,-1.6164184,0.44692716,0.19593436,-0.87284929,0
0.88354051,3.5255356,3.8779402,0.57483399,0.68471175,0.44803548,0
3.8207867,-1.3325092,4.2262936,0.68543577,-0.70198262,0.19338652,0
2.0496731,1.7805829,5.0052996,0.57483399,0.68471175,0.44803548,0
0.231318,-5.3731327,2.2141054,0.68543577,-0.70198262,0.19338652,0
-0.6147387,4.3684006,-3.2515931,0.44692716,0.19593436,-0.87284929,0
-5.1810308,1.0468175,-0.23342419,-0.68543577,0.70198262,-0.19338652,0
-3.1171894,3.7567799,1.7679806,-0.68543577,0.70198262,-0.19338652,0
-3.5574574,-0.52555013,-4.6542869,-0.57483399,-0.68471175,-0.44803548,0
3.2995255,2.7512524,1.9372792,0.57483399,0.68471175,0.44803548,0
2.2715211,1.6286027,4.7296886,0.57483399,0.68471175,0.44803548,0
3.6182828,2.6320798,1.5341816,0.57483399,0.68471175,0.44803548,0
-2.7320075,3.0759773,-2.0354109,-0.68543577,0.70198262,-0.19338652,0
4.4724579,-1.9830344,-0.019742727,0.68543577,-0.70198262,0.19338652,0
-1.2775815,-0.21044731,3.4319243,-0.44692716,-0.19593436,0.87284929,0
2.3117361,5.507081,-1.6811152,0.44692716,0.19593436,-0.87284929,0
-5.3080664,-1.0961006,0.98144102,-0.44692716,-0.19593436,0.87284929,0
0.91470242,-5.9450488,-2.0939512,0.68543577,-0.70198262,0.19338652,0
-3.447773,-1.2872653,-3.4006195,-0.57483399,-0.68471175,-0.44803548,0
-2.3492548,-2.7147527,2.389257,-0.44692716,-0.19593436,0.87284929,0
-4.9665737,0.37025452,1.4392022,-0.44692716,-0.19593436,0.87284929,0
3.2145259,-2.1010113,4.8104887,0.68543577,-0.70198262,0.19338652,0
2.2091541,-3.3855455,3.0537555,0.68543577,-0.70198262,0.19338652,0
-1.930433,-5.2890501,0.53704858,-0.57483399,-0.68471175,-0.44803548,0
-2.4153013,-1.5523207,-5.0097113,-0.57483399,-0.68471175,-0.44803548,0
2.5617604,4.6665344,-0.45659876,0.57483399,0.68471175,0.44803548,0
3.5745635,-3.4382873,-1.6622956,0.68543577,-0.70198262,0.19338652,0
-3.5879588,-0.75177383,2.1386006,-0.44692716,-0.19593436,0.87284929,0
-4.3686275,-1.5023786,1.2662818,-0.44692716,-0.19593436,0.87284929,0
-1.2132825,-4.5811448,-1.3081589,-0.57483399,-0.68471175,-0.44803548,0
4.522687,3.1647744,-0.57914591,0.57483399,0.68471175,0.44803548,0
-0.033897847,-0.36436033,3.7827613,-0.44692716,-0.19593436,0.87284929,0
3.6351032,-1.1513262,5.4002466,0.68543577,-0.70198262,0.19338652,0
-6.2906237,-1.8696265,0.55329466,-0.57483399,-0.68471175,-0.44803548,0
-0.22352552,5.8753366,-1.2129208,-0.68543577,0.70198262,-0.19338652,0
-0.37686729,-6.0706444,1.9519229,0.68543577,-0.70198262,0.19338652,0
1.9044838,3.7615421,2.0648942,0.57483399,0.68471175,0.44803548,0
-3.2743096,-3.6870711,-0.64802361,-0.57483399,-0.68471175,-0.44803548,0
-3.8826756,-0.57349586,-4.5459242,-0.57483399,-0.68471175,-0.44803548,0
2.4507957,-2.3674064,-3.3935905,0.44692716,0.19593436,-0.87284929,0
1.0918195,3.1133261,3.6702495,0.57483399,0.68471175,0.44803548,0
-1.8526392,4.2789326,-1.0339612,-0.68543577,0.70198262,-0.19338652,0
1.3922336,0.78260946,4.9055085,-0.44692716,-0.19593436,0.87284929,0
5.2089839,-1.4812455,-1.1633751,0.68543577,-0.70198262,0.19338652,0
-3.3102624,2.3297653,-2.8695199,-0.68543577,0.70198262,-0.19338652,0
-0.48560858,-6.4644413,1.0044928,0.68543577,-0.70198262,0.19338652,0
1.8889523,-5.4038787,-3.7269263,0.68543577,-0.70198262,0.19338652,0
0.65458012,-3.819495,3.6980529,-0.44692716,-0.19593436,0.87284929,0
7.2614198,0.58581638,-0.29364347,0.44692716,0.19593436,-0.87284929,0
4.983707,-0.87816882,2.3316836,0.68543577,-0.70198262,0.19338652,0
-3.290328,3.400569,-0.16532731,-0.68543577,0.70198262,-0.19338652,0
1.0852696,2.2723794,-2.943893,0.44692716,0.19593436,-0.87284929,0
-2.9244018,1.2190464,-5.2353926,0.44692716,0.19593436,-0.87284929,0
1.3792105,-5.554276,-1.1266918,0.68543577,-0.70198262,0.19338652,0
-0.28391933,4.6364956,3.737875,0.57483399,0.68471175,0.44803548,0
3.6652131,1.6482326,2.7021027,0.57483399,0.68471175,0.44803548,0
2.5639477,1.8365188,-2.4093468,0.44692716,0.19593436,-0.87284929,0
1.4530694,-1.9724946,-3.6620502,0.44692716,0.19593436,-0.87284929,0
-4.4982457,1.4131148,-2.6803064,-0.68543577,0.70198262,-0.19338652,0
2.1739593,-0.54221129,-2.828059,0.44692716,0.19593436,-0.87284929,0
-1.3135412,-5.873199,0.72620082,-0.57483399,-0.68471175,-0.44803548,0
-1.5665662,-0.71048069,-4.7473717,0.44692716,0.19593436,-0.87284929,0
-6.5598612,-0.066046596,-0.35619354,-0.68543577,0.70198262,-0.19338652,0
-6.6576576,-0.30600286,0.43918371,-0.44692716,-0.19593436,0.87284929,0
3.3155901,0.0076527596,5.6296639,-0.44692716,-0.19593436,0.87284929,0
3.4016221,-1.9889164,3.2095695,0.68543577,-0.70198262,0.19338652,0
4.1719489,-2.9403198,-2.3103821,0.44692716,0.19593436,-0.87284929,0
-3.4534078,2.158464,-3.6991839,-0.68543577,0.70198262,-0.19338652,0
0.67680693,-4.9335613,-3.3862021,-0.57483399,-0.68471175,-0.44803548,0
1.2572041,-4.3329911,2.6518617,0.68543577,-0.70198262,0.19338652,0
1.6441981,4.1880798,1.1780491,0.57483399,0.68471175,0.44803548,0
1.9276342,-5.3377666,-3.0783954,0.68543577,-0.70198262,0.19338652,0
-1.3242909,1.111758,-4.4432535,0.44692716,0.19593436,-0.87284929,0
-1.3697124,4.9638824,-0.45420229,-0.68543577,0.70198262,-0.19338652,0
4.3833265,-0.96254408,3.888227,0.68543577,-0.70198262,0.19338652,0
-3.429265,1.9553388,-4.1013346,-0.68543577,0.70198262,-0.19338652,0
6.0674477,-0.62409556,-0.20434761,0.68543577,-0.70198262,0.19338652,0
3.3596563,4.2539272,-0.70825315,0.57483399,0.68471175,0.44803548,0
-2.1522059,-5.6682019,1.2487805,-0.57483399,-0.68471175,-0.44803548,0
-5.652184,-1.8224192,0.73330498,-0.44692716,-0.19593436,0.87284929,0
1.4688549,-5.0109119,0.12958324,0.68543577,-0.70198262,0.19338652,0
3.5095117,2.7551017,1.7464533,0.57483399,0.68471175,0.44803548,0
0.73960161,-4.494741,3.3072274,0.68543577,-0.70198262,0.19338652,0
-3.0921879,3.872489,1.8214402,-0.68543577,0.70198262,-0.19338652,0
2.9298563,-4.6613331,-3.1134675,0.68543577,-0.70198262,0.19338652,0
0.63539505,-5.6194906,-2.3944173,-0.57483399,-0.68471175,-0.44803548,0
3.205338,0.043821812,5.6164432,0.57483399,0.68471175,0.44803548,0
5.5215082,1.220814,0.76233864,0.57483399,0.68471175,0.44803548,0
-0.54987526,5.8597031,0.65061212,-0.68543577,0.70198262,-0.19338652,0
3.6233592,-1.8837538,-2.4416289,0.44692716,0.19593436,-0.87284929,0
4.6411276,-0.97419393,4.2876134,0.68543577,-0.70198262,0.19338652,0
-2.0481982,-2.079412,2.517628,-0.44692716,-0.19593436,0.87284929,0
3.8864989,3.6505108,-0.097185612,0.57483399,0.68471175,0.44803548,0
1.0947313,-4.5622764,3.4581137,0.68543577,-0.70198262,0.19338652,0
-1.2244661,-3.4234426,-3.6787043,-0.57483399,-0.68471175,-0.44803548,0
1.4625906,4.5046711,-2.3912165,0.44692716,0.19593436,-0.87284929,0
-3.7703562,2.5309448,-0.88837814,-0.68543577,0.70198262,-0.19338652,0
2.233156,3.6926658,1.3020363,0.57483399,0.68471175,0.44803548,0
6.2128191,0.37566394,1.070096,0.57483399,0.68471175,0.44803548,0
5.0648618,-1.8707564,-1.7799424,0.44692716,0.19593436,-0.87284929,0
-3.1217446,2.5301731,-2.8690512,-0.68543577,0.70198262,-0.19338652,0
-6.2695613,0.084161282,-0.16144466,-0.68543577,0.70198262,-0.19338652,0
6.0076652,0.24769819,1.9178352,0.57483399,0.68471175,0.44803548,0
2.4028192,-3.7955461,1.194834,0.68543577,-0.70198262,0.19338652,0
-1.0130315,0.2055099,-4.6754699,0.44692716,0.19593436,-0.87284929,0
-1.4192977,-5.430923,2.0283771,-0.44692716,-0.19593436,0.87284929,0
4.8325305,0.38118386,-1.4059664,0.44692716,0.19593436,-0.87284929,0
-1.5848297,-0.61406279,-4.9715695,0.44692716,0.19593436,-0.87284929,0
4.8848076,0.71324015,2.4609857,0.57483399,0.68471175,0.44803548,0
-0.37607813,3.5395873,-3.483036,0.44692716,0.19593436,-0.87284929,0
2.5806985,-3.4682126,2.2253263,0.68543577,-0.70198262,0.19338652,0
0.93700671,-0.57570887,4.1537223,-0.44692716,-0.19593436,0.87284929,0
0.9706341,3.7764902,2.6831708,0.57483399,0.68471175,0.44803548,0
7.0060301,0.61280191,-0.24052334,0.68543577,-0.70198262,0.19338652,0
-1.6790609,3.9287605,-2.27826,-0.68543577,0.70198262,-0.19338652,0
2.0695486,-3.059262,3.8240466,0.68543577,-0.70198262,0.19338652,0
-0.33680642,0.98807597,4.2881961,-0.44692716,-0.19593436,0.87284929,0
4.3886333,2.7558451,-0.18254185,0.57483399,0.68471175,0.44803548,0
1.1741657,-5.065249,-3.7354369,-0.57483399,-0.68471175,-0.44803548,0
0.41540337,4.1975241,3.5210714,0.57483399,0.68471175,0.44803548,0
4.5261726,-0.87617111,3.5361624,0.68543577,-0.70198262,0.19338652,0
-2.9935405,-3.649344,1.5523992,-0.44692716,-0.19593436,0.87284929,0
-1.1489649,4.6449127,-1.3238415,-0.68543577,0.70198262,-0.19338652,0
-3.1457169,-4.2629452,0.85818887,-0.57483399,-0.68471175,-0.44803548,0
1.2121439,-5.3410888,-0.348104,0.68543577,-0.70198262,0.19338652,0
4.2522278,-0.73481154,5.3246794,0.68543577,-0.70198262,0.19338652,0
1.8142624,-4.4965463,-0.16914892,0.68543577,-0.70198262,0.19338652,0
-0.74477553,1.9162109,4.0084419,-0.44692716,-0.19593436,0.87284929,0
0.11582517,-0.039891958,-3.9210858,0.44692716,0.19593436,-0.87284929,0
-4.5411644,-1.1966087,1.5685953,-0.44692716,-0.19593436,0.87284929,0
1.8055968,4.2519197,1.3191457,0.57483399,0.68471175,0.44803548,0
-6.2285085,0.29181635,-0.63090611,-0.68543577,0.70198262,-0.19338652,0
-2.6369541,-0.86295938,-5.4123402,-0.57483399,-0.68471175,-0.44803548,0
5.5262666,-0.67690086,1.3497195,0.68543577,-0.70198262,0.19338652,0
1.3460419,3.9303746,-2.5274653,0.44692716,0.19593436,-0.87284929,0
-1.3296638,5.7038231,1.768189,-0.68543577,0.70198262,-0.19338652,0
-1.8980451,3.6909583,-4.1693468,-0.68543577,0.70198262,-0.19338652,0
5.3712254,-1.5411358,-1.0222709,0.68543577,-0.70198262,0.19338652,0
0.79982233,-5.2062783,2.4795189,0.68543577,-0.70198262,0.19338652,0
4.3106093,-1.1185198,3.2397738,0.68543577,-0.70198262,0.19338652,0
3.4788704,-1.6533549,5.3169918,0.68543577,-0.70198262,0.19338652,0
1.8779435,4.507483,-2.15763,0.44692716,0.19593436,-0.87284929,0
0.58832026,-5.4856839,2.0488591,0.68543577,-0.70198262,0.19338652,0
3.4542079,1.5708545,-1.8539464,0.44692716,0.19593436,-0.87284929,0
4.2730255,-0.67775321,5.1569934,0.57483399,0.68471175,0.44803548,0
1.4716873,-5.0128775,-4.3404913,0.44692716,0.19593436,-0.87284929,0
-4.2463422,2.9684949,2.1719558,-0.68543577,0.70198262,-0.19338652,0
4.9417653,-0.2907176,3.8702898,0.57483399,0.68471175,0.44803548,0
