-1.9001188,-4.751153,-2.2256947,0.083582103,-0.98450094,-0.15418121,0
1.9118423,4.0365548,5.7310095,0.96474308,0.04119432,0.25994968,0
-1.0011868,-4.8609848,-1.5545919,0.083582103,-0.98450094,-0.15418121,0
-2.9927239,-4.7166252,-2.3210902,-0.96474308,-0.04119432,-0.25994968,0
2.3127215,0.62827921,5.4735804,0.96474308,0.04119432,0.25994968,0
-0.14255047,4.0235291,5.64991,-0.083582103,0.98450094,0.15418121,0
-4.3395634,-5.5348454,3.1233778,-0.24956933,-0.17047238,0.9532336,0
-4.0385122,4.2960081,2.5692647,-0.083582103,0.98450094,0.15418121,0
3.5074944,-1.1696048,0.99755692,0.96474308,0.04119432,0.25994968,0
-3.5525279,0.33791614,4.2245936,-0.24956933,-0.17047238,0.9532336,0
1.9780464,-5.2605371,3.2169809,0.083582103,-0.98450094,-0.15418121,0
2.4471505,-4.5727797,-0.84303427,0.083582103,-0.98450094,-0.15418121,0
0.28188038,-5.1703148,-0.063133717,0.083582103,-0.98450094,-0.15418121,0
-0.034576774,-1.4231037,4.9441881,-0.24956933,-0.17047238,0.9532336,0
2.0063851,-3.9431598,-4.9612322,0.083582103,-0.98450094,-0.15418121,0
1.4766326,-3.9686627,-5.1095591,0.083582103,-0.98450094,-0.15418121,0
-3.918088,-2.6345913,1.0113633,-0.96474308,-0.04119432,-0.25994968,0
-4.0810633,0.56293988,2.0480266,-0.96474308,-0.04119432,-0.25994968,0
1.2939472,-4.1378632,-4.3557477,0.083582103,-0.98450094,-0.15418121,0
-1.2203475,0.31576204,-5.4042392,0.24956933,0.17047238,-0.9532336,0
-2.7871342,0.60817766,-3.2391939,-0.96474308,-0.04119432,-0.25994968,0
1.8632197,-5.564908,3.507278,0.083582103,-0.98450094,-0.15418121,0
-0.20354033,3.7680907,5.8600116,-0.24956933,-0.17047238,0.9532336,0
-3.4629087,-5.9892144,2.9910541,0.083582103,-0.98450094,-0.15418121,0
-0.5532937,-4.2283587,-4.8295507,0.083582103,-0.98450094,-0.15418121,0
-2.2323074,5.6421504,-3.9242344,-0.083582103,0.98450094,0.15418121,0
3.9043119,-3.2865171,-0.65084755,0.96474308,0.04119432,0.25994968,0
-2.4470482,5.1496644,-4.7946916,0.24956933,0.17047238,-0.9532336,0
-2.8427091,4.0619059,5.1868958,-0.083582103,0.98450094,0.15418121,0
-2.3936296,-2.820013,-4.8735228,-0.96474308,-0.04119432,-0.25994968,0
-0.28048468,4.3275375,3.3658051,-0.083582103,0.98450094,0.15418121,0
-3.916306,4.0966005,0.082235888,-0.96474308,-0.04119432,-0.25994968,0
2.3930087,1.5696807,4.8952179,0.96474308,0.04119432,0.25994968,0
0.033578396,-4.8382077,-0.33164155,0.083582103,-0.98450094,-0.15418121,0
-0.74502373,-1.1036668,-5.7701859,0.24956933,0.17047238,-0.9532336,0
-4.1498456,0.58419609,2.0485668,-0.96474308,-0.04119432,-0.25994968,0
-0.83386898,-2.1768503,-5.8733959,0.24956933,0.17047238,-0.9532336,0
-0.52640295,-4.5494924,-4.5176477,0.083582103,-0.98450094,-0.15418121,0
3.3518836,-1.798249,0.92485207,0.96474308,0.04119432,0.25994968,0
-4.2949471,-4.7559509,2.6729002,-0.96474308,-0.04119432,-0.25994968,0
2.3390331,5.2123299,-0.7634244,-0.083582103,0.98450094,0.15418121,0
-2.0656075,-3.1126175,-5.3278785,-0.96474308,-0.04119432,-0.25994968,0
-1.0156496,1.5874504,5.4147015,-0.24956933,-0.17047238,0.9532336,0
-0.10698414,-4.3167152,-4.4717045,0.083582103,-0.98450094,-0.15418121,0
-3.2417426,4.6324401,0.36868611,-0.083582103,0.98450094,0.15418121,0
-3.3544807,-1.0844963,-0.89151061,-0.96474308,-0.04119432,-0.25994968,0
-4.7496557,1.617421,3.5051155,-0.96474308,-0.04119432,-0.25994968,0
-1.9712429,5.582706,-3.0598671,-0.083582103,0.98450094,0.15418121,0
-3.2984226,-0.77198362,-1.7478135,-0.96474308,-0.04119432,-0.25994968,0
3.0337939,-0.28658924,-4.3232784,0.24956933,0.17047238,-0.9532336,0
0.42215586,-4.8611908,-2.2084255,0.083582103,-0.98450094,-0.15418121,0
0.8389616,-4.9341793,0.37029779,0.083582103,-0.98450094,-0.15418121,0
-3.3410673,-5.8767242,3.0627208,0.083582103,-0.98450094,-0.15418121,0
-4.0013623,4.1698875,1.3945668,-0.96474308,-0.04119432,-0.25994968,0
0.14867496,-4.3606014,-4.9183111,0.083582103,-0.98450094,-0.15418121,0
-1.440928,4.1217122,-4.8057675,0.24956933,0.17047238,-0.9532336,0
-0.50068772,3.8132749,-4.4882216,0.24956933,0.17047238,-0.9532336,0
3.907696,4.7500463,-2.0925355,0.96474308,0.04119432,0.25994968,0
4.0032835,4.0551968,-1.6001201,0.96474308,0.04119432,0.25994968,0
-1.1053038,4.9742317,0.21211046,-0.083582103,0.98450094,0.15418121,0
-1.3187928,3.836128,5.5765753,-0.24956933,-0.17047238,0.9532336,0
-2.4848409,-4.8368101,-3.3471048,0.083582103,-0.98450094,-0.15418121,0
2.3262887,-5.3977056,3.1632957,0.083582103,-0.98450094,-0.15418121,0
-4.8671198,2.1133025,4.3085065,-0.96474308,-0.04119432,-0.25994968,0
3.845974,5.5423269,-1.6179032,0.96474308,0.04119432,0.25994968,0
0.63861156,2.0795376,5.7556448,-0.24956933,-0.17047238,0.9532336,0
1.2579861,-2.2852864,-5.3196898,0.24956933,0.17047238,-0.9532336,0
-2.2016737,2.2450807,4.9144158,-0.24956933,-0.17047238,0.9532336,0
-4.6913977,3.6914062,3.903779,-0.96474308,-0.04119432,-0.25994968,0
2.0919824,5.0276041,1.0926363,-0.083582103,0.98450094,0.15418121,0
-1.144876,4.2528944,3.4783187,-0.083582103,0.98450094,0.15418121,0
-3.8137848,-1.568244,4.0069423,-0.24956933,-0.17047238,0.9532336,0
-0.96712828,5.1569381,-0.094922423,-0.083582103,0.98450094,0.15418121,0
-3.1068108,4.7227159,1.663957,-0.083582103,0.98450094,0.15418121,0
1.9066305,5.3331337,0.23339176,-0.083582103,0.98450094,0.15418121,0
-0.53811574,-0.25612187,-5.4515319,0.24956933,0.17047238,-0.9532336,0
1.0417581,3.3901742,6.2490673,-0.24956933,-0.17047238,0.9532336,0
4.1653247,-1.1563909,-2.3192987,0.96474308,0.04119432,0.25994968,0
-0.9183917,-4.0588751,-5.8677168,0.083582103,-0.98450094,-0.15418121,0
0.025559902,-4.7444916,-1.2824137,0.083582103,-0.98450094,-0.15418121,0
4.9773016,-3.1789427,-4.2733407,0.96474308,0.04119432,0.25994968,0
4.0970817,-3.354924,-0.87644351,0.96474308,0.04119432,0.25994968,0
-3.8484759,3.4333224,0.25270724,-0.96474308,-0.04119432,-0.25994968,0
-4.5270748,2.0324662,3.3396554,-0.96474308,-0.04119432,-0.25994968,0
-1.5130432,-4.4224396,4.121408,-0.24956933,-0.17047238,0.9532336,0
-4.0184507,-0.25360012,1.1507161,-0.96474308,-0.04119432,-0.25994968,0
0.4224968,-4.8965263,-0.79800761,0.083582103,-0.98450094,-0.15418121,0
-2.3843594,0.17403698,-4.5814371,-0.96474308,-0.04119432,-0.25994968,0
0.40899158,0.81391418,-5.1675005,0.24956933,0.17047238,-0.9532336,0
-2.4736042,-4.2616496,-4.23103,-0.96474308,-0.04119432,-0.25994968,0
0.8975935,4.6849389,3.4097767,-0.083582103,0.98450094,0.15418121,0
0.52583265,4.9755902,1.0343369,-0.083582103,0.98450094,0.15418121,0
-3.1578574,-5.0209846,-1.1072974,0.083582103,-0.98450094,-0.15418121,0
-0.56692356,-1.4703302,4.6405802,-0.24956933,-0.17047238,0.9532336,0
-0.92683959,5.4581089,-3.7693644,-0.083582103,0.98450094,0.15418121,0
-4.6279149,-1.1938248,3.3539395,-0.96474308,-0.04119432,-0.25994968,0
4.740509,-2.3180761,-3.4433985,0.96474308,0.04119432,0.25994968,0
3.799921,0.060876369,-0.89203668,0.96474308,0.04119432,0.25994968,0
-2.507318,3.5395582,-4.4624248,-0.96474308,-0.04119432,-0.25994968,0
2.6941893,1.7897098,-4.3227348,0.24956933,0.17047238,-0.9532336,0
-3.3383904,4.3156638,2.5999129,-0.083582103,0.98450094,0.15418121,0
-2.4270964,0.47952032,-5.0660706,-0.96474308,-0.04119432,-0.25994968,0
-1.0125628,5.0298266,-4.5800481,0.24956933,0.17047238,-0.9532336,0
0.47767282,3.2764592,-4.7194042,0.24956933,0.17047238,-0.9532336,0
1.8256412,4.9801292,-3.9049463,0.24956933,0.17047238,-0.9532336,0
3.2147913,-0.4202354,2.0459104,0.96474308,0.04119432,0.25994968,0
0.44857004,1.2920349,-4.8774762,0.24956933,0.17047238,-0.9532336,0
0.11005735,4.8892918,0.80086631,-0.083582103,0.98450094,0.15418121,0
3.5463428,-2.5709257,0.65654081,0.96474308,0.04119432,0.25994968,0
-1.3943448,-4.8084798,-3.7733591,0.083582103,-0.98450094,-0.15418121,0
3.8157353,-2.6755757,-4.6723213,0.24956933,0.17047238,-0.9532336,0
-1.3077456,3.5399771,-4.9118853,0.24956933,0.17047238,-0.9532336,0
-0.49927902,-2.2343974,-5.8658009,0.24956933,0.17047238,-0.9532336,0
3.4196897,-0.72998571,1.1897441,0.96474308,0.04119432,0.25994968,0
-1.9399824,-4.5220103,-5.1946673,0.083582103,-0.98450094,-0.15418121,0
2.6902926,-0.58835411,3.5975945,0.96474308,0.04119432,0.25994968,0
-1.206249,0.42162275,-5.6028266,0.24956933,0.17047238,-0.9532336,0
0.33492529,2.8094108,-4.4714813,0.24956933,0.17047238,-0.9532336,0
-2.5932264,-2.2374959,-2.8545315,-0.96474308,-0.04119432,-0.25994968,0
3.3647571,5.9697113,-2.5716987,-0.083582103,0.98450094,0.15418121,0
1.5524683,4.8426523,2.1766925,-0.083582103,0.98450094,0.15418121,0
-3.4596827,-1.0386126,-0.16712797,-0.96474308,-0.04119432,-0.25994968,0
-3.668731,-0.22015238,4.1345277,-0.24956933,-0.17047238,0.9532336,0
-2.602839,-4.8937602,-1.8384784,0.083582103,-0.98450094,-0.15418121,0
-3.0405109,3.1336246,-2.2439344,-0.96474308,-0.04119432,-0.25994968,0
3.9670863,-0.29444885,-0.66531467,0.96474308,0.04119432,0.25994968,0
2.2317033,-4.2078962,-4.7262988,0.083582103,-0.98450094,-0.15418121,0
3.5521102,1.1278682,-0.57478261,0.96474308,0.04119432,0.25994968,0
-1.7653961,4.0990891,5.6163712,-0.083582103,0.98450094,0.15418121,0
3.062073,-3.9196298,2.022959,0.96474308,0.04119432,0.25994968,0
-4.0679708,3.996654,3.8168592,-0.083582103,0.98450094,0.15418121,0
-2.1566937,-0.75926793,4.680747,-0.24956933,-0.17047238,0.9532336,0
-2.1593642,0.54194391,4.7515817,-0.24956933,-0.17047238,0.9532336,0
-4.6910834,1.0638837,3.4764128,-0.96474308,-0.04119432,-0.25994968,0
3.943197,-1.440299,-0.7364105,0.96474308,0.04119432,0.25994968,0
0.17902184,-4.7805343,-0.95054555,0.083582103,-0.98450094,-0.15418121,0
-4.00418,-1.2058375,1.2440073,-0.96474308,-0.04119432,-0.25994968,0
2.9699855,5.3524332,-1.1016493,-0.083582103,0.98450094,0.15418121,0
1.1196795,5.0749559,0.65486348,-0.083582103,0.98450094,0.15418121,0
-2.0428739,-0.68085575,-5.2170091,-0.96474308,-0.04119432,-0.25994968,0
-2.7050664,3.2510922,-3.7323151,-0.96474308,-0.04119432,-0.25994968,0
-0.89746952,-4.2698622,-4.4204483,0.083582103,-0.98450094,-0.15418121,0
3.2419105,-4.402256,-1.8213311,0.083582103,-0.98450094,-0.15418121,0
-4.470696,0.22218204,2.4572887,-0.96474308,-0.04119432,-0.25994968,0
1.1356535,4.5710239,4.5851765,-0.083582103,0.98450094,0.15418121,0
-0.79935122,4.9915223,0.42862791,-0.083582103,0.98450094,0.15418121,0
0.034906566,2.6227102,-4.7811942,0.24956933,0.17047238,-0.9532336,0
-2.0809944,5.0404615,-1.3003271,-0.083582103,0.98450094,0.15418121,0
4.2116461,1.4340041,-4.0865378,0.24956933,0.17047238,-0.9532336,0
-4.2587399,-3.1693828,2.1254396,-0.96474308,-0.04119432,-0.25994968,0
3.8985858,0.7563498,-1.7049708,0.96474308,0.04119432,0.25994968,0
-0.15350008,5.1021547,-0.95295811,-0.083582103,0.98450094,0.15418121,0
-2.7296753,5.0969806,-2.7983897,-0.083582103,0.98450094,0.15418121,0
-4.4887981,3.0166557,2.2575498,-0.96474308,-0.04119432,-0.25994968,0
2.5743408,4.8211131,2.2719183,-0.083582103,0.98450094,0.15418121,0
-4.117938,2.1224065,4.4323149,-0.24956933,-0.17047238,0.9532336,0
2.8559058,0.5452078,-4.283556,0.24956933,0.17047238,-0.9532336,0
3.5945792,-0.17387903,-4.4490609,0.24956933,0.17047238,-0.9532336,0
-1.8004802,3.8546312,-5.108561,0.24956933,0.17047238,-0.9532336,0
-2.7530551,0.1555512,-2.9593134,-0.96474308,-0.04119432,-0.25994968,0
3.0498493,1.6018174,2.5006101,0.96474308,0.04119432,0.25994968,0
1.0441833,4.856833,3.275197,-0.083582103,0.98450094,0.15418121,0
3.5445035,-1.931078,-4.7825232,0.24956933,0.17047238,-0.9532336,0
4.8197117,-0.59033489,-3.8915443,0.96474308,0.04119432,0.25994968,0
-0.29981518,4.6594,2.5689394,-0.083582103,0.98450094,0.15418121,0
4.2528,4.3790941,-2.4237161,0.96474308,0.04119432,0.25994968,0
-2.6624374,-5.2692981,0.88381338,0.083582103,-0.98450094,-0.15418121,0
2.2927778,-5.6618776,3.9906368,0.083582103,-0.98450094,-0.15418121,0
2.4307497,-1.799407,4.4505954,0.96474308,0.04119432,0.25994968,0
0.61058617,5.3122025,-1.8703675,-0.083582103,0.98450094,0.15418121,0
-2.108645,4.1491094,5.2500844,-0.083582103,0.98450094,0.15418121,0
-2.1975417,2.0774424,-5.5290122,-0.96474308,-0.04119432,-0.25994968,0
-4.5486488,2.7877767,4.60569,-0.24956933,-0.17047238,0.9532336,0
-1.89253,-0.61936951,-5.9263992,0.24956933,0.17047238,-0.9532336,0
4.0298738,-1.2547406,-4.2126937,0.24956933,0.17047238,-0.9532336,0
-1.8788042,-4.9221954,-2.1285832,0.083582103,-0.98450094,-0.15418121,0
-0.6394496,4.9020376,0.30077326,-0.083582103,0.98450094,0.15418121,0
4.0806203,4.8847103,-3.1019554,0.24956933,0.17047238,-0.9532336,0
4.0042057,0.041478157,-0.74413037,0.96474308,0.04119432,0.25994968,0
-1.8642597,-5.319191,3.9626021,-0.24956933,-0.17047238,0.9532336,0
4.1245298,5.0803752,-3.1384563,0.24956933,0.17047238,-0.9532336,0
-2.5644293,1.9147418,-3.5022359,-0.96474308,-0.04119432,-0.25994968,0
1.4243394,-1.3089681,5.5197721,-0.24956933,-0.17047238,0.9532336,0
-1.890332,5.1816783,-1.8365932,-0.083582103,0.98450094,0.15418121,0
2.7730355,5.5496597,-0.5065341,-0.083582103,0.98450094,0.15418121,0
2.903542,1.9183311,2.3663661,0.96474308,0.04119432,0.25994968,0
-3.5229185,-4.0146766,-0.16205144,-0.96474308,-0.04119432,-0.25994968,0
-2.2089398,-0.34513712,-5.1929932,-0.96474308,-0.04119432,-0.25994968,0
1.4100275,-4.4680362,-2.3316648,0.083582103,-0.98450094,-0.15418121,0
0.54223728,-5.2002335,0.58423686,0.083582103,-0.98450094,-0.15418121,0
2.469398,-1.8848696,-5.1029181,0.24956933,0.17047238,-0.9532336,0
-0.6962949,0.53610778,-5.3492646,0.24956933,0.17047238,-0.9532336,0
-3.7732515,-5.4525309,1.7049775,-0.96474308,-0.04119432,-0.25994968,0
-3.6865606,3.9879079,4.5227966,-0.083582103,0.98450094,0.15418121,0
-2.8368583,-5.1178532,-0.89945936,0.083582103,-0.98450094,-0.15418121,0
-0.42050791,5.2094269,-1.8779948,-0.083582103,0.98450094,0.15418121,0
-0.43735647,4.5789876,2.9832981,-0.083582103,0.98450094,0.15418121,0
1.6056232,0.44926357,5.8022647,-0.24956933,-0.17047238,0.9532336,0
-0.044993401,-5.6487212,2.7481966,0.083582103,-0.98450094,-0.15418121,0
2.1507192,-5.3932767,3.89674,0.083582103,-0.98450094,-0.15418121,0
3.2171957,-3.9692848,1.8667244,0.96474308,0.04119432,0.25994968,0
3.808002,1.7938724,-1.5485656,0.96474308,0.04119432,0.25994968,0
-3.0640655,-4.2320614,-0.79592097,-0.96474308,-0.04119432,-0.25994968,0
-2.7637954,-5.3676476,-0.07157588,0.083582103,-0.98450094,-0.15418121,0
0.67047769,0.17242157,-4.8353262,0.24956933,0.17047238,-0.9532336,0
-2.5983996,5.280623,-3.8235183,-0.083582103,0.98450094,0.15418121,0
-1.882026,0.083355427,-5.8737173,0.24956933,0.17047238,-0.9532336,0
-0.55853701,-0.91812444,-5.7108784,0.24956933,0.17047238,-0.9532336,0
-3.0267015,1.9923203,-3.286417,-0.96474308,-0.04119432,-0.25994968,0
2.4809148,-3.4332943,4.563488,0.96474308,0.04119432,0.25994968,0
2.9468732,-4.446898,-2.946712,0.083582103,-0.98450094,-0.15418121,0
2.6765079,0.10148668,3.4372587,0.96474308,0.04119432,0.25994968,0
-3.1357238,-1.7832351,-1.0230682,-0.96474308,-0.04119432,-0.25994968,0
3.8356283,-0.23758888,-0.43914425,0.96474308,0.04119432,0.25994968,0
2.0499299,0.69572318,-4.3913918,0.24956933,0.17047238,-0.9532336,0
2.4192934,3.2699432,3.4526622,0.96474308,0.04119432,0.25994968,0
4.2500334,-4.0771561,-4.222827,0.083582103,-0.98450094,-0.15418121,0
-0.88260412,4.1682339,4.3745766,-0.083582103,0.98450094,0.15418121,0
-1.6198101,4.8601623,-4.6624961,0.24956933,0.17047238,-0.9532336,0
-0.15397787,-0.44457102,-5.1691852,0.24956933,0.17047238,-0.9532336,0
-1.022872,-5.3967886,2.4260039,0.083582103,-0.98450094,-0.15418121,0
-4.1377716,-1.7742007,2.7163453,-0.96474308,-0.04119432,-0.25994968,0
1.2756691,-4.1365371,-4.4766512,0.083582103,-0.98450094,-0.15418121,0
2.9851534,-0.82878828,2.7003858,0.96474308,0.04119432,0.25994968,0
3.5021968,-2.7460985,0.74032807,0.96474308,0.04119432,0.25994968,0
3.9253941,1.0876095,-1.4067447,0.96474308,0.04119432,0.25994968,0
-3.3495328,3.1625366,-1.8909165,-0.96474308,-0.04119432,-0.25994968,0
2.6346335,-1.8463687,-4.9690332,0.24956933,0.17047238,-0.9532336,0
0.14769995,0.12118483,5.2424369,-0.24956933,-0.17047238,0.9532336,0
1.0567422,4.7781754,1.8394824,-0.083582103,0.98450094,0.15418121,0
-3.0724952,-2.407408,-1.1245908,-0.96474308,-0.04119432,-0.25994968,0
-3.7725508,-1.117965,1.3355784,-0.96474308,-0.04119432,-0.25994968,0
3.5555208,4.7337122,-1.20503,0.96474308,0.04119432,0.25994968,0
1.5496187,4.4584045,4.9631305,-0.083582103,0.98450094,0.15418121,0
-2.9393167,4.2251101,3.7575486,-0.083582103,0.98450094,0.15418121,0
2.4560468,1.876404,-4.2540607,0.24956933,0.17047238,-0.9532336,0
-3.0257874,-5.8277326,3.2228036,0.083582103,-0.98450094,-0.15418121,0
0.42221546,0.43490243,5.5668459,-0.24956933,-0.17047238,0.9532336,0
-4.3502107,4.3363137,2.0570881,-0.96474308,-0.04119432,-0.25994968,0
-3.2093375,-0.45665169,-0.84274602,-0.96474308,-0.04119432,-0.25994968,0
2.0589943,-0.70110267,-4.8294826,0.24956933,0.17047238,-0.9532336,0
0.24033952,-5.430511,4.3096509,-0.24956933,-0.17047238,0.9532336,0
-1.2725658,-3.5112243,-6.3338156,0.24956933,0.17047238,-0.9532336,0
-3.6664515,2.6330669,4.8471332,-0.24956933,-0.17047238,0.9532336,0
4.0714297,3.5720754,-1.9338741,0.96474308,0.04119432,0.25994968,0
-2.1101813,3.516293,5.3752637,-0.24956933,-0.17047238,0.9532336,0
-0.52645874,-5.2907701,0.47372484,0.083582103,-0.98450094,-0.15418121,0
-1.4397669,-4.5664983,-3.3885801,0.083582103,-0.98450094,-0.15418121,0
2.4488182,-3.8833709,5.2981148,-0.24956933,-0.17047238,0.9532336,0
-3.7785335,2.4662337,-0.21855065,-0.96474308,-0.04119432,-0.25994968,0
4.1344523,3.081995,-1.8321352,0.96474308,0.04119432,0.25994968,0
3.5218096,-0.093518496,0.76589221,0.96474308,0.04119432,0.25994968,0
-1.3488523,-1.5620651,4.7248864,-0.24956933,-0.17047238,0.9532336,0
4.5394454,-2.5600655,-4.3806114,0.24956933,0.17047238,-0.9532336,0
3.2367837,-3.7672229,1.4770958,0.96474308,0.04119432,0.25994968,0
-2.4060078,4.5432663,1.1995214,-0.083582103,0.98450094,0.15418121,0
2.0903192,3.0959125,5.4510288,0.96474308,0.04119432,0.25994968,0
-2.256856,2.264354,-4.7003255,-0.96474308,-0.04119432,-0.25994968,0
-2.9813821,-0.70480728,-1.7030272,-0.96474308,-0.04119432,-0.25994968,0
-3.709434,-4.7719393,1.5419669,-0.96474308,-0.04119432,-0.25994968,0
2.4294696,5.4413347,-1.8073511,-0.083582103,0.98450094,0.15418121,0
0.88858068,-4.0079145,4.7207851,-0.24956933,-0.17047238,0.9532336,0
4.8320208,-4.1115541,-4.166574,0.083582103,-0.98450094,-0.15418121,0
3.0007718,-4.6133323,-0.16949007,0.083582103,-0.98450094,-0.15418121,0
-0.82182598,-4.8995914,-1.7319677,0.083582103,-0.98450094,-0.15418121,0
-1.9090765,2.0762649,-5.1804371,0.24956933,0.17047238,-0.9532336,0
-3.8497872,-1.4281723,3.788219,-0.24956933,-0.17047238,0.9532336,0
4.7965555,-2.0047877,-4.0835953,0.96474308,0.04119432,0.25994968,0
-3.5658131,4.6442065,-0.27721068,-0.96474308,-0.04119432,-0.25994968,0
-4.8030248,-0.27386713,3.6879444,-0.96474308,-0.04119432,-0.25994968,0
-0.45927668,-5.3248506,0.85441065,0.083582103,-0.98450094,-0.15418121,0
-2.4862764,4.0112677,5.2351508,-0.083582103,0.98450094,0.15418121,0
-3.0389225,-4.6234055,3.6786599,-0.24956933,-0.17047238,0.9532336,0
-0.78996944,4.7076921,2.0081477,-0.083582103,0.98450094,0.15418121,0
-1.3082178,5.3185863,-3.0314507,-0.083582103,0.98450094,0.15418121,0
-0.21979475,4.9171576,2.0091622,-0.083582103,0.98450094,0.15418121,0
1.9825766,-4.1897707,5.0064659,-0.24956933,-0.17047238,0.9532336,0
-3.154398,-5.2149372,-0.67801452,0.083582103,-0.98450094,-0.15418121,0
-0.48266697,-5.4252319,2.7899456,0.083582103,-0.98450094,-0.15418121,0
2.8505449,-2.7037926,3.2406096,0.96474308,0.04119432,0.25994968,0
-3.7965713,1.4892685,0.56666529,-0.96474308,-0.04119432,-0.25994968,0
-3.3662367,-4.681489,-0.29882789,-0.96474308,-0.04119432,-0.25994968,0
-3.0345743,3.8691578,-2.9611883,-0.96474308,-0.04119432,-0.25994968,0
1.7707334,-4.5379109,-3.2595632,0.083582103,-0.98450094,-0.15418121,0
2.899771,3.235244,2.0162649,0.96474308,0.04119432,0.25994968,0
3.2330093,-3.7009943,2.0908461,0.96474308,0.04119432,0.25994968,0
0.19080305,0.32921231,-5.0075417,0.24956933,0.17047238,-0.9532336,0
-3.81003,1.3806918,0.63473213,-0.96474308,-0.04119432,-0.25994968,0
1.8220539,5.465373,-3.9672656,0.24956933,0.17047238,-0.9532336,0
-4.7199597,3.2558627,3.4837332,-0.96474308,-0.04119432,-0.25994968,0
-1.4054232,-5.0098739,4.1770058,-0.24956933,-0.17047238,0.9532336,0
-3.0598669,5.0845852,-0.58536935,-0.083582103,0.98450094,0.15418121,0
-2.816052,4.9483018,-0.99141622,-0.083582103,0.98450094,0.15418121,0
-2.2027726,3.9470162,4.9836931,-0.083582103,0.98450094,0.15418121,0
-1.4650154,-2.2461514,-6.026619,0.24956933,0.17047238,-0.9532336,0
-1.468869,4.8093615,1.7260727,-0.083582103,0.98450094,0.15418121,0
-1.8134489,-2.0824113,-6.0877628,0.24956933,0.17047238,-0.9532336,0
1.9174805,4.8176413,2.3317699,-0.083582103,0.98450094,0.15418121,0
4.0536633,3.0915194,-3.8018103,0.24956933,0.17047238,-0.9532336,0
-3.4358966,5.0292859,-2.1757379,-0.96474308,-0.04119432,-0.25994968,0
-0.058180809,-4.8441401,-1.1474582,0.083582103,-0.98450094,-0.15418121,0
-2.6124473,-4.7972698,-2.8959639,0.083582103,-0.98450094,-0.15418121,0
-1.660655,-4.8038225,-2.0688689,0.083582103,-0.98450094,-0.15418121,0
3.2952461,-4.786109,-1.0200529,0.083582103,-0.98450094,-0.15418121,0
-3.4429383,1.5832462,4.5357199,-0.24956933,-0.17047238,0.9532336,0
-3.6303201,-2.3055441,1.1164851,-0.96474308,-0.04119432,-0.25994968,0
-4.735414,-0.17206836,3.6691484,-0.96474308,-0.04119432,-0.25994968,0
-0.61754751,-4.742795,-2.2389145,0.083582103,-0.98450094,-0.15418121,0
2.8463831,-2.4458032,3.1564219,0.96474308,0.04119432,0.25994968,0
-4.3236575,0.66001987,1.9945424,-0.96474308,-0.04119432,-0.25994968,0
3.0558748,-4.8292561,-0.86153388,0.083582103,-0.98450094,-0.15418121,0
-4.1734524,-3.5737305,3.2019205,-0.96474308,-0.04119432,-0.25994968,0
-0.78385949,-5.0073109,4.1711884,-0.24956933,-0.17047238,0.9532336,0
0.75539494,3.6575508,5.9938974,-0.24956933,-0.17047238,0.9532336,0
0.1123476,-5.6713114,3.0379391,0.083582103,-0.98450094,-0.15418121,0
4.2507,-2.4127576,-4.4000039,0.24956933,0.17047238,-0.9532336,0
0.69789171,-4.4620171,-4.5921545,0.083582103,-0.98450094,-0.15418121,0
2.39011,5.7655373,-2.340838,-0.083582103,0.98450094,0.15418121,0
2.3626189,4.4159651,3.7198069,0.96474308,0.04119432,0.25994968,0
0.79923034,-5.7166557,4.1056967,0.083582103,-0.98450094,-0.15418121,0
-3.7577713,-3.9284096,1.6980319,-0.96474308,-0.04119432,-0.25994968,0
-3.106596,-5.139452,-1.6034572,0.083582103,-0.98450094,-0.15418121,0
-2.0283933,4.4010649,3.2951589,-0.083582103,0.98450094,0.15418121,0
-0.54798651,0.86206555,-5.2162347,0.24956933,0.17047238,-0.9532336,0
4.324048,-2.7570114,-2.1306226,0.96474308,0.04119432,0.25994968,0
2.9468379,5.5223498,-0.22757411,-0.083582103,0.98450094,0.15418121,0
-2.5117223,0.73660159,-3.6171007,-0.96474308,-0.04119432,-0.25994968,0
-1.1032248,-5.3922877,1.0714929,0.083582103,-0.98450094,-0.15418121,0
-2.586724,5.1286969,-0.85584092,-0.083582103,0.98450094,0.15418121,0
3.9552195,1.3840477,-0.73987627,0.96474308,0.04119432,0.25994968,0
-3.3510351,-5.6092992,0.52172327,0.083582103,-0.98450094,-0.15418121,0
2.9842873,-4.9285922,0.70074868,0.083582103,-0.98450094,-0.15418121,0
3.8041029,-3.644171,-4.8210325,0.24956933,0.17047238,-0.9532336,0
-3.5587387,-5.4909296,1.5694618,0.083582103,-0.98450094,-0.15418121,0
-3.3125284,-3.1359913,-0.12847519,-0.96474308,-0.04119432,-0.25994968,0
3.1636953,1.3996224,1.8437449,0.96474308,0.04119432,0.25994968,0
-2.4861531,-4.8970413,-2.6917033,0.083582103,-0.98450094,-0.15418121,0
-1.1606951,-5.4684391,2.513607,0.083582103,-0.98450094,-0.15418121,0
-2.806607,-1.4032049,-3.3237524,-0.96474308,-0.04119432,-0.25994968,0
-1.8694053,-4.2378821,3.8811193,-0.24956933,-0.17047238,0.9532336,0
1.0579028,-1.2792087,5.3235292,-0.24956933,-0.17047238,0.9532336,0
-3.2659578,-3.7794659,-0.65702128,-0.96474308,-0.04119432,-0.25994968,0
-0.6994133,4.9439807,0.85422492,-0.083582103,0.98450094,0.15418121,0
2.6813037,1.2541742,4.0350537,0.96474308,0.04119432,0.25994968,0
-0.052151203,-4.2079306,-5.0196981,0.083582103,-0.98450094,-0.15418121,0
2.1689997,2.1216264,5.6342168,0.96474308,0.04119432,0.25994968,0
-3.0743086,-0.52762175,-2.1904433,-0.96474308,-0.04119432,-0.25994968,0
-1.5471528,-4.4795332,4.0931368,-0.24956933,-0.17047238,0.9532336,0
-2.5687697,1.1524568,4.6831388,-0.24956933,-0.17047238,0.9532336,0
-3.2036209,-2.5152924,-0.44297051,-0.96474308,-0.04119432,-0.25994968,0
2.2931457,4.8486071,2.2729924,-0.083582103,0.98450094,0.15418121,0
-3.572937,-5.4863787,1.7647338,0.083582103,-0.98450094,-0.15418121,0
4.2037516,-3.3614306,-1.2330712,0.96474308,0.04119432,0.25994968,0
2.3742054,2.3438382,4.4705892,0.96474308,0.04119432,0.25994968,0
-1.5183506,-5.9959993,3.7611232,0.083582103,-0.98450094,-0.15418121,0
0.74710965,-5.5500994,3.1597605,0.083582103,-0.98450094,-0.15418121,0
-3.8252728,0.19687223,0.66570997,-0.96474308,-0.04119432,-0.25994968,0
-1.5416999,-5.5788765,1.7707424,0.083582103,-0.98450094,-0.15418121,0
-2.2966099,-1.8253574,4.5097823,-0.24956933,-0.17047238,0.9532336,0
-2.6196737,-4.6810074,-2.8717661,0.083582103,-0.98450094,-0.15418121,0
2.4234037,5.456615,-0.45062399,-0.083582103,0.98450094,0.15418121,0
-3.0044332,-5.4360914,1.8966742,0.083582103,-0.98450094,-0.15418121,0
1.4711165,-5.1150475,0.91334701,0.083582103,-0.98450094,-0.15418121,0
-3.5271449,-1.3254454,0.023518085,-0.96474308,-0.04119432,-0.25994968,0
-0.51579553,1.4527829,-5.2105603,0.24956933,0.17047238,-0.9532336,0
4.2273154,-0.62577832,-2.7313285,0.96474308,0.04119432,0.25994968,0
-0.080913067,-4.8548479,-0.75747532,0.083582103,-0.98450094,-0.15418121,0
-1.8879638,-3.4975338,-5.863163,-0.96474308,-0.04119432,-0.25994968,0
1.2627927,1.1419425,-4.8778524,0.24956933,0.17047238,-0.9532336,0
2.8043566,-2.7365637,-5.1507187,0.24956933,0.17047238,-0.9532336,0
-2.9738688,4.801147,0.10451189,-0.083582103,0.98450094,0.15418121,0
-2.378155,2.071491,-5.081903,-0.96474308,-0.04119432,-0.25994968,0
3.2318385,0.56774044,1.0573167,0.96474308,0.04119432,0.25994968,0
-3.2208817,-2.7673581,-0.55317783,-0.96474308,-0.04119432,-0.25994968,0
0.40375233,4.6892738,1.7232256,-0.083582103,0.98450094,0.15418121,0
1.6034298,-3.8344045,-5.6294889,0.24956933,0.17047238,-0.9532336,0
-4.0575204,-1.9528835,2.3536634,-0.96474308,-0.04119432,-0.25994968,0
-1.0252581,4.3592253,3.7607396,-0.083582103,0.98450094,0.15418121,0
0.66074634,-2.1271651,-5.5768175,0.24956933,0.17047238,-0.9532336,0
-3.6866527,-5.8274574,1.5808558,0.083582103,-0.98450094,-0.15418121,0
-3.4854455,-0.79761744,-0.89158684,-0.96474308,-0.04119432,-0.25994968,0
0.32774496,5.3176203,-0.069161177,-0.083582103,0.98450094,0.15418121,0
-0.0024766922,2.2335436,5.4641414,-0.24956933,-0.17047238,0.9532336,0
-2.9526472,1.8046246,-2.5078259,-0.96474308,-0.04119432,-0.25994968,0
-3.0826111,-5.6309686,2.2136493,0.083582103,-0.98450094,-0.15418121,0
-3.4271417,0.91118312,-0.88277602,-0.96474308,-0.04119432,-0.25994968,0
1.2788672,5.3335743,-1.9015617,-0.083582103,0.98450094,0.15418121,0
0.98770428,4.0535469,5.9351559,-0.083582103,0.98450094,0.15418121,0
-3.9245434,-3.304286,2.1423593,-0.96474308,-0.04119432,-0.25994968,0
-4.0615244,0.70451856,1.1463201,-0.96474308,-0.04119432,-0.25994968,0
-0.13579035,-4.824018,-1.1187254,0.083582103,-0.98450094,-0.15418121,0
-3.6958764,3.1903079,0.47858244,-0.96474308,-0.04119432,-0.25994968,0
-2.3029935,-1.340755,-4.9203849,-0.96474308,-0.04119432,-0.25994968,0
-1.8238032,-0.84964502,4.5000391,-0.24956933,-0.17047238,0.9532336,0
-2.5494866,-5.7855887,1.8930483,0.083582103,-0.98450094,-0.15418121,0
1.4901177,1.9985178,-4.4180598,0.24956933,0.17047238,-0.9532336,0
0.96958828,5.079772,1.5722034,-0.083582103,0.98450094,0.15418121,0
1.3988734,-4.910655,4.5972247,-0.24956933,-0.17047238,0.9532336,0
0.99809074,4.8259106,2.8826125,-0.083582103,0.98450094,0.15418121,0
1.8445182,4.7627525,3.9562545,-0.083582103,0.98450094,0.15418121,0
0.18041039,2.3514841,5.5496569,-0.24956933,-0.17047238,0.9532336,0
1.0647581,-0.90608382,5.2231345,-0.24956933,-0.17047238,0.9532336,0
-2.7536507,-1.035465,4.1645455,-0.24956933,-0.17047238,0.9532336,0
-3.8029482,-4.0712175,1.9460669,-0.96474308,-0.04119432,-0.25994968,0
3.8883035,-4.5608273,-1.7483672,0.083582103,-0.98450094,-0.15418121,0
-1.9522427,3.3845999,-5.266654,0.24956933,0.17047238,-0.9532336,0
0.010722876,-0.15588808,5.0410843,-0.24956933,-0.17047238,0.9532336,0
1.736105,2.4277294,-4.4304848,0.24956933,0.17047238,-0.9532336,0
3.6531093,-4.2104959,-0.19048089,0.96474308,0.04119432,0.25994968,0
1.2273574,-4.6697612,-2.5913062,0.083582103,-0.98450094,-0.15418121,0
1.5851923,-3.1983585,4.9713483,-0.24956933,-0.17047238,0.9532336,0
1.5172787,-5.3338461,2.4204903,0.083582103,-0.98450094,-0.15418121,0
-2.205462,-5.6768532,1.676733,0.083582103,-0.98450094,-0.15418121,0
-0.20473456,-1.2903059,5.0148611,-0.24956933,-0.17047238,0.9532336,0
2.7434545,5.6300783,-1.6869802,-0.083582103,0.98450094,0.15418121,0
-0.9035753,2.0270047,-5.0532446,0.24956933,0.17047238,-0.9532336,0
3.2196422,5.142067,0.65656686,0.96474308,0.04119432,0.25994968,0
-3.695025,4.8335867,-0.14942718,-0.083582103,0.98450094,0.15418121,0
2.6160002,2.2729843,-4.0858612,0.24956933,0.17047238,-0.9532336,0
2.8053274,-4.8449717,0.27228725,0.083582103,-0.98450094,-0.15418121,0
-0.63132906,-4.49858,-3.3124404,0.083582103,-0.98450094,-0.15418121,0
-1.8547695,1.4058781,5.1892543,-0.24956933,-0.17047238,0.9532336,0
2.6528325,-3.8000007,4.6532297,0.96474308,0.04119432,0.25994968,0
2.2196193,4.7038984,3.9760635,-0.083582103,0.98450094,0.15418121,0
-3.1354072,-3.6411119,3.8460021,-0.24956933,-0.17047238,0.9532336,0
-1.6470456,-5.5856023,3.0509467,0.083582103,-0.98450094,-0.15418121,0
0.98723149,-4.8555307,-0.38431466,0.083582103,-0.98450094,-0.15418121,0
-2.4456635,1.411334,-5.039885,-0.96474308,-0.04119432,-0.25994968,0
1.1132954,-4.2471719,4.8046093,-0.24956933,-0.17047238,0.9532336,0
1.11397,-4.5082827,4.7668495,-0.24956933,-0.17047238,0.9532336,0
-1.2156363,-5.6948471,3.3191175,0.083582103,-0.98450094,-0.15418121,0
-3.9777818,-0.82591748,0.88789988,-0.96474308,-0.04119432,-0.25994968,0
2.4680686,3.6086249,-3.7641172,0.24956933,0.17047238,-0.9532336,0
-3.6006172,-5.5328836,3.4790206,-0.24956933,-0.17047238,0.9532336,0
4.6470408,-1.3872178,-4.0910106,0.24956933,0.17047238,-0.9532336,0
-3.3944039,2.7303991,-1.6069046,-0.96474308,-0.04119432,-0.25994968,0
4.4355712,1.7815745,-3.4133415,0.96474308,0.04119432,0.25994968,0
-3.3264158,-5.6332912,2.8808312,0.083582103,-0.98450094,-0.15418121,0
3.8852887,-0.64993525,-0.51738024,0.96474308,0.04119432,0.25994968,0
-1.6029005,2.1283743,-5.3746352,0.24956933,0.17047238,-0.9532336,0
4.5298867,1.5880709,-3.117609,0.96474308,0.04119432,0.25994968,0
-3.1696546,-5.683742,3.0508547,0.083582103,-0.98450094,-0.15418121,0
3.4685183,-0.72378063,0.50292802,0.96474308,0.04119432,0.25994968,0
-3.7195883,-2.7461853,0.39603829,-0.96474308,-0.04119432,-0.25994968,0
-1.838861,-2.7636614,-6.2907023,0.24956933,0.17047238,-0.9532336,0
1.594281,-5.36759,3.9159331,0.083582103,-0.98450094,-0.15418121,0
2.0954697,-5.5227842,3.465004,0.083582103,-0.98450094,-0.15418121,0
2.1980498,-5.0542011,0.18121314,0.083582103,-0.98450094,-0.15418121,0
-3.0739162,-5.2190895,3.4711776,-0.24956933,-0.17047238,0.9532336,0
-0.53133142,-3.2697983,4.5570068,-0.24956933,-0.17047238,0.9532336,0
-3.37656,2.6395879,-1.0054262,-0.96474308,-0.04119432,-0.25994968,0
4.023118,-4.0062399,-1.043022,0.96474308,0.04119432,0.25994968,0
2.7199683,-5.0734911,3.7474644,0.96474308,0.04119432,0.25994968,0
-3.9344907,1.3173857,1.4790914,-0.96474308,-0.04119432,-0.25994968,0
-3.6270428,-1.488817,0.9943974,-0.96474308,-0.04119432,-0.25994968,0
3.7577319,-4.6192927,-1.8197953,0.083582103,-0.98450094,-0.15418121,0
-2.1273267,-1.6391368,-4.9311366,-0.96474308,-0.04119432,-0.25994968,0
1.5445147,-1.3381104,-4.9753313,0.24956933,0.17047238,-0.9532336,0
1.0462478,-0.49791396,-5.1414161,0.24956933,0.17047238,-0.9532336,0
0.4608624,-4.9827118,4.5656867,-0.24956933,-0.17047238,0.9532336,0
1.6064851,4.7249713,-4.036129,0.24956933,0.17047238,-0.9532336,0
2.2920818,2.8422887,-4.1746354,0.24956933,0.17047238,-0.9532336,0
1.8072758,4.7534781,3.33441,-0.083582103,0.98450094,0.15418121,0
-1.4613435,-0.27530843,5.0119209,-0.24956933,-0.17047238,0.9532336,0
3.2151821,-3.9304328,-4.7199745,0.083582103,-0.98450094,-0.15418121,0
4.5556464,-0.24305463,-2.8720341,0.96474308,0.04119432,0.25994968,0
-3.9638839,-2.4487467,2.3196516,-0.96474308,-0.04119432,-0.25994968,0
-2.8314676,-4.823041,-1.9879141,-0.96474308,-0.04119432,-0.25994968,0
3.699491,5.919486,-3.0764446,0.24956933,0.17047238,-0.9532336,0
2.156724,5.0135822,2.6105881,-0.083582103,0.98450094,0.15418121,0
-0.41845083,-4.704577,-3.2296209,0.083582103,-0.98450094,-0.15418121,0
-3.0214815,-4.9591618,-1.8901343,-0.96474308,-0.04119432,-0.25994968,0
0.56203318,4.1564193,-4.5289335,0.24956933,0.17047238,-0.9532336,0
4.3120422,1.7025921,-2.8744416,0.96474308,0.04119432,0.25994968,0
0.70463586,-2.8697712,4.9270859,-0.24956933,-0.17047238,0.9532336,0
-1.4382706,-5.6036673,1.9056654,0.083582103,-0.98450094,-0.15418121,0
0.28078794,-3.7197256,-5.8224382,0.24956933,0.17047238,-0.9532336,0
-1.8288317,-3.8168609,4.1013713,-0.24956933,-0.17047238,0.9532336,0
-0.207304,-4.1917629,-4.7149229,0.083582103,-0.98450094,-0.15418121,0
2.5462098,-2.0807164,4.1771326,0.96474308,0.04119432,0.25994968,0
0.91732442,-0.57703519,-5.3103166,0.24956933,0.17047238,-0.9532336,0
4.0103588,5.8515954,-2.7294674,-0.083582103,0.98450094,0.15418121,0
-2.009408,-5.1153822,-1.0564144,0.083582103,-0.98450094,-0.15418121,0
3.6781449,2.3939569,-0.37407565,0.96474308,0.04119432,0.25994968,0
-3.296468,-1.1791704,-0.32921541,-0.96474308,-0.04119432,-0.25994968,0
4.4516287,-4.1139488,-1.7048,0.96474308,0.04119432,0.25994968,0
2.9036789,-3.9570677,3.5738685,0.96474308,0.04119432,0.25994968,0
0.15330553,4.2805705,3.9905376,-0.083582103,0.98450094,0.15418121,0
3.9047208,-3.5762382,-0.93802881,0.96474308,0.04119432,0.25994968,0
-2.0868056,2.5669155,5.1102276,-0.24956933,-0.17047238,0.9532336,0
-2.9790192,-4.392921,-2.2930198,-0.96474308,-0.04119432,-0.25994968,0
-3.2702975,-3.2374372,-1.0694895,-0.96474308,-0.04119432,-0.25994968,0
1.5644159,2.5353518,5.9267902,-0.24956933,-0.17047238,0.9532336,0
3.7835894,5.7079144,-1.518507,0.96474308,0.04119432,0.25994968,0
4.3230243,-2.7637603,-2.2659194,0.96474308,0.04119432,0.25994968,0
0.49151039,-5.062851,1.3576756,0.083582103,-0.98450094,-0.15418121,0
-1.9016567,0.13103819,-5.7814732,0.24956933,0.17047238,-0.9532336,0
-0.2565341,5.295413,-2.714941,-0.083582103,0.98450094,0.15418121,0
4.4821863,-0.61331844,-3.7635379,0.96474308,0.04119432,0.25994968,0
2.4710522,3.7151682,-4.0991435,0.24956933,0.17047238,-0.9532336,0
2.8276772,-1.0583901,2.9691062,0.96474308,0.04119432,0.25994968,0
3.8898311,2.7600291,-1.1995251,0.96474308,0.04119432,0.25994968,0
3.9507604,3.0551066,-1.2398336,0.96474308,0.04119432,0.25994968,0
1.7521539,4.8245783,2.8786106,-0.083582103,0.98450094,0.15418121,0
3.2841396,3.3881528,0.98882753,0.96474308,0.04119432,0.25994968,0
1.0103216,-4.1451006,4.6373768,-0.24956933,-0.17047238,0.9532336,0
-4.3708463,-2.6033931,2.9047132,-0.96474308,-0.04119432,-0.25994968,0
-2.7538543,1.0851083,4.5500417,-0.24956933,-0.17047238,0.9532336,0
1.2614081,-5.5897045,4.3769484,0.083582103,-0.98450094,-0.15418121,0
-4.6834989,-0.25677609,3.7735543,-0.96474308,-0.04119432,-0.25994968,0
3.5446177,-0.74273354,-4.6121368,0.24956933,0.17047238,-0.9532336,0
-1.8013408,-2.0170188,4.5218406,-0.24956933,-0.17047238,0.9532336,0
-3.4222369,0.89071751,-1.1867367,-0.96474308,-0.04119432,-0.25994968,0
-1.4221005,-2.6225047,4.577024,-0.24956933,-0.17047238,0.9532336,0
3.412117,-1.2759051,0.5159207,0.96474308,0.04119432,0.25994968,0
-0.97117257,-0.47506094,-5.7478828,0.24956933,0.17047238,-0.9532336,0
-0.29184484,4.7736416,0.95392972,-0.083582103,0.98450094,0.15418121,0
-0.39073229,-4.4792204,-4.3324547,0.083582103,-0.98450094,-0.15418121,0
-4.132225,-2.5277565,2.0886812,-0.96474308,-0.04119432,-0.25994968,0
-2.6139851,1.6524,-3.5325367,-0.96474308,-0.04119432,-0.25994968,0
-4.2062931,1.2452482,1.6373768,-0.96474308,-0.04119432,-0.25994968,0
-0.13311768,-5.2707405,4.1562142,-0.24956933,-0.17047238,0.9532336,0
-3.1118774,-3.5986269,-1.2745054,-0.96474308,-0.04119432,-0.25994968,0
1.2850404,5.751791,-3.1843967,-0.083582103,0.98450094,0.15418121,0
4.3428149,2.2258668,-2.9031572,0.96474308,0.04119432,0.25994968,0
1.561832,-0.44745195,-4.772047,0.24956933,0.17047238,-0.9532336,0
-1.2890668,-5.5605655,2.5689564,0.083582103,-0.98450094,-0.15418121,0
-0.03655529,-3.2814837,-5.7103796,0.24956933,0.17047238,-0.9532336,0
3.9283347,-2.1902204,-0.1138978,0.96474308,0.04119432,0.25994968,0
-3.2562196,-1.6401045,4.2195816,-0.24956933,-0.17047238,0.9532336,0
-1.5421305,5.2828646,-3.2422371,-0.083582103,0.98450094,0.15418121,0
3.0184252,-4.9549851,3.1973653,0.96474308,0.04119432,0.25994968,0
-4.0081115,-1.7499301,2.027113,-0.96474308,-0.04119432,-0.25994968,0
1.3949659,3.6729519,-4.2412033,0.24956933,0.17047238,-0.9532336,0
2.3405242,-0.50038791,4.3268886,0.96474308,0.04119432,0.25994968,0
-0.56848848,2.4667408,-5.0345297,0.24956933,0.17047238,-0.9532336,0
1.9971848,-4.6474361,-1.9155023,0.083582103,-0.98450094,-0.15418121,0
-0.61840105,5.3976083,-1.1417933,-0.083582103,0.98450094,0.15418121,0
-4.1342235,0.13713479,2.6235709,-0.96474308,-0.04119432,-0.25994968,0
-3.2552509,5.0162477,-2.3692324,-0.083582103,0.98450094,0.15418121,0
-3.7294817,-3.4789886,3.8021879,-0.24956933,-0.17047238,0.9532336,0
-3.0033092,-4.920146,-1.3568425,0.083582103,-0.98450094,-0.15418121,0
0.21945047,4.9927707,0.031130314,-0.083582103,0.98450094,0.15418121,0
1.2307658,4.7018924,2.1591203,-0.083582103,0.98450094,0.15418121,0
-3.724303,2.3039114,0.59738767,-0.96474308,-0.04119432,-0.25994968,0
-1.8619804,-4.2716589,-5.5804377,0.083582103,-0.98450094,-0.15418121,0
-3.2259707,-4.840095,-1.4364913,-0.96474308,-0.04119432,-0.25994968,0
-1.7974539,3.7381485,5.2410164,-0.24956933,-0.17047238,0.9532336,0
2.7185717,-0.24378681,3.6735122,0.96474308,0.04119432,0.25994968,0
-3.7188158,-0.16954052,4.0375242,-0.24956933,-0.17047238,0.9532336,0
0.62054825,-4.231307,-5.5387611,0.083582103,-0.98450094,-0.15418121,0
-1.5965694,1.012594,5.0040765,-0.24956933,-0.17047238,0.9532336,0
-2.7024026,-4.8905725,-2.0456154,0.083582103,-0.98450094,-0.15418121,0
-0.57597446,-4.464088,-4.1065979,0.083582103,-0.98450094,-0.15418121,0
-0.94084787,-5.0492458,-1.9618,0.083582103,-0.98450094,-0.15418121,0
-4.0109181,3.3879235,0.44231081,-0.96474308,-0.04119432,-0.25994968,0
0.76554966,-3.6151366,-5.8102407,0.24956933,0.17047238,-0.9532336,0
-3.2530792,0.29790592,4.5961275,-0.24956933,-0.17047238,0.9532336,0
-3.5739541,-4.7301841,3.4875216,-0.24956933,-0.17047238,0.9532336,0
-0.011092186,-5.2469378,2.3583241,0.083582103,-0.98450094,-0.15418121,0
0.30066043,1.8209236,-4.8084011,0.24956933,0.17047238,-0.9532336,0
-2.651834,-5.1268182,-0.27359343,0.083582103,-0.98450094,-0.15418121,0
3.1066356,-0.57397676,1.7388562,0.96474308,0.04119432,0.25994968,0
3.010849,5.6824694,-2.9099412,-0.083582103,0.98450094,0.15418121,0
-2.6293764,5.2437329,-2.1998234,-0.083582103,0.98450094,0.15418121,0
-3.1047916,-1.923084,-2.2863102,-0.96474308,-0.04119432,-0.25994968,0
-0.96019155,1.1398926,-5.4089503,0.24956933,0.17047238,-0.9532336,0
3.0468533,-1.2100205,2.638135,0.96474308,0.04119432,0.25994968,0
-4.6114554,2.3492355,2.599118,-0.96474308,-0.04119432,-0.25994968,0
-1.6638215,2.4382377,5.2835832,-0.24956933,-0.17047238,0.9532336,0
-0.98699856,4.1757865,4.8165812,-0.083582103,0.98450094,0.15418121,0
-0.8013308,-5.6723804,4.1742067,-0.24956933,-0.17047238,0.9532336,0
-2.6352601,-3.4993634,4.1234894,-0.24956933,-0.17047238,0.9532336,0
-0.8396492,4.3468614,3.7007575,-0.083582103,0.98450094,0.15418121,0
2.6352191,1.3031015,-4.4674397,0.24956933,0.17047238,-0.9532336,0
0.12762856,0.17961287,5.3861823,-0.24956933,-0.17047238,0.9532336,0
-3.5194044,-2.2136383,0.59260583,-0.96474308,-0.04119432,-0.25994968,0
0.76749754,4.7294436,2.0128202,-0.083582103,0.98450094,0.15418121,0
-0.95841086,0.7654984,5.0153246,-0.24956933,-0.17047238,0.9532336,0
0.91318393,-5.3189845,2.1438134,0.083582103,-0.98450094,-0.15418121,0
1.8587513,-4.185565,-4.9751477,0.083582103,-0.98450094,-0.15418121,0
-0.16617346,4.0760617,-4.6768289,0.24956933,0.17047238,-0.9532336,0
1.3194733,3.4874868,6.0692797,-0.24956933,-0.17047238,0.9532336,0
3.5358486,-0.2481519,-4.2314386,0.24956933,0.17047238,-0.9532336,0
