-4.1440897,-1.0392649,-1.6609964,-0.93368614,-0.23495698,-0.27023292,0
3.2063768,3.7040341,2.7165885,0.93368614,0.23495698,0.27023292,0
4.3359485,3.1583657,-1.130342,0.93368614,0.23495698,0.27023292,0
3.6143763,-2.4172437,2.9300828,0.15610766,-0.94622904,0.28333962,0
-0.65040135,-3.9901967,-0.95633918,0.15610766,-0.94622904,0.28333962,0
-4.0261555,-1.4274664,-2.139389,-0.93368614,-0.23495698,-0.27023292,0
4.9262352,0.0021139681,0.085638523,0.93368614,0.23495698,0.27023292,0
3.093684,-0.50371695,4.8419113,-0.32227463,0.22236502,0.92015934,0
-2.9470072,0.95966148,2.4730275,-0.32227463,0.22236502,0.92015934,0
0.41681433,-3.9655738,-1.2392043,0.15610766,-0.94622904,0.28333962,0
4.655839,2.2783153,-1.6562619,0.93368614,0.23495698,0.27023292,0
3.4795504,-1.4583249,4.9039302,0.15610766,-0.94622904,0.28333962,0
2.0883069,-0.059803724,-2.942395,0.32227463,-0.22236502,-0.92015934,0
-2.740629,-4.1177764,0.50841641,0.15610766,-0.94622904,0.28333962,0
3.5406442,1.9180408,2.1868584,0.93368614,0.23495698,0.27023292,0
-0.60523677,1.3785903,-4.1951995,0.32227463,-0.22236502,-0.92015934,0
3.6746902,0.60844707,2.6980448,0.93368614,0.23495698,0.27023292,0
-1.8250091,0.56095457,2.9304991,-0.32227463,0.22236502,0.92015934,0
3.7009618,-0.212919,3.3892326,0.93368614,0.23495698,0.27023292,0
-1.5254887,1.2329106,3.0554309,-0.32227463,0.22236502,0.92015934,0
-1.4127648,0.24863052,3.3038406,-0.32227463,0.22236502,0.92015934,0
-5.6731749,2.8662496,0.58830547,-0.93368614,-0.23495698,-0.27023292,0
-3.3488827,-1.2338595,-4.2286863,-0.93368614,-0.23495698,-0.27023292,0
-3.0952406,-2.37465,-3.7149222,-0.93368614,-0.23495698,-0.27023292,0
-3.9358883,2.0039024,-3.4353647,-0.15610766,0.94622904,-0.28333962,0
-2.2721198,-1.6132276,3.6146774,-0.32227463,0.22236502,0.92015934,0
2.9544871,-1.1258883,5.1278138,-0.32227463,0.22236502,0.92015934,0
2.8211031,2.0197623,-3.4258823,0.32227463,-0.22236502,-0.92015934,0
4.2074699,1.280724,1.3537073,0.93368614,0.23495698,0.27023292,0
-3.4969029,-4.2255163,-0.055779934,0.15610766,-0.94622904,0.28333962,0
4.3743196,-2.9365993,-1.6699464,0.32227463,-0.22236502,-0.92015934,0
4.0053687,-1.0931497,3.4278769,0.93368614,0.23495698,0.27023292,0
-0.26999927,-3.0950398,1.8250111,0.15610766,-0.94622904,0.28333962,0
-3.2895358,-1.5425391,-3.7976854,-0.93368614,-0.23495698,-0.27023292,0
-2.5370886,-4.0793061,0.019239426,0.15610766,-0.94622904,0.28333962,0
-3.1809981,-3.3662748,2.4758682,0.15610766,-0.94622904,0.28333962,0
-2.295392,2.9539638,-0.84051204,-0.15610766,0.94622904,-0.28333962,0
-2.2110233,1.4926267,2.7202928,-0.32227463,0.22236502,0.92015934,0
-4.3178458,-2.3655896,0.92928076,-0.93368614,-0.23495698,-0.27023292,0
4.7615452,-1.4801077,1.0356083,0.93368614,0.23495698,0.27023292,0
-4.6058102,-1.4650929,2.7348552,-0.32227463,0.22236502,0.92015934,0
-4.5560675,-3.3910999,2.3720431,-0.93368614,-0.23495698,-0.27023292,0
-1.9439449,-3.4937139,-3.7387605,0.32227463,-0.22236502,-0.92015934,0
-4.1209292,-0.39089882,-1.4290891,-0.93368614,-0.23495698,-0.27023292,0
1.3952451,1.0967593,4.0481071,-0.32227463,0.22236502,0.92015934,0
2.7987151,-2.3308964,3.5369287,0.15610766,-0.94622904,0.28333962,0
3.6641779,-3.3340394,-1.8945711,0.32227463,-0.22236502,-0.92015934,0
-0.1941328,-4.4869585,-2.9009891,0.32227463,-0.22236502,-0.92015934,0
3.5591741,-0.029751301,4.5869956,0.93368614,0.23495698,0.27023292,0
-3.9676185,1.3123884,2.270874,-0.32227463,0.22236502,0.92015934,0
-3.9379635,-2.3691733,-0.71530771,-0.93368614,-0.23495698,-0.27023292,0
0.30940104,4.1693482,1.0742139,-0.15610766,0.94622904,-0.28333962,0
4.0204921,0.63285041,2.8749776,0.93368614,0.23495698,0.27023292,0
3.4427428,3.7030332,2.0356681,0.93368614,0.23495698,0.27023292,0
-3.1399853,2.1685257,-3.5873179,-0.15610766,0.94622904,-0.28333962,0
0.20454597,4.2546787,2.9841371,-0.32227463,0.22236502,0.92015934,0
-3.1456647,-0.90988016,-4.4702888,-0.93368614,-0.23495698,-0.27023292,0
-0.40496063,3.0947962,-1.9425905,-0.15610766,0.94622904,-0.28333962,0
-0.87046814,-4.3298836,-3.0624886,0.32227463,-0.22236502,-0.92015934,0
1.0191379,4.1858258,0.4505493,-0.15610766,0.94622904,-0.28333962,0
1.517164,4.0366592,3.4463334,-0.32227463,0.22236502,0.92015934,0
-2.4066935,-4.7474241,-3.3208396,0.32227463,-0.22236502,-0.92015934,0
-3.0801818,-2.4266801,-4.0521107,-0.93368614,-0.23495698,-0.27023292,0
-2.299902,1.5177059,2.596302,-0.32227463,0.22236502,0.92015934,0
1.3055317,0.18837166,-3.4329031,0.32227463,-0.22236502,-0.92015934,0
0.2820183,0.98052239,3.6023147,-0.32227463,0.22236502,0.92015934,0
-1.9367337,3.0104909,-1.5364213,-0.15610766,0.94622904,-0.28333962,0
3.420105,-2.5588348,2.5224981,0.15610766,-0.94622904,0.28333962,0
-1.3869958,-2.5850024,-3.7032084,0.32227463,-0.22236502,-0.92015934,0
3.838346,-2.0703049,2.7333722,0.15610766,-0.94622904,0.28333962,0
3.6754932,1.6057845,-2.7503896,0.32227463,-0.22236502,-0.92015934,0
2.1682894,2.2948132,-3.6412749,0.32227463,-0.22236502,-0.92015934,0
4.2840729,1.3545556,-2.7402692,0.32227463,-0.22236502,-0.92015934,0
3.7131736,0.96681976,2.3894033,0.93368614,0.23495698,0.27023292,0
0.86971754,-0.81610441,4.472043,-0.32227463,0.22236502,0.92015934,0
0.51624751,-3.3647408,1.3328583,0.15610766,-0.94622904,0.28333962,0
-3.9934132,-1.2421477,-1.2024698,-0.93368614,-0.23495698,-0.27023292,0
-3.2694266,-2.0543594,3.3451583,-0.32227463,0.22236502,0.92015934,0
-4.3432794,-3.8217845,2.2467694,0.15610766,-0.94622904,0.28333962,0
-1.9050539,-3.3838234,-3.6844549,0.32227463,-0.22236502,-0.92015934,0
-0.51397681,3.2388272,-1.5919523,-0.15610766,0.94622904,-0.28333962,0
3.244128,2.6986392,2.9219847,0.93368614,0.23495698,0.27023292,0
-4.0058484,0.85032058,-4.0951734,-0.93368614,-0.23495698,-0.27023292,0
-3.7555456,0.67686081,-4.9022312,-0.93368614,-0.23495698,-0.27023292,0
3.9788444,-0.55055332,-2.4551973,0.32227463,-0.22236502,-0.92015934,0
3.3494127,-2.6089087,-2.1745496,0.32227463,-0.22236502,-0.92015934,0
-1.4870911,-3.3768983,2.1520252,0.15610766,-0.94622904,0.28333962,0
2.1767895,-2.7660832,-2.5735047,0.32227463,-0.22236502,-0.92015934,0
2.6570821,-2.3347445,2.9845827,0.15610766,-0.94622904,0.28333962,0
-3.9496326,1.0638568,2.1277988,-0.32227463,0.22236502,0.92015934,0
-2.6790524,-4.1147981,-0.21655345,0.15610766,-0.94622904,0.28333962,0
-4.7750664,-2.2857878,2.2472787,-0.93368614,-0.23495698,-0.27023292,0
4.0108156,1.0117149,2.1368513,0.93368614,0.23495698,0.27023292,0
-2.6660297,2.7489231,2.2531598,-0.32227463,0.22236502,0.92015934,0
-4.8117685,2.4422121,1.4985461,-0.32227463,0.22236502,0.92015934,0
5.6945009,-2.9559555,-0.99752235,0.15610766,-0.94622904,0.28333962,0
2.0115647,-2.802618,1.7747822,0.15610766,-0.94622904,0.28333962,0
3.3574839,3.4793148,2.0304837,0.93368614,0.23495698,0.27023292,0
-0.08782959,4.2535667,2.5582726,-0.32227463,0.22236502,0.92015934,0
-1.5895395,-1.0113983,3.5306716,-0.32227463,0.22236502,0.92015934,0
1.7160563,4.5587687,1.4458259,-0.15610766,0.94622904,-0.28333962,0
3.7467477,1.6274147,2.875742,0.93368614,0.23495698,0.27023292,0
-2.1190004,-4.8731923,-2.5272231,0.15610766,-0.94622904,0.28333962,0
3.8639579,0.67171526,-2.7522483,0.32227463,-0.22236502,-0.92015934,0
0.078419834,-0.59357929,3.9338691,-0.32227463,0.22236502,0.92015934,0
3.424711,1.2406864,4.3747869,0.93368614,0.23495698,0.27023292,0
-2.3272009,3.7338369,0.88266301,-0.15610766,0.94622904,-0.28333962,0
-1.8956194,3.2384024,-1.0693164,-0.15610766,0.94622904,-0.28333962,0
2.2692657,0.15414047,-3.1590097,0.32227463,-0.22236502,-0.92015934,0
1.3004687,-3.2004352,0.57087886,0.15610766,-0.94622904,0.28333962,0
-0.94461608,2.1409078,2.9779096,-0.32227463,0.22236502,0.92015934,0
-1.1430292,-4.5923557,-3.2745886,0.32227463,-0.22236502,-0.92015934,0
-2.929235,3.0104175,1.9224553,-0.32227463,0.22236502,0.92015934,0
-5.809701,2.3263662,0.93287373,-0.93368614,-0.23495698,-0.27023292,0
3.9550228,1.5605075,1.6465158,0.93368614,0.23495698,0.27023292,0
3.3901372,2.5835011,-3.2382424,0.32227463,-0.22236502,-0.92015934,0
4.9076924,-1.381582,0.77078009,0.93368614,0.23495698,0.27023292,0
1.4412565,-0.85954332,-2.9289403,0.32227463,-0.22236502,-0.92015934,0
3.4345489,1.7879982,3.4839883,0.93368614,0.23495698,0.27023292,0
5.562727,-1.7347063,-0.64633846,0.93368614,0.23495698,0.27023292,0
3.8349915,-1.4750857,4.5388246,0.93368614,0.23495698,0.27023292,0
-2.7745192,2.5908494,-1.4803333,-0.15610766,0.94622904,-0.28333962,0
4.6230836,0.63593364,-0.39456701,0.93368614,0.23495698,0.27023292,0
2.1588595,0.2012229,-3.061589,0.32227463,-0.22236502,-0.92015934,0
-0.96701002,-4.2690029,-2.9405446,0.32227463,-0.22236502,-0.92015934,0
-0.43099236,1.8523302,3.2601273,-0.32227463,0.22236502,0.92015934,0
-3.6429281,1.5543427,2.05498,-0.32227463,0.22236502,0.92015934,0
4.2873001,-1.2656116,-1.9466121,0.32227463,-0.22236502,-0.92015934,0
-4.0524807,0.31175518,-2.2318006,-0.93368614,-0.23495698,-0.27023292,0
3.9603715,-1.6183581,4.8287606,0.93368614,0.23495698,0.27023292,0
-3.4860556,-0.37491131,-3.870245,-0.93368614,-0.23495698,-0.27023292,0
-4.6296539,2.7538719,-1.1359081,-0.15610766,0.94622904,-0.28333962,0
-2.7029164,-2.4066625,-4.2889223,0.32227463,-0.22236502,-0.92015934,0
3.0291424,-1.6630001,5.2251992,-0.32227463,0.22236502,0.92015934,0
2.5739117,1.5591507,-3.4096205,0.32227463,-0.22236502,-0.92015934,0
-1.8700372,-3.3396692,2.2650027,0.15610766,-0.94622904,0.28333962,0
-0.50795937,-3.9461789,-3.2354043,0.32227463,-0.22236502,-0.92015934,0
-2.2772779,-1.7018137,-4.0540829,0.32227463,-0.22236502,-0.92015934,0
-3.0140274,3.0921581,2.1314075,-0.32227463,0.22236502,0.92015934,0
-5.2910786,-0.22280979,1.2768707,-0.93368614,-0.23495698,-0.27023292,0
-5.1661983,0.24466288,1.6400266,-0.93368614,-0.23495698,-0.27023292,0
-5.1358566,1.2657282,0.53127098,-0.93368614,-0.23495698,-0.27023292,0
-1.2822902,2.6980026,-2.846417,-0.15610766,0.94622904,-0.28333962,0
-2.2591558,2.8740048,-2.2135029,-0.15610766,0.94622904,-0.28333962,0
-0.49871707,3.6140049,0.21776396,-0.15610766,0.94622904,-0.28333962,0
3.797029,-1.46312,5.3689609,0.93368614,0.23495698,0.27023292,0
-3.5316496,2.2920673,-2.7340727,-0.15610766,0.94622904,-0.28333962,0
-5.6271548,0.34860909,1.7727776,-0.93368614,-0.23495698,-0.27023292,0
-0.1674912,-3.5673773,0.12860155,0.15610766,-0.94622904,0.28333962,0
2.3191633,3.1796913,-2.5126269,-0.15610766,0.94622904,-0.28333962,0
-4.4872417,-0.72119546,2.3313556,-0.32227463,0.22236502,0.92015934,0
-3.4350946,-4.4546523,-0.84486771,-0.93368614,-0.23495698,-0.27023292,0
2.2020581,5.0245805,2.5753436,-0.15610766,0.94622904,-0.28333962,0
-4.6186056,-0.43693423,2.4088295,-0.32227463,0.22236502,0.92015934,0
1.808212,2.4305356,-3.5706761,0.32227463,-0.22236502,-0.92015934,0
-2.8770857,-0.75342512,-4.5279346,0.32227463,-0.22236502,-0.92015934,0
-2.5000582,3.6706939,1.9517466,-0.15610766,0.94622904,-0.28333962,0
3.352278,0.35056615,-2.7284122,0.32227463,-0.22236502,-0.92015934,0
3.4317477,4.4428458,0.16322327,-0.15610766,0.94622904,-0.28333962,0
1.9380956,4.2114835,0.4188391,-0.15610766,0.94622904,-0.28333962,0
5.0549879,1.2829486,-1.4443934,0.93368614,0.23495698,0.27023292,0
2.0866404,3.9092135,-0.30465031,-0.15610766,0.94622904,-0.28333962,0
2.3741655,-3.7045631,-2.1077847,0.32227463,-0.22236502,-0.92015934,0
-4.3718863,-1.197082,-0.33625555,-0.93368614,-0.23495698,-0.27023292,0
-3.1927285,2.6539357,-2.1592941,-0.15610766,0.94622904,-0.28333962,0
0.80615377,-1.1391931,-3.2850814,0.32227463,-0.22236502,-0.92015934,0
2.2641246,4.197794,0.67862904,-0.15610766,0.94622904,-0.28333962,0
-1.4697994,-3.2705696,2.2046008,0.15610766,-0.94622904,0.28333962,0
4.6949291,-0.36782783,0.048957348,0.93368614,0.23495698,0.27023292,0
-0.39976001,-3.2410696,2.3970358,0.15610766,-0.94622904,0.28333962,0
2.101326,-2.152858,4.0318098,0.15610766,-0.94622904,0.28333962,0
1.8536046,-0.22796249,4.4739842,-0.32227463,0.22236502,0.92015934,0
3.4869118,1.3166183,-2.784956,0.32227463,-0.22236502,-0.92015934,0
-1.4664886,1.9896419,2.794827,-0.32227463,0.22236502,0.92015934,0
-1.3691876,2.3352652,2.6266119,-0.32227463,0.22236502,0.92015934,0
-1.1470668,-4.4180045,-1.1043074,0.15610766,-0.94622904,0.28333962,0
2.0198281,4.5052185,0.89797795,-0.15610766,0.94622904,-0.28333962,0
0.97552776,-3.1870241,1.7231886,0.15610766,-0.94622904,0.28333962,0
1.8854365,1.9652811,-3.5692444,0.32227463,-0.22236502,-0.92015934,0
-0.4277941,1.5538552,-4.5268321,0.32227463,-0.22236502,-0.92015934,0
3.7698619,-2.9773805,-0.22240019,0.15610766,-0.94622904,0.28333962,0
-1.2372122,-3.8941908,-0.540066,0.15610766,-0.94622904,0.28333962,0
-3.3746259,0.17602324,2.5215321,-0.32227463,0.22236502,0.92015934,0
0.73967505,-4.430553,-2.2043195,0.15610766,-0.94622904,0.28333962,0
-5.1368866,2.1682348,1.5282593,-0.32227463,0.22236502,0.92015934,0
-0.13332427,-0.97825432,-3.5816383,0.32227463,-0.22236502,-0.92015934,0
-4.9146643,-2.4786534,2.1833138,-0.93368614,-0.23495698,-0.27023292,0
2.1405594,3.4842443,-1.8315674,-0.15610766,0.94622904,-0.28333962,0
-1.4578558,-1.6060877,-3.9242861,0.32227463,-0.22236502,-0.92015934,0
-4.3210406,-1.4978164,-0.91114616,-0.93368614,-0.23495698,-0.27023292,0
-5.173243,2.2879992,-1.1963234,-0.93368614,-0.23495698,-0.27023292,0
-3.367017,0.52109241,-4.8479877,-0.93368614,-0.23495698,-0.27023292,0
-2.1443703,2.1769426,-4.2962494,-0.15610766,0.94622904,-0.28333962,0
5.2148519,0.86704862,-2.1654608,0.32227463,-0.22236502,-0.92015934,0
-3.5022378,-3.915684,1.226197,0.15610766,-0.94622904,0.28333962,0
-2.9610071,2.2587807,-3.4336567,-0.15610766,0.94622904,-0.28333962,0
-2.2726753,0.63763237,-4.8347187,0.32227463,-0.22236502,-0.92015934,0
-4.2005663,-3.9651933,1.6731873,0.15610766,-0.94622904,0.28333962,0
-3.9756525,2.3075085,-2.9834709,-0.15610766,0.94622904,-0.28333962,0
-3.29548,3.2660961,0.67773366,-0.15610766,0.94622904,-0.28333962,0
-4.4857807,1.5661268,-2.771718,-0.93368614,-0.23495698,-0.27023292,0
4.7466531,-1.3843974,1.9074354,0.93368614,0.23495698,0.27023292,0
4.5382762,-1.7270623,2.5405445,0.93368614,0.23495698,0.27023292,0
2.4278984,0.16866016,4.7624683,-0.32227463,0.22236502,0.92015934,0
2.0885758,-0.38899136,-3.1128216,0.32227463,-0.22236502,-0.92015934,0
-3.280149,1.6388474,-5.1391492,0.32227463,-0.22236502,-0.92015934,0
-3.3032663,-3.9553113,-1.4112501,-0.93368614,-0.23495698,-0.27023292,0
-4.3785052,-2.845624,0.60118842,-0.93368614,-0.23495698,-0.27023292,0
-5.3964353,0.80149221,1.7759957,-0.93368614,-0.23495698,-0.27023292,0
4.270925,2.9274366,-0.66877365,0.93368614,0.23495698,0.27023292,0
1.052472,0.13000154,-3.483242,0.32227463,-0.22236502,-0.92015934,0
-1.4534428,-3.1672175,3.1527004,0.15610766,-0.94622904,0.28333962,0
-2.6849878,-4.1167088,-0.13256836,0.15610766,-0.94622904,0.28333962,0
-3.4013102,2.6091146,-1.6357331,-0.15610766,0.94622904,-0.28333962,0
-3.7983215,-2.8479464,-1.7279153,-0.93368614,-0.23495698,-0.27023292,0
-3.3368144,-4.241395,-0.85979009,-0.93368614,-0.23495698,-0.27023292,0
3.8535688,0.035109043,3.3312793,0.93368614,0.23495698,0.27023292,0
4.0327821,3.8664658,-1.04967,-0.15610766,0.94622904,-0.28333962,0
4.4782887,2.1789424,-0.73933697,0.93368614,0.23495698,0.27023292,0
4.371232,2.2227931,-1.0701349,0.93368614,0.23495698,0.27023292,0
2.445785,3.8404288,3.8962603,-0.32227463,0.22236502,0.92015934,0
-5.4285984,2.238574,0.072820187,-0.93368614,-0.23495698,-0.27023292,0
3.5924425,1.6691527,2.598974,0.93368614,0.23495698,0.27023292,0
1.1347008,3.2563655,-2.793514,-0.15610766,0.94622904,-0.28333962,0
3.5211833,2.8260238,2.3063531,0.93368614,0.23495698,0.27023292,0
3.9634855,1.7483482,-2.9957149,0.32227463,-0.22236502,-0.92015934,0
2.1346397,-2.0257103,4.628149,0.15610766,-0.94622904,0.28333962,0
3.2533875,1.0404868,4.2979221,0.93368614,0.23495698,0.27023292,0
1.3872261,-3.4300551,0.5884676,0.15610766,-0.94622904,0.28333962,0
-4.4694538,-3.4833093,2.4784951,0.15610766,-0.94622904,0.28333962,0
2.9126463,2.7060018,3.6311061,0.93368614,0.23495698,0.27023292,0
-2.7393792,-4.2339134,-3.4400978,-0.93368614,-0.23495698,-0.27023292,0
5.296207,-0.44570374,-0.8502202,0.93368614,0.23495698,0.27023292,0
-1.2894076,-2.566463,-3.6356211,0.32227463,-0.22236502,-0.92015934,0
-1.2120533,3.9185288,0.89894462,-0.15610766,0.94622904,-0.28333962,0
0.49258685,-3.5744882,0.61578155,0.15610766,-0.94622904,0.28333962,0
-4.0519285,0.049116373,-1.9796925,-0.93368614,-0.23495698,-0.27023292,0
-0.56393242,4.1524539,2.0208395,-0.15610766,0.94622904,-0.28333962,0
0.85532498,2.9511318,3.4590437,-0.32227463,0.22236502,0.92015934,0
-4.4143629,-2.109035,2.9575315,-0.32227463,0.22236502,0.92015934,0
-1.8054388,-3.1436341,2.6104064,0.15610766,-0.94622904,0.28333962,0
1.2686498,-2.8838668,1.7466694,0.15610766,-0.94622904,0.28333962,0
4.3101444,3.0116305,-2.9416409,0.32227463,-0.22236502,-0.92015934,0
1.5240746,1.991789,-3.6645179,0.32227463,-0.22236502,-0.92015934,0
-5.3630171,3.1188586,0.50548983,-0.15610766,0.94622904,-0.28333962,0
3.4053059,1.7411647,3.3278255,0.93368614,0.23495698,0.27023292,0
-3.7296762,-3.8354611,1.2625711,0.15610766,-0.94622904,0.28333962,0
-0.30059838,2.578763,2.9429445,-0.32227463,0.22236502,0.92015934,0
0.015341282,0.9746201,-4.2455263,0.32227463,-0.22236502,-0.92015934,0
-3.2518239,0.9094491,-5.2811069,0.32227463,-0.22236502,-0.92015934,0
-2.0705738,0.49535799,-4.6460695,0.32227463,-0.22236502,-0.92015934,0
2.6594253,-3.7019985,-0.97689342,0.15610766,-0.94622904,0.28333962,0
-5.1698666,-1.4170474,1.8670866,-0.93368614,-0.23495698,-0.27023292,0
-2.6797197,0.46508956,2.8229065,-0.32227463,0.22236502,0.92015934,0
-4.3906202,1.2238709,-2.3158579,-0.93368614,-0.23495698,-0.27023292,0
2.9707267,3.8077772,2.8844252,0.93368614,0.23495698,0.27023292,0
-1.1043172,2.2027743,2.7328877,-0.32227463,0.22236502,0.92015934,0
1.9145415,-1.3379912,-2.7389464,0.32227463,-0.22236502,-0.92015934,0
2.6747055,4.8370724,3.3756399,0.93368614,0.23495698,0.27023292,0
3.8803201,-0.27946258,3.2942863,0.93368614,0.23495698,0.27023292,0
-0.054749727,2.9541149,-2.3019538,-0.15610766,0.94622904,-0.28333962,0
-0.13734269,-2.8121345,-3.3568635,0.32227463,-0.22236502,-0.92015934,0
-5.3108072,2.7331655,1.4698234,-0.32227463,0.22236502,0.92015934,0
0.84049177,4.57093,2.3196285,-0.15610766,0.94622904,-0.28333962,0
4.7958221,-1.972337,1.2563481,0.93368614,0.23495698,0.27023292,0
1.0411024,-2.5745163,-2.8794794,0.32227463,-0.22236502,-0.92015934,0
-2.3656235,2.3555989,-2.5087655,-0.15610766,0.94622904,-0.28333962,0
-4.2520957,0.58298874,-2.7671504,-0.93368614,-0.23495698,-0.27023292,0
-3.3430734,-2.6673305,-2.824259,-0.93368614,-0.23495698,-0.27023292,0
-4.5147638,1.7676647,-2.7653303,-0.93368614,-0.23495698,-0.27023292,0
-2.8755894,-4.6962223,-2.6574647,-0.93368614,-0.23495698,-0.27023292,0
1.3820524,3.0198538,3.4480109,-0.32227463,0.22236502,0.92015934,0
4.1693745,-1.1786118,-2.1955676,0.32227463,-0.22236502,-0.92015934,0
1.3841572,3.5371022,-1.1880677,-0.15610766,0.94622904,-0.28333962,0
-4.2606473,-3.8627143,1.6479144,-0.93368614,-0.23495698,-0.27023292,0
-4.9073005,1.0547203,-1.0414143,-0.93368614,-0.23495698,-0.27023292,0
-0.44675779,-2.6120241,3.5194242,0.15610766,-0.94622904,0.28333962,0
1.0573549,-4.2099919,-2.6190817,0.32227463,-0.22236502,-0.92015934,0
-3.5083132,-4.4993382,-0.76825881,0.15610766,-0.94622904,0.28333962,0
-2.6985106,3.8358488,1.9141179,-0.32227463,0.22236502,0.92015934,0
3.7447267,2.712472,1.1739054,0.93368614,0.23495698,0.27023292,0
-0.46784711,-2.347502,-3.228116,0.32227463,-0.22236502,-0.92015934,0
-0.8218441,3.9969769,0.92757887,-0.15610766,0.94622904,-0.28333962,0
4.9957795,1.3764126,-2.2558248,0.32227463,-0.22236502,-0.92015934,0
2.6611533,4.894846,3.089114,0.93368614,0.23495698,0.27023292,0
1.8766596,-2.4952815,2.9677129,0.15610766,-0.94622904,0.28333962,0
4.0618634,0.9628315,1.7287273,0.93368614,0.23495698,0.27023292,0
-1.1417288,0.44397545,-4.3620129,0.32227463,-0.22236502,-0.92015934,0
-1.8173616,-4.8052902,-2.2523699,0.15610766,-0.94622904,0.28333962,0
3.1448233,-1.4513645,5.2410107,-0.32227463,0.22236502,0.92015934,0
3.6050456,2.2221744,2.6807294,0.93368614,0.23495698,0.27023292,0
-2.2246044,-0.91015124,3.4079294,-0.32227463,0.22236502,0.92015934,0
-2.0368719,-2.0507278,-3.8602755,0.32227463,-0.22236502,-0.92015934,0
1.0469501,-2.8893557,2.7241945,0.15610766,-0.94622904,0.28333962,0
0.40878892,0.51722503,-3.5698724,0.32227463,-0.22236502,-0.92015934,0
-1.4403172,1.1590991,-4.3818321,0.32227463,-0.22236502,-0.92015934,0
2.1600068,-0.098536491,4.3940315,-0.32227463,0.22236502,0.92015934,0
-3.5712631,-3.71456,-1.5391378,-0.93368614,-0.23495698,-0.27023292,0
2.3573344,4.4562674,1.4980419,-0.15610766,0.94622904,-0.28333962,0
1.4769094,3.6883612,-0.72814131,-0.15610766,0.94622904,-0.28333962,0
-4.3486719,-3.58534,1.9704731,-0.93368614,-0.23495698,-0.27023292,0
4.3522196,-0.11836886,1.8983355,0.93368614,0.23495698,0.27023292,0
-3.9203608,-2.6375709,-0.99577761,-0.93368614,-0.23495698,-0.27023292,0
-4.4832611,0.71376061,1.8645723,-0.32227463,0.22236502,0.92015934,0
-2.3790495,2.4461098,-3.5615728,-0.15610766,0.94622904,-0.28333962,0
4.3933368,2.3549614,-0.11663914,0.93368614,0.23495698,0.27023292,0
4.7651219,-1.687736,2.0242572,0.93368614,0.23495698,0.27023292,0
0.34252274,2.4128301,-4.1386662,0.32227463,-0.22236502,-0.92015934,0
-3.1902006,-3.3121185,-3.2597504,-0.93368614,-0.23495698,-0.27023292,0
4.7662258,-1.7619746,1.1929693,0.93368614,0.23495698,0.27023292,0
-0.44727325,-3.2415462,1.5029795,0.15610766,-0.94622904,0.28333962,0
-3.5320532,-2.0395696,-2.0375319,-0.93368614,-0.23495698,-0.27023292,0
2.914484,3.9893112,3.5058179,0.93368614,0.23495698,0.27023292,0
1.2543356,-1.8585618,-3.053926,0.32227463,-0.22236502,-0.92015934,0
3.103941,2.2978134,4.5296974,0.93368614,0.23495698,0.27023292,0
0.1587503,-2.7491589,3.4379301,0.15610766,-0.94622904,0.28333962,0
-0.13086081,-3.860199,-0.44871548,0.15610766,-0.94622904,0.28333962,0
4.8739119,1.9551443,-2.2130566,0.93368614,0.23495698,0.27023292,0
2.5983336,4.3104563,0.87300181,-0.15610766,0.94622904,-0.28333962,0
-0.90982056,3.1474078,2.6514611,-0.32227463,0.22236502,0.92015934,0
4.6453347,-0.10522836,0.80812931,0.93368614,0.23495698,0.27023292,0
4.5669179,-0.60289693,-2.2256389,0.32227463,-0.22236502,-0.92015934,0
-3.6292353,-4.1108379,0.37679839,0.15610766,-0.94622904,0.28333962,0
2.7635086,2.0701134,-3.1897132,0.32227463,-0.22236502,-0.92015934,0
-3.4262671,-2.2297854,-2.7916832,-0.93368614,-0.23495698,-0.27023292,0
-1.5761166,1.3101213,-4.7366076,0.32227463,-0.22236502,-0.92015934,0
-3.5554972,1.3232486,2.3098297,-0.32227463,0.22236502,0.92015934,0
2.9956408,-1.0583601,4.9968243,-0.32227463,0.22236502,0.92015934,0
-3.9660285,-3.6386766,2.0840616,0.15610766,-0.94622904,0.28333962,0
0.7872839,2.5507107,-4.1411195,-0.15610766,0.94622904,-0.28333962,0
-4.4675183,-3.1214831,2.8019121,-0.32227463,0.22236502,0.92015934,0
1.0231814,-0.35104227,4.171164,-0.32227463,0.22236502,0.92015934,0
-3.4959335,-2.606081,-2.2315097,-0.93368614,-0.23495698,-0.27023292,0
-1.8081248,-0.058960438,3.355206,-0.32227463,0.22236502,0.92015934,0
3.3614447,-3.2059164,0.26117086,0.15610766,-0.94622904,0.28333962,0
3.5644727,-1.6756239,5.0799265,0.93368614,0.23495698,0.27023292,0
3.3088496,2.1477468,2.7562072,0.93368614,0.23495698,0.27023292,0
-5.0213227,1.2063143,0.18680429,-0.93368614,-0.23495698,-0.27023292,0
-0.083779097,2.6844542,-3.2380447,-0.15610766,0.94622904,-0.28333962,0
4.334784,-1.4665797,2.9033375,0.93368614,0.23495698,0.27023292,0
4.4285445,1.026334,0.94152641,0.93368614,0.23495698,0.27023292,0
5.0547433,0.34652069,-0.64494419,0.93368614,0.23495698,0.27023292,0
-3.7315521,-3.9765711,1.5315704,0.15610766,-0.94622904,0.28333962,0
3.1382403,4.4509697,0.24561715,-0.15610766,0.94622904,-0.28333962,0
0.85300684,-0.50676942,-3.3297462,0.32227463,-0.22236502,-0.92015934,0
-4.7356467,-2.3326437,1.1310279,-0.93368614,-0.23495698,-0.27023292,0
1.2622811,2.6702251,-3.8127639,0.32227463,-0.22236502,-0.92015934,0
3.8934393,-1.6366072,4.1441789,0.93368614,0.23495698,0.27023292,0
0.79745948,1.9841771,3.6063321,-0.32227463,0.22236502,0.92015934,0
0.43775749,-4.4489722,-2.7528434,0.32227463,-0.22236502,-0.92015934,0
2.1506588,-2.6226153,2.7078123,0.15610766,-0.94622904,0.28333962,0
0.38083446,0.82184124,3.7874951,-0.32227463,0.22236502,0.92015934,0
1.0743682,-3.1229172,0.98386443,0.15610766,-0.94622904,0.28333962,0
-5.2324214,1.9697839,-0.7318821,-0.93368614,-0.23495698,-0.27023292,0
-4.3306589,3.4297721,1.2548416,-0.15610766,0.94622904,-0.28333962,0
4.9915686,-0.31358337,-2.0625205,0.32227463,-0.22236502,-0.92015934,0
-1.0486012,-4.4646654,-2.2417138,0.15610766,-0.94622904,0.28333962,0
-2.1520882,-3.0206199,3.448734,0.15610766,-0.94622904,0.28333962,0
2.7116649,-2.3960304,2.8521595,0.15610766,-0.94622904,0.28333962,0
-3.956656,-3.3578777,-0.53398824,-0.93368614,-0.23495698,-0.27023292,0
3.3346629,1.9906027,2.7909729,0.93368614,0.23495698,0.27023292,0
-3.8416734,0.97761703,-3.9066124,-0.93368614,-0.23495698,-0.27023292,0
-4.718411,0.51780558,-0.18456268,-0.93368614,-0.23495698,-0.27023292,0
-0.26898003,3.6371536,-0.013782918,-0.15610766,0.94622904,-0.28333962,0
-3.8413296,3.1830087,0.55832672,-0.15610766,0.94622904,-0.28333962,0
3.9696794,-2.6869802,-1.5515997,0.32227463,-0.22236502,-0.92015934,0
-2.1458549,3.2752874,0.28292513,-0.15610766,0.94622904,-0.28333962,0
-3.2724543,-0.9221139,-3.8643932,-0.93368614,-0.23495698,-0.27023292,0
2.2543402,-3.6549385,-0.72817111,0.15610766,-0.94622904,0.28333962,0
-0.54939413,3.9870613,1.0569278,-0.15610766,0.94622904,-0.28333962,0
-3.9815097,0.37089491,-3.6881666,-0.93368614,-0.23495698,-0.27023292,0
2.3224521,2.08814,4.0334702,-0.32227463,0.22236502,0.92015934,0
2.6318235,5.1082335,2.5958147,-0.15610766,0.94622904,-0.28333962,0
1.8276565,0.26683021,-3.3924313,0.32227463,-0.22236502,-0.92015934,0
-3.337914,1.9586381,-3.3621011,-0.15610766,0.94622904,-0.28333962,0
2.769567,-3.029177,0.61977673,0.15610766,-0.94622904,0.28333962,0
3.189935,0.82605124,4.5945802,0.93368614,0.23495698,0.27023292,0
-3.7456217,3.1218383,-0.43128395,-0.15610766,0.94622904,-0.28333962,0
-4.3278499,-2.043828,0.58641124,-0.93368614,-0.23495698,-0.27023292,0
-4.1424699,-1.1319176,2.6693017,-0.32227463,0.22236502,0.92015934,0
-1.9284334,-4.0357366,-3.6011357,0.32227463,-0.22236502,-0.92015934,0
-0.89353561,4.145649,1.6523358,-0.15610766,0.94622904,-0.28333962,0
5.3418341,0.084044337,-1.4439692,0.93368614,0.23495698,0.27023292,0
-1.1784668,2.9476523,2.5888498,-0.32227463,0.22236502,0.92015934,0
-4.0603695,-2.7494845,-0.81961441,-0.93368614,-0.23495698,-0.27023292,0
-5.4371214,0.65721607,1.1479445,-0.93368614,-0.23495698,-0.27023292,0
-3.4604781,-0.90767622,-3.8476725,-0.93368614,-0.23495698,-0.27023292,0
-2.7156036,0.18336391,-4.596663,0.32227463,-0.22236502,-0.92015934,0
4.4988093,-3.3187089,-0.79104042,0.15610766,-0.94622904,0.28333962,0
-5.1739721,-0.61988133,1.2772884,-0.93368614,-0.23495698,-0.27023292,0
-1.1819944,3.9297462,0.97996438,-0.15610766,0.94622904,-0.28333962,0
-2.3394094,-4.2372007,-3.4032691,0.32227463,-0.22236502,-0.92015934,0
4.8053112,1.1827916,-2.248795,0.32227463,-0.22236502,-0.92015934,0
2.5277646,4.13868,3.8790703,-0.32227463,0.22236502,0.92015934,0
-0.46253538,-3.497061,1.3233907,0.15610766,-0.94622904,0.28333962,0
4.8497558,-1.898675,2.1430111,0.93368614,0.23495698,0.27023292,0
2.9481952,-2.5046468,1.8142903,0.15610766,-0.94622904,0.28333962,0
-1.6569345,-4.7852426,-2.3358126,0.15610766,-0.94622904,0.28333962,0
-3.9578614,0.8336091,-4.3626456,-0.93368614,-0.23495698,-0.27023292,0
1.0865631,-2.8765674,2.6998749,0.15610766,-0.94622904,0.28333962,0
-1.1820683,-3.6640532,0.2224192,0.15610766,-0.94622904,0.28333962,0
2.3196778,4.8735762,3.0700779,-0.15610766,0.94622904,-0.28333962,0
-3.0638421,-4.3220253,-2.3864524,-0.93368614,-0.23495698,-0.27023292,0
1.4216247,-3.5484915,0.056620121,0.15610766,-0.94622904,0.28333962,0
-2.1241338,-1.6217437,-4.200202,0.32227463,-0.22236502,-0.92015934,0
-4.2286496,-3.2715759,2.942287,-0.32227463,0.22236502,0.92015934,0
2.6020696,4.211009,3.2681806,0.93368614,0.23495698,0.27023292,0
4.2292624,-2.5905032,1.6382976,0.15610766,-0.94622904,0.28333962,0
-4.7826037,-1.920788,2.2225435,-0.93368614,-0.23495698,-0.27023292,0
0.88789868,-3.5862174,-0.5402016,0.15610766,-0.94622904,0.28333962,0
-4.8769312,-0.18398261,1.0439138,-0.93368614,-0.23495698,-0.27023292,0
-4.2512102,-3.3141654,3.0835843,-0.32227463,0.22236502,0.92015934,0
4.7625961,-1.8999254,1.9685297,0.93368614,0.23495698,0.27023292,0
5.0006323,-0.81718206,0.50432587,0.93368614,0.23495698,0.27023292,0
-3.0655463,-2.0834613,-3.909065,-0.93368614,-0.23495698,-0.27023292,0
-3.3442304,-1.792722,-3.309634,-0.93368614,-0.23495698,-0.27023292,0
3.344013,3.4589348,1.4209883,0.93368614,0.23495698,0.27023292,0
4.5053339,-2.3038547,2.6774855,0.15610766,-0.94622904,0.28333962,0
-0.29297328,-3.742413,0.36634704,0.15610766,-0.94622904,0.28333962,0
-3.7697365,-2.959605,-1.6122971,-0.93368614,-0.23495698,-0.27023292,0
1.1246831,-2.5392945,3.2197371,0.15610766,-0.94622904,0.28333962,0
4.5626016,1.0658824,-0.62806368,0.93368614,0.23495698,0.27023292,0
3.1084702,-3.5325828,-0.75795388,0.15610766,-0.94622904,0.28333962,0
-0.48967552,-3.7891808,0.3333455,0.15610766,-0.94622904,0.28333962,0
3.901521,-0.47106218,2.9083037,0.93368614,0.23495698,0.27023292,0
4.5165434,-0.95861936,-2.1619122,0.32227463,-0.22236502,-0.92015934,0
-2.3967602,2.522897,2.5670907,-0.32227463,0.22236502,0.92015934,0
-1.2330742,-3.2638385,2.5852098,0.15610766,-0.94622904,0.28333962,0
2.1730926,-1.3790274,4.993886,-0.32227463,0.22236502,0.92015934,0
3.1934299,2.6893017,2.7350214,0.93368614,0.23495698,0.27023292,0
2.1640563,3.5878644,-1.3986191,-0.15610766,0.94622904,-0.28333962,0
-5.0618124,3.2905018,0.7391758,-0.15610766,0.94622904,-0.28333962,0
-5.5897131,2.37798,0.52001953,-0.93368614,-0.23495698,-0.27023292,0
4.3863015,0.008336544,0.94647217,0.93368614,0.23495698,0.27023292,0
-1.3226075,-0.727597,3.4779997,-0.32227463,0.22236502,0.92015934,0
-3.6565723,1.8243418,-4.09483,-0.15610766,0.94622904,-0.28333962,0
4.8802953,1.0127673,-1.8098283,0.93368614,0.23495698,0.27023292,0
-2.016037,-2.4499502,-4.0479946,0.32227463,-0.22236502,-0.92015934,0
-0.74230766,3.0838177,2.5861716,-0.32227463,0.22236502,0.92015934,0
2.4284809,4.7714648,2.9168134,-0.15610766,0.94622904,-0.28333962,0
-0.69888055,0.89295077,3.1625273,-0.32227463,0.22236502,0.92015934,0
1.2502551,3.6474917,-0.17728466,-0.15610766,0.94622904,-0.28333962,0
2.2760015,-2.1118083,3.4561272,0.15610766,-0.94622904,0.28333962,0
-4.4834619,1.1031897,2.0671463,-0.32227463,0.22236502,0.92015934,0
-2.6193926,-0.30843639,-4.75739,0.32227463,-0.22236502,-0.92015934,0
-3.4626119,-2.8744721,3.3607311,-0.32227463,0.22236502,0.92015934,0
2.1241748,4.0081263,0.42783427,-0.15610766,0.94622904,-0.28333962,0
2.2515104,-2.8512952,2.0260751,0.15610766,-0.94622904,0.28333962,0
-3.8445003,-2.7659459,-1.5125482,-0.93368614,-0.23495698,-0.27023292,0
-0.81678247,2.8636551,-2.8535776,-0.15610766,0.94622904,-0.28333962,0
-4.5302763,-0.37069654,-1.0552182,-0.93368614,-0.23495698,-0.27023292,0
-5.0650582,0.086117089,0.6143322,-0.93368614,-0.23495698,-0.27023292,0
4.9173369,0.93155968,-2.4467163,0.32227463,-0.22236502,-0.92015934,0
-0.017735004,-4.033967,-2.6762524,0.32227463,-0.22236502,-0.92015934,0
3.6247287,-1.3196311,4.6734471,0.93368614,0.23495698,0.27023292,0
1.8818717,-3.5153334,-2.1142945,0.32227463,-0.22236502,-0.92015934,0
-1.6402433,0.80882311,-4.6682825,0.32227463,-0.22236502,-0.92015934,0
3.1255853,3.8423653,-1.3661413,-0.15610766,0.94622904,-0.28333962,0
-2.1479118,-4.6761031,-3.5562968,0.32227463,-0.22236502,-0.92015934,0
2.2278397,4.0001831,0.35490489,-0.15610766,0.94622904,-0.28333962,0
1.4004986,4.4110999,1.6470108,-0.15610766,0.94622904,-0.28333962,0
2.6857216,4.8867807,2.6628485,0.93368614,0.23495698,0.27023292,0
-4.1829176,-1.3360648,-0.87600803,-0.93368614,-0.23495698,-0.27023292,0
2.2275715,-3.4866343,-2.2792735,0.32227463,-0.22236502,-0.92015934,0
4.4276552,2.3289638,-0.38041019,0.93368614,0.23495698,0.27023292,0
3.7709169,3.2562199,0.41001105,0.93368614,0.23495698,0.27023292,0
-4.2704906,1.9687307,-3.8799977,-0.93368614,-0.23495698,-0.27023292,0
-4.7636862,-1.1686122,1.2386301,-0.93368614,-0.23495698,-0.27023292,0
3.0125813,-1.0418689,-2.4308248,0.32227463,-0.22236502,-0.92015934,0
-3.0636802,-0.36480188,2.7804461,-0.32227463,0.22236502,0.92015934,0
1.2573395,2.1041348,-3.8308578,0.32227463,-0.22236502,-0.92015934,0
-3.0549614,3.2773597,0.61423469,-0.15610766,0.94622904,-0.28333962,0
0.46085548,-4.147284,-1.1873789,0.15610766,-0.94622904,0.28333962,0
-1.2188292,1.1136408,3.0788338,-0.32227463,0.22236502,0.92015934,0
3.0477867,1.8408984,-3.2866135,0.32227463,-0.22236502,-0.92015934,0
4.3426023,3.7644415,-1.0506196,0.93368614,0.23495698,0.27023292,0
1.5333292,-2.3625107,3.2315149,0.15610766,-0.94622904,0.28333962,0
3.2218084,-2.4474683,2.2796814,0.15610766,-0.94622904,0.28333962,0
-0.78662235,0.99113631,-4.288507,0.32227463,-0.22236502,-0.92015934,0
-4.7252693,-3.7973652,2.4894633,-0.93368614,-0.23495698,-0.27023292,0
-2.5542631,-3.4220848,2.0153263,0.15610766,-0.94622904,0.28333962,0
-2.1635797,2.5930424,-2.0017912,-0.15610766,0.94622904,-0.28333962,0
-1.896564,3.3551311,-0.41082883,-0.15610766,0.94622904,-0.28333962,0
4.9279356,-2.3928249,1.5619645,0.15610766,-0.94622904,0.28333962,0
-0.98461843,2.4569304,2.6776023,-0.32227463,0.22236502,0.92015934,0
-3.6859283,1.5579696,-5.1601939,-0.15610766,0.94622904,-0.28333962,0
3.7228057,-2.4463184,1.7554517,0.15610766,-0.94622904,0.28333962,0
-3.5673714,-1.9316534,2.8407097,-0.32227463,0.22236502,0.92015934,0
-4.7619004,1.2189518,-0.61775589,-0.93368614,-0.23495698,-0.27023292,0
-1.0791681,-3.5529828,-3.1354253,0.32227463,-0.22236502,-0.92015934,0
-4.1099892,0.69755387,-2.82582,-0.93368614,-0.23495698,-0.27023292,0
-2.7317305,-3.9768319,1.1483048,0.15610766,-0.94622904,0.28333962,0
-2.4404147,-2.2701306,3.3975401,-0.32227463,0.22236502,0.92015934,0
0.19604373,3.5048432,-0.73962998,-0.15610766,0.94622904,-0.28333962,0
-4.0918117,2.3710251,-1.959949,-0.15610766,0.94622904,-0.28333962,0
-1.4091694,-3.9069045,-0.24868137,0.15610766,-0.94622904,0.28333962,0
-0.52848852,-2.1618128,4.3079948,-0.32227463,0.22236502,0.92015934,0
-3.91556,-0.18968105,-2.8984241,-0.93368614,-0.23495698,-0.27023292,0
5.6563716,-1.3646882,-1.344768,0.93368614,0.23495698,0.27023292,0
-3.3454666,-1.0138288,2.8115392,-0.32227463,0.22236502,0.92015934,0
0.28466588,0.51636648,-3.8066182,0.32227463,-0.22236502,-0.92015934,0
4.4064398,0.8546477,0.30922556,0.93368614,0.23495698,0.27023292,0
-4.8176274,1.6430556,-1.5243473,-0.93368614,-0.23495698,-0.27023292,0
-4.1628642,2.1717539,1.6206937,-0.32227463,0.22236502,0.92015934,0
4.6485462,3.0059519,-2.0694304,0.93368614,0.23495698,0.27023292,0
1.0633941,0.80554247,3.7725449,-0.32227463,0.22236502,0.92015934,0
-5.017859,0.28054601,0.1789484,-0.93368614,-0.23495698,-0.27023292,0
0.53518379,-0.8189702,-3.6236348,0.32227463,-0.22236502,-0.92015934,0
3.6472888,3.7770112,0.9676218,0.93368614,0.23495698,0.27023292,0
2.6604073,3.2058589,-3.4472089,-0.15610766,0.94622904,-0.28333962,0
1.4908011,3.3465667,-2.0200238,-0.15610766,0.94622904,-0.28333962,0
-2.9379995,-3.5639782,-3.6968553,-0.93368614,-0.23495698,-0.27023292,0
3.744441,0.80989313,3.4955029,0.93368614,0.23495698,0.27023292,0
4.2329879,1.7277129,-2.5265293,0.32227463,-0.22236502,-0.92015934,0
-4.3203959,2.4148679,1.6611454,-0.32227463,0.22236502,0.92015934,0
0.67870665,2.8375976,-3.2476113,-0.15610766,0.94622904,-0.28333962,0
4.7340574,1.2621166,-1.2406836,0.93368614,0.23495698,0.27023292,0
-4.5017672,-2.8690233,1.4805965,-0.93368614,-0.23495698,-0.27023292,0
2.171885,-0.96314812,4.6670012,-0.32227463,0.22236502,0.92015934,0
2.6970167,4.1407242,3.4979818,0.93368614,0.23495698,0.27023292,0
0.92706847,-2.1262105,-3.0962849,0.32227463,-0.22236502,-0.92015934,0
-4.2881198,-0.47519159,-1.5103941,-0.93368614,-0.23495698,-0.27023292,0
4.3361921,2.5987558,-0.63038373,0.93368614,0.23495698,0.27023292,0
-2.0638633,-0.95653439,3.4642038,-0.32227463,0.22236502,0.92015934,0
3.3067963,-3.6737273,-1.1194954,0.15610766,-0.94622904,0.28333962,0
-0.66257906,-4.3575773,-1.488291,0.15610766,-0.94622904,0.28333962,0
3.3985653,3.5499938,-2.6558454,-0.15610766,0.94622904,-0.28333962,0
0.42782593,4.4197183,1.5152194,-0.15610766,0.94622904,-0.28333962,0
-5.4430685,2.8651674,0.73620081,-0.15610766,0.94622904,-0.28333962,0
2.2631643,4.2828684,3.3728993,-0.32227463,0.22236502,0.92015934,0
2.0181587,-3.5143828,0.20158958,0.15610766,-0.94622904,0.28333962,0
-4.2544823,3.2864945,0.72871256,-0.15610766,0.94622904,-0.28333962,0
-4.5744123,-3.4665852,2.1037672,-0.93368614,-0.23495698,-0.27023292,0
-1.1676011,2.9814701,-1.2600749,-0.15610766,0.94622904,-0.28333962,0
0.76525414,-0.77597761,4.4483037,-0.32227463,0.22236502,0.92015934,0
-3.3403282,-4.0412273,1.0493151,0.15610766,-0.94622904,0.28333962,0
-5.0306568,2.6273301,1.3836002,-0.32227463,0.22236502,0.92015934,0
4.4082642,1.9135501,-0.62937927,0.93368614,0.23495698,0.27023292,0
3.1161072,-1.6453588,-2.3013232,0.32227463,-0.22236502,-0.92015934,0
-5.3057709,1.4664135,0.87433386,-0.93368614,-0.23495698,-0.27023292,0
3.5860307,4.0469179,0.1823194,0.93368614,0.23495698,0.27023292,0
-0.93486762,-1.9536953,-3.5921347,0.32227463,-0.22236502,-0.92015934,0
3.0312562,4.6245108,1.7239084,-0.15610766,0.94622904,-0.28333962,0
1.4432454,-4.1276226,-1.9691201,0.15610766,-0.94622904,0.28333962,0
-1.1496863,0.83754873,-4.5398493,0.32227463,-0.22236502,-0.92015934,0
-0.62530184,-4.6393127,-2.7502658,0.32227463,-0.22236502,-0.92015934,0
0.39698792,-2.4669924,3.6141653,0.15610766,-0.94622904,0.28333962,0
-5.1486773,-0.60604382,1.8452482,-0.93368614,-0.23495698,-0.27023292,0
-4.9537096,1.3820506,-0.78547955,-0.93368614,-0.23495698,-0.27023292,0
0.44778085,3.7931173,0.20292887,-0.15610766,0.94622904,-0.28333962,0
1.5380785,4.2285872,1.622947,-0.15610766,0.94622904,-0.28333962,0
2.0641477,-2.5109324,-2.6588898,0.32227463,-0.22236502,-0.92015934,0
-3.8312306,1.1342807,-4.5998592,-0.93368614,-0.23495698,-0.27023292,0
4.4059711,-0.68189859,1.8965502,0.93368614,0.23495698,0.27023292,0
-5.1408806,0.72350979,2.0388761,-0.32227463,0.22236502,0.92015934,0
-3.990937,-1.9056377,2.9828901,-0.32227463,0.22236502,0.92015934,0
-0.012596905,-0.46279263,3.830879,-0.32227463,0.22236502,0.92015934,0
0.43377876,3.6068776,3.273289,-0.32227463,0.22236502,0.92015934,0
4.0329132,1.9852353,1.1488008,0.93368614,0.23495698,0.27023292,0
3.8706307,-1.4161706,5.0416565,0.15610766,-0.94622904,0.28333962,0
3.4124033,-3.3509881,-0.52050304,0.15610766,-0.94622904,0.28333962,0
-1.3213041,-3.7340455,-0.018165529,0.15610766,-0.94622904,0.28333962,0
3.3267183,3.8073072,2.0697639,0.93368614,0.23495698,0.27023292,0
4.8345833,2.8206911,-2.6078537,0.93368614,0.23495698,0.27023292,0
-3.4177465,-4.1695614,-1.1828043,-0.93368614,-0.23495698,-0.27023292,0
4.0480361,0.41872025,2.4898748,0.93368614,0.23495698,0.27023292,0
-3.6736917,-3.9133253,1.7778932,0.15610766,-0.94622904,0.28333962,0
0.54065895,1.1401072,3.9299173,-0.32227463,0.22236502,0.92015934,0
3.3624985,-3.3453813,-0.27661872,0.15610766,-0.94622904,0.28333962,0
1.3803039,-3.7022512,-0.62975883,0.15610766,-0.94622904,0.28333962,0
-1.8370841,-3.2102544,3.0536685,0.15610766,-0.94622904,0.28333962,0
-0.050611615,-0.98883724,-3.6615386,0.32227463,-0.22236502,-0.92015934,0
3.3297117,-1.8457112,-2.0383897,0.32227463,-0.22236502,-0.92015934,0
-4.853735,-1.1187632,1.5314169,-0.93368614,-0.23495698,-0.27023292,0
-4.702136,2.5902975,-1.5096359,-0.15610766,0.94622904,-0.28333962,0
0.44296193,-3.5939605,-0.34163344,0.15610766,-0.94622904,0.28333962,0
2.1728799,4.1745825,-0.077478766,-0.15610766,0.94622904,-0.28333962,0
2.8720765,4.7217827,2.9862688,0.93368614,0.23495698,0.27023292,0
-0.765167,2.4785318,-3.3828826,-0.15610766,0.94622904,-0.28333962,0
3.9760609,4.1603189,-0.53784823,0.93368614,0.23495698,0.27023292,0
5.1509409,-3.0698187,-0.65803719,0.15610766,-0.94622904,0.28333962,0
-4.8607326,1.8953317,-1.2574692,-0.93368614,-0.23495698,-0.27023292,0
1.2597604,3.8580954,0.29316992,-0.15610766,0.94622904,-0.28333962,0
2.8685448,-0.36649418,-2.8561723,0.32227463,-0.22236502,-0.92015934,0
-4.8955383,2.6593933,-1.3229666,-0.15610766,0.94622904,-0.28333962,0
-1.339571,2.6228862,-2.6074367,-0.15610766,0.94622904,-0.28333962,0
