3.9467309,2.2354393,-0.64805478,0.99555141,0.050708175,0.079411179,0
-4.0534048,3.0333915,0.4313941,-0.99555141,-0.050708175,-0.079411179,0
4.0756788,-3.9831457,-3.0011649,0.087694764,-0.19048411,-0.97776556,0
-0.89173508,1.2117711,3.6796668,-0.087694764,0.19048411,0.97776556,0
1.0450342,3.2383921,3.6197534,-0.087694764,0.19048411,0.97776556,0
1.4444784,4.2123079,1.0316222,-0.034454197,0.98037982,-0.19408357,0
-1.9483314,1.9953494,-4.7251024,0.087694764,-0.19048411,-0.97776556,0
-3.8067646,0.8180213,-2.322938,-0.99555141,-0.050708175,-0.079411179,0
3.6397958,-2.7483056,4.7905045,-0.087694764,0.19048411,0.97776556,0
-0.624856,-0.48477197,4.259594,-0.087694764,0.19048411,0.97776556,0
0.98227453,-3.8226943,2.1537874,0.034454197,-0.98037982,0.19408357,0
-1.0065074,-1.3081465,4.4169712,-0.087694764,0.19048411,0.97776556,0
0.23369175,4.3005042,1.6548758,-0.034454197,0.98037982,-0.19408357,0
0.70880938,-2.9821444,-3.2739892,0.087694764,-0.19048411,-0.97776556,0
3.6302457,-3.6594079,2.3162427,0.034454197,-0.98037982,0.19408357,0
-4.1315489,1.8394573,-0.18510151,-0.99555141,-0.050708175,-0.079411179,0
-3.2791684,-4.0430717,0.14724874,0.034454197,-0.98037982,0.19408357,0
3.5289059,1.8462913,3.8395314,0.99555141,0.050708175,0.079411179,0
-3.8241196,-3.6103013,-2.1492186,-0.99555141,-0.050708175,-0.079411179,0
1.6491866,-1.4892163,-3.748621,0.087694764,-0.19048411,-0.97776556,0
4.2192631,-0.68880701,-1.3422123,0.99555141,0.050708175,0.079411179,0
4.4204149,-2.2050362,-3.0993023,0.99555141,0.050708175,0.079411179,0
0.2050972,0.19496977,-4.2060385,0.087694764,-0.19048411,-0.97776556,0
-3.4308333,-4.2001457,0.7044363,0.034454197,-0.98037982,0.19408357,0
1.646204,1.6984735,-4.4396377,0.087694764,-0.19048411,-0.97776556,0
1.4173479,-4.2965231,-0.91975451,0.034454197,-0.98037982,0.19408357,0
-3.2640707,-0.83184814,3.9421983,-0.087694764,0.19048411,0.97776556,0
-3.8906798,-1.064147,1.2162566,-0.99555141,-0.050708175,-0.079411179,0
2.5562694,1.1212759,-4.0249376,0.087694764,-0.19048411,-0.97776556,0
-3.9990373,1.622937,-1.0491159,-0.99555141,-0.050708175,-0.079411179,0
4.0081954,3.4681995,-0.43652368,0.99555141,0.050708175,0.079411179,0
0.14016914,-4.7319508,-3.2373743,0.034454197,-0.98037982,0.19408357,0
3.9576166,-2.9184968,1.2680373,0.99555141,0.050708175,0.079411179,0
-4.3060884,2.7412622,1.5612407,-0.99555141,-0.050708175,-0.079411179,0
4.4507341,-4.1138873,-1.0626926,0.99555141,0.050708175,0.079411179,0
-4.1175237,-3.2993152,2.940788,-0.99555141,-0.050708175,-0.079411179,0
3.124855,-4.1106944,-0.33740425,0.034454197,-0.98037982,0.19408357,0
1.0833726,1.9442587,-4.4959536,0.087694764,-0.19048411,-0.97776556,0
1.9504951,3.9237576,3.3186455,-0.087694764,0.19048411,0.97776556,0
3.5753829,1.2404844,2.7272446,0.99555141,0.050708175,0.079411179,0
-3.8788109,-1.5277605,3.9072497,-0.087694764,0.19048411,0.97776556,0
-4.0280433,4.2575684,3.0579777,-0.087694764,0.19048411,0.97776556,0
1.9335728,-2.3486252,4.5451751,-0.087694764,0.19048411,0.97776556,0
-3.5871387,-4.7181273,-2.1512356,0.034454197,-0.98037982,0.19408357,0
-3.2639151,-3.6378,3.4219737,0.034454197,-0.98037982,0.19408357,0
4.0966096,-1.8865969,1.5851316,0.99555141,0.050708175,0.079411179,0
-4.0211673,-2.264709,2.4149244,-0.99555141,-0.050708175,-0.079411179,0
-4.1073465,1.0683527,2.7418132,-0.99555141,-0.050708175,-0.079411179,0
4.0732565,1.4346886,-3.2105665,0.99555141,0.050708175,0.079411179,0
0.27468657,3.0151546,3.5051794,-0.087694764,0.19048411,0.97776556,0
2.5587211,-3.0086918,4.7234387,0.034454197,-0.98037982,0.19408357,0
3.6124175,-0.14288211,3.0888238,0.99555141,0.050708175,0.079411179,0
1.9988256,4.8755436,3.3509593,-0.087694764,0.19048411,0.97776556,0
4.0635962,-3.0477195,2.4530649,0.99555141,0.050708175,0.079411179,0
2.7992516,3.3331075,-4.0467939,-0.034454197,0.98037982,-0.19408357,0
-3.8915887,-1.7493315,-2.8672071,-0.99555141,-0.050708175,-0.079411179,0
2.3246117,3.4583542,-4.3160801,-0.034454197,0.98037982,-0.19408357,0
-3.7102332,0.63801217,-3.0000393,-0.99555141,-0.050708175,-0.079411179,0
-4.3063641,4.1840811,1.796864,-0.99555141,-0.050708175,-0.079411179,0
3.7524045,1.9291973,-0.4126004,0.99555141,0.050708175,0.079411179,0
2.8418412,-1.6015453,-3.4915674,0.087694764,-0.19048411,-0.97776556,0
-0.65260577,-3.5827558,2.4070997,0.034454197,-0.98037982,0.19408357,0
2.5070059,3.591105,-2.9856834,-0.034454197,0.98037982,-0.19408357,0
0.73765087,-0.26827621,4.05899,-0.087694764,0.19048411,0.97776556,0
-1.1973133,0.67760539,3.8794911,-0.087694764,0.19048411,0.97776556,0
-0.68181896,-0.69056153,4.0363779,-0.087694764,0.19048411,0.97776556,0
-0.068897843,4.144866,-0.48019695,-0.034454197,0.98037982,-0.19408357,0
-3.8329477,-2.9650404,4.2867126,-0.087694764,0.19048411,0.97776556,0
-3.5907311,-0.027308345,-4.4777145,0.087694764,-0.19048411,-0.97776556,0
-4.3025327,0.23843908,3.6740983,-0.99555141,-0.050708175,-0.079411179,0
-2.4052265,-4.3696489,-0.45651436,0.034454197,-0.98037982,0.19408357,0
-3.9612107,1.5526699,-3.4525151,-0.99555141,-0.050708175,-0.079411179,0
1.6571178,2.2775927,3.9668956,-0.087694764,0.19048411,0.97776556,0
-3.7622044,-0.12928295,-3.3606336,-0.99555141,-0.050708175,-0.079411179,0
-4.1722794,1.8484631,1.8545775,-0.99555141,-0.050708175,-0.079411179,0
-3.5148237,1.4438777,3.666424,-0.087694764,0.19048411,0.97776556,0
-2.597959,-0.90479136,4.2073278,-0.087694764,0.19048411,0.97776556,0
-1.4996451,-4.8087196,-3.232445,0.034454197,-0.98037982,0.19408357,0
2.5107589,1.3680133,3.9912324,-0.087694764,0.19048411,0.97776556,0
-4.2231541,3.1724625,3.2156808,-0.087694764,0.19048411,0.97776556,0
3.7973442,1.8321919,3.0148432,0.99555141,0.050708175,0.079411179,0
3.7917721,2.0913854,3.2338328,0.99555141,0.050708175,0.079411179,0
2.6831918,4.0641422,-1.1307189,-0.034454197,0.98037982,-0.19408357,0
1.4294968,-4.0919433,0.5590539,0.034454197,-0.98037982,0.19408357,0
3.8894072,-2.2668223,3.9726014,0.99555141,0.050708175,0.079411179,0
-4.0850778,-2.8745081,2.2786298,-0.99555141,-0.050708175,-0.079411179,0
-2.3556144,3.054852,3.4215798,-0.087694764,0.19048411,0.97776556,0
-3.3826766,-4.3821201,-3.4852448,-0.99555141,-0.050708175,-0.079411179,0
-2.8467176,-3.48172,-3.497117,0.087694764,-0.19048411,-0.97776556,0
-4.2566414,2.5295494,-0.15091181,-0.99555141,-0.050708175,-0.079411179,0
-1.0919113,-2.7037311,-3.6875305,0.087694764,-0.19048411,-0.97776556,0
3.6513665,-4.1560211,-0.72039557,0.034454197,-0.98037982,0.19408357,0
2.5547793,-1.881815,-3.3738894,0.087694764,-0.19048411,-0.97776556,0
-3.9657218,-2.1369913,0.57410502,-0.99555141,-0.050708175,-0.079411179,0
1.8957613,-3.7276771,0.59742975,0.034454197,-0.98037982,0.19408357,0
3.7121367,-1.26211,3.9756413,0.99555141,0.050708175,0.079411179,0
0.92300093,4.3837337,0.82564831,-0.034454197,0.98037982,-0.19408357,0
3.8738079,0.74928331,0.45558381,0.99555141,0.050708175,0.079411179,0
2.9825134,-1.3712115,-3.365886,0.087694764,-0.19048411,-0.97776556,0
-1.2656407,3.3899179,-4.099391,-0.034454197,0.98037982,-0.19408357,0
-0.085221291,1.7815006,-4.2668309,0.087694764,-0.19048411,-0.97776556,0
-0.39414907,3.8834987,3.4698873,-0.087694764,0.19048411,0.97776556,0
0.15561676,-3.1338046,-3.577147,0.087694764,-0.19048411,-0.97776556,0
1.4172313,-0.13876183,4.2206697,-0.087694764,0.19048411,0.97776556,0
3.3040264,-3.3959029,3.0204368,0.034454197,-0.98037982,0.19408357,0
3.207304,-4.1894107,-1.1733007,0.034454197,-0.98037982,0.19408357,0
-3.7864389,3.5989881,-1.495676,-0.034454197,0.98037982,-0.19408357,0
3.2478414,-4.3409591,-2.6481633,0.034454197,-0.98037982,0.19408357,0
-1.5789561,1.1621556,3.6038592,-0.087694764,0.19048411,0.97776556,0
-3.1568661,2.9930396,-4.766674,0.087694764,-0.19048411,-0.97776556,0
-2.666667,2.7978241,3.2126429,-0.087694764,0.19048411,0.97776556,0
-3.1241031,-0.30011511,4.0077343,-0.087694764,0.19048411,0.97776556,0
1.7645823,4.153141,0.97494245,-0.034454197,0.98037982,-0.19408357,0
3.3761199,-1.6274862,-3.4657834,0.087694764,-0.19048411,-0.97776556,0
-3.8304999,-2.6775026,-2.5659931,-0.99555141,-0.050708175,-0.079411179,0
-3.7629356,-3.0214112,0.1430577,-0.99555141,-0.050708175,-0.079411179,0
2.867147,-3.698905,1.5199318,0.034454197,-0.98037982,0.19408357,0
-2.5089173,-3.947808,1.7035921,0.034454197,-0.98037982,0.19408357,0
-4.0979967,-3.199327,1.2814107,-0.99555141,-0.050708175,-0.079411179,0
-4.1723528,-0.62778616,3.1796434,-0.99555141,-0.050708175,-0.079411179,0
3.2824073,4.937871,3.5130906,-0.087694764,0.19048411,0.97776556,0
-4.3397088,-0.63963366,3.3116612,-0.99555141,-0.050708175,-0.079411179,0
-1.0712826,-1.8687894,-3.6593065,0.087694764,-0.19048411,-0.97776556,0
4.1695337,1.3807116,-3.5693088,0.99555141,0.050708175,0.079411179,0
2.1383536,-3.3751917,3.2902431,0.034454197,-0.98037982,0.19408357,0
4.4460888,-1.3619528,-3.1941066,0.99555141,0.050708175,0.079411179,0
-2.1086566,-2.1582775,-3.9030945,0.087694764,-0.19048411,-0.97776556,0
3.9156251,3.0694857,-2.7044575,0.99555141,0.050708175,0.079411179,0
-2.5824552,-1.8553228,4.1560473,-0.087694764,0.19048411,0.97776556,0
-1.8725744,4.5503097,2.1692753,-0.034454197,0.98037982,-0.19408357,0
3.7494574,1.8260717,-3.9736309,0.087694764,-0.19048411,-0.97776556,0
-3.8228183,1.2839406,-2.4209087,-0.99555141,-0.050708175,-0.079411179,0
-0.83162975,-3.4959714,3.078279,0.034454197,-0.98037982,0.19408357,0
-4.4438353,2.1211572,3.1051219,-0.99555141,-0.050708175,-0.079411179,0
4.1050158,-3.4155116,1.2196059,0.99555141,0.050708175,0.079411179,0
3.4010887,2.2754393,4.0764437,-0.087694764,0.19048411,0.97776556,0
-3.3549371,-3.6259508,-3.8452945,0.087694764,-0.19048411,-0.97776556,0
2.3045781,0.62791896,-3.9103062,0.087694764,-0.19048411,-0.97776556,0
3.976753,3.4147983,-3.6680214,-0.034454197,0.98037982,-0.19408357,0
-0.44436836,1.8088691,-4.6282887,0.087694764,-0.19048411,-0.97776556,0
-4.0527577,-1.4497724,1.0963795,-0.99555141,-0.050708175,-0.079411179,0
3.0768895,-3.3092132,-3.1672049,0.087694764,-0.19048411,-0.97776556,0
0.12654027,-4.3682728,-1.0573692,0.034454197,-0.98037982,0.19408357,0
-1.187628,3.6008947,-2.8972101,-0.034454197,0.98037982,-0.19408357,0
-1.1022854,-2.7873602,-3.8151081,0.087694764,-0.19048411,-0.97776556,0
0.57217872,-4.0120783,-0.73004889,0.034454197,-0.98037982,0.19408357,0
-3.2180295,2.8690341,3.0655482,-0.087694764,0.19048411,0.97776556,0
3.505163,-2.8706067,4.6213078,0.034454197,-0.98037982,0.19408357,0
-4.0373635,-2.4414387,3.457026,-0.99555141,-0.050708175,-0.079411179,0
4.0969582,0.52983856,-3.0270648,0.99555141,0.050708175,0.079411179,0
-1.1223452,3.9193609,0.06529665,-0.034454197,0.98037982,-0.19408357,0
-3.8450084,-1.7923238,-1.5653557,-0.99555141,-0.050708175,-0.079411179,0
3.7519555,-4.0792265,-1.4086642,0.034454197,-0.98037982,0.19408357,0
3.9698582,1.4530821,-3.8838892,0.087694764,-0.19048411,-0.97776556,0
0.88041401,0.62282896,-4.0105557,0.087694764,-0.19048411,-0.97776556,0
4.1850924,-0.34389114,-0.60143566,0.99555141,0.050708175,0.079411179,0
-2.5805421,3.2118142,-4.0622039,-0.034454197,0.98037982,-0.19408357,0
2.5053473,-4.6408153,-2.5677257,0.034454197,-0.98037982,0.19408357,0
-3.9366715,-3.1756947,0.092987299,-0.99555141,-0.050708175,-0.079411179,0
0.21353185,-4.1273017,0.63968849,0.034454197,-0.98037982,0.19408357,0
-2.2556427,-1.4783554,-3.8980091,0.087694764,-0.19048411,-0.97776556,0
-2.0662985,4.4973021,2.4661627,-0.034454197,0.98037982,-0.19408357,0
-1.1835992,0.97546172,3.6262636,-0.087694764,0.19048411,0.97776556,0
1.2150965,1.8031425,-4.3958497,0.087694764,-0.19048411,-0.97776556,0
2.0146511,0.56689644,-3.8934898,0.087694764,-0.19048411,-0.97776556,0
-3.5487113,3.8466754,-0.64121389,-0.034454197,0.98037982,-0.19408357,0
-0.38904047,-3.3903356,4.2777872,0.034454197,-0.98037982,0.19408357,0
-3.3258235,-0.36192787,-4.1831684,0.087694764,-0.19048411,-0.97776556,0
-3.7178669,-2.5762331,-0.91319734,-0.99555141,-0.050708175,-0.079411179,0
-3.6176112,1.6582748,-4.3498883,-0.99555141,-0.050708175,-0.079411179,0
1.0652788,2.1729569,3.8898017,-0.087694764,0.19048411,0.97776556,0
3.2228231,-3.6782486,1.2233753,0.034454197,-0.98037982,0.19408357,0
1.4225147,-3.600935,1.5050149,0.034454197,-0.98037982,0.19408357,0
0.51325941,-1.2758896,4.3495364,-0.087694764,0.19048411,0.97776556,0
-4.2787352,4.1574593,1.1374893,-0.99555141,-0.050708175,-0.079411179,0
3.9619572,0.20538044,-1.2562722,0.99555141,0.050708175,0.079411179,0
-0.38612127,-2.7093034,4.7754989,-0.087694764,0.19048411,0.97776556,0
-1.4502125,2.4947798,-4.8073349,0.087694764,-0.19048411,-0.97776556,0
3.4896939,4.3918958,3.231643,0.99555141,0.050708175,0.079411179,0
3.6533918,-0.21958923,3.6301816,0.99555141,0.050708175,0.079411179,0
-1.6632247,-3.6630187,2.5753996,0.034454197,-0.98037982,0.19408357,0
2.9544787,3.9973927,3.4544351,-0.087694764,0.19048411,0.97776556,0
4.1030555,-0.034003735,0.023948908,0.99555141,0.050708175,0.079411179,0
2.5371721,-2.4462245,-3.2715402,0.087694764,-0.19048411,-0.97776556,0
-1.089031,-0.23609808,-4.0673103,0.087694764,-0.19048411,-0.97776556,0
3.7517793,1.0104108,1.1157485,0.99555141,0.050708175,0.079411179,0
-1.0407311,-4.3870888,-0.76845765,0.034454197,-0.98037982,0.19408357,0
1.7811917,-4.5039773,-2.2102909,0.034454197,-0.98037982,0.19408357,0
-2.8317125,3.5471525,-1.6684628,-0.034454197,0.98037982,-0.19408357,0
-0.23535585,1.1627277,3.9224062,-0.087694764,0.19048411,0.97776556,0
1.6962638,-3.168993,3.4771605,0.034454197,-0.98037982,0.19408357,0
4.2589698,-2.4452167,-2.3297887,0.99555141,0.050708175,0.079411179,0
1.8612607,3.4752655,3.6860545,-0.087694764,0.19048411,0.97776556,0
3.1236143,3.2257609,3.6633167,-0.087694764,0.19048411,0.97776556,0
3.8352079,0.71898365,0.66575086,0.99555141,0.050708175,0.079411179,0
0.66259682,4.4219136,1.8759818,-0.034454197,0.98037982,-0.19408357,0
-0.61620617,0.52972567,3.7577004,-0.087694764,0.19048411,0.97776556,0
-0.96566367,1.1998904,3.835223,-0.087694764,0.19048411,0.97776556,0
-1.5526342,-1.2713149,4.3551536,-0.087694764,0.19048411,0.97776556,0
-2.0873456,-2.8379893,-3.7520339,0.087694764,-0.19048411,-0.97776556,0
3.987159,-1.1696315,1.1172478,0.99555141,0.050708175,0.079411179,0
1.7066126,3.6145663,-1.7740023,-0.034454197,0.98037982,-0.19408357,0
0.2899971,3.6613336,-2.6019583,-0.034454197,0.98037982,-0.19408357,0
4.2952738,-4.0521164,-2.9099851,0.087694764,-0.19048411,-0.97776556,0
1.295637,3.7181554,3.4592927,-0.087694764,0.19048411,0.97776556,0
1.7988765,3.6888752,-1.7669251,-0.034454197,0.98037982,-0.19408357,0
-1.4948282,1.177774,3.6290822,-0.087694764,0.19048411,0.97776556,0
-3.8892918,-2.4822001,-0.62902391,-0.99555141,-0.050708175,-0.079411179,0
-4.1252728,-2.8578959,1.5339562,-0.99555141,-0.050708175,-0.079411179,0
-0.63670731,0.77128124,-4.4326053,0.087694764,-0.19048411,-0.97776556,0
3.7084408,-1.6642653,2.717907,0.99555141,0.050708175,0.079411179,0
3.9783247,2.1669147,0.90405238,0.99555141,0.050708175,0.079411179,0
-2.8908005,-2.7592988,4.2447701,-0.087694764,0.19048411,0.97776556,0
-3.1207047,-4.0321279,1.2319338,0.034454197,-0.98037982,0.19408357,0
1.1824521,3.9190435,-0.94792485,-0.034454197,0.98037982,-0.19408357,0
-2.0469356,2.9763594,-4.7852964,-0.034454197,0.98037982,-0.19408357,0
0.21534872,2.3675423,-4.6292953,0.087694764,-0.19048411,-0.97776556,0
-1.261623,4.265646,2.9513295,-0.087694764,0.19048411,0.97776556,0
3.0133026,1.5010347,4.1055679,-0.087694764,0.19048411,0.97776556,0
2.086921,-1.0099887,4.4884529,-0.087694764,0.19048411,0.97776556,0
3.1998205,4.3818259,1.8613611,-0.034454197,0.98037982,-0.19408357,0
-3.8898928,0.10070181,-0.23084044,-0.99555141,-0.050708175,-0.079411179,0
-0.72169304,-3.4397984,2.3534479,0.034454197,-0.98037982,0.19408357,0
-2.4696326,3.8906591,3.1597171,-0.087694764,0.19048411,0.97776556,0
1.9503773,-3.7962255,-3.1315286,0.087694764,-0.19048411,-0.97776556,0
-2.5827818,2.7484674,3.293633,-0.087694764,0.19048411,0.97776556,0
4.2736702,-2.7298717,-3.3613846,0.087694764,-0.19048411,-0.97776556,0
0.10055447,2.9231827,3.5098412,-0.087694764,0.19048411,0.97776556,0
-4.2657976,2.1744089,0.84934306,-0.99555141,-0.050708175,-0.079411179,0
1.2048416,-0.83483702,4.4599528,-0.087694764,0.19048411,0.97776556,0
1.9816287,2.7112563,3.7172122,-0.087694764,0.19048411,0.97776556,0
-2.6074319,4.1811976,0.77628422,-0.034454197,0.98037982,-0.19408357,0
-2.9284933,-3.4739218,2.9542799,0.034454197,-0.98037982,0.19408357,0
1.8616123,-0.441293,-3.8292079,0.087694764,-0.19048411,-0.97776556,0
0.0018155426,4.4186754,0.99333167,-0.034454197,0.98037982,-0.19408357,0
-3.7577591,0.71550298,-3.2033062,-0.99555141,-0.050708175,-0.079411179,0
3.6512635,1.5490731,2.1021714,0.99555141,0.050708175,0.079411179,0
1.178051,-1.2974422,4.575808,-0.087694764,0.19048411,0.97776556,0
0.88638687,-1.5639007,4.3226175,-0.087694764,0.19048411,0.97776556,0
4.3354359,-3.9317021,-0.60179567,0.99555141,0.050708175,0.079411179,0
0.88611412,3.957988,-0.25545692,-0.034454197,0.98037982,-0.19408357,0
-3.5019405,-4.8452249,-2.6778536,0.034454197,-0.98037982,0.19408357,0
-4.2512712,3.4100385,1.3342724,-0.99555141,-0.050708175,-0.079411179,0
-2.5607405,0.30913353,3.9570847,-0.087694764,0.19048411,0.97776556,0
3.4110632,3.8377116,-2.0043557,-0.034454197,0.98037982,-0.19408357,0
-2.8505936,-2.0762212,4.1629367,-0.087694764,0.19048411,0.97776556,0
-2.5820398,-0.95936728,-4.1009002,0.087694764,-0.19048411,-0.97776556,0
-3.9350958,-0.60005093,0.80537105,-0.99555141,-0.050708175,-0.079411179,0
3.9870191,-1.4019861,0.48648643,0.99555141,0.050708175,0.079411179,0
3.9772258,-3.5983381,1.0955768,0.034454197,-0.98037982,0.19408357,0
4.2611051,-4.0844336,-0.15986347,0.034454197,-0.98037982,0.19408357,0
-2.3758852,-0.56794238,3.8245435,-0.087694764,0.19048411,0.97776556,0
-4.1555939,0.77543831,0.31785846,-0.99555141,-0.050708175,-0.079411179,0
-4.1980047,2.9837193,1.560071,-0.99555141,-0.050708175,-0.079411179,0
-1.8724802,2.2561755,3.3443072,-0.087694764,0.19048411,0.97776556,0
2.035893,2.7985306,3.916934,-0.087694764,0.19048411,0.97776556,0
1.7423129,0.30303001,-4.0002952,0.087694764,-0.19048411,-0.97776556,0
-0.11684036,-2.790504,4.4551945,-0.087694764,0.19048411,0.97776556,0
-2.9926224,4.6028843,2.3049326,-0.034454197,0.98037982,-0.19408357,0
1.789526,-2.7000401,-3.5028658,0.087694764,-0.19048411,-0.97776556,0
1.8928758,3.5958135,3.5179152,-0.087694764,0.19048411,0.97776556,0
-4.3178091,0.69537497,2.7460327,-0.99555141,-0.050708175,-0.079411179,0
3.3252547,1.8923509,-3.9864671,0.087694764,-0.19048411,-0.97776556,0
4.1532969,-0.26187658,-0.090895653,0.99555141,0.050708175,0.079411179,0
0.73626745,-4.1868119,-0.40441704,0.034454197,-0.98037982,0.19408357,0
-3.6558962,-3.1589046,-1.7889196,-0.99555141,-0.050708175,-0.079411179,0
2.4090638,3.8761649,-0.80651426,-0.034454197,0.98037982,-0.19408357,0
-3.9523704,-3.203805,2.1300402,-0.99555141,-0.050708175,-0.079411179,0
4.1874909,-1.1404862,-3.3147082,0.087694764,-0.19048411,-0.97776556,0
-4.2513862,0.68106604,2.4831417,-0.99555141,-0.050708175,-0.079411179,0
4.2949157,-1.2769299,-2.3010492,0.99555141,0.050708175,0.079411179,0
-4.1541672,0.35373545,2.8926878,-0.99555141,-0.050708175,-0.079411179,0
4.3627362,-3.3111529,-2.915154,0.087694764,-0.19048411,-0.97776556,0
2.1887622,3.8926067,-0.84025073,-0.034454197,0.98037982,-0.19408357,0
-2.1605334,-2.2102623,4.146575,-0.087694764,0.19048411,0.97776556,0
1.8454605,3.8204079,-1.2697043,-0.034454197,0.98037982,-0.19408357,0
4.4294481,-2.7376351,-2.16395,0.99555141,0.050708175,0.079411179,0
0.48622942,3.1419451,-4.5898523,0.087694764,-0.19048411,-0.97776556,0
-0.28334117,-4.2636595,-1.5692377,0.034454197,-0.98037982,0.19408357,0
-3.9630866,4.6030822,2.8680291,-0.034454197,0.98037982,-0.19408357,0
-1.962626,-2.1849761,4.1540937,-0.087694764,0.19048411,0.97776556,0
0.76637757,3.984899,-0.31777525,-0.034454197,0.98037982,-0.19408357,0
3.6351185,-4.2255554,-0.92152882,0.034454197,-0.98037982,0.19408357,0
4.101666,0.2608223,-0.37076116,0.99555141,0.050708175,0.079411179,0
4.1213799,3.52071,-2.6158893,-0.034454197,0.98037982,-0.19408357,0
4.1523046,-1.9362607,-1.9385085,0.99555141,0.050708175,0.079411179,0
-0.010194302,2.5852647,3.709677,-0.087694764,0.19048411,0.97776556,0
-4.2661066,1.5697026,1.1498108,-0.99555141,-0.050708175,-0.079411179,0
3.5999374,4.6924543,2.1357331,-0.034454197,0.98037982,-0.19408357,0
-4.1568794,2.715517,-0.67348433,-0.99555141,-0.050708175,-0.079411179,0
3.6489456,3.6991584,3.140533,0.99555141,0.050708175,0.079411179,0
2.6175663,2.2247889,3.7214479,-0.087694764,0.19048411,0.97776556,0
0.26176396,4.5713148,1.6751451,-0.034454197,0.98037982,-0.19408357,0
-4.0218105,0.79207492,-2.7965117,-0.99555141,-0.050708175,-0.079411179,0
3.1666317,2.7817206,-4.4371037,0.087694764,-0.19048411,-0.97776556,0
-2.0310173,4.0738344,-0.56095791,-0.034454197,0.98037982,-0.19408357,0
2.694113,-4.4966402,-2.520422,0.034454197,-0.98037982,0.19408357,0
1.0428538,-0.9385221,4.1634703,-0.087694764,0.19048411,0.97776556,0
3.8845284,-0.56021428,1.545985,0.99555141,0.050708175,0.079411179,0
3.6368318,-0.84855211,3.3883739,0.99555141,0.050708175,0.079411179,0
-2.83657,-1.2048857,-4.1108732,0.087694764,-0.19048411,-0.97776556,0
3.6536076,-1.2647449,4.5551977,-0.087694764,0.19048411,0.97776556,0
-3.6913505,-4.629355,-2.8369472,0.034454197,-0.98037982,0.19408357,0
3.7747905,-0.60307789,-3.6135535,0.087694764,-0.19048411,-0.97776556,0
-4.0562406,1.5526879,-0.97519326,-0.99555141,-0.050708175,-0.079411179,0
3.5009854,-3.3204432,2.2552996,0.034454197,-0.98037982,0.19408357,0
0.30169272,4.3401542,3.0995114,-0.087694764,0.19048411,0.97776556,0
3.9416783,1.2867234,0.18494546,0.99555141,0.050708175,0.079411179,0
1.6508355,0.09610939,-3.8528309,0.087694764,-0.19048411,-0.97776556,0
-2.0654843,-0.078316003,-4.3169332,0.087694764,-0.19048411,-0.97776556,0
-4.183979,1.1667907,0.40470362,-0.99555141,-0.050708175,-0.079411179,0
-0.77734607,-4.6492009,-2.0728896,0.034454197,-0.98037982,0.19408357,0
1.5723152,0.66381836,-4.176518,0.087694764,-0.19048411,-0.97776556,0
3.8155556,2.90242,-0.97694081,0.99555141,0.050708175,0.079411179,0
3.6871905,-0.66198969,2.9663267,0.99555141,0.050708175,0.079411179,0
-3.8754678,-1.0178046,-1.004432,-0.99555141,-0.050708175,-0.079411179,0
1.4737039,2.1479325,-4.5703955,0.087694764,-0.19048411,-0.97776556,0
2.440356,4.0067816,-1.677371,-0.034454197,0.98037982,-0.19408357,0
-1.4331951,-3.8778741,1.2776506,0.034454197,-0.98037982,0.19408357,0
-1.973088,4.2811284,1.3664279,-0.034454197,0.98037982,-0.19408357,0
-4.0719142,2.3843842,-2.5495107,-0.99555141,-0.050708175,-0.079411179,0
-3.8517048,4.3115635,1.3336415,-0.034454197,0.98037982,-0.19408357,0
-2.8543749,3.1422567,-4.6467209,-0.034454197,0.98037982,-0.19408357,0
-3.7813294,-2.8544116,-3.5073662,-0.99555141,-0.050708175,-0.079411179,0
4.364171,-3.044837,-2.2016606,0.99555141,0.050708175,0.079411179,0
3.7435229,0.66033316,2.0079341,0.99555141,0.050708175,0.079411179,0
0.14265633,-3.8600044,1.407917,0.034454197,-0.98037982,0.19408357,0
-0.49508965,-4.588912,-2.1818931,0.034454197,-0.98037982,0.19408357,0
-1.2590597,-1.590288,-3.7608323,0.087694764,-0.19048411,-0.97776556,0
-3.9249539,0.18494129,-0.073765278,-0.99555141,-0.050708175,-0.079411179,0
2.2521639,3.7616663,-1.2170134,-0.034454197,0.98037982,-0.19408357,0
3.3924778,2.630801,3.64255,0.99555141,0.050708175,0.079411179,0
3.825171,1.6803036,2.0303247,0.99555141,0.050708175,0.079411179,0
-2.8071671,-1.9909258,4.3403034,-0.087694764,0.19048411,0.97776556,0
-1.0417273,3.3278649,-2.7860429,-0.034454197,0.98037982,-0.19408357,0
-3.8699694,-0.33686733,-2.4821925,-0.99555141,-0.050708175,-0.079411179,0
0.54670179,-4.4931417,-2.2315643,0.034454197,-0.98037982,0.19408357,0
-3.7789793,-2.4083445,-3.8715367,-0.99555141,-0.050708175,-0.079411179,0
-0.53756976,-3.7964797,-3.3318553,0.087694764,-0.19048411,-0.97776556,0
-0.98241997,3.5315142,-1.6059539,-0.034454197,0.98037982,-0.19408357,0
-3.4929469,-2.9212031,-3.6077094,-0.99555141,-0.050708175,-0.079411179,0
3.7385314,1.5322056,0.26820302,0.99555141,0.050708175,0.079411179,0
-3.4672842,-4.3234105,-2.8943095,-0.99555141,-0.050708175,-0.079411179,0
0.10885215,3.6245747,-2.6457446,-0.034454197,0.98037982,-0.19408357,0
-3.5783498,-4.3324933,-0.011769533,0.034454197,-0.98037982,0.19408357,0
-2.0388649,-2.8931921,-3.8162045,0.087694764,-0.19048411,-0.97776556,0
-0.60268867,4.157548,0.45023966,-0.034454197,0.98037982,-0.19408357,0
-2.3432887,1.4988964,3.6497345,-0.087694764,0.19048411,0.97776556,0
3.2538633,0.3773098,-3.9815118,0.087694764,-0.19048411,-0.97776556,0
3.3091483,2.9884467,-4.1997972,0.087694764,-0.19048411,-0.97776556,0
-4.3517723,-0.66168737,2.5572577,-0.99555141,-0.050708175,-0.079411179,0
3.5872219,2.6447344,3.2470124,0.99555141,0.050708175,0.079411179,0
-3.2113075,4.645916,2.9114299,-0.034454197,0.98037982,-0.19408357,0
-0.65073442,0.39672583,-4.0676599,0.087694764,-0.19048411,-0.97776556,0
0.2554884,1.584203,-4.4118123,0.087694764,-0.19048411,-0.97776556,0
1.0070755,-0.75569797,-4.0465431,0.087694764,-0.19048411,-0.97776556,0
4.3617902,-0.079422474,-1.872373,0.99555141,0.050708175,0.079411179,0
-1.7749195,2.1978643,-4.5384207,0.087694764,-0.19048411,-0.97776556,0
2.9743824,3.9498539,-1.1897643,-0.034454197,0.98037982,-0.19408357,0
3.7911239,-3.2874343,3.3230586,0.99555141,0.050708175,0.079411179,0
2.8131557,3.3890238,-4.6716628,0.087694764,-0.19048411,-0.97776556,0
-4.0687728,-2.7793925,3.4210396,-0.99555141,-0.050708175,-0.079411179,0
-1.0763216,-4.1114249,-0.0099308491,0.034454197,-0.98037982,0.19408357,0
-4.5068293,3.7158334,1.4737501,-0.99555141,-0.050708175,-0.079411179,0
-2.1478972,-4.6383309,-3.2288666,0.087694764,-0.19048411,-0.97776556,0
1.5450983,-2.7838311,4.6908402,-0.087694764,0.19048411,0.97776556,0
-0.75636744,2.8387895,3.3979919,-0.087694764,0.19048411,0.97776556,0
2.9296904,-3.631424,2.5864849,0.034454197,-0.98037982,0.19408357,0
3.7251,-4.1843114,-2.1436458,0.034454197,-0.98037982,0.19408357,0
-0.93579626,-3.6320515,-3.4511244,0.087694764,-0.19048411,-0.97776556,0
3.8404562,4.2767763,-0.24721146,-0.034454197,0.98037982,-0.19408357,0
-3.6346498,-2.9727874,-3.6570694,-0.99555141,-0.050708175,-0.079411179,0
1.7485046,0.93518841,4.1596603,-0.087694764,0.19048411,0.97776556,0
-2.3584442,4.4163609,1.6072555,-0.034454197,0.98037982,-0.19408357,0
-3.6273661,3.7835736,-0.4383378,-0.034454197,0.98037982,-0.19408357,0
2.4081578,3.3951311,3.4912882,-0.087694764,0.19048411,0.97776556,0
-3.7714584,0.4494915,-2.6181874,-0.99555141,-0.050708175,-0.079411179,0
0.33981657,1.3080175,-4.3237796,0.087694764,-0.19048411,-0.97776556,0
-3.4628451,-3.9405131,-2.8731136,-0.99555141,-0.050708175,-0.079411179,0
1.8875183,-3.6619635,1.1027026,0.034454197,-0.98037982,0.19408357,0
0.40190554,0.57944274,-4.0192914,0.087694764,-0.19048411,-0.97776556,0
-0.096056461,1.0237107,3.7415905,-0.087694764,0.19048411,0.97776556,0
-4.3020692,1.8874385,0.22960234,-0.99555141,-0.050708175,-0.079411179,0
4.0076365,-2.9161277,2.6614408,0.99555141,0.050708175,0.079411179,0
-1.2139034,3.6224976,-2.5901814,-0.034454197,0.98037982,-0.19408357,0
-3.460063,-2.6274109,-3.0142419,-0.99555141,-0.050708175,-0.079411179,0
-0.56409764,-4.2024517,0.42160368,0.034454197,-0.98037982,0.19408357,0
3.8319361,1.8252281,2.2222967,0.99555141,0.050708175,0.079411179,0
3.1857488,0.29634631,4.3381972,-0.087694764,0.19048411,0.97776556,0
-1.6035943,4.3638015,1.8989558,-0.034454197,0.98037982,-0.19408357,0
-2.69066,0.69548202,3.8195238,-0.087694764,0.19048411,0.97776556,0
3.5749311,3.318444,-4.5261021,-0.034454197,0.98037982,-0.19408357,0
-1.280108,-4.2744932,0.26994061,0.034454197,-0.98037982,0.19408357,0
3.6754017,3.6431932,-0.45966482,0.99555141,0.050708175,0.079411179,0
-3.0743752,-4.3409185,-0.15948009,0.034454197,-0.98037982,0.19408357,0
-0.90093827,-3.7461834,2.1846175,0.034454197,-0.98037982,0.19408357,0
-3.812104,-1.8480972,-3.261333,-0.99555141,-0.050708175,-0.079411179,0
-0.54310942,3.393903,-3.0988364,-0.034454197,0.98037982,-0.19408357,0
-4.0868735,2.4034488,-1.8794255,-0.99555141,-0.050708175,-0.079411179,0
-1.8630159,-2.6126842,-3.6446953,0.087694764,-0.19048411,-0.97776556,0
-1.4026041,-3.4146986,-3.6145873,0.087694764,-0.19048411,-0.97776556,0
1.964606,3.6751008,-3.1175973,-0.034454197,0.98037982,-0.19408357,0
4.1193943,-3.8209293,-3.0195804,0.087694764,-0.19048411,-0.97776556,0
-4.2969809,-0.62561417,2.4703746,-0.99555141,-0.050708175,-0.079411179,0
2.5243654,3.6209195,3.7103832,-0.087694764,0.19048411,0.97776556,0
4.0628462,1.3740001,0.70797509,0.99555141,0.050708175,0.079411179,0
-3.970901,-1.1892512,0.85477018,-0.99555141,-0.050708175,-0.079411179,0
0.59065151,-1.8693755,4.5649128,-0.087694764,0.19048411,0.97776556,0
-1.0562522,-3.5280492,2.7791789,0.034454197,-0.98037982,0.19408357,0
-0.36155987,-3.549885,3.5952692,0.034454197,-0.98037982,0.19408357,0
2.6343808,0.70493031,-3.9801774,0.087694764,-0.19048411,-0.97776556,0
-1.8419484,-4.4063368,-2.0174675,0.034454197,-0.98037982,0.19408357,0
-4.1115985,-0.47787595,-0.37456894,-0.99555141,-0.050708175,-0.079411179,0
1.9556458,-0.73562658,4.3393283,-0.087694764,0.19048411,0.97776556,0
-0.78191257,0.92426491,3.794414,-0.087694764,0.19048411,0.97776556,0
-4.3668203,3.6127739,1.1969719,-0.99555141,-0.050708175,-0.079411179,0
4.1863465,-1.9640298,-3.0437305,0.99555141,0.050708175,0.079411179,0
-1.1409264,1.1522945,-4.5234828,0.087694764,-0.19048411,-0.97776556,0
1.0819917,1.841404,3.6344938,-0.087694764,0.19048411,0.97776556,0
2.7415924,3.6839249,3.5167758,-0.087694764,0.19048411,0.97776556,0
3.9399941,1.2278972,2.2514312,0.99555141,0.050708175,0.079411179,0
2.9639993,4.508285,0.67588806,-0.034454197,0.98037982,-0.19408357,0
-0.75815463,-2.3628712,-3.5803449,0.087694764,-0.19048411,-0.97776556,0
4.009449,1.0991189,-1.3370448,0.99555141,0.050708175,0.079411179,0
-3.2451212,-0.50162625,-4.2627382,0.087694764,-0.19048411,-0.97776556,0
1.0328557,1.6881816,4.0075412,-0.087694764,0.19048411,0.97776556,0
-0.14277935,-1.8307338,4.5004864,-0.087694764,0.19048411,0.97776556,0
4.0320749,-3.1506438,0.18132019,0.99555141,0.050708175,0.079411179,0
-4.4638982,4.1627545,1.5039802,-0.034454197,0.98037982,-0.19408357,0
-4.2500458,-0.23296309,2.5039682,-0.99555141,-0.050708175,-0.079411179,0
2.0367985,-1.2697427,-3.8079805,0.087694764,-0.19048411,-0.97776556,0
4.127737,3.8422418,-1.5805132,-0.034454197,0.98037982,-0.19408357,0
-4.1266003,1.8049829,0.35236907,-0.99555141,-0.050708175,-0.079411179,0
1.801563,4.0083256,-1.3810186,-0.034454197,0.98037982,-0.19408357,0
-3.3623567,1.789396,3.2692115,-0.087694764,0.19048411,0.97776556,0
-0.94123173,1.2102381,-4.5185652,0.087694764,-0.19048411,-0.97776556,0
2.0292516,-4.2974787,-1.835094,0.034454197,-0.98037982,0.19408357,0
-0.52602959,-0.60645247,4.2635002,-0.087694764,0.19048411,0.97776556,0
-1.9529934,3.5725372,-1.6006703,-0.034454197,0.98037982,-0.19408357,0
-1.3098038,-4.2921362,-0.058113575,0.034454197,-0.98037982,0.19408357,0
-0.24677777,3.7600064,-2.5093784,-0.034454197,0.98037982,-0.19408357,0
4.4578848,-3.5449715,-1.0722942,0.99555141,0.050708175,0.079411179,0
-0.093467593,4.7344317,3.0028477,-0.034454197,0.98037982,-0.19408357,0
-1.3680997,-2.5002723,4.5805769,-0.087694764,0.19048411,0.97776556,0
-4.0615096,-2.0486794,3.0583479,-0.99555141,-0.050708175,-0.079411179,0
3.0863221,4.3516088,0.94504142,-0.034454197,0.98037982,-0.19408357,0
1.0835898,3.9072855,-1.2677538,-0.034454197,0.98037982,-0.19408357,0
3.8402367,0.71419764,0.55387819,0.99555141,0.050708175,0.079411179,0
2.8555315,0.34972715,-3.9982848,0.087694764,-0.19048411,-0.97776556,0
0.90544701,-1.3020177,4.3232379,-0.087694764,0.19048411,0.97776556,0
0.74307108,3.9945714,-1.5400734,-0.034454197,0.98037982,-0.19408357,0
-3.2760186,-0.31527185,4.0369978,-0.087694764,0.19048411,0.97776556,0
-3.1080701,-4.8055129,-2.7147653,0.034454197,-0.98037982,0.19408357,0
-4.2587514,-2.6254084,2.7165678,-0.99555141,-0.050708175,-0.079411179,0
-0.7610352,-4.5509248,-1.8420386,0.034454197,-0.98037982,0.19408357,0
1.6237086,-3.9648964,-0.68853951,0.034454197,-0.98037982,0.19408357,0
-3.876694,-3.3593016,-0.3365767,-0.99555141,-0.050708175,-0.079411179,0
-1.4762309,4.6215501,1.9937549,-0.034454197,0.98037982,-0.19408357,0
-0.69438457,1.9204463,-4.5440912,0.087694764,-0.19048411,-0.97776556,0
-4.1297884,-2.8804176,2.3918421,-0.99555141,-0.050708175,-0.079411179,0
2.8653069,-3.4378955,3.7646375,0.034454197,-0.98037982,0.19408357,0
-0.16467607,-4.4841881,-2.5927057,0.034454197,-0.98037982,0.19408357,0
-4.0197501,1.2659743,-0.4531095,-0.99555141,-0.050708175,-0.079411179,0
-4.18186,-3.1168723,3.3675139,-0.99555141,-0.050708175,-0.079411179,0
3.8752401,-1.8167672,1.0318594,0.99555141,0.050708175,0.079411179,0
-4.2789164,-0.23947096,3.5963082,-0.99555141,-0.050708175,-0.079411179,0
-0.17165136,3.4601753,-4.1238313,-0.034454197,0.98037982,-0.19408357,0
0.43876386,-3.9190457,1.5706253,0.034454197,-0.98037982,0.19408357,0
-3.6726375,-4.9068289,-3.2851169,-0.99555141,-0.050708175,-0.079411179,0
-3.4165366,2.2476246,-4.7284107,0.087694764,-0.19048411,-0.97776556,0
-3.9061801,-3.6982467,2.4902825,0.034454197,-0.98037982,0.19408357,0
1.5966115,0.22761035,-3.9675598,0.087694764,-0.19048411,-0.97776556,0
-2.1498771,2.6624961,-4.9721313,0.087694764,-0.19048411,-0.97776556,0
2.6714697,-3.5973449,1.1379447,0.034454197,-0.98037982,0.19408357,0
3.9547646,3.3962958,-3.3348584,-0.034454197,0.98037982,-0.19408357,0
4.2679143,2.3472142,-2.3674481,0.99555141,0.050708175,0.079411179,0
-3.1605778,0.63636661,-4.3998613,0.087694764,-0.19048411,-0.97776556,0
4.1387248,-0.55746126,-2.3543746,0.99555141,0.050708175,0.079411179,0
0.11843133,3.7059824,-1.1341212,-0.034454197,0.98037982,-0.19408357,0
-3.6198621,-2.7679176,-2.4900677,-0.99555141,-0.050708175,-0.079411179,0
-3.6188006,-1.8511893,-2.7192414,-0.99555141,-0.050708175,-0.079411179,0
2.3807566,0.088317275,4.1593318,-0.087694764,0.19048411,0.97776556,0
-3.9426653,-2.5190167,1.5751472,-0.99555141,-0.050708175,-0.079411179,0
-0.80203581,3.7064385,3.2496252,-0.087694764,0.19048411,0.97776556,0
-4.2768679,1.2490661,0.30613875,-0.99555141,-0.050708175,-0.079411179,0
0.68789363,0.56726503,3.9492242,-0.087694764,0.19048411,0.97776556,0
0.95550597,-4.2755823,-2.9834697,0.087694764,-0.19048411,-0.97776556,0
-3.8597999,-2.3610368,-2.7092104,-0.99555141,-0.050708175,-0.079411179,0
3.6377683,-1.1618204,-3.5606799,0.087694764,-0.19048411,-0.97776556,0
-4.0658751,-2.8437269,2.7888057,-0.99555141,-0.050708175,-0.079411179,0
3.9990766,3.0130398,-0.40180266,0.99555141,0.050708175,0.079411179,0
-0.97678924,-1.2057368,-3.8750093,0.087694764,-0.19048411,-0.97776556,0
-3.8245173,-1.5615671,-1.9711044,-0.99555141,-0.050708175,-0.079411179,0
-4.3187485,-0.56972122,3.6526587,-0.99555141,-0.050708175,-0.079411179,0
0.18003917,-4.3254271,-0.32706976,0.034454197,-0.98037982,0.19408357,0
-0.29837167,4.4772558,2.5133109,-0.034454197,0.98037982,-0.19408357,0
-4.3121386,1.6699452,3.2992592,-0.99555141,-0.050708175,-0.079411179,0
3.7344952,-3.0145471,-3.1461692,0.087694764,-0.19048411,-0.97776556,0
-0.01010251,4.8240762,2.8499768,-0.034454197,0.98037982,-0.19408357,0
-1.3313928,-1.0050929,4.1528778,-0.087694764,0.19048411,0.97776556,0
1.6878974,-3.2494938,-3.4984992,0.087694764,-0.19048411,-0.97776556,0
-0.10534,-3.625046,3.1072264,0.034454197,-0.98037982,0.19408357,0
-4.144351,-3.2513585,3.5762355,-0.99555141,-0.050708175,-0.079411179,0
0.073019505,-4.0463462,0.41689062,0.034454197,-0.98037982,0.19408357,0
1.9464324,2.6728172,3.7024217,-0.087694764,0.19048411,0.97776556,0
-1.8065149,4.3221321,1.4127436,-0.034454197,0.98037982,-0.19408357,0
-3.8548357,-2.211195,-2.8891695,-0.99555141,-0.050708175,-0.079411179,0
3.2120705,-2.843996,5.1329999,-0.087694764,0.19048411,0.97776556,0
3.6024339,4.3796654,0.30124164,-0.034454197,0.98037982,-0.19408357,0
2.9628136,0.14631605,-4.0345273,0.087694764,-0.19048411,-0.97776556,0
-4.221138,1.4922442,2.8189492,-0.99555141,-0.050708175,-0.079411179,0
-2.6928885,-0.33786553,-4.1056108,0.087694764,-0.19048411,-0.97776556,0
-4.130806,0.63983583,2.9419184,-0.99555141,-0.050708175,-0.079411179,0
-0.60383272,-4.1604176,-3.3526886,0.087694764,-0.19048411,-0.97776556,0
1.0412192,2.1194758,3.9018829,-0.087694764,0.19048411,0.97776556,0
3.9321778,2.2894137,-0.81688142,0.99555141,0.050708175,0.079411179,0
3.5249374,1.953765,3.9528062,-0.087694764,0.19048411,0.97776556,0
3.8891153,0.35740089,3.0844285,0.99555141,0.050708175,0.079411179,0
-1.6613879,2.1899109,3.3113215,-0.087694764,0.19048411,0.97776556,0
-3.5677979,0.78893483,-4.4626942,-0.99555141,-0.050708175,-0.079411179,0
-0.22718453,3.5776136,3.2118356,-0.087694764,0.19048411,0.97776556,0
-1.9403632,3.7839942,-0.37727785,-0.034454197,0.98037982,-0.19408357,0
3.2883129,4.7189226,2.0116315,-0.034454197,0.98037982,-0.19408357,0
-3.8007164,-3.3413138,-1.9069047,-0.99555141,-0.050708175,-0.079411179,0
3.6088591,3.4664259,-4.2838693,-0.034454197,0.98037982,-0.19408357,0
-1.9805846,4.1362915,1.4691749,-0.034454197,0.98037982,-0.19408357,0
1.5887088,-3.7243502,1.3693943,0.034454197,-0.98037982,0.19408357,0
0.72842002,0.10568124,3.9635704,-0.087694764,0.19048411,0.97776556,0
-3.9492822,3.0767994,-1.0365419,-0.99555141,-0.050708175,-0.079411179,0
-2.3208971,3.5219841,-2.8044276,-0.034454197,0.98037982,-0.19408357,0
3.7290475,-0.63111496,-3.4700663,0.087694764,-0.19048411,-0.97776556,0
-3.8491745,4.1449566,3.0070872,-0.087694764,0.19048411,0.97776556,0
-2.1417375,-2.2166882,-3.7928805,0.087694764,-0.19048411,-0.97776556,0
1.9496884,3.5175042,-3.3986611,-0.034454197,0.98037982,-0.19408357,0
-2.6761155,1.7410314,-4.6035223,0.087694764,-0.19048411,-0.97776556,0
-3.0270667,3.9595258,-0.11068201,-0.034454197,0.98037982,-0.19408357,0
0.12095451,0.20040429,-4.2441988,0.087694764,-0.19048411,-0.97776556,0
-4.189446,2.5698962,-1.8023791,-0.99555141,-0.050708175,-0.079411179,0
4.185432,-1.3732574,-0.42457008,0.99555141,0.050708175,0.079411179,0
4.3264508,0.51542139,-2.8275805,0.99555141,0.050708175,0.079411179,0
-3.4281447,-3.2655666,-2.8947234,-0.99555141,-0.050708175,-0.079411179,0
-2.3967519,-2.0796914,4.1592283,-0.087694764,0.19048411,0.97776556,0
4.05867,1.8438976,-1.0695052,0.99555141,0.050708175,0.079411179,0
4.2967105,-3.057817,-2.1715095,0.99555141,0.050708175,0.079411179,0
-2.4628034,3.956094,3.0563686,-0.087694764,0.19048411,0.97776556,0
2.51476,3.4447346,3.5026133,-0.087694764,0.19048411,0.97776556,0
-3.7869945,-3.9114285,0.61902809,-0.99555141,-0.050708175,-0.079411179,0
0.36971021,3.1388824,3.3206646,-0.087694764,0.19048411,0.97776556,0
4.1017675,0.62269831,-0.71212649,0.99555141,0.050708175,0.079411179,0
-2.4150391,-4.3075838,0.12958241,0.034454197,-0.98037982,0.19408357,0
3.3130302,4.6783838,1.7107708,-0.034454197,0.98037982,-0.19408357,0
-4.0401802,-1.0880718,2.295819,-0.99555141,-0.050708175,-0.079411179,0
1.2650738,3.1289601,-4.1134262,-0.034454197,0.98037982,-0.19408357,0
3.8765445,-0.03392911,3.4708476,0.99555141,0.050708175,0.079411179,0
-4.1318259,-0.21927309,0.18687499,-0.99555141,-0.050708175,-0.079411179,0
4.1383095,-2.8267691,1.3547549,0.99555141,0.050708175,0.079411179,0
3.8229489,3.2443261,0.94098097,0.99555141,0.050708175,0.079411179,0
-3.5492105,0.59849906,-4.6379118,0.087694764,-0.19048411,-0.97776556,0
-4.4785495,1.8727522,2.5951838,-0.99555141,-0.050708175,-0.079411179,0
-2.9117143,-4.5718369,-1.5900025,0.034454197,-0.98037982,0.19408357,0
3.4120784,2.4233785,-4.1737761,0.087694764,-0.19048411,-0.97776556,0
-0.26283097,-2.6960726,-3.5349524,0.087694764,-0.19048411,-0.97776556,0
3.9627793,3.0512302,-0.21015847,0.99555141,0.050708175,0.079411179,0
3.8509395,-2.8695521,4.8756771,0.99555141,0.050708175,0.079411179,0
0.084941149,-1.6059794,-3.9677355,0.087694764,-0.19048411,-0.97776556,0
-1.9223447,3.0246093,3.2122319,-0.087694764,0.19048411,0.97776556,0
3.7867165,0.098119259,2.3515878,0.99555141,0.050708175,0.079411179,0
0.78774595,3.5277767,3.5866108,-0.087694764,0.19048411,0.97776556,0
4.1807652,0.13688946,-1.029483,0.99555141,0.050708175,0.079411179,0
1.5119514,-3.6745074,2.0180545,0.034454197,-0.98037982,0.19408357,0
1.0512414,-3.0595398,4.6330233,0.034454197,-0.98037982,0.19408357,0
-4.3863668,0.18352556,3.7373242,-0.087694764,0.19048411,0.97776556,0
4.0254998,-0.79435968,-3.4189336,0.087694764,-0.19048411,-0.97776556,0
-1.1266038,3.9549758,0.38489151,-0.034454197,0.98037982,-0.19408357,0
