-4.6446352,0.23305202,3.6872542,-0.86730212,-0.47569016,0.146649,0
5.5984225,-1.8544438,0.56793308,0.43997589,-0.59476781,0.67280936,0
-0.91072845,4.496314,2.1082594,-0.23282671,0.64805096,0.72513562,0
1.4870014,-2.20841,-3.6476784,0.23282671,-0.64805096,-0.72513562,0
-3.5652192,4.8619375,0.98869061,-0.23282671,0.64805096,0.72513562,0
-0.18153954,1.581385,-4.5346622,-0.43997589,0.59476781,-0.67280936,0
-4.4537311,-0.14603233,2.8412113,-0.86730212,-0.47569016,0.146649,0
-3.4973249,-1.2963636,-5.0817437,-0.43997589,0.59476781,-0.67280936,0
-2.2686977,-2.7396157,-4.5439558,0.23282671,-0.64805096,-0.72513562,0
1.8457918,6.2446771,0.47562051,0.86730212,0.47569016,-0.146649,0
-4.3540587,-1.8905362,-1.4408197,-0.86730212,-0.47569016,0.146649,0
2.675756,-1.5945933,-3.7322965,0.23282671,-0.64805096,-0.72513562,0
3.1458237,1.8569388,-5.1108217,0.86730212,0.47569016,-0.146649,0
-3.004602,3.5990984,2.1722414,-0.23282671,0.64805096,0.72513562,0
1.0451112,6.3647847,0.80035919,-0.23282671,0.64805096,0.72513562,0
1.5420656,0.30058455,5.4800711,0.43997589,-0.59476781,0.67280936,0
4.5359888,-1.8251884,1.5281026,0.43997589,-0.59476781,0.67280936,0
1.0591908,2.0849898,-5.0879827,-0.43997589,0.59476781,-0.67280936,0
-4.8612294,4.1561384,0.91563177,-0.23282671,0.64805096,0.72513562,0
-4.7838354,-1.6398003,-1.7109394,-0.86730212,-0.47569016,0.146649,0
-5.5919161,0.32653093,-0.24665833,-0.86730212,-0.47569016,0.146649,0
5.0337467,0.06394577,-0.69183493,0.86730212,0.47569016,-0.146649,0
2.6437118,4.377841,-0.32930231,0.86730212,0.47569016,-0.146649,0
-0.27794456,-3.7753677,-3.1883893,0.23282671,-0.64805096,-0.72513562,0
-5.1855383,-0.051728487,-0.0068950653,-0.86730212,-0.47569016,0.146649,0
-2.0150318,-5.9149466,-0.38900936,-0.86730212,-0.47569016,0.146649,0
-0.2774334,-6.2712102,-0.59214389,0.23282671,-0.64805096,-0.72513562,0
4.2815413,-2.4340882,0.95498157,0.43997589,-0.59476781,0.67280936,0
3.3726184,3.8627295,1.6444881,0.86730212,0.47569016,-0.146649,0
1.4095993,6.063664,1.2234124,-0.23282671,0.64805096,0.72513562,0
4.6373415,-0.24601603,-3.3234718,0.86730212,0.47569016,-0.146649,0
-4.1101141,-3.029835,-4.6744189,-0.86730212,-0.47569016,0.146649,0
0.95435762,-0.48097634,-5.5821953,0.23282671,-0.64805096,-0.72513562,0
0.32612157,-4.3347549,1.8575337,0.43997589,-0.59476781,0.67280936,0
2.9994195,-3.5260911,-2.2712188,0.23282671,-0.64805096,-0.72513562,0
-3.1510563,-3.5287645,-4.2950783,0.23282671,-0.64805096,-0.72513562,0
1.0964637,-1.0709199,4.3789525,0.43997589,-0.59476781,0.67280936,0
4.42729,-1.6555135,-3.5192931,0.23282671,-0.64805096,-0.72513562,0
-3.7217731,-1.2237965,5.3372459,-0.86730212,-0.47569016,0.146649,0
1.6395576,5.6646824,-2.0453563,0.86730212,0.47569016,-0.146649,0
-0.49935341,2.8430204,3.4374561,-0.23282671,0.64805096,0.72513562,0
4.0367222,-2.2335567,-2.9462533,0.23282671,-0.64805096,-0.72513562,0
-6.2602034,2.1791101,1.1378131,-0.86730212,-0.47569016,0.146649,0
4.704628,-0.15497434,-4.2769146,0.86730212,0.47569016,-0.146649,0
-4.3072562,-3.136795,-4.3416104,-0.86730212,-0.47569016,0.146649,0
5.7035699,-1.4821849,-1.2019081,0.86730212,0.47569016,-0.146649,0
1.7007487,3.8158851,-3.9028771,-0.43997589,0.59476781,-0.67280936,0
1.4797676,4.3423843,-2.9417086,-0.43997589,0.59476781,-0.67280936,0
4.2954044,2.5255728,3.8830924,0.86730212,0.47569016,-0.146649,0
-2.7652979,-0.59610933,6.1023407,-0.23282671,0.64805096,0.72513562,0
-3.8829231,2.87551,-0.77952051,-0.43997589,0.59476781,-0.67280936,0
-2.1860499,1.9336565,3.8583865,-0.23282671,0.64805096,0.72513562,0
5.3216472,-0.73454332,2.0199356,0.43997589,-0.59476781,0.67280936,0
3.224304,-1.7736404,-3.7661486,0.23282671,-0.64805096,-0.72513562,0
-1.5589383,-3.8009222,3.607666,0.43997589,-0.59476781,0.67280936,0
-2.0720842,-5.6506104,0.248559,-0.86730212,-0.47569016,0.146649,0
-3.0817981,-4.6739678,-3.2202139,0.23282671,-0.64805096,-0.72513562,0
5.5499725,-3.1822827,-1.4489512,0.23282671,-0.64805096,-0.72513562,0
-3.0086222,-1.2353418,-4.934866,-0.43997589,0.59476781,-0.67280936,0
3.55339,2.1115253,-3.4700918,0.86730212,0.47569016,-0.146649,0
1.6576304,-0.65487528,4.0164919,0.43997589,-0.59476781,0.67280936,0
4.6675539,-1.5972875,-3.4341702,0.23282671,-0.64805096,-0.72513562,0
2.4590628,-4.0430489,-2.0750113,0.23282671,-0.64805096,-0.72513562,0
1.9188826,-5.7532654,-0.6851263,0.23282671,-0.64805096,-0.72513562,0
-2.4917915,-4.2500558,1.8668282,-0.86730212,-0.47569016,0.146649,0
2.6204007,0.96169567,-6.0754228,0.23282671,-0.64805096,-0.72513562,0
-4.2919831,-0.26981831,3.1178455,-0.86730212,-0.47569016,0.146649,0
1.5610342,0.45861346,-6.3243017,0.23282671,-0.64805096,-0.72513562,0
5.4547586,-0.78504133,-0.85321856,0.86730212,0.47569016,-0.146649,0
-5.6621404,1.0236559,-1.4454474,-0.43997589,0.59476781,-0.67280936,0
-2.5829554,-5.6714993,-1.7177677,-0.86730212,-0.47569016,0.146649,0
-1.9390197,-0.84264481,6.2158804,-0.23282671,0.64805096,0.72513562,0
3.6126194,0.95536464,-5.3862286,0.86730212,0.47569016,-0.146649,0
3.5087223,0.53452063,-5.3087435,0.23282671,-0.64805096,-0.72513562,0
-1.1329904,-7.2820868,-0.080920219,0.23282671,-0.64805096,-0.72513562,0
-3.8075809,4.0311947,1.2338924,-0.23282671,0.64805096,0.72513562,0
-3.8454702,-2.6690598,0.22865653,-0.86730212,-0.47569016,0.146649,0
3.6516449,1.4058406,-5.7708993,0.86730212,0.47569016,-0.146649,0
-2.8482335,0.5123412,4.8895683,-0.23282671,0.64805096,0.72513562,0
-1.1324003,-2.2521169,4.8707576,0.43997589,-0.59476781,0.67280936,0
-4.7836742,-2.3050194,-4.7081251,-0.86730212,-0.47569016,0.146649,0
-2.5755014,-4.113605,2.9658017,-0.86730212,-0.47569016,0.146649,0
2.8648176,3.4735849,-2.7107069,0.86730212,0.47569016,-0.146649,0
-4.0363359,2.7725489,-0.75409365,-0.43997589,0.59476781,-0.67280936,0
-4.2660975,-2.5137334,-1.6096163,-0.86730212,-0.47569016,0.146649,0
1.5063002,6.6609359,-0.69416773,0.86730212,0.47569016,-0.146649,0
-1.598758,-1.3544686,5.9874187,0.43997589,-0.59476781,0.67280936,0
-0.60956621,-5.4215546,-1.3279622,0.23282671,-0.64805096,-0.72513562,0
3.992084,1.4702811,-3.5573447,0.86730212,0.47569016,-0.146649,0
-0.89721274,4.0166492,-1.5791609,-0.43997589,0.59476781,-0.67280936,0
0.60570478,-2.2207661,-3.9856162,0.23282671,-0.64805096,-0.72513562,0
0.58207369,-4.0252676,-2.3047874,0.23282671,-0.64805096,-0.72513562,0
1.5113791,5.5903339,-2.0483732,-0.43997589,0.59476781,-0.67280936,0
-0.52258492,-0.77301764,-5.6429944,0.23282671,-0.64805096,-0.72513562,0
1.4886193,0.54779065,-5.9651065,0.23282671,-0.64805096,-0.72513562,0
6.3082914,-1.7793856,0.0078477859,0.86730212,0.47569016,-0.146649,0
-2.3714345,3.2533011,-1.4576056,-0.43997589,0.59476781,-0.67280936,0
-4.2939982,0.65062213,-2.4750967,-0.43997589,0.59476781,-0.67280936,0
4.9676738,0.01733017,-1.7400193,0.86730212,0.47569016,-0.146649,0
4.7712164,0.41944385,0.026055336,0.86730212,0.47569016,-0.146649,0
2.1518884,0.50169939,-6.2109828,0.23282671,-0.64805096,-0.72513562,0
3.270515,3.8875237,-0.0090594292,0.86730212,0.47569016,-0.146649,0
4.5916533,-0.16383696,-3.0780327,0.86730212,0.47569016,-0.146649,0
3.6999428,-0.4305867,-4.583755,0.23282671,-0.64805096,-0.72513562,0
5.738905,-1.9611433,-2.7787213,0.86730212,0.47569016,-0.146649,0
-2.5883098,3.6160867,-1.2286878,-0.43997589,0.59476781,-0.67280936,0
3.0783052,2.259666,5.3550258,-0.23282671,0.64805096,0.72513562,0
-3.7777767,-1.5425601,3.4663219,-0.86730212,-0.47569016,0.146649,0
-3.4838636,-2.012058,4.2050419,-0.86730212,-0.47569016,0.146649,0
-4.2721071,-2.2324464,-2.0051122,-0.86730212,-0.47569016,0.146649,0
-3.1281371,-3.2618642,2.8675833,-0.86730212,-0.47569016,0.146649,0
-4.7658424,-2.6854241,-5.3460398,-0.86730212,-0.47569016,0.146649,0
0.82851529,-1.5909978,4.2577391,0.43997589,-0.59476781,0.67280936,0
-1.2304931,-5.469974,1.8610874,0.43997589,-0.59476781,0.67280936,0
3.1040413,4.3135424,0.55625391,0.86730212,0.47569016,-0.146649,0
0.9693898,-4.585608,1.0719368,0.43997589,-0.59476781,0.67280936,0
-2.4347675,4.7090511,0.0038454533,-0.43997589,0.59476781,-0.67280936,0
-2.397954,-3.4324167,4.2417912,-0.86730212,-0.47569016,0.146649,0
2.2423098,-0.91393399,3.84444,0.43997589,-0.59476781,0.67280936,0
-0.64289904,-4.0568895,-2.5137215,0.23282671,-0.64805096,-0.72513562,0
-3.4606714,-1.9719722,5.0163851,-0.86730212,-0.47569016,0.146649,0
-1.7267928,-0.91299999,6.2579694,0.43997589,-0.59476781,0.67280936,0
2.7305429,5.0968103,0.75965762,0.86730212,0.47569016,-0.146649,0
-1.3561106,-0.93246597,5.7254601,0.43997589,-0.59476781,0.67280936,0
0.11957693,2.4185333,3.9337192,-0.23282671,0.64805096,0.72513562,0
0.72422683,-3.5948205,2.4789217,0.43997589,-0.59476781,0.67280936,0
-2.1886814,-4.7965531,2.4331245,-0.86730212,-0.47569016,0.146649,0
-3.1230102,-3.8616617,-0.87568474,-0.86730212,-0.47569016,0.146649,0
-2.697495,-3.6139441,2.1767578,-0.86730212,-0.47569016,0.146649,0
3.4314823,2.7067482,-0.54864931,0.86730212,0.47569016,-0.146649,0
1.0776429,-0.35029629,-5.6146145,0.23282671,-0.64805096,-0.72513562,0
-4.9793577,-0.86641407,-2.6630003,-0.86730212,-0.47569016,0.146649,0
-0.21255755,2.583497,-3.2915187,-0.43997589,0.59476781,-0.67280936,0
4.6885705,2.3031852,3.5723424,0.86730212,0.47569016,-0.146649,0
-5.2688112,0.64008164,1.5369148,-0.86730212,-0.47569016,0.146649,0
-3.1797023,-3.6517749,0.13898754,-0.86730212,-0.47569016,0.146649,0
3.1865623,2.3851373,-4.7390165,0.86730212,0.47569016,-0.146649,0
-0.71847677,-0.72324926,5.76017,0.43997589,-0.59476781,0.67280936,0
3.3167202,2.4441504,-1.8122756,0.86730212,0.47569016,-0.146649,0
-5.7148266,1.5247829,1.6364965,-0.86730212,-0.47569016,0.146649,0
-3.9582684,1.26636,-2.2923393,-0.43997589,0.59476781,-0.67280936,0
0.46635866,-5.1665969,-1.245461,0.23282671,-0.64805096,-0.72513562,0
4.5046816,0.63948107,-0.85734463,0.86730212,0.47569016,-0.146649,0
2.0255928,0.47840834,4.9800596,0.43997589,-0.59476781,0.67280936,0
-0.35816449,-4.0257659,2.8931348,0.43997589,-0.59476781,0.67280936,0
3.8226781,2.7343714,4.8365526,-0.23282671,0.64805096,0.72513562,0
-0.78659827,-4.0438108,2.989994,0.43997589,-0.59476781,0.67280936,0
-4.5737939,0.26696062,-2.5667419,-0.43997589,0.59476781,-0.67280936,0
-3.2147346,-2.1493053,5.2520657,-0.86730212,-0.47569016,0.146649,0
1.2448999,2.8083372,-4.1945105,-0.43997589,0.59476781,-0.67280936,0
2.5932157,0.17468476,4.6830091,0.43997589,-0.59476781,0.67280936,0
-3.656424,-1.7997282,3.5221837,-0.86730212,-0.47569016,0.146649,0
-1.4101653,-6.5445786,0.55751848,-0.86730212,-0.47569016,0.146649,0
4.5543361,-0.53273129,2.721575,0.43997589,-0.59476781,0.67280936,0
-2.8645892,2.4701307,-2.0679455,-0.43997589,0.59476781,-0.67280936,0
-4.0629025,1.6841502,-1.7572682,-0.43997589,0.59476781,-0.67280936,0
-2.9576249,4.6434031,1.14745,-0.23282671,0.64805096,0.72513562,0
-0.05832696,-5.8584557,0.55686319,0.43997589,-0.59476781,0.67280936,0
-5.0703363,3.5805182,1.4737501,-0.23282671,0.64805096,0.72513562,0
1.3431115,-0.77828324,4.2567692,0.43997589,-0.59476781,0.67280936,0
-5.2082782,3.019841,1.6844287,-0.23282671,0.64805096,0.72513562,0
2.7072289,-1.1490119,-4.2728267,0.23282671,-0.64805096,-0.72513562,0
-2.4989369,1.1959181,-3.3324664,-0.43997589,0.59476781,-0.67280936,0
4.8431935,-0.13094115,-2.7150311,0.86730212,0.47569016,-0.146649,0
3.7763112,0.46926999,4.0272083,0.43997589,-0.59476781,0.67280936,0
-4.1163249,2.9756565,-0.89913845,-0.43997589,0.59476781,-0.67280936,0
1.9229646,5.9456425,1.1933324,0.86730212,0.47569016,-0.146649,0
-1.5440644,5.1194873,-0.70618367,-0.43997589,0.59476781,-0.67280936,0
1.1866308,3.013083,-4.077095,-0.43997589,0.59476781,-0.67280936,0
-1.0189996,-3.1571851,-3.4666052,0.23282671,-0.64805096,-0.72513562,0
-2.8920565,-0.97814083,-5.1236229,-0.43997589,0.59476781,-0.67280936,0
-0.39249325,-0.85223758,5.6262569,0.43997589,-0.59476781,0.67280936,0
4.4775157,3.0957699,4.7220001,0.86730212,0.47569016,-0.146649,0
-3.5933638,-3.385184,-0.21744752,-0.86730212,-0.47569016,0.146649,0
-1.9561007,2.2279463,3.5832944,-0.23282671,0.64805096,0.72513562,0
-4.5543118,-1.0319951,-4.0468464,-0.43997589,0.59476781,-0.67280936,0
3.2675376,2.5577755,-2.0574162,0.86730212,0.47569016,-0.146649,0
-2.4917982,-0.068784237,5.7160168,-0.23282671,0.64805096,0.72513562,0
-1.9148235,1.9229009,-2.8435888,-0.43997589,0.59476781,-0.67280936,0
1.236841,-6.2011943,-0.48784614,0.23282671,-0.64805096,-0.72513562,0
0.47200966,0.13477921,-5.9764366,-0.43997589,0.59476781,-0.67280936,0
-0.46644831,1.0485927,4.9921026,-0.23282671,0.64805096,0.72513562,0
1.2851236,-1.4115059,3.7972763,0.43997589,-0.59476781,0.67280936,0
-5.0159235,0.13400769,0.19027996,-0.86730212,-0.47569016,0.146649,0
5.155118,0.81500268,2.592509,0.86730212,0.47569016,-0.146649,0
-4.4791064,-1.1416073,1.2783842,-0.86730212,-0.47569016,0.146649,0
-1.1922851,-6.776412,-0.28492105,0.23282671,-0.64805096,-0.72513562,0
-1.1700331,2.8240528,-2.6778979,-0.43997589,0.59476781,-0.67280936,0
2.8336608,4.086947,0.096877575,0.86730212,0.47569016,-0.146649,0
-3.3052313,-2.8233285,0.96689487,-0.86730212,-0.47569016,0.146649,0
-1.5258327,-0.44606251,5.9281883,-0.23282671,0.64805096,0.72513562,0
3.9218383,2.5046706,1.2425163,0.86730212,0.47569016,-0.146649,0
2.8886623,1.2936056,5.023479,0.43997589,-0.59476781,0.67280936,0
-2.403326,5.579628,0.29187846,-0.43997589,0.59476781,-0.67280936,0
3.4040098,4.1786985,3.2200012,0.86730212,0.47569016,-0.146649,0
-0.70859718,-2.9112363,-3.6737175,0.23282671,-0.64805096,-0.72513562,0
0.64580035,-1.362695,4.2361555,0.43997589,-0.59476781,0.67280936,0
-2.3351474,-5.1860027,1.2567761,-0.86730212,-0.47569016,0.146649,0
-1.9379883,-5.3551416,-2.0404105,0.23282671,-0.64805096,-0.72513562,0
-5.3206649,-0.20286703,-0.5281477,-0.86730212,-0.47569016,0.146649,0
-0.33252144,2.7765267,3.3423362,-0.23282671,0.64805096,0.72513562,0
-1.914505,-5.8241363,-1.6020565,0.23282671,-0.64805096,-0.72513562,0
1.8896928,6.1277843,-0.3352201,0.86730212,0.47569016,-0.146649,0
-1.584311,1.3982759,4.5755072,-0.23282671,0.64805096,0.72513562,0
5.0656528,-0.52271461,-1.7329512,0.86730212,0.47569016,-0.146649,0
0.89259601,2.6587832,-4.0782733,-0.43997589,0.59476781,-0.67280936,0
0.24432385,-4.6393328,1.5131502,0.43997589,-0.59476781,0.67280936,0
3.2524633,-1.5338435,2.5309877,0.43997589,-0.59476781,0.67280936,0
3.3486996,1.8809208,-4.4893541,0.86730212,0.47569016,-0.146649,0
-1.570663,-4.0513091,-3.1855702,0.23282671,-0.64805096,-0.72513562,0
5.4101181,-2.2801344,0.13712788,0.43997589,-0.59476781,0.67280936,0
2.3805764,5.3197508,0.61371779,0.86730212,0.47569016,-0.146649,0
2.6256943,3.2437575,-4.9022593,-0.43997589,0.59476781,-0.67280936,0
-3.8502636,-2.7398565,-0.94306517,-0.86730212,-0.47569016,0.146649,0
4.9511242,0.84547615,2.6953695,0.86730212,0.47569016,-0.146649,0
5.0960913,-3.7616119,-0.60526848,0.43997589,-0.59476781,0.67280936,0
6.4201298,-3.0423696,-0.96990013,0.43997589,-0.59476781,0.67280936,0
2.1931047,4.7229452,2.6861482,-0.23282671,0.64805096,0.72513562,0
5.3640642,0.1041708,1.8722928,0.86730212,0.47569016,-0.146649,0
3.3973646,-3.1813149,-2.5397227,0.23282671,-0.64805096,-0.72513562,0
0.66114569,0.71539068,-6.0039334,-0.43997589,0.59476781,-0.67280936,0
-1.3468394,0.91447103,4.8902922,-0.23282671,0.64805096,0.72513562,0
-3.840801,2.7772739,-0.82341671,-0.43997589,0.59476781,-0.67280936,0
-3.2834358,-0.96211338,5.7739573,-0.23282671,0.64805096,0.72513562,0
-0.39911699,3.5241261,2.6861751,-0.23282671,0.64805096,0.72513562,0
2.7423646,3.8479419,-1.4921839,0.86730212,0.47569016,-0.146649,0
-3.1422815,-0.27197295,5.6655622,-0.23282671,0.64805096,0.72513562,0
-5.1043091,2.4585159,2.5574446,-0.23282671,0.64805096,0.72513562,0
1.1365247,-0.0010157824,-5.9620957,0.23282671,-0.64805096,-0.72513562,0
-4.4443703,-0.84235275,2.9844034,-0.86730212,-0.47569016,0.146649,0
1.9839522,-4.5621848,0.44214737,0.43997589,-0.59476781,0.67280936,0
-1.0607886,-0.31243396,-5.7864227,-0.43997589,0.59476781,-0.67280936,0
3.4780331,1.2662957,-5.2198839,0.86730212,0.47569016,-0.146649,0
0.053519249,-5.5118246,-1.3646533,0.23282671,-0.64805096,-0.72513562,0
-2.7867594,4.3465719,1.4747787,-0.23282671,0.64805096,0.72513562,0
-3.0928125,-4.5881882,-2.8374369,-0.86730212,-0.47569016,0.146649,0
-0.052327633,0.37565875,-5.7976799,-0.43997589,0.59476781,-0.67280936,0
0.68350077,-0.70375025,-5.1021409,0.23282671,-0.64805096,-0.72513562,0
-4.5245848,-0.88180351,2.3907752,-0.86730212,-0.47569016,0.146649,0
-3.8708003,-0.40999126,-3.9683065,-0.43997589,0.59476781,-0.67280936,0
4.1254225,1.4389846,-1.1001818,0.86730212,0.47569016,-0.146649,0
0.64249134,-6.3951678,0.12602088,0.43997589,-0.59476781,0.67280936,0
2.4851091,-4.201993,-1.7368844,0.23282671,-0.64805096,-0.72513562,0
-5.9786,2.9406059,1.4663663,-0.23282671,0.64805096,0.72513562,0
-3.2673328,-1.9842193,3.6771584,-0.86730212,-0.47569016,0.146649,0
-1.946713,4.8408537,1.4620097,-0.23282671,0.64805096,0.72513562,0
-4.0113907,-3.0596857,-4.8482933,0.23282671,-0.64805096,-0.72513562,0
4.7340803,0.9432652,0.23598289,0.86730212,0.47569016,-0.146649,0
2.6629474,-2.0955021,2.2833216,0.43997589,-0.59476781,0.67280936,0
-2.0560451,4.2046256,1.9263661,-0.23282671,0.64805096,0.72513562,0
-3.0250649,-0.90347099,5.8919868,-0.23282671,0.64805096,0.72513562,0
-3.9726865,-1.5640123,0.83141398,-0.86730212,-0.47569016,0.146649,0
3.1985674,4.3860335,1.9380596,0.86730212,0.47569016,-0.146649,0
-2.6365094,-1.906425,-5.4362288,0.23282671,-0.64805096,-0.72513562,0
-1.8564806,-6.505126,-0.40811408,-0.86730212,-0.47569016,0.146649,0
-3.316514,-4.5873909,-3.0604296,0.23282671,-0.64805096,-0.72513562,0
4.7500782,-0.44398785,-4.0972023,0.86730212,0.47569016,-0.146649,0
0.16342878,3.1267595,3.3798168,-0.23282671,0.64805096,0.72513562,0
2.6781168,5.1879377,1.077253,0.86730212,0.47569016,-0.146649,0
5.0375357,-0.0074231625,0.43982935,0.86730212,0.47569016,-0.146649,0
-2.830338,4.2425985,1.6732471,-0.23282671,0.64805096,0.72513562,0
-1.6778672,4.8186336,-0.68625736,-0.43997589,0.59476781,-0.67280936,0
-3.011878,-4.9974461,-2.8680575,0.23282671,-0.64805096,-0.72513562,0
-4.9835033,-0.30842185,-1.0170565,-0.86730212,-0.47569016,0.146649,0
0.55737829,-1.2087497,-4.7009115,0.23282671,-0.64805096,-0.72513562,0
-3.4343619,-2.9106817,1.8899002,-0.86730212,-0.47569016,0.146649,0
-2.4239297,-0.5995028,-4.8899412,-0.43997589,0.59476781,-0.67280936,0
-5.013063,-1.2222126,-2.2762311,-0.86730212,-0.47569016,0.146649,0
3.2431073,-2.1231689,-3.2105401,0.23282671,-0.64805096,-0.72513562,0
-6.0803347,1.7980857,-0.50426817,-0.43997589,0.59476781,-0.67280936,0
4.565485,1.7187207,2.0429628,0.86730212,0.47569016,-0.146649,0
4.2219658,0.67908156,-4.3596821,0.86730212,0.47569016,-0.146649,0
2.1691959,-3.7686701,1.4054965,0.43997589,-0.59476781,0.67280936,0
-0.82552242,-0.97270846,-5.5063114,0.23282671,-0.64805096,-0.72513562,0
0.3889401,1.4169538,-4.8125782,-0.43997589,0.59476781,-0.67280936,0
-1.8881192,-2.0011196,-4.8753872,0.23282671,-0.64805096,-0.72513562,0
-4.6251998,0.97947121,3.5775514,-0.23282671,0.64805096,0.72513562,0
2.8026896,4.2146578,0.3295083,0.86730212,0.47569016,-0.146649,0
-5.2627592,0.84053254,1.6126566,-0.86730212,-0.47569016,0.146649,0
-1.0718869,1.8139868,-3.4892652,-0.43997589,0.59476781,-0.67280936,0
-4.7470703,0.061846256,2.3207994,-0.86730212,-0.47569016,0.146649,0
1.7597589,6.0579987,0.11234248,0.86730212,0.47569016,-0.146649,0
-0.040328503,1.0337716,5.4346972,-0.23282671,0.64805096,0.72513562,0
2.7960122,4.2301369,-1.0345664,0.86730212,0.47569016,-0.146649,0
-5.5282016,1.1514075,2.847599,-0.86730212,-0.47569016,0.146649,0
-0.34034395,-3.942991,-2.9156821,0.23282671,-0.64805096,-0.72513562,0
2.5937467,3.4447017,3.9151108,-0.23282671,0.64805096,0.72513562,0
4.3922958,-2.6543739,-2.3084435,0.23282671,-0.64805096,-0.72513562,0
2.8881674,3.867414,-0.59804344,0.86730212,0.47569016,-0.146649,0
0.13002443,-3.4063866,-3.195359,0.23282671,-0.64805096,-0.72513562,0
4.1368799,-2.978065,0.61838341,0.43997589,-0.59476781,0.67280936,0
6.5547228,-2.7447381,-0.76423168,0.43997589,-0.59476781,0.67280936,0
2.129463,-0.89306331,3.8271661,0.43997589,-0.59476781,0.67280936,0
5.6374397,-3.5668237,-1.3407059,0.23282671,-0.64805096,-0.72513562,0
-0.54096508,0.9074142,5.2384105,-0.23282671,0.64805096,0.72513562,0
1.3092275,-0.70036411,-5.1169949,0.23282671,-0.64805096,-0.72513562,0
-2.1604378,-1.0287799,6.3257198,-0.23282671,0.64805096,0.72513562,0
3.291429,0.80390042,-5.6786103,0.23282671,-0.64805096,-0.72513562,0
0.49632263,0.79524148,5.6353726,-0.23282671,0.64805096,0.72513562,0
5.3604603,-2.1232438,0.39275551,0.43997589,-0.59476781,0.67280936,0
3.3773346,-4.1692085,-0.056406021,0.43997589,-0.59476781,0.67280936,0
3.1851206,1.5467641,5.3605962,0.43997589,-0.59476781,0.67280936,0
1.4235446,-0.97500265,4.1172986,0.43997589,-0.59476781,0.67280936,0
-4.0645051,-3.1753132,-4.6169829,0.23282671,-0.64805096,-0.72513562,0
-3.0867958,4.4392233,0.24486113,-0.43997589,0.59476781,-0.67280936,0
-1.1543854,1.9547484,-3.7330005,-0.43997589,0.59476781,-0.67280936,0
1.6322846,3.0396392,-4.3872852,-0.43997589,0.59476781,-0.67280936,0
2.8384686,3.2539222,3.990375,-0.23282671,0.64805096,0.72513562,0
4.5884218,-0.53898239,-4.1977835,0.86730212,0.47569016,-0.146649,0
-0.48956537,-5.7360864,-1.0087416,0.23282671,-0.64805096,-0.72513562,0
4.5585251,-3.7342284,-0.47245359,0.43997589,-0.59476781,0.67280936,0
-4.2180233,-1.2162796,0.88259602,-0.86730212,-0.47569016,0.146649,0
3.1964693,-3.3976955,0.93945003,0.43997589,-0.59476781,0.67280936,0
3.1937647,-2.3853407,1.8058916,0.43997589,-0.59476781,0.67280936,0
4.5433264,1.7094975,2.9130902,0.86730212,0.47569016,-0.146649,0
-4.4683423,-2.9903042,-4.9080424,0.23282671,-0.64805096,-0.72513562,0
3.11689,-1.3631699,2.680392,0.43997589,-0.59476781,0.67280936,0
3.5466185,1.6856079,5.1598077,0.43997589,-0.59476781,0.67280936,0
-4.8811507,1.3200586,-1.4820423,-0.43997589,0.59476781,-0.67280936,0
0.88584328,7.0154042,-0.26306993,-0.43997589,0.59476781,-0.67280936,0
-2.7149661,3.6217821,2.1476593,-0.23282671,0.64805096,0.72513562,0
-3.5654852,-0.78005838,-4.3446641,-0.43997589,0.59476781,-0.67280936,0
-2.3618474,-5.4647636,-0.44077301,-0.86730212,-0.47569016,0.146649,0
-2.9364281,-4.1108103,0.34289169,-0.86730212,-0.47569016,0.146649,0
-1.593493,2.0537508,3.7944503,-0.23282671,0.64805096,0.72513562,0
-3.7944398,2.5951607,-1.0414908,-0.43997589,0.59476781,-0.67280936,0
-3.3825982,-2.7195864,2.7714894,-0.86730212,-0.47569016,0.146649,0
-5.6569443,1.8492889,-0.55828476,-0.43997589,0.59476781,-0.67280936,0
2.7202926,-1.1989276,3.0156019,0.43997589,-0.59476781,0.67280936,0
-2.4538517,-1.4456221,-5.5523491,-0.43997589,0.59476781,-0.67280936,0
3.9578524,1.7384195,-0.85952139,0.86730212,0.47569016,-0.146649,0
3.1704004,-4.1684284,-1.34214,0.23282671,-0.64805096,-0.72513562,0
0.35198355,0.27495074,-5.9068632,-0.43997589,0.59476781,-0.67280936,0
-0.26857424,3.9023359,2.8560739,-0.23282671,0.64805096,0.72513562,0
6.4612737,-2.4082263,-0.58213758,0.86730212,0.47569016,-0.146649,0
-0.93014956,-4.6357327,2.3016806,0.43997589,-0.59476781,0.67280936,0
2.8206773,3.213753,4.1658201,-0.23282671,0.64805096,0.72513562,0
5.3856444,-0.40148163,1.7743373,0.43997589,-0.59476781,0.67280936,0
-2.3439341,-3.8772306,3.1648843,-0.86730212,-0.47569016,0.146649,0
0.189574,4.2611623,-2.3037608,-0.43997589,0.59476781,-0.67280936,0
3.8081541,-3.3845985,0.53049684,0.43997589,-0.59476781,0.67280936,0
4.883852,0.61527753,-0.51740694,0.86730212,0.47569016,-0.146649,0
-1.4229856,-2.9747114,-3.8474135,0.23282671,-0.64805096,-0.72513562,0
2.2233639,1.9464101,5.0974073,-0.23282671,0.64805096,0.72513562,0
0.84229374,-0.21314865,-5.6606565,0.23282671,-0.64805096,-0.72513562,0
5.9958348,-2.3560638,-1.9322195,0.23282671,-0.64805096,-0.72513562,0
-0.1818437,-3.9429004,2.7541871,0.43997589,-0.59476781,0.67280936,0
1.7950501,0.57212722,-6.2468791,0.23282671,-0.64805096,-0.72513562,0
0.57911777,0.15648246,-6.1048651,-0.43997589,0.59476781,-0.67280936,0
-4.2351532,3.1702478,-0.35550356,-0.43997589,0.59476781,-0.67280936,0
2.8270845,1.9072931,5.2175193,-0.23282671,0.64805096,0.72513562,0
-0.69441223,-0.27148604,-5.6690073,-0.43997589,0.59476781,-0.67280936,0
-3.731863,4.4474926,0.77849674,-0.23282671,0.64805096,0.72513562,0
2.8344607,-3.0384231,1.3499209,0.43997589,-0.59476781,0.67280936,0
-2.427489,2.5861716,-2.3010263,-0.43997589,0.59476781,-0.67280936,0
5.8750186,-3.5933754,-1.1103702,0.23282671,-0.64805096,-0.72513562,0
-3.1766236,-2.5460327,3.8546381,-0.86730212,-0.47569016,0.146649,0
-5.1174531,0.42784357,2.7578259,-0.86730212,-0.47569016,0.146649,0
5.6233683,-1.3066857,-0.97199965,0.86730212,0.47569016,-0.146649,0
3.5008655,-3.5730343,-1.9114206,0.23282671,-0.64805096,-0.72513562,0
0.06220448,4.309052,-1.9628896,-0.43997589,0.59476781,-0.67280936,0
4.2340221,0.34287572,3.375654,0.43997589,-0.59476781,0.67280936,0
2.7423358,4.0481057,3.2400913,-0.23282671,0.64805096,0.72513562,0
0.73912787,3.0891445,-3.7204494,-0.43997589,0.59476781,-0.67280936,0
4.9782028,0.32601237,0.099925995,0.86730212,0.47569016,-0.146649,0
0.54877996,2.7138662,-3.616091,-0.43997589,0.59476781,-0.67280936,0
3.4319329,0.23333526,-5.4819899,0.23282671,-0.64805096,-0.72513562,0
2.8750634,3.3528717,4.1273847,-0.23282671,0.64805096,0.72513562,0
0.78278112,2.215688,-4.4196267,-0.43997589,0.59476781,-0.67280936,0
1.4667943,2.2911656,-4.819509,-0.43997589,0.59476781,-0.67280936,0
0.46885967,-1.1334444,-4.8562102,0.23282671,-0.64805096,-0.72513562,0
-3.1052179,-3.5742188,1.9707761,-0.86730212,-0.47569016,0.146649,0
4.9276423,-3.6760304,-0.56839085,0.43997589,-0.59476781,0.67280936,0
-3.2997947,-1.3407507,-5.170414,-0.43997589,0.59476781,-0.67280936,0
3.9706788,2.0698559,0.33870053,0.86730212,0.47569016,-0.146649,0
1.4828651,-4.745152,-1.4475861,0.23282671,-0.64805096,-0.72513562,0
-3.3426507,-3.5651674,-1.4100099,-0.86730212,-0.47569016,0.146649,0
3.1183305,-1.4133148,2.5707989,0.43997589,-0.59476781,0.67280936,0
1.9964534,4.7527552,-2.6691341,0.86730212,0.47569016,-0.146649,0
3.9059672,2.1459596,0.62365842,0.86730212,0.47569016,-0.146649,0
0.63905787,6.0509515,-0.95718926,-0.43997589,0.59476781,-0.67280936,0
2.9576285,-2.1829021,1.969776,0.43997589,-0.59476781,0.67280936,0
-4.1836472,-0.19879997,4.0179853,-0.86730212,-0.47569016,0.146649,0
-0.90843344,1.5014884,4.6894331,-0.23282671,0.64805096,0.72513562,0
-4.0488119,-1.953975,-4.9777861,-0.43997589,0.59476781,-0.67280936,0
-4.0010409,-1.8695,1.8698938,-0.86730212,-0.47569016,0.146649,0
-2.631602,-5.0376701,0.0162673,-0.86730212,-0.47569016,0.146649,0
-3.6298032,-1.1169655,-4.2886677,-0.43997589,0.59476781,-0.67280936,0
3.4067025,3.6600804,1.4366639,0.86730212,0.47569016,-0.146649,0
2.2029016,-5.3857412,-0.6827749,0.23282671,-0.64805096,-0.72513562,0
2.8193557,4.0245171,0.36507797,0.86730212,0.47569016,-0.146649,0
-0.040623903,5.298429,-1.0682266,-0.43997589,0.59476781,-0.67280936,0
-4.5278673,0.92987919,3.8876948,-0.23282671,0.64805096,0.72513562,0
2.2966578,5.5511518,0.32449651,0.86730212,0.47569016,-0.146649,0
1.7660313,-0.81737041,-5.0744553,0.23282671,-0.64805096,-0.72513562,0
-5.1946011,-0.0452528,-2.8398085,-0.43997589,0.59476781,-0.67280936,0
4.3440361,0.8727653,-1.7052097,0.86730212,0.47569016,-0.146649,0
0.70571375,4.0192881,-3.1219246,-0.43997589,0.59476781,-0.67280936,0
4.6832395,1.3243258,1.1009445,0.86730212,0.47569016,-0.146649,0
-2.3000791,-5.0853653,0.55425215,-0.86730212,-0.47569016,0.146649,0
-5.1050577,1.5539603,-1.2130594,-0.43997589,0.59476781,-0.67280936,0
5.327076,-2.349287,-2.5144463,0.23282671,-0.64805096,-0.72513562,0
-5.0297832,0.83464742,3.5891004,-0.86730212,-0.47569016,0.146649,0
5.0354548,-1.652072,-2.9884362,0.23282671,-0.64805096,-0.72513562,0
-2.3781228,-4.8857951,-2.6839318,0.23282671,-0.64805096,-0.72513562,0
4.8074417,1.6644981,3.2338359,0.86730212,0.47569016,-0.146649,0
-3.9951959,2.9359326,2.3592389,-0.23282671,0.64805096,0.72513562,0
0.91280651,7.1029506,-0.040352941,-0.23282671,0.64805096,0.72513562,0
4.9855185,0.1692791,2.9318666,0.43997589,-0.59476781,0.67280936,0
-0.3874374,3.0870094,-3.1642914,-0.43997589,0.59476781,-0.67280936,0
0.81804395,-1.5860066,4.0691047,0.43997589,-0.59476781,0.67280936,0
3.9799414,3.3574057,3.2144763,0.86730212,0.47569016,-0.146649,0
3.8831959,-3.8748095,-1.6809175,0.23282671,-0.64805096,-0.72513562,0
4.5734367,2.6726646,4.709753,0.86730212,0.47569016,-0.146649,0
-5.6237345,3.3884397,0.85114717,-0.43997589,0.59476781,-0.67280936,0
3.5271087,-4.7370768,-0.72588444,0.43997589,-0.59476781,0.67280936,0
-2.3337402,-0.80668807,-4.9674783,-0.43997589,0.59476781,-0.67280936,0
0.34167433,2.8511286,3.9353318,-0.23282671,0.64805096,0.72513562,0
0.69626331,-3.9285324,-2.5905275,0.23282671,-0.64805096,-0.72513562,0
1.5978642,0.90540564,-5.9418573,-0.43997589,0.59476781,-0.67280936,0
-0.49818468,-0.77064753,-5.6077018,0.23282671,-0.64805096,-0.72513562,0
-0.76126766,1.5257127,-4.1036396,-0.43997589,0.59476781,-0.67280936,0
3.0666339,1.7493603,-6.5891285,-0.43997589,0.59476781,-0.67280936,0
-2.7124145,-0.91406786,6.4220724,-0.23282671,0.64805096,0.72513562,0
-4.1320353,-0.2563982,5.0483427,-0.86730212,-0.47569016,0.146649,0
1.5119042,-0.90464282,-4.9587412,0.23282671,-0.64805096,-0.72513562,0
1.6327538,6.4632525,0.75424302,-0.23282671,0.64805096,0.72513562,0
4.2889996,1.0006698,-2.5141733,0.86730212,0.47569016,-0.146649,0
0.4064784,2.4306002,4.0201073,-0.23282671,0.64805096,0.72513562,0
-3.5642912,1.8467185,-2.2478251,-0.43997589,0.59476781,-0.67280936,0
4.9044318,1.8984203,4.2640204,0.86730212,0.47569016,-0.146649,0
4.0557623,3.5915165,3.9764504,0.86730212,0.47569016,-0.146649,0
-1.697119,5.2367063,-0.32073486,-0.43997589,0.59476781,-0.67280936,0
-0.78198719,-0.19774759,6.3633227,-0.23282671,0.64805096,0.72513562,0
3.3946927,3.4981351,0.64836693,0.86730212,0.47569016,-0.146649,0
2.9513044,-1.0922735,3.3210509,0.43997589,-0.59476781,0.67280936,0
1.5058699,-4.9522715,-1.4131067,0.23282671,-0.64805096,-0.72513562,0
-5.2621117,1.3283737,3.3655629,-0.86730212,-0.47569016,0.146649,0
-0.47345495,4.815999,1.9297011,-0.23282671,0.64805096,0.72513562,0
3.3915401,-3.1258044,-2.4152079,0.23282671,-0.64805096,-0.72513562,0
0.78596783,2.2891312,4.2046938,-0.23282671,0.64805096,0.72513562,0
-5.2692618,0.76275754,3.1366463,-0.86730212,-0.47569016,0.146649,0
-5.1646123,1.755024,-1.0119033,-0.43997589,0.59476781,-0.67280936,0
2.5619693,4.4147639,-1.377552,0.86730212,0.47569016,-0.146649,0
0.15314865,-4.8823166,-2.0026,0.23282671,-0.64805096,-0.72513562,0
1.0719519,-3.3402953,2.262764,0.43997589,-0.59476781,0.67280936,0
4.4909811,0.48511302,-2.0159745,0.86730212,0.47569016,-0.146649,0
1.7417603,-2.1996691,-3.8990467,0.23282671,-0.64805096,-0.72513562,0
-0.17572451,1.3015484,5.2606602,-0.23282671,0.64805096,0.72513562,0
1.3911304,2.567502,4.1672726,-0.23282671,0.64805096,0.72513562,0
-2.9412053,-4.4015188,0.041653395,-0.86730212,-0.47569016,0.146649,0
4.7558589,-2.8302503,-2.3818436,0.23282671,-0.64805096,-0.72513562,0
1.9092045,-1.0813472,-4.8228574,0.23282671,-0.64805096,-0.72513562,0
-0.65147829,-0.023307204,6.0267978,-0.23282671,0.64805096,0.72513562,0
-3.5040741,-3.0102406,0.94655347,-0.86730212,-0.47569016,0.146649,0
2.6132951,1.7630304,-5.931324,-0.43997589,0.59476781,-0.67280936,0
2.0536239,5.7295794,-0.40894461,0.86730212,0.47569016,-0.146649,0
4.805336,0.66401339,3.1852527,0.43997589,-0.59476781,0.67280936,0
-5.0766654,2.9144933,1.8257284,-0.23282671,0.64805096,0.72513562,0
-1.0573254,5.4917693,-0.4936201,-0.43997589,0.59476781,-0.67280936,0
-4.1591043,0.18291211,4.7428017,-0.23282671,0.64805096,0.72513562,0
-2.0138092,-5.6448298,1.7678348,-0.86730212,-0.47569016,0.146649,0
1.2931025,-5.9198804,-0.57647705,0.23282671,-0.64805096,-0.72513562,0
-0.71324492,4.1618915,2.0133734,-0.23282671,0.64805096,0.72513562,0
-3.7370503,-3.0092185,-1.8078616,-0.86730212,-0.47569016,0.146649,0
0.79183543,-3.225333,2.8372841,0.43997589,-0.59476781,0.67280936,0
0.77985287,1.6919941,-4.7892179,-0.43997589,0.59476781,-0.67280936,0
0.57323945,-2.4960566,3.1272316,0.43997589,-0.59476781,0.67280936,0
-2.5511549,-4.9526567,-1.0792052,-0.86730212,-0.47569016,0.146649,0
2.4370685,-5.1897502,-0.94698596,0.23282671,-0.64805096,-0.72513562,0
2.659857,3.5110369,-4.5168009,-0.43997589,0.59476781,-0.67280936,0
-0.00064325333,4.6092577,1.9964094,-0.23282671,0.64805096,0.72513562,0
5.9407005,-1.6438611,0.30862951,0.86730212,0.47569016,-0.146649,0
1.8619781,5.9615049,1.5395093,-0.23282671,0.64805096,0.72513562,0
-2.4091017,-5.2059231,-0.32666254,-0.86730212,-0.47569016,0.146649,0
-6.017189,1.9635835,0.85531616,-0.86730212,-0.47569016,0.146649,0
-0.6977191,-7.1753006,-0.13834041,0.23282671,-0.64805096,-0.72513562,0
-2.1672494,-5.0768051,1.0215967,-0.86730212,-0.47569016,0.146649,0
6.0379105,-3.3203793,-1.1326671,0.23282671,-0.64805096,-0.72513562,0
-0.57492959,-3.4635873,3.0027575,0.43997589,-0.59476781,0.67280936,0
-3.1881745,-2.3181996,5.5696025,-0.86730212,-0.47569016,0.146649,0
1.7162027,6.073379,-1.25598,0.86730212,0.47569016,-0.146649,0
0.21335888,-0.68519521,5.1057363,0.43997589,-0.59476781,0.67280936,0
3.0311885,-2.3862553,2.0197258,0.43997589,-0.59476781,0.67280936,0
-3.4683611,-3.467104,-1.1757197,-0.86730212,-0.47569016,0.146649,0
3.7497716,-2.5878401,1.459038,0.43997589,-0.59476781,0.67280936,0
3.2275443,1.5339226,-5.4622307,0.86730212,0.47569016,-0.146649,0
-4.4757338,3.1664152,-0.3666048,-0.43997589,0.59476781,-0.67280936,0
-1.9924202,-0.50199139,6.1132474,-0.23282671,0.64805096,0.72513562,0
3.4394498,-1.8791752,2.163609,0.43997589,-0.59476781,0.67280936,0
5.7163563,-0.87148905,-0.41549778,0.86730212,0.47569016,-0.146649,0
3.4487283,-3.0824239,-2.0826116,0.23282671,-0.64805096,-0.72513562,0
-2.6571286,-3.9076152,3.2117,-0.86730212,-0.47569016,0.146649,0
-5.7739353,1.2730148,0.23050165,-0.86730212,-0.47569016,0.146649,0
3.844974,1.2986883,-4.8633256,0.86730212,0.47569016,-0.146649,0
1.7510471,1.0175164,5.7161756,-0.23282671,0.64805096,0.72513562,0
-4.1450453,-1.5772748,-4.391326,-0.43997589,0.59476781,-0.67280936,0
-5.5159669,1.7238083,2.6942568,-0.86730212,-0.47569016,0.146649,0
-1.7734491,-2.475399,4.8237896,0.43997589,-0.59476781,0.67280936,0
-4.0195179,-1.8171045,1.7218523,-0.86730212,-0.47569016,0.146649,0
-5.9345851,1.8230186,2.3337851,-0.86730212,-0.47569016,0.146649,0
-4.9094439,1.9738569,2.6307483,-0.23282671,0.64805096,0.72513562,0
1.6196057,4.8812423,-2.8260345,-0.43997589,0.59476781,-0.67280936,0
3.7432702,3.3913996,1.3209088,0.86730212,0.47569016,-0.146649,0
-4.1847186,3.8888421,1.494884,-0.23282671,0.64805096,0.72513562,0
-3.339787,-4.5085149,-2.865129,-0.86730212,-0.47569016,0.146649,0
-2.391341,3.5385342,-1.4061706,-0.43997589,0.59476781,-0.67280936,0
-3.0929255,5.0628519,0.30367684,-0.43997589,0.59476781,-0.67280936,0
-3.311898,-1.5887722,6.3306532,-0.86730212,-0.47569016,0.146649,0
-1.4158258,1.0244114,-4.3718395,-0.43997589,0.59476781,-0.67280936,0
1.8437138,-3.2954073,-2.8572359,0.23282671,-0.64805096,-0.72513562,0
-3.568311,2.5390334,-1.4456193,-0.43997589,0.59476781,-0.67280936,0
-1.0461636,4.0352859,2.5326662,-0.23282671,0.64805096,0.72513562,0
0.55200195,3.0518115,3.5296931,-0.23282671,0.64805096,0.72513562,0
0.71325874,-0.86786103,4.5653486,0.43997589,-0.59476781,0.67280936,0
-4.2728243,-0.34274817,-3.4389195,-0.43997589,0.59476781,-0.67280936,0
5.1241541,0.04264164,0.54269028,0.86730212,0.47569016,-0.146649,0
0.25148678,2.6117063,4.1752372,-0.23282671,0.64805096,0.72513562,0
0.87779617,-2.2582898,-3.8451109,0.23282671,-0.64805096,-0.72513562,0
-1.3926101,-2.3013544,4.9989281,0.43997589,-0.59476781,0.67280936,0
-4.3377385,-2.7482789,-4.235815,-0.86730212,-0.47569016,0.146649,0
-1.2047346,-2.3835468,4.4807954,0.43997589,-0.59476781,0.67280936,0
-1.5843804,-6.020668,1.4182647,-0.86730212,-0.47569016,0.146649,0
-5.4159627,-0.70543623,-2.7733288,-0.86730212,-0.47569016,0.146649,0
-3.2358561,4.3102031,1.1296639,-0.23282671,0.64805096,0.72513562,0
-1.0070863,-5.1240873,-1.8722916,0.23282671,-0.64805096,-0.72513562,0
-5.3707271,0.44312811,-1.7464342,-0.43997589,0.59476781,-0.67280936,0
2.981338,3.0422599,-4.465436,0.86730212,0.47569016,-0.146649,0
2.000421,-0.36629701,4.5744147,0.43997589,-0.59476781,0.67280936,0
2.9353881,-2.6557755,-3.0097232,0.23282671,-0.64805096,-0.72513562,0
-1.8597723,-5.2594066,1.8553985,-0.86730212,-0.47569016,0.146649,0
-1.1014452,-0.82561499,5.7758956,0.43997589,-0.59476781,0.67280936,0
5.7947946,-1.3509183,0.55601311,0.86730212,0.47569016,-0.146649,0
-1.0159469,-2.0791264,4.6844907,0.43997589,-0.59476781,0.67280936,0
3.6339598,-2.4184198,-2.680258,0.23282671,-0.64805096,-0.72513562,0
5.1183805,1.4127491,2.8534193,0.86730212,0.47569016,-0.146649,0
1.5154395,6.0451775,-1.4640149,0.86730212,0.47569016,-0.146649,0
-2.7670858,-3.3255296,4.5459814,-0.86730212,-0.47569016,0.146649,0
4.181675,0.93956876,-3.4888673,0.86730212,0.47569016,-0.146649,0
2.6483331,5.2164173,1.2116643,0.86730212,0.47569016,-0.146649,0
-4.0293159,0.3757385,4.8263426,-0.23282671,0.64805096,0.72513562,0
1.7171612,-1.2084736,-4.3310251,0.23282671,-0.64805096,-0.72513562,0
-2.3586702,-4.7289085,-2.6236556,0.23282671,-0.64805096,-0.72513562,0
4.5351663,-0.41167819,-3.9951339,0.86730212,0.47569016,-0.146649,0
-1.9992371,-1.441421,6.2368655,0.43997589,-0.59476781,0.67280936,0
-6.5179272,2.9253304,0.66858006,-0.43997589,0.59476781,-0.67280936,0
-2.9470813,4.3401103,1.2288456,-0.23282671,0.64805096,0.72513562,0
3.1261942,-2.0004518,-3.4713616,0.23282671,-0.64805096,-0.72513562,0
3.4327555,0.30236846,-5.4561167,0.23282671,-0.64805096,-0.72513562,0
1.2206085,3.8613751,-3.3995886,-0.43997589,0.59476781,-0.67280936,0
3.6819663,2.1527143,5.5492625,0.43997589,-0.59476781,0.67280936,0
-3.1754797,-0.36292192,5.3443823,-0.23282671,0.64805096,0.72513562,0
-3.5374923,-1.4457448,4.7712164,-0.86730212,-0.47569016,0.146649,0
5.5261164,-3.5045648,-0.70964909,0.43997589,-0.59476781,0.67280936,0
0.34608579,-1.6122231,4.0840015,0.43997589,-0.59476781,0.67280936,0
-3.276505,-2.6308255,2.934269,-0.86730212,-0.47569016,0.146649,0
0.7592597,-5.9481716,0.33453852,0.43997589,-0.59476781,0.67280936,0
5.34095,-2.1940727,-2.3310013,0.23282671,-0.64805096,-0.72513562,0
3.6321297,3.1196628,1.7521815,0.86730212,0.47569016,-0.146649,0
-1.5830977,3.6404462,2.2664037,-0.23282671,0.64805096,0.72513562,0
5.9293361,-2.1723497,-2.2686133,0.23282671,-0.64805096,-0.72513562,0
-0.28830767,1.9337726,4.6529989,-0.23282671,0.64805096,0.72513562,0
-6.4180579,2.6193984,0.41270971,-0.43997589,0.59476781,-0.67280936,0
5.8015432,-1.7615998,-2.3756409,0.86730212,0.47569016,-0.146649,0
0.78682709,6.8506584,0.22867125,-0.23282671,0.64805096,0.72513562,0
0.49821103,-2.6345546,3.4484448,0.43997589,-0.59476781,0.67280936,0
5.2852082,0.24296308,1.0296588,0.86730212,0.47569016,-0.146649,0
2.4744992,-1.273392,-4.3675938,0.23282671,-0.64805096,-0.72513562,0
1.9277828,3.9248977,-3.7057369,-0.43997589,0.59476781,-0.67280936,0
2.7999833,-3.5223577,0.96698844,0.43997589,-0.59476781,0.67280936,0
5.7323022,-1.0859303,-0.65118647,0.86730212,0.47569016,-0.146649,0
-3.2290478,-1.9207059,-5.483707,0.23282671,-0.64805096,-0.72513562,0
-3.5733471,-2.7665286,-5.0275126,0.23282671,-0.64805096,-0.72513562,0
2.7682309,1.8948829,5.3018351,-0.23282671,0.64805096,0.72513562,0
-5.4076929,0.11025262,-1.0260482,-0.86730212,-0.47569016,0.146649,0
-0.97491121,0.068130314,6.0658126,-0.23282671,0.64805096,0.72513562,0
2.2550974,-5.3563323,-0.89831662,0.23282671,-0.64805096,-0.72513562,0
1.3940718,4.7073154,-2.8816614,-0.43997589,0.59476781,-0.67280936,0
3.369091,-4.5190315,-1.2079628,0.23282671,-0.64805096,-0.72513562,0
5.3990951,-2.5311046,-2.0168262,0.23282671,-0.64805096,-0.72513562,0
4.4363756,-3.37708,0.2896471,0.43997589,-0.59476781,0.67280936,0
-3.8420677,0.68107939,4.1680903,-0.23282671,0.64805096,0.72513562,0
4.263195,2.7114921,4.4607978,0.86730212,0.47569016,-0.146649,0
5.611052,-1.6937454,-3.1107693,0.23282671,-0.64805096,-0.72513562,0
-0.016251564,-3.2135706,-3.222692,0.23282671,-0.64805096,-0.72513562,0
2.8283427,-0.59029913,-4.964273,0.23282671,-0.64805096,-0.72513562,0
-1.8723536,1.169819,4.7813663,-0.23282671,0.64805096,0.72513562,0
2.6628401,-0.58534765,-4.81003,0.23282671,-0.64805096,-0.72513562,0
-4.607655,3.1445153,-0.39974546,-0.43997589,0.59476781,-0.67280936,0
-1.4326985,-3.9998012,3.4986026,0.43997589,-0.59476781,0.67280936,0
6.2458715,-2.3732965,-0.11809921,0.43997589,-0.59476781,0.67280936,0
