0.65999079,0.52344418,6.3208828,-0.024426028,-0.50739121,0.86136973,0
3.4722517,4.7242765,0.2580924,0.20790988,0.84020877,0.50082213,0
-4.743475,-3.3622606,-2.4248312,-0.20790988,-0.84020877,-0.50082213,0
-1.9513102,-3.4462061,3.7880387,-0.024426028,-0.50739121,0.86136973,0
-2.3377421,7.3002777,-1.4650455,0.20790988,0.84020877,0.50082213,0
-1.075204,-3.2532926,3.941431,-0.024426028,-0.50739121,0.86136973,0
-3.2421634,3.1081476,-3.8956685,0.024426028,0.50739121,-0.86136973,0
2.4957452,-6.3032017,-0.40975285,-0.20790988,-0.84020877,-0.50082213,0
-3.4092333,6.7791243,-1.8421941,0.024426028,0.50739121,-0.86136973,0
0.33027363,0.87014198,6.2197962,-0.024426028,-0.50739121,0.86136973,0
-3.9621115,-4.5933609,2.946547,-0.024426028,-0.50739121,0.86136973,0
-4.2574291,-4.1135015,3.1907353,-0.024426028,-0.50739121,0.86136973,0
4.3814688,0.064623833,-0.80684471,0.97784305,-0.19132042,-0.084968716,0
-1.7781034,6.3912392,-0.28658199,0.20790988,0.84020877,0.50082213,0
-4.8177538,1.1058772,-2.9488559,-0.97784305,0.19132042,0.084968716,0
-0.62798882,2.7512617,5.8967276,0.20790988,0.84020877,0.50082213,0
-5.2145805,-0.535604,-6.2952366,0.024426028,0.50739121,-0.86136973,0
-3.529886,-2.6556559,4.2716184,-0.024426028,-0.50739121,0.86136973,0
0.033587933,7.0385056,-1.8712602,0.024426028,0.50739121,-0.86136973,0
4.6561298,-0.91480088,2.1446664,0.97784305,-0.19132042,-0.084968716,0
1.3003776,0.64998579,-5.4868274,0.024426028,0.50739121,-0.86136973,0
4.4226737,0.99574471,-2.3781323,0.97784305,-0.19132042,-0.084968716,0
-4.7472339,-2.1768312,0.92440665,-0.97784305,0.19132042,0.084968716,0
-2.7312729,-0.88935494,5.2822294,-0.024426028,-0.50739121,0.86136973,0
-0.86229944,-1.7876614,-6.5875702,-0.20790988,-0.84020877,-0.50082213,0
5.2450547,3.3170938,-2.3751829,0.97784305,-0.19132042,-0.084968716,0
-3.5625477,5.6232033,1.5690615,-0.97784305,0.19132042,0.084968716,0
-4.1666212,4.1772385,-3.4471006,-0.97784305,0.19132042,0.084968716,0
-4.9461174,-0.88307953,-2.0509715,-0.97784305,0.19132042,0.084968716,0
-3.9097638,2.0913129,4.0654378,-0.97784305,0.19132042,0.084968716,0
4.0102386,-2.334322,-3.1183558,0.97784305,-0.19132042,-0.084968716,0
3.5708785,-3.1570549,-3.4388766,0.97784305,-0.19132042,-0.084968716,0
-2.6393776,0.49103177,-5.6160874,0.024426028,0.50739121,-0.86136973,0
2.9816256,-3.6789918,-5.1096706,-0.20790988,-0.84020877,-0.50082213,0
4.5121961,-2.3027663,3.8643451,0.97784305,-0.19132042,-0.084968716,0
0.48569536,-0.83209682,-6.2621574,0.024426028,0.50739121,-0.86136973,0
-2.8538375,5.4944506,1.7211449,0.20790988,0.84020877,0.50082213,0
-4.7611604,-6.055738,1.8540201,-0.20790988,-0.84020877,-0.50082213,0
2.9368269,3.416564,2.9935951,0.20790988,0.84020877,0.50082213,0
4.1488152,-1.6595597,-2.4199402,0.97784305,-0.19132042,-0.084968716,0
5.372632,2.6049693,3.6413579,0.20790988,0.84020877,0.50082213,0
4.5736322,1.2916765,-4.1439314,0.97784305,-0.19132042,-0.084968716,0
-4.2443523,0.032316208,3.1531031,-0.97784305,0.19132042,0.084968716,0
0.13418841,6.3280544,-0.54399014,0.20790988,0.84020877,0.50082213,0
-1.0747128,3.1589489,-3.7690692,0.024426028,0.50739121,-0.86136973,0
1.4345355,1.9663085,6.4074144,0.20790988,0.84020877,0.50082213,0
0.43155861,-4.898458,-1.7664806,-0.20790988,-0.84020877,-0.50082213,0
0.75341308,-4.7953267,3.0641222,-0.024426028,-0.50739121,0.86136973,0
1.6146047,-5.0417547,2.8537765,-0.024426028,-0.50739121,0.86136973,0
-3.0520437,4.7249293,-3.0984201,0.024426028,0.50739121,-0.86136973,0
-4.2139392,-0.33780193,5.0807905,-0.97784305,0.19132042,0.084968716,0
-4.1502352,1.5273154,-5.089499,0.024426028,0.50739121,-0.86136973,0
-3.5965817,6.705657,-1.3004351,-0.97784305,0.19132042,0.084968716,0
3.9151855,-3.941992,1.2099519,0.97784305,-0.19132042,-0.084968716,0
-4.1133623,3.9722767,-1.9334674,-0.97784305,0.19132042,0.084968716,0
1.7301235,-4.8470926,-2.8970525,-0.20790988,-0.84020877,-0.50082213,0
3.2809179,-5.2391081,-1.3561199,0.97784305,-0.19132042,-0.084968716,0
-2.087369,0.051634192,-5.7553077,0.024426028,0.50739121,-0.86136973,0
-2.2416401,5.3464661,1.8139648,0.20790988,0.84020877,0.50082213,0
1.6782212,-2.855201,3.9708853,-0.024426028,-0.50739121,0.86136973,0
1.2036884,-6.0583658,2.4012799,-0.024426028,-0.50739121,0.86136973,0
-1.7364285,-0.36338305,5.6164799,-0.024426028,-0.50739121,0.86136973,0
-0.34647083,-4.0754256,-2.6978054,-0.20790988,-0.84020877,-0.50082213,0
-3.7331548,4.7418966,0.80849743,-0.97784305,0.19132042,0.084968716,0
-2.3205855,4.6624675,-3.0178785,0.024426028,0.50739121,-0.86136973,0
-1.4594586,0.77740061,-5.4407873,0.024426028,0.50739121,-0.86136973,0
3.9561999,2.9574435,3.6280413,0.20790988,0.84020877,0.50082213,0
-2.0125654,4.1073732,-3.6553545,0.024426028,0.50739121,-0.86136973,0
-3.8414211,4.3727894,-1.3185782,-0.97784305,0.19132042,0.084968716,0
0.62894011,5.3139215,0.99265218,0.20790988,0.84020877,0.50082213,0
2.8669848,6.160099,-1.620954,0.20790988,0.84020877,0.50082213,0
4.4829631,1.2942486,-3.538084,0.97784305,-0.19132042,-0.084968716,0
0.079785347,2.2763994,-4.2339773,0.024426028,0.50739121,-0.86136973,0
-2.5035064,-3.0175378,-4.2712479,-0.20790988,-0.84020877,-0.50082213,0
2.9944561,5.1257257,0.28529549,0.20790988,0.84020877,0.50082213,0
-0.033800423,-3.0335321,4.0165019,-0.024426028,-0.50739121,0.86136973,0
-3.6217818,1.2413487,6.4922285,-0.024426028,-0.50739121,0.86136973,0
2.5363669,-5.4139724,2.9063778,-0.024426028,-0.50739121,0.86136973,0
0.67529392,-5.2020226,-1.6242126,-0.20790988,-0.84020877,-0.50082213,0
-1.4940987,4.6713862,-3.1982021,0.024426028,0.50739121,-0.86136973,0
1.1798787,-6.3318214,0.3301158,-0.20790988,-0.84020877,-0.50082213,0
-4.1752849,2.8437998,-2.7590275,-0.97784305,0.19132042,0.084968716,0
-3.5398064,3.61902,3.7047961,-0.97784305,0.19132042,0.084968716,0
-4.828001,-1.0770342,-0.84191382,-0.97784305,0.19132042,0.084968716,0
3.2944334,-4.9444013,3.0729032,-0.024426028,-0.50739121,0.86136973,0
2.4618833,-7.0097589,0.85365391,-0.20790988,-0.84020877,-0.50082213,0
2.9574993,5.1385827,-2.7049594,0.024426028,0.50739121,-0.86136973,0
-3.9681871,2.7107792,2.4054978,-0.97784305,0.19132042,0.084968716,0
4.95123,0.21665978,2.7532096,0.97784305,-0.19132042,-0.084968716,0
-2.2152038,3.41679,5.150104,0.20790988,0.84020877,0.50082213,0
-0.4056468,6.1100755,0.19964457,0.20790988,0.84020877,0.50082213,0
1.5392499,3.0837169,4.4581695,0.20790988,0.84020877,0.50082213,0
-3.8442585,1.2329488,4.831111,-0.97784305,0.19132042,0.084968716,0
-0.5943079,-6.1564269,0.28080559,-0.20790988,-0.84020877,-0.50082213,0
3.9442654,1.0742931,-5.1947813,0.024426028,0.50739121,-0.86136973,0
-4.06744,0.38110542,5.0292788,-0.97784305,0.19132042,0.084968716,0
1.1246749,-1.2786376,4.9843822,-0.024426028,-0.50739121,0.86136973,0
2.5568428,-5.2601323,-2.4926574,-0.20790988,-0.84020877,-0.50082213,0
4.6885948,1.0474691,-2.2019348,0.97784305,-0.19132042,-0.084968716,0
4.8745174,-1.4370563,4.3436708,0.97784305,-0.19132042,-0.084968716,0
3.6701865,-4.1275377,-3.6478076,0.97784305,-0.19132042,-0.084968716,0
2.7161264,-4.6083865,3.2306385,-0.024426028,-0.50739121,0.86136973,0
2.7054458,-6.1581783,-1.0674305,-0.20790988,-0.84020877,-0.50082213,0
0.62811744,-1.5289996,5.0432963,-0.024426028,-0.50739121,0.86136973,0
4.4180422,-0.15568018,5.6665506,-0.024426028,-0.50739121,0.86136973,0
-0.54271126,-2.1092136,-6.3574972,-0.20790988,-0.84020877,-0.50082213,0
-5.2145748,-3.1327975,1.5675306,-0.97784305,0.19132042,0.084968716,0
4.1210127,1.6321465,5.9203739,0.20790988,0.84020877,0.50082213,0
-2.6896405,-2.0841069,-5.3422832,-0.20790988,-0.84020877,-0.50082213,0
-4.4388967,-0.019286871,-5.8739567,0.024426028,0.50739121,-0.86136973,0
1.8316822,6.0622292,-0.94225597,0.20790988,0.84020877,0.50082213,0
4.4063573,0.54404783,-4.665452,0.97784305,-0.19132042,-0.084968716,0
4.4628067,1.418632,-4.5708828,0.97784305,-0.19132042,-0.084968716,0
4.4023767,-2.6724856,1.5403466,0.97784305,-0.19132042,-0.084968716,0
-3.8960388,3.9529874,-0.54099607,-0.97784305,0.19132042,0.084968716,0
-4.1156654,-5.9974146,2.3662601,-0.024426028,-0.50739121,0.86136973,0
-3.5164413,4.0783129,3.083262,-0.97784305,0.19132042,0.084968716,0
-2.9361238,-3.1627593,-3.705009,-0.20790988,-0.84020877,-0.50082213,0
-3.8676424,-3.4565563,-2.6918302,-0.20790988,-0.84020877,-0.50082213,0
-5.0560484,-2.6220064,1.1596518,-0.97784305,0.19132042,0.084968716,0
2.6909571,-3.812933,-4.7247052,-0.20790988,-0.84020877,-0.50082213,0
4.3881626,-2.2269082,2.0872979,0.97784305,-0.19132042,-0.084968716,0
-3.2697358,6.1725636,-2.1218715,0.024426028,0.50739121,-0.86136973,0
-1.5361032,-0.27304822,-6.0104108,0.024426028,0.50739121,-0.86136973,0
4.3042393,0.086584091,-2.2823491,0.97784305,-0.19132042,-0.084968716,0
-3.9520516,3.6661294,-3.7042837,0.024426028,0.50739121,-0.86136973,0
3.2102406,-3.0811954,4.092308,-0.024426028,-0.50739121,0.86136973,0
2.3672571,3.0777607,4.2074223,0.20790988,0.84020877,0.50082213,0
0.58300638,4.2727456,2.6198025,0.20790988,0.84020877,0.50082213,0
4.6904449,3.4674101,2.4488957,0.20790988,0.84020877,0.50082213,0
-4.2505455,-4.9113188,0.38892817,-0.20790988,-0.84020877,-0.50082213,0
2.7396004,-1.0675231,5.3729725,-0.024426028,-0.50739121,0.86136973,0
5.2026329,3.528178,-2.3116698,0.97784305,-0.19132042,-0.084968716,0
2.8846083,-3.2453771,-5.4908981,-0.20790988,-0.84020877,-0.50082213,0
1.4709094,4.8993125,0.95642948,0.20790988,0.84020877,0.50082213,0
-3.2393546,-1.4832842,-6.4253364,-0.20790988,-0.84020877,-0.50082213,0
-4.1900969,1.2629657,0.55532801,-0.97784305,0.19132042,0.084968716,0
4.2778311,-2.4067285,1.7450142,0.97784305,-0.19132042,-0.084968716,0
4.023571,5.7604971,-1.3870759,0.20790988,0.84020877,0.50082213,0
3.9376726,-4.0108914,3.6408229,-0.024426028,-0.50739121,0.86136973,0
4.7493792,0.43160486,-0.50061756,0.97784305,-0.19132042,-0.084968716,0
-2.2158594,4.0911231,4.3645449,0.20790988,0.84020877,0.50082213,0
4.9010897,0.84637499,-0.44396162,0.97784305,-0.19132042,-0.084968716,0
1.5615797,6.2391825,-1.1720157,0.20790988,0.84020877,0.50082213,0
-1.5645382,7.2250171,-1.2175188,0.20790988,0.84020877,0.50082213,0
-2.0337434,-0.019095421,5.5063653,-0.024426028,-0.50739121,0.86136973,0
1.2017972,-6.4078279,0.53719568,-0.20790988,-0.84020877,-0.50082213,0
-3.5008655,2.749887,6.42489,-0.97784305,0.19132042,0.084968716,0
-0.65708947,-6.4680214,1.9424891,-0.024426028,-0.50739121,0.86136973,0
1.8905556,-4.2921867,3.177331,-0.024426028,-0.50739121,0.86136973,0
0.12511969,1.4065214,-5.1629362,0.024426028,0.50739121,-0.86136973,0
1.3647888,-2.508652,4.4468136,-0.024426028,-0.50739121,0.86136973,0
-1.9807221,-3.3425951,3.6337094,-0.024426028,-0.50739121,0.86136973,0
-4.2631478,3.3358777,-2.1518602,-0.97784305,0.19132042,0.084968716,0
-4.7398834,0.44893074,-2.2637672,-0.97784305,0.19132042,0.084968716,0
-3.3566227,-4.8379335,2.9585242,-0.024426028,-0.50739121,0.86136973,0
3.4737267,-2.702424,-5.3634334,0.97784305,-0.19132042,-0.084968716,0
-4.1540022,2.6875849,0.34540081,-0.97784305,0.19132042,0.084968716,0
-2.6833372,0.42216635,6.0627842,-0.024426028,-0.50739121,0.86136973,0
1.6354518,2.4406056,-4.1224384,0.024426028,0.50739121,-0.86136973,0
-2.9369421,0.87640589,-5.3044038,0.024426028,0.50739121,-0.86136973,0
-0.17807341,0.17926645,5.8544097,-0.024426028,-0.50739121,0.86136973,0
4.7194295,2.4883478,4.0819407,0.20790988,0.84020877,0.50082213,0
4.8699088,0.23486829,2.7862728,0.97784305,-0.19132042,-0.084968716,0
-1.3337107,-3.1994314,-4.1402531,-0.20790988,-0.84020877,-0.50082213,0
-3.6339602,5.402216,-1.5762529,-0.97784305,0.19132042,0.084968716,0
-3.7879603,4.0092516,-0.54558945,-0.97784305,0.19132042,0.084968716,0
3.4560623,0.15101355,5.88274,-0.024426028,-0.50739121,0.86136973,0
-3.4268517,4.9684954,2.6515932,-0.97784305,0.19132042,0.084968716,0
-1.6938128,4.2152109,3.2622507,0.20790988,0.84020877,0.50082213,0
-5.206913,-3.3156757,-0.80053401,-0.97784305,0.19132042,0.084968716,0
4.0075417,4.8294992,0.021847725,0.20790988,0.84020877,0.50082213,0
0.68878222,3.446341,4.2916021,0.20790988,0.84020877,0.50082213,0
5.20507,3.6152725,-3.3936157,0.97784305,-0.19132042,-0.084968716,0
-0.38357925,5.0398645,1.7473345,0.20790988,0.84020877,0.50082213,0
3.6065338,-5.3696656,-0.29080534,0.97784305,-0.19132042,-0.084968716,0
-4.8921008,0.47905564,-4.3301692,-0.97784305,0.19132042,0.084968716,0
2.356009,4.7455235,0.76262879,0.20790988,0.84020877,0.50082213,0
-2.7181244,-5.2146816,-0.39428258,-0.20790988,-0.84020877,-0.50082213,0
4.6545229,0.98564148,-0.41924852,0.97784305,-0.19132042,-0.084968716,0
-4.7993355,-1.6458569,3.626132,-0.97784305,0.19132042,0.084968716,0
-4.0852246,4.7787676,-3.0990958,0.024426028,0.50739121,-0.86136973,0
-3.9434524,2.0551047,5.2954264,-0.97784305,0.19132042,0.084968716,0
-4.3184352,-5.8546171,1.493875,-0.20790988,-0.84020877,-0.50082213,0
-1.5285888,5.8611288,-2.3949437,0.024426028,0.50739121,-0.86136973,0
-1.7689919,-1.8364029,-6.405582,-0.20790988,-0.84020877,-0.50082213,0
3.9062047,4.4915757,1.2143764,0.20790988,0.84020877,0.50082213,0
-4.6799498,-0.75788522,-0.75728863,-0.97784305,0.19132042,0.084968716,0
2.297616,-3.9384408,-4.407639,-0.20790988,-0.84020877,-0.50082213,0
3.3652632,-0.74867141,5.2976565,-0.024426028,-0.50739121,0.86136973,0
-2.8936327,-0.801296,-6.2973037,0.024426028,0.50739121,-0.86136973,0
-5.1569471,-2.9874973,1.6596429,-0.97784305,0.19132042,0.084968716,0
-3.9827623,4.6786222,-2.4264135,-0.97784305,0.19132042,0.084968716,0
1.279117,-1.5145142,4.7806153,-0.024426028,-0.50739121,0.86136973,0
-5.325428,-2.6403375,-3.4263406,-0.20790988,-0.84020877,-0.50082213,0
3.395659,-4.3498578,-4.082325,-0.20790988,-0.84020877,-0.50082213,0
3.889102,-4.6599884,1.9527154,0.97784305,-0.19132042,-0.084968716,0
4.4623127,-3.3233254,3.8005052,0.97784305,-0.19132042,-0.084968716,0
4.6222119,-0.010819912,5.7046371,-0.024426028,-0.50739121,0.86136973,0
3.4690249,-6.6954756,2.0151906,0.97784305,-0.19132042,-0.084968716,0
-1.8324349,0.15587616,5.6503696,-0.024426028,-0.50739121,0.86136973,0
-4.2791076,-4.8484521,0.10873342,-0.20790988,-0.84020877,-0.50082213,0
-0.8417182,6.2478218,-2.0245085,0.024426028,0.50739121,-0.86136973,0
-2.2710047,1.7095833,6.67377,-0.024426028,-0.50739121,0.86136973,0
2.9376884,-0.020360827,5.9818625,-0.024426028,-0.50739121,0.86136973,0
4.2596188,-3.0257566,4.0045705,0.97784305,-0.19132042,-0.084968716,0
-3.5523124,3.8770132,2.8630807,-0.97784305,0.19132042,0.084968716,0
4.8136978,0.67020702,-0.21973395,0.97784305,-0.19132042,-0.084968716,0
-2.2622218,2.5129733,6.659996,0.20790988,0.84020877,0.50082213,0
5.0259037,3.8802915,-2.1585023,0.97784305,-0.19132042,-0.084968716,0
3.1620517,5.2726049,-0.44651914,0.20790988,0.84020877,0.50082213,0
3.8666549,0.59679842,-5.3755388,0.024426028,0.50739121,-0.86136973,0
-3.1864059,-0.2279591,-6.2499542,0.024426028,0.50739121,-0.86136973,0
-0.97371817,-6.2381506,0.73710155,-0.20790988,-0.84020877,-0.50082213,0
-1.5472789,-1.2542187,-6.6067476,0.024426028,0.50739121,-0.86136973,0
-5.5157032,-4.0283852,-0.067870021,-0.97784305,0.19132042,0.084968716,0
4.6538005,-1.1123998,2.9442196,0.97784305,-0.19132042,-0.084968716,0
0.42225075,-1.322958,-6.7314472,0.024426028,0.50739121,-0.86136973,0
-1.3113477,2.1333878,-4.4854488,0.024426028,0.50739121,-0.86136973,0
3.4468327,-5.218874,-0.84029579,0.97784305,-0.19132042,-0.084968716,0
-1.0346684,6.2772474,-2.1319613,0.024426028,0.50739121,-0.86136973,0
-2.7901757,0.45145655,5.9095201,-0.024426028,-0.50739121,0.86136973,0
-3.1656611,-2.4689655,-4.6152,-0.20790988,-0.84020877,-0.50082213,0
-4.1378489,2.0495515,2.7972672,-0.97784305,0.19132042,0.084968716,0
-1.7155166,2.012207,6.9115777,-0.024426028,-0.50739121,0.86136973,0
-1.616538,4.7349463,2.8760588,0.20790988,0.84020877,0.50082213,0
0.21546456,-3.853379,3.3989053,-0.024426028,-0.50739121,0.86136973,0
-0.73320389,2.3892827,6.4903727,0.20790988,0.84020877,0.50082213,0
4.6717901,2.1854508,4.031641,0.20790988,0.84020877,0.50082213,0
-4.7157016,-1.151581,1.0470333,-0.97784305,0.19132042,0.084968716,0
5.3627853,5.1352406,-0.90824318,0.20790988,0.84020877,0.50082213,0
2.2121644,-4.4315205,-3.2355371,-0.20790988,-0.84020877,-0.50082213,0
-4.7637072,-1.7609234,-0.24349916,-0.97784305,0.19132042,0.084968716,0
0.68657088,-6.8468304,1.2130799,-0.20790988,-0.84020877,-0.50082213,0
2.8953466,-2.9982519,-6.4201131,-0.20790988,-0.84020877,-0.50082213,0
-4.7242708,-1.1759989,0.11905926,-0.97784305,0.19132042,0.084968716,0
3.2036676,-2.5757065,-7.0064178,-0.20790988,-0.84020877,-0.50082213,0
-2.2651649,-4.4135666,-1.9961051,-0.20790988,-0.84020877,-0.50082213,0
-1.5298419,2.8473787,5.6223307,0.20790988,0.84020877,0.50082213,0
-4.1376081,2.956157,-2.2952328,-0.97784305,0.19132042,0.084968716,0
1.2671132,4.0910711,2.6551824,0.20790988,0.84020877,0.50082213,0
3.6390743,-5.3373661,0.36821032,0.97784305,-0.19132042,-0.084968716,0
-5.0950322,-2.529242,1.0047549,-0.97784305,0.19132042,0.084968716,0
-4.3604007,0.61558008,0.48238963,-0.97784305,0.19132042,0.084968716,0
4.2654972,0.13172436,-2.5174489,0.97784305,-0.19132042,-0.084968716,0
4.2146249,-0.29609299,-5.5239763,0.97784305,-0.19132042,-0.084968716,0
-4.3866272,0.80964899,1.8675666,-0.97784305,0.19132042,0.084968716,0
-3.4023581,-4.9274445,2.8053789,-0.024426028,-0.50739121,0.86136973,0
-4.8966732,1.3337092,-4.8743672,-0.97784305,0.19132042,0.084968716,0
-5.4403238,-5.18859,1.1953077,-0.97784305,0.19132042,0.084968716,0
1.5835311,4.3112407,1.7972698,0.20790988,0.84020877,0.50082213,0
4.4183879,1.6753163,-4.5718441,0.024426028,0.50739121,-0.86136973,0
-3.1808448,4.5260863,3.8546982,-0.97784305,0.19132042,0.084968716,0
3.6271663,-4.8692932,1.9197721,0.97784305,-0.19132042,-0.084968716,0
-2.9920726,-6.380909,1.746038,-0.024426028,-0.50739121,0.86136973,0
1.1582423,5.5877638,-2.4404206,0.024426028,0.50739121,-0.86136973,0
2.9173357,-4.7857227,3.2144475,-0.024426028,-0.50739121,0.86136973,0
0.4311347,-6.3706994,0.15459347,-0.20790988,-0.84020877,-0.50082213,0
5.2205811,2.5749042,2.4088113,0.97784305,-0.19132042,-0.084968716,0
-0.56615901,0.64375484,-5.2948928,0.024426028,0.50739121,-0.86136973,0
-3.2104678,5.7758994,-2.2693172,0.024426028,0.50739121,-0.86136973,0
-2.045444,-4.6195307,3.0928898,-0.024426028,-0.50739121,0.86136973,0
-4.6636648,-3.2275741,3.7316093,-0.024426028,-0.50739121,0.86136973,0
3.7243016,-3.0408196,-1.946507,0.97784305,-0.19132042,-0.084968716,0
-3.9966393,3.2159083,-4.0074854,0.024426028,0.50739121,-0.86136973,0
-4.2602706,0.32439184,2.7099888,-0.97784305,0.19132042,0.084968716,0
-2.5918479,-5.8096433,2.0877142,-0.024426028,-0.50739121,0.86136973,0
2.8355479,-6.1155643,-1.1066678,-0.20790988,-0.84020877,-0.50082213,0
3.5435348,2.1119761,-4.2681417,0.024426028,0.50739121,-0.86136973,0
4.9057245,0.81027985,-0.3967185,0.97784305,-0.19132042,-0.084968716,0
-1.801414,-5.3234558,0.037186146,-0.20790988,-0.84020877,-0.50082213,0
-4.6069231,1.8614333,-3.1345401,-0.97784305,0.19132042,0.084968716,0
-4.4327378,-0.76656294,2.6633031,-0.97784305,0.19132042,0.084968716,0
-0.57468891,-4.9431696,-1.7626452,-0.20790988,-0.84020877,-0.50082213,0
3.368732,-2.6400595,-6.7177401,0.97784305,-0.19132042,-0.084968716,0
3.8538456,2.4830332,4.3173666,0.20790988,0.84020877,0.50082213,0
0.99328518,-0.40044367,5.4365673,-0.024426028,-0.50739121,0.86136973,0
-1.7114384,-5.0031233,-0.6621139,-0.20790988,-0.84020877,-0.50082213,0
0.30901289,0.63650501,-5.400568,0.024426028,0.50739121,-0.86136973,0
-0.085721493,-4.6683512,-2.3092566,-0.20790988,-0.84020877,-0.50082213,0
3.7230885,3.3041906,2.8243151,0.20790988,0.84020877,0.50082213,0
-3.671628,6.1376991,-1.5818996,-0.97784305,0.19132042,0.084968716,0
-3.9032831,2.9444456,1.349893,-0.97784305,0.19132042,0.084968716,0
-4.1092796,-1.4959736,-5.4192643,-0.20790988,-0.84020877,-0.50082213,0
4.6716776,1.4832377,-3.8283584,0.97784305,-0.19132042,-0.084968716,0
2.4400146,-6.6133003,0.43902874,-0.20790988,-0.84020877,-0.50082213,0
0.22124124,5.9636526,-2.3380227,0.024426028,0.50739121,-0.86136973,0
-5.3171911,-3.2394266,-0.53061771,-0.97784305,0.19132042,0.084968716,0
-3.8955383,0.52672434,5.9449778,-0.97784305,0.19132042,0.084968716,0
1.476872,-1.2570446,-6.5045176,0.024426028,0.50739121,-0.86136973,0
0.41523743,4.0320196,3.2986805,0.20790988,0.84020877,0.50082213,0
1.1004157,-2.8312645,4.0699773,-0.024426028,-0.50739121,0.86136973,0
2.7656193,5.4177179,-0.025788784,0.20790988,0.84020877,0.50082213,0
4.8431726,2.5472045,-4.0819016,0.97784305,-0.19132042,-0.084968716,0
2.1424809,-0.58129883,-6.2049971,0.024426028,0.50739121,-0.86136973,0
-3.3395169,0.86969793,-5.410748,0.024426028,0.50739121,-0.86136973,0
-4.5020928,-2.1664813,4.3665581,-0.024426028,-0.50739121,0.86136973,0
0.44187117,-5.699141,-0.68273807,-0.20790988,-0.84020877,-0.50082213,0
-2.2976432,3.5832872,5.0038948,0.20790988,0.84020877,0.50082213,0
-2.7772048,4.443594,-3.355094,0.024426028,0.50739121,-0.86136973,0
3.7376721,0.75087452,-5.4749746,0.024426028,0.50739121,-0.86136973,0
-4.1590004,-4.0424604,-1.3797076,-0.20790988,-0.84020877,-0.50082213,0
2.3377595,3.073004,3.8250566,0.20790988,0.84020877,0.50082213,0
-4.0102696,4.4472127,-2.1951456,-0.97784305,0.19132042,0.084968716,0
1.7715757,3.2560692,3.721168,0.20790988,0.84020877,0.50082213,0
-4.2066765,3.5536332,-4.0216947,0.024426028,0.50739121,-0.86136973,0
-4.0144935,-5.8892651,1.4860454,-0.20790988,-0.84020877,-0.50082213,0
5.2666359,5.0070281,-0.70845294,0.20790988,0.84020877,0.50082213,0
1.2993753,4.4521894,1.6145926,0.20790988,0.84020877,0.50082213,0
-1.5016459,-6.023891,2.391109,-0.024426028,-0.50739121,0.86136973,0
-4.0160785,2.691803,-0.095718145,-0.97784305,0.19132042,0.084968716,0
4.5709181,-0.016688585,1.6849101,0.97784305,-0.19132042,-0.084968716,0
3.5314415,-5.8295388,0.85810661,0.97784305,-0.19132042,-0.084968716,0
-3.4165156,-0.71471405,5.0949764,-0.024426028,-0.50739121,0.86136973,0
-1.887357,-6.5598555,1.726511,-0.20790988,-0.84020877,-0.50082213,0
-5.0187221,-3.5922532,1.5193162,-0.97784305,0.19132042,0.084968716,0
-0.29349804,-2.5621381,4.2539344,-0.024426028,-0.50739121,0.86136973,0
2.5941341,0.99944955,6.6148195,-0.024426028,-0.50739121,0.86136973,0
2.1364474,-0.8975091,-6.2778215,0.024426028,0.50739121,-0.86136973,0
3.0945604,-5.731905,2.5525594,-0.024426028,-0.50739121,0.86136973,0
-5.2473378,-1.7927027,-2.4118114,-0.97784305,0.19132042,0.084968716,0
4.2956967,-1.8859298,4.9892268,-0.024426028,-0.50739121,0.86136973,0
-3.8204746,-2.8740668,3.8939643,-0.024426028,-0.50739121,0.86136973,0
-2.7505116,6.9708538,-0.22871208,0.20790988,0.84020877,0.50082213,0
-2.0279679,-3.1011143,3.7171659,-0.024426028,-0.50739121,0.86136973,0
3.682292,-5.6316895,1.9163666,0.97784305,-0.19132042,-0.084968716,0
0.57491517,-6.8104558,1.4721622,-0.20790988,-0.84020877,-0.50082213,0
2.8713429,-2.5458071,4.5081553,-0.024426028,-0.50739121,0.86136973,0
-1.7740624,-1.2171366,5.2504606,-0.024426028,-0.50739121,0.86136973,0
0.17030096,1.5006266,6.7117863,-0.024426028,-0.50739121,0.86136973,0
-4.2409697,-2.9168286,-3.6070557,-0.20790988,-0.84020877,-0.50082213,0
0.16173172,6.3974233,-0.78510761,0.20790988,0.84020877,0.50082213,0
2.2640858,-5.5604634,2.6582708,-0.024426028,-0.50739121,0.86136973,0
3.5550203,-1.8229551,-6.786603,0.024426028,0.50739121,-0.86136973,0
0.44655335,3.5318098,-3.8718729,0.024426028,0.50739121,-0.86136973,0
5.0283017,-0.40295196,5.7072115,-0.024426028,-0.50739121,0.86136973,0
3.234107,-3.4265044,4.0434628,-0.024426028,-0.50739121,0.86136973,0
-2.0844169,-1.1466789,-6.5946484,0.024426028,0.50739121,-0.86136973,0
2.5175016,0.79562259,6.3511992,-0.024426028,-0.50739121,0.86136973,0
0.39112306,-6.5304632,0.82057428,-0.20790988,-0.84020877,-0.50082213,0
5.0817728,2.2747936,-0.6176914,0.97784305,-0.19132042,-0.084968716,0
2.247134,-6.5290465,0.23671341,-0.20790988,-0.84020877,-0.50082213,0
3.6834912,-4.6467371,0.46643019,0.97784305,-0.19132042,-0.084968716,0
2.3060496,-7.1333199,1.0765557,-0.20790988,-0.84020877,-0.50082213,0
-4.4402504,-2.6420631,4.1182981,-0.024426028,-0.50739121,0.86136973,0
-0.90288925,3.6141417,4.4105458,0.20790988,0.84020877,0.50082213,0
4.290484,0.69229841,-3.7747772,0.97784305,-0.19132042,-0.084968716,0
3.3447568,-6.5881538,2.0795984,-0.024426028,-0.50739121,0.86136973,0
-3.6926856,-4.9875479,-0.398067,-0.20790988,-0.84020877,-0.50082213,0
5.1112146,-0.42291689,4.7258549,0.97784305,-0.19132042,-0.084968716,0
-1.1002531,6.4091682,-2.2363915,0.024426028,0.50739121,-0.86136973,0
-3.7670677,3.023416,3.5342972,-0.97784305,0.19132042,0.084968716,0
3.6616917,-3.9031253,-4.166275,0.97784305,-0.19132042,-0.084968716,0
-4.0559716,-6.0612564,1.9115233,-0.024426028,-0.50739121,0.86136973,0
-0.695436,-3.0095587,-4.8604088,-0.20790988,-0.84020877,-0.50082213,0
2.0387022,6.4316072,-1.8055706,0.024426028,0.50739121,-0.86136973,0
-1.0933208,-6.5055728,1.5402389,-0.20790988,-0.84020877,-0.50082213,0
-0.96273983,-2.3069673,4.482933,-0.024426028,-0.50739121,0.86136973,0
-1.0356429,3.5904174,-3.7054667,0.024426028,0.50739121,-0.86136973,0
-4.463964,1.5646911,-4.798841,0.024426028,0.50739121,-0.86136973,0
-4.1736994,0.33447218,5.525661,-0.97784305,0.19132042,0.084968716,0
2.441885,-2.5106516,4.4418607,-0.024426028,-0.50739121,0.86136973,0
1.1281631,6.0089378,-0.89445305,0.20790988,0.84020877,0.50082213,0
2.9424615,0.28557396,-5.7830458,0.024426028,0.50739121,-0.86136973,0
3.9284511,-3.0196555,0.71630287,0.97784305,-0.19132042,-0.084968716,0
0.51705647,-1.5956972,4.7637243,-0.024426028,-0.50739121,0.86136973,0
2.9058719,-5.8906479,-1.3320425,-0.20790988,-0.84020877,-0.50082213,0
4.6647816,1.4969994,5.745296,0.20790988,0.84020877,0.50082213,0
2.4563344,1.9661114,-4.4048319,0.024426028,0.50739121,-0.86136973,0
1.8288481,3.9678364,2.3106449,0.20790988,0.84020877,0.50082213,0
-2.418129,0.84869236,-5.5926929,0.024426028,0.50739121,-0.86136973,0
3.6990507,0.19415617,-5.4450459,0.024426028,0.50739121,-0.86136973,0
-4.2221475,0.18986225,4.3331213,-0.97784305,0.19132042,0.084968716,0
0.51789379,5.167438,1.1239437,0.20790988,0.84020877,0.50082213,0
-0.33614659,0.18436527,-5.659905,0.024426028,0.50739121,-0.86136973,0
0.28503561,4.8791623,1.3391751,0.20790988,0.84020877,0.50082213,0
0.17440987,-5.2997098,2.7433667,-0.024426028,-0.50739121,0.86136973,0
2.4938138,-7.3465409,1.1618834,-0.20790988,-0.84020877,-0.50082213,0
4.2429094,0.36235762,6.2600288,-0.024426028,-0.50739121,0.86136973,0
-2.2224956,4.835022,2.871129,0.20790988,0.84020877,0.50082213,0
3.413908,-5.2241192,-0.40296316,0.97784305,-0.19132042,-0.084968716,0
-1.5187917,4.0070505,3.8997128,0.20790988,0.84020877,0.50082213,0
0.067067623,2.2828493,6.4659281,0.20790988,0.84020877,0.50082213,0
-1.7838159,3.2113059,5.1555977,0.20790988,0.84020877,0.50082213,0
-1.8786974,-2.2927046,-4.9672041,-0.20790988,-0.84020877,-0.50082213,0
-3.2777951,-1.2822063,-6.609777,0.024426028,0.50739121,-0.86136973,0
-4.3839002,2.2368417,-0.50911403,-0.97784305,0.19132042,0.084968716,0
3.1537566,-6.1536798,-0.60231161,-0.20790988,-0.84020877,-0.50082213,0
-3.5740211,1.1648116,-5.205379,0.024426028,0.50739121,-0.86136973,0
-5.0408325,-1.2288114,-5.4832931,-0.20790988,-0.84020877,-0.50082213,0
4.3166695,5.3575101,-2.5461726,0.024426028,0.50739121,-0.86136973,0
-4.6944785,-1.5341368,3.7149477,-0.97784305,0.19132042,0.084968716,0
-4.312324,-5.2962809,2.7833939,-0.024426028,-0.50739121,0.86136973,0
-2.3234389,-3.9200821,3.2766619,-0.024426028,-0.50739121,0.86136973,0
4.2775698,4.7912202,-3.0558634,0.024426028,0.50739121,-0.86136973,0
-3.8113616,5.3750648,-1.0957427,-0.97784305,0.19132042,0.084968716,0
1.2506938,-5.2240963,-1.9385163,-0.20790988,-0.84020877,-0.50082213,0
-4.75946,0.12488127,-2.8428962,-0.97784305,0.19132042,0.084968716,0
-2.5069637,7.5556087,-1.5637283,0.024426028,0.50739121,-0.86136973,0
4.0852814,-1.1517124,-1.9509292,0.97784305,-0.19132042,-0.084968716,0
-3.6354022,2.6592555,5.079886,-0.97784305,0.19132042,0.084968716,0
0.41631079,-6.6689711,1.1756039,-0.20790988,-0.84020877,-0.50082213,0
4.1484971,-2.8203788,-0.72160685,0.97784305,-0.19132042,-0.084968716,0
-4.5630231,-1.2127171,3.8535585,-0.97784305,0.19132042,0.084968716,0
-2.6605556,7.0147219,-0.81688976,0.20790988,0.84020877,0.50082213,0
-2.0714307,2.6348062,6.75002,0.20790988,0.84020877,0.50082213,0
4.8775415,-0.096111774,3.5706656,0.97784305,-0.19132042,-0.084968716,0
-3.7276382,2.8923306,2.2016902,-0.97784305,0.19132042,0.084968716,0
4.6755533,1.514689,-2.6341183,0.97784305,-0.19132042,-0.084968716,0
3.784893,-4.395978,0.26682854,0.97784305,-0.19132042,-0.084968716,0
3.6866171,-5.021121,2.3250604,0.97784305,-0.19132042,-0.084968716,0
-0.077079296,3.6425872,3.9287903,0.20790988,0.84020877,0.50082213,0
-2.3191519,4.9708667,2.2925928,0.20790988,0.84020877,0.50082213,0
3.2865338,-2.8244171,-6.7836313,-0.20790988,-0.84020877,-0.50082213,0
4.8837605,2.1107419,-0.64196968,0.97784305,-0.19132042,-0.084968716,0
-5.2514973,-3.0535541,-1.9581957,-0.97784305,0.19132042,0.084968716,0
-4.576261,-5.8360004,1.7469339,-0.20790988,-0.84020877,-0.50082213,0
4.0200882,-1.0351005,-3.8642344,0.97784305,-0.19132042,-0.084968716,0
4.0000706,4.998415,-0.30776167,0.20790988,0.84020877,0.50082213,0
-4.2569556,2.2668118,-0.23941922,-0.97784305,0.19132042,0.084968716,0
4.8508458,5.677351,-1.8972683,0.20790988,0.84020877,0.50082213,0
-3.7318826,5.2268357,-1.0427284,-0.97784305,0.19132042,0.084968716,0
2.6548445,-1.5352285,5.1326828,-0.024426028,-0.50739121,0.86136973,0
-3.6554632,6.2756286,-2.0442104,0.024426028,0.50739121,-0.86136973,0
-4.1566286,3.5085158,-0.5747695,-0.97784305,0.19132042,0.084968716,0
0.079645634,-2.1501131,-6.6992064,-0.20790988,-0.84020877,-0.50082213,0
0.1656146,3.7116103,3.8686748,0.20790988,0.84020877,0.50082213,0
0.33894777,-4.7659626,-1.7484961,-0.20790988,-0.84020877,-0.50082213,0
4.4511914,5.1353445,-0.76123071,0.20790988,0.84020877,0.50082213,0
-2.7372518,-3.8025846,-2.8493476,-0.20790988,-0.84020877,-0.50082213,0
4.9609866,-0.46539879,3.35357,0.97784305,-0.19132042,-0.084968716,0
1.2939062,-5.6269808,-0.73646522,-0.20790988,-0.84020877,-0.50082213,0
0.66893387,-6.6170559,0.45428419,-0.20790988,-0.84020877,-0.50082213,0
2.0260434,-2.8873949,-5.7208056,-0.20790988,-0.84020877,-0.50082213,0
-3.2843254,-2.2745929,-5.0264444,-0.20790988,-0.84020877,-0.50082213,0
3.9622035,-4.004312,2.2497392,0.97784305,-0.19132042,-0.084968716,0
5.2467837,4.6739326,-0.33112311,0.20790988,0.84020877,0.50082213,0
4.4258509,1.9280267,-4.6174273,0.024426028,0.50739121,-0.86136973,0
-0.79844284,-4.3813314,-2.2741182,-0.20790988,-0.84020877,-0.50082213,0
-5.1174922,-2.2331681,-3.8284681,-0.20790988,-0.84020877,-0.50082213,0
-5.5604362,-3.8679781,-0.15153527,-0.97784305,0.19132042,0.084968716,0
5.0204387,2.9639778,0.41407061,0.97784305,-0.19132042,-0.084968716,0
-4.3452349,-0.54340029,5.004365,-0.97784305,0.19132042,0.084968716,0
-4.6943135,-5.9592538,2.1828618,-0.024426028,-0.50739121,0.86136973,0
4.5685697,-0.073800564,0.064277768,0.97784305,-0.19132042,-0.084968716,0
4.7070169,2.4497406,-2.1701584,0.97784305,-0.19132042,-0.084968716,0
0.5486989,5.4627519,0.38701892,0.20790988,0.84020877,0.50082213,0
-2.7662973,4.4181433,3.9487731,0.20790988,0.84020877,0.50082213,0
1.9861128,3.0256329,-3.8476439,0.024426028,0.50739121,-0.86136973,0
-3.5806925,-2.1059482,-5.0549717,-0.20790988,-0.84020877,-0.50082213,0
-0.60686731,-1.742453,-6.4516249,-0.20790988,-0.84020877,-0.50082213,0
3.4854076,-4.6719418,-1.5926813,0.97784305,-0.19132042,-0.084968716,0
-4.0075641,-0.08744812,-6.022337,0.024426028,0.50739121,-0.86136973,0
-1.331687,3.0408909,5.0737252,0.20790988,0.84020877,0.50082213,0
0.89420283,-2.2589509,4.5164275,-0.024426028,-0.50739121,0.86136973,0
-4.6831903,-1.0085986,-6.4775496,-0.20790988,-0.84020877,-0.50082213,0
-3.7112398,4.2488184,1.3177836,-0.97784305,0.19132042,0.084968716,0
-4.2516541,-0.09541893,5.1912017,-0.97784305,0.19132042,0.084968716,0
-2.6072617,4.4957423,-3.3791375,0.024426028,0.50739121,-0.86136973,0
5.2454753,2.7321854,3.1021442,0.97784305,-0.19132042,-0.084968716,0
-4.3151388,0.40478516,0.81174296,-0.97784305,0.19132042,0.084968716,0
-1.8159575,3.7635851,4.2020106,0.20790988,0.84020877,0.50082213,0
2.9091883,2.8733859,3.6866152,0.20790988,0.84020877,0.50082213,0
-2.1586542,3.6680207,4.5004745,0.20790988,0.84020877,0.50082213,0
5.592515,5.4089618,-1.709877,0.97784305,-0.19132042,-0.084968716,0
4.9805145,2.4680598,0.96516639,0.97784305,-0.19132042,-0.084968716,0
-3.8790479,2.5227485,0.71289968,-0.97784305,0.19132042,0.084968716,0
-3.8981104,-5.8519139,2.1035075,-0.024426028,-0.50739121,0.86136973,0
-4.692554,1.5098085,-4.4693375,-0.97784305,0.19132042,0.084968716,0
2.7057848,-2.5852251,4.3658719,-0.024426028,-0.50739121,0.86136973,0
-0.46386647,4.7925863,-2.9459724,0.024426028,0.50739121,-0.86136973,0
-4.1041117,0.13819218,4.5978212,-0.97784305,0.19132042,0.084968716,0
-2.3578005,-6.4813442,1.5448098,-0.20790988,-0.84020877,-0.50082213,0
-5.0982528,-2.6549883,-2.0264103,-0.97784305,0.19132042,0.084968716,0
4.5457764,3.9883864,1.3472807,0.20790988,0.84020877,0.50082213,0
-1.3805231,4.0202827,-3.3714867,0.024426028,0.50739121,-0.86136973,0
5.3926859,5.6865358,-1.6011853,0.20790988,0.84020877,0.50082213,0
-2.6350532,-1.3526695,-6.4003654,-0.20790988,-0.84020877,-0.50082213,0
-1.2247729,-4.024097,3.4354134,-0.024426028,-0.50739121,0.86136973,0
1.3075104,-5.830512,-0.96536803,-0.20790988,-0.84020877,-0.50082213,0
0.75330877,-6.0704675,2.1035681,-0.024426028,-0.50739121,0.86136973,0
1.9370799,-1.8628216,-6.7108507,0.024426028,0.50739121,-0.86136973,0
1.2814515,4.4527478,2.3049109,0.20790988,0.84020877,0.50082213,0
-0.26152229,3.0772603,5.1058345,0.20790988,0.84020877,0.50082213,0
1.4641161,2.3125236,5.4579744,0.20790988,0.84020877,0.50082213,0
-4.2322555,1.3231897,0.50227737,-0.97784305,0.19132042,0.084968716,0
-2.8967178,7.4172821,-1.0097852,0.20790988,0.84020877,0.50082213,0
-5.0275555,-2.0576768,1.2091308,-0.97784305,0.19132042,0.084968716,0
4.3420539,1.1936498,-4.231885,0.97784305,-0.19132042,-0.084968716,0
-0.34631538,3.7082386,3.659739,0.20790988,0.84020877,0.50082213,0
1.5396721,0.20203376,-5.5866871,0.024426028,0.50739121,-0.86136973,0
-4.4794326,0.60712242,0.97901696,-0.97784305,0.19132042,0.084968716,0
4.084331,-4.5381026,2.6191235,0.97784305,-0.19132042,-0.084968716,0
-2.6091638,-2.6939268,-4.4421539,-0.20790988,-0.84020877,-0.50082213,0
5.2478833,2.064425,4.4602966,0.20790988,0.84020877,0.50082213,0
1.2619157,-5.4672585,-1.3183162,-0.20790988,-0.84020877,-0.50082213,0
-1.0492731,5.0510488,-2.905591,0.024426028,0.50739121,-0.86136973,0
3.0189137,-4.9307365,2.8619194,-0.024426028,-0.50739121,0.86136973,0
0.65912271,-6.9983563,1.2012792,-0.20790988,-0.84020877,-0.50082213,0
-4.6999879,-2.5513692,4.3023014,-0.024426028,-0.50739121,0.86136973,0
4.9342012,4.9229617,-2.8931332,0.024426028,0.50739121,-0.86136973,0
-4.7672491,-0.6948967,-0.87213099,-0.97784305,0.19132042,0.084968716,0
1.0563788,-4.5950799,-2.8683238,-0.20790988,-0.84020877,-0.50082213,0
-2.6952806,-4.2130265,-2.0884328,-0.20790988,-0.84020877,-0.50082213,0
-3.9949338,3.3767457,-3.7309651,0.024426028,0.50739121,-0.86136973,0
-3.4897196,-1.5657197,-6.0218601,-0.20790988,-0.84020877,-0.50082213,0
-0.25557852,5.0247564,1.7987038,0.20790988,0.84020877,0.50082213,0
-4.0814738,3.4563141,-3.4158688,-0.97784305,0.19132042,0.084968716,0
-3.7839551,2.7184844,5.4011979,-0.97784305,0.19132042,0.084968716,0
-5.1490083,-3.3398824,1.7277722,-0.97784305,0.19132042,0.084968716,0
1.239738,-6.4608498,0.10032272,-0.20790988,-0.84020877,-0.50082213,0
-2.8631663,-4.3512802,-1.7886209,-0.20790988,-0.84020877,-0.50082213,0
-2.9619131,0.93460655,6.0581999,-0.024426028,-0.50739121,0.86136973,0
-4.5279527,1.2972584,-3.9311395,-0.97784305,0.19132042,0.084968716,0
-2.9760871,2.9982133,5.8488479,0.20790988,0.84020877,0.50082213,0
-1.3657326,2.8806424,-4.1300015,0.024426028,0.50739121,-0.86136973,0
-3.3187087,-2.3919888,-4.4086218,-0.20790988,-0.84020877,-0.50082213,0
2.8493671,3.9834185,2.0535986,0.20790988,0.84020877,0.50082213,0
-4.0618105,-5.8540535,1.3276796,-0.20790988,-0.84020877,-0.50082213,0
4.0434818,-4.2351289,3.2421193,0.97784305,-0.19132042,-0.084968716,0
2.8960235,2.1958902,-4.4351082,0.024426028,0.50739121,-0.86136973,0
3.7237825,-3.1660414,-4.4927864,0.97784305,-0.19132042,-0.084968716,0
2.4328103,-1.084929,-6.5494056,0.024426028,0.50739121,-0.86136973,0
-3.7604799,2.1325722,6.3897696,-0.97784305,0.19132042,0.084968716,0
3.3383174,-4.4902201,3.3052955,-0.024426028,-0.50739121,0.86136973,0
-0.49324608,-2.0999398,-6.2937927,-0.20790988,-0.84020877,-0.50082213,0
2.5813613,0.88658547,-5.2662134,0.024426028,0.50739121,-0.86136973,0
2.9564195,4.775929,-2.8133445,0.024426028,0.50739121,-0.86136973,0
0.94227743,-5.9935002,-0.23373747,-0.20790988,-0.84020877,-0.50082213,0
2.5419996,1.8292799,-4.631875,0.024426028,0.50739121,-0.86136973,0
1.5367568,6.6123133,-1.8563871,0.20790988,0.84020877,0.50082213,0
-2.7135363,7.1674252,-1.7993093,0.024426028,0.50739121,-0.86136973,0
0.97045147,2.1280334,-4.3049994,0.024426028,0.50739121,-0.86136973,0
3.1604097,5.3844881,-0.14917636,0.20790988,0.84020877,0.50082213,0
0.8270483,3.8991871,3.4444668,0.20790988,0.84020877,0.50082213,0
3.4151883,0.82387888,6.2579336,-0.024426028,-0.50739121,0.86136973,0
1.4622653,-3.9152012,3.5979109,-0.024426028,-0.50739121,0.86136973,0
4.8555751,3.2169373,-2.0359533,0.97784305,-0.19132042,-0.084968716,0
1.5328157,5.4314175,0.12788081,0.20790988,0.84020877,0.50082213,0
-1.1015048,-3.6766477,-3.2008624,-0.20790988,-0.84020877,-0.50082213,0
-3.9649746,1.4204221,5.6314783,-0.97784305,0.19132042,0.084968716,0
3.9197307,-1.4935746,-4.0459781,0.97784305,-0.19132042,-0.084968716,0
-4.4638796,1.3570895,-3.3962636,-0.97784305,0.19132042,0.084968716,0
-0.80293965,-2.4226491,4.2472153,-0.024426028,-0.50739121,0.86136973,0
-3.1799998,-5.1477475,2.6131544,-0.024426028,-0.50739121,0.86136973,0
3.8904085,3.371964,2.5366044,0.20790988,0.84020877,0.50082213,0
2.9059558,-1.0668354,-6.26089,0.024426028,0.50739121,-0.86136973,0
-5.1986284,-1.8807442,-3.1080995,-0.97784305,0.19132042,0.084968716,0
-4.0657549,-5.6945772,1.3763967,-0.20790988,-0.84020877,-0.50082213,0
-2.9691067,2.4533496,6.9683933,-0.024426028,-0.50739121,0.86136973,0
-0.92131281,5.8944569,0.6445148,0.20790988,0.84020877,0.50082213,0
-0.55327845,-4.8120241,2.7504954,-0.024426028,-0.50739121,0.86136973,0
-4.9557085,-3.5826209,3.24229,-0.97784305,0.19132042,0.084968716,0
-3.4510937,5.7636318,0.036031246,-0.97784305,0.19132042,0.084968716,0
5.2829871,1.7753658,3.682138,0.97784305,-0.19132042,-0.084968716,0
1.566179,-0.40255779,5.76437,-0.024426028,-0.50739121,0.86136973,0
4.9179044,1.4523673,2.2872841,0.97784305,-0.19132042,-0.084968716,0
-0.41979221,3.7853761,-3.3778486,0.024426028,0.50739121,-0.86136973,0
4.8077631,2.6592634,-3.5274606,0.97784305,-0.19132042,-0.084968716,0
-1.4218779,-4.4097128,2.9521151,-0.024426028,-0.50739121,0.86136973,0
5.2045994,3.5181684,-0.5505718,0.97784305,-0.19132042,-0.084968716,0
-0.89943695,2.5498908,6.4025011,0.20790988,0.84020877,0.50082213,0
3.6745665,0.94919729,6.3821492,-0.024426028,-0.50739121,0.86136973,0
-2.0823188,1.0983026,-5.3570633,0.024426028,0.50739121,-0.86136973,0
-5.3974247,-4.9367943,2.2509379,-0.97784305,0.19132042,0.084968716,0
-4.671277,0.16516042,-5.8178415,0.024426028,0.50739121,-0.86136973,0
-3.2217319,5.9319477,0.74705291,-0.97784305,0.19132042,0.084968716,0
4.4777913,2.8775406,3.2136216,0.20790988,0.84020877,0.50082213,0
-3.8272398,5.5455341,-2.1490231,-0.97784305,0.19132042,0.084968716,0
-4.1915178,-0.10511148,-6.0059199,0.024426028,0.50739121,-0.86136973,0
5.1105165,2.1919749,-0.57890636,0.97784305,-0.19132042,-0.084968716,0
-5.274806,-4.263567,1.8290029,-0.97784305,0.19132042,0.084968716,0
-5.204917,-0.69245148,-5.2382455,-0.97784305,0.19132042,0.084968716,0
-3.905004,3.5637717,-3.6827393,0.024426028,0.50739121,-0.86136973,0
-2.1833339,-0.086023346,-6.048265,0.024426028,0.50739121,-0.86136973,0
0.89223909,0.19288599,6.0074673,-0.024426028,-0.50739121,0.86136973,0
3.9948595,-3.1266994,-1.7235681,0.97784305,-0.19132042,-0.084968716,0
-2.9134977,6.921257,-1.8245234,0.024426028,0.50739121,-0.86136973,0
0.56398153,2.1930349,6.3910027,0.20790988,0.84020877,0.50082213,0
-2.1876118,4.2304068,-3.4237709,0.024426028,0.50739121,-0.86136973,0
4.4323997,-0.15108967,0.57661676,0.97784305,-0.19132042,-0.084968716,0
