-5.199841,-3.4029937,4.6132379,-0.98040676,0.086027503,-0.17720559,0
0.80655718,-4.4686899,4.6370659,-0.11561909,-0.97964668,0.16408694,0
4.8983555,-0.40363979,-3.6486354,0.98040676,-0.086027503,0.17720559,0
3.9128642,-4.8999586,-1.4764862,0.98040676,-0.086027503,0.17720559,0
-0.18448305,-1.475003,-4.8116775,0.15948284,-0.18136039,-0.97039866,0
4.2745333,-0.73832464,-0.3824631,0.98040676,-0.086027503,0.17720559,0
4.4932027,2.9379325,-0.24815178,0.98040676,-0.086027503,0.17720559,0
4.1484404,-3.9721065,-1.5133562,0.98040676,-0.086027503,0.17720559,0
-3.3863268,-0.072075367,4.4704442,-0.15948284,0.18136039,0.97039866,0
-1.5404655,-5.7176681,-4.249794,-0.11561909,-0.97964668,0.16408694,0
-0.68415689,1.0065136,-5.4476199,0.15948284,-0.18136039,-0.97039866,0
-2.5007792,-2.6920455,5.1892929,-0.15948284,0.18136039,0.97039866,0
-4.0160627,-3.7426887,-2.1502361,-0.98040676,0.086027503,-0.17720559,0
-3.6420586,-4.6415653,1.1984067,-0.11561909,-0.97964668,0.16408694,0
-5.0023956,-2.8137698,3.5879927,-0.98040676,0.086027503,-0.17720559,0
-4.1314664,-3.4570079,-0.27226877,-0.98040676,0.086027503,-0.17720559,0
-1.2396314,5.1782031,-1.300951,0.11561909,0.97964668,-0.16408694,0
-3.360745,-4.8316517,-1.0978491,-0.11561909,-0.97964668,0.16408694,0
-2.2595885,5.694324,3.1289868,0.11561909,0.97964668,-0.16408694,0
4.037569,4.178596,-2.2535937,0.11561909,0.97964668,-0.16408694,0
2.2129397,-5.3284087,-0.52551126,-0.11561909,-0.97964668,0.16408694,0
-1.0596654,5.1407661,0.25545168,0.11561909,0.97964668,-0.16408694,0
0.83564651,5.2298713,1.007926,0.11561909,0.97964668,-0.16408694,0
-4.0564461,1.8412247,1.6839774,-0.98040676,0.086027503,-0.17720559,0
4.0501661,-4.9001379,-2.3181224,0.98040676,-0.086027503,0.17720559,0
-4.4052439,-3.4321434,0.94834661,-0.98040676,0.086027503,-0.17720559,0
-0.74248767,-5.8309541,-3.9123862,-0.11561909,-0.97964668,0.16408694,0
3.7955184,2.9124644,2.1250265,0.98040676,-0.086027503,0.17720559,0
-1.5568566,-5.4813271,-2.6637857,-0.11561909,-0.97964668,0.16408694,0
-4.3208404,-0.51526499,2.1581376,-0.98040676,0.086027503,-0.17720559,0
-3.8818107,-0.63570237,-0.64825618,-0.98040676,0.086027503,-0.17720559,0
2.6872659,-1.2767988,5.7456865,-0.15948284,0.18136039,0.97039866,0
-0.3009789,-5.6671333,-3.7508082,-0.11561909,-0.97964668,0.16408694,0
-2.4114432,1.630408,-6.0419903,0.15948284,-0.18136039,-0.97039866,0
1.3678203,5.7414541,4.350893,-0.15948284,0.18136039,0.97039866,0
-3.3851292,-0.85508335,-4.94417,-0.98040676,0.086027503,-0.17720559,0
-0.56993675,4.3971329,-5.1041918,0.11561909,0.97964668,-0.16408694,0
-3.885488,3.47528,1.6840656,-0.98040676,0.086027503,-0.17720559,0
0.36604452,-3.7429607,6.0849323,-0.15948284,0.18136039,0.97039866,0
-2.2134602,-5.7301264,-4.4852843,-0.11561909,-0.97964668,0.16408694,0
4.4562864,-4.0404153,-3.1975586,0.98040676,-0.086027503,0.17720559,0
3.1604784,0.71156025,5.1767731,0.98040676,-0.086027503,0.17720559,0
0.60378647,-4.8756585,1.4197493,-0.11561909,-0.97964668,0.16408694,0
-0.92422104,-2.3055286,-4.8349895,0.15948284,-0.18136039,-0.97039866,0
-0.66494751,-4.4568639,-4.5175214,0.15948284,-0.18136039,-0.97039866,0
-3.8516531,3.3786519,-0.48284531,-0.98040676,0.086027503,-0.17720559,0
3.1519322,1.7392685,5.0677252,0.98040676,-0.086027503,0.17720559,0
-0.70180082,-4.1243525,4.8486338,-0.11561909,-0.97964668,0.16408694,0
-3.5213079,-5.5100474,-4.3243508,-0.11561909,-0.97964668,0.16408694,0
-4.3574247,1.9013581,1.3948762,-0.98040676,0.086027503,-0.17720559,0
4.0131135,1.5793419,0.33126336,0.98040676,-0.086027503,0.17720559,0
2.1636238,-5.4887705,-1.672832,-0.11561909,-0.97964668,0.16408694,0
2.0116186,-5.5902152,-0.96075058,-0.11561909,-0.97964668,0.16408694,0
-3.3726096,-0.30852413,4.6754637,-0.15948284,0.18136039,0.97039866,0
1.7969899,1.3068466,-5.1273017,0.15948284,-0.18136039,-0.97039866,0
-3.805809,-3.0096278,-4.009964,-0.98040676,0.086027503,-0.17720559,0
0.36051941,1.6705499,5.0274081,-0.15948284,0.18136039,0.97039866,0
-2.9631979,0.80576515,-4.8707533,-0.98040676,0.086027503,-0.17720559,0
-1.4287648,-1.5114077,5.0306072,-0.15948284,0.18136039,0.97039866,0
3.004343,-2.6371703,4.0436873,0.98040676,-0.086027503,0.17720559,0
-4.7478228,-0.6433506,2.2741439,-0.98040676,0.086027503,-0.17720559,0
-4.7773504,-3.4150071,5.1042676,-0.15948284,0.18136039,0.97039866,0
1.3962593,3.5879593,-5.4847813,0.15948284,-0.18136039,-0.97039866,0
-4.4374952,-1.4968152,2.0356374,-0.98040676,0.086027503,-0.17720559,0
2.7727766,-4.1729779,5.6692185,0.98040676,-0.086027503,0.17720559,0
-2.8656144,4.5941429,-3.9524255,0.11561909,0.97964668,-0.16408694,0
-2.1006813,-4.4980388,-4.508657,0.15948284,-0.18136039,-0.97039866,0
1.3020611,4.0561557,-5.309948,0.11561909,0.97964668,-0.16408694,0
3.4874253,-2.7689228,2.3127823,0.98040676,-0.086027503,0.17720559,0
-1.1606758,-5.5329971,-4.4824824,0.15948284,-0.18136039,-0.97039866,0
-2.9674597,4.7214103,-3.2297111,-0.98040676,0.086027503,-0.17720559,0
1.3777201,-4.5569239,-4.0689878,0.15948284,-0.18136039,-0.97039866,0
4.0591922,-4.6809559,-1.3477583,0.98040676,-0.086027503,0.17720559,0
3.9690464,-0.72033024,-0.52472126,0.98040676,-0.086027503,0.17720559,0
0.9517889,4.4515872,-3.7472882,0.11561909,0.97964668,-0.16408694,0
-4.1612916,-4.2727408,1.2506986,-0.11561909,-0.97964668,0.16408694,0
-1.372582,0.62171865,4.8511977,-0.15948284,0.18136039,0.97039866,0
-2.136925,5.1589088,-2.3887963,0.11561909,0.97964668,-0.16408694,0
3.3440118,-1.2320845,3.3466182,0.98040676,-0.086027503,0.17720559,0
-1.363328,1.5072731,-5.5319252,0.15948284,-0.18136039,-0.97039866,0
1.1018786,-0.052005291,-4.9367609,0.15948284,-0.18136039,-0.97039866,0
0.44789219,4.1211119,-5.7138348,0.15948284,-0.18136039,-0.97039866,0
-2.4933567,-4.3709874,2.3103368,-0.11561909,-0.97964668,0.16408694,0
-4.3625031,0.24521017,4.2917776,-0.15948284,0.18136039,0.97039866,0
-3.0563967,5.0825634,-1.1992612,0.11561909,0.97964668,-0.16408694,0
3.4235966,0.85652399,3.8523874,0.98040676,-0.086027503,0.17720559,0
2.069792,5.1142883,4.5780497,-0.15948284,0.18136039,0.97039866,0
-1.6847897,1.8857417,4.6497684,-0.15948284,0.18136039,0.97039866,0
-3.7377172,-2.7955198,5.1939931,-0.15948284,0.18136039,0.97039866,0
-2.4822261,4.369257,4.0143976,-0.15948284,0.18136039,0.97039866,0
-4.0304036,-4.8866692,-3.3266788,-0.98040676,0.086027503,-0.17720559,0
-4.7569308,-1.479804,2.8289919,-0.98040676,0.086027503,-0.17720559,0
3.0587749,-2.0506983,5.1732774,0.98040676,-0.086027503,0.17720559,0
-2.9441228,1.813989,-4.3042765,-0.98040676,0.086027503,-0.17720559,0
-1.6257117,-4.7097383,2.1508822,-0.11561909,-0.97964668,0.16408694,0
-1.7973822,-5.4164762,-3.0632887,-0.11561909,-0.97964668,0.16408694,0
-1.2308509,-2.7892566,-4.8224206,0.15948284,-0.18136039,-0.97039866,0
-0.27904987,-4.4815402,3.8871636,-0.11561909,-0.97964668,0.16408694,0
-3.7303727,0.44990039,-0.7019521,-0.98040676,0.086027503,-0.17720559,0
-2.6460149,5.5732822,0.94567442,0.11561909,0.97964668,-0.16408694,0
-1.8129535,0.32482529,-5.3576708,0.15948284,-0.18136039,-0.97039866,0
-0.13796616,4.6234407,-2.793437,0.11561909,0.97964668,-0.16408694,0
-1.5716848,-3.4585156,-4.5819621,0.15948284,-0.18136039,-0.97039866,0
5.2096305,2.1683283,-4.2123365,0.98040676,-0.086027503,0.17720559,0
1.4909267,4.1573052,-5.5360894,0.11561909,0.97964668,-0.16408694,0
4.2137694,-5.5183067,-2.3472853,0.98040676,-0.086027503,0.17720559,0
4.2217073,-1.7851782,-0.64287305,0.98040676,-0.086027503,0.17720559,0
-2.7773056,0.59170008,4.6388693,-0.15948284,0.18136039,0.97039866,0
-1.8378738,-4.8422699,0.77864408,-0.11561909,-0.97964668,0.16408694,0
1.3228326,-2.7713244,-4.581212,0.15948284,-0.18136039,-0.97039866,0
5.262054,2.9088182,-4.9854631,0.98040676,-0.086027503,0.17720559,0
-3.9093418,-3.2313547,-3.2798588,-0.98040676,0.086027503,-0.17720559,0
-1.3819909,-4.6834712,1.2045546,-0.11561909,-0.97964668,0.16408694,0
-3.6301284,-2.3936779,5.1642146,-0.15948284,0.18136039,0.97039866,0
0.85252094,-5.3957191,-4.0093126,0.15948284,-0.18136039,-0.97039866,0
0.075855732,-2.830374,5.5739307,-0.15948284,0.18136039,0.97039866,0
-4.0894427,4.405961,1.8885951,-0.98040676,0.086027503,-0.17720559,0
-3.679426,2.2646794,4.2801075,-0.15948284,0.18136039,0.97039866,0
2.8561625,5.3589592,4.6839361,-0.15948284,0.18136039,0.97039866,0
2.7503488,0.51660454,5.3703561,-0.15948284,0.18136039,0.97039866,0
3.2186842,2.1308987,-5.0579443,0.15948284,-0.18136039,-0.97039866,0
-3.0311878,-1.7724013,-5.1248264,0.15948284,-0.18136039,-0.97039866,0
3.910135,3.60098,3.0836976,0.98040676,-0.086027503,0.17720559,0
-1.9596694,-4.6156654,-4.6707745,0.15948284,-0.18136039,-0.97039866,0
-4.4543581,4.1678195,3.2214885,-0.98040676,0.086027503,-0.17720559,0
3.5583622,-5.2334228,0.66740465,-0.11561909,-0.97964668,0.16408694,0
3.8089421,5.249783,3.9862003,0.11561909,0.97964668,-0.16408694,0
1.8429027,-2.9702954,5.9264712,-0.15948284,0.18136039,0.97039866,0
-4.0657811,5.943028,2.2251716,-0.98040676,0.086027503,-0.17720559,0
-3.6957707,3.259546,-0.88571644,-0.98040676,0.086027503,-0.17720559,0
-0.96233797,4.5910997,-2.7703538,0.11561909,0.97964668,-0.16408694,0
-4.5468864,-4.2807789,-0.21191955,-0.98040676,0.086027503,-0.17720559,0
-3.6469569,3.3304543,0.15869141,-0.98040676,0.086027503,-0.17720559,0
-4.3818684,-3.0830684,-0.94445169,-0.98040676,0.086027503,-0.17720559,0
4.275877,4.3995857,-0.70095444,0.11561909,0.97964668,-0.16408694,0
4.6071105,0.51642323,-2.1222632,0.98040676,-0.086027503,0.17720559,0
-1.919811,-3.2299895,-4.8430119,0.15948284,-0.18136039,-0.97039866,0
-2.8334944,5.1282749,-2.9735827,0.11561909,0.97964668,-0.16408694,0
3.1493282,-0.86811745,4.8335505,0.98040676,-0.086027503,0.17720559,0
-2.5767231,2.6927423,-6.2648077,0.15948284,-0.18136039,-0.97039866,0
3.027112,4.6036525,-0.91213536,0.11561909,0.97964668,-0.16408694,0
0.3768692,1.1771882,-5.1099563,0.15948284,-0.18136039,-0.97039866,0
2.2422514,4.7487707,-1.5436077,0.11561909,0.97964668,-0.16408694,0
2.4733891,-5.7574496,-1.8036981,-0.11561909,-0.97964668,0.16408694,0
-1.2376851,5.8590069,3.2348194,0.11561909,0.97964668,-0.16408694,0
-3.5830021,-4.7033739,-1.2398629,-0.11561909,-0.97964668,0.16408694,0
4.2392797,-2.6209788,-3.1385159,0.98040676,-0.086027503,0.17720559,0
2.3705125,4.6476493,-0.68464088,0.11561909,0.97964668,-0.16408694,0
-3.7978649,0.20424771,-2.2541156,-0.98040676,0.086027503,-0.17720559,0
-2.3939261,-0.65425181,4.691381,-0.15948284,0.18136039,0.97039866,0
-4.4628372,2.920414,2.9606509,-0.98040676,0.086027503,-0.17720559,0
4.1789246,-4.9700127,-2.5211535,0.98040676,-0.086027503,0.17720559,0
3.8518372,1.3792675,1.2133105,0.98040676,-0.086027503,0.17720559,0
2.7620945,-5.0225654,3.4236155,-0.11561909,-0.97964668,0.16408694,0
-1.3671715,-4.4819717,2.1251874,-0.11561909,-0.97964668,0.16408694,0
-1.6650724,2.6993344,4.4731646,-0.15948284,0.18136039,0.97039866,0
3.3948216,-5.822897,-3.3440118,0.15948284,-0.18136039,-0.97039866,0
-0.82845759,4.9199319,-1.6545348,0.11561909,0.97964668,-0.16408694,0
4.4741139,-4.6813531,-3.6393802,0.15948284,-0.18136039,-0.97039866,0
-3.5127821,2.8581638,-2.8615165,-0.98040676,0.086027503,-0.17720559,0
2.989861,-6.1846247,-3.1908321,-0.11561909,-0.97964668,0.16408694,0
2.9185512,-4.9381304,1.8659668,-0.11561909,-0.97964668,0.16408694,0
3.7310822,-0.94907522,0.92124605,0.98040676,-0.086027503,0.17720559,0
4.4551287,4.3846312,0.82457113,0.98040676,-0.086027503,0.17720559,0
-3.5842409,-2.8701797,-3.0617123,-0.98040676,0.086027503,-0.17720559,0
-0.8884201,-1.3800682,5.0695391,-0.15948284,0.18136039,0.97039866,0
1.3222096,5.1146603,2.0040057,0.11561909,0.97964668,-0.16408694,0
1.0893712,2.013905,4.9175501,-0.15948284,0.18136039,0.97039866,0
3.8545184,-1.0464835,0.090282917,0.98040676,-0.086027503,0.17720559,0
-3.5106776,1.0336614,4.3708706,-0.15948284,0.18136039,0.97039866,0
4.9157443,3.7658575,-4.942296,0.11561909,0.97964668,-0.16408694,0
-0.46327794,-5.6062961,-2.9539196,-0.11561909,-0.97964668,0.16408694,0
-3.4410372,-5.1555138,-3.6533008,-0.11561909,-0.97964668,0.16408694,0
-4.8813205,-0.75167036,3.3909197,-0.98040676,0.086027503,-0.17720559,0
2.1266742,4.6584845,-1.1964808,0.11561909,0.97964668,-0.16408694,0
0.75856781,5.1601729,0.62195301,0.11561909,0.97964668,-0.16408694,0
1.9251671,5.2297878,1.3007782,0.11561909,0.97964668,-0.16408694,0
4.9389343,3.4395452,-2.8072896,0.98040676,-0.086027503,0.17720559,0
3.142472,-1.1061372,4.9521222,0.98040676,-0.086027503,0.17720559,0
3.9484718,5.0388684,1.4561737,0.11561909,0.97964668,-0.16408694,0
-3.7760234,1.1369643,4.4925246,-0.15948284,0.18136039,0.97039866,0
1.4575965,4.0165081,4.5320039,-0.15948284,0.18136039,0.97039866,0
-1.2569985,-1.1789148,-5.3417964,0.15948284,-0.18136039,-0.97039866,0
-2.5748916,4.51829,-5.5951595,-0.98040676,0.086027503,-0.17720559,0
-2.8054314,-4.0030966,4.7035804,-0.11561909,-0.97964668,0.16408694,0
1.7233839,4.3400187,-3.8270636,0.11561909,0.97964668,-0.16408694,0
1.6937766,-1.893517,-4.4322419,0.15948284,-0.18136039,-0.97039866,0
2.5337725,-0.024260402,5.5525155,-0.15948284,0.18136039,0.97039866,0
-0.49054003,-3.3102903,-4.5962167,0.15948284,-0.18136039,-0.97039866,0
2.6334934,-5.0047355,1.9699488,-0.11561909,-0.97964668,0.16408694,0
-1.6230512,3.1163745,-5.9925957,0.15948284,-0.18136039,-0.97039866,0
2.5254827,-0.39416075,-4.6071701,0.15948284,-0.18136039,-0.97039866,0
4.0163832,-2.3150299,0.025257826,0.98040676,-0.086027503,0.17720559,0
4.4205022,0.95581293,-0.42125595,0.98040676,-0.086027503,0.17720559,0
4.4321303,-2.0946407,-2.7702646,0.98040676,-0.086027503,0.17720559,0
-1.441623,-4.9287686,0.61330223,-0.11561909,-0.97964668,0.16408694,0
4.8473163,4.0768261,-2.4838023,0.11561909,0.97964668,-0.16408694,0
1.3121049,3.8350134,4.6073699,-0.15948284,0.18136039,0.97039866,0
-4.5790968,-4.1341796,0.097517967,-0.98040676,0.086027503,-0.17720559,0
2.8798692,-3.2856183,4.8751421,0.98040676,-0.086027503,0.17720559,0
1.9995263,-3.9234083,-4.202127,0.15948284,-0.18136039,-0.97039866,0
-1.1906605,-4.2601032,4.4791107,-0.11561909,-0.97964668,0.16408694,0
1.2291849,-4.7313647,-3.9923112,0.15948284,-0.18136039,-0.97039866,0
0.94306874,-4.6693397,2.2721925,-0.11561909,-0.97964668,0.16408694,0
-2.6045756,1.9606481,-5.9355803,0.15948284,-0.18136039,-0.97039866,0
2.6348379,-5.3440757,-0.0054078102,-0.11561909,-0.97964668,0.16408694,0
0.52486694,-5.8815069,-3.2450788,-0.11561909,-0.97964668,0.16408694,0
1.8562896,4.7233777,-1.3281178,0.11561909,0.97964668,-0.16408694,0
0.17436695,-3.2081497,-4.4870238,0.15948284,-0.18136039,-0.97039866,0
-1.1928768,4.7123485,-3.7915401,0.11561909,0.97964668,-0.16408694,0
-1.6629906,4.3469048,-6.192986,0.11561909,0.97964668,-0.16408694,0
2.1448727,-5.7515841,-1.9555569,-0.11561909,-0.97964668,0.16408694,0
3.1683667,3.2043848,4.9974422,-0.15948284,0.18136039,0.97039866,0
-0.65945911,-1.3287261,5.184083,-0.15948284,0.18136039,0.97039866,0
3.6807094,-1.3979318,2.472898,0.98040676,-0.086027503,0.17720559,0
3.8154283,-3.8157628,0.10661983,0.98040676,-0.086027503,0.17720559,0
2.8528275,1.7657621,-4.8152189,0.15948284,-0.18136039,-0.97039866,0
-4.2917404,-3.735153,4.4280095,-0.11561909,-0.97964668,0.16408694,0
-1.2265186,-5.3160291,-2.1713238,-0.11561909,-0.97964668,0.16408694,0
-3.8206782,-4.1309133,4.1276655,-0.11561909,-0.97964668,0.16408694,0
-0.32300794,5.4469495,2.5868909,0.11561909,0.97964668,-0.16408694,0
3.7849221,4.5956521,0.31263256,0.11561909,0.97964668,-0.16408694,0
3.1216855,-2.9732056,4.817584,0.98040676,-0.086027503,0.17720559,0
1.9034343,2.0627506,5.2528839,-0.15948284,0.18136039,0.97039866,0
0.54562473,3.9848146,-5.764677,0.15948284,-0.18136039,-0.97039866,0
0.13775063,4.2041321,-5.8237858,0.11561909,0.97964668,-0.16408694,0
3.2011938,-1.9511099,3.2624047,0.98040676,-0.086027503,0.17720559,0
3.5971961,1.9900103,3.8956733,0.98040676,-0.086027503,0.17720559,0
-3.5960803,0.60756397,4.5440946,-0.15948284,0.18136039,0.97039866,0
2.5021582,-5.2679901,1.8446121,-0.11561909,-0.97964668,0.16408694,0
-4.1713428,-4.165555,3.5065565,-0.11561909,-0.97964668,0.16408694,0
2.7967083,-5.6385579,-0.25795317,-0.11561909,-0.97964668,0.16408694,0
4.9548182,3.788749,-4.5313096,0.11561909,0.97964668,-0.16408694,0
3.7800989,2.6868098,3.0221436,0.98040676,-0.086027503,0.17720559,0
3.8477283,-1.8512444,-0.26294899,0.98040676,-0.086027503,0.17720559,0
-2.1506596,-4.746182,1.0981798,-0.11561909,-0.97964668,0.16408694,0
2.0788937,0.11511064,-4.6876884,0.15948284,-0.18136039,-0.97039866,0
1.6685057,-1.3931633,5.8565931,-0.15948284,0.18136039,0.97039866,0
3.5600514,1.4586153,-4.9533558,0.15948284,-0.18136039,-0.97039866,0
0.3233285,-4.3555446,3.7560353,-0.11561909,-0.97964668,0.16408694,0
0.77218723,4.3459444,-4.3837595,0.11561909,0.97964668,-0.16408694,0
3.1907375,-1.3022335,4.8804483,0.98040676,-0.086027503,0.17720559,0
0.66641152,5.3082256,1.4330807,0.11561909,0.97964668,-0.16408694,0
-0.49965739,-5.5653701,-3.0888631,-0.11561909,-0.97964668,0.16408694,0
-0.11254644,-2.9728329,-4.6637297,0.15948284,-0.18136039,-0.97039866,0
1.6523585,-4.5213223,3.8733325,-0.11561909,-0.97964668,0.16408694,0
0.15229893,3.08038,4.6775389,-0.15948284,0.18136039,0.97039866,0
-2.1971235,-5.1814723,-2.835258,-0.11561909,-0.97964668,0.16408694,0
4.2888269,4.4227381,-0.52005124,0.11561909,0.97964668,-0.16408694,0
0.91942286,-4.9039364,1.8133082,-0.11561909,-0.97964668,0.16408694,0
-1.7524502,-5.3711014,-2.3114483,-0.11561909,-0.97964668,0.16408694,0
2.7977839,-5.5040464,-0.71925592,-0.11561909,-0.97964668,0.16408694,0
4.4232388,2.0445304,-1.5166216,0.98040676,-0.086027503,0.17720559,0
2.2901385,-5.6287889,-3.797277,0.15948284,-0.18136039,-0.97039866,0
4.5636806,-1.6456637,-2.6311569,0.98040676,-0.086027503,0.17720559,0
0.58045214,-5.3459716,-1.0624309,-0.11561909,-0.97964668,0.16408694,0
-3.8857458,3.57427,0.7749896,-0.98040676,0.086027503,-0.17720559,0
1.6039014,-3.7673945,6.1700616,-0.15948284,0.18136039,0.97039866,0
2.3899932,-5.5885525,-3.8296757,0.15948284,-0.18136039,-0.97039866,0
1.9224339,-4.6476641,3.4435925,-0.11561909,-0.97964668,0.16408694,0
2.8921595,-5.2960663,-3.6778789,0.15948284,-0.18136039,-0.97039866,0
-1.0948271,-5.086463,-1.7264421,-0.11561909,-0.97964668,0.16408694,0
-1.7206657,3.9797537,4.1722622,-0.15948284,0.18136039,0.97039866,0
-4.298995,-3.7163424,5.31883,-0.15948284,0.18136039,0.97039866,0
-3.2530513,3.74347,-1.6371131,-0.98040676,0.086027503,-0.17720559,0
-4.4173903,2.6942639,3.0454228,-0.98040676,0.086027503,-0.17720559,0
0.85987949,1.8621918,-5.3847504,0.15948284,-0.18136039,-0.97039866,0
-4.3841357,1.7081795,2.4245443,-0.98040676,0.086027503,-0.17720559,0
-0.22320175,0.48925561,-5.311439,0.15948284,-0.18136039,-0.97039866,0
-4.678772,0.87602615,3.7747357,-0.98040676,0.086027503,-0.17720559,0
-4.7032175,0.0057840347,2.8076515,-0.98040676,0.086027503,-0.17720559,0
-3.6753089,-1.9625667,-2.7235394,-0.98040676,0.086027503,-0.17720559,0
-3.357847,-0.79061329,-4.9098597,-0.98040676,0.086027503,-0.17720559,0
-2.8062832,-4.40095,2.0687199,-0.11561909,-0.97964668,0.16408694,0
3.4924271,0.0055575371,2.2202392,0.98040676,-0.086027503,0.17720559,0
2.5249329,-5.6904531,-0.71221781,-0.11561909,-0.97964668,0.16408694,0
3.6501632,-1.6918263,2.4011478,0.98040676,-0.086027503,0.17720559,0
-3.2269537,-4.8990955,-0.82300591,-0.11561909,-0.97964668,0.16408694,0
-3.4613624,-4.7614756,-4.6504774,0.15948284,-0.18136039,-0.97039866,0
3.1086287,4.8414912,-0.29547405,0.11561909,0.97964668,-0.16408694,0
-1.8502569,-2.3830421,5.4724607,-0.15948284,0.18136039,0.97039866,0
-0.89984941,5.8419442,3.8606341,-0.15948284,0.18136039,0.97039866,0
0.042211533,-3.4302299,-4.4727921,0.15948284,-0.18136039,-0.97039866,0
3.727283,2.5916357,3.9478168,0.98040676,-0.086027503,0.17720559,0
-0.54986668,-0.5415656,-5.3129978,0.15948284,-0.18136039,-0.97039866,0
-1.5807214,4.8155107,-2.1915469,0.11561909,0.97964668,-0.16408694,0
2.2039547,4.6531172,-1.8942857,0.11561909,0.97964668,-0.16408694,0
-0.63507318,4.4593582,-4.2595029,0.11561909,0.97964668,-0.16408694,0
-0.71566361,5.317471,1.5011191,0.11561909,0.97964668,-0.16408694,0
-3.2947483,-0.03152442,-5.1812172,-0.98040676,0.086027503,-0.17720559,0
-0.4811492,4.3693228,-5.0755229,0.11561909,0.97964668,-0.16408694,0
-4.8336411,-4.1156049,1.8806956,-0.11561909,-0.97964668,0.16408694,0
4.2979064,3.8566229,-0.44673729,0.98040676,-0.086027503,0.17720559,0
-1.5516391,-1.6544037,-5.196702,0.15948284,-0.18136039,-0.97039866,0
-1.749136,-5.4896631,-3.3064713,-0.11561909,-0.97964668,0.16408694,0
2.5695992,-0.96229458,-4.6877623,0.15948284,-0.18136039,-0.97039866,0
-0.75161278,5.5992656,2.2733974,0.11561909,0.97964668,-0.16408694,0
-3.0022588,-3.7828827,5.366591,-0.15948284,0.18136039,0.97039866,0
-2.4436779,-4.6346097,1.2603598,-0.11561909,-0.97964668,0.16408694,0
4.1837878,-0.78015423,-1.4342936,0.98040676,-0.086027503,0.17720559,0
-3.1318812,2.6864047,-4.3368363,-0.98040676,0.086027503,-0.17720559,0
-2.8137755,2.3834398,-4.8162007,-0.98040676,0.086027503,-0.17720559,0
0.50260377,-3.7581007,-4.2751484,0.15948284,-0.18136039,-0.97039866,0
4.465158,-1.4714603,-2.1421919,0.98040676,-0.086027503,0.17720559,0
3.8844826,0.86542058,1.9863069,0.98040676,-0.086027503,0.17720559,0
-3.780725,-3.5507903,5.3103032,-0.15948284,0.18136039,0.97039866,0
-1.5278659,-4.1299138,4.8739529,-0.11561909,-0.97964668,0.16408694,0
1.7336931,5.1976242,4.5027924,-0.15948284,0.18136039,0.97039866,0
-1.725913,-3.6093359,-4.5892243,0.15948284,-0.18136039,-0.97039866,0
2.5870733,0.49236965,-4.7013092,0.15948284,-0.18136039,-0.97039866,0
3.7430897,0.87541819,2.1475992,0.98040676,-0.086027503,0.17720559,0
2.8248515,4.2393532,-3.8219945,0.11561909,0.97964668,-0.16408694,0
-3.1634877,-0.41370535,-4.9737444,-0.98040676,0.086027503,-0.17720559,0
4.0966744,-3.5915656,-2.9264107,0.98040676,-0.086027503,0.17720559,0
-4.0243502,-2.9262733,-2.8399312,-0.98040676,0.086027503,-0.17720559,0
-0.78939748,-4.4066696,2.5059934,-0.11561909,-0.97964668,0.16408694,0
-0.40564561,-4.557653,-4.4445152,0.15948284,-0.18136039,-0.97039866,0
1.3005466,-4.4654422,4.8936806,-0.11561909,-0.97964668,0.16408694,0
1.4146957,1.0606941,5.3324995,-0.15948284,0.18136039,0.97039866,0
2.3253081,-5.6619191,-2.3670058,-0.11561909,-0.97964668,0.16408694,0
-1.6144514,-1.1525264,-5.0283113,0.15948284,-0.18136039,-0.97039866,0
0.11431217,-2.6153579,5.860136,-0.15948284,0.18136039,0.97039866,0
3.6529865,-5.9353509,-2.9952416,-0.11561909,-0.97964668,0.16408694,0
4.1623621,-0.73078728,-1.692533,0.98040676,-0.086027503,0.17720559,0
0.92309237,4.8472385,-1.009974,0.11561909,0.97964668,-0.16408694,0
1.7130302,-5.1312675,0.25593901,-0.11561909,-0.97964668,0.16408694,0
4.1867399,-1.1085095,-1.7960434,0.98040676,-0.086027503,0.17720559,0
3.1267123,0.11445653,5.3082614,0.98040676,-0.086027503,0.17720559,0
-1.0064511,-0.31196833,4.9433594,-0.15948284,0.18136039,0.97039866,0
5.0287681,3.8810279,-4.8864422,0.11561909,0.97964668,-0.16408694,0
-1.3888409,-4.8166285,0.17222691,-0.11561909,-0.97964668,0.16408694,0
3.139483,-5.6513715,-0.21586323,-0.11561909,-0.97964668,0.16408694,0
3.6138926,-4.4268045,0.11029196,0.98040676,-0.086027503,0.17720559,0
3.979115,-5.5755434,-2.4727883,0.98040676,-0.086027503,0.17720559,0
-3.37218,-4.7485318,-4.7289834,0.15948284,-0.18136039,-0.97039866,0
-0.96260202,-5.4351335,-3.488452,-0.11561909,-0.97964668,0.16408694,0
-1.3136735,4.3608179,-5.2521081,0.11561909,0.97964668,-0.16408694,0
-0.83317518,2.2056499,-5.9044747,0.15948284,-0.18136039,-0.97039866,0
-1.9893144,5.9531193,3.3378897,0.11561909,0.97964668,-0.16408694,0
2.8582344,4.0831957,-5.2308531,0.11561909,0.97964668,-0.16408694,0
-0.35675693,-5.0205126,-4.4751725,0.15948284,-0.18136039,-0.97039866,0
4.5080976,2.5257986,-2.2029223,0.98040676,-0.086027503,0.17720559,0
-4.6595163,-3.9853334,4.3762302,-0.11561909,-0.97964668,0.16408694,0
-4.2827153,-4.5636659,0.70640039,-0.11561909,-0.97964668,0.16408694,0
2.1553636,-1.4838492,5.5959473,-0.15948284,0.18136039,0.97039866,0
-0.8572731,-1.1309738,-5.2537236,0.15948284,-0.18136039,-0.97039866,0
-2.4744866,-5.3938208,-2.8382826,-0.11561909,-0.97964668,0.16408694,0
-4.3534741,-2.785661,1.0578618,-0.98040676,0.086027503,-0.17720559,0
-0.36960936,0.96671546,-5.3397589,0.15948284,-0.18136039,-0.97039866,0
-3.5136378,2.7825637,-1.8174217,-0.98040676,0.086027503,-0.17720559,0
1.0738435,-5.2180858,1.2436714,-0.11561909,-0.97964668,0.16408694,0
3.4927492,-3.6536484,0.48949051,0.98040676,-0.086027503,0.17720559,0
-0.068931341,5.5921078,4.0007286,-0.15948284,0.18136039,0.97039866,0
0.77030015,-3.875597,-4.4869328,0.15948284,-0.18136039,-0.97039866,0
1.7476835,-5.8551807,-2.5539293,-0.11561909,-0.97964668,0.16408694,0
-3.9510431,2.5845869,0.15967655,-0.98040676,0.086027503,-0.17720559,0
3.3599627,2.6760323,5.0015345,-0.15948284,0.18136039,0.97039866,0
-4.989871,-1.2612243,3.7334404,-0.98040676,0.086027503,-0.17720559,0
4.2137885,2.8793344,0.95623636,0.98040676,-0.086027503,0.17720559,0
-3.9722788,-4.5463629,0.68953991,-0.11561909,-0.97964668,0.16408694,0
-1.1896458,-5.2702193,-4.4307098,0.15948284,-0.18136039,-0.97039866,0
-4.6479454,-0.38054132,4.0214782,-0.98040676,0.086027503,-0.17720559,0
3.8119013,-4.5353079,-0.39902306,0.98040676,-0.086027503,0.17720559,0
3.022989,5.2305636,2.8293409,0.11561909,0.97964668,-0.16408694,0
-5.1340523,-3.1637764,3.8679409,-0.98040676,0.086027503,-0.17720559,0
3.2864997,1.9783947,4.8290801,0.98040676,-0.086027503,0.17720559,0
-4.3863697,3.5546551,2.8397975,-0.98040676,0.086027503,-0.17720559,0
3.7492871,-5.1209221,-0.12684774,0.98040676,-0.086027503,0.17720559,0
-1.7692914,1.0871189,4.5377889,-0.15948284,0.18136039,0.97039866,0
-3.1277988,2.5058241,4.2959619,-0.15948284,0.18136039,0.97039866,0
1.9196153,2.48084,-5.1946745,0.15948284,-0.18136039,-0.97039866,0
3.5421138,-5.8428049,-3.5698743,0.15948284,-0.18136039,-0.97039866,0
0.4810977,-5.0573778,0.93847466,-0.11561909,-0.97964668,0.16408694,0
3.4894605,2.4720974,3.4301574,0.98040676,-0.086027503,0.17720559,0
1.5779653,5.2068486,2.1010129,0.11561909,0.97964668,-0.16408694,0
2.5314083,-4.8602471,3.2410436,-0.11561909,-0.97964668,0.16408694,0
2.7869787,-0.47584438,5.7074842,-0.15948284,0.18136039,0.97039866,0
-2.7775326,1.2840829,4.4276791,-0.15948284,0.18136039,0.97039866,0
3.4919891,4.5464272,4.7806263,0.98040676,-0.086027503,0.17720559,0
4.7933211,0.88321924,-3.1075854,0.98040676,-0.086027503,0.17720559,0
4.9687395,3.6589847,-3.1069393,0.98040676,-0.086027503,0.17720559,0
-0.97874665,5.9623184,4.0276623,0.11561909,0.97964668,-0.16408694,0
-3.0547616,4.0180526,-3.1637306,-0.98040676,0.086027503,-0.17720559,0
-4.5157461,-2.595819,0.18339956,-0.98040676,0.086027503,-0.17720559,0
-3.7703254,1.2523484,4.1124506,-0.15948284,0.18136039,0.97039866,0
3.6763701,-2.2950487,-4.2034569,0.15948284,-0.18136039,-0.97039866,0
-1.6281755,4.7246518,3.8451436,-0.15948284,0.18136039,0.97039866,0
4.7290864,1.2118254,-2.6691396,0.98040676,-0.086027503,0.17720559,0
-2.6902943,4.4467793,-4.802289,0.11561909,0.97964668,-0.16408694,0
-4.7387834,-1.8298292,3.8457174,-0.98040676,0.086027503,-0.17720559,0
4.6836581,2.8875387,-1.7026515,0.98040676,-0.086027503,0.17720559,0
-3.7643793,-5.0042048,-1.5927293,-0.11561909,-0.97964668,0.16408694,0
-1.2079434,-0.98805898,-5.1685367,0.15948284,-0.18136039,-0.97039866,0
3.4849753,-2.8363996,-3.855104,0.15948284,-0.18136039,-0.97039866,0
0.89848089,2.4854732,-5.5772786,0.15948284,-0.18136039,-0.97039866,0
-4.7375798,-2.8836973,1.8319885,-0.98040676,0.086027503,-0.17720559,0
0.95145845,-3.7041359,6.1495314,-0.15948284,0.18136039,0.97039866,0
4.6166029,0.94064665,-4.504499,0.15948284,-0.18136039,-0.97039866,0
-1.5011272,0.90551877,4.5734444,-0.15948284,0.18136039,0.97039866,0
0.85597467,3.1957839,-5.4709163,0.15948284,-0.18136039,-0.97039866,0
-4.0319948,-3.9158056,4.3971825,-0.11561909,-0.97964668,0.16408694,0
-1.806981,5.5782242,1.7267838,0.11561909,0.97964668,-0.16408694,0
1.6153774,-0.24846901,5.567626,-0.15948284,0.18136039,0.97039866,0
-3.9141893,-2.3658178,-2.3331347,-0.98040676,0.086027503,-0.17720559,0
-3.7596233,-4.7257686,-1.0255761,-0.11561909,-0.97964668,0.16408694,0
2.3425736,2.3896418,5.211894,-0.15948284,0.18136039,0.97039866,0
4.5010657,-1.5322495,-2.6329575,0.98040676,-0.086027503,0.17720559,0
1.5350013,5.0219364,4.3851876,-0.15948284,0.18136039,0.97039866,0
1.6407201,5.2715683,3.1755936,0.11561909,0.97964668,-0.16408694,0
-2.1341672,-0.93606097,-5.483448,0.15948284,-0.18136039,-0.97039866,0
-3.0526927,-0.0148772,-4.8592963,-0.98040676,0.086027503,-0.17720559,0
-3.466538,-2.0730748,-4.2075744,-0.98040676,0.086027503,-0.17720559,0
-3.5141425,2.9150498,-1.0317044,-0.98040676,0.086027503,-0.17720559,0
-5.120717,-2.2177944,4.34238,-0.98040676,0.086027503,-0.17720559,0
-3.9541495,-4.8093843,-0.90172505,-0.11561909,-0.97964668,0.16408694,0
-0.074572444,-5.1439185,-0.026463509,-0.11561909,-0.97964668,0.16408694,0
-3.2573543,0.87087917,4.327137,-0.15948284,0.18136039,0.97039866,0
1.9820247,-0.3172667,-4.972558,0.15948284,-0.18136039,-0.97039866,0
-1.9991554,-4.6497016,0.86615849,-0.11561909,-0.97964668,0.16408694,0
3.795289,-4.8256612,-0.21540594,0.98040676,-0.086027503,0.17720559,0
-3.8722751,5.8804684,1.674643,-0.98040676,0.086027503,-0.17720559,0
-2.5101409,-2.6581359,5.1168509,-0.15948284,0.18136039,0.97039866,0
1.0454749,5.4971471,1.9240375,0.11561909,0.97964668,-0.16408694,0
-3.155724,-0.25109124,-5.4460831,-0.98040676,0.086027503,-0.17720559,0
2.0385237,-3.3655267,-4.2598877,0.15948284,-0.18136039,-0.97039866,0
3.9053068,2.0087523,-4.7212334,0.15948284,-0.18136039,-0.97039866,0
3.2463369,1.7435374,4.5934105,0.98040676,-0.086027503,0.17720559,0
-1.1347468,5.2209806,3.9910989,-0.15948284,0.18136039,0.97039866,0
0.95607948,0.90862393,-4.9631929,0.15948284,-0.18136039,-0.97039866,0
-1.4985726,4.2364416,3.9667306,-0.15948284,0.18136039,0.97039866,0
1.2381747,-4.7001023,2.2015543,-0.11561909,-0.97964668,0.16408694,0
-0.23184156,2.8748174,-5.5561757,0.15948284,-0.18136039,-0.97039866,0
0.2015686,4.4180918,-4.3023033,0.11561909,0.97964668,-0.16408694,0
-2.410547,-4.0815263,-4.829957,0.15948284,-0.18136039,-0.97039866,0
4.6461382,-0.22277832,-3.9448371,0.98040676,-0.086027503,0.17720559,0
2.5087495,-5.4969926,-0.24456739,-0.11561909,-0.97964668,0.16408694,0
1.9976195,5.0527616,-0.036428452,0.11561909,0.97964668,-0.16408694,0
-4.344645,-2.9363222,0.18065894,-0.98040676,0.086027503,-0.17720559,0
-2.1121788,5.7146101,3.8983309,-0.15948284,0.18136039,0.97039866,0
-3.7658532,-3.443646,-3.4934449,-0.98040676,0.086027503,-0.17720559,0
2.3150005,1.0346055,-4.798192,0.15948284,-0.18136039,-0.97039866,0
-0.60566401,-4.6716299,0.99886799,-0.11561909,-0.97964668,0.16408694,0
4.2695079,-1.1665645,-4.4087768,0.15948284,-0.18136039,-0.97039866,0
-1.0122626,5.7215137,1.7633128,0.11561909,0.97964668,-0.16408694,0
2.8837409,-4.5780578,-3.9454241,0.15948284,-0.18136039,-0.97039866,0
1.3228309,-3.1066294,-4.4530554,0.15948284,-0.18136039,-0.97039866,0
-0.69303656,5.5305653,1.7406006,0.11561909,0.97964668,-0.16408694,0
1.1576887,5.1481829,0.74416828,0.11561909,0.97964668,-0.16408694,0
3.5893245,-1.1079268,2.2152517,0.98040676,-0.086027503,0.17720559,0
0.030050755,4.7126493,4.4034853,-0.15948284,0.18136039,0.97039866,0
-1.1589797,-5.138104,-4.3066669,0.15948284,-0.18136039,-0.97039866,0
-1.3079638,5.4201598,2.049655,0.11561909,0.97964668,-0.16408694,0
-3.2589388,1.9297428,-3.6514671,-0.98040676,0.086027503,-0.17720559,0
1.0734639,-3.4421234,5.856699,-0.15948284,0.18136039,0.97039866,0
4.2961893,-4.5248971,-2.4100909,0.98040676,-0.086027503,0.17720559,0
3.613997,-3.552108,-0.19469738,0.98040676,-0.086027503,0.17720559,0
-4.0142431,0.975564,0.21305275,-0.98040676,0.086027503,-0.17720559,0
-1.2584674,-5.3525772,-3.1598973,-0.11561909,-0.97964668,0.16408694,0
4.5926299,0.0061292648,-3.2470164,0.98040676,-0.086027503,0.17720559,0
-4.335371,-2.3587987,0.96044552,-0.98040676,0.086027503,-0.17720559,0
-3.9865832,0.33115673,-1.1459666,-0.98040676,0.086027503,-0.17720559,0
-1.8212948,-2.4763131,5.510397,-0.15948284,0.18136039,0.97039866,0
1.816787,-5.0882912,2.3541851,-0.11561909,-0.97964668,0.16408694,0
0.807827,-2.2268286,5.8499022,-0.15948284,0.18136039,0.97039866,0
-2.8946121,-4.1197295,-4.9959412,0.15948284,-0.18136039,-0.97039866,0
-2.2111921,-1.7279241,-5.0602231,0.15948284,-0.18136039,-0.97039866,0
-3.022193,4.232203,-4.5834999,-0.98040676,0.086027503,-0.17720559,0
-2.9313736,1.3889499,4.6134591,-0.15948284,0.18136039,0.97039866,0
3.518378,-3.6906681,-3.9739418,0.15948284,-0.18136039,-0.97039866,0
3.6505325,4.9884558,1.7019656,0.11561909,0.97964668,-0.16408694,0
1.7015886,-5.6891742,-2.2140322,-0.11561909,-0.97964668,0.16408694,0
2.1075735,4.6433377,-1.9923918,0.11561909,0.97964668,-0.16408694,0
3.9538403,-5.8432055,-3.2151814,0.98040676,-0.086027503,0.17720559,0
0.16653001,-5.6846409,-2.7578425,-0.11561909,-0.97964668,0.16408694,0
-1.2812395,3.7286108,-6.0050106,0.15948284,-0.18136039,-0.97039866,0
4.8682809,3.3832755,-4.8182592,0.15948284,-0.18136039,-0.97039866,0
-4.8573265,-1.0569234,4.2596412,-0.98040676,0.086027503,-0.17720559,0
-4.0919833,-3.3092279,-1.5282754,-0.98040676,0.086027503,-0.17720559,0
-0.57227707,4.4592037,-4.7287517,0.11561909,0.97964668,-0.16408694,0
1.5675972,4.6852212,4.4152412,-0.15948284,0.18136039,0.97039866,0
4.0342665,4.6408119,0.86932373,0.11561909,0.97964668,-0.16408694,0
3.1473875,-2.8487,4.6299448,0.98040676,-0.086027503,0.17720559,0
-4.531827,-1.9741659,1.6088181,-0.98040676,0.086027503,-0.17720559,0
4.088315,3.9759359,-4.8307438,0.11561909,0.97964668,-0.16408694,0
-3.4639695,1.2484303,-2.7579072,-0.98040676,0.086027503,-0.17720559,0
1.0044808,0.023376703,-4.9933519,0.15948284,-0.18136039,-0.97039866,0
0.067605972,3.896121,-5.7302604,0.15948284,-0.18136039,-0.97039866,0
1.4912887,0.9082799,5.4059877,-0.15948284,0.18136039,0.97039866,0
2.1778345,-3.6143909,6.1985617,-0.15948284,0.18136039,0.97039866,0
0.8314538,-1.4609369,-4.9167838,0.15948284,-0.18136039,-0.97039866,0
-1.1780462,-4.5000963,1.7471762,-0.11561909,-0.97964668,0.16408694,0
2.6421394,-3.3131652,-3.9836679,0.15948284,-0.18136039,-0.97039866,0
-3.6098924,0.81468081,-2.7708189,-0.98040676,0.086027503,-0.17720559,0
3.5736864,3.0177281,4.121664,0.98040676,-0.086027503,0.17720559,0
1.8483963,-2.636692,6.0952973,-0.15948284,0.18136039,0.97039866,0
4.0844698,3.9910791,-4.8189793,0.11561909,0.97964668,-0.16408694,0
-3.8824623,2.3549409,-0.26262426,-0.98040676,0.086027503,-0.17720559,0
4.5738411,0.10676622,-4.3035893,0.15948284,-0.18136039,-0.97039866,0
-3.3212123,2.6452615,-2.5440717,-0.98040676,0.086027503,-0.17720559,0
4.2595882,-5.4488325,-2.6371436,0.98040676,-0.086027503,0.17720559,0
2.8715794,-3.9522843,3.6690321,0.98040676,-0.086027503,0.17720559,0
0.45323277,4.5477772,-3.6803794,0.11561909,0.97964668,-0.16408694,0
-4.1457853,3.7371368,2.514688,-0.98040676,0.086027503,-0.17720559,0
-2.7766256,-1.1541181,4.9016476,-0.15948284,0.18136039,0.97039866,0
3.2105949,-4.6111689,3.4616413,0.98040676,-0.086027503,0.17720559,0
4.4469252,1.4437966,-1.0603689,0.98040676,-0.086027503,0.17720559,0
2.415833,4.7533131,4.5016375,-0.15948284,0.18136039,0.97039866,0
-0.60023117,5.6108642,3.6256828,0.11561909,0.97964668,-0.16408694,0
-3.9355738,-1.2917194,-0.37434965,-0.98040676,0.086027503,-0.17720559,0
2.1746302,1.0487378,-4.8918495,0.15948284,-0.18136039,-0.97039866,0
-2.8024476,5.4204917,3.6363592,-0.15948284,0.18136039,0.97039866,0
1.2311244,-0.55297512,5.2641416,-0.15948284,0.18136039,0.97039866,0
-4.2007117,-4.0274081,2.5435443,-0.11561909,-0.97964668,0.16408694,0
-1.0839655,5.7528377,3.5122998,0.11561909,0.97964668,-0.16408694,0
-0.29150939,5.6160655,3.9234009,-0.15948284,0.18136039,0.97039866,0
4.2920628,-0.13030148,-4.3336897,0.15948284,-0.18136039,-0.97039866,0
-1.1816694,-5.0060329,0.27758598,-0.11561909,-0.97964668,0.16408694,0
3.8909588,-5.5605984,-2.5505514,0.98040676,-0.086027503,0.17720559,0
-3.4768527,-1.1139525,-3.4824548,-0.98040676,0.086027503,-0.17720559,0
-3.1806004,1.8150779,-4.473279,-0.98040676,0.086027503,-0.17720559,0
-2.7435703,3.2446983,-5.0785866,-0.98040676,0.086027503,-0.17720559,0
-2.0662999,0.84611344,-5.6372738,0.15948284,-0.18136039,-0.97039866,0
-1.7758982,5.1463213,-0.56075144,0.11561909,0.97964668,-0.16408694,0
-3.2458868,1.3459783,4.4646955,-0.15948284,0.18136039,0.97039866,0
3.194962,-1.1028512,3.7796278,0.98040676,-0.086027503,0.17720559,0
3.6294889,4.0008507,-4.3468199,0.11561909,0.97964668,-0.16408694,0
-4.0257397,2.8951745,0.4184413,-0.98040676,0.086027503,-0.17720559,0
-3.2454863,-5.4778948,-4.4671373,-0.11561909,-0.97964668,0.16408694,0
1.4705576,-5.4020872,-1.9611349,-0.11561909,-0.97964668,0.16408694,0
3.6908932,2.9232745,3.5196157,0.98040676,-0.086027503,0.17720559,0
-1.6183457,4.4046993,-5.7445664,0.11561909,0.97964668,-0.16408694,0
-2.1127839,-2.1850066,-4.8983402,0.15948284,-0.18136039,-0.97039866,0
0.26871562,5.6658092,3.7440743,0.11561909,0.97964668,-0.16408694,0
0.50841904,1.8470908,4.9547596,-0.15948284,0.18136039,0.97039866,0
-2.4238381,-3.8205864,5.0887442,-0.11561909,-0.97964668,0.16408694,0
3.0809503,5.281323,3.4971039,0.11561909,0.97964668,-0.16408694,0
2.6762605,-0.78017855,-4.5169907,0.15948284,-0.18136039,-0.97039866,0
3.9219944,-5.7989521,-1.7522893,-0.11561909,-0.97964668,0.16408694,0
-0.020046711,-0.94868863,5.4199958,-0.15948284,0.18136039,0.97039866,0
-4.6892443,1.1409225,3.680105,-0.98040676,0.086027503,-0.17720559,0
2.0548868,0.36910731,5.3738213,-0.15948284,0.18136039,0.97039866,0
3.6695924,1.7126369,2.8173947,0.98040676,-0.086027503,0.17720559,0
-0.64194727,0.93671918,4.811656,-0.15948284,0.18136039,0.97039866,0
-0.12654781,2.1088269,-5.6413879,0.15948284,-0.18136039,-0.97039866,0
-2.393929,-3.4004869,5.3302088,-0.15948284,0.18136039,0.97039866,0
0.38566637,-2.609766,-4.6549864,0.15948284,-0.18136039,-0.97039866,0
1.9097543,-0.42028832,-4.5613375,0.15948284,-0.18136039,-0.97039866,0
-0.64523339,-5.138701,-1.100544,-0.11561909,-0.97964668,0.16408694,0
1.6105704,-5.6838737,-3.6797872,0.15948284,-0.18136039,-0.97039866,0
-4.5870352,0.48208714,2.2882631,-0.98040676,0.086027503,-0.17720559,0
-2.0541549,3.2491636,-5.9847078,0.15948284,-0.18136039,-0.97039866,0
-2.148035,-4.4302645,3.0496321,-0.11561909,-0.97964668,0.16408694,0
0.81558955,-5.8115492,-2.9750304,-0.11561909,-0.97964668,0.16408694,0
5.3277407,2.5368752,-4.8857017,0.15948284,-0.18136039,-0.97039866,0
1.5674138,5.4881806,2.5682199,0.11561909,0.97964668,-0.16408694,0
4.6005392,3.3575332,-2.242228,0.98040676,-0.086027503,0.17720559,0
-3.443676,-4.3158283,1.3254526,-0.11561909,-0.97964668,0.16408694,0
1.4409919,5.7249722,4.5179939,-0.15948284,0.18136039,0.97039866,0
4.7572489,3.7797496,-1.9204922,0.98040676,-0.086027503,0.17720559,0
3.5946996,1.2621324,3.4009967,0.98040676,-0.086027503,0.17720559,0
2.1291196,5.2504473,1.6748371,0.11561909,0.97964668,-0.16408694,0
-4.124023,-0.53160572,0.47593406,-0.98040676,0.086027503,-0.17720559,0
-3.1035814,3.0152385,-4.8246841,-0.98040676,0.086027503,-0.17720559,0
-1.3560098,-4.9903374,-1.1635585,-0.11561909,-0.97964668,0.16408694,0
-0.21906853,0.56743944,-5.4736133,0.15948284,-0.18136039,-0.97039866,0
-3.1017139,4.3878193,-2.7308249,-0.98040676,0.086027503,-0.17720559,0
0.44155598,-2.9232199,-4.5638628,0.15948284,-0.18136039,-0.97039866,0
-2.5801725,-5.3924589,-2.9610455,-0.11561909,-0.97964668,0.16408694,0
3.7098866,0.8419044,1.9855039,0.98040676,-0.086027503,0.17720559,0
1.0053434,-1.4362187,5.5198145,-0.15948284,0.18136039,0.97039866,0
4.338583,0.19125748,-1.2295319,0.98040676,-0.086027503,0.17720559,0
3.2397766,4.6630139,0.35833645,0.11561909,0.97964668,-0.16408694,0
-0.4241147,-0.48764884,5.2531738,-0.15948284,0.18136039,0.97039866,0
-3.4008393,4.3011756,-2.2764096,-0.98040676,0.086027503,-0.17720559,0
3.4802246,5.4678497,3.9464867,0.11561909,0.97964668,-0.16408694,0
-3.1629961,5.7819157,1.4714365,0.11561909,0.97964668,-0.16408694,0
-2.6343713,-4.8856888,0.16777325,-0.11561909,-0.97964668,0.16408694,0
4.1055808,2.201519,0.24040705,0.98040676,-0.086027503,0.17720559,0
-2.9612143,-5.3293982,-3.0637891,-0.11561909,-0.97964668,0.16408694,0
-3.461597,-1.1732287,4.9128194,-0.15948284,0.18136039,0.97039866,0
2.9789491,-1.2994142,5.6239042,0.98040676,-0.086027503,0.17720559,0
0.2735908,-5.670188,-4.0509062,0.15948284,-0.18136039,-0.97039866,0
1.037395,4.550827,-3.0588145,0.11561909,0.97964668,-0.16408694,0
