-1.8675866,4.5574718,2.0609047,-0.76741493,0.50025362,0.40102407,0
-3.7089972,-1.4409881,5.9661956,0.4353382,-0.052625656,0.89872742,0
-3.811125,-2.7630095,4.6598997,-0.47069594,-0.86427808,0.17739356,0
-4.8810334,-3.2971172,-0.87749243,-0.47069594,-0.86427808,0.17739356,0
2.7893672,-2.2856128,2.9139655,0.4353382,-0.052625656,0.89872742,0
-5.5360432,-3.255496,-1.4166124,-0.47069594,-0.86427808,0.17739356,0
0.073827744,-6.0645576,-3.9540186,0.76741493,-0.50025362,-0.40102407,0
-6.5718184,-1.6028605,0.64817333,-0.76741493,0.50025362,0.40102407,0
-0.72043967,1.4852467,-4.1823502,-0.4353382,0.052625656,-0.89872742,0
5.0496478,1.7137921,-4.1271725,0.76741493,-0.50025362,-0.40102407,0
-1.0614314,-5.9908366,-3.5493236,-0.47069594,-0.86427808,0.17739356,0
-2.5450892,1.7553782,4.388463,-0.76741493,0.50025362,0.40102407,0
-2.5691886,3.7893362,1.9488995,-0.76741493,0.50025362,0.40102407,0
-5.4571695,1.6623256,-1.2903001,-0.76741493,0.50025362,0.40102407,0
0.85373783,4.7410145,4.5258141,0.4353382,-0.052625656,0.89872742,0
1.3362141,-5.8330288,-1.2905505,0.76741493,-0.50025362,-0.40102407,0
-1.4578667,4.2802448,3.0278544,-0.76741493,0.50025362,0.40102407,0
2.5076032,3.5363533,-3.8068843,0.47069594,0.86427808,-0.17739356,0
0.66785955,-3.1879559,-4.9453454,-0.4353382,0.052625656,-0.89872742,0
-0.0014779568,0.5952282,4.680891,0.4353382,-0.052625656,0.89872742,0
0.40518004,3.6000242,-4.6288562,-0.4353382,0.052625656,-0.89872742,0
6.130228,2.157387,-0.73338509,0.47069594,0.86427808,-0.17739356,0
-0.51851577,-0.30828929,-4.065167,-0.4353382,0.052625656,-0.89872742,0
4.2185988,0.69785619,2.2872941,0.4353382,-0.052625656,0.89872742,0
1.4130201,-6.3068013,-0.7360146,0.76741493,-0.50025362,-0.40102407,0
-5.4334354,1.6871979,-1.8395483,-0.4353382,0.052625656,-0.89872742,0
2.9070385,3.7861006,-0.9361496,0.47069594,0.86427808,-0.17739356,0
-2.6892052,0.63263059,5.032001,-0.76741493,0.50025362,0.40102407,0
-2.945775,2.0771604,3.1637135,-0.76741493,0.50025362,0.40102407,0
4.3149633,2.5609832,-5.1595902,0.47069594,0.86427808,-0.17739356,0
4.350698,0.79219556,-4.0564585,0.76741493,-0.50025362,-0.40102407,0
-0.13610506,6.1288261,0.49607801,0.47069594,0.86427808,-0.17739356,0
3.3838634,0.24607563,-4.8328376,0.76741493,-0.50025362,-0.40102407,0
-2.5814342,-5.0246315,-2.5063527,-0.47069594,-0.86427808,0.17739356,0
-2.2986693,-0.48219967,5.7092094,0.4353382,-0.052625656,0.89872742,0
-2.9946203,-3.2623279,5.3303041,-0.47069594,-0.86427808,0.17739356,0
0.09034586,5.8654361,4.0975451,-0.76741493,0.50025362,0.40102407,0
1.4203912,5.1062999,-0.42389297,0.47069594,0.86427808,-0.17739356,0
1.7917528,-3.555512,3.4582896,0.4353382,-0.052625656,0.89872742,0
2.6782794,-5.4079642,0.33039761,0.76741493,-0.50025362,-0.40102407,0
0.80453467,6.2347794,3.2592578,0.47069594,0.86427808,-0.17739356,0
-2.2860472,5.2117887,-3.1044071,-0.4353382,0.052625656,-0.89872742,0
-1.7100446,4.3096013,-3.1985288,-0.4353382,0.052625656,-0.89872742,0
2.4680464,4.1480374,-0.79800701,0.47069594,0.86427808,-0.17739356,0
-2.6586676,6.0944843,-1.7451115,-0.76741493,0.50025362,0.40102407,0
3.1912179,-0.57559991,-4.7598991,0.76741493,-0.50025362,-0.40102407,0
4.3214164,-3.8493588,1.3696858,0.76741493,-0.50025362,-0.40102407,0
-0.86814165,6.2050967,0.17238855,0.47069594,0.86427808,-0.17739356,0
-3.1287456,5.0175591,-0.67699289,-0.76741493,0.50025362,0.40102407,0
0.035496235,-5.4831362,-3.8233941,0.76741493,-0.50025362,-0.40102407,0
-2.8634071,-3.7895782,1.9484715,-0.47069594,-0.86427808,0.17739356,0
-0.16828465,5.8359575,0.41964006,0.47069594,0.86427808,-0.17739356,0
-0.72440171,-5.8720727,-3.0640132,-0.47069594,-0.86427808,0.17739356,0
1.2763047,-6.1685615,-1.0822809,0.76741493,-0.50025362,-0.40102407,0
1.9172506,-4.4060502,-1.9847257,0.76741493,-0.50025362,-0.40102407,0
2.6896782,-4.0730357,2.9655521,0.4353382,-0.052625656,0.89872742,0
2.972394,4.6595211,1.9233937,0.47069594,0.86427808,-0.17739356,0
6.4464135,0.39376903,0.13427997,0.76741493,-0.50025362,-0.40102407,0
1.6484547,-1.924315,-5.2780638,0.76741493,-0.50025362,-0.40102407,0
-2.8264527,-0.093706608,5.6854777,-0.76741493,0.50025362,0.40102407,0
-1.3662236,-4.4086418,3.1755872,-0.47069594,-0.86427808,0.17739356,0
2.7386625,3.4599185,-5.0306444,0.47069594,0.86427808,-0.17739356,0
5.4761882,0.1257838,-1.0410266,0.76741493,-0.50025362,-0.40102407,0
-5.412816,-1.1079776,2.5883899,-0.76741493,0.50025362,0.40102407,0
3.1141398,3.8467329,-0.38493824,0.47069594,0.86427808,-0.17739356,0
4.3974853,-0.6187849,-2.111546,0.76741493,-0.50025362,-0.40102407,0
0.14774251,4.8303499,-4.2950273,-0.4353382,0.052625656,-0.89872742,0
-2.1885109,1.9276218,4.7864456,-0.76741493,0.50025362,0.40102407,0
-2.349597,3.6865077,2.4730139,-0.76741493,0.50025362,0.40102407,0
4.7269578,2.5584548,-2.4075055,0.47069594,0.86427808,-0.17739356,0
1.4704622,5.0218177,0.84528303,0.47069594,0.86427808,-0.17739356,0
-4.8174338,-2.3872643,4.613739,-0.47069594,-0.86427808,0.17739356,0
-2.3695009,-2.9629331,5.387548,0.4353382,-0.052625656,0.89872742,0
6.0324898,2.6634929,0.98470402,0.47069594,0.86427808,-0.17739356,0
2.878396,4.1800194,-0.52815008,0.47069594,0.86427808,-0.17739356,0
-3.4144588,0.58122337,3.6511083,-0.76741493,0.50025362,0.40102407,0
-0.74463916,-5.6070957,-0.66973066,-0.47069594,-0.86427808,0.17739356,0
-2.5668159,-4.3983355,-3.5679517,-0.4353382,0.052625656,-0.89872742,0
-0.32961243,1.0117555,-4.3723536,-0.4353382,0.052625656,-0.89872742,0
4.0685434,2.5695658,-5.194972,0.47069594,0.86427808,-0.17739356,0
4.3861508,-3.4841127,1.5662885,0.76741493,-0.50025362,-0.40102407,0
-3.7059944,-4.2017817,-1.1278567,-0.47069594,-0.86427808,0.17739356,0
-2.0432763,0.94825411,5.3951411,0.4353382,-0.052625656,0.89872742,0
-3.421567,-2.3813791,5.9642897,0.4353382,-0.052625656,0.89872742,0
2.3148394,-3.9995329,-1.6566979,0.76741493,-0.50025362,-0.40102407,0
3.5364218,-0.56619,-3.5989203,0.76741493,-0.50025362,-0.40102407,0
-1.2458253,-0.26729655,4.8924904,0.4353382,-0.052625656,0.89872742,0
1.678023,5.566586,3.9204497,0.47069594,0.86427808,-0.17739356,0
-1.0651443,6.0376616,-1.9628272,0.47069594,0.86427808,-0.17739356,0
-6.0862708,-0.76425338,0.46148038,-0.76741493,0.50025362,0.40102407,0
4.036932,-1.9794574,2.5095632,0.4353382,-0.052625656,0.89872742,0
-3.2501962,-4.6073575,-2.3761523,-0.47069594,-0.86427808,0.17739356,0
-0.30157137,-6.2652874,-3.643724,-0.47069594,-0.86427808,0.17739356,0
0.033440828,-5.9611049,-0.15976238,-0.47069594,-0.86427808,0.17739356,0
4.0163221,3.0412679,-2.2426834,0.47069594,0.86427808,-0.17739356,0
-4.4066691,1.0781741,-2.1932611,-0.4353382,0.052625656,-0.89872742,0
4.4767566,3.2829151,-1.0056252,0.47069594,0.86427808,-0.17739356,0
4.0249791,0.75357461,-4.2096648,0.76741493,-0.50025362,-0.40102407,0
2.6934958,-4.3224049,-1.15643,0.76741493,-0.50025362,-0.40102407,0
5.128686,-1.3123615,1.8069494,0.4353382,-0.052625656,0.89872742,0
-5.5452771,-2.8636646,-0.99588537,-0.47069594,-0.86427808,0.17739356,0
7.3614278,1.6664203,0.55072641,0.76741493,-0.50025362,-0.40102407,0
-5.4442554,-2.2024488,2.4643426,-0.47069594,-0.86427808,0.17739356,0
-0.85559893,-5.8936491,-2.1777151,-0.47069594,-0.86427808,0.17739356,0
1.2970414,-2.4091444,3.5063601,0.4353382,-0.052625656,0.89872742,0
0.412678,-2.8613877,-4.819468,-0.4353382,0.052625656,-0.89872742,0
-1.4294645,-5.8323331,-3.7054367,-0.47069594,-0.86427808,0.17739356,0
-2.3272572,-1.6257167,-3.4691303,-0.4353382,0.052625656,-0.89872742,0
-5.3392863,-1.0451771,1.9073479,-0.76741493,0.50025362,0.40102407,0
3.5009143,1.4824128,2.9276772,0.4353382,-0.052625656,0.89872742,0
5.4464612,2.273515,2.1268983,0.4353382,-0.052625656,0.89872742,0
3.4884019,-0.49092126,2.8056502,0.4353382,-0.052625656,0.89872742,0
-0.96095848,-5.2306709,-0.55424595,-0.47069594,-0.86427808,0.17739356,0
1.2055588,-4.2789121,-3.5945263,0.76741493,-0.50025362,-0.40102407,0
0.93245316,4.7831459,-1.4278493,0.47069594,0.86427808,-0.17739356,0
2.0533304,4.0089564,-2.5869322,0.47069594,0.86427808,-0.17739356,0
-3.0461087,1.092206,-2.9454217,-0.4353382,0.052625656,-0.89872742,0
1.5754021,-0.4676013,3.8289905,0.4353382,-0.052625656,0.89872742,0
-2.1849303,-5.2086062,-3.6034999,-0.4353382,0.052625656,-0.89872742,0
3.820497,3.3761868,2.5819538,0.4353382,-0.052625656,0.89872742,0
-0.18981779,0.60897636,-4.2635245,-0.4353382,0.052625656,-0.89872742,0
-1.0541592,-1.9560056,-4.0295486,-0.4353382,0.052625656,-0.89872742,0
-0.33792329,5.4750214,-1.617548,0.47069594,0.86427808,-0.17739356,0
3.8208408,-3.550838,0.61575186,0.76741493,-0.50025362,-0.40102407,0
5.3001037,2.5753205,-1.8088617,0.47069594,0.86427808,-0.17739356,0
6.2768679,2.3747187,1.5691264,0.4353382,-0.052625656,0.89872742,0
-2.7564683,6.0556536,-1.4878082,-0.76741493,0.50025362,0.40102407,0
-4.4957604,-0.078311861,2.8713405,-0.76741493,0.50025362,0.40102407,0
-4.9774132,1.3006027,-1.9547603,-0.4353382,0.052625656,-0.89872742,0
4.1882982,3.7483208,2.1920741,0.47069594,0.86427808,-0.17739356,0
1.8785722,-3.4628897,3.5358064,0.4353382,-0.052625656,0.89872742,0
0.86888766,-5.7669373,3.0840049,-0.47069594,-0.86427808,0.17739356,0
1.4017742,1.3045421,-4.8823261,-0.4353382,0.052625656,-0.89872742,0
-0.49593616,5.4132876,-3.2844386,0.47069594,0.86427808,-0.17739356,0
1.7142096,-6.1667209,3.0408869,0.4353382,-0.052625656,0.89872742,0
-1.1192055,0.97308373,-3.669601,-0.4353382,0.052625656,-0.89872742,0
-4.4090028,-2.4110351,4.5047817,-0.47069594,-0.86427808,0.17739356,0
4.441597,0.75798678,-3.764267,0.76741493,-0.50025362,-0.40102407,0
-1.005291,-5.4368248,-0.47595024,-0.47069594,-0.86427808,0.17739356,0
-1.4733856,-0.7961967,-3.5974152,-0.4353382,0.052625656,-0.89872742,0
-0.45829022,-4.6709976,3.4881382,-0.47069594,-0.86427808,0.17739356,0
-1.3990479,4.4982967,2.7666023,-0.76741493,0.50025362,0.40102407,0
-2.6859884,-3.3284168,5.4126482,0.4353382,-0.052625656,0.89872742,0
-0.97725749,-1.3108492,4.7508278,0.4353382,-0.052625656,0.89872742,0
2.7755527,0.55551648,3.1750076,0.4353382,-0.052625656,0.89872742,0
7.1280074,1.9438883,0.86640549,0.47069594,0.86427808,-0.17739356,0
2.977293,4.5470858,2.8215606,0.47069594,0.86427808,-0.17739356,0
0.87504935,5.7260299,3.1023211,0.47069594,0.86427808,-0.17739356,0
0.67931724,-6.1413727,1.1633253,-0.47069594,-0.86427808,0.17739356,0
3.4281023,-2.1469631,2.80936,0.4353382,-0.052625656,0.89872742,0
-4.4438591,-1.9141204,5.4439049,-0.76741493,0.50025362,0.40102407,0
2.2942123,4.8129091,0.95565176,0.47069594,0.86427808,-0.17739356,0
3.4937038,3.5882573,-0.83428478,0.47069594,0.86427808,-0.17739356,0
3.8701358,-3.3433893,0.5088011,0.76741493,-0.50025362,-0.40102407,0
-0.37578058,6.3609128,1.8496542,0.47069594,0.86427808,-0.17739356,0
3.6590302,-3.3539915,2.6934891,0.4353382,-0.052625656,0.89872742,0
-3.8949132,4.9347925,-1.8907571,-0.76741493,0.50025362,0.40102407,0
-6.071969,0.26763701,-0.98843634,-0.76741493,0.50025362,0.40102407,0
-1.7302561,3.2694485,4.1949987,-0.76741493,0.50025362,0.40102407,0
5.7318993,2.6850851,0.81134987,0.47069594,0.86427808,-0.17739356,0
1.2992483,-2.0862451,3.7488203,0.4353382,-0.052625656,0.89872742,0
-1.021111,6.1265659,-0.60634327,0.47069594,0.86427808,-0.17739356,0
0.45402056,-1.3218427,4.2898135,0.4353382,-0.052625656,0.89872742,0
2.5837576,3.5136087,-4.51894,0.47069594,0.86427808,-0.17739356,0
4.7750192,0.25492054,-2.823415,0.76741493,-0.50025362,-0.40102407,0
-4.6404219,-2.933357,2.3911557,-0.47069594,-0.86427808,0.17739356,0
1.625217,-6.2338142,-0.63348675,0.76741493,-0.50025362,-0.40102407,0
-0.4809804,6.0662308,0.56271267,0.47069594,0.86427808,-0.17739356,0
-1.2342049,-4.7909818,1.0648012,-0.47069594,-0.86427808,0.17739356,0
-2.1989756,-1.4396281,5.6214004,0.4353382,-0.052625656,0.89872742,0
-0.53418016,-5.8809795,-0.8096714,-0.47069594,-0.86427808,0.17739356,0
1.201087,1.4359331,4.1138654,0.4353382,-0.052625656,0.89872742,0
3.715369,1.5362799,2.6131315,0.4353382,-0.052625656,0.89872742,0
0.13845384,-5.1750774,3.1938658,-0.47069594,-0.86427808,0.17739356,0
-1.9967117,-0.73656178,-3.6813598,-0.4353382,0.052625656,-0.89872742,0
-1.331882,2.0424728,5.1151543,0.4353382,-0.052625656,0.89872742,0
2.4093251,5.2812047,3.1942921,0.47069594,0.86427808,-0.17739356,0
2.4590025,-4.8954358,-0.018223047,0.76741493,-0.50025362,-0.40102407,0
-1.3664289,4.1075106,3.2701745,-0.76741493,0.50025362,0.40102407,0
-3.5990171,4.9122529,-2.0272384,-0.76741493,0.50025362,0.40102407,0
-4.0006213,-2.710638,5.1537747,-0.47069594,-0.86427808,0.17739356,0
0.75430155,-5.7970695,2.7753272,-0.47069594,-0.86427808,0.17739356,0
-2.2269692,-3.9289229,3.4543915,-0.47069594,-0.86427808,0.17739356,0
-2.9195614,-1.5475779,5.6396461,0.4353382,-0.052625656,0.89872742,0
2.6884952,-0.38353443,-5.4199266,0.76741493,-0.50025362,-0.40102407,0
-1.1415858,6.4360838,-0.77618361,0.47069594,0.86427808,-0.17739356,0
-3.5061891,-4.1134667,-1.4881256,-0.47069594,-0.86427808,0.17739356,0
3.1285868,-3.6115274,2.7670822,0.4353382,-0.052625656,0.89872742,0
2.9432182,1.5442653,2.9080415,0.4353382,-0.052625656,0.89872742,0
0.9402926,5.9776497,3.9604487,0.47069594,0.86427808,-0.17739356,0
2.329608,-4.3559551,3.1572752,0.4353382,-0.052625656,0.89872742,0
0.8154633,1.5686486,-4.5964708,-0.4353382,0.052625656,-0.89872742,0
3.1368878,2.667304,3.2877386,0.4353382,-0.052625656,0.89872742,0
1.8336945,4.217895,3.8882954,0.4353382,-0.052625656,0.89872742,0
-2.6414671,5.2242551,-0.52022386,-0.76741493,0.50025362,0.40102407,0
4.8003521,2.9712284,-0.70091295,0.47069594,0.86427808,-0.17739356,0
5.2019806,0.017932892,1.791005,0.4353382,-0.052625656,0.89872742,0
-1.770689,6.0276074,-2.4387689,0.47069594,0.86427808,-0.17739356,0
5.1371193,0.060731649,-1.4146798,0.76741493,-0.50025362,-0.40102407,0
2.8478067,1.4724009,3.3022892,0.4353382,-0.052625656,0.89872742,0
-3.8900328,2.0283685,1.1693532,-0.76741493,0.50025362,0.40102407,0
0.55014348,-5.4689703,1.9016366,-0.47069594,-0.86427808,0.17739356,0
5.2482133,1.0186073,-2.7966547,0.76741493,-0.50025362,-0.40102407,0
1.7760867,-1.5860839,3.7010832,0.4353382,-0.052625656,0.89872742,0
1.4217497,4.0901241,-4.8113875,-0.4353382,0.052625656,-0.89872742,0
1.9848204,-4.4407244,-1.5569354,0.76741493,-0.50025362,-0.40102407,0
-1.9968238,3.7437286,2.5409718,-0.76741493,0.50025362,0.40102407,0
-1.6260073,-3.8983166,-3.9302893,-0.4353382,0.052625656,-0.89872742,0
-3.413569,-1.5580323,-2.8739738,-0.4353382,0.052625656,-0.89872742,0
-0.35735893,6.213438,1.5172086,0.47069594,0.86427808,-0.17739356,0
4.2949395,0.29773533,-3.030865,0.76741493,-0.50025362,-0.40102407,0
3.1688375,-3.8912776,0.16014302,0.76741493,-0.50025362,-0.40102407,0
4.1448107,3.4680209,0.46124506,0.47069594,0.86427808,-0.17739356,0
3.2520497,1.6719773,3.0753756,0.4353382,-0.052625656,0.89872742,0
-3.6634552,-4.1264553,-1.0900993,-0.47069594,-0.86427808,0.17739356,0
-4.6389771,-2.325655,3.6593571,-0.47069594,-0.86427808,0.17739356,0
5.810585,2.3507705,-1.7227821,0.47069594,0.86427808,-0.17739356,0
-4.9774361,-3.4663942,-2.0163832,-0.47069594,-0.86427808,0.17739356,0
3.3261406,2.597487,-6.1178713,-0.4353382,0.052625656,-0.89872742,0
-0.69597435,-3.5437713,-4.1172132,-0.4353382,0.052625656,-0.89872742,0
5.2105227,2.2765443,-2.6109614,0.47069594,0.86427808,-0.17739356,0
2.0240889,-4.3825698,-1.4368179,0.76741493,-0.50025362,-0.40102407,0
-2.0122442,-3.8039901,4.596519,-0.47069594,-0.86427808,0.17739356,0
-5.6415553,-2.1523447,2.6916223,-0.47069594,-0.86427808,0.17739356,0
-0.0019745827,-5.3931065,1.5575986,-0.47069594,-0.86427808,0.17739356,0
2.6944604,1.9133141,3.4659824,0.4353382,-0.052625656,0.89872742,0
1.0502634,-5.0229683,-2.868253,0.76741493,-0.50025362,-0.40102407,0
-6.0110273,-2.3977125,-0.33499146,-0.47069594,-0.86427808,0.17739356,0
2.2471137,4.2439899,3.7843339,0.4353382,-0.052625656,0.89872742,0
-5.1641421,-1.1065419,-1.8326714,-0.4353382,0.052625656,-0.89872742,0
-3.0225215,2.2569232,2.328784,-0.76741493,0.50025362,0.40102407,0
3.0784388,0.375916,-5.8781137,-0.4353382,0.052625656,-0.89872742,0
0.20256758,2.8475304,-4.5212145,-0.4353382,0.052625656,-0.89872742,0
2.2278063,3.8322275,-4.6102238,0.47069594,0.86427808,-0.17739356,0
1.5167098,-6.3203473,1.109262,-0.47069594,-0.86427808,0.17739356,0
-2.0308614,-2.8106687,-3.5940883,-0.4353382,0.052625656,-0.89872742,0
-1.5188298,5.8148794,0.82519674,-0.76741493,0.50025362,0.40102407,0
2.2593398,-6.6628962,2.5568547,-0.47069594,-0.86427808,0.17739356,0
-4.1704111,1.8031352,0.9907192,-0.76741493,0.50025362,0.40102407,0
3.6436789,-2.1140327,2.6731606,0.4353382,-0.052625656,0.89872742,0
4.5224361,0.45514703,2.1885893,0.4353382,-0.052625656,0.89872742,0
5.5105782,0.023856521,-0.37040758,0.76741493,-0.50025362,-0.40102407,0
-0.9800989,-2.0075409,-4.1419234,-0.4353382,0.052625656,-0.89872742,0
-2.5124388,2.0334089,4.237783,-0.76741493,0.50025362,0.40102407,0
-4.1972952,-3.1232495,2.3266897,-0.47069594,-0.86427808,0.17739356,0
4.5939031,-1.8695607,0.15594423,0.76741493,-0.50025362,-0.40102407,0
-3.4998035,-3.3188488,2.405333,-0.47069594,-0.86427808,0.17739356,0
1.0429659,5.2982078,4.1113429,0.4353382,-0.052625656,0.89872742,0
-3.8316231,-2.3384714,-2.7527726,-0.4353382,0.052625656,-0.89872742,0
2.8775978,-4.2313108,0.045718431,0.76741493,-0.50025362,-0.40102407,0
-0.15190321,-4.7296,4.0963588,-0.47069594,-0.86427808,0.17739356,0
-4.4973559,2.0822399,-0.26071909,-0.76741493,0.50025362,0.40102407,0
1.0193777,-5.9076052,3.0147128,-0.47069594,-0.86427808,0.17739356,0
-3.1092091,3.7835212,0.35635412,-0.76741493,0.50025362,0.40102407,0
6.6699924,0.28965998,0.76627016,0.76741493,-0.50025362,-0.40102407,0
5.2974091,2.8552849,-0.92893791,0.47069594,0.86427808,-0.17739356,0
-5.2794623,-1.8093745,3.4690733,-0.76741493,0.50025362,0.40102407,0
-4.3446302,-3.5679901,0.32577705,-0.47069594,-0.86427808,0.17739356,0
-3.4602079,-3.6138303,0.59687233,-0.47069594,-0.86427808,0.17739356,0
-1.8996484,3.7331707,-3.1693814,-0.4353382,0.052625656,-0.89872742,0
6.1166263,1.3729501,1.5482857,0.4353382,-0.052625656,0.89872742,0
-3.4984751,1.5456429,2.141737,-0.76741493,0.50025362,0.40102407,0
1.9345074,5.3698659,3.2571821,0.47069594,0.86427808,-0.17739356,0
-3.6821985,-1.5832844,6.0594769,0.4353382,-0.052625656,0.89872742,0
1.0606354,5.5797992,1.6973176,0.47069594,0.86427808,-0.17739356,0
4.9674945,-0.88429797,-1.0174785,0.76741493,-0.50025362,-0.40102407,0
5.6776428,-0.54698229,0.20267487,0.76741493,-0.50025362,-0.40102407,0
2.2599497,-0.62319946,-5.5794897,-0.4353382,0.052625656,-0.89872742,0
-2.8773828,6.084753,-2.2965016,-0.76741493,0.50025362,0.40102407,0
-5.3003502,-2.9257808,-2.1813605,-0.4353382,0.052625656,-0.89872742,0
3.9738975,3.8911452,1.0274062,0.47069594,0.86427808,-0.17739356,0
-1.9068569,-0.37844253,-3.3937807,-0.4353382,0.052625656,-0.89872742,0
-2.8372931,-4.2136192,-0.6181922,-0.47069594,-0.86427808,0.17739356,0
6.5413847,2.3476455,-0.02041626,0.47069594,0.86427808,-0.17739356,0
-0.16361809,-1.2748597,-4.652802,-0.4353382,0.052625656,-0.89872742,0
1.2702508,-5.4562607,-1.9327956,0.76741493,-0.50025362,-0.40102407,0
-4.7190447,-0.84198904,3.3659005,-0.76741493,0.50025362,0.40102407,0
-4.3539901,1.9729185,0.18465847,-0.76741493,0.50025362,0.40102407,0
-0.73463345,6.6398964,1.6102467,0.47069594,0.86427808,-0.17739356,0
-6.2073965,-2.9610729,-1.6644363,-0.47069594,-0.86427808,0.17739356,0
1.8152461,-2.51775,-4.1397109,0.76741493,-0.50025362,-0.40102407,0
-1.0481179,1.2463639,5.0300498,0.4353382,-0.052625656,0.89872742,0
-4.5803618,0.37509906,1.6739507,-0.76741493,0.50025362,0.40102407,0
1.8997234,5.2127228,3.011621,0.47069594,0.86427808,-0.17739356,0
-0.14411974,-4.9511557,3.993886,-0.47069594,-0.86427808,0.17739356,0
-3.6543493,2.1888595,1.5495673,-0.76741493,0.50025362,0.40102407,0
-0.7658031,-5.4531355,-4.2645369,-0.4353382,0.052625656,-0.89872742,0
4.0466094,4.2241468,2.7419136,0.47069594,0.86427808,-0.17739356,0
2.5099843,3.9745226,-1.3833561,0.47069594,0.86427808,-0.17739356,0
-3.5019975,2.2889907,-2.4317083,-0.4353382,0.052625656,-0.89872742,0
1.1268034,-6.465107,0.58570671,-0.47069594,-0.86427808,0.17739356,0
0.36334515,-4.9641862,-4.5878959,0.76741493,-0.50025362,-0.40102407,0
-4.3541346,1.4862475,-2.471869,-0.4353382,0.052625656,-0.89872742,0
1.2930083,-0.5335772,-5.2875652,-0.4353382,0.052625656,-0.89872742,0
1.0013294,-4.8961906,-3.0416422,0.76741493,-0.50025362,-0.40102407,0
-3.6801753,-0.69438982,5.066021,-0.76741493,0.50025362,0.40102407,0
6.3015056,0.20856857,1.3061142,0.4353382,-0.052625656,0.89872742,0
2.2889915,-1.8317819,-4.8523126,0.76741493,-0.50025362,-0.40102407,0
3.7679167,-0.88101053,-3.4027741,0.76741493,-0.50025362,-0.40102407,0
-2.8242564,-4.9538598,-3.1582055,-0.47069594,-0.86427808,0.17739356,0
-1.1108463,5.8657446,-1.5880241,0.47069594,0.86427808,-0.17739356,0
3.2304306,-6.0556064,2.4088163,0.76741493,-0.50025362,-0.40102407,0
-3.9469676,1.6139891,1.7852888,-0.76741493,0.50025362,0.40102407,0
5.7620058,2.506423,-1.5770607,0.47069594,0.86427808,-0.17739356,0
-2.9013855,-4.5832176,-1.1563129,-0.47069594,-0.86427808,0.17739356,0
-1.595994,-3.5857048,5.0218925,0.4353382,-0.052625656,0.89872742,0
-0.29734063,-6.1034198,-1.4463482,-0.47069594,-0.86427808,0.17739356,0
-2.2143679,1.2007399,-3.4188735,-0.4353382,0.052625656,-0.89872742,0
-4.5695076,0.45787817,1.4786847,-0.76741493,0.50025362,0.40102407,0
1.0601244,4.0233426,4.132,0.4353382,-0.052625656,0.89872742,0
2.828125,-2.5171933,-2.7580917,0.76741493,-0.50025362,-0.40102407,0
-4.1093659,-1.0672579,4.3471909,-0.76741493,0.50025362,0.40102407,0
-0.75361729,5.9815197,-1.096549,0.47069594,0.86427808,-0.17739356,0
-1.7266326,6.0628638,0.2298429,-0.76741493,0.50025362,0.40102407,0
0.014106333,-4.5286012,4.2310824,0.4353382,-0.052625656,0.89872742,0
-0.42548037,4.6727962,4.8899479,0.4353382,-0.052625656,0.89872742,0
2.8842647,3.1729534,-4.5448976,0.47069594,0.86427808,-0.17739356,0
-4.7133522,-2.7631335,-2.3484538,-0.4353382,0.052625656,-0.89872742,0
2.1784697,4.5876169,-1.0035,0.47069594,0.86427808,-0.17739356,0
-0.015346408,-0.58239222,4.2977719,0.4353382,-0.052625656,0.89872742,0
5.8190403,1.8056314,-1.9592113,0.76741493,-0.50025362,-0.40102407,0
0.1224097,0.17851925,-4.5928259,-0.4353382,0.052625656,-0.89872742,0
-0.99935651,2.2508607,5.2221403,0.4353382,-0.052625656,0.89872742,0
-3.7977276,2.7918477,0.20724562,-0.76741493,0.50025362,0.40102407,0
-2.0866654,-5.2378254,-2.5000925,-0.47069594,-0.86427808,0.17739356,0
7.1825676,1.1418211,1.0506451,0.76741493,-0.50025362,-0.40102407,0
2.0159283,-0.062537193,-5.4577551,-0.4353382,0.052625656,-0.89872742,0
2.0130696,-6.3046618,2.2666359,-0.47069594,-0.86427808,0.17739356,0
-5.3796458,-1.7593498,3.1489544,-0.76741493,0.50025362,0.40102407,0
1.1033206,6.0647459,4.2536354,0.4353382,-0.052625656,0.89872742,0
6.8220716,0.86198878,0.63075995,0.76741493,-0.50025362,-0.40102407,0
4.0180354,0.55586815,-4.3187542,0.76741493,-0.50025362,-0.40102407,0
-5.9530158,0.73068428,-1.3246772,-0.76741493,0.50025362,0.40102407,0
-0.18554807,2.8695037,4.6786056,0.4353382,-0.052625656,0.89872742,0
-4.1714582,1.5987664,1.4671699,-0.76741493,0.50025362,0.40102407,0
6.4960403,0.060117006,1.1249208,0.76741493,-0.50025362,-0.40102407,0
4.1978211,-2.9655375,2.2453945,0.4353382,-0.052625656,0.89872742,0
-6.3872051,-1.7486298,-1.6257739,-0.4353382,0.052625656,-0.89872742,0
6.1590757,1.4745858,1.3988957,0.4353382,-0.052625656,0.89872742,0
-0.82314825,4.1857939,4.1733427,-0.76741493,0.50025362,0.40102407,0
1.4218216,-3.8971756,-3.2272711,0.76741493,-0.50025362,-0.40102407,0
-0.74677801,4.0210605,4.8042316,-0.76741493,0.50025362,0.40102407,0
1.1809899,-4.4916553,3.8159828,0.4353382,-0.052625656,0.89872742,0
-0.29257023,-0.5597682,4.3738036,0.4353382,-0.052625656,0.89872742,0
-1.8657317,0.74695015,5.2546258,0.4353382,-0.052625656,0.89872742,0
-1.6372073,-5.0662956,-1.8928661,-0.47069594,-0.86427808,0.17739356,0
-2.060245,6.0600252,-0.20142126,-0.76741493,0.50025362,0.40102407,0
1.6222286,-4.6006179,-1.9478269,0.76741493,-0.50025362,-0.40102407,0
2.0982802,3.9977183,3.551038,0.4353382,-0.052625656,0.89872742,0
6.215539,1.0762782,1.6048243,0.4353382,-0.052625656,0.89872742,0
3.2206445,-3.6556091,-0.29289746,0.76741493,-0.50025362,-0.40102407,0
5.7289662,0.75633264,-1.1161993,0.76741493,-0.50025362,-0.40102407,0
3.5751412,2.5969932,-5.3012819,0.47069594,0.86427808,-0.17739356,0
2.0108876,1.929513,-5.214499,-0.4353382,0.052625656,-0.89872742,0
-4.8826618,-0.96213412,-2.2756803,-0.4353382,0.052625656,-0.89872742,0
1.3817954,5.0751157,0.34636354,0.47069594,0.86427808,-0.17739356,0
-0.38816953,-6.3190398,-3.4130001,-0.47069594,-0.86427808,0.17739356,0
-4.6224923,2.3125668,-0.85519165,-0.76741493,0.50025362,0.40102407,0
1.1292616,2.6492944,4.0634017,0.4353382,-0.052625656,0.89872742,0
2.2380373,-4.1991429,3.2568955,0.4353382,-0.052625656,0.89872742,0
0.11168718,-4.5008092,4.0977521,0.4353382,-0.052625656,0.89872742,0
-1.6705036,1.1731591,5.2395554,0.4353382,-0.052625656,0.89872742,0
1.2399572,-3.7506647,3.630775,0.4353382,-0.052625656,0.89872742,0
5.694644,0.0073525906,-0.096409321,0.76741493,-0.50025362,-0.40102407,0
2.9143863,-2.1891465,-3.0553095,0.76741493,-0.50025362,-0.40102407,0
3.6810884,0.037207603,-3.9307356,0.76741493,-0.50025362,-0.40102407,0
-4.3862505,-1.1781549,4.4485817,-0.76741493,0.50025362,0.40102407,0
3.9640586,3.6841664,0.81375265,0.47069594,0.86427808,-0.17739356,0
-4.0754852,-1.5850248,5.6196012,-0.76741493,0.50025362,0.40102407,0
-4.4436231,0.84206343,-2.3932137,-0.4353382,0.052625656,-0.89872742,0
-1.8849339,2.2514944,4.8990641,-0.76741493,0.50025362,0.40102407,0
-1.6140847,3.0368474,4.7327299,-0.76741493,0.50025362,0.40102407,0
2.4871652,-2.6384909,2.958374,0.4353382,-0.052625656,0.89872742,0
3.737361,2.9407694,-4.6120162,0.47069594,0.86427808,-0.17739356,0
-3.8737636,3.0807073,-2.4417806,-0.4353382,0.052625656,-0.89872742,0
1.1347442,0.83460069,-4.8087177,-0.4353382,0.052625656,-0.89872742,0
3.2795448,-3.5293031,-0.96371925,0.76741493,-0.50025362,-0.40102407,0
-0.56060052,5.6849298,-1.7836814,0.47069594,0.86427808,-0.17739356,0
4.0640965,-1.0771053,2.4689641,0.4353382,-0.052625656,0.89872742,0
1.27425,-3.8659823,-4.2760501,0.76741493,-0.50025362,-0.40102407,0
5.5576358,3.148514,1.3713188,0.47069594,0.86427808,-0.17739356,0
-4.4224205,0.90243292,1.6001045,-0.76741493,0.50025362,0.40102407,0
4.1481991,-1.3933735,-1.4424735,0.76741493,-0.50025362,-0.40102407,0
1.9381969,1.314801,3.5138707,0.4353382,-0.052625656,0.89872742,0
-0.76629853,6.1195526,-0.34860945,0.47069594,0.86427808,-0.17739356,0
1.4554658,-6.279089,1.0770125,-0.47069594,-0.86427808,0.17739356,0
-1.6988711,6.2606707,-2.4417319,0.47069594,0.86427808,-0.17739356,0
-0.41021991,5.294508,-2.5780797,0.47069594,0.86427808,-0.17739356,0
3.7741375,0.62494016,2.8441088,0.4353382,-0.052625656,0.89872742,0
-2.5920105,5.5534682,-3.0026147,-0.4353382,0.052625656,-0.89872742,0
2.9650307,3.1486454,-5.605763,0.47069594,0.86427808,-0.17739356,0
-1.8702388,3.4824495,2.9175198,-0.76741493,0.50025362,0.40102407,0
3.9159732,-0.63694334,-2.5423598,0.76741493,-0.50025362,-0.40102407,0
0.89344615,4.8652663,-1.5986238,0.47069594,0.86427808,-0.17739356,0
-1.0663462,5.9589148,-1.7267308,0.47069594,0.86427808,-0.17739356,0
-2.7922363,-3.8084211,1.9166846,-0.47069594,-0.86427808,0.17739356,0
-5.9590797,1.1684408,-1.6755624,-0.4353382,0.052625656,-0.89872742,0
-2.860106,1.1495993,4.4475303,-0.76741493,0.50025362,0.40102407,0
-2.5471883,-3.4638999,3.6511092,-0.47069594,-0.86427808,0.17739356,0
1.9431581,-6.5610247,0.85417175,-0.47069594,-0.86427808,0.17739356,0
0.12809896,-6.3160734,-1.7978544,-0.47069594,-0.86427808,0.17739356,0
-2.9090624,0.080714464,5.4368644,-0.76741493,0.50025362,0.40102407,0
-2.0165372,-1.078301,5.3522453,0.4353382,-0.052625656,0.89872742,0
4.8912659,-0.58543229,1.8828821,0.4353382,-0.052625656,0.89872742,0
1.326798,4.1070061,-4.6856184,-0.4353382,0.052625656,-0.89872742,0
-2.2573171,2.9930573,3.1306465,-0.76741493,0.50025362,0.40102407,0
-1.4071873,-5.7945728,-2.7571712,-0.47069594,-0.86427808,0.17739356,0
-3.0087595,5.502532,-2.5800259,-0.4353382,0.052625656,-0.89872742,0
0.71113944,0.28587699,4.0787992,0.4353382,-0.052625656,0.89872742,0
-0.6921916,-5.8724155,-4.4867525,-0.4353382,0.052625656,-0.89872742,0
2.4085474,4.601594,0.015667439,0.47069594,0.86427808,-0.17739356,0
1.9700384,5.1406856,3.9435546,0.4353382,-0.052625656,0.89872742,0
2.4729481,-2.3608651,-3.4442687,0.76741493,-0.50025362,-0.40102407,0
0.56478679,2.6036663,-4.5460949,-0.4353382,0.052625656,-0.89872742,0
3.4339676,-4.1541657,0.1083194,0.76741493,-0.50025362,-0.40102407,0
-3.106204,-1.4184582,-2.8699079,-0.4353382,0.052625656,-0.89872742,0
0.74438322,-4.1099706,3.6473527,0.4353382,-0.052625656,0.89872742,0
-0.65998554,5.4465265,-2.3492203,0.47069594,0.86427808,-0.17739356,0
-0.64635426,-1.0683973,-4.085597,-0.4353382,0.052625656,-0.89872742,0
-3.0068221,3.3981323,-2.6243014,-0.4353382,0.052625656,-0.89872742,0
-1.547235,6.3535662,-2.3864222,0.47069594,0.86427808,-0.17739356,0
-5.2168736,-2.8265738,0.82137299,-0.47069594,-0.86427808,0.17739356,0
4.2654157,2.4239368,-5.0808954,0.47069594,0.86427808,-0.17739356,0
6.4909816,0.50529718,0.99289966,0.76741493,-0.50025362,-0.40102407,0
4.6420403,-3.3967552,2.1999316,0.4353382,-0.052625656,0.89872742,0
-0.59168243,-2.8840756,4.5941887,0.4353382,-0.052625656,0.89872742,0
-0.18914795,5.8597264,-0.35079002,0.47069594,0.86427808,-0.17739356,0
2.6855438,0.64958525,3.3816085,0.4353382,-0.052625656,0.89872742,0
-3.5427828,-4.2961397,-3.0514517,-0.4353382,0.052625656,-0.89872742,0
-4.706048,1.3735182,0.44059944,-0.76741493,0.50025362,0.40102407,0
6.8775282,1.6094909,1.1283476,0.4353382,-0.052625656,0.89872742,0
1.2445701,4.6868277,-2.0686092,0.47069594,0.86427808,-0.17739356,0
-2.4379959,6.6730013,-2.1536689,-0.76741493,0.50025362,0.40102407,0
-1.2583914,0.038957119,4.9748402,0.4353382,-0.052625656,0.89872742,0
0.30322385,-5.003634,3.8426557,-0.47069594,-0.86427808,0.17739356,0
3.6539788,4.0145626,1.7736638,0.47069594,0.86427808,-0.17739356,0
0.94078887,3.2230387,4.2670398,0.4353382,-0.052625656,0.89872742,0
6.1037722,2.0908961,1.5159745,0.4353382,-0.052625656,0.89872742,0
-3.7447495,-4.3854122,-2.7054093,-0.47069594,-0.86427808,0.17739356,0
3.1167717,-0.71821141,-4.3599634,0.76741493,-0.50025362,-0.40102407,0
4.1588774,3.9078565,2.3247228,0.47069594,0.86427808,-0.17739356,0
-3.2414112,-3.1786184,-3.0425601,-0.4353382,0.052625656,-0.89872742,0
4.21173,1.8907838,-5.0669446,0.76741493,-0.50025362,-0.40102407,0
5.1071987,2.7160854,-0.95790434,0.47069594,0.86427808,-0.17739356,0
2.0545785,4.565237,-0.88702965,0.47069594,0.86427808,-0.17739356,0
-2.7764647,-4.4955316,-1.9469123,-0.47069594,-0.86427808,0.17739356,0
0.75132251,-2.8556366,-5.1285172,-0.4353382,0.052625656,-0.89872742,0
1.8400021,-5.4055176,3.0760274,0.4353382,-0.052625656,0.89872742,0
5.6115441,2.712606,1.841558,0.4353382,-0.052625656,0.89872742,0
4.8900323,-2.1783729,0.77878135,0.76741493,-0.50025362,-0.40102407,0
0.30117878,4.5180087,-4.5305338,-0.4353382,0.052625656,-0.89872742,0
-3.6406188,3.147872,-2.360014,-0.4353382,0.052625656,-0.89872742,0
3.449472,4.2688708,2.6746457,0.47069594,0.86427808,-0.17739356,0
4.0262918,3.0855825,-2.9967208,0.47069594,0.86427808,-0.17739356,0
-3.1761289,2.0559554,-2.9381311,-0.4353382,0.052625656,-0.89872742,0
-2.1287374,-4.6446748,-3.6805,-0.4353382,0.052625656,-0.89872742,0
-1.65148,-3.5803735,4.8899546,0.4353382,-0.052625656,0.89872742,0
1.4977679,4.7253079,-1.5631657,0.47069594,0.86427808,-0.17739356,0
5.1720281,3.2668476,1.0009103,0.47069594,0.86427808,-0.17739356,0
-3.3883867,-3.7094727,0.85424519,-0.47069594,-0.86427808,0.17739356,0
-0.056781232,3.6643388,-4.0957217,-0.4353382,0.052625656,-0.89872742,0
-4.5513206,-3.085578,-2.6258173,-0.4353382,0.052625656,-0.89872742,0
-2.6813726,5.2605438,0.017763615,-0.76741493,0.50025362,0.40102407,0
-2.6358829,-1.5380311,5.6688795,0.4353382,-0.052625656,0.89872742,0
-6.755013,-1.9976486,0.61898041,-0.47069594,-0.86427808,0.17739356,0
0.50564575,4.4569268,-4.6001587,-0.4353382,0.052625656,-0.89872742,0
-5.2225418,0.36112761,-1.8395847,-0.4353382,0.052625656,-0.89872742,0
0.8788228,0.63721037,-4.9636478,-0.4353382,0.052625656,-0.89872742,0
-3.8763323,-0.88785458,5.1411066,-0.76741493,0.50025362,0.40102407,0
-2.0415916,3.954206,2.396069,-0.76741493,0.50025362,0.40102407,0
2.275352,-4.9880352,-0.19011927,0.76741493,-0.50025362,-0.40102407,0
-2.4555025,-2.8347278,-3.6085751,-0.4353382,0.052625656,-0.89872742,0
-0.22328568,-6.0583034,-4.5060687,0.76741493,-0.50025362,-0.40102407,0
2.2448554,3.7367363,-4.1603837,0.47069594,0.86427808,-0.17739356,0
-2.4012549,-2.8057823,-3.2737577,-0.4353382,0.052625656,-0.89872742,0
-2.4626935,-1.4150848,5.7079611,0.4353382,-0.052625656,0.89872742,0
2.9623046,-3.5027051,-1.4331943,0.76741493,-0.50025362,-0.40102407,0
-2.1607318,1.6135107,4.7043996,-0.76741493,0.50025362,0.40102407,0
-3.7620087,2.6847029,0.72988445,-0.76741493,0.50025362,0.40102407,0
4.2234659,2.2513146,-6.1278362,0.76741493,-0.50025362,-0.40102407,0
-1.2675362,-4.5306921,2.5405192,-0.47069594,-0.86427808,0.17739356,0
0.85651445,-5.4727263,-2.9554195,0.76741493,-0.50025362,-0.40102407,0
1.7089853,0.73384523,3.7569611,0.4353382,-0.052625656,0.89872742,0
-2.8739319,6.2761178,-1.642694,-0.76741493,0.50025362,0.40102407,0
-3.4912484,-3.0810759,3.5864873,-0.47069594,-0.86427808,0.17739356,0
-6.7219386,-2.2902708,-0.32050371,-0.47069594,-0.86427808,0.17739356,0
4.6127539,-2.1815631,0.73407662,0.76741493,-0.50025362,-0.40102407,0
-0.63089824,2.4902492,4.7428002,0.4353382,-0.052625656,0.89872742,0
-2.7011971,-0.25520635,-3.1412489,-0.4353382,0.052625656,-0.89872742,0
6.6252146,2.4643838,0.32633305,0.47069594,0.86427808,-0.17739356,0
2.9459038,2.2313871,-5.8370185,-0.4353382,0.052625656,-0.89872742,0
2.187227,0.38883448,-5.2649884,-0.4353382,0.052625656,-0.89872742,0
3.1681671,4.5666056,1.4756796,0.47069594,0.86427808,-0.17739356,0
3.0389493,3.639452,-1.3682084,0.47069594,0.86427808,-0.17739356,0
1.8451285,4.1531925,-3.7434344,0.47069594,0.86427808,-0.17739356,0
4.5809455,1.2684467,-3.6067362,0.76741493,-0.50025362,-0.40102407,0
-2.0272775,-2.1869226,-3.7857881,-0.4353382,0.052625656,-0.89872742,0
-2.1471796,4.5295558,-3.3067732,-0.4353382,0.052625656,-0.89872742,0
-1.5514927,5.4552813,-3.2202625,-0.4353382,0.052625656,-0.89872742,0
-5.6601033,1.871011,-1.6235273,-0.76741493,0.50025362,0.40102407,0
1.1823268,-3.6015384,-4.438252,0.76741493,-0.50025362,-0.40102407,0
-1.6305771,4.9021549,-3.4740813,-0.4353382,0.052625656,-0.89872742,0
-2.0809515,-3.695972,3.6577411,-0.47069594,-0.86427808,0.17739356,0
-3.7065845,4.2287164,-2.3787439,-0.4353382,0.052625656,-0.89872742,0
4.1669121,-0.49601984,2.2067921,0.4353382,-0.052625656,0.89872742,0
-2.7921429,-3.5392878,3.0316434,-0.47069594,-0.86427808,0.17739356,0
5.0349917,-2.2889917,1.5470183,0.76741493,-0.50025362,-0.40102407,0
-4.7018571,1.6402303,0.26530087,-0.76741493,0.50025362,0.40102407,0
-6.0897374,-0.23458028,-0.37812543,-0.76741493,0.50025362,0.40102407,0
5.006732,3.2777834,2.0825403,0.47069594,0.86427808,-0.17739356,0
-2.8819671,4.5725732,0.34589005,-0.76741493,0.50025362,0.40102407,0
3.7356901,3.1795194,2.728313,0.4353382,-0.052625656,0.89872742,0
3.0662355,-5.571229,2.7049661,0.4353382,-0.052625656,0.89872742,0
2.9585543,-0.79120171,-4.3643751,0.76741493,-0.50025362,-0.40102407,0
3.8597388,-0.18344426,-3.6509447,0.76741493,-0.50025362,-0.40102407,0
-0.28472996,5.7850757,0.14354134,0.47069594,0.86427808,-0.17739356,0
3.3154769,-1.2425798,-3.7476597,0.76741493,-0.50025362,-0.40102407,0
-2.337224,6.0990496,-1.3207512,-0.76741493,0.50025362,0.40102407,0
0.052513123,6.1871538,2.7662277,0.47069594,0.86427808,-0.17739356,0
0.065768719,-6.0258327,-0.40687561,-0.47069594,-0.86427808,0.17739356,0
3.574146,2.9201024,-5.1740007,0.47069594,0.86427808,-0.17739356,0
0.61042279,4.6680193,-3.662034,0.47069594,0.86427808,-0.17739356,0
-1.5301781,1.2265863,-3.6029196,-0.4353382,0.052625656,-0.89872742,0
3.1011353,3.0896916,-5.420764,0.47069594,0.86427808,-0.17739356,0
7.0733857,1.9186305,-0.021413326,0.47069594,0.86427808,-0.17739356,0
0.26834607,6.0704589,1.1199863,0.47069594,0.86427808,-0.17739356,0
-0.67658472,0.86291122,4.8023777,0.4353382,-0.052625656,0.89872742,0
-4.3767977,3.3139567,-2.184068,-0.4353382,0.052625656,-0.89872742,0
-1.9844527,-1.1642573,-3.6836104,-0.4353382,0.052625656,-0.89872742,0
0.43776107,-5.8495297,1.7116647,-0.47069594,-0.86427808,0.17739356,0
4.4404955,3.9172559,2.1270289,0.47069594,0.86427808,-0.17739356,0
-4.2662864,2.7521651,-2.1679103,-0.4353382,0.052625656,-0.89872742,0
6.4272127,1.449995,-0.54616547,0.76741493,-0.50025362,-0.40102407,0
0.41764838,2.0579658,-4.6362085,-0.4353382,0.052625656,-0.89872742,0
-5.8397331,-0.55230498,-1.7123727,-0.4353382,0.052625656,-0.89872742,0
2.0601883,-3.5879593,-2.4787302,0.76741493,-0.50025362,-0.40102407,0
2.5101624,-1.0553489,3.1045759,0.4353382,-0.052625656,0.89872742,0
4.3030186,2.5919435,2.3336239,0.4353382,-0.052625656,0.89872742,0
-3.5890679,4.88906,-2.5439045,-0.4353382,0.052625656,-0.89872742,0
2.3900068,2.90168,-5.2278848,-0.4353382,0.052625656,-0.89872742,0
-4.0306416,-2.8701186,3.3673167,-0.47069594,-0.86427808,0.17739356,0
5.6066833,2.3626986,1.8086023,0.4353382,-0.052625656,0.89872742,0
2.8153045,1.4596593,3.192153,0.4353382,-0.052625656,0.89872742,0
-3.7253494,4.6925921,-2.5436556,-0.4353382,0.052625656,-0.89872742,0
-1.530179,-3.3104539,-3.8634169,-0.4353382,0.052625656,-0.89872742,0
-4.6808414,-1.8156393,4.9549966,-0.76741493,0.50025362,0.40102407,0
5.3901105,1.2152894,-2.4884443,0.76741493,-0.50025362,-0.40102407,0
-4.2725992,-2.7144599,4.1005759,-0.47069594,-0.86427808,0.17739356,0
2.3799386,-4.5276833,-0.57244396,0.76741493,-0.50025362,-0.40102407,0
2.6864967,0.25127816,3.1032665,0.4353382,-0.052625656,0.89872742,0
-1.3504877,-3.9197145,4.8967352,0.4353382,-0.052625656,0.89872742,0
6.7620277,2.0127687,0.52920914,0.47069594,0.86427808,-0.17739356,0
4.4820757,2.0477743,-4.7079005,0.76741493,-0.50025362,-0.40102407,0
-5.7915215,-2.7625816,-0.81075287,-0.47069594,-0.86427808,0.17739356,0
-5.2918067,-3.1967998,-1.918802,-0.4353382,0.052625656,-0.89872742,0
6.0797386,2.8419929,1.6900547,0.47069594,0.86427808,-0.17739356,0
1.3317814,4.9449987,0.44511938,0.47069594,0.86427808,-0.17739356,0
-3.0014005,-0.045754433,5.0698357,-0.76741493,0.50025362,0.40102407,0
-3.8858562,3.8167408,-0.83988261,-0.76741493,0.50025362,0.40102407,0
0.75425059,4.8030577,-3.8107805,0.47069594,0.86427808,-0.17739356,0
-4.8170123,-3.2336369,-0.92094851,-0.47069594,-0.86427808,0.17739356,0
-1.9316486,-0.90633345,-3.597044,-0.4353382,0.052625656,-0.89872742,0
-1.1819406,6.0708156,0.92054105,-0.76741493,0.50025362,0.40102407,0
2.3439112,-6.4036651,2.8510642,-0.47069594,-0.86427808,0.17739356,0
-2.5248935,-1.0781279,5.451437,0.4353382,-0.052625656,0.89872742,0
-0.66927147,5.5199919,2.754806,-0.76741493,0.50025362,0.40102407,0
3.1129944,4.0409241,0.54408455,0.47069594,0.86427808,-0.17739356,0
1.5270824,-6.7644258,-0.0023741722,-0.47069594,-0.86427808,0.17739356,0
-2.196193,-0.35046768,5.4884892,0.4353382,-0.052625656,0.89872742,0
-1.7608099,5.221858,0.85540795,-0.76741493,0.50025362,0.40102407,0
-1.8609586,4.2445464,2.0085306,-0.76741493,0.50025362,0.40102407,0
-2.0982218,3.0002222,3.0989499,-0.76741493,0.50025362,0.40102407,0
-1.9377804,5.1280622,1.5533559,-0.76741493,0.50025362,0.40102407,0
3.108573,0.17891908,-5.624167,0.76741493,-0.50025362,-0.40102407,0
2.8009543,-0.258111,-5.8387785,0.76741493,-0.50025362,-0.40102407,0
1.3295138,2.3618088,-4.9935188,-0.4353382,0.052625656,-0.89872742,0
-4.6510801,0.56514001,-1.9564795,-0.4353382,0.052625656,-0.89872742,0
2.2930319,3.3624024,-5.500834,-0.4353382,0.052625656,-0.89872742,0
4.5556159,1.2855033,-3.7009239,0.76741493,-0.50025362,-0.40102407,0
-0.32363462,-5.1648107,-4.7243686,-0.4353382,0.052625656,-0.89872742,0
3.1546998,-2.6466923,-2.3754795,0.76741493,-0.50025362,-0.40102407,0
-0.54652882,1.7866445,-4.2370782,-0.4353382,0.052625656,-0.89872742,0
-0.99827242,5.6783166,2.178597,-0.76741493,0.50025362,0.40102407,0
5.2399139,2.1707966,-2.8367233,0.47069594,0.86427808,-0.17739356,0
3.4860654,2.7744443,-5.0572147,0.47069594,0.86427808,-0.17739356,0
5.2349606,0.45278215,1.80062,0.4353382,-0.052625656,0.89872742,0
5.3341622,-0.98812675,0.36283684,0.76741493,-0.50025362,-0.40102407,0
