-1.2169628,-2.9178574,3.3358142,-0.45479107,-0.44327244,0.77244735,0
-4.0934291,-1.4895668,-2.0218341,-0.63749462,-0.44363052,-0.62991488,0
5.785408,0.89936352,0.33944988,0.63749462,0.44363052,0.62991488,0
-4.1952381,-0.3975203,3.2699909,-0.45479107,-0.44327244,0.77244735,0
-0.98711646,4.8057127,2.9851115,-0.62190509,0.77891052,0.080824435,0
2.5745735,-1.2559419,5.2225218,0.63749462,0.44363052,0.62991488,0
4.029398,3.1880894,-1.5035942,0.45479107,0.44327244,-0.77244735,0
0.0069589615,-5.8927836,2.5280454,-0.45479107,-0.44327244,0.77244735,0
0.18803215,-0.16590786,-5.5698252,0.45479107,0.44327244,-0.77244735,0
0.24267483,2.2895212,-4.561306,0.45479107,0.44327244,-0.77244735,0
-4.5851517,-4.0558348,0.60161448,-0.45479107,-0.44327244,0.77244735,0
-3.555923,-3.1234591,-1.3766907,-0.63749462,-0.44363052,-0.62991488,0
-3.1509478,2.5460477,4.4589672,-0.62190509,0.77891052,0.080824435,0
-6.1967497,1.0733013,0.029022694,-0.62190509,0.77891052,0.080824435,0
-3.6090736,-5.6934958,0.27384955,-0.63749462,-0.44363052,-0.62991488,0
-1.8478475,-7.2134104,0.49986386,0.62190509,-0.77891052,-0.080824435,0
5.0979729,3.0656004,-0.1768446,0.63749462,0.44363052,0.62991488,0
2.047359,4.8708615,-1.7223184,0.45479107,0.44327244,-0.77244735,0
0.48681375,-4.926816,-2.8991313,0.62190509,-0.77891052,-0.080824435,0
0.50675154,6.4689226,-0.71399462,-0.62190509,0.77891052,0.080824435,0
-1.1844555,4.1800327,3.8675544,-0.62190509,0.77891052,0.080824435,0
5.3323221,-0.75274277,2.0398254,0.63749462,0.44363052,0.62991488,0
5.2554936,2.5321195,0.23970985,0.63749462,0.44363052,0.62991488,0
-0.11131716,4.8810434,-3.1767495,0.45479107,0.44327244,-0.77244735,0
5.3763647,1.9539847,0.13342142,0.63749462,0.44363052,0.62991488,0
3.933342,-2.3577235,-0.98307705,0.62190509,-0.77891052,-0.080824435,0
4.4756951,0.99123597,2.0091646,0.63749462,0.44363052,0.62991488,0
3.3399296,3.2096334,-1.8640734,0.45479107,0.44327244,-0.77244735,0
3.4308567,-3.6220386,4.1296978,0.62190509,-0.77891052,-0.080824435,0
4.3951206,1.2747767,1.6704633,0.63749462,0.44363052,0.62991488,0
-3.1506944,1.8273084,-4.972661,-0.63749462,-0.44363052,-0.62991488,0
-2.0974827,0.45362359,4.7224169,-0.45479107,-0.44327244,0.77244735,0
6.9862933,1.6173229,-0.9332099,0.45479107,0.44327244,-0.77244735,0
-0.23146629,5.9831648,-1.992116,-0.62190509,0.77891052,0.080824435,0
-1.677318,-4.4062839,-2.5423453,-0.63749462,-0.44363052,-0.62991488,0
1.1811363,2.5031781,4.3830338,0.63749462,0.44363052,0.62991488,0
0.42209959,-2.3207169,4.6815829,-0.45479107,-0.44327244,0.77244735,0
1.1670413,5.2782965,-1.9037151,0.45479107,0.44327244,-0.77244735,0
-3.7838287,-0.26520562,-2.8784804,-0.63749462,-0.44363052,-0.62991488,0
2.5846503,-3.5874162,-0.39108586,0.62190509,-0.77891052,-0.080824435,0
1.1209569,-1.3795191,5.7335482,-0.45479107,-0.44327244,0.77244735,0
3.641654,-3.1218498,4.7106209,0.62190509,-0.77891052,-0.080824435,0
-5.5084062,-2.6972909,0.86691952,-0.45479107,-0.44327244,0.77244735,0
-0.32109368,-5.5806355,-2.3179498,0.62190509,-0.77891052,-0.080824435,0
4.7090764,3.147711,0.16014552,0.63749462,0.44363052,0.62991488,0
-0.1299634,3.7105765,-3.5407879,0.45479107,0.44327244,-0.77244735,0
-3.6009126,2.3265479,-5.062521,-0.63749462,-0.44363052,-0.62991488,0
6.2516489,1.4101992,-1.2394376,0.45479107,0.44327244,-0.77244735,0
-5.8099003,-2.2475824,0.2902379,-0.63749462,-0.44363052,-0.62991488,0
2.6283646,-4.2048221,3.6973658,0.62190509,-0.77891052,-0.080824435,0
0.59914684,2.4356985,-4.1680307,0.45479107,0.44327244,-0.77244735,0
0.40711164,3.6409659,-3.6087966,0.45479107,0.44327244,-0.77244735,0
-0.77999258,-3.0968106,3.6703334,-0.45479107,-0.44327244,0.77244735,0
2.1433618,-3.7840276,-1.060451,0.62190509,-0.77891052,-0.080824435,0
-3.3378477,2.633971,4.7123718,-0.62190509,0.77891052,0.080824435,0
-6.9215684,-1.1742039,1.1644001,-0.45479107,-0.44327244,0.77244735,0
-1.737556,0.06936866,4.6029434,-0.45479107,-0.44327244,0.77244735,0
-3.746361,-0.50626993,3.4526229,-0.45479107,-0.44327244,0.77244735,0
-4.3820467,1.831634,3.0882308,-0.62190509,0.77891052,0.080824435,0
3.564523,-0.28020036,-4.0874567,0.45479107,0.44327244,-0.77244735,0
-4.2960415,-0.91037369,2.7917125,-0.45479107,-0.44327244,0.77244735,0
5.5860662,-1.1306324,-0.054892063,0.62190509,-0.77891052,-0.080824435,0
2.9720979,-0.17135191,4.2333469,0.63749462,0.44363052,0.62991488,0
-4.5105772,2.2299919,0.49593973,-0.62190509,0.77891052,0.080824435,0
0.43195343,-3.9106007,3.7676013,-0.45479107,-0.44327244,0.77244735,0
-0.4282155,3.3726239,-3.9617982,0.45479107,0.44327244,-0.77244735,0
-6.1296954,0.94133472,-1.3130808,-0.62190509,0.77891052,0.080824435,0
1.44806,-4.2233987,4.5062733,-0.45479107,-0.44327244,0.77244735,0
4.2388616,-0.063414574,-3.2268772,0.45479107,0.44327244,-0.77244735,0
-1.0547078,4.5825605,4.2725778,-0.62190509,0.77891052,0.080824435,0
1.450923,-3.8648362,-5.3118701,0.62190509,-0.77891052,-0.080824435,0
0.44108725,0.12611508,6.2473712,-0.45479107,-0.44327244,0.77244735,0
-1.645036,-2.8691516,-3.5042238,-0.63749462,-0.44363052,-0.62991488,0
6.599359,0.23892117,-1.6430478,0.45479107,0.44327244,-0.77244735,0
1.4076471,-1.3858687,-5.9700122,0.45479107,0.44327244,-0.77244735,0
4.3273239,2.8699739,-1.4487684,0.45479107,0.44327244,-0.77244735,0
-2.7380893,3.5841057,-1.5590897,-0.62190509,0.77891052,0.080824435,0
-1.5165653,0.50230908,-6.1999807,-0.63749462,-0.44363052,-0.62991488,0
4.0012741,-2.9611769,3.7829778,0.62190509,-0.77891052,-0.080824435,0
-1.1925941,-0.04749395,5.114531,-0.45479107,-0.44327244,0.77244735,0
0.91724348,-2.8535748,4.608613,-0.45479107,-0.44327244,0.77244735,0
2.2010412,-3.8329439,-2.9637258,0.62190509,-0.77891052,-0.080824435,0
3.9823291,0.49704123,2.9092739,0.63749462,0.44363052,0.62991488,0
-0.87486076,-4.5526552,2.8645711,-0.45479107,-0.44327244,0.77244735,0
1.6945319,1.6870922,-3.6119745,0.45479107,0.44327244,-0.77244735,0
-0.74937391,-6.2427602,-0.057731867,0.62190509,-0.77891052,-0.080824435,0
-0.81899405,-6.2861447,-0.3706888,0.62190509,-0.77891052,-0.080824435,0
5.6105413,1.3885565,0.20614958,0.63749462,0.44363052,0.62991488,0
-5.4977045,1.0831697,3.1725378,-0.62190509,0.77891052,0.080824435,0
2.8058977,-2.920743,-6.0297532,0.45479107,0.44327244,-0.77244735,0
-0.37556791,4.5098629,-3.3474665,0.45479107,0.44327244,-0.77244735,0
-3.5583718,0.099936724,3.8138902,-0.45479107,-0.44327244,0.77244735,0
-5.4758539,-0.23793435,2.4507513,-0.45479107,-0.44327244,0.77244735,0
5.7477221,-1.1339679,0.45218182,0.62190509,-0.77891052,-0.080824435,0
2.138195,6.0705595,-1.1571,0.45479107,0.44327244,-0.77244735,0
2.8511021,1.4430461,3.1005023,0.63749462,0.44363052,0.62991488,0
-6.3672743,0.67743826,-0.8335743,-0.62190509,0.77891052,0.080824435,0
-2.2073379,-1.5299786,3.6740782,-0.45479107,-0.44327244,0.77244735,0
3.4547801,1.7688761,2.2267756,0.63749462,0.44363052,0.62991488,0
-1.4971733,-1.9523611,4.034718,-0.45479107,-0.44327244,0.77244735,0
-0.4739027,-6.0673947,1.9804029,-0.45479107,-0.44327244,0.77244735,0
-6.4672761,0.54036999,-0.091491699,-0.62190509,0.77891052,0.080824435,0
0.57659459,4.8274493,2.8540776,0.63749462,0.44363052,0.62991488,0
2.9655676,0.93142068,-3.6437802,0.45479107,0.44327244,-0.77244735,0
-2.246244,-6.3251095,-0.21390587,-0.63749462,-0.44363052,-0.62991488,0
2.6075494,0.10698271,4.1352739,0.63749462,0.44363052,0.62991488,0
-0.76373005,0.82733029,5.7327456,-0.45479107,-0.44327244,0.77244735,0
2.0459232,6.8241563,-0.70677912,0.45479107,0.44327244,-0.77244735,0
2.280921,-4.0411882,-0.28956294,0.62190509,-0.77891052,-0.080824435,0
-5.7310901,0.89511299,0.50196028,-0.62190509,0.77891052,0.080824435,0
3.4674561,5.2285523,0.26143664,0.63749462,0.44363052,0.62991488,0
-2.2928247,-0.036925554,-4.809309,-0.63749462,-0.44363052,-0.62991488,0
-0.18294573,-1.7139082,-5.695251,-0.63749462,-0.44363052,-0.62991488,0
0.97148848,0.16215014,6.1933036,0.63749462,0.44363052,0.62991488,0
6.6860714,1.3728104,-0.60908175,0.63749462,0.44363052,0.62991488,0
1.5536366,-0.21609378,5.8958588,0.63749462,0.44363052,0.62991488,0
2.3347845,2.8064961,3.0605679,0.63749462,0.44363052,0.62991488,0
1.1193442,-2.9159617,4.7303071,-0.45479107,-0.44327244,0.77244735,0
-3.5817142,0.7934823,-4.1252508,-0.63749462,-0.44363052,-0.62991488,0
3.9472973,3.6052957,-1.5175302,0.45479107,0.44327244,-0.77244735,0
1.5380936,7.1282501,-0.028754234,-0.62190509,0.77891052,0.080824435,0
4.5415192,0.10650921,2.2542529,0.63749462,0.44363052,0.62991488,0
0.72489929,6.2679143,0.59488618,-0.62190509,0.77891052,0.080824435,0
0.3871665,2.1441491,5.3476486,0.63749462,0.44363052,0.62991488,0
4.253408,-2.877388,4.6631536,0.63749462,0.44363052,0.62991488,0
-3.9337311,2.5352333,3.2598891,-0.62190509,0.77891052,0.080824435,0
-3.1982558,3.2556541,0.14348793,-0.62190509,0.77891052,0.080824435,0
-0.63610315,2.215745,6.1933756,0.63749462,0.44363052,0.62991488,0
3.694555,-0.71803212,4.0692773,0.63749462,0.44363052,0.62991488,0
-3.3570428,0.42205048,-4.1078281,-0.63749462,-0.44363052,-0.62991488,0
0.59764147,4.0360875,-3.2012935,0.45479107,0.44327244,-0.77244735,0
2.4195719,0.25520849,-4.0928965,0.45479107,0.44327244,-0.77244735,0
-0.12118292,4.8714299,3.9603302,0.63749462,0.44363052,0.62991488,0
1.6402909,-3.8246202,-4.3393559,0.62190509,-0.77891052,-0.080824435,0
5.9066916,1.194932,-1.7472,0.45479107,0.44327244,-0.77244735,0
-3.7501078,3.3319473,-4.4070625,-0.62190509,0.77891052,0.080824435,0
-6.7942228,0.28004742,0.80021048,-0.62190509,0.77891052,0.080824435,0
2.1924081,-3.3218341,-5.1305356,0.62190509,-0.77891052,-0.080824435,0
-1.2982826,-6.7855759,-0.13565803,0.62190509,-0.77891052,-0.080824435,0
-2.4635131,4.0814257,-1.8446987,-0.62190509,0.77891052,0.080824435,0
-2.3624134,3.3597746,4.2332358,-0.62190509,0.77891052,0.080824435,0
4.0104804,0.76249647,-3.2675555,0.45479107,0.44327244,-0.77244735,0
5.4328289,-0.022246122,-2.5385742,0.45479107,0.44327244,-0.77244735,0
-0.54912591,-1.698738,-5.2518687,-0.63749462,-0.44363052,-0.62991488,0
-2.4538612,-5.1632724,1.423327,-0.45479107,-0.44327244,0.77244735,0
-5.7174606,-2.9704788,0.57127476,-0.63749462,-0.44363052,-0.62991488,0
0.72225666,-3.8914943,-5.3023758,-0.63749462,-0.44363052,-0.62991488,0
4.3705654,2.2943492,-1.8961098,0.45479107,0.44327244,-0.77244735,0
0.31837034,-1.4701591,-6.3627911,-0.63749462,-0.44363052,-0.62991488,0
3.7275951,-1.2612784,4.0909991,0.63749462,0.44363052,0.62991488,0
5.4086022,-1.7770493,1.2485323,0.62190509,-0.77891052,-0.080824435,0
3.5094032,1.2199103,-3.0545449,0.45479107,0.44327244,-0.77244735,0
-2.6373982,-3.3237348,-2.3449621,-0.63749462,-0.44363052,-0.62991488,0
0.50056887,6.1234012,0.36011672,-0.62190509,0.77891052,0.080824435,0
-0.22841978,-5.9925933,-0.044964552,0.62190509,-0.77891052,-0.080824435,0
-1.6098007,3.9482245,3.6185412,-0.62190509,0.77891052,0.080824435,0
0.36562109,6.3481674,-0.70232105,-0.62190509,0.77891052,0.080824435,0
1.5292358,0.68730354,5.0724378,0.63749462,0.44363052,0.62991488,0
-1.7972598,3.0048938,-5.3933153,0.45479107,0.44327244,-0.77244735,0
6.0401206,1.1362734,0.086715698,0.63749462,0.44363052,0.62991488,0
-4.0835009,2.9494338,-2.3989608,-0.62190509,0.77891052,0.080824435,0
0.74586225,5.8136215,2.4765949,0.63749462,0.44363052,0.62991488,0
2.0389819,0.44994688,4.5179524,0.63749462,0.44363052,0.62991488,0
0.62799203,-4.7570138,-4.525331,-0.63749462,-0.44363052,-0.62991488,0
0.22498941,-5.6664853,1.0634851,0.62190509,-0.77891052,-0.080824435,0
-0.12309515,4.081821,4.503798,0.63749462,0.44363052,0.62991488,0
-0.65516281,-0.33880237,5.4540377,-0.45479107,-0.44327244,0.77244735,0
-5.0468311,1.7391098,-1.1927571,-0.62190509,0.77891052,0.080824435,0
3.6135261,3.7210774,-1.4096117,0.45479107,0.44327244,-0.77244735,0
2.4815102,5.020524,-1.6004481,0.45479107,0.44327244,-0.77244735,0
-3.8263788,3.3817883,-5.2937212,-0.62190509,0.77891052,0.080824435,0
-0.72628021,5.3163214,-2.3777933,-0.62190509,0.77891052,0.080824435,0
-3.9041994,0.081141949,3.3300366,-0.45479107,-0.44327244,0.77244735,0
-1.285316,4.7583017,-1.8324177,-0.62190509,0.77891052,0.080824435,0
1.8558664,6.8115234,-0.84421539,0.45479107,0.44327244,-0.77244735,0
3.0444853,-2.9122005,-4.9367347,0.62190509,-0.77891052,-0.080824435,0
1.1844773,-4.9957047,1.0305214,0.62190509,-0.77891052,-0.080824435,0
-5.4582753,-0.61270094,2.0646009,-0.45479107,-0.44327244,0.77244735,0
-1.1981196,-2.5966389,3.5151021,-0.45479107,-0.44327244,0.77244735,0
3.3341346,-2.638659,-4.7466683,0.62190509,-0.77891052,-0.080824435,0
3.5845768,-2.8334501,-1.5720682,0.62190509,-0.77891052,-0.080824435,0
-5.6119819,1.3119941,-0.28606892,-0.62190509,0.77891052,0.080824435,0
5.4540973,-0.96766496,-2.018188,0.62190509,-0.77891052,-0.080824435,0
-5.1135321,-3.7411077,0.51977134,-0.63749462,-0.44363052,-0.62991488,0
-0.33158541,4.2463245,4.2235675,0.63749462,0.44363052,0.62991488,0
3.7523518,-2.7611592,1.8266628,0.62190509,-0.77891052,-0.080824435,0
3.3612297,-3.1581831,-0.037510872,0.62190509,-0.77891052,-0.080824435,0
0.54955149,-0.62166631,5.8800392,-0.45479107,-0.44327244,0.77244735,0
1.1314465,2.4972892,3.9679418,0.63749462,0.44363052,0.62991488,0
3.1819091,4.1207142,-1.3456898,0.45479107,0.44327244,-0.77244735,0
-3.1486452,3.570796,-1.9583366,-0.62190509,0.77891052,0.080824435,0
-1.9293274,-5.142869,-1.7747253,-0.63749462,-0.44363052,-0.62991488,0
-1.9008431,-6.1068673,1.207885,-0.45479107,-0.44327244,0.77244735,0
3.2998967,1.8214231,2.5954967,0.63749462,0.44363052,0.62991488,0
-4.1946669,2.2115645,0.51599979,-0.62190509,0.77891052,0.080824435,0
-1.182991,0.0087423325,-6.1314335,-0.63749462,-0.44363052,-0.62991488,0
0.82822132,1.7069445,-4.4726639,0.45479107,0.44327244,-0.77244735,0
-3.0591016,2.2948828,-5.6214213,-0.63749462,-0.44363052,-0.62991488,0
-6.1241179,1.009479,-0.059180737,-0.62190509,0.77891052,0.080824435,0
-2.4836354,-3.3908911,2.5028224,-0.45479107,-0.44327244,0.77244735,0
-6.5239115,0.50449228,-0.59513664,-0.62190509,0.77891052,0.080824435,0
0.16966295,1.391243,-4.7976484,0.45479107,0.44327244,-0.77244735,0
-4.0127273,1.9548955,4.39961,-0.62190509,0.77891052,0.080824435,0
-1.9541826,2.7337022,6.0294366,-0.45479107,-0.44327244,0.77244735,0
1.062923,6.7504492,-1.1380773,-0.62190509,0.77891052,0.080824435,0
-0.36019707,-3.3262978,3.5623984,-0.45479107,-0.44327244,0.77244735,0
0.0017499924,5.7705126,-1.4560703,-0.62190509,0.77891052,0.080824435,0
-3.8966796,3.0682206,-2.6668186,-0.62190509,0.77891052,0.080824435,0
-2.3185463,3.6356587,2.1116602,-0.62190509,0.77891052,0.080824435,0
2.9251826,1.20948,-3.332561,0.45479107,0.44327244,-0.77244735,0
1.7950954,-4.6450019,3.0437014,0.62190509,-0.77891052,-0.080824435,0
-2.1781611,-0.56000471,4.23351,-0.45479107,-0.44327244,0.77244735,0
-1.2806106,3.2574615,-4.5061369,0.45479107,0.44327244,-0.77244735,0
3.3830361,-2.20244,5.0908804,0.63749462,0.44363052,0.62991488,0
-3.5440407,-4.929791,0.67389369,-0.45479107,-0.44327244,0.77244735,0
1.5010171,6.4190817,-1.1249342,0.45479107,0.44327244,-0.77244735,0
3.2425857,4.6960425,0.65973353,0.63749462,0.44363052,0.62991488,0
-1.6237655,4.2706566,-0.058704138,-0.62190509,0.77891052,0.080824435,0
-2.3411987,2.671304,6.1594772,-0.45479107,-0.44327244,0.77244735,0
1.62678,-2.2308474,5.2495713,-0.45479107,-0.44327244,0.77244735,0
0.94608688,6.4576249,-1.4737207,-0.62190509,0.77891052,0.080824435,0
1.2617168,-1.6780138,-5.8849368,0.45479107,0.44327244,-0.77244735,0
1.608494,-4.2569704,-2.2121487,0.62190509,-0.77891052,-0.080824435,0
3.463372,1.7000036,2.2962947,0.63749462,0.44363052,0.62991488,0
-4.5061488,1.7740108,3.3073745,-0.62190509,0.77891052,0.080824435,0
5.2596622,3.0351365,-0.60661173,0.63749462,0.44363052,0.62991488,0
0.080251217,-2.2009618,-5.3769665,-0.63749462,-0.44363052,-0.62991488,0
3.4988012,4.9117308,0.38751841,0.63749462,0.44363052,0.62991488,0
-2.3071389,0.9394812,4.8414979,-0.45479107,-0.44327244,0.77244735,0
-5.6171541,1.7789593,-2.4149885,-0.62190509,0.77891052,0.080824435,0
-6.575202,0.030491352,-0.38160419,-0.63749462,-0.44363052,-0.62991488,0
-1.5061301,-4.9085827,-1.979791,-0.63749462,-0.44363052,-0.62991488,0
0.8779788,-2.6086614,4.840147,-0.45479107,-0.44327244,0.77244735,0
-6.0803757,-0.51724052,-0.32179022,-0.63749462,-0.44363052,-0.62991488,0
3.7213731,-3.1554296,3.8401458,0.62190509,-0.77891052,-0.080824435,0
-0.058661938,-1.7600403,4.880281,-0.45479107,-0.44327244,0.77244735,0
0.39186096,6.2147565,-0.94946444,-0.62190509,0.77891052,0.080824435,0
2.5410876,0.5862608,-4.0936127,0.45479107,0.44327244,-0.77244735,0
3.6844983,-1.3818593,4.3454695,0.63749462,0.44363052,0.62991488,0
1.2777567,6.4682479,0.77977479,-0.62190509,0.77891052,0.080824435,0
1.4169116,4.3424454,-2.4266374,0.45479107,0.44327244,-0.77244735,0
-1.119276,1.1737568,-5.8007774,0.45479107,0.44327244,-0.77244735,0
1.6714134,-4.803937,3.7025516,0.62190509,-0.77891052,-0.080824435,0
4.2614884,1.5220292,-2.1963606,0.45479107,0.44327244,-0.77244735,0
3.8700213,-2.9297225,4.0800014,0.62190509,-0.77891052,-0.080824435,0
-1.2435598,-1.2416675,4.5622139,-0.45479107,-0.44327244,0.77244735,0
-6.6986895,-0.68113804,1.2582569,-0.45479107,-0.44327244,0.77244735,0
-2.9373918,0.58981407,4.6662149,-0.45479107,-0.44327244,0.77244735,0
2.2654309,5.9914184,-0.89884007,0.45479107,0.44327244,-0.77244735,0
3.5229154,5.4223609,-0.66259956,0.45479107,0.44327244,-0.77244735,0
0.54254007,6.0400248,0.062905312,-0.62190509,0.77891052,0.080824435,0
-4.0101595,2.9101062,-1.4820204,-0.62190509,0.77891052,0.080824435,0
-4.0209556,-2.8509979,-0.92428732,-0.63749462,-0.44363052,-0.62991488,0
-1.7906032,4.4660673,-1.9833012,-0.62190509,0.77891052,0.080824435,0
3.5091026,0.34323382,3.0393648,0.63749462,0.44363052,0.62991488,0
0.5158596,1.5573325,-4.4525347,0.45479107,0.44327244,-0.77244735,0
2.4120774,-4.319356,4.6514406,-0.45479107,-0.44327244,0.77244735,0
3.1638415,-0.47989607,4.5743804,0.63749462,0.44363052,0.62991488,0
2.0204029,-3.9351943,-3.6179011,0.62190509,-0.77891052,-0.080824435,0
-1.2560785,4.749814,1.612911,-0.62190509,0.77891052,0.080824435,0
2.8350136,-1.9844126,-5.3901634,0.45479107,0.44327244,-0.77244735,0
-1.6849856,-7.0963926,0.96393585,-0.45479107,-0.44327244,0.77244735,0
0.14418507,-4.8619699,3.1894572,-0.45479107,-0.44327244,0.77244735,0
3.8792033,1.3059492,2.0597661,0.63749462,0.44363052,0.62991488,0
-3.0123582,3.7134175,-3.2560928,-0.62190509,0.77891052,0.080824435,0
2.1644526,4.6134138,1.7839186,0.63749462,0.44363052,0.62991488,0
-4.4682546,0.98784351,3.9778836,-0.45479107,-0.44327244,0.77244735,0
-5.9712677,-0.66516066,-0.68740559,-0.63749462,-0.44363052,-0.62991488,0
-0.28152752,-0.9141947,-5.9950776,-0.63749462,-0.44363052,-0.62991488,0
-3.221725,2.634043,4.1911497,-0.62190509,0.77891052,0.080824435,0
3.8903086,3.3253946,1.1371591,0.63749462,0.44363052,0.62991488,0
0.58710837,1.8234973,5.4221916,0.63749462,0.44363052,0.62991488,0
1.37012,6.8609152,-0.9726758,-0.62190509,0.77891052,0.080824435,0
1.5339222,-1.6983958,5.6938157,-0.45479107,-0.44327244,0.77244735,0
-4.961937,2.2780261,-3.3932474,-0.62190509,0.77891052,0.080824435,0
0.085350245,5.3563995,3.3628068,0.63749462,0.44363052,0.62991488,0
-4.3256135,-0.57344413,-2.4127092,-0.63749462,-0.44363052,-0.62991488,0
2.3790083,-3.6903605,0.3617816,0.62190509,-0.77891052,-0.080824435,0
-5.51649,-0.11671972,-1.7950253,-0.63749462,-0.44363052,-0.62991488,0
1.8615923,6.4522362,-0.78464282,0.45479107,0.44327244,-0.77244735,0
4.5626073,-2.1607525,-0.88144588,0.62190509,-0.77891052,-0.080824435,0
6.0265031,-1.0102692,-0.83792067,0.62190509,-0.77891052,-0.080824435,0
0.23024809,3.7541716,4.5048332,0.63749462,0.44363052,0.62991488,0
0.19426847,-4.3190866,-4.5507188,-0.63749462,-0.44363052,-0.62991488,0
-7.5889368,-0.55136395,1.0863137,-0.45479107,-0.44327244,0.77244735,0
3.5342252,-3.2387583,2.295043,0.62190509,-0.77891052,-0.080824435,0
3.5508645,4.320107,-1.2815689,0.45479107,0.44327244,-0.77244735,0
-5.7966576,-2.3913264,0.20967436,-0.63749462,-0.44363052,-0.62991488,0
1.2602141,5.137105,2.2141335,0.63749462,0.44363052,0.62991488,0
2.5110412,-2.9506154,-6.2028317,0.45479107,0.44327244,-0.77244735,0
0.34206581,3.0163939,-3.9398141,0.45479107,0.44327244,-0.77244735,0
6.0921407,-1.2461572,1.3215885,0.62190509,-0.77891052,-0.080824435,0
-5.4431062,1.5392776,-2.3514972,-0.62190509,0.77891052,0.080824435,0
-1.824708,0.37309623,-5.7613726,-0.63749462,-0.44363052,-0.62991488,0
3.1882415,-0.7730664,-4.3367467,0.45479107,0.44327244,-0.77244735,0
-2.1653142,-4.8666759,1.688617,-0.45479107,-0.44327244,0.77244735,0
4.1832485,1.0264964,2.4215615,0.63749462,0.44363052,0.62991488,0
4.6034393,-1.8849769,-0.93722725,0.62190509,-0.77891052,-0.080824435,0
0.74776173,6.7313805,-1.0066603,-0.62190509,0.77891052,0.080824435,0
4.7980728,2.5174165,0.70255995,0.63749462,0.44363052,0.62991488,0
-0.51674175,-4.5089726,3.0295596,-0.45479107,-0.44327244,0.77244735,0
1.9866683,-1.0891279,-5.0284882,0.45479107,0.44327244,-0.77244735,0
-0.67509651,-1.1195751,-5.587893,-0.63749462,-0.44363052,-0.62991488,0
-4.1303086,0.65910554,-3.2358053,-0.63749462,-0.44363052,-0.62991488,0
-2.5257392,-0.21620941,-4.1849785,-0.63749462,-0.44363052,-0.62991488,0
-0.99187183,3.8331013,-4.0414095,0.45479107,0.44327244,-0.77244735,0
-1.3476607,4.2762709,4.0787735,-0.62190509,0.77891052,0.080824435,0
3.5257215,3.9019542,-1.5870135,0.45479107,0.44327244,-0.77244735,0
-0.48276424,1.5910716,-4.9708414,0.45479107,0.44327244,-0.77244735,0
3.1702359,4.9922094,-0.83955222,0.45479107,0.44327244,-0.77244735,0
0.9952929,6.102448,1.5989435,0.63749462,0.44363052,0.62991488,0
2.8863473,-3.7966888,2.4479065,0.62190509,-0.77891052,-0.080824435,0
4.325881,-0.31213045,3.2458808,0.63749462,0.44363052,0.62991488,0
-2.0362062,-7.1392803,0.66648978,-0.45479107,-0.44327244,0.77244735,0
-2.2328157,3.8796229,-0.79044771,-0.62190509,0.77891052,0.080824435,0
-0.32463312,-1.7223246,4.6174212,-0.45479107,-0.44327244,0.77244735,0
-5.8274398,1.1009238,2.0327291,-0.62190509,0.77891052,0.080824435,0
4.2425318,-2.1002822,-3.6244371,0.62190509,-0.77891052,-0.080824435,0
-0.38091707,-1.4207457,-5.5176411,-0.63749462,-0.44363052,-0.62991488,0
5.4630909,-0.93109059,-2.2317247,0.62190509,-0.77891052,-0.080824435,0
-3.890918,-0.031636715,-2.9244947,-0.63749462,-0.44363052,-0.62991488,0
2.5143657,3.6553829,2.0041766,0.63749462,0.44363052,0.62991488,0
0.71680498,-0.2134701,5.9802752,-0.45479107,-0.44327244,0.77244735,0
3.8927236,3.9746661,0.50894094,0.63749462,0.44363052,0.62991488,0
-0.77102709,-0.76037717,5.1450377,-0.45479107,-0.44327244,0.77244735,0
1.4108181,7.0882545,0.086484432,-0.62190509,0.77891052,0.080824435,0
3.0341005,-1.2186437,5.1225519,0.63749462,0.44363052,0.62991488,0
-2.217916,-0.68666697,4.3472848,-0.45479107,-0.44327244,0.77244735,0
3.9037657,1.5742128,1.9475894,0.63749462,0.44363052,0.62991488,0
-0.97934955,4.5776157,2.5909262,-0.62190509,0.77891052,0.080824435,0
-3.1626537,3.4504716,-1.920557,-0.62190509,0.77891052,0.080824435,0
-2.3299341,-3.8207333,2.2827516,-0.45479107,-0.44327244,0.77244735,0
2.1174684,4.9637618,-1.5365891,0.45479107,0.44327244,-0.77244735,0
-6.9434671,-0.55556297,1.4436164,-0.45479107,-0.44327244,0.77244735,0
-3.3858724,-0.16755795,3.7130127,-0.45479107,-0.44327244,0.77244735,0
-4.9737968,-3.7486496,0.46495795,-0.63749462,-0.44363052,-0.62991488,0
1.6263347,4.6935239,-2.008534,0.45479107,0.44327244,-0.77244735,0
-0.40403128,4.7759752,-3.1917071,0.45479107,0.44327244,-0.77244735,0
3.8426797,-2.6370022,0.74365044,0.62190509,-0.77891052,-0.080824435,0
-4.7586207,2.0936117,0.29620075,-0.62190509,0.77891052,0.080824435,0
3.2217097,-3.695821,2.9411888,0.62190509,-0.77891052,-0.080824435,0
-3.637769,1.5019279,-4.8209314,-0.63749462,-0.44363052,-0.62991488,0
4.2666011,4.8803501,-0.44177818,0.63749462,0.44363052,0.62991488,0
4.5610452,3.3636761,0.095061541,0.63749462,0.44363052,0.62991488,0
6.1270285,1.5078316,-1.2224116,0.45479107,0.44327244,-0.77244735,0
-5.9026694,1.2702503,-0.13374472,-0.62190509,0.77891052,0.080824435,0
-4.070085,2.7167532,-3.7765665,-0.62190509,0.77891052,0.080824435,0
2.826189,-2.5691545,5.9691415,0.63749462,0.44363052,0.62991488,0
1.2943616,6.4879861,1.5228548,0.63749462,0.44363052,0.62991488,0
-3.2679882,3.3896327,-1.8364918,-0.62190509,0.77891052,0.080824435,0
-2.1140654,-4.1011095,-1.847404,-0.63749462,-0.44363052,-0.62991488,0
-3.3124092,3.5014124,-1.7710605,-0.62190509,0.77891052,0.080824435,0
-6.6164813,-1.710948,1.065177,-0.63749462,-0.44363052,-0.62991488,0
-5.2520237,1.1879213,2.8028731,-0.62190509,0.77891052,0.080824435,0
-3.06919,-0.17084289,-3.9186206,-0.63749462,-0.44363052,-0.62991488,0
1.4541807,-0.68662739,6.1546946,-0.45479107,-0.44327244,0.77244735,0
-1.0383258,1.5427432,-5.4982185,0.45479107,0.44327244,-0.77244735,0
-1.0272835,-3.125865,-4.1195545,-0.63749462,-0.44363052,-0.62991488,0
1.5254831,-2.7764537,5.2995472,-0.45479107,-0.44327244,0.77244735,0
0.34779787,5.1218324,-2.540695,0.45479107,0.44327244,-0.77244735,0
0.44620752,-5.875648,1.9515051,0.62190509,-0.77891052,-0.080824435,0
4.9332824,-0.54694653,2.2540591,0.63749462,0.44363052,0.62991488,0
4.1729593,-0.28940582,-3.5467529,0.45479107,0.44327244,-0.77244735,0
1.6352737,-3.9712245,-3.9433527,0.62190509,-0.77891052,-0.080824435,0
5.6555157,1.4861646,0.67554092,0.63749462,0.44363052,0.62991488,0
-4.8102269,2.0148365,-1.7632608,-0.62190509,0.77891052,0.080824435,0
-2.202086,3.8489289,3.1419868,-0.62190509,0.77891052,0.080824435,0
0.90340233,-2.0414586,5.0768185,-0.45479107,-0.44327244,0.77244735,0
5.4153724,3.1220303,-0.23366046,0.63749462,0.44363052,0.62991488,0
0.94088316,3.2505994,-3.2991819,0.45479107,0.44327244,-0.77244735,0
-1.5863965,-4.9408703,-1.8146108,-0.63749462,-0.44363052,-0.62991488,0
5.6079345,2.4128408,-0.28448153,0.63749462,0.44363052,0.62991488,0
4.3143635,-2.6999655,1.3441815,0.62190509,-0.77891052,-0.080824435,0
5.3505034,-0.83010149,2.1322036,0.63749462,0.44363052,0.62991488,0
1.8143647,1.574749,4.11727,0.63749462,0.44363052,0.62991488,0
0.1080147,-4.0806627,-4.4623084,-0.63749462,-0.44363052,-0.62991488,0
5.7000694,0.1317029,-2.3185744,0.45479107,0.44327244,-0.77244735,0
-6.3570442,0.92837954,-0.28036642,-0.62190509,0.77891052,0.080824435,0
2.2205381,-3.7429509,-2.3178897,0.62190509,-0.77891052,-0.080824435,0
-0.78485668,-3.5775993,-3.9416447,-0.63749462,-0.44363052,-0.62991488,0
-0.85070443,2.9498072,6.0245204,0.63749462,0.44363052,0.62991488,0
2.1254959,7.4422517,-0.1714375,0.45479107,0.44327244,-0.77244735,0
-0.041735172,1.5152006,-5.0736761,0.45479107,0.44327244,-0.77244735,0
3.7800856,-3.4902658,5.0793943,0.62190509,-0.77891052,-0.080824435,0
0.93108368,0.29627967,5.6975198,0.63749462,0.44363052,0.62991488,0
-1.8365476,4.0298343,2.1314299,-0.62190509,0.77891052,0.080824435,0
2.0446372,-0.54635739,5.5442758,0.63749462,0.44363052,0.62991488,0
1.5773177,-2.1454635,5.4584732,-0.45479107,-0.44327244,0.77244735,0
4.3612738,-2.5555716,0.45535517,0.62190509,-0.77891052,-0.080824435,0
2.0839753,-3.4064045,-6.5462694,0.45479107,0.44327244,-0.77244735,0
3.6470847,4.4600763,0.56505525,0.63749462,0.44363052,0.62991488,0
-5.6163411,-2.0040798,0.17211294,-0.63749462,-0.44363052,-0.62991488,0
0.79301071,-5.0485153,-1.0323873,0.62190509,-0.77891052,-0.080824435,0
3.1866913,-3.5995579,5.3225517,0.62190509,-0.77891052,-0.080824435,0
2.1601667,6.1902027,-0.90772712,0.45479107,0.44327244,-0.77244735,0
-2.9573922,-3.9377329,-1.1777859,-0.63749462,-0.44363052,-0.62991488,0
-1.7157106,-5.4191051,1.9274855,-0.45479107,-0.44327244,0.77244735,0
3.770869,4.6806264,-0.89810479,0.45479107,0.44327244,-0.77244735,0
0.3832736,0.97606945,6.0744414,0.63749462,0.44363052,0.62991488,0
-0.93735909,-1.289929,-5.0647717,-0.63749462,-0.44363052,-0.62991488,0
-3.3398573,-1.876224,-2.1569505,-0.63749462,-0.44363052,-0.62991488,0
-2.3961196,0.28829813,-5.186389,-0.63749462,-0.44363052,-0.62991488,0
-3.7491176,-1.0402091,2.9018066,-0.45479107,-0.44327244,0.77244735,0
3.6876602,4.890583,-0.83512878,0.45479107,0.44327244,-0.77244735,0
1.4414282,-4.7437911,-0.34267855,0.62190509,-0.77891052,-0.080824435,0
0.017750263,5.9243679,-0.095987797,-0.62190509,0.77891052,0.080824435,0
2.1411438,6.5815315,-0.64374721,0.45479107,0.44327244,-0.77244735,0
1.375319,-0.25261688,-5.3198142,0.45479107,0.44327244,-0.77244735,0
-0.46435201,-3.8824649,-3.6732163,-0.63749462,-0.44363052,-0.62991488,0
3.5269611,5.1286697,-0.98989028,0.45479107,0.44327244,-0.77244735,0
0.24752188,-3.9565411,3.512867,-0.45479107,-0.44327244,0.77244735,0
1.895165,1.915585,-3.4702828,0.45479107,0.44327244,-0.77244735,0
-4.9292049,1.8611679,1.2569652,-0.62190509,0.77891052,0.080824435,0
-0.57871532,-6.5150051,0.706586,0.62190509,-0.77891052,-0.080824435,0
1.0342498,-4.5504389,-4.3598561,0.62190509,-0.77891052,-0.080824435,0
-6.5849795,0.17598057,-0.32539129,-0.63749462,-0.44363052,-0.62991488,0
-2.1189213,3.4235148,4.3810563,-0.62190509,0.77891052,0.080824435,0
-5.3024817,0.029513597,2.9323819,-0.45479107,-0.44327244,0.77244735,0
2.1071939,4.8021474,-1.6286702,0.45479107,0.44327244,-0.77244735,0
1.8522549,-4.7986584,2.571656,0.62190509,-0.77891052,-0.080824435,0
-0.16401291,5.6597786,1.2794325,-0.62190509,0.77891052,0.080824435,0
2.4898899,-4.1190977,1.6154547,0.62190509,-0.77891052,-0.080824435,0
-4.0466838,2.4912546,2.7472558,-0.62190509,0.77891052,0.080824435,0
2.0246897,3.7773051,2.3157549,0.63749462,0.44363052,0.62991488,0
6.1977177,-1.1131186,0.51150465,0.62190509,-0.77891052,-0.080824435,0
-4.6390367,1.69554,1.7806325,-0.62190509,0.77891052,0.080824435,0
-2.5169261,2.9930692,5.2555494,-0.62190509,0.77891052,0.080824435,0
-1.8629894,3.3731649,-5.240438,0.45479107,0.44327244,-0.77244735,0
-1.7724805,-7.131156,0.78625029,-0.45479107,-0.44327244,0.77244735,0
2.2515826,3.8815234,-2.1918402,0.45479107,0.44327244,-0.77244735,0
-1.8413644,1.3358444,5.3002672,-0.45479107,-0.44327244,0.77244735,0
5.5947528,-1.4998481,1.3779626,0.62190509,-0.77891052,-0.080824435,0
4.2057843,-2.354517,-1.7910252,0.62190509,-0.77891052,-0.080824435,0
3.2544594,-2.7976809,-3.1746197,0.62190509,-0.77891052,-0.080824435,0
3.923351,0.75141978,-3.0489707,0.45479107,0.44327244,-0.77244735,0
-6.5932841,-1.788105,0.51639032,-0.63749462,-0.44363052,-0.62991488,0
-1.7003641,4.4436893,-4.4320173,0.45479107,0.44327244,-0.77244735,0
-0.13432825,5.2458391,2.3909445,-0.62190509,0.77891052,0.080824435,0
-1.661171,4.6929355,-3.63624,-0.62190509,0.77891052,0.080824435,0
-5.0727072,0.011219501,-2.2577436,-0.63749462,-0.44363052,-0.62991488,0
-0.064237595,-5.8617029,-1.3558238,0.62190509,-0.77891052,-0.080824435,0
-2.3572776,4.1779346,-1.185384,-0.62190509,0.77891052,0.080824435,0
0.85932589,-1.1340486,-5.9269266,0.45479107,0.44327244,-0.77244735,0
-2.1131129,3.695035,3.2217355,-0.62190509,0.77891052,0.080824435,0
-6.7933407,-0.6451869,0.24581194,-0.63749462,-0.44363052,-0.62991488,0
-3.268523,0.63450122,-4.1028657,-0.63749462,-0.44363052,-0.62991488,0
-1.028547,-6.4844456,-1.0332543,0.62190509,-0.77891052,-0.080824435,0
-3.4231837,-0.87330985,-3.3631539,-0.63749462,-0.44363052,-0.62991488,0
2.4951682,-4.2110629,2.247993,0.62190509,-0.77891052,-0.080824435,0
-4.3604579,2.8070588,-4.2843828,-0.62190509,0.77891052,0.080824435,0
-0.36421371,4.1830444,4.2849574,0.63749462,0.44363052,0.62991488,0
-3.2283416,-2.4119768,-2.1104698,-0.63749462,-0.44363052,-0.62991488,0
4.3720202,-2.1968536,0.42145395,0.62190509,-0.77891052,-0.080824435,0
-1.7430086,4.3979025,-0.63283873,-0.62190509,0.77891052,0.080824435,0
1.7857232,-4.4003735,2.7916744,0.62190509,-0.77891052,-0.080824435,0
2.5432074,-3.8639171,2.1066914,0.62190509,-0.77891052,-0.080824435,0
2.3485732,-0.75307131,5.1598439,0.63749462,0.44363052,0.62991488,0
-2.6655545,-4.1681981,2.1224208,-0.45479107,-0.44327244,0.77244735,0
-3.6198514,3.0070632,-3.1689916,-0.62190509,0.77891052,0.080824435,0
-5.6225991,1.3116808,-2.2048459,-0.63749462,-0.44363052,-0.62991488,0
2.2629399,1.3413975,3.8525386,0.63749462,0.44363052,0.62991488,0
-5.6360002,-2.052074,0.24192142,-0.63749462,-0.44363052,-0.62991488,0
5.7697229,1.6111755,-0.059046268,0.63749462,0.44363052,0.62991488,0
-3.6744871,-4.6207662,-0.36998749,-0.63749462,-0.44363052,-0.62991488,0
2.7214046,-1.2569807,5.0518961,0.63749462,0.44363052,0.62991488,0
-1.5460163,4.2781315,0.28629923,-0.62190509,0.77891052,0.080824435,0
1.8068838,6.7062426,-1.1430668,0.45479107,0.44327244,-0.77244735,0
-0.010360241,5.2278881,-2.9173088,0.45479107,0.44327244,-0.77244735,0
-0.44237334,4.8278151,4.1072249,-0.62190509,0.77891052,0.080824435,0
7.4307165,0.56620693,-1.0429721,0.45479107,0.44327244,-0.77244735,0
-0.49164248,1.3336533,-5.4590425,0.45479107,0.44327244,-0.77244735,0
3.1482239,5.3182588,-1.0429008,0.45479107,0.44327244,-0.77244735,0
1.9374633,-3.0619843,-6.6942897,0.45479107,0.44327244,-0.77244735,0
0.63425159,-2.230484,4.7016406,-0.45479107,-0.44327244,0.77244735,0
-6.8944545,0.051458359,1.037776,-0.62190509,0.77891052,0.080824435,0
-3.0210998,-3.2302985,1.9662352,-0.45479107,-0.44327244,0.77244735,0
3.2567186,-3.4675517,4.4667349,0.62190509,-0.77891052,-0.080824435,0
-5.6562524,-0.69078445,1.9339895,-0.45479107,-0.44327244,0.77244735,0
0.91790986,6.1215711,1.8423651,0.63749462,0.44363052,0.62991488,0
2.0705078,-4.4008923,0.40290427,0.62190509,-0.77891052,-0.080824435,0
-3.6037755,3.2312486,-1.4321575,-0.62190509,0.77891052,0.080824435,0
-0.097280979,3.2622676,-3.7725,0.45479107,0.44327244,-0.77244735,0
-3.9793406,2.9083107,-3.8508282,-0.62190509,0.77891052,0.080824435,0
-2.7429073,-0.30775118,-4.1618924,-0.63749462,-0.44363052,-0.62991488,0
0.44361067,2.2484822,4.8861809,0.63749462,0.44363052,0.62991488,0
-6.3787127,0.71369219,-0.073984146,-0.62190509,0.77891052,0.080824435,0
-1.8527315,3.4119825,6.1749315,-0.62190509,0.77891052,0.080824435,0
4.5387459,0.98173118,-2.4791842,0.45479107,0.44327244,-0.77244735,0
1.4501405,5.8865433,1.2759035,0.63749462,0.44363052,0.62991488,0
3.5577831,-0.51197982,-4.0598159,0.45479107,0.44327244,-0.77244735,0
-2.4608436,-6.1315365,0.66998374,-0.45479107,-0.44327244,0.77244735,0
-2.0311766,4.1332712,-4.5823684,0.45479107,0.44327244,-0.77244735,0
1.9474263,2.6441507,-2.9572117,0.45479107,0.44327244,-0.77244735,0
2.9306655,-1.3459871,-4.8912191,0.45479107,0.44327244,-0.77244735,0
-2.7152054,3.536607,2.9197574,-0.62190509,0.77891052,0.080824435,0
1.1976546,-4.4427948,-4.8636441,0.62190509,-0.77891052,-0.080824435,0
-0.27156544,0.052404881,-5.9861555,0.45479107,0.44327244,-0.77244735,0
6.2363892,-1.0510325,1.3585486,0.62190509,-0.77891052,-0.080824435,0
-3.4890547,2.7449141,2.8986206,-0.62190509,0.77891052,0.080824435,0
5.2237949,2.3106961,0.014661312,0.63749462,0.44363052,0.62991488,0
1.2471663,3.2986066,3.2686923,0.63749462,0.44363052,0.62991488,0
4.5146065,-0.23494244,3.0473745,0.63749462,0.44363052,0.62991488,0
5.297246,0.65487432,1.0728765,0.63749462,0.44363052,0.62991488,0
5.7300634,1.3350439,-1.5008559,0.45479107,0.44327244,-0.77244735,0
1.4433227,-4.8090982,2.8352299,0.62190509,-0.77891052,-0.080824435,0
3.6860659,0.38803267,-3.6648564,0.45479107,0.44327244,-0.77244735,0
-4.2874413,0.33201981,3.4159307,-0.45479107,-0.44327244,0.77244735,0
-1.1897273,-6.9403906,0.59018278,0.62190509,-0.77891052,-0.080824435,0
0.77684927,-3.7279215,-5.5962958,-0.63749462,-0.44363052,-0.62991488,0
0.96472454,3.4659665,-3.4944453,0.45479107,0.44327244,-0.77244735,0
-0.37234437,5.0059404,3.7077658,-0.62190509,0.77891052,0.080824435,0
-5.7637548,-1.4679232,-0.47322559,-0.63749462,-0.44363052,-0.62991488,0
2.2897415,3.8795135,2.3040762,0.63749462,0.44363052,0.62991488,0
-2.6706293,1.0714895,4.7942214,-0.45479107,-0.44327244,0.77244735,0
4.527216,1.8255038,1.1679211,0.63749462,0.44363052,0.62991488,0
0.9494853,-1.1136806,-6.0157957,0.45479107,0.44327244,-0.77244735,0
-4.2929983,0.16655684,-2.8243999,-0.63749462,-0.44363052,-0.62991488,0
-0.39291859,-2.475728,4.3286648,-0.45479107,-0.44327244,0.77244735,0
1.2983532,6.9687614,-0.81111765,-0.62190509,0.77891052,0.080824435,0
0.19447565,4.9701214,-2.9002171,0.45479107,0.44327244,-0.77244735,0
-3.0583558,-4.1674595,-1.4099772,-0.63749462,-0.44363052,-0.62991488,0
4.7258368,-2.2609651,2.953259,0.62190509,-0.77891052,-0.080824435,0
-2.7378459,4.2148309,-3.6571839,-0.62190509,0.77891052,0.080824435,0
-0.13829231,-6.0676517,2.2276814,-0.45479107,-0.44327244,0.77244735,0
-6.1861176,0.45821095,-1.4840755,-0.63749462,-0.44363052,-0.62991488,0
0.72679925,-3.2133057,-5.6320019,-0.63749462,-0.44363052,-0.62991488,0
-2.5233529,1.2561421,5.3066621,-0.45479107,-0.44327244,0.77244735,0
-6.7483263,0.1441021,-0.65860033,-0.63749462,-0.44363052,-0.62991488,0
3.5075088,-0.64630055,3.7955809,0.63749462,0.44363052,0.62991488,0
-1.1824942,-1.1474378,-5.3646555,-0.63749462,-0.44363052,-0.62991488,0
-3.4863551,-1.7492723,2.8616223,-0.45479107,-0.44327244,0.77244735,0
-2.4556038,3.3205514,5.4008141,-0.62190509,0.77891052,0.080824435,0
3.5926795,1.335495,2.4232569,0.63749462,0.44363052,0.62991488,0
-2.6168313,-6.062264,0.83402836,-0.45479107,-0.44327244,0.77244735,0
-4.4900723,-4.26087,0.88249254,-0.45479107,-0.44327244,0.77244735,0
-3.2929659,2.0734401,5.2891216,-0.45479107,-0.44327244,0.77244735,0
-0.67076731,2.8801806,-4.3769388,0.45479107,0.44327244,-0.77244735,0
-0.1821475,-5.0906963,2.9951582,-0.45479107,-0.44327244,0.77244735,0
0.86419249,0.36766785,-5.07342,0.45479107,0.44327244,-0.77244735,0
-2.0257726,4.5127053,-3.2236097,-0.62190509,0.77891052,0.080824435,0
2.6573288,-3.1479843,-3.9044535,0.62190509,-0.77891052,-0.080824435,0
-2.8306794,3.9087918,-5.3034487,0.45479107,0.44327244,-0.77244735,0
4.072835,0.89967585,2.2898598,0.63749462,0.44363052,0.62991488,0
-3.4546628,-3.679076,-1.1857996,-0.63749462,-0.44363052,-0.62991488,0
5.5124602,1.9547782,0.13463211,0.63749462,0.44363052,0.62991488,0
2.8452535,-3.2487173,-2.7180519,0.62190509,-0.77891052,-0.080824435,0
2.0727596,-4.2577186,1.4022837,0.62190509,-0.77891052,-0.080824435,0
-2.4719024,4.0345154,-5.0735383,0.45479107,0.44327244,-0.77244735,0
-6.6634755,0.34080124,0.41299295,-0.62190509,0.77891052,0.080824435,0
-0.96562386,-0.044169664,-6.0635977,-0.63749462,-0.44363052,-0.62991488,0
-2.2198606,-5.2718773,-1.4250454,-0.63749462,-0.44363052,-0.62991488,0
-1.1690741,-6.6030054,1.6005193,-0.45479107,-0.44327244,0.77244735,0
4.7245922,2.0886629,0.90972996,0.63749462,0.44363052,0.62991488,0
-0.59246731,0.14153957,-5.8980494,0.45479107,0.44327244,-0.77244735,0
-3.7133665,-4.7578807,1.025287,-0.45479107,-0.44327244,0.77244735,0
-1.4080777,1.6294314,-5.551878,0.45479107,0.44327244,-0.77244735,0
-0.020133913,-5.5893192,-3.0307627,0.62190509,-0.77891052,-0.080824435,0
4.7680817,3.8706248,-0.39802122,0.63749462,0.44363052,0.62991488,0
-0.7060461,-5.8549318,2.2415116,-0.45479107,-0.44327244,0.77244735,0
-0.33725309,-4.9473462,2.7900202,-0.45479107,-0.44327244,0.77244735,0
2.8589234,-3.6310439,2.86972,0.62190509,-0.77891052,-0.080824435,0
0.11469364,-2.0177701,4.9594579,-0.45479107,-0.44327244,0.77244735,0
-5.7158599,-0.34735203,2.3851833,-0.45479107,-0.44327244,0.77244735,0
-4.9321327,-1.2231557,2.4130981,-0.45479107,-0.44327244,0.77244735,0
-2.5321131,3.9524031,-1.6283174,-0.62190509,0.77891052,0.080824435,0
-2.8252769,3.9858599,-2.13553,-0.62190509,0.77891052,0.080824435,0
2.3368671,4.1835504,1.6748666,0.63749462,0.44363052,0.62991488,0
-4.166441,0.26931047,3.4093463,-0.45479107,-0.44327244,0.77244735,0
2.0565236,-3.3864772,-6.6021872,0.45479107,0.44327244,-0.77244735,0
-0.19806957,-1.0414563,5.2394857,-0.45479107,-0.44327244,0.77244735,0
3.3058839,-2.8839209,-0.15316868,0.62190509,-0.77891052,-0.080824435,0
-6.0076365,0.74436307,2.4452648,-0.62190509,0.77891052,0.080824435,0
-1.6844163,-7.2151885,-0.52312696,0.62190509,-0.77891052,-0.080824435,0
3.1377187,-1.5271025,4.8845916,0.63749462,0.44363052,0.62991488,0
-1.1273922,4.6518044,3.1141911,-0.62190509,0.77891052,0.080824435,0
0.76602221,-3.6588798,3.9428856,-0.45479107,-0.44327244,0.77244735,0
2.0755544,6.8170872,-0.79851037,0.45479107,0.44327244,-0.77244735,0
-0.66575885,-2.0515602,-4.7157254,-0.63749462,-0.44363052,-0.62991488,0
3.0090344,0.71448672,-3.7694583,0.45479107,0.44327244,-0.77244735,0
5.4251642,0.83778501,-2.2967348,0.45479107,0.44327244,-0.77244735,0
-0.76678038,-4.4563084,2.5859215,-0.45479107,-0.44327244,0.77244735,0
2.5102186,-3.5892072,-0.71749616,0.62190509,-0.77891052,-0.080824435,0
-0.058374465,4.717979,3.8297524,0.63749462,0.44363052,0.62991488,0
