4.0130701,-4.5411358,3.1255751,0.4492898,-0.13199338,0.88358158,0
-0.69527441,-5.3877454,0.5740093,0.11590482,-0.97205478,-0.20414601,0
-3.4220605,-6.0743017,1.6273212,0.11590482,-0.97205478,-0.20414601,0
-6.7905693,4.2908993,-1.5248595,-0.4492898,0.13199338,-0.88358158,0
-2.0284784,3.6054192,6.9738197,-0.11590482,0.97205478,0.20414601,0
0.92572498,-0.79254025,5.0996733,0.4492898,-0.13199338,0.88358158,0
-4.6027207,1.9385058,2.8126307,-0.88583559,-0.19413207,0.42143559,0
-3.8499382,4.3703198,0.74376166,-0.11590482,0.97205478,0.20414601,0
-0.65828037,0.87934256,5.9425774,0.4492898,-0.13199338,0.88358158,0
4.8303428,0.92776144,3.1160369,0.4492898,-0.13199338,0.88358158,0
0.23848724,4.1063781,5.0305095,-0.11590482,0.97205478,0.20414601,0
-6.5416217,0.33856291,-1.5329708,-0.88583559,-0.19413207,0.42143559,0
3.6773076,-3.3391728,-6.0095425,0.88583559,0.19413207,-0.42143559,0
-6.2936087,2.9804173,-0.29762506,-0.88583559,-0.19413207,0.42143559,0
-3.7036023,4.5076308,0.60724163,-0.11590482,0.97205478,0.20414601,0
3.1322021,-5.3725467,2.2285314,0.11590482,-0.97205478,-0.20414601,0
-3.8792672,3.9492218,4.3452978,-0.11590482,0.97205478,0.20414601,0
4.1468077,1.1821442,-2.587713,0.88583559,0.19413207,-0.42143559,0
-0.55581737,4.192152,4.716845,-0.11590482,0.97205478,0.20414601,0
4.7719035,-4.9298921,1.1239449,0.11590482,-0.97205478,-0.20414601,0
1.3103739,-4.9376044,0.182734,0.11590482,-0.97205478,-0.20414601,0
6.2044783,-1.3228476,0.32412434,0.88583559,0.19413207,-0.42143559,0
1.1151357,-5.8878808,3.9943423,0.11590482,-0.97205478,-0.20414601,0
7.0653615,-2.0819209,1.5581753,0.88583559,0.19413207,-0.42143559,0
-5.7631845,4.6902738,-1.1292899,-0.11590482,0.97205478,0.20414601,0
-3.3059909,4.6184258,0.99457252,-0.11590482,0.97205478,0.20414601,0
6.1879396,-1.6637383,0.70573306,0.88583559,0.19413207,-0.42143559,0
-4.8613739,2.0874314,2.3383672,-0.88583559,-0.19413207,0.42143559,0
3.8602676,4.6574922,3.629401,-0.11590482,0.97205478,0.20414601,0
2.3241398,3.9864366,-5.3796773,0.88583559,0.19413207,-0.42143559,0
-6.3473625,0.86540651,-1.2433715,-0.88583559,-0.19413207,0.42143559,0
1.1914597,5.7617655,-2.2324977,-0.11590482,0.97205478,0.20414601,0
0.23909879,3.6068072,6.2922058,0.4492898,-0.13199338,0.88358158,0
4.5508971,5.498107,0.98116112,-0.11590482,0.97205478,0.20414601,0
3.0285828,-4.2196608,-3.4966455,0.11590482,-0.97205478,-0.20414601,0
-3.348974,4.3314428,-3.2077065,-0.4492898,0.13199338,-0.88358158,0
0.21438503,1.1007552,-5.7164974,-0.4492898,0.13199338,-0.88358158,0
-2.8051107,0.68832296,6.634202,-0.88583559,-0.19413207,0.42143559,0
1.9666169,-4.3125768,3.9370434,0.4492898,-0.13199338,0.88358158,0
4.9588671,0.80855864,-0.98661995,0.88583559,0.19413207,-0.42143559,0
2.2322018,-0.35040665,4.5283098,0.4492898,-0.13199338,0.88358158,0
-0.49933246,5.3055949,-0.92578787,-0.11590482,0.97205478,0.20414601,0
1.2687874,-3.3538384,-6.9400063,-0.4492898,0.13199338,-0.88358158,0
4.3697405,-0.43985224,3.4433827,0.4492898,-0.13199338,0.88358158,0
-1.3056449,5.4869161,-1.7519078,-0.11590482,0.97205478,0.20414601,0
-2.702126,-2.2723987,5.3121443,-0.88583559,-0.19413207,0.42143559,0
1.8619256,6.5137873,-4.8885603,0.88583559,0.19413207,-0.42143559,0
-5.6115079,0.21727403,0.43384647,-0.88583559,-0.19413207,0.42143559,0
5.214273,-1.6788813,-2.1160624,0.88583559,0.19413207,-0.42143559,0
0.62353873,-3.5588284,-6.4196396,-0.4492898,0.13199338,-0.88358158,0
2.6440737,5.8558254,-3.6367209,0.88583559,0.19413207,-0.42143559,0
2.0639515,-5.3635912,2.3812351,0.11590482,-0.97205478,-0.20414601,0
1.1591232,-0.7894153,5.1016932,0.4492898,-0.13199338,0.88358158,0
-4.6052895,3.3408968,-2.6574275,-0.4492898,0.13199338,-0.88358158,0
-4.327836,3.7961516,3.5169311,-0.11590482,0.97205478,0.20414601,0
-2.4316669,4.2199564,-3.9309988,-0.4492898,0.13199338,-0.88358158,0
-4.9232335,2.972235,2.8856483,-0.88583559,-0.19413207,0.42143559,0
4.4506092,-3.888905,-3.9423783,0.11590482,-0.97205478,-0.20414601,0
-2.4352486,4.3220286,-3.9865251,-0.4492898,0.13199338,-0.88358158,0
-3.7418001,-2.5990009,2.9100642,-0.88583559,-0.19413207,0.42143559,0
3.2704809,-5.5448155,3.1437807,0.11590482,-0.97205478,-0.20414601,0
-5.4160843,3.2129791,-2.3425279,-0.4492898,0.13199338,-0.88358158,0
4.7559714,-0.048119858,-1.7545762,0.88583559,0.19413207,-0.42143559,0
2.8208864,-4.9935427,3.3733776,0.4492898,-0.13199338,0.88358158,0
-5.346808,4.6144223,-1.4607519,-0.11590482,0.97205478,0.20414601,0
3.0854688,2.1213701,-4.1649537,0.88583559,0.19413207,-0.42143559,0
1.1103342,1.2679882,5.2982278,0.4492898,-0.13199338,0.88358158,0
4.6685295,0.80872804,3.5891995,0.4492898,-0.13199338,0.88358158,0
6.4406662,1.3806188,2.3855112,0.4492898,-0.13199338,0.88358158,0
4.5551152,3.670876,3.7014267,0.4492898,-0.13199338,0.88358158,0
-0.22780609,-4.3373666,-3.6197448,0.11590482,-0.97205478,-0.20414601,0
2.2225556,5.8498926,-1.2320185,-0.11590482,0.97205478,0.20414601,0
4.501399,-2.6780791,-3.2507396,0.88583559,0.19413207,-0.42143559,0
1.2560892,4.5176544,4.5861664,-0.11590482,0.97205478,0.20414601,0
3.4874494,-1.1665325,-5.0638876,0.88583559,0.19413207,-0.42143559,0
-4.9387293,4.5217748,-2.5385809,-0.4492898,0.13199338,-0.88358158,0
-5.1147289,4.7062888,-0.37102604,-0.11590482,0.97205478,0.20414601,0
4.1041708,3.9897006,4.1993647,0.4492898,-0.13199338,0.88358158,0
5.439898,0.50985616,-0.23878908,0.88583559,0.19413207,-0.42143559,0
-0.76400417,-5.4191518,0.40049028,0.11590482,-0.97205478,-0.20414601,0
-5.7178521,4.5025487,-0.17920852,-0.11590482,0.97205478,0.20414601,0
-0.18147278,-1.236094,-5.9321461,-0.4492898,0.13199338,-0.88358158,0
4.4896002,4.9310079,-0.37296295,0.88583559,0.19413207,-0.42143559,0
-3.8920674,3.8387272,4.2783504,-0.11590482,0.97205478,0.20414601,0
1.5620462,-5.7021823,3.6729319,0.11590482,-0.97205478,-0.20414601,0
-3.2165987,-5.8056526,2.4574151,-0.88583559,-0.19413207,0.42143559,0
5.1072779,3.6733725,1.0191374,0.88583559,0.19413207,-0.42143559,0
0.68726206,-5.2636089,1.6589425,0.11590482,-0.97205478,-0.20414601,0
-3.9294343,-1.3874284,2.5792084,-0.88583559,-0.19413207,0.42143559,0
4.4728899,-3.0115824,-3.7219007,0.88583559,0.19413207,-0.42143559,0
-6.4025927,-2.4584854,-2.4446669,-0.88583559,-0.19413207,0.42143559,0
-4.0236773,-0.59587592,3.0663013,-0.88583559,-0.19413207,0.42143559,0
-2.5871143,-4.5271254,3.896986,-0.88583559,-0.19413207,0.42143559,0
-1.813524,-4.3877411,-3.81515,0.11590482,-0.97205478,-0.20414601,0
-4.8295684,2.2835019,-2.7979012,-0.4492898,0.13199338,-0.88358158,0
-2.6822922,0.32488006,-4.2142062,-0.4492898,0.13199338,-0.88358158,0
3.0974612,0.81437641,4.400588,0.4492898,-0.13199338,0.88358158,0
2.3387935,4.3614626,4.4121938,-0.11590482,0.97205478,0.20414601,0
-4.1217637,-5.0944309,-2.2271824,0.11590482,-0.97205478,-0.20414601,0
3.1714044,1.5389142,-4.323863,0.88583559,0.19413207,-0.42143559,0
1.1414969,-1.8142781,-6.5895438,-0.4492898,0.13199338,-0.88358158,0
2.4695773,1.9482108,-5.4277134,0.88583559,0.19413207,-0.42143559,0
-2.7512562,-5.1798973,-0.53623688,0.11590482,-0.97205478,-0.20414601,0
0.41938734,1.40958,-5.8574276,-0.4492898,0.13199338,-0.88358158,0
-5.607502,-4.472095,-1.5160453,-0.88583559,-0.19413207,0.42143559,0
0.88284564,-1.1954048,-6.4382477,-0.4492898,0.13199338,-0.88358158,0
2.1679485,3.3833618,-6.183239,-0.4492898,0.13199338,-0.88358158,0
3.6517551,0.7171278,-3.9816189,0.88583559,0.19413207,-0.42143559,0
-5.0018854,-5.0338559,-3.8764849,-0.4492898,0.13199338,-0.88358158,0
-0.56582689,3.8185253,5.5311317,-0.11590482,0.97205478,0.20414601,0
-0.94383734,5.2359166,-1.061566,-0.11590482,0.97205478,0.20414601,0
-2.0112753,4.3227453,2.1941819,-0.11590482,0.97205478,0.20414601,0
3.1734018,4.9271998,1.9785489,-0.11590482,0.97205478,0.20414601,0
3.3540311,6.1147628,-2.4093382,0.88583559,0.19413207,-0.42143559,0
-6.3435154,4.1982055,0.22520638,-0.88583559,-0.19413207,0.42143559,0
-3.2629623,5.424829,-2.9540899,-0.11590482,0.97205478,0.20414601,0
-2.2117915,-3.3264768,-4.9364686,-0.4492898,0.13199338,-0.88358158,0
-6.1979876,-0.77935809,-1.4766998,-0.88583559,-0.19413207,0.42143559,0
-5.6084228,3.2647853,1.8328919,-0.88583559,-0.19413207,0.42143559,0
-4.3249159,-5.3744879,-0.87474108,0.11590482,-0.97205478,-0.20414601,0
-2.8866782,-0.6795696,-4.253078,-0.4492898,0.13199338,-0.88358158,0
4.3334603,-0.87874484,-2.7840464,0.88583559,0.19413207,-0.42143559,0
-2.2388361,1.0880942,6.8958926,0.4492898,-0.13199338,0.88358158,0
0.66664368,-4.5964046,-3.0982897,0.11590482,-0.97205478,-0.20414601,0
4.5696797,-4.7813811,1.2082348,0.11590482,-0.97205478,-0.20414601,0
-1.224226,2.9897671,-4.4976768,-0.4492898,0.13199338,-0.88358158,0
4.4285049,-5.0853682,1.2849178,0.11590482,-0.97205478,-0.20414601,0
-2.5022609,-4.3273726,4.8599262,-0.88583559,-0.19413207,0.42143559,0
-5.3565979,-4.5209999,-1.8368194,-0.88583559,-0.19413207,0.42143559,0
-4.648036,3.62971,3.8111694,-0.11590482,0.97205478,0.20414601,0
-5.7590318,-1.5004096,-0.74548697,-0.88583559,-0.19413207,0.42143559,0
0.98622179,2.3623109,5.3087397,0.4492898,-0.13199338,0.88358158,0
-0.5842576,-4.5689583,-3.3473282,0.11590482,-0.97205478,-0.20414601,0
3.9222713,4.568872,-1.160733,0.88583559,0.19413207,-0.42143559,0
-1.7635086,0.79673976,-4.5686746,-0.4492898,0.13199338,-0.88358158,0
-1.4244108,3.9684346,5.5048366,-0.11590482,0.97205478,0.20414601,0
-0.31787395,4.6834917,2.4290276,-0.11590482,0.97205478,0.20414601,0
2.7513762,4.9838347,-4.06041,0.88583559,0.19413207,-0.42143559,0
-5.1374106,1.4401009,1.9842725,-0.88583559,-0.19413207,0.42143559,0
-3.6514225,-3.2871289,2.6663249,-0.88583559,-0.19413207,0.42143559,0
-1.002284,2.1806977,-4.8788319,-0.4492898,0.13199338,-0.88358158,0
-5.9200559,2.6438541,-2.2065573,-0.4492898,0.13199338,-0.88358158,0
-5.4826164,2.1475585,1.5569987,-0.88583559,-0.19413207,0.42143559,0
4.0344157,-2.2424011,-4.77738,0.88583559,0.19413207,-0.42143559,0
-2.1487658,4.3188338,3.0602238,-0.11590482,0.97205478,0.20414601,0
3.4800906,3.090564,-3.5695927,0.88583559,0.19413207,-0.42143559,0
-0.80283976,0.95062256,5.9837661,0.4492898,-0.13199338,0.88358158,0
-6.3548784,0.43267781,-2.4092617,-0.4492898,0.13199338,-0.88358158,0
-5.0170183,4.5235128,-2.525403,-0.4492898,0.13199338,-0.88358158,0
1.2895037,4.9100428,2.3996432,-0.11590482,0.97205478,0.20414601,0
0.081031464,5.2387476,-0.90313596,-0.11590482,0.97205478,0.20414601,0
3.7403519,3.6715271,-2.6925514,0.88583559,0.19413207,-0.42143559,0
6.3786287,1.8736489,2.2153404,0.88583559,0.19413207,-0.42143559,0
4.752058,0.028405845,3.2171812,0.4492898,-0.13199338,0.88358158,0
-5.3301406,4.4296083,0.13201451,-0.11590482,0.97205478,0.20414601,0
4.2253494,5.7317677,-0.41365957,-0.11590482,0.97205478,0.20414601,0
-0.61250955,-5.1188674,-1.137117,0.11590482,-0.97205478,-0.20414601,0
-5.0490904,3.7136798,2.802325,-0.88583559,-0.19413207,0.42143559,0
-0.74593472,-1.8687639,5.6031332,0.4492898,-0.13199338,0.88358158,0
-5.4594622,4.8824444,-1.4887316,-0.11590482,0.97205478,0.20414601,0
-2.4993908,-5.3335714,-0.57763231,0.11590482,-0.97205478,-0.20414601,0
4.4279938,3.0089755,-0.80599642,0.88583559,0.19413207,-0.42143559,0
4.4595037,-0.52991253,-3.1313083,0.88583559,0.19413207,-0.42143559,0
-2.1506071,-1.6687946,6.4523697,-0.88583559,-0.19413207,0.42143559,0
-4.4506269,-1.3862567,1.5179143,-0.88583559,-0.19413207,0.42143559,0
1.8301275,-0.36180556,4.6211805,0.4492898,-0.13199338,0.88358158,0
-0.73262751,4.6268759,1.6937107,-0.11590482,0.97205478,0.20414601,0
3.2963734,-4.4829063,3.3794217,0.4492898,-0.13199338,0.88358158,0
1.9929597,3.1367798,4.9953485,0.4492898,-0.13199338,0.88358158,0
6.1955314,-1.7811894,2.0386078,0.4492898,-0.13199338,0.88358158,0
0.079940557,-1.5416098,-5.8399062,-0.4492898,0.13199338,-0.88358158,0
3.710531,-1.0835998,-4.4953871,0.88583559,0.19413207,-0.42143559,0
-2.9900756,-4.4535284,-4.6935563,0.11590482,-0.97205478,-0.20414601,0
3.9706955,-1.4757912,3.4938734,0.4492898,-0.13199338,0.88358158,0
3.6092045,-3.1898711,3.2709098,0.4492898,-0.13199338,0.88358158,0
4.3245173,-1.3107901,-3.014045,0.88583559,0.19413207,-0.42143559,0
4.7958817,-4.8561435,0.54944241,0.11590482,-0.97205478,-0.20414601,0
-3.4508781,-5.590919,-0.68193233,0.11590482,-0.97205478,-0.20414601,0
-5.3458385,4.5540662,0.60705543,-0.11590482,0.97205478,0.20414601,0
-2.7704673,-4.9098859,-2.6336133,0.11590482,-0.97205478,-0.20414601,0
-4.1388645,-1.1590742,2.7495801,-0.88583559,-0.19413207,0.42143559,0
-2.4814591,-2.0124578,5.7708302,-0.88583559,-0.19413207,0.42143559,0
-0.96411037,-5.8182859,5.4900613,0.4492898,-0.13199338,0.88358158,0
-3.935235,-3.3981807,1.7071543,-0.88583559,-0.19413207,0.42143559,0
-0.77447295,-1.76715,-5.4473386,-0.4492898,0.13199338,-0.88358158,0
1.5503228,4.216145,4.4237466,-0.11590482,0.97205478,0.20414601,0
-0.24276137,-3.2152486,-6.1217337,-0.4492898,0.13199338,-0.88358158,0
3.8347096,1.986015,-3.2252145,0.88583559,0.19413207,-0.42143559,0
0.58758152,-5.732595,2.588109,0.11590482,-0.97205478,-0.20414601,0
0.38300824,-4.4128094,4.7877026,0.4492898,-0.13199338,0.88358158,0
-4.572639,1.123431,3.0263488,-0.88583559,-0.19413207,0.42143559,0
-0.69209266,-1.0421377,5.8689981,0.4492898,-0.13199338,0.88358158,0
-2.1425352,1.5855055,-4.2620316,-0.4492898,0.13199338,-0.88358158,0
-6.784996,0.75495207,-1.7488347,-0.88583559,-0.19413207,0.42143559,0
1.9181172,6.0597992,-4.756731,0.88583559,0.19413207,-0.42143559,0
6.4609876,-1.0246961,0.81357265,0.88583559,0.19413207,-0.42143559,0
-3.1483724,4.5175924,-3.2306781,-0.4492898,0.13199338,-0.88358158,0
-6.0808191,-0.22394127,-2.6361628,-0.4492898,0.13199338,-0.88358158,0
-0.8807404,5.5473223,-4.2454023,-0.4492898,0.13199338,-0.88358158,0
-0.92128015,-0.18196237,-5.1779213,-0.4492898,0.13199338,-0.88358158,0
-0.32251191,0.08015573,5.9347358,0.4492898,-0.13199338,0.88358158,0
-1.8652651,4.1566181,-4.1671376,-0.4492898,0.13199338,-0.88358158,0
-0.99203563,1.9682049,-4.8097439,-0.4492898,0.13199338,-0.88358158,0
3.1446037,0.87850392,-4.4596081,0.88583559,0.19413207,-0.42143559,0
-0.70200348,2.5696859,-4.7795038,-0.4492898,0.13199338,-0.88358158,0
5.975091,1.5467772,2.8401017,0.4492898,-0.13199338,0.88358158,0
-4.1681361,4.9191122,-1.3742983,-0.11590482,0.97205478,0.20414601,0
2.6443655,-1.8547952,-7.2631989,-0.4492898,0.13199338,-0.88358158,0
-0.62311745,2.3629653,-4.977818,-0.4492898,0.13199338,-0.88358158,0
6.8663044,-2.2534461,1.9436624,0.4492898,-0.13199338,0.88358158,0
-6.3056974,2.2954452,-2.2361546,-0.4492898,0.13199338,-0.88358158,0
-1.312741,-2.2009988,-5.1720943,-0.4492898,0.13199338,-0.88358158,0
5.9318843,-4.130774,-1.0517724,0.88583559,0.19413207,-0.42143559,0
-4.9650884,-1.7213427,0.33787751,-0.88583559,-0.19413207,0.42143559,0
-0.95490777,5.0420637,-0.96821713,-0.11590482,0.97205478,0.20414601,0
1.2536756,-4.0446911,-4.6564813,0.11590482,-0.97205478,-0.20414601,0
-2.0174053,4.3667579,2.2890182,-0.11590482,0.97205478,0.20414601,0
-3.2377787,-5.7894869,1.8492794,0.11590482,-0.97205478,-0.20414601,0
-2.4820426,-3.3420916,-4.6913528,-0.4492898,0.13199338,-0.88358158,0
-2.023272,4.25495,3.3132601,-0.11590482,0.97205478,0.20414601,0
-2.3407393,1.922804,7.0752726,0.4492898,-0.13199338,0.88358158,0
-4.6641541,3.249959,3.3728874,-0.88583559,-0.19413207,0.42143559,0
-4.0160904,-5.4765534,-1.5792958,0.11590482,-0.97205478,-0.20414601,0
4.6374841,3.7568328,-0.39159942,0.88583559,0.19413207,-0.42143559,0
0.71165276,3.277705,-5.383646,-0.4492898,0.13199338,-0.88358158,0
3.7044897,2.4593046,-2.7622244,0.88583559,0.19413207,-0.42143559,0
-0.021467447,2.2347369,-5.1316342,-0.4492898,0.13199338,-0.88358158,0
-5.691577,-4.7410555,-3.6558506,-0.4492898,0.13199338,-0.88358158,0
1.6917917,-5.5133929,2.8277583,0.11590482,-0.97205478,-0.20414601,0
-5.617157,1.4784411,-2.7052045,-0.4492898,0.13199338,-0.88358158,0
2.5096402,2.0792255,-5.8191791,0.88583559,0.19413207,-0.42143559,0
-3.8268805,3.9394588,3.5429943,-0.11590482,0.97205478,0.20414601,0
0.45430899,3.3869014,-5.5449762,-0.4492898,0.13199338,-0.88358158,0
-0.97330225,-0.60028338,6.1573744,0.4492898,-0.13199338,0.88358158,0
2.2615983,5.9734359,-2.6549556,-0.11590482,0.97205478,0.20414601,0
-3.1625538,0.17117116,-4.0499282,-0.4492898,0.13199338,-0.88358158,0
-4.9759579,-0.77928042,-3.1661892,-0.4492898,0.13199338,-0.88358158,0
2.3860526,-1.8537357,-6.9498296,-0.4492898,0.13199338,-0.88358158,0
-4.65312,-1.9519346,1.272862,-0.88583559,-0.19413207,0.42143559,0
-1.6288983,3.4968476,6.8971157,0.4492898,-0.13199338,0.88358158,0
-3.4248719,3.7925992,3.6387095,-0.11590482,0.97205478,0.20414601,0
3.1797502,2.6644506,4.4353514,0.4492898,-0.13199338,0.88358158,0
-1.6380124,-1.4860892,-4.8988442,-0.4492898,0.13199338,-0.88358158,0
0.58786279,6.1661439,-3.7546716,-0.11590482,0.97205478,0.20414601,0
0.7057488,-3.9331269,-5.693018,0.11590482,-0.97205478,-0.20414601,0
2.5928736,2.7955389,-4.9318542,0.88583559,0.19413207,-0.42143559,0
-1.9445683,5.3444271,-1.6644411,-0.11590482,0.97205478,0.20414601,0
4.1469297,-0.22098753,3.6690111,0.4492898,-0.13199338,0.88358158,0
-2.3703041,-0.37405503,6.7529688,-0.88583559,-0.19413207,0.42143559,0
-3.963006,-0.12881455,3.9092083,-0.88583559,-0.19413207,0.42143559,0
6.2035432,-3.8104377,1.7203826,0.4492898,-0.13199338,0.88358158,0
-1.0293521,-0.76856828,5.9536157,0.4492898,-0.13199338,0.88358158,0
-6.0999656,-4.3839059,-3.0633237,-0.88583559,-0.19413207,0.42143559,0
1.3402295,-4.6925206,-1.9468951,0.11590482,-0.97205478,-0.20414601,0
4.0847378,-2.5795159,-4.6675806,0.88583559,0.19413207,-0.42143559,0
-0.088852406,-4.1693826,-5.5309615,0.11590482,-0.97205478,-0.20414601,0
-0.29268736,-5.9186068,2.6416521,0.11590482,-0.97205478,-0.20414601,0
3.344677,-2.1928349,3.4274364,0.4492898,-0.13199338,0.88358158,0
-4.4855108,4.2781525,-2.578691,-0.4492898,0.13199338,-0.88358158,0
4.8131104,-4.6820083,1.0326207,0.11590482,-0.97205478,-0.20414601,0
-1.6333618,-0.53683138,6.1990242,0.4492898,-0.13199338,0.88358158,0
-6.5919905,2.1441617,-0.70068502,-0.88583559,-0.19413207,0.42143559,0
0.96291888,1.3989936,-5.8100042,-0.4492898,0.13199338,-0.88358158,0
-6.1273489,4.8868246,-1.5308099,-0.11590482,0.97205478,0.20414601,0
0.2837286,-4.1354408,-4.5817142,0.11590482,-0.97205478,-0.20414601,0
2.9285746,3.456058,-4.3581953,0.88583559,0.19413207,-0.42143559,0
4.3336129,-0.58747029,-2.6842885,0.88583559,0.19413207,-0.42143559,0
-2.8822775,-2.7264614,4.9478383,-0.88583559,-0.19413207,0.42143559,0
-4.3298583,2.9888675,4.4295149,-0.88583559,-0.19413207,0.42143559,0
-1.1525128,-6.0691352,5.5592518,0.4492898,-0.13199338,0.88358158,0
0.54164386,-1.0539343,5.3813114,0.4492898,-0.13199338,0.88358158,0
0.81555331,5.0518537,1.7574127,-0.11590482,0.97205478,0.20414601,0
-6.5351038,1.5908945,-1.2808669,-0.88583559,-0.19413207,0.42143559,0
1.9411132,2.0798702,-6.3324447,-0.4492898,0.13199338,-0.88358158,0
3.0671387,-2.9054432,3.5591714,0.4492898,-0.13199338,0.88358158,0
-4.9380212,-1.3094623,-3.3737853,-0.4492898,0.13199338,-0.88358158,0
-2.1652653,-1.2041998,-4.6294684,-0.4492898,0.13199338,-0.88358158,0
2.0767579,1.8995159,-6.2974963,0.88583559,0.19413207,-0.42143559,0
0.5915302,-4.1798797,-3.7691326,0.11590482,-0.97205478,-0.20414601,0
-0.84853339,5.74471,-3.6877122,-0.11590482,0.97205478,0.20414601,0
-6.1605453,4.6076508,-0.92988408,-0.11590482,0.97205478,0.20414601,0
1.4862921,4.5690832,3.768841,-0.11590482,0.97205478,0.20414601,0
0.52858233,-1.7484972,-6.3977213,-0.4492898,0.13199338,-0.88358158,0
1.1249167,6.1735535,-3.5900578,-0.11590482,0.97205478,0.20414601,0
6.0659389,4.477078,2.7059879,0.88583559,0.19413207,-0.42143559,0
3.8383808,-1.7994514,3.2606597,0.4492898,-0.13199338,0.88358158,0
-2.1004176,4.52987,1.8364553,-0.11590482,0.97205478,0.20414601,0
-6.5664248,-0.82248336,-1.8656365,-0.88583559,-0.19413207,0.42143559,0
5.7578235,-4.907876,1.6732849,0.11590482,-0.97205478,-0.20414601,0
-1.5265678,-0.93901789,6.4586,0.4492898,-0.13199338,0.88358158,0
-5.4164758,1.6300087,1.4378092,-0.88583559,-0.19413207,0.42143559,0
4.4575367,2.0282848,3.8930306,0.4492898,-0.13199338,0.88358158,0
3.1171725,4.4349866,-2.845736,0.88583559,0.19413207,-0.42143559,0
-4.8054066,4.1689696,1.8315098,-0.11590482,0.97205478,0.20414601,0
3.5629139,3.5272446,-2.3210835,0.88583559,0.19413207,-0.42143559,0
1.5587362,-4.2606983,-2.743428,0.11590482,-0.97205478,-0.20414601,0
-1.7394743,-4.161159,-4.7181053,0.11590482,-0.97205478,-0.20414601,0
3.2546461,-0.69221127,-5.1637607,0.88583559,0.19413207,-0.42143559,0
3.4950097,5.5771127,-0.3466835,-0.11590482,0.97205478,0.20414601,0
-1.0540603,-4.7309089,5.3867283,0.4492898,-0.13199338,0.88358158,0
-2.2147923,-0.93374956,6.6354456,-0.88583559,-0.19413207,0.42143559,0
-4.2287798,-2.052243,1.9161003,-0.88583559,-0.19413207,0.42143559,0
0.98271346,3.2041106,5.447371,0.4492898,-0.13199338,0.88358158,0
6.1705995,-4.0547523,-0.85868073,0.88583559,0.19413207,-0.42143559,0
-2.7588716,1.4407132,-4.1387677,-0.4492898,0.13199338,-0.88358158,0
-0.9235127,-3.1638017,-5.8768625,-0.4492898,0.13199338,-0.88358158,0
-2.5113688,1.2967293,6.8027201,-0.88583559,-0.19413207,0.42143559,0
-3.2516651,-5.7528572,2.2586668,-0.88583559,-0.19413207,0.42143559,0
3.9243581,-4.1065521,-3.1010695,0.11590482,-0.97205478,-0.20414601,0
-1.0223418,-5.3727221,1.3773974,0.11590482,-0.97205478,-0.20414601,0
-3.5505955,-0.56625271,-3.7142591,-0.4492898,0.13199338,-0.88358158,0
6.1748171,-1.6727183,-0.058119059,0.88583559,0.19413207,-0.42143559,0
-0.13595372,-5.5360651,1.717571,0.11590482,-0.97205478,-0.20414601,0
-1.0302771,0.44538897,6.3253441,0.4492898,-0.13199338,0.88358158,0
-0.75315142,-0.78006148,5.9671359,0.4492898,-0.13199338,0.88358158,0
2.6506433,-4.097959,-3.8406477,0.11590482,-0.97205478,-0.20414601,0
-3.7578568,-1.6956395,2.7187598,-0.88583559,-0.19413207,0.42143559,0
-3.1707511,0.78895974,5.2815452,-0.88583559,-0.19413207,0.42143559,0
-1.2091507,-0.91881871,6.1187258,0.4492898,-0.13199338,0.88358158,0
-0.060239315,-3.0566788,-6.1087174,-0.4492898,0.13199338,-0.88358158,0
2.8613324,3.1267638,4.6215115,0.4492898,-0.13199338,0.88358158,0
2.9513617,4.6627746,3.6216216,-0.11590482,0.97205478,0.20414601,0
-0.66103792,1.8464066,6.1281977,0.4492898,-0.13199338,0.88358158,0
1.4093102,4.8517995,1.3926874,-0.11590482,0.97205478,0.20414601,0
0.39508194,-5.5230088,1.372764,0.11590482,-0.97205478,-0.20414601,0
1.7934211,5.7435994,-1.3131109,-0.11590482,0.97205478,0.20414601,0
5.5442109,3.204881,0.88736963,0.88583559,0.19413207,-0.42143559,0
-4.4256697,3.1252663,4.4434271,-0.88583559,-0.19413207,0.42143559,0
1.6458611,-3.5243735,4.335742,0.4492898,-0.13199338,0.88358158,0
-1.4548364,1.2377317,-4.6015887,-0.4492898,0.13199338,-0.88358158,0
2.9581585,5.4312501,-2.9380569,0.88583559,0.19413207,-0.42143559,0
4.8171659,0.68798447,-1.2305593,0.88583559,0.19413207,-0.42143559,0
-1.1338942,5.7465997,-3.4663215,-0.11590482,0.97205478,0.20414601,0
-2.0038373,3.4170952,-4.1239634,-0.4492898,0.13199338,-0.88358158,0
0.1664992,4.8918486,0.92801905,-0.11590482,0.97205478,0.20414601,0
-2.3905673,4.7725401,0.73032737,-0.11590482,0.97205478,0.20414601,0
3.3784676,-4.8403258,0.89685571,0.11590482,-0.97205478,-0.20414601,0
-3.5733552,0.93835139,4.5411372,-0.88583559,-0.19413207,0.42143559,0
5.3855467,-3.9470282,-2.4715462,0.88583559,0.19413207,-0.42143559,0
-5.6985698,3.4131732,1.1912589,-0.88583559,-0.19413207,0.42143559,0
-6.3019352,0.71361262,-1.2520169,-0.88583559,-0.19413207,0.42143559,0
2.212178,-3.5686245,-6.3832636,0.11590482,-0.97205478,-0.20414601,0
-4.4654322,-0.39040375,2.033742,-0.88583559,-0.19413207,0.42143559,0
3.6720345,4.0760856,-1.8661175,0.88583559,0.19413207,-0.42143559,0
-4.486125,-3.2943959,0.58861017,-0.88583559,-0.19413207,0.42143559,0
2.4178324,-4.1953726,-2.6062932,0.11590482,-0.97205478,-0.20414601,0
-2.77496,-0.70728207,5.2401848,-0.88583559,-0.19413207,0.42143559,0
-1.1426233,4.9785385,-0.66134512,-0.11590482,0.97205478,0.20414601,0
2.5155244,4.4342842,-4.7268281,0.88583559,0.19413207,-0.42143559,0
0.31210113,0.075727403,5.3339462,0.4492898,-0.13199338,0.88358158,0
3.8324051,4.9567032,-1.3575339,0.88583559,0.19413207,-0.42143559,0
-2.4740779,5.3462124,-1.9660711,-0.11590482,0.97205478,0.20414601,0
-5.8055425,-4.3361969,-2.6550813,-0.88583559,-0.19413207,0.42143559,0
-5.8618908,-2.7361104,-1.7674087,-0.88583559,-0.19413207,0.42143559,0
-2.0612502,-6.2057576,5.1230626,-0.88583559,-0.19413207,0.42143559,0
-5.0476184,-0.96577954,0.45672417,-0.88583559,-0.19413207,0.42143559,0
3.7705295,3.1673107,4.356102,0.4492898,-0.13199338,0.88358158,0
2.7390125,-3.5155859,-6.9023266,0.11590482,-0.97205478,-0.20414601,0
5.1765285,-2.1635199,-2.2192559,0.88583559,0.19413207,-0.42143559,0
0.62530756,0.32138357,-5.8900681,-0.4492898,0.13199338,-0.88358158,0
-5.2227011,0.21814258,0.91352606,-0.88583559,-0.19413207,0.42143559,0
-5.2970295,-2.9986415,-0.43531895,-0.88583559,-0.19413207,0.42143559,0
4.6506329,3.3918664,-0.12644577,0.88583559,0.19413207,-0.42143559,0
2.7663596,-4.5086565,3.6511612,0.4492898,-0.13199338,0.88358158,0
-0.44422948,-5.6968517,2.0657139,0.11590482,-0.97205478,-0.20414601,0
0.086648107,-5.7611556,3.8090935,0.11590482,-0.97205478,-0.20414601,0
-1.4839239,-5.8182802,5.6118722,0.4492898,-0.13199338,0.88358158,0
5.9622974,2.7128141,1.4768839,0.88583559,0.19413207,-0.42143559,0
3.9717407,5.1224666,2.2994673,-0.11590482,0.97205478,0.20414601,0
2.3310134,5.7559614,-1.6167271,-0.11590482,0.97205478,0.20414601,0
2.4414055,4.796814,3.6330652,-0.11590482,0.97205478,0.20414601,0
-0.72636831,5.7018094,-2.4331565,-0.11590482,0.97205478,0.20414601,0
3.0093579,3.2861695,-4.4806209,0.88583559,0.19413207,-0.42143559,0
-3.6817195,4.1257744,1.8187315,-0.11590482,0.97205478,0.20414601,0
1.0105891,-5.7056942,3.4723549,0.11590482,-0.97205478,-0.20414601,0
-3.1528156,-5.8848443,2.8362455,-0.88583559,-0.19413207,0.42143559,0
2.789628,-3.2495196,-7.1873417,0.88583559,0.19413207,-0.42143559,0
-5.1039505,-5.1541104,-1.3442147,-0.88583559,-0.19413207,0.42143559,0
-1.5565538,3.5891619,6.4857197,-0.11590482,0.97205478,0.20414601,0
-4.643837,-1.0777574,-3.3280053,-0.4492898,0.13199338,-0.88358158,0
4.8449149,5.2225308,2.7639234,-0.11590482,0.97205478,0.20414601,0
-0.035799503,4.1650333,4.1069298,-0.11590482,0.97205478,0.20414601,0
4.3612008,-0.14444341,-2.3413906,0.88583559,0.19413207,-0.42143559,0
-4.2780423,4.0999446,1.9932425,-0.11590482,0.97205478,0.20414601,0
-5.3585305,1.6289902,1.0276394,-0.88583559,-0.19413207,0.42143559,0
1.4876219,6.1651669,-4.8985634,-0.11590482,0.97205478,0.20414601,0
-3.0337977,4.1387501,-3.6357591,-0.4492898,0.13199338,-0.88358158,0
4.7704096,-1.9601607,3.0641999,0.4492898,-0.13199338,0.88358158,0
0.91165507,6.4577198,-4.9737263,-0.11590482,0.97205478,0.20414601,0
-4.0925422,0.059968695,3.5320346,-0.88583559,-0.19413207,0.42143559,0
-0.19879341,-5.6530218,5.1090155,0.4492898,-0.13199338,0.88358158,0
-3.9469256,1.2525841,4.0495162,-0.88583559,-0.19413207,0.42143559,0
-2.3623309,-5.0997519,-2.4726591,0.11590482,-0.97205478,-0.20414601,0
-3.980885,2.6566877,-3.0370085,-0.4492898,0.13199338,-0.88358158,0
0.94209623,-0.50128281,-6.0338387,-0.4492898,0.13199338,-0.88358158,0
2.4344876,4.607873,4.7032056,-0.11590482,0.97205478,0.20414601,0
3.9094739,-4.1175928,-2.2055464,0.11590482,-0.97205478,-0.20414601,0
2.0722775,5.2117066,1.5318168,-0.11590482,0.97205478,0.20414601,0
4.1904664,5.5040054,0.94058478,-0.11590482,0.97205478,0.20414601,0
-3.1138034,1.0808723,6.1252241,-0.88583559,-0.19413207,0.42143559,0
-5.0226107,2.0455849,2.4223289,-0.88583559,-0.19413207,0.42143559,0
0.63878369,5.5776091,-1.959035,-0.11590482,0.97205478,0.20414601,0
-0.10505033,3.9130173,4.9190526,-0.11590482,0.97205478,0.20414601,0
6.4364638,-2.6587543,0.75043774,0.88583559,0.19413207,-0.42143559,0
-1.4375775,-5.1907711,-0.092588902,0.11590482,-0.97205478,-0.20414601,0
-4.4180136,-5.6137328,-0.64856148,0.11590482,-0.97205478,-0.20414601,0
4.7190571,-4.5631242,-0.32464552,0.11590482,-0.97205478,-0.20414601,0
-0.52434897,-3.8355005,-5.6292667,0.11590482,-0.97205478,-0.20414601,0
-5.6721406,-2.1963427,-0.8320353,-0.88583559,-0.19413207,0.42143559,0
4.9962711,-2.3964486,2.9206305,0.4492898,-0.13199338,0.88358158,0
-6.2685695,-2.1186578,-2.1521063,-0.88583559,-0.19413207,0.42143559,0
2.1455345,4.6136904,4.6708994,-0.11590482,0.97205478,0.20414601,0
-5.6533957,4.5944386,-2.2003498,-0.4492898,0.13199338,-0.88358158,0
-2.7328672,-6.2261643,2.6538541,0.11590482,-0.97205478,-0.20414601,0
-4.5076885,4.657032,-1.2198595,-0.11590482,0.97205478,0.20414601,0
-1.8864148,4.9624271,0.18035641,-0.11590482,0.97205478,0.20414601,0
0.65297532,-5.862195,3.3331194,0.11590482,-0.97205478,-0.20414601,0
-6.1191673,0.74387705,-0.91975462,-0.88583559,-0.19413207,0.42143559,0
-5.7622752,-3.8899267,-3.1912045,-0.4492898,0.13199338,-0.88358158,0
5.2136078,4.886435,3.2388716,-0.11590482,0.97205478,0.20414601,0
-2.2145004,5.5280828,-3.2037416,-0.11590482,0.97205478,0.20414601,0
6.1472254,-0.013770759,2.5393381,0.4492898,-0.13199338,0.88358158,0
-2.3259716,5.2100186,-2.3693736,-0.11590482,0.97205478,0.20414601,0
1.420024,5.6098471,-5.3324366,-0.4492898,0.13199338,-0.88358158,0
6.714499,-2.2298603,0.96008527,0.88583559,0.19413207,-0.42143559,0
2.3135386,-4.4061289,-2.0626578,0.11590482,-0.97205478,-0.20414601,0
4.5165081,-1.7415075,-3.5704603,0.88583559,0.19413207,-0.42143559,0
1.0696025,-2.4610612,-6.5104017,-0.4492898,0.13199338,-0.88358158,0
-0.46305227,5.5943975,-4.5429559,-0.4492898,0.13199338,-0.88358158,0
5.2731619,3.9411008,1.3092846,0.88583559,0.19413207,-0.42143559,0
3.3434405,4.7151217,3.9586291,-0.11590482,0.97205478,0.20414601,0
3.748929,-1.4341708,-4.9771428,0.88583559,0.19413207,-0.42143559,0
0.45059061,5.8858309,-2.6232042,-0.11590482,0.97205478,0.20414601,0
3.7174587,-3.68592,-3.8903975,0.11590482,-0.97205478,-0.20414601,0
-5.4405913,3.1479871,-2.195848,-0.4492898,0.13199338,-0.88358158,0
-3.0557752,5.3221831,-2.2820115,-0.11590482,0.97205478,0.20414601,0
-2.368289,-3.0421081,5.3939695,-0.88583559,-0.19413207,0.42143559,0
0.41555572,4.1551528,5.2440033,-0.11590482,0.97205478,0.20414601,0
-2.6379862,4.1217299,4.2638121,-0.11590482,0.97205478,0.20414601,0
-2.745635,-3.3906064,-4.7226024,-0.4492898,0.13199338,-0.88358158,0
0.79626346,4.3721781,5.0339589,-0.11590482,0.97205478,0.20414601,0
-2.5081787,-4.6671152,4.4735861,-0.88583559,-0.19413207,0.42143559,0
-5.4272494,-0.88767976,-0.31994724,-0.88583559,-0.19413207,0.42143559,0
-3.5879028,4.2051406,1.8952531,-0.11590482,0.97205478,0.20414601,0
-6.8353233,3.463985,-1.3782849,-0.88583559,-0.19413207,0.42143559,0
-1.8900812,2.0976171,7.158061,0.4492898,-0.13199338,0.88358158,0
4.6940689,3.1694756,-0.34306931,0.88583559,0.19413207,-0.42143559,0
-4.1786356,3.9759676,3.9996488,-0.11590482,0.97205478,0.20414601,0
5.493782,-2.5258999,-1.5785403,0.88583559,0.19413207,-0.42143559,0
-3.7807016,-1.9706498,2.5467775,-0.88583559,-0.19413207,0.42143559,0
-1.6103492,3.2618341,7.1191101,0.4492898,-0.13199338,0.88358158,0
0.66903663,-1.8872609,-6.3049564,-0.4492898,0.13199338,-0.88358158,0
-3.4041429,4.5265718,1.6007088,-0.11590482,0.97205478,0.20414601,0
-5.1788588,-2.2632563,-0.022542,-0.88583559,-0.19413207,0.42143559,0
1.1212195,2.2999561,-5.7514482,-0.4492898,0.13199338,-0.88358158,0
-1.7406455,4.6336603,1.0168428,-0.11590482,0.97205478,0.20414601,0
-3.7308147,-4.6751556,-4.451232,0.11590482,-0.97205478,-0.20414601,0
-4.2857881,1.230473,3.4559205,-0.88583559,-0.19413207,0.42143559,0
4.2432876,3.9730506,-1.2446675,0.88583559,0.19413207,-0.42143559,0
-3.1435494,3.0129476,6.6175218,-0.88583559,-0.19413207,0.42143559,0
-4.7110462,2.9468641,3.0330505,-0.88583559,-0.19413207,0.42143559,0
1.9159346,5.6397719,-0.36374223,-0.11590482,0.97205478,0.20414601,0
-0.24468422,1.9976417,-5.1600323,-0.4492898,0.13199338,-0.88358158,0
2.9032593,1.3701637,-5.5965796,0.88583559,0.19413207,-0.42143559,0
-6.2162066,0.57672089,-2.4876204,-0.4492898,0.13199338,-0.88358158,0
3.1660314,-3.9966555,-3.177814,0.11590482,-0.97205478,-0.20414601,0
-1.2017636,0.088573158,6.1095505,0.4492898,-0.13199338,0.88358158,0
-1.3690858,-1.5326953,-5.4126873,-0.4492898,0.13199338,-0.88358158,0
2.0056117,-4.7410593,3.9058928,0.4492898,-0.13199338,0.88358158,0
-4.4209108,0.33489972,-3.4137485,-0.4492898,0.13199338,-0.88358158,0
4.606607,3.8295083,-0.35494661,0.88583559,0.19413207,-0.42143559,0
0.47198343,-1.0455724,-6.0905824,-0.4492898,0.13199338,-0.88358158,0
-4.4984694,4.6509175,-0.86294818,-0.11590482,0.97205478,0.20414601,0
2.3214567,4.2015204,-4.6624765,0.88583559,0.19413207,-0.42143559,0
3.7248123,-5.0920234,3.0611255,0.4492898,-0.13199338,0.88358158,0
-5.378099,-0.62057883,-2.8559754,-0.4492898,0.13199338,-0.88358158,0
-2.0903003,5.2451258,-1.4206744,-0.11590482,0.97205478,0.20414601,0
5.2037249,5.2614074,2.4391305,-0.11590482,0.97205478,0.20414601,0
2.4106252,-4.8284497,-0.43625879,0.11590482,-0.97205478,-0.20414601,0
-6.1062555,3.8703144,0.67688918,-0.88583559,-0.19413207,0.42143559,0
-0.75597477,2.6410556,6.5841861,0.4492898,-0.13199338,0.88358158,0
-2.9790688,-2.7122128,-4.5193796,-0.4492898,0.13199338,-0.88358158,0
-1.9307361,-5.0948772,5.5995741,-0.88583559,-0.19413207,0.42143559,0
-4.2752123,-2.896523,1.668165,-0.88583559,-0.19413207,0.42143559,0
2.6233392,4.9644194,-3.8642931,0.88583559,0.19413207,-0.42143559,0
0.045549631,4.3136334,4.3016686,-0.11590482,0.97205478,0.20414601,0
5.4309983,0.73637998,-0.28070951,0.88583559,0.19413207,-0.42143559,0
2.5005701,4.857275,2.3245797,-0.11590482,0.97205478,0.20414601,0
-0.21913362,3.5784044,6.29669,0.4492898,-0.13199338,0.88358158,0
-6.6934862,2.3094666,-0.95247376,-0.88583559,-0.19413207,0.42143559,0
-2.3089619,-1.3142943,-4.7806129,-0.4492898,0.13199338,-0.88358158,0
-6.479229,3.834769,-1.9559058,-0.4492898,0.13199338,-0.88358158,0
-4.7800136,3.4121616,3.1367326,-0.88583559,-0.19413207,0.42143559,0
0.51629758,-1.1373034,-6.0181503,-0.4492898,0.13199338,-0.88358158,0
2.967186,3.1225224,4.4230967,0.4492898,-0.13199338,0.88358158,0
4.3126569,2.8752944,-1.8732219,0.88583559,0.19413207,-0.42143559,0
-4.1570826,-5.6070361,0.1536355,-0.88583559,-0.19413207,0.42143559,0
6.5009918,1.333662,2.5591161,0.88583559,0.19413207,-0.42143559,0
4.7273245,4.5869875,0.31504989,0.88583559,0.19413207,-0.42143559,0
-2.1379163,2.0127213,-4.1500158,-0.4492898,0.13199338,-0.88358158,0
3.9763548,3.9978917,-1.5918827,0.88583559,0.19413207,-0.42143559,0
-4.5026922,-5.4563589,-0.58222175,0.11590482,-0.97205478,-0.20414601,0
4.1355963,1.0627371,-2.9100308,0.88583559,0.19413207,-0.42143559,0
-6.7290096,3.5972195,-1.8590076,-0.4492898,0.13199338,-0.88358158,0
-5.4384227,3.3074164,2.0901184,-0.88583559,-0.19413207,0.42143559,0
1.2466927,-0.54976952,-6.4346671,-0.4492898,0.13199338,-0.88358158,0
0.84442878,-3.114068,-6.3614779,-0.4492898,0.13199338,-0.88358158,0
3.9401996,-5.1728463,2.4468844,0.11590482,-0.97205478,-0.20414601,0
3.5058725,-4.6658773,0.55718631,0.11590482,-0.97205478,-0.20414601,0
-4.6504407,2.4748697,-2.9583912,-0.4492898,0.13199338,-0.88358158,0
3.3433104,-4.1778879,-1.8775656,0.11590482,-0.97205478,-0.20414601,0
2.0456953,4.7312312,3.6907072,-0.11590482,0.97205478,0.20414601,0
3.3948629,-0.97197139,-4.8767176,0.88583559,0.19413207,-0.42143559,0
1.4484015,-1.7343212,4.5700917,0.4492898,-0.13199338,0.88358158,0
-6.0310011,-2.8805201,-2.4009891,-0.88583559,-0.19413207,0.42143559,0
-4.8498564,0.70647228,-3.1127269,-0.4492898,0.13199338,-0.88358158,0
5.754631,1.0293181,0.56340575,0.88583559,0.19413207,-0.42143559,0
-1.0643731,-4.6484904,-2.1993489,0.11590482,-0.97205478,-0.20414601,0
0.08215332,4.7845984,-5.1174946,-0.4492898,0.13199338,-0.88358158,0
-0.67036963,1.2856905,6.4077687,0.4492898,-0.13199338,0.88358158,0
-5.1335316,-1.4398882,-3.0468812,-0.4492898,0.13199338,-0.88358158,0
3.0807345,0.47120911,4.0436568,0.4492898,-0.13199338,0.88358158,0
-0.084789753,-3.486599,5.0307961,0.4492898,-0.13199338,0.88358158,0
-3.0099735,2.5895929,-3.9172895,-0.4492898,0.13199338,-0.88358158,0
5.0405679,0.71271771,-0.84291959,0.88583559,0.19413207,-0.42143559,0
-2.1350279,1.6046776,7.1312356,0.4492898,-0.13199338,0.88358158,0
4.6882167,-0.63765681,-2.6981199,0.88583559,0.19413207,-0.42143559,0
-5.2635026,-1.9877198,-0.16785979,-0.88583559,-0.19413207,0.42143559,0
5.7193766,-0.88679308,2.5106175,0.4492898,-0.13199338,0.88358158,0
-1.4119895,-5.1796303,-1.5176625,0.11590482,-0.97205478,-0.20414601,0
6.1227331,-4.4024301,1.667829,0.4492898,-0.13199338,0.88358158,0
0.81092989,-4.3810182,-4.0540748,0.11590482,-0.97205478,-0.20414601,0
3.6060593,-2.2226334,3.5035076,0.4492898,-0.13199338,0.88358158,0
2.7620323,-1.2824398,-6.4330893,0.88583559,0.19413207,-0.42143559,0
3.4970093,-3.729341,-4.189395,0.11590482,-0.97205478,-0.20414601,0
4.8723254,3.5897026,3.5764,0.4492898,-0.13199338,0.88358158,0
4.2086582,1.0218079,3.6437428,0.4492898,-0.13199338,0.88358158,0
1.17522,-5.6148958,2.6559308,0.11590482,-0.97205478,-0.20414601,0
3.5400367,-3.8975122,-4.042623,0.11590482,-0.97205478,-0.20414601,0
-4.6901693,0.82065046,-3.0477772,-0.4492898,0.13199338,-0.88358158,0
0.1343559,5.1824412,0.21088371,-0.11590482,0.97205478,0.20414601,0
-1.8128233,-6.0536389,2.6780512,0.11590482,-0.97205478,-0.20414601,0
0.77276456,4.7686,2.3203821,-0.11590482,0.97205478,0.20414601,0
5.7860179,-2.6989534,2.260021,0.4492898,-0.13199338,0.88358158,0
6.0142674,-2.8037245,-0.48345304,0.88583559,0.19413207,-0.42143559,0
4.3511591,-3.6978877,-4.2608881,0.88583559,0.19413207,-0.42143559,0
4.3922849,0.24579166,-2.4310329,0.88583559,0.19413207,-0.42143559,0
4.3524466,-1.0650594,-2.8963454,0.88583559,0.19413207,-0.42143559,0
1.3008634,6.3344989,-5.1321783,-0.11590482,0.97205478,0.20414601,0
-4.6693821,-5.2351756,-1.5882717,0.11590482,-0.97205478,-0.20414601,0
6.3616228,3.3316422,2.7730007,0.88583559,0.19413207,-0.42143559,0
-2.7827265,4.4982696,0.64674032,-0.11590482,0.97205478,0.20414601,0
-5.8753119,-1.7314482,-2.7694721,-0.4492898,0.13199338,-0.88358158,0
-4.0209527,0.52149725,3.2460566,-0.88583559,-0.19413207,0.42143559,0
2.3530426,-4.2667246,-2.2228212,0.11590482,-0.97205478,-0.20414601,0
5.7464275,-3.267683,-1.1827586,0.88583559,0.19413207,-0.42143559,0
-1.4352288,-4.6637745,5.4784689,0.4492898,-0.13199338,0.88358158,0
-3.1929138,-2.2737033,4.0794835,-0.88583559,-0.19413207,0.42143559,0
3.6327,-3.9103832,-4.7443228,0.11590482,-0.97205478,-0.20414601,0
-0.56628704,3.3982327,6.294179,0.4492898,-0.13199338,0.88358158,0
4.5000525,-3.7192581,2.7467942,0.4492898,-0.13199338,0.88358158,0
5.6093431,-3.2405729,-1.8038428,0.88583559,0.19413207,-0.42143559,0
-5.4290915,-5.3410935,-1.9331701,0.11590482,-0.97205478,-0.20414601,0
-1.5015751,0.58396351,6.6885309,0.4492898,-0.13199338,0.88358158,0
-5.2612753,-1.6469376,-3.0308554,-0.4492898,0.13199338,-0.88358158,0
-3.5130215,1.9189596,5.0053511,-0.88583559,-0.19413207,0.42143559,0
-4.6217699,5.1604891,-1.7415828,-0.11590482,0.97205478,0.20414601,0
-2.2162056,-1.1722935,6.3387747,-0.88583559,-0.19413207,0.42143559,0
-0.52616251,-4.9393897,5.1792393,0.4492898,-0.13199338,0.88358158,0
-3.5913348,-2.3634069,-4.2977071,-0.4492898,0.13199338,-0.88358158,0
-2.208149,-5.9249592,2.370863,0.11590482,-0.97205478,-0.20414601,0
2.0126395,-2.1187487,-6.9286089,-0.4492898,0.13199338,-0.88358158,0
6.015377,3.7508125,3.2012837,0.4492898,-0.13199338,0.88358158,0
-2.1963911,0.11621553,-4.4737387,-0.4492898,0.13199338,-0.88358158,0
-0.17411447,-3.1926427,5.3446422,0.4492898,-0.13199338,0.88358158,0
-4.3915715,0.29942873,2.3805921,-0.88583559,-0.19413207,0.42143559,0
0.93131769,5.9791083,-2.7440977,-0.11590482,0.97205478,0.20414601,0
-1.3886564,-6.174602,4.1044893,0.11590482,-0.97205478,-0.20414601,0
5.6540289,-2.4213786,2.5838294,0.4492898,-0.13199338,0.88358158,0
2.8726408,-5.0700941,1.2461023,0.11590482,-0.97205478,-0.20414601,0
-5.1273875,-1.6236962,0.54667258,-0.88583559,-0.19413207,0.42143559,0
-1.5480939,-6.102663,4.2632885,0.11590482,-0.97205478,-0.20414601,0
-1.0219049,4.3068066,3.9257922,-0.11590482,0.97205478,0.20414601,0
3.5803325,-3.9966433,3.4484212,0.4492898,-0.13199338,0.88358158,0
6.0267367,-0.96209103,2.4132068,0.4492898,-0.13199338,0.88358158,0
-2.0493808,-5.9676838,2.7723448,0.11590482,-0.97205478,-0.20414601,0
-3.5967846,-5.509789,-0.38076711,0.11590482,-0.97205478,-0.20414601,0
0.38048518,4.8703361,1.7893286,-0.11590482,0.97205478,0.20414601,0
4.3336101,-0.46470886,-3.136431,0.88583559,0.19413207,-0.42143559,0
