-2.0468671,2.5636513,3.0460196,-0.59740442,0.44996858,0.66380435,0
-3.9485917,1.6040218,2.0909967,-0.59740442,0.44996858,0.66380435,0
-0.67354202,3.7123346,3.545866,-0.59740442,0.44996858,0.66380435,0
0.06331563,-3.914927,-4.1392307,0.59740442,-0.44996858,-0.66380435,0
-3.9081726,4.1789417,-1.1487454,0.07049036,0.85400838,-0.51546162,0
-2.5580962,-0.15854251,4.329051,-0.59740442,0.44996858,0.66380435,0
-3.5865078,-2.8400991,-0.69461381,-0.79883605,-0.26114732,-0.54190683,0
-0.87075424,-3.9878795,1.2132721,-0.07049036,-0.85400838,0.51546162,0
3.1674237,0.34123659,2.456414,0.79883605,0.26114732,0.54190683,0
6.0312219,1.935184,-2.4405761,0.59740442,-0.44996858,-0.66380435,0
-2.3462634,3.7684269,-2.1623008,0.07049036,0.85400838,-0.51546162,0
-4.3316746,0.34296274,-0.83088303,-0.79883605,-0.26114732,-0.54190683,0
3.5026643,-4.0903139,-0.58566451,0.59740442,-0.44996858,-0.66380435,0
0.41851282,-2.7705874,3.2862689,-0.07049036,-0.85400838,0.51546162,0
1.8836873,1.2857,-5.4573998,0.07049036,0.85400838,-0.51546162,0
0.52626574,-1.7177901,-5.2184906,0.59740442,-0.44996858,-0.66380435,0
-5.0236597,-0.23156977,-0.026716471,-0.79883605,-0.26114732,-0.54190683,0
2.7029173,4.1355486,1.3166379,0.79883605,0.26114732,0.54190683,0
0.84589404,2.9153311,4.4056001,0.79883605,0.26114732,0.54190683,0
-0.78023791,-2.3624072,-4.8266706,-0.79883605,-0.26114732,-0.54190683,0
-1.0684369,-5.4598327,-1.7428849,-0.07049036,-0.85400838,0.51546162,0
-1.3947641,-5.416441,-2.6642182,-0.79883605,-0.26114732,-0.54190683,0
-0.61875749,-3.3416862,2.2716351,-0.07049036,-0.85400838,0.51546162,0
-2.6059542,-2.6582787,-2.0633745,-0.79883605,-0.26114732,-0.54190683,0
5.2554121,-3.1740408,0.27198648,0.59740442,-0.44996858,-0.66380435,0
0.88076639,0.59826589,6.1010323,0.79883605,0.26114732,0.54190683,0
1.315583,3.415549,3.9177618,0.79883605,0.26114732,0.54190683,0
5.5012255,-2.4655874,-0.42568922,0.59740442,-0.44996858,-0.66380435,0
-2.3257976,3.7728205,-1.7974045,0.07049036,0.85400838,-0.51546162,0
4.280282,-1.0935769,1.4145252,0.79883605,0.26114732,0.54190683,0
0.44837642,1.5879498,5.8138947,0.79883605,0.26114732,0.54190683,0
-4.2045512,1.7351408,2.0764468,-0.59740442,0.44996858,0.66380435,0
-0.31775284,3.9875736,-0.96038479,0.07049036,0.85400838,-0.51546162,0
-4.2742176,-1.2823694,3.7403853,-0.59740442,0.44996858,0.66380435,0
5.6656446,-0.37282276,-0.90030527,0.79883605,0.26114732,0.54190683,0
-5.5053425,4.0708828,-1.1246996,-0.79883605,-0.26114732,-0.54190683,0
4.7489653,0.78171253,-2.9786057,0.59740442,-0.44996858,-0.66380435,0
-1.2498693,-2.1112771,-4.7009048,-0.79883605,-0.26114732,-0.54190683,0
-4.4111643,2.7560196,-2.069809,-0.79883605,-0.26114732,-0.54190683,0
3.672513,-3.4871101,-1.3920004,0.59740442,-0.44996858,-0.66380435,0
2.3136423,-4.8531852,-0.2326622,-0.07049036,-0.85400838,0.51546162,0
-3.6870747,-2.1526334,3.4959731,-0.07049036,-0.85400838,0.51546162,0
0.95899862,3.5973752,4.2236958,0.79883605,0.26114732,0.54190683,0
-2.530582,-2.5785582,-2.7562716,-0.79883605,-0.26114732,-0.54190683,0
3.9685352,-3.8186791,-0.44345999,0.59740442,-0.44996858,-0.66380435,0
-4.122292,-0.95653939,3.5930531,-0.59740442,0.44996858,0.66380435,0
-0.18807697,3.7511191,-1.7516378,0.07049036,0.85400838,-0.51546162,0
-4.7129598,-0.46472549,-0.18966317,-0.79883605,-0.26114732,-0.54190683,0
1.2656426,3.7644866,4.0621524,0.79883605,0.26114732,0.54190683,0
-1.2873838,-0.027419209,5.6141772,-0.59740442,0.44996858,0.66380435,0
4.3966079,3.8263347,-1.1641026,0.07049036,0.85400838,-0.51546162,0
1.7094815,5.5206709,2.0330808,0.79883605,0.26114732,0.54190683,0
5.6383171,2.8328285,-2.1283305,0.79883605,0.26114732,0.54190683,0
0.40378809,2.4194307,5.7940054,-0.59740442,0.44996858,0.66380435,0
-0.066815138,5.7238998,2.6810136,-0.59740442,0.44996858,0.66380435,0
-1.7938944,-3.6200514,-2.7963386,-0.79883605,-0.26114732,-0.54190683,0
-0.26938915,5.150095,2.8214743,-0.59740442,0.44996858,0.66380435,0
0.47435737,-1.9294953,-4.8133316,0.59740442,-0.44996858,-0.66380435,0
2.4508901,-2.4230323,3.8166585,-0.07049036,-0.85400838,0.51546162,0
1.9125662,-2.0880656,-3.7306581,0.59740442,-0.44996858,-0.66380435,0
4.1216435,-4.4053674,0.97489595,-0.07049036,-0.85400838,0.51546162,0
5.3472404,-1.9491179,-0.35522532,0.59740442,-0.44996858,-0.66380435,0
3.5255494,-2.6314008,3.4588873,0.79883605,0.26114732,0.54190683,0
-0.22345042,4.9938841,0.72698748,0.07049036,0.85400838,-0.51546162,0
2.5382779,-5.1416149,-0.75758588,0.59740442,-0.44996858,-0.66380435,0
-4.2806396,1.9951966,-1.949585,-0.79883605,-0.26114732,-0.54190683,0
-0.014710426,0.18831998,6.654458,-0.59740442,0.44996858,0.66380435,0
-2.9017072,0.36471391,-3.1069112,-0.79883605,-0.26114732,-0.54190683,0
-3.5338035,3.1495197,-2.7884946,0.07049036,0.85400838,-0.51546162,0
-3.3792753,-4.432168,-0.13348961,-0.07049036,-0.85400838,0.51546162,0
-3.8156707,0.1858449,-1.9554802,-0.79883605,-0.26114732,-0.54190683,0
-4.5851288,3.8794584,-0.17029548,-0.59740442,0.44996858,0.66380435,0
-3.044534,-1.3243532,-2.1800838,-0.79883605,-0.26114732,-0.54190683,0
-4.1695004,1.120523,2.039341,-0.59740442,0.44996858,0.66380435,0
0.12595773,-5.2594748,-1.2510421,-0.07049036,-0.85400838,0.51546162,0
-0.11445618,-5.7774353,-3.0120711,0.59740442,-0.44996858,-0.66380435,0
3.1204944,2.1228273,1.9205792,0.79883605,0.26114732,0.54190683,0
-5.3340378,0.10744858,0.78666139,-0.79883605,-0.26114732,-0.54190683,0
-5.2642832,1.9062808,0.72647309,-0.59740442,0.44996858,0.66380435,0
-4.1720409,2.596067,-2.7371197,-0.79883605,-0.26114732,-0.54190683,0
1.3820903,-3.9190269,-3.0118287,0.59740442,-0.44996858,-0.66380435,0
-3.7232909,0.87405825,-2.0488245,-0.79883605,-0.26114732,-0.54190683,0
0.62134087,2.2108402,5.6403041,0.79883605,0.26114732,0.54190683,0
4.3337636,1.9697769,0.40303493,0.79883605,0.26114732,0.54190683,0
0.10736179,-1.4771996,5.5178576,-0.07049036,-0.85400838,0.51546162,0
-1.5276122,4.0776873,-1.306296,0.07049036,0.85400838,-0.51546162,0
1.3576416,4.6063981,3.4512053,0.79883605,0.26114732,0.54190683,0
-3.7429731,-1.3971717,4.157187,-0.59740442,0.44996858,0.66380435,0
-0.49834538,-3.9831986,1.4122598,-0.07049036,-0.85400838,0.51546162,0
4.4323802,-3.461277,2.6688859,-0.07049036,-0.85400838,0.51546162,0
-3.3071864,-0.31913114,4.0531178,-0.59740442,0.44996858,0.66380435,0
0.99764848,5.2763786,1.292628,0.07049036,0.85400838,-0.51546162,0
1.8412139,4.5419893,0.25718015,0.07049036,0.85400838,-0.51546162,0
-5.245708,-2.4496613,2.9207537,-0.07049036,-0.85400838,0.51546162,0
-1.3029728,-1.3382246,5.0517855,-0.07049036,-0.85400838,0.51546162,0
2.123105,-4.0568719,-2.0080059,0.59740442,-0.44996858,-0.66380435,0
1.7817812,-2.4801731,4.2226124,-0.07049036,-0.85400838,0.51546162,0
-3.2002764,2.3070021,-3.4948468,-0.79883605,-0.26114732,-0.54190683,0
3.9244051,-4.2606182,1.377095,-0.07049036,-0.85400838,0.51546162,0
-4.619154,2.6890097,-2.0754323,-0.79883605,-0.26114732,-0.54190683,0
-0.51192349,3.7942781,3.9611621,-0.59740442,0.44996858,0.66380435,0
-4.0246158,2.75632,-2.4123135,-0.79883605,-0.26114732,-0.54190683,0
2.2064073,-2.7479501,-3.0586324,0.59740442,-0.44996858,-0.66380435,0
0.32176486,-3.2698617,-4.3208704,0.59740442,-0.44996858,-0.66380435,0
2.6557133,-0.888677,3.7303057,0.79883605,0.26114732,0.54190683,0
1.7228558,1.6502012,-5.0755806,0.07049036,0.85400838,-0.51546162,0
-0.71792698,-0.27505505,-5.8662729,-0.79883605,-0.26114732,-0.54190683,0
-1.3183659,2.6865215,3.7886095,-0.59740442,0.44996858,0.66380435,0
-0.099690676,-5.00493,-3.5607879,0.59740442,-0.44996858,-0.66380435,0
2.1250324,-4.6032648,0.70606828,-0.07049036,-0.85400838,0.51546162,0
-4.8649082,2.3891249,-1.500191,-0.79883605,-0.26114732,-0.54190683,0
-3.8407724,-2.4229004,3.5347767,-0.07049036,-0.85400838,0.51546162,0
1.500638,0.37608594,-5.4539795,0.59740442,-0.44996858,-0.66380435,0
-2.5730619,-3.0747409,2.2037351,-0.07049036,-0.85400838,0.51546162,0
0.53395462,-4.0242205,1.4763117,-0.07049036,-0.85400838,0.51546162,0
2.5385299,1.3110096,-5.2383299,0.59740442,-0.44996858,-0.66380435,0
-5.5663633,0.5965662,1.102951,-0.59740442,0.44996858,0.66380435,0
1.7799923,1.7833756,-4.2476001,0.07049036,0.85400838,-0.51546162,0
-0.34619707,-2.6549983,-5.3695211,-0.79883605,-0.26114732,-0.54190683,0
-1.4029722,-2.5199592,3.4924304,-0.07049036,-0.85400838,0.51546162,0
4.0099216,2.759356,-2.7904816,0.07049036,0.85400838,-0.51546162,0
3.2525272,-1.5109204,3.4406095,0.79883605,0.26114732,0.54190683,0
-2.399966,-0.12081528,-4.0137701,-0.79883605,-0.26114732,-0.54190683,0
0.22917986,-0.02489388,7.0031495,0.79883605,0.26114732,0.54190683,0
4.0083804,-1.0643964,1.8389807,0.79883605,0.26114732,0.54190683,0
-2.4750464,4.3043613,1.6116339,-0.59740442,0.44996858,0.66380435,0
0.94362068,-4.1131597,1.1453884,-0.07049036,-0.85400838,0.51546162,0
-4.3015184,-0.42392349,3.1857347,-0.59740442,0.44996858,0.66380435,0
3.4239538,3.8651905,0.16334426,0.79883605,0.26114732,0.54190683,0
-3.5865364,0.59941149,-2.5544527,-0.79883605,-0.26114732,-0.54190683,0
-0.6447165,-2.005821,-5.3858242,-0.79883605,-0.26114732,-0.54190683,0
5.3223648,-2.4437079,0.59819937,0.79883605,0.26114732,0.54190683,0
-3.1453352,-0.39127111,4.2281055,-0.59740442,0.44996858,0.66380435,0
-3.5451353,2.3847225,-3.365427,-0.79883605,-0.26114732,-0.54190683,0
5.6707067,-1.5131667,-0.79826903,0.59740442,-0.44996858,-0.66380435,0
-1.8690333,3.4527807,-2.6033688,0.07049036,0.85400838,-0.51546162,0
0.6534977,5.8230143,3.3118193,-0.59740442,0.44996858,0.66380435,0
-0.52647591,1.0781484,-5.7946706,0.07049036,0.85400838,-0.51546162,0
5.3561249,0.98621321,-2.7609267,0.59740442,-0.44996858,-0.66380435,0
-2.0954189,-1.8911202,4.4277377,-0.07049036,-0.85400838,0.51546162,0
5.3041682,-2.3749604,0.98270845,0.79883605,0.26114732,0.54190683,0
0.10573193,-2.9180379,-4.5919113,0.59740442,-0.44996858,-0.66380435,0
1.6980276,1.7518822,3.9557145,0.79883605,0.26114732,0.54190683,0
-4.8021345,-1.6402173,0.62637067,-0.79883605,-0.26114732,-0.54190683,0
-1.3514014,-1.1041892,-4.5419207,-0.79883605,-0.26114732,-0.54190683,0
1.1760547,4.5202899,0.25579911,0.07049036,0.85400838,-0.51546162,0
5.9482975,2.6774535,-2.7948189,0.07049036,0.85400838,-0.51546162,0
-4.8025293,-0.98799706,0.41126013,-0.79883605,-0.26114732,-0.54190683,0
-5.7772622,-1.306108,1.8450646,-0.79883605,-0.26114732,-0.54190683,0
0.022278786,1.489594,6.0165901,-0.59740442,0.44996858,0.66380435,0
-1.1942265,-2.5731406,3.2503698,-0.07049036,-0.85400838,0.51546162,0
-2.5712371,-1.7937242,4.8058929,-0.07049036,-0.85400838,0.51546162,0
-1.9591291,-1.6736825,-4.0233464,-0.79883605,-0.26114732,-0.54190683,0
1.254428,4.3006468,3.2708697,0.79883605,0.26114732,0.54190683,0
-1.7982737,-4.9884791,-2.1572144,-0.79883605,-0.26114732,-0.54190683,0
-3.4010525,2.2328963,2.4271054,-0.59740442,0.44996858,0.66380435,0
-3.4536986,-0.12173462,3.4579473,-0.59740442,0.44996858,0.66380435,0
2.078727,-5.2366405,-1.3502177,0.59740442,-0.44996858,-0.66380435,0
4.6663227,0.35361266,-3.11186,0.59740442,-0.44996858,-0.66380435,0
-0.11823976,4.4821815,3.7184794,-0.59740442,0.44996858,0.66380435,0
-5.3258252,-0.016033649,2.265872,-0.59740442,0.44996858,0.66380435,0
-3.0548637,-2.9002793,2.2952657,-0.07049036,-0.85400838,0.51546162,0
-1.1526837,2.6534009,-3.3913102,0.07049036,0.85400838,-0.51546162,0
-1.2478588,2.4745862,3.7627497,-0.59740442,0.44996858,0.66380435,0
-2.8202419,-5.0096388,-0.6333288,-0.07049036,-0.85400838,0.51546162,0
-0.85336018,-1.2908046,-5.7091651,-0.79883605,-0.26114732,-0.54190683,0
-2.546382,-4.9439807,-0.94474739,-0.07049036,-0.85400838,0.51546162,0
-0.26031208,-2.4076068,-5.4656096,0.59740442,-0.44996858,-0.66380435,0
-3.5517406,-2.603719,2.8912938,-0.07049036,-0.85400838,0.51546162,0
4.293726,2.1667933,-0.313483,0.79883605,0.26114732,0.54190683,0
4.1326866,-0.33787298,1.2259693,0.79883605,0.26114732,0.54190683,0
-3.8358154,-2.6905379,-0.77020752,-0.79883605,-0.26114732,-0.54190683,0
4.5641346,-2.4803462,1.5116162,0.79883605,0.26114732,0.54190683,0
1.3635337,4.0130758,-0.61373097,0.07049036,0.85400838,-0.51546162,0
-5.6407928,-0.66146517,1.3651259,-0.79883605,-0.26114732,-0.54190683,0
-3.60041,2.6294243,-3.363807,-0.79883605,-0.26114732,-0.54190683,0
3.2635808,4.5690355,0.64669788,0.79883605,0.26114732,0.54190683,0
3.5986493,0.18631721,1.8085247,0.79883605,0.26114732,0.54190683,0
-1.5027962,-1.2827013,-4.7446942,-0.79883605,-0.26114732,-0.54190683,0
-5.4127893,1.5025527,1.0126309,-0.59740442,0.44996858,0.66380435,0
2.0353823,1.5731294,3.5714288,0.79883605,0.26114732,0.54190683,0
-1.5404227,-4.4727621,-2.7715552,-0.79883605,-0.26114732,-0.54190683,0
-1.3070917,-2.9779551,2.6249886,-0.07049036,-0.85400838,0.51546162,0
-1.68424,-2.4427245,-3.8818603,-0.79883605,-0.26114732,-0.54190683,0
-0.67669392,-1.1651765,5.7461548,-0.07049036,-0.85400838,0.51546162,0
3.3174057,-1.061084,3.2875819,0.79883605,0.26114732,0.54190683,0
1.913955,-0.18978429,4.4826407,0.79883605,0.26114732,0.54190683,0
-3.3219523,-1.9704399,3.6573777,-0.07049036,-0.85400838,0.51546162,0
-0.25553179,-1.5935118,4.7629213,-0.07049036,-0.85400838,0.51546162,0
-4.9659853,1.8740947,-0.73350596,-0.79883605,-0.26114732,-0.54190683,0
-5.170805,3.9297948,-1.3087152,-0.79883605,-0.26114732,-0.54190683,0
2.6816721,4.412559,1.2380978,0.79883605,0.26114732,0.54190683,0
-4.4156003,-0.74473476,3.0278773,-0.59740442,0.44996858,0.66380435,0
-1.0781665,1.2390791,5.0297318,-0.59740442,0.44996858,0.66380435,0
-3.1567073,4.6034045,-0.38801205,0.07049036,0.85400838,-0.51546162,0
2.1911721,5.2544403,1.8260126,0.79883605,0.26114732,0.54190683,0
1.7741013,2.8686728,3.5746741,0.79883605,0.26114732,0.54190683,0
-0.79950476,-3.192699,-4.8660378,-0.79883605,-0.26114732,-0.54190683,0
-2.9128628,1.3862336,-3.4398956,-0.79883605,-0.26114732,-0.54190683,0
1.5722089,4.2587838,-0.37197512,0.07049036,0.85400838,-0.51546162,0
-3.7188225,2.5024893,1.4993882,-0.59740442,0.44996858,0.66380435,0
2.599097,-4.2873192,-1.6618549,0.59740442,-0.44996858,-0.66380435,0
-0.30217624,4.5762348,3.1372495,-0.59740442,0.44996858,0.66380435,0
3.9722214,-3.5877652,2.1274743,-0.07049036,-0.85400838,0.51546162,0
0.73098898,0.5687753,6.024405,0.79883605,0.26114732,0.54190683,0
1.172473,5.2966876,1.3431424,0.07049036,0.85400838,-0.51546162,0
-0.34673166,-1.4053797,5.269237,-0.07049036,-0.85400838,0.51546162,0
5.3909683,1.1939678,-1.4456613,0.79883605,0.26114732,0.54190683,0
2.6688125,-0.45094967,4.0129552,0.79883605,0.26114732,0.54190683,0
-3.175211,-0.91406703,-2.2244351,-0.79883605,-0.26114732,-0.54190683,0
0.92298627,-0.20648599,6.2329106,0.79883605,0.26114732,0.54190683,0
3.675566,-1.7973052,-2.5424883,0.59740442,-0.44996858,-0.66380435,0
1.0019236,-4.5980549,0.57153469,-0.07049036,-0.85400838,0.51546162,0
0.24180704,-2.5293984,-5.0983591,0.59740442,-0.44996858,-0.66380435,0
-1.9193618,4.7516279,1.5876615,-0.59740442,0.44996858,0.66380435,0
-5.6149282,3.065042,-0.23970532,-0.59740442,0.44996858,0.66380435,0
1.0544751,1.7783093,-4.5460792,0.07049036,0.85400838,-0.51546162,0
-2.5639355,4.865088,1.1084145,-0.59740442,0.44996858,0.66380435,0
-1.787498,4.7009039,-0.3075887,0.07049036,0.85400838,-0.51546162,0
1.1794596,1.9414198,-4.7602353,0.07049036,0.85400838,-0.51546162,0
3.5250263,-2.7443881,3.2803619,0.79883605,0.26114732,0.54190683,0
-0.32469749,-1.3021171,-5.9868169,-0.79883605,-0.26114732,-0.54190683,0
-3.6784472,1.2033982,2.515681,-0.59740442,0.44996858,0.66380435,0
3.8988945,-3.5527797,-0.99212503,0.59740442,-0.44996858,-0.66380435,0
3.5590456,-2.7242951,-1.8513355,0.59740442,-0.44996858,-0.66380435,0
-2.0661488,-3.4878983,-2.371212,-0.79883605,-0.26114732,-0.54190683,0
3.9775939,-2.8644264,-1.1955168,0.59740442,-0.44996858,-0.66380435,0
-5.0551567,-0.010130405,2.3407159,-0.59740442,0.44996858,0.66380435,0
3.2480044,-2.2973797,3.7948909,0.79883605,0.26114732,0.54190683,0
0.80483747,1.9880395,-4.2340865,0.07049036,0.85400838,-0.51546162,0
2.8898549,2.4851882,2.1378367,0.79883605,0.26114732,0.54190683,0
4.4334269,3.0861301,-2.0894983,0.07049036,0.85400838,-0.51546162,0
-3.7020473,0.1131959,-2.2493658,-0.79883605,-0.26114732,-0.54190683,0
-3.6044271,2.0074701,-2.7491417,-0.79883605,-0.26114732,-0.54190683,0
1.4985228,-1.7707547,4.7580705,-0.07049036,-0.85400838,0.51546162,0
1.557076,-2.6845536,-3.8070755,0.59740442,-0.44996858,-0.66380435,0
0.74025631,3.1934955,5.0674849,0.79883605,0.26114732,0.54190683,0
3.4551878,-3.1849341,3.1281505,-0.07049036,-0.85400838,0.51546162,0
-3.7439921,-3.6734071,0.82571816,-0.07049036,-0.85400838,0.51546162,0
2.1589746,-1.0879797,-3.8022194,0.59740442,-0.44996858,-0.66380435,0
2.7189493,-1.8040545,-3.2407522,0.59740442,-0.44996858,-0.66380435,0
4.5641961,1.1927187,-3.3584099,0.59740442,-0.44996858,-0.66380435,0
-1.7793084,2.2182989,3.8862853,-0.59740442,0.44996858,0.66380435,0
-1.3502507,-1.4321744,5.3323078,-0.07049036,-0.85400838,0.51546162,0
-3.2620697,2.9689896,-3.2065451,0.07049036,0.85400838,-0.51546162,0
-4.1012754,-3.8261516,0.28751802,-0.79883605,-0.26114732,-0.54190683,0
4.6885457,-1.3856416,-1.8212996,0.59740442,-0.44996858,-0.66380435,0
1.7941527,-1.502757,5.5073524,0.79883605,0.26114732,0.54190683,0
-2.0847147,1.5459802,3.7603235,-0.59740442,0.44996858,0.66380435,0
-3.3103876,2.2078688,2.2910075,-0.59740442,0.44996858,0.66380435,0
1.4876072,3.4710522,-1.4267473,0.07049036,0.85400838,-0.51546162,0
-4.7693453,3.7745683,0.19597387,-0.59740442,0.44996858,0.66380435,0
-5.3187981,2.9733391,-0.80702877,-0.79883605,-0.26114732,-0.54190683,0
-4.967711,3.6906662,-0.26420212,-0.59740442,0.44996858,0.66380435,0
-4.8969221,3.3900325,-1.9261162,-0.79883605,-0.26114732,-0.54190683,0
2.9496133,-0.29417229,3.3271317,0.79883605,0.26114732,0.54190683,0
-0.98756409,-3.7575958,1.3036546,-0.07049036,-0.85400838,0.51546162,0
5.7722111,-0.11745691,-1.3868134,0.59740442,-0.44996858,-0.66380435,0
-0.79699135,-0.25809813,6.0780277,-0.59740442,0.44996858,0.66380435,0
4.1656981,3.6212809,-1.5042319,0.07049036,0.85400838,-0.51546162,0
1.5405483,-3.2908998,-3.4412055,0.59740442,-0.44996858,-0.66380435,0
-2.3631713,-0.54121351,-3.4579995,-0.79883605,-0.26114732,-0.54190683,0
3.330215,1.168705,-4.7344284,0.59740442,-0.44996858,-0.66380435,0
-0.98222613,0.37548029,-5.7656007,-0.79883605,-0.26114732,-0.54190683,0
-4.7706776,2.1695259,-1.5202767,-0.79883605,-0.26114732,-0.54190683,0
5.988369,0.33345222,-1.8415928,0.59740442,-0.44996858,-0.66380435,0
2.7469411,-3.2862546,-2.2398705,0.59740442,-0.44996858,-0.66380435,0
1.4924331,0.62244344,-5.7837148,0.59740442,-0.44996858,-0.66380435,0
0.77341747,-1.77985,4.9633961,-0.07049036,-0.85400838,0.51546162,0
-5.3079243,2.6616471,-0.99265814,-0.79883605,-0.26114732,-0.54190683,0
2.8869519,4.6191263,0.35540843,0.07049036,0.85400838,-0.51546162,0
5.6932478,2.3657708,-2.1322408,0.79883605,0.26114732,0.54190683,0
-1.1097991,-0.22693825,-5.7573762,-0.79883605,-0.26114732,-0.54190683,0
5.0305748,-2.0905035,0.83563042,0.79883605,0.26114732,0.54190683,0
4.082118,-3.4952586,-1.0126834,0.59740442,-0.44996858,-0.66380435,0
-0.38535351,-4.1578994,-4.5838766,0.59740442,-0.44996858,-0.66380435,0
-5.5280046,-1.7102156,3.0487528,-0.59740442,0.44996858,0.66380435,0
-0.66370916,4.7924466,-0.096470773,0.07049036,0.85400838,-0.51546162,0
5.1806369,-2.5574961,-0.56603122,0.59740442,-0.44996858,-0.66380435,0
-2.8263483,-1.5997236,5.0573239,-0.07049036,-0.85400838,0.51546162,0
-2.7659826,3.1713157,-2.4962008,0.07049036,0.85400838,-0.51546162,0
4.6865659,-1.7016611,-1.1148076,0.59740442,-0.44996858,-0.66380435,0
3.1193728,-3.3108156,-1.4834017,0.59740442,-0.44996858,-0.66380435,0
-0.21409464,3.6954918,-1.5867532,0.07049036,0.85400838,-0.51546162,0
5.1615348,-0.31739473,-2.1719358,0.59740442,-0.44996858,-0.66380435,0
0.93726456,-0.71638215,-5.2152133,0.59740442,-0.44996858,-0.66380435,0
-0.9103632,2.9094234,-3.3744471,0.07049036,0.85400838,-0.51546162,0
-4.7084703,2.0744696,-1.1993213,-0.79883605,-0.26114732,-0.54190683,0
-4.0225439,1.3818288,2.2000985,-0.59740442,0.44996858,0.66380435,0
1.5092611,-0.82768321,5.7083907,0.79883605,0.26114732,0.54190683,0
1.5480804,-2.1512635,-3.903307,0.59740442,-0.44996858,-0.66380435,0
-3.9246454,3.9798582,-2.051959,0.07049036,0.85400838,-0.51546162,0
-2.4640958,3.2284675,2.2619181,-0.59740442,0.44996858,0.66380435,0
-1.2484608,5.0389433,0.079501033,0.07049036,0.85400838,-0.51546162,0
0.41680145,5.1331582,3.7761614,-0.59740442,0.44996858,0.66380435,0
-1.3028221,-5.8786325,-2.0072041,-0.07049036,-0.85400838,0.51546162,0
-0.81613302,-1.2167453,-5.7086344,-0.79883605,-0.26114732,-0.54190683,0
-0.3962431,3.6636074,-1.51358,0.07049036,0.85400838,-0.51546162,0
-1.0088902,-0.68791604,-5.7452335,-0.79883605,-0.26114732,-0.54190683,0
0.24471426,0.93610483,6.2788892,0.79883605,0.26114732,0.54190683,0
-0.88435602,-3.1729448,2.5691521,-0.07049036,-0.85400838,0.51546162,0
-3.8452551,-0.12996101,-1.6656187,-0.79883605,-0.26114732,-0.54190683,0
1.8742552,-3.0918899,3.0338292,-0.07049036,-0.85400838,0.51546162,0
-0.78686661,-4.1766396,-4.0806394,-0.79883605,-0.26114732,-0.54190683,0
0.057566762,-3.907887,-4.265029,0.59740442,-0.44996858,-0.66380435,0
2.4053535,3.8623631,2.3195183,0.79883605,0.26114732,0.54190683,0
1.2733587,-3.489758,-3.0961299,0.59740442,-0.44996858,-0.66380435,0
3.1129327,-2.3493934,-2.591743,0.59740442,-0.44996858,-0.66380435,0
-0.31272805,2.9846635,4.4915552,-0.59740442,0.44996858,0.66380435,0
3.9634275,-3.8817921,2.1661882,-0.07049036,-0.85400838,0.51546162,0
-1.0590751,-4.6570086,-3.9281607,-0.79883605,-0.26114732,-0.54190683,0
-1.4907236,1.3810897,4.2827334,-0.59740442,0.44996858,0.66380435,0
-4.5605659,-3.3565545,0.99742198,-0.79883605,-0.26114732,-0.54190683,0
4.0668402,4.0395508,-0.65783024,0.07049036,0.85400838,-0.51546162,0
5.2020159,1.1549563,-1.0910199,0.79883605,0.26114732,0.54190683,0
5.6966162,0.71816206,-1.8592935,0.59740442,-0.44996858,-0.66380435,0
0.15538216,-2.8157585,3.1295981,-0.07049036,-0.85400838,0.51546162,0
3.8916612,2.0480633,0.73238242,0.79883605,0.26114732,0.54190683,0
0.25163078,5.8507266,2.9866726,-0.59740442,0.44996858,0.66380435,0
-3.3605547,-3.0280609,1.9079647,-0.07049036,-0.85400838,0.51546162,0
-4.7781157,4.2447929,-0.64490247,-0.59740442,0.44996858,0.66380435,0
-4.5700884,-2.0829904,0.19868374,-0.79883605,-0.26114732,-0.54190683,0
3.0804636,-4.8758368,-0.88182366,0.59740442,-0.44996858,-0.66380435,0
0.99924886,-2.8132432,-3.8962877,0.59740442,-0.44996858,-0.66380435,0
1.6049739,5.1522007,2.2358069,0.79883605,0.26114732,0.54190683,0
0.56834924,-1.575153,-5.4684834,0.59740442,-0.44996858,-0.66380435,0
-0.77572107,4.9120708,0.061457664,0.07049036,0.85400838,-0.51546162,0
1.8526206,-5.3197398,-1.0906913,-0.07049036,-0.85400838,0.51546162,0
5.2896333,-0.19533777,-2.1396797,0.59740442,-0.44996858,-0.66380435,0
1.9188089,2.073139,-4.4142966,0.07049036,0.85400838,-0.51546162,0
-2.348599,-3.6945632,1.1277404,-0.07049036,-0.85400838,0.51546162,0
2.4808295,4.3183413,1.5426204,0.79883605,0.26114732,0.54190683,0
2.8351879,-3.1569488,2.7380934,-0.07049036,-0.85400838,0.51546162,0
2.8969889,2.5775056,2.1841877,0.79883605,0.26114732,0.54190683,0
-4.3517456,2.2623935,-2.2878509,-0.79883605,-0.26114732,-0.54190683,0
-2.759666,4.3748655,-0.86502236,0.07049036,0.85400838,-0.51546162,0
-2.176641,-0.055808783,5.139852,-0.59740442,0.44996858,0.66380435,0
-5.0552964,2.3072288,-1.0425028,-0.79883605,-0.26114732,-0.54190683,0
5.0612478,2.6807518,-1.3392892,0.79883605,0.26114732,0.54190683,0
1.6307192,0.43795878,-5.6271687,0.59740442,-0.44996858,-0.66380435,0
-4.8496962,-1.7201505,0.42301083,-0.79883605,-0.26114732,-0.54190683,0
4.5054855,-2.7603235,1.7514751,0.79883605,0.26114732,0.54190683,0
-1.0294189,2.6110139,-3.3431427,0.07049036,0.85400838,-0.51546162,0
5.5526009,-1.730726,-0.32645178,0.79883605,0.26114732,0.54190683,0
0.31749582,-2.3592186,3.7484539,-0.07049036,-0.85400838,0.51546162,0
0.28294563,1.3528366,-5.4374928,0.07049036,0.85400838,-0.51546162,0
-1.8617669,-1.8624585,-3.7640944,-0.79883605,-0.26114732,-0.54190683,0
-2.2479825,2.6669419,2.8590579,-0.59740442,0.44996858,0.66380435,0
5.3040142,-3.6233134,0.73031783,0.59740442,-0.44996858,-0.66380435,0
-4.6033716,-2.3947244,0.26757646,-0.79883605,-0.26114732,-0.54190683,0
-1.0719392,-5.4489918,-3.2189877,-0.79883605,-0.26114732,-0.54190683,0
-1.3030002,3.6375136,2.9343667,-0.59740442,0.44996858,0.66380435,0
-3.7385831,-2.1133909,-0.8831656,-0.79883605,-0.26114732,-0.54190683,0
-2.8230009,3.304805,-2.8025115,0.07049036,0.85400838,-0.51546162,0
5.1853342,2.8136902,-1.3008235,0.79883605,0.26114732,0.54190683,0
-4.4371147,3.1311986,0.74846435,-0.59740442,0.44996858,0.66380435,0
0.70123607,2.4693696,5.2956257,0.79883605,0.26114732,0.54190683,0
-0.073635578,1.1238151,-5.8901768,0.07049036,0.85400838,-0.51546162,0
-1.3229197,1.9284232,4.2838416,-0.59740442,0.44996858,0.66380435,0
-2.1074204,2.8982491,-3.1937389,0.07049036,0.85400838,-0.51546162,0
4.4964676,1.9675331,-4.1268978,0.59740442,-0.44996858,-0.66380435,0
-5.3127012,4.0341253,-1.253253,-0.79883605,-0.26114732,-0.54190683,0
0.37713003,5.3397574,0.91899741,0.07049036,0.85400838,-0.51546162,0
-2.5472879,1.3715544,3.5058818,-0.59740442,0.44996858,0.66380435,0
2.2643058,4.6947603,0.36947787,0.07049036,0.85400838,-0.51546162,0
4.4483395,-0.52559614,-2.3047671,0.59740442,-0.44996858,-0.66380435,0
-2.9144616,3.7682073,-2.2246342,0.07049036,0.85400838,-0.51546162,0
3.7386985,-2.7839041,2.9689231,0.79883605,0.26114732,0.54190683,0
-2.0975714,-5.1135645,-1.8483348,-0.79883605,-0.26114732,-0.54190683,0
-1.5238204,-2.67068,2.7697666,-0.07049036,-0.85400838,0.51546162,0
-3.1987147,-4.1823635,0.45726931,-0.07049036,-0.85400838,0.51546162,0
4.9523749,2.6915488,-2.2443008,0.07049036,0.85400838,-0.51546162,0
5.3150949,-3.3704157,0.050220251,0.59740442,-0.44996858,-0.66380435,0
5.403348,-2.9764962,1.1128321,0.79883605,0.26114732,0.54190683,0
-5.6178665,2.4107811,-0.18886757,-0.59740442,0.44996858,0.66380435,0
0.12749624,1.016091,-5.7725444,0.07049036,0.85400838,-0.51546162,0
1.0258608,-0.95183331,6.6679621,-0.07049036,-0.85400838,0.51546162,0
-1.2942557,2.1261101,3.8971035,-0.59740442,0.44996858,0.66380435,0
-0.52522659,0.53359467,6.0820847,-0.59740442,0.44996858,0.66380435,0
-0.16530275,-0.30877709,-6.8038368,0.59740442,-0.44996858,-0.66380435,0
0.63906527,-3.2474399,2.6406267,-0.07049036,-0.85400838,0.51546162,0
0.10286331,-4.946641,-0.43184289,-0.07049036,-0.85400838,0.51546162,0
-2.9341002,3.738956,-2.2699976,0.07049036,0.85400838,-0.51546162,0
-5.5025363,4.419724,-1.5596179,0.07049036,0.85400838,-0.51546162,0
-4.2579598,-1.2939146,-0.70033002,-0.79883605,-0.26114732,-0.54190683,0
2.1307425,4.2558403,-0.31245518,0.07049036,0.85400838,-0.51546162,0
2.2760327,0.14800918,-4.7233882,0.59740442,-0.44996858,-0.66380435,0
-5.1673598,3.6500487,-1.7632375,-0.79883605,-0.26114732,-0.54190683,0
0.76788551,4.2278852,4.1006904,0.79883605,0.26114732,0.54190683,0
3.6168721,1.0724556,-4.0673428,0.59740442,-0.44996858,-0.66380435,0
-3.519372,2.6967702,-3.3859584,-0.79883605,-0.26114732,-0.54190683,0
-2.322418,-1.6530592,-3.0882392,-0.79883605,-0.26114732,-0.54190683,0
5.3207455,-3.4549282,1.5271184,0.79883605,0.26114732,0.54190683,0
-3.6918995,2.184876,-3.219455,-0.79883605,-0.26114732,-0.54190683,0
5.2275162,-3.1237488,0.93782139,0.79883605,0.26114732,0.54190683,0
5.3875532,-0.63662386,-1.4522529,0.59740442,-0.44996858,-0.66380435,0
5.5704002,2.1234169,-1.9280915,0.79883605,0.26114732,0.54190683,0
3.2293315,-0.91957116,-3.2330136,0.59740442,-0.44996858,-0.66380435,0
-4.0531888,-3.7456808,0.54265857,-0.79883605,-0.26114732,-0.54190683,0
-1.6288519,3.2344129,3.3189282,-0.59740442,0.44996858,0.66380435,0
-1.9583406,-4.0094838,-2.5337927,-0.79883605,-0.26114732,-0.54190683,0
-1.0087051,-3.1582136,2.6195803,-0.07049036,-0.85400838,0.51546162,0
1.9378633,0.76640642,-5.5219498,0.59740442,-0.44996858,-0.66380435,0
-2.2169979,4.4073429,1.6340141,-0.59740442,0.44996858,0.66380435,0
-1.8087052,0.99490762,4.368185,-0.59740442,0.44996858,0.66380435,0
-1.0710294,-0.3395865,-5.7911787,-0.79883605,-0.26114732,-0.54190683,0
5.519165,2.8929639,-1.9269993,0.79883605,0.26114732,0.54190683,0
-4.033814,-2.008971,3.579216,-0.07049036,-0.85400838,0.51546162,0
-2.3814683,-0.86761105,4.9463301,-0.59740442,0.44996858,0.66380435,0
-4.1259022,2.4144945,-2.2262921,-0.79883605,-0.26114732,-0.54190683,0
4.9308147,-0.1385107,-2.4663672,0.59740442,-0.44996858,-0.66380435,0
0.40141964,1.5588348,-5.2967234,0.07049036,0.85400838,-0.51546162,0
4.6397491,-1.9905329,1.8124517,0.79883605,0.26114732,0.54190683,0
0.23500538,-2.9425159,2.5928059,-0.07049036,-0.85400838,0.51546162,0
-0.53757489,4.4906616,3.3420491,-0.59740442,0.44996858,0.66380435,0
0.62553668,1.760134,5.3566036,0.79883605,0.26114732,0.54190683,0
1.3747557,-1.2962009,-4.778089,0.59740442,-0.44996858,-0.66380435,0
-5.0543966,-0.50032091,2.2926931,-0.59740442,0.44996858,0.66380435,0
-2.2549019,-3.4662147,2.0242326,-0.07049036,-0.85400838,0.51546162,0
-0.58414936,4.1053658,-1.1084009,0.07049036,0.85400838,-0.51546162,0
-3.9775777,-3.1122799,-0.20443916,-0.79883605,-0.26114732,-0.54190683,0
-0.39470506,-4.6214962,-3.9198804,0.59740442,-0.44996858,-0.66380435,0
-2.5818057,-5.0470157,-0.91990668,-0.79883605,-0.26114732,-0.54190683,0
3.2711165,3.1468773,0.74349415,0.79883605,0.26114732,0.54190683,0
-3.781033,0.58248329,3.1170981,-0.59740442,0.44996858,0.66380435,0
-2.0321476,4.5426779,2.0821862,-0.59740442,0.44996858,0.66380435,0
-2.0704002,3.0420475,-2.8026686,0.07049036,0.85400838,-0.51546162,0
-4.8094091,4.6301956,-0.54503703,0.07049036,0.85400838,-0.51546162,0
0.4536221,2.1151359,5.3383851,0.79883605,0.26114732,0.54190683,0
-4.912509,-2.3381743,0.84197021,-0.79883605,-0.26114732,-0.54190683,0
-1.5315182,-1.2687068,5.8209329,-0.07049036,-0.85400838,0.51546162,0
1.6170173,-1.4115913,-4.151545,0.59740442,-0.44996858,-0.66380435,0
-2.2548122,5.4434528,0.90276384,0.07049036,0.85400838,-0.51546162,0
-2.6538267,0.73804533,-3.7284238,-0.79883605,-0.26114732,-0.54190683,0
4.0551414,-2.3918545,2.6008942,0.79883605,0.26114732,0.54190683,0
4.0707178,-2.7845211,3.0303054,0.79883605,0.26114732,0.54190683,0
1.3668081,-4.0756378,-2.8107221,0.59740442,-0.44996858,-0.66380435,0
-1.6031408,5.6426997,1.1539309,0.07049036,0.85400838,-0.51546162,0
2.8122904,-0.75873399,-3.9646895,0.59740442,-0.44996858,-0.66380435,0
5.6701765,-3.0331683,0.78147006,0.79883605,0.26114732,0.54190683,0
1.6401477,-2.5455468,3.4850292,-0.07049036,-0.85400838,0.51546162,0
-4.9008951,-0.25365829,2.4623497,-0.59740442,0.44996858,0.66380435,0
0.67049789,3.7410784,4.5799975,-0.59740442,0.44996858,0.66380435,0
1.1361408,-3.7102258,1.8614396,-0.07049036,-0.85400838,0.51546162,0
-1.1078651,5.3898597,2.2048564,-0.59740442,0.44996858,0.66380435,0
3.7595761,2.9693851,0.2489233,0.79883605,0.26114732,0.54190683,0
-0.32978183,3.7347112,4.242825,-0.59740442,0.44996858,0.66380435,0
-3.8115854,0.4434402,3.3194416,-0.59740442,0.44996858,0.66380435,0
0.86423802,4.2405782,-0.78466094,0.07049036,0.85400838,-0.51546162,0
-0.50527072,5.5675607,2.294853,-0.59740442,0.44996858,0.66380435,0
0.95048332,-0.41361791,-5.6388645,0.59740442,-0.44996858,-0.66380435,0
1.2692509,3.6464243,4.0011435,0.79883605,0.26114732,0.54190683,0
1.6912427,-3.3669307,2.247169,-0.07049036,-0.85400838,0.51546162,0
3.2879608,-1.8155733,-2.3499103,0.59740442,-0.44996858,-0.66380435,0
0.65884256,-0.12174511,6.7232976,0.79883605,0.26114732,0.54190683,0
-3.370754,-2.1127064,3.8789656,-0.07049036,-0.85400838,0.51546162,0
1.1400255,-2.1726899,-4.533803,0.59740442,-0.44996858,-0.66380435,0
1.844299,3.8458581,2.8581853,0.79883605,0.26114732,0.54190683,0
4.8094392,-3.3268056,-0.11262941,0.59740442,-0.44996858,-0.66380435,0
2.9222121,3.7533014,1.2374291,0.79883605,0.26114732,0.54190683,0
4.4922676,-3.6498253,-0.49101853,0.59740442,-0.44996858,-0.66380435,0
2.7533541,-2.1729259,-2.6021304,0.59740442,-0.44996858,-0.66380435,0
5.089901,1.6490912,-1.0785863,0.79883605,0.26114732,0.54190683,0
3.173913,-0.15818787,-4.0259957,0.59740442,-0.44996858,-0.66380435,0
-0.28012037,2.2040555,-4.1665516,0.07049036,0.85400838,-0.51546162,0
-3.7763426,-2.5553343,-0.37306142,-0.79883605,-0.26114732,-0.54190683,0
2.6471171,0.14676619,3.6815686,0.79883605,0.26114732,0.54190683,0
-2.6123757,1.2395457,-4.3902645,-0.79883605,-0.26114732,-0.54190683,0
5.4233208,-1.3499024,-0.84734106,0.59740442,-0.44996858,-0.66380435,0
-6.0039673,-0.13962412,1.2744639,-0.79883605,-0.26114732,-0.54190683,0
-2.4291184,-4.7918997,-0.53132439,-0.07049036,-0.85400838,0.51546162,0
-1.1722136,5.3691535,0.70591688,0.07049036,0.85400838,-0.51546162,0
5.3711076,0.89883184,-2.8468218,0.59740442,-0.44996858,-0.66380435,0
0.35677147,-2.9032538,2.871799,-0.07049036,-0.85400838,0.51546162,0
0.058948994,0.53037995,-7.2287378,0.07049036,0.85400838,-0.51546162,0
-1.981035,-5.424439,-1.8675127,-0.79883605,-0.26114732,-0.54190683,0
-2.2195978,5.5701165,0.993698,-0.59740442,0.44996858,0.66380435,0
-1.1739872,-3.0505931,2.7464201,-0.07049036,-0.85400838,0.51546162,0
1.5859967,1.6006459,4.6096058,0.79883605,0.26114732,0.54190683,0
-1.0462599,0.88689977,-6.3065295,0.07049036,0.85400838,-0.51546162,0
1.2892002,-3.7678013,-2.9041274,0.59740442,-0.44996858,-0.66380435,0
-4.930696,-3.2390208,1.7354417,-0.07049036,-0.85400838,0.51546162,0
-2.8951702,4.8934135,0.93394411,-0.59740442,0.44996858,0.66380435,0
4.6895103,-0.64537287,1.0849788,0.79883605,0.26114732,0.54190683,0
4.5818939,-0.773,0.8052479,0.79883605,0.26114732,0.54190683,0
-0.75921583,-6.3138075,-2.7927012,-0.07049036,-0.85400838,0.51546162,0
1.7609403,5.6262388,2.1210132,0.79883605,0.26114732,0.54190683,0
-0.30080041,-3.2991276,-4.583396,0.59740442,-0.44996858,-0.66380435,0
3.7080476,4.1785688,0.0457201,0.79883605,0.26114732,0.54190683,0
-2.3942761,5.0492458,0.44824421,0.07049036,0.85400838,-0.51546162,0
4.4422235,-0.62543154,0.85514641,0.79883605,0.26114732,0.54190683,0
0.32897449,2.6381698,-3.2116606,0.07049036,0.85400838,-0.51546162,0
3.3821535,1.3044815,2.0310977,0.79883605,0.26114732,0.54190683,0
3.8242569,-4.1654677,-0.56255984,0.59740442,-0.44996858,-0.66380435,0
5.0471492,-2.4543517,-0.71359754,0.59740442,-0.44996858,-0.66380435,0
4.9773345,-0.61279392,-1.5858514,0.59740442,-0.44996858,-0.66380435,0
2.2292264,-0.43715131,-4.2608743,0.59740442,-0.44996858,-0.66380435,0
4.1930041,-0.66083241,1.4075508,0.79883605,0.26114732,0.54190683,0
5.6383529,2.5894618,-2.8051565,0.07049036,0.85400838,-0.51546162,0
-1.6524396,5.0920329,0.57673371,0.07049036,0.85400838,-0.51546162,0
2.0772371,0.72035503,3.9948242,0.79883605,0.26114732,0.54190683,0
-3.5921168,0.27398992,3.2410879,-0.59740442,0.44996858,0.66380435,0
-0.1974721,5.5844116,1.3582435,0.07049036,0.85400838,-0.51546162,0
-4.2060742,2.5516376,1.149878,-0.59740442,0.44996858,0.66380435,0
4.8854589,-1.15095,-1.3708222,0.59740442,-0.44996858,-0.66380435,0
-2.9029884,1.8770549,-3.7297778,-0.79883605,-0.26114732,-0.54190683,0
0.069435596,4.9825373,0.32872915,0.07049036,0.85400838,-0.51546162,0
4.3580084,-4.2980237,0.059272289,0.59740442,-0.44996858,-0.66380435,0
-0.75193501,0.41968766,5.8398499,-0.59740442,0.44996858,0.66380435,0
6.1940818,1.0340786,-1.8981271,0.79883605,0.26114732,0.54190683,0
5.1005306,3.124516,-1.4307783,0.79883605,0.26114732,0.54190683,0
-0.90148348,1.4773285,5.0557637,-0.59740442,0.44996858,0.66380435,0
-3.8453414,-0.85929155,-1.661985,-0.79883605,-0.26114732,-0.54190683,0
1.0262439,4.5300756,-0.012574017,0.07049036,0.85400838,-0.51546162,0
1.1381357,-5.64328,-2.0605755,0.59740442,-0.44996858,-0.66380435,0
-0.71931696,1.8490715,-4.7398624,0.07049036,0.85400838,-0.51546162,0
4.5722818,-0.30319452,-2.3197541,0.59740442,-0.44996858,-0.66380435,0
-0.055163383,1.7918321,-4.6626749,0.07049036,0.85400838,-0.51546162,0
-0.33957672,-1.5975972,-5.7812796,-0.79883605,-0.26114732,-0.54190683,0
-4.1117306,2.3398616,-2.5972695,-0.79883605,-0.26114732,-0.54190683,0
0.077665329,2.1578832,5.4977131,-0.59740442,0.44996858,0.66380435,0
-0.99305964,-5.3955464,-3.4363971,-0.79883605,-0.26114732,-0.54190683,0
5.6667852,-0.35628033,-1.0838509,0.79883605,0.26114732,0.54190683,0
4.9679337,-2.1591091,-0.65818548,0.59740442,-0.44996858,-0.66380435,0
1.2551453,5.002243,3.3102505,0.79883605,0.26114732,0.54190683,0
-1.1149514,-1.7110156,4.7697563,-0.07049036,-0.85400838,0.51546162,0
-5.4653492,3.4362235,-1.2159865,-0.79883605,-0.26114732,-0.54190683,0
-4.9384933,-3.1718082,1.0798233,-0.79883605,-0.26114732,-0.54190683,0
-3.0331206,0.00020623207,-2.7776852,-0.79883605,-0.26114732,-0.54190683,0
-3.4116273,-2.3580813,-1.2603881,-0.79883605,-0.26114732,-0.54190683,0
5.0544081,-4.2302723,0.789114,0.59740442,-0.44996858,-0.66380435,0
-0.53143358,5.2564731,0.6967814,0.07049036,0.85400838,-0.51546162,0
4.7853799,-4.5575113,0.70455146,-0.07049036,-0.85400838,0.51546162,0
0.68770337,2.8519034,-2.8270967,0.07049036,0.85400838,-0.51546162,0
1.7668692,4.7455869,2.3362904,0.79883605,0.26114732,0.54190683,0
-4.5315819,0.2020793,2.6726861,-0.59740442,0.44996858,0.66380435,0
-2.0446014,0.034612417,-4.3782663,-0.79883605,-0.26114732,-0.54190683,0
-0.16617537,0.75580209,-6.5750923,0.07049036,0.85400838,-0.51546162,0
0.37343311,-4.1139402,1.3095814,-0.07049036,-0.85400838,0.51546162,0
-3.2072554,3.9927773,1.2940748,-0.59740442,0.44996858,0.66380435,0
1.2497129,2.9308412,-2.925416,0.07049036,0.85400838,-0.51546162,0
1.3625827,-2.8012776,3.1202435,-0.07049036,-0.85400838,0.51546162,0
-0.89639401,-3.0090749,-4.2417269,-0.79883605,-0.26114732,-0.54190683,0
-5.6779757,0.70537949,0.57657146,-0.79883605,-0.26114732,-0.54190683,0
0.71078515,2.2725773,-3.9409781,0.07049036,0.85400838,-0.51546162,0
3.0274589,-0.014165878,-3.8522978,0.59740442,-0.44996858,-0.66380435,0
3.3415165,-1.1022807,-2.8840563,0.59740442,-0.44996858,-0.66380435,0
-3.7310603,4.1616726,0.47257113,-0.59740442,0.44996858,0.66380435,0
4.9438672,1.5976465,-3.6010914,0.59740442,-0.44996858,-0.66380435,0
2.876411,-4.4079876,-1.0395813,0.59740442,-0.44996858,-0.66380435,0
0.67928576,3.2848721,5.1204786,0.79883605,0.26114732,0.54190683,0
1.125636,1.4111329,5.3991642,0.79883605,0.26114732,0.54190683,0
2.4101825,3.2805438,2.3987293,0.79883605,0.26114732,0.54190683,0
1.6691203,2.9348297,-2.8034148,0.07049036,0.85400838,-0.51546162,0
1.4300697,-5.2666898,-1.083698,-0.07049036,-0.85400838,0.51546162,0
-5.3634443,-2.6012664,1.9640551,-0.79883605,-0.26114732,-0.54190683,0
-0.36009407,3.2705905,-2.5978286,0.07049036,0.85400838,-0.51546162,0
-0.54939079,4.7459493,0.018891484,0.07049036,0.85400838,-0.51546162,0
1.4151232,-5.3173513,-1.1363983,-0.07049036,-0.85400838,0.51546162,0
-3.523632,4.346736,-1.1322336,0.07049036,0.85400838,-0.51546162,0
3.5250571,2.8788304,0.46442461,0.79883605,0.26114732,0.54190683,0
-0.84664726,3.3953249,-1.9152012,0.07049036,0.85400838,-0.51546162,0
-2.2939835,-2.1822407,3.589211,-0.07049036,-0.85400838,0.51546162,0
-5.8204741,-0.38540077,1.9395018,-0.59740442,0.44996858,0.66380435,0
0.4626627,5.3971286,3.3976803,-0.59740442,0.44996858,0.66380435,0
-2.6852109,0.17443609,-3.1653247,-0.79883605,-0.26114732,-0.54190683,0
-0.19166049,3.4017706,4.3101511,-0.59740442,0.44996858,0.66380435,0
0.7472744,1.1367103,6.050684,0.79883605,0.26114732,0.54190683,0
2.8116195,0.52639246,2.8561406,0.79883605,0.26114732,0.54190683,0
-3.3992958,-0.9847815,-1.8200425,-0.79883605,-0.26114732,-0.54190683,0
-1.3170295,2.2839539,-3.8168118,0.07049036,0.85400838,-0.51546162,0
-4.6870155,0.03083086,-0.58591294,-0.79883605,-0.26114732,-0.54190683,0
-2.7346089,-2.1462839,4.0515132,-0.07049036,-0.85400838,0.51546162,0
2.8982759,3.8108416,-1.2914227,0.07049036,0.85400838,-0.51546162,0
1.0722673,-3.2348266,-3.4068751,0.59740442,-0.44996858,-0.66380435,0
-0.10533452,-1.9358912,-5.6811819,0.59740442,-0.44996858,-0.66380435,0
4.4740558,-3.0318186,-0.89251709,0.59740442,-0.44996858,-0.66380435,0
-2.2185488,-0.39797664,5.3134184,-0.59740442,0.44996858,0.66380435,0
1.9719756,3.5399747,2.7656617,0.79883605,0.26114732,0.54190683,0
4.5180902,1.2031341,-3.4570918,0.59740442,-0.44996858,-0.66380435,0
-2.3065104,4.9876494,0.49434137,0.07049036,0.85400838,-0.51546162,0
5.3614044,0.98781729,-2.339555,0.59740442,-0.44996858,-0.66380435,0
1.6236572,5.6027579,2.5565042,0.79883605,0.26114732,0.54190683,0
4.9090948,-1.22348,-1.6303523,0.59740442,-0.44996858,-0.66380435,0
-2.7424579,0.53443336,-3.8084433,-0.79883605,-0.26114732,-0.54190683,0
