4.0030041,-1.7362615,4.3408861,0.3431173,-0.87848175,0.33247623,0
-2.3430343,5.5636315,3.0985634,-0.3431173,0.87848175,-0.33247623,0
-0.097151041,5.3051615,0.27878141,-0.3431173,0.87848175,-0.33247623,0
-5.7038422,2.2532139,-0.74563432,-0.90191829,-0.20928019,0.37781641,0
-1.6421286,-4.553278,-2.9485793,-0.26232406,-0.42950174,-0.86412632,0
-3.7713587,2.7319427,-2.3604586,-0.3431173,0.87848175,-0.33247623,0
4.8707724,-1.6039577,-1.5844872,0.90191829,0.20928019,-0.37781641,0
0.5548256,-0.086869597,5.4450936,0.26232406,0.42950174,0.86412632,0
-2.449204,2.5192618,5.4379034,0.26232406,0.42950174,0.86412632,0
4.9954238,-2.5035572,1.4782914,0.3431173,-0.87848175,0.33247623,0
-0.86355257,3.0625775,-4.8462496,-0.3431173,0.87848175,-0.33247623,0
4.118577,-0.33085632,-2.6471941,0.90191829,0.20928019,-0.37781641,0
-6.0885801,-1.434571,-3.3217978,-0.90191829,-0.20928019,0.37781641,0
3.5961826,-0.0044586658,-2.8067224,0.90191829,0.20928019,-0.37781641,0
-1.6238116,-2.0643041,7.0954251,0.26232406,0.42950174,0.86412632,0
-4.1976404,4.3189201,2.2053428,-0.3431173,0.87848175,-0.33247623,0
-3.0994294,-2.5339911,3.0522997,-0.90191829,-0.20928019,0.37781641,0
1.8360333,5.8110738,2.164237,0.26232406,0.42950174,0.86412632,0
5.2150865,-0.29801512,0.17977199,0.90191829,0.20928019,-0.37781641,0
1.4654291,-3.6571457,2.014447,0.3431173,-0.87848175,0.33247623,0
-0.25285447,-3.0943294,5.025681,0.3431173,-0.87848175,0.33247623,0
4.6034684,-1.8010472,4.1219535,0.3431173,-0.87848175,0.33247623,0
0.31133366,-5.5744066,-3.1460514,-0.26232406,-0.42950174,-0.86412632,0
-5.2112045,-1.4241502,-1.3123201,-0.90191829,-0.20928019,0.37781641,0
2.8423328,-4.4331331,-0.90475857,0.3431173,-0.87848175,0.33247623,0
-0.90751338,4.4887409,3.6252103,0.26232406,0.42950174,0.86412632,0
0.2897391,0.96222234,-6.5711036,-0.26232406,-0.42950174,-0.86412632,0
1.958256,6.569334,1.4827884,-0.3431173,0.87848175,-0.33247623,0
-5.5874968,-2.0912561,-2.9580073,-0.90191829,-0.20928019,0.37781641,0
0.32165384,-2.0581541,6.5347052,0.26232406,0.42950174,0.86412632,0
1.9903362,3.6720355,-4.8399305,0.90191829,0.20928019,-0.37781641,0
-0.34617138,4.8266873,-0.48916507,-0.3431173,0.87848175,-0.33247623,0
3.5544851,-0.57089162,-4.0377989,0.90191829,0.20928019,-0.37781641,0
-3.219497,2.3072941,-4.6525168,-0.3431173,0.87848175,-0.33247623,0
-1.3295329,-2.7793727,6.7058988,-0.90191829,-0.20928019,0.37781641,0
3.3725777,4.2570295,-1.7527869,0.90191829,0.20928019,-0.37781641,0
-2.7649887,3.4146569,-1.8961163,-0.3431173,0.87848175,-0.33247623,0
-3.7739642,1.913673,3.7302804,-0.90191829,-0.20928019,0.37781641,0
-4.37672,-5.2003751,-1.7550238,-0.90191829,-0.20928019,0.37781641,0
-1.3045151,2.5317845,4.7883801,0.26232406,0.42950174,0.86412632,0
-5.9648438,2.2742314,-1.0013438,-0.3431173,0.87848175,-0.33247623,0
3.9063368,-3.3584089,0.10433733,0.3431173,-0.87848175,0.33247623,0
0.44843864,-4.6943102,-3.6836739,-0.26232406,-0.42950174,-0.86412632,0
-3.051403,1.9514831,-4.9606376,-0.3431173,0.87848175,-0.33247623,0
1.2523661,3.767483,-5.1692872,-0.3431173,0.87848175,-0.33247623,0
0.34737301,3.8994391,-3.1915436,-0.3431173,0.87848175,-0.33247623,0
-4.2686315,3.0073574,-1.2861524,-0.3431173,0.87848175,-0.33247623,0
1.9980631,-4.2195463,0.061003923,0.3431173,-0.87848175,0.33247623,0
2.1502969,3.0548313,3.7838316,0.26232406,0.42950174,0.86412632,0
3.7336962,4.8282337,-0.22185177,0.90191829,0.20928019,-0.37781641,0
4.247365,-3.6134584,-3.9808931,0.90191829,0.20928019,-0.37781641,0
4.5786028,1.6716828,3.4008737,0.26232406,0.42950174,0.86412632,0
3.8235466,0.54598951,4.3297858,0.26232406,0.42950174,0.86412632,0
1.8290234,-2.3851964,-5.3846273,-0.26232406,-0.42950174,-0.86412632,0
-4.0583715,-4.6599374,-0.39467537,-0.90191829,-0.20928019,0.37781641,0
-1.4744711,-3.8241796,-3.6123419,-0.26232406,-0.42950174,-0.86412632,0
-3.5383587,1.1178367,3.6518545,-0.90191829,-0.20928019,0.37781641,0
3.3219686,-1.600638,5.6189613,0.26232406,0.42950174,0.86412632,0
-5.8466797,2.0279999,-2.5857854,-0.3431173,0.87848175,-0.33247623,0
-0.8791641,1.6623776,5.3481159,0.26232406,0.42950174,0.86412632,0
4.5408926,-1.1194255,-1.3094852,0.90191829,0.20928019,-0.37781641,0
-6.244978,-0.32070947,-2.7987099,-0.90191829,-0.20928019,0.37781641,0
-2.7469492,5.2846584,3.3050358,-0.3431173,0.87848175,-0.33247623,0
0.37241745,3.6336539,4.013752,0.26232406,0.42950174,0.86412632,0
-2.3489199,-2.8906202,-3.5064516,-0.26232406,-0.42950174,-0.86412632,0
-0.58455634,-3.8717439,-3.6082613,-0.26232406,-0.42950174,-0.86412632,0
4.8298321,2.9025304,1.137897,0.90191829,0.20928019,-0.37781641,0
-1.8774164,2.7374611,-3.8658142,-0.3431173,0.87848175,-0.33247623,0
-3.4971361,3.7266712,0.22150981,-0.3431173,0.87848175,-0.33247623,0
4.0548229,2.3588786,-0.83061546,0.90191829,0.20928019,-0.37781641,0
-1.5642195,-5.5271482,0.18351114,0.3431173,-0.87848175,0.33247623,0
-3.9335132,0.54617333,2.9345183,-0.90191829,-0.20928019,0.37781641,0
1.3161621,-2.9409254,4.9946036,0.3431173,-0.87848175,0.33247623,0
1.1889868,-5.4883647,-1.7300794,0.3431173,-0.87848175,0.33247623,0
3.7140036,-5.0166044,-3.4659436,0.3431173,-0.87848175,0.33247623,0
4.4599848,2.1599433,-0.23403165,0.90191829,0.20928019,-0.37781641,0
1.7485847,2.2159801,4.3619199,0.26232406,0.42950174,0.86412632,0
-4.2019863,1.5479146,-5.2378306,-0.26232406,-0.42950174,-0.86412632,0
-5.7880249,-0.57722187,-1.8619525,-0.90191829,-0.20928019,0.37781641,0
-2.1082172,-5.2068377,1.6036645,0.3431173,-0.87848175,0.33247623,0
4.9476824,-0.59586096,0.010754406,0.90191829,0.20928019,-0.37781641,0
3.8349857,-2.2628284,3.1428084,0.3431173,-0.87848175,0.33247623,0
0.45910597,-5.8928294,-2.6490605,0.3431173,-0.87848175,0.33247623,0
-5.6487856,1.0906684,-1.0505056,-0.90191829,-0.20928019,0.37781641,0
0.44555926,4.3982,-1.7765532,-0.3431173,0.87848175,-0.33247623,0
3.5580926,-1.9024556,5.1569805,0.3431173,-0.87848175,0.33247623,0
-3.008996,-0.70327926,4.1128054,-0.90191829,-0.20928019,0.37781641,0
2.9516644,-4.9595819,-2.101434,0.3431173,-0.87848175,0.33247623,0
-5.241106,2.2234924,-2.5209088,-0.3431173,0.87848175,-0.33247623,0
2.7217307,-0.93312508,5.3867865,0.26232406,0.42950174,0.86412632,0
-6.5895891,0.56886768,-3.8417749,-0.90191829,-0.20928019,0.37781641,0
5.585402,-1.1585281,0.58186662,0.90191829,0.20928019,-0.37781641,0
1.1039815,-5.2594919,-1.8731036,0.3431173,-0.87848175,0.33247623,0
1.2263861,-4.143651,1.3104845,0.3431173,-0.87848175,0.33247623,0
4.503264,1.6482177,-0.5399549,0.90191829,0.20928019,-0.37781641,0
3.7406397,3.0174515,-1.6230662,0.90191829,0.20928019,-0.37781641,0
3.1549993,1.0260856,-3.9665723,0.90191829,0.20928019,-0.37781641,0
4.6082263,-0.11208439,-1.3206706,0.90191829,0.20928019,-0.37781641,0
-1.8528975,-4.7768812,2.5381098,0.3431173,-0.87848175,0.33247623,0
1.4944844,-4.8321495,-3.8532443,-0.26232406,-0.42950174,-0.86412632,0
5.9329329,-1.2359159,1.9216316,0.90191829,0.20928019,-0.37781641,0
-0.57442188,5.7372308,2.1518896,-0.3431173,0.87848175,-0.33247623,0
3.1251624,-4.9209847,-2.18608,0.3431173,-0.87848175,0.33247623,0
-5.6801543,0.43091941,-4.1800671,-0.26232406,-0.42950174,-0.86412632,0
3.9565773,2.5590162,-1.5678201,0.90191829,0.20928019,-0.37781641,0
-4.8089471,-0.1612072,-4.3193831,-0.26232406,-0.42950174,-0.86412632,0
3.6890399,5.4872503,-0.13525939,0.90191829,0.20928019,-0.37781641,0
-3.0302138,-6.6996498,-1.5929806,-0.26232406,-0.42950174,-0.86412632,0
-0.56396127,-4.8992391,-3.0315535,-0.26232406,-0.42950174,-0.86412632,0
-0.40507513,-1.3648415,6.431386,0.26232406,0.42950174,0.86412632,0
5.0890522,-3.6083395,-1.7864487,0.90191829,0.20928019,-0.37781641,0
2.5542674,-4.1736441,0.30043614,0.3431173,-0.87848175,0.33247623,0
1.2604502,0.66849279,-6.3546677,-0.26232406,-0.42950174,-0.86412632,0
-2.4363782,-3.0511987,4.0671372,-0.90191829,-0.20928019,0.37781641,0
0.66842735,-1.2082257,-5.1880808,-0.26232406,-0.42950174,-0.86412632,0
3.8839555,5.1212864,2.0289707,0.26232406,0.42950174,0.86412632,0
-3.3836863,-6.2330408,-1.5515252,-0.26232406,-0.42950174,-0.86412632,0
6.1828756,-0.97325516,4.1389122,0.3431173,-0.87848175,0.33247623,0
-1.8852619,-1.3821628,6.2492318,-0.90191829,-0.20928019,0.37781641,0
-0.048239499,-0.38717246,6.1880984,0.26232406,0.42950174,0.86412632,0
1.8025876,2.7268846,-6.268559,0.90191829,0.20928019,-0.37781641,0
5.4675312,2.9928136,2.5361586,0.90191829,0.20928019,-0.37781641,0
-2.2579994,-3.5077331,5.019187,-0.90191829,-0.20928019,0.37781641,0
3.0771239,5.5049591,-1.6417291,0.90191829,0.20928019,-0.37781641,0
-4.1566682,0.80602545,-5.0747132,-0.26232406,-0.42950174,-0.86412632,0
-4.7916484,-1.4286726,-0.32980078,-0.90191829,-0.20928019,0.37781641,0
2.2569897,4.6356173,-3.863481,-0.3431173,0.87848175,-0.33247623,0
-0.7296887,-1.3642571,6.5559039,0.26232406,0.42950174,0.86412632,0
-3.3978789,-2.1088314,-3.5358043,-0.26232406,-0.42950174,-0.86412632,0
5.7291555,1.5084195,3.1872842,0.26232406,0.42950174,0.86412632,0
-1.7520549,-4.0122232,4.9156394,0.3431173,-0.87848175,0.33247623,0
-0.48911786,0.97085381,5.5761185,0.26232406,0.42950174,0.86412632,0
5.8799086,-2.2376037,0.62558508,0.90191829,0.20928019,-0.37781641,0
-4.0677724,-2.0111949,-3.3737006,-0.26232406,-0.42950174,-0.86412632,0
2.4856572,1.4187886,4.3237591,0.26232406,0.42950174,0.86412632,0
3.3390913,3.5709751,-2.3140643,0.90191829,0.20928019,-0.37781641,0
0.45406783,2.8984716,4.1387787,0.26232406,0.42950174,0.86412632,0
-2.2785769,-3.3947043,-3.6059666,-0.26232406,-0.42950174,-0.86412632,0
1.3540599,-4.071506,1.1731782,0.3431173,-0.87848175,0.33247623,0
-1.6703069,-3.4017115,5.9302988,-0.90191829,-0.20928019,0.37781641,0
1.1575303,-1.6203129,-5.2628059,-0.26232406,-0.42950174,-0.86412632,0
4.0530362,-4.8519559,-3.9574423,0.3431173,-0.87848175,0.33247623,0
-0.13301706,2.5958138,-6.2157907,-0.3431173,0.87848175,-0.33247623,0
3.937417,2.0465007,-1.6183372,0.90191829,0.20928019,-0.37781641,0
6.2999187,-1.1253552,2.2508948,0.90191829,0.20928019,-0.37781641,0
0.70157361,2.1560974,-7.2963352,-0.26232406,-0.42950174,-0.86412632,0
5.0680575,3.0333748,2.9458494,0.26232406,0.42950174,0.86412632,0
-0.57755232,2.0550909,-6.8585854,-0.26232406,-0.42950174,-0.86412632,0
4.4371543,-0.70966101,-2.2026906,0.90191829,0.20928019,-0.37781641,0
-4.6679158,-2.6586542,-2.9004731,-0.26232406,-0.42950174,-0.86412632,0
-2.1857781,-1.6961806,5.6792874,-0.90191829,-0.20928019,0.37781641,0
-6.2905922,1.8174613,-2.1496763,-0.3431173,0.87848175,-0.33247623,0
1.4538184,-1.0245911,-5.63938,-0.26232406,-0.42950174,-0.86412632,0
0.087804317,0.87524301,5.2253904,0.26232406,0.42950174,0.86412632,0
4.3624325,0.98138642,4.0162764,0.26232406,0.42950174,0.86412632,0
4.3002415,-1.0241861,-1.9990671,0.90191829,0.20928019,-0.37781641,0
6.2719784,-0.37023807,4.0395937,0.26232406,0.42950174,0.86412632,0
-1.4287871,-3.0647337,6.534626,0.3431173,-0.87848175,0.33247623,0
-5.172677,-3.7764122,-2.3234868,-0.90191829,-0.20928019,0.37781641,0
1.0481398,1.5950131,-6.6995354,-0.26232406,-0.42950174,-0.86412632,0
3.1475496,0.086932838,4.9779301,0.26232406,0.42950174,0.86412632,0
0.77879143,5.8562374,0.65643907,-0.3431173,0.87848175,-0.33247623,0
0.35440195,1.6062429,4.953856,0.26232406,0.42950174,0.86412632,0
-4.272985,-2.7528701,-0.095225096,-0.90191829,-0.20928019,0.37781641,0
-0.13657093,-3.3441718,4.2983894,0.3431173,-0.87848175,0.33247623,0
-4.4064922,1.1613293,2.041115,-0.90191829,-0.20928019,0.37781641,0
3.4154732,1.5009598,4.1902909,0.26232406,0.42950174,0.86412632,0
0.22013712,3.816375,3.6720796,0.26232406,0.42950174,0.86412632,0
-0.080382347,5.0889888,0.52879572,-0.3431173,0.87848175,-0.33247623,0
3.5551882,2.1906204,3.4885352,0.26232406,0.42950174,0.86412632,0
1.5175389,1.3087162,4.4454627,0.26232406,0.42950174,0.86412632,0
4.7967815,0.17118025,0.14520058,0.90191829,0.20928019,-0.37781641,0
3.5299125,0.96763003,4.1997604,0.26232406,0.42950174,0.86412632,0
2.4356751,-0.39149761,-6.1491737,0.90191829,0.20928019,-0.37781641,0
-1.459844,-1.6557522,7.1209435,0.26232406,0.42950174,0.86412632,0
2.1364648,3.1212382,-5.265554,0.90191829,0.20928019,-0.37781641,0
2.2022026,1.1570177,-6.0502663,0.90191829,0.20928019,-0.37781641,0
4.0207763,-2.1700063,3.43051,0.3431173,-0.87848175,0.33247623,0
-3.9622245,3.5942118,4.2259274,-0.90191829,-0.20928019,0.37781641,0
-0.164819,2.9312613,-5.8998179,-0.3431173,0.87848175,-0.33247623,0
-0.57344985,3.5589495,-3.956049,-0.3431173,0.87848175,-0.33247623,0
-2.6634674,-5.5414639,-2.1090248,-0.26232406,-0.42950174,-0.86412632,0
1.521781,0.41251424,5.2599106,0.26232406,0.42950174,0.86412632,0
-2.0996327,-0.94517016,6.3466315,-0.90191829,-0.20928019,0.37781641,0
4.4891005,-1.429769,-1.4839864,0.90191829,0.20928019,-0.37781641,0
5.7316875,-2.16154,2.4101095,0.3431173,-0.87848175,0.33247623,0
3.916707,-1.6472119,4.6352835,0.3431173,-0.87848175,0.33247623,0
-3.9483504,4.2552013,1.5299604,-0.3431173,0.87848175,-0.33247623,0
-2.9719312,-3.6142762,2.3959913,-0.90191829,-0.20928019,0.37781641,0
0.091468841,0.85208178,-6.0968342,-0.26232406,-0.42950174,-0.86412632,0
2.5139358,4.472734,2.9570513,0.26232406,0.42950174,0.86412632,0
-1.9002013,-4.8601532,3.2242794,0.3431173,-0.87848175,0.33247623,0
6.6764474,-1.0507677,4.0738792,0.3431173,-0.87848175,0.33247623,0
0.60594201,-4.146862,2.4218884,0.3431173,-0.87848175,0.33247623,0
3.1374023,4.6593361,-1.5600575,0.90191829,0.20928019,-0.37781641,0
1.9414699,2.8339541,3.9294739,0.26232406,0.42950174,0.86412632,0
-0.44051409,5.5162067,1.5939778,-0.3431173,0.87848175,-0.33247623,0
-5.484272,-2.7634444,-2.8426371,-0.26232406,-0.42950174,-0.86412632,0
0.034850597,-2.1983676,-4.9036813,-0.26232406,-0.42950174,-0.86412632,0
2.5055373,0.72869921,-5.0133667,0.90191829,0.20928019,-0.37781641,0
5.1107311,2.3484199,1.3316503,0.90191829,0.20928019,-0.37781641,0
5.8430543,-0.15258193,2.0561442,0.90191829,0.20928019,-0.37781641,0
-2.3630638,-2.25475,5.3045959,-0.90191829,-0.20928019,0.37781641,0
0.5209415,3.5032601,4.053504,0.26232406,0.42950174,0.86412632,0
-5.6603169,1.768294,-2.9061799,-0.3431173,0.87848175,-0.33247623,0
1.6750259,-4.9595342,-3.8496656,-0.26232406,-0.42950174,-0.86412632,0
-3.1586118,-5.6475983,1.2724608,0.3431173,-0.87848175,0.33247623,0
1.9381256,0.51690114,5.0530558,0.26232406,0.42950174,0.86412632,0
-1.2843151,-1.3221004,6.6302962,0.26232406,0.42950174,0.86412632,0
3.4182484,-1.4362144,-4.2379341,0.90191829,0.20928019,-0.37781641,0
3.19314,5.1197243,2.2304766,0.26232406,0.42950174,0.86412632,0
-4.0413766,3.2303462,-1.2354257,-0.3431173,0.87848175,-0.33247623,0
1.4711339,1.7436757,4.5284691,0.26232406,0.42950174,0.86412632,0
2.7778058,-3.7181005,0.44848728,0.3431173,-0.87848175,0.33247623,0
-2.2579033,2.8909998,-3.7154617,-0.3431173,0.87848175,-0.33247623,0
4.9615326,0.14379263,0.40423864,0.90191829,0.20928019,-0.37781641,0
-1.3960358,-2.8097813,6.9989481,0.3431173,-0.87848175,0.33247623,0
-0.81082523,2.1794684,-6.6594963,-0.26232406,-0.42950174,-0.86412632,0
0.26330233,-5.6681924,-1.8811656,0.3431173,-0.87848175,0.33247623,0
1.6606956,-4.5287266,-3.935499,-0.26232406,-0.42950174,-0.86412632,0
4.2690196,-0.05812335,-2.0834601,0.90191829,0.20928019,-0.37781641,0
1.1933582,-3.5523605,2.3650818,0.3431173,-0.87848175,0.33247623,0
0.54897118,-3.4302373,4.4952378,0.3431173,-0.87848175,0.33247623,0
-1.2230847,4.3854241,-0.65748423,-0.3431173,0.87848175,-0.33247623,0
-0.86992973,-1.3631208,6.6662602,0.26232406,0.42950174,0.86412632,0
1.8461089,6.4278955,1.7539456,-0.3431173,0.87848175,-0.33247623,0
2.4075484,1.8909764,-4.8568811,0.90191829,0.20928019,-0.37781641,0
2.7085643,-1.8406903,5.6661043,0.3431173,-0.87848175,0.33247623,0
4.047019,-3.9124694,-4.3300214,0.90191829,0.20928019,-0.37781641,0
-4.2226453,2.5510476,3.0037894,-0.90191829,-0.20928019,0.37781641,0
3.7529259,-1.4411092,5.4737916,0.26232406,0.42950174,0.86412632,0
-1.6215148,-2.13306,6.6615024,-0.90191829,-0.20928019,0.37781641,0
-0.50203729,0.24309087,-5.9015937,-0.26232406,-0.42950174,-0.86412632,0
-6.6317725,1.3859917,-3.5672255,-0.3431173,0.87848175,-0.33247623,0
1.7136664,-3.2670643,3.3716731,0.3431173,-0.87848175,0.33247623,0
2.7504342,-3.9719546,-0.240206,0.3431173,-0.87848175,0.33247623,0
0.86198056,2.3263671,-7.1517811,-0.26232406,-0.42950174,-0.86412632,0
0.95111328,0.27868104,-6.249753,-0.26232406,-0.42950174,-0.86412632,0
4.7961831,-1.1247425,-1.3725131,0.90191829,0.20928019,-0.37781641,0
3.4246962,-2.7904963,-5.1986818,0.90191829,0.20928019,-0.37781641,0
3.1012363,-1.1879963,5.2287745,0.26232406,0.42950174,0.86412632,0
-3.1031969,-6.6058054,-1.384692,-0.26232406,-0.42950174,-0.86412632,0
-3.968883,-4.8377891,-0.29210126,-0.90191829,-0.20928019,0.37781641,0
1.8205981,2.6378689,3.8558502,0.26232406,0.42950174,0.86412632,0
-3.861573,-6.4286261,-0.47976506,-0.90191829,-0.20928019,0.37781641,0
3.4959016,-3.6229072,0.20442152,0.3431173,-0.87848175,0.33247623,0
-0.34141731,-4.6999941,-3.4545107,-0.26232406,-0.42950174,-0.86412632,0
-4.8787193,-2.1464212,-3.1806703,-0.26232406,-0.42950174,-0.86412632,0
-0.80908346,2.418273,-5.724134,-0.3431173,0.87848175,-0.33247623,0
0.15567684,-5.7879772,-2.9015794,-0.26232406,-0.42950174,-0.86412632,0
-4.1232252,-2.8921213,0.95168447,-0.90191829,-0.20928019,0.37781641,0
-2.8081264,1.3040483,5.4204211,-0.90191829,-0.20928019,0.37781641,0
-4.4214759,-1.9303472,-3.7121108,-0.26232406,-0.42950174,-0.86412632,0
0.62852526,-3.2082696,4.3593416,0.3431173,-0.87848175,0.33247623,0
3.3031461,-2.4969296,3.5123279,0.3431173,-0.87848175,0.33247623,0
5.0437493,-3.804635,-1.847249,0.90191829,0.20928019,-0.37781641,0
-2.2761402,5.0176697,2.1137118,-0.3431173,0.87848175,-0.33247623,0
-4.5379434,-1.7451484,-3.7311656,-0.26232406,-0.42950174,-0.86412632,0
3.8897295,0.85006356,-2.6213481,0.90191829,0.20928019,-0.37781641,0
-1.1647727,-6.0358877,-2.4701247,-0.26232406,-0.42950174,-0.86412632,0
-2.0094216,-2.6458714,-3.72575,-0.26232406,-0.42950174,-0.86412632,0
-4.4360313,-3.8338046,-2.4056609,-0.26232406,-0.42950174,-0.86412632,0
0.039974689,-5.819675,-1.4025025,0.3431173,-0.87848175,0.33247623,0
3.9788256,3.7481711,-0.29437256,0.90191829,0.20928019,-0.37781641,0
1.9448104,2.6676836,3.6588023,0.26232406,0.42950174,0.86412632,0
-0.30558324,4.6225152,-1.2673358,-0.3431173,0.87848175,-0.33247623,0
-5.147831,-1.8936582,-1.2899497,-0.90191829,-0.20928019,0.37781641,0
-1.0573542,-3.5569363,4.7171822,0.3431173,-0.87848175,0.33247623,0
2.8549891,-5.1839685,-4.1657982,-0.26232406,-0.42950174,-0.86412632,0
2.1742978,-2.7283885,3.9001143,0.3431173,-0.87848175,0.33247623,0
1.0416343,4.8586693,-1.205714,-0.3431173,0.87848175,-0.33247623,0
2.7878332,3.4356408,-3.1438074,0.90191829,0.20928019,-0.37781641,0
3.750844,4.9208097,2.3821447,0.26232406,0.42950174,0.86412632,0
5.4646282,1.5076954,1.7587932,0.90191829,0.20928019,-0.37781641,0
0.3143782,-1.0688436,-5.2872901,-0.26232406,-0.42950174,-0.86412632,0
-0.39922285,4.4305124,3.7020144,0.26232406,0.42950174,0.86412632,0
3.4942932,-2.833992,2.142483,0.3431173,-0.87848175,0.33247623,0
0.46101379,-5.5635433,-1.0903271,0.3431173,-0.87848175,0.33247623,0
-3.884439,-3.4512794,-2.7374027,-0.26232406,-0.42950174,-0.86412632,0
2.6358809,1.793565,-4.6168151,0.90191829,0.20928019,-0.37781641,0
-0.25504053,-0.17899442,5.8904114,0.26232406,0.42950174,0.86412632,0
-0.60490704,-6.2043405,-1.7912467,0.3431173,-0.87848175,0.33247623,0
3.1085513,-2.8745475,-5.4354811,-0.26232406,-0.42950174,-0.86412632,0
-1.0221171,5.0974765,1.1274899,-0.3431173,0.87848175,-0.33247623,0
-3.3867264,4.4952359,2.0949364,-0.3431173,0.87848175,-0.33247623,0
1.8962579,1.4024541,-7.022408,0.90191829,0.20928019,-0.37781641,0
-0.25553739,-2.798454,6.2960176,0.3431173,-0.87848175,0.33247623,0
0.3213774,3.2251544,-4.9000621,-0.3431173,0.87848175,-0.33247623,0
3.0828753,1.9268463,-3.8911061,0.90191829,0.20928019,-0.37781641,0
-4.2804217,1.2573264,2.8686783,-0.90191829,-0.20928019,0.37781641,0
3.8587108,0.10347486,4.5983806,0.26232406,0.42950174,0.86412632,0
1.8979859,5.2817507,2.6728568,0.26232406,0.42950174,0.86412632,0
-2.0539863,3.6881022,-1.4239872,-0.3431173,0.87848175,-0.33247623,0
3.8246822,1.7985237,-1.5342071,0.90191829,0.20928019,-0.37781641,0
1.5081382,-2.8242588,-4.6957355,-0.26232406,-0.42950174,-0.86412632,0
-2.1088703,4.3241882,-0.17111588,-0.3431173,0.87848175,-0.33247623,0
5.5752563,-2.2687845,-0.26322412,0.90191829,0.20928019,-0.37781641,0
0.56470227,-4.0964928,2.4373441,0.3431173,-0.87848175,0.33247623,0
-1.1205924,3.0992494,-4.0894718,-0.3431173,0.87848175,-0.33247623,0
-3.4334908,-5.6215582,0.072907567,-0.90191829,-0.20928019,0.37781641,0
-1.205132,-3.0449986,-3.9846311,-0.26232406,-0.42950174,-0.86412632,0
4.1956162,-2.4183195,-3.0998669,0.90191829,0.20928019,-0.37781641,0
-0.76181233,-3.3192837,-3.8609626,-0.26232406,-0.42950174,-0.86412632,0
3.034112,0.16800427,-4.06107,0.90191829,0.20928019,-0.37781641,0
-4.8455191,3.6914597,1.3320925,-0.3431173,0.87848175,-0.33247623,0
0.085618019,-5.0965896,-0.4675169,0.3431173,-0.87848175,0.33247623,0
-2.4669147,5.3717999,3.4608099,-0.3431173,0.87848175,-0.33247623,0
3.9716606,-1.5707542,5.1192493,0.3431173,-0.87848175,0.33247623,0
0.064821601,2.0213039,-6.6588941,-0.26232406,-0.42950174,-0.86412632,0
-3.3511868,1.724646,4.3823333,-0.90191829,-0.20928019,0.37781641,0
-4.6760693,-3.7105477,-1.5781815,-0.90191829,-0.20928019,0.37781641,0
4.0561132,5.1722341,1.9040804,0.26232406,0.42950174,0.86412632,0
-2.0334904,-1.281148,6.7290101,-0.90191829,-0.20928019,0.37781641,0
2.6331944,4.1780539,-3.0767605,0.90191829,0.20928019,-0.37781641,0
4.0926547,4.6340504,0.15789533,0.90191829,0.20928019,-0.37781641,0
-3.0120227,-5.0418906,2.0304604,-0.90191829,-0.20928019,0.37781641,0
-1.253047,5.7010498,3.2376032,0.26232406,0.42950174,0.86412632,0
-4.9968967,-3.390928,-1.894758,-0.90191829,-0.20928019,0.37781641,0
4.6379991,-2.2143741,-2.5161154,0.90191829,0.20928019,-0.37781641,0
4.8307676,-0.29608119,4.4828811,0.26232406,0.42950174,0.86412632,0
-4.2425442,3.2192199,-0.30956721,-0.3431173,0.87848175,-0.33247623,0
2.9792953,6.6262321,0.65607357,-0.3431173,0.87848175,-0.33247623,0
-4.8549695,-3.4828701,-1.1596596,-0.90191829,-0.20928019,0.37781641,0
-2.9663272,-4.8316064,2.3363733,-0.90191829,-0.20928019,0.37781641,0
-1.9590113,-5.7507668,0.41625333,0.3431173,-0.87848175,0.33247623,0
-2.2449043,-6.4635181,-1.1487271,0.3431173,-0.87848175,0.33247623,0
-2.4991517,-2.9408586,4.6667323,-0.90191829,-0.20928019,0.37781641,0
3.3421412,-3.676693,-0.18921292,0.3431173,-0.87848175,0.33247623,0
-4.8547425,0.63366985,0.69677985,-0.90191829,-0.20928019,0.37781641,0
-2.4091597,5.25982,3.0220156,-0.3431173,0.87848175,-0.33247623,0
6.0848641,-0.515589,2.4021671,0.90191829,0.20928019,-0.37781641,0
0.90060806,-4.7252793,-3.5677137,-0.26232406,-0.42950174,-0.86412632,0
-1.8478587,0.7359013,-5.3621135,-0.26232406,-0.42950174,-0.86412632,0
4.0247421,-3.9947131,-1.5161299,0.3431173,-0.87848175,0.33247623,0
-3.7733335,1.5187154,-5.1371336,-0.3431173,0.87848175,-0.33247623,0
-0.04716301,-2.216011,-4.8577909,-0.26232406,-0.42950174,-0.86412632,0
-2.7965121,1.0266395,5.7563229,-0.90191829,-0.20928019,0.37781641,0
-2.3573117,-1.4641482,-4.293891,-0.26232406,-0.42950174,-0.86412632,0
3.8492496,1.1639237,-2.2519515,0.90191829,0.20928019,-0.37781641,0
1.1411343,-2.81002,-4.627183,-0.26232406,-0.42950174,-0.86412632,0
-5.673234,0.73365498,-1.3064654,-0.90191829,-0.20928019,0.37781641,0
1.7728412,6.0708685,1.0565898,-0.3431173,0.87848175,-0.33247623,0
3.3815644,4.813508,2.3837554,0.26232406,0.42950174,0.86412632,0
5.6900916,1.6859021,3.2908027,0.26232406,0.42950174,0.86412632,0
-0.27861476,2.2502549,4.9245667,0.26232406,0.42950174,0.86412632,0
-0.27102339,2.4538276,-6.5850763,-0.3431173,0.87848175,-0.33247623,0
0.26498842,-4.8341203,1.0484846,0.3431173,-0.87848175,0.33247623,0
-5.4994063,0.0029728413,-1.4256195,-0.90191829,-0.20928019,0.37781641,0
0.11675501,3.7274244,-3.4640512,-0.3431173,0.87848175,-0.33247623,0
1.775708,1.292115,-6.8710966,-0.26232406,-0.42950174,-0.86412632,0
-2.0179639,0.11230493,-5.4336715,-0.26232406,-0.42950174,-0.86412632,0
5.3901925,-2.6479287,-0.92317212,0.90191829,0.20928019,-0.37781641,0
1.3129841,0.069324732,-6.1785965,-0.26232406,-0.42950174,-0.86412632,0
-4.9615269,-0.67763424,0.063969061,-0.90191829,-0.20928019,0.37781641,0
3.8520737,2.0778587,3.6363277,0.26232406,0.42950174,0.86412632,0
6.3219776,-1.1885343,2.4349658,0.90191829,0.20928019,-0.37781641,0
3.0732017,-0.093868941,4.8968406,0.26232406,0.42950174,0.86412632,0
-0.25923967,2.1122372,-6.8227735,-0.26232406,-0.42950174,-0.86412632,0
2.5662098,3.8302417,3.2744846,0.26232406,0.42950174,0.86412632,0
-1.0842955,-3.1719568,-3.7508414,-0.26232406,-0.42950174,-0.86412632,0
-4.7225471,3.3116338,2.2704711,-0.90191829,-0.20928019,0.37781641,0
-5.4655552,-1.4246669,-1.8822385,-0.90191829,-0.20928019,0.37781641,0
1.342648,4.4987388,3.1113691,0.26232406,0.42950174,0.86412632,0
-1.2030139,-3.3346028,5.4229655,0.3431173,-0.87848175,0.33247623,0
5.3589296,-1.0702622,-0.0098701715,0.90191829,0.20928019,-0.37781641,0
-2.0735314,4.2865558,0.38130939,-0.3431173,0.87848175,-0.33247623,0
5.6143441,-0.83891296,1.0037284,0.90191829,0.20928019,-0.37781641,0
2.8387158,-4.1394029,-0.36775982,0.3431173,-0.87848175,0.33247623,0
1.0113295,-2.1717997,6.754282,0.26232406,0.42950174,0.86412632,0
6.0067158,-1.6000352,1.7205347,0.90191829,0.20928019,-0.37781641,0
2.3801098,-2.3239646,4.9393668,0.3431173,-0.87848175,0.33247623,0
-1.1894157,3.894944,-1.9313195,-0.3431173,0.87848175,-0.33247623,0
-3.0006862,-1.7322886,4.1118073,-0.90191829,-0.20928019,0.37781641,0
-3.5511646,0.74754393,-5.1234069,-0.26232406,-0.42950174,-0.86412632,0
-2.380408,3.3754885,-2.4205132,-0.3431173,0.87848175,-0.33247623,0
-4.9929972,-2.5364883,-0.90204972,-0.90191829,-0.20928019,0.37781641,0
-0.90646935,-1.6696932,7.0865307,0.26232406,0.42950174,0.86412632,0
1.4943969,4.9276676,3.0404267,0.26232406,0.42950174,0.86412632,0
-2.579829,-0.070171356,5.9647961,-0.90191829,-0.20928019,0.37781641,0
2.9394534,-4.7197437,-2.5133102,0.3431173,-0.87848175,0.33247623,0
4.3999166,-4.0543327,-1.206323,0.3431173,-0.87848175,0.33247623,0
-2.0762739,-5.8727918,-2.1528659,-0.26232406,-0.42950174,-0.86412632,0
-0.2593708,5.7104197,1.347617,-0.3431173,0.87848175,-0.33247623,0
2.2789874,6.2988491,1.7655104,0.26232406,0.42950174,0.86412632,0
-1.6678568,-3.1406376,6.6896524,-0.90191829,-0.20928019,0.37781641,0
4.8374696,-2.0046906,3.7348914,0.3431173,-0.87848175,0.33247623,0
-0.85298133,4.4983478,3.6208572,0.26232406,0.42950174,0.86412632,0
-4.7977643,2.6037712,2.1447458,-0.90191829,-0.20928019,0.37781641,0
-3.358717,4.7148237,1.8257635,-0.3431173,0.87848175,-0.33247623,0
-1.6341898,-0.41414952,6.2996912,0.26232406,0.42950174,0.86412632,0
-1.3917736,-3.3174443,6.3302608,-0.90191829,-0.20928019,0.37781641,0
2.1729081,5.1940908,2.5111208,0.26232406,0.42950174,0.86412632,0
-2.5874963,-3.1680241,3.5571151,-0.90191829,-0.20928019,0.37781641,0
-6.05865,-0.19161725,-4.0051851,-0.26232406,-0.42950174,-0.86412632,0
-2.7594781,5.1162505,2.335114,-0.3431173,0.87848175,-0.33247623,0
-4.3504133,-0.11131799,-4.5623474,-0.26232406,-0.42950174,-0.86412632,0
-3.5362921,3.01685,-2.1120782,-0.3431173,0.87848175,-0.33247623,0
3.3376284,-2.1680963,4.1831484,0.3431173,-0.87848175,0.33247623,0
3.7287312,5.1815863,0.29156768,0.90191829,0.20928019,-0.37781641,0
-5.9746075,1.170114,-1.3891367,-0.90191829,-0.20928019,0.37781641,0
1.1954484,-3.3667107,3.845612,0.3431173,-0.87848175,0.33247623,0
-6.579174,1.1082134,-3.9714537,-0.3431173,0.87848175,-0.33247623,0
-4.3808899,3.6225655,0.21682286,-0.3431173,0.87848175,-0.33247623,0
0.89405298,5.2626729,-0.16024804,-0.3431173,0.87848175,-0.33247623,0
1.9624996,-0.67614174,-6.2152271,-0.26232406,-0.42950174,-0.86412632,0
3.484786,2.4899633,-1.8875567,0.90191829,0.20928019,-0.37781641,0
0.59240234,-2.2457221,6.4872637,0.3431173,-0.87848175,0.33247623,0
0.062272072,-5.8534641,-2.6715212,-0.26232406,-0.42950174,-0.86412632,0
-4.42729,2.5528784,2.2526717,-0.90191829,-0.20928019,0.37781641,0
-3.4635201,-5.3812504,-1.9099271,-0.26232406,-0.42950174,-0.86412632,0
-1.8519808,2.6689999,-4.8676028,-0.3431173,0.87848175,-0.33247623,0
0.50867367,-5.7010112,-3.2565866,-0.26232406,-0.42950174,-0.86412632,0
-6.0645137,1.762086,-3.1722853,-0.3431173,0.87848175,-0.33247623,0
4.8869963,-1.2251406,-1.0425493,0.90191829,0.20928019,-0.37781641,0
-3.6585166,-0.85310781,-4.3837948,-0.26232406,-0.42950174,-0.86412632,0
4.0855331,1.7875024,3.7404232,0.26232406,0.42950174,0.86412632,0
-4.675755,3.8608687,1.3140979,-0.3431173,0.87848175,-0.33247623,0
4.8628788,-2.3042626,2.6420228,0.3431173,-0.87848175,0.33247623,0
3.7090647,-4.7186203,-2.7576737,0.3431173,-0.87848175,0.33247623,0
0.87779051,2.9901569,-6.8465199,-0.3431173,0.87848175,-0.33247623,0
-3.5305972,-2.1461957,2.6972942,-0.90191829,-0.20928019,0.37781641,0
-2.879909,-4.0514736,3.0583179,-0.90191829,-0.20928019,0.37781641,0
2.6753294,0.24549773,4.8160057,0.26232406,0.42950174,0.86412632,0
-4.4654503,-1.500021,-0.080991544,-0.90191829,-0.20928019,0.37781641,0
5.1554637,-0.72233152,4.4562635,0.26232406,0.42950174,0.86412632,0
5.7319183,1.4448216,2.1713951,0.90191829,0.20928019,-0.37781641,0
5.6911411,0.46660304,3.6789055,0.26232406,0.42950174,0.86412632,0
-2.4788969,0.17015958,5.9266901,-0.90191829,-0.20928019,0.37781641,0
-0.84429801,-3.1686974,6.4329348,0.3431173,-0.87848175,0.33247623,0
2.8314567,6.1093807,-0.27054083,-0.3431173,0.87848175,-0.33247623,0
2.5914264,1.5242581,4.2414365,0.26232406,0.42950174,0.86412632,0
-2.3034317,-4.2225237,-2.9169128,-0.26232406,-0.42950174,-0.86412632,0
1.9594419,3.7057157,-4.7949739,0.90191829,0.20928019,-0.37781641,0
4.1977453,-1.3323396,5.1922741,0.3431173,-0.87848175,0.33247623,0
1.146874,4.5458488,3.3528538,0.26232406,0.42950174,0.86412632,0
1.0796653,2.0577798,4.6277928,0.26232406,0.42950174,0.86412632,0
3.5928092,-0.95123041,4.986702,0.26232406,0.42950174,0.86412632,0
-2.100409,2.1225216,5.2606997,0.26232406,0.42950174,0.86412632,0
2.1037509,-0.96655345,-5.9715576,-0.26232406,-0.42950174,-0.86412632,0
1.5804486,-3.269089,2.887707,0.3431173,-0.87848175,0.33247623,0
5.9765482,-0.61121368,4.1035175,0.26232406,0.42950174,0.86412632,0
1.5844527,2.2268939,-6.6303196,0.90191829,0.20928019,-0.37781641,0
-6.7968969,0.87446785,-3.4114037,-0.90191829,-0.20928019,0.37781641,0
1.7561183,5.6463547,2.3318765,0.26232406,0.42950174,0.86412632,0
-2.6078291,-1.5751047,4.392375,-0.90191829,-0.20928019,0.37781641,0
3.2153759,-5.2744784,-4.2990303,-0.26232406,-0.42950174,-0.86412632,0
1.2802383,3.9249487,-4.9334612,-0.3431173,0.87848175,-0.33247623,0
-1.6268821,0.18272007,-5.3058171,-0.26232406,-0.42950174,-0.86412632,0
2.3998461,5.7232656,2.3809869,0.26232406,0.42950174,0.86412632,0
2.3541439,-3.628206,1.9363741,0.3431173,-0.87848175,0.33247623,0
2.9472923,2.8641696,-2.9263916,0.90191829,0.20928019,-0.37781641,0
0.24669015,-2.6643329,5.7626629,0.3431173,-0.87848175,0.33247623,0
-2.8804348,4.5142355,4.4773345,0.26232406,0.42950174,0.86412632,0
2.2147117,5.5897083,2.2700162,0.26232406,0.42950174,0.86412632,0
-0.41412044,-2.6638296,6.3985119,0.3431173,-0.87848175,0.33247623,0
0.94610888,-0.22408795,5.61764,0.26232406,0.42950174,0.86412632,0
3.8411665,3.8422945,-0.4494825,0.90191829,0.20928019,-0.37781641,0
-2.182394,-6.5844927,-1.9890037,-0.26232406,-0.42950174,-0.86412632,0
2.093864,4.0417757,-4.8311791,0.90191829,0.20928019,-0.37781641,0
-0.64234471,4.8182774,3.5251484,0.26232406,0.42950174,0.86412632,0
-0.50466967,2.6035314,-5.6110911,-0.3431173,0.87848175,-0.33247623,0
-0.20975661,5.3207173,0.37223375,-0.3431173,0.87848175,-0.33247623,0
-6.4070992,1.2716064,-3.540442,-0.3431173,0.87848175,-0.33247623,0
-4.6691284,2.6504929,-2.2674563,-0.3431173,0.87848175,-0.33247623,0
-0.089548588,2.5566931,-6.37744,-0.3431173,0.87848175,-0.33247623,0
-4.1909037,-5.6485386,-1.6111982,-0.26232406,-0.42950174,-0.86412632,0
2.692189,2.2209799,-4.1732717,0.90191829,0.20928019,-0.37781641,0
-2.9812105,-1.9848018,3.9753034,-0.90191829,-0.20928019,0.37781641,0
2.6954477,5.5827293,-1.8347641,-0.3431173,0.87848175,-0.33247623,0
-3.9016826,1.7464919,3.9918642,-0.90191829,-0.20928019,0.37781641,0
-2.6326609,5.3518143,3.3718386,-0.3431173,0.87848175,-0.33247623,0
1.5950816,0.87195468,-6.7609348,-0.26232406,-0.42950174,-0.86412632,0
-5.4888358,-2.1885567,-2.0389061,-0.90191829,-0.20928019,0.37781641,0
-1.9605746,-5.4219055,0.66874087,0.3431173,-0.87848175,0.33247623,0
4.9878125,0.32751775,-0.24788564,0.90191829,0.20928019,-0.37781641,0
-0.69024086,5.5683575,2.3875651,-0.3431173,0.87848175,-0.33247623,0
-3.3726251,3.8980062,0.350986,-0.3431173,0.87848175,-0.33247623,0
-1.7269764,-3.2062337,5.6314631,-0.90191829,-0.20928019,0.37781641,0
-4.9543099,1.6011126,-3.9904099,-0.3431173,0.87848175,-0.33247623,0
2.3349888,1.0105975,-5.4147105,0.90191829,0.20928019,-0.37781641,0
-1.6972259,-4.6119642,2.7410517,0.3431173,-0.87848175,0.33247623,0
5.0022221,0.48514032,0.54865175,0.90191829,0.20928019,-0.37781641,0
2.9665318,2.8510396,-3.023375,0.90191829,0.20928019,-0.37781641,0
-0.13292837,4.4536753,-1.750607,-0.3431173,0.87848175,-0.33247623,0
-1.3362887,-6.1064281,-1.7307329,0.3431173,-0.87848175,0.33247623,0
-3.7935925,0.57595307,-4.9710636,-0.26232406,-0.42950174,-0.86412632,0
-1.0668495,-2.0184703,7.0358953,0.26232406,0.42950174,0.86412632,0
4.7103391,-0.34097266,-0.38367915,0.90191829,0.20928019,-0.37781641,0
3.8198328,2.1833994,-1.8589606,0.90191829,0.20928019,-0.37781641,0
-4.3128185,-3.7977676,-0.76275122,-0.90191829,-0.20928019,0.37781641,0
0.61628771,2.7450101,-6.3561954,-0.3431173,0.87848175,-0.33247623,0
-1.1170683,3.3401055,-3.6450558,-0.3431173,0.87848175,-0.33247623,0
2.0335941,-5.2951813,-2.7702453,0.3431173,-0.87848175,0.33247623,0
-4.3447199,-0.62374067,1.718639,-0.90191829,-0.20928019,0.37781641,0
-3.2327855,2.3420885,5.2491236,-0.90191829,-0.20928019,0.37781641,0
3.7980273,2.4795399,-1.270874,0.90191829,0.20928019,-0.37781641,0
-3.0573947,-1.2723739,4.3346028,-0.90191829,-0.20928019,0.37781641,0
5.4065409,-0.17623687,4.1402111,0.26232406,0.42950174,0.86412632,0
-3.9986224,1.31093,3.5844278,-0.90191829,-0.20928019,0.37781641,0
1.110146,-5.6675611,-2.1329498,0.3431173,-0.87848175,0.33247623,0
1.0515478,3.4156585,-5.9473748,-0.3431173,0.87848175,-0.33247623,0
-3.3539033,-5.3493776,-2.2300348,-0.26232406,-0.42950174,-0.86412632,0
-6.4122343,0.13253736,-2.9175668,-0.90191829,-0.20928019,0.37781641,0
3.6677175,3.6771901,-1.5166583,0.90191829,0.20928019,-0.37781641,0
4.252305,-2.3516982,-3.2408915,0.90191829,0.20928019,-0.37781641,0
-0.17545557,3.9549544,3.6881564,0.26232406,0.42950174,0.86412632,0
3.2619953,-3.8503892,-4.9951143,-0.26232406,-0.42950174,-0.86412632,0
-5.4440641,0.91691494,-0.38109291,-0.90191829,-0.20928019,0.37781641,0
4.466754,-2.5884743,2.5153053,0.3431173,-0.87848175,0.33247623,0
-2.9290276,-4.8026037,1.7778497,-0.90191829,-0.20928019,0.37781641,0
3.7809615,-4.1062522,-1.031535,0.3431173,-0.87848175,0.33247623,0
-0.82197225,-0.5891037,-5.2422509,-0.26232406,-0.42950174,-0.86412632,0
-2.4496057,-2.6536329,4.2722473,-0.90191829,-0.20928019,0.37781641,0
2.0689759,6.3094001,2.1178138,0.26232406,0.42950174,0.86412632,0
0.98464656,-3.6130724,2.9066329,0.3431173,-0.87848175,0.33247623,0
-0.14742327,2.6726665,4.3712058,0.26232406,0.42950174,0.86412632,0
5.0053644,-1.0638549,-0.51967245,0.90191829,0.20928019,-0.37781641,0
-3.0727575,-1.4204408,-4.3151917,-0.26232406,-0.42950174,-0.86412632,0
-0.33005929,-5.4862227,-1.0651706,0.3431173,-0.87848175,0.33247623,0
2.3678789,-0.91814995,5.5867267,0.26232406,0.42950174,0.86412632,0
3.8291776,-3.8282299,-5.0607624,0.90191829,0.20928019,-0.37781641,0
-3.9139969,2.3395839,3.8611307,-0.90191829,-0.20928019,0.37781641,0
-3.3387225,4.3464479,0.79975319,-0.3431173,0.87848175,-0.33247623,0
-2.1551297,-4.1060324,4.6968918,0.3431173,-0.87848175,0.33247623,0
5.2944989,-3.3827736,-1.0723614,0.90191829,0.20928019,-0.37781641,0
1.4917347,-3.7936096,2.0259478,0.3431173,-0.87848175,0.33247623,0
-4.0416174,-0.99416208,1.5291629,-0.90191829,-0.20928019,0.37781641,0
2.8439105,1.1095567,-4.3462825,0.90191829,0.20928019,-0.37781641,0
-3.0844231,0.67267919,4.5877962,-0.90191829,-0.20928019,0.37781641,0
4.1333184,5.3052368,1.8520507,0.26232406,0.42950174,0.86412632,0
3.5522604,-2.1266084,4.347147,0.3431173,-0.87848175,0.33247623,0
-2.6198781,-4.7267418,-2.4491787,-0.26232406,-0.42950174,-0.86412632,0
0.74631333,-1.9504439,6.5784969,0.26232406,0.42950174,0.86412632,0
-6.3216705,0.60462952,-2.8480544,-0.90191829,-0.20928019,0.37781641,0
2.7944756,0.17308235,-5.3513036,0.90191829,0.20928019,-0.37781641,0
4.9142466,1.0596979,3.5638931,0.26232406,0.42950174,0.86412632,0
2.7513392,5.8640938,1.8300215,0.26232406,0.42950174,0.86412632,0
3.3928835,-2.985517,-5.2161779,0.90191829,0.20928019,-0.37781641,0
1.9167981,0.81880808,4.5670481,0.26232406,0.42950174,0.86412632,0
-5.2981791,0.96593785,-0.1463505,-0.90191829,-0.20928019,0.37781641,0
0.03420943,1.532125,-6.7377315,-0.26232406,-0.42950174,-0.86412632,0
-2.4970012,-5.7026649,-2.1385369,-0.26232406,-0.42950174,-0.86412632,0
3.6597631,-4.0416398,-0.91281462,0.3431173,-0.87848175,0.33247623,0
0.14636354,-0.51936531,5.8632498,0.26232406,0.42950174,0.86412632,0
1.1608453,-4.4535651,0.94275814,0.3431173,-0.87848175,0.33247623,0
-2.8444586,0.57165694,5.879611,-0.90191829,-0.20928019,0.37781641,0
-3.7595932,-2.3443239,2.0404706,-0.90191829,-0.20928019,0.37781641,0
4.5953121,0.84823108,-0.066952914,0.90191829,0.20928019,-0.37781641,0
3.696372,6.3819928,0.53065705,0.90191829,0.20928019,-0.37781641,0
1.2842429,4.7860951,-2.2162747,-0.3431173,0.87848175,-0.33247623,0
-0.053881645,6.053308,2.2827907,-0.3431173,0.87848175,-0.33247623,0
1.9491071,5.6957135,2.5279918,0.26232406,0.42950174,0.86412632,0
2.2875986,-0.70648885,5.4824619,0.26232406,0.42950174,0.86412632,0
1.5296435,-3.8101547,2.4362497,0.3431173,-0.87848175,0.33247623,0
-3.1152081,0.99969482,4.5557923,-0.90191829,-0.20928019,0.37781641,0
2.1830547,0.72494745,-6.4084506,0.90191829,0.20928019,-0.37781641,0
-4.0798635,-1.1788487,1.1616244,-0.90191829,-0.20928019,0.37781641,0
-3.0589688,1.5509498,-5.7186995,-0.26232406,-0.42950174,-0.86412632,0
-1.9542503,-3.0938714,5.1288881,-0.90191829,-0.20928019,0.37781641,0
5.5585566,-2.0090823,0.21486789,0.90191829,0.20928019,-0.37781641,0
1.5226744,-2.1038022,-5.2373133,-0.26232406,-0.42950174,-0.86412632,0
3.6304448,-1.897853,4.7561045,0.3431173,-0.87848175,0.33247623,0
-4.3556433,4.3772202,2.5816402,-0.3431173,0.87848175,-0.33247623,0
1.8622011,5.1308365,-1.7490431,-0.3431173,0.87848175,-0.33247623,0
-4.0148206,-1.4089983,1.2993329,-0.90191829,-0.20928019,0.37781641,0
-4.4130144,-0.38562751,1.537385,-0.90191829,-0.20928019,0.37781641,0
3.6057158,4.3710327,-1.0705557,0.90191829,0.20928019,-0.37781641,0
-3.0133529,-4.9345503,-2.4724588,-0.26232406,-0.42950174,-0.86412632,0
-1.5606849,-5.6408672,0.68255639,0.3431173,-0.87848175,0.33247623,0
-4.9597545,-3.4381845,-2.2390642,-0.90191829,-0.20928019,0.37781641,0
2.5261016,-4.8802443,-2.2454391,0.3431173,-0.87848175,0.33247623,0
1.6006501,-3.7843425,1.3478935,0.3431173,-0.87848175,0.33247623,0
4.7254648,4.5546455,1.518665,0.90191829,0.20928019,-0.37781641,0
-4.8245325,3.1467719,-0.80115914,-0.3431173,0.87848175,-0.33247623,0
3.0958374,3.9969072,2.9426088,0.26232406,0.42950174,0.86412632,0
1.2249938,4.3551111,-3.3474555,-0.3431173,0.87848175,-0.33247623,0
1.1514821,-4.4765253,0.25112617,0.3431173,-0.87848175,0.33247623,0
2.3639927,-5.012557,-2.2404103,0.3431173,-0.87848175,0.33247623,0
3.5770514,-4.7787342,-3.2011538,0.3431173,-0.87848175,0.33247623,0
-2.309056,3.6541195,-1.8646543,-0.3431173,0.87848175,-0.33247623,0
0.045898199,4.2938786,3.6799664,0.26232406,0.42950174,0.86412632,0
-5.1956272,-2.2637343,-1.9885689,-0.90191829,-0.20928019,0.37781641,0
-1.2340102,-5.07025,1.4254761,0.3431173,-0.87848175,0.33247623,0
-3.1471093,-1.1286938,-4.3890162,-0.26232406,-0.42950174,-0.86412632,0
3.5255828,-0.41069084,4.9657884,0.26232406,0.42950174,0.86412632,0
2.7372246,6.2674356,-0.16136467,-0.3431173,0.87848175,-0.33247623,0
-1.3814311,5.566668,3.055047,-0.3431173,0.87848175,-0.33247623,0
-3.2460895,4.8132315,3.0076194,-0.3431173,0.87848175,-0.33247623,0
0.10382295,-3.2226138,5.1752439,0.3431173,-0.87848175,0.33247623,0
-0.90382785,0.42783642,5.7230935,0.26232406,0.42950174,0.86412632,0
